*************************************************
******************* ORCA 6.0.0 ******************
*************************************************
$Calculation_Status
   &GeometryIndex 1
   &ListStatus       OUT
   &VERSION [&Type "String"] "6.0.0"
   &PROGNAME [&Type "String"] "LeanSCF"
   &STATUS [&Type "String"] "NORMAL TERMINATION"
$End
$Geometry
   &GeometryIndex 1
   &ListStatus       OUT
   &NATOMS [&Type "Integer"] 12
   &NCORELESSECP [&Type "Integer"] 0
   &NGHOSTATOMS [&Type "Integer"] 0
   &CartesianCoordinates [&Type "Coordinates", &Dim(12,4), &Units "Bohr"] 
              C     -0.272240490596   -2.281018314787    0.000226779608
              C     -2.891378355873   -2.165857100841    0.000131861310
              N     -4.205266759596   -0.000042503153   -0.000490037167
              C     -2.891433049461    2.165800528677    0.000073731067
              C     -0.272298318295    2.281003559049    0.000167626078
              C      1.058339881831    0.000005355862   -0.000840678686
              C      3.747378626095    0.000080846074   -0.000474373038
              N      5.938114096778    0.000117293789   -0.000353451541
              H      0.709787838759   -4.077617748187    0.000765388217
              H     -3.985609586202   -3.903981546440   -0.000262614863
              H     -3.985700561019    3.903897480650   -0.000343358514
              H      0.709705859416    4.077614107629    0.000666249027
$End
$SCF_Energy
   &GeometryIndex 1
   &ListStatus       OUT
   &SCF_ENERGY [&Type "Double"]      -3.4046105274744195e+02
$End
$DFT_Energy
   &GeometryIndex 1
   &ListStatus       OUT
   &NALPHAEL [&Type "Integer"] 27
   &NBETAEL [&Type "Integer"] 27
   &NTOTALEL [&Type "Integer"] 54
   &EEXCHANGE [&Type "Double"]      -4.5890887397980322e+01
   &ECORR [&Type "Double"]      -1.7510180427057072e+00
   &ECNL [&Type "Double"]       0.0000000000000000e+00
   &EXC [&Type "Double"]      -4.7641905440686031e+01
   &EEMBED [&Type "Double"]       0.0000000000000000e+00
   &FINALEN [&Type "Double"]      -3.4046105274744195e+02  "No Van der Waals correction"
$End
$Mulliken_Population_Analysis
   &GeometryIndex 1
   &ListStatus       OUT
   &NATOMS [&Type "Integer"] 12
   &ATNO [&Type "ArrayOfIntegers", &Dim (12,1)] 
                                                         0

0                                                        6
1                                                        6
2                                                        7
3                                                        6
4                                                        6
5                                                        6
6                                                        6
7                                                        7
8                                                        1
9                                                        1
10                                                       1
11                                                       1
   &ATOMICCHARGES [&Type "ArrayOfDoubles", &Dim (12,1)] 
                                                         0

0                                     -1.6222578455850289e-01
1                                      3.3977841711383405e-03
2                                     -2.4251401801713790e-01
3                                      3.3962399189588766e-03
4                                     -1.6222067076036595e-01
5                                      2.3072150615867582e-01
6                                     -1.4980542827664944e-01
7                                     -5.1288560308618614e-02
8                                      1.3897306527397457e-01
9                                      1.2629779812907727e-01
10                                     1.2629664314484135e-01
11                                     1.3897142512472649e-01
$End
$Loewdin_Population_Analysis
   &GeometryIndex 1
   &ListStatus       OUT
   &NATOMS [&Type "Integer"] 12
   &ATNO [&Type "ArrayOfIntegers", &Dim (12,1)] 
                                                         0

0                                                        6
1                                                        6
2                                                        7
3                                                        6
4                                                        6
5                                                        6
6                                                        6
7                                                        7
8                                                        1
9                                                        1
10                                                       1
11                                                       1
   &ATOMICCHARGES [&Type "ArrayOfDoubles", &Dim (12,1)] 
                                                         0

0                                     -8.3293298498408497e-02
1                                     -1.8482943407136521e-01
2                                      1.3766655200279931e-01
3                                     -1.8483108641007728e-01
4                                     -8.3292269347339243e-02
5                                     -1.4030970087312244e-01
6                                     -1.4367513813330568e-01
7                                      8.2000797579486751e-02
8                                      1.5803859881870930e-01
9                                      1.4224348849427038e-01
10                                     1.4224311556691727e-01
11                                     1.5803837487155670e-01
$End
$Mayer_Population_Analysis
   &GeometryIndex 1
   &ListStatus       OUT
   &NATOMS [&Type "Integer"] 12 "Total number of atoms"
   &BONDTHRESH [&Type "Double"]       1.0000000000000001e-01  "The threshold for printing"
   &NBONDORDERSPRINT [&Type "Integer"] 12 "The number of bond orders larger than threshold"
   &BONDORDERS [&Type "ArrayOfDoubles", &Dim (12,1)] "The bond orders"
                                                         0

0                                      1.4118785790377877e+00
1                                      1.3122969690757913e+00
2                                      9.6327665105549076e-01
3                                      1.4359439978302340e+00
4                                      9.7704521158481539e-01
5                                      1.4359452132841859e+00
6                                      1.4118766832243448e+00
7                                      9.7704763311000675e-01
8                                      1.3122842336005391e+00
9                                      9.6327967359663291e-01
10                                     9.3298643437841855e-01
11                                     2.9742728659472335e+00
   &COMPONENTS [&Type "ArrayOfIntegers", &Dim (12,4)] "The indices and atomic numbers of the bonding atoms"
                                                         0                           1                           2                           3

0                                                        0                           6                           1                           6
1                                                        0                           6                           5                           6
2                                                        0                           6                           8                           1
3                                                        1                           6                           2                           7
4                                                        1                           6                           9                           1
5                                                        2                           7                           3                           6
6                                                        3                           6                           4                           6
7                                                        3                           6                          10                           1
8                                                        4                           6                           5                           6
9                                                        4                           6                          11                           1
10                                                       5                           6                           6                           6
11                                                       6                           6                           7                           7
   &ATNO [&Type "ArrayOfIntegers", &Dim (12,1)] "Atomic number of the elements"
                                                         0

0                                                        6
1                                                        6
2                                                        7
3                                                        6
4                                                        6
5                                                        6
6                                                        6
7                                                        7
8                                                        1
9                                                        1
10                                                       1
11                                                       1
   &NA [&Type "ArrayOfDoubles", &Dim (12,1)] "Mulliken gross atomic population"
                                                         0

0                                      6.1622257845585029e+00
1                                      5.9966022158288652e+00
2                                      7.2425140180171352e+00
3                                      5.9966037600810287e+00
4                                      6.1622206707603775e+00
5                                      5.7692784938413224e+00
6                                      6.1498054282766592e+00
7                                      7.0512885603086364e+00
8                                      8.6102693472602465e-01
9                                      8.7370220187092351e-01
10                                     8.7370335685515921e-01
11                                     8.6102857487527351e-01
   &ZA [&Type "ArrayOfDoubles", &Dim (12,1)] "Total nuclear charge"
                                                         0

0                                      6.0000000000000000e+00
1                                      6.0000000000000000e+00
2                                      7.0000000000000000e+00
3                                      6.0000000000000000e+00
4                                      6.0000000000000000e+00
5                                      6.0000000000000000e+00
6                                      6.0000000000000000e+00
7                                      7.0000000000000000e+00
8                                      1.0000000000000000e+00
9                                      1.0000000000000000e+00
10                                     1.0000000000000000e+00
11                                     1.0000000000000000e+00
   &QA [&Type "ArrayOfDoubles", &Dim (12,1)] "Mulliken gross atomic charge"
                                                         0

0                                     -1.6222578455850289e-01
1                                      3.3977841711347878e-03
2                                     -2.4251401801713524e-01
3                                      3.3962399189713111e-03
4                                     -1.6222067076037749e-01
5                                      2.3072150615867759e-01
6                                     -1.4980542827665921e-01
7                                     -5.1288560308636377e-02
8                                      1.3897306527397535e-01
9                                      1.2629779812907649e-01
10                                     1.2629664314484079e-01
11                                     1.3897142512472649e-01
   &VA [&Type "ArrayOfDoubles", &Dim (12,1)] "Mayer's total valence"
                                                         0

0                                      3.8435372885274099e+00
1                                      3.9913035704413220e+00
2                                      3.0149037286863396e+00
3                                      3.9913083203559099e+00
4                                      3.8435174995098031e+00
5                                      3.6273085977297281e+00
6                                      3.9237992759335274e+00
7                                      3.1061095590501151e+00
8                                      9.7782512444987302e-01
9                                      9.8020311014171280e-01
10                                     9.8020418751757232e-01
11                                     9.7782629753662742e-01
   &BVA [&Type "ArrayOfDoubles", &Dim (12,1)] "Mayer's bonded valence"
                                                         0

0                                      3.8435372885271715e+00
1                                      3.9913035704413615e+00
2                                      3.0149037286863742e+00
3                                      3.9913083203559010e+00
4                                      3.8435174995097254e+00
5                                      3.6273085977295541e+00
6                                      3.9237992759335283e+00
7                                      3.1061095590503136e+00
8                                      9.7782512444979275e-01
9                                      9.8020311014175554e-01
10                                     9.8020418751758942e-01
11                                     9.7782629753662387e-01
   &FA [&Type "ArrayOfDoubles", &Dim (12,1)] "Mayer's free valence"
                                                         0

0                                      0.0000000000000000e+00
1                                      0.0000000000000000e+00
2                                      0.0000000000000000e+00
3                                      0.0000000000000000e+00
4                                      0.0000000000000000e+00
5                                      0.0000000000000000e+00
6                                      0.0000000000000000e+00
7                                      0.0000000000000000e+00
8                                      0.0000000000000000e+00
9                                      0.0000000000000000e+00
10                                     0.0000000000000000e+00
11                                     0.0000000000000000e+00
$End
$VdW_Correction
   &GeometryIndex 1
   &ListStatus       OUT
   &VDW [&Type "Double"]      -3.8769447470074483e-03
$End
$Calculation_Info
   &GeometryIndex 1
   &ListStatus       OUT
   &MULT [&Type "Integer"] 1
   &CHARGE [&Type "Integer"] 0
   &NUMOFATOMS [&Type "Integer"] 12
   &NUMOFELECTRONS [&Type "Integer"] 54
   &NUMOFFCELECTRONS [&Type "Integer"] 1
   &NUMOFCORRELECTRONS [&Type "Integer"] 0
   &NUMOFBASISFUNCTS [&Type "Integer"] 272
   &NUMOFAUXCBASISFUNCTS [&Type "Integer"] 0
   &NUMOFAUXJBASISFUNCTS [&Type "Integer"] 284
   &NUMOFAUXJKBASISFUNCTS [&Type "Integer"] 0
   &NUMOFCABSBASISFUNCTS [&Type "Integer"] 0
   &TOTALENERGY [&Type "Double"]      -3.4046016234298895e+02  "Hartrees"
$End
$SCF_Dipole_Moment
   &GeometryIndex 1
   &ListStatus       OUT
   &METHOD [&Type "String"] "SCF"
   &LEVEL [&Type "String"] "Relaxed density"
   &MULT [&Type "Integer"] 1
   &STATE [&Type "Integer"] -1
   &IRREP [&Type "Integer"] 0
   &NATOMS [&Type "Integer"] 12
   &DODIPOLEATOM [&Type "Boolean"] false
   &DIPOLEELECCONTRIB [&Type "ArrayOfDoubles", &Dim (3,1)] "Electronic contribution"
                                                         0

0                                      2.4080623002294010e+00
1                                      4.1394212650352341e-05
2                                     -5.6922040027664262e-04
   &DIPOLENUCCONTRIB [&Type "ArrayOfDoubles", &Dim (3,1)] "Nuclear contribution"
                                                         0

0                                     -3.2360338571222615e+00
1                                     -6.5091831898733687e-05
2                                      7.8184764496081079e-04
   &DIPOLETOTAL [&Type "ArrayOfDoubles", &Dim (3,1)] "Total"
                                                         0

0                                     -8.2797155689286051e-01
1                                     -2.3697619248381346e-05
2                                      2.1262724468416817e-04
   &DIPOLEMAGNITUDE [&Type "Double", &Units "a.u."]       8.2797158453385922e-01
$End
$THERMOCHEMISTRY_Energies
   &GeometryIndex 1
   &ListStatus       OUT
   &TEMPERATURE [&Type "Double"]       2.9814999999999998e+02
   &PRESSURE [&Type "Double"]       1.0000000000000000e+00
   &TOTALMASS [&Type "Double"]       1.0411199999999999e+02
   &SPINDEGENERACY [&Type "Integer"] 1
   &ELENERGY [&Type "Double"]      -3.4046016234298895e+02
   &TRANSENERGY [&Type "Double"]       1.4162714244859817e-03
   &ROTENERGY [&Type "Double"]       1.4162714244859817e-03
   &VIBENERGY [&Type "Double"]       3.1823397476222152e-03
   &NUMOFFREQS [&Type "Integer"] 36
   &FREQSCALINGFACTOR [&Type "Double"]       1.0000000000000000e+00
   &FREQ [&Type "ArrayOfDoubles", &Dim (36,1)] "In cm^-1"
                                                         0

0                                      0.0000000000000000e+00
1                                      0.0000000000000000e+00
2                                      0.0000000000000000e+00
3                                      0.0000000000000000e+00
4                                      0.0000000000000000e+00
5                                      0.0000000000000000e+00
6                                      1.4708099115987685e+02
7                                      1.7168096939206882e+02
8                                      3.6598408385468991e+02
9                                      3.8807235975506870e+02
10                                     4.6082436080914636e+02
11                                     5.6590109050655406e+02
12                                     5.7447036381372027e+02
13                                     6.8768825458579545e+02
14                                     7.5870082370766102e+02
15                                     7.8604462139959833e+02
16                                     8.2889525726606598e+02
17                                     8.8008310833183089e+02
18                                     9.7876720331591798e+02
19                                     9.9682530171805513e+02
20                                     1.0041204002811330e+03
21                                     1.0872051698153359e+03
22                                     1.1081924461451879e+03
23                                     1.2236765281556275e+03
24                                     1.2432071634663878e+03
25                                     1.2691395739441471e+03
26                                     1.3471721108221636e+03
27                                     1.4373974892862846e+03
28                                     1.5095713551767051e+03
29                                     1.5707625469364216e+03
30                                     1.6212953469647991e+03
31                                     2.2911111418888731e+03
32                                     3.1552808657541914e+03
33                                     3.1579423534751522e+03
34                                     3.1984080492373141e+03
35                                     3.1990590958808930e+03
   &ZPE [&Type "Double"]       8.6603541015537702e-02
   &INNERENERGYU [&Type "Double"]      -3.4036754391937677e+02
   &ENTHALPYH [&Type "Double"]      -3.4036659971033453e+02
   &QEL [&Type "Double"]       0.0000000000000000e+00
   &QROT [&Type "Double"]       1.3174163164463166e-02
   &QVIB [&Type "Double"]       5.0656825649563310e-03
   &QTRANS [&Type "Double"]       1.8928313689545638e-02
   &ENTROPYS [&Type "Double"]       3.7168159418965140e-02
   &FREEENERGYG [&Type "Double"]      -3.4040376786975349e+02
   &ISLINEAR [&Type "Boolean"] false
$End
$Hessian
   &GeometryIndex 1
   &ListStatus       OUT
   &HESSIAN [&Type "ArrayOfDoubles", &Dim (36,36)] "The Hessian"
                                                         0                           1                           2                           3                           4                           5                           6                           7

0                                      6.7908652951619830e-01        -4.5175037420161927e-02        -1.6876821426077886e-05        -3.2610887180615411e-01        -3.6222937069971310e-02        -1.0471482839541124e-05        -3.0129273189314805e-02         9.7602342632213637e-02
1                                     -4.5175037420161927e-02         7.2449806393322447e-01        -1.8719226523654679e-04         3.0259054395314840e-02        -1.3441964156030112e-01         3.5803282488139701e-06         3.7180214494273743e-02         2.4252741748957325e-02
2                                     -1.6876821426077886e-05        -1.8719226523654679e-04         1.2785518723841335e-01         6.5474559181277241e-06        -5.9447696160543941e-07        -6.9231457996346474e-02        -2.7726182961596308e-05         2.1253646420911131e-06
3                                     -3.2610887180615411e-01         3.0259054395314840e-02         6.5474559181277241e-06         6.7827971969906697e-01         6.3246485962303090e-02         7.1329613413468628e-05        -1.7638226965695547e-01         7.0477242883967728e-02
4                                     -3.6222937069971310e-02        -1.3441964156030112e-01        -5.9447696160543941e-07         6.3246485962303090e-02         7.1307212152219590e-01        -1.1003874965506721e-05         9.6593689113877834e-02        -2.6429143146727552e-01
5                                     -1.0471482839541124e-05         3.5803282488139701e-06        -6.9231457996346474e-02         7.1329613413468628e-05        -1.1003874965506721e-05         1.5674278245545734e-01        -5.5089467526274477e-05         5.3147732167306192e-05
6                                     -3.0129273189314805e-02         3.7180214494273743e-02        -2.7726182961596308e-05        -1.7638226965695547e-01         9.6593689113877834e-02        -5.5089467526274477e-05         3.9295423059648404e-01         8.6759361559427851e-07
7                                      9.7602342632213637e-02         2.4252741748957325e-02         2.1253646420911131e-06         7.0477242883967728e-02        -2.6429143146727552e-01         5.3147732167306192e-05         8.6759361559427851e-07         6.1942492766906798e-01
8                                     -1.2827925405633870e-05         6.7425674865998777e-06         2.4667987160130109e-02        -5.7886500700077402e-05         6.9327355267619463e-05        -6.6962375373137498e-02         1.3727191939713723e-04        -6.8491498410939191e-06
9                                     -5.3374427150623363e-02        -2.3051116558689137e-02         1.7539967150559481e-05         5.8685765781542526e-02        -2.3458516633878195e-02         2.3036106282461721e-05        -1.7637965773486713e-01        -7.0478221377503883e-02
10                                    -3.7822650180702189e-02        -1.4838974383955292e-02         1.2395760135690051e-05         2.3461755772091253e-02        -9.5517734400865625e-02         1.0718431453807280e-05        -9.6594543683039616e-02        -2.6430055439807232e-01
11                                    -8.3843426090212718e-06        -2.5627796672283286e-06        -1.1070124217540799e-02         2.2488271605645939e-05        -8.2469959287526299e-06         2.3356961943174770e-03        -5.2370176941332207e-05        -4.8176103361847795e-05
12                                     6.3977401792782052e-02         1.7457589008308558e-02         2.6652139548106630e-06        -5.3375878982220168e-02         3.7821682937786184e-02        -9.2366098415848096e-06        -3.0126849891356364e-02        -9.7604070127347398e-02
13                                    -1.7455093055914639e-02        -5.5547200581245161e-02        -1.5003432919675327e-05         2.3050183325007922e-02        -1.4838180204087959e-02         2.6830466443649024e-06        -3.7182235121660745e-02         2.4249506917491559e-02
14                                     3.0654892357171868e-06         1.6443709369431947e-05         8.6810325757581824e-03         1.6872496174677812e-05        -1.2127233171912037e-05        -1.1069928965182286e-02        -2.6604196480399091e-05        -2.0553779833016319e-06
15                                    -1.5945621317836470e-01        -1.0210436343475834e-01         5.2742164593822849e-05        -3.3647207552518425e-02        -3.0474036536806422e-02         1.0493518692423386e-05         7.4894641302964936e-03         9.3239964402545667e-07
16                                    -5.6522216067195617e-02        -2.7467035934179901e-01         1.1247669290092423e-04        -7.4791391756493464e-02         3.7282839119845153e-02        -2.9316379804955208e-06         1.1204005374410425e-06        -7.4782267531543642e-02
17                                     5.5296093979786742e-05         9.7618524115657097e-05        -6.3558811802024606e-02         3.2858102430447157e-06        -7.5167731998575476e-06         9.0844102824799780e-03        -8.2525285800557815e-06         7.4392334005634892e-07
18                                    -4.1346914907601728e-02        -1.8872461036129856e-02        -4.7383569168637545e-06         5.9091269198606388e-03        -6.4304828570405604e-03        -1.9581425336882896e-06        -2.1822584134178757e-03         1.6161373192307976e-07
19                                    -3.1659464270627782e-02         7.3307587947997570e-03        -3.4555645960627011e-06        -4.4567946737899449e-03        -5.8077335725114131e-03         2.6717775456846954e-06        -8.1058772754592064e-08        -2.1580083279020244e-03
20                                     1.5549569708955873e-05         1.5384235546292515e-06         3.5999536698992952e-03        -2.0499153159222836e-06         1.1611923783038726e-05         1.0161766557399369e-02        -1.5902011302536204e-06        -7.5913848111417806e-08
21                                     4.8729420916634771e-03         9.1968121193270157e-03        -2.4150829523595705e-06        -2.0604372607484654e-03         2.6215483241591464e-04        -1.8161575425763263e-06         1.2050330550432004e-03        -5.5266571157880741e-08
22                                     2.6249930196784836e-03        -2.4445156307858259e-03         1.3043654054659864e-06         9.0471033778173344e-04         1.1378321981780886e-03        -4.0554995646384469e-07        -3.9522051162490620e-09         8.0977854888129885e-04
23                                    -1.8424141637909163e-06         1.6532240454573965e-06         1.1635699432663035e-03         2.3926887229354508e-06        -3.7307607236672119e-06        -1.8611187746931906e-03        -1.7530009405414129e-06         1.6414691252569901e-08
24                                    -1.2378407729243339e-01         1.2015400944221312e-01        -3.1088500988069590e-05        -5.8042645281752188e-03         2.9715846247554370e-02        -5.3978682940578761e-06        -7.3201575582696656e-03         7.4736121362406222e-04
25                                     1.1816782365179471e-01        -2.7602010841804592e-01         7.5871873227632841e-05        -1.9226433442794469e-03         3.3016490327112012e-03         7.7724256464074292e-07        -8.1160331682332250e-05         1.7998308522075776e-03
26                                    -2.9964200586592088e-05         7.1833424680584957e-05        -3.5396837273568148e-02         4.3841447768883968e-06        -3.6700984781424612e-06         1.6021512153383240e-03        -2.7230470236646727e-06        -1.5163528232035025e-06
27                                    -1.2394824410568488e-02        -2.7264034282643349e-02        -3.7804449870465856e-06        -1.4452157460232551e-01        -1.2827826325126163e-01        -3.4092037562585642e-05         1.4095824017989403e-02         1.8384203196872360e-02
28                                     2.0984818509782385e-03         4.3006435136306561e-03        -2.1494201550882529e-06        -1.2830490253784449e-01        -2.3832890726995082e-01        -3.6477917341632821e-05        -7.2572101858831284e-03        -3.3402036552333141e-02
29                                     1.6741753304737434e-05         4.4162097019722648e-06         6.8670272158721478e-03        -5.2349824218756813e-05        -4.6303198601354119e-05        -4.1458446815520827e-02         8.5238712571898371e-06         4.5713000438127942e-06
30                                    -2.6330377912154793e-04        -1.1990672320385844e-03        -1.4505090512646409e-06         4.0071250937334700e-04        -4.8068721567807943e-03        -4.8563339735922978e-06         1.4096200891288629e-02        -1.8383149505367645e-02
31                                    -2.7732939215113924e-04        -8.2578572589887649e-05        -3.1020170787882502e-07        -2.8321285098500421e-03        -2.1456495312802415e-03        -1.6016941866312557e-06         7.2583691372873835e-03        -3.3402286354140720e-02
32                                    -6.1688086079313107e-06        -2.4668912375781219e-06        -1.0234477712284203e-03         1.5658782092534276e-06        -6.1698263251006736e-06         1.1043335682613438e-02         8.3118945378539489e-06        -3.7087988048581573e-06
33                                    -1.0789676864617127e-03         3.5486971814854018e-03         6.2526055506738627e-08        -1.3748205207462596e-03         2.2138025593823850e-03        -1.4290684455445103e-06        -7.3202862469204993e-03        -7.4762488671352781e-04
34                                     4.5107896255580406e-03        -2.3588295018900276e-03        -6.1012717427800527e-06         7.2587499820994173e-04         5.5483613334242647e-04        -1.5375395236225730e-06         8.0983223485985110e-05         1.7997988946616876e-03
35                                     4.4016610198421065e-06        -9.7189805396040025e-07         7.4459212573690734e-03         2.9078113418060178e-06        -1.1963853650244151e-06        -3.8681446272562417e-04        -2.5472737549990826e-06         1.6659537604810387e-06
                                                         8                           9                          10                          11                          12                          13                          14                          15

0                                     -1.2827925405633870e-05        -5.3374427150623363e-02        -3.7822650180702189e-02        -8.3843426090212718e-06         6.3977401792782052e-02        -1.7455093055914639e-02         3.0654892357171868e-06        -1.5945621317836470e-01
1                                      6.7425674865998777e-06        -2.3051116558689137e-02        -1.4838974383955292e-02        -2.5627796672283286e-06         1.7457589008308558e-02        -5.5547200581245161e-02         1.6443709369431947e-05        -1.0210436343475834e-01
2                                      2.4667987160130109e-02         1.7539967150559481e-05         1.2395760135690051e-05        -1.1070124217540799e-02         2.6652139548106630e-06        -1.5003432919675327e-05         8.6810325757581824e-03         5.2742164593822849e-05
3                                     -5.7886500700077402e-05         5.8685765781542526e-02         2.3461755772091253e-02         2.2488271605645939e-05        -5.3375878982220168e-02         2.3050183325007922e-02         1.6872496174677812e-05        -3.3647207552518425e-02
4                                      6.9327355267619463e-05        -2.3458516633878195e-02        -9.5517734400865625e-02        -8.2469959287526299e-06         3.7821682937786184e-02        -1.4838180204087959e-02        -1.2127233171912037e-05        -3.0474036536806422e-02
5                                     -6.6962375373137498e-02         2.3036106282461721e-05         1.0718431453807280e-05         2.3356961943174770e-03        -9.2366098415848096e-06         2.6830466443649024e-06        -1.1069928965182286e-02         1.0493518692423386e-05
6                                      1.3727191939713723e-04        -1.7637965773486713e-01        -9.6594543683039616e-02        -5.2370176941332207e-05        -3.0126849891356364e-02        -3.7182235121660745e-02        -2.6604196480399091e-05         7.4894641302964936e-03
7                                     -6.8491498410939191e-06        -7.0478221377503883e-02        -2.6430055439807232e-01        -4.8176103361847795e-05        -9.7604070127347398e-02         2.4249506917491559e-02        -2.0553779833016319e-06         9.3239964402545667e-07
8                                      9.3747557304753731e-02        -5.5633003325169324e-05        -6.4033090562818490e-05        -6.6961574332532109e-02        -1.0326603769553856e-05        -6.6975256955702221e-06         2.4668199806452844e-02         1.0089306358083722e-05
9                                     -5.5633003325169324e-05         6.7828568144828194e-01        -6.3247896332453618e-02         7.1207702477703419e-05        -3.2611058579841479e-01        -3.0261212087988008e-02         7.0050603899186363e-06        -3.3648730258443602e-02
10                                    -6.4033090562818490e-05        -6.3247896332453618e-02         7.1307709446616108e-01        -5.1931943986834869e-07         3.6220421416205212e-02        -1.3441976660721361e-01         1.8559956612498941e-06         3.0472320620334371e-02
11                                    -6.6961574332532109e-02         7.1207702477703419e-05        -5.1931943986834869e-07         1.5674200218134840e-01        -1.1042244810702669e-05        -2.2355411462802527e-06        -6.9231908623610991e-02         9.9238524491087884e-06
12                                    -1.0326603769553856e-05        -3.2611058579841479e-01         3.6220421416205212e-02        -1.1042244810702669e-05         6.7908988568361628e-01         4.5178486256139301e-02        -1.7879500522670446e-05        -1.5945924159994118e-01
13                                    -6.6975256955702221e-06        -3.0261212087988008e-02        -1.3441976660721361e-01        -2.2355411462802527e-06         4.5178486256139301e-02         7.2449276991455158e-01         1.7301118675320265e-04         1.0210345603943066e-01
14                                     2.4668199806452844e-02         7.0050603899186363e-06         1.8559956612498941e-06        -6.9231908623610991e-02        -1.7879500522670446e-05         1.7301118675320265e-04         1.2785576020578054e-01         4.9718380809504563e-05
15                                     1.0089306358083722e-05        -3.3648730258443602e-02         3.0472320620334371e-02         9.9238524491087884e-06        -1.5945924159994118e-01         1.0210345603943066e-01         4.9718380809504563e-05         6.7773787919974171e-01
16                                     6.7606709634496025e-07         7.4789131492389901e-02         3.7285214037723301e-02         2.3277434187722000e-06         5.6521085080128562e-02        -2.7465956329582553e-01        -1.0708796043137752e-04         8.5513890043763252e-06
17                                    -1.1692370675428160e-02         1.1622651451569052e-06         6.8220695286422279e-06         9.0842757678856068e-03         5.3783931846287833e-05        -9.2054503624333531e-05        -6.3560070581258454e-02        -6.6473966173980772e-05
18                                    -2.6668247215047027e-06         5.9083291530671114e-03         6.4303753542754114e-03        -2.1521820800178950e-06        -4.1348876960180442e-02         1.8872059626504137e-02        -4.8511699066199537e-06        -2.8320067729114867e-01
19                                    -3.1547799144562886e-08         4.4573544369360639e-03        -5.8073490045235333e-03        -2.2670882718042258e-06         3.1658741135856108e-02         7.3320118491162966e-03         3.3962147056015129e-06        -6.0097727016985680e-06
20                                    -5.8407185009618761e-03        -2.0552733960096868e-06        -1.1151723510641925e-05         1.0162009997699400e-02         1.4624996342154155e-05        -1.5715349484483695e-06         3.6004254749245432e-03        -4.3264494727985430e-05
21                                     4.7998186135432893e-06        -2.0602295528702177e-03        -2.6208262179040450e-04        -1.7670594680636811e-06         4.8727162255865365e-03        -9.1967347204325780e-03        -2.2510986940908545e-06        -2.5872476233158387e-02
22                                     1.2794800339880760e-08        -9.0477133775695930e-04         1.1378749320528432e-03         3.3489587468481113e-07        -2.6249002344678118e-03        -2.4449812806739669e-03        -1.2140920492714480e-06        -1.0124806476772997e-06
23                                     1.1765051196659338e-03         2.4284468528603606e-06         3.6528843541113082e-06        -1.8611732810252936e-03        -1.7837138838467892e-06        -1.5672437230110454e-06         1.1635766351180336e-03         2.3687885871990624e-06
24                                     2.5970076454989130e-07        -1.3747576994050329e-03        -2.2137892609708160e-03        -1.3796675598610508e-06        -1.0787985408745925e-03        -3.5487069651769206e-03         1.6431748396214590e-07         1.0717459405447757e-02
25                                     1.7318957442536992e-06        -7.2590388104566814e-04         5.5473022061267377e-04         1.5204766740822748e-06        -4.5107589879610083e-03        -2.3589006371949883e-03         6.3470354925349157e-06         1.4443288375811675e-02
26                                     7.7463585779948933e-03         2.8928580553362694e-06         1.1607011619138406e-06        -3.8683525298071405e-04         4.6720460892218906e-06         1.1799532251354014e-06         7.4460046905020340e-03        -8.8292988827796433e-06
27                                     5.4644015591162663e-06         4.0052124033075056e-04         4.8069126139646456e-03        -5.0416322706673388e-06        -2.6333453772376655e-04         1.1990763207154029e-03        -1.4511191526933062e-06        -5.6888298400013717e-03
28                                    -2.7043755970677908e-07         2.8322034815048869e-03        -2.1455075707085963e-03         1.8183002122095606e-06         2.7735344324517368e-04        -8.2508603345393845e-05         3.1868095564526426e-07         1.0811050478452483e-03
29                                    -4.1480079230987472e-03         1.3545261713025268e-06         6.5354782447007163e-06         1.1043426023265072e-02        -6.0966521638451684e-06         2.4238697581843605e-06        -1.0234710593527872e-03         7.7206402838149278e-08
30                                     5.7030222900949986e-06        -1.4452831095025329e-01         1.2828256126483609e-01        -3.5865822089239751e-05        -1.2395115203669076e-02         2.7263665573838979e-02        -4.2225823175737964e-06        -5.6887073547412896e-03
