*************************************************
******************* ORCA 6.0.0 ******************
*************************************************
$Calculation_Status
   &GeometryIndex 1
   &ListStatus       OUT
   &VERSION [&Type "String"] "6.0.0"
   &PROGNAME [&Type "String"] "LeanSCF"
   &STATUS [&Type "String"] "NORMAL TERMINATION"
$End
$Geometry
   &GeometryIndex 1
   &ListStatus       OUT
   &NATOMS [&Type "Integer"] 12
   &NCORELESSECP [&Type "Integer"] 0
   &NGHOSTATOMS [&Type "Integer"] 0
   &CartesianCoordinates [&Type "Coordinates", &Dim(12,4), &Units "Bohr"] 
              C     -0.273866682138   -2.274177217243   -0.000019169571
              C     -2.896646904209   -2.158828799657    0.000092068402
              N     -4.208202837106   -0.000042264103    0.000117326482
              C     -2.896890478569    2.158880254254    0.000034235601
              C     -0.274137407327    2.274539632889   -0.000058751586
              C      1.069438964724    0.000276113177   -0.000125608773
              C      3.763320323635    0.000865887065   -0.000990567416
              N      5.950066573757   -0.001691479690    0.001128009088
              H      0.710273472487   -4.070170341839   -0.000105538559
              H     -3.999094414891   -3.894759550248    0.000094745766
              H     -3.999481364285    3.894710230097    0.000029965387
              H      0.709836610512    4.070623730414   -0.000169594039
$End
$SCF_Energy
   &GeometryIndex 1
   &ListStatus       OUT
   &SCF_ENERGY [&Type "Double"]      -3.4046119518043298e+02
$End
$DFT_Energy
   &GeometryIndex 1
   &ListStatus       OUT
   &NALPHAEL [&Type "Integer"] 27
   &NBETAEL [&Type "Integer"] 27
   &NTOTALEL [&Type "Integer"] 54
   &EEXCHANGE [&Type "Double"]      -4.5892701101280544e+01
   &ECORR [&Type "Double"]      -1.7510470449734092e+00
   &ECNL [&Type "Double"]       0.0000000000000000e+00
   &EXC [&Type "Double"]      -4.7643748146253955e+01
   &EEMBED [&Type "Double"]       0.0000000000000000e+00
   &FINALEN [&Type "Double"]      -3.4046119518043298e+02  "No Van der Waals correction"
$End
$Mulliken_Population_Analysis
   &GeometryIndex 1
   &ListStatus       OUT
   &NATOMS [&Type "Integer"] 12
   &ATNO [&Type "ArrayOfIntegers", &Dim (12,1)] 
                                                         0

0                                                        6
1                                                        6
2                                                        7
3                                                        6
4                                                        6
5                                                        6
6                                                        6
7                                                        7
8                                                        1
9                                                        1
10                                                       1
11                                                       1
   &ATOMICCHARGES [&Type "ArrayOfDoubles", &Dim (12,1)] 
                                                         0

0                                     -1.6129760236422808e-01
1                                      2.9228720302247879e-03
2                                     -2.4098730383826883e-01
3                                      2.8605117029458782e-03
4                                     -1.6120484320994599e-01
5                                      2.2874590268200823e-01
6                                     -1.5372944587184190e-01
7                                     -4.7057180954913846e-02
8                                      1.3856808604717130e-01
9                                      1.2631530199772056e-01
10                                     1.2630205761263091e-01
11                                     1.3856164416658223e-01
$End
$Loewdin_Population_Analysis
   &GeometryIndex 1
   &ListStatus       OUT
   &NATOMS [&Type "Integer"] 12
   &ATNO [&Type "ArrayOfIntegers", &Dim (12,1)] 
                                                         0

0                                                        6
1                                                        6
2                                                        7
3                                                        6
4                                                        6
5                                                        6
6                                                        6
7                                                        7
8                                                        1
9                                                        1
10                                                       1
11                                                       1
   &ATOMICCHARGES [&Type "ArrayOfDoubles", &Dim (12,1)] 
                                                         0

0                                     -8.3184841198671755e-02
1                                     -1.8632994173202899e-01
2                                      1.3911835292057706e-01
3                                     -1.8633732858410923e-01
4                                     -8.3226492149210074e-02
5                                     -1.4004363914039608e-01
6                                     -1.4389004549165385e-01
7                                      8.3221125700918996e-02
8                                      1.5778601015923843e-01
9                                      1.4255627023762785e-01
10                                     1.4255071298616517e-01
11                                     1.5777981629160609e-01
$End
$Mayer_Population_Analysis
   &GeometryIndex 1
   &ListStatus       OUT
   &NATOMS [&Type "Integer"] 12 "Total number of atoms"
   &BONDTHRESH [&Type "Double"]       1.0000000000000001e-01  "The threshold for printing"
   &NBONDORDERSPRINT [&Type "Integer"] 12 "The number of bond orders larger than threshold"
   &BONDORDERS [&Type "ArrayOfDoubles", &Dim (12,1)] "The bond orders"
                                                         0

0                                      1.4100467249301869e+00
1                                      1.3135693620173026e+00
2                                      9.6350736872160458e-01
3                                      1.4376036978415487e+00
4                                      9.7677372251209127e-01
5                                      1.4376580892064754e+00
6                                      1.4100026473117551e+00
7                                      9.7679553829311272e-01
8                                      1.3134360463635502e+00
9                                      9.6351354448667315e-01
10                                     9.3310970827530171e-01
11                                     2.9756596649741986e+00
   &COMPONENTS [&Type "ArrayOfIntegers", &Dim (12,4)] "The indices and atomic numbers of the bonding atoms"
                                                         0                           1                           2                           3

0                                                        0                           6                           1                           6
1                                                        0                           6                           5                           6
2                                                        0                           6                           8                           1
3                                                        1                           6                           2                           7
4                                                        1                           6                           9                           1
5                                                        2                           7                           3                           6
6                                                        3                           6                           4                           6
7                                                        3                           6                          10                           1
8                                                        4                           6                           5                           6
9                                                        4                           6                          11                           1
10                                                       5                           6                           6                           6
11                                                       6                           6                           7                           7
   &ATNO [&Type "ArrayOfIntegers", &Dim (12,1)] "Atomic number of the elements"
                                                         0

0                                                        6
1                                                        6
2                                                        7
3                                                        6
4                                                        6
5                                                        6
6                                                        6
7                                                        7
8                                                        1
9                                                        1
10                                                       1
11                                                       1
   &NA [&Type "ArrayOfDoubles", &Dim (12,1)] "Mulliken gross atomic population"
                                                         0

0                                      6.1612976023642245e+00
1                                      5.9970771279698063e+00
2                                      7.2409873038382706e+00
3                                      5.9971394882970683e+00
4                                      6.1612048432099549e+00
5                                      5.7712540973180015e+00
6                                      6.1537294458718312e+00
7                                      7.0470571809549032e+00
8                                      8.6143191395282959e-01
9                                      8.7368469800227866e-01
10                                     8.7369794238736787e-01
11                                     8.6143835583342043e-01
   &ZA [&Type "ArrayOfDoubles", &Dim (12,1)] "Total nuclear charge"
                                                         0

0                                      6.0000000000000000e+00
1                                      6.0000000000000000e+00
2                                      7.0000000000000000e+00
3                                      6.0000000000000000e+00
4                                      6.0000000000000000e+00
5                                      6.0000000000000000e+00
6                                      6.0000000000000000e+00
7                                      7.0000000000000000e+00
8                                      1.0000000000000000e+00
9                                      1.0000000000000000e+00
10                                     1.0000000000000000e+00
11                                     1.0000000000000000e+00
   &QA [&Type "ArrayOfDoubles", &Dim (12,1)] "Mulliken gross atomic charge"
                                                         0

0                                     -1.6129760236422452e-01
1                                      2.9228720301937017e-03
2                                     -2.4098730383827061e-01
3                                      2.8605117029316673e-03
4                                     -1.6120484320995487e-01
5                                      2.2874590268199846e-01
6                                     -1.5372944587183124e-01
7                                     -4.7057180954903188e-02
8                                      1.3856808604717041e-01
9                                      1.2631530199772134e-01
10                                     1.2630205761263213e-01
11                                     1.3856164416657957e-01
   &VA [&Type "ArrayOfDoubles", &Dim (12,1)] "Mayer's total valence"
                                                         0

0                                      3.8413158421125266e+00
1                                      3.9919484484345400e+00
2                                      3.0165363313055762e+00
3                                      3.9920137998442025e+00
4                                      3.8411463769291929e+00
5                                      3.6327810208994351e+00
6                                      3.9260223180321696e+00
7                                      3.1070502868535521e+00
8                                      9.7757149107200569e-01
9                                      9.7991085853497029e-01
10                                     9.7991497330093369e-01
11                                     9.7755491162130415e-01
   &BVA [&Type "ArrayOfDoubles", &Dim (12,1)] "Mayer's bonded valence"
                                                         0

0                                      3.8413158421124973e+00
1                                      3.9919484484345578e+00
2                                      3.0165363313055304e+00
3                                      3.9920137998440248e+00
4                                      3.8411463769292884e+00
5                                      3.6327810208993960e+00
6                                      3.9260223180321323e+00
7                                      3.1070502868534295e+00
8                                      9.7757149107199226e-01
9                                      9.7991085853502269e-01
10                                     9.7991497330091382e-01
11                                     9.7755491162134611e-01
   &FA [&Type "ArrayOfDoubles", &Dim (12,1)] "Mayer's free valence"
                                                         0

0                                      0.0000000000000000e+00
1                                      0.0000000000000000e+00
2                                      0.0000000000000000e+00
3                                      0.0000000000000000e+00
4                                      0.0000000000000000e+00
5                                      0.0000000000000000e+00
6                                      0.0000000000000000e+00
7                                      0.0000000000000000e+00
8                                      0.0000000000000000e+00
9                                      0.0000000000000000e+00
10                                     0.0000000000000000e+00
11                                     0.0000000000000000e+00
$End
$VdW_Correction
   &GeometryIndex 1
   &ListStatus       OUT
   &VDW [&Type "Double"]      -3.8748645133148130e-03
$End
$Calculation_Info
   &GeometryIndex 1
   &ListStatus       OUT
   &MULT [&Type "Integer"] 1
   &CHARGE [&Type "Integer"] 0
   &NUMOFATOMS [&Type "Integer"] 12
   &NUMOFELECTRONS [&Type "Integer"] 54
   &NUMOFFCELECTRONS [&Type "Integer"] 1
   &NUMOFCORRELECTRONS [&Type "Integer"] 0
   &NUMOFBASISFUNCTS [&Type "Integer"] 272
   &NUMOFAUXCBASISFUNCTS [&Type "Integer"] 0
   &NUMOFAUXJBASISFUNCTS [&Type "Integer"] 284
   &NUMOFAUXJKBASISFUNCTS [&Type "Integer"] 0
   &NUMOFCABSBASISFUNCTS [&Type "Integer"] 0
   &TOTALENERGY [&Type "Double"]      -3.4046029067914628e+02  "Hartrees"
$End
$SCF_Dipole_Moment
   &GeometryIndex 1
   &ListStatus       OUT
   &METHOD [&Type "String"] "SCF"
   &LEVEL [&Type "String"] "Relaxed density"
   &MULT [&Type "Integer"] 1
   &STATE [&Type "Integer"] -1
   &IRREP [&Type "Integer"] 0
   &NATOMS [&Type "Integer"] 12
   &DODIPOLEATOM [&Type "Boolean"] false
   &DIPOLEELECCONTRIB [&Type "ArrayOfDoubles", &Dim (3,1)] "Electronic contribution"
                                                         0

0                                      2.4265951179460461e+00
1                                      2.8865583735324107e-04
2                                     -3.5546574725122760e-04
   &DIPOLENUCCONTRIB [&Type "ArrayOfDoubles", &Dim (3,1)] "Nuclear contribution"
                                                         0

0                                     -3.2540924805242302e+00
1                                      2.9483163992516381e-04
2                                     -1.5649468579669010e-04
   &DIPOLETOTAL [&Type "ArrayOfDoubles", &Dim (3,1)] "Total"
                                                         0

0                                     -8.2749736257818407e-01
1                                      5.8348747727840489e-04
2                                     -5.1196043304791773e-04
   &DIPOLEMAGNITUDE [&Type "Double", &Units "a.u."]       8.2749772666453403e-01
$End
$THERMOCHEMISTRY_Energies
   &GeometryIndex 1
   &ListStatus       OUT
   &TEMPERATURE [&Type "Double"]       2.9814999999999998e+02
   &PRESSURE [&Type "Double"]       1.0000000000000000e+00
   &TOTALMASS [&Type "Double"]       1.0411199999999999e+02
   &SPINDEGENERACY [&Type "Integer"] 1
   &ELENERGY [&Type "Double"]      -3.4046029067914628e+02
   &TRANSENERGY [&Type "Double"]       1.4162714244859817e-03
   &ROTENERGY [&Type "Double"]       1.4162714244859817e-03
   &VIBENERGY [&Type "Double"]       3.2085278727878030e-03
   &NUMOFFREQS [&Type "Integer"] 36
   &FREQSCALINGFACTOR [&Type "Double"]       1.0000000000000000e+00
   &FREQ [&Type "ArrayOfDoubles", &Dim (36,1)] "In cm^-1"
                                                         0

0                                      0.0000000000000000e+00
1                                      0.0000000000000000e+00
2                                      0.0000000000000000e+00
3                                      0.0000000000000000e+00
4                                      0.0000000000000000e+00
5                                      0.0000000000000000e+00
6                                      1.4311850083440345e+02
7                                      1.6256340579236260e+02
8                                      3.6920086256672874e+02
9                                      3.8176660964345098e+02
10                                     4.5966899949817764e+02
11                                     5.6189340756993590e+02
12                                     5.7310397872439637e+02
13                                     6.8774655335471073e+02
14                                     7.5803227228412686e+02
15                                     7.8398730641977852e+02
16                                     8.3320866563942764e+02
17                                     8.8302559567845663e+02
18                                     9.8163198611048779e+02
19                                     1.0000438459675538e+03
20                                     1.0073573940834220e+03
21                                     1.0922350190392490e+03
22                                     1.1059443542195520e+03
23                                     1.2233258392996265e+03
24                                     1.2443671766649420e+03
25                                     1.2772602739720458e+03
26                                     1.3493790648737581e+03
27                                     1.4385733418242519e+03
28                                     1.5136451790141577e+03
29                                     1.5746504936198839e+03
30                                     1.6194224453059810e+03
31                                     2.3037738638345249e+03
32                                     3.1429170687326000e+03
33                                     3.1457622948832582e+03
34                                     3.1955122840822692e+03
35                                     3.1959712427049676e+03
   &ZPE [&Type "Double"]       8.6591076931234190e-02
   &INNERENERGYU [&Type "Double"]      -3.4036765853149325e+02
   &ENTHALPYH [&Type "Double"]      -3.4036671432245100e+02
   &QEL [&Type "Double"]       0.0000000000000000e+00
   &QROT [&Type "Double"]       1.3174599877469835e-02
   &QVIB [&Type "Double"]       5.1389967634876211e-03
   &QTRANS [&Type "Double"]       1.8928313689545638e-02
   &ENTROPYS [&Type "Double"]       3.7241910330503093e-02
   &FREEENERGYG [&Type "Double"]      -3.4040395623278152e+02
   &ISLINEAR [&Type "Boolean"] false
$End
$Hessian
   &GeometryIndex 1
   &ListStatus       OUT
   &HESSIAN [&Type "ArrayOfDoubles", &Dim (36,36)] "The Hessian"
                                                         0                           1                           2                           3                           4                           5                           6                           7

0                                      6.7471584067888368e-01        -4.5370232813931141e-02        -4.7779549414232904e-05        -3.2110996802314784e-01        -3.6351284411961747e-02         3.6404789115112771e-06        -3.0212714290696760e-02         9.8160054631920901e-02
1                                     -4.5370232813931141e-02         7.2299436586490962e-01         2.4679910767395633e-06         2.9898506440999398e-02        -1.3471056175647048e-01        -7.9352365907543521e-06         3.7363598474155289e-02         2.4212211013063391e-02
2                                     -4.7779549414232904e-05         2.4679910767395633e-06         1.2841233732808316e-01         1.7196779752814478e-05        -5.2635171590184600e-06        -6.9459481969307540e-02         1.1128794437450536e-06        -3.7838344440662762e-06
3                                     -3.2110996802314784e-01         2.9898506440999398e-02         1.7196779752814478e-05         6.7530819248054452e-01         5.7296157426917307e-02        -1.2247141279776689e-05        -1.7868353537823051e-01         7.5182116649584421e-02
4                                     -3.6351284411961747e-02        -1.3471056175647048e-01        -5.2635171590184600e-06         5.7296157426917307e-02         7.1889829386510617e-01        -7.8250792734171039e-06         1.0165240917682745e-01        -2.7154062359294667e-01
5                                      3.6404789115112771e-06        -7.9352365907543521e-06        -6.9459481969307540e-02        -1.2247141279776689e-05        -7.8250792734171039e-06         1.5665674341976527e-01         6.0503481337115216e-07         4.3201137975582984e-06
6                                     -3.0212714290696760e-02         3.7363598474155289e-02         1.1128794437450536e-06        -1.7868353537823051e-01         1.0165240917682745e-01         6.0503481337115216e-07         3.9759983260632564e-01        -7.0127997445766947e-06
7                                      9.8160054631920901e-02         2.4212211013063391e-02        -3.7838344440662762e-06         7.5182116649584421e-02        -2.7154062359294667e-01         4.3201137975582984e-06        -7.0127997445766947e-06         6.3538612716895981e-01
8                                      4.3312262576962602e-06         1.3670095140311160e-06         2.4785566807263189e-02         8.4913033523062302e-08         7.6119119094365826e-07        -6.6415941469173886e-02        -1.1102264914234338e-05        -6.7236371445401677e-06
9                                     -5.3665298194289363e-02        -2.2816145551943889e-02         2.4198419373498247e-06         5.8687083968948270e-02        -2.3649140177385591e-02        -4.1404432645686535e-06        -1.7866957404891542e-01        -7.5181057701190296e-02
10                                    -3.7934762131430530e-02        -1.4871426006065237e-02         2.5863948218235283e-06         2.3667603930299617e-02        -9.6874564682890366e-02         7.0665109370292319e-07        -1.0164772634195346e-01        -2.7157326368507456e-01
11                                     3.5106069290189387e-06         4.4770936928567140e-06        -1.1006008001937377e-02        -3.9698379622833613e-06         8.3021290482949166e-07         2.7366654487691738e-03         2.6679218163861749e-06         4.9087248213975509e-07
12                                     6.4140889104173038e-02         1.7445344196272951e-02        -2.6476257058330190e-06        -5.3674216412645449e-02         3.7931686909685312e-02         2.9455040615533486e-06        -3.0195524186362614e-02        -9.8166481658566451e-02
13                                    -1.7426715823738906e-02        -5.6225208433733187e-02         2.6155914687950844e-06         2.2808515203635697e-02        -1.4862906033621592e-02        -4.2706621189247275e-06        -3.7371113409626927e-02         2.4194891742297966e-02
14                                    -2.0893510472570680e-06        -1.5589129223603584e-06         8.8027068333018342e-03         1.7622268730578064e-06        -2.2377880730145709e-06        -1.1009652169731689e-02         2.0215428422820948e-06         3.9678369467223263e-06
15                                    -1.6030116352657925e-01        -1.0244234298656843e-01         1.1285892873368351e-05        -3.3082823685230626e-02        -3.0147519671994687e-02         5.2918332417754117e-06         7.6348242828582838e-03         1.6870333552832407e-06
16                                    -5.6724474059655423e-02        -2.7295226349282592e-01         3.7929584579593600e-06        -7.4508269386657167e-02         3.7416630889764282e-02         9.3106110836967879e-06         3.5437723037383119e-06        -7.4881836795424164e-02
17                                     2.2803575076039331e-05         9.6329782212227904e-06        -6.3614464210810018e-02         2.9367959320368849e-06         7.8391567233110501e-06         8.9233732087103512e-03        -2.8040585505789578e-06         4.8757481315479168e-07
18                                    -4.1035411707128266e-02        -1.8441010521025050e-02         1.1343668260919784e-05         5.8510924481107217e-03        -6.3740273828340422e-03        -3.6745786671559550e-06        -2.1631386744066054e-03         5.9807534858497783e-06
19                                    -3.1279728058771029e-02         7.5044942664188449e-03         7.5705926350222520e-06        -4.3493246208292030e-03        -5.7881575512183760e-03         2.5589588825284932e-06         4.8119456877358758e-06        -2.0740590219706099e-03
20                                    -2.2951904758611555e-06        -4.9479540117007250e-06         3.4335115651788241e-03         6.4021055244684946e-07         4.5405749513419147e-06         1.0125254819743364e-02        -3.0799254634342692e-06        -1.7873783720171254e-07
21                                     4.8976587364258136e-03         9.0980384292598457e-03        -1.0863067144207675e-06        -1.9912979113740686e-03         2.4301642091696668e-04         4.7614543142746235e-06         1.1773741051079312e-03         5.8260303010187892e-07
22                                     2.6046282962626835e-03        -2.4593960608501842e-03         4.3805113313594219e-07         8.8093814121017263e-04         1.1381924864031457e-03        -1.2601785094913618e-06        -2.1139549004101256e-06         7.8014693599281896e-04
23                                     3.5842520059118166e-06         5.9289493138202749e-06         1.1558362496522170e-03        -4.3858746911194846e-06         2.9064227514197458e-06        -1.8591348639252249e-03         7.6704757049482886e-06         3.3720474348876373e-08
24                                    -1.2384254316852678e-01         1.2003992549573408e-01         8.2424002583166844e-06        -5.6595331745630945e-03         2.9644531234475448e-02         2.2033352663120482e-06        -7.3585550692887546e-03         7.5602895682167111e-04
25                                     1.1782912233697150e-01        -2.7527270233246004e-01        -1.1916233350627574e-05        -1.9369598906405425e-03         3.3224116728202101e-03         9.9854585327391822e-07        -1.0418407990998315e-04         1.7954190999874596e-03
26                                     1.3279735696107797e-05        -6.9396183471559838e-06        -3.5587711049430579e-02        -3.7563681892359718e-06        -1.5869225619324103e-06         1.4633390653751577e-03         1.9127174390819053e-06        -2.6184734273537585e-06
27                                    -1.2265335242006736e-02        -2.6999294165728140e-02        -3.3578902225547108e-07        -1.4476963084136796e-01        -1.2751604956883181e-01         2.6064203898283723e-07         1.4114054240376360e-02         1.8515749273217905e-02
28                                     2.1022770053594972e-03         4.3350736165059687e-03         6.6716742542417720e-07        -1.2704020304055214e-01        -2.3534575696236482e-01         1.2884277603777322e-06        -7.2965476226875478e-03        -3.4046712773193960e-02
29                                     1.6737172500641817e-06         5.4983784958035054e-07         6.6444108119852411e-03        -9.0240069716872613e-07         1.5520820654801088e-06        -4.1792252988237855e-02         1.3026131938921018e-07        -5.4878223542444183e-07
30                                    -2.7237825180894028e-04        -1.2211629953546878e-03        -2.5790458658750101e-07         5.0829135019038766e-04        -4.8089386119173063e-03        -3.0210417761109049e-07         1.4115822299704869e-02        -1.8509870010463478e-02
31                                    -2.8940244161960657e-04        -8.4185591380732654e-05         1.9534920391303072e-07        -2.8075194762830179e-03        -2.2098703230233538e-03         6.3329234293633849e-07         7.3014343830494211e-03        -3.4047354947296112e-02
32                                    -5.3914311049673882e-07        -4.9621648951722066e-07        -1.0086786841397620e-03         6.7569545724947426e-07         5.6206931344038339e-07         1.1026306854534549e-02         6.3373820913963378e-08         1.6745280196591885e-06
33                                    -1.0495761152984812e-03         3.5725531800165494e-03         1.2659258821218441e-06        -1.3836548212343208e-03         2.2538719962835992e-03         4.8935313666331104e-07        -7.3588658864724302e-03        -7.5791391094903651e-04
34                                     4.5527402887070119e-03        -2.4704010871121774e-03         4.3975190037905149e-07         7.3372528213455157e-04         5.5691198844184183e-04         1.2199847365829953e-07         1.0303663629699137e-04         1.7950548556047319e-03
35                                    -8.8057104380809831e-07        -2.3561844762418487e-06         7.4419743201607959e-03         2.1316328231240545e-06        -7.2584562852905374e-07        -3.9521935652164878e-04         1.9792922156184235e-06         2.7434192277759654e-06
                                                         8                           9                          10                          11                          12                          13                          14                          15

0                                      4.3312262576962602e-06        -5.3665298194289363e-02        -3.7934762131430530e-02         3.5106069290189387e-06         6.4140889104173038e-02        -1.7426715823738906e-02        -2.0893510472570680e-06        -1.6030116352657925e-01
1                                      1.3670095140311160e-06        -2.2816145551943889e-02        -1.4871426006065237e-02         4.4770936928567140e-06         1.7445344196272951e-02        -5.6225208433733187e-02        -1.5589129223603584e-06        -1.0244234298656843e-01
2                                      2.4785566807263189e-02         2.4198419373498247e-06         2.5863948218235283e-06        -1.1006008001937377e-02        -2.6476257058330190e-06         2.6155914687950844e-06         8.8027068333018342e-03         1.1285892873368351e-05
3                                      8.4913033523062302e-08         5.8687083968948270e-02         2.3667603930299617e-02        -3.9698379622833613e-06        -5.3674216412645449e-02         2.2808515203635697e-02         1.7622268730578064e-06        -3.3082823685230626e-02
4                                      7.6119119094365826e-07        -2.3649140177385591e-02        -9.6874564682890366e-02         8.3021290482949166e-07         3.7931686909685312e-02        -1.4862906033621592e-02        -2.2377880730145709e-06        -3.0147519671994687e-02
5                                     -6.6415941469173886e-02        -4.1404432645686535e-06         7.0665109370292319e-07         2.7366654487691738e-03         2.9455040615533486e-06        -4.2706621189247275e-06        -1.1009652169731689e-02         5.2918332417754117e-06
6                                     -1.1102264914234338e-05        -1.7866957404891542e-01        -1.0164772634195346e-01         2.6679218163861749e-06        -3.0195524186362614e-02        -3.7371113409626927e-02         2.0215428422820948e-06         7.6348242828582838e-03
7                                     -6.7236371445401677e-06        -7.5181057701190296e-02        -2.7157326368507456e-01         4.9087248213975509e-07        -9.8166481658566451e-02         2.4194891742297966e-02         3.9678369467223263e-06         1.6870333552832407e-06
8                                      9.2057468091208919e-02         2.4574332977795146e-06         4.5499080325506042e-06        -6.6414134383783907e-02         6.7030575664684480e-06        -1.5544310045378188e-06         2.4788984192331213e-02         9.8818532280609418e-07
9                                      2.4574332977795146e-06         6.7534950426002471e-01        -5.7297072177190489e-02        -1.1258754539569756e-05        -3.2112946013527988e-01        -2.9913121124198291e-02         1.5487171931426943e-05        -3.3089684443389097e-02
10                                     4.5499080325506042e-06        -5.7297072177190489e-02         7.1891274428800422e-01        -4.8650137502419415e-07         3.6328411886305471e-02        -1.3471848271579015e-01         6.1646918593323061e-06         3.0145330243674322e-02
11                                    -6.6414134383783907e-02        -1.1258754539569756e-05        -4.8650137502419415e-07         1.5665698240248593e-01         1.2462534743728942e-06         8.7085928479722845e-06        -6.9466566012905878e-02         4.9614474947233096e-06
12                                     6.7030575664684480e-06        -3.2112946013527988e-01         3.6328411886305471e-02         1.2462534743728942e-06         6.7479143542521081e-01         4.5327712388929631e-02        -4.6342801821040253e-05        -1.6036698413840678e-01
13                                    -1.5544310045378188e-06        -2.9913121124198291e-02        -1.3471848271579015e-01         8.7085928479722845e-06         4.5327712388929631e-02         7.2302840611407615e-01        -1.1873717803606674e-05         1.0247896584815042e-01
14                                     2.4788984192331213e-02         1.5487171931426943e-05         6.1646918593323061e-06        -6.9466566012905878e-02        -4.6342801821040253e-05        -1.1873717803606674e-05         1.2841771926884249e-01         9.1724043651238973e-06
15                                     9.8818532280609418e-07        -3.3089684443389097e-02         3.0145330243674322e-02         4.9614474947233096e-06        -1.6036698413840678e-01         1.0247896584815042e-01         9.1724043651238973e-06         6.7339913102103333e-01
16                                     6.4688995586081691e-07         7.4501956905142941e-02         3.7439872500150607e-02        -9.9231636493266149e-06         5.6754578133746250e-02        -2.7296768935432042e-01        -1.8733533949145642e-07         2.1275257545963142e-06
17                                    -1.1798211046276211e-02         1.3282602416639776e-06        -8.0906827108009379e-06         8.9262993988481806e-03         2.1912987020902885e-05        -6.0569168331475294e-06        -6.3626598295446729e-02        -7.5878813890891281e-05
18                                    -3.9891355044862525e-06         5.8378797523917850e-03         6.3664122510375138e-03        -3.7545779644054303e-06        -4.1024682035464131e-02         1.8448404383808847e-02         1.1121842136463483e-05        -2.7870801628294128e-01
19                                     2.6350889870504889e-08         4.3439045138262905e-03        -5.7921540619252322e-03        -2.2787647972378403e-06         3.1305108411677725e-02         7.5067731465860198e-03        -7.6306729211590313e-06        -2.7343449226105214e-05
20                                    -5.9080161889703909e-03         7.5308581875093944e-07        -4.1582058288910099e-06         1.0130367178795964e-02        -3.0348985445669024e-06         5.1274486010111697e-06         3.4408467976346207e-03         2.0219225201975155e-05
21                                     2.1345147868494452e-07        -1.9938732765372434e-03        -2.3764349764007027e-04         4.6457421128531347e-06         4.8724653360437062e-03        -9.1038539890786249e-03        -9.1182112293580164e-07        -2.5709844109494451e-02
22                                     1.8790630758323465e-08        -8.7553349139893614e-04         1.1385286583806720e-03         1.2142997395217111e-06        -2.6217380721165868e-03        -2.4447867095382125e-03        -3.8426500646176803e-07        -1.2774817072612758e-05
23                                     1.1947258826168947e-03        -4.3911882930853853e-06        -2.9735757397281751e-06        -1.8617122422694070e-03         3.6311999761062035e-06        -5.9142055955226347e-06         1.1574847222254438e-03         3.1745812809741430e-05
24                                    -5.8149565380939257e-07        -1.3827893670563336e-03        -2.2531465636092271e-03         5.1204177425932872e-07        -1.0486909369958235e-03        -3.5733355046267232e-03         1.3895236811785722e-06         1.0720374981070493e-02
25                                     3.0881130449373862e-07        -7.3401456325704361e-04         5.5608771186989097e-04        -8.6618960704494140e-08        -4.5521505790938515e-03        -2.4706297649915426e-03        -3.2197395373627207e-07         1.4482483026228333e-02
26                                     7.7996057837440942e-03         2.1912825728472862e-06         7.8426476504533049e-07        -3.9517922516226698e-04        -7.6199027669294882e-07         2.5146506408301837e-06         7.4433702340285582e-03        -1.2657762529417628e-06
27                                     7.3210862435978798e-08         5.0754567247852716e-04         4.8092335905323864e-03        -4.9052543301279490e-07        -2.7223254732544920e-04         1.2210505784713938e-03        -2.7937269293164250e-07        -5.6089669803427097e-03
28                                     7.1144351606854971e-07         2.8078397745321267e-03        -2.2096280544564809e-03        -3.9961572681318248e-07         2.8945451586082289e-04        -8.3984246225182659e-05        -2.1826156218567767e-07         1.1080029021088931e-03
29                                    -3.9439420200217332e-03         3.5334166752700328e-07        -2.8983383798462873e-07         1.1025107244556550e-02        -4.0313528623817142e-07         3.9002797757388454e-07        -1.0089953050137475e-03         3.6669356711374840e-07
30                                     1.9608127551084066e-07        -1.4479617502725889e-01         1.2752364895614224e-01        -6.5687214164807938e-07        -1.2268558287519160e-02         2.7002419296865355e-02        -5.4375661428746598e-07        -5.6095318909696965e-03
