*************************************************
******************* ORCA 6.0.0 ******************
*************************************************
$Calculation_Status
   &GeometryIndex 1
   &ListStatus       OUT
   &VERSION [&Type "String"] "6.0.0"
   &PROGNAME [&Type "String"] "LeanSCF"
   &STATUS [&Type "String"] "NORMAL TERMINATION"
$End
$Geometry
   &GeometryIndex 1
   &ListStatus       OUT
   &NATOMS [&Type "Integer"] 6
   &NCORELESSECP [&Type "Integer"] 0
   &NGHOSTATOMS [&Type "Integer"] 0
   &CartesianCoordinates [&Type "Coordinates", &Dim(6,4), &Units "Bohr"] 
              C     -1.252972045093    1.936911140018    0.000060267524
              C      1.252961959057    1.936913059980   -0.000072376511
              Cl     3.109130461770   -0.770917103196   -0.000254709005
              Cl    -3.109138715527   -0.770920262818    0.000259868713
              H     -2.303621685288    3.697139003369    0.000184595441
              H      2.303610551399    3.697142053387   -0.000186446239
$End
$SCF_Energy
   &GeometryIndex 1
   &ListStatus       OUT
   &SCF_ENERGY [&Type "Double"]      -9.9773725496969917e+02
$End
$DFT_Energy
   &GeometryIndex 1
   &ListStatus       OUT
   &NALPHAEL [&Type "Integer"] 24
   &NBETAEL [&Type "Integer"] 24
   &NTOTALEL [&Type "Integer"] 48
   &EEXCHANGE [&Type "Double"]      -6.6205054332792301e+01
   &ECORR [&Type "Double"]      -1.7664869107354484e+00
   &ECNL [&Type "Double"]       0.0000000000000000e+00
   &EXC [&Type "Double"]      -6.7971541243527753e+01
   &EEMBED [&Type "Double"]       0.0000000000000000e+00
   &FINALEN [&Type "Double"]      -9.9773725496969917e+02  "No Van der Waals correction"
$End
$Mulliken_Population_Analysis
   &GeometryIndex 1
   &ListStatus       OUT
   &NATOMS [&Type "Integer"] 6
   &ATNO [&Type "ArrayOfIntegers", &Dim (6,1)] 
                                                         0

0                                                        6
1                                                        6
2                                                       17
3                                                       17
4                                                        1
5                                                        1
   &ATOMICCHARGES [&Type "ArrayOfDoubles", &Dim (6,1)] 
                                                         0

0                                     -8.7013986233504426e-02
1                                     -8.7010927883806488e-02
2                                     -7.1886458040857804e-02
3                                     -7.1886189294524172e-02
4                                      1.5889877308866396e-01
5                                      1.5889878836404070e-01
$End
$Loewdin_Population_Analysis
   &GeometryIndex 1
   &ListStatus       OUT
   &NATOMS [&Type "Integer"] 6
   &ATNO [&Type "ArrayOfIntegers", &Dim (6,1)] 
                                                         0

0                                                        6
1                                                        6
2                                                       17
3                                                       17
4                                                        1
5                                                        1
   &ATOMICCHARGES [&Type "ArrayOfDoubles", &Dim (6,1)] 
                                                         0

0                                     -5.0696040823689348e-01
1                                     -5.0696029268805898e-01
2                                      3.7078436075321619e-01
3                                      3.7078446202708548e-01
4                                      1.3617590808320124e-01
5                                      1.3617597006146498e-01
$End
$Mayer_Population_Analysis
   &GeometryIndex 1
   &ListStatus       OUT
   &NATOMS [&Type "Integer"] 6 "Total number of atoms"
   &BONDTHRESH [&Type "Double"]       1.0000000000000001e-01  "The threshold for printing"
   &NBONDORDERSPRINT [&Type "Integer"] 5 "The number of bond orders larger than threshold"
   &BONDORDERS [&Type "ArrayOfDoubles", &Dim (5,1)] "The bond orders"
                                                         0

0                                      1.8478605676830784e+00
1                                      1.1258422679895108e+00
2                                      9.3321688009483528e-01
3                                      1.1258422385741327e+00
4                                      9.3321682020179619e-01
   &COMPONENTS [&Type "ArrayOfIntegers", &Dim (5,4)] "The indices and atomic numbers of the bonding atoms"
                                                         0                           1                           2                           3

0                                                        0                           6                           1                           6
1                                                        0                           6                           3                          17
2                                                        0                           6                           4                           1
3                                                        1                           6                           2                          17
4                                                        1                           6                           5                           1
   &ATNO [&Type "ArrayOfIntegers", &Dim (6,1)] "Atomic number of the elements"
                                                         0

0                                                        6
1                                                        6
2                                                       17
3                                                       17
4                                                        1
5                                                        1
   &NA [&Type "ArrayOfDoubles", &Dim (6,1)] "Mulliken gross atomic population"
                                                         0

0                                      6.0870139862335089e+00
1                                      6.0870109278837994e+00
2                                      1.7071886458040773e+01
3                                      1.7071886189294474e+01
4                                      8.4110122691133604e-01
5                                      8.4110121163595963e-01
   &ZA [&Type "ArrayOfDoubles", &Dim (6,1)] "Total nuclear charge"
                                                         0

0                                      6.0000000000000000e+00
1                                      6.0000000000000000e+00
2                                      1.7000000000000000e+01
3                                      1.7000000000000000e+01
4                                      1.0000000000000000e+00
5                                      1.0000000000000000e+00
   &QA [&Type "ArrayOfDoubles", &Dim (6,1)] "Mulliken gross atomic charge"
                                                         0

0                                     -8.7013986233508867e-02
1                                     -8.7010927883799383e-02
2                                     -7.1886458040772538e-02
3                                     -7.1886189294474434e-02
4                                      1.5889877308866396e-01
5                                      1.5889878836404037e-01
   &VA [&Type "ArrayOfDoubles", &Dim (6,1)] "Mayer's total valence"
                                                         0

0                                      3.9800902377766576e+00
1                                      3.9800902200732136e+00
2                                      1.2555685662420624e+00
3                                      1.2555688529034343e+00
4                                      9.5730004897977328e-01
5                                      9.5730008359271423e-01
   &BVA [&Type "ArrayOfDoubles", &Dim (6,1)] "Mayer's bonded valence"
                                                         0

0                                      3.9800902377765812e+00
1                                      3.9800902200731967e+00
2                                      1.2555685662422844e+00
3                                      1.2555688529035529e+00
4                                      9.5730004897975862e-01
5                                      9.5730008359271013e-01
   &FA [&Type "ArrayOfDoubles", &Dim (6,1)] "Mayer's free valence"
                                                         0

0                                      0.0000000000000000e+00
1                                      0.0000000000000000e+00
2                                      0.0000000000000000e+00
3                                      0.0000000000000000e+00
4                                      0.0000000000000000e+00
5                                      0.0000000000000000e+00
$End
$VdW_Correction
   &GeometryIndex 1
   &ListStatus       OUT
   &VDW [&Type "Double"]      -1.4927941334804383e-03
$End
$Calculation_Info
   &GeometryIndex 1
   &ListStatus       OUT
   &MULT [&Type "Integer"] 1
   &CHARGE [&Type "Integer"] 0
   &NUMOFATOMS [&Type "Integer"] 6
   &NUMOFELECTRONS [&Type "Integer"] 48
   &NUMOFFCELECTRONS [&Type "Integer"] 1
   &NUMOFCORRELECTRONS [&Type "Integer"] 0
   &NUMOFBASISFUNCTS [&Type "Integer"] 148
   &NUMOFAUXCBASISFUNCTS [&Type "Integer"] 0
   &NUMOFAUXJBASISFUNCTS [&Type "Integer"] 166
   &NUMOFAUXJKBASISFUNCTS [&Type "Integer"] 0
   &NUMOFCABSBASISFUNCTS [&Type "Integer"] 0
   &TOTALENERGY [&Type "Double"]      -9.9773402759773262e+02  "Hartrees"
$End
$SCF_Dipole_Moment
   &GeometryIndex 1
   &ListStatus       OUT
   &METHOD [&Type "String"] "SCF"
   &LEVEL [&Type "String"] "Relaxed density"
   &MULT [&Type "Integer"] 1
   &STATE [&Type "Integer"] -1
   &IRREP [&Type "Integer"] 0
   &NATOMS [&Type "Integer"] 6
   &DODIPOLEATOM [&Type "Boolean"] false
   &DIPOLEELECCONTRIB [&Type "ArrayOfDoubles", &Dim (3,1)] "Electronic contribution"
                                                         0

0                                      1.0391660661243814e-06
1                                     -4.0092319713120457e+00
2                                      5.8112671178445552e-06
   &DIPOLENUCCONTRIB [&Type "ArrayOfDoubles", &Dim (3,1)] "Nuclear contribution"
                                                         0

0                                     -1.5397524837368337e-06
1                                      4.7630874361776101e+00
2                                     -4.4264956882100162e-06
   &DIPOLETOTAL [&Type "ArrayOfDoubles", &Dim (3,1)] "Total"
                                                         0

0                                     -5.0058641761245234e-07
1                                      7.5385546486556443e-01
2                                      1.3847714296345389e-06
   &DIPOLEMAGNITUDE [&Type "Double", &Units "a.u."]       7.5385546486700250e-01
$End
$THERMOCHEMISTRY_Energies
   &GeometryIndex 1
   &ListStatus       OUT
   &TEMPERATURE [&Type "Double"]       2.9814999999999998e+02
   &PRESSURE [&Type "Double"]       1.0000000000000000e+00
   &TOTALMASS [&Type "Double"]       9.6943999999999988e+01
   &SPINDEGENERACY [&Type "Integer"] 1
   &ELENERGY [&Type "Double"]      -9.9773402759773262e+02
   &TRANSENERGY [&Type "Double"]       1.4162714244859817e-03
   &ROTENERGY [&Type "Double"]       1.4162714244859817e-03
   &VIBENERGY [&Type "Double"]       1.4589573752529662e-03
   &NUMOFFREQS [&Type "Integer"] 18
   &FREQSCALINGFACTOR [&Type "Double"]       1.0000000000000000e+00
   &FREQ [&Type "ArrayOfDoubles", &Dim (18,1)] "In cm^-1"
                                                         0

0                                      0.0000000000000000e+00
1                                      0.0000000000000000e+00
2                                      0.0000000000000000e+00
3                                      0.0000000000000000e+00
4                                      0.0000000000000000e+00
5                                      0.0000000000000000e+00
6                                      1.7582681666345132e+02
7                                      4.2271509853794237e+02
8                                      5.6408098800493701e+02
9                                      6.8273390083201957e+02
10                                     7.0675841617793856e+02
11                                     8.2043834273883488e+02
12                                     8.8260172746733963e+02
13                                     1.2039726134368784e+03
14                                     1.3030314709786194e+03
15                                     1.6310656490191536e+03
16                                     3.1788554066625666e+03
17                                     3.1999943445852500e+03
   &ZPE [&Type "Double"]       3.3653262573750863e-02
   &INNERENERGYU [&Type "Double"]      -9.9769608283493471e+02
   &ENTHALPYH [&Type "Double"]      -9.9769513862589247e+02
   &QEL [&Type "Double"]       0.0000000000000000e+00
   &QROT [&Type "Double"]       1.1771329671895290e-02
   &QVIB [&Type "Double"]       2.2841207253733445e-03
   &QTRANS [&Type "Double"]       1.8827285737040268e-02
   &ENTROPYS [&Type "Double"]       3.2882736134308900e-02
   &FREEENERGYG [&Type "Double"]      -9.9772802136202677e+02
   &ISLINEAR [&Type "Boolean"] false
$End
$Hessian
   &GeometryIndex 1
   &ListStatus       OUT
   &HESSIAN [&Type "ArrayOfDoubles", &Dim (18,18)] "The Hessian"
                                                         0                           1                           2                           3                           4                           5                           6                           7

0                                      7.7361202579917498e-01        -1.0104944579452133e-01        -4.7685597504433959e-05        -5.3680378247565874e-01        -5.1183736021599389e-03         3.0214162055477353e-05        -2.4854995231621393e-02         1.6925749470610197e-02
1                                     -1.0104944579452133e-01         4.8451671370753296e-01         1.2525117218056855e-05         5.1176451077799105e-03        -7.9155010466146272e-02        -6.6808258464293098e-09         3.9138305595186287e-02        -2.0585643328780327e-02
2                                     -4.7685597504433959e-05         1.2525117218056855e-05         8.8187111940555868e-02         3.0537555805636700e-05        -1.5989018416030810e-07        -4.3653227417734072e-02         2.3457018913934921e-06        -6.7683775210863575e-07
3                                     -5.3680378247565874e-01         5.1176451077799105e-03         3.0537555805636700e-05         7.7361179472953645e-01         1.0104978493104275e-01        -4.6503944178670359e-05        -7.4087842272606494e-02         5.1819226176656658e-02
4                                     -5.1183736021599389e-03        -7.9155010466146272e-02        -1.5989018416030810e-07         1.0104978493104275e-01         4.8451652592496430e-01        -1.1652790991359832e-05         5.0553236019319006e-02        -1.2875581059171920e-01
5                                      3.0214162055477353e-05        -6.6808258464293098e-09        -4.3653227417734072e-02        -4.6503944178670359e-05        -1.1652790991359832e-05         8.8187158368854643e-02         3.0687103933273230e-06        -3.2666511641715410e-06
6                                     -2.4854995231621393e-02         3.9138305595186287e-02         2.3457018913934921e-06        -7.4087842272606494e-02         5.0553236019319006e-02         3.0687103933273230e-06         1.0093172076857268e-01        -9.0477500415295342e-02
7                                      1.6925749470610197e-02        -2.0585643328780327e-02        -6.7683775210863575e-07         5.1819226176656658e-02        -1.2875581059171920e-01        -3.2666511641715410e-06        -9.0477500415295342e-02         1.6340704922581240e-01
8                                      1.3146038053678662e-06        -2.5500266341038793e-06         6.1556139508929936e-03         4.3113115466413724e-06        -4.5886980812680723e-06        -2.5566880981434385e-02        -6.4729900209723391e-06         6.9874202146702123e-06
9                                     -7.4087759548144311e-02        -5.0553209178396986e-02         3.3395411792152590e-06        -2.4854923514985718e-02        -3.9138267055775125e-02         2.5539971695398512e-06        -3.0187150889557498e-04        -2.2156826044877932e-03
10                                    -5.1819178198681620e-02        -1.2875590977664692e-01         3.5051984275859023e-06        -1.6925727595317845e-02        -2.0585666855414159e-02         8.9523087786170378e-07         2.2156776357701502e-03         5.2715986679391317e-03
11                                     4.7067453432457226e-06         5.1054640670114060e-06        -2.5566873342721490e-02         1.3303566518909715e-06         2.7455111145878414e-06         6.1555982691219036e-03        -1.8019128059885855e-07        -6.8997530455123861e-08
12                                    -1.2814273361926259e-01         1.3261908754545279e-01         1.0182910683172883e-05        -9.7227995962681155e-03         2.4692145346067493e-02         1.3490829779196009e-06        -4.1537466979070341e-03         7.5194982076522403e-04
13                                     1.3938135546356337e-01        -2.5768861797419051e-01        -1.4982497529401748e-05        -1.0996398010686831e-03         1.6684828826139990e-03         1.7086907586597099e-07        -2.2848700493136296e-03         2.8238147109078239e-03
14                                     1.2311929683196075e-05        -1.6373477489157657e-05        -2.8813813556531058e-02        -1.0120286898617281e-06        -1.2828138829858995e-06         3.6912049584101655e-03         9.7074232823887229e-07        -3.8661537789480382e-07
15                                    -9.7227549244880349e-03        -2.4692129314518502e-02         1.3070707885620094e-06        -1.2814244687001736e-01        -1.3261878076654759e-01         9.3487747542022662e-06         2.4667349424578114e-03         2.3208416630255971e-02
16                                     1.0996387002071145e-03         1.6684678382310331e-03        -1.9069814132722795e-07        -1.3938103369103938e-01        -2.5768852089429867e-01         1.3841141046529838e-05         8.4299213582861299e-04        -2.2161008684159818e-02
17                                    -8.8902622639945601e-07         1.2792116253948674e-06         3.6911884255377610e-03         1.1305965692567000e-05         1.4957564006306559e-05        -2.8813853197218263e-02         2.9238513359554920e-07        -2.6160245967983009e-06
                                                         8                           9                          10                          11                          12                          13                          14                          15

0                                      1.3146038053678662e-06        -7.4087759548144311e-02        -5.1819178198681620e-02         4.7067453432457226e-06        -1.2814273361926259e-01         1.3938135546356337e-01         1.2311929683196075e-05        -9.7227549244880349e-03
1                                     -2.5500266341038793e-06        -5.0553209178396986e-02        -1.2875590977664692e-01         5.1054640670114060e-06         1.3261908754545279e-01        -2.5768861797419051e-01        -1.6373477489157657e-05        -2.4692129314518502e-02
2                                      6.1556139508929936e-03         3.3395411792152590e-06         3.5051984275859023e-06        -2.5566873342721490e-02         1.0182910683172883e-05        -1.4982497529401748e-05        -2.8813813556531058e-02         1.3070707885620094e-06
3                                      4.3113115466413724e-06        -2.4854923514985718e-02        -1.6925727595317845e-02         1.3303566518909715e-06        -9.7227995962681155e-03        -1.0996398010686831e-03        -1.0120286898617281e-06        -1.2814244687001736e-01
4                                     -4.5886980812680723e-06        -3.9138267055775125e-02        -2.0585666855414159e-02         2.7455111145878414e-06         2.4692145346067493e-02         1.6684828826139990e-03        -1.2828138829858995e-06        -1.3261878076654759e-01
5                                     -2.5566880981434385e-02         2.5539971695398512e-06         8.9523087786170378e-07         6.1555982691219036e-03         1.3490829779196009e-06         1.7086907586597099e-07         3.6912049584101655e-03         9.3487747542022662e-06
6                                     -6.4729900209723391e-06        -3.0187150889557498e-04         2.2156776357701502e-03        -1.8019128059885855e-07        -4.1537466979070341e-03        -2.2848700493136296e-03         9.7074232823887229e-07         2.4667349424578114e-03
7                                      6.9874202146702123e-06        -2.2156826044877932e-03         5.2715986679391317e-03        -6.8997530455123861e-08         7.5194982076522403e-04         2.8238147109078239e-03        -3.8661537789480382e-07         2.3208416630255971e-02
8                                      1.4105884663530244e-02        -2.1867934519847533e-07        -5.9570092367417230e-09        -4.4545532394479857e-03         8.6911542001055032e-07        -7.8921619046865874e-08         7.5424372163070703e-03         1.7228014916698716e-07
9                                     -2.1867934519847533e-07         1.0093153844780647e-01         9.0477427655239140e-02        -6.9350141756891925e-06         2.4667505204221951e-03        -8.4297480889568982e-04         3.0013475748983987e-07        -4.1537343962030574e-03
10                                    -5.9570092367417230e-09         9.0477427655239140e-02         1.6340719743218107e-01        -7.5942163724810662e-06        -2.3208410170645816e-02        -2.2161032315479324e-02         2.8424919261545950e-06        -7.5194784519818638e-04
11                                    -4.4545532394479857e-03        -6.9350141756891925e-06        -7.5942163724810662e-06         1.4105896904861460e-02         2.0526517767717485e-07        -2.6315401943807744e-07         2.2174994217947358e-03         8.4840235384506663e-07
12                                     8.6911542001055032e-07         2.4667505204221951e-03        -2.3208410170645816e-02         2.0526517767717485e-07         1.3945170060040155e-01        -1.3500432017056802e-01        -1.2337343616312964e-05         1.0082879261398732e-04
13                                    -7.8921619046865874e-08        -8.4297480889568982e-04        -2.2161032315479324e-02        -2.6315401943807744e-07        -1.3500432017056802e-01         2.7471373586454179e-01         1.5160822711694098e-05         1.5571842934988898e-04
14                                     7.5424372163070703e-03         3.0013475748983987e-07         2.8424919261545950e-06         2.2174994217947358e-03        -1.2337343616312964e-05         1.5160822711694098e-05         2.0162439549680347e-02        -2.3706890212397034e-07
15                                     1.7228014916698716e-07        -4.1537343962030574e-03        -7.5194784519818638e-04         8.4840235384506663e-07         1.0082879261398732e-04         1.5571842934988898e-04        -2.3706890212397034e-07         1.3945137245563666e-01
16                                     2.6388933574354001e-07         2.2848645111506402e-03         2.8238128474201945e-03         4.6096706421112738e-08        -1.5572143413893937e-04         6.4361683160622275e-04         8.4807675750206824e-08         1.3500399132232518e-01
17                                     2.2174983901520617e-03         9.8445634427183372e-07         3.8654818446951450e-07         7.5424319863913770e-03        -2.6539620309337334e-07        -5.2334183233917492e-08        -4.7997675896612598e-03        -1.1433921942296957e-05
                                                        16                          17

0                                      1.0996387002071145e-03        -8.8902622639945601e-07
1                                      1.6684678382310331e-03         1.2792116253948674e-06
2                                     -1.9069814132722795e-07         3.6911884255377610e-03
3                                     -1.3938103369103938e-01         1.1305965692567000e-05
4                                     -2.5768852089429867e-01         1.4957564006306559e-05
5                                      1.3841141046529838e-05        -2.8813853197218263e-02
6                                      8.4299213582861299e-04         2.9238513359554920e-07
7                                     -2.2161008684159818e-02        -2.6160245967983009e-06
8                                      2.6388933574354001e-07         2.2174983901520617e-03
9                                      2.2848645111506402e-03         9.8445634427183372e-07
10                                     2.8238128474201945e-03         3.8654818446951450e-07
11                                     4.6096706421112738e-08         7.5424319863913770e-03
12                                    -1.5572143413893937e-04        -2.6539620309337334e-07
13                                     6.4361683160622275e-04        -5.2334183233917492e-08
14                                     8.4807675750206824e-08        -4.7997675896612598e-03
15                                     1.3500399132232518e-01        -1.1433921942296957e-05
16                                     2.7471363206120103e-01        -1.4000100829628096e-05
17                                    -1.4000100829628096e-05         2.0162501984798322e-02
   &MODES [&Type "ArrayOfDoubles", &Dim (18,18)] "The modes of vibrations"
                                                         0                           1                           2                           3                           4                           5                           6                           7

0                                      0.0000000000000000e+00         0.0000000000000000e+00         0.0000000000000000e+00         0.0000000000000000e+00         0.0000000000000000e+00         0.0000000000000000e+00        -1.4436709403223547e-03         1.0207624739380780e-05
1                                      0.0000000000000000e+00         0.0000000000000000e+00         0.0000000000000000e+00         0.0000000000000000e+00         0.0000000000000000e+00         0.0000000000000000e+00        -5.3196333701567421e-02         2.1092982127400609e-06
2                                      0.0000000000000000e+00         0.0000000000000000e+00         0.0000000000000000e+00         0.0000000000000000e+00         0.0000000000000000e+00         0.0000000000000000e+00         2.5417146819363007e-07         1.7613693446882303e-01
3                                      0.0000000000000000e+00         0.0000000000000000e+00         0.0000000000000000e+00         0.0000000000000000e+00         0.0000000000000000e+00         0.0000000000000000e+00         1.4437105124051623e-03        -1.0122801750138260e-05
4                                      0.0000000000000000e+00         0.0000000000000000e+00         0.0000000000000000e+00         0.0000000000000000e+00         0.0000000000000000e+00         0.0000000000000000e+00        -5.3196318485439972e-02         1.6023145861168322e-06
5                                      0.0000000000000000e+00         0.0000000000000000e+00         0.0000000000000000e+00         0.0000000000000000e+00         0.0000000000000000e+00         0.0000000000000000e+00         6.2926584538453529e-08        -1.7613704300130087e-01
6                                      0.0000000000000000e+00         0.0000000000000000e+00         0.0000000000000000e+00         0.0000000000000000e+00         0.0000000000000000e+00         0.0000000000000000e+00         1.1278961432154810e-01         2.9011728903188300e-06
7                                      0.0000000000000000e+00         0.0000000000000000e+00         0.0000000000000000e+00         0.0000000000000000e+00         0.0000000000000000e+00         0.0000000000000000e+00         1.8769233970014110e-02        -5.8852398655964286e-07
8                                      0.0000000000000000e+00         0.0000000000000000e+00         0.0000000000000000e+00         0.0000000000000000e+00         0.0000000000000000e+00         0.0000000000000000e+00        -9.3846205806123350e-06         3.0494517330843046e-02
9                                      0.0000000000000000e+00         0.0000000000000000e+00         0.0000000000000000e+00         0.0000000000000000e+00         0.0000000000000000e+00         0.0000000000000000e+00        -1.1278962899400988e-01        -2.9591679040632522e-06
10                                     0.0000000000000000e+00         0.0000000000000000e+00         0.0000000000000000e+00         0.0000000000000000e+00         0.0000000000000000e+00         0.0000000000000000e+00         1.8769119404269268e-02        -7.3333047202345512e-07
11                                     0.0000000000000000e+00         0.0000000000000000e+00         0.0000000000000000e+00         0.0000000000000000e+00         0.0000000000000000e+00         0.0000000000000000e+00         9.2714719037289891e-06        -3.0494512854393648e-02
12                                     0.0000000000000000e+00         0.0000000000000000e+00         0.0000000000000000e+00         0.0000000000000000e+00         0.0000000000000000e+00         0.0000000000000000e+00         4.2082910973402880e-02         2.4074050440627498e-05
13                                     0.0000000000000000e+00         0.0000000000000000e+00         0.0000000000000000e+00         0.0000000000000000e+00         0.0000000000000000e+00         0.0000000000000000e+00        -2.6272352544184571e-02         1.3347780396856386e-06
14                                     0.0000000000000000e+00         0.0000000000000000e+00         0.0000000000000000e+00         0.0000000000000000e+00         0.0000000000000000e+00         0.0000000000000000e+00        -3.1479255151232389e-06         3.0602404765667407e-01
15                                     0.0000000000000000e+00         0.0000000000000000e+00         0.0000000000000000e+00         0.0000000000000000e+00         0.0000000000000000e+00         0.0000000000000000e+00        -4.2082866447113287e-02        -2.3044994589064375e-05
16                                     0.0000000000000000e+00         0.0000000000000000e+00         0.0000000000000000e+00         0.0000000000000000e+00         0.0000000000000000e+00         0.0000000000000000e+00        -2.6272386305342284e-02         9.3062354077466116e-07
17                                     0.0000000000000000e+00         0.0000000000000000e+00         0.0000000000000000e+00         0.0000000000000000e+00         0.0000000000000000e+00         0.0000000000000000e+00         3.3491113584279581e-06        -3.0602291186299313e-01
                                                         8                           9                          10                          11                          12                          13                          14                          15

0                                     -1.5167282648437064e-01         1.3508234412494782e-02         6.3760679268982976e-06        -2.1876897058121545e-02         7.9930769149553071e-06        -3.2806523831209154e-02        -5.1651671999078864e-02        -1.9728229029795602e-01
1                                      5.6659974601023254e-02        -1.6041235070912366e-01        -1.6449136987217540e-05        -1.7237662505565829e-01         3.6942693059981342e-06        -7.3790719644487536e-03        -6.8605414636316725e-02        -1.8709376054022783e-02
2                                      1.2498059480460199e-05         2.9984317881440296e-06         8.7566003744197277e-02        -2.5767388168582130e-06         9.2004841924469880e-02         1.9097424461389385e-06         4.3668235333256553e-06         1.2407589966816101e-05
3                                     -1.5167276393620052e-01        -1.3507970972856621e-02         6.2468894934323012e-06        -2.1877175085536375e-02        -7.2308882143311445e-06         3.2806636196025890e-02        -5.1651592603388724e-02         1.9728231483816022e-01
4                                     -5.6660241578412915e-02        -1.6041235015430552e-01         1.7185261373511043e-05         1.7237657641479337e-01        -9.5473328488475659e-07        -7.3792421362806632e-03         6.8605367827543937e-02        -1.8709107152862038e-02
5                                      1.2611379206866991e-05        -1.6616772123469691e-06         8.7565191333437917e-02        -5.5293986084658418e-06        -9.2005327241184612e-02        -2.1766861531227189e-06         4.1448118362868857e-06        -1.2261953877519423e-05
6                                      5.4826008938958941e-02        -3.7004263739016774e-02        -2.7232749202460425e-07         1.1242268139539381e-02         3.0685208124289157e-07         5.7637684475471027e-04         1.6149923432185668e-03        -3.4685549080927520e-03
7                                     -4.0312016230002932e-02         5.7239713238460138e-02        -3.4073182230514307e-06        -4.0481058553469659e-02        -1.9866353867516052e-07         1.2497899162162552e-02         4.7185158731141586e-03         1.7433416993834913e-03
8                                     -4.2303687056745479e-06         3.1965721850414583e-06        -1.1687157887293992e-02        -5.8260035378679572e-07        -6.8073569176088677e-04        -1.1024115444531863e-08        -2.9588510114005738e-07         4.0475630514267452e-07
9                                      5.4826000444189012e-02         3.7004166465085017e-02        -4.3613501286319238e-07         1.1242241059257183e-02        -5.6221836637648795e-07        -5.7638026536419636e-04         1.6149984334109567e-03         3.4685550685061173e-03
10                                     4.0312109910290495e-02         5.7239699787170160e-02         3.1159375413417763e-06         4.0481082032061418e-02        -1.2156337044705574e-06         1.2497906418849441e-02        -4.7184882435129614e-03         1.7433528940212235e-03
11                                    -4.5183843393372409e-06        -3.5895650984511532e-06        -1.1687206053857417e-02        -7.0500360868483396e-07         6.8079881908310715e-04         2.1302317261044857e-08        -3.3514190159891591e-07        -4.4148200562627528e-07
12                                    -1.2103603536952250e-01         1.1611890587394937e-01        -6.5122622988206830e-05        -1.3472866474536885e-01        -5.7160890555232729e-05        -5.9447478056153946e-01         5.5866110641971978e-01         3.8066433232743190e-02
13                                     7.8322217151040679e-02        -1.0179217333206676e-01        -1.1797534775938073e-05        -2.3672082625845567e-01         1.2381973578635009e-05        -3.5164458515787678e-01         3.0851308764160645e-01         1.6161671393374913e-01
14                                     4.5010774207047770e-06        -1.4433258097515732e-05        -6.3234747033425742e-01         6.3093535483430208e-05        -6.2860781437672397e-01         4.8794582644394883e-05        -4.0858195645948065e-05        -9.0911138493241720e-06
15                                    -1.2103618895514479e-01        -1.1611862365251220e-01        -6.0370651208076483e-05        -1.3472881948822166e-01         5.7060545737325657e-05         5.9447356196734713e-01         5.5866294927114502e-01        -3.8066731287830557e-02
16                                    -7.8322330823469413e-02        -1.0179229881775784e-01         1.3274448768684186e-05         2.3672058006690347e-01         4.7177417108313100e-06        -3.5164329638950154e-01        -3.0851350166152813e-01         1.6161703445704123e-01
17                                     4.0109003880267757e-06         1.2327125705721300e-05        -6.3234445354653235e-01         7.8783686636649185e-05         6.2861137696214686e-01        -4.5975269375173520e-05        -3.8369435401660348e-05         8.6474642367827610e-06
                                                        16                          17

0                                      3.0552420636967881e-02         3.8045865940787724e-02
1                                     -4.7336827140869966e-02        -4.8446175393905735e-02
2                                     -3.1893935824372466e-06        -3.6639918665859049e-06
3                                      3.0556049301350054e-02        -3.8042907242411668e-02
4                                      4.7341478679726774e-02        -4.8441691600439825e-02
5                                     -2.9457092877942428e-06         3.4289960077307363e-06
6                                     -2.8072771171272308e-04        -7.0600524015554562e-05
7                                      2.3139462477689333e-04         2.0614026085353167e-04
8                                     -2.3141391803745637e-08        -7.6729296752081011e-09
9                                     -2.8073432500255231e-04         7.0573882711670228e-05
10                                    -2.3141444150673779e-04         2.0611932405524596e-04
11                                    -1.7211743490010843e-08         9.9210590023940275e-10
12                                    -3.5418383476103837e-01        -3.5488135809278959e-01
13                                     5.7681062882560352e-01         5.7001964438204955e-01
14                                     3.8735447058063631e-05         3.9547253563847923e-05
15                                    -3.5421727520073765e-01         3.5484704022369418e-01
16                                    -5.7686535806239514e-01         5.6996481137719035e-01
17                                     3.5787727822835659e-05        -3.6512143934804517e-05
$End
