
$orca_hessian_file

$act_atom
  0

$act_coord
  0

$act_energy
        0.000000

$multiplicity
  1

$hessian
18
                    0                  1                  2                  3                  4        
    0      7.7361202580E-01  -1.0104944579E-01  -4.7685597504E-05  -5.3680378248E-01  -5.1183736022E-03
    1     -1.0104944579E-01   4.8451671371E-01   1.2525117218E-05   5.1176451078E-03  -7.9155010466E-02
    2     -4.7685597504E-05   1.2525117218E-05   8.8187111941E-02   3.0537555806E-05  -1.5989018416E-07
    3     -5.3680378248E-01   5.1176451078E-03   3.0537555806E-05   7.7361179473E-01   1.0104978493E-01
    4     -5.1183736022E-03  -7.9155010466E-02  -1.5989018416E-07   1.0104978493E-01   4.8451652592E-01
    5      3.0214162055E-05  -6.6808258464E-09  -4.3653227418E-02  -4.6503944179E-05  -1.1652790991E-05
    6     -2.4854995232E-02   3.9138305595E-02   2.3457018914E-06  -7.4087842273E-02   5.0553236019E-02
    7      1.6925749471E-02  -2.0585643329E-02  -6.7683775211E-07   5.1819226177E-02  -1.2875581059E-01
    8      1.3146038054E-06  -2.5500266341E-06   6.1556139509E-03   4.3113115466E-06  -4.5886980813E-06
    9     -7.4087759548E-02  -5.0553209178E-02   3.3395411792E-06  -2.4854923515E-02  -3.9138267056E-02
   10     -5.1819178199E-02  -1.2875590978E-01   3.5051984276E-06  -1.6925727595E-02  -2.0585666855E-02
   11      4.7067453432E-06   5.1054640670E-06  -2.5566873343E-02   1.3303566519E-06   2.7455111146E-06
   12     -1.2814273362E-01   1.3261908755E-01   1.0182910683E-05  -9.7227995963E-03   2.4692145346E-02
   13      1.3938135546E-01  -2.5768861797E-01  -1.4982497529E-05  -1.0996398011E-03   1.6684828826E-03
   14      1.2311929683E-05  -1.6373477489E-05  -2.8813813557E-02  -1.0120286899E-06  -1.2828138830E-06
   15     -9.7227549245E-03  -2.4692129315E-02   1.3070707886E-06  -1.2814244687E-01  -1.3261878077E-01
   16      1.0996387002E-03   1.6684678382E-03  -1.9069814133E-07  -1.3938103369E-01  -2.5768852089E-01
   17     -8.8902622640E-07   1.2792116254E-06   3.6911884255E-03   1.1305965693E-05   1.4957564006E-05
                    5                  6                  7                  8                  9        
    0      3.0214162055E-05  -2.4854995232E-02   1.6925749471E-02   1.3146038054E-06  -7.4087759548E-02
    1     -6.6808258464E-09   3.9138305595E-02  -2.0585643329E-02  -2.5500266341E-06  -5.0553209178E-02
    2     -4.3653227418E-02   2.3457018914E-06  -6.7683775211E-07   6.1556139509E-03   3.3395411792E-06
    3     -4.6503944179E-05  -7.4087842273E-02   5.1819226177E-02   4.3113115466E-06  -2.4854923515E-02
    4     -1.1652790991E-05   5.0553236019E-02  -1.2875581059E-01  -4.5886980813E-06  -3.9138267056E-02
    5      8.8187158369E-02   3.0687103933E-06  -3.2666511642E-06  -2.5566880981E-02   2.5539971695E-06
    6      3.0687103933E-06   1.0093172077E-01  -9.0477500415E-02  -6.4729900210E-06  -3.0187150890E-04
    7     -3.2666511642E-06  -9.0477500415E-02   1.6340704923E-01   6.9874202147E-06  -2.2156826045E-03
    8     -2.5566880981E-02  -6.4729900210E-06   6.9874202147E-06   1.4105884664E-02  -2.1867934520E-07
    9      2.5539971695E-06  -3.0187150890E-04  -2.2156826045E-03  -2.1867934520E-07   1.0093153845E-01
   10      8.9523087786E-07   2.2156776358E-03   5.2715986679E-03  -5.9570092367E-09   9.0477427655E-02
   11      6.1555982691E-03  -1.8019128060E-07  -6.8997530455E-08  -4.4545532394E-03  -6.9350141757E-06
   12      1.3490829779E-06  -4.1537466979E-03   7.5194982077E-04   8.6911542001E-07   2.4667505204E-03
   13      1.7086907587E-07  -2.2848700493E-03   2.8238147109E-03  -7.8921619047E-08  -8.4297480890E-04
   14      3.6912049584E-03   9.7074232824E-07  -3.8661537789E-07   7.5424372163E-03   3.0013475749E-07
   15      9.3487747542E-06   2.4667349425E-03   2.3208416630E-02   1.7228014917E-07  -4.1537343962E-03
   16      1.3841141047E-05   8.4299213583E-04  -2.2161008684E-02   2.6388933574E-07   2.2848645112E-03
   17     -2.8813853197E-02   2.9238513360E-07  -2.6160245968E-06   2.2174983902E-03   9.8445634427E-07
                   10                 11                 12                 13                 14        
    0     -5.1819178199E-02   4.7067453432E-06  -1.2814273362E-01   1.3938135546E-01   1.2311929683E-05
    1     -1.2875590978E-01   5.1054640670E-06   1.3261908755E-01  -2.5768861797E-01  -1.6373477489E-05
    2      3.5051984276E-06  -2.5566873343E-02   1.0182910683E-05  -1.4982497529E-05  -2.8813813557E-02
    3     -1.6925727595E-02   1.3303566519E-06  -9.7227995963E-03  -1.0996398011E-03  -1.0120286899E-06
    4     -2.0585666855E-02   2.7455111146E-06   2.4692145346E-02   1.6684828826E-03  -1.2828138830E-06
    5      8.9523087786E-07   6.1555982691E-03   1.3490829779E-06   1.7086907587E-07   3.6912049584E-03
    6      2.2156776358E-03  -1.8019128060E-07  -4.1537466979E-03  -2.2848700493E-03   9.7074232824E-07
    7      5.2715986679E-03  -6.8997530455E-08   7.5194982077E-04   2.8238147109E-03  -3.8661537789E-07
    8     -5.9570092367E-09  -4.4545532394E-03   8.6911542001E-07  -7.8921619047E-08   7.5424372163E-03
    9      9.0477427655E-02  -6.9350141757E-06   2.4667505204E-03  -8.4297480890E-04   3.0013475749E-07
   10      1.6340719743E-01  -7.5942163725E-06  -2.3208410171E-02  -2.2161032315E-02   2.8424919262E-06
   11     -7.5942163725E-06   1.4105896905E-02   2.0526517768E-07  -2.6315401944E-07   2.2174994218E-03
   12     -2.3208410171E-02   2.0526517768E-07   1.3945170060E-01  -1.3500432017E-01  -1.2337343616E-05
   13     -2.2161032315E-02  -2.6315401944E-07  -1.3500432017E-01   2.7471373586E-01   1.5160822712E-05
   14      2.8424919262E-06   2.2174994218E-03  -1.2337343616E-05   1.5160822712E-05   2.0162439550E-02
   15     -7.5194784520E-04   8.4840235385E-07   1.0082879261E-04   1.5571842935E-04  -2.3706890212E-07
   16      2.8238128474E-03   4.6096706421E-08  -1.5572143414E-04   6.4361683161E-04   8.4807675750E-08
   17      3.8654818447E-07   7.5424319864E-03  -2.6539620309E-07  -5.2334183234E-08  -4.7997675897E-03
                   15                 16                 17        
     0     -9.7227549245E-03   1.0996387002E-03  -8.8902622640E-07
     1     -2.4692129315E-02   1.6684678382E-03   1.2792116254E-06
     2      1.3070707886E-06  -1.9069814133E-07   3.6911884255E-03
     3     -1.2814244687E-01  -1.3938103369E-01   1.1305965693E-05
     4     -1.3261878077E-01  -2.5768852089E-01   1.4957564006E-05
     5      9.3487747542E-06   1.3841141047E-05  -2.8813853197E-02
     6      2.4667349425E-03   8.4299213583E-04   2.9238513360E-07
     7      2.3208416630E-02  -2.2161008684E-02  -2.6160245968E-06
     8      1.7228014917E-07   2.6388933574E-07   2.2174983902E-03
     9     -4.1537343962E-03   2.2848645112E-03   9.8445634427E-07
    10     -7.5194784520E-04   2.8238128474E-03   3.8654818447E-07
    11      8.4840235385E-07   4.6096706421E-08   7.5424319864E-03
    12      1.0082879261E-04  -1.5572143414E-04  -2.6539620309E-07
    13      1.5571842935E-04   6.4361683161E-04  -5.2334183234E-08
    14     -2.3706890212E-07   8.4807675750E-08  -4.7997675897E-03
    15      1.3945137246E-01   1.3500399132E-01  -1.1433921942E-05
    16      1.3500399132E-01   2.7471363206E-01  -1.4000100830E-05
    17     -1.1433921942E-05  -1.4000100830E-05   2.0162501985E-02

$vibrational_frequencies
18
    0        0.0000000000000000
    1        0.0000000000000000
    2        0.0000000000000000
    3        0.0000000000000000
    4        0.0000000000000000
    5        0.0000000000000000
    6      175.8268166634513250
    7      422.7150985379423673
    8      564.0809880049370122
    9      682.7339008320195717
   10      706.7584161779385568
   11      820.4383427388348764
   12      882.6017274673396287
   13     1203.9726134368784187
   14     1303.0314709786193816
   15     1631.0656490191536250
   16     3178.8554066625665655
   17     3199.9943445852500190

$normal_modes
18 18
                    0                  1                  2                  3                  4        
    0      0.0000000000E+00   0.0000000000E+00   0.0000000000E+00   0.0000000000E+00   0.0000000000E+00
    1      0.0000000000E+00   0.0000000000E+00   0.0000000000E+00   0.0000000000E+00   0.0000000000E+00
    2      0.0000000000E+00   0.0000000000E+00   0.0000000000E+00   0.0000000000E+00   0.0000000000E+00
    3      0.0000000000E+00   0.0000000000E+00   0.0000000000E+00   0.0000000000E+00   0.0000000000E+00
    4      0.0000000000E+00   0.0000000000E+00   0.0000000000E+00   0.0000000000E+00   0.0000000000E+00
    5      0.0000000000E+00   0.0000000000E+00   0.0000000000E+00   0.0000000000E+00   0.0000000000E+00
    6      0.0000000000E+00   0.0000000000E+00   0.0000000000E+00   0.0000000000E+00   0.0000000000E+00
    7      0.0000000000E+00   0.0000000000E+00   0.0000000000E+00   0.0000000000E+00   0.0000000000E+00
    8      0.0000000000E+00   0.0000000000E+00   0.0000000000E+00   0.0000000000E+00   0.0000000000E+00
    9      0.0000000000E+00   0.0000000000E+00   0.0000000000E+00   0.0000000000E+00   0.0000000000E+00
   10      0.0000000000E+00   0.0000000000E+00   0.0000000000E+00   0.0000000000E+00   0.0000000000E+00
   11      0.0000000000E+00   0.0000000000E+00   0.0000000000E+00   0.0000000000E+00   0.0000000000E+00
   12      0.0000000000E+00   0.0000000000E+00   0.0000000000E+00   0.0000000000E+00   0.0000000000E+00
   13      0.0000000000E+00   0.0000000000E+00   0.0000000000E+00   0.0000000000E+00   0.0000000000E+00
   14      0.0000000000E+00   0.0000000000E+00   0.0000000000E+00   0.0000000000E+00   0.0000000000E+00
   15      0.0000000000E+00   0.0000000000E+00   0.0000000000E+00   0.0000000000E+00   0.0000000000E+00
   16      0.0000000000E+00   0.0000000000E+00   0.0000000000E+00   0.0000000000E+00   0.0000000000E+00
   17      0.0000000000E+00   0.0000000000E+00   0.0000000000E+00   0.0000000000E+00   0.0000000000E+00
                    5                  6                  7                  8                  9        
    0      0.0000000000E+00  -7.5324288214E-03   2.0366061697E-05  -4.7199934438E-01   4.0950775616E-02
    1      0.0000000000E+00  -2.7755466012E-01   4.2084322880E-06   1.7632341589E-01  -4.8629672682E-01
    2      0.0000000000E+00   1.3261529613E-06   3.5142511270E-01   3.8893426183E-05   9.0898709341E-06
    3      0.0000000000E+00   7.5326352908E-03  -2.0196824457E-05  -4.7199914973E-01  -4.0949976988E-02
    4      0.0000000000E+00  -2.7755458073E-01   3.1969080517E-06  -1.7632424672E-01  -4.8629672514E-01
    5      0.0000000000E+00   3.2832275401E-07  -3.5142532924E-01   3.9246072321E-05  -5.0374437244E-06
    6      0.0000000000E+00   5.8848572617E-01   5.7883658133E-06   1.7061619325E-01  -1.1217996778E-01
    7      0.0000000000E+00   9.7929462291E-02  -1.1742120352E-06  -1.2544926914E-01   1.7352457631E-01
    8      0.0000000000E+00  -4.8964749906E-05   6.0842089832E-02  -1.3164726351E-05   9.6905418053E-06
    9      0.0000000000E+00  -5.8848580273E-01  -5.9040763785E-06   1.7061616681E-01   1.1217967289E-01
   10      0.0000000000E+00   9.7928864539E-02  -1.4631272229E-06   1.2544956067E-01   1.7352453553E-01
   11      0.0000000000E+00   4.8374390752E-05  -6.0842080901E-02  -1.4061018676E-05  -1.0881916201E-05
   12      0.0000000000E+00   2.1956979437E-01   4.8032094545E-05  -3.7665896169E-01   3.5201930275E-01
   13      0.0000000000E+00  -1.3707737683E-01   2.6631241451E-06   2.4373538756E-01  -3.0858721594E-01
   14      0.0000000000E+00  -1.6424466418E-05   6.1057344821E-01   1.4007160286E-05  -4.3755023470E-05
   15      0.0000000000E+00  -2.1956956205E-01  -4.5978941583E-05  -3.7665943964E-01  -3.5201844718E-01
   16      0.0000000000E+00  -1.3707755298E-01   1.8567626585E-06  -2.4373574130E-01  -3.0858759635E-01
   17      0.0000000000E+00   1.7474164103E-05  -6.1057118210E-01   1.2481750340E-05   3.7370195345E-05
                   10                 11                 12                 13                 14        
    0      7.0613189359E-06  -4.7480911351E-02   8.8964166845E-06  -3.3541057488E-02  -5.6716729119E-02
    1     -1.8216964408E-05  -3.7412066398E-01   4.1117781601E-06  -7.5442883933E-03  -7.5332986667E-02
    2      9.6976928017E-02  -5.5924707701E-06   1.0240279425E-01   1.9525013227E-06   4.7950422100E-06
    3      6.9182573925E-06  -4.7481514772E-02  -8.0480890198E-06   3.3541172368E-02  -5.6716641938E-02
    4      1.9032201812E-05   3.7412055841E-01  -1.0626327277E-06  -7.5444623753E-03   7.5332935268E-02
    5      9.6976028294E-02  -1.2000828292E-05  -1.0240333442E-01  -2.2254218634E-06   4.5512596412E-06
    6     -3.0159516778E-07   2.4399855953E-02   3.4153105297E-07   5.8928184479E-04   1.7733614366E-03
    7     -3.7735107224E-06  -8.7858783056E-02  -2.2111555273E-07   1.2777725444E-02   5.1812221418E-03
    8     -1.2943204220E-02  -1.2644570058E-06  -7.5766922180E-04  -1.1270943907E-08  -3.2490013357E-07
    9     -4.8300746796E-07   2.4399797179E-02  -6.2575762853E-07  -5.8928534199E-04   1.7733681240E-03
   10      3.4508146739E-06   8.7858834013E-02  -1.3530188794E-06   1.2777732863E-02  -5.1811918028E-03
   11     -1.2943257563E-02  -1.5301170800E-06   7.5773948347E-04   2.1779273280E-08  -3.6800652745E-07
   12     -7.2121504371E-05  -2.9241074592E-01  -6.3620944205E-05  -6.0778499095E-01   6.1344443299E-01
   13     -1.3065443572E-05  -5.1377124172E-01   1.3781325703E-05  -3.5951786013E-01   3.3876644345E-01
   14     -7.0030733949E-01   1.3693617322E-04  -6.9965009812E-01   4.9887086787E-05  -4.4864824798E-05
   15     -6.6858827013E-05  -2.9241108177E-01   6.3509258891E-05   6.0778374507E-01   6.1344645655E-01
   16      1.4701084983E-05   5.1377070739E-01   5.2509185782E-06  -3.5951654250E-01  -3.3876689807E-01
   17     -7.0030399848E-01   1.7098957092E-04   6.9965406333E-01  -4.7004649473E-05  -4.2132012187E-05
                   15                 16                 17        
     0     -5.3952032184E-01   3.1805607417E-02   3.9899833391E-02
     1     -5.1165710693E-02  -4.9278469889E-02  -5.0806947847E-02
     2      3.3931818827E-05  -3.3202148329E-06  -3.8425374586E-06
     3      5.3952038896E-01   3.1809384920E-02  -3.9896730516E-02
     4     -5.1164975312E-02   4.9283312223E-02  -5.0802245559E-02
     5     -3.3533538629E-05  -3.0665351949E-06   3.5960902985E-06
     6     -9.4856758684E-03  -2.9224248697E-04  -7.4040873453E-05
     7      4.7676264976E-03   2.4088587551E-04   2.1618543460E-04
     8      1.1069125956E-06  -2.4090596013E-08  -8.0468300062E-09
     9      9.4856763071E-03  -2.9224937152E-04   7.4012933924E-05
    10      4.7676571123E-03  -2.4090650507E-04   2.1616347756E-04
    11     -1.2073486850E-06  -1.7917727793E-08   1.0404510227E-09
    12      1.0410267581E-01  -3.6871160343E-01  -3.7217465581E-01
    13      4.4198342074E-01   6.0047001291E-01   5.9779658783E-01
    14     -2.4862042419E-05   4.0324281892E-05   4.1474383333E-05
    15     -1.0410349092E-01  -3.6874641552E-01   3.7213866564E-01
    16      4.4198429729E-01  -6.0052698701E-01   5.9773908283E-01
    17      2.3648765843E-05   3.7255654306E-05  -3.8291373418E-05

#
# The atoms: label  mass x y z (in bohrs)
#
$atoms
6
 C     12.01100     -1.252967661255     1.943933981720     0.000059900090
 C     12.01100      1.252966342895     1.943935901681    -0.000072743945
 Cl    35.45300      3.109134845608    -0.763894261495    -0.000255076438
 Cl    35.45300     -3.109134331689    -0.763897421117     0.000259501279
 H      1.00800     -2.303617301450     3.704161845071     0.000184228007
 H      1.00800      2.303614935237     3.704164895089    -0.000186813672

$actual_temperature
  0.000000

$frequency_scale_factor
  1.000000

$dipole_derivatives
18
    3.4414283718E-01    4.4166824146E-01   -4.2385865236E-05
    7.3888946986E-01    3.6785049997E-01   -6.1467189658E-05
   -2.1996292037E-05   -2.8636855988E-05   -1.5096544675E-01
    3.4414402613E-01   -4.4166827864E-01   -3.7995039675E-05
   -7.3888963540E-01    3.6784969450E-01    5.9536179114E-05
   -1.0733480999E-05    2.5487734835E-05   -1.5096540654E-01
   -3.5727933367E-01    1.6752903201E-01    2.5803666149E-05
    4.5497299634E-01   -3.3703832854E-01   -3.4717646672E-05
    2.0068254604E-05   -3.1227328456E-05   -2.6969499297E-02
   -3.5727870074E-01   -1.6752908434E-01    2.6931209084E-05
   -4.5497291023E-01   -3.3703855383E-01    3.6042180755E-05
    2.2972804200E-05    3.4546414497E-05   -2.6969362477E-02
    1.2024992921E-02   -1.7323186690E-02    1.4079962958E-05
   -5.4585075868E-02   -3.1065285714E-02    5.8627959885E-06
   -6.9851605557E-06    4.0463433350E-06    1.7571819853E-01
    1.2025117351E-02    1.7323315669E-02    1.3676318325E-05
    5.4585159853E-02   -3.1065094420E-02   -5.2369338646E-06
   -8.8815872279E-06   -4.0326634988E-06    1.7571818965E-01

#
# The IR spectrum
#  wavenumber eps Int TX TY TZ
#
$ir_spectrum
18
      0.00   0.00000000   0.00000000     0.000000     0.000000     0.000000
      0.00   0.00000000   0.00000000     0.000000     0.000000     0.000000
      0.00   0.00000000   0.00000000     0.000000     0.000000     0.000000
      0.00   0.00000000   0.00000000     0.000000     0.000000     0.000000
      0.00   0.00000000   0.00000000     0.000000     0.000000     0.000000
      0.00   0.00000000   0.00000000     0.000000     0.000000     0.000000
    175.83   0.00004398   0.22223280    -0.000000    -0.008835    -0.000000
    422.72   0.00000000   0.00000000    -0.000000     0.000001     0.000000
    564.08   0.00224937  11.36738524    -0.035276    -0.000000     0.000002
    682.73   0.00462055  23.35036149     0.000000    -0.045956    -0.000000
    706.76   0.01186825  59.97728224    -0.000005     0.000000    -0.072390
    820.44   0.01645473  83.15545440    -0.079112    -0.000000     0.000012
    882.60   0.00000000   0.00000000     0.000000    -0.000000     0.000000
   1203.97   0.00000001   0.00003718     0.000000    -0.000044     0.000000
   1303.03   0.00457738  23.13219998    -0.033109    -0.000000     0.000003
   1631.07   0.00785030  39.67217745     0.000000    -0.038755     0.000000
   3178.86   0.00277824  14.04006949    -0.016515     0.000000     0.000002
   3199.99   0.00012363   0.62479286    -0.000001    -0.003472     0.000000


$end

