*************************************************
******************* ORCA 6.0.0 ******************
*************************************************
$Calculation_Status
   &GeometryIndex 1
   &ListStatus       OUT
   &VERSION [&Type "String"] "6.0.0"
   &PROGNAME [&Type "String"] "LeanSCF"
   &STATUS [&Type "String"] "NORMAL TERMINATION"
$End
$Geometry
   &GeometryIndex 1
   &ListStatus       OUT
   &NATOMS [&Type "Integer"] 11
   &NCORELESSECP [&Type "Integer"] 0
   &NGHOSTATOMS [&Type "Integer"] 0
   &CartesianCoordinates [&Type "Coordinates", &Dim(11,4), &Units "Bohr"] 
              C     -4.781326606881    0.147256676738   -0.000132271381
              C     -2.118834131580   -0.977035262083   -0.000008201789
              C     -0.185479551388    1.126765274180    0.000028797726
              Cl     3.061743199230   -0.143379903197    0.000155957775
              H     -5.095427829861    1.320633022622   -1.674982756622
              H     -6.198892016416   -1.356700233380   -0.000155064690
              H     -5.095551116539    1.320708516803    1.674645980024
              H     -1.850520546314   -2.168369121539    1.670601995955
              H     -1.850392063645   -2.168426265913   -1.670556173498
              H     -0.320842232502    2.306655217297    1.687142499708
              H     -0.320726237332    2.306610015615   -1.687125958936
$End
$SCF_Energy
   &GeometryIndex 1
   &ListStatus       OUT
   &SCF_ENERGY [&Type "Double"]      -5.7868844659821366e+02
$End
$DFT_Energy
   &GeometryIndex 1
   &ListStatus       OUT
   &NALPHAEL [&Type "Integer"] 21
   &NBETAEL [&Type "Integer"] 21
   &NTOTALEL [&Type "Integer"] 42
   &EEXCHANGE [&Type "Double"]      -4.5636021413056376e+01
   &ECORR [&Type "Double"]      -1.4201086035405697e+00
   &ECNL [&Type "Double"]       0.0000000000000000e+00
   &EXC [&Type "Double"]      -4.7056130016596946e+01
   &EEMBED [&Type "Double"]       0.0000000000000000e+00
   &FINALEN [&Type "Double"]      -5.7868844659821366e+02  "No Van der Waals correction"
$End
$Mulliken_Population_Analysis
   &GeometryIndex 1
   &ListStatus       OUT
   &NATOMS [&Type "Integer"] 11
   &ATNO [&Type "ArrayOfIntegers", &Dim (11,1)] 
                                                         0

0                                                        6
1                                                        6
2                                                        6
3                                                       17
4                                                        1
5                                                        1
6                                                        1
7                                                        1
8                                                        1
9                                                        1
10                                                       1
   &ATOMICCHARGES [&Type "ArrayOfDoubles", &Dim (11,1)] 
                                                         0

0                                     -3.3525208577600907e-01
1                                     -1.3401861357877998e-01
2                                     -8.3405208201469350e-02
3                                     -2.0216951194618815e-01
4                                      1.0500271043455056e-01
5                                      1.1669300998694931e-01
6                                      1.0500230370338537e-01
7                                      9.6362486622931565e-02
8                                      9.6362447253331207e-02
9                                      1.1771132687125963e-01
10                                     1.1771113463025418e-01
$End
$Loewdin_Population_Analysis
   &GeometryIndex 1
   &ListStatus       OUT
   &NATOMS [&Type "Integer"] 11
   &ATNO [&Type "ArrayOfIntegers", &Dim (11,1)] 
                                                         0

0                                                        6
1                                                        6
2                                                        6
3                                                       17
4                                                        1
5                                                        1
6                                                        1
7                                                        1
8                                                        1
9                                                        1
10                                                       1
   &ATOMICCHARGES [&Type "ArrayOfDoubles", &Dim (11,1)] 
                                                         0

0                                     -3.0505051204044609e-01
1                                     -3.2521215294265282e-01
2                                     -4.4814298145386111e-01
3                                      1.9944374420057187e-01
4                                      1.1919250150213356e-01
5                                      1.2276955241971343e-01
6                                      1.1919285325261009e-01
7                                      1.3607625901786879e-01
8                                      1.3607623115720102e-01
9                                      1.2282724410414636e-01
10                                     1.2282726078296324e-01
$End
$Mayer_Population_Analysis
   &GeometryIndex 1
   &ListStatus       OUT
   &NATOMS [&Type "Integer"] 11 "Total number of atoms"
   &BONDTHRESH [&Type "Double"]       1.0000000000000001e-01  "The threshold for printing"
   &NBONDORDERSPRINT [&Type "Integer"] 10 "The number of bond orders larger than threshold"
   &BONDORDERS [&Type "ArrayOfDoubles", &Dim (10,1)] "The bond orders"
                                                         0

0                                      9.6177352336572342e-01
1                                      9.7395270850495363e-01
2                                      9.7133949742985404e-01
3                                      9.7395245766180283e-01
4                                      9.9433972642921320e-01
5                                      9.6246790239933477e-01
6                                      9.6246783319999141e-01
7                                      1.0212378259319108e+00
8                                      9.6310349989004562e-01
9                                      9.6310338671977036e-01
   &COMPONENTS [&Type "ArrayOfIntegers", &Dim (10,4)] "The indices and atomic numbers of the bonding atoms"
                                                         0                           1                           2                           3

0                                                        0                           6                           1                           6
1                                                        0                           6                           4                           1
2                                                        0                           6                           5                           1
3                                                        0                           6                           6                           1
4                                                        1                           6                           2                           6
5                                                        1                           6                           7                           1
6                                                        1                           6                           8                           1
7                                                        2                           6                           3                          17
8                                                        2                           6                           9                           1
9                                                        2                           6                          10                           1
   &ATNO [&Type "ArrayOfIntegers", &Dim (11,1)] "Atomic number of the elements"
                                                         0

0                                                        6
1                                                        6
2                                                        6
3                                                       17
4                                                        1
5                                                        1
6                                                        1
7                                                        1
8                                                        1
9                                                        1
10                                                       1
   &NA [&Type "ArrayOfDoubles", &Dim (11,1)] "Mulliken gross atomic population"
                                                         0

0                                      6.3352520857759984e+00
1                                      6.1340186135787604e+00
2                                      6.0834052082014543e+00
3                                      1.7202169511946209e+01
4                                      8.9499728956545055e-01
5                                      8.8330699001304980e-01
6                                      8.9499769629661363e-01
7                                      9.0363751337706910e-01
8                                      9.0363755274666846e-01
9                                      8.8228867312873926e-01
10                                     8.8228886536974571e-01
   &ZA [&Type "ArrayOfDoubles", &Dim (11,1)] "Total nuclear charge"
                                                         0

0                                      6.0000000000000000e+00
1                                      6.0000000000000000e+00
2                                      6.0000000000000000e+00
3                                      1.7000000000000000e+01
4                                      1.0000000000000000e+00
5                                      1.0000000000000000e+00
6                                      1.0000000000000000e+00
7                                      1.0000000000000000e+00
8                                      1.0000000000000000e+00
9                                      1.0000000000000000e+00
10                                     1.0000000000000000e+00
   &QA [&Type "ArrayOfDoubles", &Dim (11,1)] "Mulliken gross atomic charge"
                                                         0

0                                     -3.3525208577599841e-01
1                                     -1.3401861357876044e-01
2                                     -8.3405208201454251e-02
3                                     -2.0216951194620947e-01
4                                      1.0500271043454945e-01
5                                      1.1669300998695020e-01
6                                      1.0500230370338637e-01
7                                      9.6362486622930899e-02
8                                      9.6362447253331540e-02
9                                      1.1771132687126074e-01
10                                     1.1771113463025429e-01
   &VA [&Type "ArrayOfDoubles", &Dim (11,1)] "Mayer's total valence"
                                                         0

0                                      3.9241914807859288e+00
1                                      3.8690945521582569e+00
2                                      3.9652459506377795e+00
3                                      1.0815157175416721e+00
4                                      9.7985224497187429e-01
5                                      9.7986431086333636e-01
6                                      9.7985225258153275e-01
7                                      9.8658997859846331e-01
8                                      9.8659014107108922e-01
9                                      9.7375619986966111e-01
10                                     9.7375620129799811e-01
   &BVA [&Type "ArrayOfDoubles", &Dim (11,1)] "Mayer's bonded valence"
                                                         0

0                                      3.9241914807858778e+00
1                                      3.8690945521582489e+00
2                                      3.9652459506377418e+00
3                                      1.0815157175415584e+00
4                                      9.7985224497184698e-01
5                                      9.7986431086332504e-01
6                                      9.7985225258152819e-01
7                                      9.8658997859844544e-01
8                                      9.8659014107107723e-01
9                                      9.7375619986964734e-01
10                                     9.7375620129798091e-01
   &FA [&Type "ArrayOfDoubles", &Dim (11,1)] "Mayer's free valence"
                                                         0

0                                      0.0000000000000000e+00
1                                      0.0000000000000000e+00
2                                      0.0000000000000000e+00
3                                      0.0000000000000000e+00
4                                      0.0000000000000000e+00
5                                      0.0000000000000000e+00
6                                      0.0000000000000000e+00
7                                      0.0000000000000000e+00
8                                      0.0000000000000000e+00
9                                      0.0000000000000000e+00
10                                     0.0000000000000000e+00
$End
$VdW_Correction
   &GeometryIndex 1
   &ListStatus       OUT
   &VDW [&Type "Double"]      -2.2080083060918138e-03
$End
$Calculation_Info
   &GeometryIndex 1
   &ListStatus       OUT
   &MULT [&Type "Integer"] 1
   &CHARGE [&Type "Integer"] 0
   &NUMOFATOMS [&Type "Integer"] 11
   &NUMOFELECTRONS [&Type "Integer"] 42
   &NUMOFFCELECTRONS [&Type "Integer"] 1
   &NUMOFCORRELECTRONS [&Type "Integer"] 0
   &NUMOFBASISFUNCTS [&Type "Integer"] 172
   &NUMOFAUXCBASISFUNCTS [&Type "Integer"] 0
   &NUMOFAUXJBASISFUNCTS [&Type "Integer"] 209
   &NUMOFAUXJKBASISFUNCTS [&Type "Integer"] 0
   &NUMOFCABSBASISFUNCTS [&Type "Integer"] 0
   &TOTALENERGY [&Type "Double"]      -5.7868345489301976e+02  "Hartrees"
$End
$SCF_Dipole_Moment
   &GeometryIndex 1
   &ListStatus       OUT
   &METHOD [&Type "String"] "SCF"
   &LEVEL [&Type "String"] "Relaxed density"
   &MULT [&Type "Integer"] 1
   &STATE [&Type "Integer"] -1
   &IRREP [&Type "Integer"] 0
   &NATOMS [&Type "Integer"] 11
   &DODIPOLEATOM [&Type "Boolean"] false
   &DIPOLEELECCONTRIB [&Type "ArrayOfDoubles", &Dim (3,1)] "Electronic contribution"
                                                         0

0                                      1.1635623329446709e+01
1                                     -6.6532467618789359e-01
2                                      4.2099664981815315e-04
   &DIPOLENUCCONTRIB [&Type "ArrayOfDoubles", &Dim (3,1)] "Nuclear contribution"
                                                         0

0                                     -1.2557030238455006e+01
1                                      8.7484673277621061e-01
2                                     -4.5617782046214472e-04
   &DIPOLETOTAL [&Type "ArrayOfDoubles", &Dim (3,1)] "Total"
                                                         0

0                                     -9.2140690900829725e-01
1                                      2.0952205658831702e-01
2                                     -3.5181170643991573e-05
   &DIPOLEMAGNITUDE [&Type "Double", &Units "a.u."]       9.4492866683307752e-01
$End
$THERMOCHEMISTRY_Energies
   &GeometryIndex 1
   &ListStatus       OUT
   &TEMPERATURE [&Type "Double"]       2.9814999999999998e+02
   &PRESSURE [&Type "Double"]       1.0000000000000000e+00
   &TOTALMASS [&Type "Double"]       7.8541999999999987e+01
   &SPINDEGENERACY [&Type "Integer"] 1
   &ELENERGY [&Type "Double"]      -5.7868345489301976e+02
   &TRANSENERGY [&Type "Double"]       1.4162714244859817e-03
   &ROTENERGY [&Type "Double"]       1.4162714244859817e-03
   &VIBENERGY [&Type "Double"]       2.4931113400722535e-03
   &NUMOFFREQS [&Type "Integer"] 33
   &FREQSCALINGFACTOR [&Type "Double"]       1.0000000000000000e+00
   &FREQ [&Type "ArrayOfDoubles", &Dim (33,1)] "In cm^-1"
                                                         0

0                                      0.0000000000000000e+00
1                                      0.0000000000000000e+00
2                                      0.0000000000000000e+00
3                                      0.0000000000000000e+00
4                                      0.0000000000000000e+00
5                                      0.0000000000000000e+00
6                                      1.3063547315562312e+02
7                                      2.4243798153796905e+02
8                                      2.5171131838763580e+02
9                                      3.5497925748824292e+02
10                                     6.7860584746341112e+02
11                                     7.6494030312079451e+02
12                                     8.7426472864132847e+02
13                                     9.1046075187719111e+02
14                                     1.0287733479422834e+03
15                                     1.0853327154146825e+03
16                                     1.1210767602927435e+03
17                                     1.2451465567079431e+03
18                                     1.2712675622333466e+03
19                                     1.3178363244704321e+03
20                                     1.3541558189140073e+03
21                                     1.4018950023601417e+03
22                                     1.4770918249745587e+03
23                                     1.4860962123316067e+03
24                                     1.4944036452464227e+03
25                                     1.5020741003156429e+03
26                                     3.0085717869335695e+03
27                                     3.0264030041701035e+03
28                                     3.0602568840728718e+03
29                                     3.0662858657457723e+03
30                                     3.0908385491629779e+03
31                                     3.0943975970048641e+03
32                                     3.1311230937416340e+03
   &ZPE [&Type "Double"]       9.4478031725619874e-02
   &INNERENERGYU [&Type "Double"]      -5.7858365120710516e+02
   &ENTHALPYH [&Type "Double"]      -5.7858270699806292e+02
   &QEL [&Type "Double"]       0.0000000000000000e+00
   &QROT [&Type "Double"]       1.2019847217262816e-02
   &QVIB [&Type "Double"]       4.1595837723729275e-03
   &QTRANS [&Type "Double"]       1.8529160632429535e-02
   &ENTROPYS [&Type "Double"]       3.4708591622065278e-02
   &FREEENERGYG [&Type "Double"]      -5.7861741558968504e+02
   &ISLINEAR [&Type "Boolean"] false
$End
$Hessian
   &GeometryIndex 1
   &ListStatus       OUT
   &HESSIAN [&Type "ArrayOfDoubles", &Dim (33,33)] "The Hessian"
                                                         0                           1                           2                           3                           4                           5                           6                           7

0                                      4.7107544370216886e-01         4.3338414890324931e-02        -3.3443214328994627e-06        -1.6091298708904445e-01         4.0092403117828260e-02        -3.9689020575734637e-06        -3.3291813342174160e-02         4.2441886891517941e-03
1                                      4.3338414890324931e-02         5.4333864830181733e-01         5.1595916614297251e-07         3.7119492758348020e-02        -9.4813430555352810e-02         1.7561470007857518e-06        -1.4805299357271663e-02         9.6285901326328260e-03
2                                     -3.3443214328994627e-06         5.1595916614297251e-07         5.5917830155276349e-01        -4.0085442201232066e-06         1.9055736041588496e-06        -7.8386731997119263e-02        -1.0148009556718464e-06        -2.7077356045577724e-08
3                                     -1.6091298708904445e-01         3.7119492758348020e-02        -4.0085442201232066e-06         4.2971466803895220e-01        -1.3362394651601779e-02        -6.2052204115349563e-06        -1.0611772602326111e-01        -6.4826224358653914e-02
4                                      4.0092403117828260e-02        -9.4813430555352810e-02         1.9055736041588496e-06        -1.3362394651601779e-02         5.3406620142921268e-01         8.8710841636332333e-07        -6.5864054435561287e-02        -1.5255085799808663e-01
5                                     -3.9689020575734637e-06         1.7561470007857518e-06        -7.8386731997119263e-02        -6.2052204115349563e-06         8.8710841636332333e-07         6.0014987721284807e-01         1.4939760435044203e-07        -1.2263019467712138e-06
6                                     -3.3291813342174160e-02        -1.4805299357271663e-02        -1.0148009556718464e-06        -1.0611772602326111e-01        -6.5864054435561287e-02         1.4939760435044203e-07         2.8772712696371239e-01         4.7087675736980444e-02
7                                      4.2441886891517941e-03         9.6285901326328260e-03        -2.7077356045577724e-08        -6.4826224358653914e-02        -1.5255085799808663e-01        -1.2263019467712138e-06         4.7087675736980444e-02         4.8670361466836470e-01
8                                     -1.2929114530080810e-06        -7.5952299304343317e-07        -8.6321990858789430e-04         6.3850495524152539e-08        -1.2935665732342376e-06        -8.2520530053162594e-02        -1.1047231278070620e-05         3.1311584712048757e-06
9                                     -2.7239403329706677e-03        -9.6928113977610315e-03         7.2467334488398910e-08        -3.6398680406835471e-02         1.6535613385901669e-02        -1.6262126112369413e-06        -7.0888270816943585e-02         2.2916682168415976e-02
10                                    -1.6462011393145854e-03         2.8822301562103376e-06        -4.3817065730240735e-08        -9.6443958298430277e-03         6.8719389378170560e-03        -4.2537964560981740e-07         2.1813174014037658e-02        -4.5643309774641934e-02
11                                    -1.2040111270237809e-07        -3.2815730401329133e-07         1.0457324237818483e-03        -1.0712944224665052e-06         4.8176808600204638e-07         2.2320409370650898e-04        -1.4486998828769298e-06         8.5773191924258909e-07
12                                    -5.0663700779200654e-02         1.9378566831032187e-02        -2.8011271184657977e-02        -5.6466909525088264e-03         1.7666215024707416e-02        -2.6784390143815531e-02         1.0078073709316039e-03         1.7071694723288743e-03
13                                     1.9486871086390713e-02        -1.2782685159952750e-01         1.1745698808092736e-01         2.2354123893422312e-03        -8.9471828113884613e-03         1.0872554994905718e-02        -9.6053992532100585e-04         4.4288376632881793e-04
14                                    -2.8640192664717297e-02         1.1786023218965749e-01        -2.1882567222390498e-01        -5.3059497285723456e-04        -7.7738158600721818e-04         6.3139482641951157e-04         4.3051651142792793e-04         1.9196879594659579e-04
15                                    -1.6411145892645185e-01        -1.3134607938307075e-01        -1.7375573105262205e-06        -2.2195428076664074e-02        -2.3597073201659408e-02        -3.1151497130932594e-07        -2.8640743312028719e-03         4.7140387429484391e-03
16                                    -1.3236720986276851e-01        -1.8875203751144548e-01        -2.0371224698734502e-06         1.1669529151905028e-02         1.0956655129764936e-02         1.5672948399834356e-07         1.3955316859624789e-03        -9.6372332850301265e-04
17                                    -1.7047319003258956e-06        -2.0264087140032609e-06        -4.5706769602072261e-02        -1.0200924951818935e-06        -1.1293621364180559e-06        -1.5735040592725312e-03        -1.3999377950360404e-07         2.0677305074406142e-07
18                                    -5.0668139253064272e-02         1.9388132089715328e-02         2.8022373067208825e-02        -5.6487264618165518e-03         1.7667292604164764e-02         2.6783161268516355e-02         1.0077043689551771e-03         1.7072204848332950e-03
19                                     1.9496430940999405e-02        -1.2783638918668255e-01        -1.1745790636041888e-01         2.2362768993019581e-03        -8.9475766208057979e-03        -1.0871972357069569e-02        -9.6060095800614646e-04         4.4289714302617883e-04
20                                     2.8651250576453083e-02        -1.1786108797344630e-01        -2.1880910927462605e-01         5.3011695594737396e-04         7.7904778581103446e-04         6.3383700000454665e-04        -4.3041739982245487e-04        -1.9186582836075786e-04
21                                    -6.3328383464096348e-03         1.8761380928261691e-02        -2.6096876835581904e-02        -4.8175397656442305e-02         1.8665015404068716e-02        -2.6892162352142181e-02         2.2947407268884140e-05        -1.5255444180219711e-02
22                                     2.6864804221578276e-03        -7.4521946521164091e-03         9.2185689889815008e-03         1.6622814493925470e-02        -1.2888882411809210e-01         1.1544287854640470e-01         2.6686986124591899e-03        -1.7156322658493144e-02
23                                     8.0463517652555605e-05        -1.0778936900848425e-03         9.3649518786295650e-04        -2.5774657402552824e-02         1.1721129968827357e-01        -2.2060144806082857e-01        -2.5561961919834050e-05        -3.2211564551798411e-06
24                                    -6.3348773230469035e-03         1.8762325970794115e-02         2.6095621339863595e-02        -4.8179271893944824e-02         1.8674992208039379e-02         2.6904838603005410e-02         2.4448801581007998e-05        -1.5256190644982565e-02
25                                     2.6872361733826164e-03        -7.4525419875444464e-03        -9.2180245106299567e-03         1.6632560626028994e-02        -1.2889697769249506e-01        -1.1544505123479515e-01         2.6703827551019417e-03        -1.7157037549466757e-02
26                                    -8.1141078182972101e-05         1.0796300671857143e-03         9.3886977082111695e-04         2.5787399975649945e-02        -1.1721335786346163e-01        -2.2058974399887196e-01         2.5466605314466984e-05         2.5896534970697160e-06
27                                     1.9821858868646135e-03        -4.4666327858568114e-04        -5.9996217747192659e-04         1.7807769505087554e-03        -1.3130303295938457e-02        -1.8656308840679536e-02        -3.8315024724172191e-02         6.5038950680573904e-03
28                                     9.8527132895862620e-04         5.8164684733768256e-04         7.0118107997136497e-05         5.5017769993239221e-04        -1.4425288616082603e-02        -2.1606935968200080e-02         3.4629383858382733e-03        -1.3187661789025432e-01
29                                    -1.1059970883125700e-04         1.9249298567854210e-04         2.4600887304394815e-04         4.4364965865308775e-04         9.6093731324266816e-04         1.0164640147098405e-03         1.2596432209867447e-02        -1.2307141824563216e-01
30                                     1.9821258033290725e-03        -4.4664340660101418e-04         6.0011533813541683e-04         1.7794635710566059e-03        -1.3129655281728147e-02         1.8656719601587782e-02        -3.8313125674695081e-02         6.4950204089376353e-03
31                                     9.8529770770280000e-04         5.8167798072513138e-04        -7.0049996494983297e-05         5.4869994309349537e-04        -1.4424657084491128e-02         2.1607370807324205e-02         3.4540618979824571e-03        -1.3187011651090669e-01
32                                     1.1068383467109904e-04        -1.9253942238729813e-04         2.4609519803704119e-04        -4.4356859781156249e-04        -9.6138995113389039e-04         1.0171810215663388e-03        -1.2582933930374116e-02         1.2306898480468498e-01
                                                         8                           9                          10                          11                          12                          13                          14                          15

0                                     -1.2929114530080810e-06        -2.7239403329706677e-03        -1.6462011393145854e-03        -1.2040111270237809e-07        -5.0663700779200654e-02         1.9486871086390713e-02        -2.8640192664717297e-02        -1.6411145892645185e-01
1                                     -7.5952299304343317e-07        -9.6928113977610315e-03         2.8822301562103376e-06        -3.2815730401329133e-07         1.9378566831032187e-02        -1.2782685159952750e-01         1.1786023218965749e-01        -1.3134607938307075e-01
2                                     -8.6321990858789430e-04         7.2467334488398910e-08        -4.3817065730240735e-08         1.0457324237818483e-03        -2.8011271184657977e-02         1.1745698808092736e-01        -2.1882567222390498e-01        -1.7375573105262205e-06
3                                      6.3850495524152539e-08        -3.6398680406835471e-02        -9.6443958298430277e-03        -1.0712944224665052e-06        -5.6466909525088264e-03         2.2354123893422312e-03        -5.3059497285723456e-04        -2.2195428076664074e-02
4                                     -1.2935665732342376e-06         1.6535613385901669e-02         6.8719389378170560e-03         4.8176808600204638e-07         1.7666215024707416e-02        -8.9471828113884613e-03        -7.7738158600721818e-04        -2.3597073201659408e-02
5                                     -8.2520530053162594e-02        -1.6262126112369413e-06        -4.2537964560981740e-07         2.2320409370650898e-04        -2.6784390143815531e-02         1.0872554994905718e-02         6.3139482641951157e-04        -3.1151497130932594e-07
6                                     -1.1047231278070620e-05        -7.0888270816943585e-02         2.1813174014037658e-02        -1.4486998828769298e-06         1.0078073709316039e-03        -9.6053992532100585e-04         4.3051651142792793e-04        -2.8640743312028719e-03
7                                      3.1311584712048757e-06         2.2916682168415976e-02        -4.5643309774641934e-02         8.5773191924258909e-07         1.7071694723288743e-03         4.4288376632881793e-04         1.9196879594659579e-04         4.7140387429484391e-03
8                                      5.9163268312048245e-01        -1.5004612543602780e-06         8.0236075443663646e-07        -3.5503823978566773e-02        -1.5461230196513395e-03        -5.6798457208315787e-04         1.3700559564375952e-04        -1.7740319168606415e-07
9                                     -1.5004612543602780e-06         1.4629055323083012e-01        -4.7001034194628866e-02         4.8267740512751003e-06         4.3709483428701497e-04         8.1195133051180368e-06        -1.2031122261994820e-04        -2.6870322231263843e-03
10                                     8.0236075443663646e-07        -4.7001034194628866e-02         4.7072509911879903e-02        -1.8159086335410839e-06        -4.2970946367347989e-04         3.6175954547043782e-05        -2.0583639517884748e-04        -4.0155598956469294e-04
11                                    -3.5503823978566773e-02         4.8267740512751003e-06        -1.8159086335410839e-06         2.3659396994580237e-02         4.8970518473269290e-04        -1.9263081275586056e-04         1.3046774466155439e-04        -1.1273650899463123e-07
12                                    -1.5461230196513395e-03         4.3709483428701497e-04        -4.2970946367347989e-04         4.8970518473269290e-04         5.7236183363509024e-02        -2.4914837589440009e-02         3.2458276939955066e-02         3.2655296745636082e-03
13                                    -5.6798457208315787e-04         8.1195133051180368e-06         3.6175954547043782e-05        -1.9263081275586056e-04        -2.4914837589440009e-02         1.3728871853554317e-01        -1.3056410667685897e-01         4.4222942230164215e-03
14                                     1.3700559564375952e-04        -1.2031122261994820e-04        -2.0583639517884748e-04         1.3046774466155439e-04         3.2458276939955066e-02        -1.3056410667685897e-01         2.3489123150594488e-01         2.8852669494090766e-04
15                                    -1.7740319168606415e-07        -2.6870322231263843e-03        -4.0155598956469294e-04        -1.1273650899463123e-07         3.2655296745636082e-03         4.4222942230164215e-03         2.8852669494090766e-04         1.8276135573175142e-01
16                                     8.6408190549189021e-08         1.3219543520407236e-03         1.7131179740502780e-04         4.7252690004601474e-08        -1.1285299326100881e-02        -1.2722875402801575e-02        -1.5887904736808477e-03         1.4174306325163710e-01
17                                     9.1080039162398044e-05        -1.5748538883458041e-07        -8.9240250953199551e-09         4.1631405912153057e-04         1.8828299126516995e-02         1.9282165155731015e-02         3.5169289258733588e-04         2.2131926191333584e-06
18                                     1.5461299436743134e-03         4.3713325455923624e-04        -4.2974834368644354e-04        -4.8966148562050210e-04        -6.3613721721017362e-04        -3.0987205914637206e-03        -3.3002898613780840e-03         3.2669913102324876e-03
19                                     5.6787023319339932e-04         8.1121084627724070e-06         3.6192682119600274e-05         1.9264008256844286e-04        -3.0997490845571973e-03         1.1183902460194045e-02         1.5597206675455676e-02         4.4237873098261077e-03
20                                     1.3707364926232330e-04         1.2032968768755335e-04         2.0581027031124968e-04         1.3042124264543820e-04         3.3018749313422835e-03        -1.5598831586983237e-02        -1.9812867179879262e-02        -2.8850902640506840e-04
21                                     2.0673379697292736e-02         1.5663002253705498e-03        -3.2214872639666717e-05         1.6337362161341425e-04        -5.8377851048398346e-03         2.7553860198920345e-03         3.8350244224994844e-04         1.0784719149077057e-03
22                                     2.2006961462846628e-02         2.3179151224964924e-04         1.2012822491524675e-03        -8.2771983000772291e-04         2.1316087367864722e-03        -1.0398415168633743e-05        -2.2761012230255925e-04        -1.0926961115385620e-04
23                                    -2.3086375126086015e-04         5.6232633936368660e-04        -6.2406956964192769e-04         3.2312121901742897e-04         3.7929149337064894e-04        -6.4902498056037075e-04         1.6757605389184091e-03        -5.6682982305633969e-04
24                                    -2.0672859424602751e-02         1.5663607100526310e-03        -3.2282704977740911e-05        -1.6331145329738549e-04         1.3525951808576785e-03        -2.9847012533960708e-04        -4.3147607852132581e-04         1.0783976904285867e-03
25                                    -2.2006230930522449e-02         2.3173329185007148e-04         1.2013453147108606e-03         8.2771560622682452e-04        -3.6095942454558022e-04        -9.5065559027490178e-05        -1.2532469565366272e-04        -1.0926832115567241e-04
26                                    -2.3172355607667026e-04        -5.6222605334848436e-04         6.2404527302021152e-04         3.2303865095280608e-04         3.4341963575121120e-04        -5.4929451653498024e-06         8.3560214195154206e-04         5.6691684383917973e-04
27                                     1.4253699244644251e-02        -1.8800306580682869e-02         1.8914741051631590e-02         1.7372020934032329e-02        -5.5288882966828887e-05         6.7202199656175312e-05        -9.7541372555694878e-06         2.0362368027618261e-04
28                                    -1.2371846684535656e-01         7.7074543526777766e-03        -5.4752063365350219e-03        -5.4789916706232704e-03        -1.3592467113615505e-04         3.0819230359924350e-05         7.8561051443435878e-05         1.2573508107073224e-04
29                                    -2.3631963331068206e-01        -8.1635734110352409e-04         2.5356666792127076e-03         4.6266146980109436e-03         2.7386873769335868e-05        -6.0239379983330517e-05        -1.3311329777686287e-04        -1.6096359027007682e-04
30                                    -1.4240272990877276e-02        -1.8799211894540570e-02         1.8914476373494568e-02        -1.7374125365723303e-02        -4.5960748742260803e-04         3.0102522687884244e-04        -5.3332275892121355e-04         2.0362355528520090e-04
31                                     1.2371590350625331e-01         7.7071360066508360e-03        -5.4751229666112075e-03         5.4797216188925647e-03        -6.6082293231883101e-04         6.1987384094068163e-04        -2.3469826869478884e-04         1.2578243939384733e-04
32                                    -2.3632804784621408e-01         8.1454843002790392e-04        -2.5341022701665271e-03         4.6255128520884831e-03         5.1864927038343823e-04         2.2382228699904111e-05         1.1849745543413351e-04         1.6095528397093353e-04
                                                        16                          17                          18                          19                          20                          21                          22                          23

0                                     -1.3236720986276851e-01        -1.7047319003258956e-06        -5.0668139253064272e-02         1.9496430940999405e-02         2.8651250576453083e-02        -6.3328383464096348e-03         2.6864804221578276e-03         8.0463517652555605e-05
1                                     -1.8875203751144548e-01        -2.0264087140032609e-06         1.9388132089715328e-02        -1.2783638918668255e-01        -1.1786108797344630e-01         1.8761380928261691e-02        -7.4521946521164091e-03        -1.0778936900848425e-03
2                                     -2.0371224698734502e-06        -4.5706769602072261e-02         2.8022373067208825e-02        -1.1745790636041888e-01        -2.1880910927462605e-01        -2.6096876835581904e-02         9.2185689889815008e-03         9.3649518786295650e-04
3                                      1.1669529151905028e-02        -1.0200924951818935e-06        -5.6487264618165518e-03         2.2362768993019581e-03         5.3011695594737396e-04        -4.8175397656442305e-02         1.6622814493925470e-02        -2.5774657402552824e-02
4                                      1.0956655129764936e-02        -1.1293621364180559e-06         1.7667292604164764e-02        -8.9475766208057979e-03         7.7904778581103446e-04         1.8665015404068716e-02        -1.2888882411809210e-01         1.1721129968827357e-01
