
$orca_hessian_file

$act_atom
  0

$act_coord
  0

$act_energy
        0.000000

$multiplicity
  1

$hessian
42
                    0                  1                  2                  3                  4        
    0      5.0306828146E-01  -3.6841095733E-02   3.4969733180E-02  -1.5099077688E-01  -3.8394452760E-02
    1     -3.6841095733E-02   5.5143217779E-01   1.4924750744E-02  -4.0777054711E-02  -1.0067167714E-01
    2      3.4969733180E-02   1.4924750744E-02   5.5071972687E-01   3.9103275335E-02   2.0978866281E-02
    3     -1.5099077688E-01  -4.0777054711E-02   3.9103275335E-02   4.6501057524E-01   2.1960874867E-02
    4     -3.8394452760E-02  -1.0067167714E-01   2.0978866281E-02   2.1960874867E-02   5.3242264840E-01
    5      3.7208055641E-02   2.1229692564E-02  -9.8183267497E-02  -1.0443358613E-02   1.0140177305E-02
    6     -3.4157082927E-02   8.4277610111E-03  -4.0918801960E-03  -1.5220803975E-01   3.6687982882E-02
    7     -8.3629769487E-03   8.8015816051E-03  -7.3467838407E-03   3.4758019403E-02  -9.6722507157E-02
    8      9.6142937498E-03  -8.9904218579E-03   4.8599036142E-03  -2.2549234540E-02   3.3228870184E-03
    9      1.5503290282E-03   1.4387638458E-03  -1.4756001116E-03   5.0800975513E-03   2.4923000503E-02
   10     -3.8267694340E-03  -9.7781362647E-04  -1.5316407023E-04   8.7990844149E-03  -1.7289375235E-02
   11      2.5816608022E-03  -5.5581725478E-04  -1.3044623661E-03  -5.2058363999E-03   3.0778322320E-02
   12     -4.4753031122E-03   5.4522748234E-03  -3.9513501681E-03  -4.6556564996E-02  -1.1081431811E-02
   13      2.2536200278E-03  -1.1506704445E-03   1.7546909992E-03   1.0641414403E-02   1.1735023826E-02
   14     -1.2999206143E-03   1.5589431145E-03   1.0113885095E-04  -4.6889130179E-03  -1.2080401890E-03
   15     -9.0302575516E-05   9.3856529389E-04  -7.1265706999E-04   1.0549433759E-03  -4.3550462416E-03
   16     -9.5599201977E-04   1.0413163521E-03  -3.4427799241E-05  -3.2422975601E-03   5.6855828405E-04
   17      7.8354164576E-04  -1.1086767147E-04   9.2534861130E-04   2.7387402873E-03   3.2857494997E-03
   18     -4.6509632621E-02  -9.2974903213E-04  -1.3688893530E-02  -3.5371820131E-04   1.8046939406E-03
   19     -6.8485421545E-04  -4.6667162750E-02  -1.3517242310E-02   2.9554716190E-04  -4.8156479556E-04
   20     -1.0968386788E-02  -1.3334407386E-02  -3.0943270098E-01   7.0323942129E-04  -4.8321022974E-04
   21     -2.1857514250E-01   1.0379893689E-01  -6.7612014938E-02  -2.2003277553E-02   1.3865325599E-02
   22      1.0551978363E-01  -1.0980189033E-01   4.0710215781E-02  -1.3799641697E-02   6.6281355228E-03
   23     -6.8936526988E-02   4.0867173773E-02  -7.3566860280E-02   1.2689439732E-02  -7.8981493322E-03
   24     -4.7005852457E-02  -1.5352858851E-02  -4.0705933711E-03  -3.6091121351E-03  -2.7986521848E-02
   25     -1.7945747170E-02  -2.9040430596E-01  -6.8888521654E-02  -1.9881980937E-03  -1.2856120660E-02
   26     -4.9617698668E-03  -6.9319756528E-02  -6.5568150221E-02   1.1981298557E-03   1.5110970021E-02
   27     -2.7675096922E-03  -2.7906092288E-02  -7.3406752376E-03  -4.7306869060E-02  -1.5650064480E-02
   28     -1.3994588643E-03  -1.1168862174E-02  -2.5334826603E-03  -1.6834043532E-02  -2.8334477663E-01
   29      7.4973569237E-04   1.3832480700E-02   2.9488902882E-03  -3.1832544749E-03  -6.2373112920E-02
   30      3.6995477284E-04   1.1725527486E-03   2.9288368041E-02  -4.6431493375E-02  -7.8596704740E-04
   31      4.8263741553E-04  -2.0998588392E-04   1.3959219687E-02  -7.3187857906E-04  -4.0192451394E-02
   32      3.7275962843E-04  -2.2439636123E-04  -1.1388362766E-02  -9.7203376895E-03  -1.1077325412E-02
   33     -3.7111420825E-04   4.4800961068E-04  -3.2438069084E-04  -1.0161308984E-03  -1.0185028063E-03
   34      1.6893995609E-04  -1.6022346617E-04   1.1887548846E-04   5.6724938791E-04   6.3667007842E-04
   35     -1.0618649518E-04   1.0264513834E-04  -6.2970841416E-05  -3.5051369473E-04  -2.2985534677E-04
   36     -2.8172756605E-05  -6.7523855928E-05  -1.7961720359E-04  -3.8544605839E-04  -5.7101777281E-04
   37      4.1239370933E-05   2.7332499898E-06   7.0918181175E-05   2.9465136449E-04  -2.4105634190E-04
   38      2.1781061974E-05  -3.1908155349E-05  -4.9547257979E-05  -3.3063704563E-05   2.2315407952E-05
   39     -1.7675534359E-05   1.6452377116E-04   9.4755957638E-05  -2.8418726390E-04   5.4573797924E-04
   40     -2.1886780269E-05  -6.5217210323E-05  -3.9577605010E-05   1.1166216602E-04  -1.9150675342E-04
   41     -3.7240646819E-05   4.7551958529E-05   1.3139825479E-06  -2.9744445170E-04  -3.4800413400E-04
                    5                  6                  7                  8                  9        
    0      3.7208055641E-02  -3.4157082927E-02  -8.3629769487E-03   9.6142937498E-03   1.5503290282E-03
    1      2.1229692564E-02   8.4277610111E-03   8.8015816051E-03  -8.9904218579E-03   1.4387638458E-03
    2     -9.8183267497E-02  -4.0918801960E-03  -7.3467838407E-03   4.8599036142E-03  -1.4756001116E-03
    3     -1.0443358613E-02  -1.5220803975E-01   3.4758019403E-02  -2.2549234540E-02   5.0800975513E-03
    4      1.0140177305E-02   3.6687982882E-02  -9.6722507157E-02   3.3228870184E-03   2.4923000503E-02
    5      5.3596681178E-01  -2.3618284463E-02   3.2518425357E-03  -8.9944228680E-02  -1.7426415601E-02
    6     -2.3618284463E-02   5.5812172706E-01  -6.2447956538E-02   2.6005619847E-02  -1.2029578511E-01
    7      3.2518425357E-03  -6.2447956538E-02   6.8438237718E-01  -3.4137229966E-01   4.0488158622E-02
    8     -8.9944228680E-02   2.6005619847E-02  -3.4137229966E-01   4.9205904362E-01  -2.8096816097E-02
    9     -1.7426415601E-02  -1.2029578511E-01   4.0488158622E-02  -2.8096816097E-02   1.1331248781E-01
   10      3.1615790632E-02   5.1630518772E-02  -4.6954641769E-01   2.9468282715E-01  -2.4359233156E-02
   11      1.4032845948E-03  -3.6585316373E-02   2.9558398815E-01  -3.0294593094E-01   1.3154062726E-02
   12      1.2048887709E-02  -1.9631257176E-01  -3.7420578584E-02   3.7480061705E-02   1.2635711499E-03
   13     -2.7632170117E-03  -2.3905259317E-02  -1.1484548838E-01   3.8712993734E-02  -4.4518380646E-02
   14      1.0666752425E-02   2.6949305696E-02   3.9464193827E-02  -9.8324532399E-02   3.5755106614E-02
   15      3.7445664159E-03  -6.9104229158E-02  -5.4123071175E-04   4.9133898250E-03   5.2041739928E-03
   16      3.3254090774E-03  -6.1885366627E-03   1.6442940220E-02  -1.1349405027E-02  -3.8274475629E-03
   17      1.9984843553E-03   9.1061274500E-03  -1.1767992005E-02   9.6118057481E-03   2.0522563166E-03
   18      2.9535990184E-02   1.2274534846E-03  -1.1944186613E-03   2.4709525279E-03  -9.7381110527E-05
   19      1.5446801026E-02   6.5717157167E-04   7.6062266347E-04  -7.8591386054E-04  -2.6714445045E-04
   20     -1.2678761878E-02  -1.1803400421E-03   1.9395260451E-03  -1.1812330360E-03  -4.4353135487E-04
   21     -9.2319950747E-03  -1.1748768799E-03  -3.4751601528E-03   2.9808108302E-03  -1.0712334438E-05
   22     -5.4511743576E-03  -2.0148179339E-03  -2.8144424783E-03   2.8886422957E-03   1.0482826858E-03
   23      3.4151288954E-03   1.7746903839E-03   2.9763303384E-03  -1.9124127531E-03  -7.7665405778E-04
   24     -8.1184288156E-03   1.0608371050E-03  -3.0155035747E-03   6.6020049446E-04  -1.0579883347E-05
   25     -2.9800386337E-03   1.1756765280E-03  -1.3261197949E-03   1.2450058027E-03   5.0317023346E-04
   26      3.0051661124E-03  -4.6873833664E-04  -9.5253722325E-04   8.4335848612E-04   3.8418671120E-04
   27     -3.0837446836E-03   4.8037861502E-03   2.8528892586E-02   1.0837694367E-02  -3.7842074687E-03
   28     -6.3803015999E-02  -2.1797269455E-03  -1.9365311500E-02  -3.0716418974E-03   3.0964800329E-03
   29     -5.6456764829E-02  -6.9530057426E-04   1.2593202188E-02   1.7669412145E-03  -2.3211570659E-03
   30     -1.1422786267E-02   1.3264718405E-03  -4.5698344765E-03  -3.0677127521E-02  -3.0821845246E-03
   31     -9.3532328451E-03   1.5731873695E-03  -8.2217484601E-04   1.9115049295E-02   2.8194600522E-03
   32     -2.9906682298E-01   2.6152676527E-04   1.3825499798E-03  -1.3350896329E-02  -1.9185202423E-03
   33      8.7824540163E-04  -1.7338219572E-03   5.6837522870E-03  -4.2862613591E-03   1.3402048367E-03
   34     -3.5143397059E-04   2.5270918162E-03  -3.6247453129E-03   2.8102923916E-03  -2.0513219296E-03
   35      4.6229567423E-04  -1.7411770247E-03   2.6199453314E-03  -1.6689751830E-03   1.5688825886E-03
   36     -7.9727191560E-04   4.2260077544E-03   6.5747242057E-03  -3.2341986466E-03  -2.4961142592E-04
   37     -3.1106854609E-04  -3.9569744941E-03  -2.0900687934E-03   2.9078153545E-03  -3.8282755168E-04
   38     -2.4848191286E-04   6.7848265222E-04  -1.5012029908E-03   1.5289785954E-03  -1.2102290527E-03
   39      7.6567203710E-04   4.2201241427E-03   4.9359198966E-03  -5.9551615171E-03  -2.2040251022E-04
   40     -1.8122063895E-05  -1.9279254106E-03   7.6975429526E-04  -1.8472227640E-04   1.0212545453E-03
   41     -3.3959606035E-04   3.4410605493E-03   3.1981288667E-03  -1.3418219549E-03   8.1404598766E-04
                   10                 11                 12                 13                 14        
    0     -3.8267694340E-03   2.5816608022E-03  -4.4753031122E-03   2.2536200278E-03  -1.2999206143E-03
    1     -9.7781362647E-04  -5.5581725478E-04   5.4522748234E-03  -1.1506704445E-03   1.5589431145E-03
    2     -1.5316407023E-04  -1.3044623661E-03  -3.9513501681E-03   1.7546909992E-03   1.0113885095E-04
    3      8.7990844149E-03  -5.2058363999E-03  -4.6556564996E-02   1.0641414403E-02  -4.6889130179E-03
    4     -1.7289375235E-02   3.0778322320E-02  -1.1081431811E-02   1.1735023826E-02  -1.2080401890E-03
    5      3.1615790632E-02   1.4032845948E-03   1.2048887709E-02  -2.7632170117E-03   1.0666752425E-02
    6      5.1630518772E-02  -3.6585316373E-02  -1.9631257176E-01  -2.3905259317E-02   2.6949305696E-02
    7     -4.6954641769E-01   2.9558398815E-01  -3.7420578584E-02  -1.1484548838E-01   3.9464193827E-02
    8      2.9468282715E-01  -3.0294593094E-01   3.7480061705E-02   3.8712993734E-02  -9.8324532399E-02
    9     -2.4359233156E-02   1.3154062726E-02   1.2635711499E-03  -4.4518380646E-02   3.5755106614E-02
   10      5.2849170118E-01  -3.7743663694E-01  -4.5485084880E-02  -3.7171064205E-02   5.3687008271E-02
   11     -3.7743663694E-01   3.2011727388E-01   3.6455563136E-02   5.3683614934E-02  -1.4054328496E-02
   12     -4.5485084880E-02   3.6455563136E-02   4.6689871507E-01   3.5260289724E-03  -2.8176905484E-02
   13     -3.7171064205E-02   5.3683614934E-02   3.5260289724E-03   2.4396726352E-01  -1.2757565642E-01
   14      5.3687008271E-02  -1.4054328496E-02  -2.8176905484E-02  -1.2757565642E-01   1.7672115646E-01
   15      1.2550144371E-02  -1.0366378810E-02  -1.4109144064E-01   2.7313123217E-02  -1.5918696776E-02
   16     -7.0410802513E-03   6.8296673077E-04   4.8036775536E-02  -1.0209364926E-01   2.4890968299E-02
   17     -3.0006349221E-04  -6.3743042204E-03  -3.1870766083E-02   2.6338216606E-02  -8.3461189169E-02
   18      8.2087681577E-04  -1.1800003893E-03   2.6405448062E-04   1.8609258453E-04  -4.6934679454E-04
   19     -7.0007584240E-05   2.5399743061E-04  -2.3252959640E-04  -3.5859459458E-04   1.3954002293E-04
   20     -1.0036587763E-03   1.3193756678E-03   2.3385737171E-04  -4.5747732753E-04   2.6211972632E-04
   21     -1.1682202642E-04   1.0693324170E-04  -2.6578630727E-03   7.1166343781E-04  -3.6979044718E-04
   22      1.0816784456E-03  -6.3343573640E-04  -9.4368450244E-04   7.6652061377E-04  -4.6615463578E-04
   23     -5.1957101563E-04   8.7382706340E-04   9.9572404099E-04  -5.9618270465E-04   4.8612451977E-04
   24      1.5197075700E-03  -5.5816263395E-04   3.3012210897E-04   5.8166693216E-04  -2.0390856488E-04
   25      1.3024419784E-03  -6.2668225837E-04  -2.9240149712E-04   3.0049066871E-04  -2.7299654998E-04
   26      3.8760329770E-04  -1.6559438005E-04   1.4529515408E-04   2.4105558197E-04  -3.6611494250E-04
   27      3.3733233664E-04  -4.6497886733E-03  -2.1001755208E-03  -1.6877305768E-03  -1.0495706196E-03
   28      9.4706608945E-04   1.1480252070E-03  -9.1987536534E-04   1.7760886808E-03   2.8396316601E-04
   29      5.0363489472E-04  -2.3648068374E-03   1.3087948186E-03  -2.2902311069E-06   2.6646964348E-05
   30      4.4098935445E-03   1.4368405363E-03  -1.8774564829E-03   7.3077292437E-04   2.2299307343E-03
   31     -3.1998005971E-03  -9.3906312098E-04  -1.3059957903E-03   1.1672654651E-04  -4.6370605607E-04
   32     -3.9070627429E-05   1.3278732548E-03   8.6062999900E-04  -1.4598767775E-04   1.3890703894E-03
   33     -7.6083883391E-04   5.2947854988E-04  -3.6631111201E-02  -1.4136610830E-02   1.2892273131E-02
   34      1.6439289006E-03  -6.0771425804E-04   1.8013927777E-02   9.3393878019E-03  -8.0469681864E-03
   35     -6.9641882148E-04   1.1151942792E-03  -1.1381775671E-02  -6.1288930098E-03   5.3470418337E-03
   36     -2.5568180079E-03   2.1627766481E-03  -1.6988997096E-02   3.5546961261E-02   8.8109531629E-03
   37      1.7922974336E-03  -1.2425646571E-03   1.4098115303E-02  -1.1220382842E-02   5.9278613830E-04
   38      7.5148622442E-04  -2.8436000892E-04  -2.4601175870E-03   1.2755524409E-02   4.2136502879E-03
   39     -2.8942067103E-03   2.0585502791E-03  -2.0064978917E-02   2.8097286541E-03  -3.4557347899E-02
   40      3.6445166513E-05   1.5486685910E-05   8.5013685683E-03  -1.1616519219E-03   1.7360124462E-02
   41     -1.5842539608E-03   1.3369585106E-03  -1.1591068062E-02   4.2396028572E-03  -3.0075364474E-03
                   15                 16                 17                 18                 19        
    0     -9.0302575516E-05  -9.5599201977E-04   7.8354164576E-04  -4.6509632621E-02  -6.8485421545E-04
    1      9.3856529389E-04   1.0413163521E-03  -1.1086767147E-04  -9.2974903213E-04  -4.6667162750E-02
    2     -7.1265706999E-04  -3.4427799241E-05   9.2534861130E-04  -1.3688893530E-02  -1.3517242310E-02
    3      1.0549433759E-03  -3.2422975601E-03   2.7387402873E-03  -3.5371820131E-04   2.9554716190E-04
    4     -4.3550462416E-03   5.6855828405E-04   3.2857494997E-03   1.8046939406E-03  -4.8156479556E-04
    5      3.7445664159E-03   3.3254090774E-03   1.9984843553E-03   2.9535990184E-02   1.5446801026E-02
    6     -6.9104229158E-02  -6.1885366627E-03   9.1061274500E-03   1.2274534846E-03   6.5717157167E-04
    7     -5.4123071175E-04   1.6442940220E-02  -1.1767992005E-02  -1.1944186613E-03   7.6062266347E-04
    8      4.9133898250E-03  -1.1349405027E-02   9.6118057481E-03   2.4709525279E-03  -7.8591386054E-04
    9      5.2041739928E-03  -3.8274475629E-03   2.0522563166E-03  -9.7381110527E-05  -2.6714445045E-04
   10      1.2550144371E-02  -7.0410802513E-03  -3.0006349221E-04   8.2087681577E-04  -7.0007584240E-05
   11     -1.0366378810E-02   6.8296673077E-04  -6.3743042204E-03  -1.1800003893E-03   2.5399743061E-04
   12     -1.4109144064E-01   4.8036775536E-02  -3.1870766083E-02   2.6405448062E-04  -2.3252959640E-04
   13      2.7313123217E-02  -1.0209364926E-01   2.6338216606E-02   1.8609258453E-04  -3.5859459458E-04
   14     -1.5918696776E-02   2.4890968299E-02  -8.3461189169E-02  -4.6934679454E-04   1.3954002293E-04
   15      4.6501567313E-01   7.4732688122E-02  -4.9854020158E-02  -1.3774252906E-05   1.2354462191E-04
   16      7.4732688122E-02   5.6339551412E-01   5.9049675412E-03  -5.1583545863E-06  -3.1307076243E-05
   17     -4.9854020158E-02   5.9049675412E-03   5.7581864794E-01  -1.3731286086E-04  -2.8592982835E-05
   18     -1.3774252906E-05  -5.1583545863E-06  -1.3731286086E-04   5.0875644012E-02   3.8234853226E-03
   19      1.2354462191E-04  -3.1307076243E-05  -2.8592982835E-05   3.8234853226E-03   4.7645189816E-02
   20     -5.7320670909E-05   3.1642122889E-05  -1.2902260018E-05   9.9496121951E-03   1.2269690675E-02
   21      5.5772075694E-05  -4.1189800257E-04   3.0000344626E-04  -4.7446809579E-04  -2.7552476155E-04
   22     -3.0532392997E-04  -1.3519570521E-04   1.2630928959E-04  -2.9234695705E-03  -1.0383363324E-06
   23      2.3109539563E-04   1.6040733818E-04  -1.1203410448E-04  -2.6138941205E-02   1.6237080572E-02
   24     -1.7076828740E-05   1.4183316607E-04   4.3700690128E-05  -1.2017168498E-03  -1.4022712742E-03
   25      8.1056681261E-05  -2.4973542889E-05   2.9668305320E-05   4.5274628727E-04  -7.2056261276E-04
   26     -1.1947551475E-04  -2.5709816622E-05  -2.6230667090E-05  -1.9212558500E-03  -3.1476019681E-02
   27      3.7260121221E-04  -3.0839217570E-04  -3.8314814855E-04   1.1964701629E-03   7.2946949200E-04
   28      6.6632320461E-04   4.2029611228E-04   6.2928248594E-04   2.1015055110E-04   3.4587806259E-04
   29     -3.3204210347E-05  -1.0680333806E-04  -3.4293688109E-04  -5.2602575746E-04   3.5190896338E-04
   30      3.6248822117E-04   3.4289207577E-04   4.6941576390E-04  -4.8616267668E-03  -2.7319407332E-03
   31      1.2368065775E-04  -4.3941810663E-04  -3.4088578034E-04  -2.2633208211E-03  -4.5064694660E-04
   32     -6.0904394435E-04   4.3910707232E-04   5.0355359949E-04   2.1417839861E-03   1.1573344983E-03
   33     -1.6577211306E-01  -1.0168054403E-01   8.2940860753E-02   2.9985657714E-05  -2.7586278338E-06
   34     -1.1137163363E-01  -1.3956929112E-01   7.2364440998E-02   8.5566523853E-06  -7.9847567377E-06
   35      9.0181340782E-02   7.1810652406E-02  -1.1093871145E-01  -9.5313685903E-06   1.2690182417E-05
   36     -4.7289533149E-02  -5.1913286872E-03  -1.1157548946E-03  -2.2138313848E-06  -7.0111479440E-06
   37      1.9449227582E-03  -2.8272424986E-01  -8.1730008820E-02  -3.9593298818E-06   2.9518224279E-06
   38      1.3456450869E-03  -8.2545581883E-02  -7.8064933622E-02   1.7033055398E-05  -2.0132477740E-05
   39     -4.8687182338E-02  -1.4420518127E-03  -1.5079712979E-02  -7.9076067959E-05  -2.3744343004E-05
   40     -1.9013564430E-03  -4.9809460168E-02  -1.4382393032E-02   1.2034595344E-05   3.4227088331E-05
   41     -2.2739171579E-02  -1.3202023666E-02  -3.0952459788E-01  -1.8700632829E-05  -1.0530006371E-05
                   20                 21                 22                 23                 24        
    0     -1.0968386788E-02  -2.1857514250E-01   1.0551978363E-01  -6.8936526988E-02  -4.7005852457E-02
    1     -1.3334407386E-02   1.0379893689E-01  -1.0980189033E-01   4.0867173773E-02  -1.5352858851E-02
    2     -3.0943270098E-01  -6.7612014938E-02   4.0710215781E-02  -7.3566860280E-02  -4.0705933711E-03
    3      7.0323942129E-04  -2.2003277553E-02  -1.3799641697E-02   1.2689439732E-02  -3.6091121351E-03
    4     -4.8321022974E-04   1.3865325599E-02   6.6281355228E-03  -7.8981493322E-03  -2.7986521848E-02
    5     -1.2678761878E-02  -9.2319950747E-03  -5.4511743576E-03   3.4151288954E-03  -8.1184288156E-03
    6     -1.1803400421E-03  -1.1748768799E-03  -2.0148179339E-03   1.7746903839E-03   1.0608371050E-03
    7      1.9395260451E-03  -3.4751601528E-03  -2.8144424783E-03   2.9763303384E-03  -3.0155035747E-03
    8     -1.1812330360E-03   2.9808108302E-03   2.8886422957E-03  -1.9124127531E-03   6.6020049446E-04
    9     -4.4353135487E-04  -1.0712334438E-05   1.0482826858E-03  -7.7665405778E-04  -1.0579883347E-05
   10     -1.0036587763E-03  -1.1682202642E-04   1.0816784456E-03  -5.1957101563E-04   1.5197075700E-03
   11      1.3193756678E-03   1.0693324170E-04  -6.3343573640E-04   8.7382706340E-04  -5.5816263395E-04
   12      2.3385737171E-04  -2.6578630727E-03  -9.4368450244E-04   9.9572404099E-04   3.3012210897E-04
   13     -4.5747732753E-04   7.1166343781E-04   7.6652061377E-04  -5.9618270465E-04   5.8166693216E-04
   14      2.6211972632E-04  -3.6979044718E-04  -4.6615463578E-04   4.8612451977E-04  -2.0390856488E-04
   15     -5.7320670909E-05   5.5772075694E-05  -3.0532392997E-04   2.3109539563E-04  -1.7076828740E-05
   16      3.1642122889E-05  -4.1189800257E-04  -1.3519570521E-04   1.6040733818E-04   1.4183316607E-04
   17     -1.2902260018E-05   3.0000344626E-04   1.2630928959E-04  -1.1203410448E-04   4.3700690128E-05
   18      9.9496121951E-03  -4.7446809579E-04  -2.9234695705E-03  -2.6138941205E-02  -1.2017168498E-03
   19      1.2269690675E-02  -2.7552476155E-04  -1.0383363324E-06   1.6237080572E-02  -1.4022712742E-03
   20      3.3607346752E-01   1.8425316162E-04  -1.1818398397E-03  -7.8840708034E-03  -6.9757561367E-04
   21      1.8425316162E-04   2.4093168463E-01  -1.1269323656E-01   7.2605779393E-02   2.5870398966E-03
   22     -1.1818398397E-03  -1.1269323656E-01   1.1600590090E-01  -4.6220712149E-02   2.5055696332E-02
   23     -7.8840708034E-03   7.2605779393E-02  -4.6220712149E-02   7.5939285963E-02   8.4782218018E-03
   24     -6.9757561367E-04   2.5870398966E-03   2.5055696332E-02   8.4782218018E-03   5.1506043907E-02
   25      4.5787893203E-04  -1.7542309734E-03  -1.2825042615E-02  -4.2818426981E-03   2.1857783057E-02
   26     -7.7689453390E-03   1.4282781423E-03   1.1007819715E-02   1.8602132075E-03   2.2373347548E-03
   27      2.0752620247E-05   7.5330293519E-04   4.2794360589E-04  -6.9216668065E-04  -4.7779027440E-03
   28      3.4054932286E-04  -2.4204086395E-04   6.6286588156E-04  -5.5080156519E-05  -1.9804582787E-03
   29      4.8366683980E-04  -6.3295258350E-04  -5.4212763187E-04   3.6638556191E-04   2.3627531767E-03
   30      2.1382775569E-03   8.5486984553E-04   7.3137727939E-04  -3.4745388328E-04   1.2021315031E-03
   31      1.4136851108E-03   4.7794428897E-04   3.8560671328E-04  -6.0831659759E-04   5.2519684123E-04
   32      7.8830433908E-04   3.2052286996E-04  -1.9857359705E-04   5.0926370529E-04  -1.3476810344E-04
   33      1.8070217401E-05  -2.0366955722E-04  -9.2088956769E-05   9.0514658189E-05   2.6272695620E-05
   34     -1.5595545810E-05   6.2280040404E-05   5.0158212806E-05  -5.3414504701E-05   9.9120276935E-06
   35      6.0072709566E-06  -3.6196039507E-05  -4.1413187827E-05   2.4450027057E-05  -7.9574217812E-06
   36      3.4237757415E-05  -3.9617244343E-05  -1.9460986035E-05   2.0688928845E-05  -7.9279374226E-05
   37      2.6809643201E-06   5.2227336084E-05   4.7442257980E-06  -1.3727049022E-05   2.8165380523E-05
   38     -5.2806630595E-06  -1.6591092111E-05   1.4761133575E-05  -8.1446236008E-06   3.1042926534E-06
   39      3.9490607876E-05  -4.3042147973E-05  -2.5159521918E-05   2.2072548288E-05  -1.0926943814E-05
   40     -1.0076121319E-05   3.4335869813E-05  -8.0010462446E-06   5.6763971021E-06  -1.8863084032E-05
   41      3.0953595048E-05  -4.3524976984E-05  -1.1989290645E-05   8.8436209806E-06  -5.1497349454E-06
                   25                 26                 27                 28                 29        
    0     -1.7945747170E-02  -4.9617698668E-03  -2.7675096922E-03  -1.3994588643E-03   7.4973569237E-04
    1     -2.9040430596E-01  -6.9319756528E-02  -2.7906092288E-02  -1.1168862174E-02   1.3832480700E-02
    2     -6.8888521654E-02  -6.5568150221E-02  -7.3406752376E-03  -2.5334826603E-03   2.9488902882E-03
    3     -1.9881980937E-03   1.1981298557E-03  -4.7306869060E-02  -1.6834043532E-02  -3.1832544749E-03
    4     -1.2856120660E-02   1.5110970021E-02  -1.5650064480E-02  -2.8334477663E-01  -6.2373112920E-02
    5     -2.9800386337E-03   3.0051661124E-03  -3.0837446836E-03  -6.3803015999E-02  -5.6456764829E-02
    6      1.1756765280E-03  -4.6873833664E-04   4.8037861502E-03  -2.1797269455E-03  -6.9530057426E-04
    7     -1.3261197949E-03  -9.5253722325E-04   2.8528892586E-02  -1.9365311500E-02   1.2593202188E-02
    8      1.2450058027E-03   8.4335848612E-04   1.0837694367E-02  -3.0716418974E-03   1.7669412145E-03
    9      5.0317023346E-04   3.8418671120E-04  -3.7842074687E-03   3.0964800329E-03  -2.3211570659E-03
   10      1.3024419784E-03   3.8760329770E-04   3.3733233664E-04   9.4706608945E-04   5.0363489472E-04
   11     -6.2668225837E-04  -1.6559438005E-04  -4.6497886733E-03   1.1480252070E-03  -2.3648068374E-03
   12     -2.9240149712E-04   1.4529515408E-04  -2.1001755208E-03  -9.1987536534E-04   1.3087948186E-03
   13      3.0049066871E-04   2.4105558197E-04  -1.6877305768E-03   1.7760886808E-03  -2.2902311069E-06
   14     -2.7299654998E-04  -3.6611494250E-04  -1.0495706196E-03   2.8396316601E-04   2.6646964348E-05
   15      8.1056681261E-05  -1.1947551475E-04   3.7260121221E-04   6.6632320461E-04  -3.3204210347E-05
   16     -2.4973542889E-05  -2.5709816622E-05  -3.0839217570E-04   4.2029611228E-04  -1.0680333806E-04
   17      2.9668305320E-05  -2.6230667090E-05  -3.8314814855E-04   6.2928248594E-04  -3.4293688109E-04
   18      4.5274628727E-04  -1.9212558500E-03   1.1964701629E-03   2.1015055110E-04  -5.2602575746E-04
   19     -7.2056261276E-04  -3.1476019681E-02   7.2946949200E-04   3.4587806259E-04   3.5190896338E-04
   20      4.5787893203E-04  -7.7689453390E-03   2.0752620247E-05   3.4054932286E-04   4.8366683980E-04
   21     -1.7542309734E-03   1.4282781423E-03   7.5330293519E-04  -2.4204086395E-04  -6.3295258350E-04
   22     -1.2825042615E-02   1.1007819715E-02   4.2794360589E-04   6.6286588156E-04  -5.4212763187E-04
   23     -4.2818426981E-03   1.8602132075E-03  -6.9216668065E-04  -5.5080156519E-05   3.6638556191E-04
   24      2.1857783057E-02   2.2373347548E-03  -4.7779027440E-03  -1.9804582787E-03   2.3627531767E-03
   25      3.1560723312E-01   7.3368418048E-02  -2.0668831098E-03   5.9291282186E-04   1.6191254833E-03
   26      7.3368418048E-02   6.7873725390E-02   2.8282596150E-03   1.3396722015E-03  -3.2438059481E-04
   27     -2.0668831098E-03   2.8282596150E-03   5.4031190329E-02   1.9863862064E-02   4.0028558307E-03
   28      5.9291282186E-04   1.3396722015E-03   1.9863862064E-02   3.1063265033E-01   6.6001760811E-02
   29      1.6191254833E-03  -3.2438059481E-04   4.0028558307E-03   6.6001760811E-02   6.2438977194E-02
   30      1.0254982891E-04  -7.6102245589E-04  -3.6965051783E-04  -2.5673047063E-05  -1.0958635642E-03
   31      3.0994728436E-04   3.7008901786E-04  -2.2947527613E-03  -1.5471174650E-03  -3.1905433109E-02
   32      3.1453772759E-04   6.1774866577E-04  -5.8630589784E-04  -1.3380014392E-04  -8.5424419560E-03
   33     -2.0292329183E-05  -3.6749510529E-06  -1.1611182614E-05   5.6325808267E-06   4.8799859094E-05
   34      7.0338533531E-06   1.4560530068E-05  -5.4564742502E-05   1.0302972937E-05  -2.8554002462E-05
   35     -1.0197398033E-05  -6.7060808367E-06   9.6164038385E-06  -1.5157403033E-05   8.3512785604E-06
   36     -3.5145678835E-05   2.5774181922E-05   9.6761107513E-05  -2.9801809194E-04   8.8075483831E-05
   37      3.6642028986E-05  -1.8006833456E-05   1.8592504480E-05   1.0616280408E-04   1.5229952694E-05
   38     -4.1872192497E-06   2.7398444721E-05   2.2342191599E-07  -2.3619411110E-05  -3.3150900099E-05
   39     -3.3568160754E-05  -9.2391050345E-08  -1.3618571057E-04   6.7842617173E-05  -6.3372382862E-05
   40      4.2343370819E-07  -2.0980242148E-05   3.1391482331E-05  -6.8155977447E-05   3.9233440662E-05
   41      2.6540226875E-06  -1.4880819108E-06   7.6113434606E-05  -1.0571072306E-04   2.4622656897E-05
                   30                 31                 32                 33                 34        
    0      3.6995477284E-04   4.8263741553E-04   3.7275962843E-04  -3.7111420825E-04   1.6893995609E-04
    1      1.1725527486E-03  -2.0998588392E-04  -2.2439636123E-04   4.4800961068E-04  -1.6022346617E-04
    2      2.9288368041E-02   1.3959219687E-02  -1.1388362766E-02  -3.2438069084E-04   1.1887548846E-04
    3     -4.6431493375E-02  -7.3187857906E-04  -9.7203376895E-03  -1.0161308984E-03   5.6724938791E-04
    4     -7.8596704740E-04  -4.0192451394E-02  -1.1077325412E-02  -1.0185028063E-03   6.3667007842E-04
    5     -1.1422786267E-02  -9.3532328451E-03  -2.9906682298E-01   8.7824540163E-04  -3.5143397059E-04
    6      1.3264718405E-03   1.5731873695E-03   2.6152676527E-04  -1.7338219572E-03   2.5270918162E-03
    7     -4.5698344765E-03  -8.2217484601E-04   1.3825499798E-03   5.6837522870E-03  -3.6247453129E-03
    8     -3.0677127521E-02   1.9115049295E-02  -1.3350896329E-02  -4.2862613591E-03   2.8102923916E-03
    9     -3.0821845246E-03   2.8194600522E-03  -1.9185202423E-03   1.3402048367E-03  -2.0513219296E-03
   10      4.4098935445E-03  -3.1998005971E-03  -3.9070627429E-05  -7.6083883391E-04   1.6439289006E-03
   11      1.4368405363E-03  -9.3906312098E-04   1.3278732548E-03   5.2947854988E-04  -6.0771425804E-04
   12     -1.8774564829E-03  -1.3059957903E-03   8.6062999900E-04  -3.6631111201E-02   1.8013927777E-02
   13      7.3077292437E-04   1.1672654651E-04  -1.4598767775E-04  -1.4136610830E-02   9.3393878019E-03
   14      2.2299307343E-03  -4.6370605607E-04   1.3890703894E-03   1.2892273131E-02  -8.0469681864E-03
   15      3.6248822117E-04   1.2368065775E-04  -6.0904394435E-04  -1.6577211306E-01  -1.1137163363E-01
   16      3.4289207577E-04  -4.3941810663E-04   4.3910707232E-04  -1.0168054403E-01  -1.3956929112E-01
   17      4.6941576390E-04  -3.4088578034E-04   5.0355359949E-04   8.2940860753E-02   7.2364440998E-02
   18     -4.8616267668E-03  -2.2633208211E-03   2.1417839861E-03   2.9985657714E-05   8.5566523853E-06
   19     -2.7319407332E-03  -4.5064694660E-04   1.1573344983E-03  -2.7586278338E-06  -7.9847567377E-06
   20      2.1382775569E-03   1.4136851108E-03   7.8830433908E-04   1.8070217401E-05  -1.5595545810E-05
   21      8.5486984553E-04   4.7794428897E-04   3.2052286996E-04  -2.0366955722E-04   6.2280040404E-05
   22      7.3137727939E-04   3.8560671328E-04  -1.9857359705E-04  -9.2088956769E-05   5.0158212806E-05
   23     -3.4745388328E-04  -6.0831659759E-04   5.0926370529E-04   9.0514658189E-05  -5.3414504701E-05
   24      1.2021315031E-03   5.2519684123E-04  -1.3476810344E-04   2.6272695620E-05   9.9120276935E-06
   25      1.0254982891E-04   3.0994728436E-04   3.1453772759E-04  -2.0292329183E-05   7.0338533531E-06
   26     -7.6102245589E-04   3.7008901786E-04   6.1774866577E-04  -3.6749510529E-06   1.4560530068E-05
   27     -3.6965051783E-04  -2.2947527613E-03  -5.8630589784E-04  -1.1611182614E-05  -5.4564742502E-05
   28     -2.5673047063E-05  -1.5471174650E-03  -1.3380014392E-04   5.6325808267E-06   1.0302972937E-05
   29     -1.0958635642E-03  -3.1905433109E-02  -8.5424419560E-03   4.8799859094E-05  -2.8554002462E-05
   30      5.2598404786E-02   7.0381930870E-04   8.7949783514E-03  -1.8882839609E-05  -2.0407630718E-05
   31      7.0381930870E-04   4.6011811625E-02   8.6972113693E-03  -4.4949230024E-05   2.1505317972E-05
   32      8.7949783514E-03   8.6972113693E-03   3.2721742202E-01  -1.5334260190E-05  -7.8625950890E-06
   33     -1.8882839609E-05  -4.4949230024E-05  -1.5334260190E-05   1.9697372493E-01   1.0941703714E-01
   34     -2.0407630718E-05   2.1505317972E-05  -7.8625950890E-06   1.0941703714E-01   1.4282357084E-01
   35      5.0240359344E-05  -3.0598692141E-05  -2.5170036268E-06  -9.0961718437E-02  -7.8673324684E-02
   36     -1.8539360460E-04   9.5150712468E-05  -5.9751313104E-05   2.8163986812E-03  -1.9508148664E-02
   37     -4.8683419499E-05   3.3811855125E-05  -6.7145651502E-05   1.4578551431E-04  -1.2760627585E-02
   38     -4.5425066478E-05   5.7249520232E-05  -7.6308452099E-05  -5.8111493154E-04   1.5073972134E-02
   39      1.1236714228E-04  -1.5884236761E-04   2.5205657410E-04   4.5718680970E-03   2.3562796988E-03
   40     -1.2688452734E-05  -1.7814102776E-05  -7.3300582668E-05   1.9311706117E-03   1.5903142656E-03
   41     -1.8569309997E-05   5.4542025090E-06   7.4113504698E-05  -1.1135475062E-03  -2.5974584665E-03
                   35                 36                 37                 38                 39        
    0     -1.0618649518E-04  -2.8172756605E-05   4.1239370933E-05   2.1781061974E-05  -1.7675534359E-05
    1      1.0264513834E-04  -6.7523855928E-05   2.7332499898E-06  -3.1908155349E-05   1.6452377116E-04
    2     -6.2970841416E-05  -1.7961720359E-04   7.0918181175E-05  -4.9547257979E-05   9.4755957638E-05
    3     -3.5051369473E-04  -3.8544605839E-04   2.9465136449E-04  -3.3063704563E-05  -2.8418726390E-04
    4     -2.2985534677E-04  -5.7101777281E-04  -2.4105634190E-04   2.2315407952E-05   5.4573797924E-04
    5      4.6229567423E-04  -7.9727191560E-04  -3.1106854609E-04  -2.4848191286E-04   7.6567203710E-04
    6     -1.7411770247E-03   4.2260077544E-03  -3.9569744941E-03   6.7848265222E-04   4.2201241427E-03
    7      2.6199453314E-03   6.5747242057E-03  -2.0900687934E-03  -1.5012029908E-03   4.9359198966E-03
    8     -1.6689751830E-03  -3.2341986466E-03   2.9078153545E-03   1.5289785954E-03  -5.9551615171E-03
    9      1.5688825886E-03  -2.4961142592E-04  -3.8282755168E-04  -1.2102290527E-03  -2.2040251022E-04
   10     -6.9641882148E-04  -2.5568180079E-03   1.7922974336E-03   7.5148622442E-04  -2.8942067103E-03
   11      1.1151942792E-03   2.1627766481E-03  -1.2425646571E-03  -2.8436000892E-04   2.0585502791E-03
   12     -1.1381775671E-02  -1.6988997096E-02   1.4098115303E-02  -2.4601175870E-03  -2.0064978917E-02
   13     -6.1288930098E-03   3.5546961261E-02  -1.1220382842E-02   1.2755524409E-02   2.8097286541E-03
   14      5.3470418337E-03   8.8109531629E-03   5.9278613830E-04   4.2136502879E-03  -3.4557347899E-02
   15      9.0181340782E-02  -4.7289533149E-02   1.9449227582E-03   1.3456450869E-03  -4.8687182338E-02
   16      7.1810652406E-02  -5.1913286872E-03  -2.8272424986E-01  -8.2545581883E-02  -1.4420518127E-03
   17     -1.1093871145E-01  -1.1157548946E-03  -8.1730008820E-02  -7.8064933622E-02  -1.5079712979E-02
   18     -9.5313685903E-06  -2.2138313848E-06  -3.9593298818E-06   1.7033055398E-05  -7.9076067959E-05
   19      1.2690182417E-05  -7.0111479440E-06   2.9518224279E-06  -2.0132477740E-05  -2.3744343004E-05
   20      6.0072709566E-06   3.4237757415E-05   2.6809643201E-06  -5.2806630595E-06   3.9490607876E-05
   21     -3.6196039507E-05  -3.9617244343E-05   5.2227336084E-05  -1.6591092111E-05  -4.3042147973E-05
   22     -4.1413187827E-05  -1.9460986035E-05   4.7442257980E-06   1.4761133575E-05  -2.5159521918E-05
   23      2.4450027057E-05   2.0688928845E-05  -1.3727049022E-05  -8.1446236008E-06   2.2072548288E-05
   24     -7.9574217812E-06  -7.9279374226E-05   2.8165380523E-05   3.1042926534E-06  -1.0926943814E-05
   25     -1.0197398033E-05  -3.5145678835E-05   3.6642028986E-05  -4.1872192497E-06  -3.3568160754E-05
   26     -6.7060808367E-06   2.5774181922E-05  -1.8006833456E-05   2.7398444721E-05  -9.2391050345E-08
   27      9.6164038385E-06   9.6761107513E-05   1.8592504480E-05   2.2342191599E-07  -1.3618571057E-04
   28     -1.5157403033E-05  -2.9801809194E-04   1.0616280408E-04  -2.3619411110E-05   6.7842617173E-05
   29      8.3512785604E-06   8.8075483831E-05   1.5229952694E-05  -3.3150900099E-05  -6.3372382862E-05
   30      5.0240359344E-05  -1.8539360460E-04  -4.8683419499E-05  -4.5425066478E-05   1.1236714228E-04
   31     -3.0598692141E-05   9.5150712468E-05   3.3811855125E-05   5.7249520232E-05  -1.5884236761E-04
   32     -2.5170036268E-06  -5.9751313104E-05  -6.7145651502E-05  -7.6308452099E-05   2.5205657410E-04
   33     -9.0961718437E-02   2.8163986812E-03   1.4578551431E-04  -5.8111493154E-04   4.5718680970E-03
   34     -7.8673324684E-02  -1.9508148664E-02  -1.2760627585E-02   1.5073972134E-02   2.3562796988E-03
   35      1.1085644408E-01  -8.4238624119E-03  -6.7181147658E-03   5.4503936944E-03   2.1096627995E-02
   36     -8.4238624119E-03   5.6458531758E-02  -1.0738263569E-02   1.9534642113E-03   1.6505652388E-03
   37     -6.7181147658E-03  -1.0738263569E-02   3.0708544110E-01   8.5760345559E-02  -1.6372773913E-03
   38      5.4503936944E-03   1.9534642113E-03   8.5760345559E-02   7.6332912368E-02   2.7789631585E-04
   39      2.1096627995E-02   1.6505652388E-03  -1.6372773913E-03   2.7789631585E-04   5.8988732813E-02
   40      1.7998224922E-02  -3.0798134946E-03  -2.8399098516E-05  -3.0255935000E-02  -4.6729332415E-03
   41     -1.0590297579E-02   7.6339734743E-04   6.9777292279E-04  -8.7831259494E-03   3.0909182218E-02
                   40                 41        
     0     -2.1886780269E-05  -3.7240646819E-05
     1     -6.5217210323E-05   4.7551958529E-05
     2     -3.9577605010E-05   1.3139825479E-06
     3      1.1166216602E-04  -2.9744445170E-04
     4     -1.9150675342E-04  -3.4800413400E-04
     5     -1.8122063895E-05  -3.3959606035E-04
     6     -1.9279254106E-03   3.4410605493E-03
     7      7.6975429526E-04   3.1981288667E-03
     8     -1.8472227640E-04  -1.3418219549E-03
     9      1.0212545453E-03   8.1404598766E-04
    10      3.6445166513E-05  -1.5842539608E-03
    11      1.5486685910E-05   1.3369585106E-03
    12      8.5013685683E-03  -1.1591068062E-02
    13     -1.1616519219E-03   4.2396028572E-03
    14      1.7360124462E-02  -3.0075364474E-03
    15     -1.9013564430E-03  -2.2739171579E-02
    16     -4.9809460168E-02  -1.3202023666E-02
    17     -1.4382393032E-02  -3.0952459788E-01
    18      1.2034595344E-05  -1.8700632829E-05
    19      3.4227088331E-05  -1.0530006371E-05
    20     -1.0076121319E-05   3.0953595048E-05
    21      3.4335869813E-05  -4.3524976984E-05
    22     -8.0010462446E-06  -1.1989290645E-05
    23      5.6763971021E-06   8.8436209806E-06
    24     -1.8863084032E-05  -5.1497349454E-06
    25      4.2343370819E-07   2.6540226875E-06
    26     -2.0980242148E-05  -1.4880819108E-06
    27      3.1391482331E-05   7.6113434606E-05
    28     -6.8155977447E-05  -1.0571072306E-04
    29      3.9233440662E-05   2.4622656897E-05
    30     -1.2688452734E-05  -1.8569309997E-05
    31     -1.7814102776E-05   5.4542025090E-06
    32     -7.3300582668E-05   7.4113504698E-05
    33      1.9311706117E-03  -1.1135475062E-03
    34      1.5903142656E-03  -2.5974584665E-03
    35      1.7998224922E-02  -1.0590297579E-02
    36     -3.0798134946E-03   7.6339734743E-04
    37     -2.8399098516E-05   6.9777292279E-04
    38     -3.0255935000E-02  -8.7831259494E-03
    39     -4.6729332415E-03   3.0909182218E-02
    40      4.8919042030E-02   9.6175832166E-03
    41      9.6175832166E-03   3.3211165809E-01

$vibrational_frequencies
42
    0        0.0000000000000000
    1        0.0000000000000000
    2        0.0000000000000000
    3        0.0000000000000000
    4        0.0000000000000000
    5        0.0000000000000000
    6       60.3701259487707631
    7      155.1605235555131515
    8      172.5038767501684731
    9      216.0275039814012246
   10      235.7513690192609488
   11      340.9996954892776557
   12      449.2543055750241479
   13      581.1896528295204689
   14      653.8422407167355459
   15      813.8458347085291962
   16      853.9119930217815408
   17      972.3044770154715479
   18     1025.9245050483261821
   19     1100.9000412288837651
   20     1102.9125794995766228
   21     1170.1515311072769236
   22     1188.0399552522737849
   23     1207.9977804232892140
   24     1279.5802414239826703
   25     1368.1311351803408343
   26     1408.9658043303879822
   27     1447.9942407390485641
   28     1462.2045869626624608
   29     1476.2937259666421141
   30     1487.7072963647262895
   31     1489.6094148028889776
   32     1495.2147155481738992
   33     1774.4734787439708725
   34     3021.3823289514598400
   35     3025.1269675778858073
   36     3027.7123171578682559
   37     3057.5026008507079496
   38     3107.1230978789435540
   39     3107.1815475643415994
   40     3111.1576569044636926
   41     3141.8635088205751345

$normal_modes
42 42
                    0                  1                  2                  3                  4        
    0      0.0000000000E+00   0.0000000000E+00   0.0000000000E+00   0.0000000000E+00   0.0000000000E+00
    1      0.0000000000E+00   0.0000000000E+00   0.0000000000E+00   0.0000000000E+00   0.0000000000E+00
    2      0.0000000000E+00   0.0000000000E+00   0.0000000000E+00   0.0000000000E+00   0.0000000000E+00
    3      0.0000000000E+00   0.0000000000E+00   0.0000000000E+00   0.0000000000E+00   0.0000000000E+00
    4      0.0000000000E+00   0.0000000000E+00   0.0000000000E+00   0.0000000000E+00   0.0000000000E+00
