*************************************************
******************* ORCA 6.0.0 ******************
*************************************************
$Calculation_Status
   &GeometryIndex 1
   &ListStatus       OUT
   &VERSION [&Type "String"] "6.0.0"
   &PROGNAME [&Type "String"] "LeanSCF"
   &STATUS [&Type "String"] "NORMAL TERMINATION"
$End
$Geometry
   &GeometryIndex 1
   &ListStatus       OUT
   &NATOMS [&Type "Integer"] 14
   &NCORELESSECP [&Type "Integer"] 0
   &NGHOSTATOMS [&Type "Integer"] 0
   &CartesianCoordinates [&Type "Coordinates", &Dim(14,4), &Units "Bohr"] 
              C     -4.690592837273    0.135523755701    0.707889510781
              C     -2.332705792386    1.316895053244   -0.439125636092
              C      0.061628184450    0.013527906319    0.403271154828
              O      0.177891836843   -1.802824082248    1.783557133218
              O      2.119500042723    1.157732455765   -0.605441827000
              C      4.506549456393    0.039903004832    0.094274003524
              H     -4.624954695918    0.217185781620    2.770208813999
              H     -6.381169932560    1.132426294067    0.062542696248
              H     -4.853279275104   -1.852127058436    0.172978564202
              H     -2.163730698792    3.322603783803    0.053347015815
              H     -2.380718435791    1.257980850193   -2.510601317785
              H      5.943858656167    1.178483363642   -0.844002617072
              H      4.598106253134   -1.923090120735   -0.543523848701
              H      4.754110162609    0.094252503921    2.144629394463
$End
$SCF_Energy
   &GeometryIndex 1
   &ListStatus       OUT
   &SCF_ENERGY [&Type "Double"]      -3.0766093014966629e+02
$End
$DFT_Energy
   &GeometryIndex 1
   &ListStatus       OUT
   &NALPHAEL [&Type "Integer"] 24
   &NBETAEL [&Type "Integer"] 24
   &NTOTALEL [&Type "Integer"] 48
   &EEXCHANGE [&Type "Double"]      -4.0205339085748179e+01
   &ECORR [&Type "Double"]      -1.5356219729587832e+00
   &ECNL [&Type "Double"]       0.0000000000000000e+00
   &EXC [&Type "Double"]      -4.1740961058706965e+01
   &EEMBED [&Type "Double"]       0.0000000000000000e+00
   &FINALEN [&Type "Double"]      -3.0766093014966629e+02  "No Van der Waals correction"
$End
$Mulliken_Population_Analysis
   &GeometryIndex 1
   &ListStatus       OUT
   &NATOMS [&Type "Integer"] 14
   &ATNO [&Type "ArrayOfIntegers", &Dim (14,1)] 
                                                         0

0                                                        6
1                                                        6
2                                                        6
3                                                        8
4                                                        8
5                                                        6
6                                                        1
7                                                        1
8                                                        1
9                                                        1
10                                                       1
11                                                       1
12                                                       1
13                                                       1
   &ATOMICCHARGES [&Type "ArrayOfDoubles", &Dim (14,1)] 
                                                         0

0                                     -2.9607809061038548e-01
1                                     -1.5163859791636547e-01
2                                      3.0757779111844386e-01
3                                     -3.5297982580096665e-01
4                                     -2.6241254334016162e-01
5                                     -1.5248620014472714e-01
6                                      1.0999406086763197e-01
7                                      1.0673259873437846e-01
8                                      1.1056287624953032e-01
9                                      1.1052419470896591e-01
10                                     1.1036380872486218e-01
11                                     1.1923177800368878e-01
12                                     1.2007780371668941e-01
13                                     1.2053034568851695e-01
$End
$Loewdin_Population_Analysis
   &GeometryIndex 1
   &ListStatus       OUT
   &NATOMS [&Type "Integer"] 14
   &ATNO [&Type "ArrayOfIntegers", &Dim (14,1)] 
                                                         0

0                                                        6
1                                                        6
2                                                        6
3                                                        8
4                                                        8
5                                                        6
6                                                        1
7                                                        1
8                                                        1
9                                                        1
10                                                       1
11                                                       1
12                                                       1
13                                                       1
   &ATOMICCHARGES [&Type "ArrayOfDoubles", &Dim (14,1)] 
                                                         0

0                                     -2.9726723528860255e-01
1                                     -2.5669327421027432e-01
2                                     -4.8032841207839727e-01
3                                      1.0786438243724916e-01
4                                      2.2282872951318478e-01
5                                     -3.0065996574127141e-01
6                                      1.2456007328284013e-01
7                                      1.1870049043981423e-01
8                                      1.2467576049251372e-01
9                                      1.5104732151260791e-01
10                                     1.5161900303118603e-01
11                                     1.1052391540571893e-01
12                                     1.1148364798461496e-01
13                                     1.1164556321887653e-01
$End
$Mayer_Population_Analysis
   &GeometryIndex 1
   &ListStatus       OUT
   &NATOMS [&Type "Integer"] 14 "Total number of atoms"
   &BONDTHRESH [&Type "Double"]       1.0000000000000001e-01  "The threshold for printing"
   &NBONDORDERSPRINT [&Type "Integer"] 13 "The number of bond orders larger than threshold"
   &BONDORDERS [&Type "ArrayOfDoubles", &Dim (13,1)] "The bond orders"
                                                         0

0                                      9.9353239728292086e-01
1                                      9.7128498942593089e-01
2                                      9.7096343068011004e-01
3                                      9.7063804060897685e-01
4                                      1.0013349885629530e+00
5                                      9.4529335523812341e-01
6                                      9.4302527519990575e-01
7                                      1.9736324517466450e+00
8                                      1.1644124009332404e+00
9                                      8.9291666599566955e-01
10                                     9.6944824666622742e-01
11                                     9.7362903701618930e-01
12                                     9.7332099386483995e-01
   &COMPONENTS [&Type "ArrayOfIntegers", &Dim (13,4)] "The indices and atomic numbers of the bonding atoms"
                                                         0                           1                           2                           3

0                                                        0                           6                           1                           6
1                                                        0                           6                           6                           1
2                                                        0                           6                           7                           1
3                                                        0                           6                           8                           1
4                                                        1                           6                           2                           6
5                                                        1                           6                           9                           1
6                                                        1                           6                          10                           1
7                                                        2                           6                           3                           8
8                                                        2                           6                           4                           8
9                                                        4                           8                           5                           6
10                                                       5                           6                          11                           1
11                                                       5                           6                          12                           1
12                                                       5                           6                          13                           1
   &ATNO [&Type "ArrayOfIntegers", &Dim (14,1)] "Atomic number of the elements"
                                                         0

0                                                        6
1                                                        6
2                                                        6
3                                                        8
4                                                        8
5                                                        6
6                                                        1
7                                                        1
8                                                        1
9                                                        1
10                                                       1
11                                                       1
12                                                       1
13                                                       1
   &NA [&Type "ArrayOfDoubles", &Dim (14,1)] "Mulliken gross atomic population"
                                                         0

0                                      6.2960780906103935e+00
1                                      6.1516385979163850e+00
2                                      5.6924222088815695e+00
3                                      8.3529798258009240e+00
4                                      8.2624125433401563e+00
5                                      6.1524862001447342e+00
6                                      8.9000593913236947e-01
7                                      8.9326740126562321e-01
8                                      8.8943712375046935e-01
9                                      8.8947580529103420e-01
10                                     8.8963619127513749e-01
11                                     8.8076822199630977e-01
12                                     8.7992219628330992e-01
13                                     8.7946965431148405e-01
   &ZA [&Type "ArrayOfDoubles", &Dim (14,1)] "Total nuclear charge"
                                                         0

0                                      6.0000000000000000e+00
1                                      6.0000000000000000e+00
2                                      6.0000000000000000e+00
3                                      8.0000000000000000e+00
4                                      8.0000000000000000e+00
5                                      6.0000000000000000e+00
6                                      1.0000000000000000e+00
7                                      1.0000000000000000e+00
8                                      1.0000000000000000e+00
9                                      1.0000000000000000e+00
10                                     1.0000000000000000e+00
11                                     1.0000000000000000e+00
12                                     1.0000000000000000e+00
13                                     1.0000000000000000e+00
   &QA [&Type "ArrayOfDoubles", &Dim (14,1)] "Mulliken gross atomic charge"
                                                         0

0                                     -2.9607809061039347e-01
1                                     -1.5163859791638501e-01
2                                      3.0757779111843053e-01
3                                     -3.5297982580092402e-01
4                                     -2.6241254334015629e-01
5                                     -1.5248620014473424e-01
6                                      1.0999406086763053e-01
7                                      1.0673259873437679e-01
8                                      1.1056287624953065e-01
9                                      1.1052419470896580e-01
10                                     1.1036380872486251e-01
11                                     1.1923177800369023e-01
12                                     1.2007780371669008e-01
13                                     1.2053034568851595e-01
   &VA [&Type "ArrayOfDoubles", &Dim (14,1)] "Mayer's total valence"
                                                         0

0                                      3.9313328088586799e+00
1                                      3.8667266819540207e+00
2                                      4.1922968786978405e+00
3                                      2.1342256116941218e+00
4                                      2.0843609041935944e+00
5                                      3.8767204276449188e+00
6                                      9.8710566793726973e-01
7                                      9.7578045914000289e-01
8                                      9.8742772908997811e-01
9                                      9.8557523866471752e-01
10                                     9.8504345708444718e-01
11                                     9.7219695748838497e-01
12                                     9.7914147945128904e-01
13                                     9.7940598494314612e-01
   &BVA [&Type "ArrayOfDoubles", &Dim (14,1)] "Mayer's bonded valence"
                                                         0

0                                      3.9313328088586696e+00
1                                      3.8667266819539523e+00
2                                      4.1922968786977695e+00
3                                      2.1342256116941396e+00
4                                      2.0843609041936362e+00
5                                      3.8767204276448970e+00
6                                      9.8710566793725552e-01
7                                      9.7578045914000211e-01
8                                      9.8742772908998877e-01
9                                      9.8557523866470764e-01
10                                     9.8504345708443708e-01
11                                     9.7219695748838564e-01
12                                     9.7914147945129415e-01
13                                     9.7940598494315301e-01
   &FA [&Type "ArrayOfDoubles", &Dim (14,1)] "Mayer's free valence"
                                                         0

0                                      0.0000000000000000e+00
1                                      0.0000000000000000e+00
2                                      0.0000000000000000e+00
3                                      0.0000000000000000e+00
4                                      0.0000000000000000e+00
5                                      0.0000000000000000e+00
6                                      0.0000000000000000e+00
7                                      0.0000000000000000e+00
8                                      0.0000000000000000e+00
9                                      0.0000000000000000e+00
10                                     0.0000000000000000e+00
11                                     0.0000000000000000e+00
12                                     0.0000000000000000e+00
13                                     0.0000000000000000e+00
$End
$VdW_Correction
   &GeometryIndex 1
   &ListStatus       OUT
   &VDW [&Type "Double"]      -2.9403612089628586e-03
$End
$Calculation_Info
   &GeometryIndex 1
   &ListStatus       OUT
   &MULT [&Type "Integer"] 1
   &CHARGE [&Type "Integer"] 0
   &NUMOFATOMS [&Type "Integer"] 14
   &NUMOFELECTRONS [&Type "Integer"] 48
   &NUMOFFCELECTRONS [&Type "Integer"] 1
   &NUMOFCORRELECTRONS [&Type "Integer"] 0
   &NUMOFBASISFUNCTS [&Type "Integer"] 234
   &NUMOFAUXCBASISFUNCTS [&Type "Integer"] 0
   &NUMOFAUXJBASISFUNCTS [&Type "Integer"] 268
   &NUMOFAUXJKBASISFUNCTS [&Type "Integer"] 0
   &NUMOFCABSBASISFUNCTS [&Type "Integer"] 0
   &TOTALENERGY [&Type "Double"]      -3.0765467157907528e+02  "Hartrees"
$End
$SCF_Dipole_Moment
   &GeometryIndex 1
   &ListStatus       OUT
   &METHOD [&Type "String"] "SCF"
   &LEVEL [&Type "String"] "Relaxed density"
   &MULT [&Type "Integer"] 1
   &STATE [&Type "Integer"] -1
   &IRREP [&Type "Integer"] 0
   &NATOMS [&Type "Integer"] 14
   &DODIPOLEATOM [&Type "Boolean"] false
   &DIPOLEELECCONTRIB [&Type "ArrayOfDoubles", &Dim (3,1)] "Electronic contribution"
                                                         0

0                                      2.7804605582333419e+00
1                                     -6.6654543494427054e-01
2                                      2.6079254846523026e-01
   &DIPOLENUCCONTRIB [&Type "ArrayOfDoubles", &Dim (3,1)] "Nuclear contribution"
                                                         0

0                                     -2.6137279997670086e+00
1                                      1.1888568116252018e+00
2                                     -6.7173249638168997e-01
   &DIPOLETOTAL [&Type "ArrayOfDoubles", &Dim (3,1)] "Total"
                                                         0

0                                      1.6673255846633328e-01
1                                      5.2231137668093131e-01
2                                     -4.1093994791645971e-01
   &DIPOLEMAGNITUDE [&Type "Double", &Units "a.u."]       6.8518651552452603e-01
$End
$THERMOCHEMISTRY_Energies
   &GeometryIndex 1
   &ListStatus       OUT
   &TEMPERATURE [&Type "Double"]       2.9814999999999998e+02
   &PRESSURE [&Type "Double"]       1.0000000000000000e+00
   &TOTALMASS [&Type "Double"]       8.8105999999999995e+01
   &SPINDEGENERACY [&Type "Integer"] 1
   &ELENERGY [&Type "Double"]      -3.0765467157907528e+02
   &TRANSENERGY [&Type "Double"]       1.4162714244859817e-03
   &ROTENERGY [&Type "Double"]       1.4162714244859817e-03
   &VIBENERGY [&Type "Double"]       4.4121264973146406e-03
   &NUMOFFREQS [&Type "Integer"] 42
   &FREQSCALINGFACTOR [&Type "Double"]       1.0000000000000000e+00
   &FREQ [&Type "ArrayOfDoubles", &Dim (42,1)] "In cm^-1"
                                                         0

0                                      0.0000000000000000e+00
1                                      0.0000000000000000e+00
2                                      0.0000000000000000e+00
3                                      0.0000000000000000e+00
4                                      0.0000000000000000e+00
5                                      0.0000000000000000e+00
6                                      6.0370125948770763e+01
7                                      1.5516052355551315e+02
8                                      1.7250387675016847e+02
9                                      2.1602750398140122e+02
10                                     2.3575136901926095e+02
11                                     3.4099969548927766e+02
12                                     4.4925430557502415e+02
13                                     5.8118965282952047e+02
14                                     6.5384224071673555e+02
15                                     8.1384583470852920e+02
16                                     8.5391199302178154e+02
17                                     9.7230447701547155e+02
18                                     1.0259245050483262e+03
19                                     1.1009000412288838e+03
20                                     1.1029125794995766e+03
21                                     1.1701515311072769e+03
22                                     1.1880399552522738e+03
23                                     1.2079977804232892e+03
24                                     1.2795802414239827e+03
25                                     1.3681311351803408e+03
26                                     1.4089658043303880e+03
27                                     1.4479942407390486e+03
28                                     1.4622045869626625e+03
29                                     1.4762937259666421e+03
30                                     1.4877072963647263e+03
31                                     1.4896094148028890e+03
32                                     1.4952147155481739e+03
33                                     1.7744734787439709e+03
34                                     3.0213823289514598e+03
35                                     3.0251269675778858e+03
36                                     3.0277123171578683e+03
37                                     3.0575026008507079e+03
38                                     3.1071230978789436e+03
39                                     3.1071815475643416e+03
40                                     3.1111576569044637e+03
41                                     3.1418635088205751e+03
   &ZPE [&Type "Double"]       1.1753138029275761e-01
   &INNERENERGYU [&Type "Double"]      -3.0752989552943626e+02
   &ENTHALPYH [&Type "Double"]      -3.0752895132039401e+02
   &QEL [&Type "Double"]       0.0000000000000000e+00
   &QROT [&Type "Double"]       1.2624778512883517e-02
   &QVIB [&Type "Double"]       7.6565951068920876e-03
   &QTRANS [&Type "Double"]       1.8691900305069915e-02
   &ENTROPYS [&Type "Double"]       3.8973273924845515e-02
   &FREEENERGYG [&Type "Double"]      -3.0756792459431887e+02
   &ISLINEAR [&Type "Boolean"] false
$End
$Hessian
   &GeometryIndex 1
   &ListStatus       OUT
   &HESSIAN [&Type "ArrayOfDoubles", &Dim (42,42)] "The Hessian"
                                                         0                           1                           2                           3                           4                           5                           6                           7

0                                      5.0306828146058347e-01        -3.6841095733170182e-02         3.4969733180484401e-02        -1.5099077688021906e-01        -3.8394452759893560e-02         3.7208055640851806e-02        -3.4157082926795923e-02        -8.3629769487155170e-03
1                                     -3.6841095733170182e-02         5.5143217778715081e-01         1.4924750743782278e-02        -4.0777054710998094e-02        -1.0067167714158134e-01         2.1229692563672367e-02         8.4277610110781304e-03         8.8015816050912646e-03
2                                      3.4969733180484401e-02         1.4924750743782278e-02         5.5071972686651494e-01         3.9103275335067030e-02         2.0978866281409922e-02        -9.8183267497345503e-02        -4.0918801960303681e-03        -7.3467838406818531e-03
3                                     -1.5099077688021906e-01        -4.0777054710998094e-02         3.9103275335067030e-02         4.6501057524261480e-01         2.1960874867425911e-02        -1.0443358613416638e-02        -1.5220803974781238e-01         3.4758019402592599e-02
4                                     -3.8394452759893560e-02        -1.0067167714158134e-01         2.0978866281409922e-02         2.1960874867425911e-02         5.3242264840016440e-01         1.0140177304900192e-02         3.6687982881532341e-02        -9.6722507156597498e-02
5                                      3.7208055640851806e-02         2.1229692563672367e-02        -9.8183267497345503e-02        -1.0443358613416638e-02         1.0140177304900192e-02         5.3596681177605388e-01        -2.3618284462662117e-02         3.2518425357413068e-03
6                                     -3.4157082926795923e-02         8.4277610110781304e-03        -4.0918801960303681e-03        -1.5220803974781238e-01         3.6687982881532341e-02        -2.3618284462662117e-02         5.5812172706414021e-01        -6.2447956538438959e-02
7                                     -8.3629769487155170e-03         8.8015816050912646e-03        -7.3467838406818531e-03         3.4758019402592599e-02        -9.6722507156597498e-02         3.2518425357413068e-03        -6.2447956538438959e-02         6.8438237717542560e-01
8                                      9.6142937498436137e-03        -8.9904218578879674e-03         4.8599036142055081e-03        -2.2549234540230223e-02         3.3228870183960278e-03        -8.9944228679694913e-02         2.6005619847141868e-02        -3.4137229966424837e-01
9                                      1.5503290281975437e-03         1.4387638457628721e-03        -1.4756001116304105e-03         5.0800975513269342e-03         2.4923000502901860e-02        -1.7426415601342518e-02        -1.2029578510789332e-01         4.0488158621514427e-02
10                                    -3.8267694339736962e-03        -9.7781362646905991e-04        -1.5316407022724493e-04         8.7990844148635589e-03        -1.7289375235166871e-02         3.1615790631964263e-02         5.1630518772490072e-02        -4.6954641769444372e-01
11                                     2.5816608021987913e-03        -5.5581725478254067e-04        -1.3044623660669954e-03        -5.2058363998558760e-03         3.0778322319714186e-02         1.4032845948121840e-03        -3.6585316372858445e-02         2.9558398815301068e-01
12                                    -4.4753031121919553e-03         5.4522748233716174e-03        -3.9513501680794056e-03        -4.6556564996161759e-02        -1.1081431810672802e-02         1.2048887709462306e-02        -1.9631257176368844e-01        -3.7420578583630904e-02
13                                     2.2536200278407588e-03        -1.1506704445027490e-03         1.7546909991870334e-03         1.0641414403489292e-02         1.1735023825993330e-02        -2.7632170116628834e-03        -2.3905259317076467e-02        -1.1484548838251712e-01
14                                    -1.2999206142929425e-03         1.5589431145143827e-03         1.0113885095201807e-04        -4.6889130179368424e-03        -1.2080401890255847e-03         1.0666752424696481e-02         2.6949305695770351e-02         3.9464193826754049e-02
15                                    -9.0302575516455243e-05         9.3856529389204626e-04        -7.1265706998811188e-04         1.0549433758844408e-03        -4.3550462415771849e-03         3.7445664158571152e-03        -6.9104229158377981e-02        -5.4123071174647965e-04
16                                    -9.5599201977340526e-04         1.0413163520761048e-03        -3.4427799240557919e-05        -3.2422975601256480e-03         5.6855828405005067e-04         3.3254090773731900e-03        -6.1885366626805507e-03         1.6442940219614764e-02
17                                     7.8354164575983136e-04        -1.1086767146594476e-04         9.2534861129526429e-04         2.7387402873491184e-03         3.2857494997033101e-03         1.9984843552789330e-03         9.1061274499647602e-03        -1.1767992004661255e-02
18                                    -4.6509632621498403e-02        -9.2974903213393018e-04        -1.3688893530305918e-02        -3.5371820130547255e-04         1.8046939405840039e-03         2.9535990184171784e-02         1.2274534845770979e-03        -1.1944186612981389e-03
19                                    -6.8485421544719799e-04        -4.6667162749849680e-02        -1.3517242310099783e-02         2.9554716190272848e-04        -4.8156479555853168e-04         1.5446801026349816e-02         6.5717157167328240e-04         7.6062266347176545e-04
20                                    -1.0968386787850101e-02        -1.3334407385983496e-02        -3.0943270098460823e-01         7.0323942129050382e-04        -4.8321022974265890e-04        -1.2678761877620182e-02        -1.1803400421209289e-03         1.9395260451482293e-03
21                                    -2.1857514249673418e-01         1.0379893689248379e-01        -6.7612014938429776e-02        -2.2003277552744033e-02         1.3865325598606490e-02        -9.2319950746663770e-03        -1.1748768799254190e-03        -3.4751601528464409e-03
22                                     1.0551978362934819e-01        -1.0980189033336353e-01         4.0710215781283983e-02        -1.3799641696833679e-02         6.6281355227983440e-03        -5.4511743575938907e-03        -2.0148179338949084e-03        -2.8144424783060279e-03
23                                    -6.8936526988040342e-02         4.0867173772662885e-02        -7.3566860279599133e-02         1.2689439731843090e-02        -7.8981493322428428e-03         3.4151288953671952e-03         1.7746903838674797e-03         2.9763303384234057e-03
24                                    -4.7005852457205635e-02        -1.5352858850817570e-02        -4.0705933710698493e-03        -3.6091121351141866e-03        -2.7986521847649656e-02        -8.1184288156124617e-03         1.0608371050324908e-03        -3.0155035746616292e-03
25                                    -1.7945747170272017e-02        -2.9040430596363997e-01        -6.8888521654032614e-02        -1.9881980936710102e-03        -1.2856120659505163e-02        -2.9800386337272416e-03         1.1756765279869916e-03        -1.3261197949129746e-03
26                                    -4.9617698668003455e-03        -6.9319756527896209e-02        -6.5568150220844987e-02         1.1981298556726539e-03         1.5110970020706528e-02         3.0051661123929926e-03        -4.6873833663750369e-04        -9.5253722324616140e-04
27                                    -2.7675096922473545e-03        -2.7906092287912569e-02        -7.3406752376427853e-03        -4.7306869060356305e-02        -1.5650064480477968e-02        -3.0837446835986827e-03         4.8037861501810256e-03         2.8528892586327126e-02
28                                    -1.3994588643468711e-03        -1.1168862174494391e-02        -2.5334826602584444e-03        -1.6834043531529265e-02        -2.8334477663391910e-01        -6.3803015999461241e-02        -2.1797269455126264e-03        -1.9365311499791590e-02
29                                     7.4973569236902850e-04         1.3832480700104791e-02         2.9488902882252553e-03        -3.1832544748511202e-03        -6.2373112920472706e-02        -5.6456764828852715e-02        -6.9530057426397604e-04         1.2593202187524152e-02
30                                     3.6995477284463814e-04         1.1725527486497671e-03         2.9288368041478760e-02        -4.6431493375430399e-02        -7.8596704739712967e-04        -1.1422786266553020e-02         1.3264718405370610e-03        -4.5698344764914679e-03
31                                     4.8263741553274987e-04        -2.0998588391521900e-04         1.3959219687244583e-02        -7.3187857905914399e-04        -4.0192451393780200e-02        -9.3532328451129028e-03         1.5731873695214410e-03        -8.2217484601495184e-04
32                                     3.7275962843144085e-04        -2.2439636122597098e-04        -1.1388362765880882e-02        -9.7203376895469273e-03        -1.1077325412395573e-02        -2.9906682297610826e-01         2.6152676526576546e-04         1.3825499797562601e-03
33                                    -3.7111420825248652e-04         4.4800961068068102e-04        -3.2438069083673979e-04        -1.0161308983891691e-03        -1.0185028062923681e-03         8.7824540162608888e-04        -1.7338219571632436e-03         5.6837522869735806e-03
34                                     1.6893995608986538e-04        -1.6022346616848481e-04         1.1887548845771249e-04         5.6724938790658763e-04         6.3667007842168298e-04        -3.5143397058534556e-04         2.5270918161940147e-03        -3.6247453128762609e-03
35                                    -1.0618649517549856e-04         1.0264513833646853e-04        -6.2970841415823818e-05        -3.5051369473150821e-04        -2.2985534677337103e-04         4.6229567422536927e-04        -1.7411770246952213e-03         2.6199453314236900e-03
36                                    -2.8172756605233083e-05        -6.7523855928173793e-05        -1.7961720358929524e-04        -3.8544605839126991e-04        -5.7101777280609879e-04        -7.9727191560266411e-04         4.2260077544425461e-03         6.5747242056861154e-03
37                                     4.1239370933249600e-05         2.7332499897823360e-06         7.0918181174997857e-05         2.9465136449176527e-04        -2.4105634190127803e-04        -3.1106854608877778e-04        -3.9569744940629236e-03        -2.0900687933999920e-03
38                                     2.1781061974359035e-05        -3.1908155349177295e-05        -4.9547257979387139e-05        -3.3063704563122964e-05         2.2315407951774323e-05        -2.4848191285848698e-04         6.7848265222072795e-04        -1.5012029908413427e-03
39                                    -1.7675534358859227e-05         1.6452377115848448e-04         9.4755957637737307e-05        -2.8418726390216036e-04         5.4573797923983605e-04         7.6567203709933967e-04         4.2201241427462562e-03         4.9359198965532253e-03
40                                    -2.1886780269217226e-05        -6.5217210323499403e-05        -3.9577605010405914e-05         1.1166216602072199e-04        -1.9150675341789148e-04        -1.8122063895499081e-05        -1.9279254106273759e-03         7.6975429525657309e-04
41                                    -3.7240646819302128e-05         4.7551958528529396e-05         1.3139825478848156e-06        -2.9744445170409558e-04        -3.4800413400254936e-04        -3.3959606034696457e-04         3.4410605492711339e-03         3.1981288667325535e-03
                                                         8                           9                          10                          11                          12                          13                          14                          15

0                                      9.6142937498436137e-03         1.5503290281975437e-03        -3.8267694339736962e-03         2.5816608021987913e-03        -4.4753031121919553e-03         2.2536200278407588e-03        -1.2999206142929425e-03        -9.0302575516455243e-05
1                                     -8.9904218578879674e-03         1.4387638457628721e-03        -9.7781362646905991e-04        -5.5581725478254067e-04         5.4522748233716174e-03        -1.1506704445027490e-03         1.5589431145143827e-03         9.3856529389204626e-04
2                                      4.8599036142055081e-03        -1.4756001116304105e-03        -1.5316407022724493e-04        -1.3044623660669954e-03        -3.9513501680794056e-03         1.7546909991870334e-03         1.0113885095201807e-04        -7.1265706998811188e-04
3                                     -2.2549234540230223e-02         5.0800975513269342e-03         8.7990844148635589e-03        -5.2058363998558760e-03        -4.6556564996161759e-02         1.0641414403489292e-02        -4.6889130179368424e-03         1.0549433758844408e-03
4                                      3.3228870183960278e-03         2.4923000502901860e-02        -1.7289375235166871e-02         3.0778322319714186e-02        -1.1081431810672802e-02         1.1735023825993330e-02        -1.2080401890255847e-03        -4.3550462415771849e-03
5                                     -8.9944228679694913e-02        -1.7426415601342518e-02         3.1615790631964263e-02         1.4032845948121840e-03         1.2048887709462306e-02        -2.7632170116628834e-03         1.0666752424696481e-02         3.7445664158571152e-03
6                                      2.6005619847141868e-02        -1.2029578510789332e-01         5.1630518772490072e-02        -3.6585316372858445e-02        -1.9631257176368844e-01        -2.3905259317076467e-02         2.6949305695770351e-02        -6.9104229158377981e-02
7                                     -3.4137229966424837e-01         4.0488158621514427e-02        -4.6954641769444372e-01         2.9558398815301068e-01        -3.7420578583630904e-02        -1.1484548838251712e-01         3.9464193826754049e-02        -5.4123071174647965e-04
8                                      4.9205904361908082e-01        -2.8096816096665176e-02         2.9468282715094718e-01        -3.0294593094254463e-01         3.7480061704687553e-02         3.8712993734025078e-02        -9.8324532398759587e-02         4.9133898250119648e-03
9                                     -2.8096816096665176e-02         1.1331248780678507e-01        -2.4359233156051027e-02         1.3154062725830522e-02         1.2635711498741181e-03        -4.4518380645571232e-02         3.5755106613769350e-02         5.2041739927663148e-03
10                                     2.9468282715094718e-01        -2.4359233156051027e-02         5.2849170117942923e-01        -3.7743663694116647e-01        -4.5485084879871955e-02        -3.7171064204921590e-02         5.3687008270775681e-02         1.2550144370695800e-02
11                                    -3.0294593094254463e-01         1.3154062725830522e-02        -3.7743663694116647e-01         3.2011727388040362e-01         3.6455563135896013e-02         5.3683614934487957e-02        -1.4054328495651656e-02        -1.0366378810101747e-02
12                                     3.7480061704687553e-02         1.2635711498741181e-03        -4.5485084879871955e-02         3.6455563135896013e-02         4.6689871506743003e-01         3.5260289723683547e-03        -2.8176905483894440e-02        -1.4109144064413284e-01
13                                     3.8712993734025078e-02        -4.4518380645571232e-02        -3.7171064204921590e-02         5.3683614934487957e-02         3.5260289723683547e-03         2.4396726351701481e-01        -1.2757565642123170e-01         2.7313123216651539e-02
14                                    -9.8324532398759587e-02         3.5755106613769350e-02         5.3687008270775681e-02        -1.4054328495651656e-02        -2.8176905483894440e-02        -1.2757565642123170e-01         1.7672115645606615e-01        -1.5918696775982257e-02
15                                     4.9133898250119648e-03         5.2041739927663148e-03         1.2550144370695800e-02        -1.0366378810101747e-02        -1.4109144064413284e-01         2.7313123216651539e-02        -1.5918696775982257e-02         4.6501567312649711e-01
16                                    -1.1349405027371291e-02        -3.8274475628789924e-03        -7.0410802513150806e-03         6.8296673076803562e-04         4.8036775536325155e-02        -1.0209364926459125e-01         2.4890968298974438e-02         7.4732688122135918e-02
17                                     9.6118057481496405e-03         2.0522563165989820e-03        -3.0006349221021241e-04        -6.3743042204140263e-03        -3.1870766083340080e-02         2.6338216606090075e-02        -8.3461189168770766e-02        -4.9854020158098797e-02
