*************************************************
******************* ORCA 6.0.0 ******************
*************************************************
$Calculation_Status
   &GeometryIndex 1
   &ListStatus       OUT
   &VERSION [&Type "String"] "6.0.0"
   &PROGNAME [&Type "String"] "LeanSCF"
   &STATUS [&Type "String"] "NORMAL TERMINATION"
$End
$Geometry
   &GeometryIndex 1
   &ListStatus       OUT
   &NATOMS [&Type "Integer"] 13
   &NCORELESSECP [&Type "Integer"] 0
   &NGHOSTATOMS [&Type "Integer"] 0
   &CartesianCoordinates [&Type "Coordinates", &Dim(13,4), &Units "Bohr"] 
              C     -3.668503354928   -2.287634482575    0.000055334016
              C     -1.041584104256   -2.290099132374    0.000285881549
              C      0.243874211655    0.000135039074    0.000355920469
              C     -1.038809958702    2.289231544933    0.000202013613
              C     -3.668029552020    2.285048986680   -0.000029192300
              C     -4.978523811642   -0.001193384730   -0.000091074973
              O     -7.572770463365   -0.105942344683   -0.000340123492
              Br     3.872978383714   -0.000289248474    0.000752046751
              H     -4.704879075949   -4.056219854773    0.000001078845
              H     -0.025251221501   -4.067990379849    0.000438970153
              H     -0.024849676618    4.068541013353    0.000274872571
              H     -4.699723312139    4.059429495841   -0.000159036139
              H     -8.236239659304    1.598118329050   -0.000403676116
$End
$SCF_Energy
   &GeometryIndex 1
   &ListStatus       OUT
   &SCF_ENERGY [&Type "Double"]      -2.8809656056989729e+03
$End
$DFT_Energy
   &GeometryIndex 1
   &ListStatus       OUT
   &NALPHAEL [&Type "Integer"] 42
   &NBETAEL [&Type "Integer"] 42
   &NTOTALEL [&Type "Integer"] 84
   &EEXCHANGE [&Type "Double"]      -1.3088368210056871e+02
   &ECORR [&Type "Double"]      -3.3262198517148795e+00
   &ECNL [&Type "Double"]       0.0000000000000000e+00
   &EXC [&Type "Double"]      -1.3420990195228359e+02
   &EEMBED [&Type "Double"]       0.0000000000000000e+00
   &FINALEN [&Type "Double"]      -2.8809656056989729e+03  "No Van der Waals correction"
$End
$Mulliken_Population_Analysis
   &GeometryIndex 1
   &ListStatus       OUT
   &NATOMS [&Type "Integer"] 13
   &ATNO [&Type "ArrayOfIntegers", &Dim (13,1)] 
                                                         0

0                                                        6
1                                                        6
2                                                        6
3                                                        6
4                                                        6
5                                                        6
6                                                        8
7                                                       35
8                                                        1
9                                                        1
10                                                       1
11                                                       1
12                                                       1
   &ATOMICCHARGES [&Type "ArrayOfDoubles", &Dim (13,1)] 
                                                         0

0                                     -2.0384086135032575e-01
1                                     -1.2521618591528672e-01
2                                      8.0497426220728308e-02
3                                     -1.5502513120430628e-01
4                                     -2.0050558189386170e-01
5                                      2.9755235675699687e-01
6                                     -3.9460944208932069e-01
7                                     -1.0618367198820522e-01
8                                      1.1951174011781163e-01
9                                      1.3357559150656839e-01
10                                     1.3435552376261328e-01
11                                     1.0429645863006998e-01
12                                     3.1559177744655775e-01
$End
$Loewdin_Population_Analysis
   &GeometryIndex 1
   &ListStatus       OUT
   &NATOMS [&Type "Integer"] 13
   &ATNO [&Type "ArrayOfIntegers", &Dim (13,1)] 
                                                         0

0                                                        6
1                                                        6
2                                                        6
3                                                        6
4                                                        6
5                                                        6
6                                                        8
7                                                       35
8                                                        1
9                                                        1
10                                                       1
11                                                       1
12                                                       1
   &ATOMICCHARGES [&Type "ArrayOfDoubles", &Dim (13,1)] 
                                                         0

0                                     -1.1115334819215583e-01
1                                     -1.3868492921122044e-01
2                                     -3.7836148071394682e-01
3                                     -1.4219154392812872e-01
4                                     -1.3810069696224847e-01
5                                     -2.6647541979762490e-01
6                                      7.8966163455066685e-02
7                                      3.0808792300379650e-01
8                                      1.5278869375911219e-01
9                                      1.5090125053784453e-01
10                                     1.5041328994253444e-01
11                                     1.4441638460544381e-01
12                                     1.8939371350155476e-01
$End
$Mayer_Population_Analysis
   &GeometryIndex 1
   &ListStatus       OUT
   &NATOMS [&Type "Integer"] 13 "Total number of atoms"
   &BONDTHRESH [&Type "Double"]       1.0000000000000001e-01  "The threshold for printing"
   &NBONDORDERSPRINT [&Type "Integer"] 13 "The number of bond orders larger than threshold"
   &BONDORDERS [&Type "ArrayOfDoubles", &Dim (13,1)] "The bond orders"
                                                         0

0                                      1.3859605024772583e+00
1                                      1.3632156806910662e+00
2                                      9.7626696023269111e-01
3                                      1.3418313812127474e+00
4                                      9.6992519744950634e-01
5                                      1.3653213681695064e+00
6                                      1.0279302349389594e+00
7                                      1.3722593909903062e+00
8                                      9.5529156893003409e-01
9                                      1.3257025293165554e+00
10                                     9.6008612738000809e-01
11                                     1.1142803414599536e+00
12                                     8.8389784577976882e-01
   &COMPONENTS [&Type "ArrayOfIntegers", &Dim (13,4)] "The indices and atomic numbers of the bonding atoms"
                                                         0                           1                           2                           3

0                                                        0                           6                           1                           6
1                                                        0                           6                           5                           6
2                                                        0                           6                           8                           1
3                                                        1                           6                           2                           6
4                                                        1                           6                           9                           1
5                                                        2                           6                           3                           6
6                                                        2                           6                           7                          35
7                                                        3                           6                           4                           6
8                                                        3                           6                          10                           1
9                                                        4                           6                           5                           6
10                                                       4                           6                          11                           1
11                                                       5                           6                           6                           8
12                                                       6                           8                          12                           1
   &ATNO [&Type "ArrayOfIntegers", &Dim (13,1)] "Atomic number of the elements"
                                                         0

0                                                        6
1                                                        6
2                                                        6
3                                                        6
4                                                        6
5                                                        6
6                                                        8
7                                                       35
8                                                        1
9                                                        1
10                                                       1
11                                                       1
12                                                       1
   &NA [&Type "ArrayOfDoubles", &Dim (13,1)] "Mulliken gross atomic population"
                                                         0

0                                      6.2038408613503071e+00
1                                      6.1252161859153000e+00
2                                      5.9195025737792797e+00
3                                      6.1550251312043347e+00
4                                      6.2005055818938626e+00
5                                      5.7024476432430014e+00
6                                      8.3946094420893012e+00
7                                      3.5106183671988113e+01
8                                      8.8048825988218804e-01
9                                      8.6642440849343294e-01
10                                     8.6564447623738816e-01
11                                     8.9570354136993158e-01
12                                     6.8440822255344269e-01
   &ZA [&Type "ArrayOfDoubles", &Dim (13,1)] "Total nuclear charge"
                                                         0

0                                      6.0000000000000000e+00
1                                      6.0000000000000000e+00
2                                      6.0000000000000000e+00
3                                      6.0000000000000000e+00
4                                      6.0000000000000000e+00
5                                      6.0000000000000000e+00
6                                      8.0000000000000000e+00
7                                      3.5000000000000000e+01
8                                      1.0000000000000000e+00
9                                      1.0000000000000000e+00
10                                     1.0000000000000000e+00
11                                     1.0000000000000000e+00
12                                     1.0000000000000000e+00
   &QA [&Type "ArrayOfDoubles", &Dim (13,1)] "Mulliken gross atomic charge"
                                                         0

0                                     -2.0384086135030710e-01
1                                     -1.2521618591530004e-01
2                                      8.0497426220720314e-02
3                                     -1.5502513120433470e-01
4                                     -2.0050558189386258e-01
5                                      2.9755235675699865e-01
6                                     -3.9460944208930115e-01
7                                     -1.0618367198811285e-01
8                                      1.1951174011781196e-01
9                                      1.3357559150656706e-01
10                                     1.3435552376261184e-01
11                                     1.0429645863006842e-01
12                                     3.1559177744655731e-01
   &VA [&Type "ArrayOfDoubles", &Dim (13,1)] "Mayer's total valence"
                                                         0

0                                      3.9044734811515660e+00
1                                      3.8208204138213553e+00
2                                      3.8914355823076034e+00
3                                      3.8614773698925382e+00
4                                      3.8276163562750454e+00
5                                      3.9121739458535747e+00
6                                      2.0867534158417547e+00
7                                      1.1739425068279179e+00
8                                      9.8748551128416984e-01
9                                      9.7014790681292840e-01
10                                     9.7215267424816032e-01
11                                     9.8336708987649168e-01
12                                     9.1844834052225954e-01
   &BVA [&Type "ArrayOfDoubles", &Dim (13,1)] "Mayer's bonded valence"
                                                         0

0                                      3.9044734811514212e+00
1                                      3.8208204138213437e+00
2                                      3.8914355823076217e+00
3                                      3.8614773698926133e+00
4                                      3.8276163562750138e+00
5                                      3.9121739458533935e+00
6                                      2.0867534158417587e+00
7                                      1.1739425068281197e+00
8                                      9.8748551128413553e-01
9                                      9.7014790681292684e-01
10                                     9.7215267424823804e-01
11                                     9.8336708987646548e-01
12                                     9.1844834052225688e-01
   &FA [&Type "ArrayOfDoubles", &Dim (13,1)] "Mayer's free valence"
                                                         0

0                                      0.0000000000000000e+00
1                                      0.0000000000000000e+00
2                                      0.0000000000000000e+00
3                                      0.0000000000000000e+00
4                                      0.0000000000000000e+00
5                                      0.0000000000000000e+00
6                                      0.0000000000000000e+00
7                                      0.0000000000000000e+00
8                                      0.0000000000000000e+00
9                                      0.0000000000000000e+00
10                                     0.0000000000000000e+00
11                                     0.0000000000000000e+00
12                                     0.0000000000000000e+00
$End
$VdW_Correction
   &GeometryIndex 1
   &ListStatus       OUT
   &VDW [&Type "Double"]      -4.5633578095545021e-03
$End
$Calculation_Info
   &GeometryIndex 1
   &ListStatus       OUT
   &MULT [&Type "Integer"] 1
   &CHARGE [&Type "Integer"] 0
   &NUMOFATOMS [&Type "Integer"] 13
   &NUMOFELECTRONS [&Type "Integer"] 84
   &NUMOFFCELECTRONS [&Type "Integer"] 1
   &NUMOFCORRELECTRONS [&Type "Integer"] 0
   &NUMOFBASISFUNCTS [&Type "Integer"] 295
   &NUMOFAUXCBASISFUNCTS [&Type "Integer"] 0
   &NUMOFAUXJBASISFUNCTS [&Type "Integer"] 323
   &NUMOFAUXJKBASISFUNCTS [&Type "Integer"] 0
   &NUMOFCABSBASISFUNCTS [&Type "Integer"] 0
   &TOTALENERGY [&Type "Double"]      -2.8809661560465825e+03  "Hartrees"
$End
$SCF_Dipole_Moment
   &GeometryIndex 1
   &ListStatus       OUT
   &METHOD [&Type "String"] "SCF"
   &LEVEL [&Type "String"] "Relaxed density"
   &MULT [&Type "Integer"] 1
   &STATE [&Type "Integer"] -1
   &IRREP [&Type "Integer"] 0
   &NATOMS [&Type "Integer"] 13
   &DODIPOLEATOM [&Type "Boolean"] false
   &DIPOLEELECCONTRIB [&Type "ArrayOfDoubles", &Dim (3,1)] "Electronic contribution"
                                                         0

0                                      2.7043820020607949e+01
1                                     -2.7718778764402807e-01
2                                      2.6520832831299934e-03
   &DIPOLENUCCONTRIB [&Type "ArrayOfDoubles", &Dim (3,1)] "Nuclear contribution"
                                                         0

0                                     -2.7864856671486628e+01
1                                      7.9365609278885807e-01
2                                     -2.7235868761791640e-03
   &DIPOLETOTAL [&Type "ArrayOfDoubles", &Dim (3,1)] "Total"
                                                         0

0                                     -8.2103665087867839e-01
1                                      5.1646830514483000e-01
2                                     -7.1503593049170640e-05
   &DIPOLEMAGNITUDE [&Type "Double", &Units "a.u."]       9.6996943117709333e-01
$End
$THERMOCHEMISTRY_Energies
   &GeometryIndex 1
   &ListStatus       OUT
   &TEMPERATURE [&Type "Double"]       2.9814999999999998e+02
   &PRESSURE [&Type "Double"]       1.0000000000000000e+00
   &TOTALMASS [&Type "Double"]       1.7300500000000000e+02
   &SPINDEGENERACY [&Type "Integer"] 1
   &ELENERGY [&Type "Double"]      -2.8809661560465825e+03
   &TRANSENERGY [&Type "Double"]       1.4162714244859817e-03
   &ROTENERGY [&Type "Double"]       1.4162714244859817e-03
   &VIBENERGY [&Type "Double"]       4.0175883760872047e-03
   &NUMOFFREQS [&Type "Integer"] 39
   &FREQSCALINGFACTOR [&Type "Double"]       1.0000000000000000e+00
   &FREQ [&Type "ArrayOfDoubles", &Dim (39,1)] "In cm^-1"
                                                         0

0                                      0.0000000000000000e+00
1                                      0.0000000000000000e+00
2                                      0.0000000000000000e+00
3                                      0.0000000000000000e+00
4                                      0.0000000000000000e+00
5                                      0.0000000000000000e+00
6                                      1.2036292839480771e+02
7                                      2.2424335967752535e+02
8                                      2.8690377802800992e+02
9                                      3.1684040412409416e+02
10                                     4.1859808294832465e+02
11                                     4.2955125375357403e+02
12                                     4.3080535570174072e+02
13                                     5.0710477833820522e+02
14                                     6.0572927354312321e+02
15                                     6.4702776797320462e+02
16                                     7.0396087446480612e+02
17                                     7.9674717291985689e+02
18                                     8.2833889118498325e+02
19                                     8.2856155994674702e+02
20                                     9.1297925483312076e+02
21                                     9.4418479023918428e+02
22                                     1.0241407387412512e+03
23                                     1.0728657481752105e+03
24                                     1.1218942731284483e+03
25                                     1.1890023512347473e+03
26                                     1.2015618171673436e+03
27                                     1.2648992696671107e+03
28                                     1.3188439081465683e+03
29                                     1.3638479941887636e+03
30                                     1.4537397762380929e+03
31                                     1.5087128502773689e+03
32                                     1.6177110239484273e+03
33                                     1.6328624946269622e+03
34                                     3.1588496063057801e+03
35                                     3.1808768798002716e+03
36                                     3.1932393923186678e+03
37                                     3.1967267969743739e+03
38                                     3.7574521249573490e+03
   &ZPE [&Type "Double"]       9.3995297705951525e-02
   &INNERENERGYU [&Type "Double"]      -2.8808653106176512e+03
   &ENTHALPYH [&Type "Double"]      -2.8808643664086089e+03
   &QEL [&Type "Double"]       0.0000000000000000e+00
   &QROT [&Type "Double"]       1.4001500855015978e-02
   &QVIB [&Type "Double"]       6.3363073935569772e-03
   &QTRANS [&Type "Double"]       1.9647571739689042e-02
   &ENTROPYS [&Type "Double"]       3.9985379988262001e-02
   &FREEENERGYG [&Type "Double"]      -2.8809043517885971e+03
   &ISLINEAR [&Type "Boolean"] false
$End
$Hessian
   &GeometryIndex 1
   &ListStatus       OUT
   &HESSIAN [&Type "ArrayOfDoubles", &Dim (39,39)] "The Hessian"
                                                         0                           1                           2                           3                           4                           5                           6                           7

0                                      6.9941366002185590e-01         3.4747591858345916e-02         4.8271052802582950e-05        -3.4018920351286208e-01         3.1167058398913986e-02        -2.6803497293203616e-05        -3.2722440961919841e-02        -7.5904109852862486e-02
1                                      3.4747591858345916e-02         7.0837980686462132e-01        -6.7601328124720768e-06        -2.8889921232391362e-02        -1.2541444466237817e-01        -5.6827274536973607e-07        -2.5028870638626396e-02         2.9668361442827224e-02
2                                      4.8271052802582950e-05        -6.7601328124720768e-06         1.2056198062790413e-01        -2.5287482506381509e-05         4.1683784907633820e-06        -5.3903103480180320e-02        -2.4578775306569132e-06        -6.3962606421312090e-06
3                                     -3.4018920351286208e-01        -2.8889921232391362e-02        -2.5287482506381509e-05         6.7142717877456448e-01        -4.2691216525264961e-02         5.1371530298917327e-05        -1.4519446420386742e-01        -5.7469720943435623e-02
4                                      3.1167058398913986e-02        -1.2541444466237817e-01         4.1683784907633820e-06        -4.2691216525264961e-02         7.1851238801324813e-01        -1.9579516165987465e-05        -1.1066472063701183e-01        -2.8178694453020348e-01
5                                     -2.6803497293203616e-05        -5.6827274536973607e-07        -5.3903103480180320e-02         5.1371530298917327e-05        -1.9579516165987465e-05         1.2674040888787691e-01        -5.7697399679033698e-06        -2.0044860789267876e-07
6                                     -3.2722440961919841e-02        -2.5028870638626396e-02        -2.4578775306569132e-06        -1.4519446420386742e-01        -1.1066472063701183e-01        -5.7697399679033698e-06         4.6081073720868354e-01        -1.1221956052186711e-03
7                                     -7.5904109852862486e-02         2.9668361442827224e-02        -6.3962606421312090e-06        -5.7469720943435623e-02        -2.8178694453020348e-01        -2.0044860789267876e-07        -1.1221956052186711e-03         6.4030027396360023e-01
8                                     -1.6969614300589650e-06        -3.0508068857166872e-06         7.6972194520101532e-03        -7.3537512273410477e-06        -6.0246668177838065e-06        -5.9300750226797302e-02         3.3134315543579091e-05        -1.0095862538050682e-05
9                                     -4.1569969028605401e-02         2.4762166723121506e-02        -4.0363150052401642e-06         5.3875594437626670e-02         2.1084476386053604e-02         3.7444000274221031e-06        -1.4594179819232833e-01         5.9059922778307572e-02
10                                     2.8377288349958750e-02        -1.7082183845111842e-02         3.0426448500450882e-06        -2.1341440682123770e-02        -5.6502159701757870e-02        -3.3054689647184433e-07         1.1176984359666281e-01        -2.8338149718820876e-01
11                                    -4.2336640187535776e-06         2.6434959956711925e-06        -2.3737840156062757e-03         4.4197320697588970e-06         2.6499252566234137e-06         7.8512432293739234e-03        -1.0088906093179004e-05         9.0424662593724937e-06
12                                     5.4357682816666870e-02        -1.8614230553696005e-02         3.3373706131480068e-06        -4.1940325552552449e-02        -2.8723209839141464e-02        -3.1276513952808326e-06        -3.2854361992195012e-02         7.6338733407213116e-02
13                                     1.7927105011946602e-02        -5.0012681950226345e-02         1.7480393313801127e-06        -2.3405165135133979e-02        -1.6711150503986333e-02        -2.1519065723457320e-06         2.4655264524720159e-02         2.7920603373496722e-02
14                                     3.1392753745325588e-06        -4.0592258744247570e-08         8.0423305436585681e-03        -3.1091314740034229e-06        -2.5672742361971737e-06        -3.2934269713686061e-03        -3.6613850329486448e-06         5.7670026115830664e-06
15                                    -1.5340453819575606e-01         1.0302790258996768e-01        -7.3918613534795090e-06        -2.9969587945085526e-02         2.9410516701259347e-02        -2.6185992226807267e-06         8.4005060956017855e-04         9.9798616856069467e-04
16                                     3.8042672713052811e-02        -2.8245543834960363e-01         6.1352292548757522e-06         7.5238358721416404e-02         3.8819505484063044e-02         5.5677971147061296e-06         6.7387903724232950e-04        -7.4851837250661815e-02
17                                    -7.1495120575702267e-06         1.1235159464901336e-05        -6.6019318785514952e-02        -2.9923116972846464e-06         2.3051660021789739e-06         1.4721342813670824e-03         2.7269386047881260e-07         1.7767399701055066e-06
18                                    -4.1862043270913203e-02         1.2735172366690854e-02        -4.9945679520532964e-06         3.6930662154530530e-03         1.0195034085105071e-03        -3.5292255044306652e-07        -1.0232694228611262e-03        -1.0074303597372681e-03
19                                     5.0421880735601221e-02         4.1992665366375383e-03         4.3961114395689832e-06        -5.0772458611522079e-03        -9.6308151146673304e-03        -1.5968624093860302e-07        -1.8674171537939876e-05         6.5755317215047369e-03
20                                    -4.7656556768793376e-06         1.0212009888145529e-06         5.7570820612695139e-03         3.6367259225083897e-07         4.2608796897876877e-07         4.5794177377092857e-03        -5.7039706738781957e-08        -3.2006752042721413e-07
21                                     2.1277283634493389e-03        -4.5293331099120655e-03         2.3371327164302268e-07        -3.4444960167311654e-02         4.2653103374916401e-04        -3.6373736676308960e-06        -1.1418386231400972e-01         4.7266853632586077e-05
22                                     1.0208803814660190e-03        -3.0181577020327068e-03         1.8402537439760692e-07        -2.2227273922624323e-02         2.3263322108479870e-03        -2.2526231161612266e-06         7.0739396044473910e-05        -3.1379413243796131e-02
23                                     1.1024667612443140e-07        -5.0659004165845358e-07         3.7323223820480288e-03        -2.8696282987662806e-06         7.8721786668490922e-07         2.2889570340393975e-03        -1.0211371000341775e-05         2.9736202130805009e-07
24                                    -1.2573005937010612e-01        -1.2051418334540182e-01        -5.2430366766026445e-06        -1.1630587670788808e-02        -2.8152524094564372e-02        -3.9330028388457618e-07        -4.1162835595232195e-03         1.1525090046560537e-03
25                                    -1.1932359645629707e-01        -2.6748656563347784e-01        -5.4625809138132581e-06         1.9556812964778014e-03         3.7826823663502981e-03         3.7661278782136344e-07         5.1066746683329296e-04         2.0972287678594978e-03
26                                    -5.6260100732284385e-06        -5.5892168100356368e-06        -3.2623919513301416e-02        -7.9190515134253731e-07        -2.3534455399387030e-06         1.6967891296435647e-03        -1.1319323356312649e-06         9.3043231088573718e-08
27                                    -1.1472885570580679e-02         2.7693388196590243e-02        -1.5510824865722951e-06        -1.2413690259054755e-01         1.2253742857835608e-01        -1.2133348293312728e-05         9.2239149194450129e-03        -1.4682058598837543e-02
28                                    -1.5262778053515627e-03         3.9562191818757570e-03        -9.0190941613708726e-07         1.2035504292184621e-01        -2.6997254753233613e-01         1.8539670583226812e-05         1.5848421117750533e-02        -1.8765041435941848e-02
29                                    -4.1299364745800219e-07         2.1800094181585344e-06         2.8992764250548708e-03        -1.2631873512028038e-05         1.9330803608221375e-05        -3.4546506424487491e-02         1.3974107290496622e-07        -1.2246181951812059e-06
30                                    -6.8850929324242851e-04         6.1258426633747974e-04         1.8573024609194252e-07        -1.1598402674007626e-03         3.2860459211721156e-03        -5.7470638083916056e-07         9.3325469409415145e-03         1.4563673782467132e-02
31                                     8.8850931520905439e-04         4.7618671334878171e-04         2.3790213830470656e-07         4.2424378889944206e-03        -3.4380244321666753e-03         6.1610566031302093e-07        -1.5952442732116271e-02        -1.8703831353474004e-02
32                                    -4.7217307459643951e-08         2.0616240531476766e-08        -9.8835582834810821e-04        -4.4007956727542147e-07         6.4410123605349536e-07         5.1822169125357942e-03         8.2897572507299566e-07         1.5568168265016711e-06
33                                    -7.0036904459550107e-04        -3.3596290789245217e-03        -2.8611897779053989e-07        -9.2401372854327519e-04        -7.0561666378940869e-04         5.8658958888407068e-08        -4.1236819429876078e-03        -1.2338802189753124e-03
34                                    -4.5225994306881262e-03        -3.6529501760685663e-03        -2.6523117501304936e-07        -1.1705893351534550e-03         2.8101346681939248e-04        -1.8284368283766416e-07        -4.7899956196839925e-04         2.2980241894737900e-03
35                                    -1.4685043307321711e-07        -2.1749892578178105e-07         4.7324962696880836e-03        -3.0895099863322689e-08         7.5906636871547215e-08        -5.0162356963260311e-04        -1.1125340254317223e-06        -6.5017557923923780e-08
36                                    -7.5590529533908742e-03        -2.8423422624245989e-03        -7.5314572465616042e-07         5.9404621131529055e-04         2.3108903282230884e-03        -1.8230452016194637e-07        -4.7087088937898189e-05        -7.4099127116240447e-04
37                                    -1.1166989989719999e-03         2.4425815795885816e-03         2.0473774570669710e-08         1.7588981207898981e-04        -2.6583506383292654e-04         8.2225290894671645e-08        -2.6261693738192839e-04         8.5415435238590971e-06
38                                    -6.6459163558780995e-07        -5.1406132263809614e-07         2.4857738613177313e-03        -2.2902213652775115e-07         3.8074828457424042e-07         1.7342434599203849e-03        -4.8888987552649175e-08         1.7103477083869094e-08
                                                         8                           9                          10                          11                          12                          13                          14                          15

0                                     -1.6969614300589650e-06        -4.1569969028605401e-02         2.8377288349958750e-02        -4.2336640187535776e-06         5.4357682816666870e-02         1.7927105011946602e-02         3.1392753745325588e-06        -1.5340453819575606e-01
1                                     -3.0508068857166872e-06         2.4762166723121506e-02        -1.7082183845111842e-02         2.6434959956711925e-06        -1.8614230553696005e-02        -5.0012681950226345e-02        -4.0592258744247570e-08         1.0302790258996768e-01
2                                      7.6972194520101532e-03        -4.0363150052401642e-06         3.0426448500450882e-06        -2.3737840156062757e-03         3.3373706131480068e-06         1.7480393313801127e-06         8.0423305436585681e-03        -7.3918613534795090e-06
3                                     -7.3537512273410477e-06         5.3875594437626670e-02        -2.1341440682123770e-02         4.4197320697588970e-06        -4.1940325552552449e-02        -2.3405165135133979e-02        -3.1091314740034229e-06        -2.9969587945085526e-02
4                                     -6.0246668177838065e-06         2.1084476386053604e-02        -5.6502159701757870e-02         2.6499252566234137e-06        -2.8723209839141464e-02        -1.6711150503986333e-02        -2.5672742361971737e-06         2.9410516701259347e-02
5                                     -5.9300750226797302e-02         3.7444000274221031e-06        -3.3054689647184433e-07         7.8512432293739234e-03        -3.1276513952808326e-06        -2.1519065723457320e-06        -3.2934269713686061e-03        -2.6185992226807267e-06
6                                      3.3134315543579091e-05        -1.4594179819232833e-01         1.1176984359666281e-01        -1.0088906093179004e-05        -3.2854361992195012e-02         2.4655264524720159e-02        -3.6613850329486448e-06         8.4005060956017855e-04
7                                     -1.0095862538050682e-05         5.9059922778307572e-02        -2.8338149718820876e-01         9.0424662593724937e-06         7.6338733407213116e-02         2.7920603373496722e-02         5.7670026115830664e-06         9.9798616856069467e-04
8                                      1.0716758790453849e-01        -9.7585867171579192e-06         1.4393544504870586e-05        -5.8485940083602000e-02        -4.2172281284642101e-06         2.2281619920716877e-06         7.1518261129417601e-03         5.6346679493028889e-08
9                                     -9.7585867171579192e-06         6.6824409342991942e-01         4.1513326759421973e-02         4.8851224854483716e-05        -3.3591114005597378e-01         2.7916428556543315e-02        -2.6154678803784142e-05        -2.8467611200214425e-02
10                                     1.4393544504870586e-05         4.1513326759421973e-02         7.1919354808414016e-01        -4.5531718727854862e-06        -3.1682752472674755e-02        -1.2232446826679669e-01        -1.0803280441652965e-06        -3.0764611650975639e-02
11                                    -5.8485940083602000e-02         4.8851224854483716e-05        -4.5531718727854862e-06         1.2230614055515708e-01        -2.5358480011525913e-05         3.4421604924206286e-06        -5.0422146435902607e-02        -1.1607346484202589e-06
12                                    -4.2172281284642101e-06        -3.3591114005597378e-01        -3.1682752472674755e-02        -2.5358480011525913e-05         6.9176716787396964e-01        -3.3320430042427553e-02         5.0857976355293046e-05        -1.5950819482060197e-01
13                                     2.2281619920716877e-06         2.7916428556543315e-02        -1.2232446826679669e-01         3.4421604924206286e-06        -3.3320430042427553e-02         7.0014968443023173e-01        -1.6217369967315678e-05        -1.0513112436848149e-01
14                                     7.1518261129417601e-03        -2.6154678803784142e-05        -1.0803280441652965e-06        -5.0422146435902607e-02         5.0857976355293046e-05        -1.6217369967315678e-05         1.1267909421040713e-01        -5.2885613748544423e-06
15                                     5.6346679493028889e-08        -2.8467611200214425e-02        -3.0764611650975639e-02        -1.1607346484202589e-06        -1.5950819482060197e-01        -1.0513112436848149e-01        -5.2885613748544423e-06         6.5453718282098694e-01
16                                     1.4498734487703889e-06        -7.7479306233895123e-02         3.7488929966479817e-02        -7.0410134545303408e-06        -3.4947785997614611e-02        -2.8019353686909204e-01         2.2477155179545010e-06        -1.1942791037569730e-02
17                                    -4.5601326079557783e-03        -2.4113216168992802e-07        -4.2040560516528337e-06         6.8750829074837316e-04        -6.5938582460894493e-06        -3.4007666851148482e-06        -6.2686712027623548e-02         4.2201758977178250e-05
18                                     4.7871831524799390e-07         2.1478984629411382e-03        -2.6627231574014544e-03        -7.2975606727228188e-07        -4.4480616004599328e-02        -5.1314278130075858e-03        -5.2370292219852323e-06        -2.6997913474272206e-01
19                                    -3.4766841864231940e-07         5.5698710489341680e-03        -8.4004190321545456e-03         5.6317780706844410e-07        -4.3487375096918725e-02         2.7068680658271747e-03        -3.8694808590414480e-06         1.4366553846022263e-02
20                                    -1.3912526553564279e-03        -5.5962121321878722e-07         4.8940225651250476e-08         7.1516497964631926e-03        -3.3049477521094162e-06         5.8708325439767211e-09         8.3519921387895102e-03        -2.1745158684055800e-05
21                                    -9.4596851745687988e-06        -3.4217634737414654e-02        -1.4842084469961214e-04        -3.4664156872827500e-06         1.8874469199862982e-03         4.0712791465421705e-03         3.4345090657869013e-09         1.7948383076532865e-03
22                                     2.5868667265004828e-07         2.2268062105353897e-02         2.2049824384005098e-03         2.2521724818639726e-06        -1.0669389404781909e-03        -2.8827812783281319e-03         5.6927299091844752e-08         4.1602523933137312e-05
23                                    -1.7079076379715518e-02        -3.6386778157608784e-06        -8.3430751619800449e-07         2.3004809750441849e-03         6.8360097090236583e-08         7.1451446619064855e-07         3.8430332949373641e-03        -4.5488619146722239e-08
