
$orca_hessian_file

$act_atom
  0

$act_coord
  0

$act_energy
        0.000000

$multiplicity
  1

$hessian
39
                    0                  1                  2                  3                  4        
    0      6.8929428287E-01   3.1090458693E-02  -1.8292458826E-05  -3.3582920662E-01   3.1370057226E-02
    1      3.1090458693E-02   6.9919313495E-01   6.4835479446E-07  -2.8026457571E-02  -1.2203583285E-01
    2     -1.8292458826E-05   6.4835479446E-07   1.1291295591E-01   9.2604615585E-06  -9.9724257468E-07
    3     -3.3582920662E-01  -2.8026457571E-02   9.2604615585E-06   6.7117205739E-01  -4.1254769889E-02
    4      3.1370057226E-02  -1.2203583285E-01  -9.9724257468E-07  -4.1254769889E-02   7.1832084225E-01
    5      9.2345839003E-06   7.1320203474E-07  -5.0339475257E-02  -1.6750649233E-05   3.1978113150E-06
    6     -3.2645787278E-02  -2.4757628944E-02   9.6722137610E-07  -1.4697645128E-01  -1.1260940156E-01
    7     -7.6288315614E-02   2.7672533882E-02   2.1759364594E-06  -5.9697099915E-02  -2.8378918653E-01
    8      9.0549818025E-07   9.1033682855E-07   7.2323825613E-03   2.3589928688E-06   2.4462800465E-06
    9     -4.2203868395E-02   2.3222691614E-02   1.4907600487E-06   5.4038623603E-02   2.1443904562E-02
   10      2.8575071132E-02  -1.6696158742E-02  -1.1053157004E-06  -2.0884879661E-02  -5.6824429399E-02
   11      1.2974018391E-06  -7.7836627322E-07  -3.2526642842E-03  -1.3591279251E-06  -8.6584130581E-07
   12      5.4435490582E-02  -1.7704901984E-02  -1.2860918940E-06  -4.1615710497E-02  -2.8321701038E-02
   13      1.8744707715E-02  -5.0239147054E-02  -3.8829494994E-07  -2.4655244904E-02  -1.7101807387E-02
   14     -1.0291706787E-06  -4.8570847137E-08   8.1990184248E-03   1.2826911997E-06   9.4910929922E-07
   15     -1.6080958049E-01   1.0490074339E-01   3.2789107110E-06  -2.8297565209E-02   3.0804210840E-02
   16      3.4942578844E-02  -2.7895349251E-01  -2.2751167590E-06   7.7303890942E-02   3.7550622891E-02
   17      2.9041709362E-06  -4.0877930963E-06  -6.2615555333E-02   7.1794449703E-07  -1.0853715488E-06
   18     -4.3774742321E-02   5.2177467762E-03   1.9314735705E-06   2.0104918364E-03   2.3976489245E-03
   19      4.3952222474E-02   2.8996434259E-03  -1.3556119387E-06  -5.6708356624E-03  -8.5191577360E-03
   20      1.8240331257E-06  -1.7585869820E-07   8.3236166288E-03   9.3642735006E-08  -1.1213078882E-07
   21      1.8650099038E-03  -4.0084710876E-03  -1.3079309140E-07  -3.4281986036E-02   1.8110969648E-04
   22      1.0927212822E-03  -2.8930089248E-03  -6.6865479816E-08  -2.2511752560E-02   2.2258121500E-03
   23      7.3636845571E-09   1.5854251213E-07   3.8510055538E-03   9.2604438639E-07  -2.7378190471E-07
   24     -1.2075355657E-01  -1.1387321225E-01   2.6858086422E-06  -1.1948919305E-02  -2.9402611025E-02
   25     -1.1405972986E-01  -2.6378148947E-01   3.1433421870E-06   1.2285645536E-03   2.5981323954E-03
   26      2.7664957705E-06   3.2602898186E-06  -2.9426423293E-02   2.8413199236E-07   9.1104173424E-07
   27     -1.1257128349E-02   2.7370492367E-02   3.0907086798E-07  -1.2575586244E-01   1.2363613165E-01
   28     -1.7090069180E-03   3.9950534962E-03   3.1129087731E-07   1.2100507904E-01  -2.6819600544E-01
   29      3.4932512399E-07  -8.4098986102E-07   1.9129612694E-03   2.8623215811E-06  -3.9826448784E-06
   30     -7.4624852147E-04   6.2534475976E-04  -3.7950823234E-08  -1.1241826722E-03   3.3231436488E-03
   31      8.9682998679E-04   5.3350491685E-04  -4.8654477739E-08   4.2265851677E-03  -3.5283558153E-03
   32     -3.5886535141E-08   1.6016153242E-08  -6.3041582883E-04   1.5609740992E-07  -1.4322857590E-07
   33     -1.3188688174E-03  -3.0913695882E-03   1.1488613772E-07  -7.5891619661E-04  -7.2237214516E-04
   34     -4.1314271733E-03  -3.5426395348E-03   1.9884058085E-07  -1.1824655108E-03   2.9603851457E-04
   35      1.1811752751E-07   1.3184367807E-07   4.6857521639E-03   2.0316107977E-08  -2.3177725509E-08
   36      3.7442040074E-03  -1.2346206626E-03  -2.2106581678E-07  -6.3237256866E-04  -5.1984370610E-04
   37      5.7930167041E-03   3.8478984174E-03  -2.6942553370E-07  -2.0612121494E-04  -9.9667303663E-04
   38     -1.1970651035E-07   1.2175547103E-07  -8.5315851723E-04  -4.9800934301E-08  -4.5045256024E-08
                    5                  6                  7                  8                  9        
    0      9.2345839003E-06  -3.2645787278E-02  -7.6288315614E-02   9.0549818025E-07  -4.2203868395E-02
    1      7.1320203474E-07  -2.4757628944E-02   2.7672533882E-02   9.1033682855E-07   2.3222691614E-02
    2     -5.0339475257E-02   9.6722137610E-07   2.1759364594E-06   7.2323825613E-03   1.4907600487E-06
    3     -1.6750649233E-05  -1.4697645128E-01  -5.9697099915E-02   2.3589928688E-06   5.4038623603E-02
    4      3.1978113150E-06  -1.1260940156E-01  -2.8378918653E-01   2.4462800465E-06   2.1443904562E-02
    5      1.2241308676E-01   2.0811995681E-06   7.3978584258E-07  -5.8860611096E-02  -1.2912352803E-06
    6      2.0811995681E-06   4.6804003167E-01   2.0795923234E-03  -1.0931920331E-05  -1.4634107583E-01
    7      7.3978584258E-07   2.0795923234E-03   6.3913996236E-01   1.7005804208E-06   5.7448447014E-02
    8     -5.8860611096E-02  -1.0931920331E-05   1.7005804208E-06   1.0714239037E-01   2.9021002980E-06
    9     -1.2912352803E-06  -1.4634107583E-01   5.7448447014E-02   2.9021002980E-06   6.7746561271E-01
   10      4.7194181329E-07   1.1075704698E-01  -2.7941344969E-01  -4.0341533086E-06   4.3419823473E-02
   11      8.0719330038E-03   2.9055276432E-06  -2.2072468778E-06  -5.9746070860E-02  -1.6518655988E-05
   12      1.1113850592E-06  -3.2651061248E-02   7.5582972599E-02   1.2867336151E-06  -3.4396056860E-01
   13      6.6440104723E-07   2.5007869460E-02   2.9676658908E-02  -7.6116501990E-07   2.8555799947E-02
   14     -2.4393248008E-03   1.0232794882E-06  -1.8914796019E-06   7.6393626329E-03   9.4872524102E-06
   15      8.7930171307E-07   1.2077588024E-03  -9.8025281717E-04  -1.7856994315E-08  -2.9908169386E-02
   16     -2.0535305591E-06  -5.7656224734E-04  -7.4711096416E-02  -3.5254919015E-07  -7.5217277356E-02
   17      4.8694078652E-04  -4.5571836055E-08  -1.8409651063E-07  -4.6975556633E-03   3.0148388539E-07
   18      2.1398018524E-07  -1.0663983920E-03   1.1948926656E-03  -1.4640689717E-07   3.7815686790E-03
   19     -7.0317945504E-08   3.1242393332E-06   6.6817338497E-03   7.6388243245E-08   5.1284368121E-03
   20      7.2266574359E-03   1.6377890066E-08  -1.2952474747E-07  -1.3998883409E-03  -1.3195474645E-07
   21      1.2639292134E-06  -1.1989922729E-01  -2.3342632552E-04   3.1545830325E-06  -3.4443269278E-02
   22      7.7709949890E-07  -2.2846340188E-04  -3.1239494940E-02  -4.2087069407E-08   2.2321056487E-02
   23      2.3498647842E-03   3.5927511538E-06  -4.0863667931E-08  -1.6688839550E-02   1.0922609788E-06
   24      2.6579032787E-07  -4.1556839891E-03   1.1762062202E-03   4.0160497068E-07  -9.3615849557E-04
   25     -1.6349949537E-07   4.6104859890E-04   2.3280205937E-03   3.8249923047E-08   1.1713241926E-03
   26      8.2414083215E-04   3.7004725984E-07  -5.4188972511E-08   7.0366430101E-03   3.8300861242E-08
   27      2.9785833412E-06   9.3510328366E-03  -1.4557151194E-02  -2.6532304078E-07  -1.1325452439E-03
   28     -4.1664628989E-06   1.6210709655E-02  -1.9169564325E-02  -4.9793307343E-07  -4.2771593504E-03
   29     -3.3333610544E-02  -9.6007858964E-08   3.3591365337E-07   2.3262269869E-03   1.0211928743E-07
   30      1.5085980372E-07   9.2433969205E-03   1.4730910665E-02  -8.9047830689E-08  -1.2547644226E-01
   31     -2.0141743082E-07  -1.6035627405E-02  -1.9267872388E-02   4.9951650634E-07  -1.2071470631E-01
   32      4.8868067048E-03  -2.0834812902E-07  -5.0716247611E-07   2.5298705427E-03   2.0667010932E-06
   33      2.0590760317E-08  -4.0678498055E-03  -1.1998913408E-03   3.5997083597E-07  -1.1468895495E-02
   34      9.1216440356E-09  -5.8029973543E-04   2.1063018141E-03   1.5467335976E-08  -2.0008978098E-03
   35     -6.1086390525E-04   3.8457797520E-07   6.1767203992E-08   7.3180894639E-03   2.2724010435E-07
   36      3.8614395879E-08  -3.8685106643E-05   7.4381541145E-04   1.7358026369E-08   5.8518799599E-04
   37      1.0608729774E-07   2.6789234493E-04  -1.4547114386E-05  -2.1546998487E-09  -2.0757275020E-04
   38     -6.7554469971E-04   4.5790659768E-09   3.8023309683E-09   1.6799993903E-04   8.6766745560E-08
                   10                 11                 12                 13                 14        
    0      2.8575071132E-02   1.2974018391E-06   5.4435490582E-02   1.8744707715E-02  -1.0291706787E-06
    1     -1.6696158742E-02  -7.7836627322E-07  -1.7704901984E-02  -5.0239147054E-02  -4.8570847137E-08
    2     -1.1053157004E-06  -3.2526642842E-03  -1.2860918940E-06  -3.8829494994E-07   8.1990184248E-03
    3     -2.0884879661E-02  -1.3591279251E-06  -4.1615710497E-02  -2.4655244904E-02   1.2826911997E-06
    4     -5.6824429399E-02  -8.6584130581E-07  -2.8321701038E-02  -1.7101807387E-02   9.4910929922E-07
    5      4.7194181329E-07   8.0719330038E-03   1.1113850592E-06   6.6440104723E-07  -2.4393248008E-03
    6      1.1075704698E-01   2.9055276432E-06  -3.2651061248E-02   2.5007869460E-02   1.0232794882E-06
    7     -2.7941344969E-01  -2.2072468778E-06   7.5582972599E-02   2.9676658908E-02  -1.8914796019E-06
    8     -4.0341533086E-06  -5.9746070860E-02   1.2867336151E-06  -7.6116501990E-07   7.6393626329E-03
    9      4.3419823473E-02  -1.6518655988E-05  -3.4396056860E-01   2.8555799947E-02   9.4872524102E-06
   10      7.1489252470E-01   6.3484382687E-07  -3.0864838120E-02  -1.2547890240E-01   6.5737373645E-07
   11      6.3484382687E-07   1.2682397625E-01   9.0724932728E-06  -1.1076920432E-06  -5.3486549114E-02
   12     -3.0864838120E-02   9.0724932728E-06   7.0683047263E-01  -3.5072678837E-02  -1.8328066338E-05
   13     -1.2547890240E-01  -1.1076920432E-06  -3.5072678837E-02   7.0643464059E-01   3.0019474232E-06
   14      6.5737373645E-07  -5.3486549114E-02  -1.8328066338E-05   3.0019474232E-06   1.2027475767E-01
   15     -2.9502952421E-02   7.6667186086E-07  -1.5369684591E-01  -1.0370440849E-01   2.0826411515E-06
   16      3.8779632498E-02   2.3252563748E-06  -3.8055863864E-02  -2.8197367190E-01   8.4891755181E-07
   17      1.1753714644E-06   1.4539271415E-03   2.4728153449E-06   2.6496615925E-06  -6.6541119762E-02
   18     -1.1196544292E-03   4.1343922084E-08  -4.3550051949E-02  -1.3121893353E-02   1.7285871321E-06
   19     -9.6881593707E-03  -1.8036365820E-07  -5.1234538734E-02   4.1557119910E-03   1.6777967923E-06
   20      6.2846011093E-09   4.5467312115E-03   1.4356662058E-06   4.7206658817E-07   6.0879964129E-03
   21     -4.9191526019E-04   1.1757185078E-06   2.1137679934E-03   4.4476886115E-03  -9.3425705353E-08
   22      2.3486734033E-03  -7.6669797543E-07  -1.0361919354E-03  -3.0223060831E-03   5.5319898210E-09
   23      2.7019980656E-07   2.3089079661E-03  -2.2144810495E-08  -2.1563638679E-07   3.7248958920E-03
   24      7.2383495830E-04   5.8968149466E-09  -7.1797718990E-04   3.3804675666E-03   1.2268857350E-07
   25      2.8860694434E-04  -3.3203063272E-08   4.5573246027E-03  -3.6192998590E-03  -2.4323467864E-07
   26      1.3553550864E-08  -4.9793170570E-04   1.4696796743E-07  -1.8259117556E-07   4.7702040359E-03
   27     -3.2828322920E-03   1.3990464388E-07  -6.6780307592E-04  -6.0757109896E-04  -6.9947704937E-08
   28     -3.5495429448E-03   1.2561730850E-07  -9.1903163284E-04   4.6179229406E-04   6.9350000614E-08
   29      8.7899415672E-08   5.2128169841E-03  -4.2169602180E-08  -1.0049023408E-08  -9.8188046737E-04
   30     -1.2326940143E-01   2.1240423277E-06  -1.1322841954E-02  -2.7637166938E-02   1.1214951023E-07
   31     -2.6837085165E-01   2.6378558850E-06   1.5210501538E-03   4.0681805057E-03  -3.7779502024E-07
   32      2.5897725222E-06  -3.4760250784E-02   3.9867186061E-07   8.5519692058E-07   2.8289175193E-03
   33      2.7969814254E-02   4.3751706153E-07  -1.2768957228E-01   1.2194150357E-01   3.3960718868E-06
   34      3.9767489601E-03   1.6478245349E-07   1.2024866989E-01  -2.6585823842E-01  -4.5260188868E-06
   35     -8.3289468353E-07   1.5619013247E-03   3.4897095128E-06  -4.8371531442E-06  -3.2621334592E-02
   36     -2.3229877095E-03   5.8126320532E-08  -7.5072984985E-03   2.9093504622E-03   2.2797224873E-07
   37     -2.6469230833E-04   4.5196657564E-09   1.1113051818E-03   2.4963888072E-03  -1.0597428068E-07
   38      1.1165863760E-07   1.7632728686E-03   3.2130663280E-07  -1.5764530680E-07   2.5450561441E-03
                   15                 16                 17                 18                 19        
    0     -1.6080958049E-01   3.4942578844E-02   2.9041709362E-06  -4.3774742321E-02   4.3952222474E-02
    1      1.0490074339E-01  -2.7895349251E-01  -4.0877930963E-06   5.2177467762E-03   2.8996434259E-03
    2      3.2789107110E-06  -2.2751167590E-06  -6.2615555333E-02   1.9314735705E-06  -1.3556119387E-06
    3     -2.8297565209E-02   7.7303890942E-02   7.1794449703E-07   2.0104918364E-03  -5.6708356624E-03
    4      3.0804210840E-02   3.7550622891E-02  -1.0853715488E-06   2.3976489245E-03  -8.5191577360E-03
    5      8.7930171307E-07  -2.0535305591E-06   4.8694078652E-04   2.1398018524E-07  -7.0317945504E-08
    6      1.2077588024E-03  -5.7656224734E-04  -4.5571836055E-08  -1.0663983920E-03   3.1242393332E-06
    7     -9.8025281717E-04  -7.4711096416E-02  -1.8409651063E-07   1.1948926656E-03   6.6817338497E-03
    8     -1.7856994315E-08  -3.5254919015E-07  -4.6975556633E-03  -1.4640689717E-07   7.6388243245E-08
    9     -2.9908169386E-02  -7.5217277356E-02   3.0148388539E-07   3.7815686790E-03   5.1284368121E-03
   10     -2.9502952421E-02   3.8779632498E-02   1.1753714644E-06  -1.1196544292E-03  -9.6881593707E-03
   11      7.6667186086E-07   2.3252563748E-06   1.4539271415E-03   4.1343922084E-08  -1.8036365820E-07
   12     -1.5369684591E-01  -3.8055863864E-02   2.4728153449E-06  -4.3550051949E-02  -5.1234538734E-02
   13     -1.0370440849E-01  -2.8197367190E-01   2.6496615925E-06  -1.3121893353E-02   4.1557119910E-03
   14      2.0826411515E-06   8.4891755181E-07  -6.6541119762E-02   1.7285871321E-06   1.6777967923E-06
   15      6.7472026973E-01   1.1055465330E-02  -1.6354798002E-05  -2.8850700159E-01  -1.3214552484E-02
   16      1.1055465330E-02   7.0399571206E-01   1.8667719802E-06   3.9091532405E-02  -1.0978902402E-01
   17     -1.6354798002E-05   1.8667719802E-06   1.5165780542E-01   8.5266721980E-06   4.1976320499E-07
   18     -2.8850700159E-01   3.9091532405E-02   8.5266721980E-06   4.7058621220E-01   1.4374345303E-01
   19     -1.3214552484E-02  -1.0978902402E-01   4.1976320499E-07   1.4374345303E-01   5.6151693151E-01
   20      8.0490931756E-06  -2.1379641995E-06  -3.9888803271E-02  -1.2162112369E-05   3.0024267248E-06
   21      1.8133664049E-03  -3.2674748336E-04   1.3740927810E-07  -3.3375103834E-03   2.7621257681E-05
   22     -3.2967940363E-05   1.2696637697E-03   1.1676471617E-08  -4.7083816576E-05   2.1031142835E-04
   23     -6.9014655954E-09   2.4869658803E-08  -6.1738574358E-04   1.0542717535E-07  -5.6735978206E-08
   24      7.5370701854E-03   1.3142112868E-02   5.0013616452E-08   3.7823791751E-03   6.8128634530E-04
   25     -1.9397295961E-02  -1.9141207254E-02   7.9621412271E-07  -2.3938690780E-04   2.7507559016E-03
   26     -1.4732519944E-07  -6.1478573586E-07   3.4988015907E-03  -2.4955830378E-07   4.6561371628E-08
   27     -4.7738977989E-03  -2.0099242858E-03   5.0111977874E-07  -1.4276583080E-03   1.5983577749E-03
   28     -1.0526275420E-03   1.9008722447E-03  -1.1439111812E-07  -1.1425342560E-04   5.7594599409E-05
   29      4.5827007483E-07   9.0939790520E-08   7.7897200967E-03   4.2236862424E-08  -7.8849371310E-08
   30     -4.5788337742E-03   1.8122786644E-03   5.0650899595E-07  -8.4869118245E-04  -1.6811696573E-03
   31      1.1410396862E-03   1.8295173612E-03   7.7992403414E-08  -3.6399355008E-05   2.8749484066E-05
   32      4.6718110493E-07  -9.0760604607E-08   7.9829377535E-03   2.5558848270E-08   5.0450978997E-08
   33      1.0877510699E-02  -1.3342495685E-02  -1.0736366612E-07   1.2004273829E-03   6.7589492873E-04
   34      1.8485761224E-02  -1.9477320978E-02  -8.2826717810E-07   5.3833572825E-04   1.8990660181E-03
   35     -2.5513093026E-08   5.2291135247E-07   4.9150359125E-03  -1.7257682747E-07  -1.6343158198E-08
   36     -2.5584081651E-02  -4.7737211155E-02  -6.9604747037E-08  -9.8849025142E-02  -1.2392531361E-01
   37      1.4160602073E-03  -1.2802077462E-03  -4.7717388978E-07  -1.7758892496E-01  -4.5220415707E-01
   38      1.0295246822E-06   1.6246824416E-06  -3.4247489299E-03   6.3657941309E-08  -3.1040076498E-06
                   20                 21                 22                 23                 24        
    0      1.8240331257E-06   1.8650099038E-03   1.0927212822E-03   7.3636845571E-09  -1.2075355657E-01
    1     -1.7585869820E-07  -4.0084710876E-03  -2.8930089248E-03   1.5854251213E-07  -1.1387321225E-01
    2      8.3236166288E-03  -1.3079309140E-07  -6.6865479816E-08   3.8510055538E-03   2.6858086422E-06
    3      9.3642735006E-08  -3.4281986036E-02  -2.2511752560E-02   9.2604438639E-07  -1.1948919305E-02
    4     -1.1213078882E-07   1.8110969648E-04   2.2258121500E-03  -2.7378190471E-07  -2.9402611025E-02
    5      7.2266574359E-03   1.2639292134E-06   7.7709949890E-07   2.3498647842E-03   2.6579032787E-07
    6      1.6377890066E-08  -1.1989922729E-01  -2.2846340188E-04   3.5927511538E-06  -4.1556839891E-03
    7     -1.2952474747E-07  -2.3342632552E-04  -3.1239494940E-02  -4.0863667931E-08   1.1762062202E-03
    8     -1.3998883409E-03   3.1545830325E-06  -4.2087069407E-08  -1.6688839550E-02   4.0160497068E-07
    9     -1.3195474645E-07  -3.4443269278E-02   2.2321056487E-02   1.0922609788E-06  -9.3615849557E-04
   10      6.2846011093E-09  -4.9191526019E-04   2.3486734033E-03   2.7019980656E-07   7.2383495830E-04
   11      4.5467312115E-03   1.1757185078E-06  -7.6669797543E-07   2.3089079661E-03   5.8968149466E-09
   12      1.4356662058E-06   2.1137679934E-03  -1.0361919354E-03  -2.2144810495E-08  -7.1797718990E-04
   13      4.7206658817E-07   4.4476886115E-03  -3.0223060831E-03  -2.1563638679E-07   3.3804675666E-03
   14      6.0879964129E-03  -9.3425705353E-08   5.5319898210E-09   3.7248958920E-03   1.2268857350E-07
   15      8.0490931756E-06   1.8133664049E-03  -3.2967940363E-05  -6.9014655954E-09   7.5370701854E-03
   16     -2.1379641995E-06  -3.2674748336E-04   1.2696637697E-03   2.4869658803E-08   1.3142112868E-02
   17     -3.9888803271E-02   1.3740927810E-07   1.1676471617E-08  -6.1738574358E-04   5.0013616452E-08
   18     -1.2162112369E-05  -3.3375103834E-03  -4.7083816576E-05   1.0542717535E-07   3.7823791751E-03
   19      3.0024267248E-06   2.7621257681E-05   2.1031142835E-04  -5.6735978206E-08   6.8128634530E-04
   20      2.6229914760E-02   1.3005325458E-07   1.1877101855E-08  -4.5197845664E-04  -2.0796637028E-07
   21      1.3005325458E-07   1.8697866028E-01   3.8641368110E-04  -5.7146639060E-06  -1.5246453414E-03
   22      1.1877101855E-08   3.8641368110E-04   2.9199771691E-02   5.6280264155E-08  -8.1141254360E-04
   23     -4.5197845664E-04  -5.7146639060E-06   5.6280264155E-08   9.5773862409E-03   8.9332619649E-08
   24     -2.0796637028E-07  -1.5246453414E-03  -8.1141254360E-04   8.9332619649E-08   1.2749027949E-01
   25      9.1237102454E-08   1.7118005196E-04  -4.4916405600E-06   2.1059793406E-08   1.2503565902E-01
   26     -3.7564042570E-03   9.1262394431E-08   2.5190478978E-08   3.7665509001E-04  -3.2051317327E-06
   27      5.6909142275E-08   8.6355087748E-04  -7.5686060626E-04  -7.3806258208E-08   1.0839598120E-03
   28      1.0493229143E-08   5.4980339914E-04   9.3050616607E-04  -2.4412047993E-08   1.7786909199E-04
   29      3.6238859695E-05  -8.2781437327E-08   2.5192383982E-08  -2.3950448543E-03  -1.5873908293E-07
   30      3.2825302947E-08   8.8762893605E-04   7.5164934301E-04  -6.6457253055E-08   4.4470690292E-05
   31      2.4636070281E-08  -5.4775901114E-04   9.3425157491E-04   4.5339793090E-08  -6.5061776995E-05
   32      1.4112614638E-04  -8.0332664089E-08  -3.5122433026E-09  -2.2827563391E-03  -1.1499716927E-08
   33     -1.1574567577E-07  -1.4204125261E-03   7.5435353175E-04   8.9015282528E-08   5.3212553919E-04
   34     -4.4102430351E-09  -3.0645670064E-04   5.9305595137E-05  -2.2408146981E-08   7.0229557192E-04
   35     -3.2770785519E-03   8.9547744840E-08  -2.7136490068E-08   3.3789398331E-04  -1.5381087552E-08
   36      1.0308948925E-06   3.8506645745E-04   1.1119351812E-04   2.8153529680E-08  -4.3334399964E-04
   37     -1.4702903570E-06   1.5830413208E-04  -1.8994189942E-05   5.4957501134E-08  -8.6914310273E-04
   38     -3.8181285783E-03   1.3118261104E-08  -3.9601279569E-09  -9.0604566792E-05   2.4451264572E-08
                   25                 26                 27                 28                 29        
    0     -1.1405972986E-01   2.7664957705E-06  -1.1257128349E-02  -1.7090069180E-03   3.4932512399E-07
    1     -2.6378148947E-01   3.2602898186E-06   2.7370492367E-02   3.9950534962E-03  -8.4098986102E-07
    2      3.1433421870E-06  -2.9426423293E-02   3.0907086798E-07   3.1129087731E-07   1.9129612694E-03
    3      1.2285645536E-03   2.8413199236E-07  -1.2575586244E-01   1.2100507904E-01   2.8623215811E-06
    4      2.5981323954E-03   9.1104173424E-07   1.2363613165E-01  -2.6819600544E-01  -3.9826448784E-06
    5     -1.6349949537E-07   8.2414083215E-04   2.9785833412E-06  -4.1664628989E-06  -3.3333610544E-02
    6      4.6104859890E-04   3.7004725984E-07   9.3510328366E-03   1.6210709655E-02  -9.6007858964E-08
    7      2.3280205937E-03  -5.4188972511E-08  -1.4557151194E-02  -1.9169564325E-02   3.3591365337E-07
    8      3.8249923047E-08   7.0366430101E-03  -2.6532304078E-07  -4.9793307343E-07   2.3262269869E-03
    9      1.1713241926E-03   3.8300861242E-08  -1.1325452439E-03  -4.2771593504E-03   1.0211928743E-07
   10      2.8860694434E-04   1.3553550864E-08  -3.2828322920E-03  -3.5495429448E-03   8.7899415672E-08
   11     -3.3203063272E-08  -4.9793170570E-04   1.3990464388E-07   1.2561730850E-07   5.2128169841E-03
   12      4.5573246027E-03   1.4696796743E-07  -6.6780307592E-04  -9.1903163284E-04  -4.2169602180E-08
   13     -3.6192998590E-03  -1.8259117556E-07  -6.0757109896E-04   4.6179229406E-04  -1.0049023408E-08
   14     -2.4323467864E-07   4.7702040359E-03  -6.9947704937E-08   6.9350000614E-08  -9.8188046737E-04
   15     -1.9397295961E-02  -1.4732519944E-07  -4.7738977989E-03  -1.0526275420E-03   4.5827007483E-07
   16     -1.9141207254E-02  -6.1478573586E-07  -2.0099242858E-03   1.9008722447E-03   9.0939790520E-08
   17      7.9621412271E-07   3.4988015907E-03   5.0111977874E-07  -1.1439111812E-07   7.7897200967E-03
   18     -2.3938690780E-04  -2.4955830378E-07  -1.4276583080E-03  -1.1425342560E-04   4.2236862424E-08
   19      2.7507559016E-03   4.6561371628E-08   1.5983577749E-03   5.7594599409E-05  -7.8849371310E-08
   20      9.1237102454E-08  -3.7564042570E-03   5.6909142275E-08   1.0493229143E-08   3.6238859695E-05
   21      1.7118005196E-04   9.1262394431E-08   8.6355087748E-04   5.4980339914E-04  -8.2781437327E-08
   22     -4.4916405600E-06   2.5190478978E-08  -7.5686060626E-04   9.3050616607E-04   2.5192383982E-08
   23      2.1059793406E-08   3.7665509001E-04  -7.3806258208E-08  -2.4412047993E-08  -2.3950448543E-03
   24      1.2503565902E-01  -3.2051317327E-06   1.0839598120E-03   1.7786909199E-04  -1.5873908293E-07
   25      2.7999338510E-01  -3.5394693627E-06  -1.2933430108E-04   7.5085269979E-04   1.7646956078E-08
   26     -3.5394693627E-06   2.1268508868E-02  -1.3977379017E-07  -5.9234656109E-09  -3.9242345460E-03
   27     -1.2933430108E-04  -1.3977379017E-07   1.3271450291E-01  -1.3069866929E-01  -3.4385360842E-06
   28      7.5085269979E-04  -5.9234656109E-09  -1.3069866929E-01   2.8382503321E-01   4.3747618680E-06
   29      1.7646956078E-08  -3.9242345460E-03  -3.4385360842E-06   4.3747618680E-06   2.3703778171E-02
   30     -5.3771541324E-05  -3.5894969011E-09   6.6621754389E-04   7.8650042012E-04  -2.6462708036E-09
   31     -1.4911288413E-05   4.1407321553E-08  -7.7355465958E-04  -1.0226737898E-03   2.0446175837E-09
   32      2.4868844325E-08  -7.5176144081E-04  -6.5151322587E-09  -2.6523020122E-08   4.0518524752E-04
   33     -9.0674667817E-04  -1.8364024280E-08   4.7102513921E-05   5.9955615225E-05  -2.6495322596E-09
   34     -1.1478390687E-03  -1.9270770343E-08   4.6839605505E-05  -2.2108127215E-06  -3.6883001445E-08
   35      6.4232065717E-09   2.7541215194E-05   8.3083699407E-09  -5.0935590010E-08  -7.1611567354E-04
   36      2.1628732884E-03   1.9667462069E-08   2.8852872144E-04  -1.6259466263E-05   6.2858844041E-09
   37     -1.0005150560E-03   5.6827583048E-09   1.6116674070E-04   1.8292599382E-05   1.5415590166E-08
   38     -4.7133087137E-08   5.5426060029E-04   2.9769210877E-09  -5.3302090901E-09  -3.6041529700E-05
                   30                 31                 32                 33                 34        
    0     -7.4624852147E-04   8.9682998679E-04  -3.5886535141E-08  -1.3188688174E-03  -4.1314271733E-03
    1      6.2534475976E-04   5.3350491685E-04   1.6016153242E-08  -3.0913695882E-03  -3.5426395348E-03
    2     -3.7950823234E-08  -4.8654477739E-08  -6.3041582883E-04   1.1488613772E-07   1.9884058085E-07
    3     -1.1241826722E-03   4.2265851677E-03   1.5609740992E-07  -7.5891619661E-04  -1.1824655108E-03
    4      3.3231436488E-03  -3.5283558153E-03  -1.4322857590E-07  -7.2237214516E-04   2.9603851457E-04
    5      1.5085980372E-07  -2.0141743082E-07   4.8868067048E-03   2.0590760317E-08   9.1216440356E-09
    6      9.2433969205E-03  -1.6035627405E-02  -2.0834812902E-07  -4.0678498055E-03  -5.8029973543E-04
    7      1.4730910665E-02  -1.9267872388E-02  -5.0716247611E-07  -1.1998913408E-03   2.1063018141E-03
    8     -8.9047830689E-08   4.9951650634E-07   2.5298705427E-03   3.5997083597E-07   1.5467335976E-08
    9     -1.2547644226E-01  -1.2071470631E-01   2.0667010932E-06  -1.1468895495E-02  -2.0008978098E-03
   10     -1.2326940143E-01  -2.6837085165E-01   2.5897725222E-06   2.7969814254E-02   3.9767489601E-03
   11      2.1240423277E-06   2.6378558850E-06  -3.4760250784E-02   4.3751706153E-07   1.6478245349E-07
   12     -1.1322841954E-02   1.5210501538E-03   3.9867186061E-07  -1.2768957228E-01   1.2024866989E-01
   13     -2.7637166938E-02   4.0681805057E-03   8.5519692058E-07   1.2194150357E-01  -2.6585823842E-01
   14      1.1214951023E-07  -3.7779502024E-07   2.8289175193E-03   3.3960718868E-06  -4.5260188868E-06
   15     -4.5788337742E-03   1.1410396862E-03   4.6718110493E-07   1.0877510699E-02   1.8485761224E-02
   16      1.8122786644E-03   1.8295173612E-03  -9.0760604607E-08  -1.3342495685E-02  -1.9477320978E-02
   17      5.0650899595E-07   7.7992403414E-08   7.9829377535E-03  -1.0736366612E-07  -8.2826717810E-07
   18     -8.4869118245E-04  -3.6399355008E-05   2.5558848270E-08   1.2004273829E-03   5.3833572825E-04
   19     -1.6811696573E-03   2.8749484066E-05   5.0450978997E-08   6.7589492873E-04   1.8990660181E-03
   20      3.2825302947E-08   2.4636070281E-08   1.4112614638E-04  -1.1574567577E-07  -4.4102430351E-09
   21      8.8762893605E-04  -5.4775901114E-04  -8.0332664089E-08  -1.4204125261E-03  -3.0645670064E-04
   22      7.5164934301E-04   9.3425157491E-04  -3.5122433026E-09   7.5435353175E-04   5.9305595137E-05
   23     -6.6457253055E-08   4.5339793090E-08  -2.2827563391E-03   8.9015282528E-08  -2.2408146981E-08
   24      4.4470690292E-05  -6.5061776995E-05  -1.1499716927E-08   5.3212553919E-04   7.0229557192E-04
   25     -5.3771541324E-05  -1.4911288413E-05   2.4868844325E-08  -9.0674667817E-04  -1.1478390687E-03
   26     -3.5894969011E-09   4.1407321553E-08  -7.5176144081E-04  -1.8364024280E-08  -1.9270770343E-08
   27      6.6621754389E-04  -7.7355465958E-04  -6.5151322587E-09   4.7102513921E-05   4.6839605505E-05
   28      7.8650042012E-04  -1.0226737898E-03  -2.6523020122E-08   5.9955615225E-05  -2.2108127215E-06
   29     -2.6462708036E-09   2.0446175837E-09   4.0518524752E-04  -2.6495322596E-09  -3.6883001445E-08
   30      1.3264382053E-01   1.3046064571E-01  -2.6194303122E-06   1.1247098856E-03   2.1504121469E-04
   31      1.3046064571E-01   2.8405123262E-01  -2.7604869292E-06  -1.6038703414E-04   7.0766256274E-04
   32     -2.6194303122E-06  -2.7604869292E-06   2.4222777005E-02  -1.6707669005E-07  -1.2638403963E-09
   33      1.1247098856E-03  -1.6038703414E-04  -1.6707669005E-07   1.3278560673E-01  -1.3218128603E-01
   34      2.1504121469E-04   7.0766256274E-04  -1.2638403963E-09  -1.3218128603E-01   2.8059137306E-01
   35     -1.4462701702E-07   2.8720232144E-08  -4.3172142585E-03  -3.9627588544E-06   5.0485557109E-06
   36     -5.1300414594E-04   7.5702352199E-05   2.2616271348E-08   1.5703236603E-04   1.4670017255E-04
   37     -5.2362360847E-05   5.1565906594E-05   1.2622545817E-08   2.0221614686E-04   3.9175229116E-04
   38      2.9625654880E-08   1.4850752986E-08  -2.5522226731E-04  -2.4525043841E-08  -4.2541567075E-09
                   35                 36                 37                 38        
     0      1.1811752751E-07   3.7442040074E-03   5.7930167041E-03  -1.1970651035E-07
     1      1.3184367807E-07  -1.2346206626E-03   3.8478984174E-03   1.2175547103E-07
     2      4.6857521639E-03  -2.2106581678E-07  -2.6942553370E-07  -8.5315851723E-04
     3      2.0316107977E-08  -6.3237256866E-04  -2.0612121494E-04  -4.9800934301E-08
     4     -2.3177725509E-08  -5.1984370610E-04  -9.9667303663E-04  -4.5045256024E-08
     5     -6.1086390525E-04   3.8614395879E-08   1.0608729774E-07  -6.7554469971E-04
     6      3.8457797520E-07  -3.8685106643E-05   2.6789234493E-04   4.5790659768E-09
     7      6.1767203992E-08   7.4381541145E-04  -1.4547114386E-05   3.8023309683E-09
     8      7.3180894639E-03   1.7358026369E-08  -2.1546998487E-09   1.6799993903E-04
     9      2.2724010435E-07   5.8518799599E-04  -2.0757275020E-04   8.6766745560E-08
    10     -8.3289468353E-07  -2.3229877095E-03  -2.6469230833E-04   1.1165863760E-07
    11      1.5619013247E-03   5.8126320532E-08   4.5196657564E-09   1.7632728686E-03
    12      3.4897095128E-06  -7.5072984985E-03   1.1113051818E-03   3.2130663280E-07
    13     -4.8371531442E-06   2.9093504622E-03   2.4963888072E-03  -1.5764530680E-07
    14     -3.2621334592E-02   2.2797224873E-07  -1.0597428068E-07   2.5450561441E-03
    15     -2.5513093026E-08  -2.5584081651E-02   1.4160602073E-03   1.0295246822E-06
    16      5.2291135247E-07  -4.7737211155E-02  -1.2802077462E-03   1.6246824416E-06
    17      4.9150359125E-03  -6.9604747037E-08  -4.7717388978E-07  -3.4247489299E-03
    18     -1.7257682747E-07  -9.8849025142E-02  -1.7758892496E-01   6.3657941309E-08
    19     -1.6343158198E-08  -1.2392531361E-01  -4.5220415707E-01  -3.1040076498E-06
    20     -3.2770785519E-03   1.0308948925E-06  -1.4702903570E-06  -3.8181285783E-03
    21      8.9547744840E-08   3.8506645745E-04   1.5830413208E-04   1.3118261104E-08
    22     -2.7136490068E-08   1.1119351812E-04  -1.8994189942E-05  -3.9601279569E-09
    23      3.3789398331E-04   2.8153529680E-08   5.4957501134E-08  -9.0604566792E-05
    24     -1.5381087552E-08  -4.3334399964E-04  -8.6914310273E-04   2.4451264572E-08
    25      6.4232065717E-09   2.1628732884E-03  -1.0005150560E-03  -4.7133087137E-08
    26      2.7541215194E-05   1.9667462069E-08   5.6827583048E-09   5.5426060029E-04
    27      8.3083699407E-09   2.8852872144E-04   1.6116674070E-04   2.9769210877E-09
    28     -5.0935590010E-08  -1.6259466263E-05   1.8292599382E-05  -5.3302090901E-09
    29     -7.1611567354E-04   6.2858844041E-09   1.5415590166E-08  -3.6041529700E-05
    30     -1.4462701702E-07  -5.1300414594E-04  -5.2362360847E-05   2.9625654880E-08
    31      2.8720232144E-08   7.5702352199E-05   5.1565906594E-05   1.4850752986E-08
    32     -4.3172142585E-03   2.2616271348E-08   1.2622545817E-08  -2.5522226731E-04
    33     -3.9627588544E-06   1.5703236603E-04   2.0221614686E-04  -2.4525043841E-08
    34      5.0485557109E-06   1.4670017255E-04   3.9175229116E-04  -4.2541567075E-09
    35      2.3315000531E-02  -3.6528941340E-08  -6.5720941936E-09  -6.1860761346E-04
    36     -3.6528941340E-08   1.2839779156E-01   1.6971038202E-01  -1.2522321037E-06
    37     -6.5720941936E-09   1.6971038202E-01   4.4897388850E-01   1.8114658278E-06
    38     -6.1860761346E-04  -1.2522321037E-06   1.8114658278E-06   4.7414671504E-03

$vibrational_frequencies
39
    0        0.0000000000000000
    1        0.0000000000000000
    2        0.0000000000000000
    3        0.0000000000000000
    4        0.0000000000000000
    5        0.0000000000000000
    6      115.1539635567798001
    7      222.3313740242127494
    8      289.5257447873973433
    9      314.3885590155404088
   10      361.2882964636573888
   11      420.1101494595587269
   12      425.7587362072695214
   13      504.2115934675815652
   14      610.0381030636710875
   15      647.7008637575357852
   16      703.8491809217982791
   17      799.6049283474469576
   18      829.7740789805460508
   19      833.8817491188233362
   20      914.7895045262195026
   21      944.6956102542956160
   22     1025.7493542960348805
   23     1077.0062836352474278
   24     1121.0065639963620470
   25     1190.5785714008343348
   26     1191.3865213990329721
   27     1282.1998666523143129
   28     1320.0933629955152355
   29     1362.8879612206851561
   30     1453.4128173211065587
   31     1513.4130549847795919
   32     1620.7582800501966176
   33     1633.7132161133361024
   34     3148.8427095077167905
   35     3182.0991580931677163
   36     3193.4722654997399331
   37     3196.7810864490465974
   38     3809.8969774694442094

$normal_modes
39 39
                    0                  1                  2                  3                  4        
    0      0.0000000000E+00   0.0000000000E+00   0.0000000000E+00   0.0000000000E+00   0.0000000000E+00
    1      0.0000000000E+00   0.0000000000E+00   0.0000000000E+00   0.0000000000E+00   0.0000000000E+00
    2      0.0000000000E+00   0.0000000000E+00   0.0000000000E+00   0.0000000000E+00   0.0000000000E+00
    3      0.0000000000E+00   0.0000000000E+00   0.0000000000E+00   0.0000000000E+00   0.0000000000E+00
    4      0.0000000000E+00   0.0000000000E+00   0.0000000000E+00   0.0000000000E+00   0.0000000000E+00
    5      0.0000000000E+00   0.0000000000E+00   0.0000000000E+00   0.0000000000E+00   0.0000000000E+00
    6      0.0000000000E+00   0.0000000000E+00   0.0000000000E+00   0.0000000000E+00   0.0000000000E+00
    7      0.0000000000E+00   0.0000000000E+00   0.0000000000E+00   0.0000000000E+00   0.0000000000E+00
    8      0.0000000000E+00   0.0000000000E+00   0.0000000000E+00   0.0000000000E+00   0.0000000000E+00
    9      0.0000000000E+00   0.0000000000E+00   0.0000000000E+00   0.0000000000E+00   0.0000000000E+00
   10      0.0000000000E+00   0.0000000000E+00   0.0000000000E+00   0.0000000000E+00   0.0000000000E+00
   11      0.0000000000E+00   0.0000000000E+00   0.0000000000E+00   0.0000000000E+00   0.0000000000E+00
   12      0.0000000000E+00   0.0000000000E+00   0.0000000000E+00   0.0000000000E+00   0.0000000000E+00
   13      0.0000000000E+00   0.0000000000E+00   0.0000000000E+00   0.0000000000E+00   0.0000000000E+00
   14      0.0000000000E+00   0.0000000000E+00   0.0000000000E+00   0.0000000000E+00   0.0000000000E+00
   15      0.0000000000E+00   0.0000000000E+00   0.0000000000E+00   0.0000000000E+00   0.0000000000E+00
   16      0.0000000000E+00   0.0000000000E+00   0.0000000000E+00   0.0000000000E+00   0.0000000000E+00
   17      0.0000000000E+00   0.0000000000E+00   0.0000000000E+00   0.0000000000E+00   0.0000000000E+00
   18      0.0000000000E+00   0.0000000000E+00   0.0000000000E+00   0.0000000000E+00   0.0000000000E+00
   19      0.0000000000E+00   0.0000000000E+00   0.0000000000E+00   0.0000000000E+00   0.0000000000E+00
   20      0.0000000000E+00   0.0000000000E+00   0.0000000000E+00   0.0000000000E+00   0.0000000000E+00
   21      0.0000000000E+00   0.0000000000E+00   0.0000000000E+00   0.0000000000E+00   0.0000000000E+00
   22      0.0000000000E+00   0.0000000000E+00   0.0000000000E+00   0.0000000000E+00   0.0000000000E+00
   23      0.0000000000E+00   0.0000000000E+00   0.0000000000E+00   0.0000000000E+00   0.0000000000E+00
   24      0.0000000000E+00   0.0000000000E+00   0.0000000000E+00   0.0000000000E+00   0.0000000000E+00
   25      0.0000000000E+00   0.0000000000E+00   0.0000000000E+00   0.0000000000E+00   0.0000000000E+00
   26      0.0000000000E+00   0.0000000000E+00   0.0000000000E+00   0.0000000000E+00   0.0000000000E+00
   27      0.0000000000E+00   0.0000000000E+00   0.0000000000E+00   0.0000000000E+00   0.0000000000E+00
   28      0.0000000000E+00   0.0000000000E+00   0.0000000000E+00   0.0000000000E+00   0.0000000000E+00
   29      0.0000000000E+00   0.0000000000E+00   0.0000000000E+00   0.0000000000E+00   0.0000000000E+00
   30      0.0000000000E+00   0.0000000000E+00   0.0000000000E+00   0.0000000000E+00   0.0000000000E+00
   31      0.0000000000E+00   0.0000000000E+00   0.0000000000E+00   0.0000000000E+00   0.0000000000E+00
   32      0.0000000000E+00   0.0000000000E+00   0.0000000000E+00   0.0000000000E+00   0.0000000000E+00
   33      0.0000000000E+00   0.0000000000E+00   0.0000000000E+00   0.0000000000E+00   0.0000000000E+00
   34      0.0000000000E+00   0.0000000000E+00   0.0000000000E+00   0.0000000000E+00   0.0000000000E+00
   35      0.0000000000E+00   0.0000000000E+00   0.0000000000E+00   0.0000000000E+00   0.0000000000E+00
   36      0.0000000000E+00   0.0000000000E+00   0.0000000000E+00   0.0000000000E+00   0.0000000000E+00
   37      0.0000000000E+00   0.0000000000E+00   0.0000000000E+00   0.0000000000E+00   0.0000000000E+00
   38      0.0000000000E+00   0.0000000000E+00   0.0000000000E+00   0.0000000000E+00   0.0000000000E+00
                    5                  6                  7                  8                  9        
    0      0.0000000000E+00   4.8630536501E-06  -1.3342090456E-01   2.5612584551E-01  -8.8558451217E-06
    1      0.0000000000E+00  -6.3760282100E-07  -1.0102169251E-01  -5.0928062565E-02   2.6595503603E-07
    2      0.0000000000E+00   1.6521289229E-01   3.9944377522E-06  -9.6808105658E-06  -2.7619501410E-01
    3      0.0000000000E+00   8.9958223461E-06  -1.0609254414E-01   2.0933947329E-01   4.5258782390E-06
    4      0.0000000000E+00  -1.9041269830E-06  -2.7096424317E-01  -5.0339690110E-02  -1.0115056816E-07
    5      0.0000000000E+00   2.9818087047E-01   3.0158535368E-06  -6.1490849102E-06   1.4681031308E-01
    6      0.0000000000E+00   8.5190805969E-06   2.8348588163E-04   5.2962483598E-02   1.2156120764E-05
    7      0.0000000000E+00  -1.5451693349E-06  -3.1969324589E-01   3.8963495294E-03  -8.3585209251E-07
    8      0.0000000000E+00   2.7128024463E-01  -1.4129900496E-06  -2.6312230512E-07   4.0660894377E-01
    9      0.0000000000E+00   9.4474073249E-06   1.0875815508E-01   2.0621437620E-01   3.7935231382E-06
   10      0.0000000000E+00  -1.0754556209E-06  -2.6954537512E-01   5.7876792048E-02  -3.4991400544E-07
   11      0.0000000000E+00   3.0006527360E-01  -5.5110052644E-06  -6.2843715474E-06   1.4401630959E-01
   12      0.0000000000E+00   5.4291510349E-06   1.3580268110E-01   2.5291211266E-01  -8.9449916343E-06
   13      0.0000000000E+00  -6.6178315733E-07  -9.9120031130E-02   5.3561857248E-02   6.5292635204E-07
   14      0.0000000000E+00   1.6516918349E-01  -5.6133010369E-06  -9.0757085134E-06  -2.7419600578E-01
   15      0.0000000000E+00  -1.5891365669E-07   2.5721392802E-03   3.5863741686E-01  -7.2161497990E-06
