*************************************************
******************* ORCA 6.0.0 ******************
*************************************************
$Calculation_Status
   &GeometryIndex 1
   &ListStatus       OUT
   &VERSION [&Type "String"] "6.0.0"
   &PROGNAME [&Type "String"] "LeanSCF"
   &STATUS [&Type "String"] "NORMAL TERMINATION"
$End
$Geometry
   &GeometryIndex 1
   &ListStatus       OUT
   &NATOMS [&Type "Integer"] 13
   &NCORELESSECP [&Type "Integer"] 0
   &NGHOSTATOMS [&Type "Integer"] 0
   &CartesianCoordinates [&Type "Coordinates", &Dim(13,4), &Units "Bohr"] 
              C     -3.654813911229   -2.284164626975   -0.000028841945
              C     -1.025538846133   -2.287052939956   -0.000112922664
              C      0.261157724166   -0.001130636374   -0.000138612546
              C     -1.036641425398    2.283761689364   -0.000095538506
              C     -3.660512095415    2.281026882805   -0.000014254015
              C     -4.975251923562   -0.002869583905    0.000025187593
              O     -7.552973050635    0.118549693214    0.000112548120
              Br     3.876822609747    0.005331169324   -0.000267477695
              H     -4.670630616613   -4.070064707471    0.000000451267
              H      0.002784614070   -4.057878341923   -0.000146006666
              H     -0.009804317568    4.055609889539   -0.000117941398
              H     -4.710983713204    4.040730611716    0.000025869028
              H     -8.236462567241   -1.569399911738    0.000108103862
$End
$SCF_Energy
   &GeometryIndex 1
   &ListStatus       OUT
   &SCF_ENERGY [&Type "Double"]      -2.8809658373649040e+03
$End
$DFT_Energy
   &GeometryIndex 1
   &ListStatus       OUT
   &NALPHAEL [&Type "Integer"] 42
   &NBETAEL [&Type "Integer"] 42
   &NTOTALEL [&Type "Integer"] 84
   &EEXCHANGE [&Type "Double"]      -1.3089200900942342e+02
   &ECORR [&Type "Double"]      -3.3268183899741053e+00
   &ECNL [&Type "Double"]       0.0000000000000000e+00
   &EXC [&Type "Double"]      -1.3421882739939753e+02
   &EEMBED [&Type "Double"]       0.0000000000000000e+00
   &FINALEN [&Type "Double"]      -2.8809658373649040e+03  "No Van der Waals correction"
$End
$Mulliken_Population_Analysis
   &GeometryIndex 1
   &ListStatus       OUT
   &NATOMS [&Type "Integer"] 13
   &ATNO [&Type "ArrayOfIntegers", &Dim (13,1)] 
                                                         0

0                                                        6
1                                                        6
2                                                        6
3                                                        6
4                                                        6
5                                                        6
6                                                        8
7                                                       35
8                                                        1
9                                                        1
10                                                       1
11                                                       1
12                                                       1
   &ATOMICCHARGES [&Type "ArrayOfDoubles", &Dim (13,1)] 
                                                         0

0                                     -2.0516320280531986e-01
1                                     -1.5330544721260075e-01
2                                      7.7865494882448871e-02
3                                     -1.2565825681253529e-01
4                                     -2.0265798428090065e-01
5                                      2.9882918719106222e-01
6                                     -3.9271877994529625e-01
7                                     -1.0206717725397141e-01
8                                      1.0452524358853654e-01
9                                      1.3375788258313159e-01
10                                     1.3233166947683528e-01
11                                     1.1859888714205780e-01
12                                     3.1566248344616632e-01
$End
$Loewdin_Population_Analysis
   &GeometryIndex 1
   &ListStatus       OUT
   &NATOMS [&Type "Integer"] 13
   &ATNO [&Type "ArrayOfIntegers", &Dim (13,1)] 
                                                         0

0                                                        6
1                                                        6
2                                                        6
3                                                        6
4                                                        6
5                                                        6
6                                                        8
7                                                       35
8                                                        1
9                                                        1
10                                                       1
11                                                       1
12                                                       1
   &ATOMICCHARGES [&Type "ArrayOfDoubles", &Dim (13,1)] 
                                                         0

0                                     -1.3848319286753785e-01
1                                     -1.4284895180369261e-01
2                                     -3.8457403044531802e-01
3                                     -1.3904219722378031e-01
4                                     -1.1159052976800687e-01
5                                     -2.7308747543232847e-01
6                                      8.9100302965852585e-02
7                                      3.1450668101179247e-01
8                                      1.4462979783115371e-01
9                                      1.5009438385102980e-01
10                                     1.5062239902371488e-01
11                                     1.5265880942650245e-01
12                                     1.8801400343020247e-01
$End
$Mayer_Population_Analysis
   &GeometryIndex 1
   &ListStatus       OUT
   &NATOMS [&Type "Integer"] 13 "Total number of atoms"
   &BONDTHRESH [&Type "Double"]       1.0000000000000001e-01  "The threshold for printing"
   &NBONDORDERSPRINT [&Type "Integer"] 13 "The number of bond orders larger than threshold"
   &BONDORDERS [&Type "ArrayOfDoubles", &Dim (13,1)] "The bond orders"
                                                         0

0                                      1.3717413919406769e+00
1                                      1.3244349625819514e+00
2                                      9.5937749995565869e-01
3                                      1.3679334813243285e+00
4                                      9.5503069760323311e-01
5                                      1.3394463929163360e+00
6                                      1.0324551898958192e+00
7                                      1.3886098862471381e+00
8                                      9.7070981527448730e-01
9                                      1.3590143693970678e+00
10                                     9.7704118607653134e-01
11                                     1.1211342431051812e+00
12                                     8.8397892805391298e-01
   &COMPONENTS [&Type "ArrayOfIntegers", &Dim (13,4)] "The indices and atomic numbers of the bonding atoms"
                                                         0                           1                           2                           3

0                                                        0                           6                           1                           6
1                                                        0                           6                           5                           6
2                                                        0                           6                           8                           1
3                                                        1                           6                           2                           6
4                                                        1                           6                           9                           1
5                                                        2                           6                           3                           6
6                                                        2                           6                           7                          35
7                                                        3                           6                           4                           6
8                                                        3                           6                          10                           1
9                                                        4                           6                           5                           6
10                                                       4                           6                          11                           1
11                                                       5                           6                           6                           8
12                                                       6                           8                          12                           1
   &ATNO [&Type "ArrayOfIntegers", &Dim (13,1)] "Atomic number of the elements"
                                                         0

0                                                        6
1                                                        6
2                                                        6
3                                                        6
4                                                        6
5                                                        6
6                                                        8
7                                                       35
8                                                        1
9                                                        1
10                                                       1
11                                                       1
12                                                       1
   &NA [&Type "ArrayOfDoubles", &Dim (13,1)] "Mulliken gross atomic population"
                                                         0

0                                      6.2051632028052977e+00
1                                      6.1533054472125839e+00
2                                      5.9221345051175387e+00
3                                      6.1256582568125317e+00
4                                      6.2026579842808847e+00
5                                      5.7011708128089591e+00
6                                      8.3927187799453034e+00
7                                      3.5102067177253865e+01
8                                      8.9547475641146401e-01
9                                      8.6624211741686996e-01
10                                     8.6766833052316517e-01
11                                     8.8140111285794254e-01
12                                     6.8433751655383235e-01
   &ZA [&Type "ArrayOfDoubles", &Dim (13,1)] "Total nuclear charge"
                                                         0

0                                      6.0000000000000000e+00
1                                      6.0000000000000000e+00
2                                      6.0000000000000000e+00
3                                      6.0000000000000000e+00
4                                      6.0000000000000000e+00
5                                      6.0000000000000000e+00
6                                      8.0000000000000000e+00
7                                      3.5000000000000000e+01
8                                      1.0000000000000000e+00
9                                      1.0000000000000000e+00
10                                     1.0000000000000000e+00
11                                     1.0000000000000000e+00
12                                     1.0000000000000000e+00
   &QA [&Type "ArrayOfDoubles", &Dim (13,1)] "Mulliken gross atomic charge"
                                                         0

0                                     -2.0516320280529765e-01
1                                     -1.5330544721258388e-01
2                                      7.7865494882461306e-02
3                                     -1.2565825681253173e-01
4                                     -2.0265798428088466e-01
5                                      2.9882918719104090e-01
6                                     -3.9271877994530335e-01
7                                     -1.0206717725386483e-01
8                                      1.0452524358853599e-01
9                                      1.3375788258313004e-01
10                                     1.3233166947683483e-01
11                                     1.1859888714205746e-01
12                                     3.1566248344616765e-01
   &VA [&Type "ArrayOfDoubles", &Dim (13,1)] "Mayer's total valence"
                                                         0

0                                      3.8247574011386174e+00
1                                      3.8629193127107975e+00
2                                      3.8967225271883623e+00
3                                      3.8201532914120619e+00
4                                      3.9001338799652170e+00
5                                      3.9136097688040499e+00
6                                      2.0910300095041476e+00
7                                      1.1793933885921413e+00
8                                      9.8337980497912414e-01
9                                      9.7241081277606056e-01
10                                     9.7042032415933299e-01
11                                     9.8790384848266799e-01
12                                     9.1864223613425633e-01
   &BVA [&Type "ArrayOfDoubles", &Dim (13,1)] "Mayer's bonded valence"
                                                         0

0                                      3.8247574011385739e+00
1                                      3.8629193127108863e+00
2                                      3.8967225271884121e+00
3                                      3.8201532914121668e+00
4                                      3.9001338799655745e+00
5                                      3.9136097688040121e+00
6                                      2.0910300095042031e+00
7                                      1.1793933885924284e+00
8                                      9.8337980497911825e-01
9                                      9.7241081277607444e-01
10                                     9.7042032415936041e-01
11                                     9.8790384848276003e-01
12                                     9.1864223613426244e-01
   &FA [&Type "ArrayOfDoubles", &Dim (13,1)] "Mayer's free valence"
                                                         0

0                                      0.0000000000000000e+00
1                                      0.0000000000000000e+00
2                                      0.0000000000000000e+00
3                                      0.0000000000000000e+00
4                                      0.0000000000000000e+00
5                                      0.0000000000000000e+00
6                                      0.0000000000000000e+00
7                                      0.0000000000000000e+00
8                                      0.0000000000000000e+00
9                                      0.0000000000000000e+00
10                                     0.0000000000000000e+00
11                                     0.0000000000000000e+00
12                                     0.0000000000000000e+00
$End
$VdW_Correction
   &GeometryIndex 1
   &ListStatus       OUT
   &VDW [&Type "Double"]      -4.5658037686850108e-03
$End
$Calculation_Info
   &GeometryIndex 1
   &ListStatus       OUT
   &MULT [&Type "Integer"] 1
   &CHARGE [&Type "Integer"] 0
   &NUMOFATOMS [&Type "Integer"] 13
   &NUMOFELECTRONS [&Type "Integer"] 84
   &NUMOFFCELECTRONS [&Type "Integer"] 1
   &NUMOFCORRELECTRONS [&Type "Integer"] 0
   &NUMOFBASISFUNCTS [&Type "Integer"] 295
   &NUMOFAUXCBASISFUNCTS [&Type "Integer"] 0
   &NUMOFAUXJBASISFUNCTS [&Type "Integer"] 323
   &NUMOFAUXJKBASISFUNCTS [&Type "Integer"] 0
   &NUMOFCABSBASISFUNCTS [&Type "Integer"] 0
   &TOTALENERGY [&Type "Double"]      -2.8809663925895729e+03  "Hartrees"
$End
$SCF_Dipole_Moment
   &GeometryIndex 1
   &ListStatus       OUT
   &METHOD [&Type "String"] "SCF"
   &LEVEL [&Type "String"] "Relaxed density"
   &MULT [&Type "Integer"] 1
   &STATE [&Type "Integer"] -1
   &IRREP [&Type "Integer"] 0
   &NATOMS [&Type "Integer"] 13
   &DODIPOLEATOM [&Type "Boolean"] false
   &DIPOLEELECCONTRIB [&Type "ArrayOfDoubles", &Dim (3,1)] "Electronic contribution"
                                                         0

0                                      2.6993516395111659e+01
1                                      2.9410768526495479e-01
2                                     -8.9300664683621080e-04
   &DIPOLENUCCONTRIB [&Type "ArrayOfDoubles", &Dim (3,1)] "Nuclear contribution"
                                                         0

0                                     -2.7831141029471063e+01
1                                     -8.1192871856035564e-01
2                                      9.1344483091135591e-04
   &DIPOLETOTAL [&Type "ArrayOfDoubles", &Dim (3,1)] "Total"
                                                         0

0                                     -8.3762463435940404e-01
1                                     -5.1782103329540086e-01
2                                      2.0438184075145110e-05
   &DIPOLEMAGNITUDE [&Type "Double", &Units "a.u."]       9.8476070749525813e-01
$End
$THERMOCHEMISTRY_Energies
   &GeometryIndex 1
   &ListStatus       OUT
   &TEMPERATURE [&Type "Double"]       2.9814999999999998e+02
   &PRESSURE [&Type "Double"]       1.0000000000000000e+00
   &TOTALMASS [&Type "Double"]       1.7300500000000000e+02
   &SPINDEGENERACY [&Type "Integer"] 1
   &ELENERGY [&Type "Double"]      -2.8809663925895729e+03
   &TRANSENERGY [&Type "Double"]       1.4162714244859817e-03
   &ROTENERGY [&Type "Double"]       1.4162714244859817e-03
   &VIBENERGY [&Type "Double"]       4.0955647311484589e-03
   &NUMOFFREQS [&Type "Integer"] 39
   &FREQSCALINGFACTOR [&Type "Double"]       1.0000000000000000e+00
   &FREQ [&Type "ArrayOfDoubles", &Dim (39,1)] "In cm^-1"
                                                         0

0                                      0.0000000000000000e+00
1                                      0.0000000000000000e+00
2                                      0.0000000000000000e+00
3                                      0.0000000000000000e+00
4                                      0.0000000000000000e+00
5                                      0.0000000000000000e+00
6                                      1.1515396355677980e+02
7                                      2.2233137402421275e+02
8                                      2.8952574478739734e+02
9                                      3.1438855901554041e+02
10                                     3.6128829646365739e+02
11                                     4.2011014945955873e+02
12                                     4.2575873620726952e+02
13                                     5.0421159346758157e+02
14                                     6.1003810306367109e+02
15                                     6.4770086375753579e+02
16                                     7.0384918092179828e+02
17                                     7.9960492834744696e+02
18                                     8.2977407898054605e+02
19                                     8.3388174911882334e+02
20                                     9.1478950452621950e+02
21                                     9.4469561025429562e+02
22                                     1.0257493542960349e+03
23                                     1.0770062836352474e+03
24                                     1.1210065639963620e+03
25                                     1.1905785714008343e+03
26                                     1.1913865213990330e+03
27                                     1.2821998666523143e+03
28                                     1.3200933629955152e+03
29                                     1.3628879612206852e+03
30                                     1.4534128173211066e+03
31                                     1.5134130549847796e+03
32                                     1.6207582800501966e+03
33                                     1.6337132161133361e+03
34                                     3.1488427095077168e+03
35                                     3.1820991580931677e+03
36                                     3.1934722654997399e+03
37                                     3.1967810864490466e+03
38                                     3.8098969774694442e+03
   &ZPE [&Type "Double"]       9.3998108771318978e-02
   &INNERENERGYU [&Type "Double"]      -2.8808654663732214e+03
   &ENTHALPYH [&Type "Double"]      -2.8808645221641791e+03
   &QEL [&Type "Double"]       0.0000000000000000e+00
   &QROT [&Type "Double"]       1.3997992974371551e-02
   &QVIB [&Type "Double"]       6.4899459500015128e-03
   &QTRANS [&Type "Double"]       1.9647571739689042e-02
   &ENTROPYS [&Type "Double"]       4.0135510664062103e-02
   &FREEENERGYG [&Type "Double"]      -2.8809046576748433e+03
   &ISLINEAR [&Type "Boolean"] false
$End
$Hessian
   &GeometryIndex 1
   &ListStatus       OUT
   &HESSIAN [&Type "ArrayOfDoubles", &Dim (39,39)] "The Hessian"
                                                         0                           1                           2                           3                           4                           5                           6                           7

0                                      6.8929428287412442e-01         3.1090458692958817e-02        -1.8292458825604545e-05        -3.3582920662283094e-01         3.1370057226318984e-02         9.2345839003365322e-06        -3.2645787278333935e-02        -7.6288315614272670e-02
1                                      3.1090458692958817e-02         6.9919313495013313e-01         6.4835479446022945e-07        -2.8026457570525614e-02        -1.2203583285294523e-01         7.1320203473507401e-07        -2.4757628944001256e-02         2.7672533881756826e-02
2                                     -1.8292458825604545e-05         6.4835479446022945e-07         1.1291295591074382e-01         9.2604615585133835e-06        -9.9724257468300949e-07        -5.0339475257037858e-02         9.6722137610401868e-07         2.1759364593853538e-06
3                                     -3.3582920662283094e-01        -2.8026457570525614e-02         9.2604615585133835e-06         6.7117205739258523e-01        -4.1254769888556947e-02        -1.6750649232695220e-05        -1.4697645128060505e-01        -5.9697099915407552e-02
4                                      3.1370057226318984e-02        -1.2203583285294523e-01        -9.9724257468300949e-07        -4.1254769888556947e-02         7.1832084224526405e-01         3.1978113149636172e-06        -1.1260940156026844e-01        -2.8378918653314239e-01
5                                      9.2345839003365322e-06         7.1320203473507401e-07        -5.0339475257037858e-02        -1.6750649232695220e-05         3.1978113149636172e-06         1.2241308675548217e-01         2.0811995680609438e-06         7.3978584257907046e-07
6                                     -3.2645787278333935e-02        -2.4757628944001256e-02         9.6722137610401868e-07        -1.4697645128060505e-01        -1.1260940156026844e-01         2.0811995680609438e-06         4.6804003166576807e-01         2.0795923234392605e-03
7                                     -7.6288315614272670e-02         2.7672533881756826e-02         2.1759364593853538e-06        -5.9697099915407552e-02        -2.8378918653314239e-01         7.3978584257907046e-07         2.0795923234392605e-03         6.3913996236190718e-01
8                                      9.0549818025183668e-07         9.1033682854847625e-07         7.2323825612761426e-03         2.3589928688429381e-06         2.4462800465080830e-06        -5.8860611095578524e-02        -1.0931920330540883e-05         1.7005804208494656e-06
9                                     -4.2203868394805784e-02         2.3222691613667967e-02         1.4907600487048488e-06         5.4038623603263516e-02         2.1443904562324947e-02        -1.2912352803457028e-06        -1.4634107583247677e-01         5.7448447013794812e-02
10                                     2.8575071131894489e-02        -1.6696158741655559e-02        -1.1053157004381918e-06        -2.0884879661142365e-02        -5.6824429399360721e-02         4.7194181328695744e-07         1.1075704698032800e-01        -2.7941344969305837e-01
11                                     1.2974018390709141e-06        -7.7836627321886864e-07        -3.2526642841540316e-03        -1.3591279250735521e-06        -8.6584130580566666e-07         8.0719330038232472e-03         2.9055276431851478e-06        -2.2072468778040561e-06
12                                     5.4435490581855553e-02        -1.7704901983609567e-02        -1.2860918939798884e-06        -4.1615710496920859e-02        -2.8321701038197648e-02         1.1113850592312402e-06        -3.2651061248067617e-02         7.5582972598929460e-02
13                                     1.8744707714659074e-02        -5.0239147053814326e-02        -3.8829494994115705e-07        -2.4655244904335072e-02        -1.7101807387286373e-02         6.6440104723476316e-07         2.5007869460456703e-02         2.9676658907807123e-02
14                                    -1.0291706786917754e-06        -4.8570847137355464e-08         8.1990184247779964e-03         1.2826911996670916e-06         9.4910929921660782e-07        -2.4393248008031353e-03         1.0232794881904180e-06        -1.8914796018871847e-06
15                                    -1.6080958049425120e-01         1.0490074338948656e-01         3.2789107110396874e-06        -2.8297565209446991e-02         3.0804210839505013e-02         8.7930171306764210e-07         1.2077588024076956e-03        -9.8025281717068358e-04
16                                     3.4942578843647910e-02        -2.7895349250978735e-01        -2.2751167589677284e-06         7.7303890942101078e-02         3.7550622890564142e-02        -2.0535305591495944e-06        -5.7656224733943114e-04        -7.4711096415665521e-02
17                                     2.9041709362470462e-06        -4.0877930963111199e-06        -6.2615555332879186e-02         7.1794449703339373e-07        -1.0853715487621585e-06         4.8694078652352854e-04        -4.5571836054930451e-08        -1.8409651062915861e-07
18                                    -4.3774742321132390e-02         5.2177467761513052e-03         1.9314735704516978e-06         2.0104918364117824e-03         2.3976489244627213e-03         2.1398018523635316e-07        -1.0663983920449049e-03         1.1948926655781281e-03
19                                     4.3952222474373297e-02         2.8996434259444676e-03        -1.3556119386626141e-06        -5.6708356624004599e-03        -8.5191577360245012e-03        -7.0317945503551128e-08         3.1242393332044788e-06         6.6817338497140721e-03
20                                     1.8240331256915029e-06        -1.7585869820297893e-07         8.3236166287511057e-03         9.3642735005592699e-08        -1.1213078882049798e-07         7.2266574358970962e-03         1.6377890065650626e-08        -1.2952474746802935e-07
21                                     1.8650099038475462e-03        -4.0084710875589961e-03        -1.3079309140354493e-07        -3.4281986036161359e-02         1.8110969647642389e-04         1.2639292133995453e-06        -1.1989922729245017e-01        -2.3342632551826936e-04
22                                     1.0927212821741504e-03        -2.8930089248279441e-03        -6.6865479816059494e-08        -2.2511752560431329e-02         2.2258121499789743e-03         7.7709949890424422e-07        -2.2846340187503589e-04        -3.1239494940067333e-02
23                                     7.3636845571412853e-09         1.5854251212542652e-07         3.8510055538333249e-03         9.2604438639079302e-07        -2.7378190470895073e-07         2.3498647842015094e-03         3.5927511538316770e-06        -4.0863667931178865e-08
24                                    -1.2075355656802454e-01        -1.1387321225361106e-01         2.6858086421613072e-06        -1.1948919304539707e-02        -2.9402611024963225e-02         2.6579032786960587e-07        -4.1556839891427541e-03         1.1762062202148567e-03
25                                    -1.1405972986041875e-01        -2.6378148947048496e-01         3.1433421870345309e-06         1.2285645535717316e-03         2.5981323954139988e-03        -1.6349949536895227e-07         4.6104859890221594e-04         2.3280205937251308e-03
26                                     2.7664957704541310e-06         3.2602898185791800e-06        -2.9426423292541568e-02         2.8413199236454918e-07         9.1104173423868099e-07         8.2414083214823845e-04         3.7004725983579241e-07        -5.4188972511051731e-08
27                                    -1.1257128348939372e-02         2.7370492367056538e-02         3.0907086798320590e-07        -1.2575586244426848e-01         1.2363613165137376e-01         2.9785833411652589e-06         9.3510328366402141e-03        -1.4557151194354738e-02
28                                    -1.7090069179816481e-03         3.9950534962208319e-03         3.1129087730717833e-07         1.2100507903916641e-01        -2.6819600543508360e-01        -4.1664628989199114e-06         1.6210709655160953e-02        -1.9169564324735114e-02
29                                     3.4932512398864792e-07        -8.4098986101743494e-07         1.9129612694377953e-03         2.8623215811184672e-06        -3.9826448784406936e-06        -3.3333610544445599e-02        -9.6007858964271872e-08         3.3591365337165615e-07
30                                    -7.4624852146969471e-04         6.2534475975625867e-04        -3.7950823233806637e-08        -1.1241826722154565e-03         3.3231436487776299e-03         1.5085980371630068e-07         9.2433969204756914e-03         1.4730910665269208e-02
31                                     8.9682998679038121e-04         5.3350491685408112e-04        -4.8654477739090956e-08         4.2265851676675410e-03        -3.5283558153142991e-03        -2.0141743081794060e-07        -1.6035627404735690e-02        -1.9267872387914040e-02
32                                    -3.5886535141117750e-08         1.6016153241915814e-08        -6.3041582882826909e-04         1.5609740991813252e-07        -1.4322857589708363e-07         4.8868067047520497e-03        -2.0834812902401828e-07        -5.0716247610501602e-07
33                                    -1.3188688174349743e-03        -3.0913695882327052e-03         1.1488613772033333e-07        -7.5891619661284341e-04        -7.2237214515897619e-04         2.0590760316788382e-08        -4.0678498055270462e-03        -1.1998913408490190e-03
34                                    -4.1314271732531861e-03        -3.5426395347531430e-03         1.9884058085104641e-07        -1.1824655107668188e-03         2.9603851456987866e-04         9.1216440355853228e-09        -5.8029973543436959e-04         2.1063018140584071e-03
35                                     1.1811752751268520e-07         1.3184367807233502e-07         4.6857521638532674e-03         2.0316107977108580e-08        -2.3177725509194947e-08        -6.1086390524879878e-04         3.8457797520302308e-07         6.1767203991871526e-08
36                                     3.7442040073952347e-03        -1.2346206625783902e-03        -2.2106581678266233e-07        -6.3237256865873292e-04        -5.1984370609964043e-04         3.8614395879206549e-08        -3.8685106643470638e-05         7.4381541144982906e-04
37                                     5.7930167041493098e-03         3.8478984173590967e-03        -2.6942553369770188e-07        -2.0612121493521207e-04        -9.9667303663382402e-04         1.0608729774492374e-07         2.6789234493124463e-04        -1.4547114385973087e-05
38                                    -1.1970651034703691e-07         1.2175547103233525e-07        -8.5315851723256420e-04        -4.9800934301165935e-08        -4.5045256024020087e-08        -6.7554469971394958e-04         4.5790659767550688e-09         3.8023309683359988e-09
                                                         8                           9                          10                          11                          12                          13                          14                          15

0                                      9.0549818025183668e-07        -4.2203868394805784e-02         2.8575071131894489e-02         1.2974018390709141e-06         5.4435490581855553e-02         1.8744707714659074e-02        -1.0291706786917754e-06        -1.6080958049425120e-01
1                                      9.1033682854847625e-07         2.3222691613667967e-02        -1.6696158741655559e-02        -7.7836627321886864e-07        -1.7704901983609567e-02        -5.0239147053814326e-02        -4.8570847137355464e-08         1.0490074338948656e-01
2                                      7.2323825612761426e-03         1.4907600487048488e-06        -1.1053157004381918e-06        -3.2526642841540316e-03        -1.2860918939798884e-06        -3.8829494994115705e-07         8.1990184247779964e-03         3.2789107110396874e-06
3                                      2.3589928688429381e-06         5.4038623603263516e-02        -2.0884879661142365e-02        -1.3591279250735521e-06        -4.1615710496920859e-02        -2.4655244904335072e-02         1.2826911996670916e-06        -2.8297565209446991e-02
4                                      2.4462800465080830e-06         2.1443904562324947e-02        -5.6824429399360721e-02        -8.6584130580566666e-07        -2.8321701038197648e-02        -1.7101807387286373e-02         9.4910929921660782e-07         3.0804210839505013e-02
5                                     -5.8860611095578524e-02        -1.2912352803457028e-06         4.7194181328695744e-07         8.0719330038232472e-03         1.1113850592312402e-06         6.6440104723476316e-07        -2.4393248008031353e-03         8.7930171306764210e-07
6                                     -1.0931920330540883e-05        -1.4634107583247677e-01         1.1075704698032800e-01         2.9055276431851478e-06        -3.2651061248067617e-02         2.5007869460456703e-02         1.0232794881904180e-06         1.2077588024076956e-03
7                                      1.7005804208494656e-06         5.7448447013794812e-02        -2.7941344969305837e-01        -2.2072468778040561e-06         7.5582972598929460e-02         2.9676658907807123e-02        -1.8914796018871847e-06        -9.8025281717068358e-04
8                                      1.0714239037266647e-01         2.9021002979799670e-06        -4.0341533085845720e-06        -5.9746070859779107e-02         1.2867336150664446e-06        -7.6116501990454433e-07         7.6393626329315893e-03        -1.7856994314611995e-08
9                                      2.9021002979799670e-06         6.7746561270620986e-01         4.3419823472759515e-02        -1.6518655987683085e-05        -3.4396056860047763e-01         2.8555799947025638e-02         9.4872524102445754e-06        -2.9908169386038897e-02
10                                    -4.0341533085845720e-06         4.3419823472759515e-02         7.1489252469967646e-01         6.3484382687247421e-07        -3.0864838120419881e-02        -1.2547890239688367e-01         6.5737373644920758e-07        -2.9502952421403567e-02
11                                    -5.9746070859779107e-02        -1.6518655987683085e-05         6.3484382687247421e-07         1.2682397624753722e-01         9.0724932728042274e-06        -1.1076920431532512e-06        -5.3486549113956491e-02         7.6667186085990985e-07
12                                     1.2867336150664446e-06        -3.4396056860047763e-01        -3.0864838120419881e-02         9.0724932728042274e-06         7.0683047262712329e-01        -3.5072678836562725e-02        -1.8328066338429417e-05        -1.5369684591187588e-01
13                                    -7.6116501990454433e-07         2.8555799947025638e-02        -1.2547890239688367e-01        -1.1076920431532512e-06        -3.5072678836562725e-02         7.0643464059393712e-01         3.0019474232155188e-06        -1.0370440848514970e-01
14                                     7.6393626329315893e-03         9.4872524102445754e-06         6.5737373644920758e-07        -5.3486549113956491e-02        -1.8328066338429417e-05         3.0019474232155188e-06         1.2027475767439499e-01         2.0826411514742496e-06
15                                    -1.7856994314611995e-08        -2.9908169386038897e-02        -2.9502952421403567e-02         7.6667186085990985e-07        -1.5369684591187588e-01        -1.0370440848514970e-01         2.0826411514742496e-06         6.7472026972690413e-01
16                                    -3.5254919015315911e-07        -7.5217277356449119e-02         3.8779632498345283e-02         2.3252563748496354e-06        -3.8055863863889781e-02        -2.8197367189540312e-01         8.4891755180705116e-07         1.1055465329698110e-02
17                                    -4.6975556632525848e-03         3.0148388539268774e-07         1.1753714643654611e-06         1.4539271414697845e-03         2.4728153449475690e-06         2.6496615924757503e-06        -6.6541119762461381e-02        -1.6354798001652652e-05
18                                    -1.4640689717035777e-07         3.7815686790019535e-03        -1.1196544292497003e-03         4.1343922083778419e-08        -4.3550051948807039e-02        -1.3121893353311744e-02         1.7285871321454730e-06        -2.8850700159320686e-01
19                                     7.6388243245060161e-08         5.1284368121447396e-03        -9.6881593707394582e-03        -1.8036365820165619e-07        -5.1234538734450823e-02         4.1557119910325940e-03         1.6777967923089570e-06        -1.3214552483854836e-02
20                                    -1.3998883408850677e-03        -1.3195474645397702e-07         6.2846011093310820e-09         4.5467312115247968e-03         1.4356662057966876e-06         4.7206658817418240e-07         6.0879964128593145e-03         8.0490931756375126e-06
21                                     3.1545830324594083e-06        -3.4443269278405964e-02        -4.9191526018520226e-04         1.1757185077532733e-06         2.1137679934403152e-03         4.4476886114576449e-03        -9.3425705353497972e-08         1.8133664048756229e-03
22                                    -4.2087069406554444e-08         2.2321056486866768e-02         2.3486734033407210e-03        -7.6669797542529383e-07        -1.0361919354117035e-03        -3.0223060831369806e-03         5.5319898209775977e-09        -3.2967940362815839e-05
23                                    -1.6688839549986272e-02         1.0922609788194593e-06         2.7019980655504005e-07         2.3089079661015761e-03        -2.2144810494536894e-08        -2.1563638678603179e-07         3.7248958920197859e-03        -6.9014655954435777e-09
