
$orca_hessian_file

$act_atom
  0

$act_coord
  0

$act_energy
        0.000000

$multiplicity
  1

$hessian
42
                    0                  1                  2                  3                  4        
    0      5.2012342804E-01  -9.1887827796E-02   2.3309900147E-02  -7.0903813310E-02  -3.1363361035E-03
    1     -9.1887827796E-02   4.4590370435E-01  -2.9677795308E-02   3.1228600583E-03  -1.4919967781E-01
    2      2.3309900147E-02  -2.9677795308E-02   5.7469589055E-01   1.5976630509E-03  -2.6895144989E-02
    3     -7.0903813310E-02   3.1228600583E-03   1.5976630509E-03   5.2014595296E-01   9.1858191277E-02
    4     -3.1363361035E-03  -1.4919967781E-01  -2.6895144989E-02   9.1858191277E-02   4.4589826536E-01
    5     -1.6038637773E-03  -2.6895275957E-02  -8.9452954146E-02  -2.3297245106E-02  -2.9697722449E-02
    6     -8.4124682994E-03   1.7682074599E-02  -7.0121434794E-04  -1.5347376329E-01   2.8296763298E-02
    7      2.8672701232E-02  -2.5006677337E-02   7.5415480843E-03   2.6391122281E-02  -8.5862535771E-02
    8      9.9626302314E-03  -3.9080429684E-03   4.0980260382E-03  -2.4987452206E-02   5.3739022875E-03
    9     -4.2182898602E-02   1.2702269817E-02  -3.4099244140E-03  -4.2171203152E-02  -1.2696732188E-02
   10      6.9042591468E-03   1.3611956182E-02  -2.2544136156E-03  -6.8955406348E-03   1.3616916986E-02
   11      6.6600419231E-03  -9.5047961997E-03   1.5633982440E-03  -6.6584273672E-03  -9.4953089138E-03
   12      1.0227762847E-03   7.3359769071E-03  -2.2784716069E-03   1.0248616785E-03  -7.3339564102E-03
   13      3.2841985963E-03  -7.2766631735E-03   2.0917450382E-03  -3.2838048545E-03  -7.2747523595E-03
   14     -4.6298685346E-04   2.8636819304E-03   1.1776553546E-03   4.5785959609E-04   2.8655195643E-03
   15     -1.5346399065E-01  -2.8275845869E-02   2.2639445803E-02  -8.4247342210E-03  -1.7686242543E-02
   16     -2.6363024828E-02  -8.5850100887E-02   6.3637230769E-03  -2.8679400959E-02  -2.5000982309E-02
   17      2.5003765533E-02   5.3814124610E-03  -8.5757110617E-02  -9.9609630251E-03  -3.9021967751E-03
   18     -1.8237180857E-01   1.0214971422E-01  -8.2439865633E-02   2.0446156610E-03  -1.3867389193E-03
   19      1.0286317444E-01  -1.2178699940E-01   6.2072014700E-02   2.2446487890E-02  -1.4446438902E-02
   20     -8.5013954235E-02   6.4342486231E-02  -9.8639462357E-02   8.9916013361E-03  -6.6011362477E-03
   21     -5.1229104094E-02   4.2681311265E-03   2.7327991475E-02  -7.6140311545E-04  -1.0869230578E-03
   22      4.6042207119E-03  -4.6166124854E-02  -5.6541313053E-03   2.8008157129E-03  -2.9597629942E-03
   23      2.8270071990E-02  -5.5052131986E-03  -2.9741683530E-01  -2.7852588930E-04  -1.0758160886E-03
   24     -7.6114509138E-04   1.0870342823E-03   2.9901787648E-03  -5.1234120957E-02  -4.2668173493E-03
   25     -2.8053373255E-03  -2.9602825443E-03  -3.3361410170E-02  -4.6029723786E-03  -4.6163364534E-02
   26      2.7665671088E-04  -1.0766996492E-03  -1.0775632332E-02  -2.8295981043E-02  -5.4792902318E-03
   27      2.0407602530E-03   1.3837463367E-03  -2.0883786313E-03  -1.8238593000E-01  -1.0214108208E-01
   28     -2.2444550400E-02  -1.4439473105E-02   1.3496941857E-02  -1.0285401718E-01  -1.2176816983E-01
   29     -8.9930012897E-03  -6.5997031045E-03   3.4408744171E-03   8.5021645804E-02   6.4333877163E-02
   30     -5.7933543944E-03   1.2097740034E-03  -2.2673921331E-03  -5.1086831205E-03   2.0558592563E-02
   31      3.3495079165E-05  -1.1016415587E-03   6.4587179189E-04  -3.2347154847E-04  -3.6274909281E-03
   32     -1.7222745017E-03   1.4850242466E-03   1.1707554933E-04  -2.4638728630E-03   8.3730193865E-03
   33      6.2677172111E-04  -1.1330943827E-03  -2.6024185997E-05  -3.5870528885E-03   9.1250418425E-03
   34     -5.5177681741E-05   1.6512120832E-04   7.5648990095E-04  -3.3469147933E-05  -2.2770473357E-03
   35      2.8416041762E-04  -2.3779288574E-04   3.2875060302E-04  -1.5291877314E-03   1.0021197690E-03
   36     -3.5888028106E-03  -9.1062110429E-03   3.2056213288E-02   6.2980251477E-04   1.1347760743E-03
   37      2.9934977970E-05  -2.2717165066E-03   6.5827487455E-03   5.5225961935E-05   1.6563856225E-04
   38      1.5315083438E-03   1.0016121484E-03  -7.9440785344E-03  -2.8499531099E-04  -2.3877304473E-04
   39     -5.1063504791E-03  -2.0567403814E-02  -1.6674810168E-02  -5.7945287559E-03  -1.2100148621E-03
   40      3.2907150233E-04  -3.6214245663E-03  -1.7570504063E-03  -3.0548018263E-05  -1.1005981438E-03
   41      2.4620339529E-03   8.3799648532E-03   4.5644025320E-03   1.7235470375E-03   1.4856266837E-03
                    5                  6                  7                  8                  9        
    0     -1.6038637773E-03  -8.4124682994E-03   2.8672701232E-02   9.9626302314E-03  -4.2182898602E-02
    1     -2.6895275957E-02   1.7682074599E-02  -2.5006677337E-02  -3.9080429684E-03   1.2702269817E-02
    2     -8.9452954146E-02  -7.0121434794E-04   7.5415480843E-03   4.0980260382E-03  -3.4099244140E-03
    3     -2.3297245106E-02  -1.5347376329E-01   2.6391122281E-02  -2.4987452206E-02  -4.2171203152E-02
    4     -2.9697722449E-02   2.8296763298E-02  -8.5862535771E-02   5.3739022875E-03  -1.2696732188E-02
    5      5.7465931028E-01  -2.2628835264E-02   6.3570362393E-03  -8.5736522915E-02   3.4005821214E-03
    6     -2.2628835264E-02   4.3164223757E-01  -6.7117384138E-02  -2.0311692928E-02  -8.6987396371E-02
    7      6.3570362393E-03  -6.7117384138E-02   5.3911974397E-01   3.4204673170E-02  -1.6906975865E-02
    8     -8.5736522915E-02  -2.0311692928E-02   3.4204673170E-02   5.2116067453E-01   8.6427295073E-04
    9      3.4005821214E-03  -8.6987396371E-02  -1.6906975865E-02   8.6427295073E-04   9.0551489054E-01
   10     -2.2429871552E-03  -3.7065816828E-02  -1.5373177094E-01   2.5262910567E-03  -5.9447602567E-05
   11      1.5484757464E-03   2.1971833039E-03   3.9002942122E-03  -8.2248682486E-02  -1.6732912636E-04
   12      2.2747474941E-03  -4.2922696758E-02  -2.0987325805E-02   4.6044878135E-03  -6.5701524944E-01
   13      2.0876869610E-03  -3.4871724798E-02   1.2121506854E-02   6.6544728842E-05   6.2566294395E-05
   14      1.1790207079E-03   6.0110564554E-03   2.1383431705E-04   1.7511840189E-02   2.2008069390E-04
   15      7.0328738877E-04   4.4809961616E-03  -7.3434798759E-03   1.1968635297E-03  -8.6973106280E-02
   16      7.5466432114E-03   7.3358528543E-03  -2.9883316858E-02   4.7808754025E-03   1.6911453244E-02
   17      4.0987972705E-03  -1.2051948987E-03   4.7476775576E-03   2.6700524186E-02  -9.1996215564E-04
   18      2.0899895069E-03   7.6536274882E-04  -2.6704225454E-04  -1.6827332406E-04  -3.8294859204E-03
   19      1.3493162782E-02  -7.6239221794E-04  -5.3914864065E-03  -3.4274585328E-03  -1.5023847195E-03
   20      3.4380343411E-03   2.7947391466E-04  -2.1102809715E-03  -1.2100202266E-04   2.6033320445E-03
   21     -2.9967302722E-03   7.9297020215E-05   9.1297124921E-05   6.5372864435E-04   8.5122128495E-04
   22     -3.3359661361E-02  -9.5017381843E-04   1.3059307847E-03  -6.0876667917E-05   3.0667292254E-04
   23     -1.0772132158E-02   1.0153324349E-04   8.7553894180E-05   3.8742675420E-04  -1.4605709979E-04
   24     -2.7350842336E-02  -5.6696179831E-03   6.2441143349E-05  -3.0595114764E-02   8.5152143315E-04
   25     -5.6270823627E-03   2.9205238122E-03  -7.9082715957E-04   1.2752524871E-02  -3.0734061767E-04
   26     -2.9739995871E-01  -1.1353092504E-03   4.9326278105E-04  -6.7097748642E-03   1.4595102453E-04
   27      8.2449051489E-02  -1.8682631275E-02  -1.6292218186E-02   1.0624023357E-02  -3.8274632555E-03
   28      6.2065765179E-02   1.0470944915E-02   8.3674877219E-03  -5.5418282884E-03   1.5028364998E-03
   29     -9.8640051918E-02  -6.6957110920E-03  -5.4154749946E-03   2.7136107554E-03  -2.6031267583E-03
   30      1.6681096533E-02  -7.9543361853E-02   6.9197565107E-02   4.8987713794E-02   8.7354378958E-03
   31     -1.7655942302E-03   6.9892937451E-02  -1.9469056459E-01  -1.1592269015E-01   1.0443281532E-02
   32      4.5646853925E-03   5.0043782368E-02  -1.1607434078E-01  -1.2371389028E-01   4.7473406322E-04
   33     -3.2052454788E-02  -3.9386470951E-02   1.1849655644E-03  -4.2910217634E-04  -8.4892278690E-04
   34      6.5866934114E-03   2.5910422533E-03  -6.0564153686E-02   7.2590328959E-02  -2.3793541276E-04
   35     -7.9340930738E-03  -5.6062198393E-03   6.4341956713E-02  -2.7349117642E-01   1.3490579584E-03
   36      2.5879709134E-05  -4.3574136081E-04   1.0762257115E-03   2.5673690472E-03  -8.5683762080E-04
   37      7.5733838839E-04   1.0211671560E-03  -2.3009387156E-03  -5.3368690199E-03   2.3219139526E-04
   38      3.3046066616E-04  -4.3566904539E-04   6.5031400396E-04  -2.7949753914E-04  -1.3437201339E-03
   39      2.2696710196E-03  -1.4537453553E-03   2.2420668828E-03  -3.0093789674E-03   8.7394922743E-03
   40      6.4532122668E-04   5.5222654008E-04  -2.6923978683E-03   1.9139071841E-03  -1.0451898483E-02
   41      1.1692852255E-04   1.2674237904E-04   1.0506637363E-03  -2.7155592710E-04  -4.7086759909E-04
                   10                 11                 12                 13                 14        
    0      6.9042591468E-03   6.6600419231E-03   1.0227762847E-03   3.2841985963E-03  -4.6298685346E-04
    1      1.3611956182E-02  -9.5047961997E-03   7.3359769071E-03  -7.2766631735E-03   2.8636819304E-03
    2     -2.2544136156E-03   1.5633982440E-03  -2.2784716069E-03   2.0917450382E-03   1.1776553546E-03
    3     -6.8955406348E-03  -6.6584273672E-03   1.0248616785E-03  -3.2838048545E-03   4.5785959609E-04
    4      1.3616916986E-02  -9.4953089138E-03  -7.3339564102E-03  -7.2747523595E-03   2.8655195643E-03
    5     -2.2429871552E-03   1.5484757464E-03   2.2747474941E-03   2.0876869610E-03   1.1790207079E-03
    6     -3.7065816828E-02   2.1971833039E-03  -4.2922696758E-02  -3.4871724798E-02   6.0110564554E-03
    7     -1.5373177094E-01   3.9002942122E-03  -2.0987325805E-02   1.2121506854E-02   2.1383431705E-04
    8      2.5262910567E-03  -8.2248682486E-02   4.6044878135E-03   6.6544728842E-05   1.7511840189E-02
    9     -5.9447602567E-05  -1.6732912636E-04  -6.5701524944E-01   6.2566294395E-05   2.2008069390E-04
   10      4.6100209484E-01  -1.9528764402E-02   6.0601304389E-05  -1.1209518859E-01   7.5195864292E-04
   11     -1.9528764402E-02   2.4629281345E-01   1.7256340201E-04   2.2228545107E-03  -7.4931074928E-02
   12      6.0601304389E-05   1.7256340201E-04   7.4953896675E-01  -6.7651492491E-05  -2.0221118625E-04
   13     -1.1209518859E-01   2.2228545107E-03  -6.7651492491E-05   9.0136721288E-02  -4.5312445444E-03
   14      7.5195864292E-04  -7.4931074928E-02  -2.0221118625E-04  -4.5312445444E-03   3.3562756705E-02
   15      3.7068806837E-02  -2.2036440954E-03  -4.2916955785E-02   3.4875013078E-02  -6.0262606392E-03
   16     -1.5373930253E-01   3.9077179567E-03   2.0992169363E-02   1.2116848225E-02   2.3172033115E-04
   17      2.6484156313E-03  -8.2272028126E-02  -4.5720860986E-03   4.9769080299E-05   1.7512990631E-02
   18     -4.9201319326E-03   1.2366155000E-03  -2.1044167726E-03   2.2879462664E-03  -3.7061626333E-04
   19     -3.7212590616E-03   6.3587352898E-04  -9.9235387160E-04   1.6451524768E-03  -2.0254235016E-04
   20     -1.2464709821E-04  -1.7678153244E-04   7.4724407591E-04  -4.8820492175E-04   1.0225608642E-04
   21     -1.7029420020E-03   1.2865999253E-03  -5.6438997996E-04   3.8604508995E-04  -6.4113722944E-04
   22     -8.8451120844E-04   2.9692335697E-04  -1.9153453118E-04   2.6849558811E-04  -1.8838891099E-04
   23      6.1914061599E-04  -3.3386844073E-04   4.7569135072E-04  -2.4573822242E-04   9.2664664113E-05
   24      1.7071836246E-03  -1.2895901218E-03  -5.6534442484E-04  -3.8696266693E-04   6.4289650966E-04
   25     -8.8696850974E-04   2.9701514355E-04   1.9189596399E-04   2.6873792477E-04  -1.8854220812E-04
   26      6.1992295772E-04  -3.3157026303E-04  -4.7461176896E-04  -2.4586508361E-04   9.1636366179E-05
   27      4.9181765235E-03  -1.2316914147E-03  -2.1040096300E-03  -2.2866812624E-03   3.7040280616E-04
   28     -3.7208617748E-03   6.3490069734E-04   9.9225712283E-04   1.6449094689E-03  -2.0321813044E-04
   29     -1.2448340936E-04  -1.7852853947E-04  -7.4663047216E-04  -4.8786368974E-04   1.0327253091E-04
   30     -1.2723210473E-02  -1.4467153488E-02  -4.2863678920E-04   1.3449658329E-03   1.8880157513E-03
   31     -2.0701274653E-02  -1.4547494001E-02   8.9449483683E-04   3.6883173779E-03   2.1236349411E-03
   32      6.3678627824E-03   7.2842771217E-04  -1.7050256535E-03  -3.5570660350E-04   2.7028750227E-04
   33     -3.9327282306E-03   2.2129768786E-02  -1.2698932231E-03  -9.3823951964E-04  -3.6504701633E-03
   34     -9.0211644211E-03   2.7878141212E-02   2.7833177204E-04   5.3268998618E-04  -2.9418144976E-03
   35      2.1940433917E-03  -5.2013251403E-03  -8.6588612897E-04   1.0530570730E-04   1.5302644887E-03
   36      3.9160219096E-03  -2.2120390993E-02  -1.2638829594E-03   9.4021049044E-04   3.6481471830E-03
   37     -9.0053121356E-03   2.7860196466E-02  -2.8406969271E-04   5.3328398552E-04  -2.9372280937E-03
   38      2.1761958959E-03  -5.1914912607E-03   8.6744081692E-04   1.0440782099E-04   1.5267897148E-03
   39      1.2726211541E-02   1.4458430196E-02  -4.3112894851E-04  -1.3466371424E-03  -1.8861965367E-03
   40     -2.0723354189E-02  -1.4552708532E-02  -8.8807937799E-04   3.6899409452E-03   2.1249002740E-03
   41      6.3666196693E-03   7.3223556790E-04   1.7041678384E-03  -3.5596204742E-04   2.6963998787E-04
                   15                 16                 17                 18                 19        
    0     -1.5346399065E-01  -2.6363024828E-02   2.5003765533E-02  -1.8237180857E-01   1.0286317444E-01
    1     -2.8275845869E-02  -8.5850100887E-02   5.3814124610E-03   1.0214971422E-01  -1.2178699940E-01
    2      2.2639445803E-02   6.3637230769E-03  -8.5757110617E-02  -8.2439865633E-02   6.2072014700E-02
    3     -8.4247342210E-03  -2.8679400959E-02  -9.9609630251E-03   2.0446156610E-03   2.2446487890E-02
    4     -1.7686242543E-02  -2.5000982309E-02  -3.9021967751E-03  -1.3867389193E-03  -1.4446438902E-02
    5      7.0328738877E-04   7.5466432114E-03   4.0987972705E-03   2.0899895069E-03   1.3493162782E-02
    6      4.4809961616E-03   7.3358528543E-03  -1.2051948987E-03   7.6536274882E-04  -7.6239221794E-04
    7     -7.3434798759E-03  -2.9883316858E-02   4.7476775576E-03  -2.6704225454E-04  -5.3914864065E-03
    8      1.1968635297E-03   4.7808754025E-03   2.6700524186E-02  -1.6827332406E-04  -3.4274585328E-03
    9     -8.6973106280E-02   1.6911453244E-02  -9.1996215564E-04  -3.8294859204E-03  -1.5023847195E-03
   10      3.7068806837E-02  -1.5373930253E-01   2.6484156313E-03  -4.9201319326E-03  -3.7212590616E-03
   11     -2.2036440954E-03   3.9077179567E-03  -8.2272028126E-02   1.2366155000E-03   6.3587352898E-04
   12     -4.2916955785E-02   2.0992169363E-02  -4.5720860986E-03  -2.1044167726E-03  -9.9235387160E-04
   13      3.4875013078E-02   1.2116848225E-02   4.9769080299E-05   2.2879462664E-03   1.6451524768E-03
   14     -6.0262606392E-03   2.3172033115E-04   1.7512990631E-02  -3.7061626333E-04  -2.0254235016E-04
   15      4.3165519914E-01   6.7120984186E-02   2.0336863749E-02  -1.8683993530E-02  -1.0467752925E-02
   16      6.7120984186E-02   5.3911704799E-01   3.4163821032E-02   1.6298472625E-02   8.3666877594E-03
   17      2.0336863749E-02   3.4163821032E-02   5.2113792743E-01  -1.0629671397E-02  -5.5419984681E-03
   18     -1.8683993530E-02   1.6298472625E-02  -1.0629671397E-02   1.9927208132E-01  -1.1206969533E-01
   19     -1.0467752925E-02   8.3666877594E-03  -5.5419984681E-03  -1.1206969533E-01   1.3307378417E-01
   20      6.6960942121E-03  -5.4190283459E-03   2.7176817511E-03   8.8022003701E-02  -6.6614896539E-02
   21     -5.6601916586E-03  -5.9288570387E-05   3.0595934083E-02   3.2800294423E-03  -1.4813125150E-03
   22     -2.9140139999E-03  -7.8962037114E-04   1.2746911461E-02  -2.7796318379E-03   5.8083923314E-04
   23      1.1337890455E-03   4.9229246683E-04  -6.7122185068E-03   1.9698300069E-03  -8.4434567615E-04
   24      7.9200675351E-05  -9.0988668303E-05  -6.5401171377E-04   3.9568080901E-04  -1.4032868062E-04
   25      9.4971891331E-04   1.3054600902E-03  -6.2257530717E-05   3.5704691411E-04   1.7838052778E-03
   26     -1.0124391165E-04   8.7737829127E-05   3.8769194921E-04   3.0073996458E-04  -1.6897205016E-04
   27      7.6505034721E-04   2.6609559875E-04   1.6823248557E-04  -3.0286571866E-05  -3.2447093002E-04
   28      7.6067018709E-04  -5.3931926996E-03  -3.4283850610E-03   3.2439777053E-04  -2.4285195751E-04
   29     -2.7958030710E-04  -2.1101109635E-03  -1.2180148309E-04   2.0660271787E-04   3.5266881189E-04
   30     -1.4545758750E-03  -2.2378608954E-03   3.0095925878E-03   2.0486701708E-04   1.7317992223E-03
   31     -5.5280327347E-04  -2.6866503138E-03   1.9118132164E-03  -1.0286855125E-04  -2.5002720846E-04
   32     -1.2590781514E-04   1.0497414680E-03  -2.7264743592E-04  -1.6248224726E-04   5.4456477463E-04
   33     -4.3580034833E-04  -1.0819334198E-03  -2.5693949071E-03   5.7370847961E-05  -1.2638343652E-04
   34     -1.0194145230E-03  -2.3079555713E-03  -5.3375070728E-03   9.4397018463E-05   5.6320275195E-05
   35      4.3669184207E-04   6.5170681067E-04  -2.8000187124E-04  -5.6382423502E-06   1.4953860400E-04
   36     -3.9392167964E-02  -1.1789622527E-03   4.1627428423E-04   1.9869775578E-03   9.7564751091E-04
   37     -2.5807015622E-03  -6.0512303909E-02   7.2493054777E-02   1.4085093044E-04   4.8390044197E-04
   38      5.5880038987E-03   6.4257121739E-02  -2.7351662752E-01   4.5658610232E-05  -2.2889180703E-04
   39     -7.9574930010E-02  -6.9238213799E-02  -4.8980850677E-02  -9.8699403759E-04  -1.6484536022E-04
   40     -6.9930293110E-02  -1.9474261861E-01  -1.1585862949E-01  -1.1190599732E-04  -1.5142669327E-04
   41     -5.0032930549E-02  -1.1601586283E-01  -1.2362317766E-01  -9.3903116941E-05  -2.3012258594E-04
                   20                 21                 22                 23                 24        
    0     -8.5013954235E-02  -5.1229104094E-02   4.6042207119E-03   2.8270071990E-02  -7.6114509138E-04
    1      6.4342486231E-02   4.2681311265E-03  -4.6166124854E-02  -5.5052131986E-03   1.0870342823E-03
    2     -9.8639462357E-02   2.7327991475E-02  -5.6541313053E-03  -2.9741683530E-01   2.9901787648E-03
    3      8.9916013361E-03  -7.6140311545E-04   2.8008157129E-03  -2.7852588930E-04  -5.1234120957E-02
    4     -6.6011362477E-03  -1.0869230578E-03  -2.9597629942E-03  -1.0758160886E-03  -4.2668173493E-03
    5      3.4380343411E-03  -2.9967302722E-03  -3.3359661361E-02  -1.0772132158E-02  -2.7350842336E-02
    6      2.7947391466E-04   7.9297020215E-05  -9.5017381843E-04   1.0153324349E-04  -5.6696179831E-03
    7     -2.1102809715E-03   9.1297124921E-05   1.3059307847E-03   8.7553894180E-05   6.2441143349E-05
    8     -1.2100202266E-04   6.5372864435E-04  -6.0876667917E-05   3.8742675420E-04  -3.0595114764E-02
    9      2.6033320445E-03   8.5122128495E-04   3.0667292254E-04  -1.4605709979E-04   8.5152143315E-04
   10     -1.2464709821E-04  -1.7029420020E-03  -8.8451120844E-04   6.1914061599E-04   1.7071836246E-03
   11     -1.7678153244E-04   1.2865999253E-03   2.9692335697E-04  -3.3386844073E-04  -1.2895901218E-03
   12      7.4724407591E-04  -5.6438997996E-04  -1.9153453118E-04   4.7569135072E-04  -5.6534442484E-04
   13     -4.8820492175E-04   3.8604508995E-04   2.6849558811E-04  -2.4573822242E-04  -3.8696266693E-04
   14      1.0225608642E-04  -6.4113722944E-04  -1.8838891099E-04   9.2664664113E-05   6.4289650966E-04
   15      6.6960942121E-03  -5.6601916586E-03  -2.9140139999E-03   1.1337890455E-03   7.9200675351E-05
   16     -5.4190283459E-03  -5.9288570387E-05  -7.8962037114E-04   4.9229246683E-04  -9.0988668303E-05
   17      2.7176817511E-03   3.0595934083E-02   1.2746911461E-02  -6.7122185068E-03  -6.5401171377E-04
   18      8.8022003701E-02   3.2800294423E-03  -2.7796318379E-03   1.9698300069E-03   3.9568080901E-04
   19     -6.6614896539E-02  -1.4813125150E-03   5.8083923314E-04  -8.4434567615E-04  -1.4032868062E-04
   20      1.0288801908E-01  -2.3182625788E-02   1.7370100642E-02  -1.2943139914E-02   3.8955845780E-04
   21     -2.3182625788E-02   5.6289985290E-02   7.7822367507E-04  -3.3560961147E-02   7.0181148281E-04
   22      1.7370100642E-02   7.7822367507E-04   5.2589997707E-02   8.9945796385E-03   1.0216907956E-03
   23     -1.2943139914E-02  -3.3560961147E-02   8.9945796385E-03   3.2299550741E-01   1.5422523625E-04
   24      3.8955845780E-04   7.0181148281E-04   1.0216907956E-03   1.5422523625E-04   5.6301795804E-02
   25      3.3801236718E-04  -1.0233020009E-03  -5.9849013669E-03  -2.1765434597E-03  -7.8174504979E-04
   26      9.6095849987E-04  -1.5450896894E-04  -2.1767524805E-03   1.1597022776E-03   3.3589144307E-02
   27     -2.0657090807E-04   3.9541736460E-04  -3.5688550314E-04  -3.0051139941E-04   3.2825172643E-03
   28      3.5275613534E-04   1.4063830409E-04   1.7841201954E-03  -1.6908493026E-04   1.4786153173E-03
   29     -7.0053572762E-06  -3.8919078807E-04   3.3886626929E-04   9.6066799283E-04   2.3183665700E-02
   30      4.6107374213E-04   1.2526240363E-05  -1.0448918709E-04   4.2003885636E-05   1.8969378178E-03
   31     -3.2502133958E-04   5.1321531986E-05  -4.6941157191E-05  -1.4494375578E-04   8.1737145766E-05
   32      3.8080702943E-04  -1.6673327702E-04   3.9072215135E-04   2.3151284061E-04   3.8643709207E-04
   33      3.8684171730E-04   1.0628657003E-04   3.5839844951E-04   5.0828044253E-04  -5.3979076653E-03
   34     -2.6484888726E-04   3.0870506091E-04  -3.0215050491E-04  -2.8583291547E-04   5.9366001825E-04
   35      1.7689201015E-04  -2.9834995979E-05   3.7588136040E-04   1.2436126374E-04  -1.6491387102E-03
   36      4.5281651720E-05  -5.3989404059E-03  -3.2577004587E-03   1.4584527778E-03   1.0616253314E-04
   37     -5.7337493960E-04  -5.9336557287E-04   3.4282442892E-04   4.3367365700E-05  -3.0902961817E-04
   38      1.1685580737E-03   1.6502988253E-03   6.7225045469E-04   1.2171094432E-03   3.0187398887E-05
   39     -2.2034370529E-04   1.8974545588E-03   6.8967365362E-04   1.6689840281E-04   1.2508302456E-05
   40      1.2948872163E-04  -8.2494779188E-05   2.6180451963E-04   2.1811943997E-04  -5.1252822603E-05
   41      5.4184309527E-05  -3.8755133231E-04   2.4604021636E-04   1.0092416770E-03   1.6714520938E-04
                   25                 26                 27                 28                 29        
    0     -2.8053373255E-03   2.7665671088E-04   2.0407602530E-03  -2.2444550400E-02  -8.9930012897E-03
    1     -2.9602825443E-03  -1.0766996492E-03   1.3837463367E-03  -1.4439473105E-02  -6.5997031045E-03
    2     -3.3361410170E-02  -1.0775632332E-02  -2.0883786313E-03   1.3496941857E-02   3.4408744171E-03
    3     -4.6029723786E-03  -2.8295981043E-02  -1.8238593000E-01  -1.0285401718E-01   8.5021645804E-02
    4     -4.6163364534E-02  -5.4792902318E-03  -1.0214108208E-01  -1.2176816983E-01   6.4333877163E-02
    5     -5.6270823627E-03  -2.9739995871E-01   8.2449051489E-02   6.2065765179E-02  -9.8640051918E-02
    6      2.9205238122E-03  -1.1353092504E-03  -1.8682631275E-02   1.0470944915E-02  -6.6957110920E-03
    7     -7.9082715957E-04   4.9326278105E-04  -1.6292218186E-02   8.3674877219E-03  -5.4154749946E-03
    8      1.2752524871E-02  -6.7097748642E-03   1.0624023357E-02  -5.5418282884E-03   2.7136107554E-03
    9     -3.0734061767E-04   1.4595102453E-04  -3.8274632555E-03   1.5028364998E-03  -2.6031267583E-03
   10     -8.8696850974E-04   6.1992295772E-04   4.9181765235E-03  -3.7208617748E-03  -1.2448340936E-04
   11      2.9701514355E-04  -3.3157026303E-04  -1.2316914147E-03   6.3490069734E-04  -1.7852853947E-04
   12      1.9189596399E-04  -4.7461176896E-04  -2.1040096300E-03   9.9225712283E-04  -7.4663047216E-04
   13      2.6873792477E-04  -2.4586508361E-04  -2.2866812624E-03   1.6449094689E-03  -4.8786368974E-04
   14     -1.8854220812E-04   9.1636366179E-05   3.7040280616E-04  -2.0321813044E-04   1.0327253091E-04
   15      9.4971891331E-04  -1.0124391165E-04   7.6505034721E-04   7.6067018709E-04  -2.7958030710E-04
   16      1.3054600902E-03   8.7737829127E-05   2.6609559875E-04  -5.3931926996E-03  -2.1101109635E-03
   17     -6.2257530717E-05   3.8769194921E-04   1.6823248557E-04  -3.4283850610E-03  -1.2180148309E-04
   18      3.5704691411E-04   3.0073996458E-04  -3.0286571866E-05   3.2439777053E-04   2.0660271787E-04
   19      1.7838052778E-03  -1.6897205016E-04  -3.2447093002E-04  -2.4285195751E-04   3.5266881189E-04
   20      3.3801236718E-04   9.6095849987E-04  -2.0657090807E-04   3.5275613534E-04  -7.0053572762E-06
   21     -1.0233020009E-03  -1.5450896894E-04   3.9541736460E-04   1.4063830409E-04  -3.8919078807E-04
   22     -5.9849013669E-03  -2.1767524805E-03  -3.5688550314E-04   1.7841201954E-03   3.3886626929E-04
   23     -2.1765434597E-03   1.1597022776E-03  -3.0051139941E-04  -1.6908493026E-04   9.6066799283E-04
   24     -7.8174504979E-04   3.3589144307E-02   3.2825172643E-03   1.4786153173E-03   2.3183665700E-02
   25      5.2593917161E-02   8.9663340927E-03   2.7806847577E-03   5.7898880047E-04   1.7368307481E-02
   26      8.9663340927E-03   3.2297811397E-01  -1.9709096088E-03  -8.4288397073E-04  -1.2944883188E-02
   27      2.7806847577E-03  -1.9709096088E-03   1.9928450378E-01   1.1205839021E-01  -8.8030562628E-02
   28      5.7898880047E-04  -8.4288397073E-04   1.1205839021E-01   1.3304917992E-01  -6.6611218950E-02
   29      1.7368307481E-02  -1.2944883188E-02  -8.8030562628E-02  -6.6611218950E-02   1.0289141232E-01
   30     -6.8914159535E-04  -1.6685738600E-04  -9.8894615371E-04   1.6615540073E-04   2.1979774222E-04
   31      2.6277323878E-04   2.1765341132E-04   1.1205659263E-04  -1.5232103809E-04   1.2931577524E-04
   32      2.4636392378E-04   1.0101432390E-03   9.3499043522E-05  -2.2994499363E-04   5.4428970629E-05
   33      3.2584821832E-03  -1.4573496889E-03   1.9887648663E-03  -9.7635291254E-04  -4.5086932961E-05
   34      3.4143384670E-04   4.3871145183E-05  -1.4123204332E-04   4.8471577709E-04  -5.7331722037E-04
   35      6.7250949481E-04   1.2173771287E-03  -4.5776657860E-05  -2.2900561584E-04   1.1695620476E-03
   36     -3.5849871514E-04  -5.0863903421E-04   5.7708639627E-05   1.2710647106E-04  -3.8623596684E-04
   37     -3.0175976995E-04  -2.8574757638E-04  -9.4372777668E-05   5.6770362063E-05  -2.6466502811E-04
   38      3.7631864378E-04   1.2445043920E-04   5.7318122074E-06   1.4909174792E-04   1.7714659409E-04
   39      1.0474766704E-04  -4.1822375410E-05   2.0454437154E-04  -1.7322668023E-03  -4.6163642929E-04
   40     -4.7012455683E-05  -1.4508212873E-04   1.0296786435E-04  -2.4930184060E-04  -3.2481611689E-04
   41      3.9096066827E-04   2.3174548913E-04   1.6251095623E-04   5.4473230097E-04   3.8129486096E-04
                   30                 31                 32                 33                 34        
    0     -5.7933543944E-03   3.3495079165E-05  -1.7222745017E-03   6.2677172111E-04  -5.5177681741E-05
    1      1.2097740034E-03  -1.1016415587E-03   1.4850242466E-03  -1.1330943827E-03   1.6512120832E-04
    2     -2.2673921331E-03   6.4587179189E-04   1.1707554933E-04  -2.6024185997E-05   7.5648990095E-04
    3     -5.1086831205E-03  -3.2347154847E-04  -2.4638728630E-03  -3.5870528885E-03  -3.3469147933E-05
    4      2.0558592563E-02  -3.6274909281E-03   8.3730193865E-03   9.1250418425E-03  -2.2770473357E-03
    5      1.6681096533E-02  -1.7655942302E-03   4.5646853925E-03  -3.2052454788E-02   6.5866934114E-03
    6     -7.9543361853E-02   6.9892937451E-02   5.0043782368E-02  -3.9386470951E-02   2.5910422533E-03
    7      6.9197565107E-02  -1.9469056459E-01  -1.1607434078E-01   1.1849655644E-03  -6.0564153686E-02
    8      4.8987713794E-02  -1.1592269015E-01  -1.2371389028E-01  -4.2910217634E-04   7.2590328959E-02
    9      8.7354378958E-03   1.0443281532E-02   4.7473406322E-04  -8.4892278690E-04  -2.3793541276E-04
   10     -1.2723210473E-02  -2.0701274653E-02   6.3678627824E-03  -3.9327282306E-03  -9.0211644211E-03
   11     -1.4467153488E-02  -1.4547494001E-02   7.2842771217E-04   2.2129768786E-02   2.7878141212E-02
   12     -4.2863678920E-04   8.9449483683E-04  -1.7050256535E-03  -1.2698932231E-03   2.7833177204E-04
   13      1.3449658329E-03   3.6883173779E-03  -3.5570660350E-04  -9.3823951964E-04   5.3268998618E-04
   14      1.8880157513E-03   2.1236349411E-03   2.7028750227E-04  -3.6504701633E-03  -2.9418144976E-03
   15     -1.4545758750E-03  -5.5280327347E-04  -1.2590781514E-04  -4.3580034833E-04  -1.0194145230E-03
   16     -2.2378608954E-03  -2.6866503138E-03   1.0497414680E-03  -1.0819334198E-03  -2.3079555713E-03
   17      3.0095925878E-03   1.9118132164E-03  -2.7264743592E-04  -2.5693949071E-03  -5.3375070728E-03
   18      2.0486701708E-04  -1.0286855125E-04  -1.6248224726E-04   5.7370847961E-05   9.4397018463E-05
   19      1.7317992223E-03  -2.5002720846E-04   5.4456477463E-04  -1.2638343652E-04   5.6320275195E-05
   20      4.6107374213E-04  -3.2502133958E-04   3.8080702943E-04   3.8684171730E-04  -2.6484888726E-04
   21      1.2526240363E-05   5.1321531986E-05  -1.6673327702E-04   1.0628657003E-04   3.0870506091E-04
   22     -1.0448918709E-04  -4.6941157191E-05   3.9072215135E-04   3.5839844951E-04  -3.0215050491E-04
   23      4.2003885636E-05  -1.4494375578E-04   2.3151284061E-04   5.0828044253E-04  -2.8583291547E-04
   24      1.8969378178E-03   8.1737145766E-05   3.8643709207E-04  -5.3979076653E-03   5.9366001825E-04
   25     -6.8914159535E-04   2.6277323878E-04   2.4636392378E-04   3.2584821832E-03   3.4143384670E-04
   26     -1.6685738600E-04   2.1765341132E-04   1.0101432390E-03  -1.4573496889E-03   4.3871145183E-05
   27     -9.8894615371E-04   1.1205659263E-04   9.3499043522E-05   1.9887648663E-03  -1.4123204332E-04
   28      1.6615540073E-04  -1.5232103809E-04  -2.2994499363E-04  -9.7635291254E-04   4.8471577709E-04
   29      2.1979774222E-04   1.2931577524E-04   5.4428970629E-05  -4.5086932961E-05  -5.7331722037E-04
   30      8.1847192365E-02  -7.7719834301E-02  -5.4255427308E-02  -1.1403066122E-05   7.2059111225E-05
   31     -7.7719834301E-02   2.1327582444E-01   1.2155200049E-01  -3.2371991710E-03   7.5165122601E-03
   32     -5.4255427308E-02   1.2155200049E-01   1.3322618993E-01   9.6002477763E-03  -2.3738592528E-02
   33     -1.1403066122E-05  -3.2371991710E-03   9.6002477763E-03   4.8234274415E-02  -2.6654215395E-03
   34      7.2059111225E-05   7.5165122601E-03  -2.3738592528E-02  -2.6654215395E-03   6.5098899796E-02
   35     -6.7533604688E-05   5.8677907708E-03  -1.6454393069E-02   7.6361615316E-03  -7.4875756795E-02
   36      5.6125389587E-04   3.6296949693E-04   9.1283736266E-06  -6.3767136178E-04  -5.4298580130E-04
   37     -7.4230692550E-04  -9.3966523639E-04   1.8248722718E-04   5.4325129310E-04   1.2169599263E-03
   38     -7.1159099126E-05   9.7667589470E-05  -5.4792642787E-05  -5.6670398080E-05  -6.8277719722E-05
   39      7.0746020085E-05   1.3208416970E-05  -2.7407195298E-05   5.6165387089E-04   7.4231136062E-04
   40     -1.3393100745E-05  -5.4685062840E-04   1.8323002884E-04  -3.6365716575E-04  -9.4018155617E-04
   41      2.7531127116E-05   1.8356390284E-04  -8.7834741697E-05  -9.1730015531E-06   1.8232179747E-04
                   35                 36                 37                 38                 39        
    0      2.8416041762E-04  -3.5888028106E-03   2.9934977970E-05   1.5315083438E-03  -5.1063504791E-03
    1     -2.3779288574E-04  -9.1062110429E-03  -2.2717165066E-03   1.0016121484E-03  -2.0567403814E-02
    2      3.2875060302E-04   3.2056213288E-02   6.5827487455E-03  -7.9440785344E-03  -1.6674810168E-02
    3     -1.5291877314E-03   6.2980251477E-04   5.5225961935E-05  -2.8499531099E-04  -5.7945287559E-03
    4      1.0021197690E-03   1.1347760743E-03   1.6563856225E-04  -2.3877304473E-04  -1.2100148621E-03
    5     -7.9340930738E-03   2.5879709134E-05   7.5733838839E-04   3.3046066616E-04   2.2696710196E-03
    6     -5.6062198393E-03  -4.3574136081E-04   1.0211671560E-03  -4.3566904539E-04  -1.4537453553E-03
    7      6.4341956713E-02   1.0762257115E-03  -2.3009387156E-03   6.5031400396E-04   2.2420668828E-03
    8     -2.7349117642E-01   2.5673690472E-03  -5.3368690199E-03  -2.7949753914E-04  -3.0093789674E-03
    9      1.3490579584E-03  -8.5683762080E-04   2.3219139526E-04  -1.3437201339E-03   8.7394922743E-03
   10      2.1940433917E-03   3.9160219096E-03  -9.0053121356E-03   2.1761958959E-03   1.2726211541E-02
   11     -5.2013251403E-03  -2.2120390993E-02   2.7860196466E-02  -5.1914912607E-03   1.4458430196E-02
   12     -8.6588612897E-04  -1.2638829594E-03  -2.8406969271E-04   8.6744081692E-04  -4.3112894851E-04
   13      1.0530570730E-04   9.4021049044E-04   5.3328398552E-04   1.0440782099E-04  -1.3466371424E-03
   14      1.5302644887E-03   3.6481471830E-03  -2.9372280937E-03   1.5267897148E-03  -1.8861965367E-03
   15      4.3669184207E-04  -3.9392167964E-02  -2.5807015622E-03   5.5880038987E-03  -7.9574930010E-02
   16      6.5170681067E-04  -1.1789622527E-03  -6.0512303909E-02   6.4257121739E-02  -6.9238213799E-02
   17     -2.8000187124E-04   4.1627428423E-04   7.2493054777E-02  -2.7351662752E-01  -4.8980850677E-02
   18     -5.6382423502E-06   1.9869775578E-03   1.4085093044E-04   4.5658610232E-05  -9.8699403759E-04
   19      1.4953860400E-04   9.7564751091E-04   4.8390044197E-04  -2.2889180703E-04  -1.6484536022E-04
   20      1.7689201015E-04   4.5281651720E-05  -5.7337493960E-04   1.1685580737E-03  -2.2034370529E-04
   21     -2.9834995979E-05  -5.3989404059E-03  -5.9336557287E-04   1.6502988253E-03   1.8974545588E-03
   22      3.7588136040E-04  -3.2577004587E-03   3.4282442892E-04   6.7225045469E-04   6.8967365362E-04
   23      1.2436126374E-04   1.4584527778E-03   4.3367365700E-05   1.2171094432E-03   1.6689840281E-04
   24     -1.6491387102E-03   1.0616253314E-04  -3.0902961817E-04   3.0187398887E-05   1.2508302456E-05
   25      6.7250949481E-04  -3.5849871514E-04  -3.0175976995E-04   3.7631864378E-04   1.0474766704E-04
   26      1.2173771287E-03  -5.0863903421E-04  -2.8574757638E-04   1.2445043920E-04  -4.1822375410E-05
   27     -4.5776657860E-05   5.7708639627E-05  -9.4372777668E-05   5.7318122074E-06   2.0454437154E-04
   28     -2.2900561584E-04   1.2710647106E-04   5.6770362063E-05   1.4909174792E-04  -1.7322668023E-03
   29      1.1695620476E-03  -3.8623596684E-04  -2.6466502811E-04   1.7714659409E-04  -4.6163642929E-04
   30     -6.7533604688E-05   5.6125389587E-04  -7.4230692550E-04  -7.1159099126E-05   7.0746020085E-05
   31      5.8677907708E-03   3.6296949693E-04  -9.3966523639E-04   9.7667589470E-05   1.3208416970E-05
   32     -1.6454393069E-02   9.1283736266E-06   1.8248722718E-04  -5.4792642787E-05  -2.7407195298E-05
   33      7.6361615316E-03  -6.3767136178E-04   5.4325129310E-04  -5.6670398080E-05   5.6165387089E-04
   34     -7.4875756795E-02  -5.4298580130E-04   1.2169599263E-03  -6.8277719722E-05   7.4231136062E-04
   35      2.9889089167E-01   5.6610435653E-05  -6.8090835073E-05  -2.2505529967E-05   7.0959713507E-05
   36      5.6610435653E-05   4.8241558443E-02   2.6650795138E-03  -7.6304434287E-03  -9.4191008620E-06
   37     -6.8090835073E-05   2.6650795138E-03   6.5027693295E-02  -7.4754479640E-02  -6.8687621173E-05
   38     -2.2505529967E-05  -7.6304434287E-03  -7.4754479640E-02   2.9891002569E-01   6.9418323043E-05
   39      7.0959713507E-05  -9.4191008620E-06  -6.8687621173E-05   6.9418323043E-05   8.1870697290E-02
   40      9.7894721648E-05   3.2311536341E-03   7.5046252710E-03   5.8537702296E-03   7.7758976597E-02
   41     -5.4604114012E-05  -9.6032379401E-03  -2.3747065899E-02  -1.6445547597E-02   5.4245526719E-02
                   40                 41        
     0      3.2907150233E-04   2.4620339529E-03
     1     -3.6214245663E-03   8.3799648532E-03
     2     -1.7570504063E-03   4.5644025320E-03
     3     -3.0548018263E-05   1.7235470375E-03
     4     -1.1005981438E-03   1.4856266837E-03
     5      6.4532122668E-04   1.1692852255E-04
     6      5.5222654008E-04   1.2674237904E-04
     7     -2.6923978683E-03   1.0506637363E-03
     8      1.9139071841E-03  -2.7155592710E-04
     9     -1.0451898483E-02  -4.7086759909E-04
    10     -2.0723354189E-02   6.3666196693E-03
    11     -1.4552708532E-02   7.3223556790E-04
    12     -8.8807937799E-04   1.7041678384E-03
    13      3.6899409452E-03  -3.5596204742E-04
    14      2.1249002740E-03   2.6963998787E-04
    15     -6.9930293110E-02  -5.0032930549E-02
    16     -1.9474261861E-01  -1.1601586283E-01
    17     -1.1585862949E-01  -1.2362317766E-01
    18     -1.1190599732E-04  -9.3903116941E-05
    19     -1.5142669327E-04  -2.3012258594E-04
    20      1.2948872163E-04   5.4184309527E-05
    21     -8.2494779188E-05  -3.8755133231E-04
    22      2.6180451963E-04   2.4604021636E-04
    23      2.1811943997E-04   1.0092416770E-03
    24     -5.1252822603E-05   1.6714520938E-04
    25     -4.7012455683E-05   3.9096066827E-04
    26     -1.4508212873E-04   2.3174548913E-04
    27      1.0296786435E-04   1.6251095623E-04
    28     -2.4930184060E-04   5.4473230097E-04
    29     -3.2481611689E-04   3.8129486096E-04
    30     -1.3393100745E-05   2.7531127116E-05
    31     -5.4685062840E-04   1.8356390284E-04
    32      1.8323002884E-04  -8.7834741697E-05
    33     -3.6365716575E-04  -9.1730015531E-06
    34     -9.4018155617E-04   1.8232179747E-04
    35      9.7894721648E-05  -5.4604114012E-05
    36      3.2311536341E-03  -9.6032379401E-03
    37      7.5046252710E-03  -2.3747065899E-02
    38      5.8537702296E-03  -1.6445547597E-02
    39      7.7758976597E-02   5.4245526719E-02
    40      2.1335879582E-01   1.2149508719E-01
    41      1.2149508719E-01   1.3312304709E-01

$vibrational_frequencies
42
    0        0.0000000000000000
    1        0.0000000000000000
    2        0.0000000000000000
    3        0.0000000000000000
    4        0.0000000000000000
    5        0.0000000000000000
    6      129.0005322935062395
    7      249.4484935350527053
    8      463.8010144459039452
    9      487.1643013394150898
   10      564.9463318340971227
   11      596.1934278977062149
   12      716.6249283807379697
   13      829.2820321242955970
   14      853.5420669064529875
   15      899.7444899105930745
   16      923.1130361323411080
   17      963.1040902963252393
   18      967.3615683024136160
   19     1028.9825625993348694
   20     1164.3899781709435501
   21     1165.6849058004711424
   22     1181.4892139023741038
   23     1219.2344964286626237
   24     1250.3293263458442652
   25     1298.2474094294468614
   26     1303.2030185645141955
   27     1334.1424529218593307
   28     1334.4774815057332944
   29     1434.2249660021604996
   30     1434.7719096068074123
   31     1487.1886554899947441
   32     1498.6983444928821427
   33     1717.0936346507216967
   34     2999.1512812752016544
   35     2999.4234208805078197
   36     3023.1846221410551152
   37     3029.0692766374158964
   38     3086.3135829314510374
   39     3087.7991793765513648
   40     3091.6279299564180292
   41     3096.7094024713815088

$normal_modes
42 42
                    0                  1                  2                  3                  4        
    0      0.0000000000E+00   0.0000000000E+00   0.0000000000E+00   0.0000000000E+00   0.0000000000E+00
    1      0.0000000000E+00   0.0000000000E+00   0.0000000000E+00   0.0000000000E+00   0.0000000000E+00
    2      0.0000000000E+00   0.0000000000E+00   0.0000000000E+00   0.0000000000E+00   0.0000000000E+00
    3      0.0000000000E+00   0.0000000000E+00   0.0000000000E+00   0.0000000000E+00   0.0000000000E+00
    4      0.0000000000E+00   0.0000000000E+00   0.0000000000E+00   0.0000000000E+00   0.0000000000E+00
