*************************************************
******************* ORCA 6.0.0 ******************
*************************************************
$Calculation_Status
   &GeometryIndex 1
   &ListStatus       OUT
   &VERSION [&Type "String"] "6.0.0"
   &PROGNAME [&Type "String"] "LeanSCF"
   &STATUS [&Type "String"] "NORMAL TERMINATION"
$End
$Geometry
   &GeometryIndex 1
   &ListStatus       OUT
   &NATOMS [&Type "Integer"] 14
   &NCORELESSECP [&Type "Integer"] 0
   &NGHOSTATOMS [&Type "Integer"] 0
   &CartesianCoordinates [&Type "Coordinates", &Dim(14,4), &Units "Bohr"] 
              C      2.739472202813   -1.384646833249   -0.449281408895
              C      2.739764121848    1.384250158190    0.448967044827
              C      0.085944044805    2.314744222517   -0.238763254385
              C     -1.573992677568    0.000050893726   -0.000896006843
              O     -3.885843197605    0.000299552206   -0.000022067088
              C      0.085625506143   -2.314643929649    0.239080718738
              H      4.237286727264   -2.507765110223    0.420493805874
              H      2.994302622538   -1.453460459249   -2.503263889531
              H      2.994812136167    1.452855109293    2.502939209825
              H      4.237678256220    2.507224687099   -0.420836919291
              H     -0.644867826784    3.889477378310    0.880946973695
              H      0.002696138416    2.881629329991   -2.237233343256
              H      0.002622839718   -2.880875582298    2.237808798312
              H     -0.645621931257   -3.889647135432   -0.879980053555
$End
$SCF_Energy
   &GeometryIndex 1
   &ListStatus       OUT
   &SCF_ENERGY [&Type "Double"]      -2.7052413826097643e+02
$End
$DFT_Energy
   &GeometryIndex 1
   &ListStatus       OUT
   &NALPHAEL [&Type "Integer"] 23
   &NBETAEL [&Type "Integer"] 23
   &NTOTALEL [&Type "Integer"] 46
   &EEXCHANGE [&Type "Double"]      -3.7143384173573267e+01
   &ECORR [&Type "Double"]      -1.4672401511420403e+00
   &ECNL [&Type "Double"]       0.0000000000000000e+00
   &EXC [&Type "Double"]      -3.8610624324715310e+01
   &EEMBED [&Type "Double"]       0.0000000000000000e+00
   &FINALEN [&Type "Double"]      -2.7052413826097643e+02  "No Van der Waals correction"
$End
$Mulliken_Population_Analysis
   &GeometryIndex 1
   &ListStatus       OUT
   &NATOMS [&Type "Integer"] 14
   &ATNO [&Type "ArrayOfIntegers", &Dim (14,1)] 
                                                         0

0                                                        6
1                                                        6
2                                                        6
3                                                        6
4                                                        8
5                                                        6
6                                                        1
7                                                        1
8                                                        1
9                                                        1
10                                                       1
11                                                       1
12                                                       1
13                                                       1
   &ATOMICCHARGES [&Type "ArrayOfDoubles", &Dim (14,1)] 
                                                         0

0                                     -1.7134793051170050e-01
1                                     -1.7125816102723324e-01
2                                     -1.5140213405693981e-01
3                                      1.3668224187666045e-01
4                                     -3.2661715672378122e-01
5                                     -1.5139164471778166e-01
6                                      9.7240529310712254e-02
7                                      9.1175200367634712e-02
8                                      9.1153957360598614e-02
9                                      9.7248190427429604e-02
10                                     1.2014203723290406e-01
11                                     1.0911079210200314e-01
12                                     1.0918122653249074e-01
13                                     1.2008285182710488e-01
$End
$Loewdin_Population_Analysis
   &GeometryIndex 1
   &ListStatus       OUT
   &NATOMS [&Type "Integer"] 14
   &ATNO [&Type "ArrayOfIntegers", &Dim (14,1)] 
                                                         0

0                                                        6
1                                                        6
2                                                        6
3                                                        6
4                                                        8
5                                                        6
6                                                        1
7                                                        1
8                                                        1
9                                                        1
10                                                       1
11                                                       1
12                                                       1
13                                                       1
   &ATOMICCHARGES [&Type "ArrayOfDoubles", &Dim (14,1)] 
                                                         0

0                                     -2.4767677641944807e-01
1                                     -2.4767072354114639e-01
2                                     -2.1865223748492113e-01
3                                     -3.1404786434928411e-01
4                                      1.0492886407894719e-01
5                                     -2.1865016366716183e-01
6                                      1.3049392347995858e-01
7                                      1.3594513266870467e-01
8                                      1.3595064968018811e-01
9                                      1.3049520668023329e-01
10                                     1.4581232778989683e-01
11                                     1.5863300242557088e-01
12                                     1.5863514177425952e-01
13                                     1.4580351688428339e-01
$End
$Mayer_Population_Analysis
   &GeometryIndex 1
   &ListStatus       OUT
   &NATOMS [&Type "Integer"] 14 "Total number of atoms"
   &BONDTHRESH [&Type "Double"]       1.0000000000000001e-01  "The threshold for printing"
   &NBONDORDERSPRINT [&Type "Integer"] 14 "The number of bond orders larger than threshold"
   &BONDORDERS [&Type "ArrayOfDoubles", &Dim (14,1)] "The bond orders"
                                                         0

0                                      9.5534551529903877e-01
1                                      9.8309486338582375e-01
2                                      9.6048693482235059e-01
3                                      9.6721602588036504e-01
4                                      9.8313188987521083e-01
5                                      9.6719634840305257e-01
6                                      9.6047688986589708e-01
7                                      9.5026763567362571e-01
8                                      9.4920235494644700e-01
9                                      9.3473259974862388e-01
10                                     2.0895896688569708e+00
11                                     9.5029939428849275e-01
12                                     9.3475860867329974e-01
13                                     9.4920153796530016e-01
   &COMPONENTS [&Type "ArrayOfIntegers", &Dim (14,4)] "The indices and atomic numbers of the bonding atoms"
                                                         0                           1                           2                           3

0                                                        0                           6                           1                           6
1                                                        0                           6                           5                           6
2                                                        0                           6                           6                           1
3                                                        0                           6                           7                           1
4                                                        1                           6                           2                           6
5                                                        1                           6                           8                           1
6                                                        1                           6                           9                           1
7                                                        2                           6                           3                           6
8                                                        2                           6                          10                           1
9                                                        2                           6                          11                           1
10                                                       3                           6                           4                           8
11                                                       3                           6                           5                           6
12                                                       5                           6                          12                           1
13                                                       5                           6                          13                           1
   &ATNO [&Type "ArrayOfIntegers", &Dim (14,1)] "Atomic number of the elements"
                                                         0

0                                                        6
1                                                        6
2                                                        6
3                                                        6
4                                                        8
5                                                        6
6                                                        1
7                                                        1
8                                                        1
9                                                        1
10                                                       1
11                                                       1
12                                                       1
13                                                       1
   &NA [&Type "ArrayOfDoubles", &Dim (14,1)] "Mulliken gross atomic population"
                                                         0

0                                      6.1713479305117245e+00
1                                      6.1712581610272732e+00
2                                      6.1514021340569398e+00
3                                      5.8633177581233662e+00
4                                      8.3266171567237866e+00
5                                      6.1513916447177728e+00
6                                      9.0275947068928630e-01
7                                      9.0882479963236673e-01
8                                      9.0884604263940316e-01
9                                      9.0275180957257184e-01
10                                     8.7985796276709516e-01
11                                     8.9088920789799508e-01
12                                     8.9081877346751026e-01
13                                     8.7991714817289468e-01
   &ZA [&Type "ArrayOfDoubles", &Dim (14,1)] "Total nuclear charge"
                                                         0

0                                      6.0000000000000000e+00
1                                      6.0000000000000000e+00
2                                      6.0000000000000000e+00
3                                      6.0000000000000000e+00
4                                      8.0000000000000000e+00
5                                      6.0000000000000000e+00
6                                      1.0000000000000000e+00
7                                      1.0000000000000000e+00
8                                      1.0000000000000000e+00
9                                      1.0000000000000000e+00
10                                     1.0000000000000000e+00
11                                     1.0000000000000000e+00
12                                     1.0000000000000000e+00
13                                     1.0000000000000000e+00
   &QA [&Type "ArrayOfDoubles", &Dim (14,1)] "Mulliken gross atomic charge"
                                                         0

0                                     -1.7134793051172448e-01
1                                     -1.7125816102727320e-01
2                                     -1.5140213405693981e-01
3                                      1.3668224187663380e-01
4                                     -3.2661715672378655e-01
5                                     -1.5139164471777278e-01
6                                      9.7240529310713697e-02
7                                      9.1175200367633269e-02
8                                      9.1153957360596838e-02
9                                      9.7248190427428161e-02
10                                     1.2014203723290484e-01
11                                     1.0911079210200492e-01
12                                     1.0918122653248974e-01
13                                     1.2008285182710532e-01
   &VA [&Type "ArrayOfDoubles", &Dim (14,1)] "Mayer's total valence"
                                                         0

0                                      3.9308778105292492e+00
1                                      3.9308815768432308e+00
2                                      3.7696924746791054e+00
3                                      4.0753525538083029e+00
4                                      2.1293579214044311e+00
5                                      3.7697336474013756e+00
6                                      9.8240970070600198e-01
7                                      9.8360509564443888e-01
8                                      9.8360445609564862e-01
9                                      9.8240423954500522e-01
10                                     9.9888692789025446e-01
11                                     9.9321036259233875e-01
12                                     9.9319942469101552e-01
13                                     9.9891672062990478e-01
   &BVA [&Type "ArrayOfDoubles", &Dim (14,1)] "Mayer's bonded valence"
                                                         0

0                                      3.9308778105292079e+00
1                                      3.9308815768431771e+00
2                                      3.7696924746790841e+00
3                                      4.0753525538081821e+00
4                                      2.1293579214044471e+00
5                                      3.7697336474013041e+00
6                                      9.8240970070598232e-01
7                                      9.8360509564443810e-01
8                                      9.8360445609564129e-01
9                                      9.8240423954499723e-01
10                                     9.9888692789026690e-01
11                                     9.9321036259234852e-01
12                                     9.9319942469099876e-01
13                                     9.9891672062987535e-01
   &FA [&Type "ArrayOfDoubles", &Dim (14,1)] "Mayer's free valence"
                                                         0

0                                      0.0000000000000000e+00
1                                      0.0000000000000000e+00
2                                      0.0000000000000000e+00
3                                      0.0000000000000000e+00
4                                      0.0000000000000000e+00
5                                      0.0000000000000000e+00
6                                      0.0000000000000000e+00
7                                      0.0000000000000000e+00
8                                      0.0000000000000000e+00
9                                      0.0000000000000000e+00
10                                     0.0000000000000000e+00
11                                     0.0000000000000000e+00
12                                     0.0000000000000000e+00
13                                     0.0000000000000000e+00
$End
$VdW_Correction
   &GeometryIndex 1
   &ListStatus       OUT
   &VDW [&Type "Double"]      -3.4449328936526635e-03
$End
$Calculation_Info
   &GeometryIndex 1
   &ListStatus       OUT
   &MULT [&Type "Integer"] 1
   &CHARGE [&Type "Integer"] 0
   &NUMOFATOMS [&Type "Integer"] 14
   &NUMOFELECTRONS [&Type "Integer"] 46
   &NUMOFFCELECTRONS [&Type "Integer"] 1
   &NUMOFCORRELECTRONS [&Type "Integer"] 0
   &NUMOFBASISFUNCTS [&Type "Integer"] 234
   &NUMOFAUXCBASISFUNCTS [&Type "Integer"] 0
   &NUMOFAUXJBASISFUNCTS [&Type "Integer"] 268
   &NUMOFAUXJKBASISFUNCTS [&Type "Integer"] 0
   &NUMOFCABSBASISFUNCTS [&Type "Integer"] 0
   &TOTALENERGY [&Type "Double"]      -2.7052226749847011e+02  "Hartrees"
$End
$SCF_Dipole_Moment
   &GeometryIndex 1
   &ListStatus       OUT
   &METHOD [&Type "String"] "SCF"
   &LEVEL [&Type "String"] "Relaxed density"
   &MULT [&Type "Integer"] 1
   &STATE [&Type "Integer"] -1
   &IRREP [&Type "Integer"] 0
   &NATOMS [&Type "Integer"] 14
   &DODIPOLEATOM [&Type "Boolean"] false
   &DIPOLEELECCONTRIB [&Type "ArrayOfDoubles", &Dim (3,1)] "Electronic contribution"
                                                         0

0                                     -5.2224591138926479e+00
1                                      2.6748307882400050e-04
2                                     -9.4327585473815822e-04
   &DIPOLENUCCONTRIB [&Type "ArrayOfDoubles", &Dim (3,1)] "Nuclear contribution"
                                                         0

0                                      6.5085626853613707e+00
1                                     -3.3700535690650568e-04
2                                      9.1639207043658910e-04
   &DIPOLETOTAL [&Type "ArrayOfDoubles", &Dim (3,1)] "Total"
                                                         0

0                                      1.2861035714687228e+00
1                                     -6.9522278082505187e-05
2                                     -2.6883784301569118e-05
   &DIPOLEMAGNITUDE [&Type "Double", &Units "a.u."]       1.2861035736287685e+00
$End
$THERMOCHEMISTRY_Energies
   &GeometryIndex 1
   &ListStatus       OUT
   &TEMPERATURE [&Type "Double"]       2.9814999999999998e+02
   &PRESSURE [&Type "Double"]       1.0000000000000000e+00
   &TOTALMASS [&Type "Double"]       8.4117999999999981e+01
   &SPINDEGENERACY [&Type "Integer"] 1
   &ELENERGY [&Type "Double"]      -2.7052226749847011e+02
   &TRANSENERGY [&Type "Double"]       1.4162714244859817e-03
   &ROTENERGY [&Type "Double"]       1.4162714244859817e-03
   &VIBENERGY [&Type "Double"]       2.6105572855598643e-03
   &NUMOFFREQS [&Type "Integer"] 42
   &FREQSCALINGFACTOR [&Type "Double"]       1.0000000000000000e+00
   &FREQ [&Type "ArrayOfDoubles", &Dim (42,1)] "In cm^-1"
                                                         0

0                                      0.0000000000000000e+00
1                                      0.0000000000000000e+00
2                                      0.0000000000000000e+00
3                                      0.0000000000000000e+00
4                                      0.0000000000000000e+00
5                                      0.0000000000000000e+00
6                                      1.2900053229350624e+02
7                                      2.4944849353505271e+02
8                                      4.6380101444590395e+02
9                                      4.8716430133941509e+02
10                                     5.6494633183409712e+02
11                                     5.9619342789770621e+02
12                                     7.1662492838073797e+02
13                                     8.2928203212429560e+02
14                                     8.5354206690645299e+02
15                                     8.9974448991059307e+02
16                                     9.2311303613234111e+02
17                                     9.6310409029632524e+02
18                                     9.6736156830241362e+02
19                                     1.0289825625993349e+03
20                                     1.1643899781709436e+03
21                                     1.1656849058004711e+03
22                                     1.1814892139023741e+03
23                                     1.2192344964286626e+03
24                                     1.2503293263458443e+03
25                                     1.2982474094294469e+03
26                                     1.3032030185645142e+03
27                                     1.3341424529218593e+03
28                                     1.3344774815057333e+03
29                                     1.4342249660021605e+03
30                                     1.4347719096068074e+03
31                                     1.4871886554899947e+03
32                                     1.4986983444928821e+03
33                                     1.7170936346507217e+03
34                                     2.9991512812752017e+03
35                                     2.9994234208805078e+03
36                                     3.0231846221410551e+03
37                                     3.0290692766374159e+03
38                                     3.0863135829314510e+03
39                                     3.0877991793765514e+03
40                                     3.0916279299564180e+03
41                                     3.0967094024713815e+03
   &ZPE [&Type "Double"]       1.2053503201695603e-01
   &INNERENERGYU [&Type "Double"]      -2.7039628936631863e+02
   &ENTHALPYH [&Type "Double"]      -2.7039534515727638e+02
   &QEL [&Type "Double"]       0.0000000000000000e+00
   &QROT [&Type "Double"]       1.2440876839988879e-02
   &QVIB [&Type "Double"]       4.0886266148755035e-03
   &QTRANS [&Type "Double"]       1.8626298527631004e-02
   &ENTROPYS [&Type "Double"]       3.5155801982495384e-02
   &FREEENERGYG [&Type "Double"]      -2.7043050095925889e+02
   &ISLINEAR [&Type "Boolean"] false
$End
$Hessian
   &GeometryIndex 1
   &ListStatus       OUT
   &HESSIAN [&Type "ArrayOfDoubles", &Dim (42,42)] "The Hessian"
                                                         0                           1                           2                           3                           4                           5                           6                           7

0                                      5.2012342804424416e-01        -9.1887827796068577e-02         2.3309900146887250e-02        -7.0903813309756078e-02        -3.1363361034536900e-03        -1.6038637773445642e-03        -8.4124682993996537e-03         2.8672701231732375e-02
1                                     -9.1887827796068577e-02         4.4590370435445292e-01        -2.9677795308274170e-02         3.1228600583294054e-03        -1.4919967780880794e-01        -2.6895275957069864e-02         1.7682074598753157e-02        -2.5006677337398989e-02
2                                      2.3309900146887250e-02        -2.9677795308274170e-02         5.7469589054747505e-01         1.5976630509414932e-03        -2.6895144989114869e-02        -8.9452954145766456e-02        -7.0121434793656012e-04         7.5415480842791500e-03
3                                     -7.0903813309756078e-02         3.1228600583294054e-03         1.5976630509414932e-03         5.2014595295822397e-01         9.1858191277107190e-02        -2.3297245105907843e-02        -1.5347376329023210e-01         2.6391122281099678e-02
4                                     -3.1363361034536900e-03        -1.4919967780880794e-01        -2.6895144989114869e-02         9.1858191277107190e-02         4.4589826536455968e-01        -2.9697722448568539e-02         2.8296763298483615e-02        -8.5862535771324966e-02
5                                     -1.6038637773445642e-03        -2.6895275957069864e-02        -8.9452954145766456e-02        -2.3297245105907843e-02        -2.9697722448568539e-02         5.7465931027706463e-01        -2.2628835264475931e-02         6.3570362392821695e-03
6                                     -8.4124682993996537e-03         1.7682074598753157e-02        -7.0121434793656012e-04        -1.5347376329023210e-01         2.8296763298483615e-02        -2.2628835264475931e-02         4.3164223756710107e-01        -6.7117384138451697e-02
7                                      2.8672701231732375e-02        -2.5006677337398989e-02         7.5415480842791500e-03         2.6391122281099678e-02        -8.5862535771324966e-02         6.3570362392821695e-03        -6.7117384138451697e-02         5.3911974397117224e-01
8                                      9.9626302313817368e-03        -3.9080429684318439e-03         4.0980260381522707e-03        -2.4987452205995617e-02         5.3739022875136030e-03        -8.5736522914715618e-02        -2.0311692927834080e-02         3.4204673169861276e-02
9                                     -4.2182898601577735e-02         1.2702269816580940e-02        -3.4099244139964985e-03        -4.2171203152258807e-02        -1.2696732188432177e-02         3.4005821213604660e-03        -8.6987396371357925e-02        -1.6906975865168580e-02
10                                     6.9042591468233411e-03         1.3611956181534289e-02        -2.2544136155547212e-03        -6.8955406347571586e-03         1.3616916986081633e-02        -2.2429871551787137e-03        -3.7065816827558121e-02        -1.5373177093702797e-01
11                                     6.6600419230813078e-03        -9.5047961996960455e-03         1.5633982440254584e-03        -6.6584273672425582e-03        -9.4953089138200639e-03         1.5484757463565882e-03         2.1971833038953899e-03         3.9002942122339044e-03
12                                     1.0227762846786066e-03         7.3359769071456443e-03        -2.2784716068646287e-03         1.0248616784608935e-03        -7.3339564101840551e-03         2.2747474940609108e-03        -4.2922696758106560e-02        -2.0987325805436378e-02
13                                     3.2841985963033464e-03        -7.2766631735022378e-03         2.0917450381549062e-03        -3.2838048545096275e-03        -7.2747523594986277e-03         2.0876869609597871e-03        -3.4871724797871366e-02         1.2121506853523582e-02
14                                    -4.6298685346476357e-04         2.8636819303604032e-03         1.1776553545716141e-03         4.5785959608801046e-04         2.8655195643279771e-03         1.1790207079124581e-03         6.0110564554029661e-03         2.1383431704575162e-04
15                                    -1.5346399065017396e-01        -2.8275845869359863e-02         2.2639445802995994e-02        -8.4247342209768875e-03        -1.7686242542836222e-02         7.0328738876690271e-04         4.4809961615954463e-03        -7.3434798758894582e-03
16                                    -2.6363024827738939e-02        -8.5850100886739875e-02         6.3637230769241996e-03        -2.8679400958571154e-02        -2.5000982308505698e-02         7.5466432114164837e-03         7.3358528542730381e-03        -2.9883316858189284e-02
17                                     2.5003765532765100e-02         5.3814124610215529e-03        -8.5757110616543827e-02        -9.9609630251068573e-03        -3.9021967750990753e-03         4.0987972705079350e-03        -1.2051948986981026e-03         4.7476775576438717e-03
18                                    -1.8237180857256660e-01         1.0214971422437094e-01        -8.2439865633493925e-02         2.0446156610235810e-03        -1.3867389193226512e-03         2.0899895069294741e-03         7.6536274881944884e-04        -2.6704225454045154e-04
19                                     1.0286317443919037e-01        -1.2178699940236437e-01         6.2072014700185939e-02         2.2446487889547454e-02        -1.4446438902396455e-02         1.3493162782443465e-02        -7.6239221793752282e-04        -5.3914864064517759e-03
20                                    -8.5013954234883712e-02         6.4342486231468904e-02        -9.8639462356760493e-02         8.9916013360734903e-03        -6.6011362477487699e-03         3.4380343411328979e-03         2.7947391465976267e-04        -2.1102809715374121e-03
21                                    -5.1229104094124740e-02         4.2681311264858735e-03         2.7327991475135524e-02        -7.6140311545482182e-04        -1.0869230577807880e-03        -2.9967302722182627e-03         7.9297020215421713e-05         9.1297124921242394e-05
22                                     4.6042207119391101e-03        -4.6166124854255863e-02        -5.6541313052573565e-03         2.8008157128821118e-03        -2.9597629942012538e-03        -3.3359661360514027e-02        -9.5017381843108019e-04         1.3059307846585745e-03
23                                     2.8270071990195544e-02        -5.5052131985656519e-03        -2.9741683530015972e-01        -2.7852588930028701e-04        -1.0758160885537202e-03        -1.0772132158063549e-02         1.0153324349458735e-04         8.7553894180467280e-05
24                                    -7.6114509138341686e-04         1.0870342823056604e-03         2.9901787648253307e-03        -5.1234120957243737e-02        -4.2668173493143075e-03        -2.7350842335938423e-02        -5.6696179831246477e-03         6.2441143348649242e-05
25                                    -2.8053373254756870e-03        -2.9602825442689540e-03        -3.3361410170011915e-02        -4.6029723786004716e-03        -4.6163364533734867e-02        -5.6270823626916504e-03         2.9205238121903119e-03        -7.9082715956945663e-04
26                                     2.7665671087884289e-04        -1.0766996492329560e-03        -1.0775632332096234e-02        -2.8295981043384072e-02        -5.4792902318448388e-03        -2.9739995871385205e-01        -1.1353092504314405e-03         4.9326278105487394e-04
27                                     2.0407602530264305e-03         1.3837463367275815e-03        -2.0883786313069461e-03        -1.8238593000173126e-01        -1.0214108208168063e-01         8.2449051488827169e-02        -1.8682631275041151e-02        -1.6292218185954471e-02
28                                    -2.2444550399668580e-02        -1.4439473105302587e-02         1.3496941857263439e-02        -1.0285401717983343e-01        -1.2176816982673630e-01         6.2065765179303498e-02         1.0470944914893079e-02         8.3674877219382642e-03
29                                    -8.9930012896503701e-03        -6.5997031045075018e-03         3.4408744171162482e-03         8.5021645804297191e-02         6.4333877162718905e-02        -9.8640051917985500e-02        -6.6957110919849371e-03        -5.4154749945951285e-03
30                                    -5.7933543944215932e-03         1.2097740034339496e-03        -2.2673921330916978e-03        -5.1086831204630581e-03         2.0558592562817845e-02         1.6681096532690533e-02        -7.9543361852954048e-02         6.9197565107169054e-02
31                                     3.3495079164634622e-05        -1.1016415587003295e-03         6.4587179189190807e-04        -3.2347154847330722e-04        -3.6274909281442894e-03        -1.7655942301580980e-03         6.9892937450656764e-02        -1.9469056459093825e-01
32                                    -1.7222745017275078e-03         1.4850242465633892e-03         1.1707554932806384e-04        -2.4638728629634878e-03         8.3730193864668487e-03         4.5646853925060561e-03         5.0043782367703182e-02        -1.1607434077558196e-01
33                                     6.2677172110940584e-04        -1.1330943826914504e-03        -2.6024185997037183e-05        -3.5870528884691666e-03         9.1250418424976935e-03        -3.2052454788136495e-02        -3.9386470951392145e-02         1.1849655644433704e-03
34                                    -5.5177681741100208e-05         1.6512120831917827e-04         7.5648990094566307e-04        -3.3469147933392479e-05        -2.2770473357173831e-03         6.5866934114092290e-03         2.5910422533474628e-03        -6.0564153686498548e-02
35                                     2.8416041761722410e-04        -2.3779288573560608e-04         3.2875060302472309e-04        -1.5291877313694056e-03         1.0021197690462010e-03        -7.9340930738091946e-03        -5.6062198392783733e-03         6.4341956712757969e-02
36                                    -3.5888028105510016e-03        -9.1062110428670774e-03         3.2056213287523401e-02         6.2980251477003156e-04         1.1347760742847588e-03         2.5879709134086590e-05        -4.3574136081324616e-04         1.0762257114647386e-03
37                                     2.9934977970161140e-05        -2.2717165066341626e-03         6.5827487454506754e-03         5.5225961934888190e-05         1.6563856224643774e-04         7.5733838838802506e-04         1.0211671559963813e-03        -2.3009387155763237e-03
38                                     1.5315083438250526e-03         1.0016121483873604e-03        -7.9440785343522485e-03        -2.8499531098607599e-04        -2.3877304473361467e-04         3.3046066615780197e-04        -4.3566904539152015e-04         6.5031400396240759e-04
39                                    -5.1063504791038876e-03        -2.0567403814457152e-02        -1.6674810168070014e-02        -5.7945287558925380e-03        -1.2100148621456558e-03         2.2696710196147165e-03        -1.4537453553099503e-03         2.2420668828411596e-03
40                                     3.2907150233420224e-04        -3.6214245663311502e-03        -1.7570504063288801e-03        -3.0548018263127155e-05        -1.1005981438200196e-03         6.4532122667813972e-04         5.5222654007674684e-04        -2.6923978683170216e-03
41                                     2.4620339528871587e-03         8.3799648531580635e-03         4.5644025319854821e-03         1.7235470374932812e-03         1.4856266837100533e-03         1.1692852255398411e-04         1.2674237903569706e-04         1.0506637362807415e-03
                                                         8                           9                          10                          11                          12                          13                          14                          15

0                                      9.9626302313817368e-03        -4.2182898601577735e-02         6.9042591468233411e-03         6.6600419230813078e-03         1.0227762846786066e-03         3.2841985963033464e-03        -4.6298685346476357e-04        -1.5346399065017396e-01
1                                     -3.9080429684318439e-03         1.2702269816580940e-02         1.3611956181534289e-02        -9.5047961996960455e-03         7.3359769071456443e-03        -7.2766631735022378e-03         2.8636819303604032e-03        -2.8275845869359863e-02
2                                      4.0980260381522707e-03        -3.4099244139964985e-03        -2.2544136155547212e-03         1.5633982440254584e-03        -2.2784716068646287e-03         2.0917450381549062e-03         1.1776553545716141e-03         2.2639445802995994e-02
3                                     -2.4987452205995617e-02        -4.2171203152258807e-02        -6.8955406347571586e-03        -6.6584273672425582e-03         1.0248616784608935e-03        -3.2838048545096275e-03         4.5785959608801046e-04        -8.4247342209768875e-03
4                                      5.3739022875136030e-03        -1.2696732188432177e-02         1.3616916986081633e-02        -9.4953089138200639e-03        -7.3339564101840551e-03        -7.2747523594986277e-03         2.8655195643279771e-03        -1.7686242542836222e-02
5                                     -8.5736522914715618e-02         3.4005821213604660e-03        -2.2429871551787137e-03         1.5484757463565882e-03         2.2747474940609108e-03         2.0876869609597871e-03         1.1790207079124581e-03         7.0328738876690271e-04
6                                     -2.0311692927834080e-02        -8.6987396371357925e-02        -3.7065816827558121e-02         2.1971833038953899e-03        -4.2922696758106560e-02        -3.4871724797871366e-02         6.0110564554029661e-03         4.4809961615954463e-03
7                                      3.4204673169861276e-02        -1.6906975865168580e-02        -1.5373177093702797e-01         3.9002942122339044e-03        -2.0987325805436378e-02         1.2121506853523582e-02         2.1383431704575162e-04        -7.3434798758894582e-03
8                                      5.2116067452639103e-01         8.6427295072759400e-04         2.5262910566500856e-03        -8.2248682485557750e-02         4.6044878134503557e-03         6.6544728841600983e-05         1.7511840188743615e-02         1.1968635297471405e-03
9                                      8.6427295072759400e-04         9.0551489054489309e-01        -5.9447602566942322e-05        -1.6732912635529116e-04        -6.5701524944411693e-01         6.2566294394995046e-05         2.2008069389893546e-04        -8.6973106280246099e-02
10                                     2.5262910566500856e-03        -5.9447602566942322e-05         4.6100209484007298e-01        -1.9528764401511314e-02         6.0601304388563506e-05        -1.1209518858768333e-01         7.5195864292178054e-04         3.7068806837394372e-02
11                                    -8.2248682485557750e-02        -1.6732912635529116e-04        -1.9528764401511314e-02         2.4629281344545614e-01         1.7256340201198450e-04         2.2228545107410552e-03        -7.4931074927579944e-02        -2.2036440954077280e-03
12                                     4.6044878134503557e-03        -6.5701524944411693e-01         6.0601304388563506e-05         1.7256340201198450e-04         7.4953896675206000e-01        -6.7651492491251400e-05        -2.0221118624858100e-04        -4.2916955785482609e-02
13                                     6.6544728841600983e-05         6.2566294394995046e-05        -1.1209518858768333e-01         2.2228545107410552e-03        -6.7651492491251400e-05         9.0136721288482963e-02        -4.5312445443613479e-03         3.4875013077759275e-02
14                                     1.7511840188743615e-02         2.2008069389893546e-04         7.5195864292178054e-04        -7.4931074927579944e-02        -2.0221118624858100e-04        -4.5312445443613479e-03         3.3562756704550889e-02        -6.0262606391857732e-03
15                                     1.1968635297471405e-03        -8.6973106280246099e-02         3.7068806837394372e-02        -2.2036440954077280e-03        -4.2916955785482609e-02         3.4875013077759275e-02        -6.0262606391857732e-03         4.3165519913951567e-01
16                                     4.7808754024828582e-03         1.6911453244214954e-02        -1.5373930252930632e-01         3.9077179566598353e-03         2.0992169362500149e-02         1.2116848225388541e-02         2.3172033115385817e-04         6.7120984186458121e-02
