*************************************************
******************* ORCA 6.0.0 ******************
*************************************************
$Calculation_Status
   &GeometryIndex 1
   &ListStatus       OUT
   &VERSION [&Type "String"] "6.0.0"
   &PROGNAME [&Type "String"] "LeanSCF"
   &STATUS [&Type "String"] "NORMAL TERMINATION"
$End
$Geometry
   &GeometryIndex 1
   &ListStatus       OUT
   &NATOMS [&Type "Integer"] 14
   &NCORELESSECP [&Type "Integer"] 0
   &NGHOSTATOMS [&Type "Integer"] 0
   &CartesianCoordinates [&Type "Coordinates", &Dim(14,4), &Units "Bohr"] 
              C      2.740148613086   -1.388284634858    0.443839137469
              C      2.740039854623    1.388457353370   -0.443781337360
              C      0.090508857995    2.326835624224    0.244160808654
              C     -1.602538988639   -0.000068578917    0.000138303387
              O     -3.885044874863   -0.000127501334   -0.000041155212
              C      0.090638942395   -2.326876461206   -0.243894160171
              H      3.001756031411   -1.461406421271    2.498074245765
              H      4.252421859454   -2.499915376457   -0.417774347671
              H      4.252320006428    2.500208764755    0.417663377094
              H      3.001425658339    1.461564409368   -2.498046873271
              H      0.004386441562    2.924228919025    2.231394742592
              H     -0.636934084487    3.889079615903   -0.893369104876
              H     -0.636672825881   -3.889078408368    0.893780952357
              H      0.004435018484   -2.924436952361   -2.231077022937
$End
$SCF_Energy
   &GeometryIndex 1
   &ListStatus       OUT
   &SCF_ENERGY [&Type "Double"]      -2.7052468945030728e+02
$End
$DFT_Energy
   &GeometryIndex 1
   &ListStatus       OUT
   &NALPHAEL [&Type "Integer"] 23
   &NBETAEL [&Type "Integer"] 23
   &NTOTALEL [&Type "Integer"] 46
   &EEXCHANGE [&Type "Double"]      -3.7143552045998184e+01
   &ECORR [&Type "Double"]      -1.4667452731246757e+00
   &ECNL [&Type "Double"]       0.0000000000000000e+00
   &EXC [&Type "Double"]      -3.8610297319122857e+01
   &EEMBED [&Type "Double"]       0.0000000000000000e+00
   &FINALEN [&Type "Double"]      -2.7052468945030728e+02  "No Van der Waals correction"
$End
$Mulliken_Population_Analysis
   &GeometryIndex 1
   &ListStatus       OUT
   &NATOMS [&Type "Integer"] 14
   &ATNO [&Type "ArrayOfIntegers", &Dim (14,1)] 
                                                         0

0                                                        6
1                                                        6
2                                                        6
3                                                        6
4                                                        8
5                                                        6
6                                                        1
7                                                        1
8                                                        1
9                                                        1
10                                                       1
11                                                       1
12                                                       1
13                                                       1
   &ATOMICCHARGES [&Type "ArrayOfDoubles", &Dim (14,1)] 
                                                         0

0                                     -1.7140617927772794e-01
1                                     -1.7140292750876807e-01
2                                     -1.5968836938498665e-01
3                                      1.3710841221477565e-01
4                                     -3.0647430319202940e-01
5                                     -1.5969982094809865e-01
6                                      9.0537829470106912e-02
7                                      9.7589209588111014e-02
8                                      9.7593020012177290e-02
9                                      9.0537450179547174e-02
10                                     1.0910639339795425e-01
11                                     1.1854271307395392e-01
12                                     1.1854145231643853e-01
13                                     1.0911512005855517e-01
$End
$Loewdin_Population_Analysis
   &GeometryIndex 1
   &ListStatus       OUT
   &NATOMS [&Type "Integer"] 14
   &ATNO [&Type "ArrayOfIntegers", &Dim (14,1)] 
                                                         0

0                                                        6
1                                                        6
2                                                        6
3                                                        6
4                                                        8
5                                                        6
6                                                        1
7                                                        1
8                                                        1
9                                                        1
10                                                       1
11                                                       1
12                                                       1
13                                                       1
   &ATOMICCHARGES [&Type "ArrayOfDoubles", &Dim (14,1)] 
                                                         0

0                                     -2.4963814115441618e-01
1                                     -2.4963542532382199e-01
2                                     -2.2011101729873594e-01
3                                     -3.1737598001992495e-01
4                                      1.2476379416831485e-01
5                                     -2.2011046859134886e-01
6                                      1.3565479618817489e-01
7                                      1.3030629161178664e-01
8                                      1.3030601762016736e-01
9                                      1.3565633414791511e-01
10                                     1.5560234550935859e-01
11                                     1.4448838734683533e-01
12                                     1.4449018583090589e-01
13                                     1.5560287996480782e-01
$End
$Mayer_Population_Analysis
   &GeometryIndex 1
   &ListStatus       OUT
   &NATOMS [&Type "Integer"] 14 "Total number of atoms"
   &BONDTHRESH [&Type "Double"]       1.0000000000000001e-01  "The threshold for printing"
   &NBONDORDERSPRINT [&Type "Integer"] 14 "The number of bond orders larger than threshold"
   &BONDORDERS [&Type "ArrayOfDoubles", &Dim (14,1)] "The bond orders"
                                                         0

0                                      9.5438226433502571e-01
1                                      9.8488787324864480e-01
2                                      9.6773299361803922e-01
3                                      9.6041583207961467e-01
4                                      9.8488332262637890e-01
5                                      9.6041240948824347e-01
6                                      9.6773553313813510e-01
7                                      9.4359433013601035e-01
8                                      9.3678088836633999e-01
9                                      9.5014967989348131e-01
10                                     2.1054000115540106e+00
11                                     9.4358268575287119e-01
12                                     9.5014897320650771e-01
13                                     9.3678500902351480e-01
   &COMPONENTS [&Type "ArrayOfIntegers", &Dim (14,4)] "The indices and atomic numbers of the bonding atoms"
                                                         0                           1                           2                           3

0                                                        0                           6                           1                           6
1                                                        0                           6                           5                           6
2                                                        0                           6                           6                           1
3                                                        0                           6                           7                           1
4                                                        1                           6                           2                           6
5                                                        1                           6                           8                           1
6                                                        1                           6                           9                           1
7                                                        2                           6                           3                           6
8                                                        2                           6                          10                           1
9                                                        2                           6                          11                           1
10                                                       3                           6                           4                           8
11                                                       3                           6                           5                           6
12                                                       5                           6                          12                           1
13                                                       5                           6                          13                           1
   &ATNO [&Type "ArrayOfIntegers", &Dim (14,1)] "Atomic number of the elements"
                                                         0

0                                                        6
1                                                        6
2                                                        6
3                                                        6
4                                                        8
5                                                        6
6                                                        1
7                                                        1
8                                                        1
9                                                        1
10                                                       1
11                                                       1
12                                                       1
13                                                       1
   &NA [&Type "ArrayOfDoubles", &Dim (14,1)] "Mulliken gross atomic population"
                                                         0

0                                      6.1714061792777066e+00
1                                      6.1714029275087787e+00
2                                      6.1596883693849840e+00
3                                      5.8628915877852226e+00
4                                      8.3064743031920276e+00
5                                      6.1596998209481120e+00
6                                      9.0946217052989142e-01
7                                      9.0241079041188765e-01
8                                      9.0240697998782293e-01
9                                      9.0946254982045382e-01
10                                     8.9089360660204542e-01
11                                     8.8145728692604597e-01
12                                     8.8145854768356091e-01
13                                     8.9088487994144483e-01
   &ZA [&Type "ArrayOfDoubles", &Dim (14,1)] "Total nuclear charge"
                                                         0

0                                      6.0000000000000000e+00
1                                      6.0000000000000000e+00
2                                      6.0000000000000000e+00
3                                      6.0000000000000000e+00
4                                      8.0000000000000000e+00
5                                      6.0000000000000000e+00
6                                      1.0000000000000000e+00
7                                      1.0000000000000000e+00
8                                      1.0000000000000000e+00
9                                      1.0000000000000000e+00
10                                     1.0000000000000000e+00
11                                     1.0000000000000000e+00
12                                     1.0000000000000000e+00
13                                     1.0000000000000000e+00
   &QA [&Type "ArrayOfDoubles", &Dim (14,1)] "Mulliken gross atomic charge"
                                                         0

0                                     -1.7140617927770663e-01
1                                     -1.7140292750877872e-01
2                                     -1.5968836938498399e-01
3                                      1.3710841221477743e-01
4                                     -3.0647430319202762e-01
5                                     -1.5969982094811197e-01
6                                      9.0537829470108577e-02
7                                      9.7589209588112347e-02
8                                      9.7593020012177067e-02
9                                      9.0537450179546175e-02
10                                     1.0910639339795458e-01
11                                     1.1854271307395403e-01
12                                     1.1854145231643909e-01
13                                     1.0911512005855517e-01
   &VA [&Type "ArrayOfDoubles", &Dim (14,1)] "Mayer's total valence"
                                                         0

0                                      3.9297411323076359e+00
1                                      3.9297310821394444e+00
2                                      3.7703455137171868e+00
3                                      4.0752834026296885e+00
4                                      2.1481311520894164e+00
5                                      3.7703441572188918e+00
6                                      9.8339678234115790e-01
7                                      9.8209970257131607e-01
8                                      9.8209890010915391e-01
9                                      9.8339675271294880e-01
10                                     9.9277645881869159e-01
11                                     9.9863750503662330e-01
12                                     9.9863700557514812e-01
13                                     9.9277649354884057e-01
   &BVA [&Type "ArrayOfDoubles", &Dim (14,1)] "Mayer's bonded valence"
                                                         0

0                                      3.9297411323077149e+00
1                                      3.9297310821395279e+00
2                                      3.7703455137172477e+00
3                                      4.0752834026296361e+00
4                                      2.1481311520893800e+00
5                                      3.7703441572187919e+00
6                                      9.8339678234114991e-01
7                                      9.8209970257132528e-01
8                                      9.8209890010916678e-01
9                                      9.8339675271296867e-01
10                                     9.9277645881868903e-01
11                                     9.9863750503662507e-01
12                                     9.9863700557513979e-01
13                                     9.9277649354881203e-01
   &FA [&Type "ArrayOfDoubles", &Dim (14,1)] "Mayer's free valence"
                                                         0

0                                      0.0000000000000000e+00
1                                      0.0000000000000000e+00
2                                      0.0000000000000000e+00
3                                      0.0000000000000000e+00
4                                      0.0000000000000000e+00
5                                      0.0000000000000000e+00
6                                      0.0000000000000000e+00
7                                      0.0000000000000000e+00
8                                      0.0000000000000000e+00
9                                      0.0000000000000000e+00
10                                     0.0000000000000000e+00
11                                     0.0000000000000000e+00
12                                     0.0000000000000000e+00
13                                     0.0000000000000000e+00
$End
$VdW_Correction
   &GeometryIndex 1
   &ListStatus       OUT
   &VDW [&Type "Double"]      -3.4402751761254229e-03
$End
$Calculation_Info
   &GeometryIndex 1
   &ListStatus       OUT
   &MULT [&Type "Integer"] 1
   &CHARGE [&Type "Integer"] 0
   &NUMOFATOMS [&Type "Integer"] 14
   &NUMOFELECTRONS [&Type "Integer"] 46
   &NUMOFFCELECTRONS [&Type "Integer"] 1
   &NUMOFCORRELECTRONS [&Type "Integer"] 0
   &NUMOFBASISFUNCTS [&Type "Integer"] 234
   &NUMOFAUXCBASISFUNCTS [&Type "Integer"] 0
   &NUMOFAUXJBASISFUNCTS [&Type "Integer"] 268
   &NUMOFAUXJKBASISFUNCTS [&Type "Integer"] 0
   &NUMOFCABSBASISFUNCTS [&Type "Integer"] 0
   &TOTALENERGY [&Type "Double"]      -2.7052284200658340e+02  "Hartrees"
$End
$SCF_Dipole_Moment
   &GeometryIndex 1
   &ListStatus       OUT
   &METHOD [&Type "String"] "SCF"
   &LEVEL [&Type "String"] "Relaxed density"
   &MULT [&Type "Integer"] 1
   &STATE [&Type "Integer"] -1
   &IRREP [&Type "Integer"] 0
   &NATOMS [&Type "Integer"] 14
   &DODIPOLEATOM [&Type "Boolean"] false
   &DIPOLEELECCONTRIB [&Type "ArrayOfDoubles", &Dim (3,1)] "Electronic contribution"
                                                         0

0                                     -5.3089682484681067e+00
1                                     -1.3907623138694532e-04
2                                     -9.8232803178647903e-07
   &DIPOLENUCCONTRIB [&Type "ArrayOfDoubles", &Dim (3,1)] "Nuclear contribution"
                                                         0

0                                      6.5470261855604326e+00
1                                      1.6928488126266572e-04
2                                      5.7774823006173648e-05
   &DIPOLETOTAL [&Type "ArrayOfDoubles", &Dim (3,1)] "Total"
                                                         0

0                                      1.2380579370923259e+00
1                                      3.0208649875720396e-05
2                                      5.6792494974387169e-05
   &DIPOLEMAGNITUDE [&Type "Double", &Units "a.u."]       1.2380579387634714e+00
$End
$THERMOCHEMISTRY_Energies
   &GeometryIndex 1
   &ListStatus       OUT
   &TEMPERATURE [&Type "Double"]       2.9814999999999998e+02
   &PRESSURE [&Type "Double"]       1.0000000000000000e+00
   &TOTALMASS [&Type "Double"]       8.4117999999999981e+01
   &SPINDEGENERACY [&Type "Integer"] 1
   &ELENERGY [&Type "Double"]      -2.7052284200658340e+02
   &TRANSENERGY [&Type "Double"]       1.4162714244859817e-03
   &ROTENERGY [&Type "Double"]       1.4162714244859817e-03
   &VIBENERGY [&Type "Double"]       2.6897833383633962e-03
   &NUMOFFREQS [&Type "Integer"] 42
   &FREQSCALINGFACTOR [&Type "Double"]       1.0000000000000000e+00
   &FREQ [&Type "ArrayOfDoubles", &Dim (42,1)] "In cm^-1"
                                                         0

0                                      0.0000000000000000e+00
1                                      0.0000000000000000e+00
2                                      0.0000000000000000e+00
3                                      0.0000000000000000e+00
4                                      0.0000000000000000e+00
5                                      0.0000000000000000e+00
6                                      1.1110728662318252e+02
7                                      2.4782032657257960e+02
8                                      4.4988105664626158e+02
9                                      4.7339797225213931e+02
10                                     5.6507419412638819e+02
11                                     5.8796031749538588e+02
12                                     7.0443753116877770e+02
13                                     8.0875844393137311e+02
14                                     8.4532413008814001e+02
15                                     8.9613597864348162e+02
16                                     9.2237264585580363e+02
17                                     9.5751386741100907e+02
18                                     9.6856474346896505e+02
19                                     1.0299454456459130e+03
20                                     1.1442899017824959e+03
21                                     1.1623025750464119e+03
22                                     1.1647982974173763e+03
23                                     1.2172991674905873e+03
24                                     1.2465960096179024e+03
25                                     1.2925212708519107e+03
26                                     1.2979360336730779e+03
27                                     1.3338855073345610e+03
28                                     1.3353480980770316e+03
29                                     1.4354454945547741e+03
30                                     1.4363223627409093e+03
31                                     1.4888900499334204e+03
32                                     1.5001275964356003e+03
33                                     1.7942470752586241e+03
34                                     3.0090790969226682e+03
35                                     3.0095098862686873e+03
36                                     3.0184059697461785e+03
37                                     3.0249238112319626e+03
38                                     3.0816294740536223e+03
39                                     3.0865761277553634e+03
40                                     3.0947501213380929e+03
41                                     3.0955674304558265e+03
   &ZPE [&Type "Double"]       1.2037551912308785e-01
   &INNERENERGYU [&Type "Double"]      -2.7039694416127293e+02
   &ENTHALPYH [&Type "Double"]      -2.7039599995223068e+02
   &QEL [&Type "Double"]       0.0000000000000000e+00
   &QROT [&Type "Double"]       1.2447618930018094e-02
   &QVIB [&Type "Double"]       4.2489973738318136e-03
   &QTRANS [&Type "Double"]       1.8626298527631004e-02
   &ENTROPYS [&Type "Double"]       3.5322914831480909e-02
   &FREEENERGYG [&Type "Double"]      -2.7043132286706214e+02
   &ISLINEAR [&Type "Boolean"] false
$End
$Hessian
   &GeometryIndex 1
   &ListStatus       OUT
   &HESSIAN [&Type "ArrayOfDoubles", &Dim (42,42)] "The Hessian"
                                                         0                           1                           2                           3                           4                           5                           6                           7

0                                      5.2218544174860893e-01        -8.9567763719074489e-02        -2.2584778898669607e-02        -7.1282010348134139e-02        -2.7989959185905165e-03         1.4630168535124995e-03        -7.9164344475614618e-03         2.8551615159869235e-02
1                                     -8.9567763719074489e-02         4.4178596516817031e-01         2.9360821052711861e-02         2.8066084176383062e-03        -1.4677009011560890e-01         2.6014464069534730e-02         1.7653038369704336e-02        -2.4606755944907095e-02
2                                     -2.2584778898669607e-02         2.9360821052711861e-02         5.7129988574445190e-01        -1.4676806741243179e-03         2.6014455787776735e-02        -8.8771230546327379e-02         6.1859581319870238e-04        -7.6031303092514903e-03
3                                     -7.1282010348134139e-02         2.8066084176383062e-03        -1.4676806741243179e-03         5.2217643369083222e-01         8.9577090348202756e-02         2.2592622718014592e-02        -1.5420852228714202e-01         2.7784444030189828e-02
4                                     -2.7989959185905165e-03        -1.4677009011560890e-01         2.6014455787776735e-02         8.9577090348202756e-02         4.4179973861421945e-01         2.9357699768110632e-02         2.8660264141393582e-02        -8.6176456036128363e-02
5                                      1.4630168535124995e-03         2.6014464069534730e-02        -8.8771230546327379e-02         2.2592622718014592e-02         2.9357699768110632e-02         5.7129048629976054e-01         2.3025723869381690e-02        -6.9984134425738979e-03
6                                     -7.9164344475614618e-03         1.7653038369704336e-02         6.1859581319870238e-04        -1.5420852228714202e-01         2.8660264141393582e-02         2.3025723869381690e-02         4.2530562453190551e-01        -7.7130885599028282e-02
7                                      2.8551615159869235e-02        -2.4606755944907095e-02        -7.6031303092514903e-03         2.7784444030189828e-02        -8.6176456036128363e-02        -6.9984134425738979e-03        -7.7130885599028282e-02         5.2458664972258984e-01
8                                     -9.9147332034956060e-03         3.7488454764486347e-03         4.1103446270022385e-03         2.4973006387723182e-02        -5.7045328547250581e-03        -8.6103993561461450e-02         1.9229077223751723e-02        -3.1647024403776786e-02
9                                     -4.1196609776254743e-02         1.1929062594911027e-02         3.2462713197956433e-03        -4.1194433460354354e-02        -1.1931468369459748e-02        -3.2453878108507014e-03        -8.0580834440877519e-02        -7.5700783757294138e-03
10                                     6.5177624658627441e-03         1.3862710275075319e-02         2.3455965695872924e-03        -6.5219381299270532e-03         1.3860235189630730e-02         2.3459140888756882e-03        -2.7607507083675306e-02        -1.4059573543240211e-01
11                                    -6.3772328276138828e-03         9.3894320969391230e-03         1.5490834507856689e-03         6.3783681553160245e-03         9.3919926955724625e-03         1.5497563951486545e-03        -1.2889130016721720e-03        -3.2266050907885455e-03
12                                     1.0722712164558494e-03         7.5297797209684320e-03         2.3531121233109926e-03         1.0734883643207828e-03        -7.5287475585907176e-03        -2.3536293222031456e-03        -4.3001651401338395e-02        -2.1489811219439950e-02
13                                     3.3243722916864128e-03        -7.4669358224990316e-03        -2.1033749101917465e-03        -3.3237041812706853e-03        -7.4668714116045073e-03        -2.1041185180384397e-03        -3.4853346292351810e-02         1.2492242592242679e-02
14                                     5.0863389462663154e-04        -2.8608842508657719e-03         1.1121291657874139e-03        -5.0841232702023508e-04        -2.8625726171721154e-03         1.1106891683339102e-03        -5.9328882713777561e-03        -6.1457132786030873e-05
15                                    -1.5420966990940743e-01        -2.8667161661638310e-02        -2.3019601104272223e-02        -7.9120461797337650e-03        -1.7650767142887984e-02        -6.1674507118580912e-04         4.0296887849777946e-03        -7.4417808758441353e-03
16                                    -2.7790296676219552e-02        -8.6180807217224681e-02        -6.9993406723398849e-03        -2.8550261575538246e-02        -2.4607281245105039e-02        -7.6008370045589201e-03         7.4437746501915952e-03        -2.9093437311391149e-02
17                                    -2.4966204748636915e-02        -5.7054444658860282e-03        -8.6102980833261011e-02         9.9152795377404554e-03         3.7497392555963863e-03         4.1093816287030693e-03         1.3381243810654869e-03        -4.8954140151798347e-03
18                                    -5.1529054794756404e-02         4.1903908474401922e-03        -2.7810892597305445e-02        -7.5304744864304260e-04        -1.0488100469825466e-03         2.8684891038774766e-03         7.7546271898456528e-05         9.4470588643390252e-05
19                                     4.5433257797029168e-03        -4.6127138257149349e-02         6.1598161833759553e-03         2.7195043927689807e-03        -3.1324876099142725e-03         3.3413636090976868e-02        -9.4543497972210768e-04         1.3474820757333817e-03
20                                    -2.8742782300292046e-02         5.9099174323697873e-03        -2.9574864139278201e-01         2.9877535243681003e-04         1.1414877084675590e-03        -1.0666874311357395e-02        -1.0022417402898729e-04        -8.6331700237194872e-05
21                                    -1.8450165610516589e-01         1.0154811242670650e-01         8.2179068082036399e-02         2.0054613848598845e-03        -1.2765247669494703e-03        -2.0160703145221826e-03         8.5391820061489422e-04        -2.5778560371659230e-04
22                                     1.0213999603356622e-01        -1.1979986003102928e-01        -6.0849011421121341e-02         2.2556945850019300e-02        -1.4436392477245966e-02        -1.3506940210424912e-02        -8.2224070924728993e-04        -5.3602791456787043e-03
23                                     8.4608671904141189e-02        -6.3088369885012208e-02        -9.7445625953443069e-02        -8.9408990362252229e-03         6.5826337234515583e-03         3.3729039698318745e-03        -2.2504155280533671e-04         2.0921294711552505e-03
24                                     2.0079735538905122e-03         1.2785880177829841e-03         2.0173537814718498e-03        -1.8450463650503590e-01        -1.0156124914143952e-01        -8.2165564249835038e-02        -1.8389341668964082e-02        -1.6045590605797178e-02
25                                    -2.2556440868271729e-02        -1.4436393798524939e-02        -1.3504681033952994e-02        -1.0215275981462460e-01        -1.1981699566317480e-01        -6.0844809270868536e-02         1.0591050271665110e-02         8.3230506988581955e-03
26                                     8.9408159436299012e-03         6.5828402228049216e-03         3.3719585628546392e-03        -8.4594418282234116e-02        -6.3084105954287803e-02        -9.7427310031466222e-02         6.6875097872172891e-03         5.4570911728715216e-03
27                                    -7.5315530816216173e-04         1.0490840288276322e-03        -2.8716195503287380e-03        -5.1522593340247634e-02        -4.1900428307613084e-03         2.7784045425784644e-02        -5.6383824010782894e-03         1.4691945894441255e-04
28                                    -2.7159474723908606e-03        -3.1328012872447347e-03         3.3413864321582318e-02        -4.5430018295231859e-03        -4.6127624029650330e-02         6.1577116758716475e-03         2.9249954779833002e-03        -8.5851350249186234e-04
29                                    -2.9956447294017356e-04         1.1415137653594427e-03        -1.0666942810828927e-02         2.8716194924040504e-02         5.9081432253258129e-03        -2.9575300283431849e-01         1.0557480710331468e-03        -4.8929875336316438e-04
30                                     5.8761185214630559e-04        -1.0889339600123221e-03         2.5026926701138095e-05        -3.3451403533377578e-03         9.2097700957250762e-03         3.1864224959377435e-02        -3.9840499426103772e-02         1.4234512990969740e-03
31                                    -9.4114438322811383e-05         1.7371190649208713e-04        -7.2728211039473859e-04        -1.2124304591026435e-04        -2.3723414328897319e-03        -6.7949870878359180e-03         2.8803570522371652e-03        -6.2361857101159789e-02
32                                    -2.8439320525469169e-04         2.2310917362190459e-04         2.9124651369899501e-04         1.4339601345294169e-03        -9.1268881257096715e-04        -7.7353744924063619e-03         6.1798278426572735e-03        -6.8158325533894143e-02
33                                    -5.8090539880701758e-03         1.1478869519813487e-03         2.2436696221353205e-03        -5.3112239388897718e-03         2.0621960520365468e-02        -1.6898352938865858e-02        -7.8791563873062631e-02         6.8509884286843806e-02
34                                     7.5559692794328198e-05        -1.1776551989619022e-03        -6.7204906261232860e-04        -2.7318753017916558e-04        -3.7494009342895970e-03         2.0048400546562794e-03         6.9723367529787458e-02        -1.9256376374706838e-01
35                                     1.7176201037949297e-03        -1.5019601757326733e-03         1.0390407899816363e-04         2.6018527252698702e-03        -8.3480686715871021e-03         4.6292907989941845e-03        -5.0855273252582954e-02         1.1724339355424852e-01
36                                    -5.3088158925687651e-03        -2.0621398956810599e-02         1.6899931220173338e-02        -5.8091638496148464e-03        -1.1480754139169113e-03        -2.2430238621077123e-03        -1.3871511485646639e-03         2.2633049063835562e-03
37                                     2.7344733757977621e-04        -3.7507971001115754e-03         2.0060708479785541e-03        -7.5997750868346189e-05        -1.1776843900742889e-03        -6.7215340030162170e-04         4.2398140032932213e-04        -2.7110053611088987e-03
38                                    -2.6008005353418823e-03        -8.3469477902649615e-03         4.6289774985599809e-03        -1.7172958168805005e-03        -1.5019533226624587e-03         1.0408354789936047e-04        -1.5849972935730360e-04        -1.0189080342478327e-03
39                                    -3.3468378010203803e-03        -9.2106894549751610e-03        -3.1862601196294305e-02         5.8743427112025761e-04         1.0890484793923683e-03        -2.5081775350276183e-05        -5.1239669470378975e-04         1.1495972827146573e-03
40                                     1.2087670835848278e-04        -2.3731525764761697e-03        -6.7970359412820565e-03         9.4048423521849106e-05         1.7365154183565526e-04        -7.2719853241843256e-04         1.0708310376025920e-03        -2.4216215070876866e-03
41                                    -1.4341233752890800e-03        -9.1205602389488397e-04        -7.7321081054966649e-03         2.8437861638592587e-04         2.2296178769919779e-04         2.9119396866572438e-04         3.8953573844792964e-04        -5.9955343650920298e-04
                                                         8                           9                          10                          11                          12                          13                          14                          15

0                                     -9.9147332034956060e-03        -4.1196609776254743e-02         6.5177624658627441e-03        -6.3772328276138828e-03         1.0722712164558494e-03         3.3243722916864128e-03         5.0863389462663154e-04        -1.5420966990940743e-01
1                                      3.7488454764486347e-03         1.1929062594911027e-02         1.3862710275075319e-02         9.3894320969391230e-03         7.5297797209684320e-03        -7.4669358224990316e-03        -2.8608842508657719e-03        -2.8667161661638310e-02
2                                      4.1103446270022385e-03         3.2462713197956433e-03         2.3455965695872924e-03         1.5490834507856689e-03         2.3531121233109926e-03        -2.1033749101917465e-03         1.1121291657874139e-03        -2.3019601104272223e-02
3                                      2.4973006387723182e-02        -4.1194433460354354e-02        -6.5219381299270532e-03         6.3783681553160245e-03         1.0734883643207828e-03        -3.3237041812706853e-03        -5.0841232702023508e-04        -7.9120461797337650e-03
4                                     -5.7045328547250581e-03        -1.1931468369459748e-02         1.3860235189630730e-02         9.3919926955724625e-03        -7.5287475585907176e-03        -7.4668714116045073e-03        -2.8625726171721154e-03        -1.7650767142887984e-02
5                                     -8.6103993561461450e-02        -3.2453878108507014e-03         2.3459140888756882e-03         1.5497563951486545e-03        -2.3536293222031456e-03        -2.1041185180384397e-03         1.1106891683339102e-03        -6.1674507118580912e-04
6                                      1.9229077223751723e-02        -8.0580834440877519e-02        -2.7607507083675306e-02        -1.2889130016721720e-03        -4.3001651401338395e-02        -3.4853346292351810e-02        -5.9328882713777561e-03         4.0296887849777946e-03
7                                     -3.1647024403776786e-02        -7.5700783757294138e-03        -1.4059573543240211e-01        -3.2266050907885455e-03        -2.1489811219439950e-02         1.2492242592242679e-02        -6.1457132786030873e-05        -7.4417808758441353e-03
8                                      5.2611743255717558e-01         1.7809395845600059e-04        -2.0154296561587593e-03        -8.3684242708309264e-02        -4.3069058896954004e-03         1.1532543585672105e-05         1.7816155165403587e-02        -1.3367791766616282e-03
9                                      1.7809395845600059e-04         9.6845527448418867e-01         1.3647232949714734e-05         5.1649131563369973e-05        -7.3504422774206724e-01        -1.6856958980701390e-05        -5.3920306164135872e-05        -8.0583397388969497e-02
10                                    -2.0154296561587593e-03         1.3647232949714734e-05         4.2752109216904066e-01         1.7152833103045131e-02        -1.6424793732012537e-05        -1.0608875039091453e-01        -1.4037832147729360e-03         2.7612068291221648e-02
11                                    -8.3684242708309264e-02         5.1649131563369973e-05         1.7152833103045131e-02         2.3971103618195219e-01        -5.0332174376227832e-05        -2.5276673479669963e-03        -6.7532098605754043e-02         1.2858657147496472e-03
12                                    -4.3069058896954004e-03        -7.3504422774206724e-01        -1.6424793732012537e-05        -5.0332174376227832e-05         8.2773076243833321e-01         1.8798144214051446e-05         5.8585822880935154e-05        -4.3005578427727842e-02
13                                     1.1532543585672105e-05        -1.6856958980701390e-05        -1.0608875039091453e-01        -2.5276673479669963e-03         1.8798144214051446e-05         8.3589822802488389e-02         4.7640933668271533e-03         3.4851599319147657e-02
14                                     1.7816155165403587e-02        -5.3920306164135872e-05        -1.4037832147729360e-03        -6.7532098605754043e-02         5.8585822880935154e-05         4.7640933668271533e-03         2.6098946984723728e-02         5.9284773994266625e-03
15                                    -1.3367791766616282e-03        -8.0583397388969497e-02         2.7612068291221648e-02         1.2858657147496472e-03        -4.3005578427727842e-02         3.4851599319147657e-02         5.9284773994266625e-03         4.2530024367232244e-01
16                                    -4.8959996505265179e-03         7.5736333124520744e-03        -1.4059164603476185e-01        -3.2232892279455356e-03         2.1488138472599266e-02         1.2495056645626203e-02        -6.2125701760572943e-05         7.7119682193150227e-02
