*************************************************
******************* ORCA 6.0.0 ******************
*************************************************
$Calculation_Status
   &GeometryIndex 1
   &ListStatus       OUT
   &VERSION [&Type "String"] "6.0.0"
   &PROGNAME [&Type "String"] "LeanSCF"
   &STATUS [&Type "String"] "NORMAL TERMINATION"
$End
$Geometry
   &GeometryIndex 1
   &ListStatus       OUT
   &NATOMS [&Type "Integer"] 10
   &NCORELESSECP [&Type "Integer"] 0
   &NGHOSTATOMS [&Type "Integer"] 0
   &CartesianCoordinates [&Type "Coordinates", &Dim(10,4), &Units "Bohr"] 
              C     -2.380726884567   -0.494588471300    0.000148030752
              C      0.026090584748    1.083596135295   -0.000109109385
              N      2.390503961166   -0.397335476287    0.000009103378
              H     -4.064275957026    0.712397128763    0.000091435911
              H     -2.463896115800   -1.707779455399   -1.676302749224
              H     -2.463765177054   -1.707431768089    1.676855354278
              H      0.045378275412    2.324062778045    1.658277796807
              H      0.045282459683    2.323651828563   -1.658801169876
              H      2.337059782059   -1.575551407776    1.518364500015
              H      2.336915822533   -1.576032923601   -1.517966603060
$End
$SCF_Energy
   &GeometryIndex 1
   &ListStatus       OUT
   &SCF_ENERGY [&Type "Double"]      -1.3514013446896246e+02
$End
$DFT_Energy
   &GeometryIndex 1
   &ListStatus       OUT
   &NALPHAEL [&Type "Integer"] 13
   &NBETAEL [&Type "Integer"] 13
   &NTOTALEL [&Type "Integer"] 26
   &EEXCHANGE [&Type "Double"]      -1.9520433527861758e+01
   &ECORR [&Type "Double"]      -7.9689547772685054e-01
   &ECNL [&Type "Double"]       0.0000000000000000e+00
   &EXC [&Type "Double"]      -2.0317329005588608e+01
   &EEMBED [&Type "Double"]       0.0000000000000000e+00
   &FINALEN [&Type "Double"]      -1.3514013446896246e+02  "No Van der Waals correction"
$End
$Mulliken_Population_Analysis
   &GeometryIndex 1
   &ListStatus       OUT
   &NATOMS [&Type "Integer"] 10
   &ATNO [&Type "ArrayOfIntegers", &Dim (10,1)] 
                                                         0

0                                                        6
1                                                        6
2                                                        7
3                                                        1
4                                                        1
5                                                        1
6                                                        1
7                                                        1
8                                                        1
9                                                        1
   &ATOMICCHARGES [&Type "ArrayOfDoubles", &Dim (10,1)] 
                                                         0

0                                     -3.2631240459501853e-01
1                                     -3.5907524196986174e-02
2                                     -4.8532865446263340e-01
3                                      9.4601539029279369e-02
4                                      9.3224032247537170e-02
5                                      9.3222487204177140e-02
6                                      8.7334755315531254e-02
7                                      8.7334126441335758e-02
8                                      1.9591590558431804e-01
9                                      1.9591573743243496e-01
$End
$Loewdin_Population_Analysis
   &GeometryIndex 1
   &ListStatus       OUT
   &NATOMS [&Type "Integer"] 10
   &ATNO [&Type "ArrayOfIntegers", &Dim (10,1)] 
                                                         0

0                                                        6
1                                                        6
2                                                        7
3                                                        1
4                                                        1
5                                                        1
6                                                        1
7                                                        1
8                                                        1
9                                                        1
   &ATOMICCHARGES [&Type "ArrayOfDoubles", &Dim (10,1)] 
                                                         0

0                                     -3.3169256554207660e-01
1                                     -3.6688518433755402e-01
2                                     -1.8183455880821331e-01
3                                      1.1821443233160678e-01
4                                      1.1313739347602791e-01
5                                      1.1313693971904559e-01
6                                      1.2390318118658561e-01
7                                      1.2390284294938503e-01
8                                      1.4405890021237444e-01
9                                      1.4405861881280257e-01
$End
$Mayer_Population_Analysis
   &GeometryIndex 1
   &ListStatus       OUT
   &NATOMS [&Type "Integer"] 10 "Total number of atoms"
   &BONDTHRESH [&Type "Double"]       1.0000000000000001e-01  "The threshold for printing"
   &NBONDORDERSPRINT [&Type "Integer"] 9 "The number of bond orders larger than threshold"
   &BONDORDERS [&Type "ArrayOfDoubles", &Dim (9,1)] "The bond orders"
                                                         0

0                                      9.8604180476583048e-01
1                                      9.6451832782812263e-01
2                                      9.7183525468610976e-01
3                                      9.7183589275026872e-01
4                                      9.9006771781273595e-01
5                                      9.6870296697780756e-01
6                                      9.6870145933453966e-01
7                                      9.4691314307411556e-01
8                                      9.4691315281640343e-01
   &COMPONENTS [&Type "ArrayOfIntegers", &Dim (9,4)] "The indices and atomic numbers of the bonding atoms"
                                                         0                           1                           2                           3

0                                                        0                           6                           1                           6
1                                                        0                           6                           3                           1
2                                                        0                           6                           4                           1
3                                                        0                           6                           5                           1
4                                                        1                           6                           2                           7
5                                                        1                           6                           6                           1
6                                                        1                           6                           7                           1
7                                                        2                           7                           8                           1
8                                                        2                           7                           9                           1
   &ATNO [&Type "ArrayOfIntegers", &Dim (10,1)] "Atomic number of the elements"
                                                         0

0                                                        6
1                                                        6
2                                                        7
3                                                        1
4                                                        1
5                                                        1
6                                                        1
7                                                        1
8                                                        1
9                                                        1
   &NA [&Type "ArrayOfDoubles", &Dim (10,1)] "Mulliken gross atomic population"
                                                         0

0                                      6.3263124045950114e+00
1                                      6.0359075241969773e+00
2                                      7.4853286544626334e+00
3                                      9.0539846097072130e-01
4                                      9.0677596775246305e-01
5                                      9.0677751279582242e-01
6                                      9.1266524468446886e-01
7                                      9.1266587355866358e-01
8                                      8.0408409441568263e-01
9                                      8.0408426256756471e-01
   &ZA [&Type "ArrayOfDoubles", &Dim (10,1)] "Total nuclear charge"
                                                         0

0                                      6.0000000000000000e+00
1                                      6.0000000000000000e+00
2                                      7.0000000000000000e+00
3                                      1.0000000000000000e+00
4                                      1.0000000000000000e+00
5                                      1.0000000000000000e+00
6                                      1.0000000000000000e+00
7                                      1.0000000000000000e+00
8                                      1.0000000000000000e+00
9                                      1.0000000000000000e+00
   &QA [&Type "ArrayOfDoubles", &Dim (10,1)] "Mulliken gross atomic charge"
                                                         0

0                                     -3.2631240459501143e-01
1                                     -3.5907524196977292e-02
2                                     -4.8532865446263340e-01
3                                      9.4601539029278703e-02
4                                      9.3224032247536948e-02
5                                      9.3222487204177584e-02
6                                      8.7334755315531143e-02
7                                      8.7334126441336424e-02
8                                      1.9591590558431737e-01
9                                      1.9591573743243529e-01
   &VA [&Type "ArrayOfDoubles", &Dim (10,1)] "Mayer's total valence"
                                                         0

0                                      3.9109106304913368e+00
1                                      3.9103590506172865e+00
2                                      2.9194964240131913e+00
3                                      9.8798138854248241e-01
4                                      9.8358717616305213e-01
5                                      9.8358860397731451e-01
6                                      9.7350305456053920e-01
7                                      9.7350227723077831e-01
8                                      9.6274674826737960e-01
9                                      9.6274725832380048e-01
   &BVA [&Type "ArrayOfDoubles", &Dim (10,1)] "Mayer's bonded valence"
                                                         0

0                                      3.9109106304913803e+00
1                                      3.9103590506172714e+00
2                                      2.9194964240131913e+00
3                                      9.8798138854247930e-01
4                                      9.8358717616306102e-01
5                                      9.8358860397731629e-01
6                                      9.7350305456053920e-01
7                                      9.7350227723078520e-01
8                                      9.6274674826736961e-01
9                                      9.6274725832380370e-01
   &FA [&Type "ArrayOfDoubles", &Dim (10,1)] "Mayer's free valence"
                                                         0

0                                      0.0000000000000000e+00
1                                      0.0000000000000000e+00
2                                      0.0000000000000000e+00
3                                      0.0000000000000000e+00
4                                      0.0000000000000000e+00
5                                      0.0000000000000000e+00
6                                      0.0000000000000000e+00
7                                      0.0000000000000000e+00
8                                      0.0000000000000000e+00
9                                      0.0000000000000000e+00
$End
$VdW_Correction
   &GeometryIndex 1
   &ListStatus       OUT
   &VDW [&Type "Double"]      -1.4934253269768445e-03
$End
$Calculation_Info
   &GeometryIndex 1
   &ListStatus       OUT
   &MULT [&Type "Integer"] 1
   &CHARGE [&Type "Integer"] 0
   &NUMOFATOMS [&Type "Integer"] 10
   &NUMOFELECTRONS [&Type "Integer"] 26
   &NUMOFFCELECTRONS [&Type "Integer"] 1
   &NUMOFCORRELECTRONS [&Type "Integer"] 0
   &NUMOFBASISFUNCTS [&Type "Integer"] 135
   &NUMOFAUXCBASISFUNCTS [&Type "Integer"] 0
   &NUMOFAUXJBASISFUNCTS [&Type "Integer"] 167
   &NUMOFAUXJKBASISFUNCTS [&Type "Integer"] 0
   &NUMOFCABSBASISFUNCTS [&Type "Integer"] 0
   &TOTALENERGY [&Type "Double"]      -1.3513378784418944e+02  "Hartrees"
$End
$SCF_Dipole_Moment
   &GeometryIndex 1
   &ListStatus       OUT
   &METHOD [&Type "String"] "SCF"
   &LEVEL [&Type "String"] "Relaxed density"
   &MULT [&Type "Integer"] 1
   &STATE [&Type "Integer"] -1
   &IRREP [&Type "Integer"] 0
   &NATOMS [&Type "Integer"] 10
   &DODIPOLEATOM [&Type "Boolean"] false
   &DIPOLEELECCONTRIB [&Type "ArrayOfDoubles", &Dim (3,1)] "Electronic contribution"
                                                         0

0                                      1.6957145719620474e+00
1                                      2.8538082913215213e-01
2                                     -9.2998692976625471e-05
   &DIPOLENUCCONTRIB [&Type "ArrayOfDoubles", &Dim (3,1)] "Nuclear contribution"
                                                         0

0                                     -2.1643315777234307e+00
1                                     -6.2281503482898559e-01
2                                      1.7124684197722395e-04
   &DIPOLETOTAL [&Type "ArrayOfDoubles", &Dim (3,1)] "Total"
                                                         0

0                                     -4.6861700576138321e-01
1                                     -3.3743420569683347e-01
2                                      7.8248149000598481e-05
   &DIPOLEMAGNITUDE [&Type "Double", &Units "a.u."]       5.7746320002731777e-01
$End
$THERMOCHEMISTRY_Energies
   &GeometryIndex 1
   &ListStatus       OUT
   &TEMPERATURE [&Type "Double"]       2.9814999999999998e+02
   &PRESSURE [&Type "Double"]       1.0000000000000000e+00
   &TOTALMASS [&Type "Double"]       4.5085000000000001e+01
   &SPINDEGENERACY [&Type "Integer"] 1
   &ELENERGY [&Type "Double"]      -1.3513378784418944e+02
   &TRANSENERGY [&Type "Double"]       1.4162714244859817e-03
   &ROTENERGY [&Type "Double"]       1.4162714244859817e-03
   &VIBENERGY [&Type "Double"]       1.4808946814290191e-03
   &NUMOFFREQS [&Type "Integer"] 30
   &FREQSCALINGFACTOR [&Type "Double"]       1.0000000000000000e+00
   &FREQ [&Type "ArrayOfDoubles", &Dim (30,1)] "In cm^-1"
                                                         0

0                                      0.0000000000000000e+00
1                                      0.0000000000000000e+00
2                                      0.0000000000000000e+00
3                                      0.0000000000000000e+00
4                                      0.0000000000000000e+00
5                                      0.0000000000000000e+00
6                                      2.7319594030005049e+02
7                                      3.1465071432482597e+02
8                                      4.1498549548490155e+02
9                                      7.8934631300032027e+02
10                                     8.6908865922131349e+02
11                                     9.3477868327286342e+02
12                                     1.0137728450663805e+03
13                                     1.0478006962565869e+03
14                                     1.1576096213009891e+03
15                                     1.2753465324987274e+03
16                                     1.3684428962516690e+03
17                                     1.3931800619248518e+03
18                                     1.3983428861883483e+03
19                                     1.4790130934870485e+03
20                                     1.4899268052794644e+03
21                                     1.4968821142764480e+03
22                                     1.6620833273346568e+03
23                                     2.9919000908851040e+03
24                                     3.0152487922802511e+03
25                                     3.0500423266122853e+03
26                                     3.0718533031828201e+03
27                                     3.0819562935649374e+03
28                                     3.4418764594295403e+03
29                                     3.5187369840824554e+03
   &ZPE [&Type "Double"]       9.2379836199043067e-02
   &INNERENERGYU [&Type "Double"]      -1.3503709457046000e+02
   &ENTHALPYH [&Type "Double"]      -1.3503615036141775e+02
   &QEL [&Type "Double"]       0.0000000000000000e+00
   &QROT [&Type "Double"]       1.0695981407555509e-02
   &QVIB [&Type "Double"]       2.2211258334294474e-03
   &QTRANS [&Type "Double"]       1.7743011143149946e-02
   &ENTROPYS [&Type "Double"]       3.0660118384134905e-02
   &FREEENERGYG [&Type "Double"]      -1.3506681047980189e+02
   &ISLINEAR [&Type "Boolean"] false
$End
$Hessian
   &GeometryIndex 1
   &ListStatus       OUT
   &HESSIAN [&Type "ArrayOfDoubles", &Dim (30,30)] "The Hessian"
                                                         0                           1                           2                           3                           4                           5                           6                           7

0                                      4.8449992133449976e-01        -4.8084954041069328e-02         7.8195816732336146e-06        -1.3866019361703413e-01        -5.1007056016583133e-02         7.3676021305123172e-06        -4.2423781242094283e-02        -7.2083248194766691e-03
1                                     -4.8084954041069328e-02         5.3062378623358331e-01         4.0693662688572486e-06        -5.8135700539839526e-02        -1.2192545420685721e-01         6.3865727829894036e-06         2.4540423076291729e-02         8.9439602392878473e-03
2                                      7.8195816732336146e-06         4.0693662688572486e-06         5.5740207489573901e-01         8.2012945798011819e-06         6.0839605936139661e-06        -8.1144330484019728e-02        -1.3982028825185083e-06        -6.9444772741880495e-07
3                                     -1.3866019361703413e-01        -5.8135700539839526e-02         8.2012945798011819e-06         4.1093080213836924e-01         2.7620859626116706e-03         6.4917137772299918e-06        -1.4230499271826541e-01         8.4480236555034435e-02
4                                     -5.1007056016583133e-02        -1.2192545420685721e-01         6.0839605936139661e-06         2.7620859626116706e-03         5.3893041169602152e-01         9.2880433907342394e-06         2.5947809484335768e-02        -1.0235390666397827e-01
5                                      7.3676021305123172e-06         6.3865727829894036e-06        -8.1144330484019728e-02         6.4917137772299918e-06         9.2880433907342394e-06         6.1938761092635997e-01        -1.9663843853457240e-06        -3.7133220192665232e-06
6                                     -4.2423781242094283e-02         2.4540423076291729e-02        -1.3982028825185083e-06        -1.4230499271826541e-01         2.5947809484335768e-02        -1.9663843853457240e-06         2.5181659163095216e-01        -9.5751166136928495e-02
7                                     -7.2083248194766691e-03         8.9439602392878473e-03        -6.9444772741880495e-07         8.4480236555034435e-02        -1.0235390666397827e-01        -3.7133220192665232e-06        -9.5751166136928495e-02         4.7522302017852297e-01
8                                      2.1852453963683168e-06        -1.3010854496433168e-06         2.2622883412217638e-03        -1.0540721312406311e-05        -7.7536176864713151e-07        -1.0098178429697059e-01         3.4207330352819393e-05         3.1434953233225316e-05
9                                     -2.1137070063889796e-01         1.2091298627018324e-01        -5.6803985964189919e-06        -1.8237370906078434e-02         2.0679039968292279e-02        -1.5890544323225214e-06        -8.4335699361951528e-03        -3.8059667674017299e-03
10                                     1.2150397588693955e-01        -1.3679863798571087e-01         4.5035087046470167e-06        -1.3596120097176183e-02         1.2243961845682685e-02        -1.0893763633813571e-06        -3.9703370738553324e-03         1.2373729550245460e-04
11                                    -5.7219663309264745e-06         4.4693766407510115e-06        -4.6128282416890300e-02         1.9994548761328506e-06        -2.3058468404917497e-06        -2.1808614439457006e-03         5.3153021678234317e-07         1.6789467864253789e-07
12                                    -4.5755614860852792e-02        -2.9241699713567944e-03        -5.3271835457318019e-03        -2.7512582815336279e-03        -1.7710440457404691e-02        -2.4594901264796843e-02         3.1960983476766532e-03        -2.4659237698810324e-04
13                                    -3.7061664115800802e-03        -1.3072569661075453e-01        -1.1986917970163800e-01         3.1810311213957554e-05        -1.4047510409727187e-02        -1.7215783767889001e-02         1.1418315757067152e-03         1.4955583321587251e-03
14                                    -5.3339077955102537e-03        -1.2010595831656519e-01        -2.1700191257090326e-01         7.8040248870632489e-04        -2.5172706322243790e-04        -2.2945094541000242e-04        -4.8080633879549976e-04         1.5926200842004030e-03
15                                    -4.5754395611421111e-02        -2.9137779909242283e-03         5.3143544864157188e-03        -2.7495551642993362e-03        -1.7705272952874909e-02         2.4598876714044586e-02         3.1963745230309446e-03        -2.4646555692715616e-04
16                                    -3.6959087784076200e-03        -1.3067681736711678e-01         1.1985228219493839e-01         3.3080734064227374e-05        -1.4043651058566305e-02         1.7218936587286043e-02         1.1419968394758544e-03         1.4949609696411348e-03
17                                     5.3212219896757503e-03         1.2008878192624971e-01        -2.1705319534414005e-01        -7.8009375635382586e-04         2.5618597728539836e-04        -2.3527466325860358e-04         4.8031657588209955e-04        -1.5928184489380128e-03
18                                    -2.1679670218109023e-03        -1.7707433763981852e-02        -2.3450051711468557e-02        -4.5534404285718616e-02        -5.5850794743915926e-03        -8.7704981222757605e-03        -6.0731094300295035e-03         2.0567622346873059e-02
19                                    -3.2099392693989565e-03        -1.1801357274573956e-02        -1.6328809780629078e-02        -4.0874746219788155e-03        -1.3245533655406794e-01        -1.1503723421597249e-01         6.6716908288496739e-03        -1.2591650451983658e-02
20                                     3.9974239473484358e-05         8.7989377136163394e-04         2.5541648938920913e-04        -4.1339289815771176e-03        -1.1889117463898703e-01        -2.1749469215377421e-01         1.9568516594110803e-03        -3.2755791509939168e-04
21                                    -2.1665615990540329e-03        -1.7702124100310825e-02         2.3454403655499771e-02        -4.5533063442297669e-02        -5.5762986249867138e-03         8.7623716135670059e-03        -6.0754295262362319e-03         2.0560506881411623e-02
22                                    -3.2093750401270705e-03        -1.1797851406882168e-02         1.6332132304688444e-02        -4.0801492430429702e-03        -1.3239821036817004e-01         1.1501760583319012e-01         6.6727463781582064e-03        -1.2586740729989101e-02
23                                    -3.9142744261110030e-05        -8.7592380536610087e-04         2.5018897166212851e-04         4.1256722820414626e-03         1.1887155736586441e-01        -2.1755502477745126e-01        -1.9585995428679365e-03         3.3008829190106829e-04
24                                     1.8995076110762529e-03         1.0194572887765134e-03        -1.9454934903125733e-03        -7.5812636819185949e-03         2.4133626417108985e-02        -2.9819161098151966e-02        -2.6446834943953262e-02        -9.1610276536742610e-03
25                                    -7.0332108245284612e-04         2.0785115169240052e-03        -1.2308250881413840e-03        -3.7432266770342920e-03        -1.6971983312901610e-02         1.9958696090719884e-02         1.6812815022310267e-02        -1.7981905919951816e-01
26                                     9.4687258972483848e-04        -1.9010985937740511e-03         5.7917892098413278e-04         1.8717161052850956e-03         2.1938188450585094e-03         2.1489169499022687e-04         6.4126537274580425e-03         1.5775330232943741e-01
27                                     1.8997856455891995e-03         1.0199403639306829e-03         1.9452086969450342e-03        -7.5787000412234394e-03         2.4142829234409864e-02         2.9812575908980996e-02        -2.6451346704885893e-02        -9.1897060783246928e-03
28                                    -7.0357701954347647e-04         2.0795568621004715e-03         1.2304774880621209e-03        -3.7457859243700264e-03        -1.6978320967435706e-02        -1.9953102080621416e-02         1.6793073612057605e-02        -1.7992987996964399e-01
29                                    -9.4684910809358794e-04         1.9006409827308631e-03         5.7857319695708885e-04        -1.8694875084807883e-03        -2.1909416458782815e-03         2.1891614347987988e-04        -6.4420750485986097e-03        -1.5778332288336688e-01
                                                         8                           9                          10                          11                          12                          13                          14                          15

0                                      2.1852453963683168e-06        -2.1137070063889796e-01         1.2150397588693955e-01        -5.7219663309264745e-06        -4.5755614860852792e-02        -3.7061664115800802e-03        -5.3339077955102537e-03        -4.5754395611421111e-02
1                                     -1.3010854496433168e-06         1.2091298627018324e-01        -1.3679863798571087e-01         4.4693766407510115e-06        -2.9241699713567944e-03        -1.3072569661075453e-01        -1.2010595831656519e-01        -2.9137779909242283e-03
2                                      2.2622883412217638e-03        -5.6803985964189919e-06         4.5035087046470167e-06        -4.6128282416890300e-02        -5.3271835457318019e-03        -1.1986917970163800e-01        -2.1700191257090326e-01         5.3143544864157188e-03
3                                     -1.0540721312406311e-05        -1.8237370906078434e-02        -1.3596120097176183e-02         1.9994548761328506e-06        -2.7512582815336279e-03         3.1810311213957554e-05         7.8040248870632489e-04        -2.7495551642993362e-03
4                                     -7.7536176864713151e-07         2.0679039968292279e-02         1.2243961845682685e-02        -2.3058468404917497e-06        -1.7710440457404691e-02        -1.4047510409727187e-02        -2.5172706322243790e-04        -1.7705272952874909e-02
5                                     -1.0098178429697059e-01        -1.5890544323225214e-06        -1.0893763633813571e-06        -2.1808614439457006e-03        -2.4594901264796843e-02        -1.7215783767889001e-02        -2.2945094541000242e-04         2.4598876714044586e-02
6                                      3.4207330352819393e-05        -8.4335699361951528e-03        -3.9703370738553324e-03         5.3153021678234317e-07         3.1960983476766532e-03         1.1418315757067152e-03        -4.8080633879549976e-04         3.1963745230309446e-03
7                                      3.1434953233225316e-05        -3.8059667674017299e-03         1.2373729550245460e-04         1.6789467864253789e-07        -2.4659237698810324e-04         1.4955583321587251e-03         1.5926200842004030e-03        -2.4646555692715616e-04
8                                      6.4516082110748751e-01         6.7845330718577261e-07         3.0530117230691760e-07         1.5266316088958013e-03        -1.8258847618449301e-04         1.6371907727016520e-03         1.0258031624307659e-03         1.8255013198591655e-04
9                                      6.7845330718577261e-07         2.3282780132188791e-01        -1.3299590104307363e-01         6.2793596347929595e-06         1.2840692366486860e-03        -1.7611561164114428e-03        -1.3632219141189450e-04         1.2823137776292988e-03
10                                     3.0530117230691760e-07        -1.3299590104307363e-01         1.4483249111335209e-01        -4.8961260481036583e-06         1.4133166043273764e-02        -1.0608921692584842e-02         1.6384344288614475e-03         1.4128562926153818e-02
11                                     1.5266316088958013e-03         6.2793596347929595e-06        -4.8961260481036583e-06         4.5299774061436850e-02         2.2061904254607648e-02        -1.4701753391523150e-02         4.5027501099466046e-04        -2.2064854409992479e-02
12                                    -1.8258847618449301e-04         1.2840692366486860e-03         1.4133166043273764e-02         2.2061904254607648e-02         4.9902256000208457e-02         7.8716640301142657e-03         6.7776586905952656e-03        -1.4562013881821278e-03
13                                     1.6371907727016520e-03        -1.7611561164114428e-03        -1.0608921692584842e-02        -1.4701753391523150e-02         7.8716640301142657e-03         1.4280130461240698e-01         1.3333670310113041e-01         5.4007477569579696e-04
14                                     1.0258031624307659e-03        -1.3632219141189450e-04         1.6384344288614475e-03         4.5027501099466046e-04         6.7776586905952656e-03         1.3333670310113041e-01         2.3321393146577873e-01        -3.9373787663119224e-04
15                                     1.8255013198591655e-04         1.2823137776292988e-03         1.4128562926153818e-02        -2.2064854409992479e-02        -1.4562013881821278e-03         5.4007477569579696e-04        -3.9373787663119224e-04         4.9901015079245485e-02
16                                    -1.6375394355967873e-03        -1.7599389500674266e-03        -1.0606264841214949e-02         1.4704157549793238e-02         5.3890102815736429e-04         1.1328255047036568e-02        -1.5929417383441880e-02         7.8598078213805433e-03
17                                     1.0267904784474471e-03         1.3660993590340620e-04        -1.6372647890507963e-03         4.4938983624684186e-04         3.9218896692117954e-04         1.5922976737469993e-02        -1.9911976435048793e-02        -6.7650058364279782e-03
18                                     2.7419010426051573e-02         7.6612496717866070e-04         8.0253476919915070e-04        -7.8540237004589772e-06        -4.6932285034675210e-03        -3.8363094331665239e-03         2.2602100786075661e-04         1.1075332358919004e-03
19                                    -1.6549437224455621e-02        -1.7864871254467864e-04         5.9367015381828810e-04         9.4050309526566415e-05        -3.3823260650155135e-03        -1.2227419313624349e-03         1.0892248939374646e-04         9.1745411779367266e-04
20                                     1.6961906148343358e-03        -7.6303546620984895e-04        -2.6190712712959204e-04         5.1503680182061782e-05         1.3072861907451050e-05         7.2575072628944855e-04         1.8857028661686428e-03        -3.1926134996723915e-04
21                                    -2.7424162730935064e-02         7.6610983888899772e-04         8.0260383411416883e-04         7.5908695912265279e-06         1.1075866108508107e-03         5.4158733745679434e-04        -5.4833428223822892e-04        -4.6932964636031606e-03
22                                     1.6552741627913068e-02        -1.7855235376480240e-04         5.9358073872802126e-04        -9.4116665170647422e-05         9.1755168943006378e-04         2.1087772326527140e-04        -5.3718369847310238e-05        -3.3824065729161769e-03
23                                     1.6937331927247739e-03         7.6300731820093653e-04         2.6176347692175549e-04         5.1344877710281491e-05         3.1900224314231540e-04         1.3371479289051112e-04         1.0057527985329797e-03        -1.1898911226739667e-05
24                                     4.3453803805848082e-02         5.5761796089168528e-04        -3.9424756966956870e-04         6.4499056921829719e-04        -1.8149041942853831e-04        -1.5543543156439597e-04         5.3060388871490954e-07        -6.5225896656174857e-04
25                                     1.8774407795663073e-01        -4.6574604193868382e-04        -1.8684873184163318e-04        -1.1118284888583772e-04         5.3551206831295624e-05         1.5198708680600435e-05        -1.7219748438940252e-04         7.3444382300800321e-04
26                                    -2.7676339592235744e-01         6.6113182500630863e-04        -2.2859950167041388e-04         2.4012417790480252e-04        -2.4777221887635736e-04         8.0889588650582926e-05        -2.4506514617824663e-04        -7.6425437990447899e-04
27                                    -4.3474858770300891e-02         5.5760437804631133e-04        -3.9438105578987236e-04        -6.4484865225873200e-04        -6.5221674191999284e-04        -6.5399986260852882e-04        -8.6694094189759038e-04        -1.8152902173014130e-04
28                                    -1.8777620404068007e-01        -4.6597287338901632e-04        -1.8676789573127605e-04         1.1140504075864091e-04         7.3479409810179219e-04         7.5367622088081234e-04        -1.7377182162360300e-04         5.3664795082367653e-05
29                                    -2.7664707828671431e-01        -6.6109676726442811e-04         2.2875491167252335e-04         2.4010060746468688e-04         7.6405512384923428e-04        -4.0398522578618049e-05        -1.9306020636546822e-04         2.4783982267955580e-04
                                                        16                          17                          18                          19                          20                          21                          22                          23

0                                     -3.6959087784076200e-03         5.3212219896757503e-03        -2.1679670218109023e-03        -3.2099392693989565e-03         3.9974239473484358e-05        -2.1665615990540329e-03        -3.2093750401270705e-03        -3.9142744261110030e-05
1                                     -1.3067681736711678e-01         1.2008878192624971e-01        -1.7707433763981852e-02        -1.1801357274573956e-02         8.7989377136163394e-04        -1.7702124100310825e-02        -1.1797851406882168e-02        -8.7592380536610087e-04
2                                      1.1985228219493839e-01        -2.1705319534414005e-01        -2.3450051711468557e-02        -1.6328809780629078e-02         2.5541648938920913e-04         2.3454403655499771e-02         1.6332132304688444e-02         2.5018897166212851e-04
3                                      3.3080734064227374e-05        -7.8009375635382586e-04        -4.5534404285718616e-02        -4.0874746219788155e-03        -4.1339289815771176e-03        -4.5533063442297669e-02        -4.0801492430429702e-03         4.1256722820414626e-03
4                                     -1.4043651058566305e-02         2.5618597728539836e-04        -5.5850794743915926e-03        -1.3245533655406794e-01        -1.1889117463898703e-01        -5.5762986249867138e-03        -1.3239821036817004e-01         1.1887155736586441e-01
5                                      1.7218936587286043e-02        -2.3527466325860358e-04        -8.7704981222757605e-03        -1.1503723421597249e-01        -2.1749469215377421e-01         8.7623716135670059e-03         1.1501760583319012e-01        -2.1755502477745126e-01
6                                      1.1419968394758544e-03         4.8031657588209955e-04        -6.0731094300295035e-03         6.6716908288496739e-03         1.9568516594110803e-03        -6.0754295262362319e-03         6.6727463781582064e-03        -1.9585995428679365e-03
7                                      1.4949609696411348e-03        -1.5928184489380128e-03         2.0567622346873059e-02        -1.2591650451983658e-02        -3.2755791509939168e-04         2.0560506881411623e-02        -1.2586740729989101e-02         3.3008829190106829e-04
8                                     -1.6375394355967873e-03         1.0267904784474471e-03         2.7419010426051573e-02        -1.6549437224455621e-02         1.6961906148343358e-03        -2.7424162730935064e-02         1.6552741627913068e-02         1.6937331927247739e-03
9                                     -1.7599389500674266e-03         1.3660993590340620e-04         7.6612496717866070e-04        -1.7864871254467864e-04        -7.6303546620984895e-04         7.6610983888899772e-04        -1.7855235376480240e-04         7.6300731820093653e-04
10                                    -1.0606264841214949e-02        -1.6372647890507963e-03         8.0253476919915070e-04         5.9367015381828810e-04        -2.6190712712959204e-04         8.0260383411416883e-04         5.9358073872802126e-04         2.6176347692175549e-04
11                                     1.4704157549793238e-02         4.4938983624684186e-04        -7.8540237004589772e-06         9.4050309526566415e-05         5.1503680182061782e-05         7.5908695912265279e-06        -9.4116665170647422e-05         5.1344877710281491e-05
12                                     5.3890102815736429e-04         3.9218896692117954e-04        -4.6932285034675210e-03        -3.3823260650155135e-03         1.3072861907451050e-05         1.1075866108508107e-03         9.1755168943006378e-04         3.1900224314231540e-04
13                                     1.1328255047036568e-02         1.5922976737469993e-02        -3.8363094331665239e-03        -1.2227419313624349e-03         7.2575072628944855e-04         5.4158733745679434e-04         2.1087772326527140e-04         1.3371479289051112e-04
14                                    -1.5929417383441880e-02        -1.9911976435048793e-02         2.2602100786075661e-04         1.0892248939374646e-04         1.8857028661686428e-03        -5.4833428223822892e-04        -5.3718369847310238e-05         1.0057527985329797e-03
