*************************************************
******************* ORCA 6.0.0 ******************
*************************************************
$Calculation_Status
   &GeometryIndex 1
   &ListStatus       OUT
   &VERSION [&Type "String"] "6.0.0"
   &PROGNAME [&Type "String"] "LeanSCF"
   &STATUS [&Type "String"] "NORMAL TERMINATION"
$End
$Geometry
   &GeometryIndex 1
   &ListStatus       OUT
   &NATOMS [&Type "Integer"] 10
   &NCORELESSECP [&Type "Integer"] 0
   &NGHOSTATOMS [&Type "Integer"] 0
   &CartesianCoordinates [&Type "Coordinates", &Dim(10,4), &Units "Bohr"] 
              C     -2.366949588256    0.570626498768   -0.040785039419
              C     -0.011450490696   -1.079387609748   -0.043659348206
              N      2.271494466214    0.512280497814   -0.037743145938
              H     -2.344036365785    1.862907703767   -1.653620343195
              H     -4.079041660419   -0.584617408021   -0.137398161636
              H     -2.471164415227    1.707114309783    1.687538668509
              H      0.023732783278   -2.225093602354   -1.771121417740
              H     -0.102618027285   -2.412078103289    1.559867164445
              H      2.322656405684    1.539013778799    1.582586133652
              H      3.837695827687   -0.592452191029   -0.007761166081
$End
$SCF_Energy
   &GeometryIndex 1
   &ListStatus       OUT
   &SCF_ENERGY [&Type "Double"]      -1.3514026715256665e+02
$End
$DFT_Energy
   &GeometryIndex 1
   &ListStatus       OUT
   &NALPHAEL [&Type "Integer"] 13
   &NBETAEL [&Type "Integer"] 13
   &NTOTALEL [&Type "Integer"] 26
   &EEXCHANGE [&Type "Double"]      -1.9520903984333259e+01
   &ECORR [&Type "Double"]      -7.9666671907362252e-01
   &ECNL [&Type "Double"]       0.0000000000000000e+00
   &EXC [&Type "Double"]      -2.0317570703406883e+01
   &EEMBED [&Type "Double"]       0.0000000000000000e+00
   &FINALEN [&Type "Double"]      -1.3514026715256665e+02  "No Van der Waals correction"
$End
$Mulliken_Population_Analysis
   &GeometryIndex 1
   &ListStatus       OUT
   &NATOMS [&Type "Integer"] 10
   &ATNO [&Type "ArrayOfIntegers", &Dim (10,1)] 
                                                         0

0                                                        6
1                                                        6
2                                                        7
3                                                        1
4                                                        1
5                                                        1
6                                                        1
7                                                        1
8                                                        1
9                                                        1
   &ATOMICCHARGES [&Type "ArrayOfDoubles", &Dim (10,1)] 
                                                         0

0                                     -3.1274604097445646e-01
1                                     -2.4964402978748801e-02
2                                     -5.1585577266530969e-01
3                                      1.0965996588482196e-01
4                                      9.8701146945946672e-02
5                                      9.0400197502979784e-02
6                                      8.0985487892028640e-02
7                                      6.5857219996950267e-02
8                                      2.0360873593932549e-01
9                                      2.0435346245643582e-01
$End
$Loewdin_Population_Analysis
   &GeometryIndex 1
   &ListStatus       OUT
   &NATOMS [&Type "Integer"] 10
   &ATNO [&Type "ArrayOfIntegers", &Dim (10,1)] 
                                                         0

0                                                        6
1                                                        6
2                                                        7
3                                                        1
4                                                        1
5                                                        1
6                                                        1
7                                                        1
8                                                        1
9                                                        1
   &ATOMICCHARGES [&Type "ArrayOfDoubles", &Dim (10,1)] 
                                                         0

0                                     -3.1863309400157558e-01
1                                     -3.6522354528344891e-01
2                                     -1.8612920419292323e-01
3                                      1.1998026297198083e-01
4                                      1.1824892865188830e-01
5                                      1.1421663737380738e-01
6                                      1.2281797368641545e-01
7                                      1.0617711700904686e-01
8                                      1.4486168629498009e-01
9                                      1.4368323748981404e-01
$End
$Mayer_Population_Analysis
   &GeometryIndex 1
   &ListStatus       OUT
   &NATOMS [&Type "Integer"] 10 "Total number of atoms"
   &BONDTHRESH [&Type "Double"]       1.0000000000000001e-01  "The threshold for printing"
   &NBONDORDERSPRINT [&Type "Integer"] 9 "The number of bond orders larger than threshold"
   &BONDORDERS [&Type "ArrayOfDoubles", &Dim (9,1)] "The bond orders"
                                                         0

0                                      9.8874819423685234e-01
1                                      9.7335981841030239e-01
2                                      9.7341842521075461e-01
3                                      9.7350167171505009e-01
4                                      9.7881271025775973e-01
5                                      9.6434212398989683e-01
6                                      9.6377266406659390e-01
7                                      9.3877694961987534e-01
8                                      9.4125885849727486e-01
   &COMPONENTS [&Type "ArrayOfIntegers", &Dim (9,4)] "The indices and atomic numbers of the bonding atoms"
                                                         0                           1                           2                           3

0                                                        0                           6                           1                           6
1                                                        0                           6                           3                           1
2                                                        0                           6                           4                           1
3                                                        0                           6                           5                           1
4                                                        1                           6                           2                           7
5                                                        1                           6                           6                           1
6                                                        1                           6                           7                           1
7                                                        2                           7                           8                           1
8                                                        2                           7                           9                           1
   &ATNO [&Type "ArrayOfIntegers", &Dim (10,1)] "Atomic number of the elements"
                                                         0

0                                                        6
1                                                        6
2                                                        7
3                                                        1
4                                                        1
5                                                        1
6                                                        1
7                                                        1
8                                                        1
9                                                        1
   &NA [&Type "ArrayOfDoubles", &Dim (10,1)] "Mulliken gross atomic population"
                                                         0

0                                      6.3127460409744476e+00
1                                      6.0249644029787452e+00
2                                      7.5158557726652964e+00
3                                      8.9034003411517793e-01
4                                      9.0129885305405189e-01
5                                      9.0959980249702022e-01
6                                      9.1901451210797147e-01
7                                      9.3414278000304951e-01
8                                      7.9639126406067506e-01
9                                      7.9564653754356329e-01
   &ZA [&Type "ArrayOfDoubles", &Dim (10,1)] "Total nuclear charge"
                                                         0

0                                      6.0000000000000000e+00
1                                      6.0000000000000000e+00
2                                      7.0000000000000000e+00
3                                      1.0000000000000000e+00
4                                      1.0000000000000000e+00
5                                      1.0000000000000000e+00
6                                      1.0000000000000000e+00
7                                      1.0000000000000000e+00
8                                      1.0000000000000000e+00
9                                      1.0000000000000000e+00
   &QA [&Type "ArrayOfDoubles", &Dim (10,1)] "Mulliken gross atomic charge"
                                                         0

0                                     -3.1274604097444758e-01
1                                     -2.4964402978745248e-02
2                                     -5.1585577266529636e-01
3                                      1.0965996588482207e-01
4                                      9.8701146945948115e-02
5                                      9.0400197502979784e-02
6                                      8.0985487892028529e-02
7                                      6.5857219996950489e-02
8                                      2.0360873593932494e-01
9                                      2.0435346245643671e-01
   &VA [&Type "ArrayOfDoubles", &Dim (10,1)] "Mayer's total valence"
                                                         0

0                                      3.9084812879671866e+00
1                                      3.9126442623995170e+00
2                                      2.8700624005661561e+00
3                                      9.8853323787216762e-01
4                                      9.8385780779619170e-01
5                                      9.8241942370331958e-01
6                                      9.7045806941853163e-01
7                                      9.6234533153155055e-01
8                                      9.5987791198288086e-01
9                                      9.5702618518182148e-01
   &BVA [&Type "ArrayOfDoubles", &Dim (10,1)] "Mayer's bonded valence"
                                                         0

0                                      3.9084812879671720e+00
1                                      3.9126442623995490e+00
2                                      2.8700624005662210e+00
3                                      9.8853323787216185e-01
4                                      9.8385780779619070e-01
5                                      9.8241942370330826e-01
6                                      9.7045806941853341e-01
7                                      9.6234533153157553e-01
8                                      9.5987791198289019e-01
9                                      9.5702618518182148e-01
   &FA [&Type "ArrayOfDoubles", &Dim (10,1)] "Mayer's free valence"
                                                         0

0                                      0.0000000000000000e+00
1                                      0.0000000000000000e+00
2                                      0.0000000000000000e+00
3                                      0.0000000000000000e+00
4                                      0.0000000000000000e+00
5                                      0.0000000000000000e+00
6                                      0.0000000000000000e+00
7                                      0.0000000000000000e+00
8                                      0.0000000000000000e+00
9                                      0.0000000000000000e+00
$End
$VdW_Correction
   &GeometryIndex 1
   &ListStatus       OUT
   &VDW [&Type "Double"]      -1.4799370476685598e-03
$End
$Calculation_Info
   &GeometryIndex 1
   &ListStatus       OUT
   &MULT [&Type "Integer"] 1
   &CHARGE [&Type "Integer"] 0
   &NUMOFATOMS [&Type "Integer"] 10
   &NUMOFELECTRONS [&Type "Integer"] 26
   &NUMOFFCELECTRONS [&Type "Integer"] 1
   &NUMOFCORRELECTRONS [&Type "Integer"] 0
   &NUMOFBASISFUNCTS [&Type "Integer"] 135
   &NUMOFAUXCBASISFUNCTS [&Type "Integer"] 0
   &NUMOFAUXJBASISFUNCTS [&Type "Integer"] 167
   &NUMOFAUXJKBASISFUNCTS [&Type "Integer"] 0
   &NUMOFCABSBASISFUNCTS [&Type "Integer"] 0
   &TOTALENERGY [&Type "Double"]      -1.3513398991711432e+02  "Hartrees"
$End
$SCF_Dipole_Moment
   &GeometryIndex 1
   &ListStatus       OUT
   &METHOD [&Type "String"] "SCF"
   &LEVEL [&Type "String"] "Relaxed density"
   &MULT [&Type "Integer"] 1
   &STATE [&Type "Integer"] -1
   &IRREP [&Type "Integer"] 0
   &NATOMS [&Type "Integer"] 10
   &DODIPOLEATOM [&Type "Boolean"] false
   &DIPOLEELECCONTRIB [&Type "ArrayOfDoubles", &Dim (3,1)] "Electronic contribution"
                                                         0

0                                      1.4632791004958228e+00
1                                      6.7601634044853837e-02
2                                     -2.2379802153069878e-01
   &DIPOLENUCCONTRIB [&Type "ArrayOfDoubles", &Dim (3,1)] "Nuclear contribution"
                                                         0

0                                     -1.4217993155227902e+00
1                                     -3.7591954822081697e-01
2                                      6.4651903010447731e-01
   &DIPOLETOTAL [&Type "ArrayOfDoubles", &Dim (3,1)] "Total"
                                                         0

0                                      4.1479784973032618e-02
1                                     -3.0831791417596310e-01
2                                      4.2272100857377853e-01
   &DIPOLEMAGNITUDE [&Type "Double", &Units "a.u."]       5.2485575147163832e-01
$End
$THERMOCHEMISTRY_Energies
   &GeometryIndex 1
   &ListStatus       OUT
   &TEMPERATURE [&Type "Double"]       2.9814999999999998e+02
   &PRESSURE [&Type "Double"]       1.0000000000000000e+00
   &TOTALMASS [&Type "Double"]       4.5085000000000001e+01
   &SPINDEGENERACY [&Type "Integer"] 1
   &ELENERGY [&Type "Double"]      -1.3513398991711432e+02
   &TRANSENERGY [&Type "Double"]       1.4162714244859817e-03
   &ROTENERGY [&Type "Double"]       1.4162714244859817e-03
   &VIBENERGY [&Type "Double"]       1.5545233782618280e-03
   &NUMOFFREQS [&Type "Integer"] 30
   &FREQSCALINGFACTOR [&Type "Double"]       1.0000000000000000e+00
   &FREQ [&Type "ArrayOfDoubles", &Dim (30,1)] "In cm^-1"
                                                         0

0                                      0.0000000000000000e+00
1                                      0.0000000000000000e+00
2                                      0.0000000000000000e+00
3                                      0.0000000000000000e+00
4                                      0.0000000000000000e+00
5                                      0.0000000000000000e+00
6                                      2.4312916169886691e+02
7                                      2.8478487352175506e+02
8                                      4.2198613587307420e+02
9                                      8.0967598024467861e+02
10                                     8.5621462162100170e+02
11                                     9.0573885815791414e+02
12                                     1.0066524371226164e+03
13                                     1.0819790507463379e+03
14                                     1.1534113892298139e+03
15                                     1.2651634045839935e+03
16                                     1.3254510675791432e+03
17                                     1.3924625209519686e+03
18                                     1.4183738625577253e+03
19                                     1.4843511100385986e+03
20                                     1.4910572603808516e+03
21                                     1.5118976185259153e+03
22                                     1.6579422559627219e+03
23                                     2.9242604193563693e+03
24                                     3.0070356130235518e+03
25                                     3.0255994967784541e+03
26                                     3.0818157535187452e+03
27                                     3.0995665436093609e+03
28                                     3.4686881753510552e+03
29                                     3.5544032028905631e+03
   &ZPE [&Type "Double"]       9.2201182015184194e-02
   &INNERENERGYU [&Type "Double"]      -1.3503740166887189e+02
   &ENTHALPYH [&Type "Double"]      -1.3503645745982965e+02
   &QEL [&Type "Double"]       0.0000000000000000e+00
   &QROT [&Type "Double"]       1.0678842930671792e-02
   &QVIB [&Type "Double"]       2.3879849219427913e-03
   &QTRANS [&Type "Double"]       1.7743011143149946e-02
   &ENTROPYS [&Type "Double"]       3.0809838995764529e-02
   &FREEENERGYG [&Type "Double"]      -1.3506726729882541e+02
   &ISLINEAR [&Type "Boolean"] false
$End
$Hessian
   &GeometryIndex 1
   &ListStatus       OUT
   &HESSIAN [&Type "ArrayOfDoubles", &Dim (30,30)] "The Hessian"
                                                         0                           1                           2                           3                           4                           5                           6                           7

0                                      5.0260298864217923e-01         5.1834816096623812e-02        -1.8053613884888155e-03        -1.4309522086159313e-01         5.1017447854478759e-02        -1.2576886392707599e-03        -3.9106431147300912e-02         1.5585794978653981e-02
1                                      5.1834816096623812e-02         5.3100551609984603e-01        -4.8446406011492561e-03         6.1753463236523427e-02        -1.2335725682920554e-01        -4.1245595579100704e-04        -2.0248721720626053e-02         1.2985937904000688e-02
2                                     -1.8053613884888155e-03        -4.8446406011492561e-03         5.5872248177753459e-01         8.6688381584565594e-04        -1.8443765904461963e-05        -7.8931955490468747e-02        -1.3335436717561949e-03        -1.1994093701046698e-03
3                                     -1.4309522086159313e-01         6.1753463236523427e-02         8.6688381584565594e-04         4.3840622120956957e-01        -1.7076549022705584e-02        -3.3390360666618484e-03        -1.5347445676197041e-01        -3.7224250089201050e-02
4                                      5.1017447854478759e-02        -1.2335725682920554e-01        -1.8443765904461963e-05        -1.7076549022705584e-02         5.2347635133869175e-01         2.2142100017547163e-02        -5.8490698003005562e-02        -1.2663565329866452e-01
5                                     -1.2576886392707599e-03        -4.1245595579100704e-04        -7.8931955490468747e-02        -3.3390360666618484e-03         2.2142100017547163e-02         5.8546740576903178e-01         2.4994588363555524e-02        -2.6267683907576431e-03
6                                     -3.9106431147300912e-02        -2.0248721720626053e-02        -1.3335436717561949e-03        -1.5347445676197041e-01        -5.8490698003005562e-02         2.4994588363555524e-02         5.5853460868718252e-01        -9.6888490700683366e-02
7                                      1.5585794978653981e-02         1.2985937904000688e-02        -1.1994093701046698e-03        -3.7224250089201050e-02        -1.2663565329866452e-01        -2.6267683907576431e-03        -9.6888490700683366e-02         4.4645610100439992e-01
8                                      2.9410737227800370e-03         6.4325294784696278e-04         1.7600469051127256e-03        -1.0446081205154525e-02        -2.6770633119151260e-02        -7.3163873971828289e-02         1.2081623542126971e-02         2.1034724810204350e-01
9                                     -4.5733982009826958e-02        -5.0396620654166325e-03         5.5594265467571180e-03        -7.9252307802867364e-04         1.8707369977833791e-02        -2.3164055724341666e-02         2.2823636139374676e-03        -6.7255168233558904e-04
10                                    -3.4980172816842505e-03        -1.4523068805375866e-01         1.2621887478065383e-01        -3.5507720874287940e-04        -1.5612720524676247e-02         1.6999891839861749e-02        -1.0223645490000559e-03         2.1798503340365021e-03
11                                     4.1351604881187387e-03         1.2672754536236672e-01        -2.0900460159345663e-01         5.7336865548263116e-05         3.2342527983402966e-05        -8.2130175368778880e-05        -1.7133847657664213e-04        -8.5329423229905054e-04
12                                    -2.2198192512832896e-01        -1.2012171674075629e-01        -1.0777487626550671e-02        -1.8715729116157299e-02        -1.9383457912202324e-02        -7.3338053380573632e-04        -5.4718480978217868e-03         5.4516080425521078e-03
13                                    -1.2239341060496142e-01        -1.3108622015654789e-01        -6.7829070091882035e-03         1.5711601757347874e-02         1.2248166005053076e-02         1.1493934472504882e-03         3.3950039310915664e-03        -1.8120435451970782e-03
14                                    -1.0860083737863640e-02        -6.7894196238052346e-03        -4.6103374327621266e-02         2.9607453911332854e-05        -3.9650694129594584e-05        -2.5861213712129408e-03         5.3341286424707477e-04         1.1683256662174819e-04
15                                    -4.6342938209973317e-02         4.5026241891847080e-03         7.5996376827266818e-03        -2.7997736186205009e-03         1.6055618778885356e-02         2.5087366059968409e-02         2.4527191785302356e-03         3.7591190768449033e-04
16                                     4.9799538531406142e-03        -1.2000768574379533e-01        -1.1479318025063653e-01         7.0229687958968043e-04        -1.3336618134751451e-02        -1.8214239602706000e-02        -1.1783794607924049e-03         1.1810633788005805e-03
17                                     7.5304750778087196e-03        -1.1541412245888939e-01        -2.2707277258282638e-01        -3.0713698726112654e-04         2.1711494565172362e-04        -2.7771252843841613e-04         4.2746670400312418e-04         8.7770383175421289e-04
18                                    -2.3501870608502551e-03         1.6090012251398375e-02         2.4535058692999698e-02        -4.6171498106152432e-02         6.6115017434785857e-03         9.2986562686541638e-03        -3.6599940455489944e-03        -2.3083585692471747e-02
19                                     2.1798205517365703e-03        -1.1277189526963213e-02        -1.6296562095035765e-02         3.3106567710363150e-03        -1.1769039571408567e-01        -1.0735674602137711e-01        -3.7308667723063502e-03        -1.5305592848954875e-02
20                                     5.7029815345995341e-04         8.6300844817607976e-04         4.9393550423958849e-04         6.0583248238038050e-03        -1.1255320319021189e-01        -2.2885726751808269e-01        -2.5471640475648993e-03        -1.2658405538340349e-03
21                                    -6.5866923616606388e-04         1.8503982844674235e-02        -2.2680177950426390e-02        -4.6680667777412130e-02        -2.3337926787962617e-04         1.8392981260385403e-03        -1.2085687516252653e-02        -2.6937842309414550e-02
22                                     2.1756498691638884e-03        -1.2691560996492931e-02         1.6597566740174853e-02         1.6402887656254053e-03        -1.3346883240401280e-01         1.0619957719637971e-01        -1.3086771696516541e-02        -1.6422378947963705e-02
23                                     3.2100561862957386e-04        -6.7543076594532223e-04        -5.9075372513192961e-04        -3.2452896217503770e-04         1.0653790377067061e-01        -1.9403546445347594e-01         4.2421089661777260e-03         7.1299138807278187e-04
24                                     1.9122665123529328e-03        -7.9151572546952193e-04        -1.5219832158589433e-03        -1.8735461850169378e-03        -1.9594484025493752e-02        -3.0367181368711364e-02        -6.0719531778455967e-02        -1.5300201696426124e-03
25                                     6.3113040899274758e-04         1.7267375935110640e-03         1.1823027374671313e-03        -4.0094480025525750e-03        -1.6458271312152717e-02        -2.1167695933058193e-02         6.2764767346968828e-04        -1.2455025963659637e-01
26                                    -4.4004205647571177e-04         4.4731702648029888e-04         7.0415911774633383e-04         4.0335648648580150e-03         5.6564589208700500e-03        -4.0805245308462969e-03        -2.2123638181526864e-03        -2.0589775904556273e-01
27                                    -5.2459015004925474e-03        -6.5516546824323108e-03        -4.4262110063782297e-04        -2.4802805704617955e-02         2.2408200214301850e-02        -2.3908069604574780e-03        -2.8875174213229948e-01         1.6492593041883480e-01
28                                    -2.4448134098484448e-03        -2.0675902905942559e-03        -1.2806330669465739e-05        -2.4474553424612119e-02         1.0835230873804131e-02         3.2985933854112015e-03         1.9062113659439262e-01        -1.7807702434386116e-01
29                                    -1.1346690233084101e-03        -5.9584921489727540e-04         2.2834414871568311e-05         3.4033058723176874e-03         4.7843606039139038e-03        -3.4523557293096559e-03        -3.6019374392165689e-02        -2.2404853234697999e-04
                                                         8                           9                          10                          11                          12                          13                          14                          15

0                                      2.9410737227800370e-03        -4.5733982009826958e-02        -3.4980172816842505e-03         4.1351604881187387e-03        -2.2198192512832896e-01        -1.2239341060496142e-01        -1.0860083737863640e-02        -4.6342938209973317e-02
1                                      6.4325294784696278e-04        -5.0396620654166325e-03        -1.4523068805375866e-01         1.2672754536236672e-01        -1.2012171674075629e-01        -1.3108622015654789e-01        -6.7894196238052346e-03         4.5026241891847080e-03
2                                      1.7600469051127256e-03         5.5594265467571180e-03         1.2621887478065383e-01        -2.0900460159345663e-01        -1.0777487626550671e-02        -6.7829070091882035e-03        -4.6103374327621266e-02         7.5996376827266818e-03
3                                     -1.0446081205154525e-02        -7.9252307802867364e-04        -3.5507720874287940e-04         5.7336865548263116e-05        -1.8715729116157299e-02         1.5711601757347874e-02         2.9607453911332854e-05        -2.7997736186205009e-03
4                                     -2.6770633119151260e-02         1.8707369977833791e-02        -1.5612720524676247e-02         3.2342527983402966e-05        -1.9383457912202324e-02         1.2248166005053076e-02        -3.9650694129594584e-05         1.6055618778885356e-02
5                                     -7.3163873971828289e-02        -2.3164055724341666e-02         1.6999891839861749e-02        -8.2130175368778880e-05        -7.3338053380573632e-04         1.1493934472504882e-03        -2.5861213712129408e-03         2.5087366059968409e-02
6                                      1.2081623542126971e-02         2.2823636139374676e-03        -1.0223645490000559e-03        -1.7133847657664213e-04        -5.4718480978217868e-03         3.3950039310915664e-03         5.3341286424707477e-04         2.4527191785302356e-03
7                                      2.1034724810204350e-01        -6.7255168233558904e-04         2.1798503340365021e-03        -8.5329423229905054e-04         5.4516080425521078e-03        -1.8120435451970782e-03         1.1683256662174819e-04         3.7591190768449033e-04
8                                      3.9250268833739588e-01        -2.4570606325708191e-05        -9.1071223923992230e-04         9.3951871532343793e-05         6.8018602348401524e-04        -3.2816923464646297e-04         5.1755534909593808e-04         4.0466458592023670e-04
9                                     -2.4570606325708191e-05         4.8498593991141314e-02         2.4647437298419632e-04        -4.4906702551276633e-03         2.9645005663201914e-04        -1.5104701205991795e-02         2.1590613378782486e-02        -1.3109742647198653e-03
10                                    -9.1071223923992230e-04         2.4647437298419632e-04         1.5906803776378506e-01        -1.3963739324065294e-01         1.0883827933599981e-03        -1.0544020454250503e-02         1.3133568733779653e-02         4.0334460792362760e-04
11                                     9.3951871532343793e-05        -4.4906702551276633e-03        -1.3963739324065294e-01         2.2404633431038315e-01         4.5182760256799737e-06        -3.2017017461958182e-03         2.2593556746429099e-03         7.2912897820624225e-04
12                                     6.8018602348401524e-04         2.9645005663201914e-04         1.0883827933599981e-03         4.5182760256799737e-06         2.4412955923333438e-01         1.3179536082304144e-01         1.1228561453827317e-02         1.4977088140506272e-03
13                                    -3.2816923464646297e-04        -1.5104701205991795e-02        -1.0544020454250503e-02        -3.2017017461958182e-03         1.3179536082304144e-01         1.3929183298216882e-01         8.1339404211941257e-03        -1.3641718449662641e-02
14                                     5.1755534909593808e-04         2.1590613378782486e-02         1.3133568733779653e-02         2.2593556746429099e-03         1.1228561453827317e-02         8.1339404211941257e-03         4.5882974884526445e-02        -2.3260520370969935e-02
15                                     4.0466458592023670e-04        -1.3109742647198653e-03         4.0334460792362760e-04         7.2912897820624225e-04         1.4977088140506272e-03        -1.3641718449662641e-02        -2.3260520370969935e-02         5.0242157558042524e-02
16                                     1.1177238370816429e-03        -6.1776184554529305e-04         1.1593925807719110e-02         1.7059415369232934e-02         1.6976846378575390e-03        -9.9403727214280833e-03        -1.4837391656344102e-02        -9.3942921822337162e-03
17                                     7.6066672079210841e-04         2.1972781492815265e-04        -1.4778369255084627e-02        -1.9910471547360982e-02         1.4899769010489131e-04         6.4693728076217066e-04        -1.0951696912874208e-03        -9.4609657630659646e-03
18                                    -2.5119125037820773e-02         1.1131242247926832e-03        -7.2508025606442088e-04        -4.3956051561428312e-04         7.9331081672690917e-04        -7.0365511607431495e-04         1.0721891165539588e-04        -4.5620470325634993e-03
19                                    -1.7348291346200244e-02        -8.3744469683746155e-04         1.9627500925734152e-04        -1.1811567122018470e-04        -1.1961148184477625e-04         8.4017177928123092e-04         2.6794173233174657e-04         3.3868845863435646e-03
20                                     2.3963953583217637e-03         1.8367864846752897e-04        -1.0235202326522828e-04         1.0213482289042775e-03         7.3456922670600035e-04        -1.1680690711623250e-04         1.1291618168594766e-04        -2.6401807967084412e-05
21                                     2.1936268907179209e-02        -4.6646084858016574e-03         4.0552080232631512e-03         1.6761611738244468e-04         7.5356669788072999e-04        -8.1012373879367039e-04        -3.1103565166000307e-05         1.0712584433863260e-03
22                                     1.3815310941849970e-02         3.3989286130537413e-03        -1.6053442244598273e-03        -9.2749370027549877e-05         3.8083121109399719e-04         5.4208513097064610e-04        -6.0198963689286379e-06        -1.0508515266413770e-03
23                                     6.3334882824488264e-03        -1.0900050529165763e-04        -5.4136736315473508e-04         1.7502564362021145e-03        -7.7631733792077329e-04         2.7526773815597649e-04        -6.3725849206791737e-05        -2.5020259994981914e-04
24                                    -4.4249913972982625e-03        -1.3878956140724031e-04         1.1185558366175649e-04        -6.8808034696998864e-06         3.2530685378988886e-04         3.2610874858148562e-04         6.1061493624140156e-04        -6.9271945943529260e-04
25                                    -1.5302117036945079e-01         4.8757228512886640e-05        -8.7010069197885915e-05         3.6366078089370302e-04         1.7638248118447821e-04        -3.7157620731407322e-04         1.7270617426238714e-04        -4.8679698576997417e-04
26                                    -3.0447701647077613e-01        -1.4100602244329730e-04        -1.1612151177248752e-04        -3.4509235653173553e-04         1.5658966825751047e-04         3.1566292156057349e-04         2.3318496765520189e-04        -6.4907999600142424e-04
27                                     1.9755354312144882e-03         4.5034551328090649e-04        -3.0088555684211179e-04         1.3429713978323210e-05        -1.6264001301065081e-03         1.4340543650458023e-03         3.6761941048376061e-05         4.4460859130275360e-04
28                                    -2.7532215283720542e-02        -1.3324922511685563e-04         4.1694411545123173e-05        -3.2258060289742539e-04        -9.7398436391045885e-04         8.3197718726384811e-04        -1.6667534630721118e-04        -1.4309462261919142e-04
29                                    -2.6723902382095172e-02         3.7711633612330084e-04        -2.2314889830907350e-04         1.7104915105331341e-04        -6.5132010584204253e-04        -7.7449323011208896e-05         8.4240418172197291e-04        -1.5463928276813918e-04
                                                        16                          17                          18                          19                          20                          21                          22                          23

0                                      4.9799538531406142e-03         7.5304750778087196e-03        -2.3501870608502551e-03         2.1798205517365703e-03         5.7029815345995341e-04        -6.5866923616606388e-04         2.1756498691638884e-03         3.2100561862957386e-04
1                                     -1.2000768574379533e-01        -1.1541412245888939e-01         1.6090012251398375e-02        -1.1277189526963213e-02         8.6300844817607976e-04         1.8503982844674235e-02        -1.2691560996492931e-02        -6.7543076594532223e-04
2                                     -1.1479318025063653e-01        -2.2707277258282638e-01         2.4535058692999698e-02        -1.6296562095035765e-02         4.9393550423958849e-04        -2.2680177950426390e-02         1.6597566740174853e-02        -5.9075372513192961e-04
3                                      7.0229687958968043e-04        -3.0713698726112654e-04        -4.6171498106152432e-02         3.3106567710363150e-03         6.0583248238038050e-03        -4.6680667777412130e-02         1.6402887656254053e-03        -3.2452896217503770e-04
4                                     -1.3336618134751451e-02         2.1711494565172362e-04         6.6115017434785857e-03        -1.1769039571408567e-01        -1.1255320319021189e-01        -2.3337926787962617e-04        -1.3346883240401280e-01         1.0653790377067061e-01
5                                     -1.8214239602706000e-02        -2.7771252843841613e-04         9.2986562686541638e-03        -1.0735674602137711e-01        -2.2885726751808269e-01         1.8392981260385403e-03         1.0619957719637971e-01        -1.9403546445347594e-01
6                                     -1.1783794607924049e-03         4.2746670400312418e-04        -3.6599940455489944e-03        -3.7308667723063502e-03        -2.5471640475648993e-03        -1.2085687516252653e-02        -1.3086771696516541e-02         4.2421089661777260e-03
7                                      1.1810633788005805e-03         8.7770383175421289e-04        -2.3083585692471747e-02        -1.5305592848954875e-02        -1.2658405538340349e-03        -2.6937842309414550e-02        -1.6422378947963705e-02         7.1299138807278187e-04
8                                      1.1177238370816429e-03         7.6066672079210841e-04        -2.5119125037820773e-02        -1.7348291346200244e-02         2.3963953583217637e-03         2.1936268907179209e-02         1.3815310941849970e-02         6.3334882824488264e-03
9                                     -6.1776184554529305e-04         2.1972781492815265e-04         1.1131242247926832e-03        -8.3744469683746155e-04         1.8367864846752897e-04        -4.6646084858016574e-03         3.3989286130537413e-03        -1.0900050529165763e-04
10                                     1.1593925807719110e-02        -1.4778369255084627e-02        -7.2508025606442088e-04         1.9627500925734152e-04        -1.0235202326522828e-04         4.0552080232631512e-03        -1.6053442244598273e-03        -5.4136736315473508e-04
11                                     1.7059415369232934e-02        -1.9910471547360982e-02        -4.3956051561428312e-04        -1.1811567122018470e-04         1.0213482289042775e-03         1.6761611738244468e-04        -9.2749370027549877e-05         1.7502564362021145e-03
12                                     1.6976846378575390e-03         1.4899769010489131e-04         7.9331081672690917e-04        -1.1961148184477625e-04         7.3456922670600035e-04         7.5356669788072999e-04         3.8083121109399719e-04        -7.7631733792077329e-04
13                                    -9.9403727214280833e-03         6.4693728076217066e-04        -7.0365511607431495e-04         8.4017177928123092e-04        -1.1680690711623250e-04        -8.1012373879367039e-04         5.4208513097064610e-04         2.7526773815597649e-04
14                                    -1.4837391656344102e-02        -1.0951696912874208e-03         1.0721891165539588e-04         2.6794173233174657e-04         1.1291618168594766e-04        -3.1103565166000307e-05        -6.0198963689286379e-06        -6.3725849206791737e-05
