*************************************************
******************* ORCA 6.0.0 ******************
*************************************************
$Calculation_Status
   &GeometryIndex 1
   &ListStatus       OUT
   &VERSION [&Type "String"] "6.0.0"
   &PROGNAME [&Type "String"] "LeanSCF"
   &STATUS [&Type "String"] "NORMAL TERMINATION"
$End
$Geometry
   &GeometryIndex 1
   &ListStatus       OUT
   &NATOMS [&Type "Integer"] 11
   &NCORELESSECP [&Type "Integer"] 0
   &NGHOSTATOMS [&Type "Integer"] 0
   &CartesianCoordinates [&Type "Coordinates", &Dim(11,4), &Units "Bohr"] 
              C     -4.015961517177   -2.392929850414   -0.273856307541
              C     -2.882523772519    0.000089697741    0.784691179225
              C     -4.015028976447    2.393721368820   -0.273473432397
              I      1.282254872767   -0.000707307484   -0.015740668285
              H     -3.868226346475   -2.450994835864   -2.334774197795
              H     -3.139023100667   -4.086698584860    0.514310165728
              H     -6.030329066801   -2.417502783821    0.225696614153
              H     -2.874480553663   -0.000088443907    2.844653868476
              H     -6.029637655126    2.418495146855    0.225088589100
              H     -3.866288067229    2.452557994267   -2.334294876320
              H     -3.138112116799    4.087002665417    0.515758321256
$End
$SCF_Energy
   &GeometryIndex 1
   &ListStatus       OUT
   &SCF_ENERGY [&Type "Double"]      -4.1633163650380652e+02
$End
$DFT_Energy
   &GeometryIndex 1
   &ListStatus       OUT
   &NALPHAEL [&Type "Integer"] 25
   &NBETAEL [&Type "Integer"] 25
   &NTOTALEL [&Type "Integer"] 50
   &EEXCHANGE [&Type "Double"]      -3.9338975828003321e+01
   &ECORR [&Type "Double"]      -1.8264665919975023e+00
   &ECNL [&Type "Double"]       0.0000000000000000e+00
   &EXC [&Type "Double"]      -4.1165442420000822e+01
   &EEMBED [&Type "Double"]       0.0000000000000000e+00
   &FINALEN [&Type "Double"]      -4.1633163650380652e+02  "No Van der Waals correction"
$End
$Mulliken_Population_Analysis
   &GeometryIndex 1
   &ListStatus       OUT
   &NATOMS [&Type "Integer"] 11
   &ATNO [&Type "ArrayOfIntegers", &Dim (11,1)] 
                                                         0

0                                                        6
1                                                        6
2                                                        6
3                                                       53
4                                                        1
5                                                        1
6                                                        1
7                                                        1
8                                                        1
9                                                        1
10                                                       1
   &ATOMICCHARGES [&Type "ArrayOfDoubles", &Dim (11,1)] 
                                                         0

0                                     -3.0678232099154013e-01
1                                     -3.5431094610673952e-02
2                                     -3.0679019732299295e-01
3                                     -1.7607773948458316e-01
4                                      1.1859690718299398e-01
5                                      1.3092665812032089e-01
6                                      1.0721872363726193e-01
7                                      1.1159026256370808e-01
8                                      1.0721823415794085e-01
9                                      1.1861575574170513e-01
10                                     1.3091481100569957e-01
$End
$Loewdin_Population_Analysis
   &GeometryIndex 1
   &ListStatus       OUT
   &NATOMS [&Type "Integer"] 11
   &ATNO [&Type "ArrayOfIntegers", &Dim (11,1)] 
                                                         0

0                                                        6
1                                                        6
2                                                        6
3                                                       53
4                                                        1
5                                                        1
6                                                        1
7                                                        1
8                                                        1
9                                                        1
10                                                       1
   &ATOMICCHARGES [&Type "ArrayOfDoubles", &Dim (11,1)] 
                                                         0

0                                     -3.1488845983612457e-01
1                                     -4.3044202175684099e-01
2                                     -3.1488699613207327e-01
3                                      1.5980233106463970e-01
4                                      1.2623373679117889e-01
5                                      1.2581333802178629e-01
6                                      1.2862548321943645e-01
7                                      1.3906891501709528e-01
8                                      1.2862674971165289e-01
9                                      1.2623336002104901e-01
10                                     1.2581356387801890e-01
$End
$Mayer_Population_Analysis
   &GeometryIndex 1
   &ListStatus       OUT
   &NATOMS [&Type "Integer"] 11 "Total number of atoms"
   &BONDTHRESH [&Type "Double"]       1.0000000000000001e-01  "The threshold for printing"
   &NBONDORDERSPRINT [&Type "Integer"] 10 "The number of bond orders larger than threshold"
   &BONDORDERS [&Type "ArrayOfDoubles", &Dim (10,1)] "The bond orders"
                                                         0

0                                      9.9106325304799947e-01
1                                      9.6812393504499183e-01
2                                      9.7022396947422462e-01
3                                      9.4704236547252041e-01
4                                      9.9105806144422026e-01
5                                      9.8133320949172909e-01
6                                      9.5440225392977485e-01
7                                      9.4704160752927835e-01
8                                      9.6811970937185210e-01
9                                      9.7022843902603084e-01
   &COMPONENTS [&Type "ArrayOfIntegers", &Dim (10,4)] "The indices and atomic numbers of the bonding atoms"
                                                         0                           1                           2                           3

0                                                        0                           6                           1                           6
1                                                        0                           6                           4                           1
2                                                        0                           6                           5                           1
3                                                        0                           6                           6                           1
4                                                        1                           6                           2                           6
5                                                        1                           6                           3                          53
6                                                        1                           6                           7                           1
7                                                        2                           6                           8                           1
8                                                        2                           6                           9                           1
9                                                        2                           6                          10                           1
   &ATNO [&Type "ArrayOfIntegers", &Dim (11,1)] "Atomic number of the elements"
                                                         0

0                                                        6
1                                                        6
2                                                        6
3                                                       53
4                                                        1
5                                                        1
6                                                        1
7                                                        1
8                                                        1
9                                                        1
10                                                       1
   &NA [&Type "ArrayOfDoubles", &Dim (11,1)] "Mulliken gross atomic population"
                                                         0

0                                      6.3067823209915499e+00
1                                      6.0354310946106589e+00
2                                      6.3067901973230116e+00
3                                      2.5176077739484562e+01
4                                      8.8140309281700446e-01
5                                      8.6907334187967999e-01
6                                      8.9278127636273852e-01
7                                      8.8840973743629159e-01
8                                      8.9278176584205748e-01
9                                      8.8138424425829376e-01
10                                     8.6908518899430010e-01
   &ZA [&Type "ArrayOfDoubles", &Dim (11,1)] "Total nuclear charge"
                                                         0

0                                      6.0000000000000000e+00
1                                      6.0000000000000000e+00
2                                      6.0000000000000000e+00
3                                      2.5000000000000000e+01
4                                      1.0000000000000000e+00
5                                      1.0000000000000000e+00
6                                      1.0000000000000000e+00
7                                      1.0000000000000000e+00
8                                      1.0000000000000000e+00
9                                      1.0000000000000000e+00
10                                     1.0000000000000000e+00
   &QA [&Type "ArrayOfDoubles", &Dim (11,1)] "Mulliken gross atomic charge"
                                                         0

0                                     -3.0678232099154989e-01
1                                     -3.5431094610658853e-02
2                                     -3.0679019732301160e-01
3                                     -1.7607773948456185e-01
4                                      1.1859690718299554e-01
5                                      1.3092665812032001e-01
6                                      1.0721872363726148e-01
7                                      1.1159026256370841e-01
8                                      1.0721823415794252e-01
9                                      1.1861575574170624e-01
10                                     1.3091481100569990e-01
   &VA [&Type "ArrayOfDoubles", &Dim (11,1)] "Mayer's total valence"
                                                         0

0                                      3.8805473512607715e+00
1                                      3.9297083507793964e+00
2                                      3.8805404111967792e+00
3                                      1.0664125653391709e+00
4                                      9.8546307771722885e-01
5                                      9.7809428172197099e-01
6                                      9.7862613216992800e-01
7                                      9.5776489946838628e-01
8                                      9.7862252610407596e-01
9                                      9.8545958194260252e-01
10                                     9.7809952177613779e-01
   &BVA [&Type "ArrayOfDoubles", &Dim (11,1)] "Mayer's bonded valence"
                                                         0

0                                      3.8805473512607715e+00
1                                      3.9297083507794528e+00
2                                      3.8805404111968267e+00
3                                      1.0664125653392993e+00
4                                      9.8546307771725239e-01
5                                      9.7809428172198198e-01
6                                      9.7862613216990890e-01
7                                      9.5776489946838772e-01
8                                      9.7862252610410339e-01
9                                      9.8545958194262517e-01
10                                     9.7809952177614323e-01
   &FA [&Type "ArrayOfDoubles", &Dim (11,1)] "Mayer's free valence"
                                                         0

0                                      0.0000000000000000e+00
1                                      0.0000000000000000e+00
2                                      0.0000000000000000e+00
3                                      0.0000000000000000e+00
4                                      0.0000000000000000e+00
5                                      0.0000000000000000e+00
6                                      0.0000000000000000e+00
7                                      0.0000000000000000e+00
8                                      0.0000000000000000e+00
9                                      0.0000000000000000e+00
10                                     0.0000000000000000e+00
$End
$VdW_Correction
   &GeometryIndex 1
   &ListStatus       OUT
   &VDW [&Type "Double"]      -2.5902289071829598e-03
$End
$Calculation_Info
   &GeometryIndex 1
   &ListStatus       OUT
   &MULT [&Type "Integer"] 1
   &CHARGE [&Type "Integer"] 0
   &NUMOFATOMS [&Type "Integer"] 11
   &NUMOFELECTRONS [&Type "Integer"] 50
   &NUMOFFCELECTRONS [&Type "Integer"] 1
   &NUMOFCORRELECTRONS [&Type "Integer"] 0
   &NUMOFBASISFUNCTS [&Type "Integer"] 185
   &NUMOFAUXCBASISFUNCTS [&Type "Integer"] 0
   &NUMOFAUXJBASISFUNCTS [&Type "Integer"] 225
   &NUMOFAUXJKBASISFUNCTS [&Type "Integer"] 0
   &NUMOFCABSBASISFUNCTS [&Type "Integer"] 0
   &TOTALENERGY [&Type "Double"]      -4.1632923342391371e+02  "Hartrees"
$End
$SCF_Dipole_Moment
   &GeometryIndex 1
   &ListStatus       OUT
   &METHOD [&Type "String"] "SCF"
   &LEVEL [&Type "String"] "Relaxed density"
   &MULT [&Type "Integer"] 1
   &STATE [&Type "Integer"] -1
   &IRREP [&Type "Integer"] 0
   &NATOMS [&Type "Integer"] 11
   &DODIPOLEATOM [&Type "Boolean"] false
   &DIPOLEELECCONTRIB [&Type "ArrayOfDoubles", &Dim (3,1)] "Electronic contribution"
                                                         0

0                                      6.2095279909467905e+01
1                                     -1.2659214111924118e-02
2                                     -4.1299057800217631e-01
   &DIPOLENUCCONTRIB [&Type "ArrayOfDoubles", &Dim (3,1)] "Nuclear contribution"
                                                         0

0                                     -6.3093874477241947e+01
1                                      1.2841840742202848e-02
2                                      5.3791975086651900e-01
   &DIPOLETOTAL [&Type "ArrayOfDoubles", &Dim (3,1)] "Total"
                                                         0

0                                     -9.9859456777404176e-01
1                                      1.8262663027873022e-04
2                                      1.2492917286434269e-01
   &DIPOLEMAGNITUDE [&Type "Double", &Units "a.u."]       1.0063788761559338e+00
$End
$THERMOCHEMISTRY_Energies
   &GeometryIndex 1
   &ListStatus       OUT
   &TEMPERATURE [&Type "Double"]       2.9814999999999998e+02
   &PRESSURE [&Type "Double"]       1.0000000000000000e+00
   &TOTALMASS [&Type "Double"]       1.6998900000000000e+02
   &SPINDEGENERACY [&Type "Integer"] 1
   &ELENERGY [&Type "Double"]      -4.1632923342391371e+02
   &TRANSENERGY [&Type "Double"]       1.4162714244859817e-03
   &ROTENERGY [&Type "Double"]       1.4162714244859817e-03
   &VIBENERGY [&Type "Double"]       2.7017706837898633e-03
   &NUMOFFREQS [&Type "Integer"] 33
   &FREQSCALINGFACTOR [&Type "Double"]       1.0000000000000000e+00
   &FREQ [&Type "ArrayOfDoubles", &Dim (33,1)] "In cm^-1"
                                                         0

0                                      0.0000000000000000e+00
1                                      0.0000000000000000e+00
2                                      0.0000000000000000e+00
3                                      0.0000000000000000e+00
4                                      0.0000000000000000e+00
5                                      0.0000000000000000e+00
6                                      2.4165324564401854e+02
7                                      2.5294677642898398e+02
8                                      2.6915912375613942e+02
9                                      2.9877549611887434e+02
10                                     4.0197710884394922e+02
11                                     4.6688015775657709e+02
12                                     8.8757384843939735e+02
13                                     9.4225769570696423e+02
14                                     9.5089124916506830e+02
15                                     1.0246335834439517e+03
16                                     1.1419054234102728e+03
17                                     1.1615573840526013e+03
18                                     1.2194701945430836e+03
19                                     1.3514371824298835e+03
20                                     1.3946456017076168e+03
21                                     1.4097575130261089e+03
22                                     1.4674137786165197e+03
23                                     1.4755627531113787e+03
24                                     1.4816247117926100e+03
25                                     1.4979636342583365e+03
26                                     2.9925172130586843e+03
27                                     2.9974407401334265e+03
28                                     3.0726021577100300e+03
29                                     3.0734846920618679e+03
30                                     3.0994895547328315e+03
31                                     3.1133924697207326e+03
32                                     3.1239867000310073e+03
   &ZPE [&Type "Double"]       9.2974299105590130e-02
   &INNERENERGYU [&Type "Double"]      -4.1623072481127531e+02
   &ENTHALPYH [&Type "Double"]      -4.1622978060223306e+02
   &QEL [&Type "Double"]       0.0000000000000000e+00
   &QROT [&Type "Double"]       1.2722085633942613e-02
   &QVIB [&Type "Double"]       4.2585180368735097e-03
   &QTRANS [&Type "Double"]       1.9622664104506301e-02
   &ENTROPYS [&Type "Double"]       3.6603267775322419e-02
   &FREEENERGYG [&Type "Double"]      -4.1626638387000838e+02
   &ISLINEAR [&Type "Boolean"] false
$End
$Hessian
   &GeometryIndex 1
   &ListStatus       OUT
   &HESSIAN [&Type "ArrayOfDoubles", &Dim (33,33)] "The Hessian"
                                                         0                           1                           2                           3                           4                           5                           6                           7

0                                      5.1483176175415324e-01        -5.0052638063054281e-02        -9.8340347914997756e-03        -7.6578101044618097e-02        -4.2527148532652798e-02        -2.5378849958736408e-02         8.4160397639806220e-03         1.0585708952186634e-02
1                                     -5.0052638063054281e-02         5.1436744214602514e-01        -3.1281975502873663e-02        -3.4998019678578102e-02        -1.6469582412867231e-01        -4.0502973235846756e-02        -1.0597879746896733e-02        -3.2467128727953466e-02
2                                     -9.8340347914997756e-03        -3.1281975502873663e-02         5.5934148755685420e-01        -2.3370024870792726e-02        -3.9635781524108488e-02        -1.0108194244200236e-01         5.6511643836847925e-03         1.0819687036397506e-02
3                                     -7.6578101044618097e-02        -3.4998019678578102e-02        -2.3370024870792726e-02         2.4466898917764571e-01         3.6930791181939530e-05         5.0610762791567107e-02        -7.6547135896010352e-02         3.4969027916312810e-02
4                                     -4.2527148532652798e-02        -1.6469582412867231e-01        -3.9635781524108488e-02         3.6930791181939530e-05         4.4812820355528593e-01        -2.0309034865157241e-05         4.2492599933001807e-02        -1.6474306731512597e-01
5                                     -2.5378849958736408e-02        -4.0502973235846756e-02        -1.0108194244200236e-01         5.0610762791567107e-02        -2.0309034865157241e-05         5.6467619159397453e-01        -2.5350532347681198e-02         4.0502823275653396e-02
6                                      8.4160397639806220e-03        -1.0597879746896733e-02         5.6511643836847925e-03        -7.6547135896010352e-02         4.2492599933001807e-02        -2.5350532347681198e-02         5.1487234129542014e-01         5.0047207576287209e-02
7                                      1.0585708952186634e-02        -3.2467128727953466e-02         1.0819687036397506e-02         3.4969027916312810e-02        -1.6474306731512597e-01         4.0502823275653396e-02         5.0047207576287209e-02         5.1432168308029813e-01
8                                      5.6502276028304824e-03        -1.0831940103280160e-02         6.3173369407417742e-03        -2.3340434015018868e-02         3.9630152712169270e-02        -1.0106744025164675e-01        -9.8250329350209019e-03         3.1288888491863717e-02
9                                     -2.7159695969723251e-02        -3.0574481632217260e-03         5.3708424411937255e-03        -2.9650180516266181e-02         2.3680349857988734e-06         8.3800633137311783e-03        -2.7153106986324366e-02         3.0626968341181376e-03
10                                    -1.4994650238949036e-02        -5.0194578966466022e-04         3.5618564831764133e-03         2.8170913411183224e-06        -1.7313749944536466e-02        -9.4529284002982101e-07         1.5006247103438418e-02        -5.0607270301670018e-04
11                                    -2.9429651669476212e-03         4.7538366939886036e-04         1.1986291415109311e-03         7.2410410860216119e-03        -1.8067250259239148e-06        -2.3700872197231000e-02        -2.9420449049354256e-03        -4.7303582183324307e-04
12                                    -4.6091231405562455e-02         1.9194451697697853e-03         2.2570200733207965e-02        -1.8572296461514788e-03        -1.7064059326691952e-03        -1.6376952347922878e-02        -4.3652065947818054e-04         7.5255316840605699e-04
13                                     8.3828570556408613e-04        -4.7271320492288826e-02        -1.8237368650350374e-03         2.3465853522879544e-03        -1.4293675690312587e-03        -3.0240642983303045e-02         7.4289538337346224e-06         1.9709192420399963e-03
14                                     2.0321951448750548e-02        -3.9203213189112959e-03        -3.0651531000173143e-01         8.4532308344112232e-04        -8.8583919281096102e-04        -1.4088664496095540e-02         1.5317128542396714e-05         8.1217834546688892e-04
15                                    -9.5387565316168849e-02         9.6974553060666338e-02        -4.5801225023320936e-02         4.2268431708505708e-03        -1.4232761336450166e-02         7.3575337593854463e-03        -8.1308198071037164e-04        -2.1125368615523641e-03
16                                     9.2931045788752442e-02        -2.2169188934127829e-01         8.3442961876990490e-02         1.3471002024886422e-02        -2.2147972303694023e-02         1.1911436530318297e-02        -3.9403178759423001e-03        -3.7308889528437084e-03
17                                    -4.5848253479791864e-02         8.5207419727791445e-02        -8.8711564641702656e-02         7.3446188666476449e-03        -1.0709045734256878e-02         4.6108569562110617e-03        -1.3251404735153240e-03        -1.9072092964329008e-03
18                                    -2.7870255037243463e-01         1.0555157936642939e-03         6.0910745033322375e-02        -1.7298299443513201e-02        -2.7913923248108104e-03         2.3998836385944636e-03         4.3768445904897486e-04         1.2940475645550208e-03
19                                    -1.3338979134336461e-03        -4.5904374088831454e-02         1.1348946566687120e-04        -2.4923603825034835e-02        -2.8147907496158565e-03         6.4370243327264735e-03        -1.0595870491031319e-04         1.0551557902787781e-03
20                                     5.9111442130114517e-02        -3.1044973544266415e-04        -6.0684529548557797e-02        -1.0778973576121058e-02        -3.5968507681534249e-04         1.5834520477259924e-03         4.0845695583920831e-05         2.2167686830703486e-04
21                                     1.4803680799407746e-03        -1.1707129789975677e-03        -1.4504417669855290e-02        -3.2046831935637551e-02        -2.3157093739383886e-06         5.0300709836852012e-03         1.4850022340437479e-03         1.1715292730184140e-03
22                                     3.7598730515365554e-04        -1.1270282706532923e-03        -2.9457861777447129e-02        -2.3965232897874217e-06        -4.8578720428905348e-02         2.1887934185703880e-05        -3.8042623863103714e-04        -1.1343148888743972e-03
23                                     1.0066462732800062e-04         2.7332769975509791e-04        -1.0479563237968937e-02        -6.0206864908411307e-03         2.4331625325789804e-05        -3.2304019460479488e-01         1.0126527972583593e-04        -2.7130418658335639e-04
24                                     4.3872066101704327e-04        -1.2950289037503243e-03         9.3283977226747868e-05        -1.7288134464603741e-02         2.7942240445649677e-03         2.3919379875465049e-03        -2.7876516110633653e-01        -1.0343422687285071e-03
25                                     1.0574326831802274e-04         1.0556567020114879e-03        -2.7017171339407243e-04         2.4933321547683660e-02        -2.8163689805618961e-03        -6.4271911815948247e-03         1.3559169902667640e-03        -4.5904988299749636e-02
26                                     4.0096233590397774e-05        -2.2189842781995296e-04         1.8880903625805891e-04        -1.0778242629126389e-02         3.6052110141685315e-04         1.5770009640846171e-03         5.9001505125275536e-02         3.0402974802299222e-04
27                                    -4.3796740378563019e-04        -7.5170525189606485e-04         5.3240324495158048e-04        -1.8538868260380243e-03         1.7153473176829731e-03        -1.6366491591754295e-02        -4.6108423363125303e-02        -1.9328085684739060e-03
28                                    -5.7927207553578643e-06         1.9705869675459274e-03         9.7131799977417813e-04        -2.3594556417016995e-03        -1.4394342846865476e-03         3.0245979896347214e-02        -8.4849632093423602e-04        -4.7273333479804377e-02
29                                     1.4464638198120709e-05        -8.1128596136859055e-04         1.0262553064420022e-03         8.4772358808607798e-04         8.9037423447170180e-04        -1.4083814951595820e-02         2.0447955979267501e-02         4.0162100166107381e-03
30                                    -8.0977874679882009e-04         2.1105138757682397e-03        -1.5290422304822084e-03         4.2239674243423949e-03         1.4218580075032659e-02         7.3605042130549022e-03        -9.5387637760508320e-02        -9.6939921085044609e-02
31                                     3.9407613353964061e-03        -3.7341749762402690e-03         3.5764310583754461e-03        -1.3476235415582719e-02        -2.2148907850456118e-02        -1.1927119582317963e-02        -9.2899484170598221e-02        -2.2158796374524867e-01
32                                    -1.3246385114726491e-03         1.9084966510751499e-03        -5.9960810984369128e-04         7.3409617246665768e-03         1.0707116956035826e-02         4.6154273813700658e-03        -4.5905333603246438e-02        -8.5298005565182689e-02
                                                         8                           9                          10                          11                          12                          13                          14                          15

0                                      5.6502276028304824e-03        -2.7159695969723251e-02        -1.4994650238949036e-02        -2.9429651669476212e-03        -4.6091231405562455e-02         8.3828570556408613e-04         2.0321951448750548e-02        -9.5387565316168849e-02
1                                     -1.0831940103280160e-02        -3.0574481632217260e-03        -5.0194578966466022e-04         4.7538366939886036e-04         1.9194451697697853e-03        -4.7271320492288826e-02        -3.9203213189112959e-03         9.6974553060666338e-02
2                                      6.3173369407417742e-03         5.3708424411937255e-03         3.5618564831764133e-03         1.1986291415109311e-03         2.2570200733207965e-02        -1.8237368650350374e-03        -3.0651531000173143e-01        -4.5801225023320936e-02
3                                     -2.3340434015018868e-02        -2.9650180516266181e-02         2.8170913411183224e-06         7.2410410860216119e-03        -1.8572296461514788e-03         2.3465853522879544e-03         8.4532308344112232e-04         4.2268431708505708e-03
4                                      3.9630152712169270e-02         2.3680349857988734e-06        -1.7313749944536466e-02        -1.8067250259239148e-06        -1.7064059326691952e-03        -1.4293675690312587e-03        -8.8583919281096102e-04        -1.4232761336450166e-02
5                                     -1.0106744025164675e-01         8.3800633137311783e-03        -9.4529284002982101e-07        -2.3700872197231000e-02        -1.6376952347922878e-02        -3.0240642983303045e-02        -1.4088664496095540e-02         7.3575337593854463e-03
6                                     -9.8250329350209019e-03        -2.7153106986324366e-02         1.5006247103438418e-02        -2.9420449049354256e-03        -4.3652065947818054e-04         7.4289538337346224e-06         1.5317128542396714e-05        -8.1308198071037164e-04
7                                      3.1288888491863717e-02         3.0626968341181376e-03        -5.0607270301670018e-04        -4.7303582183324307e-04         7.5255316840605699e-04         1.9709192420399963e-03         8.1217834546688892e-04        -2.1125368615523641e-03
8                                      5.5934949282312441e-01         5.3624901593130429e-03        -3.5613590723424281e-03         1.1968607550658164e-03         5.3197096817484692e-04        -9.7074039420941434e-04         1.0269561267691116e-03        -1.5314958767870177e-03
9                                      5.3624901593130429e-03         9.8006078525168489e-02        -1.3506952110181321e-05        -1.6021297705819608e-02         1.4038130138136508e-03         5.9030725481168302e-04        -2.6566824850972857e-04         7.6326391964732219e-04
10                                    -3.5613590723424281e-03        -1.3506952110181321e-05         1.9258955061174227e-02         2.1769600113738231e-06         3.3032289478297718e-04         2.1143500718510161e-04         3.6964132479139732e-04        -5.7275192521513924e-04
11                                     1.1968607550658164e-03        -1.6021297705819608e-02         2.1769600113738231e-06         1.8289676029239619e-02        -6.3521971303716655e-04         3.0754567588198287e-04         7.9680024484542818e-04         1.6854581326000823e-04
12                                     5.3197096817484692e-04         1.4038130138136508e-03         3.3032289478297718e-04        -6.3521971303716655e-04         4.8155738365139776e-02         1.8420535371092004e-03        -2.1604712052688504e-02         2.9459250709129928e-04
13                                    -9.7074039420941434e-04         5.9030725481168302e-04         2.1143500718510161e-04         3.0754567588198287e-04         1.8420535371092004e-03         5.1004571186134766e-02         7.6497705080006868e-03        -3.4580780276714657e-03
14                                     1.0269561267691116e-03        -2.6566824850972857e-04         3.6964132479139732e-04         7.9680024484542818e-04        -2.1604712052688504e-02         7.6497705080006868e-03         3.3306182528268807e-01         1.8115514587795020e-03
15                                    -1.5314958767870177e-03         7.6326391964732219e-04        -5.7275192521513924e-04         1.6854581326000823e-04         2.9459250709129928e-04        -3.4580780276714657e-03         1.8115514587795020e-03         1.0181022102857813e-01
16                                    -3.5779756457072921e-03         2.6108695845291491e-05         7.3266785957816082e-04         5.7365374549097443e-05        -1.1759727989214823e-03         1.6021922354901947e-03        -1.2904848664300472e-03        -1.0092654208109023e-01
17                                    -5.9974737885816086e-04        -1.6816941202501103e-04        -1.2480986754879401e-04        -5.2172311954256116e-05        -1.4175513611530207e-02         2.5727006462188326e-02        -1.0114157971408144e-02         5.0077277328066029e-02
18                                     9.2777931283373818e-05        -4.3624842345620085e-04        -1.9397669335523217e-03        -9.0829712760567708e-04        -1.5904605500797150e-03         2.7109769144824055e-04        -3.3625947265620432e-04        -1.1917866696670566e-02
19                                     2.7019558347611078e-04        -3.7061237781835484e-03        -1.5797456655863879e-03        -5.4998099698662655e-04         7.8776023959332823e-04        -1.2344055883993961e-03         1.7355907982105558e-04         2.4523334371938991e-02
20                                     1.8760288849279153e-04        -2.1987274820220461e-03        -1.1377968200580583e-03         8.8065553843099937e-04         3.0797245582234609e-02         1.1837695528511637e-04        -5.8733806331550424e-03        -1.2154786973284371e-02
21                                    -1.4492260343937224e-02        -1.7508519856973985e-02         2.2529032377550425e-06         1.7409378845449564e-02        -3.5525428935966833e-05        -2.2759182488048314e-03        -1.0021776345702966e-03        -8.6998971608554703e-05
22                                     2.9464082991679831e-02         3.8082684753135772e-06         3.3713821498732423e-04        -3.5459080214195265e-06        -3.0194925686304374e-03        -4.7209814040369003e-03        -2.1903432181093535e-03         7.6683808272254923e-04
23                                    -1.0473594872105772e-02         2.1738248986284993e-03        -7.4470601274149522e-07        -2.3499044080255334e-04        -1.4947775152120268e-03        -1.8764200652055391e-03         1.0743222476460083e-03         2.3984996083874829e-04
24                                     6.0802168614835110e-02        -4.3282172450713995e-04         1.9388320515595051e-03        -9.0798536467843257e-04        -7.2153594929953214e-05         3.1094661644852904e-05        -3.6771591685278576e-05         3.7607305199735888e-04
25                                    -1.1868269165766837e-04         3.7074553613979616e-03        -1.5828233804860157e-03         5.5019222377057555e-04         1.2455742850224898e-04        -5.9292087200871890e-05        -4.4299858289706184e-05        -2.7975570702297095e-04
26                                    -6.0623666879399615e-02        -2.1940103343069759e-03         1.1373084926742877e-03         8.8072558399717739e-04         1.3746787931818354e-04        -1.2855391608844771e-05        -7.1296312026607016e-05        -1.4021314949856385e-04
27                                     2.2698538712924071e-02         1.4036097312753750e-03        -3.3006057740338365e-04        -6.3684061505610908e-04         3.8218762196758993e-04        -4.9887319519176436e-05         3.3295510167853095e-04        -1.5279963003914728e-04
28                                     1.9209562323375087e-03        -5.9040168261171016e-04         2.1212101194604616e-04        -3.0734248628150557e-04         4.8694845878034614e-05        -3.8031702998807986e-04        -7.5362592544512500e-04         1.4674911316801589e-04
29                                    -3.0649467199731650e-01        -2.6503876178237025e-04        -3.7030043587627990e-04         7.9720417573786863e-04         3.3347046413221475e-04         7.5307814324918976e-04         3.5474039089408195e-04        -8.8903951258106993e-05
30                                    -4.5858920146277612e-02         7.6380828734627128e-04         5.7043169108514542e-04         1.6877589430440971e-04        -1.5321022287457029e-04        -1.4636012058813497e-04        -8.8868171734002646e-05         8.8731891703281362e-04
31                                    -8.3529517016619564e-02        -2.5430981721878167e-05         7.3202032841936744e-04        -5.6948659197882502e-05         9.9874576063339947e-05         3.0656650009527859e-04         9.0771622983824157e-05        -8.2966461246885247e-04
32                                    -8.8819128154867116e-02        -1.6739990935627034e-04         1.2496962775957081e-04        -5.2516518840028947e-05        -7.5821436025124160e-05         3.5761145368921660e-04         3.4816512157411763e-04         6.6755543424051574e-05
                                                        16                          17                          18                          19                          20                          21                          22                          23

0                                      9.2931045788752442e-02        -4.5848253479791864e-02        -2.7870255037243463e-01        -1.3338979134336461e-03         5.9111442130114517e-02         1.4803680799407746e-03         3.7598730515365554e-04         1.0066462732800062e-04
1                                     -2.2169188934127829e-01         8.5207419727791445e-02         1.0555157936642939e-03        -4.5904374088831454e-02        -3.1044973544266415e-04        -1.1707129789975677e-03        -1.1270282706532923e-03         2.7332769975509791e-04
2                                      8.3442961876990490e-02        -8.8711564641702656e-02         6.0910745033322375e-02         1.1348946566687120e-04        -6.0684529548557797e-02        -1.4504417669855290e-02        -2.9457861777447129e-02        -1.0479563237968937e-02
3                                      1.3471002024886422e-02         7.3446188666476449e-03        -1.7298299443513201e-02        -2.4923603825034835e-02        -1.0778973576121058e-02        -3.2046831935637551e-02        -2.3965232897874217e-06        -6.0206864908411307e-03
4                                     -2.2147972303694023e-02        -1.0709045734256878e-02        -2.7913923248108104e-03        -2.8147907496158565e-03        -3.5968507681534249e-04        -2.3157093739383886e-06        -4.8578720428905348e-02         2.4331625325789804e-05
