*************************************************
******************* ORCA 6.0.0 ******************
*************************************************
$Calculation_Status
   &GeometryIndex 1
   &ListStatus       OUT
   &VERSION [&Type "String"] "6.0.0"
   &PROGNAME [&Type "String"] "LeanSCF"
   &STATUS [&Type "String"] "NORMAL TERMINATION"
$End
$Geometry
   &GeometryIndex 1
   &ListStatus       OUT
   &NATOMS [&Type "Integer"] 11
   &NCORELESSECP [&Type "Integer"] 0
   &NGHOSTATOMS [&Type "Integer"] 0
   &CartesianCoordinates [&Type "Coordinates", &Dim(11,4), &Units "Bohr"] 
              C     -3.994129177804   -2.395534429520   -0.270406247578
              C     -2.841233942274    0.000004172326    0.785601658158
              C     -3.994133145473    2.395514443588   -0.270464124220
              I      1.276079031955   -0.000028003663   -0.012855287214
              H     -3.110142330746   -4.088545767968    0.509778403659
              H     -6.011995328976   -2.431011103885    0.213843074541
              H     -3.826540469128   -2.455019601607   -2.329388024212
              H     -2.866364107541    0.000032415228    2.847387844878
              H     -3.826876025341    2.454776407648   -2.329480233588
              H     -3.109912561969    4.088548432104    0.509406573586
              H     -6.011917212233    2.431175733991    0.214117815399
$End
$SCF_Energy
   &GeometryIndex 1
   &ListStatus       OUT
   &SCF_ENERGY [&Type "Double"]      -4.1633196694419530e+02
$End
$DFT_Energy
   &GeometryIndex 1
   &ListStatus       OUT
   &NALPHAEL [&Type "Integer"] 25
   &NBETAEL [&Type "Integer"] 25
   &NTOTALEL [&Type "Integer"] 50
   &EEXCHANGE [&Type "Double"]      -3.9340886942467186e+01
   &ECORR [&Type "Double"]      -1.8268731378538277e+00
   &ECNL [&Type "Double"]       0.0000000000000000e+00
   &EXC [&Type "Double"]      -4.1167760080321017e+01
   &EEMBED [&Type "Double"]       0.0000000000000000e+00
   &FINALEN [&Type "Double"]      -4.1633196694419530e+02  "No Van der Waals correction"
$End
$Mulliken_Population_Analysis
   &GeometryIndex 1
   &ListStatus       OUT
   &NATOMS [&Type "Integer"] 11
   &ATNO [&Type "ArrayOfIntegers", &Dim (11,1)] 
                                                         0

0                                                        6
1                                                        6
2                                                        6
3                                                       53
4                                                        1
5                                                        1
6                                                        1
7                                                        1
8                                                        1
9                                                        1
10                                                       1
   &ATOMICCHARGES [&Type "ArrayOfDoubles", &Dim (11,1)] 
                                                         0

0                                     -3.1015309376717859e-01
1                                     -3.7305639564777948e-02
2                                     -3.1015003053172840e-01
3                                     -1.6222368855433089e-01
4                                      1.3005060665904389e-01
5                                      1.0777885278437516e-01
6                                      1.1768516414449492e-01
7                                      1.0880550119169885e-01
8                                      1.1767849275381759e-01
9                                      1.3005390278564799e-01
10                                     1.0777993209912662e-01
$End
$Loewdin_Population_Analysis
   &GeometryIndex 1
   &ListStatus       OUT
   &NATOMS [&Type "Integer"] 11
   &ATNO [&Type "ArrayOfIntegers", &Dim (11,1)] 
                                                         0

0                                                        6
1                                                        6
2                                                        6
3                                                       53
4                                                        1
5                                                        1
6                                                        1
7                                                        1
8                                                        1
9                                                        1
10                                                       1
   &ATOMICCHARGES [&Type "ArrayOfDoubles", &Dim (11,1)] 
                                                         0

0                                     -3.1576805186533186e-01
1                                     -4.4438029489332109e-01
2                                     -3.1576671550313407e-01
3                                      1.8112620110612454e-01
4                                      1.2500940095119584e-01
5                                      1.2741899141921564e-01
6                                      1.2557323657934538e-01
7                                      1.3878510417314582e-01
8                                      1.2557366159651295e-01
9                                      1.2500940460558407e-01
10                                     1.2741906183085694e-01
$End
$Mayer_Population_Analysis
   &GeometryIndex 1
   &ListStatus       OUT
   &NATOMS [&Type "Integer"] 11 "Total number of atoms"
   &BONDTHRESH [&Type "Double"]       1.0000000000000001e-01  "The threshold for printing"
   &NBONDORDERSPRINT [&Type "Integer"] 10 "The number of bond orders larger than threshold"
   &BONDORDERS [&Type "ArrayOfDoubles", &Dim (10,1)] "The bond orders"
                                                         0

0                                      9.8836697100162962e-01
1                                      9.7068391041873170e-01
2                                      9.4846978402431958e-01
3                                      9.6857055277802928e-01
4                                      9.8836796924821702e-01
5                                      9.9083753519429629e-01
6                                      9.5473067518114751e-01
7                                      9.6857154685269353e-01
8                                      9.7068269517596384e-01
9                                      9.4846968008713195e-01
   &COMPONENTS [&Type "ArrayOfIntegers", &Dim (10,4)] "The indices and atomic numbers of the bonding atoms"
                                                         0                           1                           2                           3

0                                                        0                           6                           1                           6
1                                                        0                           6                           4                           1
2                                                        0                           6                           5                           1
3                                                        0                           6                           6                           1
4                                                        1                           6                           2                           6
5                                                        1                           6                           3                          53
6                                                        1                           6                           7                           1
7                                                        2                           6                           8                           1
8                                                        2                           6                           9                           1
9                                                        2                           6                          10                           1
   &ATNO [&Type "ArrayOfIntegers", &Dim (11,1)] "Atomic number of the elements"
                                                         0

0                                                        6
1                                                        6
2                                                        6
3                                                       53
4                                                        1
5                                                        1
6                                                        1
7                                                        1
8                                                        1
9                                                        1
10                                                       1
   &NA [&Type "ArrayOfDoubles", &Dim (11,1)] "Mulliken gross atomic population"
                                                         0

0                                      6.3101530937672070e+00
1                                      6.0373056395647673e+00
2                                      6.3101500305317044e+00
3                                      2.5162223688554342e+01
4                                      8.6994939334095767e-01
5                                      8.9222114721562518e-01
6                                      8.8231483585550519e-01
7                                      8.9119449880829971e-01
8                                      8.8232150724618263e-01
9                                      8.6994609721435312e-01
10                                     8.9222006790087283e-01
   &ZA [&Type "ArrayOfDoubles", &Dim (11,1)] "Total nuclear charge"
                                                         0

0                                      6.0000000000000000e+00
1                                      6.0000000000000000e+00
2                                      6.0000000000000000e+00
3                                      2.5000000000000000e+01
4                                      1.0000000000000000e+00
5                                      1.0000000000000000e+00
6                                      1.0000000000000000e+00
7                                      1.0000000000000000e+00
8                                      1.0000000000000000e+00
9                                      1.0000000000000000e+00
10                                     1.0000000000000000e+00
   &QA [&Type "ArrayOfDoubles", &Dim (11,1)] "Mulliken gross atomic charge"
                                                         0

0                                     -3.1015309376720701e-01
1                                     -3.7305639564767290e-02
2                                     -3.1015003053170442e-01
3                                     -1.6222368855434155e-01
4                                      1.3005060665904233e-01
5                                      1.0777885278437482e-01
6                                      1.1768516414449481e-01
7                                      1.0880550119170029e-01
8                                      1.1767849275381737e-01
9                                      1.3005390278564688e-01
10                                     1.0777993209912717e-01
   &VA [&Type "ArrayOfDoubles", &Dim (11,1)] "Mayer's total valence"
                                                         0

0                                      3.8797002825465752e+00
1                                      3.9333667376395454e+00
2                                      3.8796997647368658e+00
3                                      1.0748285091326180e+00
4                                      9.7799672419377370e-01
5                                      9.7874896408435430e-01
6                                      9.8554825183962769e-01
7                                      9.5780041460806287e-01
8                                      9.8554959186460156e-01
9                                      9.7799536151120547e-01
10                                     9.7875029488326293e-01
   &BVA [&Type "ArrayOfDoubles", &Dim (11,1)] "Mayer's bonded valence"
                                                         0

0                                      3.8797002825464086e+00
1                                      3.9333667376394241e+00
2                                      3.8796997647368943e+00
3                                      1.0748285091325056e+00
4                                      9.7799672419373718e-01
5                                      9.7874896408434886e-01
6                                      9.8554825183961314e-01
7                                      9.5780041460805210e-01
8                                      9.8554959186459090e-01
9                                      9.7799536151118971e-01
10                                     9.7875029488328325e-01
   &FA [&Type "ArrayOfDoubles", &Dim (11,1)] "Mayer's free valence"
                                                         0

0                                      0.0000000000000000e+00
1                                      0.0000000000000000e+00
2                                      0.0000000000000000e+00
3                                      0.0000000000000000e+00
4                                      0.0000000000000000e+00
5                                      0.0000000000000000e+00
6                                      0.0000000000000000e+00
7                                      0.0000000000000000e+00
8                                      0.0000000000000000e+00
9                                      0.0000000000000000e+00
10                                     0.0000000000000000e+00
$End
$VdW_Correction
   &GeometryIndex 1
   &ListStatus       OUT
   &VDW [&Type "Double"]      -2.5934925012166387e-03
$End
$Calculation_Info
   &GeometryIndex 1
   &ListStatus       OUT
   &MULT [&Type "Integer"] 1
   &CHARGE [&Type "Integer"] 0
   &NUMOFATOMS [&Type "Integer"] 11
   &NUMOFELECTRONS [&Type "Integer"] 50
   &NUMOFFCELECTRONS [&Type "Integer"] 1
   &NUMOFCORRELECTRONS [&Type "Integer"] 0
   &NUMOFBASISFUNCTS [&Type "Integer"] 185
   &NUMOFAUXCBASISFUNCTS [&Type "Integer"] 0
   &NUMOFAUXJBASISFUNCTS [&Type "Integer"] 225
   &NUMOFAUXJKBASISFUNCTS [&Type "Integer"] 0
   &NUMOFCABSBASISFUNCTS [&Type "Integer"] 0
   &TOTALENERGY [&Type "Double"]      -4.1632954567379653e+02  "Hartrees"
$End
$SCF_Dipole_Moment
   &GeometryIndex 1
   &ListStatus       OUT
   &METHOD [&Type "String"] "SCF"
   &LEVEL [&Type "String"] "Relaxed density"
   &MULT [&Type "Integer"] 1
   &STATE [&Type "Integer"] -1
   &IRREP [&Type "Integer"] 0
   &NATOMS [&Type "Integer"] 11
   &DODIPOLEATOM [&Type "Boolean"] false
   &DIPOLEELECCONTRIB [&Type "ArrayOfDoubles", &Dim (3,1)] "Electronic contribution"
                                                         0

0                                      6.1728984004302809e+01
1                                     -2.6717939127676271e-04
2                                     -3.8432733860976892e-01
   &DIPOLENUCCONTRIB [&Type "ArrayOfDoubles", &Dim (3,1)] "Nuclear contribution"
                                                         0

0                                     -6.2682184255337113e+01
1                                      2.7556567937780940e-04
2                                      5.0592299341212277e-01
   &DIPOLETOTAL [&Type "ArrayOfDoubles", &Dim (3,1)] "Total"
                                                         0

0                                     -9.5320025103430339e-01
1                                      8.3862881010466923e-06
2                                      1.2159565480235385e-01
   &DIPOLEMAGNITUDE [&Type "Double", &Units "a.u."]       9.6092467025724859e-01
$End
$THERMOCHEMISTRY_Energies
   &GeometryIndex 1
   &ListStatus       OUT
   &TEMPERATURE [&Type "Double"]       2.9814999999999998e+02
   &PRESSURE [&Type "Double"]       1.0000000000000000e+00
   &TOTALMASS [&Type "Double"]       1.6998900000000000e+02
   &SPINDEGENERACY [&Type "Integer"] 1
   &ELENERGY [&Type "Double"]      -4.1632954567379653e+02
   &TRANSENERGY [&Type "Double"]       1.4162714244859817e-03
   &ROTENERGY [&Type "Double"]       1.4162714244859817e-03
   &VIBENERGY [&Type "Double"]       2.6839524307243142e-03
   &NUMOFFREQS [&Type "Integer"] 33
   &FREQSCALINGFACTOR [&Type "Double"]       1.0000000000000000e+00
   &FREQ [&Type "ArrayOfDoubles", &Dim (33,1)] "In cm^-1"
                                                         0

0                                      0.0000000000000000e+00
1                                      0.0000000000000000e+00
2                                      0.0000000000000000e+00
3                                      0.0000000000000000e+00
4                                      0.0000000000000000e+00
5                                      0.0000000000000000e+00
6                                      2.4781498820365775e+02
7                                      2.5609119593433655e+02
8                                      2.6757654262800509e+02
9                                      2.9579338910720037e+02
10                                     4.0112476647413888e+02
11                                     4.8300016799435150e+02
12                                     8.8255804951356913e+02
13                                     9.3954795160965875e+02
14                                     9.4952075081810654e+02
15                                     1.0295347567793588e+03
16                                     1.1353161324439423e+03
17                                     1.1640709074934648e+03
18                                     1.2236323205645413e+03
19                                     1.3483379179623369e+03
20                                     1.3931958914270915e+03
21                                     1.4095431737125841e+03
22                                     1.4677289347514750e+03
23                                     1.4764027910821465e+03
24                                     1.4817848768726919e+03
25                                     1.4982746925200679e+03
26                                     2.9942431720599798e+03
27                                     2.9989776607382100e+03
28                                     3.0730014705193821e+03
29                                     3.0764069796412364e+03
30                                     3.0941194766836670e+03
31                                     3.1142722457728100e+03
32                                     3.1212167039125443e+03
   &ZPE [&Type "Double"]       9.3001837407991866e-02
   &INNERENERGYU [&Type "Double"]      -4.1623102734110881e+02
   &ENTHALPYH [&Type "Double"]      -4.1623008313206657e+02
   &QEL [&Type "Double"]       0.0000000000000000e+00
   &QROT [&Type "Double"]       1.2712332461254456e-02
   &QVIB [&Type "Double"]       4.2220946003886060e-03
   &QTRANS [&Type "Double"]       1.9622664104506301e-02
   &ENTROPYS [&Type "Double"]       3.6557091166149358e-02
   &FREEENERGYG [&Type "Double"]      -4.1626664022323274e+02
   &ISLINEAR [&Type "Boolean"] false
$End
$Hessian
   &GeometryIndex 1
   &ListStatus       OUT
   &HESSIAN [&Type "ArrayOfDoubles", &Dim (33,33)] "The Hessian"
                                                         0                           1                           2                           3                           4                           5                           6                           7

0                                      5.1935685137026111e-01        -5.0905168128314235e-02        -1.1926297439753120e-02        -7.7503653855741372e-02        -4.1271389719881590e-02        -2.4294729165667602e-02         8.3543194313453299e-03         1.0616230646000775e-02
1                                     -5.0905168128314235e-02         5.0974320422834629e-01        -3.2654330161936987e-02        -3.3840841725817361e-02        -1.5999493233500969e-01        -3.8580944327567784e-02        -1.0617603690090082e-02        -3.2418541420224892e-02
2                                     -1.1926297439753120e-02        -3.2654330161936987e-02         5.5616861463120204e-01        -2.2247724944345154e-02        -3.7884062113006156e-02        -9.9622279655298046e-02         5.6124671057858153e-03         1.0746756706795065e-02
3                                     -7.7503653855741372e-02        -3.3840841725817361e-02        -2.2247724944345154e-02         2.5473992874997092e-01         1.3411653407725127e-07         4.2373123403403865e-02        -7.7504290734103337e-02         3.3839534169924343e-02
4                                     -4.1271389719881590e-02        -1.5999493233500969e-01        -3.7884062113006156e-02         1.3411653407725127e-07         4.3829100247027236e-01         1.6823744501959226e-06         4.1271951530514744e-02        -1.5999191546927030e-01
5                                     -2.4294729165667602e-02        -3.8580944327567784e-02        -9.9622279655298046e-02         4.2373123403403865e-02         1.6823744501959226e-06         5.5997734426341905e-01        -2.4297385482500992e-02         3.8582312493247374e-02
6                                      8.3543194313453299e-03        -1.0617603690090082e-02         5.6124671057858153e-03        -7.7504290734103337e-02         4.1271951530514744e-02        -2.4297385482500992e-02         5.1935604160413673e-01         5.0907267806397399e-02
7                                      1.0616230646000775e-02        -3.2418541420224892e-02         1.0746756706795065e-02         3.3839534169924343e-02        -1.5999191546927030e-01         3.8582312493247374e-02         5.0907267806397399e-02         5.0974393482463720e-01
8                                      5.6116145485275472e-03        -1.0744450651750165e-02         6.1744829996932538e-03        -2.2250872647889212e-02         3.7886951593691015e-02        -9.9624864639558997e-02        -1.1924692194174639e-02         3.2652292988330570e-02
9                                     -2.7341980742789644e-02        -2.8934028027430966e-03         5.4502456006524126e-03        -3.9025479000468627e-02         1.8954169450164647e-07         1.0125528596351501e-02        -2.7340643985162654e-02         2.8947877078908139e-03
10                                    -1.5384865916595231e-02        -4.7704988051513152e-04         3.6215267787767695e-03         8.7642100638489045e-08        -1.7286987339205140e-02        -9.2289186865010467e-08         1.5384582142474415e-02        -4.7802539044541556e-04
11                                    -3.0870572418513808e-03         4.3454756930056543e-04         1.2158042895414325e-03         9.1290787184720532e-03         2.6854511332448394e-07        -2.4044665154763629e-02        -3.0869829779176560e-03        -4.3506474949539953e-04
12                                    -9.6466499640745662e-02         9.7741660900094340e-02        -4.5837815715923949e-02         4.2469188384849010e-03        -1.4084128106214400e-02         7.2732945442432854e-03        -8.4749767106314907e-04        -2.1495646003012229e-03
13                                     9.3743142291897702e-02        -2.2181307021833666e-01         8.3117795193475702e-02         1.3330234906010419e-02        -2.2138566812914436e-02         1.1831655437446138e-02        -3.9647371554238408e-03        -3.7609836964628690e-03
14                                    -4.5751480220804178e-02         8.4712721687379477e-02        -8.7605756720229744e-02         7.2105702305894376e-03        -1.0853275763753920e-02         4.5601159049703591e-03        -1.3163393057021352e-03        -1.8997974553180315e-03
15                                    -2.8042076387427761e-01        -1.2121707161486667e-04         5.9462247095044468e-02        -1.6466996115640814e-02        -2.2913139652043953e-03         2.3777361624180071e-03         4.3579301947582662e-04         1.2382727341528495e-03
16                                    -2.3275101329670311e-03        -4.6242048603310895e-02         2.9558882838574157e-04        -2.4581232112793228e-02        -2.6061830342092992e-03         6.4481862242218961e-03        -1.5869285599375547e-04         1.1147944592731665e-03
17                                     5.7755317606481373e-02        -1.0387613319409514e-04        -6.0042539022116780e-02        -1.0910813399886378e-02        -2.8775923416853467e-04         1.4790456431087737e-03         5.1692860377641195e-05         2.5401669530086368e-04
18                                    -4.6729988685636679e-02         1.8256755720139953e-03         2.5048674886070224e-02        -1.6860183637641100e-03        -1.7069493808990969e-03        -1.6293949785176228e-02        -4.1065508038405120e-04         7.5124894313938759e-04
19                                     8.0205112973763407e-04        -4.6797103560264577e-02        -2.0351873827769854e-03         2.3363069089116961e-03        -1.6998046879971970e-03        -3.0256283918847264e-02         2.5564703168308575e-05         1.9961222553317218e-03
20                                     2.2724650294682489e-02        -3.9994093897243437e-03        -3.0614553008320833e-01         9.0305456873422153e-04        -9.5162985976073727e-04        -1.4238302174642479e-02         2.5998872401457665e-05         8.1381850545536529e-04
21                                     1.5744758781883039e-03        -1.2164518299118260e-03        -1.4582659151260472e-02        -3.2894616567168668e-02        -4.0051859111400996e-07         9.4311403613684987e-03         1.5730847910823114e-03         1.2162759167778758e-03
22                                     4.9674359439931624e-04        -1.3507114070166978e-03        -2.9449794518385516e-02        -1.3610320222022457e-07        -4.8127932964365079e-02        -3.4004599270855765e-06        -4.9560756447760454e-04        -1.3491282397024673e-03
23                                     1.1862600451759304e-04         8.8251052229086635e-05        -1.0732623481821342e-02        -1.4627702474255232e-03        -3.6515754483458272e-06        -3.2028689369801183e-01         1.1832512942300949e-04        -8.8674155923226111e-05
24                                    -4.1026217441836647e-04        -7.5124695574300059e-04         5.2839289271437012e-04        -1.6872056876827916e-03         1.7045069451318907e-03        -1.6293571299385134e-02        -4.6723799885229164e-02        -1.8216910501432800e-03
25                                    -2.5797131008950308e-05         1.9963243901800552e-03         9.8016708129497129e-04        -2.3320227805480429e-03        -1.6971764818400959e-03         3.0256987738256014e-02        -7.9900275201444338e-04        -4.6796239231633105e-02
26                                     2.6181853483801115e-05        -8.1410546238292283e-04         1.0246923180586001e-03         9.0218398848283116e-04         9.5043917403393741e-04        -1.4239075316932952e-02         2.2682799401489255e-02         3.9714175565274505e-03
27                                    -8.4781004482140120e-04         2.1499302215245578e-03        -1.5061726201647018e-03         4.2480950842198485e-03         1.4085259015777693e-02         7.2711129344224298e-03        -9.6492251351482511e-02        -9.7768980384672299e-02
28                                     3.9642467563570875e-03        -3.7608468566545893e-03         3.5618592157576979e-03        -1.3332188626801701e-02        -2.2138534067506696e-02        -1.1828122630096515e-02        -9.3769541865220934e-02        -2.2181802648974874e-01
29                                    -1.3161520711997764e-03         1.8994362274826477e-03        -6.1920121869657333e-04         7.2128494591155810e-03         1.0852245967848628e-02         4.5585332946806939e-03        -4.5745914590160947e-02        -8.4679533759596554e-02
30                                     4.3531233863607337e-04        -1.2378727213560087e-03         8.6068152748350335e-05        -1.6466682348105964e-02         2.2921337136542069e-03         2.3795289987395690e-03        -2.8040010013861538e-01         1.4314424281373569e-04
31                                     1.5885484233210629e-04         1.1147756628068573e-03        -2.8423177579819513e-04         2.4580130433164860e-02        -2.6089692779544676e-03        -6.4519663359758773e-03         2.3492935686854192e-03        -4.6241991601754261e-02
32                                     5.1899970015012540e-05        -2.5392826241758815e-04         1.8433594287548590e-04        -1.0910508397468929e-02         2.8877658498036723e-04         1.4810415330289203e-03         5.7792638724340345e-02         9.8584557974369186e-05
                                                         8                           9                          10                          11                          12                          13                          14                          15

0                                      5.6116145485275472e-03        -2.7341980742789644e-02        -1.5384865916595231e-02        -3.0870572418513808e-03        -9.6466499640745662e-02         9.3743142291897702e-02        -4.5751480220804178e-02        -2.8042076387427761e-01
1                                     -1.0744450651750165e-02        -2.8934028027430966e-03        -4.7704988051513152e-04         4.3454756930056543e-04         9.7741660900094340e-02        -2.2181307021833666e-01         8.4712721687379477e-02        -1.2121707161486667e-04
2                                      6.1744829996932538e-03         5.4502456006524126e-03         3.6215267787767695e-03         1.2158042895414325e-03        -4.5837815715923949e-02         8.3117795193475702e-02        -8.7605756720229744e-02         5.9462247095044468e-02
3                                     -2.2250872647889212e-02        -3.9025479000468627e-02         8.7642100638489045e-08         9.1290787184720532e-03         4.2469188384849010e-03         1.3330234906010419e-02         7.2105702305894376e-03        -1.6466996115640814e-02
4                                      3.7886951593691015e-02         1.8954169450164647e-07        -1.7286987339205140e-02         2.6854511332448394e-07        -1.4084128106214400e-02        -2.2138566812914436e-02        -1.0853275763753920e-02        -2.2913139652043953e-03
5                                     -9.9624864639558997e-02         1.0125528596351501e-02        -9.2289186865010467e-08        -2.4044665154763629e-02         7.2732945442432854e-03         1.1831655437446138e-02         4.5601159049703591e-03         2.3777361624180071e-03
6                                     -1.1924692194174639e-02        -2.7340643985162654e-02         1.5384582142474415e-02        -3.0869829779176560e-03        -8.4749767106314907e-04        -3.9647371554238408e-03        -1.3163393057021352e-03         4.3579301947582662e-04
7                                      3.2652292988330570e-02         2.8947877078908139e-03        -4.7802539044541556e-04        -4.3506474949539953e-04        -2.1495646003012229e-03        -3.7609836964628690e-03        -1.8997974553180315e-03         1.2382727341528495e-03
8                                      5.5616725392882005e-01         5.4524915195564762e-03        -3.6225120010236439e-03         1.2162662728791435e-03        -1.5058714258199054e-03        -3.5612041691779482e-03        -6.1931793495682754e-04         8.6288564297646274e-05
9                                      5.4524915195564762e-03         1.0775082099385948e-01        -5.4544215075547769e-07        -1.7942200341802862e-02         7.9217766408625758e-04         4.4067360084077203e-05        -1.1919349782083194e-04        -4.3981680181972085e-04
10                                    -3.6225120010236439e-03        -5.4544215075547769e-07         1.9230547668209311e-02         4.1739152803775331e-07        -5.9594541057807269e-04         7.2198521918134903e-04        -1.0134546906464120e-04        -1.9374553643573280e-03
11                                     1.2162662728791435e-03        -1.7942200341802862e-02         4.1739152803775331e-07         1.8492686549846350e-02         1.7220312400246344e-04         5.6855863317990633e-05        -5.5912144288641124e-05        -9.0173559805660345e-04
12                                    -1.5058714258199054e-03         7.9217766408625758e-04        -5.9594541057807269e-04         1.7220312400246344e-04         1.0269950370510955e-01        -1.0167136811888880e-01         5.0143842676678152e-02        -1.1867937165173148e-02
13                                    -3.5612041691779482e-03         4.4067360084077203e-05         7.2198521918134903e-04         5.6855863317990633e-05        -1.0167136811888880e-01         2.4402298979938830e-01        -8.9521631638834004e-02        -1.1374200991183178e-03
14                                    -6.1931793495682754e-04        -1.1919349782083194e-04        -1.0134546906464120e-04        -5.5912144288641124e-05         5.0143842676678152e-02        -8.9521631638834004e-02         9.0351656732461330e-02         3.7483927069828990e-03
15                                     8.6288564297646274e-05        -4.3981680181972085e-04        -1.9374553643573280e-03        -9.0173559805660345e-04        -1.1867937165173148e-02        -1.1374200991183178e-03         3.7483927069828990e-03         3.0888073365347679e-01
16                                     2.8424356112701090e-04        -3.7091869367805340e-03        -1.6066076190881500e-03        -5.6936852614060439e-04         2.4471741839978821e-02         1.3885943520429459e-03        -7.6676666648601210e-03         4.4513149485912113e-03
17                                     1.8474718297315776e-04        -2.1397132157959650e-03        -1.1465775910197054e-03         8.7018548718894076e-04        -1.2173308708858115e-02        -9.7686834712736124e-04         2.2804797357346487e-03        -6.3733756801876332e-02
18                                     5.2842867918953041e-04         1.3876450384476126e-03         3.1043105399599437e-04        -6.7693948165103469e-04         4.0367856011276886e-04        -1.0621167861733596e-03        -1.4299277331543512e-02        -1.7717542138815314e-03
19                                    -9.8039349118179270e-04         6.4243014822528300e-04         2.2581338965965849e-04         2.9380797152557948e-04        -3.5057746566150389e-03         1.4474670210837914e-03         2.5935749555783278e-02         2.9594603427374059e-04
20                                     1.0244510220053429e-03        -2.7687779267599778e-04         3.7774593202976464e-04         8.0246557683070097e-04         1.8303416524851623e-03        -1.1905616775920794e-03        -1.0444848565213468e-02        -3.4634263058367504e-04
21                                    -1.4582809383731509e-02        -1.7522446329944555e-02         3.3654565429513803e-07         1.7807349224211590e-02        -6.4489549048074406e-05         4.4195433548843330e-06         5.9052758340051158e-04         5.9522605932883657e-04
22                                     2.9449843260680265e-02        -4.7539862946486146e-08         3.2886992071663474e-04        -5.5707672807837020e-09         7.6947578457742575e-04         8.9052216723809179e-04         3.0157125390033917e-04        -5.2954624600772384e-05
23                                    -1.0733747353401147e-02         1.9795435271631710e-03        -1.0835738491726734e-08        -1.1349561492861402e-04         2.4219413158642344e-04        -2.3750655855710005e-04         6.3524368247503977e-04        -5.0160002917347228e-04
24                                     2.5005733321970085e-02         1.3876370022682810e-03        -3.1075773268357114e-04        -6.7638343902825312e-04        -1.5027853987458254e-04        -1.0191635974797259e-04        -8.1165965036231007e-05        -6.8277827515730199e-05
25                                     2.0065610714017964e-03        -6.4253053826556395e-04         2.2575652765241528e-04        -2.9382795381054354e-04         1.4374282270386435e-04         3.1238083411080594e-04        -3.5777679714905539e-04        -3.5488308874075835e-05
26                                    -3.0615274487320099e-01        -2.7718296990686744e-04        -3.7742827198019300e-04         8.0228870078825909e-04        -8.4706657989274542e-05        -8.9647905773944554e-05         3.4656660443907646e-04        -3.4598616320009185e-05
27                                    -4.5831873079813817e-02         7.9215467194336683e-04         5.9655331433165813e-04         1.7213841968890116e-04         8.9174484384628048e-04         8.3530774601550976e-04         7.8928203413720574e-05         3.6272892827669909e-04
28                                    -8.3085980449967622e-02        -4.4283585770854561e-05         7.2213332577188952e-04        -5.6989320127615300e-05        -8.3515899953184088e-04        -1.4658941766537009e-03        -7.0616513627628922e-04         2.0687227788014281e-05
29                                    -8.7574205091508775e-02        -1.1943430829076430e-04         1.0129716170983350e-04        -5.5780852149036404e-05         7.8821398642678732e-05         7.0607485578057325e-04         6.9925891737168937e-04        -2.0833783660139868e-04
30                                     5.9498954554526640e-02        -4.4006851041979676e-04         1.9375844565649126e-03        -9.0170417236681854e-04         3.6267895426485112e-04        -2.0615448697480949e-05        -2.0832554675372095e-04         7.6106433775040630e-04
31                                    -3.0148109542734673e-04         3.7085167989221192e-03        -1.6064358219374185e-03         5.6936197222918594e-04        -2.8367933453789500e-04         3.9457551132239326e-04         1.6924971943293776e-04        -4.4104223741677992e-04
32                                    -6.0062321513744257e-02        -2.1409733511306688e-03         1.1469760012958947e-03         8.7015688905509427e-04        -1.3547455245102808e-04        -1.4659434419795280e-04        -1.4748621276344917e-04         5.7513144269993009e-05
                                                        16                          17                          18                          19                          20                          21                          22                          23

0                                     -2.3275101329670311e-03         5.7755317606481373e-02        -4.6729988685636679e-02         8.0205112973763407e-04         2.2724650294682489e-02         1.5744758781883039e-03         4.9674359439931624e-04         1.1862600451759304e-04
1                                     -4.6242048603310895e-02        -1.0387613319409514e-04         1.8256755720139953e-03        -4.6797103560264577e-02        -3.9994093897243437e-03        -1.2164518299118260e-03        -1.3507114070166978e-03         8.8251052229086635e-05
2                                      2.9558882838574157e-04        -6.0042539022116780e-02         2.5048674886070224e-02        -2.0351873827769854e-03        -3.0614553008320833e-01        -1.4582659151260472e-02        -2.9449794518385516e-02        -1.0732623481821342e-02
3                                     -2.4581232112793228e-02        -1.0910813399886378e-02        -1.6860183637641100e-03         2.3363069089116961e-03         9.0305456873422153e-04        -3.2894616567168668e-02        -1.3610320222022457e-07        -1.4627702474255232e-03
4                                     -2.6061830342092992e-03        -2.8775923416853467e-04        -1.7069493808990969e-03        -1.6998046879971970e-03        -9.5162985976073727e-04        -4.0051859111400996e-07        -4.8127932964365079e-02        -3.6515754483458272e-06
