*************************************************
******************* ORCA 6.0.0 ******************
*************************************************
$Calculation_Status
   &GeometryIndex 1
   &ListStatus       OUT
   &VERSION [&Type "String"] "6.0.0"
   &PROGNAME [&Type "String"] "LeanSCF"
   &STATUS [&Type "String"] "NORMAL TERMINATION"
$End
$Geometry
   &GeometryIndex 1
   &ListStatus       OUT
   &NATOMS [&Type "Integer"] 12
   &NCORELESSECP [&Type "Integer"] 0
   &NGHOSTATOMS [&Type "Integer"] 0
   &CartesianCoordinates [&Type "Coordinates", &Dim(12,4), &Units "Bohr"] 
              C     -1.313901344379   -2.288663898037    0.000112653945
              C      1.313801420385   -2.288747797909    0.000115684121
              C      2.602885831430   -0.000034866959    0.000115192792
              C      1.313886059896    2.288726156387    0.000103556425
              C     -1.313818032212    2.288735832730    0.000100945580
              C     -2.602836843493    0.000058934322    0.000111572266
              Cl    -5.912030242290    0.000121910390    0.000106190892
              Cl     5.912123895794   -0.000096436882    0.000122636045
              H     -2.347580533733   -4.056294993497    0.000106897839
              H      2.347447143256   -4.056430727801    0.000113400765
              H      2.347592995909    4.056374154503    0.000092326728
              H     -2.347436930798    4.056403667112    0.000085512753
$End
$SCF_Energy
   &GeometryIndex 1
   &ListStatus       OUT
   &SCF_ENERGY [&Type "Double"]      -1.1513714430903149e+03
$End
$DFT_Energy
   &GeometryIndex 1
   &ListStatus       OUT
   &NALPHAEL [&Type "Integer"] 37
   &NBETAEL [&Type "Integer"] 37
   &NTOTALEL [&Type "Integer"] 74
   &EEXCHANGE [&Type "Double"]      -8.7789541546401921e+01
   &ECORR [&Type "Double"]      -2.6227310580333678e+00
   &ECNL [&Type "Double"]       0.0000000000000000e+00
   &EXC [&Type "Double"]      -9.0412272604435287e+01
   &EEMBED [&Type "Double"]       0.0000000000000000e+00
   &FINALEN [&Type "Double"]      -1.1513714430903149e+03  "No Van der Waals correction"
$End
$Mulliken_Population_Analysis
   &GeometryIndex 1
   &ListStatus       OUT
   &NATOMS [&Type "Integer"] 12
   &ATNO [&Type "ArrayOfIntegers", &Dim (12,1)] 
                                                         0

0                                                        6
1                                                        6
2                                                        6
3                                                        6
4                                                        6
5                                                        6
6                                                       17
7                                                       17
8                                                        1
9                                                        1
10                                                       1
11                                                       1
   &ATOMICCHARGES [&Type "ArrayOfDoubles", &Dim (12,1)] 
                                                         0

0                                     -1.6063611685900803e-01
1                                     -1.6063229832811210e-01
2                                      1.7071232687451143e-01
3                                     -1.6063286353328543e-01
4                                     -1.6063095003485905e-01
5                                      1.7073435518356650e-01
6                                     -1.0977058372600723e-01
7                                     -1.0977252958414141e-01
8                                      1.3015467285874238e-01
9                                      1.3015877625846040e-01
10                                     1.3015913640419918e-01
11                                     1.3015607448662236e-01
$End
$Loewdin_Population_Analysis
   &GeometryIndex 1
   &ListStatus       OUT
   &NATOMS [&Type "Integer"] 12
   &ATNO [&Type "ArrayOfIntegers", &Dim (12,1)] 
                                                         0

0                                                        6
1                                                        6
2                                                        6
3                                                        6
4                                                        6
5                                                        6
6                                                       17
7                                                       17
8                                                        1
9                                                        1
10                                                       1
11                                                       1
   &ATOMICCHARGES [&Type "ArrayOfDoubles", &Dim (12,1)] 
                                                         0

0                                     -1.3413144526822318e-01
1                                     -1.3412486787496203e-01
2                                     -4.1968662921636124e-01
3                                     -1.3412472668449738e-01
4                                     -1.3413136515220891e-01
5                                     -4.1971643166139749e-01
6                                      3.8393720307325552e-01
7                                      3.8390935546146565e-01
8                                      1.5201693493300605e-01
9                                      1.5201748360069223e-01
10                                     1.5201751520212625e-01
11                                     1.5201697358781596e-01
$End
$Mayer_Population_Analysis
   &GeometryIndex 1
   &ListStatus       OUT
   &NATOMS [&Type "Integer"] 12 "Total number of atoms"
   &BONDTHRESH [&Type "Double"]       1.0000000000000001e-01  "The threshold for printing"
   &NBONDORDERSPRINT [&Type "Integer"] 12 "The number of bond orders larger than threshold"
   &BONDORDERS [&Type "ArrayOfDoubles", &Dim (12,1)] "The bond orders"
                                                         0

0                                      1.3668464244791136e+00
1                                      1.3520475394629530e+00
2                                      9.6799098183757160e-01
3                                      1.3520480045769789e+00
4                                      9.6798452699723492e-01
5                                      1.3520552161369930e+00
6                                      9.7175683971026305e-01
7                                      1.3668617977235760e+00
8                                      9.6798262065917784e-01
9                                      1.3520557197139591e+00
10                                     9.6798719357815888e-01
11                                     9.7174093474267742e-01
   &COMPONENTS [&Type "ArrayOfIntegers", &Dim (12,4)] "The indices and atomic numbers of the bonding atoms"
                                                         0                           1                           2                           3

0                                                        0                           6                           1                           6
1                                                        0                           6                           5                           6
2                                                        0                           6                           8                           1
3                                                        1                           6                           2                           6
4                                                        1                           6                           9                           1
5                                                        2                           6                           3                           6
6                                                        2                           6                           7                          17
7                                                        3                           6                           4                           6
8                                                        3                           6                          10                           1
9                                                        4                           6                           5                           6
10                                                       4                           6                          11                           1
11                                                       5                           6                           6                          17
   &ATNO [&Type "ArrayOfIntegers", &Dim (12,1)] "Atomic number of the elements"
                                                         0

0                                                        6
1                                                        6
2                                                        6
3                                                        6
4                                                        6
5                                                        6
6                                                       17
7                                                       17
8                                                        1
9                                                        1
10                                                       1
11                                                       1
   &NA [&Type "ArrayOfDoubles", &Dim (12,1)] "Mulliken gross atomic population"
                                                         0

0                                      6.1606361168589991e+00
1                                      6.1606322983280775e+00
2                                      5.8292876731254841e+00
3                                      6.1606328635332677e+00
4                                      6.1606309500348369e+00
5                                      5.8292656448164388e+00
6                                      1.7109770583726036e+01
7                                      1.7109772529584014e+01
8                                      8.6984532714125717e-01
9                                      8.6984122374153827e-01
10                                     8.6984086359580182e-01
11                                     8.6984392551337719e-01
   &ZA [&Type "ArrayOfDoubles", &Dim (12,1)] "Total nuclear charge"
                                                         0

0                                      6.0000000000000000e+00
1                                      6.0000000000000000e+00
2                                      6.0000000000000000e+00
3                                      6.0000000000000000e+00
4                                      6.0000000000000000e+00
5                                      6.0000000000000000e+00
6                                      1.7000000000000000e+01
7                                      1.7000000000000000e+01
8                                      1.0000000000000000e+00
9                                      1.0000000000000000e+00
10                                     1.0000000000000000e+00
11                                     1.0000000000000000e+00
   &QA [&Type "ArrayOfDoubles", &Dim (12,1)] "Mulliken gross atomic charge"
                                                         0

0                                     -1.6063611685899915e-01
1                                     -1.6063229832807746e-01
2                                      1.7071232687451587e-01
3                                     -1.6063286353326767e-01
4                                     -1.6063095003483685e-01
5                                      1.7073435518356117e-01
6                                     -1.0977058372603565e-01
7                                     -1.0977252958401351e-01
8                                      1.3015467285874283e-01
9                                      1.3015877625846173e-01
10                                     1.3015913640419818e-01
11                                     1.3015607448662281e-01
   &VA [&Type "ArrayOfDoubles", &Dim (12,1)] "Mayer's total valence"
                                                         0

0                                      3.8928146421551904e+00
1                                      3.8928076823332920e+00
2                                      3.8138053054159697e+00
3                                      3.8928306865379594e+00
4                                      3.8928318691180257e+00
5                                      3.8137867116502360e+00
6                                      1.2149766691237296e+00
7                                      1.2149709230233063e+00
8                                      9.7989943692440828e-01
9                                      9.7989650555010654e-01
10                                     9.7989714824245822e-01
11                                     9.7989847804377972e-01
   &BVA [&Type "ArrayOfDoubles", &Dim (12,1)] "Mayer's bonded valence"
                                                         0

0                                      3.8928146421549692e+00
1                                      3.8928076823332587e+00
2                                      3.8138053054157672e+00
3                                      3.8928306865378355e+00
4                                      3.8928318691179040e+00
5                                      3.8137867116499402e+00
6                                      1.2149766691234942e+00
7                                      1.2149709230235251e+00
8                                      9.7989943692441228e-01
9                                      9.7989650555008379e-01
10                                     9.7989714824244800e-01
11                                     9.7989847804377761e-01
   &FA [&Type "ArrayOfDoubles", &Dim (12,1)] "Mayer's free valence"
                                                         0

0                                      0.0000000000000000e+00
1                                      0.0000000000000000e+00
2                                      0.0000000000000000e+00
3                                      0.0000000000000000e+00
4                                      0.0000000000000000e+00
5                                      0.0000000000000000e+00
6                                      0.0000000000000000e+00
7                                      0.0000000000000000e+00
8                                      0.0000000000000000e+00
9                                      0.0000000000000000e+00
10                                     0.0000000000000000e+00
11                                     0.0000000000000000e+00
$End
$VdW_Correction
   &GeometryIndex 1
   &ListStatus       OUT
   &VDW [&Type "Double"]      -4.6738361992988975e-03
$End
$Calculation_Info
   &GeometryIndex 1
   &ListStatus       OUT
   &MULT [&Type "Integer"] 1
   &CHARGE [&Type "Integer"] 0
   &NUMOFATOMS [&Type "Integer"] 12
   &NUMOFELECTRONS [&Type "Integer"] 74
   &NUMOFFCELECTRONS [&Type "Integer"] 1
   &NUMOFCORRELECTRONS [&Type "Integer"] 0
   &NUMOFBASISFUNCTS [&Type "Integer"] 284
   &NUMOFAUXCBASISFUNCTS [&Type "Integer"] 0
   &NUMOFAUXJBASISFUNCTS [&Type "Integer"] 308
   &NUMOFAUXJKBASISFUNCTS [&Type "Integer"] 0
   &NUMOFCABSBASISFUNCTS [&Type "Integer"] 0
   &TOTALENERGY [&Type "Double"]      -1.1513711934431142e+03  "Hartrees"
$End
$SCF_Dipole_Moment
   &GeometryIndex 1
   &ListStatus       OUT
   &METHOD [&Type "String"] "SCF"
   &LEVEL [&Type "String"] "Relaxed density"
   &MULT [&Type "Integer"] 1
   &STATE [&Type "Integer"] -1
   &IRREP [&Type "Integer"] 0
   &NATOMS [&Type "Integer"] 12
   &DODIPOLEATOM [&Type "Boolean"] false
   &DIPOLEELECCONTRIB [&Type "ArrayOfDoubles", &Dim (3,1)] "Electronic contribution"
                                                         0

0                                      4.6665673674511996e-05
1                                     -8.5583430488051643e-07
2                                      2.2422823598674848e-05
   &DIPOLENUCCONTRIB [&Type "ArrayOfDoubles", &Dim (3,1)] "Nuclear contribution"
                                                         0

0                                     -6.8907578702148697e-05
1                                      6.6324811864859612e-07
2                                     -2.8075232600536398e-05
   &DIPOLETOTAL [&Type "ArrayOfDoubles", &Dim (3,1)] "Total"
                                                         0

0                                     -2.2241905027636701e-05
1                                     -1.9258618623192031e-07
2                                     -5.6524090018615496e-06
   &DIPOLEMAGNITUDE [&Type "Double", &Units "a.u."]       2.2949709284038082e-05
$End
$THERMOCHEMISTRY_Energies
   &GeometryIndex 1
   &ListStatus       OUT
   &TEMPERATURE [&Type "Double"]       2.9814999999999998e+02
   &PRESSURE [&Type "Double"]       1.0000000000000000e+00
   &TOTALMASS [&Type "Double"]       1.4700399999999999e+02
   &SPINDEGENERACY [&Type "Integer"] 1
   &ELENERGY [&Type "Double"]      -1.1513711934431142e+03
   &TRANSENERGY [&Type "Double"]       1.4162714244859817e-03
   &ROTENERGY [&Type "Double"]       1.4162714244859817e-03
   &VIBENERGY [&Type "Double"]       3.8542203504519654e-03
   &NUMOFFREQS [&Type "Integer"] 36
   &FREQSCALINGFACTOR [&Type "Double"]       1.0000000000000000e+00
   &FREQ [&Type "ArrayOfDoubles", &Dim (36,1)] "In cm^-1"
                                                         0

0                                      0.0000000000000000e+00
1                                      0.0000000000000000e+00
2                                      0.0000000000000000e+00
3                                      0.0000000000000000e+00
4                                      0.0000000000000000e+00
5                                      0.0000000000000000e+00
6                                      1.0707560912890082e+02
7                                      2.2593765516574780e+02
8                                      3.0012232846406062e+02
9                                      3.2599444849429415e+02
10                                     3.6031580340340861e+02
11                                     4.1932032797909795e+02
12                                     4.9209356400686335e+02
13                                     5.3397867342822383e+02
14                                     6.4170403334720083e+02
15                                     7.1600292149674510e+02
16                                     7.5076178761670644e+02
17                                     8.2174270293780148e+02
18                                     8.3105380361477160e+02
19                                     9.5043981909776642e+02
20                                     9.5576910016373984e+02
21                                     1.0331042517261567e+03
22                                     1.0891472781693124e+03
23                                     1.0904254582673248e+03
24                                     1.1253462203286269e+03
25                                     1.1975535081601881e+03
26                                     1.3131224070993094e+03
27                                     1.3281818328775407e+03
28                                     1.4176347385317918e+03
29                                     1.4981304995069536e+03
30                                     1.6035656103129832e+03
31                                     1.6075280850185370e+03
32                                     3.1884828170773385e+03
33                                     3.1893404632958795e+03
34                                     3.2010986402902577e+03
35                                     3.2027673542546081e+03
   &ZPE [&Type "Double"]       8.0915369513771096e-02
   &INNERENERGYU [&Type "Double"]      -1.1512835913104011e+03
   &ENTHALPYH [&Type "Double"]      -1.1512826471013589e+03
   &QEL [&Type "Double"]       0.0000000000000000e+00
   &QROT [&Type "Double"]       1.2646454489827576e-02
   &QVIB [&Type "Double"]       6.1364224162148377e-03
   &QTRANS [&Type "Double"]       1.9416916786201419e-02
   &ENTROPYS [&Type "Double"]       3.8199793692243834e-02
   &FREEENERGYG [&Type "Double"]      -1.1513208468950511e+03
   &ISLINEAR [&Type "Boolean"] false
$End
$Hessian
   &GeometryIndex 1
   &ListStatus       OUT
   &HESSIAN [&Type "ArrayOfDoubles", &Dim (36,36)] "The Hessian"
                                                         0                           1                           2                           3                           4                           5                           6                           7

0                                      6.7907737181102434e-01         4.2162693457261147e-02         8.2578442337830496e-07        -3.3542109894640237e-01         3.1790744034446039e-02        -3.3293320407645391e-07        -3.2054421750354403e-02        -7.6764497634616527e-02
1                                      4.2162693457261147e-02         7.1768395625517489e-01         6.4468485148704643e-07        -3.1775112926178406e-02        -1.2594021031938496e-01        -5.4941382641365762e-08        -2.5520139793699770e-02         3.2593948706972596e-02
2                                      8.2578442337830496e-07         6.4468485148704643e-07         1.2679152518475012e-01        -3.3280655665500309e-07        -3.0566436017084341e-08        -5.7084464570635915e-02        -2.5395953260275701e-08        -1.1570292984679375e-07
3                                     -3.3542109894640237e-01        -3.1775112926178406e-02        -3.3280655665500309e-07         6.7905907875759042e-01        -4.2194595221140774e-02         4.2147376506054965e-07        -1.4760916620208595e-01        -5.3176529372442452e-02
4                                      3.1790744034446039e-02        -1.2594021031938496e-01        -3.0566436017084341e-08        -4.2194595221140774e-02         7.1759629258122359e-01         2.0561141330006305e-07        -1.0949604909017389e-01        -2.8414189950399527e-01
5                                     -3.3293320407645391e-07        -5.4941382641365762e-08        -5.7084464570635915e-02         4.2147376506054965e-07         2.0561141330006305e-07         1.2679712351317796e-01         1.0941803947798283e-08        -1.1005991699786648e-07
6                                     -3.2054421750354403e-02        -2.5520139793699770e-02        -2.5395953260275701e-08        -1.4760916620208595e-01        -1.0949604909017389e-01         1.0941803947798283e-08         4.9025634838719856e-01         3.1431758558934258e-06
7                                     -7.6764497634616527e-02         3.2593948706972596e-02        -1.1570292984679375e-07        -5.3176529372442452e-02        -2.8414189950399527e-01        -1.1005991699786648e-07         3.1431758558934258e-06         6.5026241432236520e-01
8                                      8.6793902488430979e-08        -9.0630218457530387e-08         7.0586487443256608e-03        -3.5705145160159621e-08         1.2597919385812511e-08        -6.3622173715392236e-02         9.2169880270017067e-07        -1.3312621824696784e-06
9                                     -4.3073064584485100e-02         2.7389420276478199e-02        -9.6289054539764341e-08         5.6041079125181623e-02         2.0191946102893460e-02        -3.6927725433854028e-08        -1.4760288412401759e-01         5.3171323120249962e-02
10                                     2.7384477648208477e-02        -1.7153987403824303e-02         1.0147209355641805e-07        -2.0195985878582293e-02        -5.4695795362219024e-02         1.5633165285095001e-07         1.0949077292982484e-01        -2.8414803054017734e-01
11                                    -1.3563410242532614e-07         6.5185944929151356e-08        -4.4291405393619976e-03         3.6113981341492065e-08         1.4928017581800240e-07         9.9469296054692791e-03        -5.8912320557534205e-07         1.2722878288078543e-06
12                                     5.6040978704659086e-02        -2.0199804000154135e-02         1.4903956247117898e-07        -4.3075071203747699e-02        -2.7383512079005672e-02         1.0106490525215263e-08        -3.2050749454356667e-02         7.6766812693150777e-02
13                                     2.0195847719217931e-02        -5.4701705115294111e-02         2.0887015827223338e-07        -2.7388503019475700e-02        -1.7152070402753090e-02         1.4773675930912777e-08         2.5522505823295686e-02         3.2590246271191468e-02
14                                     6.3088280295624357e-08         9.8268097686757795e-08         9.9507229372319331e-03         6.8356590876397637e-08        -2.3932506177006528e-08        -4.4291408602707538e-03        -1.7014407045253353e-07        -9.3681680075170292e-09
15                                    -1.4761397771371276e-01         1.0952747974404609e-01        -9.9149490433548163e-08        -3.2052249357403320e-02         2.5522051853556840e-02        -1.8041078966818270e-08         1.4826325451239297e-04        -1.3104685562160788e-06
16                                     5.3203084323512596e-02        -2.8421024415480017e-01        -2.3447677282859900e-07         7.6770587833802417e-02         3.2588249680920341e-02         1.6008367305925670e-08        -1.3627913915322640e-06        -7.3309431376770831e-02
17                                    -9.6187324407663084e-08         9.7375744057738910e-08        -6.3621346988455951e-02        -1.7764662253334185e-07         1.5608833750848539e-08         7.0604715370417362e-03        -3.6859900834930840e-08         1.8301817613710804e-07
18                                    -3.9802764363202611e-02         2.0616239565177177e-03        -5.6150810742111780e-08         2.8449531078731036e-03         5.0053861646016619e-03        -9.9331851562944298e-09         2.6291542013765932e-04         4.3666517819529058e-08
19                                     2.7554226700411532e-02         3.1611294802779411e-03         5.3665417546428592e-08        -1.3365352626231509e-03        -4.0207443835173357e-03         5.2112150429287913e-09         3.0906443966534848e-08         1.9020438849502918e-03
20                                    -6.6040436469941682e-08        -1.9408854968638462e-08         4.2766470336660384e-03        -3.9120671595126296e-10         4.6549794892276759e-09         4.6611260921589626e-03        -7.6811289022368262e-09        -1.2393229891445034e-08
21                                     2.8447834150772018e-03        -5.0057156529990793e-03         1.4961642817360639e-09        -3.9798947978285051e-02        -2.0579113875598617e-03        -1.0226345046106047e-07        -1.4227725757578971e-01         1.8985221888573686e-06
22                                     1.3362195692233831e-03        -4.0207753192513162e-03         1.0158844941318569e-08        -2.7549288870229557e-02         3.1633398384366702e-03        -4.2166973021351376e-08         1.8658965503510509e-06        -4.1314034120184036e-02
23                                     1.7786894979587143e-09        -4.6236431112354761e-09         4.6611050251887751e-03        -3.2085418912108325e-08         9.5363699226374028e-09         4.2751720341436435e-03        -2.5041666620102979e-07         4.3020303345377590e-08
24                                    -1.2651970665468737e-01        -1.2405477956040778e-01        -3.8344960541718485e-07        -1.1561663242336300e-02        -2.7679671749305433e-02        -4.4306395971849370e-08        -4.0886994200463097e-03         1.1918410543243201e-03
25                                    -1.2133828137171120e-01        -2.6861734036634344e-01        -6.8651851785355759e-07         1.9253456379464615e-03         4.1561119555042995e-03         7.3016776787053730e-09         7.1627691107754355e-04         1.8685798344861781e-03
26                                    -3.8924149054577622e-07        -7.9755563369323346e-07        -3.4512493372164700e-02        -3.1079158492484438e-08        -3.9330034068210273e-08         2.6474593748450053e-03        -5.2605258888122244e-09         4.8808346448083712e-08
27                                    -1.1558689426479207e-02         2.7679150762168047e-02         1.8491156945967454e-08        -1.2650771183881510e-01         1.2403685924578491e-01         1.0385433935058192e-07         9.5522408788457965e-03        -1.4560173410741575e-02
28                                    -1.9244625190397435e-03         4.1550863954129685e-03        -9.9998298923354095e-09         1.2132071223810681e-01        -2.6860362752801453e-01        -2.5545069344345568e-07         1.6510562145389217e-02        -1.9086338869526209e-02
29                                     4.4206261062242363e-08         1.4239776094750414e-08         2.6465977883225415e-03         8.6200756691206090e-08        -3.8486839165053667e-07        -3.4514859767991443e-02         2.4513891762388977e-08         9.5869167888523155e-08
30                                    -7.3621873490382352e-04         7.2051255488723802e-04         4.2827496326237525e-09        -1.1829279319305855e-03         3.3031689577594789e-03        -5.3375283958103159e-09         9.5521775796543439e-03         1.4559103047833505e-02
31                                     9.2501170779435253e-04         4.3205168276336660e-04         4.0608129698273521e-09         4.2071208540058261e-03        -3.3818296224314374e-03         5.4779100896797532e-08        -1.6511562264455378e-02        -1.9086136730326768e-02
32                                    -4.7824260219873172e-08         1.5700975818401706e-08        -7.7872950311023514e-04        -3.2208102634886404e-08         6.6345514689249822e-08         5.0409096765451893e-03         1.3117596132426788e-07        -4.8721619910338627e-09
33                                    -1.1831917565330212e-03        -3.3032822447631440e-03         1.4137554870357919e-09        -7.3627428963883351e-04        -7.2050197983433120e-04        -6.4250329018689048e-09        -4.0887669936981418e-03        -1.1916422091004398e-03
34                                    -4.2071102078641244e-03        -3.3819098417033778e-03         4.5534351383042671e-08        -9.2513086521162601e-04         4.3218306623068808e-04         1.6321425003570840e-09        -7.1605603338084384e-04         1.8686381210147071e-03
35                                     3.8942920273513603e-08         4.0522299080211833e-08         5.0409282602437121e-03         3.9568319614153950e-08         1.6031882154395455e-08        -7.7855291909141957e-04        -1.9548921031986833e-08        -3.0604832932033552e-08
                                                         8                           9                          10                          11                          12                          13                          14                          15

0                                      8.6793902488430979e-08        -4.3073064584485100e-02         2.7384477648208477e-02        -1.3563410242532614e-07         5.6040978704659086e-02         2.0195847719217931e-02         6.3088280295624357e-08        -1.4761397771371276e-01
1                                     -9.0630218457530387e-08         2.7389420276478199e-02        -1.7153987403824303e-02         6.5185944929151356e-08        -2.0199804000154135e-02        -5.4701705115294111e-02         9.8268097686757795e-08         1.0952747974404609e-01
2                                      7.0586487443256608e-03        -9.6289054539764341e-08         1.0147209355641805e-07        -4.4291405393619976e-03         1.4903956247117898e-07         2.0887015827223338e-07         9.9507229372319331e-03        -9.9149490433548163e-08
3                                     -3.5705145160159621e-08         5.6041079125181623e-02        -2.0195985878582293e-02         3.6113981341492065e-08        -4.3075071203747699e-02        -2.7388503019475700e-02         6.8356590876397637e-08        -3.2052249357403320e-02
4                                      1.2597919385812511e-08         2.0191946102893460e-02        -5.4695795362219024e-02         1.4928017581800240e-07        -2.7383512079005672e-02        -1.7152070402753090e-02        -2.3932506177006528e-08         2.5522051853556840e-02
5                                     -6.3622173715392236e-02        -3.6927725433854028e-08         1.5633165285095001e-07         9.9469296054692791e-03         1.0106490525215263e-08         1.4773675930912777e-08        -4.4291408602707538e-03        -1.8041078966818270e-08
6                                      9.2169880270017067e-07        -1.4760288412401759e-01         1.0949077292982484e-01        -5.8912320557534205e-07        -3.2050749454356667e-02         2.5522505823295686e-02        -1.7014407045253353e-07         1.4826325451239297e-04
7                                     -1.3312621824696784e-06         5.3171323120249962e-02        -2.8414803054017734e-01         1.2722878288078543e-06         7.6766812693150777e-02         3.2590246271191468e-02        -9.3681680075170292e-09        -1.3104685562160788e-06
8                                      1.2358484489494961e-01        -3.8157350184519742e-07         1.1639577587802216e-06        -6.3622052108300242e-02        -2.2325756126013551e-07        -5.9902925970345535e-08         7.0586250360902339e-03         5.4294955075635641e-08
9                                     -3.8157350184519742e-07         6.7905932702986271e-01         4.2195882771637369e-02         2.2393457264314119e-07        -3.3541947410279910e-01         3.1782460624811576e-02        -4.5790918864595243e-07        -3.2055788628904069e-02
10                                     1.1639577587802216e-06         4.2195882771637369e-02         7.1759335427181536e-01        -3.2610085423526961e-06        -3.1783290761231688e-02        -1.2594032492251470e-01         3.8352627297902580e-07        -2.5519657680761094e-02
11                                    -6.3622052108300242e-02         2.2393457264314119e-07        -3.2610085423526961e-06         1.2679735437895615e-01        -1.4532472499460445e-07         4.0210319453762836e-07        -5.7084670939129237e-02         1.2294355989585930e-07
12                                    -2.2325756126013551e-07        -3.3541947410279910e-01        -3.1783290761231688e-02        -1.4532472499460445e-07         6.7907292478388914e-01        -4.2161138373856280e-02         1.0314861847349199e-06        -1.4761979797968700e-01
13                                    -5.9902925970345535e-08         3.1782460624811576e-02        -1.2594032492251470e-01         4.0210319453762836e-07        -4.2161138373856280e-02         7.1768471396696776e-01        -3.7428033840515301e-06        -1.0953202099851105e-01
14                                     7.0586250360902339e-03        -4.5790918864595243e-07         3.8352627297902580e-07        -5.7084670939129237e-02         1.0314861847349199e-06        -3.7428033840515301e-06         1.2679210458729795e-01         4.7851794051980804e-07
15                                     5.4294955075635641e-08        -3.2055788628904069e-02        -2.5519657680761094e-02         1.2294355989585930e-07        -1.4761979797968700e-01        -1.0953202099851105e-01         4.7851794051980804e-07         4.9030209952858084e-01
16                                     2.1846386757385459e-07        -7.6768142215162066e-02         3.2591961147645898e-02        -1.5232329902024044e-07        -5.3207612528268874e-02        -2.8420319048866582e-01         1.3832115598562299e-06         2.3130949092665248e-06
17                                    -6.8973199850673921e-03         1.6979208077235123e-07        -1.4869462666369657e-07         7.0604438577049934e-03         2.0208181036791667e-07         1.0432156826879692e-06        -6.3621582248548109e-02        -1.1348141773930326e-07
18                                     3.1319933168820324e-09         2.8448381568481427e-03        -5.0056376041810484e-03         2.6330497973415234e-08        -3.9803986549422243e-02        -2.0600904827200797e-03        -7.8738642434315984e-08        -1.4229930425723000e-01
19                                    -1.5293824287885033e-08         1.3362985340843712e-03        -4.0206038666688228e-03         4.2218289188240503e-08        -2.7552648828376509e-02         3.1621718693357797e-03        -4.9862836837087512e-08         1.8837758938003201e-06
20                                    -7.3766608615248466e-04        -6.8415721475633156e-10         4.2536979272642193e-08         4.6611312176097061e-03         6.9028910838823868e-08         2.5621294271936628e-08         4.2766618959078559e-03        -2.0888622694575150e-07
21                                    -2.6758548218047678e-07        -3.9797837599095956e-02         2.0594757741152700e-03        -8.4577869973017960e-08         2.8449120495799961e-03         5.0054789515267895e-03        -3.3874524663609721e-08         2.6315010869936610e-04
22                                     3.7607480988810323e-08         2.7550886778678424e-02         3.1622752029273728e-03         4.7159450023697054e-08        -1.3364452350662437e-03        -4.0209016731597895e-03         3.0862186900055974e-08         2.3256825422042459e-08
23                                    -2.4259935423243513e-02        -1.7482503742675683e-07        -5.6486192605838041e-09         4.2751707780131123e-03         4.7995433316740675e-10         5.2050433781821186e-08         4.6611091541734467e-03         2.5312530321534758e-09
24                                    -2.9379644608697008e-08        -7.3622355933986808e-04         7.2054565978630877e-04        -4.9710247287814069e-09        -1.1829175539658098e-03         3.3032150644252906e-03        -1.7910368241734790e-08         9.5523814559497003e-03
25                                    -4.3221489608154728e-08         9.2516851035969860e-04         4.3212520204919118e-04         2.9653903917185100e-09         4.2070283564801430e-03        -3.3821646999879825e-03        -5.2076634626662284e-09        -1.6512346789747077e-02
26                                     7.4923112386522999e-03         3.1820875523520936e-08        -3.8881654148009962e-09        -7.7855436990108468e-04         8.7661621420230905e-09         2.6788994305492736e-09         5.0409389393097515e-03        -4.2002685736841999e-08
27                                     4.5540890939195798e-09        -1.1832040229547737e-03        -3.3032605204991660e-03         9.8395543487899011e-10        -7.3626854632779994e-04        -7.2046666599770133e-04         1.7559024333343152e-08        -4.0886349276929908e-03
28                                    -3.6134313487778873e-08        -4.2071938003966332e-03        -3.3815713885689252e-03        -2.2536896460593970e-10        -9.2498161757004031e-04         4.3209895468666166e-04        -1.2892713840029056e-08        -7.1610160799399913e-04
29                                     3.2262301938351225e-03         4.7286737196172011e-09        -2.8274464433319872e-08         5.0409065991972287e-03        -4.6864976050110663e-08        -2.5209132133723222e-08        -7.7873835522460013e-04        -1.7096418198245273e-08
30                                    -1.1017091431515999e-07        -1.2651609411668796e-01        -1.2404139598816170e-01         7.4020139703174956e-07        -1.1559617458560573e-02        -2.7678597853838548e-02         1.5854061080409608e-07        -4.0885589046980872e-03
