*************************************************
******************* ORCA 6.0.0 ******************
*************************************************
$Calculation_Status
   &GeometryIndex 1
   &ListStatus       OUT
   &VERSION [&Type "String"] "6.0.0"
   &PROGNAME [&Type "String"] "LeanSCF"
   &STATUS [&Type "String"] "NORMAL TERMINATION"
$End
$Geometry
   &GeometryIndex 1
   &ListStatus       OUT
   &NATOMS [&Type "Integer"] 14
   &NCORELESSECP [&Type "Integer"] 0
   &NGHOSTATOMS [&Type "Integer"] 0
   &CartesianCoordinates [&Type "Coordinates", &Dim(14,4), &Units "Bohr"] 
              C      4.162536445166    0.932217674274    0.230904600356
              C      2.324959622793   -1.110900950720   -0.629569258983
              C     -0.206495942921   -1.094474244007    0.711170142435
              H      0.051747469223   -1.037423909211    2.760425751314
              C     -1.925312580398   -3.242048467869   -0.055695999823
              Cl    -1.880106682970    1.949465478141    0.021357793236
              H      4.452445272481    0.849346939835    2.278669643906
              H      3.467832926318    2.820135629224   -0.243481635791
              H      6.000264352655    0.684261238240   -0.682708977510
              H      3.142017373805   -2.980111873991   -0.243317644223
              H      2.014377465773   -1.010603073247   -2.675967322457
              H     -1.008928669500   -5.027953550470    0.454775351669
              H     -3.742930592122   -3.148555459432    0.919216479793
              H     -2.252948801083   -3.239234686253   -2.096986637359
$End
$SCF_Energy
   &GeometryIndex 1
   &ListStatus       OUT
   &SCF_ENERGY [&Type "Double"]      -6.1802643825213488e+02
$End
$DFT_Energy
   &GeometryIndex 1
   &ListStatus       OUT
   &NALPHAEL [&Type "Integer"] 25
   &NBETAEL [&Type "Integer"] 25
   &NTOTALEL [&Type "Integer"] 50
   &EEXCHANGE [&Type "Double"]       0.0000000000000000e+00
   &ECORR [&Type "Double"]       0.0000000000000000e+00
   &ECNL [&Type "Double"]       0.0000000000000000e+00
   &EXC [&Type "Double"]      -2.5448747395162052e+01
   &EEMBED [&Type "Double"]       0.0000000000000000e+00
   &FINALEN [&Type "Double"]      -6.1802643825213488e+02  "No Van der Waals correction"
$End
$Mulliken_Population_Analysis
   &GeometryIndex 1
   &ListStatus       OUT
   &NATOMS [&Type "Integer"] 14
   &ATNO [&Type "ArrayOfIntegers", &Dim (14,1)] 
                                                         0

0                                                        6
1                                                        6
2                                                        6
3                                                        1
4                                                        6
5                                                       17
6                                                        1
7                                                        1
8                                                        1
9                                                        1
10                                                       1
11                                                       1
12                                                       1
13                                                       1
   &ATOMICCHARGES [&Type "ArrayOfDoubles", &Dim (14,1)] 
                                                         0

0                                     -4.2070380685965958e-01
1                                     -2.4820424120137563e-01
2                                     -4.4096873127973168e-02
3                                      1.5144971022648390e-01
4                                     -4.0907039247222432e-01
5                                     -1.8765237007486846e-01
6                                      1.3403426519901895e-01
7                                      1.5601190638232831e-01
8                                      1.4153255046541946e-01
9                                      1.3108644837663475e-01
10                                     1.4821242375659582e-01
11                                     1.3895705647240542e-01
12                                     1.5786750163194763e-01
13                                     1.5057582122517044e-01
$End
$Loewdin_Population_Analysis
   &GeometryIndex 1
   &ListStatus       OUT
   &NATOMS [&Type "Integer"] 14
   &ATNO [&Type "ArrayOfIntegers", &Dim (14,1)] 
                                                         0

0                                                        6
1                                                        6
2                                                        6
3                                                        1
4                                                        6
5                                                       17
6                                                        1
7                                                        1
8                                                        1
9                                                        1
10                                                       1
11                                                       1
12                                                       1
13                                                       1
   &ATOMICCHARGES [&Type "ArrayOfDoubles", &Dim (14,1)] 
                                                         0

0                                     -3.1886406918918020e-01
1                                     -3.0828538284383900e-01
2                                     -4.4865163249184459e-01
3                                      1.4187158186787796e-01
4                                     -3.1680493865767279e-01
5                                      2.1091063299697410e-01
6                                      1.2175971016703735e-01
7                                      1.2252722536579985e-01
8                                      1.2222820090215136e-01
9                                      1.4641433808225957e-01
10                                     1.4283444396500666e-01
11                                     1.2909293279965572e-01
12                                     1.2690139524068733e-01
13                                     1.2806556179496520e-01
$End
$Mayer_Population_Analysis
   &GeometryIndex 1
   &ListStatus       OUT
   &NATOMS [&Type "Integer"] 14 "Total number of atoms"
   &BONDTHRESH [&Type "Double"]       1.0000000000000001e-01  "The threshold for printing"
   &NBONDORDERSPRINT [&Type "Integer"] 13 "The number of bond orders larger than threshold"
   &BONDORDERS [&Type "ArrayOfDoubles", &Dim (13,1)] "The bond orders"
                                                         0

0                                      9.5584462592930453e-01
1                                      9.7163753640109307e-01
2                                      9.6860154956907385e-01
3                                      9.7712842475842898e-01
4                                      9.5694855050931438e-01
5                                      9.5664836550522769e-01
6                                      9.6050203544693136e-01
7                                      9.6142179887358248e-01
8                                      9.6746419493351166e-01
9                                      1.0218911001833162e+00
10                                     9.5908615326557400e-01
11                                     9.7464960603088546e-01
12                                     9.6282978854065715e-01
   &COMPONENTS [&Type "ArrayOfIntegers", &Dim (13,4)] "The indices and atomic numbers of the bonding atoms"
                                                         0                           1                           2                           3

0                                                        0                           6                           1                           6
1                                                        0                           6                           6                           1
2                                                        0                           6                           7                           1
3                                                        0                           6                           8                           1
4                                                        1                           6                           2                           6
5                                                        1                           6                           9                           1
6                                                        1                           6                          10                           1
7                                                        2                           6                           3                           1
8                                                        2                           6                           4                           6
9                                                        2                           6                           5                          17
10                                                       4                           6                          11                           1
11                                                       4                           6                          12                           1
12                                                       4                           6                          13                           1
   &ATNO [&Type "ArrayOfIntegers", &Dim (14,1)] "Atomic number of the elements"
                                                         0

0                                                        6
1                                                        6
2                                                        6
3                                                        1
4                                                        6
5                                                       17
6                                                        1
7                                                        1
8                                                        1
9                                                        1
10                                                       1
11                                                       1
12                                                       1
13                                                       1
   &NA [&Type "ArrayOfDoubles", &Dim (14,1)] "Mulliken gross atomic population"
                                                         0

0                                      6.4207038068596640e+00
1                                      6.2482042412013827e+00
2                                      6.0440968731279705e+00
3                                      8.4855028977351565e-01
4                                      6.4090703924722288e+00
5                                      1.7187652370074883e+01
6                                      8.6596573480098193e-01
7                                      8.4398809361767180e-01
8                                      8.5846744953458076e-01
9                                      8.6891355162336470e-01
10                                     8.5178757624340595e-01
11                                     8.6104294352759492e-01
12                                     8.4213249836805226e-01
13                                     8.4942417877482934e-01
   &ZA [&Type "ArrayOfDoubles", &Dim (14,1)] "Total nuclear charge"
                                                         0

0                                      6.0000000000000000e+00
1                                      6.0000000000000000e+00
2                                      6.0000000000000000e+00
3                                      1.0000000000000000e+00
4                                      6.0000000000000000e+00
5                                      1.7000000000000000e+01
6                                      1.0000000000000000e+00
7                                      1.0000000000000000e+00
8                                      1.0000000000000000e+00
9                                      1.0000000000000000e+00
10                                     1.0000000000000000e+00
11                                     1.0000000000000000e+00
12                                     1.0000000000000000e+00
13                                     1.0000000000000000e+00
   &QA [&Type "ArrayOfDoubles", &Dim (14,1)] "Mulliken gross atomic charge"
                                                         0

0                                     -4.2070380685966402e-01
1                                     -2.4820424120138274e-01
2                                     -4.4096873127970504e-02
3                                      1.5144971022648435e-01
4                                     -4.0907039247222876e-01
5                                     -1.8765237007488267e-01
6                                      1.3403426519901807e-01
7                                      1.5601190638232820e-01
8                                      1.4153255046541924e-01
9                                      1.3108644837663530e-01
10                                     1.4821242375659405e-01
11                                     1.3895705647240508e-01
12                                     1.5786750163194774e-01
13                                     1.5057582122517066e-01
   &VA [&Type "ArrayOfDoubles", &Dim (14,1)] "Mayer's total valence"
                                                         0

0                                      3.8470903825391871e+00
1                                      3.7676226504153458e+00
2                                      3.8790506766742574e+00
3                                      9.4195529367021613e-01
4                                      3.8326152429938913e+00
5                                      1.0904861350003288e+00
6                                      9.5701230057345010e-01
7                                      9.7018998694955894e-01
8                                      9.5748252345921481e-01
9                                      9.5307169776832101e-01
10                                     9.5941362289828380e-01
11                                     9.5720509475869897e-01
12                                     9.6520012654543652e-01
13                                     9.6532520788523146e-01
   &BVA [&Type "ArrayOfDoubles", &Dim (14,1)] "Mayer's bonded valence"
                                                         0

0                                      3.8470903825393172e+00
1                                      3.7676226504153543e+00
2                                      3.8790506766742494e+00
3                                      9.4195529367022934e-01
4                                      3.8326152429938327e+00
5                                      1.0904861350003565e+00
6                                      9.5701230057348496e-01
7                                      9.7018998694957492e-01
8                                      9.5748252345922069e-01
9                                      9.5307169776831968e-01
10                                     9.5941362289827448e-01
11                                     9.5720509475869275e-01
12                                     9.6520012654542398e-01
13                                     9.6532520788521892e-01
   &FA [&Type "ArrayOfDoubles", &Dim (14,1)] "Mayer's free valence"
                                                         0

0                                      0.0000000000000000e+00
1                                      0.0000000000000000e+00
2                                      0.0000000000000000e+00
3                                      0.0000000000000000e+00
4                                      0.0000000000000000e+00
5                                      0.0000000000000000e+00
6                                      0.0000000000000000e+00
7                                      0.0000000000000000e+00
8                                      0.0000000000000000e+00
9                                      0.0000000000000000e+00
10                                     0.0000000000000000e+00
11                                     0.0000000000000000e+00
12                                     0.0000000000000000e+00
13                                     0.0000000000000000e+00
$End
$Calculation_Info
   &GeometryIndex 1
   &ListStatus       OUT
   &MULT [&Type "Integer"] 1
   &CHARGE [&Type "Integer"] 0
   &NUMOFATOMS [&Type "Integer"] 14
   &NUMOFELECTRONS [&Type "Integer"] 50
   &NUMOFFCELECTRONS [&Type "Integer"] 1
   &NUMOFCORRELECTRONS [&Type "Integer"] 0
   &NUMOFBASISFUNCTS [&Type "Integer"] 215
   &NUMOFAUXCBASISFUNCTS [&Type "Integer"] 0
   &NUMOFAUXJBASISFUNCTS [&Type "Integer"] 346
   &NUMOFAUXJKBASISFUNCTS [&Type "Integer"] 0
   &NUMOFCABSBASISFUNCTS [&Type "Integer"] 0
   &TOTALENERGY [&Type "Double"]      -6.1802643825213488e+02  "Hartrees"
$End
$SCF_Dipole_Moment
   &GeometryIndex 1
   &ListStatus       OUT
   &METHOD [&Type "String"] "SCF"
   &LEVEL [&Type "String"] "Relaxed density"
   &MULT [&Type "Integer"] 1
   &STATE [&Type "Integer"] -1
   &IRREP [&Type "Integer"] 0
   &NATOMS [&Type "Integer"] 14
   &DODIPOLEATOM [&Type "Boolean"] false
   &DIPOLEELECCONTRIB [&Type "ArrayOfDoubles", &Dim (3,1)] "Electronic contribution"
                                                         0

0                                     -6.9605500226838171e+00
1                                      6.6807984282726931e+00
2                                      7.2450757181906633e-02
   &DIPOLENUCCONTRIB [&Type "ArrayOfDoubles", &Dim (3,1)] "Nuclear contribution"
                                                         0

0                                      7.4404113160795564e+00
1                                     -7.4963488393084425e+00
2                                      4.3262037238385176e-02
   &DIPOLETOTAL [&Type "ArrayOfDoubles", &Dim (3,1)] "Total"
                                                         0

0                                      4.7986129339573935e-01
1                                     -8.1555041103574943e-01
2                                      1.1571279442029181e-01
   &DIPOLEMAGNITUDE [&Type "Double", &Units "a.u."]       9.5329889574706017e-01
$End
$THERMOCHEMISTRY_Energies
   &GeometryIndex 1
   &ListStatus       OUT
   &TEMPERATURE [&Type "Double"]       2.9814999999999998e+02
   &PRESSURE [&Type "Double"]       1.0000000000000000e+00
   &TOTALMASS [&Type "Double"]       9.2568999999999988e+01
   &SPINDEGENERACY [&Type "Integer"] 1
   &ELENERGY [&Type "Double"]      -6.1802643825213488e+02
   &TRANSENERGY [&Type "Double"]       1.4162714244859817e-03
   &ROTENERGY [&Type "Double"]       1.4162714244859817e-03
   &VIBENERGY [&Type "Double"]       3.5216554758372765e-03
   &NUMOFFREQS [&Type "Integer"] 42
   &FREQSCALINGFACTOR [&Type "Double"]       1.0000000000000000e+00
   &FREQ [&Type "ArrayOfDoubles", &Dim (42,1)] "In cm^-1"
                                                         0

0                                      0.0000000000000000e+00
1                                      0.0000000000000000e+00
2                                      0.0000000000000000e+00
3                                      0.0000000000000000e+00
4                                      0.0000000000000000e+00
5                                      0.0000000000000000e+00
6                                      1.5050686801966461e+02
7                                      2.3272774667371354e+02
8                                      2.8643436787049200e+02
9                                      3.0123232540101372e+02
10                                     3.3050262952059990e+02
11                                     3.9042497817048076e+02
12                                     4.6753413308978560e+02
13                                     5.6490880669242688e+02
14                                     8.1182623455353644e+02
15                                     8.6897811379362690e+02
16                                     9.8594981376463147e+02
17                                     1.0234362346099616e+03
18                                     1.0525796527759378e+03
19                                     1.0992965386601463e+03
20                                     1.1456269269716543e+03
21                                     1.1913154189737747e+03
22                                     1.2589551406941848e+03
23                                     1.3208403177537125e+03
24                                     1.3378743865270840e+03
25                                     1.4100358645986437e+03
26                                     1.4235300301652776e+03
27                                     1.4254532576466190e+03
28                                     1.4789755262761087e+03
29                                     1.4932214373719667e+03
30                                     1.5004216591486875e+03
31                                     1.5026431700323280e+03
32                                     1.5131401621800733e+03
33                                     3.0197725903850646e+03
34                                     3.0337094625023956e+03
35                                     3.0346711505523122e+03
36                                     3.0645597460613212e+03
37                                     3.0872470713729522e+03
38                                     3.1061293765771129e+03
39                                     3.1077484672974201e+03
40                                     3.1166607570520482e+03
41                                     3.1317177524892149e+03
   &ZPE [&Type "Double"]       1.2363749708234621e-01
   &INNERENERGYU [&Type "Double"]      -6.1789644655672782e+02
   &ENTHALPYH [&Type "Double"]      -6.1789550234768558e+02
   &QEL [&Type "Double"]       0.0000000000000000e+00
   &QROT [&Type "Double"]       1.2765819544857273e-02
   &QVIB [&Type "Double"]       5.6506009207737840e-03
   &QTRANS [&Type "Double"]       1.8761883484258252e-02
   &ENTROPYS [&Type "Double"]       3.7178303949889309e-02
   &FREEENERGYG [&Type "Double"]      -6.1793268065163545e+02
   &ISLINEAR [&Type "Boolean"] false
$End
$Hessian
   &GeometryIndex 1
   &ListStatus       OUT
   &HESSIAN [&Type "ArrayOfDoubles", &Dim (42,42)] "The Hessian"
                                                         0                           1                           2                           3                           4                           5                           6                           7

0                                      5.3598615962152718e-01        -4.1045198397374597e-02        -2.0955450651220300e-02        -1.2561072207123103e-01        -5.4960769976515694e-02        -2.3150513651579149e-02        -2.5532790039956562e-02        -2.2549835231687215e-02
1                                     -4.1045198397374597e-02         5.2893612999645523e-01        -2.0363376111501363e-02        -5.5738579227377918e-02        -1.4407909607665415e-01        -2.7743358783403699e-02        -1.9601756002230429e-03         2.1592388115010235e-03
2                                     -2.0955450651220300e-02        -2.0363376111501363e-02         5.6365338908379514e-01        -2.5578575322638009e-02        -2.9624521207075226e-02        -9.3786211707305403e-02         8.2888809485908415e-03         1.3488040092957607e-02
3                                     -1.2561072207123103e-01        -5.5738579227377918e-02        -2.5578575322638009e-02         4.8436937930970747e-01        -1.5128390670176987e-02         2.1928612663497951e-02        -1.6841788058025947e-01        -8.5351839792887248e-03
4                                     -5.4960769976515694e-02        -1.4407909607665415e-01        -2.9624521207075226e-02        -1.5128390670176987e-02         5.4362865886479395e-01        -2.2654999594611456e-02        -6.7575738764928464e-03        -6.7517613409567093e-02
5                                     -2.3150513651579149e-02        -2.7743358783403699e-02        -9.3786211707305403e-02         2.1928612663497951e-02        -2.2654999594611456e-02         5.7618338765420396e-01         5.4948381643279559e-02        -4.5320267796031891e-03
6                                     -2.5532790039956562e-02        -1.9601756002230429e-03         8.2888809485908415e-03        -1.6841788058025947e-01        -6.7575738764928464e-03         5.4948381643279559e-02         4.3733252894707714e-01         8.5621087978767940e-02
7                                     -2.2549835231687215e-02         2.1592388115010235e-03         1.3488040092957607e-02        -8.5351839792887248e-03        -6.7517613409567093e-02        -4.5320267796031891e-03         8.5621087978767940e-02         3.3496904063899791e-01
8                                     -9.0092336686485586e-03         2.5686558129884574e-03         5.6111249702980523e-03         5.5564305270263417e-02        -3.2058855058589505e-03        -1.1637921158172933e-01        -1.2817110808261587e-03         4.2593854505731839e-02
9                                      1.9753571422369887e-03         7.3439573984488381e-04         8.9566326520262732e-04         2.6768263768624668e-03        -1.2389939489413507e-03         3.0488591407621900e-02        -5.2580735062464350e-02        -6.2687060412897717e-03
10                                     5.2001977959812004e-04        -9.7653440138420890e-05         8.5800385508990056e-04        -7.8979279609159812e-04         1.7571541830407288e-03        -6.9877999741456941e-04        -6.0464236633385911e-03        -4.1732608707666208e-02
11                                    -9.0807087034301421e-04        -1.4856825599621117e-04         1.0131742159462075e-03        -1.3395750220654076e-03        -8.9506131639135490e-04        -1.5182714913080575e-02        -3.0931148752936337e-02        -1.0677230633416458e-02
12                                    -3.7399844093191879e-03         1.3002272738037654e-03         3.2627047673893157e-03        -2.2614942136870580e-02        -2.4989111090660772e-02        -8.5997247542861123e-03        -1.2830143688942311e-01        -6.7632412158615346e-02
13                                     1.3816101660775017e-03         1.9310683232858297e-04        -6.8394167384825386e-04        -5.4327881509277851e-03         1.7722952793467646e-03         1.3947730138927639e-03        -6.8682646372947076e-02        -1.4094944668935244e-01
14                                     2.6304290830013810e-03        -6.8160079412001051e-04        -2.1133144945527991e-03         1.0164375431520564e-02         1.3220539528583181e-02         5.9736962006489772e-03        -2.2645767935670094e-02        -3.4188462771866809e-02
15                                    -1.1190170796162950e-03         4.6230980148874098e-04         8.0997233200799310e-04        -1.5730341164770449e-02         2.7591168787381423e-02        -7.1668887947768795e-03        -3.9146106257155470e-02         1.0206888435757275e-02
16                                    -1.9653193033938184e-03        -6.2139474002933376e-06        -7.5931805463155485e-05         1.1271795701519465e-02        -1.7559561706676129e-02         3.2092981934109099e-03         9.8292264153885187e-03        -5.1733227834433598e-02
17                                    -1.5217954473632322e-04         7.2584023503101044e-05         4.2016721461613621e-04         3.2454418209433983e-03        -7.0735729196778219e-03         2.9820059066176970e-03        -5.3209016688183508e-03         9.4161886697521069e-03
18                                    -5.2142083720905549e-02         2.3017776036561629e-03        -3.3102042175360738e-02        -4.4256689677700193e-03         1.2647321769705070e-03        -2.1921749510295768e-02         1.3503405501998928e-03         7.0047338114889463e-04
19                                     2.2596011238336894e-03        -4.9090563474772246e-02         1.5174558897131252e-02        -3.6168754347903542e-03         6.9607254039501243e-04        -2.5678728787565823e-02         9.6128401237827524e-04         1.0843243489487002e-03
20                                    -3.3922747426408051e-02         1.3751816655506252e-02        -3.0338113404949762e-01        -1.3182008207471285e-03         1.9640260511684729e-04        -9.5105202216093868e-03         8.6302398876717239e-04         3.7686334600625215e-04
21                                    -7.9286745460262514e-02         8.4400517397564434e-02        -2.2113631963323138e-02         7.9125552344913325e-03        -2.0212853272150069e-02         6.0136920900305327e-03         1.9907955405744819e-03        -1.0606313377830359e-03
22                                     8.2234683707351292e-02        -2.6639503839862277e-01         5.7094527524239866e-02         7.2872586167280033e-03        -2.1357510300622315e-02         5.1647848508912736e-03         1.5888145699419877e-03        -1.1988630019352199e-03
23                                    -2.1641465834136710e-02         5.7705456891971027e-02        -6.4492883347698565e-02         4.4113872702350298e-03        -1.0477502906544920e-02         2.0821555214096178e-03         1.4600083554930289e-04         5.8571423208398938e-04
24                                    -2.5411658981766327e-01         2.9984942177230332e-02         1.0426895122959447e-01        -1.7197835993211175e-02         3.7000986757406325e-03         9.3496294241491428e-03        -9.2897388952254550e-04        -3.3393193953732908e-03
25                                     3.2036375495276041e-02        -5.1566300482025838e-02        -1.5970180795654286e-02        -2.2633650991237528e-02         2.3186655146829960e-03         1.2454006701291999e-02        -2.2659612092437859e-03        -4.6716139065918379e-03
26                                     1.0535570845812769e-01        -1.5078445751600469e-02        -1.0164856247426254e-01        -1.0677755129230585e-02         1.8887386139263083e-03         4.4456143390105354e-03        -1.0797381816506548e-03        -1.2816162094990674e-03
27                                     7.7224688404566944e-03        -2.1926653976074524e-02         4.3096176428089848e-03        -8.7205998516219102e-02         9.0923193758250601e-02        -1.8490210201907803e-02        -1.3701240540651931e-02         2.4764745444113674e-02
28                                     7.9020771046663871e-03        -2.1995620634419712e-02         4.3851978018805866e-03         9.0238823047849803e-02        -2.4686591395135607e-01         4.4506888932591887e-02         3.1584466805133909e-03        -5.0449914465215094e-03
29                                     3.7726383416532864e-03        -9.7240663935867187e-03         1.6087519561358713e-03        -1.8815028042231390e-02         4.3794104100054257e-02        -5.9445112957924991e-02         6.6402739504153579e-03        -1.2530337034775331e-02
30                                    -3.6818410399422057e-03         1.2683726183235818e-03        -2.1235804825290049e-02        -5.4068625988469940e-02         2.7504222190216140e-03        -4.0271876176824178e-02         2.0210368120858416e-03        -2.3839395309311114e-03
31                                    -4.1214461731288576e-03         1.0445953254132950e-03        -2.4824284011616786e-02         1.6697672101264522e-03        -4.9516815785326206e-02         1.7365091531296971e-02         1.8306361755626509e-03        -1.6061587625231088e-03
32                                    -1.6871847215066214e-03         1.1515293812263197e-04        -7.8564575199446939e-03        -3.7564435223405065e-02         1.5573187136283875e-02        -2.9798936881068805e-01        -1.7729962440223117e-03         1.8056933513554835e-03
33                                     1.8235034612041181e-04         3.3781072050020986e-05        -9.7974899980277823e-05         2.2384581527185705e-04         2.5323158676521414e-05         2.3465773702853292e-04         7.0153220660108409e-03        -1.4280916349422117e-02
34                                    -3.7343343266467172e-04         3.2837611624019457e-04        -2.7259720214573447e-04         1.3473264492255468e-03         4.7212407669969952e-04         1.0045467162726231e-04         1.1570765688843580e-02        -2.1736139982607379e-02
35                                     1.7901062116811267e-04        -9.8984362965772767e-05        -3.4139190066785749e-05         6.0528937590675577e-06         1.4611013363001945e-04         1.3658424961730028e-05         4.0094383077499615e-03        -6.7077796075410735e-03
36                                    -4.9856326259677640e-04         3.5257499974549779e-04         9.7481583582086063e-04        -1.0204113484151428e-03        -3.5130776904517508e-03        -2.3583425901271462e-03        -1.6964593705531321e-02         3.3995465594591837e-03
37                                    -1.4240356020328838e-03         6.7911215900626643e-04         7.4477413361958688e-04        -1.5728276916475523e-03        -4.2409207750242015e-03        -2.4414899688451784e-03        -2.4139298475626458e-02        -1.9051823367683546e-04
38                                    -4.3595739023862662e-04        -2.1684511893506212e-04         6.4474966310183301e-04        -6.4369044137550010e-04        -1.3776534796065337e-03        -1.4208238639466970e-04        -9.7265112338231000e-03         1.4586985096366762e-03
39                                    -1.3799904884796591e-04        -1.1168826359993147e-04         1.6195067860669181e-04         1.1098200308838507e-03         7.3085350692568682e-04        -1.1075908330061195e-03        -4.1362669509833940e-03         1.3151392073126266e-03
40                                     4.9067520937285411e-05        -1.1007278691112398e-04         1.8097552597881638e-06         1.4480961585116446e-03         4.9246154626703771e-04        -3.7447949256921549e-04        -4.6651193056935283e-03        -1.8314218245723910e-03
41                                     3.5940392657612084e-05        -9.0500002855945817e-05         3.6134567943528267e-04         7.2041619866918937e-04         4.1868032118184094e-04         7.5470453187986321e-04        -2.0767995282700499e-03         1.2060482129140626e-04
                                                         8                           9                          10                          11                          12                          13                          14                          15

0                                     -9.0092336686485586e-03         1.9753571422369887e-03         5.2001977959812004e-04        -9.0807087034301421e-04        -3.7399844093191879e-03         1.3816101660775017e-03         2.6304290830013810e-03        -1.1190170796162950e-03
1                                      2.5686558129884574e-03         7.3439573984488381e-04        -9.7653440138420890e-05        -1.4856825599621117e-04         1.3002272738037654e-03         1.9310683232858297e-04        -6.8160079412001051e-04         4.6230980148874098e-04
2                                      5.6111249702980523e-03         8.9566326520262732e-04         8.5800385508990056e-04         1.0131742159462075e-03         3.2627047673893157e-03        -6.8394167384825386e-04        -2.1133144945527991e-03         8.0997233200799310e-04
3                                      5.5564305270263417e-02         2.6768263768624668e-03        -7.8979279609159812e-04        -1.3395750220654076e-03        -2.2614942136870580e-02        -5.4327881509277851e-03         1.0164375431520564e-02        -1.5730341164770449e-02
4                                     -3.2058855058589505e-03        -1.2389939489413507e-03         1.7571541830407288e-03        -8.9506131639135490e-04        -2.4989111090660772e-02         1.7722952793467646e-03         1.3220539528583181e-02         2.7591168787381423e-02
5                                     -1.1637921158172933e-01         3.0488591407621900e-02        -6.9877999741456941e-04        -1.5182714913080575e-02        -8.5997247542861123e-03         1.3947730138927639e-03         5.9736962006489772e-03        -7.1668887947768795e-03
6                                     -1.2817110808261587e-03        -5.2580735062464350e-02        -6.0464236633385911e-03        -3.0931148752936337e-02        -1.2830143688942311e-01        -6.8682646372947076e-02        -2.2645767935670094e-02        -3.9146106257155470e-02
7                                      4.2593854505731839e-02        -6.2687060412897717e-03        -4.1732608707666208e-02        -1.0677230633416458e-02        -6.7632412158615346e-02        -1.4094944668935244e-01        -3.4188462771866809e-02         1.0206888435757275e-02
8                                      5.8309762084670536e-01        -3.2257580770653813e-02        -7.8536893349077826e-03        -3.1432526003316574e-01        -2.2347537104196263e-02        -3.2672738511904768e-02        -9.5960324541241399e-02        -6.1382844447976231e-03
9                                     -3.2257580770653813e-02         6.0452505861338192e-02         2.6272878316851000e-03         3.2125159940648684e-02        -2.4084844560271282e-03        -1.5782584138853521e-03        -2.0259837994656079e-02        -5.1734021522633735e-03
10                                    -7.8536893349077826e-03         2.6272878316851000e-03         5.5215865338657112e-02         1.1913497334774398e-02        -4.4941530972030814e-03         2.7095562271024602e-04        -2.6019860568888487e-02         1.1067630404883365e-02
11                                    -3.1432526003316574e-01         3.2125159940648684e-02         1.1913497334774398e-02         3.3234067135860951e-01        -3.8385742195901421e-04        -5.8839043603254107e-04        -6.0380538280059510e-03        -1.5116844125909953e-03
12                                    -2.2347537104196263e-02        -2.4084844560271282e-03        -4.4941530972030814e-03        -3.8385742195901421e-04         5.6196732890762702e-01        -3.4239335576193568e-02        -1.7477610538210911e-02         3.3493018686072736e-03
13                                    -3.2672738511904768e-02        -1.5782584138853521e-03         2.7095562271024602e-04        -5.8839043603254107e-04        -3.4239335576193568e-02         5.0629886065362850e-01        -1.5285124574845373e-02        -4.0859241135174119e-03
14                                    -9.5960324541241399e-02        -2.0259837994656079e-02        -2.6019860568888487e-02        -6.0380538280059510e-03        -1.7477610538210911e-02        -1.5285124574845373e-02         5.7779913235884850e-01         1.8693054493485566e-03
15                                    -6.1382844447976231e-03        -5.1734021522633735e-03         1.1067630404883365e-02        -1.5116844125909953e-03         3.3493018686072736e-03        -4.0859241135174119e-03         1.8693054493485566e-03         6.1273790535647923e-02
16                                     1.0329582006314258e-02         8.1472046421753926e-03        -1.4618607110684514e-02         2.6080826346883065e-03         1.7451411123107469e-02        -3.5809245990029770e-02         9.0886694944517562e-03        -4.3386440220625447e-02
17                                    -4.0890071774123911e-02        -1.1421059348468560e-02         2.2065304708376893e-02        -4.7439099083478736e-04         1.6308587339851413e-03        -2.0032635160356724e-03         1.8814299239484182e-03         9.8765093566196699e-03
