
$orca_hessian_file

$act_atom
  0

$act_coord
  0

$act_energy
        0.000000

$multiplicity
  1

$hessian
42
                    0                  1                  2                  3                  4        
    0      5.3598615962E-01  -4.1045198397E-02  -2.0955450651E-02  -1.2561072207E-01  -5.4960769977E-02
    1     -4.1045198397E-02   5.2893613000E-01  -2.0363376112E-02  -5.5738579227E-02  -1.4407909608E-01
    2     -2.0955450651E-02  -2.0363376112E-02   5.6365338908E-01  -2.5578575323E-02  -2.9624521207E-02
    3     -1.2561072207E-01  -5.5738579227E-02  -2.5578575323E-02   4.8436937931E-01  -1.5128390670E-02
    4     -5.4960769977E-02  -1.4407909608E-01  -2.9624521207E-02  -1.5128390670E-02   5.4362865886E-01
    5     -2.3150513652E-02  -2.7743358783E-02  -9.3786211707E-02   2.1928612663E-02  -2.2654999595E-02
    6     -2.5532790040E-02  -1.9601756002E-03   8.2888809486E-03  -1.6841788058E-01  -6.7575738765E-03
    7     -2.2549835232E-02   2.1592388115E-03   1.3488040093E-02  -8.5351839793E-03  -6.7517613410E-02
    8     -9.0092336686E-03   2.5686558130E-03   5.6111249703E-03   5.5564305270E-02  -3.2058855059E-03
    9      1.9753571422E-03   7.3439573984E-04   8.9566326520E-04   2.6768263769E-03  -1.2389939489E-03
   10      5.2001977960E-04  -9.7653440138E-05   8.5800385509E-04  -7.8979279609E-04   1.7571541830E-03
   11     -9.0807087034E-04  -1.4856825600E-04   1.0131742159E-03  -1.3395750221E-03  -8.9506131639E-04
   12     -3.7399844093E-03   1.3002272738E-03   3.2627047674E-03  -2.2614942137E-02  -2.4989111091E-02
   13      1.3816101661E-03   1.9310683233E-04  -6.8394167385E-04  -5.4327881509E-03   1.7722952793E-03
   14      2.6304290830E-03  -6.8160079412E-04  -2.1133144946E-03   1.0164375432E-02   1.3220539529E-02
   15     -1.1190170796E-03   4.6230980149E-04   8.0997233201E-04  -1.5730341165E-02   2.7591168787E-02
   16     -1.9653193034E-03  -6.2139474003E-06  -7.5931805463E-05   1.1271795702E-02  -1.7559561707E-02
   17     -1.5217954474E-04   7.2584023503E-05   4.2016721462E-04   3.2454418209E-03  -7.0735729197E-03
   18     -5.2142083721E-02   2.3017776037E-03  -3.3102042175E-02  -4.4256689678E-03   1.2647321770E-03
   19      2.2596011238E-03  -4.9090563475E-02   1.5174558897E-02  -3.6168754348E-03   6.9607254040E-04
   20     -3.3922747426E-02   1.3751816656E-02  -3.0338113405E-01  -1.3182008207E-03   1.9640260512E-04
   21     -7.9286745460E-02   8.4400517398E-02  -2.2113631963E-02   7.9125552345E-03  -2.0212853272E-02
   22      8.2234683707E-02  -2.6639503840E-01   5.7094527524E-02   7.2872586167E-03  -2.1357510301E-02
   23     -2.1641465834E-02   5.7705456892E-02  -6.4492883348E-02   4.4113872702E-03  -1.0477502907E-02
   24     -2.5411658982E-01   2.9984942177E-02   1.0426895123E-01  -1.7197835993E-02   3.7000986757E-03
   25      3.2036375495E-02  -5.1566300482E-02  -1.5970180796E-02  -2.2633650991E-02   2.3186655147E-03
   26      1.0535570846E-01  -1.5078445752E-02  -1.0164856247E-01  -1.0677755129E-02   1.8887386139E-03
   27      7.7224688405E-03  -2.1926653976E-02   4.3096176428E-03  -8.7205998516E-02   9.0923193758E-02
   28      7.9020771047E-03  -2.1995620634E-02   4.3851978019E-03   9.0238823048E-02  -2.4686591395E-01
   29      3.7726383417E-03  -9.7240663936E-03   1.6087519561E-03  -1.8815028042E-02   4.3794104100E-02
   30     -3.6818410399E-03   1.2683726183E-03  -2.1235804825E-02  -5.4068625988E-02   2.7504222190E-03
   31     -4.1214461731E-03   1.0445953254E-03  -2.4824284012E-02   1.6697672101E-03  -4.9516815785E-02
   32     -1.6871847215E-03   1.1515293812E-04  -7.8564575199E-03  -3.7564435223E-02   1.5573187136E-02
   33      1.8235034612E-04   3.3781072050E-05  -9.7974899980E-05   2.2384581527E-04   2.5323158677E-05
   34     -3.7343343266E-04   3.2837611624E-04  -2.7259720215E-04   1.3473264492E-03   4.7212407670E-04
   35      1.7901062117E-04  -9.8984362966E-05  -3.4139190067E-05   6.0528937591E-06   1.4611013363E-04
   36     -4.9856326260E-04   3.5257499975E-04   9.7481583582E-04  -1.0204113484E-03  -3.5130776905E-03
   37     -1.4240356020E-03   6.7911215901E-04   7.4477413362E-04  -1.5728276916E-03  -4.2409207750E-03
   38     -4.3595739024E-04  -2.1684511894E-04   6.4474966310E-04  -6.4369044138E-04  -1.3776534796E-03
   39     -1.3799904885E-04  -1.1168826360E-04   1.6195067861E-04   1.1098200309E-03   7.3085350693E-04
   40      4.9067520937E-05  -1.1007278691E-04   1.8097552598E-06   1.4480961585E-03   4.9246154627E-04
   41      3.5940392658E-05  -9.0500002856E-05   3.6134567944E-04   7.2041619867E-04   4.1868032118E-04
                    5                  6                  7                  8                  9        
    0     -2.3150513652E-02  -2.5532790040E-02  -2.2549835232E-02  -9.0092336686E-03   1.9753571422E-03
    1     -2.7743358783E-02  -1.9601756002E-03   2.1592388115E-03   2.5686558130E-03   7.3439573984E-04
    2     -9.3786211707E-02   8.2888809486E-03   1.3488040093E-02   5.6111249703E-03   8.9566326520E-04
    3      2.1928612663E-02  -1.6841788058E-01  -8.5351839793E-03   5.5564305270E-02   2.6768263769E-03
    4     -2.2654999595E-02  -6.7575738765E-03  -6.7517613410E-02  -3.2058855059E-03  -1.2389939489E-03
    5      5.7618338765E-01   5.4948381643E-02  -4.5320267796E-03  -1.1637921158E-01   3.0488591408E-02
    6      5.4948381643E-02   4.3733252895E-01   8.5621087979E-02  -1.2817110808E-03  -5.2580735062E-02
    7     -4.5320267796E-03   8.5621087979E-02   3.3496904064E-01   4.2593854506E-02  -6.2687060413E-03
    8     -1.1637921158E-01  -1.2817110808E-03   4.2593854506E-02   5.8309762085E-01  -3.2257580771E-02
    9      3.0488591408E-02  -5.2580735062E-02  -6.2687060413E-03  -3.2257580771E-02   6.0452505861E-02
   10     -6.9877999741E-04  -6.0464236633E-03  -4.1732608708E-02  -7.8536893349E-03   2.6272878317E-03
   11     -1.5182714913E-02  -3.0931148753E-02  -1.0677230633E-02  -3.1432526003E-01   3.2125159941E-02
   12     -8.5997247543E-03  -1.2830143689E-01  -6.7632412159E-02  -2.2347537104E-02  -2.4084844560E-03
   13      1.3947730139E-03  -6.8682646373E-02  -1.4094944669E-01  -3.2672738512E-02  -1.5782584139E-03
   14      5.9736962006E-03  -2.2645767936E-02  -3.4188462772E-02  -9.5960324541E-02  -2.0259837995E-02
   15     -7.1668887948E-03  -3.9146106257E-02   1.0206888436E-02  -6.1382844448E-03  -5.1734021523E-03
   16      3.2092981934E-03   9.8292264154E-03  -5.1733227834E-02   1.0329582006E-02   8.1472046422E-03
   17      2.9820059066E-03  -5.3209016688E-03   9.4161886698E-03  -4.0890071774E-02  -1.1421059348E-02
   18     -2.1921749510E-02   1.3503405502E-03   7.0047338115E-04  -1.9559984641E-03  -3.1014794696E-04
   19     -2.5678728788E-02   9.6128401238E-04   1.0843243489E-03  -4.5332708443E-04  -1.2138028896E-04
   20     -9.5105202216E-03   8.6302398877E-04   3.7686334601E-04   6.9309302936E-04  -8.4399812761E-04
   21      6.0136920900E-03   1.9907955406E-03  -1.0606313378E-03   3.8203483210E-04  -8.1640334171E-05
   22      5.1647848509E-03   1.5888145699E-03  -1.1988630019E-03   1.1395440853E-05  -1.4893877445E-04
   23      2.0821555214E-03   1.4600083555E-04   5.8571423208E-04  -2.1358514866E-05  -3.7814579764E-05
   24      9.3496294241E-03  -9.2897388952E-04  -3.3393193954E-03  -2.5261378220E-03   1.6088960502E-04
   25      1.2454006701E-02  -2.2659612092E-03  -4.6716139066E-03  -2.4152792687E-03   1.7436731931E-04
   26      4.4456143390E-03  -1.0797381817E-03  -1.2816162095E-03  -6.0991473774E-04  -2.7197337891E-04
   27     -1.8490210202E-02  -1.3701240541E-02   2.4764745444E-02  -6.2187146848E-03   1.0018649950E-03
   28      4.4506888933E-02   3.1584466805E-03  -5.0449914465E-03   5.0969186910E-04   1.5519794156E-04
   29     -5.9445112958E-02   6.6402739504E-03  -1.2530337035E-02   1.7638236863E-03  -9.2742185634E-04
   30     -4.0271876177E-02   2.0210368121E-03  -2.3839395309E-03   3.2151222164E-02  -5.0880391020E-03
   31      1.7365091531E-02   1.8306361756E-03  -1.6061587625E-03  -2.4673849427E-03   2.7826685823E-05
   32     -2.9798936881E-01  -1.7729962440E-03   1.8056933514E-03  -1.8432914819E-02   2.8672222684E-03
   33      2.3465773703E-04   7.0153220660E-03  -1.4280916349E-02   5.5231362560E-03   7.2411634776E-04
   34      1.0045467163E-04   1.1570765689E-02  -2.1736139983E-02   6.8933963959E-03   1.8735363962E-05
   35      1.3658424962E-05   4.0094383077E-03  -6.7077796075E-03   7.5202152505E-04   4.3657130069E-04
   36     -2.3583425901E-03  -1.6964593706E-02   3.3995465595E-03   9.2673566781E-03   4.1483185475E-04
   37     -2.4414899688E-03  -2.4139298476E-02  -1.9051823368E-04   1.4302077576E-02   9.9592946249E-04
   38     -1.4208238639E-04  -9.7265112338E-03   1.4586985096E-03   4.4363044657E-03  -1.2611329100E-05
   39     -1.1075908330E-03  -4.1362669510E-03   1.3151392073E-03  -2.1213282208E-02  -1.7639431291E-03
   40     -3.7447949257E-04  -4.6651193057E-03  -1.8314218246E-03  -2.8068553450E-02  -3.5474071143E-03
   41      7.5470453188E-04  -2.0767995283E-03   1.2060482129E-04  -9.7349325211E-03  -8.9659610784E-04
                   10                 11                 12                 13                 14        
    0      5.2001977960E-04  -9.0807087034E-04  -3.7399844093E-03   1.3816101661E-03   2.6304290830E-03
    1     -9.7653440138E-05  -1.4856825600E-04   1.3002272738E-03   1.9310683233E-04  -6.8160079412E-04
    2      8.5800385509E-04   1.0131742159E-03   3.2627047674E-03  -6.8394167385E-04  -2.1133144946E-03
    3     -7.8979279609E-04  -1.3395750221E-03  -2.2614942137E-02  -5.4327881509E-03   1.0164375432E-02
    4      1.7571541830E-03  -8.9506131639E-04  -2.4989111091E-02   1.7722952793E-03   1.3220539529E-02
    5     -6.9877999741E-04  -1.5182714913E-02  -8.5997247543E-03   1.3947730139E-03   5.9736962006E-03
    6     -6.0464236633E-03  -3.0931148753E-02  -1.2830143689E-01  -6.8682646373E-02  -2.2645767936E-02
    7     -4.1732608708E-02  -1.0677230633E-02  -6.7632412159E-02  -1.4094944669E-01  -3.4188462772E-02
    8     -7.8536893349E-03  -3.1432526003E-01  -2.2347537104E-02  -3.2672738512E-02  -9.5960324541E-02
    9      2.6272878317E-03   3.2125159941E-02  -2.4084844560E-03  -1.5782584139E-03  -2.0259837995E-02
   10      5.5215865339E-02   1.1913497335E-02  -4.4941530972E-03   2.7095562271E-04  -2.6019860569E-02
   11      1.1913497335E-02   3.3234067136E-01  -3.8385742196E-04  -5.8839043603E-04  -6.0380538280E-03
   12     -4.4941530972E-03  -3.8385742196E-04   5.6196732891E-01  -3.4239335576E-02  -1.7477610538E-02
   13      2.7095562271E-04  -5.8839043603E-04  -3.4239335576E-02   5.0629886065E-01  -1.5285124575E-02
   14     -2.6019860569E-02  -6.0380538280E-03  -1.7477610538E-02  -1.5285124575E-02   5.7779913236E-01
   15      1.1067630405E-02  -1.5116844126E-03   3.3493018686E-03  -4.0859241135E-03   1.8693054493E-03
   16     -1.4618607111E-02   2.6080826347E-03   1.7451411123E-02  -3.5809245990E-02   9.0886694945E-03
   17      2.2065304708E-02  -4.7439099083E-04   1.6308587340E-03  -2.0032635160E-03   1.8814299239E-03
   18     -1.7616258626E-04   7.3177106980E-04  -2.6831406088E-05  -1.7920783445E-04   1.5452781676E-04
   19      1.5098170583E-04   6.2255557491E-04   9.8977576577E-05  -9.0982419562E-05  -3.4712072053E-07
   20     -8.7825774104E-05   3.3422978910E-04  -8.3776607488E-06  -1.5536337247E-05   4.6081040041E-04
   21      4.3543658216E-05   6.7102386701E-05  -2.2796000164E-04   1.9316050863E-04  -1.5540302580E-04
   22     -2.6934244440E-05   3.0164226741E-05  -2.4075740754E-04   1.9031503574E-05   1.3069553616E-05
   23      6.6787267786E-05   2.5746832481E-05   7.1139049957E-05  -1.5182118490E-05   1.8976913347E-05
   24      2.5247355543E-05  -7.9063397903E-05  -9.6918983622E-04   4.6084592667E-04   7.9905926141E-04
   25     -1.0384972244E-05  -1.3203868897E-04  -1.2456932107E-03   4.3782168600E-04   6.5806496089E-04
   26     -1.4869472829E-04   3.8402855972E-04  -4.2263136007E-04  -1.0749970023E-04   5.7170329095E-04
   27     -3.9813750552E-04   3.6519656645E-04   7.2916949758E-04   5.3835481188E-04  -5.0298249528E-04
   28      2.6448879705E-04  -3.9659956329E-04  -1.2623104026E-03  -8.5019679418E-05   3.4618422903E-04
   29      8.7099813779E-05   1.2176546264E-04  -2.7190842394E-04  -9.4736959392E-05   3.7402685815E-04
   30     -4.4328571406E-05   2.6776872259E-03   1.5253857525E-03   1.0098509266E-03   5.7722936386E-04
   31      7.7570325078E-04  -7.8014653314E-04   2.0076312670E-04  -2.1952126237E-04   7.0986119438E-04
   32     -2.1727707453E-05   6.9209588685E-05  -6.5464994764E-04  -4.0870880270E-04   5.9356186620E-04
   33      7.2252677144E-04  -2.8087787754E-05  -1.0041059800E-01   9.9245447153E-02  -2.9525642301E-02
   34      8.2162656054E-04  -5.6802179682E-04   9.8236887000E-02  -2.3803846593E-01   5.5401944088E-02
   35      4.5566576851E-04   7.1276595589E-05  -2.9257799889E-02   5.5247962535E-02  -6.4429455342E-02
   36      2.6499324521E-04  -2.6882728541E-04  -2.5438591627E-01   1.1517926038E-02   1.1220061215E-01
   37      6.6308258235E-04   4.2309670768E-05   1.5641497692E-02  -4.7214306594E-02  -8.6017274256E-03
   38      7.4762308105E-04   5.3958183416E-04   1.1384853880E-01  -7.4600910826E-03  -1.1161357995E-01
   39     -3.2995112318E-03  -4.0091692778E-04  -5.4485842624E-02  -9.5375629048E-05  -3.7920056560E-02
   40     -3.4336695658E-03  -1.1293242717E-03   1.1203497117E-03  -4.6585083010E-02   5.3948094917E-03
   41     -1.2646316644E-03   1.1207355282E-03  -3.9297381949E-02   2.6364588798E-03  -3.0751860966E-01
                   15                 16                 17                 18                 19        
    0     -1.1190170796E-03  -1.9653193034E-03  -1.5217954474E-04  -5.2142083721E-02   2.2596011238E-03
    1      4.6230980149E-04  -6.2139474003E-06   7.2584023503E-05   2.3017776037E-03  -4.9090563475E-02
    2      8.0997233201E-04  -7.5931805463E-05   4.2016721462E-04  -3.3102042175E-02   1.5174558897E-02
    3     -1.5730341165E-02   1.1271795702E-02   3.2454418209E-03  -4.4256689678E-03  -3.6168754348E-03
    4      2.7591168787E-02  -1.7559561707E-02  -7.0735729197E-03   1.2647321770E-03   6.9607254040E-04
    5     -7.1668887948E-03   3.2092981934E-03   2.9820059066E-03  -2.1921749510E-02  -2.5678728788E-02
    6     -3.9146106257E-02   9.8292264154E-03  -5.3209016688E-03   1.3503405502E-03   9.6128401238E-04
    7      1.0206888436E-02  -5.1733227834E-02   9.4161886698E-03   7.0047338115E-04   1.0843243489E-03
    8     -6.1382844448E-03   1.0329582006E-02  -4.0890071774E-02  -1.9559984641E-03  -4.5332708443E-04
    9     -5.1734021523E-03   8.1472046422E-03  -1.1421059348E-02  -3.1014794696E-04  -1.2138028896E-04
   10      1.1067630405E-02  -1.4618607111E-02   2.2065304708E-02  -1.7616258626E-04   1.5098170583E-04
   11     -1.5116844126E-03   2.6080826347E-03  -4.7439099083E-04   7.3177106980E-04   6.2255557491E-04
   12      3.3493018686E-03   1.7451411123E-02   1.6308587340E-03  -2.6831406088E-05   9.8977576577E-05
   13     -4.0859241135E-03  -3.5809245990E-02  -2.0032635160E-03  -1.7920783445E-04  -9.0982419562E-05
   14      1.8693054493E-03   9.0886694945E-03   1.8814299239E-03   1.5452781676E-04  -3.4712072053E-07
   15      6.1273790536E-02  -4.3386440221E-02   9.8765093566E-03   5.4404070597E-05   9.9847333289E-05
   16     -4.3386440221E-02   1.1668155880E-01  -2.0198866687E-02   1.0138767906E-04  -1.0917806384E-04
   17      9.8765093566E-03  -2.0198866687E-02   3.2394013052E-02   3.2177463500E-04  -8.1188903953E-05
   18      5.4404070597E-05   1.0138767906E-04   3.2177463500E-04   5.4069119874E-02   1.3701342098E-03
   19      9.9847333289E-05  -1.0917806384E-04  -8.1188903953E-05   1.3701342098E-03   5.0644713911E-02
   20     -3.9099996057E-04   5.5969708172E-05   5.9007932615E-06   3.8821427479E-02  -1.3442397031E-02
   21     -1.9034215560E-03   4.7282695220E-04  -2.0715136858E-04  -2.1165195562E-03   2.2754507786E-03
   22      7.0807433492E-04   1.3783259250E-03  -7.2878573466E-05  -2.2296912527E-04   6.2170888856E-05
   23     -1.4861083535E-04  -6.4004410910E-05  -1.8405321124E-04  -1.1468863791E-02   2.9432722695E-02
   24      1.6876148103E-05  -3.1536221177E-04  -3.2170136020E-05   5.1128073283E-03  -7.1766297647E-04
   25      5.2632622690E-04   6.4999347742E-04  -2.5439917747E-05  -2.0973015178E-03  -1.0086390177E-03
   26     -4.3002939443E-05  -1.3361697082E-04   8.0803333515E-05   2.8484919834E-02  -4.6352657291E-03
   27     -5.1348167580E-03   2.7900066994E-03   1.9806117474E-03   6.1316066346E-04   8.8953242730E-04
   28     -3.8401596893E-04   1.5958439065E-03  -6.8074962505E-04   3.1975325397E-04   7.6085736513E-04
   29      2.8247443743E-03  -1.9355961447E-03   4.7613676795E-04   7.0607077907E-04   3.6951184212E-05
   30      1.4322232299E-03  -1.0333845726E-03  -4.8533925412E-04  -2.2776418705E-03  -3.6185181225E-03
   31     -7.9554537154E-04   7.5831196286E-04  -6.4256745670E-04  -3.4896455714E-03  -3.1046303742E-03
   32     -3.1084600311E-04  -2.3470848599E-04   1.3233914630E-03  -1.0495000126E-03  -1.1623693524E-03
   33      5.0148151109E-04  -4.2210866217E-03  -4.9816084046E-05  -4.1991718362E-06   1.6083151464E-06
   34     -1.6918950487E-03  -4.4998336316E-03  -8.9157043777E-04   1.4820701589E-05  -4.0861572534E-05
   35     -1.4292371003E-04  -2.6043572605E-03   1.1790661791E-03  -2.4555615879E-05  -2.6072774092E-05
   36      1.3129795905E-03   4.4275512284E-04  -2.5386574536E-04   1.3075989596E-05   3.0704105060E-05
   37     -2.6855730641E-04   1.2890407944E-03   1.1972331167E-04   1.3857362260E-06   8.8681387684E-06
   38     -1.5828140153E-04   1.8326349136E-04  -1.4749655784E-04   8.9294937900E-05   9.4765117831E-05
   39      2.6604801331E-04   4.2907141515E-04   8.6012995738E-04   9.0184163813E-05   9.2045747292E-05
   40     -6.3960115738E-05   1.9827934138E-03   2.3381095485E-06   8.6073086046E-05   3.6866023568E-05
   41      6.3814788873E-04  -2.3382454809E-04   9.5309790022E-04   1.8668480609E-04   1.2990238034E-04
                   20                 21                 22                 23                 24        
    0     -3.3922747426E-02  -7.9286745460E-02   8.2234683707E-02  -2.1641465834E-02  -2.5411658982E-01
    1      1.3751816656E-02   8.4400517398E-02  -2.6639503840E-01   5.7705456892E-02   2.9984942177E-02
    2     -3.0338113405E-01  -2.2113631963E-02   5.7094527524E-02  -6.4492883348E-02   1.0426895123E-01
    3     -1.3182008207E-03   7.9125552345E-03   7.2872586167E-03   4.4113872702E-03  -1.7197835993E-02
    4      1.9640260512E-04  -2.0212853272E-02  -2.1357510301E-02  -1.0477502907E-02   3.7000986757E-03
    5     -9.5105202216E-03   6.0136920900E-03   5.1647848509E-03   2.0821555214E-03   9.3496294241E-03
    6      8.6302398877E-04   1.9907955406E-03   1.5888145699E-03   1.4600083555E-04  -9.2897388952E-04
    7      3.7686334601E-04  -1.0606313378E-03  -1.1988630019E-03   5.8571423208E-04  -3.3393193954E-03
    8      6.9309302936E-04   3.8203483210E-04   1.1395440853E-05  -2.1358514866E-05  -2.5261378220E-03
    9     -8.4399812761E-04  -8.1640334171E-05  -1.4893877445E-04  -3.7814579764E-05   1.6088960502E-04
   10     -8.7825774104E-05   4.3543658216E-05  -2.6934244440E-05   6.6787267786E-05   2.5247355543E-05
   11      3.3422978910E-04   6.7102386701E-05   3.0164226741E-05   2.5746832481E-05  -7.9063397903E-05
   12     -8.3776607488E-06  -2.2796000164E-04  -2.4075740754E-04   7.1139049957E-05  -9.6918983622E-04
   13     -1.5536337247E-05   1.9316050863E-04   1.9031503574E-05  -1.5182118490E-05   4.6084592667E-04
   14      4.6081040041E-04  -1.5540302580E-04   1.3069553616E-05   1.8976913347E-05   7.9905926141E-04
   15     -3.9099996057E-04  -1.9034215560E-03   7.0807433492E-04  -1.4861083535E-04   1.6876148103E-05
   16      5.5969708172E-05   4.7282695220E-04   1.3783259250E-03  -6.4004410910E-05  -3.1536221177E-04
   17      5.9007932615E-06  -2.0715136858E-04  -7.2878573466E-05  -1.8405321124E-04  -3.2170136020E-05
   18      3.8821427479E-02  -2.1165195562E-03  -2.2296912527E-04  -1.1468863791E-02   5.1128073283E-03
   19     -1.3442397031E-02   2.2754507786E-03   6.2170888856E-05   2.9432722695E-02  -7.1766297647E-04
   20      3.2910098760E-01  -1.5904941100E-04  -4.1479356443E-05  -6.2206260603E-03  -2.4034349570E-03
   21     -1.5904941100E-04   8.4827416434E-02  -8.8956662247E-02   2.5046816085E-02  -9.2687373299E-03
   22     -4.1479356443E-05  -8.8956662247E-02   2.9094410398E-01  -6.0814320703E-02   8.8764906190E-04
   23     -6.2206260603E-03   2.5046816085E-02  -6.0814320703E-02   6.4938103276E-02   4.6045487518E-03
   24     -2.4034349570E-03  -9.2687373299E-03   8.8764906190E-04   4.6045487518E-03   2.7626407888E-01
   25      1.2230711407E-03   2.5323432751E-02  -2.4512304432E-03  -1.4489832389E-02  -3.0731775103E-02
   26     -1.2728635596E-02  -8.0069792926E-03   3.8432777026E-04   3.2037327784E-03  -1.1385708544E-01
   27      5.2623574595E-05  -2.6801784835E-03  -3.4143773147E-03  -1.7291593209E-03   9.0186533023E-04
   28     -4.3102483235E-04  -3.5089634173E-03  -2.0329603405E-03  -1.9356909955E-03  -9.0773364220E-05
   29      3.1742761517E-04  -9.9752711892E-04  -1.6703979407E-03   3.1725493261E-04   2.7232058379E-04
   30     -8.1965669689E-04   8.5426659271E-04   2.2565009826E-04   7.5558305751E-04   2.2083299646E-04
   31     -1.7143169097E-03   8.7286610052E-04   8.0428220783E-04   3.7885324899E-06   4.7830289326E-04
   32      9.5802295986E-04   1.5179569977E-04  -1.1480752629E-04   3.7936703271E-04  -3.1722249351E-04
   33     -1.7313647263E-05   4.7178040622E-05  -9.1876573152E-06   1.7338198334E-05   3.1201157243E-05
   34      1.6579436698E-05   2.1793744549E-04   2.4641015112E-04   1.1147843430E-05  -6.8349152968E-06
   35     -4.9440977409E-05  -2.2034055350E-07  -4.0216412453E-05  -2.5552893267E-05   1.9168684465E-05
   36     -2.8597985117E-05  -1.0204899731E-04  -9.9074400460E-05  -2.7872156094E-05  -2.1476491468E-04
   37     -3.9498341312E-05   7.8882686187E-05   2.9643936485E-05   6.3347586958E-05  -3.7602214838E-04
   38     -5.9015967286E-06   4.2550100079E-06  -2.5076708291E-05  -7.1753253367E-06  -1.4217097716E-04
   39      2.0153986214E-04   3.5039876529E-05   4.0965417751E-05   1.2976777305E-06  -1.2459662553E-05
   40      1.3961662406E-04  -2.0636884234E-05  -2.1431863665E-05  -1.4314776396E-05   2.0018567309E-05
   41      2.5786316662E-05  -2.6057991975E-05   2.2791104322E-05  -1.3687934194E-05  -1.8188981346E-05
                   25                 26                 27                 28                 29        
    0      3.2036375495E-02   1.0535570846E-01   7.7224688405E-03   7.9020771047E-03   3.7726383417E-03
    1     -5.1566300482E-02  -1.5078445752E-02  -2.1926653976E-02  -2.1995620634E-02  -9.7240663936E-03
    2     -1.5970180796E-02  -1.0164856247E-01   4.3096176428E-03   4.3851978019E-03   1.6087519561E-03
    3     -2.2633650991E-02  -1.0677755129E-02  -8.7205998516E-02   9.0238823048E-02  -1.8815028042E-02
    4      2.3186655147E-03   1.8887386139E-03   9.0923193758E-02  -2.4686591395E-01   4.3794104100E-02
    5      1.2454006701E-02   4.4456143390E-03  -1.8490210202E-02   4.4506888933E-02  -5.9445112958E-02
    6     -2.2659612092E-03  -1.0797381817E-03  -1.3701240541E-02   3.1584466805E-03   6.6402739504E-03
    7     -4.6716139066E-03  -1.2816162095E-03   2.4764745444E-02  -5.0449914465E-03  -1.2530337035E-02
    8     -2.4152792687E-03  -6.0991473774E-04  -6.2187146848E-03   5.0969186910E-04   1.7638236863E-03
    9      1.7436731931E-04  -2.7197337891E-04   1.0018649950E-03   1.5519794156E-04  -9.2742185634E-04
   10     -1.0384972244E-05  -1.4869472829E-04  -3.9813750552E-04   2.6448879705E-04   8.7099813779E-05
   11     -1.3203868897E-04   3.8402855972E-04   3.6519656645E-04  -3.9659956329E-04   1.2176546264E-04
   12     -1.2456932107E-03  -4.2263136007E-04   7.2916949758E-04  -1.2623104026E-03  -2.7190842394E-04
   13      4.3782168600E-04  -1.0749970023E-04   5.3835481188E-04  -8.5019679418E-05  -9.4736959392E-05
   14      6.5806496089E-04   5.7170329095E-04  -5.0298249528E-04   3.4618422903E-04   3.7402685815E-04
   15      5.2632622690E-04  -4.3002939443E-05  -5.1348167580E-03  -3.8401596893E-04   2.8247443743E-03
   16      6.4999347742E-04  -1.3361697082E-04   2.7900066994E-03   1.5958439065E-03  -1.9355961447E-03
   17     -2.5439917747E-05   8.0803333515E-05   1.9806117474E-03  -6.8074962505E-04   4.7613676795E-04
   18     -2.0973015178E-03   2.8484919834E-02   6.1316066346E-04   3.1975325397E-04   7.0607077907E-04
   19     -1.0086390177E-03  -4.6352657291E-03   8.8953242730E-04   7.6085736513E-04   3.6951184212E-05
   20      1.2230711407E-03  -1.2728635596E-02   5.2623574595E-05  -4.3102483235E-04   3.1742761517E-04
   21      2.5323432751E-02  -8.0069792926E-03  -2.6801784835E-03  -3.5089634173E-03  -9.9752711892E-04
   22     -2.4512304432E-03   3.8432777026E-04  -3.4143773147E-03  -2.0329603405E-03  -1.6703979407E-03
   23     -1.4489832389E-02   3.2037327784E-03  -1.7291593209E-03  -1.9356909955E-03   3.1725493261E-04
   24     -3.0731775103E-02  -1.1385708544E-01   9.0186533023E-04  -9.0773364220E-05   2.7232058379E-04
   25      5.4973668111E-02   1.8177307069E-02   4.7832223684E-04   8.4785612001E-04   7.0973227301E-04
   26      1.8177307069E-02   1.0576884659E-01   4.5796041119E-04   4.1821140861E-04   2.3076453656E-04
   27      4.7832223684E-04   4.5796041119E-04   1.0039986955E-01  -9.6626253526E-02   2.0048064455E-02
   28      8.4785612001E-04   4.1821140861E-04  -9.6626253526E-02   2.7321108876E-01  -4.7011945840E-02
   29      7.0973227301E-04   2.3076453656E-04   2.0048064455E-02  -4.7011945840E-02   5.9142675371E-02
   30      7.1278682025E-04   1.6926972164E-04  -2.2786659439E-03   5.1728213902E-04  -1.3128549129E-02
   31      8.2317927920E-04   6.2902938769E-04   3.1340530795E-03  -1.5684913477E-03   2.8277639108E-02
   32     -1.0574322956E-04   3.5542520433E-04  -6.0987187294E-04   5.9005616124E-04  -4.9378017454E-03
   33      4.9062036667E-05   1.0912456722E-05  -7.2118853932E-04  -4.9237232546E-04   5.8160274603E-05
   34      3.1696551332E-05  -2.1650524635E-05  -9.1622353979E-04   5.5726126933E-04   1.0032599305E-04
   35      5.0230467384E-05  -2.2705843645E-07   2.9184368289E-04   9.7268170429E-05   2.5736568631E-04
   36     -3.0568620696E-04  -1.1177008023E-04   4.4960789938E-04  -9.6712578501E-05  -1.3595355048E-04
   37     -3.8131139867E-04  -1.7323765624E-04  -1.8441272845E-04   3.4465940096E-04  -1.7070194594E-04
   38     -1.0209493992E-04  -4.3223072276E-05   1.0063848922E-04  -2.5111349830E-04  -1.7625455532E-04
   39      4.0809481062E-08   5.3961182996E-05  -9.5917997094E-05   6.9955009705E-05  -3.7280328500E-05
   40      6.5994807278E-06   8.8875016210E-05   4.7716538111E-05   1.0941785222E-05   1.3413066232E-04
   41     -3.8265376958E-05  -1.0355690083E-05  -6.4222303110E-05  -1.4857509352E-04  -5.0823614157E-05
                   30                 31                 32                 33                 34        
    0     -3.6818410399E-03  -4.1214461731E-03  -1.6871847215E-03   1.8235034612E-04  -3.7343343266E-04
    1      1.2683726183E-03   1.0445953254E-03   1.1515293812E-04   3.3781072050E-05   3.2837611624E-04
    2     -2.1235804825E-02  -2.4824284012E-02  -7.8564575199E-03  -9.7974899980E-05  -2.7259720215E-04
    3     -5.4068625988E-02   1.6697672101E-03  -3.7564435223E-02   2.2384581527E-04   1.3473264492E-03
    4      2.7504222190E-03  -4.9516815785E-02   1.5573187136E-02   2.5323158677E-05   4.7212407670E-04
    5     -4.0271876177E-02   1.7365091531E-02  -2.9798936881E-01   2.3465773703E-04   1.0045467163E-04
    6      2.0210368121E-03   1.8306361756E-03  -1.7729962440E-03   7.0153220660E-03   1.1570765689E-02
    7     -2.3839395309E-03  -1.6061587625E-03   1.8056933514E-03  -1.4280916349E-02  -2.1736139983E-02
    8      3.2151222164E-02  -2.4673849427E-03  -1.8432914819E-02   5.5231362560E-03   6.8933963959E-03
    9     -5.0880391020E-03   2.7826685823E-05   2.8672222684E-03   7.2411634776E-04   1.8735363962E-05
   10     -4.4328571406E-05   7.7570325078E-04  -2.1727707453E-05   7.2252677144E-04   8.2162656054E-04
   11      2.6776872259E-03  -7.8014653314E-04   6.9209588685E-05  -2.8087787754E-05  -5.6802179682E-04
   12      1.5253857525E-03   2.0076312670E-04  -6.5464994764E-04  -1.0041059800E-01   9.8236887000E-02
   13      1.0098509266E-03  -2.1952126237E-04  -4.0870880270E-04   9.9245447153E-02  -2.3803846593E-01
   14      5.7722936386E-04   7.0986119438E-04   5.9356186620E-04  -2.9525642301E-02   5.5401944088E-02
   15      1.4322232299E-03  -7.9554537154E-04  -3.1084600311E-04   5.0148151109E-04  -1.6918950487E-03
   16     -1.0333845726E-03   7.5831196286E-04  -2.3470848599E-04  -4.2210866217E-03  -4.4998336316E-03
   17     -4.8533925412E-04  -6.4256745670E-04   1.3233914630E-03  -4.9816084046E-05  -8.9157043777E-04
   18     -2.2776418705E-03  -3.4896455714E-03  -1.0495000126E-03  -4.1991718362E-06   1.4820701589E-05
   19     -3.6185181225E-03  -3.1046303742E-03  -1.1623693524E-03   1.6083151464E-06  -4.0861572534E-05
   20     -8.1965669689E-04  -1.7143169097E-03   9.5802295986E-04  -1.7313647263E-05   1.6579436698E-05
   21      8.5426659271E-04   8.7286610052E-04   1.5179569977E-04   4.7178040622E-05   2.1793744549E-04
   22      2.2565009826E-04   8.0428220783E-04  -1.1480752629E-04  -9.1876573152E-06   2.4641015112E-04
   23      7.5558305751E-04   3.7885324899E-06   3.7936703271E-04   1.7338198334E-05   1.1147843430E-05
   24      2.2083299646E-04   4.7830289326E-04  -3.1722249351E-04   3.1201157243E-05  -6.8349152968E-06
   25      7.1278682025E-04   8.2317927920E-04  -1.0574322956E-04   4.9062036667E-05   3.1696551332E-05
   26      1.6926972164E-04   6.2902938769E-04   3.5542520433E-04   1.0912456722E-05  -2.1650524635E-05
   27     -2.2786659439E-03   3.1340530795E-03  -6.0987187294E-04  -7.2118853932E-04  -9.1622353979E-04
   28      5.1728213902E-04  -1.5684913477E-03   5.9005616124E-04  -4.9237232546E-04   5.5726126933E-04
   29     -1.3128549129E-02   2.8277639108E-02  -4.9378017454E-03   5.8160274603E-05   1.0032599305E-04
   30      6.1528023750E-02   6.2967016292E-04   4.0439908076E-02   1.1010743678E-05  -1.1576717270E-05
   31      6.2967016292E-04   5.1728553663E-02  -1.6473749703E-02  -5.4703753707E-05  -1.3129953849E-05
   32      4.0439908076E-02  -1.6473749703E-02   3.2467671192E-01   5.5817923809E-05  -9.3355898008E-05
   33      1.1010743678E-05  -5.4703753707E-05   5.5817923809E-05   1.0629979033E-01  -1.0779952672E-01
   34     -1.1576717270E-05  -1.3129953849E-05  -9.3355898008E-05  -1.0779952672E-01   2.6169805242E-01
   35     -4.7050769717E-05   1.2049408295E-04   5.8956457558E-06   3.2640081020E-02  -6.0242937179E-02
   36      8.6264001320E-05   3.1912221790E-05   7.1712494428E-05  -1.0991404277E-02   6.5209277893E-05
   37      1.9410339615E-04  -7.0253887148E-05  -7.5985211580E-05   2.3752639452E-02  -5.9401427197E-04
   38     -2.8527377094E-04  -2.0901069954E-04   4.3571190115E-04  -8.5656965560E-03  -1.3767079681E-04
   39     -2.8422993377E-04  -4.2334248835E-04   4.7074385075E-04  -2.9089063674E-03  -8.1325140684E-04
   40     -2.0750516395E-04   1.6437568402E-04   5.5344148343E-04   3.1684653310E-03   7.6689820377E-04
   41     -5.8784278018E-04   5.9181266770E-05   4.1924531286E-04  -3.2035679115E-04  -2.6285199276E-04
                   35                 36                 37                 38                 39        
    0      1.7901062117E-04  -4.9856326260E-04  -1.4240356020E-03  -4.3595739024E-04  -1.3799904885E-04
    1     -9.8984362966E-05   3.5257499975E-04   6.7911215901E-04  -2.1684511894E-04  -1.1168826360E-04
    2     -3.4139190067E-05   9.7481583582E-04   7.4477413362E-04   6.4474966310E-04   1.6195067861E-04
    3      6.0528937591E-06  -1.0204113484E-03  -1.5728276916E-03  -6.4369044138E-04   1.1098200309E-03
    4      1.4611013363E-04  -3.5130776905E-03  -4.2409207750E-03  -1.3776534796E-03   7.3085350693E-04
    5      1.3658424962E-05  -2.3583425901E-03  -2.4414899688E-03  -1.4208238639E-04  -1.1075908330E-03
    6      4.0094383077E-03  -1.6964593706E-02  -2.4139298476E-02  -9.7265112338E-03  -4.1362669510E-03
    7     -6.7077796075E-03   3.3995465595E-03  -1.9051823368E-04   1.4586985096E-03   1.3151392073E-03
    8      7.5202152505E-04   9.2673566781E-03   1.4302077576E-02   4.4363044657E-03  -2.1213282208E-02
    9      4.3657130069E-04   4.1483185475E-04   9.9592946249E-04  -1.2611329100E-05  -1.7639431291E-03
   10      4.5566576851E-04   2.6499324521E-04   6.6308258235E-04   7.4762308105E-04  -3.2995112318E-03
   11      7.1276595589E-05  -2.6882728541E-04   4.2309670768E-05   5.3958183416E-04  -4.0091692778E-04
   12     -2.9257799889E-02  -2.5438591627E-01   1.5641497692E-02   1.1384853880E-01  -5.4485842624E-02
   13      5.5247962535E-02   1.1517926038E-02  -4.7214306594E-02  -7.4600910826E-03  -9.5375629048E-05
   14     -6.4429455342E-02   1.1220061215E-01  -8.6017274256E-03  -1.1161357995E-01  -3.7920056560E-02
   15     -1.4292371003E-04   1.3129795905E-03  -2.6855730641E-04  -1.5828140153E-04   2.6604801331E-04
   16     -2.6043572605E-03   4.4275512284E-04   1.2890407944E-03   1.8326349136E-04   4.2907141515E-04
   17      1.1790661791E-03  -2.5386574536E-04   1.1972331167E-04  -1.4749655784E-04   8.6012995738E-04
   18     -2.4555615879E-05   1.3075989596E-05   1.3857362260E-06   8.9294937900E-05   9.0184163813E-05
   19     -2.6072774092E-05   3.0704105060E-05   8.8681387684E-06   9.4765117831E-05   9.2045747292E-05
   20     -4.9440977409E-05  -2.8597985117E-05  -3.9498341312E-05  -5.9015967286E-06   2.0153986214E-04
   21     -2.2034055350E-07  -1.0204899731E-04   7.8882686187E-05   4.2550100079E-06   3.5039876529E-05
   22     -4.0216412453E-05  -9.9074400460E-05   2.9643936485E-05  -2.5076708291E-05   4.0965417751E-05
   23     -2.5552893267E-05  -2.7872156094E-05   6.3347586958E-05  -7.1753253367E-06   1.2976777305E-06
   24      1.9168684465E-05  -2.1476491468E-04  -3.7602214838E-04  -1.4217097716E-04  -1.2459662553E-05
   25      5.0230467384E-05  -3.0568620696E-04  -3.8131139867E-04  -1.0209493992E-04   4.0809481062E-08
   26     -2.2705843645E-07  -1.1177008023E-04  -1.7323765624E-04  -4.3223072276E-05   5.3961182996E-05
   27      2.9184368289E-04   4.4960789938E-04  -1.8441272845E-04   1.0063848922E-04  -9.5917997094E-05
   28      9.7268170429E-05  -9.6712578501E-05   3.4465940096E-04  -2.5111349830E-04   6.9955009705E-05
   29      2.5736568631E-04  -1.3595355048E-04  -1.7070194594E-04  -1.7625455532E-04  -3.7280328500E-05
   30     -4.7050769717E-05   8.6264001320E-05   1.9410339615E-04  -2.8527377094E-04  -2.8422993377E-04
   31      1.2049408295E-04   3.1912221790E-05  -7.0253887148E-05  -2.0901069954E-04  -4.2334248835E-04
   32      5.8956457558E-06   7.1712494428E-05  -7.5985211580E-05   4.3571190115E-04   4.7074385075E-04
   33      3.2640081020E-02  -1.0991404277E-02   2.3752639452E-02  -8.5656965560E-03  -2.9089063674E-03
   34     -6.0242937179E-02   6.5209277893E-05  -5.9401427197E-04  -1.3767079681E-04  -8.1325140684E-04
   35      6.4302897664E-02   5.8185600759E-03  -1.3960030098E-02   3.6193197162E-03  -1.3863392062E-02
   36      5.8185600759E-03   2.7581678412E-01  -1.1889936754E-02  -1.2190982357E-01   6.0841593152E-03
   37     -1.3960030098E-02  -1.1889936754E-02   5.0759767137E-02   9.4505879940E-03  -7.6529407287E-04
   38      3.6193197162E-03  -1.2190982357E-01   9.4505879940E-03   1.1505886839E-01   2.7832073969E-02
   39     -1.3863392062E-02   6.0841593152E-03  -7.6529407287E-04   2.7832073969E-02   5.6240314314E-02
   40      2.7529453936E-02  -2.4518758375E-04  -1.0828489884E-03  -2.1246315088E-03   2.8202106165E-03
   41     -5.6626859766E-03  -3.2327888036E-03   7.0910001416E-04  -1.2598822527E-02   4.4949933845E-02
                   40                 41        
     0      4.9067520937E-05   3.5940392658E-05
     1     -1.1007278691E-04  -9.0500002856E-05
     2      1.8097552598E-06   3.6134567944E-04
     3      1.4480961585E-03   7.2041619867E-04
     4      4.9246154627E-04   4.1868032118E-04
     5     -3.7447949257E-04   7.5470453188E-04
     6     -4.6651193057E-03  -2.0767995283E-03
     7     -1.8314218246E-03   1.2060482129E-04
     8     -2.8068553450E-02  -9.7349325211E-03
     9     -3.5474071143E-03  -8.9659610784E-04
    10     -3.4336695658E-03  -1.2646316644E-03
    11     -1.1293242717E-03   1.1207355282E-03
    12      1.1203497117E-03  -3.9297381949E-02
    13     -4.6585083010E-02   2.6364588798E-03
    14      5.3948094917E-03  -3.0751860966E-01
    15     -6.3960115738E-05   6.3814788873E-04
    16      1.9827934138E-03  -2.3382454809E-04
    17      2.3381095485E-06   9.5309790022E-04
    18      8.6073086046E-05   1.8668480609E-04
    19      3.6866023568E-05   1.2990238034E-04
    20      1.3961662406E-04   2.5786316662E-05
    21     -2.0636884234E-05  -2.6057991975E-05
    22     -2.1431863665E-05   2.2791104322E-05
    23     -1.4314776396E-05  -1.3687934194E-05
    24      2.0018567309E-05  -1.8188981346E-05
    25      6.5994807278E-06  -3.8265376958E-05
    26      8.8875016210E-05  -1.0355690083E-05
    27      4.7716538111E-05  -6.4222303110E-05
    28      1.0941785222E-05  -1.4857509352E-04
    29      1.3413066232E-04  -5.0823614157E-05
    30     -2.0750516395E-04  -5.8784278018E-04
    31      1.6437568402E-04   5.9181266770E-05
    32      5.5344148343E-04   4.1924531286E-04
    33      3.1684653310E-03  -3.2035679115E-04
    34      7.6689820377E-04  -2.6285199276E-04
    35      2.7529453936E-02  -5.6626859766E-03
    36     -2.4518758375E-04  -3.2327888036E-03
    37     -1.0828489884E-03   7.0910001416E-04
    38     -2.1246315088E-03  -1.2598822527E-02
    39      2.8202106165E-03   4.4949933845E-02
    40      4.9603591902E-02  -2.0956208442E-03
    41     -2.0956208442E-03   3.3195500265E-01

$vibrational_frequencies
42
    0        0.0000000000000000
    1        0.0000000000000000
    2        0.0000000000000000
    3        0.0000000000000000
    4        0.0000000000000000
    5        0.0000000000000000
    6      150.5068680196646085
    7      232.7277466737135398
    8      286.4343678704919967
    9      301.2323254010137248
   10      330.5026295205998963
   11      390.4249781704807560
   12      467.5341330897855983
   13      564.9088066924268787
   14      811.8262345535364375
   15      868.9781137936269033
   16      985.9498137646314717
   17     1023.4362346099616161
   18     1052.5796527759378023
   19     1099.2965386601463251
   20     1145.6269269716542567
   21     1191.3154189737747402
   22     1258.9551406941848199
   23     1320.8403177537124975
   24     1337.8743865270839706
   25     1410.0358645986436841
   26     1423.5300301652775943
   27     1425.4532576466190221
   28     1478.9755262761086669
   29     1493.2214373719666582
   30     1500.4216591486874677
   31     1502.6431700323280438
   32     1513.1401621800732755
   33     3019.7725903850646318
   34     3033.7094625023955814
   35     3034.6711505523121559
   36     3064.5597460613212206
   37     3087.2470713729521776
   38     3106.1293765771129074
   39     3107.7484672974201203
   40     3116.6607570520482113
   41     3131.7177524892149449

$normal_modes
42 42
                    0                  1                  2                  3                  4        
    0      0.0000000000E+00   0.0000000000E+00   0.0000000000E+00   0.0000000000E+00   0.0000000000E+00
    1      0.0000000000E+00   0.0000000000E+00   0.0000000000E+00   0.0000000000E+00   0.0000000000E+00
    2      0.0000000000E+00   0.0000000000E+00   0.0000000000E+00   0.0000000000E+00   0.0000000000E+00
    3      0.0000000000E+00   0.0000000000E+00   0.0000000000E+00   0.0000000000E+00   0.0000000000E+00
    4      0.0000000000E+00   0.0000000000E+00   0.0000000000E+00   0.0000000000E+00   0.0000000000E+00
