
$orca_hessian_file

$act_atom
  0

$act_coord
  0

$act_energy
        0.000000

$multiplicity
  1

$hessian
42
                    0                  1                  2                  3                  4        
    0      5.3616854993E-01  -4.3883778342E-02  -2.2043026553E-02  -1.2721637516E-01  -5.3957027813E-02
    1     -4.3883778342E-02   5.3013337872E-01  -2.0368049264E-02  -5.4797188318E-02  -1.4119028279E-01
    2     -2.2043026553E-02  -2.0368049264E-02   5.6342271909E-01  -2.6172027345E-02  -2.9340410085E-02
    3     -1.2721637516E-01  -5.4797188318E-02  -2.6172027345E-02   4.7997227030E-01  -1.7618450169E-02
    4     -5.3957027813E-02  -1.4119028279E-01  -2.9340410085E-02  -1.7618450169E-02   5.4630919880E-01
    5     -2.4002107699E-02  -2.7392439159E-02  -9.3809416392E-02   2.3315926854E-02  -2.3490702167E-02
    6     -2.5648296427E-02  -1.9161535501E-03   8.9630690888E-03  -1.6539798739E-01  -3.1124004838E-03
    7     -2.2094395539E-02   2.7043161289E-03   1.3348939917E-02  -4.6808882202E-03  -6.8431830437E-02
    8     -8.9266310665E-03   2.7715098768E-03   5.5179100878E-03   5.2460928102E-02  -4.5020171837E-03
    9      2.0204220136E-03   6.6109432291E-04   8.3792495033E-04   2.4524149705E-03  -9.3856827294E-04
   10      4.0950695282E-04  -8.7025387877E-05   7.8111144726E-04  -9.3370334470E-04   1.8160409399E-03
   11     -9.3898825775E-04  -1.0617291302E-04   1.0215536324E-03  -1.0779156090E-03  -1.0211155782E-03
   12     -3.7905928180E-03   1.3331657315E-03   3.3508729957E-03  -2.3155614743E-02  -2.4782062097E-02
   13      1.5078648220E-03   1.5591526571E-04  -8.0937009308E-04  -4.8795386214E-03   2.3062553048E-03
   14      2.4716979998E-03  -6.1446457233E-04  -2.0540818801E-03   1.0136836812E-02   1.2805452676E-02
   15     -1.0637082530E-03   4.5307212865E-04   6.3899023953E-04  -1.5533649529E-02   2.8022393670E-02
   16     -1.8451840562E-03  -9.2275237655E-05  -5.1869001358E-05   1.1319991286E-02  -1.8165746964E-02
   17     -1.9313232447E-04   8.0276516745E-05   4.8528798892E-04   3.1429961397E-03  -6.9419797178E-03
   18     -2.4764952543E-01   2.6065583253E-02   1.1055454007E-01  -1.7316659975E-02   3.5997908983E-03
   19      2.7945230434E-02  -5.0558255956E-02  -1.5175515198E-02  -2.1765465212E-02   2.2081289240E-03
   20      1.1189056123E-01  -1.4303107537E-02  -1.0967088823E-01  -1.0860166299E-02   1.7623119155E-03
   21     -5.4756882424E-02   4.3713459380E-03  -4.1112441681E-02  -4.9793857452E-03   2.1238838951E-03
   22      4.3688347401E-03  -5.0357100345E-02   2.4242629581E-02  -4.3347418077E-03   1.4271006995E-03
   23     -4.1818244788E-02   2.2753236639E-02  -2.9988379846E-01  -1.4646952980E-03   4.7551030945E-04
   24     -8.1153712489E-02   8.8257160901E-02  -1.8308253573E-02   8.2044683950E-03  -2.0982354373E-02
   25      8.5958779611E-02  -2.7146261867E-01   4.7152885241E-02   7.0856007344E-03  -2.1532928828E-02
   26     -1.8020249404E-02   4.7523991451E-02  -5.9340231632E-02   4.5081596761E-03  -1.0421318147E-02
   27      7.6867866103E-03  -2.2358028359E-02   4.0300435635E-03  -8.4016512741E-02   8.7266820279E-02
   28      7.4277899685E-03  -2.1540628211E-02   3.9803778841E-03   8.7040323078E-02  -2.5131410447E-01
   29      3.6118812871E-03  -1.0146791117E-02   1.5030544941E-03  -1.6909317755E-02   4.2207179728E-02
   30     -4.1001858334E-03   1.5405372102E-03  -2.1838614249E-02  -5.3432777589E-02   3.3705151081E-03
   31     -4.1917039840E-03   1.4108737556E-03  -2.4343501421E-02   2.2653653400E-03  -5.0082916000E-02
   32     -1.7725365252E-03   2.7731058890E-04  -8.1534387858E-03  -3.7119666368E-02   1.9088457105E-02
   33     -1.4403035156E-04  -7.9743351192E-05   1.5901196650E-04   1.1665773989E-03   6.9871681231E-04
   34      5.2715290021E-05  -1.0496425896E-04   2.1747125827E-05   1.4473158608E-03   5.3051885991E-04
   35      2.7176239668E-05  -9.2435777898E-05   3.5465261374E-04   7.1675524475E-04   4.4719582630E-04
   36      1.6030697264E-04   6.0146761464E-05  -1.2024022735E-04   3.4962601505E-04  -1.7611077854E-05
   37     -3.5522228991E-04   3.1755909670E-04  -2.5339312007E-04   1.3398249878E-03   3.8008043248E-04
   38      1.9169584512E-04  -1.1870264734E-04  -2.0289379217E-05  -1.1147636022E-05   1.7600484026E-04
   39     -5.1275634873E-04   3.5941629233E-04   9.9807531895E-04  -1.0963942081E-03  -3.5294560880E-03
   40     -1.4100404128E-03   6.7110788027E-04   7.7247185495E-04  -1.6326358813E-03  -4.2595144777E-03
   41     -4.1602055014E-04  -2.2221695245E-04   6.2696684419E-04  -6.0735226260E-04  -1.2632639275E-03
                    5                  6                  7                  8                  9        
    0     -2.4002107699E-02  -2.5648296427E-02  -2.2094395539E-02  -8.9266310665E-03   2.0204220136E-03
    1     -2.7392439159E-02  -1.9161535501E-03   2.7043161289E-03   2.7715098768E-03   6.6109432291E-04
    2     -9.3809416392E-02   8.9630690888E-03   1.3348939917E-02   5.5179100878E-03   8.3792495033E-04
    3      2.3315926854E-02  -1.6539798739E-01  -4.6808882202E-03   5.2460928102E-02   2.4524149705E-03
    4     -2.3490702167E-02  -3.1124004838E-03  -6.8431830437E-02  -4.5020171837E-03  -9.3856827294E-04
    5      5.7290695332E-01   5.2195324330E-02  -5.9148868313E-03  -1.1368298060E-01   3.0519770255E-02
    6      5.2195324330E-02   4.3689334683E-01   7.3001556698E-02   1.0835900262E-03  -5.2701143722E-02
    7     -5.9148868313E-03   7.3001556698E-02   3.4587515787E-01   4.0581287055E-02  -5.9623220556E-03
    8     -1.1368298060E-01   1.0835900262E-03   4.0581287055E-02   5.7657687265E-01  -3.1395914012E-02
    9      3.0519770255E-02  -5.2701143722E-02  -5.9623220556E-03  -3.1395914012E-02   6.0661127831E-02
   10     -1.3819266604E-03  -5.7086769279E-03  -4.2370189436E-02  -1.0171670298E-02   2.4195986001E-03
   11     -1.5137568720E-02  -3.0312012947E-02  -1.2643645370E-02  -3.1059362897E-01   3.1594376027E-02
   12     -8.3226947204E-03  -1.2711033776E-01  -6.5102376312E-02  -2.0794438839E-02  -2.4789828973E-03
   13      1.6112706287E-03  -6.5853970238E-02  -1.3915069579E-01  -3.0522255744E-02  -1.9459148314E-03
   14      5.6505648342E-03  -2.1302631836E-02  -3.2207896073E-02  -9.4239078288E-02  -2.0470422916E-02
   15     -7.5997211542E-03  -4.2614299303E-02   1.6760290572E-02  -7.9525320397E-03  -4.8633259253E-03
   16      3.5209563562E-03   1.6291773642E-02  -6.4480553416E-02   1.3747646274E-02   7.8992867110E-03
   17      2.9584205891E-03  -7.3191708705E-03   1.3090867001E-02  -4.2139070665E-02  -1.1646016867E-02
   18      1.0093526284E-02  -1.0280025541E-03  -3.5028340694E-03  -2.5040253557E-03   1.6724531907E-04
   19      1.2925279816E-02  -2.1979171097E-03  -4.5776385625E-03  -2.2996258601E-03   1.7579257680E-04
   20      4.9114906443E-03  -1.2194231857E-03  -1.3990429263E-03  -6.2306906830E-04  -2.7102388408E-04
   21     -2.2017073655E-02   1.3625292425E-03   7.6797312718E-04  -1.9516356971E-03  -3.2908861982E-04
   22     -2.5332520259E-02   9.9622414065E-04   9.2201271839E-04  -3.8825301317E-04  -7.1908700995E-05
   23     -9.5841720133E-03   7.5648738086E-04   3.3519107586E-04   6.4177996765E-04  -8.0857751334E-04
   24      5.0299571154E-03   1.8537058598E-03  -9.4092899324E-04   4.3835877823E-04  -7.3829169292E-05
   25      4.2206550173E-03   1.5619404024E-03  -1.1464945163E-03   6.4419129215E-05  -1.7247871868E-04
   26      1.6348257425E-03   1.2408720191E-04   5.6319544373E-04   1.2448868527E-04  -3.6728765307E-05
   27     -1.6465096396E-02  -1.2532963794E-02   2.4544527004E-02  -6.2952030546E-03   9.3708527082E-04
   28      4.2732695728E-02   2.6325282510E-03  -5.0822124076E-03   6.8516293263E-04   1.8606947688E-04
   29     -5.8771784754E-02   6.2225119552E-03  -1.2669062217E-02   1.6635385274E-03  -9.1876812349E-04
   30     -3.9627220567E-02   1.5106718474E-03  -2.5254394052E-03   3.2209628353E-02  -5.0977065324E-03
   31      2.1189096413E-02   1.8104888373E-03  -1.4861903888E-03  -3.1370415434E-03   2.2611888741E-04
   32     -2.9776983627E-01  -1.4959911230E-03   1.8843557646E-03  -1.8596831722E-02   2.8960053072E-03
   33     -1.0891508129E-03  -4.0956512446E-03   5.9383823788E-04  -2.1669803199E-02  -1.8538318766E-03
   34     -3.5493306480E-04  -4.4915084319E-03  -2.3880917785E-03  -2.7948847437E-02  -3.5338264865E-03
   35      7.7236136512E-04  -2.0014743564E-03  -2.6331058565E-05  -9.5013078870E-03  -8.5758486788E-04
   36      2.6325512538E-04   6.8402685901E-03  -1.4475368209E-02   6.0769344485E-03   7.3730703926E-04
   37      5.1635144674E-05   1.1195372795E-02  -2.0741816435E-02   7.3724955148E-03   4.7221255352E-05
   38     -3.0876093126E-05   3.8109591636E-03  -6.5769129787E-03   8.1239396662E-04   4.5320322686E-04
   39     -2.3540092163E-03  -1.7331840170E-02   3.6379852578E-03   9.1168698999E-03   4.2230629843E-04
   40     -2.3654865560E-03  -2.4230876117E-02   3.5422644924E-04   1.3820825721E-02   9.8566188099E-04
   41     -4.7981651349E-05  -9.4014511734E-03   1.5603057730E-03   4.0389833237E-03  -8.7953822029E-06
                   10                 11                 12                 13                 14        
    0      4.0950695282E-04  -9.3898825775E-04  -3.7905928180E-03   1.5078648220E-03   2.4716979998E-03
    1     -8.7025387877E-05  -1.0617291302E-04   1.3331657315E-03   1.5591526571E-04  -6.1446457233E-04
    2      7.8111144726E-04   1.0215536324E-03   3.3508729957E-03  -8.0937009308E-04  -2.0540818801E-03
    3     -9.3370334470E-04  -1.0779156090E-03  -2.3155614743E-02  -4.8795386214E-03   1.0136836812E-02
    4      1.8160409399E-03  -1.0211155782E-03  -2.4782062097E-02   2.3062553048E-03   1.2805452676E-02
    5     -1.3819266604E-03  -1.5137568720E-02  -8.3226947204E-03   1.6112706287E-03   5.6505648342E-03
    6     -5.7086769279E-03  -3.0312012947E-02  -1.2711033776E-01  -6.5853970238E-02  -2.1302631836E-02
    7     -4.2370189436E-02  -1.2643645370E-02  -6.5102376312E-02  -1.3915069579E-01  -3.2207896073E-02
    8     -1.0171670298E-02  -3.1059362897E-01  -2.0794438839E-02  -3.0522255744E-02  -9.4239078288E-02
    9      2.4195986001E-03   3.1594376027E-02  -2.4789828973E-03  -1.9459148314E-03  -2.0470422916E-02
   10      5.6307745438E-02   1.3708952816E-02  -4.4087682907E-03  -2.0339606822E-04  -2.5988509720E-02
   11      1.3708952816E-02   3.2900695786E-01  -4.1234837006E-04  -7.8621299733E-04  -5.8760520459E-03
   12     -4.4087682907E-03  -4.1234837006E-04   5.5962553065E-01  -3.9540908178E-02  -1.7633577011E-02
   13     -2.0339606822E-04  -7.8621299733E-04  -3.9540908178E-02   5.0797056112E-01  -1.5894866415E-02
   14     -2.5988509720E-02  -5.8760520459E-03  -1.7633577011E-02  -1.5894866415E-02   5.7632870650E-01
   15      1.0946021587E-02  -1.7836852694E-03   3.6933300460E-03  -4.9606052573E-03   2.2220236731E-03
   16     -1.4502310332E-02   3.0664001278E-03   1.7145909182E-02  -3.6252284594E-02   1.0064625704E-02
   17      2.3224369969E-02  -1.0085095702E-03   1.3694685332E-03  -1.4893841491E-03   1.8805252307E-03
   18      2.2207648197E-05  -8.7171792777E-05  -1.0054031436E-03   5.1320513357E-04   7.9221157355E-04
   19     -3.5022732949E-05  -1.4232402615E-04  -1.2190489928E-03   4.6372796547E-04   6.1042884755E-04
   20     -1.2748001011E-04   3.8803807871E-04  -4.6033812646E-04  -7.7513764028E-05   5.7907933236E-04
   21     -1.4696107636E-04   7.5738202093E-04  -3.5789042571E-05  -1.9323944680E-04   1.8653353797E-04
   22      1.8937482720E-04   6.0134491962E-04   7.9609523293E-05  -8.8208842570E-05  -2.5078668797E-05
   23     -5.2057279065E-05   3.3395016991E-04  -2.5022260516E-05   1.6071414371E-06   4.4132518732E-04
   24      7.1362440391E-05   1.0106473821E-04  -1.6952611492E-04   1.7982748914E-04  -1.3971509563E-04
   25     -3.2384774270E-05   6.1455092606E-05  -1.9984053441E-04  -2.4495819867E-07   1.8199583054E-05
   26      8.0408503639E-05  -4.3554653857E-06   5.8868808044E-05   6.2873077827E-06  -2.9228387963E-05
   27     -4.0973391124E-04   3.6972842049E-04   7.3085366102E-04   6.1058596869E-04  -4.8627968716E-04
   28      2.0159501426E-04  -3.8302366731E-04  -1.2852399702E-03  -1.1444331717E-06   3.8357893874E-04
   29      1.4821941940E-04   6.3906212724E-05  -3.0233444365E-04  -1.4275619834E-04   4.2497190875E-04
   30      1.2255719399E-04   2.6247092942E-03   1.5261400708E-03   9.9271061944E-04   5.7578444646E-04
   31      6.9652251873E-04  -8.4266535908E-04   1.8094793260E-04  -2.4798118174E-04   7.1319506485E-04
   32     -7.4306469413E-05   6.0534889381E-05  -6.0640571329E-04  -3.9550979836E-04   5.5672815614E-04
   33     -3.3540567243E-03  -4.0743586321E-04  -5.3300069865E-02  -3.6355403035E-04  -3.5515115149E-02
   34     -3.4474145637E-03  -1.0815264995E-03   7.4847173151E-04  -4.6594597909E-02   1.3554096190E-03
   35     -1.2427233918E-03   1.1449885847E-03  -3.6813911612E-02  -1.3258621480E-03  -3.0896182408E-01
   36      7.3036747635E-04  -3.7837762203E-05  -9.6472674997E-02   9.5553740104E-02  -3.0735068055E-02
   37      7.8714388549E-04  -5.6988895509E-04   9.4515441678E-02  -2.3992460157E-01   6.0429380700E-02
   38      4.3165753844E-04   8.6353511049E-05  -3.0490254630E-02   6.0408411810E-02  -6.7424464752E-02
   39      2.6445373089E-04  -2.7731206438E-04  -2.5805686304E-01   1.8379739283E-02   1.0983196428E-01
   40      6.7932067227E-04   5.2623580096E-05   2.2534755779E-02  -4.8433304301E-02  -1.1644042410E-02
   41      7.4975296492E-04   5.1383183744E-04   1.1114787281E-01  -1.0589258855E-02  -1.0727717172E-01
                   15                 16                 17                 18                 19        
    0     -1.0637082530E-03  -1.8451840562E-03  -1.9313232447E-04  -2.4764952543E-01   2.7945230434E-02
    1      4.5307212865E-04  -9.2275237655E-05   8.0276516745E-05   2.6065583253E-02  -5.0558255956E-02
    2      6.3899023953E-04  -5.1869001358E-05   4.8528798892E-04   1.1055454007E-01  -1.5175515198E-02
    3     -1.5533649529E-02   1.1319991286E-02   3.1429961397E-03  -1.7316659975E-02  -2.1765465212E-02
    4      2.8022393670E-02  -1.8165746964E-02  -6.9419797178E-03   3.5997908983E-03   2.2081289240E-03
    5     -7.5997211542E-03   3.5209563562E-03   2.9584205891E-03   1.0093526284E-02   1.2925279816E-02
    6     -4.2614299303E-02   1.6291773642E-02  -7.3191708705E-03  -1.0280025541E-03  -2.1979171097E-03
    7      1.6760290572E-02  -6.4480553416E-02   1.3090867001E-02  -3.5028340694E-03  -4.5776385625E-03
    8     -7.9525320397E-03   1.3747646274E-02  -4.2139070665E-02  -2.5040253557E-03  -2.2996258601E-03
    9     -4.8633259253E-03   7.8992867110E-03  -1.1646016867E-02   1.6724531907E-04   1.7579257680E-04
   10      1.0946021587E-02  -1.4502310332E-02   2.3224369969E-02   2.2207648197E-05  -3.5022732949E-05
   11     -1.7836852694E-03   3.0664001278E-03  -1.0085095702E-03  -8.7171792777E-05  -1.4232402615E-04
   12      3.6933300460E-03   1.7145909182E-02   1.3694685332E-03  -1.0054031436E-03  -1.2190489928E-03
   13     -4.9606052573E-03  -3.6252284594E-02  -1.4893841491E-03   5.1320513357E-04   4.6372796547E-04
   14      2.2220236731E-03   1.0064625704E-02   1.8805252307E-03   7.9221157355E-04   6.1042884755E-04
   15      6.4150475873E-02  -4.9535383639E-02   1.2469754377E-02   3.4069759041E-05   4.7552039494E-04
   16     -4.9535383639E-02   1.3046359578E-01  -2.5632699719E-02  -3.0893607580E-04   6.5483922920E-04
   17      1.2469754377E-02  -2.5632699719E-02   3.3980295422E-02  -2.8699575336E-05  -1.9768060696E-05
   18      3.4069759041E-05  -3.0893607580E-04  -2.8699575336E-05   2.6914981522E-01  -2.6320538454E-02
   19      4.7552039494E-04   6.5483922920E-04  -1.9768060696E-05  -2.6320538454E-02   5.3241377908E-02
   20     -2.6949262980E-05  -1.3051668980E-04   6.5811728840E-05  -1.2064448008E-01   1.7387360612E-02
   21     -9.5306127139E-06   4.7576308589E-05   3.1658058398E-04   5.9782731068E-03  -3.1534602313E-03
   22      1.9121618904E-04  -8.6200373282E-05  -8.0794979284E-05  -7.4395683148E-04  -8.5831110170E-04
   23     -3.6154385200E-04   4.2551539993E-06  -1.5693026773E-05  -3.0095499304E-03   1.7755299685E-03
   24     -2.0801080286E-03   3.7055511917E-04  -2.4550203008E-04  -9.2436496329E-03   2.5059887215E-02
   25      7.8147499446E-04   1.3964532703E-03  -4.7778465311E-05   5.9867825074E-04  -1.8202373366E-03
   26     -9.8229494046E-05  -3.5650874938E-05  -1.7690719330E-04   5.0097768128E-03  -1.5598332784E-02
   27     -5.1651562846E-03   2.9293893135E-03   1.9408792469E-03   8.0892999213E-04   5.4805154044E-04
   28     -2.6120286231E-04   1.4869197417E-03  -7.0955647689E-04  -1.3731731434E-04   7.1223689042E-04
   29      2.6056056497E-03  -1.7863623585E-03   5.0017778880E-04   2.3111044076E-04   6.8264492995E-04
   30      1.4715000998E-03  -1.0993166849E-03  -4.1215083881E-04   3.1425921884E-04   7.3866680775E-04
   31     -7.4509949647E-04   7.6046653416E-04  -7.3882468321E-04   5.6218500456E-04   8.9265531470E-04
   32     -4.1000140509E-04  -1.9501892314E-04   1.4250729515E-03  -2.8457608466E-04  -6.9347963818E-05
   33      2.6069121419E-04   5.3532168642E-04   8.6029638396E-04  -1.3538452034E-05  -4.0110844453E-07
   34     -3.4050830297E-05   2.0084354555E-03  -3.5072295038E-05   1.8852038667E-05   7.3296803550E-06
   35      6.4462670060E-04  -2.8545306177E-04   9.8838857848E-04  -2.2250611756E-05  -4.1204993947E-05
   36      3.6987508056E-04  -4.2318300063E-03  -2.2410257896E-05   3.2985361723E-05   4.3933191617E-05
   37     -1.7734660823E-03  -4.5169109480E-03  -7.9943996447E-04  -4.1138552418E-06   3.3159104541E-05
   38     -1.9423687334E-04  -2.5166883585E-03   1.2219062682E-03   1.7661615275E-05   4.8214763685E-05
   39      1.3498358638E-03   4.8765350028E-04  -2.5077975345E-04  -2.2879879495E-04  -3.0948589473E-04
   40     -3.2698765604E-04   1.3255718565E-03   1.0132258135E-04  -3.8357078407E-04  -3.6398932627E-04
   41     -1.3621403580E-04   2.2883781354E-04  -1.6570609108E-04  -1.4163502470E-04  -9.5818477060E-05
                   20                 21                 22                 23                 24        
    0      1.1189056123E-01  -5.4756882424E-02   4.3688347401E-03  -4.1818244788E-02  -8.1153712489E-02
    1     -1.4303107537E-02   4.3713459380E-03  -5.0357100345E-02   2.2753236639E-02   8.8257160901E-02
    2     -1.0967088823E-01  -4.1112441681E-02   2.4242629581E-02  -2.9988379846E-01  -1.8308253573E-02
    3     -1.0860166299E-02  -4.9793857452E-03  -4.3347418077E-03  -1.4646952980E-03   8.2044683950E-03
    4      1.7623119155E-03   2.1238838951E-03   1.4271006995E-03   4.7551030945E-04  -2.0982354373E-02
    5      4.9114906443E-03  -2.2017073655E-02  -2.5332520259E-02  -9.5841720133E-03   5.0299571154E-03
    6     -1.2194231857E-03   1.3625292425E-03   9.9622414065E-04   7.5648738086E-04   1.8537058598E-03
    7     -1.3990429263E-03   7.6797312718E-04   9.2201271839E-04   3.3519107586E-04  -9.4092899324E-04
    8     -6.2306906830E-04  -1.9516356971E-03  -3.8825301317E-04   6.4177996765E-04   4.3835877823E-04
    9     -2.7102388408E-04  -3.2908861982E-04  -7.1908700995E-05  -8.0857751334E-04  -7.3829169292E-05
   10     -1.2748001011E-04  -1.4696107636E-04   1.8937482720E-04  -5.2057279065E-05   7.1362440391E-05
   11      3.8803807871E-04   7.5738202093E-04   6.0134491962E-04   3.3395016991E-04   1.0106473821E-04
   12     -4.6033812646E-04  -3.5789042571E-05   7.9609523293E-05  -2.5022260516E-05  -1.6952611492E-04
   13     -7.7513764028E-05  -1.9323944680E-04  -8.8208842570E-05   1.6071414371E-06   1.7982748914E-04
   14      5.7907933236E-04   1.8653353797E-04  -2.5078668797E-05   4.4132518732E-04  -1.3971509563E-04
   15     -2.6949262980E-05  -9.5306127139E-06   1.9121618904E-04  -3.6154385200E-04  -2.0801080286E-03
   16     -1.3051668980E-04   4.7576308589E-05  -8.6200373282E-05   4.2551539993E-06   3.7055511917E-04
   17      6.5811728840E-05   3.1658058398E-04  -8.0794979284E-05  -1.5693026773E-05  -2.4550203008E-04
   18     -1.2064448008E-01   5.9782731068E-03  -7.4395683148E-04  -3.0095499304E-03  -9.2436496329E-03
   19      1.7387360612E-02  -3.1534602313E-03  -8.5831110170E-04   1.7755299685E-03   2.5059887215E-02
   20      1.1483214625E-01   2.7855384200E-02  -4.1809392666E-03  -1.3851866807E-02  -6.8148644169E-03
   21      2.7855384200E-02   5.6811364814E-02  -9.7699557195E-04   4.7641691642E-02  -2.4810817025E-03
   22     -4.1809392666E-03  -9.7699557195E-04   5.1982577768E-02  -2.3427772028E-02   3.1965667250E-03
   23     -1.3851866807E-02   4.7641691642E-02  -2.3427772028E-02   3.2543934979E-01  -1.8271987700E-04
   24     -6.8148644169E-03  -2.4810817025E-03   3.1965667250E-03  -1.8271987700E-04   8.7155740399E-02
   25      1.7284531046E-04   1.7620442977E-04  -9.8398241899E-04   1.7788244029E-04  -9.2673881653E-02
   26      2.7834235078E-03  -1.1633664633E-02   2.9607155569E-02  -4.8078931008E-03   2.1095994417E-02
   27      4.7448162905E-04   7.0741407977E-04   9.1720169841E-04   9.0226193648E-05  -2.8387968451E-03
   28      3.9452262215E-04   3.2692443259E-04   8.5015519613E-04  -4.2047668524E-04  -3.5437792250E-03
   29      1.8184717029E-04   7.3741110528E-04   9.2007374647E-06   3.6910098335E-04  -1.1057416330E-03
   30      1.5661866801E-04  -2.3685670758E-03  -3.7469529228E-03  -9.4156973263E-04   8.2047034075E-04
   31      6.3164512148E-04  -3.4304066618E-03  -2.9901645123E-03  -1.7202780202E-03   8.5364799330E-04
   32      4.6376683980E-04  -1.0571886080E-03  -1.2370107699E-03   9.4133799275E-04   1.4669913401E-04
   33      5.6055184444E-05   9.8097546746E-05   8.3707511776E-05   1.9676589381E-04   4.5256111845E-05
   34      8.5946545354E-05   9.6770749626E-05   3.1392187905E-05   1.3279042821E-04  -1.7176479610E-05
   35     -1.4466783944E-05   1.8673032357E-04   1.3031256636E-04   3.0989588685E-05  -1.8961824461E-05
   36      1.1787377874E-05  -9.6035928581E-06  -2.1255419618E-06  -1.5266117186E-05   5.4754519008E-05
   37     -2.4318372103E-05   5.5924068556E-06  -4.0275164689E-05   1.1496930430E-05   2.1069072358E-04
   38     -5.4414256061E-07  -2.5410978046E-05  -1.8254012382E-05  -4.9095915628E-05  -1.1153177755E-05
   39     -1.2408136977E-04   1.2250026004E-05   3.3168126194E-05  -2.9482939293E-05  -9.3691643063E-05
   40     -1.7923513420E-04  -5.0555769677E-06   1.6293619669E-06  -3.9185799955E-05   8.3688064145E-05
   41     -4.4768522462E-05   8.7203036395E-05   9.2249348710E-05  -5.3143584827E-06   7.6106629056E-06
                   25                 26                 27                 28                 29        
    0      8.5958779611E-02  -1.8020249404E-02   7.6867866103E-03   7.4277899685E-03   3.6118812871E-03
    1     -2.7146261867E-01   4.7523991451E-02  -2.2358028359E-02  -2.1540628211E-02  -1.0146791117E-02
    2      4.7152885241E-02  -5.9340231632E-02   4.0300435635E-03   3.9803778841E-03   1.5030544941E-03
    3      7.0856007344E-03   4.5081596761E-03  -8.4016512741E-02   8.7040323078E-02  -1.6909317755E-02
    4     -2.1532928828E-02  -1.0421318147E-02   8.7266820279E-02  -2.5131410447E-01   4.2207179728E-02
    5      4.2206550173E-03   1.6348257425E-03  -1.6465096396E-02   4.2732695728E-02  -5.8771784754E-02
    6      1.5619404024E-03   1.2408720191E-04  -1.2532963794E-02   2.6325282510E-03   6.2225119552E-03
    7     -1.1464945163E-03   5.6319544373E-04   2.4544527004E-02  -5.0822124076E-03  -1.2669062217E-02
    8      6.4419129215E-05   1.2448868527E-04  -6.2952030546E-03   6.8516293263E-04   1.6635385274E-03
    9     -1.7247871868E-04  -3.6728765307E-05   9.3708527082E-04   1.8606947688E-04  -9.1876812349E-04
   10     -3.2384774270E-05   8.0408503639E-05  -4.0973391124E-04   2.0159501426E-04   1.4821941940E-04
   11      6.1455092606E-05  -4.3554653857E-06   3.6972842049E-04  -3.8302366731E-04   6.3906212724E-05
   12     -1.9984053441E-04   5.8868808044E-05   7.3085366102E-04  -1.2852399702E-03  -3.0233444365E-04
   13     -2.4495819867E-07   6.2873077827E-06   6.1058596869E-04  -1.1444331717E-06  -1.4275619834E-04
   14      1.8199583054E-05  -2.9228387963E-05  -4.8627968716E-04   3.8357893874E-04   4.2497190875E-04
   15      7.8147499446E-04  -9.8229494046E-05  -5.1651562846E-03  -2.6120286231E-04   2.6056056497E-03
   16      1.3964532703E-03  -3.5650874938E-05   2.9293893135E-03   1.4869197417E-03  -1.7863623585E-03
   17     -4.7778465311E-05  -1.7690719330E-04   1.9408792469E-03  -7.0955647689E-04   5.0017778880E-04
   18      5.9867825074E-04   5.0097768128E-03   8.0892999213E-04  -1.3731731434E-04   2.3111044076E-04
   19     -1.8202373366E-03  -1.5598332784E-02   5.4805154044E-04   7.1223689042E-04   6.8264492995E-04
   20      1.7284531046E-04   2.7834235078E-03   4.7448162905E-04   3.9452262215E-04   1.8184717029E-04
   21      1.7620442977E-04  -1.1633664633E-02   7.0741407977E-04   3.2692443259E-04   7.3741110528E-04
   22     -9.8398241899E-04   2.9607155569E-02   9.1720169841E-04   8.5015519613E-04   9.2007374647E-06
   23      1.7788244029E-04  -4.8078931008E-03   9.0226193648E-05  -4.2047668524E-04   3.6910098335E-04
   24     -9.2673881653E-02   2.1095994417E-02  -2.8387968451E-03  -3.5437792250E-03  -1.1057416330E-03
   25      2.9647487436E-01  -4.9942351756E-02  -3.3828708207E-03  -1.8930016525E-03  -1.7490965212E-03
   26     -4.9942351756E-02   5.9252464030E-02  -1.7295731480E-03  -1.8013684074E-03   2.9987891170E-04
   27     -3.3828708207E-03  -1.7295731480E-03   9.6190347791E-02  -9.2728554414E-02   1.8355540094E-02
   28     -1.8930016525E-03  -1.8013684074E-03  -9.2728554414E-02   2.7765187996E-01  -4.5227676640E-02
   29     -1.7490965212E-03   2.9987891170E-04   1.8355540094E-02  -4.5227676640E-02   5.8386691064E-02
   30      1.9286422432E-04   7.3274524368E-04  -2.1392705084E-03   6.8327624002E-04  -1.2416375437E-02
   31      7.3860831865E-04  -8.4387000427E-06   3.1370658683E-03  -1.9932576735E-03   2.8602743891E-02
   32     -1.1871864850E-04   3.0192281704E-04  -5.8169774868E-04   6.6264967079E-04  -4.6183713507E-03
   33      5.2735005137E-05  -3.5863953890E-06  -9.7797643640E-05   1.0720282661E-04  -3.6654815647E-05
   34     -1.5730892440E-05  -2.5750448865E-05   3.1970304900E-05   5.8170719942E-06   1.4785535108E-04
   35      3.0106393127E-05  -1.1337843744E-05  -9.6182367696E-05  -1.5292384002E-04  -5.7693952835E-05
   36     -1.2658884899E-05   2.4350522871E-05  -7.0933735142E-04  -4.0750941524E-04   5.9739672315E-05
   37      2.3934879982E-04   1.8223579188E-05  -8.5948261442E-04   5.8378058519E-04   1.0883450347E-04
   38     -4.8209113082E-05  -2.2826641560E-05   3.1555254557E-04   8.3781606739E-05   2.3901953303E-04
   39     -9.1812986618E-05  -2.4724060611E-05   4.3841776276E-04  -1.1279199513E-04  -1.3668489130E-04
   40      3.8339297594E-05   5.7691494871E-05  -1.7466093646E-04   3.3196438035E-04  -1.6448448343E-04
   41     -1.6035933315E-05  -4.2234296220E-06   7.9657603626E-05  -2.4819269220E-04  -1.8433653656E-04
                   30                 31                 32                 33                 34        
    0     -4.1001858334E-03  -4.1917039840E-03  -1.7725365252E-03  -1.4403035156E-04   5.2715290021E-05
    1      1.5405372102E-03   1.4108737556E-03   2.7731058890E-04  -7.9743351192E-05  -1.0496425896E-04
    2     -2.1838614249E-02  -2.4343501421E-02  -8.1534387858E-03   1.5901196650E-04   2.1747125827E-05
    3     -5.3432777589E-02   2.2653653400E-03  -3.7119666368E-02   1.1665773989E-03   1.4473158608E-03
    4      3.3705151081E-03  -5.0082916000E-02   1.9088457105E-02   6.9871681231E-04   5.3051885991E-04
    5     -3.9627220567E-02   2.1189096413E-02  -2.9776983627E-01  -1.0891508129E-03  -3.5493306480E-04
    6      1.5106718474E-03   1.8104888373E-03  -1.4959911230E-03  -4.0956512446E-03  -4.4915084319E-03
    7     -2.5254394052E-03  -1.4861903888E-03   1.8843557646E-03   5.9383823788E-04  -2.3880917785E-03
    8      3.2209628353E-02  -3.1370415434E-03  -1.8596831722E-02  -2.1669803199E-02  -2.7948847437E-02
    9     -5.0977065324E-03   2.2611888741E-04   2.8960053072E-03  -1.8538318766E-03  -3.5338264865E-03
   10      1.2255719399E-04   6.9652251873E-04  -7.4306469413E-05  -3.3540567243E-03  -3.4474145637E-03
   11      2.6247092942E-03  -8.4266535908E-04   6.0534889381E-05  -4.0743586321E-04  -1.0815264995E-03
   12      1.5261400708E-03   1.8094793260E-04  -6.0640571329E-04  -5.3300069865E-02   7.4847173151E-04
   13      9.9271061944E-04  -2.4798118174E-04  -3.9550979836E-04  -3.6355403035E-04  -4.6594597909E-02
   14      5.7578444646E-04   7.1319506485E-04   5.5672815614E-04  -3.5515115149E-02   1.3554096190E-03
   15      1.4715000998E-03  -7.4509949647E-04  -4.1000140509E-04   2.6069121419E-04  -3.4050830297E-05
   16     -1.0993166849E-03   7.6046653416E-04  -1.9501892314E-04   5.3532168642E-04   2.0084354555E-03
   17     -4.1215083881E-04  -7.3882468321E-04   1.4250729515E-03   8.6029638396E-04  -3.5072295038E-05
   18      3.1425921884E-04   5.6218500456E-04  -2.8457608466E-04  -1.3538452034E-05   1.8852038667E-05
   19      7.3866680775E-04   8.9265531470E-04  -6.9347963818E-05  -4.0110844453E-07   7.3296803550E-06
   20      1.5661866801E-04   6.3164512148E-04   4.6376683980E-04   5.6055184444E-05   8.5946545354E-05
   21     -2.3685670758E-03  -3.4304066618E-03  -1.0571886080E-03   9.8097546746E-05   9.6770749626E-05
   22     -3.7469529228E-03  -2.9901645123E-03  -1.2370107699E-03   8.3707511776E-05   3.1392187905E-05
   23     -9.4156973263E-04  -1.7202780202E-03   9.4133799275E-04   1.9676589381E-04   1.3279042821E-04
   24      8.2047034075E-04   8.5364799330E-04   1.4669913401E-04   4.5256111845E-05  -1.7176479610E-05
   25      1.9286422432E-04   7.3860831865E-04  -1.1871864850E-04   5.2735005137E-05  -1.5730892440E-05
   26      7.3274524368E-04  -8.4387000427E-06   3.0192281704E-04  -3.5863953890E-06  -2.5750448865E-05
   27     -2.1392705084E-03   3.1370658683E-03  -5.8169774868E-04  -9.7797643640E-05   3.1970304900E-05
   28      6.8327624002E-04  -1.9932576735E-03   6.6264967079E-04   1.0720282661E-04   5.8170719942E-06
   29     -1.2416375437E-02   2.8602743891E-02  -4.6183713507E-03  -3.6654815647E-05   1.4785535108E-04
   30      6.1687130112E-02  -2.1766678394E-04   3.9789683331E-02  -2.7173597126E-04  -2.1098165110E-04
   31     -2.1766678394E-04   5.2197266784E-02  -2.0254748432E-02  -4.2100586891E-04   1.5456829496E-04
   32      3.9789683331E-02  -2.0254748432E-02   3.2453712884E-01   4.6905007836E-04   5.5400999907E-04
   33     -2.7173597126E-04  -4.2100586891E-04   4.6905007836E-04   5.5276517831E-02   3.4282947579E-03
   34     -2.1098165110E-04   1.5456829496E-04   5.5400999907E-04   3.4282947579E-03   4.9638678546E-02
   35     -5.9515233380E-04   5.3268483501E-05   4.0284962868E-04   4.2098093519E-02   2.3799518205E-03
   36     -3.1370837691E-06  -6.3459958195E-05   3.7296103496E-05  -2.7047508237E-03   2.8796741521E-03
   37     -8.0758830461E-06   1.0696892907E-05  -1.0195103838E-04  -9.8868714117E-04   1.2254100970E-03
   38     -3.7936697630E-05   1.1478918301E-04   2.2449194959E-05  -1.3365786797E-02   2.7615854629E-02
   39      8.3208904340E-05   2.0698671882E-05   7.4610554652E-05   5.6342661265E-03  -4.0247218059E-04
   40      1.8013014519E-04  -6.1148657224E-05  -6.1317214572E-05  -3.0641743929E-04  -1.0513507916E-03
   41     -3.0543041331E-04  -2.1809386869E-04   4.2668681481E-04   2.8250756088E-02  -2.8389123580E-03
                   35                 36                 37                 38                 39        
    0      2.7176239668E-05   1.6030697264E-04  -3.5522228991E-04   1.9169584512E-04  -5.1275634873E-04
    1     -9.2435777898E-05   6.0146761464E-05   3.1755909670E-04  -1.1870264734E-04   3.5941629233E-04
    2      3.5465261374E-04  -1.2024022735E-04  -2.5339312007E-04  -2.0289379217E-05   9.9807531895E-04
    3      7.1675524475E-04   3.4962601505E-04   1.3398249878E-03  -1.1147636022E-05  -1.0963942081E-03
    4      4.4719582630E-04  -1.7611077854E-05   3.8008043248E-04   1.7600484026E-04  -3.5294560880E-03
    5      7.7236136512E-04   2.6325512538E-04   5.1635144674E-05  -3.0876093126E-05  -2.3540092163E-03
    6     -2.0014743564E-03   6.8402685901E-03   1.1195372795E-02   3.8109591636E-03  -1.7331840170E-02
    7     -2.6331058565E-05  -1.4475368209E-02  -2.0741816435E-02  -6.5769129787E-03   3.6379852578E-03
    8     -9.5013078870E-03   6.0769344485E-03   7.3724955148E-03   8.1239396662E-04   9.1168698999E-03
    9     -8.5758486788E-04   7.3730703926E-04   4.7221255352E-05   4.5320322686E-04   4.2230629843E-04
   10     -1.2427233918E-03   7.3036747635E-04   7.8714388549E-04   4.3165753844E-04   2.6445373089E-04
   11      1.1449885847E-03  -3.7837762203E-05  -5.6988895509E-04   8.6353511049E-05  -2.7731206438E-04
   12     -3.6813911612E-02  -9.6472674997E-02   9.4515441678E-02  -3.0490254630E-02  -2.5805686304E-01
   13     -1.3258621480E-03   9.5553740104E-02  -2.3992460157E-01   6.0408411810E-02   1.8379739283E-02
   14     -3.0896182408E-01  -3.0735068055E-02   6.0429380700E-02  -6.7424464752E-02   1.0983196428E-01
   15      6.4462670060E-04   3.6987508056E-04  -1.7734660823E-03  -1.9423687334E-04   1.3498358638E-03
   16     -2.8545306177E-04  -4.2318300063E-03  -4.5169109480E-03  -2.5166883585E-03   4.8765350028E-04
   17      9.8838857848E-04  -2.2410257896E-05  -7.9943996447E-04   1.2219062682E-03  -2.5077975345E-04
   18     -2.2250611756E-05   3.2985361723E-05  -4.1138552418E-06   1.7661615275E-05  -2.2879879495E-04
   19     -4.1204993947E-05   4.3933191617E-05   3.3159104541E-05   4.8214763685E-05  -3.0948589473E-04
   20     -1.4466783944E-05   1.1787377874E-05  -2.4318372103E-05  -5.4414256061E-07  -1.2408136977E-04
   21      1.8673032357E-04  -9.6035928581E-06   5.5924068556E-06  -2.5410978046E-05   1.2250026004E-05
   22      1.3031256636E-04  -2.1255419618E-06  -4.0275164689E-05  -1.8254012382E-05   3.3168126194E-05
   23      3.0989588685E-05  -1.5266117186E-05   1.1496930430E-05  -4.9095915628E-05  -2.9482939293E-05
   24     -1.8961824461E-05   5.4754519008E-05   2.1069072358E-04  -1.1153177755E-05  -9.3691643063E-05
   25      3.0106393127E-05  -1.2658884899E-05   2.3934879982E-04  -4.8209113082E-05  -9.1812986618E-05
   26     -1.1337843744E-05   2.4350522871E-05   1.8223579188E-05  -2.2826641560E-05  -2.4724060611E-05
   27     -9.6182367696E-05  -7.0933735142E-04  -8.5948261442E-04   3.1555254557E-04   4.3841776276E-04
   28     -1.5292384002E-04  -4.0750941524E-04   5.8378058519E-04   8.3781606739E-05  -1.1279199513E-04
   29     -5.7693952835E-05   5.9739672315E-05   1.0883450347E-04   2.3901953303E-04  -1.3668489130E-04
   30     -5.9515233380E-04  -3.1370837691E-06  -8.0758830461E-06  -3.7936697630E-05   8.3208904340E-05
   31      5.3268483501E-05  -6.3459958195E-05   1.0696892907E-05   1.1478918301E-04   2.0698671882E-05
   32      4.0284962868E-04   3.7296103496E-05  -1.0195103838E-04   2.2449194959E-05   7.4610554652E-05
   33      4.2098093519E-02  -2.7047508237E-03  -9.8868714117E-04  -1.3365786797E-02   5.6342661265E-03
   34      2.3799518205E-03   2.8796741521E-03   1.2254100970E-03   2.7615854629E-02  -4.0247218059E-04
   35      3.3365144887E-01  -3.1602232266E-04  -4.0425491249E-04  -6.2743086162E-03  -2.9543378130E-03
   36     -3.1602232266E-04   1.0174606286E-01  -1.0372542818E-01   3.4033467754E-02  -1.0391682586E-02
   37     -4.0425491249E-04  -1.0372542818E-01   2.6288416830E-01  -6.5944460590E-02   2.8529715400E-04
   38     -6.2743086162E-03   3.4033467754E-02  -6.5944460590E-02   6.7588716943E-02   5.3500432800E-03
   39     -2.9543378130E-03  -1.0391682586E-02   2.8529715400E-04   5.3500432800E-03   2.7977174181E-01
   40      5.2183067927E-04   2.3783164643E-02  -1.2377430750E-03  -1.3659932337E-02  -1.9059774290E-02
   41     -1.2524740061E-02  -9.2966429030E-03   1.1008624655E-04   3.8515661235E-03  -1.1923985484E-01
                   40                 41        
     0     -1.4100404128E-03  -4.1602055014E-04
     1      6.7110788027E-04  -2.2221695245E-04
     2      7.7247185495E-04   6.2696684419E-04
     3     -1.6326358813E-03  -6.0735226260E-04
     4     -4.2595144777E-03  -1.2632639275E-03
     5     -2.3654865560E-03  -4.7981651349E-05
     6     -2.4230876117E-02  -9.4014511734E-03
     7      3.5422644924E-04   1.5603057730E-03
     8      1.3820825721E-02   4.0389833237E-03
     9      9.8566188099E-04  -8.7953822029E-06
    10      6.7932067227E-04   7.4975296492E-04
    11      5.2623580096E-05   5.1383183744E-04
    12      2.2534755779E-02   1.1114787281E-01
    13     -4.8433304301E-02  -1.0589258855E-02
    14     -1.1644042410E-02  -1.0727717172E-01
    15     -3.2698765604E-04  -1.3621403580E-04
    16      1.3255718565E-03   2.2883781354E-04
    17      1.0132258135E-04  -1.6570609108E-04
    18     -3.8357078407E-04  -1.4163502470E-04
    19     -3.6398932627E-04  -9.5818477060E-05
    20     -1.7923513420E-04  -4.4768522462E-05
    21     -5.0555769677E-06   8.7203036395E-05
    22      1.6293619669E-06   9.2249348710E-05
    23     -3.9185799955E-05  -5.3143584827E-06
    24      8.3688064145E-05   7.6106629056E-06
    25      3.8339297594E-05  -1.6035933315E-05
    26      5.7691494871E-05  -4.2234296220E-06
    27     -1.7466093646E-04   7.9657603626E-05
    28      3.3196438035E-04  -2.4819269220E-04
    29     -1.6448448343E-04  -1.8433653656E-04
    30      1.8013014519E-04  -3.0543041331E-04
    31     -6.1148657224E-05  -2.1809386869E-04
    32     -6.1317214572E-05   4.2668681481E-04
    33     -3.0641743929E-04   2.8250756088E-02
    34     -1.0513507916E-03  -2.8389123580E-03
    35      5.2183067927E-04  -1.2524740061E-02
    36      2.3783164643E-02  -9.2966429030E-03
    37     -1.2377430750E-03   1.1008624655E-04
    38     -1.3659932337E-02   3.8515661235E-03
    39     -1.9059774290E-02  -1.1923985484E-01
    40      5.2004890730E-02   1.2768739471E-02
    41      1.2768739471E-02   1.1079620742E-01

$vibrational_frequencies
42
    0        0.0000000000000000
    1        0.0000000000000000
    2        0.0000000000000000
    3        0.0000000000000000
    4        0.0000000000000000
    5        0.0000000000000000
    6      149.6675717966201660
    7      234.4484870616035437
    8      274.6426179876387437
    9      299.4842677977122776
   10      334.8775241263077760
   11      395.7294607504894657
   12      466.6991215846499017
   13      595.6213390638331475
   14      813.1270934418106435
   15      866.7667657329143367
   16      984.7837026365473321
   17     1022.5529797419686702
   18     1049.0354533820861889
   19     1102.7718838403545760
   20     1142.0356035969600725
   21     1189.0990357986920571
   22     1266.5611931972591719
   23     1323.7228703011965081
   24     1337.9818444256065959
   25     1406.7918896654493892
   26     1420.8205813058341391
   27     1422.7119488332973560
   28     1480.3193813458788100
   29     1493.2972281651345838
   30     1500.7733455819545725
   31     1502.9495414750447253
   32     1512.6407890619350383
   33     3018.0729414254215044
   34     3035.4410470141929181
   35     3038.9564142184594857
   36     3060.9568155029442096
   37     3077.2337495737956488
   38     3108.9391690606439624
   39     3110.1674598945328398
   40     3125.5904754850475911
   41     3134.6458333420714553

$normal_modes
42 42
                    0                  1                  2                  3                  4        
    0      0.0000000000E+00   0.0000000000E+00   0.0000000000E+00   0.0000000000E+00   0.0000000000E+00
    1      0.0000000000E+00   0.0000000000E+00   0.0000000000E+00   0.0000000000E+00   0.0000000000E+00
    2      0.0000000000E+00   0.0000000000E+00   0.0000000000E+00   0.0000000000E+00   0.0000000000E+00
    3      0.0000000000E+00   0.0000000000E+00   0.0000000000E+00   0.0000000000E+00   0.0000000000E+00
    4      0.0000000000E+00   0.0000000000E+00   0.0000000000E+00   0.0000000000E+00   0.0000000000E+00
