*************************************************
******************* ORCA 6.0.0 ******************
*************************************************
$Calculation_Status
   &GeometryIndex 1
   &ListStatus       OUT
   &VERSION [&Type "String"] "6.0.0"
   &PROGNAME [&Type "String"] "LeanSCF"
   &STATUS [&Type "String"] "NORMAL TERMINATION"
$End
$Geometry
   &GeometryIndex 1
   &ListStatus       OUT
   &NATOMS [&Type "Integer"] 14
   &NCORELESSECP [&Type "Integer"] 0
   &NGHOSTATOMS [&Type "Integer"] 0
   &CartesianCoordinates [&Type "Coordinates", &Dim(14,4), &Units "Bohr"] 
              C      4.174473396533    0.862949672695    0.242837517347
              C      2.299548343757   -1.142376673671   -0.630761770849
              C     -0.248155016014   -1.054542058402    0.693641587058
              H      0.009660254863   -0.984025543301    2.745191315149
              C     -1.981142247543   -3.212665266634   -0.040853443725
              Cl    -1.854846685392    1.957534754242   -0.056990055934
              H      5.980903097410    0.646096238155   -0.736674670197
              H      4.531241524750    0.707750191667    2.275359109982
              H      3.459533268224    2.762371073758   -0.138192371389
              H      3.081583455264   -3.031765409085   -0.265883299948
              H      1.992233534749   -1.012335554513   -2.675617668509
              H     -2.288908733978   -3.238900095123   -2.084145914264
              H     -1.105070958514   -5.005988200078    0.513121629090
              H     -3.811527089157   -3.061441505586    0.899386258582
$End
$SCF_Energy
   &GeometryIndex 1
   &ListStatus       OUT
   &SCF_ENERGY [&Type "Double"]      -6.1802723439831504e+02
$End
$DFT_Energy
   &GeometryIndex 1
   &ListStatus       OUT
   &NALPHAEL [&Type "Integer"] 25
   &NBETAEL [&Type "Integer"] 25
   &NTOTALEL [&Type "Integer"] 50
   &EEXCHANGE [&Type "Double"]       0.0000000000000000e+00
   &ECORR [&Type "Double"]       0.0000000000000000e+00
   &ECNL [&Type "Double"]       0.0000000000000000e+00
   &EXC [&Type "Double"]      -2.5450941340725656e+01
   &EEMBED [&Type "Double"]       0.0000000000000000e+00
   &FINALEN [&Type "Double"]      -6.1802723439831504e+02  "No Van der Waals correction"
$End
$Mulliken_Population_Analysis
   &GeometryIndex 1
   &ListStatus       OUT
   &NATOMS [&Type "Integer"] 14
   &ATNO [&Type "ArrayOfIntegers", &Dim (14,1)] 
                                                         0

0                                                        6
1                                                        6
2                                                        6
3                                                        1
4                                                        6
5                                                       17
6                                                        1
7                                                        1
8                                                        1
9                                                        1
10                                                       1
11                                                       1
12                                                       1
13                                                       1
   &ATOMICCHARGES [&Type "ArrayOfDoubles", &Dim (14,1)] 
                                                         0

0                                     -4.2192924190142467e-01
1                                     -2.5033671732977947e-01
2                                     -4.6068938313092112e-02
3                                      1.4953424960339268e-01
4                                     -4.1011784078028057e-01
5                                     -1.7630053205116170e-01
6                                      1.4168670310504350e-01
7                                      1.3417982797276329e-01
8                                      1.5459671507697959e-01
9                                      1.3109509077928083e-01
10                                     1.4776380872963801e-01
11                                     1.4960054998290007e-01
12                                     1.3940175577777536e-01
13                                     1.5689456934780099e-01
$End
$Loewdin_Population_Analysis
   &GeometryIndex 1
   &ListStatus       OUT
   &NATOMS [&Type "Integer"] 14
   &ATNO [&Type "ArrayOfIntegers", &Dim (14,1)] 
                                                         0

0                                                        6
1                                                        6
2                                                        6
3                                                        1
4                                                        6
5                                                       17
6                                                        1
7                                                        1
8                                                        1
9                                                        1
10                                                       1
11                                                       1
12                                                       1
13                                                       1
   &ATOMICCHARGES [&Type "ArrayOfDoubles", &Dim (14,1)] 
                                                         0

0                                     -3.1925759527445230e-01
1                                     -3.0813705122026303e-01
2                                     -4.6678380561997113e-01
3                                      1.4167188848194612e-01
4                                     -3.1706651578055656e-01
5                                      2.3537523200075228e-01
6                                      1.2209529260716623e-01
7                                      1.2118333940658321e-01
8                                      1.2200901896268479e-01
9                                      1.4509975610022718e-01
10                                     1.4223249845071817e-01
11                                     1.2745982538022316e-01
12                                     1.2807784659158783e-01
13                                     1.2604026991321660e-01
$End
$Mayer_Population_Analysis
   &GeometryIndex 1
   &ListStatus       OUT
   &NATOMS [&Type "Integer"] 14 "Total number of atoms"
   &BONDTHRESH [&Type "Double"]       1.0000000000000001e-01  "The threshold for printing"
   &NBONDORDERSPRINT [&Type "Integer"] 13 "The number of bond orders larger than threshold"
   &BONDORDERS [&Type "ArrayOfDoubles", &Dim (13,1)] "The bond orders"
                                                         0

0                                      9.5616648736076748e-01
1                                      9.7758702221399552e-01
2                                      9.7188384869175504e-01
3                                      9.6850624035119759e-01
4                                      9.5235188899681988e-01
5                                      9.5786167626541097e-01
6                                      9.6097733977515243e-01
7                                      9.6241451860451988e-01
8                                      9.6366327152394160e-01
9                                      1.0342194140374912e+00
10                                     9.6257942036422717e-01
11                                     9.6054954277614768e-01
12                                     9.7504449295065543e-01
   &COMPONENTS [&Type "ArrayOfIntegers", &Dim (13,4)] "The indices and atomic numbers of the bonding atoms"
                                                         0                           1                           2                           3

0                                                        0                           6                           1                           6
1                                                        0                           6                           6                           1
2                                                        0                           6                           7                           1
3                                                        0                           6                           8                           1
4                                                        1                           6                           2                           6
5                                                        1                           6                           9                           1
6                                                        1                           6                          10                           1
7                                                        2                           6                           3                           1
8                                                        2                           6                           4                           6
9                                                        2                           6                           5                          17
10                                                       4                           6                          11                           1
11                                                       4                           6                          12                           1
12                                                       4                           6                          13                           1
   &ATNO [&Type "ArrayOfIntegers", &Dim (14,1)] "Atomic number of the elements"
                                                         0

0                                                        6
1                                                        6
2                                                        6
3                                                        1
4                                                        6
5                                                       17
6                                                        1
7                                                        1
8                                                        1
9                                                        1
10                                                       1
11                                                       1
12                                                       1
13                                                       1
   &NA [&Type "ArrayOfDoubles", &Dim (14,1)] "Mulliken gross atomic population"
                                                         0

0                                      6.4219292419014113e+00
1                                      6.2503367173297670e+00
2                                      6.0460689383130717e+00
3                                      8.5046575039660699e-01
4                                      6.4101178407802850e+00
5                                      1.7176300532051211e+01
6                                      8.5831329689495528e-01
7                                      8.6582017202723616e-01
8                                      8.4540328492302064e-01
9                                      8.6890490922071961e-01
10                                     8.5223619127036310e-01
11                                     8.5039945001710027e-01
12                                     8.6059824422222464e-01
13                                     8.4310543065219901e-01
   &ZA [&Type "ArrayOfDoubles", &Dim (14,1)] "Total nuclear charge"
                                                         0

0                                      6.0000000000000000e+00
1                                      6.0000000000000000e+00
2                                      6.0000000000000000e+00
3                                      1.0000000000000000e+00
4                                      6.0000000000000000e+00
5                                      1.7000000000000000e+01
6                                      1.0000000000000000e+00
7                                      1.0000000000000000e+00
8                                      1.0000000000000000e+00
9                                      1.0000000000000000e+00
10                                     1.0000000000000000e+00
11                                     1.0000000000000000e+00
12                                     1.0000000000000000e+00
13                                     1.0000000000000000e+00
   &QA [&Type "ArrayOfDoubles", &Dim (14,1)] "Mulliken gross atomic charge"
                                                         0

0                                     -4.2192924190141134e-01
1                                     -2.5033671732976703e-01
2                                     -4.6068938313071683e-02
3                                      1.4953424960339301e-01
4                                     -4.1011784078028501e-01
5                                     -1.7630053205121143e-01
6                                      1.4168670310504472e-01
7                                      1.3417982797276384e-01
8                                      1.5459671507697936e-01
9                                      1.3109509077928039e-01
10                                     1.4776380872963690e-01
11                                     1.4960054998289973e-01
12                                     1.3940175577777536e-01
13                                     1.5689456934780099e-01
   &VA [&Type "ArrayOfDoubles", &Dim (14,1)] "Mayer's total valence"
                                                         0

0                                      3.8462478123583979e+00
1                                      3.7653758198604805e+00
2                                      3.8814989365134669e+00
3                                      9.4220737487140527e-01
4                                      3.8285357850736847e+00
5                                      1.1011867134953564e+00
6                                      9.5802311512175331e-01
7                                      9.5682140339645405e-01
8                                      9.7068543492107984e-01
9                                      9.5305305559873177e-01
10                                     9.6018296205352138e-01
11                                     9.6527593965792668e-01
12                                     9.5762609457065662e-01
13                                     9.6544751345433077e-01
   &BVA [&Type "ArrayOfDoubles", &Dim (14,1)] "Mayer's bonded valence"
                                                         0

0                                      3.8462478123585115e+00
1                                      3.7653758198605893e+00
2                                      3.8814989365136383e+00
3                                      9.4220737487141970e-01
4                                      3.8285357850736705e+00
5                                      1.1011867134951754e+00
6                                      9.5802311512178340e-01
7                                      9.5682140339645672e-01
8                                      9.7068543492109249e-01
9                                      9.5305305559873033e-01
10                                     9.6018296205353526e-01
11                                     9.6527593965790470e-01
12                                     9.5762609457066517e-01
13                                     9.6544751345434121e-01
   &FA [&Type "ArrayOfDoubles", &Dim (14,1)] "Mayer's free valence"
                                                         0

0                                      0.0000000000000000e+00
1                                      0.0000000000000000e+00
2                                      0.0000000000000000e+00
3                                      0.0000000000000000e+00
4                                      0.0000000000000000e+00
5                                      0.0000000000000000e+00
6                                      0.0000000000000000e+00
7                                      0.0000000000000000e+00
8                                      0.0000000000000000e+00
9                                      0.0000000000000000e+00
10                                     0.0000000000000000e+00
11                                     0.0000000000000000e+00
12                                     0.0000000000000000e+00
13                                     0.0000000000000000e+00
$End
$Calculation_Info
   &GeometryIndex 1
   &ListStatus       OUT
   &MULT [&Type "Integer"] 1
   &CHARGE [&Type "Integer"] 0
   &NUMOFATOMS [&Type "Integer"] 14
   &NUMOFELECTRONS [&Type "Integer"] 50
   &NUMOFFCELECTRONS [&Type "Integer"] 1
   &NUMOFCORRELECTRONS [&Type "Integer"] 0
   &NUMOFBASISFUNCTS [&Type "Integer"] 215
   &NUMOFAUXCBASISFUNCTS [&Type "Integer"] 0
   &NUMOFAUXJBASISFUNCTS [&Type "Integer"] 346
   &NUMOFAUXJKBASISFUNCTS [&Type "Integer"] 0
   &NUMOFCABSBASISFUNCTS [&Type "Integer"] 0
   &TOTALENERGY [&Type "Double"]      -6.1802723439831504e+02  "Hartrees"
$End
$SCF_Dipole_Moment
   &GeometryIndex 1
   &ListStatus       OUT
   &METHOD [&Type "String"] "SCF"
   &LEVEL [&Type "String"] "Relaxed density"
   &MULT [&Type "Integer"] 1
   &STATE [&Type "Integer"] -1
   &IRREP [&Type "Integer"] 0
   &NATOMS [&Type "Integer"] 14
   &DODIPOLEATOM [&Type "Boolean"] false
   &DIPOLEELECCONTRIB [&Type "ArrayOfDoubles", &Dim (3,1)] "Electronic contribution"
                                                         0

0                                     -6.8697301863353513e+00
1                                      6.7742276657289366e+00
2                                     -1.0658465459029569e-01
   &DIPOLENUCCONTRIB [&Type "ArrayOfDoubles", &Dim (3,1)] "Nuclear contribution"
                                                         0

0                                      7.3152974144770742e+00
1                                     -7.5567243676208191e+00
2                                      2.3595024410590637e-01
   &DIPOLETOTAL [&Type "ArrayOfDoubles", &Dim (3,1)] "Total"
                                                         0

0                                      4.4556722814172289e-01
1                                     -7.8249670189188247e-01
2                                      1.2936558951561067e-01
   &DIPOLEMAGNITUDE [&Type "Double", &Units "a.u."]       9.0970693028925154e-01
$End
$THERMOCHEMISTRY_Energies
   &GeometryIndex 1
   &ListStatus       OUT
   &TEMPERATURE [&Type "Double"]       2.9814999999999998e+02
   &PRESSURE [&Type "Double"]       1.0000000000000000e+00
   &TOTALMASS [&Type "Double"]       9.2568999999999988e+01
   &SPINDEGENERACY [&Type "Integer"] 1
   &ELENERGY [&Type "Double"]      -6.1802723439831504e+02
   &TRANSENERGY [&Type "Double"]       1.4162714244859817e-03
   &ROTENERGY [&Type "Double"]       1.4162714244859817e-03
   &VIBENERGY [&Type "Double"]       3.5112975092380762e-03
   &NUMOFFREQS [&Type "Integer"] 42
   &FREQSCALINGFACTOR [&Type "Double"]       1.0000000000000000e+00
   &FREQ [&Type "ArrayOfDoubles", &Dim (42,1)] "In cm^-1"
                                                         0

0                                      0.0000000000000000e+00
1                                      0.0000000000000000e+00
2                                      0.0000000000000000e+00
3                                      0.0000000000000000e+00
4                                      0.0000000000000000e+00
5                                      0.0000000000000000e+00
6                                      1.4966757179662017e+02
7                                      2.3444848706160354e+02
8                                      2.7464261798763874e+02
9                                      2.9948426779771228e+02
10                                     3.3487752412630778e+02
11                                     3.9572946075048947e+02
12                                     4.6669912158464990e+02
13                                     5.9562133906383315e+02
14                                     8.1312709344181064e+02
15                                     8.6676676573291434e+02
16                                     9.8478370263654733e+02
17                                     1.0225529797419687e+03
18                                     1.0490354533820862e+03
19                                     1.1027718838403546e+03
20                                     1.1420356035969601e+03
21                                     1.1890990357986921e+03
22                                     1.2665611931972592e+03
23                                     1.3237228703011965e+03
24                                     1.3379818444256066e+03
25                                     1.4067918896654494e+03
26                                     1.4208205813058341e+03
27                                     1.4227119488332974e+03
28                                     1.4803193813458788e+03
29                                     1.4932972281651346e+03
30                                     1.5007733455819546e+03
31                                     1.5029495414750447e+03
32                                     1.5126407890619350e+03
33                                     3.0180729414254215e+03
34                                     3.0354410470141929e+03
35                                     3.0389564142184595e+03
36                                     3.0609568155029442e+03
37                                     3.0772337495737956e+03
38                                     3.1089391690606440e+03
39                                     3.1101674598945328e+03
40                                     3.1255904754850476e+03
41                                     3.1346458333420715e+03
   &ZPE [&Type "Double"]       1.2370431416924006e-01
   &INNERENERGYU [&Type "Double"]      -6.1789718624378770e+02
   &ENTHALPYH [&Type "Double"]      -6.1789624203474546e+02
   &QEL [&Type "Double"]       0.0000000000000000e+00
   &QROT [&Type "Double"]       1.2759206488551675e-02
   &QVIB [&Type "Double"]       5.6428358317261659e-03
   &QTRANS [&Type "Double"]       1.8761883484258252e-02
   &ENTROPYS [&Type "Double"]       3.7163925804536091e-02
   &FREEENERGYG [&Type "Double"]      -6.1793340596054998e+02
   &ISLINEAR [&Type "Boolean"] false
$End
$Hessian
   &GeometryIndex 1
   &ListStatus       OUT
   &HESSIAN [&Type "ArrayOfDoubles", &Dim (42,42)] "The Hessian"
                                                         0                           1                           2                           3                           4                           5                           6                           7

0                                      5.3616854993499752e-01        -4.3883778341904475e-02        -2.2043026553077497e-02        -1.2721637515987966e-01        -5.3957027812601317e-02        -2.4002107699403228e-02        -2.5648296426784661e-02        -2.2094395539163630e-02
1                                     -4.3883778341904475e-02         5.3013337872439792e-01        -2.0368049263885232e-02        -5.4797188318383677e-02        -1.4119028278895829e-01        -2.7392439159234436e-02        -1.9161535500506963e-03         2.7043161289340666e-03
2                                     -2.2043026553077497e-02        -2.0368049263885232e-02         5.6342271909395569e-01        -2.6172027345399383e-02        -2.9340410085443469e-02        -9.3809416392238443e-02         8.9630690888469547e-03         1.3348939916551110e-02
3                                     -1.2721637515987966e-01        -5.4797188318383677e-02        -2.6172027345399383e-02         4.7997227029899103e-01        -1.7618450169421578e-02         2.3315926854426235e-02        -1.6539798738870418e-01        -4.6808882202188425e-03
4                                     -5.3957027812601317e-02        -1.4119028278895829e-01        -2.9340410085443469e-02        -1.7618450169421578e-02         5.4630919880270379e-01        -2.3490702166753419e-02        -3.1124004837964534e-03        -6.8431830436810337e-02
5                                     -2.4002107699403228e-02        -2.7392439159234436e-02        -9.3809416392238443e-02         2.3315926854426235e-02        -2.3490702166753419e-02         5.7290695332139829e-01         5.2195324330245971e-02        -5.9148868313229908e-03
6                                     -2.5648296426784661e-02        -1.9161535500506963e-03         8.9630690888469547e-03        -1.6539798738870418e-01        -3.1124004837964534e-03         5.2195324330245971e-02         4.3689334682554182e-01         7.3001556698261319e-02
7                                     -2.2094395539163630e-02         2.7043161289340666e-03         1.3348939916551110e-02        -4.6808882202188425e-03        -6.8431830436810337e-02        -5.9148868313229908e-03         7.3001556698261319e-02         3.4587515787466344e-01
8                                     -8.9266310664574411e-03         2.7715098767753452e-03         5.5179100877679327e-03         5.2460928102456630e-02        -4.5020171836967649e-03        -1.1368298060366375e-01         1.0835900261811325e-03         4.0581287055375288e-02
9                                      2.0204220136000430e-03         6.6109432290674917e-04         8.3792495033281102e-04         2.4524149705013754e-03        -9.3856827294204297e-04         3.0519770255361449e-02        -5.2701143722229754e-02        -5.9623220556365335e-03
10                                     4.0950695282388492e-04        -8.7025387876924536e-05         7.8111144726367057e-04        -9.3370334469555522e-04         1.8160409399120558e-03        -1.3819266604231683e-03        -5.7086769279377598e-03        -4.2370189436160409e-02
11                                    -9.3898825775201957e-04        -1.0617291301796838e-04         1.0215536324218490e-03        -1.0779156089598396e-03        -1.0211155782006024e-03        -1.5137568719975125e-02        -3.0312012947218220e-02        -1.2643645370120766e-02
12                                    -3.7905928180305675e-03         1.3331657314581543e-03         3.3508729957310158e-03        -2.3155614743053738e-02        -2.4782062096909578e-02        -8.3226947203994400e-03        -1.2711033776197955e-01        -6.5102376312376933e-02
13                                     1.5078648220267429e-03         1.5591526571128627e-04        -8.0937009308419791e-04        -4.8795386214171531e-03         2.3062553047626042e-03         1.6112706287016547e-03        -6.5853970238315324e-02        -1.3915069579411940e-01
14                                     2.4716979998249036e-03        -6.1446457232561171e-04        -2.0540818801172804e-03         1.0136836811977764e-02         1.2805452675533969e-02         5.6505648342451906e-03        -2.1302631835806864e-02        -3.2207896073260717e-02
15                                    -1.0637082530205091e-03         4.5307212864517470e-04         6.3899023952930577e-04        -1.5533649529281495e-02         2.8022393670259896e-02        -7.5997211541584866e-03        -4.2614299303194145e-02         1.6760290571502710e-02
16                                    -1.8451840561596149e-03        -9.2275237655352381e-05        -5.1869001358055122e-05         1.1319991286087728e-02        -1.8165746963923583e-02         3.5209563562093524e-03         1.6291773642228745e-02        -6.4480553415632261e-02
17                                    -1.9313232446648823e-04         8.0276516744650435e-05         4.8528798891598755e-04         3.1429961396589289e-03        -6.9419797177855576e-03         2.9584205890692133e-03        -7.3191708704727493e-03         1.3090867000874095e-02
18                                    -2.4764952542728957e-01         2.6065583252760080e-02         1.1055454006749307e-01        -1.7316659975058265e-02         3.5997908983026860e-03         1.0093526284226339e-02        -1.0280025541045540e-03        -3.5028340694025031e-03
19                                     2.7945230434012869e-02        -5.0558255956375420e-02        -1.5175515197643309e-02        -2.1765465212288851e-02         2.2081289240137702e-03         1.2925279816268426e-02        -2.1979171097291552e-03        -4.5776385624748568e-03
20                                     1.1189056123496886e-01        -1.4303107537442546e-02        -1.0967088823027510e-01        -1.0860166298869364e-02         1.7623119154833514e-03         4.9114906442730543e-03        -1.2194231857213696e-03        -1.3990429263128212e-03
21                                    -5.4756882424024531e-02         4.3713459379541202e-03        -4.1112441680597141e-02        -4.9793857451910072e-03         2.1238838950804187e-03        -2.2017073654679625e-02         1.3625292424903129e-03         7.6797312718434067e-04
22                                     4.3688347400520780e-03        -5.0357100345191259e-02         2.4242629580689103e-02        -4.3347418077362950e-03         1.4271006994768303e-03        -2.5332520258961693e-02         9.9622414064640661e-04         9.2201271839223334e-04
23                                    -4.1818244788419189e-02         2.2753236638929975e-02        -2.9988379845530588e-01        -1.4646952980010945e-03         4.7551030944912621e-04        -9.5841720133288764e-03         7.5648738086038243e-04         3.3519107586406534e-04
24                                    -8.1153712488821306e-02         8.8257160900914372e-02        -1.8308253573496733e-02         8.2044683949894052e-03        -2.0982354373468307e-02         5.0299571153789458e-03         1.8537058598229288e-03        -9.4092899324042345e-04
25                                     8.5958779611089331e-02        -2.7146261866533650e-01         4.7152885241142153e-02         7.0856007344010895e-03        -2.1532928828473415e-02         4.2206550172742049e-03         1.5619404024242358e-03        -1.1464945162551034e-03
26                                    -1.8020249404248238e-02         4.7523991451211216e-02        -5.9340231632092511e-02         4.5081596760764737e-03        -1.0421318147219024e-02         1.6348257424662494e-03         1.2408720191057397e-04         5.6319544373424017e-04
27                                     7.6867866103292161e-03        -2.2358028359124853e-02         4.0300435635481774e-03        -8.4016512740592894e-02         8.7266820279057231e-02        -1.6465096396031005e-02        -1.2532963794225051e-02         2.4544527004362722e-02
28                                     7.4277899685176278e-03        -2.1540628211234529e-02         3.9803778841213250e-03         8.7040323078229315e-02        -2.5131410446697056e-01         4.2732695728206718e-02         2.6325282510014092e-03        -5.0822124075702649e-03
29                                     3.6118812871466614e-03        -1.0146791116651366e-02         1.5030544941046584e-03        -1.6909317755447618e-02         4.2207179727752765e-02        -5.8771784753649629e-02         6.2225119551726528e-03        -1.2669062216532986e-02
30                                    -4.1001858334297194e-03         1.5405372101719977e-03        -2.1838614248610375e-02        -5.3432777588642538e-02         3.3705151081306717e-03        -3.9627220567024252e-02         1.5106718474337359e-03        -2.5254394052089220e-03
31                                    -4.1917039839519882e-03         1.4108737555806484e-03        -2.4343501421378873e-02         2.2653653400078809e-03        -5.0082916000399345e-02         2.1189096412635222e-02         1.8104888372706420e-03        -1.4861903888097432e-03
32                                    -1.7725365251744334e-03         2.7731058889806856e-04        -8.1534387858488121e-03        -3.7119666368180176e-02         1.9088457105355131e-02        -2.9776983626924280e-01        -1.4959911230063919e-03         1.8843557646041637e-03
33                                    -1.4403035155597223e-04        -7.9743351191856478e-05         1.5901196650023691e-04         1.1665773989355151e-03         6.9871681230732757e-04        -1.0891508129177198e-03        -4.0956512445925212e-03         5.9383823787796620e-04
34                                     5.2715290020933565e-05        -1.0496425896450879e-04         2.1747125827060055e-05         1.4473158608339365e-03         5.3051885990834159e-04        -3.5493306479741590e-04        -4.4915084318527896e-03        -2.3880917785003789e-03
35                                     2.7176239667501406e-05        -9.2435777898100188e-05         3.5465261373749009e-04         7.1675524475067580e-04         4.4719582630348663e-04         7.7236136512190759e-04        -2.0014743563980045e-03        -2.6331058565105120e-05
36                                     1.6030697264296989e-04         6.0146761463818720e-05        -1.2024022734701033e-04         3.4962601505141369e-04        -1.7611077854477915e-05         2.6325512537919444e-04         6.8402685901152952e-03        -1.4475368209464660e-02
37                                    -3.5522228990582730e-04         3.1755909670027910e-04        -2.5339312006703333e-04         1.3398249877885279e-03         3.8008043248004275e-04         5.1635144674489798e-05         1.1195372794868257e-02        -2.0741816434900098e-02
38                                     1.9169584512487717e-04        -1.1870264733813822e-04        -2.0289379216704637e-05        -1.1147636021730596e-05         1.7600484025507993e-04        -3.0876093126382034e-05         3.8109591636477720e-03        -6.5769129786648808e-03
39                                    -5.1275634873311189e-04         3.5941629232746648e-04         9.9807531894946381e-04        -1.0963942080649235e-03        -3.5294560879825469e-03        -2.3540092162763551e-03        -1.7331840169589614e-02         3.6379852578376573e-03
40                                    -1.4100404128029776e-03         6.7110788026846684e-04         7.7247185495099330e-04        -1.6326358813484585e-03        -4.2595144777219061e-03        -2.3654865560223449e-03        -2.4230876117333086e-02         3.5422644924308286e-04
41                                    -4.1602055013717867e-04        -2.2221695245109793e-04         6.2696684419121158e-04        -6.0735226259551849e-04        -1.2632639274886830e-03        -4.7981651349024955e-05        -9.4014511733616669e-03         1.5603057729773832e-03
                                                         8                           9                          10                          11                          12                          13                          14                          15

0                                     -8.9266310664574411e-03         2.0204220136000430e-03         4.0950695282388492e-04        -9.3898825775201957e-04        -3.7905928180305675e-03         1.5078648220267429e-03         2.4716979998249036e-03        -1.0637082530205091e-03
1                                      2.7715098767753452e-03         6.6109432290674917e-04        -8.7025387876924536e-05        -1.0617291301796838e-04         1.3331657314581543e-03         1.5591526571128627e-04        -6.1446457232561171e-04         4.5307212864517470e-04
2                                      5.5179100877679327e-03         8.3792495033281102e-04         7.8111144726367057e-04         1.0215536324218490e-03         3.3508729957310158e-03        -8.0937009308419791e-04        -2.0540818801172804e-03         6.3899023952930577e-04
3                                      5.2460928102456630e-02         2.4524149705013754e-03        -9.3370334469555522e-04        -1.0779156089598396e-03        -2.3155614743053738e-02        -4.8795386214171531e-03         1.0136836811977764e-02        -1.5533649529281495e-02
4                                     -4.5020171836967649e-03        -9.3856827294204297e-04         1.8160409399120558e-03        -1.0211155782006024e-03        -2.4782062096909578e-02         2.3062553047626042e-03         1.2805452675533969e-02         2.8022393670259896e-02
5                                     -1.1368298060366375e-01         3.0519770255361449e-02        -1.3819266604231683e-03        -1.5137568719975125e-02        -8.3226947203994400e-03         1.6112706287016547e-03         5.6505648342451906e-03        -7.5997211541584866e-03
6                                      1.0835900261811325e-03        -5.2701143722229754e-02        -5.7086769279377598e-03        -3.0312012947218220e-02        -1.2711033776197955e-01        -6.5853970238315324e-02        -2.1302631835806864e-02        -4.2614299303194145e-02
7                                      4.0581287055375288e-02        -5.9623220556365335e-03        -4.2370189436160409e-02        -1.2643645370120766e-02        -6.5102376312376933e-02        -1.3915069579411940e-01        -3.2207896073260717e-02         1.6760290571502710e-02
8                                      5.7657687264605051e-01        -3.1395914012292199e-02        -1.0171670298131520e-02        -3.1059362897127818e-01        -2.0794438838527052e-02        -3.0522255743665370e-02        -9.4239078287530142e-02        -7.9525320397477693e-03
9                                     -3.1395914012292199e-02         6.0661127831268813e-02         2.4195986000773158e-03         3.1594376027025306e-02        -2.4789828972708351e-03        -1.9459148314309562e-03        -2.0470422915712279e-02        -4.8633259253324079e-03
10                                    -1.0171670298131520e-02         2.4195986000773158e-03         5.6307745437615138e-02         1.3708952815709181e-02        -4.4087682906725784e-03        -2.0339606822399308e-04        -2.5988509719642693e-02         1.0946021587254662e-02
11                                    -3.1059362897127818e-01         3.1594376027025306e-02         1.3708952815709181e-02         3.2900695785644812e-01        -4.1234837006444772e-04        -7.8621299732786754e-04        -5.8760520459336532e-03        -1.7836852693960473e-03
12                                    -2.0794438838527052e-02        -2.4789828972708351e-03        -4.4087682906725784e-03        -4.1234837006444772e-04         5.5962553064985543e-01        -3.9540908177906745e-02        -1.7633577011104809e-02         3.6933300459723682e-03
13                                    -3.0522255743665370e-02        -1.9459148314309562e-03        -2.0339606822399308e-04        -7.8621299732786754e-04        -3.9540908177906745e-02         5.0797056111917727e-01        -1.5894866414799067e-02        -4.9606052572900745e-03
14                                    -9.4239078287530142e-02        -2.0470422915712279e-02        -2.5988509719642693e-02        -5.8760520459336532e-03        -1.7633577011104809e-02        -1.5894866414799067e-02         5.7632870650265688e-01         2.2220236731060380e-03
15                                    -7.9525320397477693e-03        -4.8633259253324079e-03         1.0946021587254662e-02        -1.7836852693960473e-03         3.6933300459723682e-03        -4.9606052572900745e-03         2.2220236731060380e-03         6.4150475873328089e-02
16                                     1.3747646274172035e-02         7.8992867110197779e-03        -1.4502310332338720e-02         3.0664001278097840e-03         1.7145909181948995e-02        -3.6252284594371700e-02         1.0064625704024204e-02        -4.9535383638691380e-02
17                                    -4.2139070664685488e-02        -1.1646016867331809e-02         2.3224369969153964e-02        -1.0085095702067077e-03         1.3694685332067194e-03        -1.4893841490566696e-03         1.8805252307055858e-03         1.2469754376861087e-02
