
$orca_hessian_file

$act_atom
  0

$act_coord
  0

$act_energy
        0.000000

$multiplicity
  1

$hessian
45
                    0                  1                  2                  3                  4        
    0      7.1198289972E-01   4.5987058366E-02  -1.4714888000E-05  -3.6824717047E-01   2.8800052012E-02
    1      4.5987058366E-02   7.1177803324E-01   2.0383392351E-05  -2.7061069441E-02  -1.2845771181E-01
    2     -1.4714888000E-05   2.0383392351E-05   1.3700633530E-01   1.6493747668E-05  -2.7212573665E-06
    3     -3.6824717047E-01  -2.7061069441E-02   1.6493747668E-05   7.2718686824E-01  -4.5809943003E-02
    4      2.8800052012E-02  -1.2845771181E-01  -2.7212573665E-06  -4.5809943003E-02   6.9918211915E-01
    5      1.6289455622E-05  -5.4988915511E-07  -5.5817842307E-02  -3.2105161416E-05   9.6063592538E-06
    6     -3.4090735251E-02  -2.9323466357E-02  -6.4793071438E-07  -1.4620211393E-01  -9.2667379811E-02
    7     -7.2405673563E-02   3.8225887908E-02   2.1972056944E-06  -3.1129808074E-02  -2.7592373400E-01
    8      6.7824216593E-07   1.8916579972E-06   7.7295648484E-04   3.3552714383E-06   2.7815467980E-06
    9     -3.7930294395E-02   2.7601042645E-02   1.7905531610E-06   5.2567561427E-02   1.5228789351E-02
   10      1.9685920401E-02  -1.4249314059E-02  -7.8672131395E-07  -1.4509083622E-02  -4.6107103359E-02
   11      1.5289037884E-06  -1.0320019899E-06  -3.6135101159E-03  -2.5635749571E-06  -1.0314920240E-06
   12      4.9235487994E-02  -1.8090283223E-02  -5.8380584670E-08  -3.7614002382E-02  -2.0962118078E-02
   13      1.8369445463E-02  -5.5764770590E-02  -8.9745051874E-07  -2.7336169630E-02  -1.4781759359E-02
   14     -7.7140177086E-08   1.2712173306E-06   8.8421941249E-03   1.9887737871E-06   8.7219070854E-07
   15     -1.4325582260E-01   9.2577868904E-02   3.6121906408E-06  -3.8707054384E-02   2.3396879766E-02
   16      4.6342781632E-02  -2.7847364903E-01  -9.7727798945E-06   6.5065322440E-02   2.8000677430E-02
   17      3.2749834314E-06  -7.4168719007E-06  -6.1823563301E-02   4.4013571490E-06   1.5214974449E-06
   18     -4.1570963444E-02   2.2867435489E-02  -2.0445581252E-06   1.2247137329E-02   7.2559791070E-03
   19      2.7402612695E-02   1.3496895529E-02   5.7887820280E-06   5.3519448673E-03  -7.2092758043E-03
   20      5.1313163152E-07   1.4594983203E-06  -4.8516663090E-03   1.8425442634E-06  -1.4319617242E-06
   21     -1.2561669208E-03  -2.8555868889E-03  -8.9960377374E-07  -1.4803849308E-03  -2.0406429042E-03
   22      1.0439650605E-02  -7.9616531114E-03  -6.6010342139E-07  -3.8661842329E-03   2.3903530077E-04
   23      1.2121961284E-06  -2.0467698513E-06   1.5401366457E-03  -9.8438687911E-07  -1.3517312779E-07
   24     -3.2688477933E-03  -7.6794224907E-03  -1.2288589192E-06  -3.9362298956E-03   8.0018011895E-04
   25     -8.9399067079E-04   3.4598587119E-03  -1.3589158014E-06   1.9986695962E-03   1.9035543139E-03
   26     -2.0142858350E-06  -2.4676858932E-06   4.2340110855E-03   3.3280179567E-08   1.0481779945E-06
   27      8.5521400653E-03  -3.3849465135E-03  -5.6514291368E-08  -4.7482695556E-02  -1.5603727642E-02
   28      5.0933979717E-03  -1.0156732752E-02  -1.2342175997E-07  -5.1757574850E-02   4.5060594246E-03
   29     -1.0746557213E-08   1.4732322711E-07   4.6857234659E-03   1.6377635523E-06   6.1480037414E-07
   30     -1.2568663983E-01  -1.2384563342E-01  -4.2393822774E-06  -1.1068711069E-02  -2.6655782191E-02
   31     -1.2322996522E-01  -2.7333793773E-01  -1.0095637930E-05   2.0574167442E-03   5.4848429819E-03
   32     -6.2141055568E-06  -1.2304522462E-05  -3.8342169899E-02   1.7249278721E-06   2.1094786691E-06
   33     -1.1991760963E-02   2.8146687390E-02   8.1866231506E-07  -1.2866275989E-01   1.2246568237E-01
   34     -1.6727925281E-03   4.6024274162E-03   7.6248566912E-07   1.2159613368E-01  -2.6688080376E-01
   35      1.2423355560E-06  -2.0283805564E-06   1.8247242858E-03   6.2141758601E-06  -1.1669616215E-05
   36     -9.7759943695E-04   6.6867273022E-04  -9.4825812438E-08  -8.8854179893E-04   3.3296710770E-03
   37      1.1906403061E-03   1.5332442777E-04  -1.3090053860E-07   4.3534044678E-03  -3.3927840182E-03
   38     -3.8592879565E-07   2.7128591063E-08  -5.6254609914E-04   5.7550851498E-08   5.0428325191E-08
   39     -1.6679460904E-03  -3.4790167895E-03  -4.8680513799E-07  -8.3079526182E-04  -6.5884954384E-04
   40     -4.1848811893E-03  -3.2337327515E-03   6.6360442360E-07  -6.9814130263E-04   5.3150753725E-04
   41      6.5500850917E-07  -4.4481680762E-07   4.3407559527E-03   4.1143015359E-08   1.4946847885E-07
   42      1.7341941636E-04  -2.2353113424E-03  -2.3458092469E-07  -6.8811074323E-03   3.3233668830E-03
   43     -8.1828534102E-04  -8.0925408595E-05  -2.2716664205E-07   1.5429248481E-03   2.9053759837E-03
   44      1.4012865470E-08   8.9605819226E-08   1.7644606882E-03   3.3122390333E-07  -1.8998335380E-07
                    5                  6                  7                  8                  9        
    0      1.6289455622E-05  -3.4090735251E-02  -7.2405673563E-02   6.7824216593E-07  -3.7930294395E-02
    1     -5.4988915511E-07  -2.9323466357E-02   3.8225887908E-02   1.8916579972E-06   2.7601042645E-02
    2     -5.5817842307E-02  -6.4793071438E-07   2.1972056944E-06   7.7295648484E-04   1.7905531610E-06
    3     -3.2105161416E-05  -1.4620211393E-01  -3.1129808074E-02   3.3552714383E-06   5.2567561427E-02
    4      9.6063592538E-06  -9.2667379811E-02  -2.7592373400E-01   2.7815467980E-06   1.5228789351E-02
    5      1.2179203700E-01   4.0415706497E-06  -1.1526425525E-06  -6.8480404167E-02  -2.6961018321E-06
    6      4.0415706497E-06   6.8374060858E-01   1.1150485989E-02  -1.4046820500E-05  -1.5253444900E-01
    7     -1.1526425525E-06   1.1150485989E-02   6.9355926883E-01  -1.4739292025E-06   2.7396019578E-02
    8     -6.8480404167E-02  -1.4046820500E-05  -1.4739292025E-06   1.6108858778E-01   3.1934499760E-06
    9     -2.6961018321E-06  -1.5253444900E-01   2.7396019578E-02   3.1934499760E-06   7.1845757439E-01
   10      1.3394962538E-06   9.4991149806E-02  -2.7366780939E-01  -1.7515473899E-06   4.4100435742E-02
   11      8.7153036819E-03   3.8003006242E-06   2.2531212777E-06  -6.5609889748E-02  -3.1931582477E-05
   12      1.8448957301E-06  -3.2743230118E-02   7.5636398589E-02   5.5383180368E-07  -3.6365120655E-01
   13      1.0927775653E-06   3.0764665640E-02   3.7579279684E-02  -2.0769011418E-06   2.7833882358E-02
   14     -2.8637517618E-03  -9.8215802006E-07  -2.5485615571E-06   2.1427252146E-04   1.6031817055E-05
   15      2.4941653398E-06   1.1280532223E-02  -1.8113106254E-03   1.0040293001E-06  -3.9356875552E-02
   16      1.1245651141E-07  -6.9419794127E-04  -6.3873620619E-02   2.3969154676E-07  -6.5839517388E-02
   17      6.5079832762E-03  -3.4726524876E-06   6.3849249377E-07  -5.5766106420E-03   4.6989217687E-06
   18     -1.8740556224E-06  -1.3409043883E-02   1.0410515685E-03   6.2137726442E-07   1.2719536266E-02
   19     -3.5350422850E-06  -1.4535159973E-04  -6.0367259076E-03   1.3413731640E-07  -5.3241338135E-03
   20      7.9070127178E-03  -2.2199529480E-06  -2.1500641254E-08  -1.7984093283E-03   1.8900949847E-06
   21      2.6472968514E-07   3.5539482331E-03  -2.0843529210E-03  -3.8449019191E-07  -3.9987201604E-03
   22      1.6194627085E-06   3.4096588144E-03   1.6467400955E-04  -2.4573874411E-07  -1.9806267736E-03
   23     -6.8613835602E-04   8.6834524149E-07   5.1894379244E-07   3.4127961859E-04   5.0335494515E-08
   24      7.8518022517E-07   3.6708370958E-03   1.7175696316E-03  -3.8916943593E-07  -1.6141687868E-03
   25      3.5620470221E-07  -3.5536553638E-03   6.2057677739E-04   1.2229674748E-07   4.0243369107E-03
   26     -1.2455712321E-03   8.9400569325E-07  -4.6969636750E-07   3.4526125592E-04  -1.0835304462E-06
   27      1.0757761992E-06  -3.0599130062E-01   3.9135624585E-02   7.4639005934E-06  -4.9063639538E-02
   28      1.7629231282E-06  -1.2799642113E-02  -1.1302635035E-01   1.1471381072E-06   4.4298084216E-02
   29      5.9914017393E-03   6.3404788529E-06  -1.1205701678E-06  -4.2888820797E-02   1.8017501741E-06
   30     -1.0019651643E-06  -4.4807942126E-03   1.4236704337E-03   4.3790053293E-07  -8.8030438788E-04
   31     -7.1837404146E-07   1.2420177328E-03   1.2864751446E-03  -6.0874626758E-07   6.8785915837E-04
   32      4.4417992069E-03   5.8740145140E-07  -6.4925086598E-07   8.8519374457E-03   3.2615245437E-08
   33      7.4446040310E-06   1.0871955597E-02  -1.3880074635E-02  -4.5549490281E-07  -1.5098983146E-03
   34     -1.1070716211E-05   1.7848635794E-02  -1.9446375689E-02  -1.4865756884E-06  -3.9382775668E-03
   35     -3.3351481511E-02   6.1096887581E-07   1.6611420720E-06   4.2268714386E-03   1.8742629040E-07
   36      2.5332042398E-07   7.1791327591E-03   1.3631992078E-02  -5.4816622926E-07  -1.2568283496E-01
   37     -2.4801675072E-07  -1.9144308033E-02  -1.9665018015E-02   1.5236161487E-06  -1.1848814659E-01
   38      4.6241103988E-03   9.5386491562E-07  -1.6108871535E-06   3.1881458925E-03   6.6101787281E-06
   39      2.7885149644E-07  -4.6369934832E-03  -1.6707139617E-03   5.1974190393E-07  -1.1148522358E-02
   40     -3.5357768262E-07  -1.1869667034E-03   1.3666266623E-03   4.8786081151E-07  -2.0588181169E-03
   41     -1.0611518903E-03   5.1696471882E-07   7.4942093737E-07   8.7581058380E-03   1.7873301935E-06
   42      4.3609834494E-07  -2.6208353991E-02  -4.8032453741E-02  -3.4182327133E-08   3.6262419279E-03
   43      1.6411431881E-07  -1.0070787107E-05  -1.1631550417E-03  -8.5163529817E-07   6.7241364558E-03
   44      3.5266932072E-03   7.8619225525E-07   1.1958404995E-06  -3.4332835964E-03  -2.9789585244E-07
                   10                 11                 12                 13                 14        
    0      1.9685920401E-02   1.5289037884E-06   4.9235487994E-02   1.8369445463E-02  -7.7140177086E-08
    1     -1.4249314059E-02  -1.0320019899E-06  -1.8090283223E-02  -5.5764770590E-02   1.2712173306E-06
    2     -7.8672131395E-07  -3.6135101159E-03  -5.8380584670E-08  -8.9745051874E-07   8.8421941249E-03
    3     -1.4509083622E-02  -2.5635749571E-06  -3.7614002382E-02  -2.7336169630E-02   1.9887737871E-06
    4     -4.6107103359E-02  -1.0314920240E-06  -2.0962118078E-02  -1.4781759359E-02   8.7219070854E-07
    5      1.3394962538E-06   8.7153036819E-03   1.8448957301E-06   1.0927775653E-06  -2.8637517618E-03
    6      9.4991149806E-02   3.8003006242E-06  -3.2743230118E-02   3.0764665640E-02  -9.8215802006E-07
    7     -2.7366780939E-01   2.2531212777E-06   7.5636398589E-02   3.7579279684E-02  -2.5485615571E-06
    8     -1.7515473899E-06  -6.5609889748E-02   5.5383180368E-07  -2.0769011418E-06   2.1427252146E-04
    9      4.4100435742E-02  -3.1931582477E-05  -3.6365120655E-01   2.7833882358E-02   1.6031817055E-05
   10      6.9166861633E-01  -1.1846840663E-05  -2.8146092756E-02  -1.2555556783E-01   3.0952385602E-06
   11     -1.1846840663E-05   1.1424738210E-01   1.6294524105E-05   7.3297236530E-07  -5.2997105316E-02
   12     -2.8146092756E-02   1.6294524105E-05   7.0859068226E-01  -4.5172228232E-02  -1.4201085408E-05
   13     -1.2555556783E-01   7.3297236530E-07  -4.5172228232E-02   7.1215053474E-01  -2.3470766553E-05
   14      3.0952385602E-06  -5.2997105316E-02  -1.4201085408E-05  -2.3470766553E-05   1.3337029482E-01
   15     -2.2350191850E-02   2.8466473684E-06  -1.4336499577E-01  -9.3508126356E-02   4.0602741384E-06
   16      2.6444468234E-02   5.6140231466E-07  -4.7321717880E-02  -2.7943678358E-01   1.0864483923E-05
   17     -2.1918641458E-06   5.8961418622E-03   2.9769392272E-06   9.4006186175E-06  -6.1048116596E-02
   18     -7.5814003875E-03  -1.9067376057E-06  -4.2121257756E-02  -2.3154968573E-02  -1.8411322394E-06
   19     -7.1430568197E-03   2.4728077733E-06  -2.7434525228E-02   1.3097163348E-02  -4.5804967353E-06
   20      1.4211268680E-06   8.2732242669E-03   2.2139482567E-07  -1.3568008917E-06  -4.9739853889E-03
   21     -6.3085956248E-04   8.3503288197E-07  -3.2078252806E-03   7.6002521569E-03  -1.3021142862E-06
   22      2.0595683792E-03  -1.8264410901E-08   9.6750239422E-04   3.5528664868E-03   8.4887019217E-07
   23     -9.8282630467E-07  -1.2917346546E-03  -2.1631884255E-06   2.5367759050E-06   4.2039047958E-03
   24      2.1544453924E-03   1.5442459877E-07  -1.1403293512E-03   2.9525266751E-03  -9.1705440060E-07
   25      1.9824110031E-04  -1.2200983035E-06  -1.0719046992E-02  -8.0191714661E-03   2.1510243983E-07
   26      1.4698773098E-07  -7.4069165369E-04   1.2633255098E-06   2.3074184327E-06   1.5653628904E-03
   27      7.5536845447E-03   1.6734106744E-06   7.0485780383E-03   5.0229058966E-03  -5.0947039210E-08
   28      3.2186299017E-03  -1.6057115260E-06  -4.9944969580E-03  -8.8038448420E-03   3.4140003709E-07
   29     -2.7989414983E-07   1.0738057560E-02  -8.0543682736E-08  -2.1717292967E-07   7.2856944647E-03
   30      6.7148070035E-04   1.8249981984E-07  -1.6623408304E-03   3.4958856853E-03  -4.8337010041E-07
   31      5.6937991134E-04   3.1592099561E-07   4.0978474263E-03  -3.2235794570E-03  -7.4489897690E-07
   32     -2.0295962249E-07  -8.1356550885E-04   5.4988837171E-07   4.7786685148E-07   4.0713201818E-03
   33     -3.0842703929E-03   2.8857649345E-07  -8.4453876442E-04  -6.9845614058E-04  -4.3848217238E-08
   34     -3.2000599849E-03   1.9890171468E-07  -1.1997749523E-03   1.7031492726E-04   1.0747230536E-07
   35      1.9464005220E-08   4.6967519810E-03  -3.8941904149E-07  -2.2404172970E-08  -6.4907546923E-04
   36     -1.1822575301E-01   7.7796937109E-06  -1.2237629217E-02  -2.9182664523E-02   8.9883842129E-07
   37     -2.6332713278E-01   1.1799136962E-05   1.0497151243E-03   3.6839770272E-03  -8.0718709677E-07
   38      1.2382037761E-05  -2.9865505691E-02   1.1527849312E-06   1.9439540827E-06   9.4358400081E-04
   39      2.6607178304E-02  -9.5487851520E-07  -1.2539784349E-01   1.2375144408E-01  -4.5387652535E-06
   40      5.3866313298E-03   4.8107862019E-07   1.2307571447E-01  -2.7329269673E-01   1.0872926534E-05
   41     -2.1327263969E-06   3.8719615843E-03  -6.5559344650E-06   1.3124941621E-05  -3.7303530984E-02
   42     -1.5017094818E-03  -9.2602974549E-08  -8.8954878994E-04  -6.3288677257E-04  -1.0967983552E-07
   43      3.7045090335E-03  -3.1489256806E-07  -8.9240142837E-04  -1.3559623539E-03  -4.0365573551E-09
   44      2.4988269252E-08  -1.5068203495E-03   1.5855867781E-07   9.1216213023E-08  -6.6106228693E-04
                   15                 16                 17                 18                 19        
    0     -1.4325582260E-01   4.6342781632E-02   3.2749834314E-06  -4.1570963444E-02   2.7402612695E-02
    1      9.2577868904E-02  -2.7847364903E-01  -7.4168719007E-06   2.2867435489E-02   1.3496895529E-02
    2      3.6121906408E-06  -9.7727798945E-06  -6.1823563301E-02  -2.0445581252E-06   5.7887820280E-06
    3     -3.8707054384E-02   6.5065322440E-02   4.4013571490E-06   1.2247137329E-02   5.3519448673E-03
    4      2.3396879766E-02   2.8000677430E-02   1.5214974449E-06   7.2559791070E-03  -7.2092758043E-03
    5      2.4941653398E-06   1.1245651141E-07   6.5079832762E-03  -1.8740556224E-06  -3.5350422850E-06
    6      1.1280532223E-02  -6.9419794127E-04  -3.4726524876E-06  -1.3409043883E-02  -1.4535159973E-04
    7     -1.8113106254E-03  -6.3873620619E-02   6.3849249377E-07   1.0410515685E-03  -6.0367259076E-03
    8      1.0040293001E-06   2.3969154676E-07  -5.5766106420E-03   6.2137726442E-07   1.3413731640E-07
    9     -3.9356875552E-02  -6.5839517388E-02   4.6989217687E-06   1.2719536266E-02  -5.3241338135E-03
   10     -2.2350191850E-02   2.6444468234E-02  -2.1918641458E-06  -7.5814003875E-03  -7.1430568197E-03
   11      2.8466473684E-06   5.6140231466E-07   5.8961418622E-03  -1.9067376057E-06   2.4728077733E-06
   12     -1.4336499577E-01  -4.7321717880E-02   2.9769392272E-06  -4.2121257756E-02  -2.7434525228E-02
   13     -9.3508126356E-02  -2.7943678358E-01   9.4006186175E-06  -2.3154968573E-02   1.3097163348E-02
   14      4.0602741384E-06   1.0864483923E-05  -6.1048116596E-02  -1.8411322394E-06  -4.5804967353E-06
   15      5.6866973805E-01   4.0447373591E-04   1.3641253572E-05  -1.3815396071E-01   1.9182323777E-04
   16      4.0447373591E-04   7.2698051020E-01  -1.8917708666E-06   5.6776549040E-04  -1.0932834837E-01
   17      1.3641253572E-05  -1.8917708666E-06   1.3017510241E-01  -1.3210962593E-06   2.9731377221E-06
   18     -1.3815396071E-01   5.6776549040E-04  -1.3210962593E-06   6.4310053735E-01  -4.2839646001E-04
   19      1.9182323777E-04  -1.0932834837E-01   2.9731377221E-06  -4.2839646001E-04   8.3421216469E-01
   20     -1.2223255571E-05  -3.7323123309E-07  -7.3048975064E-02   1.0288193498E-04  -7.7508910135E-06
   21     -4.0049459118E-02  -4.9661178317E-02  -1.4563887489E-05  -2.2461373736E-01  -1.4862459940E-01
   22     -3.9391803454E-02  -1.1917471637E-02  -1.2907447337E-05  -1.3622632496E-01  -3.6226760213E-01
   23     -3.9220570837E-06  -1.0274550160E-05   1.7805792095E-02  -5.2342444804E-05  -5.6167361850E-05
   24     -4.0105411011E-02   4.9489769270E-02  -1.5044067230E-05  -2.2461340043E-01   1.4890425465E-01
   25      3.9411491186E-02  -1.1525912366E-02   1.1236632519E-05   1.3643614364E-01  -3.6273042326E-01
   26     -4.6641347377E-06   9.8343626912E-06   1.7786631311E-02  -5.4892812458E-05   6.5303689443E-05
   27     -1.3350085724E-02   8.3244909706E-04   2.0500695212E-06   1.3686294936E-02   2.5294563928E-04
   28     -5.7542541792E-04   5.3555026211E-03   1.5149527702E-06   7.8407561641E-04   2.1394331928E-04
   29      1.5758433802E-07   7.4932247253E-08  -8.3988673886E-04  -3.4568330391E-07  -1.0580056546E-07
   30      1.2489450663E-02   1.1814427141E-02  -2.5827723541E-07   1.5645733243E-03   9.5087390559E-04
   31     -1.4783970914E-02  -1.8280113396E-02  -1.5604389327E-06  -3.1380680156E-03  -3.3828645534E-03
   32     -1.0212985751E-06  -7.3011953053E-07   4.5177612426E-03   2.4234916713E-07  -1.7509436573E-06
   33     -4.7968371337E-03  -2.0271508729E-03  -1.3010937782E-08   3.3355579021E-04   1.9104322265E-03
   34     -9.1199104434E-04   1.9785511889E-03   5.5861906685E-07  -2.8265754292E-04   3.0412296105E-04
   35      3.1249436471E-07   6.6996064470E-07   7.6288794571E-03   1.7314497686E-07   4.8555058712E-07
   36     -4.9812152040E-03   2.1925865094E-03  -1.7988963960E-07   5.6853344156E-04  -2.0483880403E-03
   37      8.1642817404E-04   2.2108079408E-03  -6.0805640143E-07   3.1548228458E-04   2.1923922781E-04
   38      2.8673484823E-07  -6.8853716125E-07   7.4153106865E-03   1.7860912573E-07  -4.2035728889E-07
   39      1.2605013729E-02  -1.1684427286E-02  -3.0822087584E-07   1.5602592597E-03  -9.4637293048E-04
   40      1.4943860507E-02  -1.8240480280E-02   1.2340538378E-06   3.1048950208E-03  -3.3575097332E-03
   41     -1.0580570620E-06   8.2637056375E-07   4.3782469286E-03   2.0987446195E-07   1.9038620559E-06
   42      1.0769825416E-03   5.0230438326E-04  -1.3138163198E-06  -1.2980641191E-03   2.4793812491E-06
   43      1.6063041366E-03   1.0586166818E-04  -1.8392492274E-06  -1.5766114078E-03  -8.7722488504E-05
   44     -9.5177076065E-08  -1.1497725782E-07   2.2530307358E-04   1.6120516693E-07  -2.5901205263E-08
                   20                 21                 22                 23                 24        
    0      5.1313163152E-07  -1.2561669208E-03   1.0439650605E-02   1.2121961284E-06  -3.2688477933E-03
    1      1.4594983203E-06  -2.8555868889E-03  -7.9616531114E-03  -2.0467698513E-06  -7.6794224907E-03
    2     -4.8516663090E-03  -8.9960377374E-07  -6.6010342139E-07   1.5401366457E-03  -1.2288589192E-06
    3      1.8425442634E-06  -1.4803849308E-03  -3.8661842329E-03  -9.8438687911E-07  -3.9362298956E-03
    4     -1.4319617242E-06  -2.0406429042E-03   2.3903530077E-04  -1.3517312779E-07   8.0018011895E-04
    5      7.9070127178E-03   2.6472968514E-07   1.6194627085E-06  -6.8613835602E-04   7.8518022517E-07
    6     -2.2199529480E-06   3.5539482331E-03   3.4096588144E-03   8.6834524149E-07   3.6708370958E-03
    7     -2.1500641254E-08  -2.0843529210E-03   1.6467400955E-04   5.1894379244E-07   1.7175696316E-03
    8     -1.7984093283E-03  -3.8449019191E-07  -2.4573874411E-07   3.4127961859E-04  -3.8916943593E-07
    9      1.8900949847E-06  -3.9987201604E-03  -1.9806267736E-03   5.0335494515E-08  -1.6141687868E-03
   10      1.4211268680E-06  -6.3085956248E-04   2.0595683792E-03  -9.8282630467E-07   2.1544453924E-03
   11      8.2732242669E-03   8.3503288197E-07  -1.8264410901E-08  -1.2917346546E-03   1.5442459877E-07
   12      2.2139482567E-07  -3.2078252806E-03   9.6750239422E-04  -2.1631884255E-06  -1.1403293512E-03
   13     -1.3568008917E-06   7.6002521569E-03   3.5528664868E-03   2.5367759050E-06   2.9525266751E-03
   14     -4.9739853889E-03  -1.3021142862E-06   8.4887019217E-07   4.2039047958E-03  -9.1705440060E-07
   15     -1.2223255571E-05  -4.0049459118E-02  -3.9391803454E-02  -3.9220570837E-06  -4.0105411011E-02
   16     -3.7323123309E-07  -4.9661178317E-02  -1.1917471637E-02  -1.0274550160E-05   4.9489769270E-02
   17     -7.3048975064E-02  -1.4563887489E-05  -1.2907447337E-05   1.7805792095E-02  -1.5044067230E-05
   18      1.0288193498E-04  -2.2461373736E-01  -1.3622632496E-01  -5.2342444804E-05  -2.2461340043E-01
   19     -7.7508910135E-06  -1.4862459940E-01  -3.6226760213E-01  -5.6167361850E-05   1.4890425465E-01
   20      2.3961506225E-01  -3.8900398389E-05  -4.3018495594E-05  -8.2514150736E-02  -4.1407351883E-05
   21     -3.8900398389E-05   2.3459385513E-01   1.8321251340E-01   5.2602175884E-05   4.5656857301E-02
   22     -4.3018495594E-05   1.8321251340E-01   4.9221897698E-01   5.9733087779E-05  -1.5415599365E-02
   23     -8.2514150736E-02   5.2602175884E-05   5.9733087779E-05   3.3406668099E-02   4.8361387767E-06
   24     -4.1407351883E-05   4.5656857301E-02  -1.5415599365E-02   4.8361387767E-06   2.3470503999E-01
   25      4.6473092868E-05   1.5339784236E-02  -1.2100719578E-01   8.7234130026E-06  -1.8341547039E-01
   26     -8.2389778161E-02   4.3182480363E-06  -7.6304004830E-06   2.7550428035E-02   5.5769398115E-05
   27      4.3214549601E-07  -4.0195476510E-03  -2.8728300638E-03  -6.6912470611E-07  -4.1324687386E-03
   28      3.6217632610E-07   6.3953788573E-05   2.9771437761E-04  -1.1270886014E-09  -4.3890943081E-04
   29     -7.5502622937E-04   1.7570228275E-07   1.0287339775E-07   1.1845428912E-05   2.1010545083E-07
   30     -6.0227332401E-07  -4.7766598175E-03   2.1363515570E-04  -6.9761339286E-07   3.1834388118E-04
   31     -7.5606331277E-07  -5.7832897935E-04   3.1912264788E-03   6.1882242700E-08   1.3915199539E-04
   32     -4.0173526687E-03  -3.5012948239E-07   7.3273710767E-07  -2.9570377169E-05  -1.0588129252E-07
   33      3.9571983258E-07  -1.5110262496E-04  -2.4770906420E-04  -2.5585583165E-07  -9.5338430292E-04
   34      2.3403367809E-07   1.0805752944E-04  -1.0640307189E-05   6.1566269118E-08  -7.4257845188E-05
   35      1.4267184052E-03  -7.4105805934E-08  -3.2587651886E-07  -4.6530471126E-05   3.1267368631E-07
   36      4.3001976960E-07  -1.1100062339E-03  -2.6908665892E-04  -5.2461910899E-07  -2.4051475128E-04
   37     -1.9740679541E-07  -1.2739335827E-05  -2.5187070439E-05  -7.7751521696E-08  -1.4244821446E-04
   38      1.4851352601E-03   3.2116181832E-07   2.7812026843E-07  -6.8351631268E-04  -6.4704349078E-08
   39     -7.5074901772E-07   3.2530145756E-04   1.5325622667E-03  -4.3440988347E-08  -4.7777311778E-03
   40      6.0801990488E-07  -1.2435375399E-04   1.1097360756E-03   2.1588069566E-07   5.6930578173E-04
   41     -4.2444169179E-03  -1.0884545819E-07  -6.9363832402E-07   3.9077372205E-04  -3.6508812323E-07
   42     -4.0297938305E-07   5.3364798126E-04   4.4706509642E-04   9.9044513401E-08   4.3140797075E-04
   43     -3.7676908543E-07   3.3565779414E-04   3.5595195233E-04   2.4295382565E-08   3.9987909644E-04
   44     -1.1339209579E-04   1.0194699800E-09  -5.4717873823E-09   8.1246781049E-07  -4.1401633463E-08
                   25                 26                 27                 28                 29        
    0     -8.9399067079E-04  -2.0142858350E-06   8.5521400653E-03   5.0933979717E-03  -1.0746557213E-08
    1      3.4598587119E-03  -2.4676858932E-06  -3.3849465135E-03  -1.0156732752E-02   1.4732322711E-07
    2     -1.3589158014E-06   4.2340110855E-03  -5.6514291368E-08  -1.2342175997E-07   4.6857234659E-03
    3      1.9986695962E-03   3.3280179567E-08  -4.7482695556E-02  -5.1757574850E-02   1.6377635523E-06
    4      1.9035543139E-03   1.0481779945E-06  -1.5603727642E-02   4.5060594246E-03   6.1480037414E-07
    5      3.5620470221E-07  -1.2455712321E-03   1.0757761992E-06   1.7629231282E-06   5.9914017393E-03
    6     -3.5536553638E-03   8.9400569325E-07  -3.0599130062E-01  -1.2799642113E-02   6.3404788529E-06
    7      6.2057677739E-04  -4.6969636750E-07   3.9135624585E-02  -1.1302635035E-01  -1.1205701678E-06
    8      1.2229674748E-07   3.4526125592E-04   7.4639005934E-06   1.1471381072E-06  -4.2888820797E-02
    9      4.0243369107E-03  -1.0835304462E-06  -4.9063639538E-02   4.4298084216E-02   1.8017501741E-06
   10      1.9824110031E-04   1.4698773098E-07   7.5536845447E-03   3.2186299017E-03  -2.7989414983E-07
   11     -1.2200983035E-06  -7.4069165369E-04   1.6734106744E-06  -1.6057115260E-06   1.0738057560E-02
   12     -1.0719046992E-02   1.2633255098E-06   7.0485780383E-03  -4.9944969580E-03  -8.0543682736E-08
   13     -8.0191714661E-03   2.3074184327E-06   5.0229058966E-03  -8.8038448420E-03  -2.1717292967E-07
   14      2.1510243983E-07   1.5653628904E-03  -5.0947039210E-08   3.4140003709E-07   7.2856944647E-03
   15      3.9411491186E-02  -4.6641347377E-06  -1.3350085724E-02  -5.7542541792E-04   1.5758433802E-07
   16     -1.1525912366E-02   9.8343626912E-06   8.3244909706E-04   5.3555026211E-03   7.4932247253E-08
   17      1.1236632519E-05   1.7786631311E-02   2.0500695212E-06   1.5149527702E-06  -8.3988673886E-04
   18      1.3643614364E-01  -5.4892812458E-05   1.3686294936E-02   7.8407561641E-04  -3.4568330391E-07
   19     -3.6273042326E-01   6.5303689443E-05   2.5294563928E-04   2.1394331928E-04  -1.0580056546E-07
   20      4.6473092868E-05  -8.2389778161E-02   4.3214549601E-07   3.6217632610E-07  -7.5502622937E-04
   21      1.5339784236E-02   4.3182480363E-06  -4.0195476510E-03   6.3953788573E-05   1.7570228275E-07
   22     -1.2100719578E-01  -7.6304004830E-06  -2.8728300638E-03   2.9771437761E-04   1.0287339775E-07
   23      8.7234130026E-06   2.7550428035E-02  -6.6912470611E-07  -1.1270886014E-09   1.1845428912E-05
   24     -1.8341547039E-01   5.5769398115E-05  -4.1324687386E-03  -4.3890943081E-04   2.1010545083E-07
   25      4.9256358067E-01  -6.5868911956E-05   2.7675701264E-03   6.9110301409E-04  -1.2215481779E-08
   26     -6.5868911956E-05   3.3272845403E-02  -6.8039568833E-07  -9.4715180375E-08   2.6558782202E-05
   27      2.7675701264E-03  -6.8039568833E-07   4.9016121646E-01   1.3616534632E-01  -1.1037761846E-05
   28      6.9110301409E-04  -9.4715180375E-08   1.3616534632E-01   5.4719195408E-01  -1.9960474753E-06
   29     -1.2215481779E-08   2.6558782202E-05  -1.1037761846E-05  -1.9960474753E-06   3.1006192415E-02
   30     -1.5201839891E-03   1.4978157623E-07  -7.4132804334E-04  -1.5357708446E-03   3.5072075151E-08
   31      1.1015989425E-03  -3.8012931501E-07   2.1206551569E-04   2.3238821311E-04  -2.5782874697E-08
   32      6.6216210951E-07   3.4771052835E-04   2.3479250536E-07   3.5864001391E-07  -4.2272963584E-05
   33      2.1476260562E-04  -4.6550898934E-07   1.2200310982E-03   7.4027224698E-04  -2.3439604494E-07
   34      2.9303363745E-06   2.9775934535E-09   5.4044058187E-04   1.9219092020E-03   8.1676908975E-08
   35     -2.7690718565E-07  -6.8157640391E-04  -3.6702453874E-07  -2.2842716693E-07  -3.0830362220E-03
   36      2.6768371885E-04  -3.0800474617E-07   3.9532037142E-03   8.9842846595E-04  -3.1640517450E-07
   37     -1.9006135481E-05  -1.1221119861E-07  -2.4692966189E-04   2.8695063185E-03  -2.0716372178E-07
   38      2.9747471311E-07  -5.7073521510E-05  -5.0940645314E-07   5.6277790359E-08  -3.5155061602E-03
   39     -1.8916633150E-04  -8.8525024206E-07  -1.3305217851E-03   1.4422635777E-03   2.4710600986E-08
   40      3.1768405062E-03  -2.4366903362E-07  -3.7558695131E-04   2.3434809317E-04   3.4716841161E-08
   41     -8.1748853876E-07  -7.6314408932E-06   2.5679197544E-07  -1.6255934925E-07  -6.0170692437E-04
   42     -1.2990317061E-04   6.1540445734E-08  -9.8509876657E-02  -1.1735893163E-01   1.1280303615E-06
   43     -4.1657535820E-04   7.3614124925E-08  -1.7002408244E-01  -4.3474613062E-01   1.4548723521E-06
   44      1.8349582130E-08  -6.4868790279E-06   6.9862651884E-07   1.2195339121E-07  -8.0192178198E-03
                   30                 31                 32                 33                 34        
    0     -1.2568663983E-01  -1.2322996522E-01  -6.2141055568E-06  -1.1991760963E-02  -1.6727925281E-03
    1     -1.2384563342E-01  -2.7333793773E-01  -1.2304522462E-05   2.8146687390E-02   4.6024274162E-03
    2     -4.2393822774E-06  -1.0095637930E-05  -3.8342169899E-02   8.1866231506E-07   7.6248566912E-07
    3     -1.1068711069E-02   2.0574167442E-03   1.7249278721E-06  -1.2866275989E-01   1.2159613368E-01
    4     -2.6655782191E-02   5.4848429819E-03   2.1094786691E-06   1.2246568237E-01  -2.6688080376E-01
    5     -1.0019651643E-06  -7.1837404146E-07   4.4417992069E-03   7.4446040310E-06  -1.1070716211E-05
    6     -4.4807942126E-03   1.2420177328E-03   5.8740145140E-07   1.0871955597E-02   1.7848635794E-02
    7      1.4236704337E-03   1.2864751446E-03  -6.4925086598E-07  -1.3880074635E-02  -1.9446375689E-02
    8      4.3790053293E-07  -6.0874626758E-07   8.8519374457E-03  -4.5549490281E-07  -1.4865756884E-06
    9     -8.8030438788E-04   6.8785915837E-04   3.2615245437E-08  -1.5098983146E-03  -3.9382775668E-03
   10      6.7148070035E-04   5.6937991134E-04  -2.0295962249E-07  -3.0842703929E-03  -3.2000599849E-03
   11      1.8249981984E-07   3.1592099561E-07  -8.1356550885E-04   2.8857649345E-07   1.9890171468E-07
   12     -1.6623408304E-03   4.0978474263E-03   5.4988837171E-07  -8.4453876442E-04  -1.1997749523E-03
   13      3.4958856853E-03  -3.2235794570E-03   4.7786685148E-07  -6.9845614058E-04   1.7031492726E-04
   14     -4.8337010041E-07  -7.4489897690E-07   4.0713201818E-03  -4.3848217238E-08   1.0747230536E-07
   15      1.2489450663E-02  -1.4783970914E-02  -1.0212985751E-06  -4.7968371337E-03  -9.1199104434E-04
   16      1.1814427141E-02  -1.8280113396E-02  -7.3011953053E-07  -2.0271508729E-03   1.9785511889E-03
   17     -2.5827723541E-07  -1.5604389327E-06   4.5177612426E-03  -1.3010937782E-08   5.5861906685E-07
   18      1.5645733243E-03  -3.1380680156E-03   2.4234916713E-07   3.3355579021E-04  -2.8265754292E-04
   19      9.5087390559E-04  -3.3828645534E-03  -1.7509436573E-06   1.9104322265E-03   3.0412296105E-04
   20     -6.0227332401E-07  -7.5606331277E-07  -4.0173526687E-03   3.9571983258E-07   2.3403367809E-07
   21     -4.7766598175E-03  -5.7832897935E-04  -3.5012948239E-07  -1.5110262496E-04   1.0805752944E-04
   22      2.1363515570E-04   3.1912264788E-03   7.3273710767E-07  -2.4770906420E-04  -1.0640307189E-05
   23     -6.9761339286E-07   6.1882242700E-08  -2.9570377169E-05  -2.5585583165E-07   6.1566269118E-08
   24      3.1834388118E-04   1.3915199539E-04  -1.0588129252E-07  -9.5338430292E-04  -7.4257845188E-05
   25     -1.5201839891E-03   1.1015989425E-03   6.6216210951E-07   2.1476260562E-04   2.9303363745E-06
   26      1.4978157623E-07  -3.8012931501E-07   3.4771052835E-04  -4.6550898934E-07   2.9775934535E-09
   27     -7.4132804334E-04   2.1206551569E-04   2.3479250536E-07   1.2200310982E-03   5.4044058187E-04
   28     -1.5357708446E-03   2.3238821311E-04   3.5864001391E-07   7.4027224698E-04   1.9219092020E-03
   29      3.5072075151E-08  -2.5782874697E-08  -4.2272963584E-05  -2.3439604494E-07   8.1676908975E-08
   30      1.3340018850E-01   1.3414391342E-01   5.5668269062E-06   1.2396070225E-03   1.1477773158E-04
   31      1.3414391342E-01   2.8651857120E-01   1.2582022636E-05  -6.9936479161E-05   7.0852869269E-04
   32      5.5668269062E-06   1.2582022636E-05   2.6044107116E-02  -2.6835882874E-07   1.6196042651E-07
   33      1.2396070225E-03  -6.9936479161E-05  -2.6835882874E-07   1.3449186347E-01  -1.3290890806E-01
   34      1.1477773158E-04   7.0852869269E-04   1.6196042651E-07  -1.3290890806E-01   2.8052687848E-01
   35     -6.7738756025E-08   4.3178565778E-07  -4.6877077144E-03  -7.6593806113E-06   1.0821080220E-05
   36      1.3450759398E-05  -6.8770526621E-05  -1.0550792057E-07   5.6164563603E-04   6.5220660765E-04
   37     -4.1354088331E-05   2.4831145140E-05  -3.4095286567E-08  -8.7243084445E-04  -1.0890550786E-03
   38      3.9519262490E-08   1.8191191886E-07  -7.0671048816E-04   3.2307571918E-08   8.8378678034E-08
   39      7.4834489645E-04  -8.2621972507E-04   4.8992494070E-08   1.4103157716E-05   4.0453019264E-05
   40      8.3965272083E-04  -9.3926592612E-04   3.3223214056E-08   6.6633467455E-05   3.3439582429E-05
   41      4.1939677335E-08  -2.3682575504E-08   8.3140770500E-04  -1.1284736187E-07   4.2964871502E-08
   42     -4.7718085447E-04   1.0057174885E-04  -3.4199467860E-08   1.7752022537E-04   1.1559701891E-04
   43     -5.5176244330E-05   4.5918350252E-05  -1.4052970157E-07   2.1682375413E-04   3.7783203151E-04
   44      8.7675108185E-09   3.4560873294E-08  -4.6669380629E-04  -3.3285693718E-08   4.8715936684E-08
                   35                 36                 37                 38                 39        
    0      1.2423355560E-06  -9.7759943695E-04   1.1906403061E-03  -3.8592879565E-07  -1.6679460904E-03
    1     -2.0283805564E-06   6.6867273022E-04   1.5332442777E-04   2.7128591063E-08  -3.4790167895E-03
    2      1.8247242858E-03  -9.4825812438E-08  -1.3090053860E-07  -5.6254609914E-04  -4.8680513799E-07
    3      6.2141758601E-06  -8.8854179893E-04   4.3534044678E-03   5.7550851498E-08  -8.3079526182E-04
    4     -1.1669616215E-05   3.3296710770E-03  -3.3927840182E-03   5.0428325191E-08  -6.5884954384E-04
    5     -3.3351481511E-02   2.5332042398E-07  -2.4801675072E-07   4.6241103988E-03   2.7885149644E-07
    6      6.1096887581E-07   7.1791327591E-03  -1.9144308033E-02   9.5386491562E-07  -4.6369934832E-03
    7      1.6611420720E-06   1.3631992078E-02  -1.9665018015E-02  -1.6108871535E-06  -1.6707139617E-03
    8      4.2268714386E-03  -5.4816622926E-07   1.5236161487E-06   3.1881458925E-03   5.1974190393E-07
    9      1.8742629040E-07  -1.2568283496E-01  -1.1848814659E-01   6.6101787281E-06  -1.1148522358E-02
   10      1.9464005220E-08  -1.1822575301E-01  -2.6332713278E-01   1.2382037761E-05   2.6607178304E-02
   11      4.6967519810E-03   7.7796937109E-06   1.1799136962E-05  -2.9865505691E-02  -9.5487851520E-07
   12     -3.8941904149E-07  -1.2237629217E-02   1.0497151243E-03   1.1527849312E-06  -1.2539784349E-01
   13     -2.2404172970E-08  -2.9182664523E-02   3.6839770272E-03   1.9439540827E-06   1.2375144408E-01
   14     -6.4907546923E-04   8.9883842129E-07  -8.0718709677E-07   9.4358400081E-04  -4.5387652535E-06
   15      3.1249436471E-07  -4.9812152040E-03   8.1642817404E-04   2.8673484823E-07   1.2605013729E-02
   16      6.6996064470E-07   2.1925865094E-03   2.2108079408E-03  -6.8853716125E-07  -1.1684427286E-02
   17      7.6288794571E-03  -1.7988963960E-07  -6.0805640143E-07   7.4153106865E-03  -3.0822087584E-07
   18      1.7314497686E-07   5.6853344156E-04   3.1548228458E-04   1.7860912573E-07   1.5602592597E-03
   19      4.8555058712E-07  -2.0483880403E-03   2.1923922781E-04  -4.2035728889E-07  -9.4637293048E-04
   20      1.4267184052E-03   4.3001976960E-07  -1.9740679541E-07   1.4851352601E-03  -7.5074901772E-07
   21     -7.4105805934E-08  -1.1100062339E-03  -1.2739335827E-05   3.2116181832E-07   3.2530145756E-04
   22     -3.2587651886E-07  -2.6908665892E-04  -2.5187070439E-05   2.7812026843E-07   1.5325622667E-03
   23     -4.6530471126E-05  -5.2461910899E-07  -7.7751521696E-08  -6.8351631268E-04  -4.3440988347E-08
   24      3.1267368631E-07  -2.4051475128E-04  -1.4244821446E-04  -6.4704349078E-08  -4.7777311778E-03
   25     -2.7690718565E-07   2.6768371885E-04  -1.9006135481E-05   2.9747471311E-07  -1.8916633150E-04
   26     -6.8157640391E-04  -3.0800474617E-07  -1.1221119861E-07  -5.7073521510E-05  -8.8525024206E-07
   27     -3.6702453874E-07   3.9532037142E-03  -2.4692966189E-04  -5.0940645314E-07  -1.3305217851E-03
   28     -2.2842716693E-07   8.9842846595E-04   2.8695063185E-03   5.6277790359E-08   1.4422635777E-03
   29     -3.0830362220E-03  -3.1640517450E-07  -2.0716372178E-07  -3.5155061602E-03   2.4710600986E-08
   30     -6.7738756025E-08   1.3450759398E-05  -4.1354088331E-05   3.9519262490E-08   7.4834489645E-04
   31      4.3178565778E-07  -6.8770526621E-05   2.4831145140E-05   1.8191191886E-07  -8.2621972507E-04
   32     -4.6877077144E-03  -1.0550792057E-07  -3.4095286567E-08  -7.0671048816E-04   4.8992494070E-08
   33     -7.6593806113E-06   5.6164563603E-04  -8.7243084445E-04   3.2307571918E-08   1.4103157716E-05
   34      1.0821080220E-05   6.5220660765E-04  -1.0890550786E-03   8.8378678034E-08   4.0453019264E-05
   35      2.3891459811E-02   2.0460312144E-08  -8.3888384191E-08   7.4884566695E-05   2.1151871938E-08
   36      2.0460312144E-08   1.3301970626E-01   1.2899109909E-01  -7.8196142063E-06   1.2735461999E-03
   37     -8.3888384191E-08   1.2899109909E-01   2.7869338467E-01  -1.1476827056E-05  -6.7888477618E-05
   38      7.4884566695E-05  -7.8196142063E-06  -1.1476827056E-05   2.1441526643E-02  -7.4354663273E-08
   39      2.1151871938E-08   1.2735461999E-03  -6.7888477618E-05  -7.4354663273E-08   1.3304208977E-01
   40     -1.7990632428E-07   7.4171600770E-05   7.0111813294E-04  -4.2928619283E-07  -1.3407631484E-01
   41     -6.9486168230E-04  -2.5766635354E-07  -1.8388622010E-07  -4.3710125444E-03   6.1068877971E-06
   42      2.4954134575E-08  -4.5087716378E-04   2.2762678194E-03  -1.5537457274E-09   2.2169518276E-04
   43      1.1288189769E-07  -8.8864114246E-04  -1.0380057922E-03   1.1980273579E-07   2.1264211201E-04
   44     -5.7602047057E-04  -4.7832865927E-09   4.5017847587E-08   5.8917336910E-04   8.3018974915E-09
                   40                 41                 42                 43                 44        
    0     -4.1848811893E-03   6.5500850917E-07   1.7341941636E-04  -8.1828534102E-04   1.4012865470E-08
    1     -3.2337327515E-03  -4.4481680762E-07  -2.2353113424E-03  -8.0925408595E-05   8.9605819226E-08
    2      6.6360442360E-07   4.3407559527E-03  -2.3458092469E-07  -2.2716664205E-07   1.7644606882E-03
    3     -6.9814130263E-04   4.1143015359E-08  -6.8811074323E-03   1.5429248481E-03   3.3122390333E-07
    4      5.3150753725E-04   1.4946847885E-07   3.3233668830E-03   2.9053759837E-03  -1.8998335380E-07
    5     -3.5357768262E-07  -1.0611518903E-03   4.3609834494E-07   1.6411431881E-07   3.5266932072E-03
    6     -1.1869667034E-03   5.1696471882E-07  -2.6208353991E-02  -1.0070787107E-05   7.8619225525E-07
    7      1.3666266623E-03   7.4942093737E-07  -4.8032453741E-02  -1.1631550417E-03   1.1958404995E-06
    8      4.8786081151E-07   8.7581058380E-03  -3.4182327133E-08  -8.5163529817E-07  -3.4332835964E-03
    9     -2.0588181169E-03   1.7873301935E-06   3.6262419279E-03   6.7241364558E-03  -2.9789585244E-07
   10      5.3866313298E-03  -2.1327263969E-06  -1.5017094818E-03   3.7045090335E-03   2.4988269252E-08
   11      4.8107862019E-07   3.8719615843E-03  -9.2602974549E-08  -3.1489256806E-07  -1.5068203495E-03
   12      1.2307571447E-01  -6.5559344650E-06  -8.8954878994E-04  -8.9240142837E-04   1.5855867781E-07
   13     -2.7329269673E-01   1.3124941621E-05  -6.3288677257E-04  -1.3559623539E-03   9.1216213023E-08
