
$orca_hessian_file

$act_atom
  0

$act_coord
  0

$act_energy
        0.000000

$multiplicity
  1

$hessian
42
                    0                  1                  2                  3                  4        
    0      7.4915827380E-01  -7.0540258957E-07   2.9275375427E-04  -1.8313130229E-01   1.2169873193E-01
    1     -7.0540258957E-07   6.6052173714E-01  -4.5179915593E-05   4.3973280922E-02  -2.8374430111E-01
    2      2.9275375427E-04  -4.5179915593E-05   1.4780655012E-01  -5.8632091061E-05   7.3333192595E-05
    3     -1.8313130229E-01   4.3973280922E-02  -5.8632091061E-05   6.9216172319E-01   4.2351335666E-02
    4      1.2169873193E-01  -2.8374430111E-01   7.3333192595E-05   4.2351335666E-02   7.2700080169E-01
    5     -6.2334998547E-05   3.9425005435E-05  -6.7245274391E-02   2.4775741041E-04  -5.4331192907E-08
    6     -2.5965621626E-02   8.6885320743E-02  -2.4071490693E-05  -3.4628672814E-01  -3.8296221222E-02
    7      3.0443411965E-02   4.2985144695E-02   1.1343989117E-05   4.0426613211E-02  -1.3497211564E-01
    8     -1.4543527612E-05   3.5977166194E-05   7.1931404343E-03  -1.1393857208E-04  -1.9601577384E-05
    9     -2.8909087532E-03   1.3196508944E-07   2.9583818490E-07  -3.2322697166E-02  -2.3625143233E-02
   10      1.3707322896E-07  -8.0617974703E-02   6.1685712290E-06  -8.6510178205E-02   4.0431350385E-02
   11     -6.2797354720E-06   5.9411057963E-06  -7.3600282337E-03  -5.0902544222E-06  -8.6038581475E-06
   12     -2.5964943029E-02  -8.6886108453E-02  -7.2436217329E-06  -6.0413587108E-02   3.3117800796E-02
   13     -3.0443224917E-02   4.2982511249E-02  -1.6896638014E-05   3.7257485740E-02  -2.1492940614E-02
   14     -1.0458241074E-05  -4.1642263044E-05   7.1927424070E-03  -2.0756245609E-05   1.2073875799E-05
   15     -1.8312681645E-01  -4.3972953818E-02  -5.1948154396E-05   7.7167787663E-02  -2.8140178140E-02
   16     -1.2169622355E-01  -2.8374509903E-01  -3.5949346898E-05   2.8149518655E-02  -5.8787081257E-02
   17     -4.1652237088E-05  -5.9864309361E-07  -6.7245447723E-02   2.3633716573E-05  -5.7541229503E-06
   18      5.3799763549E-04  -6.9774816791E-08   1.4383857456E-06   7.4793359879E-03  -5.9906217545E-03
   19      7.4217939164E-07  -5.5977309889E-03   1.6799300708E-06  -6.2368486839E-03  -7.0208308368E-03
   20      6.8778331763E-06  -3.0921561994E-07  -1.6242458133E-03  -9.3019858639E-06  -5.0596197626E-06
   21     -5.1506213134E-04   1.7050051112E-03  -1.3269823489E-07   4.1881055783E-04   1.2211089343E-03
   22     -5.9774915297E-04   5.7064899282E-04  -1.8148868424E-06   2.2916246969E-03   1.1822813177E-03
   23     -1.2395393625E-06   2.7774301297E-06   1.9870695867E-04   3.6502424839E-06   5.0501226013E-08
   24     -5.1424992249E-04  -1.7052675997E-03   1.7479280506E-07  -3.2415026947E-03  -1.0106172102E-03
   25      5.9731040719E-04   5.7083194077E-04   7.2424132102E-07  -1.0592916943E-03   1.1877783877E-03
   26     -1.4352448336E-06  -2.0999196374E-06   1.9838290251E-04   2.4296821001E-06   4.5666199954E-06
   27     -3.4146820168E-01  -2.5928882717E-06  -1.5088886282E-04  -1.0132231936E-02  -2.7571030972E-03
   28     -1.6344718546E-06  -6.1154413722E-02   1.8190006331E-06   2.7776573116E-02   4.9863307091E-03
   29     -1.5716222525E-04   1.9822887678E-06  -4.1539491518E-02  -7.6290538056E-06  -3.1917637812E-06
   30      1.2097210345E-02   1.5219789355E-02   4.5670873298E-06  -1.3067157593E-01  -1.2232457578E-01
   31     -1.5582619036E-02  -1.7571172849E-02  -5.4505322676E-06  -1.2285827034E-01  -2.7241767520E-01
   32      2.7294853227E-06   9.2633058162E-06   3.5045613108E-03  -4.6884295148E-05  -6.1966812665E-05
   33     -5.1563367674E-03  -6.2678079497E-04  -4.0398458030E-06  -9.0373754076E-03   2.6190576533E-02
   34     -1.0788264749E-03   1.1859232151E-03  -1.7220874047E-06  -2.4937262009E-03   6.3960204321E-03
   35     -5.3253597363E-06  -3.3873252019E-06   7.7082963470E-03  -1.1374283372E-05   1.0397485538E-05
   36     -5.1564874449E-03   6.2796127673E-04  -4.5754330343E-06  -1.0727770326E-03   9.1591220033E-04
   37      1.0786314135E-03   1.1854460888E-03   1.9977478974E-06   5.7117821993E-04   4.2707764685E-04
   38     -5.6917480200E-06   4.4469974869E-06   7.7077345542E-03   3.2959521021E-06  -8.8137301798E-07
   39      1.2096448310E-02  -1.5218088912E-02   6.3833248647E-06  -9.1787970101E-04  -3.2515263964E-03
   40      1.5583096306E-02  -1.7571550917E-02   9.8623370092E-06  -3.7387743308E-03  -3.1766959055E-03
   41     -3.1920120361E-07  -6.5116202880E-06   3.5043726411E-03  -2.1061576818E-06  -3.1720166833E-07
                    5                  6                  7                  8                  9        
    0     -6.2334998547E-05  -2.5965621626E-02   3.0443411965E-02  -1.4543527612E-05  -2.8909087532E-03
    1      3.9425005435E-05   8.6885320743E-02   4.2985144695E-02   3.5977166194E-05   1.3196508944E-07
    2     -6.7245274391E-02  -2.4071490693E-05   1.1343989117E-05   7.1931404343E-03   2.9583818490E-07
    3      2.4775741041E-04  -3.4628672814E-01   4.0426613211E-02  -1.1393857208E-04  -3.2322697166E-02
    4     -5.4331192907E-08  -3.8296221222E-02  -1.3497211564E-01  -1.9601577384E-05  -2.3625143233E-02
    5      1.4187270470E-01  -1.2282386605E-04   1.2031257435E-05  -6.6032725358E-02  -1.9322863969E-05
    6     -1.2282386605E-04   7.0287266731E-01  -4.9883144372E-02   1.6628183655E-04  -1.5190871769E-01
    7      1.2031257435E-05  -4.9883144372E-02   7.3379659083E-01  -3.3069230389E-05  -1.0888580659E-01
    8     -6.6032725358E-02   1.6628183655E-04  -3.3069230389E-05   1.4525229950E-01  -1.7828368895E-05
    9     -1.9322863969E-05  -1.5190871769E-01  -1.0888580659E-01  -1.7828368895E-05   5.7073950563E-01
   10     -3.5101210480E-05  -3.6910904694E-02  -2.9330376156E-01  -8.6198539238E-06  -8.8028377003E-06
   11      5.9640610473E-03  -2.2891835237E-06  -9.7042241327E-06  -6.6689785572E-02  -3.7351207164E-05
   12     -1.9670971000E-05   6.9935237715E-02   2.9023976259E-02   1.7043155407E-05  -1.5190724153E-01
   13      1.0648432502E-05  -2.9030286538E-02  -5.7395124425E-02  -1.0133192959E-05   1.0888830525E-01
   14     -6.7564876656E-03   2.2976094143E-05   2.3213941468E-05   9.9898095511E-03  -3.5975133049E-05
   15      3.0479346766E-05  -6.0411598244E-02  -3.7255260753E-02  -1.5400364001E-05  -3.2312409949E-02
   16      1.7123420540E-05  -3.3117174156E-02  -2.1492972567E-02  -1.0590387667E-05   2.3632333546E-02
   17      8.6852390905E-03  -1.3810793951E-05  -9.1670941508E-06  -6.7559857440E-03  -2.2922204582E-05
   18      8.3303142808E-06  -3.5249355631E-02  -1.7686504516E-02  -5.3240983020E-07  -1.4682353865E-01
   19      2.9072246377E-05  -2.6271956759E-02   1.4264542883E-02  -1.3271843094E-05  -1.9144081134E-06
   20      9.2425737681E-03  -9.7845893422E-06  -4.1428682171E-06  -1.8661024030E-03   9.3996949825E-05
   21      5.2624772778E-06  -4.3948248408E-03   2.1870474756E-03   5.1654621274E-06  -3.4777466511E-02
   22     -1.0859661793E-05  -7.6899024172E-03  -6.9018113584E-03   1.2910318654E-05   3.1266581513E-02
   23     -7.8566053742E-04  -2.1177812225E-07   1.1658160577E-06   1.3141695751E-03   2.0382713028E-05
   24     -8.3271363990E-06  -3.9161892823E-03   6.9152923819E-03   8.3618964101E-06  -3.4774978384E-02
   25     -1.5356423184E-05  -1.7770109304E-04   2.4196399280E-03   7.5723186363E-06  -3.1260834735E-02
   26     -1.2590699403E-03   1.3665751425E-05  -2.3290676200E-06   2.8875527902E-03   1.9013056340E-05
   27     -8.6526003080E-06   2.1755996576E-04   2.8511356820E-03  -4.4609307143E-06   1.1904750949E-03
   28      1.4635638196E-05   2.9106873704E-03  -4.4301886326E-03   1.2171969940E-06   5.2797136226E-08
   29      4.2233898527E-03  -1.6198369906E-06   3.2018267482E-06   7.3765754172E-03   1.5700697576E-06
   30     -4.5324570467E-05  -1.1430244467E-02  -2.8086917791E-02  -8.0288720004E-06  -4.8391360321E-03
   31     -5.7106491948E-05   2.4369413133E-03   4.5904474945E-03  -7.0047014475E-07   5.5649012400E-04
   32     -3.9161045183E-02  -4.2240525015E-06  -1.1726574435E-05   3.4940577579E-03  -3.7141396298E-06
   33     -6.5598284760E-06  -1.3117055909E-01   1.2728993633E-01  -2.4029111046E-05   1.2733153731E-02
   34      1.9184152243E-06   1.2614652812E-01  -2.7699552027E-01   2.7652644236E-05   1.4883388979E-02
   35      5.0000017934E-03  -1.4757993674E-05   3.1154974744E-05  -4.0477936443E-02   4.1384108949E-06
   36      8.9044180112E-07  -1.3890232724E-03   3.5461251460E-03  -2.2373293004E-06   1.2732795395E-02
   37     -1.6880859833E-06   3.9447825401E-03  -2.6993158115E-03   2.6778296962E-06  -1.4882839564E-02
   38     -8.4442329618E-04  -4.8772080298E-06  -2.7790311686E-06   5.0968710430E-03   7.6480631471E-06
   39     -4.7572199541E-06  -9.0260271527E-04  -8.1815825592E-04   6.8327435946E-08  -4.8388351838E-03
   40      3.2077428907E-07  -1.0147150077E-03   1.3444444299E-04  -7.9926321913E-07  -5.5757291345E-04
   41      7.0967161209E-03  -3.7408168138E-07  -4.1537108785E-07  -7.8194054966E-04  -3.9938629783E-06
                   10                 11                 12                 13                 14        
    0      1.3707322896E-07  -6.2797354720E-06  -2.5964943029E-02  -3.0443224917E-02  -1.0458241074E-05
    1     -8.0617974703E-02   5.9411057963E-06  -8.6886108453E-02   4.2982511249E-02  -4.1642263044E-05
    2      6.1685712290E-06  -7.3600282337E-03  -7.2436217329E-06  -1.6896638014E-05   7.1927424070E-03
    3     -8.6510178205E-02  -5.0902544222E-06  -6.0413587108E-02   3.7257485740E-02  -2.0756245609E-05
    4      4.0431350385E-02  -8.6038581475E-06   3.3117800796E-02  -2.1492940614E-02   1.2073875799E-05
    5     -3.5101210480E-05   5.9640610473E-03  -1.9670971000E-05   1.0648432502E-05  -6.7564876656E-03
    6     -3.6910904694E-02  -2.2891835237E-06   6.9935237715E-02  -2.9030286538E-02   2.2976094143E-05
    7     -2.9330376156E-01  -9.7042241327E-06   2.9023976259E-02  -5.7395124425E-02   2.3213941468E-05
    8     -8.6198539238E-06  -6.6689785572E-02   1.7043155407E-05  -1.0133192959E-05   9.9898095511E-03
    9     -8.8028377003E-06  -3.7351207164E-05  -1.5190724153E-01   1.0888830525E-01  -3.5975133049E-05
   10      7.5262771703E-01  -4.2734478358E-05   3.6907473001E-02  -2.9330542286E-01   4.4330690836E-05
   11     -4.2734478358E-05   1.4718464317E-01  -8.8684511360E-06   4.5647235153E-05  -6.6692451031E-02
   12      3.6907473001E-02  -8.8684511360E-06   7.0285828199E-01   4.9879648486E-02   1.5813676515E-04
   13     -2.9330542286E-01   4.5647235153E-05   4.9879648486E-02   7.3379600820E-01  -6.6641418456E-05
   14      4.4330690836E-05  -6.6692451031E-02   1.5813676515E-04  -6.6641418456E-05   1.4525816232E-01
   15      8.6515693827E-02  -1.9223028554E-05  -3.4628498350E-01  -4.0423231179E-02  -1.0930942399E-04
   16      4.0426763281E-02   3.7074448575E-06   3.8301417071E-02  -1.3497712763E-01   3.0860488294E-05
   17      3.1196008029E-05   5.9663593288E-03  -1.3197384435E-04   2.1459141980E-07  -6.6032375186E-02
   18     -5.3864093218E-06  -4.7596543150E-05  -3.5243426463E-02   1.7685292745E-02  -2.2978130725E-06
   19     -1.1389986056E-01   5.4627135972E-06   2.6271190913E-02   1.4262762923E-02   1.3145835192E-05
   20      2.9751010185E-06  -8.2333546508E-02  -1.6424267790E-05   2.9013567056E-06  -1.8661803717E-03
   21      4.7595137360E-02   7.1068199880E-05  -3.9158394854E-03  -6.9150758412E-03   1.0479752353E-05
   22     -9.2203361208E-03  -4.1831525947E-05   1.7921696870E-04   2.4201971365E-03  -8.1972659740E-06
   23     -5.4595086301E-05   1.9421983011E-02   1.4232305082E-05   3.5476737157E-06   2.8889145921E-03
   24     -4.7587754820E-02   6.9448623661E-05  -4.3925855042E-03  -2.1888097149E-03   3.3619667874E-06
   25     -9.2167245741E-03   3.8352173359E-05   7.6876091004E-03  -6.9005879113E-03  -1.2427316591E-05
   26      5.0672152990E-05   1.9421978514E-02   1.1615512551E-06  -8.5415392566E-07   1.3130813173E-03
   27      4.6875904087E-07  -3.5212278960E-06   2.1719017405E-04  -2.8515680174E-03  -3.9549547409E-06
   28     -1.9054548556E-03   2.9807775029E-07  -2.9101019155E-03  -4.4307172893E-03   7.3318995037E-07
   29      2.3576247486E-07  -4.0703453407E-05  -1.2187180061E-06  -1.5991901746E-06   7.3766091993E-03
   30      1.4746364365E-03  -6.2320129261E-06  -9.0271704721E-04   8.1812764925E-04   2.1381551653E-07
   31      1.6192032668E-03  -2.6002442022E-06   1.0142921954E-03   1.3358679965E-04   9.2158764530E-07
   32      1.9934832506E-06   7.5645527835E-03  -4.4074999414E-07   3.8419046721E-07  -7.8216197167E-04
   33     -1.1973005800E-02  -9.1060267732E-07  -1.3892784163E-03  -3.5462840632E-03  -1.8579469796E-06
   34     -1.7626000165E-02   6.2495538832E-06  -3.9454254720E-03  -2.6989848457E-03  -1.6727406284E-07
   35     -1.3371177655E-05   5.0143639939E-03  -4.0173229550E-06   3.6557862152E-06   5.0966893288E-03
   36      1.1973039291E-02  -3.3206092650E-06  -1.3116633391E-01  -1.2728011795E-01  -1.6659043191E-06
   37     -1.7628187603E-02  -2.6122380430E-06  -1.2613946844E-01  -2.7698498049E-01   1.1302900970E-05
   38      1.6880774179E-05   5.0143304739E-03   6.6400856848E-06   9.5185345030E-06  -4.0480322055E-02
   39     -1.4749228787E-03  -5.7712882650E-06  -1.1429773883E-02   2.8086145280E-02  -1.3515552408E-05
   40      1.6186890372E-03   3.2388210666E-06  -2.4379274354E-03   4.5908197545E-03   1.4182952026E-06
   41     -8.4129392370E-07   7.5642424749E-03  -2.7330943158E-06   1.0681525619E-05   3.4939695610E-03
                   15                 16                 17                 18                 19        
    0     -1.8312681645E-01  -1.2169622355E-01  -4.1652237088E-05   5.3799763549E-04   7.4217939164E-07
    1     -4.3972953818E-02  -2.8374509903E-01  -5.9864309361E-07  -6.9774816791E-08  -5.5977309889E-03
    2     -5.1948154396E-05  -3.5949346898E-05  -6.7245447723E-02   1.4383857456E-06   1.6799300708E-06
    3      7.7167787663E-02   2.8149518655E-02   2.3633716573E-05   7.4793359879E-03  -6.2368486839E-03
    4     -2.8140178140E-02  -5.8787081257E-02  -5.7541229503E-06  -5.9906217545E-03  -7.0208308368E-03
    5      3.0479346766E-05   1.7123420540E-05   8.6852390905E-03   8.3303142808E-06   2.9072246377E-05
    6     -6.0411598244E-02  -3.3117174156E-02  -1.3810793951E-05  -3.5249355631E-02  -2.6271956759E-02
    7     -3.7255260753E-02  -2.1492972567E-02  -9.1670941508E-06  -1.7686504516E-02   1.4264542883E-02
    8     -1.5400364001E-05  -1.0590387667E-05  -6.7559857440E-03  -5.3240983020E-07  -1.3271843094E-05
    9     -3.2312409949E-02   2.3632333546E-02  -2.2922204582E-05  -1.4682353865E-01  -1.9144081134E-06
   10      8.6515693827E-02   4.0426763281E-02   3.1196008029E-05  -5.3864093218E-06  -1.1389986056E-01
   11     -1.9223028554E-05   3.7074448575E-06   5.9663593288E-03  -4.7596543150E-05   5.4627135972E-06
   12     -3.4628498350E-01   3.8301417071E-02  -1.3197384435E-04  -3.5243426463E-02   2.6271190913E-02
   13     -4.0423231179E-02  -1.3497712763E-01   2.1459141980E-07   1.7685292745E-02   1.4262762923E-02
   14     -1.0930942399E-04   3.0860488294E-05  -6.6032375186E-02  -2.2978130725E-06   1.3145835192E-05
   15      6.9214206878E-01  -4.2372573318E-02   2.5593182938E-04   7.4806366169E-03   6.2364384318E-03
   16     -4.2372573318E-02   7.2700599460E-01  -1.0049454866E-04   5.9901874260E-03  -7.0211024111E-03
   17      2.5593182938E-04  -1.0049454866E-04   1.4187040462E-01   7.8662151928E-06  -3.0322686484E-05
   18      7.4806366169E-03   5.9901874260E-03   7.8662151928E-06   6.8994850587E-01  -6.6074188260E-05
   19      6.2364384318E-03  -7.0211024111E-03  -3.0322686484E-05  -6.6074188260E-05   8.9086408312E-01
   20     -9.2926422564E-06   7.9075673031E-06   9.2426065455E-03  -4.5405283111E-04   1.2603888924E-05
   21     -3.2415130648E-03   1.0103854333E-03  -9.7546314555E-06  -2.4531817162E-01   1.5642844984E-01
   22      1.0578080066E-03   1.1886386647E-03   1.6942139746E-05   1.6146028165E-01  -3.8982243949E-01
   23      2.1743828148E-06  -5.5797148875E-06  -1.2593911936E-03   2.5002125886E-04  -2.4504891425E-04
   24      4.1733786406E-04  -1.2198561814E-03   6.3374685108E-06  -2.4529682343E-01  -1.5635720625E-01
   25     -2.2902421414E-03   1.1816326547E-03   1.2125751057E-05  -1.6138932072E-01  -3.8967414088E-01
   26      3.7839874940E-06  -6.0989544249E-07  -7.8631262040E-04   2.3330330888E-04   2.3155172988E-04
   27     -1.0131384990E-02   2.7564460402E-03  -7.5783211463E-06  -2.9165670205E-04   1.7821961802E-07
   28     -2.7777316822E-02   4.9861506660E-03  -1.4099795394E-05  -1.4626343587E-07  -5.4552667976E-04
   29     -2.9408654553E-06   3.3369003991E-06   4.2237755550E-03  -2.5254523469E-06   5.8984557235E-08
   30     -9.1785703213E-04   3.2509069823E-03  -5.1907041549E-06   1.8669034533E-04  -1.8546852328E-03
   31      3.7382853139E-03  -3.1760621770E-03   1.3400837836E-06   5.0003311397E-04   3.0468762607E-04
   32     -2.7907906077E-06   2.2117835653E-06   7.0968891432E-03  -3.3301422820E-07  -5.1796539517E-07
   33     -1.0718529292E-03  -9.1561965001E-04   1.1859040260E-06   1.2017325230E-03  -1.1551575512E-03
   34     -5.7200203522E-04   4.2650238393E-04   1.1260882295E-06   2.6045512676E-03  -3.2098979877E-03
   35      3.5334417371E-06   5.1488163849E-07  -8.4432705686E-04  -5.6540595307E-06   5.7090819325E-06
   36     -9.0360445375E-03  -2.6190507612E-02  -2.4963082058E-06   1.2021609454E-03   1.1559266095E-03
   37      2.4930060054E-03   6.3959826159E-03  -2.9080925326E-06  -2.6051257976E-03  -3.2101096373E-03
   38     -1.1003416404E-05  -1.1295848427E-05   5.0000491840E-03  -6.3087687589E-06  -2.2758473170E-06
   39     -1.3067337023E-01   1.2232580366E-01  -6.6020098792E-05   1.8591256618E-04   1.8536347632E-03
   40      1.2285748228E-01  -2.7241221979E-01   9.7294879868E-05  -4.9981466300E-04   3.0556293339E-04
   41     -6.7550292485E-05   1.0196269652E-04  -3.9161483939E-02  -1.1583998078E-07   4.1782266500E-07
                   20                 21                 22                 23                 24        
    0      6.8778331763E-06  -5.1506213134E-04  -5.9774915297E-04  -1.2395393625E-06  -5.1424992249E-04
    1     -3.0921561994E-07   1.7050051112E-03   5.7064899282E-04   2.7774301297E-06  -1.7052675997E-03
    2     -1.6242458133E-03  -1.3269823489E-07  -1.8148868424E-06   1.9870695867E-04   1.7479280506E-07
    3     -9.3019858639E-06   4.1881055783E-04   2.2916246969E-03   3.6502424839E-06  -3.2415026947E-03
    4     -5.0596197626E-06   1.2211089343E-03   1.1822813177E-03   5.0501226013E-08  -1.0106172102E-03
    5      9.2425737681E-03   5.2624772778E-06  -1.0859661793E-05  -7.8566053742E-04  -8.3271363990E-06
    6     -9.7845893422E-06  -4.3948248408E-03  -7.6899024172E-03  -2.1177812225E-07  -3.9161892823E-03
    7     -4.1428682171E-06   2.1870474756E-03  -6.9018113584E-03   1.1658160577E-06   6.9152923819E-03
    8     -1.8661024030E-03   5.1654621274E-06   1.2910318654E-05   1.3141695751E-03   8.3618964101E-06
    9      9.3996949825E-05  -3.4777466511E-02   3.1266581513E-02   2.0382713028E-05  -3.4774978384E-02
   10      2.9751010185E-06   4.7595137360E-02  -9.2203361208E-03  -5.4595086301E-05  -4.7587754820E-02
   11     -8.2333546508E-02   7.1068199880E-05  -4.1831525947E-05   1.9421983011E-02   6.9448623661E-05
   12     -1.6424267790E-05  -3.9158394854E-03   1.7921696870E-04   1.4232305082E-05  -4.3925855042E-03
   13      2.9013567056E-06  -6.9150758412E-03   2.4201971365E-03   3.5476737157E-06  -2.1888097149E-03
   14     -1.8661803717E-03   1.0479752353E-05  -8.1972659740E-06   2.8889145921E-03   3.3619667874E-06
   15     -9.2926422564E-06  -3.2415130648E-03   1.0578080066E-03   2.1743828148E-06   4.1733786406E-04
   16      7.9075673031E-06   1.0103854333E-03   1.1886386647E-03  -5.5797148875E-06  -1.2198561814E-03
   17      9.2426065455E-03  -9.7546314555E-06   1.6942139746E-05  -1.2593911936E-03   6.3374685108E-06
   18     -4.5405283111E-04  -2.4531817162E-01   1.6146028165E-01   2.5002125886E-04  -2.4529682343E-01
   19      1.2603888924E-05   1.5642844984E-01  -3.8982243949E-01  -2.4504891425E-04  -1.5635720625E-01
   20      2.6218080649E-01   2.1133916590E-04  -2.6548299541E-04  -9.1889083388E-02   1.9726063276E-04
   21      2.1133916590E-04   2.4684986740E-01  -1.9523458931E-01  -2.6703351153E-04   4.9861324549E-02
   22     -2.6548299541E-04  -1.9523458931E-01   5.2970658606E-01   3.0731098974E-04   8.7031087068E-03
   23     -9.1889083388E-02  -2.6703351153E-04   3.0731098974E-04   4.1696103230E-02  -2.6693408118E-05
   24      1.9726063276E-04   4.9861324549E-02   8.7031087068E-03  -2.6693408118E-05   2.4682264319E-01
   25      2.4198921005E-04  -8.7036668853E-03  -1.3374439430E-01  -6.0950802874E-06   1.9515774449E-01
   26     -9.1895848606E-02  -2.5305734688E-05  -1.0292521923E-05   2.8356593572E-02  -2.4873129597E-04
   27      3.1032795596E-06  -6.3124347415E-05  -6.9642143626E-05  -6.1410578328E-07  -6.2556091149E-05
   28      1.8901953271E-07   2.7322844146E-05   3.7828767886E-04   2.2905723013E-07  -2.7196984699E-05
   29     -1.4679029063E-03   2.3162627490E-07  -3.2845630236E-08   1.0025480305E-04  -3.3044151339E-08
   30     -6.1826546332E-07  -1.6482419539E-04   2.6563130742E-04   2.7539723403E-07  -8.4875951763E-04
   31      1.4642016230E-06  -1.3327965734E-04   1.1436548627E-05  -5.8537962091E-07   3.8527577182E-05
   32      6.7035561002E-04   1.6658352437E-09  -3.2689987050E-07   2.1714786807E-05  -1.2640816510E-06
   33      2.9831960780E-06  -4.3176406861E-03  -1.0763469402E-04   6.4903971835E-07   4.2830092824E-04
   34     -3.8281885188E-06   7.8208373639E-04   2.9809297019E-03   2.2578909467E-07  -2.2929328627E-05
   35     -4.5319108528E-03   3.4961897426E-06  -2.2794577352E-06  -5.1652685629E-05  -2.9959503078E-07
   36      3.1242226825E-06   4.2831320462E-04  -1.6673501242E-03  -2.3691979086E-07  -4.3180546024E-03
   37      2.5586429917E-06   2.3686267133E-05   1.2520983938E-03  -1.9163899758E-06  -7.8247147197E-04
   38     -4.5320555340E-03   3.5948458961E-07   1.3132635692E-06   3.6131521393E-04   2.6720214803E-06
   39     -7.5344910424E-07  -8.4984882539E-04   1.8607413662E-04   1.0727819857E-06  -1.6390710030E-04
   40     -2.0310772803E-06  -3.7074461582E-05  -2.1232210290E-06   3.0544042694E-07   1.3269322974E-04
   41      6.7053396836E-04  -1.6063065715E-06   8.4921711114E-07  -3.7396793766E-04  -5.7446569150E-09
                   25                 26                 27                 28                 29        
    0      5.9731040719E-04  -1.4352448336E-06  -3.4146820168E-01  -1.6344718546E-06  -1.5716222525E-04
    1      5.7083194077E-04  -2.0999196374E-06  -2.5928882717E-06  -6.1154413722E-02   1.9822887678E-06
    2      7.2424132102E-07   1.9838290251E-04  -1.5088886282E-04   1.8190006331E-06  -4.1539491518E-02
    3     -1.0592916943E-03   2.4296821001E-06  -1.0132231936E-02   2.7776573116E-02  -7.6290538056E-06
    4      1.1877783877E-03   4.5666199954E-06  -2.7571030972E-03   4.9863307091E-03  -3.1917637812E-06
    5     -1.5356423184E-05  -1.2590699403E-03  -8.6526003080E-06   1.4635638196E-05   4.2233898527E-03
    6     -1.7770109304E-04   1.3665751425E-05   2.1755996576E-04   2.9106873704E-03  -1.6198369906E-06
    7      2.4196399280E-03  -2.3290676200E-06   2.8511356820E-03  -4.4301886326E-03   3.2018267482E-06
    8      7.5723186363E-06   2.8875527902E-03  -4.4609307143E-06   1.2171969940E-06   7.3765754172E-03
    9     -3.1260834735E-02   1.9013056340E-05   1.1904750949E-03   5.2797136226E-08   1.5700697576E-06
   10     -9.2167245741E-03   5.0672152990E-05   4.6875904087E-07  -1.9054548556E-03   2.3576247486E-07
   11      3.8352173359E-05   1.9421978514E-02  -3.5212278960E-06   2.9807775029E-07  -4.0703453407E-05
   12      7.6876091004E-03   1.1615512551E-06   2.1719017405E-04  -2.9101019155E-03  -1.2187180061E-06
   13     -6.9005879113E-03  -8.5415392566E-07  -2.8515680174E-03  -4.4307172893E-03  -1.5991901746E-06
   14     -1.2427316591E-05   1.3130813173E-03  -3.9549547409E-06   7.3318995037E-07   7.3766091993E-03
   15     -2.2902421414E-03   3.7839874940E-06  -1.0131384990E-02  -2.7777316822E-02  -2.9408654553E-06
   16      1.1816326547E-03  -6.0989544249E-07   2.7564460402E-03   4.9861506660E-03   3.3369003991E-06
   17      1.2125751057E-05  -7.8631262040E-04  -7.5783211463E-06  -1.4099795394E-05   4.2237755550E-03
   18     -1.6138932072E-01   2.3330330888E-04  -2.9165670205E-04  -1.4626343587E-07  -2.5254523469E-06
   19     -3.8967414088E-01   2.3155172988E-04   1.7821961802E-07  -5.4552667976E-04   5.8984557235E-08
   20      2.4198921005E-04  -9.1895848606E-02   3.1032795596E-06   1.8901953271E-07  -1.4679029063E-03
   21     -8.7036668853E-03  -2.5305734688E-05  -6.3124347415E-05   2.7322844146E-05   2.3162627490E-07
   22     -1.3374439430E-01  -1.0292521923E-05  -6.9642143626E-05   3.7828767886E-04  -3.2845630236E-08
   23     -6.0950802874E-06   2.8356593572E-02  -6.1410578328E-07   2.2905723013E-07   1.0025480305E-04
   24      1.9515774449E-01  -2.4873129597E-04  -6.2556091149E-05  -2.7196984699E-05  -3.3044151339E-08
   25      5.2955460172E-01  -2.6750209451E-04   6.8543262176E-05   3.7795385704E-04  -3.5890772075E-07
   26     -2.6750209451E-04   4.1704340497E-02  -1.0481691708E-06  -3.8181592430E-08   1.0106813590E-04
   27      6.8543262176E-05  -1.0481691708E-06   3.6016306738E-01   2.9117794917E-06   1.7077625593E-04
   28      3.7795385704E-04  -3.8181592430E-08   2.9117794917E-06   5.9497685256E-02  -3.5418559657E-06
   29     -3.5890772075E-07   1.0106813590E-04   1.7077625593E-04  -3.5418559657E-06   2.8012256079E-02
   30     -1.8605194261E-04   7.2347964966E-07   6.4797011546E-04  -5.5597578422E-04   2.4005792674E-06
   31     -2.2230598500E-06  -2.0792739718E-07   1.4562385242E-04   9.2866435230E-04  -6.8988157345E-08
   32     -6.5623008121E-07  -3.7359197107E-04   2.3785764905E-06  -5.2756760312E-07  -3.9324094269E-03
   33      1.6682827416E-03   2.6628675853E-07  -4.6748756025E-04   1.1846812038E-03  -1.0859006491E-06
   34      1.2535381865E-03   1.3983197917E-06  -2.6191784156E-04   1.9147673310E-04   2.7080281253E-07
   35     -3.5401774461E-06   3.6144560098E-04  -7.2829499389E-08   3.3036380732E-07  -2.5050794460E-04
   36      1.0721351798E-04  -8.2015494300E-09  -4.6756769572E-04  -1.1846826919E-03  -5.7807667845E-07
   37      2.9810537602E-03  -1.2151289573E-06   2.6190605183E-04   1.9149143321E-04  -1.4685776671E-07
   38      5.4972088037E-07  -5.1593969697E-05  -3.1093804567E-07  -4.2658128085E-07  -2.5049264301E-04
   39     -2.6485112390E-04  -8.1554124246E-08   6.4794826305E-04   5.5607399471E-04   2.2364106627E-06
   40      1.1040297619E-05   1.1216033596E-06  -1.4563782992E-04   9.2826049359E-04  -7.4252980001E-07
   41      4.6127950144E-07   2.1973778160E-05   2.4230595759E-06  -2.2118902030E-07  -3.9324211505E-03
                   30                 31                 32                 33                 34        
    0      1.2097210345E-02  -1.5582619036E-02   2.7294853227E-06  -5.1563367674E-03  -1.0788264749E-03
    1      1.5219789355E-02  -1.7571172849E-02   9.2633058162E-06  -6.2678079497E-04   1.1859232151E-03
    2      4.5670873298E-06  -5.4505322676E-06   3.5045613108E-03  -4.0398458030E-06  -1.7220874047E-06
    3     -1.3067157593E-01  -1.2285827034E-01  -4.6884295148E-05  -9.0373754076E-03  -2.4937262009E-03
    4     -1.2232457578E-01  -2.7241767520E-01  -6.1966812665E-05   2.6190576533E-02   6.3960204321E-03
    5     -4.5324570467E-05  -5.7106491948E-05  -3.9161045183E-02  -6.5598284760E-06   1.9184152243E-06
    6     -1.1430244467E-02   2.4369413133E-03  -4.2240525015E-06  -1.3117055909E-01   1.2614652812E-01
    7     -2.8086917791E-02   4.5904474945E-03  -1.1726574435E-05   1.2728993633E-01  -2.7699552027E-01
    8     -8.0288720004E-06  -7.0047014475E-07   3.4940577579E-03  -2.4029111046E-05   2.7652644236E-05
    9     -4.8391360321E-03   5.5649012400E-04  -3.7141396298E-06   1.2733153731E-02   1.4883388979E-02
   10      1.4746364365E-03   1.6192032668E-03   1.9934832506E-06  -1.1973005800E-02  -1.7626000165E-02
   11     -6.2320129261E-06  -2.6002442022E-06   7.5645527835E-03  -9.1060267732E-07   6.2495538832E-06
   12     -9.0271704721E-04   1.0142921954E-03  -4.4074999414E-07  -1.3892784163E-03  -3.9454254720E-03
   13      8.1812764925E-04   1.3358679965E-04   3.8419046721E-07  -3.5462840632E-03  -2.6989848457E-03
   14      2.1381551653E-07   9.2158764530E-07  -7.8216197167E-04  -1.8579469796E-06  -1.6727406284E-07
   15     -9.1785703213E-04   3.7382853139E-03  -2.7907906077E-06  -1.0718529292E-03  -5.7200203522E-04
   16      3.2509069823E-03  -3.1760621770E-03   2.2117835653E-06  -9.1561965001E-04   4.2650238393E-04
   17     -5.1907041549E-06   1.3400837836E-06   7.0968891432E-03   1.1859040260E-06   1.1260882295E-06
   18      1.8669034533E-04   5.0003311397E-04  -3.3301422820E-07   1.2017325230E-03   2.6045512676E-03
   19     -1.8546852328E-03   3.0468762607E-04  -5.1796539517E-07  -1.1551575512E-03  -3.2098979877E-03
   20     -6.1826546332E-07   1.4642016230E-06   6.7035561002E-04   2.9831960780E-06  -3.8281885188E-06
   21     -1.6482419539E-04  -1.3327965734E-04   1.6658352437E-09  -4.3176406861E-03   7.8208373639E-04
   22      2.6563130742E-04   1.1436548627E-05  -3.2689987050E-07  -1.0763469402E-04   2.9809297019E-03
   23      2.7539723403E-07  -5.8537962091E-07   2.1714786807E-05   6.4903971835E-07   2.2578909467E-07
   24     -8.4875951763E-04   3.8527577182E-05  -1.2640816510E-06   4.2830092824E-04  -2.2929328627E-05
   25     -1.8605194261E-04  -2.2230598500E-06  -6.5623008121E-07   1.6682827416E-03   1.2535381865E-03
   26      7.2347964966E-07  -2.0792739718E-07  -3.7359197107E-04   2.6628675853E-07   1.3983197917E-06
   27      6.4797011546E-04   1.4562385242E-04   2.3785764905E-06  -4.6748756025E-04  -2.6191784156E-04
   28     -5.5597578422E-04   9.2866435230E-04  -5.2756760312E-07   1.1846812038E-03   1.9147673310E-04
   29      2.4005792674E-06  -6.8988157345E-08  -3.9324094269E-03  -1.0859006491E-06   2.7080281253E-07
   30      1.3526427210E-01   1.3115654781E-01   5.3735113118E-05   1.1031609579E-03   2.7434538563E-04
   31      1.3115654781E-01   2.8586239908E-01   6.2209280683E-05  -3.0252870701E-04   6.3299388743E-04
   32      5.3735113118E-05   6.2209280683E-05   2.7163645250E-02   1.5330209232E-06   1.0063757624E-06
   33      1.1031609579E-03  -3.0252870701E-04   1.5330209232E-06   1.3642657633E-01  -1.3709242075E-01
   34      2.7434538563E-04   6.3299388743E-04   1.0063757624E-06  -1.3709242075E-01   2.8821756360E-01
   35      1.8401423336E-06  -9.6458566316E-09  -4.3621724426E-03   3.0406617721E-05  -3.1870288460E-05
   36      2.7601716729E-05  -6.5762191561E-05   2.7449165459E-07   6.8996526189E-04   8.2558944310E-04
   37     -9.4685363525E-05  -2.4251685055E-06  -7.1436592628E-07  -8.2321436549E-04  -7.5211631686E-04
   38      4.8786259410E-07  -1.7978911633E-07  -9.4156991790E-04  -3.2913507195E-07   4.8728603822E-07
   39      4.4820863835E-04  -7.7319461943E-04   4.3891951026E-08   2.7641117871E-05   9.4413230008E-05
   40      7.7182022638E-04  -9.1386059658E-04   5.6718864074E-08   6.5517512909E-05  -2.4285557597E-06
   41      1.0582643343E-07   2.8559254227E-07   3.7174270629E-05  -2.4092253941E-07   7.1675084441E-07
                   35                 36                 37                 38                 39        
    0     -5.3253597363E-06  -5.1564874449E-03   1.0786314135E-03  -5.6917480200E-06   1.2096448310E-02
    1     -3.3873252019E-06   6.2796127673E-04   1.1854460888E-03   4.4469974869E-06  -1.5218088912E-02
    2      7.7082963470E-03  -4.5754330343E-06   1.9977478974E-06   7.7077345542E-03   6.3833248647E-06
    3     -1.1374283372E-05  -1.0727770326E-03   5.7117821993E-04   3.2959521021E-06  -9.1787970101E-04
    4      1.0397485538E-05   9.1591220033E-04   4.2707764685E-04  -8.8137301798E-07  -3.2515263964E-03
    5      5.0000017934E-03   8.9044180112E-07  -1.6880859833E-06  -8.4442329618E-04  -4.7572199541E-06
    6     -1.4757993674E-05  -1.3890232724E-03   3.9447825401E-03  -4.8772080298E-06  -9.0260271527E-04
    7      3.1154974744E-05   3.5461251460E-03  -2.6993158115E-03  -2.7790311686E-06  -8.1815825592E-04
    8     -4.0477936443E-02  -2.2373293004E-06   2.6778296962E-06   5.0968710430E-03   6.8327435946E-08
    9      4.1384108949E-06   1.2732795395E-02  -1.4882839564E-02   7.6480631471E-06  -4.8388351838E-03
   10     -1.3371177655E-05   1.1973039291E-02  -1.7628187603E-02   1.6880774179E-05  -1.4749228787E-03
   11      5.0143639939E-03  -3.3206092650E-06  -2.6122380430E-06   5.0143304739E-03  -5.7712882650E-06
   12     -4.0173229550E-06  -1.3116633391E-01  -1.2613946844E-01   6.6400856848E-06  -1.1429773883E-02
   13      3.6557862152E-06  -1.2728011795E-01  -2.7698498049E-01   9.5185345030E-06   2.8086145280E-02
   14      5.0966893288E-03  -1.6659043191E-06   1.1302900970E-05  -4.0480322055E-02  -1.3515552408E-05
   15      3.5334417371E-06  -9.0360445375E-03   2.4930060054E-03  -1.1003416404E-05  -1.3067337023E-01
   16      5.1488163849E-07  -2.6190507612E-02   6.3959826159E-03  -1.1295848427E-05   1.2232580366E-01
   17     -8.4432705686E-04  -2.4963082058E-06  -2.9080925326E-06   5.0000491840E-03  -6.6020098792E-05
   18     -5.6540595307E-06   1.2021609454E-03  -2.6051257976E-03  -6.3087687589E-06   1.8591256618E-04
   19      5.7090819325E-06   1.1559266095E-03  -3.2101096373E-03  -2.2758473170E-06   1.8536347632E-03
   20     -4.5319108528E-03   3.1242226825E-06   2.5586429917E-06  -4.5320555340E-03  -7.5344910424E-07
   21      3.4961897426E-06   4.2831320462E-04   2.3686267133E-05   3.5948458961E-07  -8.4984882539E-04
   22     -2.2794577352E-06  -1.6673501242E-03   1.2520983938E-03   1.3132635692E-06   1.8607413662E-04
   23     -5.1652685629E-05  -2.3691979086E-07  -1.9163899758E-06   3.6131521393E-04   1.0727819857E-06
   24     -2.9959503078E-07  -4.3180546024E-03  -7.8247147197E-04   2.6720214803E-06  -1.6390710030E-04
   25     -3.5401774461E-06   1.0721351798E-04   2.9810537602E-03   5.4972088037E-07  -2.6485112390E-04
   26      3.6144560098E-04  -8.2015494300E-09  -1.2151289573E-06  -5.1593969697E-05  -8.1554124246E-08
   27     -7.2829499389E-08  -4.6756769572E-04   2.6190605183E-04  -3.1093804567E-07   6.4794826305E-04
   28      3.3036380732E-07  -1.1846826919E-03   1.9149143321E-04  -4.2658128085E-07   5.5607399471E-04
   29     -2.5050794460E-04  -5.7807667845E-07  -1.4685776671E-07  -2.5049264301E-04   2.2364106627E-06
   30      1.8401423336E-06   2.7601716729E-05  -9.4685363525E-05   4.8786259410E-07   4.4820863835E-04
   31     -9.6458566316E-09  -6.5762191561E-05  -2.4251685055E-06  -1.7978911633E-07  -7.7319461943E-04
   32     -4.3621724426E-03   2.7449165459E-07  -7.1436592628E-07  -9.4156991790E-04   4.3891951026E-08
   33      3.0406617721E-05   6.8996526189E-04  -8.2321436549E-04  -3.2913507195E-07   2.7641117871E-05
   34     -3.1870288460E-05   8.2558944310E-04  -7.5211631686E-04   4.8728603822E-07   9.4413230008E-05
   35      2.7505911570E-02  -6.3503168574E-07  -5.3709156844E-07   7.7358919441E-04   7.5090107166E-07
   36     -6.3503168574E-07   1.3642312368E-01   1.3708047762E-01   7.7456198645E-06   1.1023282913E-03
   37     -5.3709156844E-07   1.3708047762E-01   2.8821066663E-01  -9.8003032208E-06  -2.7401325671E-04
   38      7.7358919441E-04   7.7456198645E-06  -9.8003032208E-06   2.7508671237E-02   1.9266689493E-06
   39      7.5090107166E-07   1.1023282913E-03  -2.7401325671E-04   1.9266689493E-06   1.3526773045E-01
   40     -2.3159742395E-07   3.0432560446E-04   6.3331846133E-04  -8.6172481085E-07  -1.3115540407E-01
   41     -9.4179040290E-04   1.4644937449E-06  -1.6946458786E-06  -4.3621034846E-03   7.6734490033E-05
                   40                 41        
     0      1.5583096306E-02  -3.1920120361E-07
     1     -1.7571550917E-02  -6.5116202880E-06
     2      9.8623370092E-06   3.5043726411E-03
     3     -3.7387743308E-03  -2.1061576818E-06
     4     -3.1766959055E-03  -3.1720166833E-07
     5      3.2077428907E-07   7.0967161209E-03
     6     -1.0147150077E-03  -3.7408168138E-07
     7      1.3444444299E-04  -4.1537108785E-07
     8     -7.9926321913E-07  -7.8194054966E-04
     9     -5.5757291345E-04  -3.9938629783E-06
    10      1.6186890372E-03  -8.4129392370E-07
    11      3.2388210666E-06   7.5642424749E-03
    12     -2.4379274354E-03  -2.7330943158E-06
    13      4.5908197545E-03   1.0681525619E-05
    14      1.4182952026E-06   3.4939695610E-03
    15      1.2285748228E-01  -6.7550292485E-05
    16     -2.7241221979E-01   1.0196269652E-04
    17      9.7294879868E-05  -3.9161483939E-02
    18     -4.9981466300E-04  -1.1583998078E-07
    19      3.0556293339E-04   4.1782266500E-07
    20     -2.0310772803E-06   6.7053396836E-04
    21     -3.7074461582E-05  -1.6063065715E-06
    22     -2.1232210290E-06   8.4921711114E-07
    23      3.0544042694E-07  -3.7396793766E-04
    24      1.3269322974E-04  -5.7446569150E-09
    25      1.1040297619E-05   4.6127950144E-07
    26      1.1216033596E-06   2.1973778160E-05
    27     -1.4563782992E-04   2.4230595759E-06
    28      9.2826049359E-04  -2.2118902030E-07
    29     -7.4252980001E-07  -3.9324211505E-03
    30      7.7182022638E-04   1.0582643343E-07
    31     -9.1386059658E-04   2.8559254227E-07
    32      5.6718864074E-08   3.7174270629E-05
    33      6.5517512909E-05  -2.4092253941E-07
    34     -2.4285557597E-06   7.1675084441E-07
    35     -2.3159742395E-07  -9.4179040290E-04
    36      3.0432560446E-04   1.4644937449E-06
    37      6.3331846133E-04  -1.6946458786E-06
    38     -8.6172481085E-07  -4.3621034846E-03
    39     -1.3115540407E-01   7.6734490033E-05
    40      2.8585674357E-01  -1.0716312024E-04
    41     -1.0716312024E-04   2.7164724650E-02

$vibrational_frequencies
42
    0        0.0000000000000000
    1        0.0000000000000000
    2        0.0000000000000000
    3        0.0000000000000000
    4        0.0000000000000000
    5        0.0000000000000000
    6      136.4565978236744002
    7      195.1182808741199324
    8      281.8485724034155169
    9      405.4330638864272487
   10      426.2472087475397302
   11      470.2591833985875951
   12      535.1431239921158749
   13      627.1071064809010522
   14      706.7952017278520316
   15      708.6677271002326961
   16      755.5489560534844031
   17      846.3700711587453043
   18      879.9249924587364831
   19      886.8046755703919644
   20      991.2697848462519232
   21     1019.7092632811298927
   22     1021.2350824545885644
   23     1043.0092530867452751
   24     1048.6418991619775625
   25     1110.0996494263197292
   26     1140.9706497200975264
   27     1183.6701694912007952
   28     1203.4500200328668598
   29     1324.0539975218043764
   30     1340.1522335544093494
   31     1400.7121499244233291
   32     1494.6329122939944227
   33     1520.3814823314869500
   34     1552.7882098860695805
   35     1654.9701872036007444
   36     1667.4734712451452197
   37     3190.7314329645751059
   38     3204.5559792669041599
   39     3211.2432717470251191
   40     3238.7043200792450079
   41     3238.8434811690094648

$normal_modes
42 42
                    0                  1                  2                  3                  4        
    0      0.0000000000E+00   0.0000000000E+00   0.0000000000E+00   0.0000000000E+00   0.0000000000E+00
    1      0.0000000000E+00   0.0000000000E+00   0.0000000000E+00   0.0000000000E+00   0.0000000000E+00
    2      0.0000000000E+00   0.0000000000E+00   0.0000000000E+00   0.0000000000E+00   0.0000000000E+00
    3      0.0000000000E+00   0.0000000000E+00   0.0000000000E+00   0.0000000000E+00   0.0000000000E+00
    4      0.0000000000E+00   0.0000000000E+00   0.0000000000E+00   0.0000000000E+00   0.0000000000E+00
