*************************************************
******************* ORCA 6.0.0 ******************
*************************************************
$Calculation_Status
   &GeometryIndex 1
   &ListStatus       OUT
   &VERSION [&Type "String"] "6.0.0"
   &PROGNAME [&Type "String"] "LeanSCF"
   &STATUS [&Type "String"] "NORMAL TERMINATION"
$End
$Geometry
   &GeometryIndex 1
   &ListStatus       OUT
   &NATOMS [&Type "Integer"] 14
   &NCORELESSECP [&Type "Integer"] 0
   &NGHOSTATOMS [&Type "Integer"] 0
   &CartesianCoordinates [&Type "Coordinates", &Dim(14,4), &Units "Bohr"] 
              C     -4.848274051413   -0.000008090673   -0.000603317367
              C     -3.540026515348   -2.286906071763    0.000133449058
              C     -0.916869545948   -2.307250101950    0.001155202058
              C      0.346116431939    0.000020618802    0.001470499462
              C     -0.916889405269    2.307282932540    0.000787510107
              C     -3.540052971892    2.286906323097   -0.000248147309
              N      3.113132729001   -0.000037202471    0.000228301972
              O      4.217819040941   -2.046111314163   -0.001771551354
              O      4.217917049509    2.046075884255   -0.001610527979
              H     -6.898436917053   -0.000021702182   -0.001629124774
              H     -4.564854575011   -4.061421059128   -0.000366844975
              H      0.129058594605   -4.065197385222    0.001398889991
              H      0.129035796760    4.065248651035    0.000733732092
              H     -4.564904959645    4.061410041268   -0.001052326690
$End
$SCF_Energy
   &GeometryIndex 1
   &ListStatus       OUT
   &SCF_ENERGY [&Type "Double"]      -4.3673986260671484e+02
$End
$DFT_Energy
   &GeometryIndex 1
   &ListStatus       OUT
   &NALPHAEL [&Type "Integer"] 32
   &NBETAEL [&Type "Integer"] 32
   &NTOTALEL [&Type "Integer"] 64
   &EEXCHANGE [&Type "Double"]       0.0000000000000000e+00
   &ECORR [&Type "Double"]       0.0000000000000000e+00
   &ECNL [&Type "Double"]       0.0000000000000000e+00
   &EXC [&Type "Double"]      -2.8120591277353590e+01
   &EEMBED [&Type "Double"]       0.0000000000000000e+00
   &FINALEN [&Type "Double"]      -4.3673986260671484e+02  "No Van der Waals correction"
$End
$Mulliken_Population_Analysis
   &GeometryIndex 1
   &ListStatus       OUT
   &NATOMS [&Type "Integer"] 14
   &ATNO [&Type "ArrayOfIntegers", &Dim (14,1)] 
                                                         0

0                                                        6
1                                                        6
2                                                        6
3                                                        6
4                                                        6
5                                                        6
6                                                        7
7                                                        8
8                                                        8
9                                                        1
10                                                       1
11                                                       1
12                                                       1
13                                                       1
   &ATOMICCHARGES [&Type "ArrayOfDoubles", &Dim (14,1)] 
                                                         0

0                                     -1.3353560385825514e-01
1                                     -1.2378713630903881e-01
2                                     -1.5797500823983324e-01
3                                      4.1352134096457327e-02
4                                     -1.5794686798752089e-01
5                                     -1.2377111693788212e-01
6                                      4.7012380144319010e-01
7                                     -3.3763104803042943e-01
8                                     -3.3764775174906170e-01
9                                      1.5530455572935153e-01
10                                     1.5667754526268118e-01
11                                     1.9609525112909143e-01
12                                     1.9606831568667515e-01
13                                     1.5667292976467306e-01
$End
$Loewdin_Population_Analysis
   &GeometryIndex 1
   &ListStatus       OUT
   &NATOMS [&Type "Integer"] 14
   &ATNO [&Type "ArrayOfIntegers", &Dim (14,1)] 
                                                         0

0                                                        6
1                                                        6
2                                                        6
3                                                        6
4                                                        6
5                                                        6
6                                                        7
7                                                        8
8                                                        8
9                                                        1
10                                                       1
11                                                       1
12                                                       1
13                                                       1
   &ATOMICCHARGES [&Type "ArrayOfDoubles", &Dim (14,1)] 
                                                         0

0                                     -1.1495617553500725e-01
1                                     -1.2633494184551086e-01
2                                     -8.7469064860207446e-02
3                                     -1.5816210454102109e-01
4                                     -8.7465545931510569e-02
5                                     -1.2633470618912312e-01
6                                     -1.1510799230700641e-03
7                                     -3.7796005559487256e-02
8                                     -3.7855985755657073e-02
9                                      1.5044133278928762e-01
10                                     1.5137173036093321e-01
11                                     1.6216893915392416e-01
12                                     1.6217132003177548e-01
13                                     1.5137228780481915e-01
$End
$Mayer_Population_Analysis
   &GeometryIndex 1
   &ListStatus       OUT
   &NATOMS [&Type "Integer"] 14 "Total number of atoms"
   &BONDTHRESH [&Type "Double"]       1.0000000000000001e-01  "The threshold for printing"
   &NBONDORDERSPRINT [&Type "Integer"] 15 "The number of bond orders larger than threshold"
   &BONDORDERS [&Type "ArrayOfDoubles", &Dim (15,1)] "The bond orders"
                                                         0

0                                      1.4356229469338466e+00
1                                      1.4356780608647084e+00
2                                      9.4646233285551107e-01
3                                      1.4530501658860520e+00
4                                      9.4770087602549957e-01
5                                      1.4456607005427815e+00
6                                      8.9778177082365307e-01
7                                      1.4456320197162738e+00
8                                      9.5549272857556722e-01
9                                      1.4530115941163779e+00
10                                     8.9779628335003825e-01
11                                     9.4771998446808170e-01
12                                     1.5609659854259783e+00
13                                     1.5609488031465268e+00
14                                     1.7903118024584594e-01
   &COMPONENTS [&Type "ArrayOfIntegers", &Dim (15,4)] "The indices and atomic numbers of the bonding atoms"
                                                         0                           1                           2                           3

0                                                        0                           6                           1                           6
1                                                        0                           6                           5                           6
2                                                        0                           6                           9                           1
3                                                        1                           6                           2                           6
4                                                        1                           6                          10                           1
5                                                        2                           6                           3                           6
6                                                        2                           6                          11                           1
7                                                        3                           6                           4                           6
8                                                        3                           6                           6                           7
9                                                        4                           6                           5                           6
10                                                       4                           6                          12                           1
11                                                       5                           6                          13                           1
12                                                       6                           7                           7                           8
13                                                       6                           7                           8                           8
14                                                       7                           8                           8                           8
   &ATNO [&Type "ArrayOfIntegers", &Dim (14,1)] "Atomic number of the elements"
                                                         0

0                                                        6
1                                                        6
2                                                        6
3                                                        6
4                                                        6
5                                                        6
6                                                        7
7                                                        8
8                                                        8
9                                                        1
10                                                       1
11                                                       1
12                                                       1
13                                                       1
   &NA [&Type "ArrayOfDoubles", &Dim (14,1)] "Mulliken gross atomic population"
                                                         0

0                                      6.1335356038582765e+00
1                                      6.1237871363089909e+00
2                                      6.1579750082398137e+00
3                                      5.9586478659035453e+00
4                                      6.1579468679875191e+00
5                                      6.1237711169378368e+00
6                                      6.5298761985567992e+00
7                                      8.3376310480304650e+00
8                                      8.3376477517490315e+00
9                                      8.4469544427064724e-01
10                                     8.4332245473731793e-01
11                                     8.0390474887090824e-01
12                                     8.0393168431332418e-01
13                                     8.4332707023532427e-01
   &ZA [&Type "ArrayOfDoubles", &Dim (14,1)] "Total nuclear charge"
                                                         0

0                                      6.0000000000000000e+00
1                                      6.0000000000000000e+00
2                                      6.0000000000000000e+00
3                                      6.0000000000000000e+00
4                                      6.0000000000000000e+00
5                                      6.0000000000000000e+00
6                                      7.0000000000000000e+00
7                                      8.0000000000000000e+00
8                                      8.0000000000000000e+00
9                                      1.0000000000000000e+00
10                                     1.0000000000000000e+00
11                                     1.0000000000000000e+00
12                                     1.0000000000000000e+00
13                                     1.0000000000000000e+00
   &QA [&Type "ArrayOfDoubles", &Dim (14,1)] "Mulliken gross atomic charge"
                                                         0

0                                     -1.3353560385827645e-01
1                                     -1.2378713630899085e-01
2                                     -1.5797500823981370e-01
3                                      4.1352134096454662e-02
4                                     -1.5794686798751911e-01
5                                     -1.2377111693783682e-01
6                                      4.7012380144320076e-01
7                                     -3.3763104803046495e-01
8                                     -3.3764775174903150e-01
9                                      1.5530455572935276e-01
10                                     1.5667754526268207e-01
11                                     1.9609525112909176e-01
12                                     1.9606831568667582e-01
13                                     1.5667292976467573e-01
   &VA [&Type "ArrayOfDoubles", &Dim (14,1)] "Mayer's total valence"
                                                         0

0                                      3.9590795188132972e+00
1                                      3.9185373981916274e+00
2                                      4.0021736516248065e+00
3                                      3.9537332431336134e+00
4                                      4.0020360292537216e+00
5                                      3.9185745973617419e+00
6                                      4.0868087141219247e+00
7                                      1.8449037576671912e+00
8                                      1.8448794012851635e+00
9                                      9.6304827934536941e-01
10                                     9.6401414424009868e-01
11                                     9.7329495894738260e-01
12                                     9.7333468289303693e-01
13                                     9.6401361407466424e-01
   &BVA [&Type "ArrayOfDoubles", &Dim (14,1)] "Mayer's bonded valence"
                                                         0

0                                      3.9590795188134957e+00
1                                      3.9185373981919320e+00
2                                      4.0021736516248101e+00
3                                      3.9537332431334637e+00
4                                      4.0020360292533939e+00
5                                      3.9185745973618791e+00
6                                      4.0868087141218776e+00
7                                      1.8449037576671381e+00
8                                      1.8448794012852574e+00
9                                      9.6304827934536796e-01
10                                     9.6401414424013399e-01
11                                     9.7329495894736384e-01
12                                     9.7333468289294789e-01
13                                     9.6401361407467856e-01
   &FA [&Type "ArrayOfDoubles", &Dim (14,1)] "Mayer's free valence"
                                                         0

0                                      0.0000000000000000e+00
1                                      0.0000000000000000e+00
2                                      0.0000000000000000e+00
3                                      0.0000000000000000e+00
4                                      0.0000000000000000e+00
5                                      0.0000000000000000e+00
6                                      0.0000000000000000e+00
7                                      0.0000000000000000e+00
8                                      0.0000000000000000e+00
9                                      0.0000000000000000e+00
10                                     0.0000000000000000e+00
11                                     0.0000000000000000e+00
12                                     0.0000000000000000e+00
13                                     0.0000000000000000e+00
$End
$Calculation_Info
   &GeometryIndex 1
   &ListStatus       OUT
   &MULT [&Type "Integer"] 1
   &CHARGE [&Type "Integer"] 0
   &NUMOFATOMS [&Type "Integer"] 14
   &NUMOFELECTRONS [&Type "Integer"] 64
   &NUMOFFCELECTRONS [&Type "Integer"] 1
   &NUMOFCORRELECTRONS [&Type "Integer"] 0
   &NUMOFBASISFUNCTS [&Type "Integer"] 309
   &NUMOFAUXCBASISFUNCTS [&Type "Integer"] 0
   &NUMOFAUXJBASISFUNCTS [&Type "Integer"] 496
   &NUMOFAUXJKBASISFUNCTS [&Type "Integer"] 0
   &NUMOFCABSBASISFUNCTS [&Type "Integer"] 0
   &TOTALENERGY [&Type "Double"]      -4.3673986260671484e+02  "Hartrees"
$End
$SCF_Dipole_Moment
   &GeometryIndex 1
   &ListStatus       OUT
   &METHOD [&Type "String"] "SCF"
   &LEVEL [&Type "String"] "Relaxed density"
   &MULT [&Type "Integer"] 1
   &STATE [&Type "Integer"] -1
   &IRREP [&Type "Integer"] 0
   &NATOMS [&Type "Integer"] 14
   &DODIPOLEATOM [&Type "Boolean"] false
   &DIPOLEELECCONTRIB [&Type "ArrayOfDoubles", &Dim (3,1)] "Electronic contribution"
                                                         0

0                                      5.8458158251994830e+00
1                                     -8.6052249820085715e-05
2                                      9.0242909358482202e-04
   &DIPOLENUCCONTRIB [&Type "ArrayOfDoubles", &Dim (3,1)] "Nuclear contribution"
                                                         0

0                                     -7.7853040650564758e+00
1                                      1.9413723838290764e-05
2                                     -8.5028333643517450e-05
   &DIPOLETOTAL [&Type "ArrayOfDoubles", &Dim (3,1)] "Total"
                                                         0

0                                     -1.9394882398569928e+00
1                                     -6.6638525981794951e-05
2                                      8.1740075994130457e-04
   &DIPOLEMAGNITUDE [&Type "Double", &Units "a.u."]       1.9394884132492958e+00
$End
$THERMOCHEMISTRY_Energies
   &GeometryIndex 1
   &ListStatus       OUT
   &TEMPERATURE [&Type "Double"]       2.9814999999999998e+02
   &PRESSURE [&Type "Double"]       1.0000000000000000e+00
   &TOTALMASS [&Type "Double"]       1.2311099999999999e+02
   &SPINDEGENERACY [&Type "Integer"] 1
   &ELENERGY [&Type "Double"]      -4.3673986260671484e+02
   &TRANSENERGY [&Type "Double"]       1.4162714244859817e-03
   &ROTENERGY [&Type "Double"]       1.4162714244859817e-03
   &VIBENERGY [&Type "Double"]       3.6454713355122607e-03
   &NUMOFFREQS [&Type "Integer"] 42
   &FREQSCALINGFACTOR [&Type "Double"]       1.0000000000000000e+00
   &FREQ [&Type "ArrayOfDoubles", &Dim (42,1)] "In cm^-1"
                                                         0

0                                      0.0000000000000000e+00
1                                      0.0000000000000000e+00
2                                      0.0000000000000000e+00
3                                      0.0000000000000000e+00
4                                      0.0000000000000000e+00
5                                      0.0000000000000000e+00
6                                      1.3645659782367440e+02
7                                      1.9511828087411993e+02
8                                      2.8184857240341552e+02
9                                      4.0543306388642725e+02
10                                     4.2624720874753973e+02
11                                     4.7025918339858760e+02
12                                     5.3514312399211587e+02
13                                     6.2710710648090105e+02
14                                     7.0679520172785203e+02
15                                     7.0866772710023270e+02
16                                     7.5554895605348440e+02
17                                     8.4637007115874530e+02
18                                     8.7992499245873648e+02
19                                     8.8680467557039196e+02
20                                     9.9126978484625192e+02
21                                     1.0197092632811299e+03
22                                     1.0212350824545886e+03
23                                     1.0430092530867453e+03
24                                     1.0486418991619776e+03
25                                     1.1100996494263197e+03
26                                     1.1409706497200975e+03
27                                     1.1836701694912008e+03
28                                     1.2034500200328669e+03
29                                     1.3240539975218044e+03
30                                     1.3401522335544093e+03
31                                     1.4007121499244233e+03
32                                     1.4946329122939944e+03
33                                     1.5203814823314869e+03
34                                     1.5527882098860696e+03
35                                     1.6549701872036007e+03
36                                     1.6674734712451452e+03
37                                     3.1907314329645751e+03
38                                     3.2045559792669042e+03
39                                     3.2112432717470251e+03
40                                     3.2387043200792450e+03
41                                     3.2388434811690095e+03
   &ZPE [&Type "Double"]       1.0402802237440309e-01
   &INNERENERGYU [&Type "Double"]      -4.3662935657015595e+02
   &ENTHALPYH [&Type "Double"]      -4.3662841236111370e+02
   &QEL [&Type "Double"]       0.0000000000000000e+00
   &QROT [&Type "Double"]       1.3568214068168490e-02
   &QVIB [&Type "Double"]       5.7368030223852026e-03
   &QTRANS [&Type "Double"]       1.9165707894368139e-02
   &ENTROPYS [&Type "Double"]       3.8470724984921836e-02
   &FREEENERGYG [&Type "Double"]      -4.3666688308609861e+02
   &ISLINEAR [&Type "Boolean"] false
$End
$Hessian
   &GeometryIndex 1
   &ListStatus       OUT
   &HESSIAN [&Type "ArrayOfDoubles", &Dim (42,42)] "The Hessian"
                                                         0                           1                           2                           3                           4                           5                           6                           7

0                                      7.4915827380112698e-01        -7.0540258957033780e-07         2.9275375427243572e-04        -1.8313130229204211e-01         1.2169873193368905e-01        -6.2334998546880846e-05        -2.5965621626461127e-02         3.0443411965109891e-02
1                                     -7.0540258957033780e-07         6.6052173713540341e-01        -4.5179915593257416e-05         4.3973280921560665e-02        -2.8374430110841320e-01         3.9425005435215676e-05         8.6885320743289793e-02         4.2985144695327382e-02
2                                      2.9275375427243572e-04        -4.5179915593257416e-05         1.4780655012367658e-01        -5.8632091061378290e-05         7.3333192594857147e-05        -6.7245274391051352e-02        -2.4071490692671568e-05         1.1343989117490864e-05
3                                     -1.8313130229204211e-01         4.3973280921560665e-02        -5.8632091061378290e-05         6.9216172319112734e-01         4.2351335666026842e-02         2.4775741041486538e-04        -3.4628672813548439e-01         4.0426613210907764e-02
4                                      1.2169873193368905e-01        -2.8374430110841320e-01         7.3333192594857147e-05         4.2351335666026842e-02         7.2700080168846914e-01        -5.4331192906954302e-08        -3.8296221221610069e-02        -1.3497211564452183e-01
5                                     -6.2334998546880846e-05         3.9425005435215676e-05        -6.7245274391051352e-02         2.4775741041486538e-04        -5.4331192906954302e-08         1.4187270469794622e-01        -1.2282386604850663e-04         1.2031257434875992e-05
6                                     -2.5965621626461127e-02         8.6885320743289793e-02        -2.4071490692671568e-05        -3.4628672813548439e-01        -3.8296221221610069e-02        -1.2282386604850663e-04         7.0287266730840026e-01        -4.9883144371993468e-02
7                                      3.0443411965109891e-02         4.2985144695327382e-02         1.1343989117490864e-05         4.0426613210907764e-02        -1.3497211564452183e-01         1.2031257434875992e-05        -4.9883144371993468e-02         7.3379659082824578e-01
8                                     -1.4543527612300025e-05         3.5977166194049433e-05         7.1931404342997964e-03        -1.1393857208330310e-04        -1.9601577384209614e-05        -6.6032725357631467e-02         1.6628183654558736e-04        -3.3069230388721912e-05
9                                     -2.8909087532022343e-03         1.3196508943507727e-07         2.9583818489815330e-07        -3.2322697166499104e-02        -2.3625143232517881e-02        -1.9322863969274560e-05        -1.5190871768781083e-01        -1.0888580658568253e-01
10                                     1.3707322895895375e-07        -8.0617974703320425e-02         6.1685712290016122e-06        -8.6510178205341376e-02         4.0431350385184917e-02        -3.5101210479785254e-05        -3.6910904693521610e-02        -2.9330376156244969e-01
11                                    -6.2797354719871710e-06         5.9411057962813047e-06        -7.3600282337294050e-03        -5.0902544222212165e-06        -8.6038581474737801e-06         5.9640610473133682e-03        -2.2891835236636728e-06        -9.7042241327467528e-06
12                                    -2.5964943029213292e-02        -8.6886108452755045e-02        -7.2436217329465763e-06        -6.0413587107778915e-02         3.3117800796006701e-02        -1.9670970999589215e-05         6.9935237715153767e-02         2.9023976259186599e-02
13                                    -3.0443224916733604e-02         4.2982511248668892e-02        -1.6896638014358642e-05         3.7257485740444019e-02        -2.1492940613729944e-02         1.0648432501637677e-05        -2.9030286538349732e-02        -5.7395124424916635e-02
14                                    -1.0458241073958299e-05        -4.1642263044460676e-05         7.1927424069524338e-03        -2.0756245608989424e-05         1.2073875798778728e-05        -6.7564876655846900e-03         2.2976094143371045e-05         2.3213941467666199e-05
15                                    -1.8312681644921569e-01        -4.3972953817811439e-02        -5.1948154396382430e-05         7.7167787663120893e-02        -2.8140178140012934e-02         3.0479346765685255e-05        -6.0411598243614348e-02        -3.7255260752727379e-02
16                                    -1.2169622355407314e-01        -2.8374509902775985e-01        -3.5949346898092877e-05         2.8149518655061077e-02        -5.8787081257339793e-02         1.7123420539593165e-05        -3.3117174156010662e-02        -2.1492972567397753e-02
17                                    -4.1652237087836871e-05        -5.9864309360964690e-07        -6.7245447723263199e-02         2.3633716573251103e-05        -5.7541229503100955e-06         8.6852390904817618e-03        -1.3810793950541770e-05        -9.1670941508418830e-06
18                                     5.3799763548928654e-04        -6.9774816790800411e-08         1.4383857455640413e-06         7.4793359879139166e-03        -5.9906217545483611e-03         8.3303142807581189e-06        -3.5249355631472384e-02        -1.7686504516425519e-02
19                                     7.4217939164421489e-07        -5.5977309889270049e-03         1.6799300707781476e-06        -6.2368486838880370e-03        -7.0208308367815490e-03         2.9072246376865872e-05        -2.6271956759313757e-02         1.4264542882660479e-02
20                                     6.8778331763236493e-06        -3.0921561994114186e-07        -1.6242458132962479e-03        -9.3019858639252989e-06        -5.0596197625865527e-06         9.2425737680550766e-03        -9.7845893421521991e-06        -4.1428682170818420e-06
21                                    -5.1506213134207930e-04         1.7050051112060453e-03        -1.3269823488606377e-07         4.1881055783461307e-04         1.2211089343341943e-03         5.2624772777522115e-06        -4.3948248407730990e-03         2.1870474756030892e-03
22                                    -5.9774915297206336e-04         5.7064899282086089e-04        -1.8148868424371775e-06         2.2916246969254175e-03         1.1822813176961692e-03        -1.0859661792702572e-05        -7.6899024171887195e-03        -6.9018113583931597e-03
23                                    -1.2395393625491526e-06         2.7774301297367215e-06         1.9870695867431481e-04         3.6502424838610194e-06         5.0501226012897965e-08        -7.8566053741613870e-04        -2.1177812224690870e-07         1.1658160576821733e-06
24                                    -5.1424992248525316e-04        -1.7052675996599312e-03         1.7479280506073909e-07        -3.2415026947200743e-03        -1.0106172102039299e-03        -8.3271363989604417e-06        -3.9161892823284909e-03         6.9152923819169616e-03
25                                     5.9731040718504587e-04         5.7083194077244329e-04         7.2424132101994716e-07        -1.0592916942797560e-03         1.1877783877292810e-03        -1.5356423184136489e-05        -1.7770109303503687e-04         2.4196399279561697e-03
26                                    -1.4352448336270775e-06        -2.0999196373664798e-06         1.9838290251444316e-04         2.4296821001289333e-06         4.5666199954476419e-06        -1.2590699402630400e-03         1.3665751424656724e-05        -2.3290676199527776e-06
27                                    -3.4146820167553171e-01        -2.5928882717008940e-06        -1.5088886281624424e-04        -1.0132231935926550e-02        -2.7571030972400948e-03        -8.6526003079943755e-06         2.1755996575504189e-04         2.8511356819917281e-03
28                                    -1.6344718545979167e-06        -6.1154413722269145e-02         1.8190006331321032e-06         2.7776573115657691e-02         4.9863307090825346e-03         1.4635638195720657e-05         2.9106873704118101e-03        -4.4301886326302822e-03
29                                    -1.5716222525309552e-04         1.9822887678253168e-06        -4.1539491517852412e-02        -7.6290538055571651e-06        -3.1917637811920608e-06         4.2233898527410142e-03        -1.6198369906473367e-06         3.2018267482117583e-06
30                                     1.2097210344944851e-02         1.5219789355320739e-02         4.5670873298190529e-06        -1.3067157592631329e-01        -1.2232457578305046e-01        -4.5324570466574873e-05        -1.1430244467137743e-02        -2.8086917791016859e-02
31                                    -1.5582619036100722e-02        -1.7571172849170657e-02        -5.4505322676143428e-06        -1.2285827033908198e-01        -2.7241767520080473e-01        -5.7106491947937544e-05         2.4369413132805315e-03         4.5904474945005916e-03
32                                     2.7294853226753832e-06         9.2633058162066691e-06         3.5045613107899734e-03        -4.6884295147578951e-05        -6.1966812665059998e-05        -3.9161045182746060e-02        -4.2240525015235641e-06        -1.1726574434518420e-05
33                                    -5.1563367674300562e-03        -6.2678079496724347e-04        -4.0398458030246301e-06        -9.0373754076336580e-03         2.6190576532939332e-02        -6.5598284759690636e-06        -1.3117055908654388e-01         1.2728993632527924e-01
34                                    -1.0788264749221907e-03         1.1859232150677164e-03        -1.7220874046977182e-06        -2.4937262008573949e-03         6.3960204320783380e-03         1.9184152243048610e-06         1.2614652811943600e-01        -2.7699552026983754e-01
35                                    -5.3253597362676433e-06        -3.3873252019478951e-06         7.7082963470334713e-03        -1.1374283371720288e-05         1.0397485538421657e-05         5.0000017934379859e-03        -1.4757993673516106e-05         3.1154974743691131e-05
36                                    -5.1564874448764408e-03         6.2796127672882086e-04        -4.5754330342528406e-06        -1.0727770325898089e-03         9.1591220032716031e-04         8.9044180111959692e-07        -1.3890232724169183e-03         3.5461251460307134e-03
37                                     1.0786314134737169e-03         1.1854460887607168e-03         1.9977478973705493e-06         5.7117821993079090e-04         4.2707764684558197e-04        -1.6880859832861469e-06         3.9447825400734174e-03        -2.6993158115294416e-03
38                                    -5.6917480200138788e-06         4.4469974868663846e-06         7.7077345541771251e-03         3.2959521021087958e-06        -8.8137301798261645e-07        -8.4442329617885332e-04        -4.8772080297935689e-06        -2.7790311685503901e-06
39                                     1.2096448310238976e-02        -1.5218088911501559e-02         6.3833248647016388e-06        -9.1787970100914171e-04        -3.2515263963590652e-03        -4.7572199541397445e-06        -9.0260271526585172e-04        -8.1815825591656120e-04
40                                     1.5583096306345346e-02        -1.7571550916961026e-02         9.8623370092372483e-06        -3.7387743308462014e-03        -3.1766959054949639e-03         3.2077428906988930e-07        -1.0147150077321249e-03         1.3444444298597977e-04
41                                    -3.1920120361089421e-07        -6.5116202880276840e-06         3.5043726410744994e-03        -2.1061576818322911e-06        -3.1720166832521938e-07         7.0967161208961467e-03        -3.7408168138097624e-07        -4.1537108784676213e-07
                                                         8                           9                          10                          11                          12                          13                          14                          15

0                                     -1.4543527612300025e-05        -2.8909087532022343e-03         1.3707322895895375e-07        -6.2797354719871710e-06        -2.5964943029213292e-02        -3.0443224916733604e-02        -1.0458241073958299e-05        -1.8312681644921569e-01
1                                      3.5977166194049433e-05         1.3196508943507727e-07        -8.0617974703320425e-02         5.9411057962813047e-06        -8.6886108452755045e-02         4.2982511248668892e-02        -4.1642263044460676e-05        -4.3972953817811439e-02
2                                      7.1931404342997964e-03         2.9583818489815330e-07         6.1685712290016122e-06        -7.3600282337294050e-03        -7.2436217329465763e-06        -1.6896638014358642e-05         7.1927424069524338e-03        -5.1948154396382430e-05
3                                     -1.1393857208330310e-04        -3.2322697166499104e-02        -8.6510178205341376e-02        -5.0902544222212165e-06        -6.0413587107778915e-02         3.7257485740444019e-02        -2.0756245608989424e-05         7.7167787663120893e-02
4                                     -1.9601577384209614e-05        -2.3625143232517881e-02         4.0431350385184917e-02        -8.6038581474737801e-06         3.3117800796006701e-02        -2.1492940613729944e-02         1.2073875798778728e-05        -2.8140178140012934e-02
5                                     -6.6032725357631467e-02        -1.9322863969274560e-05        -3.5101210479785254e-05         5.9640610473133682e-03        -1.9670970999589215e-05         1.0648432501637677e-05        -6.7564876655846900e-03         3.0479346765685255e-05
6                                      1.6628183654558736e-04        -1.5190871768781083e-01        -3.6910904693521610e-02        -2.2891835236636728e-06         6.9935237715153767e-02        -2.9030286538349732e-02         2.2976094143371045e-05        -6.0411598243614348e-02
7                                     -3.3069230388721912e-05        -1.0888580658568253e-01        -2.9330376156244969e-01        -9.7042241327467528e-06         2.9023976259186599e-02        -5.7395124424916635e-02         2.3213941467666199e-05        -3.7255260752727379e-02
8                                      1.4525229950074989e-01        -1.7828368894855709e-05        -8.6198539237943527e-06        -6.6689785572026261e-02         1.7043155406930071e-05        -1.0133192958894036e-05         9.9898095510543294e-03        -1.5400364000851767e-05
9                                     -1.7828368894855709e-05         5.7073950562522235e-01        -8.8028377002902941e-06        -3.7351207164286419e-05        -1.5190724153459989e-01         1.0888830525035476e-01        -3.5975133048883495e-05        -3.2312409948900334e-02
10                                    -8.6198539237943527e-06        -8.8028377002902941e-06         7.5262771703311926e-01        -4.2734478357510559e-05         3.6907473001342006e-02        -2.9330542285545924e-01         4.4330690836108524e-05         8.6515693826998585e-02
11                                    -6.6689785572026261e-02        -3.7351207164286419e-05        -4.2734478357510559e-05         1.4718464317129429e-01        -8.8684511360142035e-06         4.5647235153476645e-05        -6.6692451031068425e-02        -1.9223028554064856e-05
12                                     1.7043155406930071e-05        -1.5190724153459989e-01         3.6907473001342006e-02        -8.8684511360142035e-06         7.0285828199477174e-01         4.9879648486048998e-02         1.5813676514597543e-04        -3.4628498349927117e-01
13                                    -1.0133192958894036e-05         1.0888830525035476e-01        -2.9330542285545924e-01         4.5647235153476645e-05         4.9879648486048998e-02         7.3379600820468494e-01        -6.6641418455775620e-05        -4.0423231179462296e-02
14                                     9.9898095510543294e-03        -3.5975133048883495e-05         4.4330690836108524e-05        -6.6692451031068425e-02         1.5813676514597543e-04        -6.6641418455775620e-05         1.4525816232454983e-01        -1.0930942398715286e-04
15                                    -1.5400364000851767e-05        -3.2312409948900334e-02         8.6515693826998585e-02        -1.9223028554064856e-05        -3.4628498349927117e-01        -4.0423231179462296e-02        -1.0930942398715286e-04         6.9214206878035656e-01
