
$orca_hessian_file

$act_atom
  0

$act_coord
  0

$act_energy
        0.000000

$multiplicity
  1

$hessian
42
                    0                  1                  2                  3                  4        
    0      7.5039126388E-01   6.6445671820E-06  -6.3367753467E-06  -1.8382486011E-01   1.2312225034E-01
    1      6.6445671820E-06   6.6383899744E-01  -1.9143550227E-04   4.5531895751E-02  -2.8531294316E-01
    2     -6.3367753467E-06  -1.9143550227E-04   1.4716583918E-01  -1.3663774395E-05   8.2003307566E-05
    3     -1.8382486011E-01   4.5531895751E-02  -1.3663774395E-05   6.8927747170E-01   4.1161522053E-02
    4      1.2312225034E-01  -2.8531294316E-01   8.2003307566E-05   4.1161522053E-02   7.2845749753E-01
    5     -4.3217039106E-05   8.7101687364E-05  -6.6960178570E-02  -2.9849306154E-05  -2.2305908142E-04
    6     -2.6107977905E-02   8.6930979878E-02  -3.4318025374E-05  -3.4323584301E-01  -3.8422512608E-02
    7      3.0276248141E-02   4.3153844289E-02  -1.5112290182E-05   3.9921420824E-02  -1.3489616247E-01
    8     -7.2370233756E-06  -1.4349114282E-05   7.1998051382E-03   8.7694717572E-06   2.1412419415E-05
    9     -2.7809854574E-03  -1.3144345284E-06  -2.4095897059E-07  -3.1849190288E-02  -2.3861172079E-02
   10     -2.3759029409E-07  -8.1292816709E-02   2.7710299301E-05  -8.7247909415E-02   4.0543363731E-02
   11     -2.8701705143E-06   2.0584180020E-05  -7.4979209488E-03   2.2960217687E-05   1.1077623478E-06
   12     -2.6108561298E-02  -8.6932193112E-02   3.2178349593E-05  -6.0657553015E-02   3.3284682581E-02
   13     -3.0276015070E-02   4.3152680802E-02  -1.0895856311E-05   3.7346865603E-02  -2.1659103173E-02
   14      1.2675615773E-05  -8.8226177287E-06   7.2004643976E-03  -7.0595340802E-06   3.3784125778E-06
   15     -1.8382362525E-01  -4.5535729875E-02   1.5884690037E-05   7.7121198200E-02  -2.8245255448E-02
   16     -1.2312677402E-01  -2.8532554414E-01   7.9825775265E-05   2.8255155771E-02  -5.9234668878E-02
   17      4.3885660307E-05   7.6968615053E-05  -6.6961248494E-02  -1.7140566136E-05   2.6447139543E-05
   18      5.4661225453E-04   1.1742169875E-06   4.4373471128E-07   7.1066330894E-03  -5.3198047558E-03
   19     -1.5508547569E-06  -5.4288621397E-03  -1.4377552086E-05  -6.0631136130E-03  -7.0090759609E-03
   20     -2.5325513062E-06  -3.7170699501E-06  -1.6109006400E-03  -2.2825373130E-06   1.4031703521E-05
   21     -5.4425714159E-04  -1.6342707638E-03   2.4394235476E-06  -3.1036949992E-03  -1.2454465656E-03
   22      5.8192693581E-04   6.1499250550E-04   5.6398164476E-06  -9.1322218547E-04   9.6349100579E-04
   23     -2.8278856906E-07   2.5874248892E-06   2.0412630803E-04   3.3580159962E-06  -7.0437216828E-06
   24     -5.4648625907E-04   1.6335623309E-03  -2.7190951293E-06   4.4442761479E-04   1.1740741083E-03
   25     -5.8129651280E-04   6.1587140875E-04   6.7731129798E-06   2.2445470861E-03   1.3690596330E-03
   26      9.0809166218E-07   5.4748978559E-07   2.0751755673E-04  -2.3034271279E-06  -3.5840917163E-06
   27     -3.4123924723E-01  -6.1573947071E-07   4.4814438379E-06  -1.0142634883E-02  -2.7589041782E-03
   28     -1.5931078663E-06  -6.1172095495E-02   7.9431559383E-06   2.7737265667E-02   4.9720942380E-03
   29      4.5901026652E-06   8.3377119376E-06  -4.1422433937E-02  -1.1755939701E-05   6.8551043654E-07
   30      1.2096616258E-02   1.5220789079E-02  -4.2402193190E-06  -1.3048064326E-01  -1.2212569693E-01
   31     -1.5623311827E-02  -1.7645129603E-02   1.1591345375E-05  -1.2243065296E-01  -2.7203274992E-01
   32      6.5710636923E-06   5.9539593529E-06   3.5461000957E-03   4.4872051090E-05   8.7346711573E-05
   33     -5.0762920855E-03  -6.7994979080E-04   1.3193003511E-06  -8.6982213319E-03   2.5669691162E-02
   34     -1.1466459460E-03   1.2229001134E-03   3.2190456841E-06  -2.5247145145E-03   6.6437079837E-03
   35      1.9940609839E-06   5.3925662480E-08   7.6916503785E-03  -3.1898742978E-06  -3.2914900730E-06
   36     -5.0785515357E-03   6.7936316678E-04  -9.0762338791E-08  -1.0551249496E-03   9.0823644656E-04
   37      1.1465458024E-03   1.2224027274E-03   2.8919207679E-06   6.4410067605E-04   4.0253460396E-04
   38     -4.9608276240E-07   5.0466130810E-06   7.6909461305E-03   1.9834925158E-06  -8.0999620687E-07
   39      1.2096351872E-02  -1.5221136230E-02   4.0063052865E-06  -9.0196476639E-04  -3.2514754452E-03
   40      1.5624610094E-02  -1.7644298036E-02   8.2509387577E-06  -3.7533494250E-03  -3.2070451557E-03
   41     -6.7958005955E-06   7.1151798553E-06   3.5462334078E-03   2.6103146585E-06   3.0902842614E-06
                    5                  6                  7                  8                  9        
    0     -4.3217039106E-05  -2.6107977905E-02   3.0276248141E-02  -7.2370233756E-06  -2.7809854574E-03
    1      8.7101687364E-05   8.6930979878E-02   4.3153844289E-02  -1.4349114282E-05  -1.3144345284E-06
    2     -6.6960178570E-02  -3.4318025374E-05  -1.5112290182E-05   7.1998051382E-03  -2.4095897059E-07
    3     -2.9849306154E-05  -3.4323584301E-01   3.9921420824E-02   8.7694717572E-06  -3.1849190288E-02
    4     -2.2305908142E-04  -3.8422512608E-02  -1.3489616247E-01   2.1412419415E-05  -2.3861172079E-02
    5      1.4191685717E-01   2.5718703502E-05   1.6453299761E-05  -6.5971152745E-02   1.4113274383E-05
    6      2.5718703502E-05   7.0348281700E-01  -4.8283005106E-02  -4.3035214188E-05  -1.5379513726E-01
    7      1.6453299761E-05  -4.8283005106E-02   7.3480308929E-01  -2.0664386155E-04  -1.1219834842E-01
    8     -6.5971152745E-02  -4.3035214188E-05  -2.0664386155E-04   1.4485230098E-01   6.5674925608E-05
    9      1.4113274383E-05  -1.5379513726E-01  -1.1219834842E-01   6.5674925608E-05   5.5285295218E-01
   10     -1.1919787762E-06  -3.9592607006E-02  -2.9726240585E-01   9.3075698783E-05   8.5902785666E-07
   11      5.9681049049E-03   4.6510239854E-05   9.5495020121E-05  -6.6419325068E-02  -2.2090490775E-05
   12     -6.8027771948E-06   7.0413337271E-02   2.9185231549E-02  -1.8762284137E-05  -1.5379557239E-01
   13     -1.0963778644E-06  -2.9192341839E-02  -5.8064143387E-02   2.6472049970E-05   1.1219373094E-01
   14     -6.6962717648E-03   5.4369682029E-06   2.4891622678E-05   1.0176795020E-02  -1.9438234922E-05
   15      8.2405169578E-06  -6.0652693050E-02  -3.7347641212E-02   1.5718609782E-05  -3.1839890102E-02
   16      2.5211606371E-05  -3.3283705832E-02  -2.1659274194E-02   6.1132317109E-06   2.3867846066E-02
   17      8.7484371469E-03   1.5496813656E-05   8.9515834064E-06  -6.6954593156E-03  -9.9166179589E-08
   18     -4.1470569090E-06  -3.3206228614E-02  -1.7063266285E-02   3.1476837536E-06  -1.2806188199E-01
   19     -3.0039316386E-06  -2.4958115792E-02   1.4586069080E-02  -1.1833276507E-05  -1.1804086706E-07
   20      9.2501178266E-03   2.1978103254E-05  -1.1020699491E-05  -1.8567087006E-03  -5.6564643725E-05
   21      7.1021775355E-06  -4.6166281615E-03   6.9279830254E-03  -1.8243105124E-06  -3.4115204300E-02
   22      6.7879984708E-06  -9.8837612757E-04   2.3006425067E-03   5.9955699983E-06  -3.0785163189E-02
   23     -1.3038614663E-03  -7.3356440330E-06   8.0612211510E-06   2.7831961040E-03   1.0473505629E-05
   24     -3.2802651204E-06  -4.6744363454E-03   2.0687867363E-03   2.3877588422E-06  -3.4115822349E-02
   25      1.7707310068E-06  -7.6388857912E-03  -6.9637400130E-03   8.4311355638E-06   3.0787748492E-02
   26     -8.2109352453E-04  -4.5469421296E-07   3.9546041763E-06   1.3459629287E-03   3.4887859617E-05
   27     -1.4105361530E-06   2.0672230510E-04   2.8402673486E-03   9.5013766016E-07   1.1732508745E-03
   28     -3.1946219260E-07   2.9287935231E-03  -4.4083138280E-03   4.0298941427E-06  -1.2930510410E-07
   29      4.1272425704E-03   1.1552990882E-06   5.1979036866E-06   7.3589370076E-03  -4.4326145779E-07
   30      4.4489593434E-05  -1.1382824813E-02  -2.8048753937E-02   1.1721158067E-05  -4.8287504923E-03
   31      8.5442625337E-05   2.3848064196E-03   4.6011854624E-03   8.0663580796E-07   5.4467891227E-04
   32     -3.9178913711E-02  -1.9566361039E-06  -8.7146332505E-07   3.4179580386E-03   1.0159000360E-06
   33     -6.8035225252E-06  -1.3412083039E-01   1.2901060277E-01  -3.5704535458E-05   1.2992096721E-02
   34      1.3644823258E-06   1.2710674350E-01  -2.7345115248E-01   6.2947851370E-05   1.5294830157E-02
   35      4.6611556692E-03  -2.8897735925E-05   7.3347425943E-05  -4.0564605467E-02  -1.5603583034E-05
   36     -1.4199683226E-06  -1.4100849450E-03   3.5716168832E-03  -1.8368496303E-07   1.2992758597E-02
   37     -9.3888958649E-07   3.9803667441E-03  -2.8802583218E-03   2.0277997639E-06  -1.5294277404E-02
   38     -8.3394847122E-04  -1.8702335516E-06   1.8665256134E-07   5.1490460377E-03   2.6779410734E-06
   39     -4.2398828980E-08  -9.0019208770E-04  -8.2611167350E-04   3.3190438207E-07  -4.8286237391E-03
   40      3.7624206917E-06  -1.0071706053E-03   1.4061991349E-04  -1.0856844166E-06  -5.4412266937E-04
   41      7.0935049695E-03  -3.8254138673E-07  -2.9136870289E-07  -7.7674995436E-04   1.7583332238E-07
                   10                 11                 12                 13                 14        
    0     -2.3759029409E-07  -2.8701705143E-06  -2.6108561298E-02  -3.0276015070E-02   1.2675615773E-05
    1     -8.1292816709E-02   2.0584180020E-05  -8.6932193112E-02   4.3152680802E-02  -8.8226177287E-06
    2      2.7710299301E-05  -7.4979209488E-03   3.2178349593E-05  -1.0895856311E-05   7.2004643976E-03
    3     -8.7247909415E-02   2.2960217687E-05  -6.0657553015E-02   3.7346865603E-02  -7.0595340802E-06
    4      4.0543363731E-02   1.1077623478E-06   3.3284682581E-02  -2.1659103173E-02   3.3784125778E-06
    5     -1.1919787762E-06   5.9681049049E-03  -6.8027771948E-06  -1.0963778644E-06  -6.6962717648E-03
    6     -3.9592607006E-02   4.6510239854E-05   7.0413337271E-02  -2.9192341839E-02   5.4369682029E-06
    7     -2.9726240585E-01   9.5495020121E-05   2.9185231549E-02  -5.8064143387E-02   2.4891622678E-05
    8      9.3075698783E-05  -6.6419325068E-02  -1.8762284137E-05   2.6472049970E-05   1.0176795020E-02
    9      8.5902785666E-07  -2.2090490775E-05  -1.5379557239E-01   1.1219373094E-01  -1.9438234922E-05
   10      7.6392347916E-01  -1.5159043358E-04   3.9581193286E-02  -2.9724594192E-01   5.3670092331E-05
   11     -1.5159043358E-04   1.4719077122E-01   1.2252033607E-05   4.7927283337E-05  -6.6421970161E-02
   12      3.9581193286E-02   1.2252033607E-05   7.0348825831E-01   4.8272919571E-02  -4.6818333432E-05
   13     -2.9724594192E-01   4.7927283337E-05   4.8272919571E-02   7.3478192490E-01  -1.8117467767E-04
   14      5.3670092331E-05  -6.6421970161E-02  -4.6818333432E-05  -1.8117467767E-04   1.4486116174E-01
   15      8.7252066049E-02  -2.5560365088E-05  -3.4323827091E-01  -3.9911490373E-02   1.2869290842E-05
   16      4.0540116233E-02  -1.7514401105E-05   3.8437346837E-02  -1.3490165268E-01   2.5484155261E-05
   17     -2.7450171563E-05   5.9697858128E-03  -2.2688696025E-05   3.5424704403E-05  -6.5972245410E-02
   18      3.5890670975E-07   4.6252577912E-05  -3.3206727707E-02   1.7063799905E-02  -8.2294023809E-06
   19     -1.1205350680E-01  -7.3061742653E-06   2.4958707517E-02   1.4584983601E-02   2.8394970053E-06
   20      2.3609604440E-05  -8.4368665739E-02  -1.0846694202E-05   5.6051871250E-06  -1.8566461066E-03
   21     -4.8642387538E-02  -6.3968152305E-05  -4.6714311870E-03  -2.0707662543E-03  -4.0564619355E-06
   22     -1.0725978491E-02  -4.4563665188E-05   7.6392576004E-03  -6.9630795171E-03   3.7144079819E-07
   23     -2.6754273468E-05   1.9968553538E-02   7.7315225796E-06  -8.1819920398E-06   1.3414783010E-03
   24      4.8644151417E-02  -2.5123350939E-05  -4.6204143269E-03  -6.9270848368E-03   9.3892979984E-06
   25     -1.0730718414E-02   3.0676062981E-05   9.8997497972E-04   2.3003823463E-03  -8.3442743416E-06
   26     -4.8170358499E-06   1.9967331125E-02  -3.7670104360E-06   1.7387437539E-06   2.7870776083E-03
   27      5.2581144402E-07   1.6476466249E-07   2.0615376737E-04  -2.8412229981E-03   7.3680565790E-07
   28     -1.9193467520E-03   2.5693966603E-07  -2.9290744047E-03  -4.4091178681E-03   3.9705908552E-06
   29      1.7014200921E-06  -4.3390970694E-05   3.0470856240E-06   2.3709654348E-06   7.3582910349E-03
   30      1.4501050501E-03   1.8100991176E-06  -9.0029785051E-04   8.2637466109E-04  -7.5531688909E-08
   31      1.6085039496E-03   8.2158585086E-07   1.0075960282E-03   1.4091207905E-04   5.3817456734E-07
   32      3.1198241331E-06   7.5853501667E-03  -8.3302921555E-07  -3.2391370419E-07  -7.7744231759E-04
   33     -1.1688407396E-02   3.1226944779E-06  -1.4079612175E-03  -3.5716643100E-03   6.7174429350E-07
   34     -1.8496453860E-02   5.2170727081E-06  -3.9813737533E-03  -2.8783625605E-03   3.8831621187E-06
   35      8.7452029532E-07   5.2578473332E-03   8.9486687262E-08   7.2043794152E-06   5.1492041436E-03
   36      1.1687714043E-02  -8.0539589942E-06  -1.3411823996E-01  -1.2899850271E-01   5.2065574139E-05
   37     -1.8497365164E-02   8.0684497648E-06  -1.2709592998E-01  -2.7343838706E-01   8.1196407892E-05
   38      1.4535243644E-05   5.2581019828E-03   5.2721051656E-05   7.5880792386E-05  -4.0567606972E-02
   39     -1.4504727027E-03   5.4960690015E-08  -1.1382719484E-02   2.8050085347E-02  -1.1012204164E-05
   40      1.6090708825E-03   2.7694070652E-06  -2.3830263364E-03   4.5989044398E-03  -6.4013905679E-09
   41      1.5581004863E-06   7.5854268049E-03   5.3437005902E-06  -2.8268731870E-06   3.4177104882E-03
                   15                 16                 17                 18                 19        
    0     -1.8382362525E-01  -1.2312677402E-01   4.3885660307E-05   5.4661225453E-04  -1.5508547569E-06
    1     -4.5535729875E-02  -2.8532554414E-01   7.6968615053E-05   1.1742169875E-06  -5.4288621397E-03
    2      1.5884690037E-05   7.9825775265E-05  -6.6961248494E-02   4.4373471128E-07  -1.4377552086E-05
    3      7.7121198200E-02   2.8255155771E-02  -1.7140566136E-05   7.1066330894E-03  -6.0631136130E-03
    4     -2.8245255448E-02  -5.9234668878E-02   2.6447139543E-05  -5.3198047558E-03  -7.0090759609E-03
    5      8.2405169578E-06   2.5211606371E-05   8.7484371469E-03  -4.1470569090E-06  -3.0039316386E-06
    6     -6.0652693050E-02  -3.3283705832E-02   1.5496813656E-05  -3.3206228614E-02  -2.4958115792E-02
    7     -3.7347641212E-02  -2.1659274194E-02   8.9515834064E-06  -1.7063266285E-02   1.4586069080E-02
    8      1.5718609782E-05   6.1132317109E-06  -6.6954593156E-03   3.1476837536E-06  -1.1833276507E-05
    9     -3.1839890102E-02   2.3867846066E-02  -9.9166179589E-08  -1.2806188199E-01  -1.1804086706E-07
   10      8.7252066049E-02   4.0540116233E-02  -2.7450171563E-05   3.5890670975E-07  -1.1205350680E-01
   11     -2.5560365088E-05  -1.7514401105E-05   5.9697858128E-03   4.6252577912E-05  -7.3061742653E-06
   12     -3.4323827091E-01   3.8437346837E-02  -2.2688696025E-05  -3.3206727707E-02   2.4958707517E-02
   13     -3.9911490373E-02  -1.3490165268E-01   3.5424704403E-05   1.7063799905E-02   1.4584983601E-02
   14      1.2869290842E-05   2.5484155261E-05  -6.5972245410E-02  -8.2294023809E-06   2.8394970053E-06
   15      6.8926322287E-01  -4.1185103353E-02   2.0571951479E-05   7.1066984415E-03   6.0624272008E-03
   16     -4.1185103353E-02   7.2848042084E-01  -2.1075996892E-04   5.3194006673E-03  -7.0081318464E-03
   17      2.0571951479E-05  -2.1075996892E-04   1.4191957498E-01  -3.8919055596E-06   2.8885341097E-05
   18      7.1066984415E-03   5.3194006673E-03  -3.8919055596E-06   6.7473972207E-01   5.0785571760E-05
   19      6.0624272008E-03  -7.0081318464E-03   2.8885341097E-05   5.0785571760E-05   9.3262458467E-01
   20     -1.2875725257E-06  -1.6674927923E-06   9.2490188483E-03   3.4644000342E-04   3.0112090348E-04
   21      4.4365533651E-04  -1.1718996654E-03  -1.8729962696E-06  -2.4866505375E-01  -1.6490113849E-01
   22     -2.2454193500E-03   1.3686797793E-03  -9.0941223855E-06  -1.7220567322E-01  -4.1182860784E-01
   23     -5.4251080278E-06   1.4754120862E-06  -8.2399889454E-04  -3.0653509263E-04  -4.5071089352E-04
   24     -3.1010546620E-03   1.2462465278E-03   2.6002525077E-06  -2.4862916852E-01   1.6484877094E-01
   25      9.1410755186E-04   9.6225841000E-04  -1.1129247112E-05   1.7215622464E-01  -4.1176925448E-01
   26      2.4975196793E-06   1.1496866254E-06  -1.3025982749E-03  -1.0007719552E-04   1.1700188570E-04
   27     -1.0142133092E-02   2.7581839517E-03   1.2547132275E-06  -2.7570429442E-04   2.6316466535E-07
   28     -2.7737943002E-02   4.9721240470E-03  -9.2650650964E-07  -1.0780312080E-07  -5.6229118002E-04
   29      6.8768146983E-06  -2.0349148860E-06   4.1276960557E-03   4.4155139003E-07  -3.3643892642E-07
   30     -9.0176724912E-04   3.2510758594E-03  -1.7778838877E-06   2.6817460324E-04  -1.8204045769E-03
   31      3.7534172335E-03  -3.2076007997E-03   3.3927043833E-06   5.0932090072E-04   3.0338413583E-04
   32     -1.0297420898E-06   4.1001373792E-06   7.0931889860E-03   5.3041611350E-07  -1.3863245696E-06
   33     -1.0557363503E-03  -9.0764128417E-04   2.3503735754E-07   1.0042864991E-03  -1.2489682618E-03
   34     -6.4330300582E-04   4.0127359927E-04  -1.6429587679E-06   2.6847976507E-03  -3.3711145992E-03
   35      3.1047950999E-06  -2.0478326104E-07  -8.3427238490E-04   5.7404871803E-06   6.6221810129E-06
   36     -8.6984438271E-03  -2.5670427989E-02   1.0285920349E-05   1.0038562222E-03   1.2498747438E-03
   37      2.5258369728E-03   6.6428038771E-03  -2.7923909006E-06  -2.6861740416E-03  -3.3716897552E-03
   38     -1.5074165083E-06   2.1351426714E-07   4.6604880013E-03   1.6173265575E-06   7.9535685042E-06
   39     -1.3048116036E-01   1.2212442860E-01  -4.7504850320E-05   2.6878169117E-04   1.8212146447E-03
   40      1.2242989847E-01  -2.7203080425E-01   8.4905624587E-05  -5.0947050806E-04   3.0351311233E-04
   41     -5.0308268842E-05   8.7427695678E-05  -3.9178367054E-02   1.6846486618E-07   8.7101244970E-07
                   20                 21                 22                 23                 24        
    0     -2.5325513062E-06  -5.4425714159E-04   5.8192693581E-04  -2.8278856906E-07  -5.4648625907E-04
    1     -3.7170699501E-06  -1.6342707638E-03   6.1499250550E-04   2.5874248892E-06   1.6335623309E-03
    2     -1.6109006400E-03   2.4394235476E-06   5.6398164476E-06   2.0412630803E-04  -2.7190951293E-06
    3     -2.2825373130E-06  -3.1036949992E-03  -9.1322218547E-04   3.3580159962E-06   4.4442761479E-04
    4      1.4031703521E-05  -1.2454465656E-03   9.6349100579E-04  -7.0437216828E-06   1.1740741083E-03
    5      9.2501178266E-03   7.1021775355E-06   6.7879984708E-06  -1.3038614663E-03  -3.2802651204E-06
    6      2.1978103254E-05  -4.6166281615E-03  -9.8837612757E-04  -7.3356440330E-06  -4.6744363454E-03
    7     -1.1020699491E-05   6.9279830254E-03   2.3006425067E-03   8.0612211510E-06   2.0687867363E-03
    8     -1.8567087006E-03  -1.8243105124E-06   5.9955699983E-06   2.7831961040E-03   2.3877588422E-06
    9     -5.6564643725E-05  -3.4115204300E-02  -3.0785163189E-02   1.0473505629E-05  -3.4115822349E-02
   10      2.3609604440E-05  -4.8642387538E-02  -1.0725978491E-02  -2.6754273468E-05   4.8644151417E-02
   11     -8.4368665739E-02  -6.3968152305E-05  -4.4563665188E-05   1.9968553538E-02  -2.5123350939E-05
   12     -1.0846694202E-05  -4.6714311870E-03   7.6392576004E-03   7.7315225796E-06  -4.6204143269E-03
   13      5.6051871250E-06  -2.0707662543E-03  -6.9630795171E-03  -8.1819920398E-06  -6.9270848368E-03
   14     -1.8566461066E-03  -4.0564619355E-06   3.7144079819E-07   1.3414783010E-03   9.3892979984E-06
   15     -1.2875725257E-06   4.4365533651E-04  -2.2454193500E-03  -5.4251080278E-06  -3.1010546620E-03
   16     -1.6674927923E-06  -1.1718996654E-03   1.3686797793E-03   1.4754120862E-06   1.2462465278E-03
   17      9.2490188483E-03  -1.8729962696E-06  -9.0941223855E-06  -8.2399889454E-04   2.6002525077E-06
   18      3.4644000342E-04  -2.4866505375E-01  -1.7220567322E-01  -3.0653509263E-04  -2.4862916852E-01
   19      3.0112090348E-04  -1.6490113849E-01  -4.1182860784E-01  -4.5071089352E-04   1.6484877094E-01
   20      2.5773830864E-01  -2.3050432730E-04  -3.4348660934E-04  -8.8565994204E-02  -5.1826393284E-05
   21     -2.3050432730E-04   2.4946262171E-01   2.0548610871E-01   2.9073910962E-04   5.0806820197E-02
   22     -3.4348660934E-04   2.0548610871E-01   5.4985713756E-01   5.0935236652E-04  -8.0168538752E-03
   23     -8.8565994204E-02   2.9073910962E-04   5.0935236652E-04   3.9138308934E-02   5.7944586160E-06
   24     -5.1826393284E-05   5.0806820197E-02  -8.0168538752E-03   5.7944586160E-06   2.4943514919E-01
   25      4.1150181695E-05   8.0009009605E-03  -1.3042406617E-01  -4.1405445683E-05  -2.0542472799E-01
   26     -8.8639875790E-02   1.2231124741E-05  -1.1424329560E-04   2.7124424420E-02   5.8477783643E-05
   27      1.8433103038E-06  -6.7144806829E-05   6.5153320357E-05  -1.3471388947E-06  -6.7089528658E-05
   28     -1.1371719854E-06  -2.5539642915E-05   3.8941721682E-04   8.2637784961E-07   2.5768165499E-05
   29     -1.4818365845E-03   2.3355614423E-07  -5.0970359430E-07   1.0738109824E-04   3.3894075675E-07
   30      2.7235973976E-06  -8.9154312909E-04  -2.3220218261E-04  -1.0259925042E-06  -1.8049102507E-04
   31      9.0897471200E-07   3.5760179438E-05  -1.6391605447E-06  -1.2338441927E-07  -1.3497601867E-04
   32      6.6228501622E-04   7.8979686251E-07   5.1121975942E-07  -3.7421115258E-04   3.2640218361E-07
   33     -5.8733508986E-07   4.6370448415E-04   1.7410275158E-03   2.6647912699E-06  -4.3230041412E-03
   34     -1.1438376488E-06  -1.6824454517E-05   1.3053364941E-03   3.3301229968E-06   8.1986027028E-04
   35     -4.5907511157E-03  -2.8991281434E-06  -6.7907538673E-06   4.2941931869E-04   1.6602250450E-06
   36      9.7548675032E-07  -4.3223942562E-03   1.0685391349E-04  -3.3069745636E-06   4.6414351774E-04
   37     -1.5402778479E-06  -8.1891468035E-04   3.1327884829E-03   1.6498980443E-06   1.9484316506E-05
   38     -4.5906077429E-03  -2.6469230644E-06  -4.1238717135E-06  -5.5018081827E-05   1.4756239101E-06
   39      5.6996070623E-07  -1.7945000053E-04  -2.9093889110E-04  -8.8535012029E-07  -8.9257336105E-04
   40      9.4680635071E-07   1.3395619505E-04   1.0885628731E-05   1.2069988060E-06  -3.6216239243E-05
   41      6.6225629785E-04  -3.8020328327E-07  -1.1650183329E-07   2.6195777716E-05  -5.4790322930E-07
                   25                 26                 27                 28                 29        
    0     -5.8129651280E-04   9.0809166218E-07  -3.4123924723E-01  -1.5931078663E-06   4.5901026652E-06
    1      6.1587140875E-04   5.4748978559E-07  -6.1573947071E-07  -6.1172095495E-02   8.3377119376E-06
    2      6.7731129798E-06   2.0751755673E-04   4.4814438379E-06   7.9431559383E-06  -4.1422433937E-02
    3      2.2445470861E-03  -2.3034271279E-06  -1.0142634883E-02   2.7737265667E-02  -1.1755939701E-05
    4      1.3690596330E-03  -3.5840917163E-06  -2.7589041782E-03   4.9720942380E-03   6.8551043654E-07
    5      1.7707310068E-06  -8.2109352453E-04  -1.4105361530E-06  -3.1946219260E-07   4.1272425704E-03
    6     -7.6388857912E-03  -4.5469421296E-07   2.0672230510E-04   2.9287935231E-03   1.1552990882E-06
    7     -6.9637400130E-03   3.9546041763E-06   2.8402673486E-03  -4.4083138280E-03   5.1979036866E-06
    8      8.4311355638E-06   1.3459629287E-03   9.5013766016E-07   4.0298941427E-06   7.3589370076E-03
    9      3.0787748492E-02   3.4887859617E-05   1.1732508745E-03  -1.2930510410E-07  -4.4326145779E-07
   10     -1.0730718414E-02  -4.8170358499E-06   5.2581144402E-07  -1.9193467520E-03   1.7014200921E-06
   11      3.0676062981E-05   1.9967331125E-02   1.6476466249E-07   2.5693966603E-07  -4.3390970694E-05
   12      9.8997497972E-04  -3.7670104360E-06   2.0615376737E-04  -2.9290744047E-03   3.0470856240E-06
   13      2.3003823463E-03   1.7387437539E-06  -2.8412229981E-03  -4.4091178681E-03   2.3709654348E-06
   14     -8.3442743416E-06   2.7870776083E-03   7.3680565790E-07   3.9705908552E-06   7.3582910349E-03
   15      9.1410755186E-04   2.4975196793E-06  -1.0142133092E-02  -2.7737943002E-02   6.8768146983E-06
   16      9.6225841000E-04   1.1496866254E-06   2.7581839517E-03   4.9721240470E-03  -2.0349148860E-06
   17     -1.1129247112E-05  -1.3025982749E-03   1.2547132275E-06  -9.2650650964E-07   4.1276960557E-03
   18      1.7215622464E-01  -1.0007719552E-04  -2.7570429442E-04  -1.0780312080E-07   4.4155139003E-07
   19     -4.1176925448E-01   1.1700188570E-04   2.6316466535E-07  -5.6229118002E-04  -3.3643892642E-07
   20      4.1150181695E-05  -8.8639875790E-02   1.8433103038E-06  -1.1371719854E-06  -1.4818365845E-03
   21      8.0009009605E-03   1.2231124741E-05  -6.7144806829E-05  -2.5539642915E-05   2.3355614423E-07
   22     -1.3042406617E-01  -1.1424329560E-04   6.5153320357E-05   3.8941721682E-04  -5.0970359430E-07
   23     -4.1405445683E-05   2.7124424420E-02  -1.3471388947E-06   8.2637784961E-07   1.0738109824E-04
   24     -2.0542472799E-01   5.8477783643E-05  -6.7089528658E-05   2.5768165499E-05   3.3894075675E-07
   25      5.4980641848E-01  -7.6100185727E-06  -6.5934126015E-05   3.8918830024E-04   5.9908288338E-08
   26     -7.6100185727E-06   3.9215361533E-02   5.4365082820E-08  -4.4180037700E-07   1.0333780891E-04
   27     -6.5934126015E-05   5.4365082820E-08   3.5995531813E-01   2.5910929023E-06  -5.3529121531E-06
   28      3.8918830024E-04  -4.4180037700E-07   2.5910929023E-06   5.9471221202E-02  -1.0622872724E-05
   29      5.9908288338E-08   1.0333780891E-04  -5.3529121531E-06  -1.0622872724E-05   2.8061674613E-02
   30      2.9061041040E-04  -7.9674183782E-07   6.5086971603E-04  -5.5084189519E-04  -3.7736087564E-08
   31      1.1513063981E-05  -1.8435374373E-07   1.4519359966E-04   9.3219198972E-04  -2.1182453303E-06
   32      3.3870898561E-07   2.2665441051E-05  -9.6961867714E-08  -1.8179651966E-06  -3.9383644801E-03
   33     -1.0508968302E-04  -8.3204603048E-07  -4.5460367185E-04   1.1689092258E-03  -6.7478729508E-07
   34      3.1320473918E-03  -4.6444160559E-06  -2.6566370678E-04   2.0645469996E-04  -5.1864529390E-07
   35     -2.1788166830E-06  -5.8481380674E-05   5.7127563796E-07  -3.5283236911E-07  -2.1011507423E-04
   36     -1.7410665901E-03   4.8202783085E-07  -4.5449152728E-04  -1.1692714276E-03  -3.5893519251E-08
   37      1.3037628479E-03  -1.4078295413E-06   2.6579658357E-04   2.0627652209E-04  -1.9485183359E-07
   38     -5.7416106915E-06   4.2600566008E-04  -3.5668616396E-07  -5.7612483665E-08  -2.1007713284E-04
   39      2.3204072690E-04  -2.6139289153E-07   6.5073424385E-04   5.5056020600E-04   1.1300097888E-07
   40     -2.7228052958E-06  -2.6582966947E-07  -1.4502141581E-04   9.3219690729E-04  -1.6960659953E-06
   41      1.5832666480E-08  -3.7763511115E-04   1.1598029772E-08  -1.6724159063E-06  -3.9383420100E-03
                   30                 31                 32                 33                 34        
    0      1.2096616258E-02  -1.5623311827E-02   6.5710636923E-06  -5.0762920855E-03  -1.1466459460E-03
    1      1.5220789079E-02  -1.7645129603E-02   5.9539593529E-06  -6.7994979080E-04   1.2229001134E-03
    2     -4.2402193190E-06   1.1591345375E-05   3.5461000957E-03   1.3193003511E-06   3.2190456841E-06
    3     -1.3048064326E-01  -1.2243065296E-01   4.4872051090E-05  -8.6982213319E-03  -2.5247145145E-03
    4     -1.2212569693E-01  -2.7203274992E-01   8.7346711573E-05   2.5669691162E-02   6.6437079837E-03
    5      4.4489593434E-05   8.5442625337E-05  -3.9178913711E-02  -6.8035225252E-06   1.3644823258E-06
    6     -1.1382824813E-02   2.3848064196E-03  -1.9566361039E-06  -1.3412083039E-01   1.2710674350E-01
    7     -2.8048753937E-02   4.6011854624E-03  -8.7146332505E-07   1.2901060277E-01  -2.7345115248E-01
    8      1.1721158067E-05   8.0663580796E-07   3.4179580386E-03  -3.5704535458E-05   6.2947851370E-05
    9     -4.8287504923E-03   5.4467891227E-04   1.0159000360E-06   1.2992096721E-02   1.5294830157E-02
   10      1.4501050501E-03   1.6085039496E-03   3.1198241331E-06  -1.1688407396E-02  -1.8496453860E-02
   11      1.8100991176E-06   8.2158585086E-07   7.5853501667E-03   3.1226944779E-06   5.2170727081E-06
   12     -9.0029785051E-04   1.0075960282E-03  -8.3302921555E-07  -1.4079612175E-03  -3.9813737533E-03
   13      8.2637466109E-04   1.4091207905E-04  -3.2391370419E-07  -3.5716643100E-03  -2.8783625605E-03
   14     -7.5531688909E-08   5.3817456734E-07  -7.7744231759E-04   6.7174429350E-07   3.8831621187E-06
   15     -9.0176724912E-04   3.7534172335E-03  -1.0297420898E-06  -1.0557363503E-03  -6.4330300582E-04
   16      3.2510758594E-03  -3.2076007997E-03   4.1001373792E-06  -9.0764128417E-04   4.0127359927E-04
   17     -1.7778838877E-06   3.3927043833E-06   7.0931889860E-03   2.3503735754E-07  -1.6429587679E-06
   18      2.6817460324E-04   5.0932090072E-04   5.3041611350E-07   1.0042864991E-03   2.6847976507E-03
   19     -1.8204045769E-03   3.0338413583E-04  -1.3863245696E-06  -1.2489682618E-03  -3.3711145992E-03
   20      2.7235973976E-06   9.0897471200E-07   6.6228501622E-04  -5.8733508986E-07  -1.1438376488E-06
   21     -8.9154312909E-04   3.5760179438E-05   7.8979686251E-07   4.6370448415E-04  -1.6824454517E-05
   22     -2.3220218261E-04  -1.6391605447E-06   5.1121975942E-07   1.7410275158E-03   1.3053364941E-03
   23     -1.0259925042E-06  -1.2338441927E-07  -3.7421115258E-04   2.6647912699E-06   3.3301229968E-06
   24     -1.8049102507E-04  -1.3497601867E-04   3.2640218361E-07  -4.3230041412E-03   8.1986027028E-04
   25      2.9061041040E-04   1.1513063981E-05   3.3870898561E-07  -1.0508968302E-04   3.1320473918E-03
   26     -7.9674183782E-07  -1.8435374373E-07   2.2665441051E-05  -8.3204603048E-07  -4.6444160559E-06
   27      6.5086971603E-04   1.4519359966E-04  -9.6961867714E-08  -4.5460367185E-04  -2.6566370678E-04
   28     -5.5084189519E-04   9.3219198972E-04  -1.8179651966E-06   1.1689092258E-03   2.0645469996E-04
   29     -3.7736087564E-08  -2.1182453303E-06  -3.9383644801E-03  -6.7478729508E-07  -5.1864529390E-07
   30      1.3496148326E-01   1.3084835935E-01  -5.1127973063E-05   1.1216585584E-03   3.3339389232E-04
   31      1.3084835935E-01   2.8562414914E-01  -9.7792983933E-05  -3.2266308136E-04   5.8831350251E-04
   32     -5.1127973063E-05  -9.7792983933E-05   2.7197832664E-02  -2.1933885448E-07  -2.0215414157E-06
   33      1.1216585584E-03  -3.2266308136E-04  -2.1933885448E-07   1.3883192729E-01  -1.3844379959E-01
   34      3.3339389232E-04   5.8831350251E-04  -2.0215414157E-06  -1.3844379959E-01   2.8550538109E-01
   35     -8.3785013828E-07  -1.2656884552E-06  -4.3563237844E-03   3.7501528505E-05  -7.1603922569E-05
   36      2.2160340778E-05  -6.6273440615E-05   6.8047784994E-07   7.0027830611E-04   8.4835309354E-04
   37     -9.2364139144E-05  -4.0872938236E-06   4.0024881592E-07  -8.4559283880E-04  -8.0421663903E-04
   38     -8.6142061605E-08  -7.0029187049E-07  -9.3903939043E-04   5.4892332972E-07  -1.7803530491E-07
   39      4.4535508696E-04  -7.7551581612E-04  -2.2966110322E-08   2.2697324071E-05   9.2524572176E-05
   40      7.7381588342E-04  -9.1894654573E-04   5.2711019518E-07   6.5367409514E-05  -4.1147419796E-06
   41     -2.3783795024E-07   5.9917366833E-07   3.8914428124E-05  -4.4124044721E-07   2.1968610327E-07
                   35                 36                 37                 38                 39        
    0      1.9940609839E-06  -5.0785515357E-03   1.1465458024E-03  -4.9608276240E-07   1.2096351872E-02
    1      5.3925662480E-08   6.7936316678E-04   1.2224027274E-03   5.0466130810E-06  -1.5221136230E-02
    2      7.6916503785E-03  -9.0762338791E-08   2.8919207679E-06   7.6909461305E-03   4.0063052865E-06
    3     -3.1898742978E-06  -1.0551249496E-03   6.4410067605E-04   1.9834925158E-06  -9.0196476639E-04
    4     -3.2914900730E-06   9.0823644656E-04   4.0253460396E-04  -8.0999620687E-07  -3.2514754452E-03
    5      4.6611556692E-03  -1.4199683226E-06  -9.3888958649E-07  -8.3394847122E-04  -4.2398828980E-08
    6     -2.8897735925E-05  -1.4100849450E-03   3.9803667441E-03  -1.8702335516E-06  -9.0019208770E-04
    7      7.3347425943E-05   3.5716168832E-03  -2.8802583218E-03   1.8665256134E-07  -8.2611167350E-04
    8     -4.0564605467E-02  -1.8368496303E-07   2.0277997639E-06   5.1490460377E-03   3.3190438207E-07
    9     -1.5603583034E-05   1.2992758597E-02  -1.5294277404E-02   2.6779410734E-06  -4.8286237391E-03
   10      8.7452029532E-07   1.1687714043E-02  -1.8497365164E-02   1.4535243644E-05  -1.4504727027E-03
   11      5.2578473332E-03  -8.0539589942E-06   8.0684497648E-06   5.2581019828E-03   5.4960690015E-08
   12      8.9486687262E-08  -1.3411823996E-01  -1.2709592998E-01   5.2721051656E-05  -1.1382719484E-02
   13      7.2043794152E-06  -1.2899850271E-01  -2.7343838706E-01   7.5880792386E-05   2.8050085347E-02
   14      5.1492041436E-03   5.2065574139E-05   8.1196407892E-05  -4.0567606972E-02  -1.1012204164E-05
   15      3.1047950999E-06  -8.6984438271E-03   2.5258369728E-03  -1.5074165083E-06  -1.3048116036E-01
   16     -2.0478326104E-07  -2.5670427989E-02   6.6428038771E-03   2.1351426714E-07   1.2212442860E-01
   17     -8.3427238490E-04   1.0285920349E-05  -2.7923909006E-06   4.6604880013E-03  -4.7504850320E-05
   18      5.7404871803E-06   1.0038562222E-03  -2.6861740416E-03   1.6173265575E-06   2.6878169117E-04
   19      6.6221810129E-06   1.2498747438E-03  -3.3716897552E-03   7.9535685042E-06   1.8212146447E-03
   20     -4.5907511157E-03   9.7548675032E-07  -1.5402778479E-06  -4.5906077429E-03   5.6996070623E-07
   21     -2.8991281434E-06  -4.3223942562E-03  -8.1891468035E-04  -2.6469230644E-06  -1.7945000053E-04
   22     -6.7907538673E-06   1.0685391349E-04   3.1327884829E-03  -4.1238717135E-06  -2.9093889110E-04
   23      4.2941931869E-04  -3.3069745636E-06   1.6498980443E-06  -5.5018081827E-05  -8.8535012029E-07
   24      1.6602250450E-06   4.6414351774E-04   1.9484316506E-05   1.4756239101E-06  -8.9257336105E-04
   25     -2.1788166830E-06  -1.7410665901E-03   1.3037628479E-03  -5.7416106915E-06   2.3204072690E-04
   26     -5.8481380674E-05   4.8202783085E-07  -1.4078295413E-06   4.2600566008E-04  -2.6139289153E-07
   27      5.7127563796E-07  -4.5449152728E-04   2.6579658357E-04  -3.5668616396E-07   6.5073424385E-04
   28     -3.5283236911E-07  -1.1692714276E-03   2.0627652209E-04  -5.7612483665E-08   5.5056020600E-04
   29     -2.1011507423E-04  -3.5893519251E-08  -1.9485183359E-07  -2.1007713284E-04   1.1300097888E-07
   30     -8.3785013828E-07   2.2160340778E-05  -9.2364139144E-05  -8.6142061605E-08   4.4535508696E-04
   31     -1.2656884552E-06  -6.6273440615E-05  -4.0872938236E-06  -7.0029187049E-07  -7.7551581612E-04
   32     -4.3563237844E-03   6.8047784994E-07   4.0024881592E-07  -9.3903939043E-04  -2.2966110322E-08
   33      3.7501528505E-05   7.0027830611E-04  -8.4559283880E-04   5.4892332972E-07   2.2697324071E-05
   34     -7.1603922569E-05   8.4835309354E-04  -8.0421663903E-04  -1.7803530491E-07   9.2524572176E-05
   35      2.7651196516E-02  -4.3012759446E-07   7.0185381439E-08   7.1368599842E-04   3.9522611034E-07
   36     -4.3012759446E-07   1.3883431859E-01   1.3842597695E-01  -5.2283422451E-05   1.1198154211E-03
   37      7.0185381439E-08   1.3842597695E-01   2.8549746238E-01  -8.9169112820E-05  -3.3219370795E-04
   38      7.1368599842E-04  -5.2283422451E-05  -8.9169112820E-05   2.7654313921E-02  -1.2888487124E-07
   39      3.9522611034E-07   1.1198154211E-03  -3.3219370795E-04  -1.2888487124E-07   1.3496294816E-01
   40     -9.1239668259E-07   3.2489166278E-04   5.8797279674E-04  -1.8876715342E-06  -1.3084858607E-01
   41     -9.3961015099E-04  -3.3326178178E-07  -1.4097397186E-06  -4.3562899404E-03   5.2751917601E-05
                   40                 41        
     0      1.5624610094E-02  -6.7958005955E-06
     1     -1.7644298036E-02   7.1151798553E-06
     2      8.2509387577E-06   3.5462334078E-03
     3     -3.7533494250E-03   2.6103146585E-06
     4     -3.2070451557E-03   3.0902842614E-06
     5      3.7624206917E-06   7.0935049695E-03
     6     -1.0071706053E-03  -3.8254138673E-07
     7      1.4061991349E-04  -2.9136870289E-07
     8     -1.0856844166E-06  -7.7674995436E-04
     9     -5.4412266937E-04   1.7583332238E-07
    10      1.6090708825E-03   1.5581004863E-06
    11      2.7694070652E-06   7.5854268049E-03
    12     -2.3830263364E-03   5.3437005902E-06
    13      4.5989044398E-03  -2.8268731870E-06
    14     -6.4013905679E-09   3.4177104882E-03
    15      1.2242989847E-01  -5.0308268842E-05
    16     -2.7203080425E-01   8.7427695678E-05
    17      8.4905624587E-05  -3.9178367054E-02
    18     -5.0947050806E-04   1.6846486618E-07
    19      3.0351311233E-04   8.7101244970E-07
    20      9.4680635071E-07   6.6225629785E-04
    21      1.3395619505E-04  -3.8020328327E-07
    22      1.0885628731E-05  -1.1650183329E-07
    23      1.2069988060E-06   2.6195777716E-05
    24     -3.6216239243E-05  -5.4790322930E-07
    25     -2.7228052958E-06   1.5832666480E-08
    26     -2.6582966947E-07  -3.7763511115E-04
    27     -1.4502141581E-04   1.1598029772E-08
    28      9.3219690729E-04  -1.6724159063E-06
    29     -1.6960659953E-06  -3.9383420100E-03
    30      7.7381588342E-04  -2.3783795024E-07
    31     -9.1894654573E-04   5.9917366833E-07
    32      5.2711019518E-07   3.8914428124E-05
    33      6.5367409514E-05  -4.4124044721E-07
    34     -4.1147419796E-06   2.1968610327E-07
    35     -9.1239668259E-07  -9.3961015099E-04
    36      3.2489166278E-04  -3.3326178178E-07
    37      5.8797279674E-04  -1.4097397186E-06
    38     -1.8876715342E-06  -4.3562899404E-03
    39     -1.3084858607E-01   5.2751917601E-05
    40      2.8562476785E-01  -9.5547661293E-05
    41     -9.5547661293E-05   2.7196752047E-02

$vibrational_frequencies
42
    0        0.0000000000000000
    1        0.0000000000000000
    2        0.0000000000000000
    3        0.0000000000000000
    4        0.0000000000000000
    5        0.0000000000000000
    6      128.7889185721818421
    7      194.0525935004812084
    8      279.1059713039067560
    9      400.5355714868474024
   10      427.8428575743153033
   11      465.3730370988336063
   12      534.7084906706168113
   13      627.7382515062989796
   14      702.5897085246118650
   15      709.0925767587334576
   16      752.3406883848124380
   17      844.3828913135031371
   18      882.3085788509599752
   19      882.3424830451526759
   20      991.5257735529029333
   21     1020.1826440114359684
   22     1022.4330468309650541
   23     1043.0778739758050051
   24     1051.6870305743741483
   25     1106.4384699022739369
   26     1130.3064391075961339
   27     1184.0132566390250304
   28     1200.7413071057469551
   29     1327.9140054842760037
   30     1340.7856438662522578
   31     1405.4816811705043165
   32     1499.3997551614088479
   33     1521.5123762676353181
   34     1584.6630764314429598
   35     1654.2502208778198565
   36     1676.5429715690740977
   37     3189.2352040388045680
   38     3202.2660941888771049
   39     3209.5623325172164186
   40     3237.4577693501360045
   41     3237.6086061698665617

$normal_modes
42 42
                    0                  1                  2                  3                  4        
    0      0.0000000000E+00   0.0000000000E+00   0.0000000000E+00   0.0000000000E+00   0.0000000000E+00
    1      0.0000000000E+00   0.0000000000E+00   0.0000000000E+00   0.0000000000E+00   0.0000000000E+00
    2      0.0000000000E+00   0.0000000000E+00   0.0000000000E+00   0.0000000000E+00   0.0000000000E+00
    3      0.0000000000E+00   0.0000000000E+00   0.0000000000E+00   0.0000000000E+00   0.0000000000E+00
    4      0.0000000000E+00   0.0000000000E+00   0.0000000000E+00   0.0000000000E+00   0.0000000000E+00
