*************************************************
******************* ORCA 6.0.0 ******************
*************************************************
$Calculation_Status
   &GeometryIndex 1
   &ListStatus       OUT
   &VERSION [&Type "String"] "6.0.0"
   &PROGNAME [&Type "String"] "LeanSCF"
   &STATUS [&Type "String"] "NORMAL TERMINATION"
$End
$Geometry
   &GeometryIndex 1
   &ListStatus       OUT
   &NATOMS [&Type "Integer"] 14
   &NCORELESSECP [&Type "Integer"] 0
   &NGHOSTATOMS [&Type "Integer"] 0
   &CartesianCoordinates [&Type "Coordinates", &Dim(14,4), &Units "Bohr"] 
              C     -4.856890688389    0.000003287935    0.000062428615
              C     -3.547110128061   -2.283722166309    0.000847016638
              C     -0.921667405077   -2.301004445017    0.000722120859
              C      0.341795645132   -0.000005681084   -0.000214095955
              C     -0.921696741375    2.300992408406   -0.000746437099
              C     -3.547139008557    2.283737378604   -0.000746622103
              N      3.139341617219    0.000028761443   -0.000966680144
              O      4.207922144745    2.052329903604    0.001575764577
              O      4.207827408806   -2.052375258921   -0.000473613368
              H     -6.907248084706   -0.000003117670    0.000093062209
              H     -4.571915242480   -4.058780020591    0.001496734908
              H      0.148241662471   -4.044576854464    0.001202495667
              H      0.148217737782    4.044580300757   -0.001351789890
              H     -4.571945872106    4.058798374934   -0.001415734065
$End
$SCF_Energy
   &GeometryIndex 1
   &ListStatus       OUT
   &SCF_ENERGY [&Type "Double"]      -4.3674064896934641e+02
$End
$DFT_Energy
   &GeometryIndex 1
   &ListStatus       OUT
   &NALPHAEL [&Type "Integer"] 32
   &NBETAEL [&Type "Integer"] 32
   &NTOTALEL [&Type "Integer"] 64
   &EEXCHANGE [&Type "Double"]       0.0000000000000000e+00
   &ECORR [&Type "Double"]       0.0000000000000000e+00
   &ECNL [&Type "Double"]       0.0000000000000000e+00
   &EXC [&Type "Double"]      -2.8122764193362705e+01
   &EEMBED [&Type "Double"]       0.0000000000000000e+00
   &FINALEN [&Type "Double"]      -4.3674064896934641e+02  "No Van der Waals correction"
$End
$Mulliken_Population_Analysis
   &GeometryIndex 1
   &ListStatus       OUT
   &NATOMS [&Type "Integer"] 14
   &ATNO [&Type "ArrayOfIntegers", &Dim (14,1)] 
                                                         0

0                                                        6
1                                                        6
2                                                        6
3                                                        6
4                                                        6
5                                                        6
6                                                        7
7                                                        8
8                                                        8
9                                                        1
10                                                       1
11                                                       1
12                                                       1
13                                                       1
   &ATOMICCHARGES [&Type "ArrayOfDoubles", &Dim (14,1)] 
                                                         0

0                                     -1.3258687848908135e-01
1                                     -1.2671143320989486e-01
2                                     -1.5821776353436867e-01
3                                      3.7886226171040427e-02
4                                     -1.5816141292638974e-01
5                                     -1.2667478919905317e-01
6                                      4.7575083418514819e-01
7                                     -3.3512656276619168e-01
8                                     -3.3513943971517968e-01
9                                      1.5481407517161050e-01
10                                     1.5636084961216223e-01
11                                     1.9573931445439174e-01
12                                     1.9571163072230746e-01
13                                     1.5635534952341890e-01
$End
$Loewdin_Population_Analysis
   &GeometryIndex 1
   &ListStatus       OUT
   &NATOMS [&Type "Integer"] 14
   &ATNO [&Type "ArrayOfIntegers", &Dim (14,1)] 
                                                         0

0                                                        6
1                                                        6
2                                                        6
3                                                        6
4                                                        6
5                                                        6
6                                                        7
7                                                        8
8                                                        8
9                                                        1
10                                                       1
11                                                       1
12                                                       1
13                                                       1
   &ATOMICCHARGES [&Type "ArrayOfDoubles", &Dim (14,1)] 
                                                         0

0                                     -1.1693900212840713e-01
1                                     -1.2621018512224236e-01
2                                     -9.0391928022165224e-02
3                                     -1.5463448804947877e-01
4                                     -9.0391029324710992e-02
5                                     -1.2621327597604104e-01
6                                     -9.0510907790051220e-03
7                                     -3.1439319322979387e-02
8                                     -3.1473308805512801e-02
9                                      1.5041590999431220e-01
10                                     1.5127231110883166e-01
11                                     1.6189102093718921e-01
12                                     1.6189163228290471e-01
13                                     1.5127275320728284e-01
$End
$Mayer_Population_Analysis
   &GeometryIndex 1
   &ListStatus       OUT
   &NATOMS [&Type "Integer"] 14 "Total number of atoms"
   &BONDTHRESH [&Type "Double"]       1.0000000000000001e-01  "The threshold for printing"
   &NBONDORDERSPRINT [&Type "Integer"] 15 "The number of bond orders larger than threshold"
   &BONDORDERS [&Type "ArrayOfDoubles", &Dim (15,1)] "The bond orders"
                                                         0

0                                      1.4377581744527699e+00
1                                      1.4378521082721614e+00
2                                      9.4678045729901195e-01
3                                      1.4533281649755247e+00
4                                      9.4756025265230115e-01
5                                      1.4491510208946894e+00
6                                      8.9703153740172759e-01
7                                      1.4491141577664981e+00
8                                      9.4679229135707466e-01
9                                      1.4533230246711750e+00
10                                     8.9704566672272001e-01
11                                     9.4756359047008665e-01
12                                     1.5665235037016929e+00
13                                     1.5665795948784986e+00
14                                     1.8142195860892471e-01
   &COMPONENTS [&Type "ArrayOfIntegers", &Dim (15,4)] "The indices and atomic numbers of the bonding atoms"
                                                         0                           1                           2                           3

0                                                        0                           6                           1                           6
1                                                        0                           6                           5                           6
2                                                        0                           6                           9                           1
3                                                        1                           6                           2                           6
4                                                        1                           6                          10                           1
5                                                        2                           6                           3                           6
6                                                        2                           6                          11                           1
7                                                        3                           6                           4                           6
8                                                        3                           6                           6                           7
9                                                        4                           6                           5                           6
10                                                       4                           6                          12                           1
11                                                       5                           6                          13                           1
12                                                       6                           7                           7                           8
13                                                       6                           7                           8                           8
14                                                       7                           8                           8                           8
   &ATNO [&Type "ArrayOfIntegers", &Dim (14,1)] "Atomic number of the elements"
                                                         0

0                                                        6
1                                                        6
2                                                        6
3                                                        6
4                                                        6
5                                                        6
6                                                        7
7                                                        8
8                                                        8
9                                                        1
10                                                       1
11                                                       1
12                                                       1
13                                                       1
   &NA [&Type "ArrayOfDoubles", &Dim (14,1)] "Mulliken gross atomic population"
                                                         0

0                                      6.1325868784890618e+00
1                                      6.1267114332098771e+00
2                                      6.1582177635344042e+00
3                                      5.9621137738289569e+00
4                                      6.1581614129263773e+00
5                                      6.1266747891990567e+00
6                                      6.5242491658148518e+00
7                                      8.3351265627661935e+00
8                                      8.3351394397151441e+00
9                                      8.4518592482838983e-01
10                                     8.4363915038783788e-01
11                                     8.0426068554560659e-01
12                                     8.0428836927769243e-01
13                                     8.4364465047658066e-01
   &ZA [&Type "ArrayOfDoubles", &Dim (14,1)] "Total nuclear charge"
                                                         0

0                                      6.0000000000000000e+00
1                                      6.0000000000000000e+00
2                                      6.0000000000000000e+00
3                                      6.0000000000000000e+00
4                                      6.0000000000000000e+00
5                                      6.0000000000000000e+00
6                                      7.0000000000000000e+00
7                                      8.0000000000000000e+00
8                                      8.0000000000000000e+00
9                                      1.0000000000000000e+00
10                                     1.0000000000000000e+00
11                                     1.0000000000000000e+00
12                                     1.0000000000000000e+00
13                                     1.0000000000000000e+00
   &QA [&Type "ArrayOfDoubles", &Dim (14,1)] "Mulliken gross atomic charge"
                                                         0

0                                     -1.3258687848906181e-01
1                                     -1.2671143320987710e-01
2                                     -1.5821776353440420e-01
3                                      3.7886226171043091e-02
4                                     -1.5816141292637731e-01
5                                     -1.2667478919905673e-01
6                                      4.7575083418514819e-01
7                                     -3.3512656276619346e-01
8                                     -3.3513943971514415e-01
9                                      1.5481407517161017e-01
10                                     1.5636084961216212e-01
11                                     1.9573931445439341e-01
12                                     1.9571163072230757e-01
13                                     1.5635534952341934e-01
   &VA [&Type "ArrayOfDoubles", &Dim (14,1)] "Mayer's total valence"
                                                         0

0                                      3.9598929056303085e+00
1                                      3.9231160418288669e+00
2                                      3.9971145542493778e+00
3                                      3.9612861062308555e+00
4                                      3.9970432497531121e+00
5                                      3.9232419721757177e+00
6                                      4.0890039958076168e+00
7                                      1.8503121057349927e+00
8                                      1.8502823154757919e+00
9                                      9.6317828941736205e-01
10                                     9.6405518925884548e-01
11                                     9.7283215231122178e-01
12                                     9.7287672375437595e-01
13                                     9.6404931441133357e-01
   &BVA [&Type "ArrayOfDoubles", &Dim (14,1)] "Mayer's bonded valence"
                                                         0

0                                      3.9598929056303471e+00
1                                      3.9231160418287927e+00
2                                      3.9971145542493001e+00
3                                      3.9612861062308697e+00
4                                      3.9970432497534696e+00
5                                      3.9232419721758602e+00
6                                      4.0890039958075493e+00
7                                      1.8503121057349550e+00
8                                      1.8502823154758072e+00
9                                      9.6317828941733552e-01
10                                     9.6405518925879297e-01
11                                     9.7283215231120335e-01
12                                     9.7287672375442702e-01
13                                     9.6404931441131869e-01
   &FA [&Type "ArrayOfDoubles", &Dim (14,1)] "Mayer's free valence"
                                                         0

0                                      0.0000000000000000e+00
1                                      0.0000000000000000e+00
2                                      0.0000000000000000e+00
3                                      0.0000000000000000e+00
4                                      0.0000000000000000e+00
5                                      0.0000000000000000e+00
6                                      0.0000000000000000e+00
7                                      0.0000000000000000e+00
8                                      0.0000000000000000e+00
9                                      0.0000000000000000e+00
10                                     0.0000000000000000e+00
11                                     0.0000000000000000e+00
12                                     0.0000000000000000e+00
13                                     0.0000000000000000e+00
$End
$Calculation_Info
   &GeometryIndex 1
   &ListStatus       OUT
   &MULT [&Type "Integer"] 1
   &CHARGE [&Type "Integer"] 0
   &NUMOFATOMS [&Type "Integer"] 14
   &NUMOFELECTRONS [&Type "Integer"] 64
   &NUMOFFCELECTRONS [&Type "Integer"] 1
   &NUMOFCORRELECTRONS [&Type "Integer"] 0
   &NUMOFBASISFUNCTS [&Type "Integer"] 309
   &NUMOFAUXCBASISFUNCTS [&Type "Integer"] 0
   &NUMOFAUXJBASISFUNCTS [&Type "Integer"] 496
   &NUMOFAUXJKBASISFUNCTS [&Type "Integer"] 0
   &NUMOFCABSBASISFUNCTS [&Type "Integer"] 0
   &TOTALENERGY [&Type "Double"]      -4.3674064896934641e+02  "Hartrees"
$End
$SCF_Dipole_Moment
   &GeometryIndex 1
   &ListStatus       OUT
   &METHOD [&Type "String"] "SCF"
   &LEVEL [&Type "String"] "Relaxed density"
   &MULT [&Type "Integer"] 1
   &STATE [&Type "Integer"] -1
   &IRREP [&Type "Integer"] 0
   &NATOMS [&Type "Integer"] 14
   &DODIPOLEATOM [&Type "Boolean"] false
   &DIPOLEELECCONTRIB [&Type "ArrayOfDoubles", &Dim (3,1)] "Electronic contribution"
                                                         0

0                                      5.8992461090900568e+00
1                                      4.2825796081295744e-05
2                                     -4.9952651094255490e-04
   &DIPOLENUCCONTRIB [&Type "ArrayOfDoubles", &Dim (3,1)] "Nuclear contribution"
                                                         0

0                                     -7.7700333247667732e+00
1                                      1.4987643460528943e-05
2                                     -4.7104326471633651e-05
   &DIPOLETOTAL [&Type "ArrayOfDoubles", &Dim (3,1)] "Total"
                                                         0

0                                     -1.8707872156767165e+00
1                                      5.7813439541824687e-05
2                                     -5.4663083741418855e-04
   &DIPOLEMAGNITUDE [&Type "Double", &Units "a.u."]       1.8707872964308656e+00
$End
$THERMOCHEMISTRY_Energies
   &GeometryIndex 1
   &ListStatus       OUT
   &TEMPERATURE [&Type "Double"]       2.9814999999999998e+02
   &PRESSURE [&Type "Double"]       1.0000000000000000e+00
   &TOTALMASS [&Type "Double"]       1.2311099999999999e+02
   &SPINDEGENERACY [&Type "Integer"] 1
   &ELENERGY [&Type "Double"]      -4.3674064896934641e+02
   &TRANSENERGY [&Type "Double"]       1.4162714244859817e-03
   &ROTENERGY [&Type "Double"]       1.4162714244859817e-03
   &VIBENERGY [&Type "Double"]       3.6750366512606518e-03
   &NUMOFFREQS [&Type "Integer"] 42
   &FREQSCALINGFACTOR [&Type "Double"]       1.0000000000000000e+00
   &FREQ [&Type "ArrayOfDoubles", &Dim (42,1)] "In cm^-1"
                                                         0

0                                      0.0000000000000000e+00
1                                      0.0000000000000000e+00
2                                      0.0000000000000000e+00
3                                      0.0000000000000000e+00
4                                      0.0000000000000000e+00
5                                      0.0000000000000000e+00
6                                      1.2878891857218184e+02
7                                      1.9405259350048121e+02
8                                      2.7910597130390676e+02
9                                      4.0053557148684740e+02
10                                     4.2784285757431530e+02
11                                     4.6537303709883361e+02
12                                     5.3470849067061681e+02
13                                     6.2773825150629898e+02
14                                     7.0258970852461186e+02
15                                     7.0909257675873346e+02
16                                     7.5234068838481244e+02
17                                     8.4438289131350314e+02
18                                     8.8230857885095998e+02
19                                     8.8234248304515268e+02
20                                     9.9152577355290293e+02
21                                     1.0201826440114360e+03
22                                     1.0224330468309651e+03
23                                     1.0430778739758050e+03
24                                     1.0516870305743741e+03
25                                     1.1064384699022739e+03
26                                     1.1303064391075961e+03
27                                     1.1840132566390250e+03
28                                     1.2007413071057470e+03
29                                     1.3279140054842760e+03
30                                     1.3407856438662523e+03
31                                     1.4054816811705043e+03
32                                     1.4993997551614088e+03
33                                     1.5215123762676353e+03
34                                     1.5846630764314430e+03
35                                     1.6542502208778199e+03
36                                     1.6765429715690741e+03
37                                     3.1892352040388046e+03
38                                     3.2022660941888771e+03
39                                     3.2095623325172164e+03
40                                     3.2374577693501360e+03
41                                     3.2376086061698666e+03
   &ZPE [&Type "Double"]       1.0404001586766932e-01
   &INNERENERGYU [&Type "Double"]      -4.3663010137397850e+02
   &ENTHALPYH [&Type "Double"]      -4.3662915716493626e+02
   &QEL [&Type "Double"]       0.0000000000000000e+00
   &QROT [&Type "Double"]       1.3568770427030729e-02
   &QVIB [&Type "Double"]       5.8062983123071876e-03
   &QTRANS [&Type "Double"]       1.9165707894368139e-02
   &ENTROPYS [&Type "Double"]       3.8540776633706059e-02
   &FREEENERGYG [&Type "Double"]      -4.3666769794156994e+02
   &ISLINEAR [&Type "Boolean"] false
$End
$Hessian
   &GeometryIndex 1
   &ListStatus       OUT
   &HESSIAN [&Type "ArrayOfDoubles", &Dim (42,42)] "The Hessian"
                                                         0                           1                           2                           3                           4                           5                           6                           7

0                                      7.5039126388302035e-01         6.6445671819855001e-06        -6.3367753466973709e-06        -1.8382486010756585e-01         1.2312225034351452e-01        -4.3217039105790041e-05        -2.6107977905000093e-02         3.0276248140600190e-02
1                                      6.6445671819855001e-06         6.6383899743512931e-01        -1.9143550227205197e-04         4.5531895750897958e-02        -2.8531294315853550e-01         8.7101687363548531e-05         8.6930979877829662e-02         4.3153844288693413e-02
2                                     -6.3367753466973709e-06        -1.9143550227205197e-04         1.4716583917677656e-01        -1.3663774395115796e-05         8.2003307566442618e-05        -6.6960178570358714e-02        -3.4318025374279628e-05        -1.5112290181835019e-05
3                                     -1.8382486010756585e-01         4.5531895750897958e-02        -1.3663774395115796e-05         6.8927747170046672e-01         4.1161522052501495e-02        -2.9849306153649915e-05        -3.4323584300511284e-01         3.9921420823970634e-02
4                                      1.2312225034351452e-01        -2.8531294315853550e-01         8.2003307566442618e-05         4.1161522052501495e-02         7.2845749752613675e-01        -2.2305908141617191e-04        -3.8422512608099577e-02        -1.3489616247286879e-01
5                                     -4.3217039105790041e-05         8.7101687363548531e-05        -6.6960178570358714e-02        -2.9849306153649915e-05        -2.2305908141617191e-04         1.4191685716592686e-01         2.5718703502054591e-05         1.6453299761390372e-05
6                                     -2.6107977905000093e-02         8.6930979877829662e-02        -3.4318025374279628e-05        -3.4323584300511284e-01        -3.8422512608099577e-02         2.5718703502054591e-05         7.0348281700236082e-01        -4.8283005105811613e-02
7                                      3.0276248140600190e-02         4.3153844288693413e-02        -1.5112290181835019e-05         3.9921420823970634e-02        -1.3489616247286879e-01         1.6453299761390372e-05        -4.8283005105811613e-02         7.3480308929097327e-01
8                                     -7.2370233756049612e-06        -1.4349114281752448e-05         7.1998051382183570e-03         8.7694717571672801e-06         2.1412419415051847e-05        -6.5971152745105704e-02        -4.3035214188250812e-05        -2.0664386155260872e-04
9                                     -2.7809854574321127e-03        -1.3144345284055615e-06        -2.4095897059412906e-07        -3.1849190288092785e-02        -2.3861172078991445e-02         1.4113274383270846e-05        -1.5379513726457114e-01        -1.1219834841817801e-01
10                                    -2.3759029409021050e-07        -8.1292816708939064e-02         2.7710299301016392e-05        -8.7247909414540636e-02         4.0543363730782864e-02        -1.1919787761772923e-06        -3.9592607006145544e-02        -2.9726240584853741e-01
11                                    -2.8701705143446361e-06         2.0584180020120299e-05        -7.4979209488285764e-03         2.2960217687318689e-05         1.1077623477768661e-06         5.9681049048651725e-03         4.6510239854220931e-05         9.5495020120615711e-05
12                                    -2.6108561298225880e-02        -8.6932193112210621e-02         3.2178349593452117e-05        -6.0657553014783497e-02         3.3284682580606711e-02        -6.8027771947832806e-06         7.0413337271119078e-02         2.9185231549296364e-02
13                                    -3.0276015069759694e-02         4.3152680801997453e-02        -1.0895856311103982e-05         3.7346865603148725e-02        -2.1659103172668673e-02        -1.0963778643651631e-06        -2.9192341838936906e-02        -5.8064143386921008e-02
14                                     1.2675615773498567e-05        -8.8226177286605662e-06         7.2004643976429916e-03        -7.0595340801771212e-06         3.3784125778062635e-06        -6.6962717647973541e-03         5.4369682029346173e-06         2.4891622678361458e-05
15                                    -1.8382362524563450e-01        -4.5535729874530848e-02         1.5884690036961848e-05         7.7121198200045760e-02        -2.8245255447933805e-02         8.2405169577652499e-06        -6.0652693049781471e-02        -3.7347641212458607e-02
16                                    -1.2312677401833258e-01        -2.8532554413935529e-01         7.9825775264843183e-05         2.8255155771184707e-02        -5.9234668877956503e-02         2.5211606371274033e-05        -3.3283705831828762e-02        -2.1659274193987287e-02
17                                     4.3885660307432000e-05         7.6968615053355752e-05        -6.6961248494075781e-02        -1.7140566135765080e-05         2.6447139542978859e-05         8.7484371469360583e-03         1.5496813655976751e-05         8.9515834063692582e-06
18                                     5.4661225453450754e-04         1.1742169875345934e-06         4.4373471128490917e-07         7.1066330894069898e-03        -5.3198047557929881e-03        -4.1470569089871996e-06        -3.3206228614234203e-02        -1.7063266284547525e-02
19                                    -1.5508547568704335e-06        -5.4288621396931819e-03        -1.4377552086462651e-05        -6.0631136129671876e-03        -7.0090759609369455e-03        -3.0039316386119287e-06        -2.4958115791870530e-02         1.4586069079841599e-02
20                                    -2.5325513061996333e-06        -3.7170699501326454e-06        -1.6109006399616628e-03        -2.2825373129823710e-06         1.4031703521084764e-05         9.2501178265607439e-03         2.1978103254076627e-05        -1.1020699490675336e-05
21                                    -5.4425714158664587e-04        -1.6342707638209236e-03         2.4394235476331464e-06        -3.1036949991700103e-03        -1.2454465655588531e-03         7.1021775355280250e-06        -4.6166281615326460e-03         6.9279830254270133e-03
22                                     5.8192693580946797e-04         6.1499250550468224e-04         5.6398164475777915e-06        -9.1322218546916085e-04         9.6349100579178992e-04         6.7879984708286149e-06        -9.8837612757142132e-04         2.3006425067033810e-03
23                                    -2.8278856906018296e-07         2.5874248891709901e-06         2.0412630803407796e-04         3.3580159962457402e-06        -7.0437216828349251e-06        -1.3038614662650681e-03        -7.3356440330335515e-06         8.0612211510285638e-06
24                                    -5.4648625907394253e-04         1.6335623309414534e-03        -2.7190951292871937e-06         4.4442761479130972e-04         1.1740741083115496e-03        -3.2802651203826567e-06        -4.6744363454089485e-03         2.0687867362722268e-03
25                                    -5.8129651280327665e-04         6.1587140874715097e-04         6.7731129797556400e-06         2.2445470861204020e-03         1.3690596330053649e-03         1.7707310067800588e-06        -7.6388857911953260e-03        -6.9637400129521371e-03
26                                     9.0809166218011676e-07         5.4748978559032029e-07         2.0751755672909739e-04        -2.3034271279429460e-06        -3.5840917163245184e-06        -8.2109352452663519e-04        -4.5469421296195651e-07         3.9546041762643735e-06
27                                    -3.4123924723155508e-01        -6.1573947071282409e-07         4.4814438378964366e-06        -1.0142634882975805e-02        -2.7589041782014184e-03        -1.4105361530460003e-06         2.0672230509598440e-04         2.8402673486341073e-03
28                                    -1.5931078662809358e-06        -6.1172095495374376e-02         7.9431559383352053e-06         2.7737265667063214e-02         4.9720942380349527e-03        -3.1946219260422475e-07         2.9287935230685909e-03        -4.4083138280102165e-03
29                                     4.5901026652300026e-06         8.3377119376346405e-06        -4.1422433936635888e-02        -1.1755939700715860e-05         6.8551043653744748e-07         4.1272425703836064e-03         1.1552990881908542e-06         5.1979036865854368e-06
30                                     1.2096616257824846e-02         1.5220789078849207e-02        -4.2402193190433240e-06        -1.3048064325908743e-01        -1.2212569693024830e-01         4.4489593434192168e-05        -1.1382824813349450e-02        -2.8048753937380825e-02
31                                    -1.5623311827322846e-02        -1.7645129603327474e-02         1.1591345375219921e-05        -1.2243065296221227e-01        -2.7203274992279863e-01         8.5442625336646722e-05         2.3848064195868060e-03         4.6011854624012343e-03
32                                     6.5710636923019042e-06         5.9539593529145737e-06         3.5461000956721429e-03         4.4872051089652447e-05         8.7346711572528954e-05        -3.9178913711142183e-02        -1.9566361039400459e-06        -8.7146332505379156e-07
33                                    -5.0762920855109053e-03        -6.7994979080024203e-04         1.3193003511377232e-06        -8.6982213319087912e-03         2.5669691162274196e-02        -6.8035225251549617e-06        -1.3412083038688768e-01         1.2901060276730797e-01
34                                    -1.1466459459940109e-03         1.2229001134218508e-03         3.2190456841457580e-06        -2.5247145144755914e-03         6.6437079837209532e-03         1.3644823258417182e-06         1.2710674349940726e-01        -2.7345115247706897e-01
35                                     1.9940609839456383e-06         5.3925662479645371e-08         7.6916503785392819e-03        -3.1898742978064270e-06        -3.2914900730107862e-06         4.6611556692471977e-03        -2.8897735924780240e-05         7.3347425943464176e-05
36                                    -5.0785515357230325e-03         6.7936316677605184e-04        -9.0762338790894579e-08        -1.0551249496205438e-03         9.0823644655556334e-04        -1.4199683226144428e-06        -1.4100849449945291e-03         3.5716168831736702e-03
37                                     1.1465458024171368e-03         1.2224027274095528e-03         2.8919207679432303e-06         6.4410067605229888e-04         4.0253460396226905e-04        -9.3888958648807366e-07         3.9803667440953721e-03        -2.8802583217560134e-03
38                                    -4.9608276240004322e-07         5.0466130809861235e-06         7.6909461304732907e-03         1.9834925158122010e-06        -8.0999620686589095e-07        -8.3394847121733440e-04        -1.8702335515655713e-06         1.8665256134427296e-07
39                                     1.2096351871928302e-02        -1.5221136230018018e-02         4.0063052864661781e-06        -9.0196476639314805e-04        -3.2514754452090712e-03        -4.2398828980145015e-08        -9.0019208770303187e-04        -8.2611167349843154e-04
40                                     1.5624610093522270e-02        -1.7644298035678560e-02         8.2509387577175207e-06        -3.7533494250031958e-03        -3.2070451556698749e-03         3.7624206916803169e-06        -1.0071706053351726e-03         1.4061991348891041e-04
41                                    -6.7958005955153839e-06         7.1151798552530599e-06         3.5462334077748575e-03         2.6103146585369239e-06         3.0902842614286201e-06         7.0935049694933455e-03        -3.8254138673286533e-07        -2.9136870289042078e-07
                                                         8                           9                          10                          11                          12                          13                          14                          15

0                                     -7.2370233756049612e-06        -2.7809854574321127e-03        -2.3759029409021050e-07        -2.8701705143446361e-06        -2.6108561298225880e-02        -3.0276015069759694e-02         1.2675615773498567e-05        -1.8382362524563450e-01
1                                     -1.4349114281752448e-05        -1.3144345284055615e-06        -8.1292816708939064e-02         2.0584180020120299e-05        -8.6932193112210621e-02         4.3152680801997453e-02        -8.8226177286605662e-06        -4.5535729874530848e-02
2                                      7.1998051382183570e-03        -2.4095897059412906e-07         2.7710299301016392e-05        -7.4979209488285764e-03         3.2178349593452117e-05        -1.0895856311103982e-05         7.2004643976429916e-03         1.5884690036961848e-05
3                                      8.7694717571672801e-06        -3.1849190288092785e-02        -8.7247909414540636e-02         2.2960217687318689e-05        -6.0657553014783497e-02         3.7346865603148725e-02        -7.0595340801771212e-06         7.7121198200045760e-02
4                                      2.1412419415051847e-05        -2.3861172078991445e-02         4.0543363730782864e-02         1.1077623477768661e-06         3.3284682580606711e-02        -2.1659103172668673e-02         3.3784125778062635e-06        -2.8245255447933805e-02
5                                     -6.5971152745105704e-02         1.4113274383270846e-05        -1.1919787761772923e-06         5.9681049048651725e-03        -6.8027771947832806e-06        -1.0963778643651631e-06        -6.6962717647973541e-03         8.2405169577652499e-06
6                                     -4.3035214188250812e-05        -1.5379513726457114e-01        -3.9592607006145544e-02         4.6510239854220931e-05         7.0413337271119078e-02        -2.9192341838936906e-02         5.4369682029346173e-06        -6.0652693049781471e-02
7                                     -2.0664386155260872e-04        -1.1219834841817801e-01        -2.9726240584853741e-01         9.5495020120615711e-05         2.9185231549296364e-02        -5.8064143386921008e-02         2.4891622678361458e-05        -3.7347641212458607e-02
8                                      1.4485230097528753e-01         6.5674925608491825e-05         9.3075698782682460e-05        -6.6419325068045487e-02        -1.8762284136692335e-05         2.6472049970470463e-05         1.0176795020438115e-02         1.5718609782113408e-05
9                                      6.5674925608491825e-05         5.5285295218144770e-01         8.5902785665749153e-07        -2.2090490774794685e-05        -1.5379557238978370e-01         1.1219373094174992e-01        -1.9438234921954518e-05        -3.1839890101632351e-02
10                                     9.3075698782682460e-05         8.5902785665749153e-07         7.6392347916184034e-01        -1.5159043357521008e-04         3.9581193285954816e-02        -2.9724594191564546e-01         5.3670092331157090e-05         8.7252066049141874e-02
11                                    -6.6419325068045487e-02        -2.2090490774794685e-05        -1.5159043357521008e-04         1.4719077121966948e-01         1.2252033607110845e-05         4.7927283337292421e-05        -6.6421970160928559e-02        -2.5560365087729687e-05
12                                    -1.8762284136692335e-05        -1.5379557238978370e-01         3.9581193285954816e-02         1.2252033607110845e-05         7.0348825830520512e-01         4.8272919570604117e-02        -4.6818333431985565e-05        -3.4323827091179393e-01
13                                     2.6472049970470463e-05         1.1219373094174992e-01        -2.9724594191564546e-01         4.7927283337292421e-05         4.8272919570604117e-02         7.3478192489596950e-01        -1.8117467767145355e-04        -3.9911490372811734e-02
14                                     1.0176795020438115e-02        -1.9438234921954518e-05         5.3670092331157090e-05        -6.6421970160928559e-02        -4.6818333431985565e-05        -1.8117467767145355e-04         1.4486116173747804e-01         1.2869290842008078e-05
15                                     1.5718609782113408e-05        -3.1839890101632351e-02         8.7252066049141874e-02        -2.5560365087729687e-05        -3.4323827091179393e-01        -3.9911490372811734e-02         1.2869290842008078e-05         6.8926322287086972e-01
