
$orca_hessian_file

$act_atom
  0

$act_coord
  0

$act_energy
        0.000000

$multiplicity
  1

$hessian
42
                    0                  1                  2                  3                  4        
    0      6.9737439822E-01   4.6227662811E-02   5.4711866437E-05  -3.5505071995E-01   2.7272827782E-02
    1      4.6227662811E-02   6.9862647235E-01  -2.0372910635E-05  -2.7489762129E-02  -1.2562289524E-01
    2      5.4711866437E-05  -2.0372910635E-05   1.3021849928E-01  -4.1191780225E-05   9.8027939966E-06
    3     -3.5505071995E-01  -2.7489762129E-02  -4.1191780225E-05   7.1172270580E-01  -4.0727391796E-02
    4      2.7272827782E-02  -1.2562289524E-01   9.8027939966E-06  -4.0727391796E-02   6.9614521055E-01
    5     -4.7791635266E-05   3.9809626014E-06  -5.2674885680E-02   8.8245096364E-05  -3.6663890033E-05
    6     -3.1422633478E-02  -3.1580559096E-02  -1.7546518687E-06  -1.5535435207E-01  -9.9187615894E-02
    7     -7.8335722322E-02   3.6886281799E-02  -9.4649176596E-06  -2.9629273890E-02  -2.7673677647E-01
    8     -2.6291823527E-06  -5.4647875075E-06   7.0428336455E-04  -7.2221078159E-06  -3.3303014238E-06
    9     -3.9773773508E-02   2.7050941894E-02  -5.1269352349E-06   5.3598896763E-02   1.5629851959E-02
   10      2.2320670840E-02  -1.4854802460E-02   2.1862055613E-06  -1.6361156246E-02  -4.6709009812E-02
   11     -5.5747744086E-06   3.7493994096E-06  -4.2401064479E-03   3.5024773101E-06   1.1732599769E-06
   12      5.2314663686E-02  -1.9088158307E-02   5.4797499055E-06  -4.0084470362E-02  -2.0951456948E-02
   13      1.8805029306E-02  -5.8502304851E-02   5.9364005411E-06  -2.7371061281E-02  -1.4456329729E-02
   14      4.6969359712E-06  -3.6381198903E-06   1.0909629806E-02  -3.6588037817E-06  -1.4395742908E-06
   15     -1.4904117816E-01   9.3936369390E-02  -9.4815001211E-06  -3.6480394123E-02   2.5917036797E-02
   16      5.2758197463E-02  -2.6218601447E-01   1.6643413574E-05   6.5981913091E-02   2.5905797349E-02
   17     -4.9116837652E-06   1.7685567043E-05  -6.2824769236E-02  -1.0197303707E-05  -1.3368974445E-06
   18     -4.3953556466E-02   2.0231370010E-02   2.1665008991E-06   7.9468152716E-03   6.4775614649E-03
   19      3.2511190853E-02   5.8678047201E-03  -6.5354029252E-06   3.5179281319E-03  -5.0682205998E-03
   20      3.8027427026E-06  -7.2817950295E-06  -5.4501129941E-04  -8.3825410983E-07   2.1424766236E-06
   21      7.2079845369E-03  -1.0134817967E-02   2.0287669175E-06  -3.8813420646E-03  -1.2756511591E-03
   22     -2.5689073977E-03  -2.3051839266E-03   1.1775884794E-06  -7.3683275283E-04   1.0451442710E-03
   23     -2.1804162877E-06   7.1267194921E-06   2.1090928642E-03   1.5107625571E-06   1.0259559195E-06
   24      5.5353645422E-03  -4.0381884104E-03   8.5207726480E-07  -4.7464300209E-02  -6.8613696902E-03
   25      5.5265618603E-03  -8.6807316941E-03  -5.2136830452E-07  -4.4169971783E-02   2.9061881321E-03
   26      6.9522549018E-07  -7.7712539650E-07   7.2665085816E-03  -7.3193540270E-06  -1.6866732183E-06
   27     -1.2884470696E-01  -1.2240927515E-01  -2.8804824270E-06  -1.0797644481E-02  -2.7949925163E-02
   28     -1.2114598495E-01  -2.6830715311E-01   5.8818663571E-07   2.0120314371E-03   4.1368480910E-03
   29      6.2899996357E-07   5.0412224237E-07  -3.5463487656E-02  -3.0467466274E-06  -4.1080924769E-06
   30     -1.1435520310E-02   2.9327205310E-02  -3.1706614827E-06  -1.2552926369E-01   1.1782780062E-01
   31     -9.7658058428E-04   3.4678287843E-03  -1.1614429219E-06   1.1796195612E-01  -2.6270242775E-01
   32     -9.1000575731E-07   4.2141303969E-06   8.1541261753E-04  -2.2188644703E-05   3.4326477164E-05
   33     -7.2023234219E-04   7.3748568183E-04  -1.7943226757E-07  -1.4982787892E-03   3.1735534895E-03
   34      1.2181103884E-03   8.5420109309E-05  -1.7523115051E-07   3.9586342924E-03  -3.1501904791E-03
   35      4.4869753356E-07   1.3449804379E-07  -8.3397394964E-04  -6.7500539284E-07   3.0100598871E-07
   36     -1.3358640112E-03  -3.2985453653E-03  -4.2689362070E-07  -6.8873453467E-04  -5.7951252732E-04
   37     -4.1918489483E-03  -3.1344607887E-03  -6.2974150899E-07  -7.1156375702E-04   5.4209675866E-04
   38     -1.0691717032E-06   1.0983861035E-06   5.1733218086E-03   1.0188917462E-06   3.7544147759E-08
   39     -8.5422580686E-04   5.2437775319E-04  -6.2527739770E-07   3.5610824311E-03   1.4558267653E-03
   40      5.8268647201E-04  -1.3402612217E-03   1.4108083938E-06  -6.4569851448E-03   3.7645649289E-03
   41     -3.1894533685E-07   1.5657105107E-07  -6.1451405517E-04   1.1600082871E-06   2.7385842996E-07
                    5                  6                  7                  8                  9        
    0     -4.7791635266E-05  -3.1422633478E-02  -7.8335722322E-02  -2.6291823527E-06  -3.9773773508E-02
    1      3.9809626014E-06  -3.1580559096E-02   3.6886281799E-02  -5.4647875075E-06   2.7050941894E-02
    2     -5.2674885680E-02  -1.7546518687E-06  -9.4649176596E-06   7.0428336455E-04  -5.1269352349E-06
    3      8.8245096364E-05  -1.5535435207E-01  -2.9629273890E-02  -7.2221078159E-06   5.3598896763E-02
    4     -3.6663890033E-05  -9.9187615894E-02  -2.7673677647E-01  -3.3303014238E-06   1.5629851959E-02
    5      1.1433484886E-01  -7.9295901976E-06   3.6147164150E-06  -6.4881050324E-02   3.8825161570E-06
    6     -7.9295901976E-06   6.6993161459E-01  -1.1523952846E-02   5.6622178994E-05  -1.4915541802E-01
    7      3.6147164150E-06  -1.1523952846E-02   7.0025596514E-01  -1.0486890774E-05   3.3147758555E-02
    8     -6.4881050324E-02   5.6622178994E-05  -1.0486890774E-05   1.5907297564E-01  -7.8123664159E-06
    9      3.8825161570E-06  -1.4915541802E-01   3.3147758555E-02  -7.8123664159E-06   7.2019384413E-01
   10     -1.9969508983E-07   9.6839477240E-02  -2.7905943979E-01   1.1162786777E-05   4.2305668200E-02
   11      8.4790812399E-03  -8.9815781091E-06   4.4522146100E-06  -6.7920110730E-02   8.4979870746E-05
   12     -4.4274133862E-06  -3.2854763824E-02   7.5366512609E-02  -4.8866719038E-06  -3.5956966886E-01
   13     -2.8489465346E-06   3.0306611309E-02   3.7849420168E-02   3.6535680585E-06   2.6743253933E-02
   14     -5.2306695109E-03  -3.9353777140E-06   7.6782098142E-06   1.4903183069E-03  -4.2808263524E-05
   15     -7.7437578792E-06   8.7891177639E-03   1.2512468848E-03   1.0868562798E-06  -3.6039723367E-02
   16      8.0948813937E-07   7.9121705673E-04  -6.7344052134E-02   1.7199382090E-06  -6.5257405932E-02
   17      7.9791872293E-03   3.6952363003E-06   1.6352489941E-06  -6.1869352647E-03  -7.1083067051E-06
   18      6.1579703528E-06  -6.2060350894E-03  -3.5923563406E-04  -1.7799431312E-06   7.8173824169E-03
   19      2.3775249718E-06   1.8822600585E-04  -3.5054755742E-03  -8.2976748684E-08  -3.6050231577E-03
   20      7.1026133477E-03   8.3605798391E-07   1.7086634901E-07  -7.8795240117E-04  -1.0535919702E-06
   21     -2.1461716213E-06   4.0688063286E-03   2.1999853213E-04  -9.1118041691E-08  -3.7777383983E-03
   22     -3.7508938028E-07  -3.8079113792E-05   9.5638971834E-04  -4.8691712804E-08   7.4502519473E-04
   23     -1.2542495186E-03  -3.5506614007E-06  -3.1375984513E-07   1.7558912882E-04   1.7441589595E-06
   24     -7.3585493301E-06  -2.9065278293E-01  -3.8437205164E-02  -2.7568393739E-05  -4.5419615734E-02
   25     -4.6265966625E-06   1.3551104433E-02  -1.1210195804E-01   4.3878076572E-06   5.1402548881E-02
   26      1.0094742897E-02  -2.7387200060E-05  -3.9281216806E-06  -4.2822020258E-02  -7.3893773580E-06
   27      1.4538128028E-06  -5.0542867027E-03   2.0207541387E-03  -2.1148830344E-06  -6.1195932391E-04
   28      1.7453034589E-06   1.0039169115E-03   1.7024540615E-03  -6.4550457878E-08   7.2574247472E-04
   29      2.7869203848E-03  -1.8685123228E-06   1.9200412268E-06   8.4163303988E-03   1.0257100777E-06
   30     -2.2243568116E-05   7.2831705102E-03  -1.3383535883E-02   8.1923409337E-07  -8.5068577718E-04
   31      3.2720744092E-05   1.9197879709E-02  -1.9698036219E-02   4.4575859195E-06  -4.3770470178E-03
   32     -2.9831088229E-02  -1.5321479182E-06  -3.6428878480E-06   3.3042629550E-03  -2.8404636727E-07
   33     -7.5760712970E-07   1.0977434468E-02   1.3643376436E-02   1.4198234086E-07  -1.2844495653E-01
   34      1.1004821565E-06  -1.7953311186E-02  -1.9461973940E-02  -3.7735108915E-06  -1.2102948232E-01
   35      5.0034550068E-03  -2.5826605418E-09   4.0837602148E-06   4.4085425370E-03  -1.7195232206E-05
   36      3.9797321376E-07  -4.7995983896E-03  -1.8209893102E-03  -2.0103498845E-06  -1.0833003153E-02
   37     -1.0607634232E-07  -1.0975973379E-03   1.6237668814E-03   8.4029976739E-08  -1.9732463436E-03
   38     -6.7265042884E-04  -1.9036922205E-06  -1.6127504686E-06   8.4766839781E-03  -2.7555317295E-06
   39      1.1616881597E-06  -2.5550273160E-02   4.7738408247E-02  -1.8878309885E-06  -7.1335806403E-03
   40     -2.0468711522E-06  -3.9545754375E-04  -1.3665655905E-03  -1.8593645793E-06  -1.3353203844E-03
   41     -1.2362552776E-03  -2.9748832067E-06   5.5396281505E-06  -3.4509173284E-03  -1.3455468720E-06
                   10                 11                 12                 13                 14        
    0      2.2320670840E-02  -5.5747744086E-06   5.2314663686E-02   1.8805029306E-02   4.6969359712E-06
    1     -1.4854802460E-02   3.7493994096E-06  -1.9088158307E-02  -5.8502304851E-02  -3.6381198903E-06
    2      2.1862055613E-06  -4.2401064479E-03   5.4797499055E-06   5.9364005411E-06   1.0909629806E-02
    3     -1.6361156246E-02   3.5024773101E-06  -4.0084470362E-02  -2.7371061281E-02  -3.6588037817E-06
    4     -4.6709009812E-02   1.1732599769E-06  -2.0951456948E-02  -1.4456329729E-02  -1.4395742908E-06
    5     -1.9969508983E-07   8.4790812399E-03  -4.4274133862E-06  -2.8489465346E-06  -5.2306695109E-03
    6      9.6839477240E-02  -8.9815781091E-06  -3.2854763824E-02   3.0306611309E-02  -3.9353777140E-06
    7     -2.7905943979E-01   4.4522146100E-06   7.5366512609E-02   3.7849420168E-02   7.6782098142E-06
    8      1.1162786777E-05  -6.7920110730E-02  -4.8866719038E-06   3.6535680585E-06   1.4903183069E-03
    9      4.2305668200E-02   8.4979870746E-05  -3.5956966886E-01   2.6743253933E-02  -4.2808263524E-05
   10      7.0388113931E-01   1.4710492651E-05  -2.7803391758E-02  -1.2868202576E-01  -6.8152795319E-06
   11      1.4710492651E-05   1.2219665534E-01  -4.8246828830E-05  -1.1445713992E-06  -5.5885967274E-02
   12     -2.7803391758E-02  -4.8246828830E-05   7.0069490972E-01  -4.7017064690E-02   5.7863757334E-05
   13     -1.2868202576E-01  -1.1445713992E-06  -4.7017064690E-02   6.9839276110E-01  -1.7654163425E-06
   14     -6.8152795319E-06  -5.5885967274E-02   5.7863757334E-05  -1.7654163425E-06   1.3444417135E-01
   15     -2.6859875419E-02  -6.8713225306E-06  -1.4880703513E-01  -9.2824092754E-02  -5.4571579967E-06
   16      2.7397860535E-02  -1.1661000039E-06  -5.1733903878E-02  -2.6098350595E-01  -8.3398679155E-06
   17      2.4223407837E-07   8.4348535263E-03  -3.5601957504E-06  -9.9591050903E-06  -6.3702718177E-02
   18     -6.4926320090E-03   7.5654025179E-06  -4.3754767330E-02  -2.0078374604E-02   2.3414564083E-06
   19     -5.2070499966E-03  -1.8929468419E-06  -3.2402050281E-02   6.1999743540E-03   6.1325748990E-06
   20     -1.7795233130E-06   6.8225068511E-03   5.3857258575E-06   7.0661946145E-06  -4.1604950649E-04
   21      1.1621403818E-03  -2.0700577184E-06   7.0749231889E-03   1.0101895344E-02   1.5497876274E-06
   22      1.0745219427E-03   2.5924704797E-07   2.5715810360E-03  -2.3816436618E-03  -1.0534897963E-06
   23     -7.8921513707E-07  -1.1906862181E-03  -2.4285211690E-06  -7.1730816886E-06   2.0798429724E-03
   24      1.4771379953E-02  -6.1354428705E-06   7.0813113158E-03   2.2430349717E-03   1.3373446191E-06
   25      4.3047478778E-03   6.6815438697E-06  -5.2666241951E-03  -1.0056956424E-02  -1.1752309813E-06
   26      2.8095921821E-06   6.0779227625E-03   7.6621683793E-07   6.9062543181E-07   4.7496494060E-03
   27      5.7480063053E-04   5.0963080544E-07  -1.3651815221E-03   3.2619229873E-03  -6.0465459162E-07
   28      4.9181217183E-04   2.1121302791E-07   4.2671715957E-03  -3.1469974373E-03   8.7433150844E-07
   29     -9.5554691291E-08  -9.7983017797E-04  -1.3723031267E-06  -8.6671127130E-07   5.5084314402E-03
   30     -3.4579568443E-03  -5.1183272011E-07  -8.6791888397E-04  -7.0860405617E-04  -1.4174398199E-07
   31     -3.3409208288E-03  -8.5807909796E-07  -1.2210089177E-03   6.7397307691E-05   3.4775098095E-08
   32      4.2194928913E-08   4.9350321955E-03   4.4796834038E-07  -3.6536197321E-08  -7.2637512111E-04
   33     -1.2201868633E-01  -1.6985656193E-05  -1.1292931092E-02  -2.8236082353E-02  -2.1527208809E-06
   34     -2.6627583468E-01  -2.3165458409E-05   1.5305110911E-03   4.3961571490E-03   9.4728408297E-07
   35     -2.5280378931E-05  -3.3407599525E-02  -1.3166687350E-06  -4.3918706961E-06   1.7406497122E-03
   36      2.7950515500E-02   6.8050493122E-07  -1.2891021155E-01   1.2243669319E-01  -7.7315700487E-06
   37      4.2413132592E-03  -2.3027380709E-06   1.2122766703E-01  -2.6848412924E-01   8.7162441914E-06
   38      4.0322803287E-06   3.4958580962E-03  -4.2717109867E-06   9.1270879336E-06  -3.6698306206E-02
   39     -3.1042200767E-03  -6.1345048761E-07   3.4114065424E-04   2.3269290174E-03  -7.4771635473E-07
   40      2.7376882389E-03  -3.4469029276E-07   5.3012529506E-04  -2.1181702447E-04   9.6007048127E-07
   41     -5.8892629041E-07   3.1823903649E-03   1.5622526837E-08   5.9585131351E-07   1.7373928000E-03
                   15                 16                 17                 18                 19        
    0     -1.4904117816E-01   5.2758197463E-02  -4.9116837652E-06  -4.3953556466E-02   3.2511190853E-02
    1      9.3936369390E-02  -2.6218601447E-01   1.7685567043E-05   2.0231370010E-02   5.8678047201E-03
    2     -9.4815001211E-06   1.6643413574E-05  -6.2824769236E-02   2.1665008991E-06  -6.5354029252E-06
    3     -3.6480394123E-02   6.5981913091E-02  -1.0197303707E-05   7.9468152716E-03   3.5179281319E-03
    4      2.5917036797E-02   2.5905797349E-02  -1.3368974445E-06   6.4775614649E-03  -5.0682205998E-03
    5     -7.7437578792E-06   8.0948813937E-07   7.9791872293E-03   6.1579703528E-06   2.3775249718E-06
    6      8.7891177639E-03   7.9121705673E-04   3.6952363003E-06  -6.2060350894E-03   1.8822600585E-04
    7      1.2512468848E-03  -6.7344052134E-02   1.6352489941E-06  -3.5923563406E-04  -3.5054755742E-03
    8      1.0868562798E-06   1.7199382090E-06  -6.1869352647E-03  -1.7799431312E-06  -8.2976748684E-08
    9     -3.6039723367E-02  -6.5257405932E-02  -7.1083067051E-06   7.8173824169E-03  -3.6050231577E-03
   10     -2.6859875419E-02   2.7397860535E-02   2.4223407837E-07  -6.4926320090E-03  -5.2070499966E-03
   11     -6.8713225306E-06  -1.1661000039E-06   8.4348535263E-03   7.5654025179E-06  -1.8929468419E-06
   12     -1.4880703513E-01  -5.1733903878E-02  -3.5601957504E-06  -4.3754767330E-02  -3.2402050281E-02
   13     -9.2824092754E-02  -2.6098350595E-01  -9.9591050903E-06  -2.0078374604E-02   6.1999743540E-03
   14     -5.4571579967E-06  -8.3398679155E-06  -6.3702718177E-02   2.3414564083E-06   6.1325748990E-06
   15      6.8336625428E-01  -6.8793821586E-04  -8.3072063315E-05  -2.9448620107E-01  -8.9679030266E-05
   16     -6.8793821586E-04   6.2433531942E-01  -9.8336712471E-06  -1.9754441957E-04  -8.3276506657E-02
   17     -8.3072063315E-05  -9.8336712471E-06   1.3226376817E-01   9.7717590664E-05   5.7441451941E-07
   18     -2.9448620107E-01  -1.9754441957E-04   9.7717590664E-05   1.4932795505E+00   8.5765081845E-04
   19     -8.9679030266E-05  -8.3276506657E-02   5.7441451941E-07   8.5765081845E-04   1.2256866055E-01
   20      1.1276227885E-04   6.2215733263E-07  -5.1781181650E-02  -8.5397534912E-04  -1.2790801853E-06
   21     -3.0606658359E-02   1.1923422949E-04   1.7241299718E-05  -1.1275511381E+00  -7.8822122763E-04
   22      1.8795233616E-05   2.0878783531E-02  -9.3601653180E-08  -7.9871792927E-04  -3.9525332066E-02
   23     -6.7044147861E-06  -2.2746914655E-07   1.5235473712E-02   7.5607258268E-04   6.8921323204E-07
   24     -8.5373105212E-03  -7.9337291266E-04  -4.0515043335E-06   5.3813109052E-03  -8.8103333546E-05
   25      2.6888063483E-04   6.2806564583E-03   8.9819139857E-07  -3.8483369697E-04   7.0094572117E-04
   26     -5.9479041517E-07   6.7673555074E-08  -1.2790310806E-03   1.6616416473E-08  -5.6328773527E-08
   27      1.0722727079E-02   1.4881605591E-02   7.7436226483E-07   1.5152167605E-03   5.4150473211E-04
   28     -1.5288682112E-02  -1.7904915611E-02   1.1105452078E-06  -1.7868826646E-03   4.3118883766E-04
   29      9.7402633345E-07   6.1871604163E-06   3.1924090455E-03  -7.5999961768E-07  -4.9564749132E-07
   30     -5.1826525539E-03  -1.4331687195E-03  -5.2977750703E-07  -5.3746906190E-04   1.6245762286E-03
   31     -1.0691781427E-03   2.4310701127E-03  -4.1230349923E-08   8.3940187401E-05   1.9204629080E-04
   32     -1.2349555316E-06  -1.5753923796E-06   7.4150501837E-03  -8.9953692493E-07   1.0125873446E-06
   33     -5.0383323185E-03   1.3109663329E-03  -6.7652226921E-07  -5.5451809012E-04  -1.5049419401E-03
   34      1.2120201746E-03   2.2683168385E-03   2.6246183793E-07  -6.0799684447E-05   2.8135795277E-04
   35     -1.3939276086E-06   1.6512408915E-06   7.6570511578E-03  -8.6011682322E-07  -9.5329834774E-07
   36      1.0626393884E-02  -1.5000751876E-02   1.3815761383E-06   1.5271765365E-03  -5.3347738582E-04
   37      1.5150355148E-02  -1.7937708295E-02  -2.4522707888E-07   1.8012606348E-03   4.0930745646E-04
   38      4.4629574503E-07  -5.7624718900E-06   3.4558606763E-03  -1.0122986470E-06   4.0563320845E-07
   39      7.1499260612E-04  -7.2936318395E-04   5.7990415669E-07  -4.2376720117E-04  -2.1921417514E-04
   40     -9.4494321586E-04   1.3489886892E-04  -1.2563681354E-06   6.9687128720E-04  -6.8700993994E-05
   41      1.8210906605E-09  -4.3866161484E-07   1.4098171164E-04   1.4496609450E-08   1.4105579948E-08
                   20                 21                 22                 23                 24        
    0      3.8027427026E-06   7.2079845369E-03  -2.5689073977E-03  -2.1804162877E-06   5.5353645422E-03
    1     -7.2817950295E-06  -1.0134817967E-02  -2.3051839266E-03   7.1267194921E-06  -4.0381884104E-03
    2     -5.4501129941E-04   2.0287669175E-06   1.1775884794E-06   2.1090928642E-03   8.5207726480E-07
    3     -8.3825410983E-07  -3.8813420646E-03  -7.3683275283E-04   1.5107625571E-06  -4.7464300209E-02
    4      2.1424766236E-06  -1.2756511591E-03   1.0451442710E-03   1.0259559195E-06  -6.8613696902E-03
    5      7.1026133477E-03  -2.1461716213E-06  -3.7508938028E-07  -1.2542495186E-03  -7.3585493301E-06
    6      8.3605798391E-07   4.0688063286E-03  -3.8079113792E-05  -3.5506614007E-06  -2.9065278293E-01
    7      1.7086634901E-07   2.1999853213E-04   9.5638971834E-04  -3.1375984513E-07  -3.8437205164E-02
    8     -7.8795240117E-04  -9.1118041691E-08  -4.8691712804E-08   1.7558912882E-04  -2.7568393739E-05
    9     -1.0535919702E-06  -3.7777383983E-03   7.4502519473E-04   1.7441589595E-06  -4.5419615734E-02
   10     -1.7795233130E-06   1.1621403818E-03   1.0745219427E-03  -7.8921513707E-07   1.4771379953E-02
   11      6.8225068511E-03  -2.0700577184E-06   2.5924704797E-07  -1.1906862181E-03  -6.1354428705E-06
   12      5.3857258575E-06   7.0749231889E-03   2.5715810360E-03  -2.4285211690E-06   7.0813113158E-03
   13      7.0661946145E-06   1.0101895344E-02  -2.3816436618E-03  -7.1730816886E-06   2.2430349717E-03
   14     -4.1604950649E-04   1.5497876274E-06  -1.0534897963E-06   2.0798429724E-03   1.3373446191E-06
   15      1.1276227885E-04  -3.0606658359E-02   1.8795233616E-05  -6.7044147861E-06  -8.5373105212E-03
   16      6.2215733263E-07   1.1923422949E-04   2.0878783531E-02  -2.2746914655E-07  -7.9337291266E-04
   17     -5.1781181650E-02   1.7241299718E-05  -9.3601653180E-08   1.5235473712E-02  -4.0515043335E-06
   18     -8.5397534912E-04  -1.1275511381E+00  -7.9871792927E-04   7.5607258268E-04   5.3813109052E-03
   19     -1.2790801853E-06  -7.8822122763E-04  -3.9525332066E-02   6.8921323204E-07  -8.8103333546E-05
   20      8.6737932545E-02   7.2368449936E-04   7.1227260367E-07  -4.0200752683E-02   3.5527307598E-07
   21      7.2368449936E-04   1.1516747065E+00   7.6768331527E-04  -7.4440123401E-04  -3.5188730346E-03
   22      7.1227260367E-07   7.6768331527E-04   2.0160255995E-02  -6.5268105570E-07   1.9207225917E-05
   23     -4.0200752683E-02  -7.4440123401E-04  -6.5268105570E-07   2.2655138060E-02   2.1584801528E-06
   24      3.5527307598E-07  -3.5188730346E-03   1.9207225917E-05   2.1584801528E-06   4.7165350957E-01
   25     -6.3844376824E-07   1.5834668527E-04  -1.0991620467E-04  -3.0882422542E-07  -1.3576230579E-01
   26     -9.0198104010E-04   6.2730103202E-08   3.5273585658E-08   1.8437055235E-04   4.7700431927E-05
   27     -7.1422881760E-07  -1.6719135150E-04  -2.9362568597E-04   7.4717694734E-07  -1.4448388261E-03
   28     -7.2920160724E-07   7.6416873325E-04   2.0340333669E-04   6.5353522894E-07   1.5291983884E-04
   29     -4.0380551604E-03   2.8101708302E-08   1.3312117205E-07   4.4791244239E-04  -2.6752404077E-07
   30     -1.1939035872E-06  -3.7131237500E-04  -3.2133681438E-04   7.1597312157E-07   3.8911580969E-03
   31      3.3129874884E-07  -5.9966180324E-05  -9.1524107512E-05   9.4266035125E-09   2.8743484969E-04
   32      1.0149677127E-03  -1.2794222095E-07  -1.1839493535E-07  -3.2819983387E-04   1.2596201688E-06
   33     -1.0358769623E-06  -3.1461854982E-04   2.9938985071E-04   6.5853720809E-07   1.2283049662E-03
   34     -2.8883528857E-07   9.2412070357E-05  -1.1059998936E-04  -7.0543320891E-08  -5.4603368451E-04
   35      9.5746446564E-04  -7.5028333388E-08   1.2925069704E-07  -3.2469084869E-04   6.4269088338E-07
   36     -6.9610382345E-07  -1.7053925494E-04   2.9465957731E-04   6.8093531713E-07  -8.1792652981E-04
   37      5.0250157807E-07  -7.7186800516E-04   2.0520582658E-04  -5.4550695343E-07  -8.2254333650E-06
   38     -3.8764610644E-03   1.2320502512E-07  -1.0374990545E-07   4.1912300158E-04  -2.9509985989E-07
   39     -8.4641719052E-08   3.3299089894E-04   3.5378032245E-05  -6.2566693382E-07  -9.6915311608E-02
   40      5.3873889997E-07  -3.4957452424E-04   4.9533418939E-07   5.8804971044E-07   1.6905737754E-01
   41     -8.8040116237E-05  -2.0453088412E-07  -1.2873960495E-08  -7.9636309462E-06  -8.0603992762E-06
                   25                 26                 27                 28                 29        
    0      5.5265618603E-03   6.9522549018E-07  -1.2884470696E-01  -1.2114598495E-01   6.2899996357E-07
    1     -8.6807316941E-03  -7.7712539650E-07  -1.2240927515E-01  -2.6830715311E-01   5.0412224237E-07
    2     -5.2136830452E-07   7.2665085816E-03  -2.8804824270E-06   5.8818663571E-07  -3.5463487656E-02
    3     -4.4169971783E-02  -7.3193540270E-06  -1.0797644481E-02   2.0120314371E-03  -3.0467466274E-06
    4      2.9061881321E-03  -1.6866732183E-06  -2.7949925163E-02   4.1368480910E-03  -4.1080924769E-06
    5     -4.6265966625E-06   1.0094742897E-02   1.4538128028E-06   1.7453034589E-06   2.7869203848E-03
    6      1.3551104433E-02  -2.7387200060E-05  -5.0542867027E-03   1.0039169115E-03  -1.8685123228E-06
    7     -1.1210195804E-01  -3.9281216806E-06   2.0207541387E-03   1.7024540615E-03   1.9200412268E-06
    8      4.3878076572E-06  -4.2822020258E-02  -2.1148830344E-06  -6.4550457878E-08   8.4163303988E-03
    9      5.1402548881E-02  -7.3893773580E-06  -6.1195932391E-04   7.2574247472E-04   1.0257100777E-06
   10      4.3047478778E-03   2.8095921821E-06   5.7480063053E-04   4.9181217183E-04  -9.5554691291E-08
   11      6.6815438697E-06   6.0779227625E-03   5.0963080544E-07   2.1121302791E-07  -9.7983017797E-04
   12     -5.2666241951E-03   7.6621683793E-07  -1.3651815221E-03   4.2671715957E-03  -1.3723031267E-06
   13     -1.0056956424E-02   6.9062543181E-07   3.2619229873E-03  -3.1469974373E-03  -8.6671127130E-07
   14     -1.1752309813E-06   4.7496494060E-03  -6.0465459162E-07   8.7433150844E-07   5.5084314402E-03
   15      2.6888063483E-04  -5.9479041517E-07   1.0722727079E-02  -1.5288682112E-02   9.7402633345E-07
   16      6.2806564583E-03   6.7673555074E-08   1.4881605591E-02  -1.7904915611E-02   6.1871604163E-06
   17      8.9819139857E-07  -1.2790310806E-03   7.7436226483E-07   1.1105452078E-06   3.1924090455E-03
   18     -3.8483369697E-04   1.6616416473E-08   1.5152167605E-03  -1.7868826646E-03  -7.5999961768E-07
   19      7.0094572117E-04  -5.6328773527E-08   5.4150473211E-04   4.3118883766E-04  -4.9564749132E-07
   20     -6.3844376824E-07  -9.0198104010E-04  -7.1422881760E-07  -7.2920160724E-07  -4.0380551604E-03
   21      1.5834668527E-04   6.2730103202E-08  -1.6719135150E-04   7.6416873325E-04   2.8101708302E-08
   22     -1.0991620467E-04   3.5273585658E-08  -2.9362568597E-04   2.0340333669E-04   1.3312117205E-07
   23     -3.0882422542E-07   1.8437055235E-04   7.4717694734E-07   6.5353522894E-07   4.4791244239E-04
   24     -1.3576230579E-01   4.7700431927E-05  -1.4448388261E-03   1.5291983884E-04  -2.6752404077E-07
   25      5.5037615208E-01  -1.3197001673E-05  -1.6829406750E-03   1.1509373524E-04  -4.3427929032E-07
   26     -1.3197001673E-05   3.0874290046E-02  -2.0186933303E-07   4.7632551196E-08  -3.0135796702E-04
   27     -1.6829406750E-03  -2.0186933303E-07   1.3400009176E-01   1.3033802517E-01   3.2440037201E-06
   28      1.1509373524E-04   4.7632551196E-08   1.3033802517E-01   2.8261533193E-01  -3.0149050325E-06
   29     -4.3427929032E-07  -3.0135796702E-04   3.2440037201E-06  -3.0149050325E-06   2.4852860906E-02
   30     -9.2740638320E-04   1.2078804212E-06   1.0912047314E-03  -1.9222524614E-04   6.1727789940E-07
   31      2.8595198957E-03  -4.4634487525E-07   1.4536687769E-04   7.0932817928E-04  -3.9906234202E-07
   32      3.1837091242E-07  -3.6313037223E-03   5.6933043961E-07  -3.4074957551E-07  -4.1007540125E-03
   33     -7.2956411604E-04   8.6548818429E-07   5.4216991234E-05  -6.6157757626E-05   1.9830750100E-07
   34      1.9383141181E-03   9.0613235194E-08  -5.2316041187E-05   7.6789033199E-06  -4.4168619913E-08
   35     -5.0903318930E-07  -3.2012486176E-03  -9.2620248696E-08  -4.0150406581E-07  -8.9912374085E-04
   36      1.7659640317E-03  -1.7257756894E-07   5.9129625118E-04  -8.1777645211E-04  -7.1429842490E-08
   37      7.4558282039E-05  -4.0041133918E-08   8.0681027284E-04  -1.0638853427E-03   1.1039682972E-08
   38      5.3059531685E-07   4.5784428780E-05  -9.1181562495E-08   8.9884304254E-08   5.5765287129E-04
   39      1.1625369015E-01  -8.8184252601E-06   3.1105559001E-04   1.9521996220E-05   8.1825308649E-08
   40     -4.3860661394E-01   1.5840184335E-05  -1.6849666191E-04   9.8122502812E-06  -2.4728012493E-08
   41      9.1443108147E-06  -7.1563259890E-03  -1.0133899543E-08  -4.2056696513E-08   2.0091225157E-05
                   30                 31                 32                 33                 34        
    0     -1.1435520310E-02  -9.7658058428E-04  -9.1000575731E-07  -7.2023234219E-04   1.2181103884E-03
    1      2.9327205310E-02   3.4678287843E-03   4.2141303969E-06   7.3748568183E-04   8.5420109309E-05
    2     -3.1706614827E-06  -1.1614429219E-06   8.1541261753E-04  -1.7943226757E-07  -1.7523115051E-07
    3     -1.2552926369E-01   1.1796195612E-01  -2.2188644703E-05  -1.4982787892E-03   3.9586342924E-03
    4      1.1782780062E-01  -2.6270242775E-01   3.4326477164E-05   3.1735534895E-03  -3.1501904791E-03
    5     -2.2243568116E-05   3.2720744092E-05  -2.9831088229E-02  -7.5760712970E-07   1.1004821565E-06
    6      7.2831705102E-03   1.9197879709E-02  -1.5321479182E-06   1.0977434468E-02  -1.7953311186E-02
    7     -1.3383535883E-02  -1.9698036219E-02  -3.6428878480E-06   1.3643376436E-02  -1.9461973940E-02
    8      8.1923409337E-07   4.4575859195E-06   3.3042629550E-03   1.4198234086E-07  -3.7735108915E-06
    9     -8.5068577718E-04  -4.3770470178E-03  -2.8404636727E-07  -1.2844495653E-01  -1.2102948232E-01
   10     -3.4579568443E-03  -3.3409208288E-03   4.2194928913E-08  -1.2201868633E-01  -2.6627583468E-01
   11     -5.1183272011E-07  -8.5807909796E-07   4.9350321955E-03  -1.6985656193E-05  -2.3165458409E-05
   12     -8.6791888397E-04  -1.2210089177E-03   4.4796834038E-07  -1.1292931092E-02   1.5305110911E-03
   13     -7.0860405617E-04   6.7397307691E-05  -3.6536197321E-08  -2.8236082353E-02   4.3961571490E-03
   14     -1.4174398199E-07   3.4775098095E-08  -7.2637512111E-04  -2.1527208809E-06   9.4728408297E-07
   15     -5.1826525539E-03  -1.0691781427E-03  -1.2349555316E-06  -5.0383323185E-03   1.2120201746E-03
   16     -1.4331687195E-03   2.4310701127E-03  -1.5753923796E-06   1.3109663329E-03   2.2683168385E-03
   17     -5.2977750703E-07  -4.1230349923E-08   7.4150501837E-03  -6.7652226921E-07   2.6246183793E-07
   18     -5.3746906190E-04   8.3940187401E-05  -8.9953692493E-07  -5.5451809012E-04  -6.0799684447E-05
   19      1.6245762286E-03   1.9204629080E-04   1.0125873446E-06  -1.5049419401E-03   2.8135795277E-04
   20     -1.1939035872E-06   3.3129874884E-07   1.0149677127E-03  -1.0358769623E-06  -2.8883528857E-07
   21     -3.7131237500E-04  -5.9966180324E-05  -1.2794222095E-07  -3.1461854982E-04   9.2412070357E-05
   22     -3.2133681438E-04  -9.1524107512E-05  -1.1839493535E-07   2.9938985071E-04  -1.1059998936E-04
   23      7.1597312157E-07   9.4266035125E-09  -3.2819983387E-04   6.5853720809E-07  -7.0543320891E-08
   24      3.8911580969E-03   2.8743484969E-04   1.2596201688E-06   1.2283049662E-03  -5.4603368451E-04
   25     -9.2740638320E-04   2.8595198957E-03   3.1837091242E-07  -7.2956411604E-04   1.9383141181E-03
   26      1.2078804212E-06  -4.4634487525E-07  -3.6313037223E-03   8.6548818429E-07   9.0613235194E-08
   27      1.0912047314E-03   1.4536687769E-04   5.6933043961E-07   5.4216991234E-05  -5.2316041187E-05
   28     -1.9222524614E-04   7.0932817928E-04  -3.4074957551E-07  -6.6157757626E-05   7.6789033199E-06
   29      6.1727789940E-07  -3.9906234202E-07  -4.1007540125E-03   1.9830750100E-07  -4.4168619913E-08
   30      1.3235741674E-01  -1.2862090278E-01   2.4608538392E-05   5.4590615486E-04  -6.5726086836E-04
   31     -1.2862090278E-01   2.7824637129E-01  -3.4778216440E-05   8.7806598325E-04  -1.1267812612E-03
   32      2.4608538392E-05  -3.4778216440E-05   2.1416267463E-02   4.0553519277E-08   2.2719352127E-07
   33      5.4590615486E-04   8.7806598325E-04   4.0553519277E-08   1.3379354072E-01   1.3256422916E-01
   34     -6.5726086836E-04  -1.1267812612E-03   2.2719352127E-07   1.3256422916E-01   2.8007444316E-01
   35      4.6015538218E-08  -1.1778786060E-07   3.9920543219E-05   1.9423513406E-05   2.4913972559E-05
   36      5.2239674270E-05   5.4811404686E-05  -1.4495735517E-07   1.1027043375E-03  -1.6748927082E-04
   37      7.0964651017E-05  -4.6957264801E-07   4.4477886168E-07   1.6584281556E-04   7.0056427361E-04
   38      1.5902576020E-07   9.2173517110E-08  -9.0801555891E-04   6.5642418009E-07   2.0338718698E-07
   39     -4.4627325485E-04  -2.2731987887E-03   6.6120710203E-08   1.6176007274E-04  -1.2010789291E-04
   40      8.4027806239E-04  -1.0134021256E-03   1.2655786025E-07  -2.0659349019E-04   3.7312784620E-04
   41     -5.2352621935E-08  -6.3953705532E-08   5.8482280673E-04   1.1994391204E-07   2.9906309995E-08
                   35                 36                 37                 38                 39        
    0      4.4869753356E-07  -1.3358640112E-03  -4.1918489483E-03  -1.0691717032E-06  -8.5422580686E-04
    1      1.3449804379E-07  -3.2985453653E-03  -3.1344607887E-03   1.0983861035E-06   5.2437775319E-04
    2     -8.3397394964E-04  -4.2689362070E-07  -6.2974150899E-07   5.1733218086E-03  -6.2527739770E-07
    3     -6.7500539284E-07  -6.8873453467E-04  -7.1156375702E-04   1.0188917462E-06   3.5610824311E-03
    4      3.0100598871E-07  -5.7951252732E-04   5.4209675866E-04   3.7544147759E-08   1.4558267653E-03
    5      5.0034550068E-03   3.9797321376E-07  -1.0607634232E-07  -6.7265042884E-04   1.1616881597E-06
    6     -2.5826605418E-09  -4.7995983896E-03  -1.0975973379E-03  -1.9036922205E-06  -2.5550273160E-02
    7      4.0837602148E-06  -1.8209893102E-03   1.6237668814E-03  -1.6127504686E-06   4.7738408247E-02
    8      4.4085425370E-03  -2.0103498845E-06   8.4029976739E-08   8.4766839781E-03  -1.8878309885E-06
    9     -1.7195232206E-05  -1.0833003153E-02  -1.9732463436E-03  -2.7555317295E-06  -7.1335806403E-03
   10     -2.5280378931E-05   2.7950515500E-02   4.2413132592E-03   4.0322803287E-06  -3.1042200767E-03
   11     -3.3407599525E-02   6.8050493122E-07  -2.3027380709E-06   3.4958580962E-03  -6.1345048761E-07
   12     -1.3166687350E-06  -1.2891021155E-01   1.2122766703E-01  -4.2717109867E-06   3.4114065424E-04
   13     -4.3918706961E-06   1.2243669319E-01  -2.6848412924E-01   9.1270879336E-06   2.3269290174E-03
   14      1.7406497122E-03  -7.7315700487E-06   8.7162441914E-06  -3.6698306206E-02  -7.4771635473E-07
   15     -1.3939276086E-06   1.0626393884E-02   1.5150355148E-02   4.4629574503E-07   7.1499260612E-04
   16      1.6512408915E-06  -1.5000751876E-02  -1.7937708295E-02  -5.7624718900E-06  -7.2936318395E-04
   17      7.6570511578E-03   1.3815761383E-06  -2.4522707888E-07   3.4558606763E-03   5.7990415669E-07
   18     -8.6011682322E-07   1.5271765365E-03   1.8012606348E-03  -1.0122986470E-06  -4.2376720117E-04
   19     -9.5329834774E-07  -5.3347738582E-04   4.0930745646E-04   4.0563320845E-07  -2.1921417514E-04
   20      9.5746446564E-04  -6.9610382345E-07   5.0250157807E-07  -3.8764610644E-03  -8.4641719052E-08
   21     -7.5028333388E-08  -1.7053925494E-04  -7.7186800516E-04   1.2320502512E-07   3.3299089894E-04
   22      1.2925069704E-07   2.9465957731E-04   2.0520582658E-04  -1.0374990545E-07   3.5378032245E-05
   23     -3.2469084869E-04   6.8093531713E-07  -5.4550695343E-07   4.1912300158E-04  -6.2566693382E-07
   24      6.4269088338E-07  -8.1792652981E-04  -8.2254333650E-06  -2.9509985989E-07  -9.6915311608E-02
   25     -5.0903318930E-07   1.7659640317E-03   7.4558282039E-05   5.3059531685E-07   1.1625369015E-01
   26     -3.2012486176E-03  -1.7257756894E-07  -4.0041133918E-08   4.5784428780E-05  -8.8184252601E-06
   27     -9.2620248696E-08   5.9129625118E-04   8.0681027284E-04  -9.1181562495E-08   3.1105559001E-04
   28     -4.0150406581E-07  -8.1777645211E-04  -1.0638853427E-03   8.9884304254E-08   1.9521996220E-05
   29     -8.9912374085E-04  -7.1429842490E-08   1.1039682972E-08   5.5765287129E-04   8.1825308649E-08
   30      4.6015538218E-08   5.2239674270E-05   7.0964651017E-05   1.5902576020E-07  -4.4627325485E-04
   31     -1.1778786060E-07   5.4811404686E-05  -4.6957264801E-07   9.2173517110E-08  -2.2731987887E-03
   32      3.9920543219E-05  -1.4495735517E-07   4.4477886168E-07  -9.0801555891E-04   6.6120710203E-08
   33      1.9423513406E-05   1.1027043375E-03   1.6584281556E-04   6.5642418009E-07   1.6176007274E-04
   34      2.4913972559E-05  -1.6748927082E-04   7.0056427361E-04   2.0338718698E-07  -1.2010789291E-04
   35      2.3876970509E-02   6.0259678804E-07   1.6159673285E-07  -4.4272684115E-03   1.3073330942E-07
   36      6.0259678804E-07   1.3418280599E-01  -1.3035787904E-01   8.3537729373E-06  -5.2673924377E-04
   37      1.6159673285E-07  -1.3035787904E-01   2.8275399730E-01  -7.0931462861E-06  -9.4306075520E-05
   38     -4.4272684115E-03   8.3537729373E-06  -7.0931462861E-06   2.5323350325E-02  -8.7826318304E-08
   39      1.3073330942E-07  -5.2673924377E-04  -9.4306075520E-05  -8.7826318304E-08   1.2642714866E-01
   40      2.0994752551E-08   5.7411916873E-05   6.9843201470E-05  -7.4247260060E-08  -1.6186055069E-01
   41     -5.9014883861E-04  -1.1457954817E-07   7.1680113876E-08  -3.6493351578E-04   1.1620021517E-05
                   40                 41        
     0      5.8268647201E-04  -3.1894533685E-07
     1     -1.3402612217E-03   1.5657105107E-07
     2      1.4108083938E-06  -6.1451405517E-04
     3     -6.4569851448E-03   1.1600082871E-06
     4      3.7645649289E-03   2.7385842996E-07
     5     -2.0468711522E-06  -1.2362552776E-03
     6     -3.9545754375E-04  -2.9748832067E-06
     7     -1.3665655905E-03   5.5396281505E-06
     8     -1.8593645793E-06  -3.4509173284E-03
     9     -1.3353203844E-03  -1.3455468720E-06
    10      2.7376882389E-03  -5.8892629041E-07
    11     -3.4469029276E-07   3.1823903649E-03
    12      5.3012529506E-04   1.5622526837E-08
    13     -2.1181702447E-04   5.9585131351E-07
    14      9.6007048127E-07   1.7373928000E-03
    15     -9.4494321586E-04   1.8210906605E-09
    16      1.3489886892E-04  -4.3866161484E-07
    17     -1.2563681354E-06   1.4098171164E-04
    18      6.9687128720E-04   1.4496609450E-08
    19     -6.8700993994E-05   1.4105579948E-08
    20      5.3873889997E-07  -8.8040116237E-05
    21     -3.4957452424E-04  -2.0453088412E-07
    22      4.9533418939E-07  -1.2873960495E-08
    23      5.8804971044E-07  -7.9636309462E-06
    24      1.6905737754E-01  -8.0603992762E-06
    25     -4.3860661394E-01   9.1443108147E-06
    26      1.5840184335E-05  -7.1563259890E-03
    27     -1.6849666191E-04  -1.0133899543E-08
    28      9.8122502812E-06  -4.2056696513E-08
    29     -2.4728012493E-08   2.0091225157E-05
    30      8.4027806239E-04  -5.2352621935E-08
    31     -1.0134021256E-03  -6.3953705532E-08
    32      1.2655786025E-07   5.8482280673E-04
    33     -2.0659349019E-04   1.1994391204E-07
    34      3.7312784620E-04   2.9906309995E-08
    35      2.0994752551E-08  -5.9014883861E-04
    36      5.7411916873E-05  -1.1457954817E-07
    37      6.9843201470E-05   7.1680113876E-08
    38     -7.4247260060E-08  -3.6493351578E-04
    39     -1.6186055069E-01   1.1620021517E-05
    40      4.3551693023E-01  -1.4279287248E-05
    41     -1.4279287248E-05   7.8434198433E-03

$vibrational_frequencies
42
    0        0.0000000000000000
    1        0.0000000000000000
    2        0.0000000000000000
    3        0.0000000000000000
    4        0.0000000000000000
    5        0.0000000000000000
    6      113.2066196586149829
    7      166.5094401545945573
    8      268.0040192252980091
    9      414.8674813095869354
   10      417.0697221786267619
   11      422.0030028147086227
   12      465.8055667502247843
   13      484.4088525764911992
   14      554.8569730012362697
   15      566.2709114868972620
   16      668.4386180456193642
   17      716.4298566060061830
   18      734.0360671020930567
   19      810.1429498545014667
   20      845.5184727707001002
   21      848.9812670654243902
   22      937.3485071849556789
   23      963.6902699088097961
   24     1029.2906546848209928
   25     1129.5184137201645171
   26     1187.5945059325952116
   27     1204.3606803641148417
   28     1237.6709404704311055
   29     1289.8453406671444554
   30     1320.9833465465487734
   31     1376.7047903777561260
   32     1465.3975313351727436
   33     1530.9514574135014300
   34     1612.4756807941246279
   35     1643.7538506985406457
   36     2270.7042459740550839
   37     3162.2398103653708858
   38     3182.3192765091116598
   39     3190.9207899305579303
   40     3196.0344231132612549
   41     3745.8481414769171352

$normal_modes
42 42
                    0                  1                  2                  3                  4        
    0      0.0000000000E+00   0.0000000000E+00   0.0000000000E+00   0.0000000000E+00   0.0000000000E+00
    1      0.0000000000E+00   0.0000000000E+00   0.0000000000E+00   0.0000000000E+00   0.0000000000E+00
    2      0.0000000000E+00   0.0000000000E+00   0.0000000000E+00   0.0000000000E+00   0.0000000000E+00
    3      0.0000000000E+00   0.0000000000E+00   0.0000000000E+00   0.0000000000E+00   0.0000000000E+00
    4      0.0000000000E+00   0.0000000000E+00   0.0000000000E+00   0.0000000000E+00   0.0000000000E+00
