*************************************************
******************* ORCA 6.0.0 ******************
*************************************************
$Calculation_Status
   &GeometryIndex 1
   &ListStatus       OUT
   &VERSION [&Type "String"] "6.0.0"
   &PROGNAME [&Type "String"] "LeanSCF"
   &STATUS [&Type "String"] "NORMAL TERMINATION"
$End
$Geometry
   &GeometryIndex 1
   &ListStatus       OUT
   &NATOMS [&Type "Integer"] 14
   &NCORELESSECP [&Type "Integer"] 0
   &NGHOSTATOMS [&Type "Integer"] 0
   &CartesianCoordinates [&Type "Coordinates", &Dim(14,4), &Units "Bohr"] 
              C     -0.635529439335   -2.298720174113   -0.000432579666
              C      1.978027302919   -2.297138761900   -0.000056902111
              C      3.285292482994   -0.000290538401    0.000037181684
              C      1.979192765812    2.297402573338   -0.000142155215
              C     -0.632253284632    2.298752629781   -0.000518328635
              C     -1.960554526022   -0.000322508032   -0.000639617494
              C     -4.635806403267   -0.000566961871    0.000109443489
              N     -6.832458134044   -0.002137768374    0.001580997040
              O      5.857289337266    0.106410211205    0.000336334024
              H     -1.666455589108   -4.069525406089   -0.000435040278
              H      3.022077880560   -4.063722642191    0.000220001917
              H      3.030484291740    4.056680064692    0.000063639173
              H     -1.664281592794    4.068881973048   -0.000593330164
              H      6.539484727086   -1.592035369411    0.000402616546
$End
$SCF_Energy
   &GeometryIndex 1
   &ListStatus       OUT
   &SCF_ENERGY [&Type "Double"]      -3.9965411858703271e+02
$End
$DFT_Energy
   &GeometryIndex 1
   &ListStatus       OUT
   &NALPHAEL [&Type "Integer"] 31
   &NBETAEL [&Type "Integer"] 31
   &NTOTALEL [&Type "Integer"] 62
   &EEXCHANGE [&Type "Double"]      -5.3111417549593838e+01
   &ECORR [&Type "Double"]      -2.0203965542135949e+00
   &ECNL [&Type "Double"]       0.0000000000000000e+00
   &EXC [&Type "Double"]      -5.5131814103807436e+01
   &EEMBED [&Type "Double"]       0.0000000000000000e+00
   &FINALEN [&Type "Double"]      -3.9965411858703271e+02  "No Van der Waals correction"
$End
$Mulliken_Population_Analysis
   &GeometryIndex 1
   &ListStatus       OUT
   &NATOMS [&Type "Integer"] 14
   &ATNO [&Type "ArrayOfIntegers", &Dim (14,1)] 
                                                         0

0                                                        6
1                                                        6
2                                                        6
3                                                        6
4                                                        6
5                                                        6
6                                                        6
7                                                        7
8                                                        8
9                                                        1
10                                                       1
11                                                       1
12                                                       1
13                                                       1
   &ATOMICCHARGES [&Type "ArrayOfDoubles", &Dim (14,1)] 
                                                         0

0                                     -2.3435628584374424e-01
1                                     -1.8322911955708410e-01
2                                      3.0302396057437342e-01
3                                     -1.8642544955092610e-01
4                                     -2.0411491469171672e-01
5                                      2.8532431369656486e-01
6                                     -1.4419490819269321e-01
7                                     -7.7274129273424030e-02
8                                     -3.8126919458700037e-01
9                                      1.3462183575281550e-01
10                                     1.1050749941790328e-01
11                                     1.2468146684674353e-01
12                                     1.3228463323378459e-01
13                                     3.2042029217434975e-01
$End
$Loewdin_Population_Analysis
   &GeometryIndex 1
   &ListStatus       OUT
   &NATOMS [&Type "Integer"] 14
   &ATNO [&Type "ArrayOfIntegers", &Dim (14,1)] 
                                                         0

0                                                        6
1                                                        6
2                                                        6
3                                                        6
4                                                        6
5                                                        6
6                                                        6
7                                                        7
8                                                        8
9                                                        1
10                                                       1
11                                                       1
12                                                       1
13                                                       1
   &ATOMICCHARGES [&Type "ArrayOfDoubles", &Dim (14,1)] 
                                                         0

0                                     -7.3586829373710749e-02
1                                     -1.3312609842457679e-01
2                                     -2.5805455366153041e-01
3                                     -1.0655319147169795e-01
4                                     -7.0852967245230936e-02
5                                     -1.6169392404208072e-01
6                                     -1.6362984970042938e-01
7                                      5.5437723646191372e-02
8                                      1.0072540661922424e-01
9                                      1.5767184243195898e-01
10                                     1.4664419163923825e-01
11                                     1.5495622703559730e-01
12                                     1.5803910329887083e-01
13                                     1.9402291924813442e-01
$End
$Mayer_Population_Analysis
   &GeometryIndex 1
   &ListStatus       OUT
   &NATOMS [&Type "Integer"] 14 "Total number of atoms"
   &BONDTHRESH [&Type "Double"]       1.0000000000000001e-01  "The threshold for printing"
   &NBONDORDERSPRINT [&Type "Integer"] 14 "The number of bond orders larger than threshold"
   &BONDORDERS [&Type "ArrayOfDoubles", &Dim (14,1)] "The bond orders"
                                                         0

0                                      1.4436700850776902e+00
1                                      1.3126791488745067e+00
2                                      9.6060404678323885e-01
3                                      1.3061634080862135e+00
4                                      9.6018911068882473e-01
5                                      1.3400720238983399e+00
6                                      1.1379517000575103e+00
7                                      1.4598467818923060e+00
8                                      9.7898112689778394e-01
9                                      1.2951555549262499e+00
10                                     9.7698712945824295e-01
11                                     9.2552090861518521e-01
12                                     2.9919210689620304e+00
13                                     8.7898813350874860e-01
   &COMPONENTS [&Type "ArrayOfIntegers", &Dim (14,4)] "The indices and atomic numbers of the bonding atoms"
                                                         0                           1                           2                           3

0                                                        0                           6                           1                           6
1                                                        0                           6                           5                           6
2                                                        0                           6                           9                           1
3                                                        1                           6                           2                           6
4                                                        1                           6                          10                           1
5                                                        2                           6                           3                           6
6                                                        2                           6                           8                           8
7                                                        3                           6                           4                           6
8                                                        3                           6                          11                           1
9                                                        4                           6                           5                           6
10                                                       4                           6                          12                           1
11                                                       5                           6                           6                           6
12                                                       6                           6                           7                           7
13                                                       8                           8                          13                           1
   &ATNO [&Type "ArrayOfIntegers", &Dim (14,1)] "Atomic number of the elements"
                                                         0

0                                                        6
1                                                        6
2                                                        6
3                                                        6
4                                                        6
5                                                        6
6                                                        6
7                                                        7
8                                                        8
9                                                        1
10                                                       1
11                                                       1
12                                                       1
13                                                       1
   &NA [&Type "ArrayOfDoubles", &Dim (14,1)] "Mulliken gross atomic population"
                                                         0

0                                      6.2343562858437780e+00
1                                      6.1832291195570637e+00
2                                      5.6969760394256088e+00
3                                      6.1864254495509261e+00
4                                      6.2041149146917354e+00
5                                      5.7146756863034351e+00
6                                      6.1441949081926781e+00
7                                      7.0772741292734089e+00
8                                      8.3812691945870057e+00
9                                      8.6537816424718339e-01
10                                     8.8949250058209595e-01
11                                     8.7531853315325669e-01
12                                     8.6771536676621464e-01
13                                     6.7957970782564969e-01
   &ZA [&Type "ArrayOfDoubles", &Dim (14,1)] "Total nuclear charge"
                                                         0

0                                      6.0000000000000000e+00
1                                      6.0000000000000000e+00
2                                      6.0000000000000000e+00
3                                      6.0000000000000000e+00
4                                      6.0000000000000000e+00
5                                      6.0000000000000000e+00
6                                      6.0000000000000000e+00
7                                      7.0000000000000000e+00
8                                      8.0000000000000000e+00
9                                      1.0000000000000000e+00
10                                     1.0000000000000000e+00
11                                     1.0000000000000000e+00
12                                     1.0000000000000000e+00
13                                     1.0000000000000000e+00
   &QA [&Type "ArrayOfDoubles", &Dim (14,1)] "Mulliken gross atomic charge"
                                                         0

0                                     -2.3435628584377799e-01
1                                     -1.8322911955706367e-01
2                                      3.0302396057439118e-01
3                                     -1.8642544955092610e-01
4                                     -2.0411491469173537e-01
5                                      2.8532431369656486e-01
6                                     -1.4419490819267811e-01
7                                     -7.7274129273408931e-02
8                                     -3.8126919458700570e-01
9                                      1.3462183575281661e-01
10                                     1.1050749941790405e-01
11                                     1.2468146684674331e-01
12                                     1.3228463323378536e-01
13                                     3.2042029217435031e-01
   &VA [&Type "ArrayOfDoubles", &Dim (14,1)] "Mayer's total valence"
                                                         0

0                                      3.9749603774205888e+00
1                                      3.8191520970236819e+00
2                                      3.9260250062050814e+00
3                                      3.8935421353286293e+00
4                                      3.9441725355794750e+00
5                                      3.5499135715365600e+00
6                                      3.9471773917389914e+00
7                                      3.1265563601416564e+00
8                                      2.1128694590532162e+00
9                                      9.8286106388807015e-01
10                                     9.8565153978265707e-01
11                                     9.8921800337861232e-01
12                                     9.8138116534029562e-01
13                                     9.1552325883315011e-01
   &BVA [&Type "ArrayOfDoubles", &Dim (14,1)] "Mayer's bonded valence"
                                                         0

0                                      3.9749603774207034e+00
1                                      3.8191520970237782e+00
2                                      3.9260250062050308e+00
3                                      3.8935421353287345e+00
4                                      3.9441725355793613e+00
5                                      3.5499135715365533e+00
6                                      3.9471773917390558e+00
7                                      3.1265563601416266e+00
8                                      2.1128694590531265e+00
9                                      9.8286106388807570e-01
10                                     9.8565153978268061e-01
11                                     9.8921800337869703e-01
12                                     9.8138116534028819e-01
13                                     9.1552325883312757e-01
   &FA [&Type "ArrayOfDoubles", &Dim (14,1)] "Mayer's free valence"
                                                         0

0                                      0.0000000000000000e+00
1                                      0.0000000000000000e+00
2                                      0.0000000000000000e+00
3                                      0.0000000000000000e+00
4                                      0.0000000000000000e+00
5                                      0.0000000000000000e+00
6                                      0.0000000000000000e+00
7                                      0.0000000000000000e+00
8                                      0.0000000000000000e+00
9                                      0.0000000000000000e+00
10                                     0.0000000000000000e+00
11                                     0.0000000000000000e+00
12                                     0.0000000000000000e+00
13                                     0.0000000000000000e+00
$End
$VdW_Correction
   &GeometryIndex 1
   &ListStatus       OUT
   &VDW [&Type "Double"]      -4.6816546187852743e-03
$End
$Calculation_Info
   &GeometryIndex 1
   &ListStatus       OUT
   &MULT [&Type "Integer"] 1
   &CHARGE [&Type "Integer"] 0
   &NUMOFATOMS [&Type "Integer"] 14
   &NUMOFELECTRONS [&Type "Integer"] 62
   &NUMOFFCELECTRONS [&Type "Integer"] 1
   &NUMOFCORRELECTRONS [&Type "Integer"] 0
   &NUMOFBASISFUNCTS [&Type "Integer"] 309
   &NUMOFAUXCBASISFUNCTS [&Type "Integer"] 0
   &NUMOFAUXJBASISFUNCTS [&Type "Integer"] 325
   &NUMOFAUXJKBASISFUNCTS [&Type "Integer"] 0
   &NUMOFCABSBASISFUNCTS [&Type "Integer"] 0
   &TOTALENERGY [&Type "Double"]      -3.9965495783595145e+02  "Hartrees"
$End
$SCF_Dipole_Moment
   &GeometryIndex 1
   &ListStatus       OUT
   &METHOD [&Type "String"] "SCF"
   &LEVEL [&Type "String"] "Relaxed density"
   &MULT [&Type "Integer"] 1
   &STATE [&Type "Integer"] -1
   &IRREP [&Type "Integer"] 0
   &NATOMS [&Type "Integer"] 14
   &DODIPOLEATOM [&Type "Boolean"] false
   &DIPOLEELECCONTRIB [&Type "ArrayOfDoubles", &Dim (3,1)] "Electronic contribution"
                                                         0

0                                     -2.5480408785993056e+00
1                                      2.7092105128374805e-01
2                                     -1.6764492115240167e-04
   &DIPOLENUCCONTRIB [&Type "ArrayOfDoubles", &Dim (3,1)] "Nuclear contribution"
                                                         0

0                                      4.6263780571395969e+00
1                                     -7.9440707619294737e-01
2                                     -3.1847296778680527e-04
   &DIPOLETOTAL [&Type "ArrayOfDoubles", &Dim (3,1)] "Total"
                                                         0

0                                      2.0783371785402913e+00
1                                     -5.2348602490919927e-01
2                                     -4.8611788893920696e-04
   &DIPOLEMAGNITUDE [&Type "Double", &Units "a.u."]       2.1432506345009341e+00
$End
$THERMOCHEMISTRY_Energies
   &GeometryIndex 1
   &ListStatus       OUT
   &TEMPERATURE [&Type "Double"]       2.9814999999999998e+02
   &PRESSURE [&Type "Double"]       1.0000000000000000e+00
   &TOTALMASS [&Type "Double"]       1.1912299999999999e+02
   &SPINDEGENERACY [&Type "Integer"] 1
   &ELENERGY [&Type "Double"]      -3.9965495783595145e+02
   &TRANSENERGY [&Type "Double"]       1.4162714244859817e-03
   &ROTENERGY [&Type "Double"]       1.4162714244859817e-03
   &VIBENERGY [&Type "Double"]       4.2941658031421318e-03
   &NUMOFFREQS [&Type "Integer"] 42
   &FREQSCALINGFACTOR [&Type "Double"]       1.0000000000000000e+00
   &FREQ [&Type "ArrayOfDoubles", &Dim (42,1)] "In cm^-1"
                                                         0

0                                      0.0000000000000000e+00
1                                      0.0000000000000000e+00
2                                      0.0000000000000000e+00
3                                      0.0000000000000000e+00
4                                      0.0000000000000000e+00
5                                      0.0000000000000000e+00
6                                      1.1320661965861498e+02
7                                      1.6650944015459456e+02
8                                      2.6800401922529801e+02
9                                      4.1486748130958694e+02
10                                     4.1706972217862676e+02
11                                     4.2200300281470862e+02
12                                     4.6580556675022478e+02
13                                     4.8440885257649120e+02
14                                     5.5485697300123627e+02
15                                     5.6627091148689726e+02
16                                     6.6843861804561936e+02
17                                     7.1642985660600618e+02
18                                     7.3403606710209306e+02
19                                     8.1014294985450147e+02
20                                     8.4551847277070010e+02
21                                     8.4898126706542439e+02
22                                     9.3734850718495568e+02
23                                     9.6369026990880980e+02
24                                     1.0292906546848210e+03
25                                     1.1295184137201645e+03
26                                     1.1875945059325952e+03
27                                     1.2043606803641148e+03
28                                     1.2376709404704311e+03
29                                     1.2898453406671445e+03
30                                     1.3209833465465488e+03
31                                     1.3767047903777561e+03
32                                     1.4653975313351727e+03
33                                     1.5309514574135014e+03
34                                     1.6124756807941246e+03
35                                     1.6437538506985406e+03
36                                     2.2707042459740551e+03
37                                     3.1622398103653709e+03
38                                     3.1823192765091117e+03
39                                     3.1909207899305579e+03
40                                     3.1960344231132613e+03
41                                     3.7458481414769171e+03
   &ZPE [&Type "Double"]       1.0291440577570661e-01
   &INNERENERGYU [&Type "Double"]      -3.9954491672152363e+02
   &ENTHALPYH [&Type "Double"]      -3.9954397251248139e+02
   &QEL [&Type "Double"]       0.0000000000000000e+00
   &QROT [&Type "Double"]       1.3593801902754934e-02
   &QVIB [&Type "Double"]       6.8172812938370681e-03
   &QTRANS [&Type "Double"]       1.9119070338798890e-02
   &ENTROPYS [&Type "Double"]       3.9530153535390890e-02
   &FREEENERGYG [&Type "Double"]      -3.9958350266601678e+02
   &ISLINEAR [&Type "Boolean"] false
$End
$Hessian
   &GeometryIndex 1
   &ListStatus       OUT
   &HESSIAN [&Type "ArrayOfDoubles", &Dim (42,42)] "The Hessian"
                                                         0                           1                           2                           3                           4                           5                           6                           7

0                                      6.9737439822400016e-01         4.6227662811095312e-02         5.4711866437115372e-05        -3.5505071994907250e-01         2.7272827782431654e-02        -4.7791635265725065e-05        -3.1422633478251485e-02        -7.8335722321780557e-02
1                                      4.6227662811095312e-02         6.9862647234946706e-01        -2.0372910635293186e-05        -2.7489762128588412e-02        -1.2562289523641990e-01         3.9809626013900611e-06        -3.1580559096415890e-02         3.6886281798768891e-02
2                                      5.4711866437115372e-05        -2.0372910635293186e-05         1.3021849928176238e-01        -4.1191780224662282e-05         9.8027939966239154e-06        -5.2674885680454073e-02        -1.7546518686888112e-06        -9.4649176596262720e-06
3                                     -3.5505071994907250e-01        -2.7489762128588412e-02        -4.1191780224662282e-05         7.1172270580301888e-01        -4.0727391796143639e-02         8.8245096364425940e-05        -1.5535435206891710e-01        -2.9629273889731664e-02
4                                      2.7272827782431654e-02        -1.2562289523641990e-01         9.8027939966239154e-06        -4.0727391796143639e-02         6.9614521054813649e-01        -3.6663890032899267e-05        -9.9187615893817235e-02        -2.7673677647265371e-01
5                                     -4.7791635265725065e-05         3.9809626013900611e-06        -5.2674885680454073e-02         8.8245096364425940e-05        -3.6663890032899267e-05         1.1433484886404686e-01        -7.9295901976430295e-06         3.6147164149782832e-06
6                                     -3.1422633478251485e-02        -3.1580559096415890e-02        -1.7546518686888112e-06        -1.5535435206891710e-01        -9.9187615893817235e-02        -7.9295901976430295e-06         6.6993161459286155e-01        -1.1523952846419896e-02
7                                     -7.8335722321780557e-02         3.6886281798768891e-02        -9.4649176596262720e-06        -2.9629273889731664e-02        -2.7673677647265371e-01         3.6147164149782832e-06        -1.1523952846419896e-02         7.0025596513581068e-01
8                                     -2.6291823526636394e-06        -5.4647875075076009e-06         7.0428336455227725e-04        -7.2221078159124509e-06        -3.3303014238225349e-06        -6.4881050324267109e-02         5.6622178994170378e-05        -1.0486890774117692e-05
9                                     -3.9773773507634017e-02         2.7050941893921543e-02        -5.1269352349483479e-06         5.3598896762996104e-02         1.5629851959050187e-02         3.8825161570313442e-06        -1.4915541802187324e-01         3.3147758555423311e-02
10                                     2.2320670839687015e-02        -1.4854802459866541e-02         2.1862055613307753e-06        -1.6361156246463157e-02        -4.6709009812330629e-02        -1.9969508983315627e-07         9.6839477240492494e-02        -2.7905943979150105e-01
11                                    -5.5747744085537316e-06         3.7493994096234865e-06        -4.2401064478915724e-03         3.5024773100755367e-06         1.1732599769139273e-06         8.4790812399150282e-03        -8.9815781090609523e-06         4.4522146099554035e-06
12                                     5.2314663686440624e-02        -1.9088158306911292e-02         5.4797499054898598e-06        -4.0084470361639923e-02        -2.0951456947586225e-02        -4.4274133861931881e-06        -3.2854763823911649e-02         7.5366512609322353e-02
13                                     1.8805029306354960e-02        -5.8502304850937437e-02         5.9364005410924746e-06        -2.7371061281426846e-02        -1.4456329729292876e-02        -2.8489465345772656e-06         3.0306611308679631e-02         3.7849420168282424e-02
14                                     4.6969359711835300e-06        -3.6381198902550902e-06         1.0909629806218936e-02        -3.6588037816620605e-06        -1.4395742908027038e-06        -5.2306695108893589e-03        -3.9353777140185186e-06         7.6782098142357266e-06
15                                    -1.4904117816024234e-01         9.3936369389752944e-02        -9.4815001210695911e-06        -3.6480394122646483e-02         2.5917036797449288e-02        -7.7437578792270528e-06         8.7891177638818388e-03         1.2512468848496269e-03
16                                     5.2758197462570142e-02        -2.6218601447434814e-01         1.6643413573925316e-05         6.5981913091394132e-02         2.5905797349250057e-02         8.0948813937451721e-07         7.9121705672742775e-04        -6.7344052134058835e-02
17                                    -4.9116837651787318e-06         1.7685567042530028e-05        -6.2824769236299288e-02        -1.0197303707449495e-05        -1.3368974444561483e-06         7.9791872292830947e-03         3.6952363003308373e-06         1.6352489941225274e-06
18                                    -4.3953556465678431e-02         2.0231370010186420e-02         2.1665008991032884e-06         7.9468152715852641e-03         6.4775614648678289e-03         6.1579703528200865e-06        -6.2060350894088401e-03        -3.5923563406431804e-04
19                                     3.2511190852882149e-02         5.8678047201402520e-03        -6.5354029252134113e-06         3.5179281319342123e-03        -5.0682205997739961e-03         2.3775249718002976e-06         1.8822600585375221e-04        -3.5054755742011715e-03
20                                     3.8027427025552624e-06        -7.2817950295076107e-06        -5.4501129941263507e-04        -8.3825410982849453e-07         2.1424766236242673e-06         7.1026133476613995e-03         8.3605798390963892e-07         1.7086634901472708e-07
21                                     7.2079845369389921e-03        -1.0134817967187661e-02         2.0287669175042439e-06        -3.8813420645815305e-03        -1.2756511591072127e-03        -2.1461716212975548e-06         4.0688063285879150e-03         2.1999853213171315e-04
22                                    -2.5689073976954374e-03        -2.3051839265646563e-03         1.1775884793942589e-06        -7.3683275282889881e-04         1.0451442709761198e-03        -3.7508938028406095e-07        -3.8079113792274607e-05         9.5638971834117526e-04
23                                    -2.1804162877095102e-06         7.1267194921039935e-06         2.1090928642450504e-03         1.5107625570811568e-06         1.0259559194980341e-06        -1.2542495185692841e-03        -3.5506614007426136e-06        -3.1375984513362685e-07
24                                     5.5353645422172538e-03        -4.0381884103538809e-03         8.5207726480315491e-07        -4.7464300209426512e-02        -6.8613696902123794e-03        -7.3585493301488634e-06        -2.9065278292891278e-01        -3.8437205164342722e-02
25                                     5.5265618603246693e-03        -8.6807316940890143e-03        -5.2136830452191926e-07        -4.4169971783484863e-02         2.9061881320555025e-03        -4.6265966625306651e-06         1.3551104432665464e-02        -1.1210195804193199e-01
26                                     6.9522549017753266e-07        -7.7712539650322180e-07         7.2665085815660077e-03        -7.3193540269577610e-06        -1.6866732183187897e-06         1.0094742896675533e-02        -2.7387200059936533e-05        -3.9281216806209603e-06
27                                    -1.2884470695808842e-01        -1.2240927514800010e-01        -2.8804824269820205e-06        -1.0797644480898691e-02        -2.7949925162586497e-02         1.4538128027990231e-06        -5.0542867027401905e-03         2.0207541386636149e-03
28                                    -1.2114598495076581e-01        -2.6830715310931991e-01         5.8818663571482174e-07         2.0120314370969880e-03         4.1368480910459271e-03         1.7453034588797603e-06         1.0039169114672303e-03         1.7024540615073031e-03
29                                     6.2899996357313193e-07         5.0412224236560523e-07        -3.5463487655589612e-02        -3.0467466273857640e-06        -4.1080924769431279e-06         2.7869203848403462e-03        -1.8685123228334461e-06         1.9200412267651067e-06
30                                    -1.1435520310358174e-02         2.9327205309920775e-02        -3.1706614826878719e-06        -1.2552926368757827e-01         1.1782780062134422e-01        -2.2243568116005052e-05         7.2831705102350368e-03        -1.3383535882953369e-02
31                                    -9.7658058428076039e-04         3.4678287842992246e-03        -1.1614429218615610e-06         1.1796195612444749e-01        -2.6270242774950170e-01         3.2720744092053583e-05         1.9197879708984490e-02        -1.9698036219229220e-02
32                                    -9.1000575731487031e-07         4.2141303968570175e-06         8.1541261753403840e-04        -2.2188644702829450e-05         3.4326477163789908e-05        -2.9831088228537101e-02        -1.5321479182450709e-06        -3.6428878479948681e-06
33                                    -7.2023234218787169e-04         7.3748568182915517e-04        -1.7943226756761063e-07        -1.4982787892439278e-03         3.1735534895305502e-03        -7.5760712969695457e-07         1.0977434468126825e-02         1.3643376435558560e-02
34                                     1.2181103883833172e-03         8.5420109308702828e-05        -1.7523115050530614e-07         3.9586342923991786e-03        -3.1501904790955070e-03         1.1004821564971969e-06        -1.7953311186131131e-02        -1.9461973940024281e-02
35                                     4.4869753356473977e-07         1.3449804378534713e-07        -8.3397394964486416e-04        -6.7500539283775748e-07         3.0100598870687565e-07         5.0034550067667742e-03        -2.5826605417774947e-09         4.0837602148435157e-06
36                                    -1.3358640112237424e-03        -3.2985453653342975e-03        -4.2689362069964396e-07        -6.8873453467453282e-04        -5.7951252732208846e-04         3.9797321375883063e-07        -4.7995983895681334e-03        -1.8209893101861982e-03
37                                    -4.1918489483237457e-03        -3.1344607887000154e-03        -6.2974150898580923e-07        -7.1156375701652403e-04         5.4209675866034868e-04        -1.0607634231830977e-07        -1.0975973378950918e-03         1.6237668813919312e-03
38                                    -1.0691717031809271e-06         1.0983861034761418e-06         5.1733218085860217e-03         1.0188917462304669e-06         3.7544147759012207e-08        -6.7265042884248757e-04        -1.9036922205057342e-06        -1.6127504686365888e-06
39                                    -8.5422580685985856e-04         5.2437775319362284e-04        -6.2527739770348525e-07         3.5610824310793217e-03         1.4558267652700213e-03         1.1616881597085758e-06        -2.5550273160109667e-02         4.7738408246885272e-02
40                                     5.8268647200883784e-04        -1.3402612217383357e-03         1.4108083937924001e-06        -6.4569851447564761e-03         3.7645649289438643e-03        -2.0468711521687635e-06        -3.9545754375468201e-04        -1.3665655905021523e-03
41                                    -3.1894533684933577e-07         1.5657105106853103e-07        -6.1451405517267603e-04         1.1600082871053861e-06         2.7385842996441775e-07        -1.2362552776296184e-03        -2.9748832067457820e-06         5.5396281504930860e-06
                                                         8                           9                          10                          11                          12                          13                          14                          15

0                                     -2.6291823526636394e-06        -3.9773773507634017e-02         2.2320670839687015e-02        -5.5747744085537316e-06         5.2314663686440624e-02         1.8805029306354960e-02         4.6969359711835300e-06        -1.4904117816024234e-01
1                                     -5.4647875075076009e-06         2.7050941893921543e-02        -1.4854802459866541e-02         3.7493994096234865e-06        -1.9088158306911292e-02        -5.8502304850937437e-02        -3.6381198902550902e-06         9.3936369389752944e-02
2                                      7.0428336455227725e-04        -5.1269352349483479e-06         2.1862055613307753e-06        -4.2401064478915724e-03         5.4797499054898598e-06         5.9364005410924746e-06         1.0909629806218936e-02        -9.4815001210695911e-06
3                                     -7.2221078159124509e-06         5.3598896762996104e-02        -1.6361156246463157e-02         3.5024773100755367e-06        -4.0084470361639923e-02        -2.7371061281426846e-02        -3.6588037816620605e-06        -3.6480394122646483e-02
4                                     -3.3303014238225349e-06         1.5629851959050187e-02        -4.6709009812330629e-02         1.1732599769139273e-06        -2.0951456947586225e-02        -1.4456329729292876e-02        -1.4395742908027038e-06         2.5917036797449288e-02
5                                     -6.4881050324267109e-02         3.8825161570313442e-06        -1.9969508983315627e-07         8.4790812399150282e-03        -4.4274133861931881e-06        -2.8489465345772656e-06        -5.2306695108893589e-03        -7.7437578792270528e-06
6                                      5.6622178994170378e-05        -1.4915541802187324e-01         9.6839477240492494e-02        -8.9815781090609523e-06        -3.2854763823911649e-02         3.0306611308679631e-02        -3.9353777140185186e-06         8.7891177638818388e-03
7                                     -1.0486890774117692e-05         3.3147758555423311e-02        -2.7905943979150105e-01         4.4522146099554035e-06         7.5366512609322353e-02         3.7849420168282424e-02         7.6782098142357266e-06         1.2512468848496269e-03
8                                      1.5907297563721304e-01        -7.8123664159386376e-06         1.1162786776524304e-05        -6.7920110730261066e-02        -4.8866719038030630e-06         3.6535680584967696e-06         1.4903183069053926e-03         1.0868562797637857e-06
9                                     -7.8123664159386376e-06         7.2019384413322340e-01         4.2305668200491878e-02         8.4979870746349035e-05        -3.5956966886400415e-01         2.6743253933330140e-02        -4.2808263524144903e-05        -3.6039723367135824e-02
10                                     1.1162786776524304e-05         4.2305668200491878e-02         7.0388113930952323e-01         1.4710492651080122e-05        -2.7803391757681137e-02        -1.2868202576428861e-01        -6.8152795318961534e-06        -2.6859875419345647e-02
11                                    -6.7920110730261066e-02         8.4979870746349035e-05         1.4710492651080122e-05         1.2219665533717324e-01        -4.8246828830309478e-05        -1.1445713992185844e-06        -5.5885967274495768e-02        -6.8713225306137651e-06
12                                    -4.8866719038030630e-06        -3.5956966886400415e-01        -2.7803391757681137e-02        -4.8246828830309478e-05         7.0069490971910131e-01        -4.7017064690274113e-02         5.7863757334224302e-05        -1.4880703513418872e-01
13                                     3.6535680584967696e-06         2.6743253933330140e-02        -1.2868202576428861e-01        -1.1445713992185844e-06        -4.7017064690274113e-02         6.9839276110096615e-01        -1.7654163425157934e-06        -9.2824092754274390e-02
14                                     1.4903183069053926e-03        -4.2808263524144903e-05        -6.8152795318961534e-06        -5.5885967274495768e-02         5.7863757334224302e-05        -1.7654163425157934e-06         1.3444417135250844e-01        -5.4571579966828980e-06
15                                     1.0868562797637857e-06        -3.6039723367135824e-02        -2.6859875419345647e-02        -6.8713225306137651e-06        -1.4880703513418872e-01        -9.2824092754274390e-02        -5.4571579966828980e-06         6.8336625427526154e-01
16                                     1.7199382090488105e-06        -6.5257405931872861e-02         2.7397860535215979e-02        -1.1661000038767215e-06        -5.1733903877975718e-02        -2.6098350594710967e-01        -8.3398679155065699e-06        -6.8793821586181044e-04
