
$orca_hessian_file

$act_atom
  0

$act_coord
  0

$act_energy
        0.000000

$multiplicity
  1

$hessian
42
                    0                  1                  2                  3                  4        
    0      6.9439821481E-01   4.2858086760E-02   5.5870673099E-05  -3.5030450657E-01   2.7770542856E-02
    1      4.2858086760E-02   7.0335986186E-01   8.9196290321E-06  -2.7191311326E-02  -1.2558452161E-01
    2      5.5870673099E-05   8.9196290321E-06   1.3028906176E-01  -1.8365800471E-05  -4.8218053268E-06
    3     -3.5030450657E-01  -2.7191311326E-02  -1.8365800471E-05   7.0460524320E-01  -3.7043325166E-02
    4      2.7770542856E-02  -1.2558452161E-01  -4.8218053268E-06  -3.7043325166E-02   6.9890617979E-01
    5     -7.2941992360E-06  -8.2694963110E-06  -5.3066688430E-02   1.1424149817E-05   8.7599615020E-07
    6     -3.1198693556E-02  -3.1522786960E-02   8.8012981500E-08  -1.5723500110E-01  -1.0048473787E-01
    7     -7.8229068008E-02   3.6959953813E-02  -4.5252348919E-06  -3.1465515347E-02  -2.7777277610E-01
    8      1.4649582320E-06  -2.5177316874E-06   5.2502422328E-04  -3.7889690966E-06  -2.8236714732E-06
    9     -4.0040662066E-02   2.7098091102E-02  -2.3336349071E-06   5.3794805912E-02   1.5492008644E-02
   10      2.2234093705E-02  -1.4954496095E-02   2.7886203656E-06  -1.6482237897E-02  -4.7344451039E-02
   11     -2.6391195064E-06   4.8728231547E-06  -4.2946506577E-03   4.0461817213E-06   9.6864723009E-07
   12      5.2614387127E-02  -1.9358215082E-02   4.0140523485E-06  -4.0516594842E-02  -2.0800571076E-02
   13      1.8807281057E-02  -5.9511051077E-02   2.6497900187E-06  -2.7330664931E-02  -1.4564468356E-02
   14      4.0681158895E-06  -2.5678866577E-06   1.1216335538E-02  -2.6374468903E-06  -3.0717506533E-06
   15     -1.5105609030E-01   9.7239004588E-02  -1.0380750007E-05  -3.6018450917E-02   2.5726833904E-02
   16      5.5690494857E-02  -2.6578630383E-01   5.7886215327E-07   6.6071223164E-02   2.5810326533E-02
   17     -2.9446813497E-05   9.4704708706E-06  -6.2537795249E-02  -1.3121792742E-06   9.2021901055E-06
   18     -4.3507859081E-02   1.9670764923E-02  -1.6755965147E-05   7.8226503745E-03   6.3965526740E-03
   19      3.2285947754E-02   6.0447618239E-03   7.4318918340E-06   3.4175024960E-03  -5.0301240624E-03
   20      3.2509335762E-06  -3.3534153468E-06  -6.7800302913E-04   1.5463684548E-06   2.1128887167E-06
   21      7.0883379855E-03  -9.9717122852E-03   3.2235375796E-06  -3.7998927381E-03  -1.2454951665E-03
   22     -2.6058300154E-03  -2.3131943138E-03   1.6547480141E-06  -7.0840296620E-04   1.0465294751E-03
   23     -4.7496405531E-06   6.0950517452E-06   2.0949408708E-03   3.3372996669E-06   2.8865421649E-06
   24      5.4490374917E-03  -3.8298784848E-03  -3.2647700062E-06  -4.6608630771E-02  -6.7111922324E-03
   25      5.5786057603E-03  -8.7022369605E-03   1.5539052066E-06  -4.4155985738E-02   3.2225345088E-03
   26     -2.4997001168E-06   1.9234182918E-06   7.3466748274E-03   2.1718219717E-06   1.1054720040E-06
   27     -1.2891229843E-01  -1.2255429179E-01  -1.1890666175E-05  -1.0821540884E-02  -2.7797939265E-02
   28     -1.2104984905E-01  -2.6820967935E-01  -1.6808997770E-05   2.0948479639E-03   4.1389163119E-03
   29     -1.7339236425E-05  -1.2126513964E-05  -3.5532255761E-02   2.9904231668E-06  -1.3581803621E-06
   30     -1.1655280020E-02   2.9544336334E-02  -1.9122070591E-07  -1.2249274737E-01   1.1504848014E-01
   31     -8.7553279165E-04   3.1761273392E-03   8.4716121134E-07   1.1554840450E-01  -2.6385348729E-01
   32     -8.1005431600E-07   1.0479161114E-06   8.7323583161E-04   4.1244911688E-06  -3.9626140023E-06
   33     -7.0479368312E-04   7.3945884807E-04  -1.0485907854E-08  -1.4738919314E-03   3.1589173742E-03
   34      1.2318086060E-03   8.6067765934E-05   3.9171216264E-07   3.9981663423E-03  -3.2776963690E-03
   35     -1.6396580953E-07   2.7512968159E-09  -8.2370320330E-04  -6.2625659011E-08   6.3469033535E-07
   36     -1.3197065774E-03  -3.3194989071E-03  -1.0828682169E-06  -6.9042127080E-04  -5.9891447300E-04
   37     -4.2475770316E-03  -3.2566507665E-03   3.2271481340E-07  -7.2220677458E-04   5.5537036821E-04
   38      7.1862110626E-07  -3.0900531621E-06   5.1961160131E-03  -2.2518202614E-06  -2.9592931005E-07
   39     -8.5008712589E-04   5.6836516345E-04   4.1486151284E-07   3.7389789064E-03   1.3141545690E-03
   40      5.8058265701E-04  -1.3086386006E-03  -1.0376660291E-06  -6.2558092408E-03   3.7476678357E-03
   41      2.3445157914E-07  -3.5229416793E-07  -6.0829273376E-04  -5.0214629216E-07   7.3594254911E-08
                    5                  6                  7                  8                  9        
    0     -7.2941992360E-06  -3.1198693556E-02  -7.8229068008E-02   1.4649582320E-06  -4.0040662066E-02
    1     -8.2694963110E-06  -3.1522786960E-02   3.6959953813E-02  -2.5177316874E-06   2.7098091102E-02
    2     -5.3066688430E-02   8.8012981500E-08  -4.5252348919E-06   5.2502422328E-04  -2.3336349071E-06
    3      1.1424149817E-05  -1.5723500110E-01  -3.1465515347E-02  -3.7889690966E-06   5.3794805912E-02
    4      8.7599615020E-07  -1.0048473787E-01  -2.7777277610E-01  -2.8236714732E-06   1.5492008644E-02
    5      1.1475092695E-01  -2.2136030903E-07   4.9254399444E-06  -6.4530126334E-02   4.0688446151E-06
    6     -2.2136030903E-07   6.8013187891E-01  -1.1303190155E-02   8.5783243371E-06  -1.5037515961E-01
    7      4.9254399444E-06  -1.1303190155E-02   7.0336864662E-01   6.5674439538E-07   3.5212486171E-02
    8     -6.4530126334E-02   8.5783243371E-06   6.5674439538E-07   1.5843659315E-01  -3.5730176684E-06
    9      4.0688446151E-06  -1.5037515961E-01   3.5212486171E-02  -3.5730176684E-06   7.2201949992E-01
   10     -1.2510574387E-06   9.9360349263E-02  -2.8126186914E-01   2.3541688016E-06   4.0838121454E-02
   11      8.7221024915E-03  -6.7141955520E-07  -6.5209851009E-06  -6.8072042323E-02   1.3151899567E-05
   12     -3.0226926997E-06  -3.2734234735E-02   7.5407809935E-02   1.2577184249E-06  -3.5805538522E-01
   13     -4.8575230664E-06   3.0329367722E-02   3.7826944574E-02   2.2719947419E-06   2.6365129212E-02
   14     -5.1778212438E-03   1.0415286522E-06   5.9000949917E-06   1.4863249888E-03  -1.9486553193E-05
   15     -4.6526535833E-06   9.1645950338E-03   1.2205764939E-03  -1.3705343569E-06  -3.5609094121E-02
   16      1.1412137072E-05   7.3538771704E-04  -6.7329020572E-02   5.2512201179E-07  -6.5117582660E-02
   17      7.9550260997E-03   9.0479302657E-07  -7.3007917992E-07  -6.3017336853E-03  -1.4566687910E-06
   18      2.2335049323E-06  -6.1358008698E-03  -3.7297053597E-04   3.7985407205E-06   7.6655081814E-03
   19      1.9824521124E-06   1.7881691784E-04  -3.4512572908E-03  -1.6542157898E-07  -3.5006659256E-03
   20      7.1241191677E-03  -1.5808725212E-06  -2.4580438829E-07  -7.2433591380E-04   8.6039592108E-07
   21     -3.7553284833E-06   4.0245833892E-03   2.3283578521E-04  -7.8619718793E-07  -3.6821672712E-03
   22     -1.4525571786E-06  -3.5537068185E-05   9.2961331208E-04   1.5381601864E-08   7.1696705549E-04
   23     -1.2610466901E-03  -5.0589316432E-06  -1.5265259648E-08   1.5901928356E-04   3.9387921413E-06
   24     -4.3413314347E-07  -2.9814094593E-01  -3.9187415142E-02  -1.6124992648E-06  -4.6558747381E-02
   25     -9.6986589668E-07   1.2797887420E-02  -1.1228378210E-01   1.3524152801E-06   5.1735643351E-02
   26      9.9434182197E-03  -1.9842015810E-06   2.7588087086E-08  -4.2457369202E-02   3.6690509183E-07
   27     -2.5878755807E-06  -5.0421940712E-03   2.0231187147E-03  -1.1113702952E-06  -6.0409441589E-04
   28      2.0208379428E-07   1.0372889608E-03   1.6949869100E-03  -3.6033745602E-08   7.4206308881E-04
   29      2.6689530951E-03  -1.1315798684E-06  -3.0275192790E-06   8.3945648265E-03  -2.2730553236E-06
   30      3.2204281905E-06   7.5235517104E-03  -1.3520814720E-02   2.5927769387E-07  -8.6393686864E-04
   31     -3.9733868574E-06   1.9077205981E-02  -1.9448892756E-02   3.5966313173E-07  -4.4174380515E-03
   32     -3.0142935597E-02  -5.4072656933E-07  -2.6507511796E-07   3.2667041800E-03  -1.8024831493E-07
   33      2.5719731916E-07   1.0952417314E-02   1.3681010363E-02   1.9997193171E-07  -1.2965627622E-01
   34     -7.8785594814E-08  -1.8151595130E-02  -1.9869749982E-02  -4.1649001502E-07  -1.2171534229E-01
   35      4.9394562956E-03  -7.6125968417E-07   1.4011108375E-07   4.6607852991E-03   3.6396105160E-06
   36     -6.8703086566E-08  -4.7859934695E-03  -1.8240382831E-03  -8.5291481078E-07  -1.0902678191E-02
   37     -3.3599317268E-07  -1.1127188236E-03   1.6343430827E-03  -1.9913831254E-07  -1.9182965440E-03
   38     -6.8063937276E-04  -1.3064688287E-06   2.9944781924E-06   8.5368011867E-03   3.1076042519E-06
   39      1.1307322434E-07  -2.6149003016E-02   4.8022531260E-02  -2.0874668291E-07  -7.1316126590E-03
   40      2.6448660929E-07  -8.0309450913E-04  -9.9714037866E-04  -9.5606810756E-07  -1.3596367403E-03
   41     -1.2447446540E-03   3.8961958639E-07   2.6457147886E-07  -3.3802096754E-03   8.1025883461E-07
                   10                 11                 12                 13                 14        
    0      2.2234093705E-02  -2.6391195064E-06   5.2614387127E-02   1.8807281057E-02   4.0681158895E-06
    1     -1.4954496095E-02   4.8728231547E-06  -1.9358215082E-02  -5.9511051077E-02  -2.5678866577E-06
    2      2.7886203656E-06  -4.2946506577E-03   4.0140523485E-06   2.6497900187E-06   1.1216335538E-02
    3     -1.6482237897E-02   4.0461817213E-06  -4.0516594842E-02  -2.7330664931E-02  -2.6374468903E-06
    4     -4.7344451039E-02   9.6864723009E-07  -2.0800571076E-02  -1.4564468356E-02  -3.0717506533E-06
    5     -1.2510574387E-06   8.7221024915E-03  -3.0226926997E-06  -4.8575230664E-06  -5.1778212438E-03
    6      9.9360349263E-02  -6.7141955520E-07  -3.2734234735E-02   3.0329367722E-02   1.0415286522E-06
    7     -2.8126186914E-01  -6.5209851009E-06   7.5407809935E-02   3.7826944574E-02   5.9000949917E-06
    8      2.3541688016E-06  -6.8072042323E-02   1.2577184249E-06   2.2719947419E-06   1.4863249888E-03
    9      4.0838121454E-02   1.3151899567E-05  -3.5805538522E-01   2.6365129212E-02  -1.9486553193E-05
   10      7.0621062886E-01   7.3807191514E-07  -2.8004971368E-02  -1.2888817086E-01   4.3776729246E-06
   11      7.3807191514E-07   1.2200971958E-01  -8.0044803196E-06   8.2387040372E-06  -5.5954013465E-02
   12     -2.8004971368E-02  -8.0044803196E-06   7.0012185923E-01  -4.4856335335E-02   5.5835491551E-05
   13     -1.2888817086E-01   8.2387040372E-06  -4.4856335335E-02   7.0051905043E-01  -9.3651237093E-06
   14      4.3776729246E-06  -5.5954013465E-02   5.5835491551E-05  -9.3651237093E-06   1.3448843266E-01
   15     -2.6486916524E-02  -4.1901839929E-06  -1.5068323392E-01  -9.5292217525E-02  -9.9463915937E-06
   16      2.7535620528E-02  -1.2142798098E-05  -5.3789813932E-02  -2.6211455916E-01   7.8123842661E-07
   17     -9.2618749827E-06   8.2721350374E-03  -2.8927802771E-05  -8.5500138210E-06  -6.3453845498E-02
   18     -6.3994772985E-03   1.7218908322E-06  -4.3231394159E-02  -1.9325185350E-02  -1.6911741928E-05
   19     -5.1546026962E-03  -1.8189892593E-06  -3.1996677800E-02   6.4360113950E-03  -7.5800024048E-06
   20     -1.8586585931E-06   6.8248379911E-03   3.5876538480E-06   3.0177743841E-06  -6.3995425345E-04
   21      1.1330129535E-03  -3.5999869771E-06   6.9696573382E-03   9.8868495559E-03   3.4250801715E-06
   22      1.0674634402E-03   1.4736859707E-06   2.5931968389E-03  -2.3854145416E-03  -1.6940037245E-06
   23     -2.4614878609E-06  -1.1933514192E-03  -4.6861262553E-06  -6.4628851709E-06   2.0756959755E-03
   24      1.4792063612E-02  -1.1365041638E-06   7.1597065424E-03   2.3526999961E-03  -3.4070819534E-06
   25      4.4295407931E-03   2.2248739586E-06  -5.2395110849E-03  -1.0041280092E-02  -7.0606934114E-07
   26     -9.8555114513E-07   6.2856274187E-03  -1.4134366167E-06  -6.6555142282E-07   4.7597525946E-03
   27      5.9275524114E-04   1.7909080767E-07  -1.3259277119E-03   3.2754897992E-03  -1.3286685423E-06
   28      4.9289806735E-04   5.8297490239E-07   4.3103725265E-03  -3.2816999339E-03  -5.2184973864E-07
   29      4.2712810571E-07  -9.8763588794E-04   6.8947379165E-07   3.0949012707E-06   5.5294913403E-03
   30     -3.4782620404E-03   1.6579544264E-07  -8.8347332225E-04  -7.4187526635E-04   3.2095699059E-09
   31     -3.3371023997E-03   4.8865970145E-07  -1.2262111522E-03   8.6729966902E-05  -5.9485850930E-07
   32     -6.0557193075E-07   4.9688965538E-03  -1.4528047928E-07  -6.4036202437E-08  -7.1961001537E-04
   33     -1.2319019254E-01   2.9319487905E-06  -1.1157370413E-02  -2.7986619790E-02  -2.9188179660E-07
   34     -2.6571219571E-01   3.3367658839E-06   1.6248894719E-03   4.5504827483E-03  -8.4652568642E-07
   35      3.2399346135E-06  -3.3276706847E-02  -7.6796067841E-07  -1.0136855365E-06   1.5466010381E-03
   36      2.8058897106E-02  -2.8167233480E-06  -1.2860806081E-01   1.2219495448E-01  -1.1586990674E-05
   37      4.2019256455E-03   6.4179754821E-08   1.2078834310E-01  -2.6845202833E-01   1.6578930378E-05
   38      1.3556419005E-06   3.4781583575E-03  -1.7203562048E-05   1.2130598324E-05  -3.6912024270E-02
   39     -3.1387835398E-03   2.2047795988E-07   3.3006490568E-04   2.3242909584E-03   6.5881132477E-07
   40      2.7148106089E-03  -1.1887284635E-06   5.4453038148E-04  -1.8054675515E-04  -5.0386509915E-07
   41     -1.7492226227E-07   3.2169231680E-03  -6.4852868395E-07  -6.1094504408E-07   1.7546346054E-03
                   15                 16                 17                 18                 19        
    0     -1.5105609030E-01   5.5690494857E-02  -2.9446813497E-05  -4.3507859081E-02   3.2285947754E-02
    1      9.7239004588E-02  -2.6578630383E-01   9.4704708706E-06   1.9670764923E-02   6.0447618239E-03
    2     -1.0380750007E-05   5.7886215327E-07  -6.2537795249E-02  -1.6755965147E-05   7.4318918340E-06
    3     -3.6018450917E-02   6.6071223164E-02  -1.3121792742E-06   7.8226503745E-03   3.4175024960E-03
    4      2.5726833904E-02   2.5810326533E-02   9.2021901055E-06   6.3965526740E-03  -5.0301240624E-03
    5     -4.6526535833E-06   1.1412137072E-05   7.9550260997E-03   2.2335049323E-06   1.9824521124E-06
    6      9.1645950338E-03   7.3538771704E-04   9.0479302657E-07  -6.1358008698E-03   1.7881691784E-04
    7      1.2205764939E-03  -6.7329020572E-02  -7.3007917992E-07  -3.7297053597E-04  -3.4512572908E-03
    8     -1.3705343569E-06   5.2512201179E-07  -6.3017336853E-03   3.7985407205E-06  -1.6542157898E-07
    9     -3.5609094121E-02  -6.5117582660E-02  -1.4566687910E-06   7.6655081814E-03  -3.5006659256E-03
   10     -2.6486916524E-02   2.7535620528E-02  -9.2618749827E-06  -6.3994772985E-03  -5.1546026962E-03
   11     -4.1901839929E-06  -1.2142798098E-05   8.2721350374E-03   1.7218908322E-06  -1.8189892593E-06
   12     -1.5068323392E-01  -5.3789813932E-02  -2.8927802771E-05  -4.3231394159E-02  -3.1996677800E-02
   13     -9.5292217525E-02  -2.6211455916E-01  -8.5500138210E-06  -1.9325185350E-02   6.4360113950E-03
   14     -9.9463915937E-06   7.8123842661E-07  -6.3453845498E-02  -1.6911741928E-05  -7.5800024048E-06
   15      6.7425009188E-01  -1.7942671264E-03   8.8816376636E-05  -2.8373847986E-01  -3.7081466367E-05
   16     -1.7942671264E-03   6.3096660472E-01  -7.6150650683E-07  -1.3651200590E-04  -8.4521721331E-02
   17      8.8816376636E-05  -7.6150650683E-07   1.3258394675E-01  -8.5891050776E-05  -2.0159486035E-08
   18     -2.8373847986E-01  -1.3651200590E-04  -8.5891050776E-05   1.5112605423E+00   1.0262172907E-03
   19     -3.7081466367E-05  -8.4521721331E-02  -2.0159486035E-08   1.0262172907E-03   1.1967719532E-01
   20     -3.0469917458E-05   3.4186163999E-07  -5.2627010270E-02  -1.0832231813E-03  -1.3011813034E-06
   21     -2.9781642325E-02   1.6440927627E-04   5.3999633201E-05  -1.1569273070E+00  -1.2092956697E-03
   22      6.7544138246E-05   2.0881120523E-02   1.1382761579E-07  -1.2456747934E-03  -3.5993437218E-02
   23     -3.3919241312E-05  -3.9407127523E-07   1.5149782083E-02   1.1992268690E-03   1.3820111644E-06
   24     -8.5473418517E-03  -9.0991143055E-04   2.8842705429E-06   5.3135546922E-03  -9.0783631191E-05
   25      2.4380898930E-04   6.2928094539E-03   4.3031835240E-07  -3.5985411015E-04   6.9787926226E-04
   26      9.4773023327E-07  -7.2447452664E-07  -1.2622889772E-03  -1.4115002082E-06   3.7541531507E-08
   27      1.0757516514E-02   1.4979203703E-02   3.2712048203E-06   1.4932845307E-03   5.4475105354E-04
   28     -1.5429874732E-02  -1.8221307065E-02  -2.3956593925E-07  -1.7695419057E-03   4.4722098329E-04
   29      1.9998931720E-06  -7.0215291795E-06   3.3870440340E-03   4.1527496567E-07   4.2198876378E-07
   30     -5.1875731206E-03  -1.3656370889E-03  -1.2788112361E-06  -5.3779526428E-04   1.6191048822E-03
   31     -1.0119750170E-03   2.4235687121E-03  -9.8387564542E-07   7.5648162876E-05   1.8445265052E-04
   32     -1.1477919375E-06   1.6661590410E-06   7.3951575066E-03   4.1637199758E-07  -7.5765431253E-07
   33     -4.9320519341E-03   1.3587761206E-03  -1.1442190404E-06  -5.6195595446E-04  -1.4848943311E-03
   34      1.2556003712E-03   2.2402595887E-03   1.2815541236E-06  -4.6484288785E-05   2.9525821814E-04
   35     -1.1104010602E-06  -1.7744824229E-06   7.6720744725E-03   3.3158174841E-07   8.2927281897E-07
   36      1.0669347810E-02  -1.5148154850E-02   3.1166033986E-06   1.5061983445E-03  -5.2802933824E-04
   37      1.5228349530E-02  -1.8289849298E-02   2.1403380334E-07   1.7866162350E-03   4.3618316432E-04
   38      1.9173611116E-06   6.8711302245E-06   3.6345474052E-03   4.0471128587E-07  -4.5745404990E-07
   39      7.1240711778E-04  -7.2644713388E-04   4.1763274126E-07  -4.2114627745E-04  -2.1439621762E-04
   40     -9.4055423434E-04   1.1245120029E-04  -8.7551924643E-08   6.8938498781E-04  -6.7820218572E-05
   41     -4.4646483432E-07   5.6458405498E-07   1.3296029556E-04   6.4331037323E-07  -5.3036878041E-09
                   20                 21                 22                 23                 24        
    0      3.2509335762E-06   7.0883379855E-03  -2.6058300154E-03  -4.7496405531E-06   5.4490374917E-03
    1     -3.3534153468E-06  -9.9717122852E-03  -2.3131943138E-03   6.0950517452E-06  -3.8298784848E-03
    2     -6.7800302913E-04   3.2235375796E-06   1.6547480141E-06   2.0949408708E-03  -3.2647700062E-06
    3      1.5463684548E-06  -3.7998927381E-03  -7.0840296620E-04   3.3372996669E-06  -4.6608630771E-02
    4      2.1128887167E-06  -1.2454951665E-03   1.0465294751E-03   2.8865421649E-06  -6.7111922324E-03
    5      7.1241191677E-03  -3.7553284833E-06  -1.4525571786E-06  -1.2610466901E-03  -4.3413314347E-07
    6     -1.5808725212E-06   4.0245833892E-03  -3.5537068185E-05  -5.0589316432E-06  -2.9814094593E-01
    7     -2.4580438829E-07   2.3283578521E-04   9.2961331208E-04  -1.5265259648E-08  -3.9187415142E-02
    8     -7.2433591380E-04  -7.8619718793E-07   1.5381601864E-08   1.5901928356E-04  -1.6124992648E-06
    9      8.6039592108E-07  -3.6821672712E-03   7.1696705549E-04   3.9387921413E-06  -4.6558747381E-02
   10     -1.8586585931E-06   1.1330129535E-03   1.0674634402E-03  -2.4614878609E-06   1.4792063612E-02
   11      6.8248379911E-03  -3.5999869771E-06   1.4736859707E-06  -1.1933514192E-03  -1.1365041638E-06
   12      3.5876538480E-06   6.9696573382E-03   2.5931968389E-03  -4.6861262553E-06   7.1597065424E-03
   13      3.0177743841E-06   9.8868495559E-03  -2.3854145416E-03  -6.4628851709E-06   2.3526999961E-03
   14     -6.3995425345E-04   3.4250801715E-06  -1.6940037245E-06   2.0756959755E-03  -3.4070819534E-06
   15     -3.0469917458E-05  -2.9781642325E-02   6.7544138246E-05  -3.3919241312E-05  -8.5473418517E-03
   16      3.4186163999E-07   1.6440927627E-04   2.0881120523E-02  -3.9407127523E-07  -9.0991143055E-04
   17     -5.2627010270E-02   5.3999633201E-05   1.1382761579E-07   1.5149782083E-02   2.8842705429E-06
   18     -1.0832231813E-03  -1.1569273070E+00  -1.2456747934E-03   1.1992268690E-03   5.3135546922E-03
   19     -1.3011813034E-06  -1.2092956697E-03  -3.5993437218E-02   1.3820111644E-06  -9.0783631191E-05
   20      8.4305414143E-02   1.1008803894E-03   1.3192879817E-06  -3.6599772300E-02   3.9839717255E-06
   21      1.1008803894E-03   1.1802745678E+00   1.1858210239E-03  -1.1569125560E-03  -3.4803565077E-03
   22      1.3192879817E-06   1.1858210239E-03   1.6684475749E-02  -1.4237201625E-06   2.0318623785E-05
   23     -3.6599772300E-02  -1.1569125560E-03  -1.4237201625E-06   1.9153448893E-02   8.2618638953E-07
   24      3.9839717255E-06  -3.4803565077E-03   2.0318623785E-05   8.2618638953E-07   4.8253984032E-01
   25     -6.6580426684E-07   1.4234795341E-04  -1.0816450620E-04  -1.9636874395E-06  -1.4416233001E-01
   26     -9.4656932602E-04   6.6155915583E-07   4.5810850989E-08   1.9438052591E-04   4.4344049814E-06
   27     -1.0523543390E-06  -1.6596881892E-04  -2.9354402029E-04   6.7479871468E-07  -1.4300267675E-03
   28     -1.5187891436E-06   7.5909838990E-04   1.9561214567E-04   3.0564825216E-07   1.4938965964E-04
   29     -4.0320067432E-03   1.2271712678E-06   2.9295466465E-07   4.5305024221E-04  -6.1069912256E-08
   30     -5.4869515159E-07  -3.7320255228E-04  -3.2379764003E-04   7.8088352124E-08   3.8663901550E-03
   31     -1.3745725141E-07  -5.0286384013E-05  -8.8738158822E-05   6.3816508337E-07   2.0329514953E-04
   32      1.0015387873E-03  -4.7567031780E-07  -1.2195520665E-09  -3.2374388266E-04   7.2875074746E-07
   33     -5.6508021633E-07  -3.0904442922E-04   2.9522614238E-04   1.0694068233E-07   1.2154940282E-03
   34      1.9268059425E-08   9.2443255954E-05  -1.1102011154E-04  -7.7255016098E-07  -5.6459424245E-04
   35      9.6069732287E-04  -4.2962981107E-07  -1.8496783675E-08  -3.2259690518E-04   7.9880747086E-07
   36     -1.0475440300E-06  -1.6878382361E-04   2.9279098069E-04   4.8087501809E-07  -8.4759449110E-04
   37      1.4867498542E-06  -7.6976431541E-04   1.9469369836E-04  -5.2846430134E-08   8.5634591033E-06
   38     -3.8762159834E-03   1.1242733543E-06  -2.6109576002E-07   4.2663650394E-04   2.1424320850E-07
   39     -6.2068446165E-07   3.3121896359E-04   3.4668255495E-05  -1.6984889278E-06  -9.9930379531E-02
   40      8.0428751512E-07  -3.4401092845E-04   4.6050605887E-07   2.2245535424E-06   1.7794068557E-01
   41     -9.2739593261E-05  -2.2714050984E-07  -5.0061731111E-08  -6.4431807938E-06  -3.1028845480E-06
                   25                 26                 27                 28                 29        
    0      5.5786057603E-03  -2.4997001168E-06  -1.2891229843E-01  -1.2104984905E-01  -1.7339236425E-05
    1     -8.7022369605E-03   1.9234182918E-06  -1.2255429179E-01  -2.6820967935E-01  -1.2126513964E-05
    2      1.5539052066E-06   7.3466748274E-03  -1.1890666175E-05  -1.6808997770E-05  -3.5532255761E-02
    3     -4.4155985738E-02   2.1718219717E-06  -1.0821540884E-02   2.0948479639E-03   2.9904231668E-06
    4      3.2225345088E-03   1.1054720040E-06  -2.7797939265E-02   4.1389163119E-03  -1.3581803621E-06
    5     -9.6986589668E-07   9.9434182197E-03  -2.5878755807E-06   2.0208379428E-07   2.6689530951E-03
    6      1.2797887420E-02  -1.9842015810E-06  -5.0421940712E-03   1.0372889608E-03  -1.1315798684E-06
    7     -1.1228378210E-01   2.7588087086E-08   2.0231187147E-03   1.6949869100E-03  -3.0275192790E-06
    8      1.3524152801E-06  -4.2457369202E-02  -1.1113702952E-06  -3.6033745602E-08   8.3945648265E-03
    9      5.1735643351E-02   3.6690509183E-07  -6.0409441589E-04   7.4206308881E-04  -2.2730553236E-06
   10      4.4295407931E-03  -9.8555114513E-07   5.9275524114E-04   4.9289806735E-04   4.2712810571E-07
   11      2.2248739586E-06   6.2856274187E-03   1.7909080767E-07   5.8297490239E-07  -9.8763588794E-04
   12     -5.2395110849E-03  -1.4134366167E-06  -1.3259277119E-03   4.3103725265E-03   6.8947379165E-07
   13     -1.0041280092E-02  -6.6555142282E-07   3.2754897992E-03  -3.2816999339E-03   3.0949012707E-06
   14     -7.0606934114E-07   4.7597525946E-03  -1.3286685423E-06  -5.2184973864E-07   5.5294913403E-03
   15      2.4380898930E-04   9.4773023327E-07   1.0757516514E-02  -1.5429874732E-02   1.9998931720E-06
   16      6.2928094539E-03  -7.2447452664E-07   1.4979203703E-02  -1.8221307065E-02  -7.0215291795E-06
   17      4.3031835240E-07  -1.2622889772E-03   3.2712048203E-06  -2.3956593925E-07   3.3870440340E-03
   18     -3.5985411015E-04  -1.4115002082E-06   1.4932845307E-03  -1.7695419057E-03   4.1527496567E-07
   19      6.9787926226E-04   3.7541531507E-08   5.4475105354E-04   4.4722098329E-04   4.2198876378E-07
   20     -6.6580426684E-07  -9.4656932602E-04  -1.0523543390E-06  -1.5187891436E-06  -4.0320067432E-03
   21      1.4234795341E-04   6.6155915583E-07  -1.6596881892E-04   7.5909838990E-04   1.2271712678E-06
   22     -1.0816450620E-04   4.5810850989E-08  -2.9354402029E-04   1.9561214567E-04   2.9295466465E-07
   23     -1.9636874395E-06   1.9438052591E-04   6.7479871468E-07   3.0564825216E-07   4.5305024221E-04
   24     -1.4416233001E-01   4.4344049814E-06  -1.4300267675E-03   1.4938965964E-04  -6.1069912256E-08
   25      5.6027507990E-01  -7.0431513266E-06  -1.6857253699E-03   1.2222759376E-04  -6.2112263324E-08
   26     -7.0431513266E-06   2.8338732776E-02   4.4511334788E-07  -1.1680572689E-07  -2.8909379301E-04
   27     -1.6857253699E-03   4.4511334788E-07   1.3401900987E-01   1.3021660399E-01   1.3119250417E-05
   28      1.2222759376E-04  -1.1680572689E-07   1.3021660399E-01   2.8294640473E-01   1.8431238199E-05
   29     -6.2112263324E-08  -2.8909379301E-04   1.3119250417E-05   1.8431238199E-05   2.4843819161E-02
   30     -7.0418425551E-04  -2.5462973386E-07   1.0734358550E-03  -1.8968977504E-04   4.2385340113E-07
   31      2.8308989364E-03  -7.4384775613E-08   1.0842054664E-04   7.4388532389E-04   4.1251606423E-07
   32     -3.8356952001E-07  -3.6263471708E-03   2.3392149301E-07  -5.8798608897E-08  -4.1172224681E-03
   33     -6.5406849237E-04  -3.1480111007E-07   5.3218312156E-05  -6.6773617568E-05  -1.2810828821E-07
   34      1.9563402818E-03  -5.8500519320E-08  -4.9442213854E-05   8.0088443229E-06  -4.4540500379E-09
   35     -2.5581662312E-08  -3.2156941879E-03   1.2060681476E-07   1.4972556649E-07  -8.8939429895E-04
   36      1.7664456052E-03   1.4390002407E-07   5.9060644023E-04  -8.3140694678E-04   9.7455017067E-08
   37      6.8996667575E-05   1.1311339789E-07   8.1603099766E-04  -1.0875960458E-03   1.7690430873E-07
   38     -3.6404219397E-07   3.9666604976E-05   1.0614913688E-07  -1.8982464185E-07   5.5082924626E-04
   39      1.2468600910E-01  -2.1448575138E-06   3.1497957464E-04   1.8572960975E-05  -1.5819012085E-07
   40     -4.4876084374E-01   6.6131564557E-06  -1.6653290486E-04   1.0121489335E-05   1.3532763569E-07
   41      6.4246899366E-06  -5.1108903108E-03  -5.0755880928E-08   2.6344684805E-08   1.9857007649E-05
                   30                 31                 32                 33                 34        
    0     -1.1655280020E-02  -8.7553279165E-04  -8.1005431600E-07  -7.0479368312E-04   1.2318086060E-03
    1      2.9544336334E-02   3.1761273392E-03   1.0479161114E-06   7.3945884807E-04   8.6067765934E-05
    2     -1.9122070591E-07   8.4716121134E-07   8.7323583161E-04  -1.0485907854E-08   3.9171216264E-07
    3     -1.2249274737E-01   1.1554840450E-01   4.1244911688E-06  -1.4738919314E-03   3.9981663423E-03
    4      1.1504848014E-01  -2.6385348729E-01  -3.9626140023E-06   3.1589173742E-03  -3.2776963690E-03
    5      3.2204281905E-06  -3.9733868574E-06  -3.0142935597E-02   2.5719731916E-07  -7.8785594814E-08
    6      7.5235517104E-03   1.9077205981E-02  -5.4072656933E-07   1.0952417314E-02  -1.8151595130E-02
    7     -1.3520814720E-02  -1.9448892756E-02  -2.6507511796E-07   1.3681010363E-02  -1.9869749982E-02
    8      2.5927769387E-07   3.5966313173E-07   3.2667041800E-03   1.9997193171E-07  -4.1649001502E-07
    9     -8.6393686864E-04  -4.4174380515E-03  -1.8024831493E-07  -1.2965627622E-01  -1.2171534229E-01
   10     -3.4782620404E-03  -3.3371023997E-03  -6.0557193075E-07  -1.2319019254E-01  -2.6571219571E-01
   11      1.6579544264E-07   4.8865970145E-07   4.9688965538E-03   2.9319487905E-06   3.3367658839E-06
   12     -8.8347332225E-04  -1.2262111522E-03  -1.4528047928E-07  -1.1157370413E-02   1.6248894719E-03
   13     -7.4187526635E-04   8.6729966902E-05  -6.4036202437E-08  -2.7986619790E-02   4.5504827483E-03
   14      3.2095699059E-09  -5.9485850930E-07  -7.1961001537E-04  -2.9188179660E-07  -8.4652568642E-07
   15     -5.1875731206E-03  -1.0119750170E-03  -1.1477919375E-06  -4.9320519341E-03   1.2556003712E-03
   16     -1.3656370889E-03   2.4235687121E-03   1.6661590410E-06   1.3587761206E-03   2.2402595887E-03
   17     -1.2788112361E-06  -9.8387564542E-07   7.3951575066E-03  -1.1442190404E-06   1.2815541236E-06
   18     -5.3779526428E-04   7.5648162876E-05   4.1637199758E-07  -5.6195595446E-04  -4.6484288785E-05
   19      1.6191048822E-03   1.8445265052E-04  -7.5765431253E-07  -1.4848943311E-03   2.9525821814E-04
   20     -5.4869515159E-07  -1.3745725141E-07   1.0015387873E-03  -5.6508021633E-07   1.9268059425E-08
   21     -3.7320255228E-04  -5.0286384013E-05  -4.7567031780E-07  -3.0904442922E-04   9.2443255954E-05
   22     -3.2379764003E-04  -8.8738158822E-05  -1.2195520665E-09   2.9522614238E-04  -1.1102011154E-04
   23      7.8088352124E-08   6.3816508337E-07  -3.2374388266E-04   1.0694068233E-07  -7.7255016098E-07
   24      3.8663901550E-03   2.0329514953E-04   7.2875074746E-07   1.2154940282E-03  -5.6459424245E-04
   25     -7.0418425551E-04   2.8308989364E-03  -3.8356952001E-07  -6.5406849237E-04   1.9563402818E-03
   26     -2.5462973386E-07  -7.4384775613E-08  -3.6263471708E-03  -3.1480111007E-07  -5.8500519320E-08
   27      1.0734358550E-03   1.0842054664E-04   2.3392149301E-07   5.3218312156E-05  -4.9442213854E-05
   28     -1.8968977504E-04   7.4388532389E-04  -5.8798608897E-08  -6.6773617568E-05   8.0088443229E-06
   29      4.2385340113E-07   4.1251606423E-07  -4.1172224681E-03  -1.2810828821E-07  -4.4540500379E-09
   30      1.2937494006E-01  -1.2615461704E-01  -1.7545859768E-06   5.4861182409E-04  -6.7485595712E-04
   31     -1.2615461704E-01   2.7942612128E-01   3.1389338641E-06   8.7452187700E-04  -1.1349664761E-03
   32     -1.7545859768E-06   3.1389338641E-06   2.1746882924E-02  -8.7056121080E-08  -2.4612242554E-07
   33      5.4861182409E-04   8.7452187700E-04  -8.7056121080E-08   1.3475546309E-01   1.3331613363E-01
   34     -6.7485595712E-04  -1.1349664761E-03  -2.4612242554E-07   1.3331613363E-01   2.7988879938E-01
   35     -8.7492916894E-08   2.3368049242E-07   4.1597712972E-05  -1.4649610331E-06  -2.4395546584E-06
   36      5.2492770200E-05   5.6536570869E-05   1.3320140267E-07   1.1123103683E-03  -1.9705916261E-04
   37      6.9122020528E-05  -2.0171874301E-06  -1.4830294750E-07   1.6886341862E-04   6.8866659366E-04
   38     -1.6058881083E-07   1.3355658589E-08  -9.0272292399E-04   3.4445662296E-07  -4.6940823816E-07
   39     -4.4541385739E-04  -2.1934971730E-03  -2.8664554466E-07   1.5786962368E-04  -1.2424120643E-04
   40      8.5821523205E-04  -1.0065799368E-03   2.6340806058E-07  -2.0578619058E-04   3.9174522460E-04
   41     -8.3305350358E-08   8.3753747230E-09   5.3856856198E-04   3.7236762444E-08   6.8134919051E-08
                   35                 36                 37                 38                 39        
    0     -1.6396580953E-07  -1.3197065774E-03  -4.2475770316E-03   7.1862110626E-07  -8.5008712589E-04
    1      2.7512968159E-09  -3.3194989071E-03  -3.2566507665E-03  -3.0900531621E-06   5.6836516345E-04
    2     -8.2370320330E-04  -1.0828682169E-06   3.2271481340E-07   5.1961160131E-03   4.1486151284E-07
    3     -6.2625659011E-08  -6.9042127080E-04  -7.2220677458E-04  -2.2518202614E-06   3.7389789064E-03
    4      6.3469033535E-07  -5.9891447300E-04   5.5537036821E-04  -2.9592931005E-07   1.3141545690E-03
    5      4.9394562956E-03  -6.8703086566E-08  -3.3599317268E-07  -6.8063937276E-04   1.1307322434E-07
    6     -7.6125968417E-07  -4.7859934695E-03  -1.1127188236E-03  -1.3064688287E-06  -2.6149003016E-02
    7      1.4011108375E-07  -1.8240382831E-03   1.6343430827E-03   2.9944781924E-06   4.8022531260E-02
    8      4.6607852991E-03  -8.5291481078E-07  -1.9913831254E-07   8.5368011867E-03  -2.0874668291E-07
    9      3.6396105160E-06  -1.0902678191E-02  -1.9182965440E-03   3.1076042519E-06  -7.1316126590E-03
   10      3.2399346135E-06   2.8058897106E-02   4.2019256455E-03   1.3556419005E-06  -3.1387835398E-03
   11     -3.3276706847E-02  -2.8167233480E-06   6.4179754821E-08   3.4781583575E-03   2.2047795988E-07
   12     -7.6796067841E-07  -1.2860806081E-01   1.2078834310E-01  -1.7203562048E-05   3.3006490568E-04
   13     -1.0136855365E-06   1.2219495448E-01  -2.6845202833E-01   1.2130598324E-05   2.3242909584E-03
   14      1.5466010381E-03  -1.1586990674E-05   1.6578930378E-05  -3.6912024270E-02   6.5881132477E-07
   15     -1.1104010602E-06   1.0669347810E-02   1.5228349530E-02   1.9173611116E-06   7.1240711778E-04
   16     -1.7744824229E-06  -1.5148154850E-02  -1.8289849298E-02   6.8711302245E-06  -7.2644713388E-04
   17      7.6720744725E-03   3.1166033986E-06   2.1403380334E-07   3.6345474052E-03   4.1763274126E-07
   18      3.3158174841E-07   1.5061983445E-03   1.7866162350E-03   4.0471128587E-07  -4.2114627745E-04
   19      8.2927281897E-07  -5.2802933824E-04   4.3618316432E-04  -4.5745404990E-07  -2.1439621762E-04
   20      9.6069732287E-04  -1.0475440300E-06   1.4867498542E-06  -3.8762159834E-03  -6.2068446165E-07
   21     -4.2962981107E-07  -1.6878382361E-04  -7.6976431541E-04   1.1242733543E-06   3.3121896359E-04
   22     -1.8496783675E-08   2.9279098069E-04   1.9469369836E-04  -2.6109576002E-07   3.4668255495E-05
   23     -3.2259690518E-04   4.8087501809E-07  -5.2846430134E-08   4.2663650394E-04  -1.6984889278E-06
   24      7.9880747086E-07  -8.4759449110E-04   8.5634591033E-06   2.1424320850E-07  -9.9930379531E-02
   25     -2.5581662312E-08   1.7664456052E-03   6.8996667575E-05  -3.6404219397E-07   1.2468600910E-01
   26     -3.2156941879E-03   1.4390002407E-07   1.1311339789E-07   3.9666604976E-05  -2.1448575138E-06
   27      1.2060681476E-07   5.9060644023E-04   8.1603099766E-04   1.0614913688E-07   3.1497957464E-04
   28      1.4972556649E-07  -8.3140694678E-04  -1.0875960458E-03  -1.8982464185E-07   1.8572960975E-05
   29     -8.8939429895E-04   9.7455017067E-08   1.7690430873E-07   5.5082924626E-04  -1.5819012085E-07
   30     -8.7492916894E-08   5.2492770200E-05   6.9122020528E-05  -1.6058881083E-07  -4.4541385739E-04
   31      2.3368049242E-07   5.6536570869E-05  -2.0171874301E-06   1.3355658589E-08  -2.1934971730E-03
   32      4.1597712972E-05   1.3320140267E-07  -1.4830294750E-07  -9.0272292399E-04  -2.8664554466E-07
   33     -1.4649610331E-06   1.1123103683E-03   1.6886341862E-04   3.4445662296E-07   1.5786962368E-04
   34     -2.4395546584E-06  -1.9705916261E-04   6.8866659366E-04  -4.6940823816E-07  -1.2424120643E-04
   35      2.3770829550E-02   2.8143581653E-07   6.1805846745E-08  -4.4681858236E-03  -1.9490430973E-07
   36      2.8143581653E-07   1.3391863635E-01  -1.2998770920E-01   1.3108510070E-05  -5.2635345024E-04
   37      6.1805846745E-08  -1.2998770920E-01   2.8323917597E-01  -1.8421745879E-05  -9.4816634122E-05
   38     -4.4681858236E-03   1.3108510070E-05  -1.8421745879E-05   2.5344103010E-02  -2.1564490438E-07
   39     -1.9490430973E-07  -5.2635345024E-04  -9.4816634122E-05  -2.1564490438E-07   1.2986847683E-01
   40      2.1478520978E-07   5.2386996251E-05   6.8786444346E-05   3.4580683902E-07  -1.7053338572E-01
   41     -5.9576042540E-04   1.8591812427E-07  -2.1863320294E-08  -3.6706995373E-04   3.2318682710E-06
                   40                 41        
     0      5.8058265701E-04   2.3445157914E-07
     1     -1.3086386006E-03  -3.5229416793E-07
     2     -1.0376660291E-06  -6.0829273376E-04
     3     -6.2558092408E-03  -5.0214629216E-07
     4      3.7476678357E-03   7.3594254911E-08
     5      2.6448660929E-07  -1.2447446540E-03
     6     -8.0309450913E-04   3.8961958639E-07
     7     -9.9714037866E-04   2.6457147886E-07
     8     -9.5606810756E-07  -3.3802096754E-03
     9     -1.3596367403E-03   8.1025883461E-07
    10      2.7148106089E-03  -1.7492226227E-07
    11     -1.1887284635E-06   3.2169231680E-03
    12      5.4453038148E-04  -6.4852868395E-07
    13     -1.8054675515E-04  -6.1094504408E-07
    14     -5.0386509915E-07   1.7546346054E-03
    15     -9.4055423434E-04  -4.4646483432E-07
    16      1.1245120029E-04   5.6458405498E-07
    17     -8.7551924643E-08   1.3296029556E-04
    18      6.8938498781E-04   6.4331037323E-07
    19     -6.7820218572E-05  -5.3036878041E-09
    20      8.0428751512E-07  -9.2739593261E-05
    21     -3.4401092845E-04  -2.2714050984E-07
    22      4.6050605887E-07  -5.0061731111E-08
    23      2.2245535424E-06  -6.4431807938E-06
    24      1.7794068557E-01  -3.1028845480E-06
    25     -4.4876084374E-01   6.4246899366E-06
    26      6.6131564557E-06  -5.1108903108E-03
    27     -1.6653290486E-04  -5.0755880928E-08
    28      1.0121489335E-05   2.6344684805E-08
    29      1.3532763569E-07   1.9857007649E-05
    30      8.5821523205E-04  -8.3305350358E-08
    31     -1.0065799368E-03   8.3753747230E-09
    32      2.6340806058E-07   5.3856856198E-04
    33     -2.0578619058E-04   3.7236762444E-08
    34      3.9174522460E-04   6.8134919051E-08
    35      2.1478520978E-07  -5.9576042540E-04
    36      5.2386996251E-05   1.8591812427E-07
    37      6.8786444346E-05  -2.1863320294E-08
    38      3.4580683902E-07  -3.6706995373E-04
    39     -1.7053338572E-01   3.2318682710E-06
    40      4.4527552632E-01  -6.6534183670E-06
    41     -6.6534183670E-06   5.7432068885E-03

$vibrational_frequencies
42
    0        0.0000000000000000
    1        0.0000000000000000
    2        0.0000000000000000
    3        0.0000000000000000
    4        0.0000000000000000
    5        0.0000000000000000
    6      106.0062312013340602
    7      151.4077763832472385
    8      262.0741643145894386
    9      399.0240219245540629
   10      410.8421173342779866
   11      416.0200875041564359
   12      420.5213058966234598
   13      480.0713872115203458
   14      551.5173507371478081
   15      561.5117626315839061
   16      667.4825480298163711
   17      715.4272502418629074
   18      733.4199460525843506
   19      812.4405076738797788
   20      845.9361198104218147
   21      851.4946046058781803
   22      938.9116098035580080
   23      963.8180598612254926
   24     1033.0346981995191982
   25     1127.9051969818110592
   26     1188.6319367412340853
   27     1194.3551063987001726
   28     1230.3331976112688153
   29     1296.9321201458114956
   30     1325.7888109560119574
   31     1375.3539481454008637
   32     1462.8591869427580150
   33     1535.6506280793037149
   34     1615.6956983264801693
   35     1644.9548841037824332
   36     2291.8499342504646847
   37     3153.6560060417550631
   38     3183.8652975189384051
   39     3191.0115197941945553
   40     3197.4777120448206915
   41     3801.4977114482371690

$normal_modes
42 42
                    0                  1                  2                  3                  4        
    0      0.0000000000E+00   0.0000000000E+00   0.0000000000E+00   0.0000000000E+00   0.0000000000E+00
    1      0.0000000000E+00   0.0000000000E+00   0.0000000000E+00   0.0000000000E+00   0.0000000000E+00
    2      0.0000000000E+00   0.0000000000E+00   0.0000000000E+00   0.0000000000E+00   0.0000000000E+00
    3      0.0000000000E+00   0.0000000000E+00   0.0000000000E+00   0.0000000000E+00   0.0000000000E+00
    4      0.0000000000E+00   0.0000000000E+00   0.0000000000E+00   0.0000000000E+00   0.0000000000E+00
