*************************************************
******************* ORCA 6.0.0 ******************
*************************************************
$Calculation_Status
   &GeometryIndex 1
   &ListStatus       OUT
   &VERSION [&Type "String"] "6.0.0"
   &PROGNAME [&Type "String"] "LeanSCF"
   &STATUS [&Type "String"] "NORMAL TERMINATION"
$End
$Geometry
   &GeometryIndex 1
   &ListStatus       OUT
   &NATOMS [&Type "Integer"] 6
   &NCORELESSECP [&Type "Integer"] 0
   &NGHOSTATOMS [&Type "Integer"] 0
   &CartesianCoordinates [&Type "Coordinates", &Dim(6,4), &Units "Bohr"] 
              C     -1.370242902806   -0.021214506830    0.000004541201
              O      1.341840781997    0.132058648226    0.000074828053
              H     -2.074514545943   -0.995710423721   -1.689337343481
              H     -2.089151046682    1.913981673462   -0.000248097042
              H     -2.074624871367   -0.995311013473    1.689529377639
              H      1.974771058748   -1.577696463501    0.000290693170
$End
$SCF_Energy
   &GeometryIndex 1
   &ListStatus       OUT
   &SCF_ENERGY [&Type "Double"]      -1.1570445461532097e+02
$End
$DFT_Energy
   &GeometryIndex 1
   &ListStatus       OUT
   &NALPHAEL [&Type "Integer"] 9
   &NBETAEL [&Type "Integer"] 9
   &NTOTALEL [&Type "Integer"] 18
   &EEXCHANGE [&Type "Double"]      -1.4881109227532123e+01
   &ECORR [&Type "Double"]      -5.6177787299970139e-01
   &ECNL [&Type "Double"]       0.0000000000000000e+00
   &EXC [&Type "Double"]      -1.5442887100531825e+01
   &EEMBED [&Type "Double"]       0.0000000000000000e+00
   &FINALEN [&Type "Double"]      -1.1570445461532097e+02  "No Van der Waals correction"
$End
$Mulliken_Population_Analysis
   &GeometryIndex 1
   &ListStatus       OUT
   &NATOMS [&Type "Integer"] 6
   &ATNO [&Type "ArrayOfIntegers", &Dim (6,1)] 
                                                         0

0                                                        6
1                                                        8
2                                                        1
3                                                        1
4                                                        1
5                                                        1
   &ATOMICCHARGES [&Type "ArrayOfDoubles", &Dim (6,1)] 
                                                         0

0                                     -1.1737627383658644e-01
1                                     -4.7554329123073202e-01
2                                      9.1046900065462677e-02
3                                      1.0933108530979641e-01
4                                      9.1046946144469287e-02
5                                      3.0149463354757877e-01
$End
$Loewdin_Population_Analysis
   &GeometryIndex 1
   &ListStatus       OUT
   &NATOMS [&Type "Integer"] 6
   &ATNO [&Type "ArrayOfIntegers", &Dim (6,1)] 
                                                         0

0                                                        6
1                                                        8
2                                                        1
3                                                        1
4                                                        1
5                                                        1
   &ATOMICCHARGES [&Type "ArrayOfDoubles", &Dim (6,1)] 
                                                         0

0                                     -3.6504541216304442e-01
1                                     -9.4728398830060456e-02
2                                      9.2610603468615826e-02
3                                      1.0773550569784829e-01
4                                      9.2610464474314647e-02
5                                      1.6681723735230913e-01
$End
$Mayer_Population_Analysis
   &GeometryIndex 1
   &ListStatus       OUT
   &NATOMS [&Type "Integer"] 6 "Total number of atoms"
   &BONDTHRESH [&Type "Double"]       1.0000000000000001e-01  "The threshold for printing"
   &NBONDORDERSPRINT [&Type "Integer"] 5 "The number of bond orders larger than threshold"
   &BONDORDERS [&Type "ArrayOfDoubles", &Dim (5,1)] "The bond orders"
                                                         0

0                                      9.8601556805197865e-01
1                                      9.7137237635629747e-01
2                                      9.7445594944068104e-01
3                                      9.7137221774469540e-01
4                                      9.0627692164824802e-01
   &COMPONENTS [&Type "ArrayOfIntegers", &Dim (5,4)] "The indices and atomic numbers of the bonding atoms"
                                                         0                           1                           2                           3

0                                                        0                           6                           1                           8
1                                                        0                           6                           2                           1
2                                                        0                           6                           3                           1
3                                                        0                           6                           4                           1
4                                                        1                           8                           5                           1
   &ATNO [&Type "ArrayOfIntegers", &Dim (6,1)] "Atomic number of the elements"
                                                         0

0                                                        6
1                                                        8
2                                                        1
3                                                        1
4                                                        1
5                                                        1
   &NA [&Type "ArrayOfDoubles", &Dim (6,1)] "Mulliken gross atomic population"
                                                         0

0                                      6.1173762738365989e+00
1                                      8.4755432912307196e+00
2                                      9.0895309993453632e-01
3                                      8.9066891469020271e-01
4                                      9.0895305385553216e-01
5                                      6.9850536645242167e-01
   &ZA [&Type "ArrayOfDoubles", &Dim (6,1)] "Total nuclear charge"
                                                         0

0                                      6.0000000000000000e+00
1                                      8.0000000000000000e+00
2                                      1.0000000000000000e+00
3                                      1.0000000000000000e+00
4                                      1.0000000000000000e+00
5                                      1.0000000000000000e+00
   &QA [&Type "ArrayOfDoubles", &Dim (6,1)] "Mulliken gross atomic charge"
                                                         0

0                                     -1.1737627383659888e-01
1                                     -4.7554329123071959e-01
2                                      9.1046900065463676e-02
3                                      1.0933108530979729e-01
4                                      9.1046946144467844e-02
5                                      3.0149463354757833e-01
   &VA [&Type "ArrayOfDoubles", &Dim (6,1)] "Mayer's total valence"
                                                         0

0                                      3.9144055548404237e+00
1                                      1.8914841361274819e+00
2                                      9.6643285245393185e-01
3                                      9.6734201144711729e-01
4                                      9.6643271971297517e-01
5                                      9.2227567548219802e-01
   &BVA [&Type "ArrayOfDoubles", &Dim (6,1)] "Mayer's bonded valence"
                                                         0

0                                      3.9144055548404091e+00
1                                      1.8914841361275103e+00
2                                      9.6643285245392863e-01
3                                      9.6734201144712373e-01
4                                      9.6643271971297151e-01
5                                      9.2227567548219880e-01
   &FA [&Type "ArrayOfDoubles", &Dim (6,1)] "Mayer's free valence"
                                                         0

0                                      0.0000000000000000e+00
1                                      0.0000000000000000e+00
2                                      0.0000000000000000e+00
3                                      0.0000000000000000e+00
4                                      0.0000000000000000e+00
5                                      0.0000000000000000e+00
$End
$VdW_Correction
   &GeometryIndex 1
   &ListStatus       OUT
   &VDW [&Type "Double"]      -5.0533430546997416e-04
$End
$Calculation_Info
   &GeometryIndex 1
   &ListStatus       OUT
   &MULT [&Type "Integer"] 1
   &CHARGE [&Type "Integer"] 0
   &NUMOFATOMS [&Type "Integer"] 6
   &NUMOFELECTRONS [&Type "Integer"] 18
   &NUMOFFCELECTRONS [&Type "Integer"] 1
   &NUMOFCORRELECTRONS [&Type "Integer"] 0
   &NUMOFBASISFUNCTS [&Type "Integer"] 86
   &NUMOFAUXCBASISFUNCTS [&Type "Integer"] 0
   &NUMOFAUXJBASISFUNCTS [&Type "Integer"] 104
   &NUMOFAUXJKBASISFUNCTS [&Type "Integer"] 0
   &NUMOFCABSBASISFUNCTS [&Type "Integer"] 0
   &TOTALENERGY [&Type "Double"]      -1.1570039623662645e+02  "Hartrees"
$End
$SCF_Dipole_Moment
   &GeometryIndex 1
   &ListStatus       OUT
   &METHOD [&Type "String"] "SCF"
   &LEVEL [&Type "String"] "Relaxed density"
   &MULT [&Type "Integer"] 1
   &STATE [&Type "Integer"] -1
   &IRREP [&Type "Integer"] 0
   &NATOMS [&Type "Integer"] 6
   &DODIPOLEATOM [&Type "Boolean"] false
   &DIPOLEELECCONTRIB [&Type "ArrayOfDoubles", &Dim (3,1)] "Electronic contribution"
                                                         0

0                                      1.7972514239077735e+00
1                                      2.5497854855279350e-01
2                                      2.9951255049398029e-05
   &DIPOLENUCCONTRIB [&Type "ArrayOfDoubles", &Dim (3,1)] "Nuclear contribution"
                                                         0

0                                     -2.1505040113145437e+00
1                                     -8.3230289892247944e-01
2                                      2.4472241769985697e-05
   &DIPOLETOTAL [&Type "ArrayOfDoubles", &Dim (3,1)] "Total"
                                                         0

0                                     -3.5325258740677024e-01
1                                     -5.7732435036968588e-01
2                                      5.4423496819383726e-05
   &DIPOLEMAGNITUDE [&Type "Double", &Units "a.u."]       6.7682405320827266e-01
$End
$THERMOCHEMISTRY_Energies
   &GeometryIndex 1
   &ListStatus       OUT
   &TEMPERATURE [&Type "Double"]       2.9814999999999998e+02
   &PRESSURE [&Type "Double"]       1.0000000000000000e+00
   &TOTALMASS [&Type "Double"]       3.2042000000000002e+01
   &SPINDEGENERACY [&Type "Integer"] 1
   &ELENERGY [&Type "Double"]      -1.1570039623662645e+02
   &TRANSENERGY [&Type "Double"]       1.4162714244859817e-03
   &ROTENERGY [&Type "Double"]       1.4162714244859817e-03
   &VIBENERGY [&Type "Double"]       4.5032543686499102e-04
   &NUMOFFREQS [&Type "Integer"] 18
   &FREQSCALINGFACTOR [&Type "Double"]       1.0000000000000000e+00
   &FREQ [&Type "ArrayOfDoubles", &Dim (18,1)] "In cm^-1"
                                                         0

0                                      0.0000000000000000e+00
1                                      0.0000000000000000e+00
2                                      0.0000000000000000e+00
3                                      0.0000000000000000e+00
4                                      0.0000000000000000e+00
5                                      0.0000000000000000e+00
6                                      3.6696740049894584e+02
7                                      9.9561052949501584e+02
8                                      1.0827876563019920e+03
9                                      1.1626855421011546e+03
10                                     1.3818729099072948e+03
11                                     1.4663987333805655e+03
12                                     1.4868980196702316e+03
13                                     1.5002944638422391e+03
14                                     2.9793250950960896e+03
15                                     3.0423295677912333e+03
16                                     3.1021315642873583e+03
17                                     3.7885373291626238e+03
   &ZPE [&Type "Double"]       5.0930348311595590e-02
   &INNERENERGYU [&Type "Double"]      -1.1564618302002901e+02
   &ENTHALPYH [&Type "Double"]      -1.1564523881098675e+02
   &QEL [&Type "Double"]       0.0000000000000000e+00
   &QROT [&Type "Double"]       9.0433898650685487e-03
   &QVIB [&Type "Double"]       6.4745668700034022e-04
   &QTRANS [&Type "Double"]       1.7259351541636356e-02
   &ENTROPYS [&Type "Double"]       2.6950198093705243e-02
   &FREEENERGYG [&Type "Double"]      -1.1567218900908045e+02
   &ISLINEAR [&Type "Boolean"] false
$End
$Hessian
   &GeometryIndex 1
   &ListStatus       OUT
   &HESSIAN [&Type "ArrayOfDoubles", &Dim (18,18)] "The Hessian"
                                                         0                           1                           2                           3                           4                           5                           6                           7

0                                      4.2327197088305996e-01        -2.0378002465799377e-02        -2.6492643079356813e-06        -1.9960033585124981e-01         1.4923553377111438e-02        -8.7073318379762730e-06        -6.5614338664854568e-02        -3.3284421810503083e-02
1                                     -2.0378002465799377e-02         5.9915778148755672e-01        -6.1532285618391983e-06        -3.1581687784409340e-02        -9.3030670418857375e-02         2.2819318346646492e-06        -3.0547303266815193e-02        -1.0851679741794892e-01
2                                     -2.6492643079356813e-06        -6.1532285618391983e-06         5.5669112950912114e-01        -9.5634252612873223e-07         3.9504102315191904e-06        -6.0871531945125547e-02        -5.6345057352356932e-02        -9.7059872046626083e-02
3                                     -1.9960033585124981e-01        -3.1581687784409340e-02        -9.5634252612873223e-07         3.7821341426895094e-01        -1.3167424319448473e-01         2.6149444398603111e-05        -3.2385981168524258e-02        -3.8490501148795066e-03
4                                      1.4923553377111438e-02        -9.3030670418857375e-02         3.9504102315191904e-06        -1.3167424319448473e-01         5.3824533329572422e-01        -5.7315828547716685e-05        -1.7257840663124153e-02         3.7822698101125964e-03
5                                     -8.7073318379762730e-06         2.2819318346646492e-06        -6.0871531945125547e-02         2.6149444398603111e-05        -5.7315828547716685e-05         4.7534966284051745e-02        -2.7998225723787670e-02         2.3463177811304872e-04
6                                     -6.5614338664854568e-02        -3.0547303266815193e-02        -5.6345057352356932e-02        -3.2385981168524258e-02        -1.7257840663124153e-02        -2.7998225723787670e-02         8.6317454828796575e-02         4.1084577712942667e-02
7                                     -3.3284421810503083e-02        -1.0851679741794892e-01        -9.7059872046626083e-02        -3.8490501148795066e-03         3.7822698101125964e-03         2.3463177811304872e-04         4.1084577712942667e-02         1.0845434859910720e-01
8                                     -5.7773744939034713e-02        -9.8055852389400150e-02        -2.2231238385460622e-01        -5.0600662726387122e-03         2.9225110031593799e-03         8.1312783590827900e-03         6.9609653929605192e-02         1.0740744748202859e-01
9                                     -6.9422005757514949e-02         6.9345397169971068e-02        -8.8637838226724507e-06        -2.4277600518315921e-02         3.7264202143264931e-02        -4.8549550601456212e-06         4.8439590633102426e-03        -8.6882087463332879e-03
10                                     8.1104202622038851e-02        -2.8997256366502272e-01         3.0991384409804371e-05         2.2935205754036417e-03         6.2961805308242823e-03        -8.1620793247630006e-07         3.6637075989111589e-03        -1.2313798020844311e-02
11                                    -9.5266114226290792e-06         3.0595642022105328e-05        -5.0212441704252472e-02        -1.1074730885096798e-06         2.5539189991672265e-07         1.6036368846883272e-03         8.4116641775776255e-03        -2.5816915833566986e-02
12                                    -6.5621886243076077e-02        -3.0540583854312232e-02         5.6362753051199088e-02        -3.2388140487313991e-02        -1.7251009139052888e-02         2.8000620780016198e-02         5.5812650839030930e-03         4.5989786766589260e-03
13                                    -3.3277307181043173e-02        -1.0847094570111976e-01         9.7031316239192311e-02        -3.8478646370418840e-03         3.7815453500571724e-03        -2.3340097300075108e-04         4.6014396112023454e-03         7.9446130017443786e-03
14                                     5.7792249245539447e-02         9.8027530790617184e-02        -2.2235139571148918e-01         5.0583323218905789e-03        -2.9226451497617097e-03         8.1334663242875471e-03         6.6046177099680775e-03         1.3860574535790943e-02
15                                    -2.3013404366364589e-02         4.3671145447075219e-02        -5.8061873709486465e-06        -8.9561356243547011e-02         1.1400442929273852e-01        -1.4988955964335462e-05         1.2576408573689172e-03         2.1176541522898861e-04
16                                    -9.0569897875148013e-03         8.3319571539208206e-04        -2.6368742596272275e-07         1.6865023333895868e-01        -4.5907465856786089e-01         5.5217103223358799e-05        -1.6182221262315260e-03         6.4936402782907014e-04
17                                     2.9587802493383843e-06         1.6281822682888727e-06        -9.4337629364773818e-04        -2.2344935800505118e-05         5.2646369328482297e-05        -4.5318159069848638e-03        -4.0371058869221807e-04         1.3742406456077906e-03
                                                         8                           9                          10                          11                          12                          13                          14                          15

0                                     -5.7773744939034713e-02        -6.9422005757514949e-02         8.1104202622038851e-02        -9.5266114226290792e-06        -6.5621886243076077e-02        -3.3277307181043173e-02         5.7792249245539447e-02        -2.3013404366364589e-02
1                                     -9.8055852389400150e-02         6.9345397169971068e-02        -2.8997256366502272e-01         3.0595642022105328e-05        -3.0540583854312232e-02        -1.0847094570111976e-01         9.8027530790617184e-02         4.3671145447075219e-02
2                                     -2.2231238385460622e-01        -8.8637838226724507e-06         3.0991384409804371e-05        -5.0212441704252472e-02         5.6362753051199088e-02         9.7031316239192311e-02        -2.2235139571148918e-01        -5.8061873709486465e-06
3                                     -5.0600662726387122e-03        -2.4277600518315921e-02         2.2935205754036417e-03        -1.1074730885096798e-06        -3.2388140487313991e-02        -3.8478646370418840e-03         5.0583323218905789e-03        -8.9561356243547011e-02
4                                      2.9225110031593799e-03         3.7264202143264931e-02         6.2961805308242823e-03         2.5539189991672265e-07        -1.7251009139052888e-02         3.7815453500571724e-03        -2.9226451497617097e-03         1.1400442929273852e-01
5                                      8.1312783590827900e-03        -4.8549550601456212e-06        -8.1620793247630006e-07         1.6036368846883272e-03         2.8000620780016198e-02        -2.3340097300075108e-04         8.1334663242875471e-03        -1.4988955964335462e-05
6                                      6.9609653929605192e-02         4.8439590633102426e-03         3.6637075989111589e-03         8.4116641775776255e-03         5.5812650839030930e-03         4.6014396112023454e-03         6.6046177099680775e-03         1.2576408573689172e-03
7                                      1.0740744748202859e-01        -8.6882087463332879e-03        -1.2313798020844311e-02        -2.5816915833566986e-02         4.5989786766589260e-03         7.9446130017443786e-03         1.3860574535790943e-02         2.1176541522898861e-04
8                                      2.3386029315468632e-01         9.3797112966148392e-04         1.4777100404784055e-03         9.0782646950078637e-04        -6.6039921875201447e-03        -1.3867118026202042e-02        -2.0964764689954996e-02        -9.8876381238718197e-04
9                                      9.3797112966148392e-04         9.1959154225760162e-02        -8.8950422108049002e-02         1.1875856644212220e-05         4.8445606958874444e-03        -8.6901341894832489e-03        -9.3564469010105032e-04        -7.9480677091269703e-03
10                                     1.4777100404784055e-03        -8.8950422108049002e-02         3.0578257990680607e-01        -3.3354780591016893e-05         3.6617939244168885e-03        -1.2307942000867551e-02        -1.4743704917031877e-03        -1.9171034830640105e-03
11                                     9.0782646950078637e-04         1.1875856644212220e-05        -3.3354780591016893e-05         4.6472663674822279e-02        -8.4126300008086213e-03         2.5819172015613588e-02         9.0202778057926194e-04        -1.5027559145958413e-07
12                                    -6.6039921875201447e-03         4.8445606958874444e-03         3.6617939244168885e-03        -8.4126300008086213e-03         8.6326673380991745e-02         4.1075352323417857e-02        -6.9629099449437099e-02         1.2575275696077833e-03
13                                    -1.3867118026202042e-02        -8.6901341894832489e-03        -1.2307942000867551e-02         2.5819172015613588e-02         4.1075352323417857e-02         1.0840374528453357e-01        -1.0737550726815703e-01         2.1211359413821854e-04
14                                    -2.0964764689954996e-02        -9.3564469010105032e-04        -1.4743704917031877e-03         9.0202778057926194e-04        -6.9629099449437099e-02        -1.0737550726815703e-01         2.3390178739485601e-01         9.8873969493483860e-04
15                                    -9.8876381238718197e-04        -7.9480677091269703e-03        -1.9171034830640105e-03        -1.5027559145958413e-07         1.2575275696077833e-03         2.1211359413821854e-04         9.8873969493483860e-04         1.1800765989206187e-01
16                                     1.1519532858852988e-04        -1.3653339902797330e-04         2.5155432491042705e-03         7.4021189237708887e-08        -1.6181314523186626e-03         6.4898406565218683e-04        -1.1532719233747595e-04        -1.5620135341999136e-01
17                                     3.7775056129131859e-04        -6.0923063244611264e-07         1.3598771624325014e-08         3.2628689466181844e-04         4.0315297375577994e-04        -1.3747172118947586e-03         3.7887890172135354e-04         2.0761268749568986e-05
                                                        16                          17

0                                     -9.0569897875148013e-03         2.9587802493383843e-06
1                                      8.3319571539208206e-04         1.6281822682888727e-06
2                                     -2.6368742596272275e-07        -9.4337629364773818e-04
3                                      1.6865023333895868e-01        -2.2344935800505118e-05
4                                     -4.5907465856786089e-01         5.2646369328482297e-05
5                                      5.5217103223358799e-05        -4.5318159069848638e-03
6                                     -1.6182221262315260e-03        -4.0371058869221807e-04
7                                      6.4936402782907014e-04         1.3742406456077906e-03
8                                      1.1519532858852988e-04         3.7775056129131859e-04
9                                     -1.3653339902797330e-04        -6.0923063244611264e-07
10                                     2.5155432491042705e-03         1.3598771624325014e-08
11                                     7.4021189237708887e-08         3.2628689466181844e-04
12                                    -1.6181314523186626e-03         4.0315297375577994e-04
13                                     6.4898406565218683e-04        -1.3747172118947586e-03
14                                    -1.1532719233747595e-04         3.7887890172135354e-04
15                                    -1.5620135341999136e-01         2.0761268749568986e-05
16                                     4.5442757150988333e-01        -5.4353578659557607e-05
17                                    -5.4353578659557607e-05         4.3922758429581115e-03
   &MODES [&Type "ArrayOfDoubles", &Dim (18,18)] "The modes of vibrations"
                                                         0                           1                           2                           3                           4                           5                           6                           7

0                                      0.0000000000000000e+00         0.0000000000000000e+00         0.0000000000000000e+00         0.0000000000000000e+00         0.0000000000000000e+00         0.0000000000000000e+00        -4.3684163900082195e-06        -1.9032766040471036e-01
1                                      0.0000000000000000e+00         0.0000000000000000e+00         0.0000000000000000e+00         0.0000000000000000e+00         0.0000000000000000e+00         0.0000000000000000e+00         2.6081949941917518e-07         8.4883357330946541e-03
2                                      0.0000000000000000e+00         0.0000000000000000e+00         0.0000000000000000e+00         0.0000000000000000e+00         0.0000000000000000e+00         0.0000000000000000e+00         3.7448072328137220e-03        -7.4186943833469822e-06
3                                      0.0000000000000000e+00         0.0000000000000000e+00         0.0000000000000000e+00         0.0000000000000000e+00         0.0000000000000000e+00         0.0000000000000000e+00         4.6320205391766385e-06         1.7049664351737986e-01
4                                      0.0000000000000000e+00         0.0000000000000000e+00         0.0000000000000000e+00         0.0000000000000000e+00         0.0000000000000000e+00         0.0000000000000000e+00        -6.5519772402901238e-06         9.5635118391497811e-03
5                                      0.0000000000000000e+00         0.0000000000000000e+00         0.0000000000000000e+00         0.0000000000000000e+00         0.0000000000000000e+00         0.0000000000000000e+00        -6.1517492852808241e-02         5.5127264671103169e-06
6                                      0.0000000000000000e+00         0.0000000000000000e+00         0.0000000000000000e+00         0.0000000000000000e+00         0.0000000000000000e+00         0.0000000000000000e+00        -4.6223654792093220e-02        -4.0468846327791734e-02
7                                      0.0000000000000000e+00         0.0000000000000000e+00         0.0000000000000000e+00         0.0000000000000000e+00         0.0000000000000000e+00         0.0000000000000000e+00         2.1544007433895024e-01        -6.3838267586409495e-02
8                                      0.0000000000000000e+00         0.0000000000000000e+00         0.0000000000000000e+00         0.0000000000000000e+00         0.0000000000000000e+00         0.0000000000000000e+00        -1.0418008598083854e-01        -2.9211154191056410e-03
9                                      0.0000000000000000e+00         0.0000000000000000e+00         0.0000000000000000e+00         0.0000000000000000e+00         0.0000000000000000e+00         0.0000000000000000e+00        -7.6861741260462969e-06        -2.5074223105595428e-01
10                                     0.0000000000000000e+00         0.0000000000000000e+00         0.0000000000000000e+00         0.0000000000000000e+00         0.0000000000000000e+00         0.0000000000000000e+00         3.3908644481973683e-05        -2.2563401197632230e-02
11                                     0.0000000000000000e+00         0.0000000000000000e+00         0.0000000000000000e+00         0.0000000000000000e+00         0.0000000000000000e+00         0.0000000000000000e+00         2.8446220177639281e-01        -9.2336121492782765e-06
12                                     0.0000000000000000e+00         0.0000000000000000e+00         0.0000000000000000e+00         0.0000000000000000e+00         0.0000000000000000e+00         0.0000000000000000e+00         4.6237767486643690e-02        -4.0471236196087737e-02
13                                     0.0000000000000000e+00         0.0000000000000000e+00         0.0000000000000000e+00         0.0000000000000000e+00         0.0000000000000000e+00         0.0000000000000000e+00        -2.1546554331099285e-01        -6.3829322903596386e-02
14                                     0.0000000000000000e+00         0.0000000000000000e+00         0.0000000000000000e+00         0.0000000000000000e+00         0.0000000000000000e+00         0.0000000000000000e+00        -1.0412614541543960e-01         2.9373893396641704e-03
15                                     0.0000000000000000e+00         0.0000000000000000e+00         0.0000000000000000e+00         0.0000000000000000e+00         0.0000000000000000e+00         0.0000000000000000e+00        -2.7893432474201384e-05        -1.0656200240586533e-01
16                                     0.0000000000000000e+00         0.0000000000000000e+00         0.0000000000000000e+00         0.0000000000000000e+00         0.0000000000000000e+00         0.0000000000000000e+00         9.2445626032712215e-05        -1.0270554244406577e-01
17                                     0.0000000000000000e+00         0.0000000000000000e+00         0.0000000000000000e+00         0.0000000000000000e+00         0.0000000000000000e+00         0.0000000000000000e+00         8.5562923644404609e-01        -6.1396858980289001e-06
                                                         8                           9                          10                          11                          12                          13                          14                          15

0                                      6.4681632348950330e-02        -4.2553400059419420e-06        -2.6376171227463368e-02         9.4781026080403993e-02         4.9067743534163139e-06         1.4483382335433399e-02         3.9416537540483867e-02         3.6443772765086898e-06
1                                      7.6285524260521986e-02         1.3611016475871932e-05         1.0530369141488712e-01        -4.2614853701802794e-03        -8.8182658046294522e-06         4.1852056046374861e-02         2.3623298674258567e-02        -1.1084604917908412e-05
2                                     -6.2736384001527699e-06         1.2004956200172068e-01        -1.2842541114513383e-05         5.7983850840572534e-06        -5.8118732355605170e-02        -7.3073973235181193e-06        -4.3064950119187350e-07        -8.9654849681159887e-02
3                                     -2.3346578597036489e-02         1.9583890572561336e-06        -2.0536465578123067e-02         2.1701346472698623e-02         4.4606246456845165e-07         6.6227301106450507e-03         2.9943691078288290e-03         6.4257642034620156e-09
4                                     -1.1730427343060372e-02        -6.1286763856726150e-06        -6.9630258519437702e-02        -8.5319239240148708e-04        -2.1939059964048356e-06         2.0523504216113410e-02         9.8405063229969831e-06         6.2355677762688489e-08
5                                      3.3983932614981916e-07        -5.3626025011475079e-02         7.2771493387923479e-06         6.2000732350287741e-07        -8.4793307975302972e-03        -2.6279724127671450e-06        -1.0364507737527371e-07         3.3819693733780121e-04
6                                      3.1336823922513257e-01         5.6808926492108147e-01         1.2824004971016942e-01        -4.8093544998854232e-01         2.9515469156926205e-01        -2.3924071387346080e-01        -2.0481953787348273e-01         2.1336829155197887e-01
7                                     -1.9426141501874253e-01         8.5078120805237120e-02        -1.8138879389582838e-01         1.4469021095655812e-01        -3.6594502466485440e-01        -4.6212254194653929e-01        -3.0090371722012427e-01         3.2861129662244448e-01
8                                      4.6283511283976494e-02        -1.6228964552182873e-01         1.0311191134365219e-01         1.3191331627870359e-01         6.4897611402529684e-02         3.7039662599109024e-01        -5.4060256180167043e-01         5.4249222279310438e-01
9                                     -4.9745539806664635e-01         1.1364815311930595e-05        -3.2202674568711737e-01        -5.3632067679488094e-01        -5.9649567549458064e-05         3.3077225612941785e-01        -1.1262724948061220e-01        -3.6702670970806145e-06
10                                    -1.3371776948545097e-01        -2.8586199309090777e-05        -1.7243674943085406e-03        -2.2324968035524564e-01         6.7924372669071230e-05         1.3379935696923237e-01         3.2337144473119883e-01         9.7758522629500191e-06
11                                    -1.5495752203271072e-06        -2.4910447832228197e-01        -1.1905934583922761e-05        -1.5161444327566823e-05         7.0713546612493727e-01         2.9995090812726235e-05        -3.9522194418618031e-05        -2.5267279825224049e-02
12                                     3.1336534100031599e-01        -5.6808288163710385e-01         1.2824671184678554e-01        -4.8090379303796116e-01        -2.9516999795878779e-01        -2.3924458836731241e-01        -2.0484963704252404e-01        -2.1340803184694909e-01
13                                    -1.9427429670257182e-01        -8.5114201633385178e-02        -1.8141559416900099e-01         1.4462814032003513e-01         3.6601641239325622e-01        -4.6217421887338422e-01        -3.0076765682990669e-01        -3.2849001264798722e-01
14                                    -4.6219926160701447e-02        -1.6230591167678984e-01        -1.0306167935189266e-01        -1.3198575640809199e-01         6.4816159624006081e-02        -3.7029776842485201e-01         5.4064559339384888e-01         5.4256555712785315e-01
15                                    -5.2944601466798391e-01         1.8735498019460039e-06         7.0578512837366791e-01         2.4335766578886614e-02         9.4085164705499942e-06        -1.2998235495124469e-01         5.0950913064354477e-03        -1.1664157312713086e-07
16                                    -2.0055438072925280e-01        -2.4291837351428985e-07         2.1493735523004592e-01        -1.7483079577892561e-03         5.8521303224340251e-07        -3.3947625044752398e-02        -3.3437994878953649e-03         3.1007784131965271e-08
17                                     7.3251478233897249e-06        -5.6179357529853331e-03        -8.0160374795358675e-07         8.6691328298686349e-06        -9.7411937458571178e-03        -6.8847641612069029e-08         3.2671387000108952e-06         3.1396454597660091e-03
                                                        16                          17

0                                     -1.3677323249068264e-02         6.3845109105030375e-04
1                                      8.6583524999829298e-02         2.5031010066652545e-03
2                                     -1.1558233067769662e-05        -2.6347227547208885e-07
3                                      1.4470045092544102e-04        -2.2980533287138546e-02
4                                     -1.7302889533544804e-03         5.5929389832919757e-02
5                                      2.2284297147419745e-07        -6.8642289958406553e-06
6                                     -7.0698443048776691e-02         3.0777439920571122e-03
7                                     -8.8720252545304787e-02        -6.7555578326798334e-04
8                                     -1.9080987331465926e-01        -1.1540640162201455e-03
9                                      2.9948167223485661e-01         3.2893343894529665e-03
10                                    -8.4375008123950168e-01        -1.4627779326639487e-02
11                                     1.0903385697837848e-04         3.0723405721546631e-07
12                                    -7.0715099455012212e-02         3.0777528390960231e-03
13                                    -8.8682016475955139e-02        -6.7376112823417050e-04
14                                     1.9083706808355799e-01         1.1551701429914918e-03
15                                     2.6097145449272578e-03         3.4769516481741430e-01
16                                     1.6914427831961214e-02        -9.0156164793640203e-01
17                                    -2.0414506029798621e-06         1.1067529512888611e-04
$End
