*************************************************
******************* ORCA 6.0.0 ******************
*************************************************
$Calculation_Status
   &GeometryIndex 1
   &ListStatus       OUT
   &VERSION [&Type "String"] "6.0.0"
   &PROGNAME [&Type "String"] "LeanSCF"
   &STATUS [&Type "String"] "NORMAL TERMINATION"
$End
$Geometry
   &GeometryIndex 1
   &ListStatus       OUT
   &NATOMS [&Type "Integer"] 6
   &NCORELESSECP [&Type "Integer"] 0
   &NGHOSTATOMS [&Type "Integer"] 0
   &CartesianCoordinates [&Type "Coordinates", &Dim(6,4), &Units "Bohr"] 
              C      1.363571806159    0.029164453907    0.000024207203
              O     -1.328396117358   -0.126913903597    0.000089813014
              H      2.093554176604    0.989506242686   -1.691400623196
              H      2.070487483616   -1.910294350068    0.000564584784
              H      2.093582544417    0.990453206373    1.690897415961
              H     -1.987294355474    1.567477339330   -0.000182131616
$End
$SCF_Energy
   &GeometryIndex 1
   &ListStatus       OUT
   &SCF_ENERGY [&Type "Double"]      -1.1570462664332410e+02
$End
$DFT_Energy
   &GeometryIndex 1
   &ListStatus       OUT
   &NALPHAEL [&Type "Integer"] 9
   &NBETAEL [&Type "Integer"] 9
   &NTOTALEL [&Type "Integer"] 18
   &EEXCHANGE [&Type "Double"]      -1.4885067334781834e+01
   &ECORR [&Type "Double"]      -5.6209143278762308e-01
   &ECNL [&Type "Double"]       0.0000000000000000e+00
   &EXC [&Type "Double"]      -1.5447158767569457e+01
   &EEMBED [&Type "Double"]       0.0000000000000000e+00
   &FINALEN [&Type "Double"]      -1.1570462664332410e+02  "No Van der Waals correction"
$End
$Mulliken_Population_Analysis
   &GeometryIndex 1
   &ListStatus       OUT
   &NATOMS [&Type "Integer"] 6
   &ATNO [&Type "ArrayOfIntegers", &Dim (6,1)] 
                                                         0

0                                                        6
1                                                        8
2                                                        1
3                                                        1
4                                                        1
5                                                        1
   &ATOMICCHARGES [&Type "ArrayOfDoubles", &Dim (6,1)] 
                                                         0

0                                     -1.1360228124633576e-01
1                                     -4.7456536117664605e-01
2                                      8.9190190307998352e-02
3                                      1.0798029800236586e-01
4                                      8.9191483195432131e-02
5                                      3.0180567091712640e-01
$End
$Loewdin_Population_Analysis
   &GeometryIndex 1
   &ListStatus       OUT
   &NATOMS [&Type "Integer"] 6
   &ATNO [&Type "ArrayOfIntegers", &Dim (6,1)] 
                                                         0

0                                                        6
1                                                        8
2                                                        1
3                                                        1
4                                                        1
5                                                        1
   &ATOMICCHARGES [&Type "ArrayOfDoubles", &Dim (6,1)] 
                                                         0

0                                     -3.7318883138824344e-01
1                                     -8.5263152454256641e-02
2                                      9.2376155382211667e-02
3                                      1.0786735887658372e-01
4                                      9.2376526944952242e-02
5                                      1.6583194263865808e-01
$End
$Mayer_Population_Analysis
   &GeometryIndex 1
   &ListStatus       OUT
   &NATOMS [&Type "Integer"] 6 "Total number of atoms"
   &BONDTHRESH [&Type "Double"]       1.0000000000000001e-01  "The threshold for printing"
   &NBONDORDERSPRINT [&Type "Integer"] 5 "The number of bond orders larger than threshold"
   &BONDORDERS [&Type "ArrayOfDoubles", &Dim (5,1)] "The bond orders"
                                                         0

0                                      9.8824334852217410e-01
1                                      9.7057113391626071e-01
2                                      9.7491634521412041e-01
3                                      9.7057380003033566e-01
4                                      9.0565229164194416e-01
   &COMPONENTS [&Type "ArrayOfIntegers", &Dim (5,4)] "The indices and atomic numbers of the bonding atoms"
                                                         0                           1                           2                           3

0                                                        0                           6                           1                           8
1                                                        0                           6                           2                           1
2                                                        0                           6                           3                           1
3                                                        0                           6                           4                           1
4                                                        1                           8                           5                           1
   &ATNO [&Type "ArrayOfIntegers", &Dim (6,1)] "Atomic number of the elements"
                                                         0

0                                                        6
1                                                        8
2                                                        1
3                                                        1
4                                                        1
5                                                        1
   &NA [&Type "ArrayOfDoubles", &Dim (6,1)] "Mulliken gross atomic population"
                                                         0

0                                      6.1136022812463322e+00
1                                      8.4745653611766141e+00
2                                      9.1080980969200209e-01
3                                      8.9201970199763514e-01
4                                      9.1080851680456543e-01
5                                      6.9819432908287338e-01
   &ZA [&Type "ArrayOfDoubles", &Dim (6,1)] "Total nuclear charge"
                                                         0

0                                      6.0000000000000000e+00
1                                      8.0000000000000000e+00
2                                      1.0000000000000000e+00
3                                      1.0000000000000000e+00
4                                      1.0000000000000000e+00
5                                      1.0000000000000000e+00
   &QA [&Type "ArrayOfDoubles", &Dim (6,1)] "Mulliken gross atomic charge"
                                                         0

0                                     -1.1360228124633220e-01
1                                     -4.7456536117661408e-01
2                                      8.9190190307997907e-02
3                                      1.0798029800236486e-01
4                                      8.9191483195434573e-02
5                                      3.0180567091712662e-01
   &VA [&Type "ArrayOfDoubles", &Dim (6,1)] "Mayer's total valence"
                                                         0

0                                      3.9155693779772682e+00
1                                      1.8939794330268420e+00
2                                      9.6595471394641164e-01
3                                      9.6689464515159051e-01
4                                      9.6595670451996563e-01
5                                      9.2227383878107760e-01
   &BVA [&Type "ArrayOfDoubles", &Dim (6,1)] "Mayer's bonded valence"
                                                         0

0                                      3.9155693779773126e+00
1                                      1.8939794330269666e+00
2                                      9.6595471394641463e-01
3                                      9.6689464515158463e-01
4                                      9.6595670451998450e-01
5                                      9.2227383878108715e-01
   &FA [&Type "ArrayOfDoubles", &Dim (6,1)] "Mayer's free valence"
                                                         0

0                                      0.0000000000000000e+00
1                                      0.0000000000000000e+00
2                                      0.0000000000000000e+00
3                                      0.0000000000000000e+00
4                                      0.0000000000000000e+00
5                                      0.0000000000000000e+00
$End
$VdW_Correction
   &GeometryIndex 1
   &ListStatus       OUT
   &VDW [&Type "Double"]      -5.0531362388375419e-04
$End
$Calculation_Info
   &GeometryIndex 1
   &ListStatus       OUT
   &MULT [&Type "Integer"] 1
   &CHARGE [&Type "Integer"] 0
   &NUMOFATOMS [&Type "Integer"] 6
   &NUMOFELECTRONS [&Type "Integer"] 18
   &NUMOFFCELECTRONS [&Type "Integer"] 1
   &NUMOFCORRELECTRONS [&Type "Integer"] 0
   &NUMOFBASISFUNCTS [&Type "Integer"] 86
   &NUMOFAUXCBASISFUNCTS [&Type "Integer"] 0
   &NUMOFAUXJBASISFUNCTS [&Type "Integer"] 104
   &NUMOFAUXJKBASISFUNCTS [&Type "Integer"] 0
   &NUMOFCABSBASISFUNCTS [&Type "Integer"] 0
   &TOTALENERGY [&Type "Double"]      -1.1570055870544799e+02  "Hartrees"
$End
$SCF_Dipole_Moment
   &GeometryIndex 1
   &ListStatus       OUT
   &METHOD [&Type "String"] "SCF"
   &LEVEL [&Type "String"] "Relaxed density"
   &MULT [&Type "Integer"] 1
   &STATE [&Type "Integer"] -1
   &IRREP [&Type "Integer"] 0
   &NATOMS [&Type "Integer"] 6
   &DODIPOLEATOM [&Type "Boolean"] false
   &DIPOLEELECCONTRIB [&Type "ArrayOfDoubles", &Dim (3,1)] "Electronic contribution"
                                                         0

0                                     -1.8150164780299580e+00
1                                     -2.3966416864972037e-01
2                                      6.5977598793406293e-05
   &DIPOLENUCCONTRIB [&Type "ArrayOfDoubles", &Dim (3,1)] "Nuclear contribution"
                                                         0

0                                      2.1451650116495964e+00
1                                      8.1364930365656429e-01
2                                     -1.5917009982259974e-04
   &DIPOLETOTAL [&Type "ArrayOfDoubles", &Dim (3,1)] "Total"
                                                         0

0                                      3.3014853361963836e-01
1                                      5.7398513500684389e-01
2                                     -9.3192501029193447e-05
   &DIPOLEMAGNITUDE [&Type "Double", &Units "a.u."]       6.6216085518917867e-01
$End
$THERMOCHEMISTRY_Energies
   &GeometryIndex 1
   &ListStatus       OUT
   &TEMPERATURE [&Type "Double"]       2.9814999999999998e+02
   &PRESSURE [&Type "Double"]       1.0000000000000000e+00
   &TOTALMASS [&Type "Double"]       3.2042000000000002e+01
   &SPINDEGENERACY [&Type "Integer"] 1
   &ELENERGY [&Type "Double"]      -1.1570055870544799e+02
   &TRANSENERGY [&Type "Double"]       1.4162714244859817e-03
   &ROTENERGY [&Type "Double"]       1.4162714244859817e-03
   &VIBENERGY [&Type "Double"]       4.9121482439905956e-04
   &NUMOFFREQS [&Type "Integer"] 18
   &FREQSCALINGFACTOR [&Type "Double"]       1.0000000000000000e+00
   &FREQ [&Type "ArrayOfDoubles", &Dim (18,1)] "In cm^-1"
                                                         0

0                                      0.0000000000000000e+00
1                                      0.0000000000000000e+00
2                                      0.0000000000000000e+00
3                                      0.0000000000000000e+00
4                                      0.0000000000000000e+00
5                                      0.0000000000000000e+00
6                                      3.2621021357865737e+02
7                                      1.0242867747805697e+03
8                                      1.0832604132715612e+03
9                                      1.1693423791090856e+03
10                                     1.3763958512574409e+03
11                                     1.4744741870066857e+03
12                                     1.4887832494613865e+03
13                                     1.5029763963811286e+03
14                                     2.9635547692657669e+03
15                                     3.0210496370088399e+03
16                                     3.0971170915181442e+03
17                                     3.8233622362650199e+03
   &ZPE [&Type "Double"]       5.0918899123582294e-02
   &INNERENERGYU [&Type "Double"]      -1.1564631604865103e+02
   &ENTHALPYH [&Type "Double"]      -1.1564537183960877e+02
   &QEL [&Type "Double"]       0.0000000000000000e+00
   &QROT [&Type "Double"]       9.0322741877515017e-03
   &QVIB [&Type "Double"]       7.3069275716132888e-04
   &QTRANS [&Type "Double"]       1.7259351541636356e-02
   &ENTROPYS [&Type "Double"]       2.7022318486549186e-02
   &FREEENERGYG [&Type "Double"]      -1.1567239415809532e+02
   &ISLINEAR [&Type "Boolean"] false
$End
$Hessian
   &GeometryIndex 1
   &ListStatus       OUT
   &HESSIAN [&Type "ArrayOfDoubles", &Dim (18,18)] "The Hessian"
                                                         0                           1                           2                           3                           4                           5                           6                           7

0                                      4.4189279150425520e-01        -1.8703416290398792e-02         4.2688583100776463e-06        -2.1560738060491691e-01         1.4698819061078231e-02        -2.1535120353562675e-06        -6.7593523532871319e-02        -3.3146507771670247e-02
1                                     -1.8703416290398792e-02         5.9352745811120244e-01        -8.2426558127653181e-06        -3.1489512252620193e-02        -9.2785191923927923e-02         4.8066130952445304e-06        -3.0444202476677215e-02        -1.0579752271475718e-01
2                                      4.2688583100776463e-06        -8.2426558127653181e-06         5.5006562883794896e-01         7.4927602061100528e-06         6.1923495919652093e-06        -6.0289285711078888e-02         5.6751148846636047e-02         9.3800857240509933e-02
3                                     -2.1560738060491691e-01        -3.1489512252620193e-02         7.4927602061100528e-06         4.0067360305826805e-01        -1.4106593050610752e-01         1.6659090021649753e-05        -3.2318759065321383e-02        -3.9870307083694836e-03
4                                      1.4698819061078231e-02        -9.2785191923927923e-02         6.1923495919652093e-06        -1.4106593050610752e-01         5.4140368093309799e-01        -7.5958581065860704e-05        -1.7278245671753751e-02         3.8805584349277393e-03
5                                     -2.1535120353562675e-06         4.8066130952445304e-06        -6.0289285711078888e-02         1.6659090021649753e-05        -7.5958581065860704e-05         4.4908629421347275e-02         2.8221776524529518e-02        -3.7373721129248944e-04
6                                     -6.7593523532871319e-02        -3.0444202476677215e-02         5.6751148846636047e-02        -3.2318759065321383e-02        -1.7278245671753751e-02         2.8221776524529518e-02         8.8103115158513323e-02         4.1215512351308083e-02
7                                     -3.3146507771670247e-02        -1.0579752271475718e-01         9.3800857240509933e-02        -3.9870307083694836e-03         3.8805584349277393e-03        -3.7373721129248944e-04         4.1215512351308083e-02         1.0601933314870894e-01
8                                      5.8165195283680846e-02         9.4933193846304595e-02        -2.1928767608376853e-01         5.3917396284220188e-03        -3.0133830550350873e-03         8.2842996495768803e-03        -7.0392796270646471e-02        -1.0430158145395263e-01
9                                     -6.7974346612000802e-02         6.7239988984010485e-02        -1.9032060736710491e-05        -2.5707364553224230e-02         3.8115375559847821e-02        -8.2766370309284705e-06         4.7997926674842387e-03        -8.8091551021469133e-03
10                                     7.9608554333991624e-02        -2.9017172213118103e-01         6.6421034575892977e-05         2.7672710643286101e-03         6.0523161976424600e-03        -2.1122217393228539e-06         3.4919197102654329e-03        -1.2426182133228722e-02
11                                    -2.1282119735205732e-05         6.7027020667871650e-05        -5.0012941732441404e-02        -1.6122633319091356e-07        -2.6432101350739498e-06         1.7911290607239352e-03        -8.1829056702415089e-03         2.6053606411068384e-02
12                                    -6.7596930036317088e-02        -3.0477866055506182e-02        -5.6736809369955642e-02        -3.2319125756202209e-02        -1.7294211371871589e-02        -2.8210484171147548e-02         5.6881362303559816e-03         4.5916544088919868e-03
13                                    -3.3181825521772207e-02        -1.0590327263743106e-01        -9.3864022396021402e-02        -3.9889868662332326e-03         3.8816819170816742e-03         3.7658418755186565e-04         4.5881506287967812e-03         7.6949904750229703e-03
14                                    -5.8150476879247029e-02        -9.4996902125096275e-02        -2.1918109535883257e-01        -5.3879462743471537e-03         3.0161059582050828e-03         8.2831365507131799e-03        -6.6650100682547897e-03        -1.3739615535721349e-02
15                                    -2.3120610718149096e-02         4.3844077202335463e-02        -7.0417600506539804e-06        -9.4720973078603304e-02         1.2281018886032966e-01        -1.7673525861687791e-05         1.3212385418391740e-03         1.9998425402271308e-04
16                                    -9.2446929223721705e-03         1.1302512960947838e-03        -1.0508635309795561e-06         1.7777819333747896e-01        -4.6243304555882198e-01         7.0312331534709639e-05        -1.6375919739754713e-03         6.2882278932625390e-04
17                                     4.4210946174364373e-06        -3.7408471323263429e-08        -1.2946299518275771e-03        -2.7631746445079175e-05         6.9791420354827128e-05        -2.9779089712823796e-03         3.7738374341326694e-04        -1.4419524132345369e-03
                                                         8                           9                          10                          11                          12                          13                          14                          15

0                                      5.8165195283680846e-02        -6.7974346612000802e-02         7.9608554333991624e-02        -2.1282119735205732e-05        -6.7596930036317088e-02        -3.3181825521772207e-02        -5.8150476879247029e-02        -2.3120610718149096e-02
1                                      9.4933193846304595e-02         6.7239988984010485e-02        -2.9017172213118103e-01         6.7027020667871650e-05        -3.0477866055506182e-02        -1.0590327263743106e-01        -9.4996902125096275e-02         4.3844077202335463e-02
2                                     -2.1928767608376853e-01        -1.9032060736710491e-05         6.6421034575892977e-05        -5.0012941732441404e-02        -5.6736809369955642e-02        -9.3864022396021402e-02        -2.1918109535883257e-01        -7.0417600506539804e-06
3                                      5.3917396284220188e-03        -2.5707364553224230e-02         2.7672710643286101e-03        -1.6122633319091356e-07        -3.2319125756202209e-02        -3.9889868662332326e-03        -5.3879462743471537e-03        -9.4720973078603304e-02
4                                     -3.0133830550350873e-03         3.8115375559847821e-02         6.0523161976424600e-03        -2.6432101350739498e-06        -1.7294211371871589e-02         3.8816819170816742e-03         3.0161059582050828e-03         1.2281018886032966e-01
5                                      8.2842996495768803e-03        -8.2766370309284705e-06        -2.1122217393228539e-06         1.7911290607239352e-03        -2.8210484171147548e-02         3.7658418755186565e-04         8.2831365507131799e-03        -1.7673525861687791e-05
6                                     -7.0392796270646471e-02         4.7997926674842387e-03         3.4919197102654329e-03        -8.1829056702415089e-03         5.6881362303559816e-03         4.5881506287967812e-03        -6.6650100682547897e-03         1.3212385418391740e-03
7                                     -1.0430158145395263e-01        -8.8091551021469133e-03        -1.2426182133228722e-02         2.6053606411068384e-02         4.5916544088919868e-03         7.6949904750229703e-03        -1.3739615535721349e-02         1.9998425402271308e-04
8                                      2.3100844700480017e-01        -8.9061694814867969e-04        -1.2617806998287892e-03         6.6947771040581439e-04         6.6618251166477467e-03         1.3723304971299175e-02        -2.1084932341742330e-02         9.5505608460848355e-04
9                                     -8.9061694814867969e-04         9.2024946094090621e-02        -8.7594127080835513e-02         2.3467430058120528e-05         4.7999003463746600e-03        -8.8094452402988407e-03         8.9561327927189550e-04        -7.9429279427244842e-03
10                                    -1.2617806998287892e-03        -8.7594127080835513e-02         3.0639281486222153e-01        -7.1758621450954742e-05         3.4965946181469369e-03        -1.2439990124108216e-02         1.2691595819945833e-03        -1.8868880317394685e-03
11                                     6.6947771040581439e-04         2.3467430058120528e-05        -7.1758621450954742e-05         4.6475490969210380e-02         8.1804234400795189e-03        -2.6046444139470343e-02         6.8227564028949285e-04         5.6974647373652706e-07
12                                     6.6618251166477467e-03         4.7999003463746600e-03         3.4965946181469369e-03         8.1804234400795189e-03         8.8105952961188116e-02         4.1257235732706912e-02         7.0372952063986277e-02         1.3220662546005396e-03
13                                     1.3723304971299175e-02        -8.8094452402988407e-03        -1.2439990124108216e-02        -2.6046444139470343e-02         4.1257235732706912e-02         1.0613642403115052e-01         1.0437140713554102e-01         1.9943069136011717e-04
14                                    -2.1084932341742330e-02         8.9561327927189550e-04         1.2691595819945833e-03         6.8227564028949285e-04         7.0372952063986277e-02         1.0437140713554102e-01         2.3089119795523941e-01        -9.5544790737037491e-04
15                                     9.5505608460848355e-04        -7.9429279427244842e-03        -1.8868880317394685e-03         5.6974647373652706e-07         1.3220662546005396e-03         1.9943069136011717e-04        -9.5544790737037491e-04         1.2314120694303717e-01
16                                    -7.7330646164551139e-05        -2.5961734734653019e-05         2.5927633286540043e-03        -2.3413121961594611e-08        -1.6379667569276033e-03         6.3016633828411831e-04         7.7515510396385101e-05        -1.6519938646288876e-01
17                                     4.1038406072799259e-04        -1.2666637151670513e-06         3.0687889066781809e-07         3.9456835181178487e-04        -3.7759129364919831e-04         1.4414997157802436e-03         4.0941755433282034e-04         2.4611113989618890e-05
                                                        16                          17

0                                     -9.2446929223721705e-03         4.4210946174364373e-06
1                                      1.1302512960947838e-03        -3.7408471323263429e-08
2                                     -1.0508635309795561e-06        -1.2946299518275771e-03
3                                      1.7777819333747896e-01        -2.7631746445079175e-05
4                                     -4.6243304555882198e-01         6.9791420354827128e-05
5                                      7.0312331534709639e-05        -2.9779089712823796e-03
6                                     -1.6375919739754713e-03         3.7738374341326694e-04
7                                      6.2882278932625390e-04        -1.4419524132345369e-03
8                                     -7.7330646164551139e-05         4.1038406072799259e-04
9                                     -2.5961734734653019e-05        -1.2666637151670513e-06
10                                     2.5927633286540043e-03         3.0687889066781809e-07
11                                    -2.3413121961594611e-08         3.9456835181178487e-04
12                                    -1.6379667569276033e-03        -3.7759129364919831e-04
13                                     6.3016633828411831e-04         1.4414997157802436e-03
14                                     7.7515510396385101e-05         4.0941755433282034e-04
15                                    -1.6519938646288876e-01         2.4611113989618890e-05
16                                     4.5745104180646284e-01        -6.9515556216740446e-05
17                                    -6.9515556216740446e-05         3.0581689562373584e-03
   &MODES [&Type "ArrayOfDoubles", &Dim (18,18)] "The modes of vibrations"
                                                         0                           1                           2                           3                           4                           5                           6                           7

0                                      0.0000000000000000e+00         0.0000000000000000e+00         0.0000000000000000e+00         0.0000000000000000e+00         0.0000000000000000e+00         0.0000000000000000e+00        -3.1350137922444792e-06         1.8245349875078906e-01
1                                      0.0000000000000000e+00         0.0000000000000000e+00         0.0000000000000000e+00         0.0000000000000000e+00         0.0000000000000000e+00         0.0000000000000000e+00        -1.5163356750713279e-06        -1.3292599696954982e-02
2                                      0.0000000000000000e+00         0.0000000000000000e+00         0.0000000000000000e+00         0.0000000000000000e+00         0.0000000000000000e+00         0.0000000000000000e+00         4.3739113097780715e-03         1.8891185265868586e-06
3                                      0.0000000000000000e+00         0.0000000000000000e+00         0.0000000000000000e+00         0.0000000000000000e+00         0.0000000000000000e+00         0.0000000000000000e+00         2.9296024282060073e-07        -1.6834712789084230e-01
4                                      0.0000000000000000e+00         0.0000000000000000e+00         0.0000000000000000e+00         0.0000000000000000e+00         0.0000000000000000e+00         0.0000000000000000e+00        -8.8166794639447182e-06        -1.0582127847225320e-02
5                                      0.0000000000000000e+00         0.0000000000000000e+00         0.0000000000000000e+00         0.0000000000000000e+00         0.0000000000000000e+00         0.0000000000000000e+00        -6.2316616098608196e-02         2.8001619615603858e-06
6                                      0.0000000000000000e+00         0.0000000000000000e+00         0.0000000000000000e+00         0.0000000000000000e+00         0.0000000000000000e+00         0.0000000000000000e+00         4.5360787245933787e-02         2.2917003068040398e-02
7                                      0.0000000000000000e+00         0.0000000000000000e+00         0.0000000000000000e+00         0.0000000000000000e+00         0.0000000000000000e+00         0.0000000000000000e+00        -2.1454119386315790e-01         8.1431377351310480e-02
8                                      0.0000000000000000e+00         0.0000000000000000e+00         0.0000000000000000e+00         0.0000000000000000e+00         0.0000000000000000e+00         0.0000000000000000e+00        -1.0144264759803397e-01         2.4083365059508178e-03
9                                      0.0000000000000000e+00         0.0000000000000000e+00         0.0000000000000000e+00         0.0000000000000000e+00         0.0000000000000000e+00         0.0000000000000000e+00         1.6775851198542584e-05         2.8621133085516914e-01
10                                     0.0000000000000000e+00         0.0000000000000000e+00         0.0000000000000000e+00         0.0000000000000000e+00         0.0000000000000000e+00         0.0000000000000000e+00         7.9630202803816988e-05         3.4009344728127729e-02
11                                     0.0000000000000000e+00         0.0000000000000000e+00         0.0000000000000000e+00         0.0000000000000000e+00         0.0000000000000000e+00         0.0000000000000000e+00         2.8392400725012540e-01        -7.2523336483849554e-06
12                                     0.0000000000000000e+00         0.0000000000000000e+00         0.0000000000000000e+00         0.0000000000000000e+00         0.0000000000000000e+00         0.0000000000000000e+00        -4.5356294155427378e-02         2.2904572030722430e-02
13                                     0.0000000000000000e+00         0.0000000000000000e+00         0.0000000000000000e+00         0.0000000000000000e+00         0.0000000000000000e+00         0.0000000000000000e+00         2.1448464650518015e-01         8.1431636618748623e-02
14                                     0.0000000000000000e+00         0.0000000000000000e+00         0.0000000000000000e+00         0.0000000000000000e+00         0.0000000000000000e+00         0.0000000000000000e+00        -1.0156549787090573e-01        -2.4484626120139089e-03
15                                     0.0000000000000000e+00         0.0000000000000000e+00         0.0000000000000000e+00         0.0000000000000000e+00         0.0000000000000000e+00         0.0000000000000000e+00         1.1436990570640904e-05         1.6592019486934212e-01
16                                     0.0000000000000000e+00         0.0000000000000000e+00         0.0000000000000000e+00         0.0000000000000000e+00         0.0000000000000000e+00         0.0000000000000000e+00         1.3492386403989926e-04         1.2947771906757122e-01
17                                     0.0000000000000000e+00         0.0000000000000000e+00         0.0000000000000000e+00         0.0000000000000000e+00         0.0000000000000000e+00         0.0000000000000000e+00         8.5605684875441812e-01        -1.9575919262638166e-05
                                                         8                           9                          10                          11                          12                          13                          14                          15

0                                     -8.1067783687505710e-02        -2.9684559040032468e-06         2.8832060061230173e-02         9.4834184350900977e-02         1.7929444128548212e-05         2.3673915313233214e-02         3.9492062732230646e-02         5.1314999917269639e-06
1                                     -7.3669012906209530e-02         2.1016522452791858e-05        -1.0841722563042604e-01        -6.5784135195444873e-03        -1.4077042929376087e-05         3.9697167562510668e-02         2.7722247737009913e-02         2.5386966751347626e-05
2                                      1.1988388164599790e-05         1.2111587132144752e-01         2.0035898684086736e-05         1.1318406486649725e-05        -5.7635249115422039e-02        -9.1347324946938262e-06        -1.6861540098711316e-05         8.9521427941991999e-02
3                                      3.7793959831057385e-02         2.7026233019108678e-06         1.7645297637420912e-02         1.9388601124190583e-02         3.6396351984947052e-06         7.0348378639351521e-03         3.0727536449472385e-03         1.7655982523502900e-07
4                                      1.0415643248548325e-02        -9.7531335211321539e-06         7.0440229096189619e-02        -3.4536124585691271e-03        -2.1673318912481258e-06         2.0878123139256164e-02        -8.3978095710273990e-05        -2.9846331885703186e-07
5                                     -8.7923669111018394e-07        -5.3908912223151320e-02        -1.1755111929518827e-05         1.3987318776144938e-06        -8.5387368613744890e-03        -4.1350168885209774e-06        -1.1078561446426471e-07        -3.5068806778212907e-04
6                                     -3.1261308658806519e-01        -5.6634632080645775e-01        -1.3514334308699663e-01        -4.5288224843528746e-01        -2.9313396073053688e-01        -2.8311115610639437e-01        -2.1524576033061604e-01         2.2013023795351222e-01
7                                      1.9222244468425964e-01        -8.2609664244351885e-02         1.9558461980621594e-01         1.8145453262286187e-01         3.6840493984823153e-01        -4.4277348903676500e-01        -3.0081387760908812e-01         3.2473179232592447e-01
8                                      4.3877084960427012e-02        -1.6609734859629371e-01         1.0437809372094857e-01        -1.0800355038187888e-01         6.2566320607611914e-02        -3.7811652469187446e-01         5.5032447952556951e-01        -5.4215220024137645e-01
9                                      4.5726789783586053e-01         6.3460437876399032e-05         3.3025932071054681e-01        -5.6875880603903917e-01        -7.9928762105005498e-05         2.9948393986757998e-01        -9.4076596012484415e-02        -1.6966249694597277e-05
10                                     1.2427134278963507e-01        -5.6243604910885553e-05         1.7961771221125354e-04        -2.3204934023184229e-01         1.6226033417711690e-04         1.1625351525315625e-01         2.7586372543966692e-01         5.6723395472372249e-05
11                                    -1.5302662900034111e-05        -2.4662990587673292e-01         7.6143665744888680e-06        -5.2623316243330677e-05         7.0724656516152318e-01        -7.8296799212549314e-05        -7.6617349645548356e-05         2.6906190962190810e-02
12                                    -3.1272464868281430e-01         5.6626288622706888e-01        -1.3519727640748397e-01        -4.5298937782553056e-01         2.9293974667588407e-01        -2.8314939143123036e-01        -2.1521390528131956e-01        -2.2017734490765434e-01
13                                     1.9217540254455540e-01         8.2569039835789393e-02         1.9550619437184952e-01         1.8165437457357650e-01        -3.6836135522780716e-01        -4.4251844417623687e-01        -3.0106061739342937e-01        -3.2508773592913481e-01
14                                    -4.3937390383232786e-02        -1.6616833459146083e-01        -1.0447213184630989e-01         1.0788539807040250e-01         6.2856844378107832e-02         3.7836202027436716e-01        -5.5004885247357516e-01        -5.4206317582118069e-01
15                                     5.3418053836115365e-01         1.2449194742348211e-05        -6.8353873127215004e-01         3.6880811640535201e-02         2.7330181776066714e-06        -1.2697117785807324e-01         5.1908736855973648e-03         1.2555795931868628e-07
16                                     2.0382945847654771e-01         1.2439381005434817e-06        -2.1743504326219221e-01         2.1424871106979896e-03        -3.7075482991083059e-06        -3.5358180947173336e-02        -2.9856114053608534e-03         1.4545896704393785e-06
17                                    -5.3286380984599593e-05        -8.6381845304607120e-03         3.4259926114037663e-05         1.3708473333733135e-05        -1.0379821247972472e-02         7.2788032211657426e-06         3.6653146864594061e-06        -3.8328909063991977e-03
                                                        16                          17

0                                     -1.5147874692595173e-02         6.7756022598651315e-04
1                                      8.4960947477744783e-02         2.4525336666418808e-03
2                                     -2.1200454984742668e-05        -3.1226578385264764e-07
3                                     -6.8403073865650767e-05        -2.3894493189646242e-02
4                                     -1.6284792814383780e-03         5.5577416248496145e-02
5                                      4.3559350434476576e-07        -8.4372451310935554e-06
6                                     -6.0921378584626311e-02         3.2909872140036447e-03
7                                     -7.0416932447868605e-02        -5.1865046718694489e-04
8                                      1.6053741715608244e-01         7.9812085549043894e-04
9                                      3.0137302582809916e-01         2.7845464586253041e-03
10                                    -8.6213330819576572e-01        -1.4343500152953924e-02
11                                     2.3898804521814803e-04         1.6360252875094988e-06
12                                    -6.0936261637642951e-02         3.2906881247066239e-03
13                                    -7.0523890516957580e-02        -5.2350561427031480e-04
14                                    -1.6052577184878838e-01        -7.9965600182764897e-04
15                                     2.0674553778378753e-03         3.6181415584832560e-01
16                                     1.6554388966682928e-02        -8.9596401085857069e-01
17                                    -4.9293799470048679e-06         1.3753613412725537e-04
$End
