
$orca_hessian_file

$act_atom
  0

$act_coord
  0

$act_energy
        0.000000

$multiplicity
  1

$hessian
45
                    0                  1                  2                  3                  4        
    0      7.0102873880E-01  -4.8429260104E-02   3.6663102295E-05  -1.6964486715E-01  -4.8264135616E-02
    1     -4.8429260104E-02   7.0311466322E-01  -1.4716801972E-06  -1.0525715096E-01  -2.6683988804E-01
    2      3.6663102295E-05  -1.4716801972E-06   1.1924692004E-01  -8.2397744726E-06  -5.2288312640E-06
    3     -1.6964486715E-01  -1.0525715096E-01  -8.2397744726E-06   7.3480861477E-01  -1.8027255043E-02
    4     -4.8264135616E-02  -2.6683988804E-01  -5.2288312640E-06  -1.8027255043E-02   6.6369164363E-01
    5     -6.6589693452E-06  -8.4122725129E-06  -5.9003343304E-02   3.5977499574E-05   6.7448206593E-06
    6      5.8013571928E-02   1.8127901804E-02   3.9122202305E-06  -1.8782339173E-01   7.1286641409E-02
    7     -1.6466477670E-02  -5.6761951926E-02  -1.7083412072E-06   1.2721815478E-01  -3.0618765360E-01
    8      3.3904248062E-06   4.4721617621E-07   6.1610366767E-03  -6.1760239644E-06  -1.5479637336E-06
    9     -4.8558313295E-02  -2.9011262682E-02  -3.7722231183E-06  -2.2993897294E-02   7.6987682929E-02
   10     -2.2921447048E-02  -6.6271257739E-03  -1.2943718178E-06   3.5395011286E-02   2.2855579401E-02
   11     -3.4345806031E-06  -8.7668527527E-07  -2.1458365774E-03   5.7699939813E-07   4.3110700734E-06
   12     -4.4226005602E-02   2.1749101296E-02  -2.5386151712E-06  -1.1334663675E-03   1.1633829705E-02
   13      6.1900946290E-02   2.3584607221E-02   7.9808831165E-07  -3.6771647693E-03  -4.8688869640E-02
   14     -2.5985960920E-06  -7.4498376968E-08   3.5829327634E-03  -7.4952228969E-07   5.5729962592E-08
   15     -3.6537442323E-01   2.8135363111E-02  -1.8841988260E-05  -3.0184448831E-02  -7.1604448492E-02
   16     -2.7668047204E-02  -1.2548505574E-01  -5.5679511358E-07  -3.1924719808E-02   2.5938929376E-02
   17     -1.8367133975E-05   2.0948829622E-06  -5.6885878587E-02  -1.3212507047E-06  -3.0240910466E-06
   18      2.0367306897E-02   9.6885486520E-03   1.9597501123E-06  -4.2274874472E-04  -1.1876640110E-02
   19      4.1268557926E-03  -9.0695035492E-03  -1.1694695053E-06  -9.7302889945E-04  -2.7413407374E-03
   20     -8.1141793674E-07   6.8994865120E-07   8.5910590637E-03   1.9814574564E-07  -9.0082135239E-08
   21     -2.3545145916E-03  -2.4729247570E-03  -2.2226940468E-07  -3.4189434491E-04   5.5733868855E-04
   22     -4.9805094888E-03   6.6410978487E-04   4.5670742327E-07   1.4731444198E-03   2.4635457767E-03
   23      4.7253416407E-08   8.4575608635E-08  -9.2496133009E-04   1.4861864473E-08  -5.8208450500E-08
   24     -4.3018538630E-03   1.0208091520E-03  -1.8440325824E-07   4.6730057622E-04   2.9695694555E-03
   25      7.1714339979E-03   4.1384296165E-03   8.4543805587E-07  -5.8385742133E-04  -6.9231359460E-03
   26     -8.3322574240E-07  -1.6820398091E-07  -1.0993865082E-03  -2.9550726142E-08   9.0540833529E-08
   27      1.0064138608E-02   9.2069261249E-03   1.6458315710E-06  -5.1199048752E-03  -1.7973151152E-02
   28     -2.2344759889E-03  -5.9419311255E-03   2.6579510926E-07  -4.0799706932E-03   7.4893848787E-03
   29      1.1286057723E-06   2.7582602381E-07  -1.5880622408E-03  -6.3402957401E-07  -1.2261061040E-06
   30     -1.2892172381E-01   1.2181031207E-01  -7.2319539378E-06   1.1661812724E-02  -1.5044017651E-02
   31      1.2240326016E-01  -2.6683904707E-01   8.9029937150E-06   1.6057107916E-02  -1.8866105406E-02
   32     -7.1223386863E-06   9.1432676963E-06  -3.1468966554E-02   6.2926960853E-07  -1.4130448823E-06
   33     -1.1142403927E-02   2.5972231372E-03  -5.2845404087E-07  -3.3495499097E-01  -2.1838889719E-03
   34     -2.7774095242E-02   5.1056369527E-03  -1.7931096965E-06  -2.9336889145E-03  -5.9232665296E-02
   35     -1.2254021366E-06   4.0916898186E-07   3.5517706517E-03  -1.9016707433E-05  -4.0539607523E-07
   36     -8.3619949004E-04   3.4130748765E-03  -2.0252947781E-07   1.2211105764E-02   1.5113977317E-02
   37      4.1641654796E-03  -2.5369908159E-03   6.5129085891E-07  -1.4943193821E-02  -1.8452985189E-02
   38     -1.2048586632E-07  -7.1845263298E-08   7.5900869601E-03  -2.9937755113E-08   1.0777922365E-06
   39     -1.0010072001E-02  -2.7083671972E-02   2.8264955888E-07  -5.6486065744E-03   1.0452801227E-03
   40      2.0574452791E-03   5.5142756568E-03   1.2367173677E-06   7.8650952285E-04   1.1337525091E-03
   41     -1.4266217572E-06  -1.6240991596E-06   4.3521331343E-03  -8.7899247785E-07   5.2386842177E-07
   42     -4.1033792664E-03  -3.4590921136E-03  -1.1278296792E-06  -8.8061695388E-04   5.3589421700E-03
   43     -3.1215562652E-03  -2.0202284083E-03  -3.0563449792E-07   1.4903776525E-03   4.3598082792E-03
   44     -2.0412709514E-07  -7.4398876216E-08   4.0495811674E-05  -1.4825204073E-07   9.5275321103E-08
                    5                  6                  7                  8                  9        
    0     -6.6589693452E-06   5.8013571928E-02  -1.6466477670E-02   3.3904248062E-06  -4.8558313295E-02
    1     -8.4122725129E-06   1.8127901804E-02  -5.6761951926E-02   4.4721617621E-07  -2.9011262682E-02
    2     -5.9003343304E-02   3.9122202305E-06  -1.7083412072E-06   6.1610366767E-03  -3.7722231183E-06
    3      3.5977499574E-05  -1.8782339173E-01   1.2721815478E-01  -6.1760239644E-06  -2.2993897294E-02
    4      6.7448206593E-06   7.1286641409E-02  -3.0618765360E-01  -1.5479637336E-06   7.6987682929E-02
    5      1.3630558382E-01  -7.9664500958E-06   3.2700348490E-06  -5.4886406264E-02   7.5907190621E-07
    6     -7.9664500958E-06   6.6908356749E-01   6.8899277246E-03   3.2984428887E-05  -3.0172046137E-01
    7      3.2700348490E-06   6.8899277246E-03   7.5719785587E-01   1.4946816380E-05  -5.1673964429E-02
    8     -5.4886406264E-02   3.2984428887E-05   1.4946816380E-05   1.1932149241E-01  -1.6225514196E-05
    9      7.5907190621E-07  -3.0172046137E-01  -5.1673964429E-02  -1.6225514196E-05   6.9547241257E-01
   10      2.8636098415E-06   5.4858660477E-03  -1.2110039347E-01  -1.7130878111E-06  -2.1943361053E-02
   11     -1.8344744695E-03  -1.2471011543E-05  -5.4538868815E-06  -6.5920327291E-02   1.7330935880E-05
   12      6.1500018037E-07  -1.7599893018E-02  -2.3611763556E-02  -9.1596082128E-07  -1.6500516015E-01
   13     -7.9043559437E-07  -5.3118844190E-02   2.7035797997E-02  -1.9641545228E-06  -3.5831823849E-02
   14     -2.8572254571E-03  -2.5376321635E-06   9.0956034136E-07   4.2064962924E-03  -7.9900552524E-07
   15     -3.5338677382E-06  -4.2337748121E-02   2.3506260467E-02  -1.6316762570E-06   6.3416646130E-02
   16     -1.4596420862E-06   2.2654912920E-02  -1.2393817616E-02   1.1088144240E-06  -2.0080588685E-02
   17      4.7695353696E-03  -2.4022348609E-06   1.2716890586E-06  -1.0009653412E-03   3.3504860633E-06
   18     -7.8377420746E-07  -3.2644824223E-03  -2.3415891136E-03  -8.9773276110E-07  -1.8046009444E-02
   19      1.4139173275E-06  -1.9658630638E-03  -7.3709643438E-03   5.3174164549E-06  -4.2176010999E-02
   20     -1.9933004085E-03  -9.9088077867E-07  -1.0931850413E-06   8.8475796877E-03  -2.4442356405E-06
   21     -7.7179260424E-08  -1.2143430279E-03  -2.1038973793E-03  -5.7772595445E-07  -5.6682686889E-03
   22     -5.2512635982E-07  -3.2424448708E-04   7.3433079535E-04  -2.2129498255E-06   4.6267354425E-03
   23      1.2045386853E-04   2.6059717345E-07   5.4876562165E-07  -2.2209317314E-03   1.4540349400E-06
   24      2.8563132911E-07   9.1324628689E-04   3.1845753743E-04   9.6800645757E-07   2.2013233231E-03
   25     -6.7892517633E-07  -5.6848200948E-03   3.2243900670E-03  -2.1725878157E-06   8.7359893596E-03
   26      5.2740724694E-04   7.8746608323E-07   3.9457245193E-08  -8.0469968911E-04   7.8547025521E-07
   27     -1.2400772194E-06  -4.3127210045E-02   6.3660362776E-02   1.7760135958E-07  -1.4845956601E-01
   28     -5.1323168668E-07   2.7590935995E-02  -8.0747246073E-03   9.5081220643E-07   5.8694456598E-02
   29      5.3126318416E-03  -2.2000186677E-06   2.4879496675E-06   6.9570037851E-03  -4.9045062784E-07
   30      7.5677017494E-07  -9.5501402305E-04  -3.1645680407E-03  -6.9119510337E-07  -1.2150485345E-03
   31      7.7805132538E-07  -4.2212864860E-03  -2.9207865842E-03  -1.0024801229E-07  -1.1339709583E-03
   32      4.5138545140E-04  -1.8623613809E-07  -3.6623777368E-07   6.2155882118E-03  -7.4079244053E-08
   33     -1.8671986803E-05  -1.1990515783E-02  -2.1394547027E-03  -1.2418043773E-06   1.1893328349E-03
   34     -5.3716765478E-07   2.8468838351E-02   4.0945761313E-03   2.0191104994E-06   1.9034152811E-03
   35     -3.8626375071E-02  -5.5329231332E-07  -3.8279758141E-07   3.9169586695E-03  -5.7377467447E-08
   36      7.9729465141E-07  -1.2540609399E-01  -1.1925087548E-01  -9.3092413874E-06  -1.2077896949E-02
   37     -1.8315014976E-06  -1.2102310155E-01  -2.6882096824E-01  -1.3888873123E-05   1.8358102152E-03
   38      1.7724986809E-03  -9.3192900641E-06  -1.4284733941E-05  -3.3241677681E-02  -3.5653782754E-07
   39     -8.1213261845E-07  -5.8032675775E-04   1.0343199555E-03   3.2874709572E-07  -1.9356387132E-03
   40     -2.8277019967E-07   1.7945715896E-04   4.3385293602E-04  -3.0703915387E-07   4.6948918133E-03
   41      8.2097258418E-03   4.4310844058E-07  -3.7243747597E-09  -1.2783637892E-03  -4.0987063478E-07
   42      3.8043471947E-07   8.0090945859E-03  -1.7251471684E-03   6.1217080269E-08  -3.6599454403E-02
   43      5.5264948850E-08   5.5039327663E-03  -9.0895434088E-03  -9.5445635848E-07   4.4193992165E-02
   44      1.7319028583E-03  -4.3250535192E-09  -1.1019214668E-07   3.7272160514E-03   1.3013753084E-06
                   10                 11                 12                 13                 14        
    0     -2.2921447048E-02  -3.4345806031E-06  -4.4226005602E-02   6.1900946290E-02  -2.5985960920E-06
    1     -6.6271257739E-03  -8.7668527527E-07   2.1749101296E-02   2.3584607221E-02  -7.4498376968E-08
    2     -1.2943718178E-06  -2.1458365774E-03  -2.5386151712E-06   7.9808831165E-07   3.5829327634E-03
    3      3.5395011286E-02   5.7699939813E-07  -1.1334663675E-03  -3.6771647693E-03  -7.4952228969E-07
    4      2.2855579401E-02   4.3110700734E-06   1.1633829705E-02  -4.8688869640E-02   5.5729962592E-08
    5      2.8636098415E-06  -1.8344744695E-03   6.1500018037E-07  -7.9043559437E-07  -2.8572254571E-03
    6      5.4858660477E-03  -1.2471011543E-05  -1.7599893018E-02  -5.3118844190E-02  -2.5376321635E-06
    7     -1.2110039347E-01  -5.4538868815E-06  -2.3611763556E-02   2.7035797997E-02   9.0956034136E-07
    8     -1.7130878111E-06  -6.5920327291E-02  -9.1596082128E-07  -1.9641545228E-06   4.2064962924E-03
    9     -2.1943361053E-02   1.7330935880E-05  -1.6500516015E-01  -3.5831823849E-02  -7.9900552524E-07
   10      6.6159463429E-01   1.1341908882E-05  -6.8753086116E-02  -2.3528360912E-01  -9.2384987050E-06
   11      1.1341908882E-05   1.5842482854E-01  -5.2369515963E-06  -7.9838277974E-06  -5.4333080340E-02
   12     -6.8753086116E-02  -5.2369515963E-06   5.5593322097E-01  -1.3468162602E-02  -4.1800386799E-06
   13     -2.3528360912E-01  -7.9838277974E-06  -1.3468162602E-02   7.0876935558E-01   5.9300993486E-06
   14     -9.2384987050E-06  -5.4333080340E-02  -4.1800386799E-06   5.9300993486E-06   1.1499738313E-01
   15      1.3393150775E-02   2.5161015733E-06  -1.4007580560E-01   4.7975726555E-02   1.3204366006E-07
   16     -4.7346462058E-02  -1.0196428427E-06   8.7778796781E-02  -2.7193936405E-01   2.4261751837E-06
   17     -7.9552407037E-07  -1.1484489994E-03  -2.9177099675E-07   4.4016173304E-06  -5.1964747587E-02
   18     -4.6417803838E-02   2.2440547671E-06  -1.3388849377E-01  -1.3966550104E-03   1.1161035850E-05
   19      2.6622983477E-02   1.2158633614E-05  -2.2004955992E-03  -1.1396941074E-01  -1.3041910891E-05
   20     -7.3710379429E-07  -7.2677116709E-03   7.9072819153E-06   6.6501525152E-07  -7.2438359287E-02
   21      1.3358381280E-02  -3.6172452015E-07  -4.2326185661E-02  -5.2267651642E-02   1.2017510769E-06
   22      9.2498736244E-04  -4.3034789853E-06  -4.4501874881E-02  -1.5900381115E-02   7.1931839860E-06
   23     -1.5877498417E-07   5.4520913577E-03   2.4718523907E-06   3.8527125406E-06   1.8772778962E-02
   24      4.7307491204E-03   2.0428493944E-06  -3.7167055188E-02   4.7022156390E-02  -3.4639019315E-06
   25     -3.0339082891E-02  -2.2873450196E-06   4.6041703418E-02  -6.3948272509E-03   1.5507129887E-06
   26      5.5273904096E-07   2.4906392541E-04   2.5669193879E-06   4.5469842264E-07   1.7156131673E-02
   27      8.8931210208E-02   2.3444819476E-06   2.9768664605E-02  -6.6100764555E-03  -9.1090175965E-07
   28     -2.7786535221E-01  -1.9119609964E-06   4.9287466162E-03  -4.7707344405E-02  -1.7737066819E-06
   29     -2.4735007794E-06  -4.7628996836E-02   1.0037072378E-06  -3.2984341014E-06   7.7357521892E-03
   30     -8.6162309799E-04  -3.4181164250E-08  -4.7158384265E-03  -2.0103543900E-03  -3.0267228529E-07
   31      3.2575974767E-05   4.9108197188E-08  -7.3641734123E-04   1.6115518305E-03  -1.0861857352E-07
   32      1.0034787343E-07  -7.8382393487E-04  -4.1556273623E-07  -5.6907113522E-07   7.7532674420E-03
   33      2.4020256294E-03  -6.6972293731E-07   9.5677100564E-04   5.2123012418E-06   3.3114166681E-07
   34     -4.5155218291E-03  -1.6630602399E-07   6.9716774645E-04  -1.3281541802E-03   1.2142964147E-07
   35      2.3666127186E-07   9.2303184756E-03   2.1189108280E-07   3.2538338801E-08  -6.4476808433E-04
   36     -3.0502735465E-02  -1.3673236244E-06  -4.7436181945E-03   2.2366313919E-03  -7.9423156474E-08
   37      1.7551046525E-03   7.1574965715E-07  -3.6342314882E-05   6.7768935385E-04  -1.1485906367E-08
   38     -2.1995131699E-06   4.6187743268E-03  -4.5241459698E-07   5.9519764169E-07   5.0696250401E-03
   39      2.2527961716E-03   8.6243408752E-07   1.1794632345E-02   1.2848840625E-02   6.4739560296E-09
   40     -1.9541866301E-03   4.5249348518E-07  -1.3596540022E-02  -1.9500644051E-02   2.4054710449E-07
   41     -3.6690301151E-07   4.6572208877E-03  -3.0709368611E-07   1.7778005893E-06   3.6470412452E-03
   42      2.5628874950E-02  -4.6944411308E-06  -7.5717669409E-03  -3.8457381231E-03   2.5443283265E-06
   43      1.1245868825E-02  -4.6125795512E-07  -5.6877056518E-03  -9.6639743716E-04   1.7593391912E-06
   44     -6.8256089858E-07  -1.5695973977E-03  -1.9332456319E-07   1.6009676283E-07  -6.8322797775E-04
                   15                 16                 17                 18                 19        
    0     -3.6537442323E-01  -2.7668047204E-02  -1.8367133975E-05   2.0367306897E-02   4.1268557926E-03
    1      2.8135363111E-02  -1.2548505574E-01   2.0948829622E-06   9.6885486520E-03  -9.0695035492E-03
    2     -1.8841988260E-05  -5.5679511358E-07  -5.6885878587E-02   1.9597501123E-06  -1.1694695053E-06
    3     -3.0184448831E-02  -3.1924719808E-02  -1.3212507047E-06  -4.2274874472E-04  -9.7302889945E-04
    4     -7.1604448492E-02   2.5938929376E-02  -3.0240910466E-06  -1.1876640110E-02  -2.7413407374E-03
    5     -3.5338677382E-06  -1.4596420862E-06   4.7695353696E-03  -7.8377420746E-07   1.4139173275E-06
    6     -4.2337748121E-02   2.2654912920E-02  -2.4022348609E-06  -3.2644824223E-03  -1.9658630638E-03
    7      2.3506260467E-02  -1.2393817616E-02   1.2716890586E-06  -2.3415891136E-03  -7.3709643438E-03
    8     -1.6316762570E-06   1.1088144240E-06  -1.0009653412E-03  -8.9773276110E-07   5.3174164549E-06
    9      6.3416646130E-02  -2.0080588685E-02   3.3504860633E-06  -1.8046009444E-02  -4.2176010999E-02
   10      1.3393150775E-02  -4.7346462058E-02  -7.9552407037E-07  -4.6417803838E-02   2.6622983477E-02
   11      2.5161015733E-06  -1.0196428427E-06  -1.1484489994E-03   2.2440547671E-06   1.2158633614E-05
   12     -1.4007580560E-01   8.7778796781E-02  -2.9177099675E-07  -1.3388849377E-01  -2.2004955992E-03
   13      4.7975726555E-02  -2.7193936405E-01   4.4016173304E-06  -1.3966550104E-03  -1.1396941074E-01
   14      1.3204366006E-07   2.4261751837E-06  -5.1964747587E-02   1.1161035850E-05  -1.3041910891E-05
   15      7.2179402615E-01   4.9548439008E-02   2.3990286081E-05  -5.2170325341E-02   2.9177012181E-02
   16      4.9548439008E-02   6.9533460531E-01   3.0899911117E-06   2.9831236061E-02   1.3919281921E-02
   17      2.3990286081E-05   3.0899911117E-06   1.3007210091E-01   2.3326086152E-06  -1.7426584423E-05
   18     -5.2170325341E-02   2.9831236061E-02   2.3326086152E-06   6.3723834188E-01   2.2475053941E-02
   19      2.9177012181E-02   1.3919281921E-02  -1.7426584423E-05   2.2475053941E-02   8.2566564878E-01
   20     -1.0080659752E-06   1.2127525716E-06  -6.0354147206E-03  -1.9273728112E-05   1.1848813325E-05
   21     -5.0605905645E-04  -3.7078493361E-03   1.4694868428E-06  -2.2332132510E-01  -1.5748234358E-01
   22      1.1603409172E-02  -8.4343985284E-03   5.9362105998E-06  -1.4420795186E-01  -3.8545476931E-01
   23      4.6697999173E-07  -7.6509177523E-07   1.6001729459E-03   4.8712955569E-06  -3.1230720916E-07
   24     -2.8417599614E-03  -8.3973505254E-03  -3.1547147023E-06  -2.2746917192E-01   1.4116147769E-01
   25     -4.5865266296E-03   6.8755758913E-03   4.7529342279E-06   1.1104246282E-01  -3.1453318752E-01
   26      6.2685137612E-07  -2.8832939598E-07   4.5843145399E-03   5.9418460069E-06  -2.1352424584E-05
   27     -1.2625619795E-02   4.2114858807E-03  -3.6270815646E-06  -3.4158463355E-02   2.5590554537E-02
   28     -1.7245157187E-03  -3.1894009406E-03  -5.5099793223E-07   2.2336212715E-02  -5.3596474829E-03
   29     -9.7747471023E-07   4.0479834778E-07   6.3263696859E-03  -4.9759394178E-07   5.4899373036E-07
   30     -1.2788480315E-02   2.8926573345E-02  -4.9451672423E-07   2.3684990729E-04   1.8989234030E-03
   31     -2.1322394569E-03   3.8643006586E-03  -5.8414478353E-07  -2.9348329278E-04   2.1269931104E-04
   32     -6.8409343474E-07   1.9120530558E-06   8.4011383869E-04  -2.2428313109E-07  -2.8928389495E-07
   33      2.9910136136E-04  -3.5481980782E-03  -2.8519967094E-07  -7.0475393765E-05  -7.1885979584E-05
   34     -2.9186521358E-03  -4.8733213991E-03  -2.7380515284E-07  -4.5030894511E-04  -3.6502911390E-04
   35     -4.1061259901E-08  -6.5537057617E-07   6.6752933382E-03  -3.7198765377E-07   6.9017149186E-07
   36     -1.0450111990E-03   1.0129496263E-03   1.0470548023E-07   1.0813761090E-04  -1.9013590365E-03
   37      8.1031731149E-04   3.8235227961E-04  -4.0233421869E-08   8.7638584377E-04  -9.7925844718E-05
   38      4.1828122104E-08   1.1400741781E-07  -1.1765513062E-03  -1.8152258368E-07  -8.6541861169E-08
   39     -1.2692976601E-01  -1.2491104640E-01  -4.2119320192E-06   1.5596697824E-03   1.4397898676E-03
   40     -1.2345893183E-01  -2.7058051527E-01  -3.3886119756E-06  -3.6024855061E-03  -3.8557959890E-03
   41     -1.8785869503E-06  -4.1112057146E-06  -3.6127867040E-02   1.2856387068E-07   6.2824276493E-07
   42      1.3696738146E-03  -3.7796298233E-03   3.6714941958E-06   3.3301189429E-02  -1.9127998383E-02
   43      2.3286719250E-03  -2.0727098375E-03   3.0698090391E-06   1.4366335780E-02  -2.3603038865E-02
   44      5.9491721647E-08   5.4343868719E-08  -5.2802704432E-04   7.2660842956E-08  -1.1558524317E-06
                   20                 21                 22                 23                 24        
    0     -8.1141793674E-07  -2.3545145916E-03  -4.9805094888E-03   4.7253416407E-08  -4.3018538630E-03
    1      6.8994865120E-07  -2.4729247570E-03   6.6410978487E-04   8.4575608635E-08   1.0208091520E-03
    2      8.5910590637E-03  -2.2226940468E-07   4.5670742327E-07  -9.2496133009E-04  -1.8440325824E-07
    3      1.9814574564E-07  -3.4189434491E-04   1.4731444198E-03   1.4861864473E-08   4.6730057622E-04
    4     -9.0082135239E-08   5.5733868855E-04   2.4635457767E-03  -5.8208450500E-08   2.9695694555E-03
    5     -1.9933004085E-03  -7.7179260424E-08  -5.2512635982E-07   1.2045386853E-04   2.8563132911E-07
    6     -9.9088077867E-07  -1.2143430279E-03  -3.2424448708E-04   2.6059717345E-07   9.1324628689E-04
    7     -1.0931850413E-06  -2.1038973793E-03   7.3433079535E-04   5.4876562165E-07   3.1845753743E-04
    8      8.8475796877E-03  -5.7772595445E-07  -2.2129498255E-06  -2.2209317314E-03   9.6800645757E-07
    9     -2.4442356405E-06  -5.6682686889E-03   4.6267354425E-03   1.4540349400E-06   2.2013233231E-03
   10     -7.3710379429E-07   1.3358381280E-02   9.2498736244E-04  -1.5877498417E-07   4.7307491204E-03
   11     -7.2677116709E-03  -3.6172452015E-07  -4.3034789853E-06   5.4520913577E-03   2.0428493944E-06
   12      7.9072819153E-06  -4.2326185661E-02  -4.4501874881E-02   2.4718523907E-06  -3.7167055188E-02
   13      6.6501525152E-07  -5.2267651642E-02  -1.5900381115E-02   3.8527125406E-06   4.7022156390E-02
   14     -7.2438359287E-02   1.2017510769E-06   7.1931839860E-06   1.8772778962E-02  -3.4639019315E-06
   15     -1.0080659752E-06  -5.0605905645E-04   1.1603409172E-02   4.6697999173E-07  -2.8417599614E-03
   16      1.2127525716E-06  -3.7078493361E-03  -8.4343985284E-03  -7.6509177523E-07  -8.3973505254E-03
   17     -6.0354147206E-03   1.4694868428E-06   5.9362105998E-06   1.6001729459E-03  -3.1547147023E-06
   18     -1.9273728112E-05  -2.2332132510E-01  -1.4420795186E-01   4.8712955569E-06  -2.2746917192E-01
   19      1.1848813325E-05  -1.5748234358E-01  -3.8545476931E-01  -3.1230720916E-07   1.4116147769E-01
   20      2.3536194667E-01   6.0917410494E-06   9.4572861500E-06  -8.3486074601E-02   3.3501666159E-06
   21      6.0917410494E-06   2.3635933921E-01   1.8899258146E-01  -7.7826990433E-06   4.5551489757E-02
   22      9.4572861500E-06   1.8899258146E-01   5.1636428028E-01  -1.5397018889E-05  -1.2620632664E-02
   23     -8.3486074601E-02  -7.7826990433E-06  -1.5397018889E-05   3.4882050814E-02  -1.7598027293E-06
   24      3.3501666159E-06   4.5551489757E-02  -1.2620632664E-02  -1.7598027293E-06   2.5378061310E-01
   25     -8.1412417350E-07   2.1817294022E-02  -1.2081565266E-01   2.0200238237E-06  -1.6029979221E-01
   26     -7.5638822943E-02  -1.0618995407E-07   8.8033876600E-06   2.4720181839E-02  -4.0695449415E-06
   27     -7.1185314394E-07   5.5998053695E-03  -9.8925459634E-03  -5.1016021858E-07  -1.0552010136E-02
   28     -6.4636875203E-07  -4.1829054811E-03  -1.0915524246E-03  -1.6443486261E-09  -1.7358951911E-02
   29     -6.6049450748E-04  -9.6439867147E-08  -1.8401316328E-07  -1.5231632624E-03  -1.6785150261E-08
   30     -1.7669956955E-07  -1.7012615328E-04  -1.8360755488E-04  -1.5970197950E-08  -9.8221382328E-04
   31      1.0354684855E-08   1.4292103632E-04   2.4440116441E-05   3.4699708981E-08  -1.4382818376E-05
   32      1.8480597801E-03   6.0232111720E-08   2.9773470195E-07  -9.7431054922E-05  -2.2334731664E-07
   33      1.7565777361E-07  -1.1219866649E-04   6.6559784718E-05  -1.3184446283E-08  -6.0619840170E-05
   34      1.8523948994E-08  -1.6315419139E-07   4.5039636537E-04   2.4230945746E-08   4.7933075635E-06
   35     -1.4603852570E-03  -3.3892703149E-09  -2.9950705319E-07   3.2711091672E-04   1.2404761236E-07
   36     -1.6122546039E-07  -9.5022929311E-04  -2.2242105007E-04   1.2464098567E-07   3.3267481615E-05
   37      1.5149712892E-08  -6.4911332026E-05   1.7788407167E-05   1.3335539086E-08  -5.4379846414E-05
   38      3.1754378298E-04  -1.1763551730E-07  -1.3538959318E-07  -1.9837344506E-04   4.4677556864E-08
   39      1.4296024363E-07  -5.5988531604E-03   2.5904684893E-04  -1.6754719210E-07   3.2922160854E-04
   40      3.9951634170E-07  -6.4647833887E-04   3.6803838816E-03   2.4035517023E-07   1.7298208484E-04
   41     -3.9460306787E-03   1.4297204855E-07  -3.8781763014E-07   8.2329083803E-05  -2.9810736830E-08
   42      1.2309600428E-06  -4.9466365920E-03   9.8605329763E-03   7.1974454237E-07  -1.9901777394E-02
   43      1.2916893514E-06  -1.8876136391E-03   6.3724912685E-03   7.6357062350E-07   1.2966372465E-03
   44     -2.0395949108E-03   1.9717262824E-07   4.1156705367E-07   2.4937656375E-03  -1.5995629739E-07
                   25                 26                 27                 28                 29        
    0      7.1714339979E-03  -8.3322574240E-07   1.0064138608E-02  -2.2344759889E-03   1.1286057723E-06
    1      4.1384296165E-03  -1.6820398091E-07   9.2069261249E-03  -5.9419311255E-03   2.7582602381E-07
    2      8.4543805587E-07  -1.0993865082E-03   1.6458315710E-06   2.6579510926E-07  -1.5880622408E-03
    3     -5.8385742133E-04  -2.9550726142E-08  -5.1199048752E-03  -4.0799706932E-03  -6.3402957401E-07
    4     -6.9231359460E-03   9.0540833529E-08  -1.7973151152E-02   7.4893848787E-03  -1.2261061040E-06
    5     -6.7892517633E-07   5.2740724694E-04  -1.2400772194E-06  -5.1323168668E-07   5.3126318416E-03
    6     -5.6848200948E-03   7.8746608323E-07  -4.3127210045E-02   2.7590935995E-02  -2.2000186677E-06
    7      3.2243900670E-03   3.9457245193E-08   6.3660362776E-02  -8.0747246073E-03   2.4879496675E-06
    8     -2.1725878157E-06  -8.0469968911E-04   1.7760135958E-07   9.5081220643E-07   6.9570037851E-03
    9      8.7359893596E-03   7.8547025521E-07  -1.4845956601E-01   5.8694456598E-02  -4.9045062784E-07
   10     -3.0339082891E-02   5.5273904096E-07   8.8931210208E-02  -2.7786535221E-01  -2.4735007794E-06
   11     -2.2873450196E-06   2.4906392541E-04   2.3444819476E-06  -1.9119609964E-06  -4.7628996836E-02
   12      4.6041703418E-02   2.5669193879E-06   2.9768664605E-02   4.9287466162E-03   1.0037072378E-06
   13     -6.3948272509E-03   4.5469842264E-07  -6.6100764555E-03  -4.7707344405E-02  -3.2984341014E-06
   14      1.5507129887E-06   1.7156131673E-02  -9.1090175965E-07  -1.7737066819E-06   7.7357521892E-03
   15     -4.5865266296E-03   6.2685137612E-07  -1.2625619795E-02  -1.7245157187E-03  -9.7747471023E-07
   16      6.8755758913E-03  -2.8832939598E-07   4.2114858807E-03  -3.1894009406E-03   4.0479834778E-07
   17      4.7529342279E-06   4.5843145399E-03  -3.6270815646E-06  -5.5099793223E-07   6.3263696859E-03
   18      1.1104246282E-01   5.9418460069E-06  -3.4158463355E-02   2.2336212715E-02  -4.9759394178E-07
   19     -3.1453318752E-01  -2.1352424584E-05   2.5590554537E-02  -5.3596474829E-03   5.4899373036E-07
   20     -8.1412417350E-07  -7.5638822943E-02  -7.1185314394E-07  -6.4636875203E-07  -6.6049450748E-04
   21      2.1817294022E-02  -1.0618995407E-07   5.5998053695E-03  -4.1829054811E-03  -9.6439867147E-08
   22     -1.2081565266E-01   8.8033876600E-06  -9.8925459634E-03  -1.0915524246E-03  -1.8401316328E-07
   23      2.0200238237E-06   2.4720181839E-02  -5.1016021858E-07  -1.6443486261E-09  -1.5231632624E-03
   24     -1.6029979221E-01  -4.0695449415E-06  -1.0552010136E-02  -1.7358951911E-02  -1.6785150261E-08
   25      4.4097798813E-01   2.7571718386E-06  -4.6120958607E-02   5.4372785391E-03  -2.8930069269E-07
   26      2.7571718386E-06   3.2733435901E-02  -1.6335463999E-06  -7.3274349178E-07   5.0170465719E-03
   27     -4.6120958607E-02  -1.6335463999E-06   5.8789074638E-01  -3.3734939096E-02   1.6132623814E-05
   28      5.4372785391E-03  -7.3274349178E-07  -3.3734939096E-02   4.0017257259E-01   7.8486445399E-06
   29     -2.8930069269E-07   5.0170465719E-03   1.6132623814E-05   7.8486445399E-06   3.9899842823E-02
   30      2.9995235348E-04   4.7948122796E-08   4.6735720202E-04   7.4251866382E-05   8.1484907531E-08
   31      9.3288778970E-05   1.7617643393E-07   2.2120327939E-04   1.4022652248E-04  -1.4030808047E-08
   32      1.4498988221E-07  -8.7205107528E-04   1.6348515946E-07  -1.0178426719E-07  -5.9990535386E-04
   33     -2.5344887364E-05  -5.7945334829E-08  -1.2101690185E-03   1.2006122787E-04  -4.2239247463E-08
   34      1.5949864067E-04   1.0492212376E-07   1.7601329916E-03   2.2411710803E-04   3.8960446077E-08
   35     -1.7877008270E-07   1.0180724898E-04  -1.7229313540E-07  -8.2940069250E-08  -2.0314000631E-04
   36      4.7907419443E-04   1.7880763454E-07   3.0402903765E-03   3.2137258811E-04   2.2236981847E-07
   37      3.4193821975E-04   1.7682291089E-07   6.4845331360E-05   8.5558166689E-04   7.1627547168E-08
   38     -7.0512838991E-08  -1.6177286691E-05   1.7344197587E-08   2.9303906212E-07  -3.5378007315E-03
   39     -1.7571422129E-03  -7.8245284414E-07  -8.9543798890E-05   1.4532645812E-03  -6.6107781764E-08
   40      1.0176514120E-03   8.6146365385E-07  -6.3364738098E-04  -1.2003463201E-03  -2.0940522245E-07
   41      8.1840530235E-09   2.9039641525E-04   7.1933127131E-08  -5.1976280040E-08   7.0081344013E-04
   42      2.3518389885E-02   2.8240351740E-06  -3.8148851551E-01  -5.2107837346E-02  -1.1231959584E-05
   43      1.6739846979E-02   2.5571368260E-06  -7.8777108427E-02  -6.3888861798E-02  -4.1586224475E-06
   44      3.7929539249E-07  -6.9486478585E-03  -1.4063080133E-05  -2.8143233955E-06  -1.6207897399E-02
                   30                 31                 32                 33                 34        
    0     -1.2892172381E-01   1.2240326016E-01  -7.1223386863E-06  -1.1142403927E-02  -2.7774095242E-02
    1      1.2181031207E-01  -2.6683904707E-01   9.1432676963E-06   2.5972231372E-03   5.1056369527E-03
    2     -7.2319539378E-06   8.9029937150E-06  -3.1468966554E-02  -5.2845404087E-07  -1.7931096965E-06
    3      1.1661812724E-02   1.6057107916E-02   6.2926960853E-07  -3.3495499097E-01  -2.9336889145E-03
    4     -1.5044017651E-02  -1.8866105406E-02  -1.4130448823E-06  -2.1838889719E-03  -5.9232665296E-02
    5      7.5677017494E-07   7.7805132538E-07   4.5138545140E-04  -1.8671986803E-05  -5.3716765478E-07
    6     -9.5501402305E-04  -4.2212864860E-03  -1.8623613809E-07  -1.1990515783E-02   2.8468838351E-02
    7     -3.1645680407E-03  -2.9207865842E-03  -3.6623777368E-07  -2.1394547027E-03   4.0945761313E-03
    8     -6.9119510337E-07  -1.0024801229E-07   6.2155882118E-03  -1.2418043773E-06   2.0191104994E-06
    9     -1.2150485345E-03  -1.1339709583E-03  -7.4079244053E-08   1.1893328349E-03   1.9034152811E-03
   10     -8.6162309799E-04   3.2575974767E-05   1.0034787343E-07   2.4020256294E-03  -4.5155218291E-03
   11     -3.4181164250E-08   4.9108197188E-08  -7.8382393487E-04  -6.6972293731E-07  -1.6630602399E-07
   12     -4.7158384265E-03  -7.3641734123E-04  -4.1556273623E-07   9.5677100564E-04   6.9716774645E-04
   13     -2.0103543900E-03   1.6115518305E-03  -5.6907113522E-07   5.2123012418E-06  -1.3281541802E-03
   14     -3.0267228529E-07  -1.0861857352E-07   7.7532674420E-03   3.3114166681E-07   1.2142964147E-07
   15     -1.2788480315E-02  -2.1322394569E-03  -6.8409343474E-07   2.9910136136E-04  -2.9186521358E-03
   16      2.8926573345E-02   3.8643006586E-03   1.9120530558E-06  -3.5481980782E-03  -4.8733213991E-03
   17     -4.9451672423E-07  -5.8414478353E-07   8.4011383869E-04  -2.8519967094E-07  -2.7380515284E-07
   18      2.3684990729E-04  -2.9348329278E-04  -2.2428313109E-07  -7.0475393765E-05  -4.5030894511E-04
   19      1.8989234030E-03   2.1269931104E-04  -2.8928389495E-07  -7.1885979584E-05  -3.6502911390E-04
   20     -1.7669956955E-07   1.0354684855E-08   1.8480597801E-03   1.7565777361E-07   1.8523948994E-08
   21     -1.7012615328E-04   1.4292103632E-04   6.0232111720E-08  -1.1219866649E-04  -1.6315419139E-07
   22     -1.8360755488E-04   2.4440116441E-05   2.9773470195E-07   6.6559784718E-05   4.5039636537E-04
   23     -1.5970197950E-08   3.4699708981E-08  -9.7431054922E-05  -1.3184446283E-08   2.4230945746E-08
   24     -9.8221382328E-04  -1.4382818376E-05  -2.2334731664E-07  -6.0619840170E-05   4.7933075635E-06
   25      2.9995235348E-04   9.3288778970E-05   1.4498988221E-07  -2.5344887364E-05   1.5949864067E-04
   26      4.7948122796E-08   1.7617643393E-07  -8.7205107528E-04  -5.7945334829E-08   1.0492212376E-07
   27      4.6735720202E-04   2.2120327939E-04   1.6348515946E-07  -1.2101690185E-03   1.7601329916E-03
   28      7.4251866382E-05   1.4022652248E-04  -1.0178426719E-07   1.2006122787E-04   2.2411710803E-04
   29      8.1484907531E-08  -1.4030808047E-08  -5.9990535386E-04  -4.2239247463E-08   3.8960446077E-08
   30      1.3522184881E-01  -1.3115109730E-01   7.6131517022E-06   7.0542342958E-04   4.7780534545E-04
   31     -1.3115109730E-01   2.8203118959E-01  -9.0066583362E-06  -6.7669998648E-05   9.5271522393E-04
   32      7.6131517022E-06  -9.0066583362E-06   2.4075838899E-02   1.9069079059E-07   9.1019383336E-08
   33      7.0542342958E-04  -6.7669998648E-05   1.9069079059E-07   3.5602720997E-01   2.3499712911E-03
   34      4.7780534545E-04   9.5271522393E-04   9.1019383336E-08   2.3499712911E-03   5.8646663366E-02
   35      3.0398686431E-07  -6.8519259721E-09  -3.1035512877E-03   2.0547031238E-05   4.8168775821E-07
   36      4.5336618651E-04   8.3491487270E-04   7.1720269300E-09   8.0296677078E-04  -3.7524037844E-04
   37     -7.5326773770E-04  -9.7590883234E-04   7.0587950237E-09  -2.0039918808E-05   9.7968749098E-04
   38     -4.2287582612E-08  -5.2379079905E-08   4.2213517127E-04   3.3871129657E-07   3.6746325006E-08
   39      1.1757516088E-03   1.7495064872E-04   2.2549855363E-07  -5.9300746789E-04  -1.3099667284E-03
   40     -1.3051213360E-04   6.6397268140E-04  -6.7670809831E-08   2.3259355268E-04   1.5861412410E-04
   41      3.0627623528E-07  -7.3966828276E-08  -4.5824928796E-03  -2.7085835128E-08  -6.9580544955E-08
   42     -1.7396478383E-04  -5.8548564939E-05  -7.5452214437E-08   1.5357569759E-04   8.6087784716E-05
   43     -2.1403216533E-04  -2.5112792870E-05   6.2268339932E-08   2.9673901308E-04  -4.5721358458E-04
   44     -4.2484934968E-09   5.0525653711E-08  -9.8166653127E-05   3.4328524120E-08   2.5375057112E-08
                   35                 36                 37                 38                 39        
    0     -1.2254021366E-06  -8.3619949004E-04   4.1641654796E-03  -1.2048586632E-07  -1.0010072001E-02
    1      4.0916898186E-07   3.4130748765E-03  -2.5369908159E-03  -7.1845263298E-08  -2.7083671972E-02
    2      3.5517706517E-03  -2.0252947781E-07   6.5129085891E-07   7.5900869601E-03   2.8264955888E-07
    3     -1.9016707433E-05   1.2211105764E-02  -1.4943193821E-02  -2.9937755113E-08  -5.6486065744E-03
    4     -4.0539607523E-07   1.5113977317E-02  -1.8452985189E-02   1.0777922365E-06   1.0452801227E-03
    5     -3.8626375071E-02   7.9729465141E-07  -1.8315014976E-06   1.7724986809E-03  -8.1213261845E-07
    6     -5.5329231332E-07  -1.2540609399E-01  -1.2102310155E-01  -9.3192900641E-06  -5.8032675775E-04
    7     -3.8279758141E-07  -1.1925087548E-01  -2.6882096824E-01  -1.4284733941E-05   1.0343199555E-03
    8      3.9169586695E-03  -9.3092413874E-06  -1.3888873123E-05  -3.3241677681E-02   3.2874709572E-07
    9     -5.7377467447E-08  -1.2077896949E-02   1.8358102152E-03  -3.5653782754E-07  -1.9356387132E-03
   10      2.3666127186E-07  -3.0502735465E-02   1.7551046525E-03  -2.1995131699E-06   2.2527961716E-03
   11      9.2303184756E-03  -1.3673236244E-06   7.1574965715E-07   4.6187743268E-03   8.6243408752E-07
   12      2.1189108280E-07  -4.7436181945E-03  -3.6342314882E-05  -4.5241459698E-07   1.1794632345E-02
   13      3.2538338801E-08   2.2366313919E-03   6.7768935385E-04   5.9519764169E-07   1.2848840625E-02
   14     -6.4476808433E-04  -7.9423156474E-08  -1.1485906367E-08   5.0696250401E-03   6.4739560296E-09
   15     -4.1061259901E-08  -1.0450111990E-03   8.1031731149E-04   4.1828122104E-08  -1.2692976601E-01
   16     -6.5537057617E-07   1.0129496263E-03   3.8235227961E-04   1.1400741781E-07  -1.2491104640E-01
   17      6.6752933382E-03   1.0470548023E-07  -4.0233421869E-08  -1.1765513062E-03  -4.2119320192E-06
   18     -3.7198765377E-07   1.0813761090E-04   8.7638584377E-04  -1.8152258368E-07   1.5596697824E-03
   19      6.9017149186E-07  -1.9013590365E-03  -9.7925844718E-05  -8.6541861169E-08   1.4397898676E-03
   20     -1.4603852570E-03  -1.6122546039E-07   1.5149712892E-08   3.1754378298E-04   1.4296024363E-07
   21     -3.3892703149E-09  -9.5022929311E-04  -6.4911332026E-05  -1.1763551730E-07  -5.5988531604E-03
   22     -2.9950705319E-07  -2.2242105007E-04   1.7788407167E-05  -1.3538959318E-07   2.5904684893E-04
   23      3.2711091672E-04   1.2464098567E-07   1.3335539086E-08  -1.9837344506E-04  -1.6754719210E-07
   24      1.2404761236E-07   3.3267481615E-05  -5.4379846414E-05   4.4677556864E-08   3.2922160854E-04
   25     -1.7877008270E-07   4.7907419443E-04   3.4193821975E-04  -7.0512838991E-08  -1.7571422129E-03
   26      1.0180724898E-04   1.7880763454E-07   1.7682291089E-07  -1.6177286691E-05  -7.8245284414E-07
   27     -1.7229313540E-07   3.0402903765E-03   6.4845331360E-05   1.7344197587E-08  -8.9543798890E-05
   28     -8.2940069250E-08   3.2137258811E-04   8.5558166689E-04   2.9303906212E-07   1.4532645812E-03
   29     -2.0314000631E-04   2.2236981847E-07   7.1627547168E-08  -3.5378007315E-03  -6.6107781764E-08
   30      3.0398686431E-07   4.5336618651E-04  -7.5326773770E-04  -4.2287582612E-08   1.1757516088E-03
   31     -6.8519259721E-09   8.3491487270E-04  -9.7590883234E-04  -5.2379079905E-08   1.7495064872E-04
   32     -3.1035512877E-03   7.1720269300E-09   7.0587950237E-09   4.2213517127E-04   2.2549855363E-07
   33      2.0547031238E-05   8.0296677078E-04  -2.0039918808E-05   3.3871129657E-07  -5.9300746789E-04
   34      4.8168775821E-07  -3.7524037844E-04   9.7968749098E-04   3.6746325006E-08  -1.3099667284E-03
   35      2.5525373484E-02   3.6977093288E-07   1.2100064649E-07  -4.4450770716E-03  -1.4706981234E-07
   36      3.6977093288E-07   1.2858233570E-01   1.2918148565E-01   9.6601476524E-06   4.8203175426E-05
   37      1.2100064649E-07   1.2918148565E-01   2.8576052879E-01   1.4460845634E-05  -8.2168655507E-05
   38     -4.4450770716E-03   9.6601476524E-06   1.4460845634E-05   2.3931397074E-02  -9.8030739382E-08
   39     -1.4706981234E-07   4.8203175426E-05  -8.2168655507E-05  -9.8030739382E-08   1.3566778222E-01
   40     -1.0757581849E-07  -3.0770269797E-05   3.5264578499E-05  -2.2098920848E-07   1.3447394973E-01
   41     -3.9592165244E-04   2.0899780699E-08  -3.5873652945E-08  -5.5138178684E-04   4.1943073979E-06
   42     -4.8085845694E-08  -2.2062394698E-04   4.0620268171E-05   1.3478246416E-07   8.1055374066E-04
   43      2.5943637200E-08  -3.0630376590E-04   7.8843478485E-05   3.3652216218E-08   2.0429470137E-04
   44     -4.4941435417E-04   1.1458538662E-07   8.5710723003E-08  -5.5502172778E-04  -2.9944853573E-08
                   40                 41                 42                 43                 44        
    0      2.0574452791E-03  -1.4266217572E-06  -4.1033792664E-03  -3.1215562652E-03  -2.0412709514E-07
    1      5.5142756568E-03  -1.6240991596E-06  -3.4590921136E-03  -2.0202284083E-03  -7.4398876216E-08
    2      1.2367173677E-06   4.3521331343E-03  -1.1278296792E-06  -3.0563449792E-07   4.0495811674E-05
    3      7.8650952285E-04  -8.7899247785E-07  -8.8061695388E-04   1.4903776525E-03  -1.4825204073E-07
    4      1.1337525091E-03   5.2386842177E-07   5.3589421700E-03   4.3598082792E-03   9.5275321103E-08
    5     -2.8277019967E-07   8.2097258418E-03   3.8043471947E-07   5.5264948850E-08   1.7319028583E-03
    6      1.7945715896E-04   4.4310844058E-07   8.0090945859E-03   5.5039327663E-03  -4.3250535192E-09
    7      4.3385293602E-04  -3.7243747597E-09  -1.7251471684E-03  -9.0895434088E-03  -1.1019214668E-07
    8     -3.0703915387E-07  -1.2783637892E-03   6.1217080269E-08  -9.5445635848E-07   3.7272160514E-03
    9      4.6948918133E-03  -4.0987063478E-07  -3.6599454403E-02   4.4193992165E-02   1.3013753084E-06
   10     -1.9541866301E-03  -3.6690301151E-07   2.5628874950E-02   1.1245868825E-02  -6.8256089858E-07
   11      4.5249348518E-07   4.6572208877E-03  -4.6944411308E-06  -4.6125795512E-07  -1.5695973977E-03
   12     -1.3596540022E-02  -3.0709368611E-07  -7.5717669409E-03  -5.6877056518E-03  -1.9332456319E-07
   13     -1.9500644051E-02   1.7778005893E-06  -3.8457381231E-03  -9.6639743716E-04   1.6009676283E-07
