
$orca_hessian_file

$act_atom
  0

$act_coord
  0

$act_energy
        0.000000

$multiplicity
  1

$hessian
45
                    0                  1                  2                  3                  4        
    0      6.9740468389E-01  -4.7824658402E-02   2.1872854079E-05  -1.6904918211E-01  -4.9151972182E-02
    1     -4.7824658402E-02   7.0513950442E-01   6.5160196216E-05  -1.0610071577E-01  -2.6985645462E-01
    2      2.1872854079E-05   6.5160196216E-05   1.1895542398E-01  -2.0835145150E-05  -3.0616396245E-05
    3     -1.6904918211E-01  -1.0610071577E-01  -2.0835145150E-05   7.3507095723E-01  -1.6790615082E-02
    4     -4.9151972182E-02  -2.6985645462E-01  -3.0616396245E-05  -1.6790615082E-02   6.6607587146E-01
    5     -1.6947770966E-05  -3.4376077761E-05  -5.8616101007E-02   6.3014953155E-05   5.0974773757E-05
    6      5.7802825325E-02   1.8807234564E-02   3.3457379739E-07  -1.8929058641E-01   7.2806494806E-02
    7     -1.5930234772E-02  -5.7082626103E-02  -2.7584478918E-06   1.2835420703E-01  -3.0570877518E-01
    8      2.1569885652E-06  -5.3209157534E-06   6.2359686509E-03   9.6671366918E-07  -9.8977360216E-06
    9     -4.8261592750E-02  -2.9351807931E-02  -3.1609077036E-06  -2.3331906015E-02   7.6485911991E-02
   10     -2.3343857943E-02  -6.7863989829E-03  -2.4601893431E-06   3.5115415605E-02   2.3709577642E-02
   11     -5.7323312067E-06  -3.3384778237E-06  -2.1912549749E-03   2.5147470449E-07   6.9363118047E-06
   12     -4.4817796092E-02   2.1329769957E-02  -3.5084944382E-07  -1.3030666645E-03   1.2224930372E-02
   13      6.2076778727E-02   2.3917441289E-02   5.4724479054E-06  -3.5393839419E-03  -4.8853933309E-02
   14      6.4210714534E-06   2.4596378552E-06   3.6915984323E-03  -2.2096050637E-06  -5.0048388004E-06
   15     -3.6124525521E-01   2.7312791300E-02  -1.2213393154E-05  -2.9856844506E-02  -7.1983188194E-02
   16     -2.8341064712E-02  -1.2535041609E-01  -7.5814102353E-06  -3.2097232105E-02   2.5411503313E-02
   17     -9.8468217771E-06  -4.1065242486E-06  -5.7041534055E-02  -6.3528722955E-06  -4.7159308492E-06
   18      2.0411263544E-02   9.6717546173E-03   4.0695651187E-06  -2.8335326360E-04  -1.2108715436E-02
   19      4.1744563028E-03  -9.0837835208E-03  -7.5626172356E-06  -9.7989929403E-04  -2.6425191612E-03
   20      3.6921269988E-06  -1.1834237866E-06   8.6625732022E-03  -2.4251283596E-06  -3.5125227577E-06
   21     -4.1983723721E-03   1.1293114209E-03   3.3539378042E-08   4.2789702251E-04   2.9005215785E-03
   22      7.2640113354E-03   4.2159689819E-03   9.4892176744E-07  -5.3050220566E-04  -7.2018397708E-03
   23     -1.5170646481E-06   1.3926238846E-06  -1.1343992169E-03   5.3320269268E-07   7.8693689717E-07
   24     -2.3904622858E-03  -2.4928495040E-03  -5.6757950510E-07  -3.6533514412E-04   6.6288297718E-04
   25     -5.1142774586E-03   7.1274106040E-04   3.1731719023E-06   1.4589695471E-03   2.5936456211E-03
   26      8.9804823067E-08   9.0472262055E-07  -9.6892382340E-04   6.2425169720E-07   9.6239128570E-07
   27      1.0152039302E-02   9.4998794528E-03   1.0575515365E-06  -4.9948108563E-03  -1.8358071594E-02
   28     -1.9196567089E-03  -5.8834968191E-03  -3.7929373251E-07  -4.2039572248E-03   7.0861767878E-03
   29      2.2277481284E-06   1.1052995531E-06  -1.5783439524E-03  -8.2339357131E-07  -2.2019550586E-06
   30     -1.3003778402E-01   1.2257506517E-01   8.6126335108E-06   1.1646694244E-02  -1.4869278288E-02
   31      1.2303518611E-01  -2.6582771285E-01  -2.2260897245E-05   1.6240390110E-02  -1.8849255537E-02
   32      5.1672225736E-06  -2.0659350512E-05  -3.1222894369E-02   3.3768442321E-06  -1.6736121294E-06
   33     -1.1075724475E-02   2.4750886090E-03   1.5969724424E-06  -3.3432565725E-01  -3.7662393920E-03
   34     -2.7877669523E-02   4.9311306246E-03  -2.7371786003E-06  -4.4230611909E-03  -5.9317381293E-02
   35     -3.9844739807E-06   9.2317830025E-07   3.5144480775E-03  -3.6232690678E-05  -3.1708130018E-06
   36     -8.7272602481E-04   3.4320704905E-03  -5.0355842783E-07   1.2222815674E-02   1.5270405220E-02
   37      4.1842210250E-03  -2.4694662562E-03  -9.9403035135E-07  -1.4719453882E-02  -1.8230942764E-02
   38      7.0783485944E-07  -2.7367804874E-07   7.5787238549E-03  -1.4035015497E-07  -1.1149629962E-06
   39     -9.6123756489E-03  -2.6835881882E-02  -3.5231378376E-06  -5.6296587189E-03   1.0708446346E-03
   40      2.0095940369E-03   5.5993311861E-03   7.7617434363E-07   7.9634412272E-04   1.1562085849E-03
   41     -5.9565921877E-09   1.0514928148E-07   4.0820724832E-03  -6.0581028387E-07  -3.8075860869E-08
   42     -4.2095410828E-03  -3.5949765534E-03   7.7541508936E-07  -9.3796323478E-04   5.5877967635E-03
   43     -3.2729313775E-03  -2.1757623199E-03  -1.3768228261E-07   1.4377861009E-03   4.6281182349E-03
   44     -1.4997660393E-06  -8.3512874939E-07   3.2642714704E-05  -3.6103022324E-07   1.3573425797E-06
                    5                  6                  7                  8                  9        
    0     -1.6947770966E-05   5.7802825325E-02  -1.5930234772E-02   2.1569885652E-06  -4.8261592750E-02
    1     -3.4376077761E-05   1.8807234564E-02  -5.7082626103E-02  -5.3209157534E-06  -2.9351807931E-02
    2     -5.8616101007E-02   3.3457379739E-07  -2.7584478918E-06   6.2359686509E-03  -3.1609077036E-06
    3      6.3014953155E-05  -1.8929058641E-01   1.2835420703E-01   9.6671366918E-07  -2.3331906015E-02
    4      5.0974773757E-05   7.2806494806E-02  -3.0570877518E-01  -9.8977360216E-06   7.6485911991E-02
    5      1.3590628653E-01  -2.4900554001E-06  -1.1907055339E-05  -5.4626992423E-02   2.8376843518E-06
    6     -2.4900554001E-06   6.6292930227E-01   4.7837908250E-03   4.1125714588E-05  -2.9556695080E-01
    7     -1.1907055339E-05   4.7837908250E-03   7.6033126911E-01   5.1023839633E-05  -5.2579313442E-02
    8     -5.4626992423E-02   4.1125714588E-05   5.1023839633E-05   1.1928194160E-01  -1.8327597708E-05
    9      2.8376843518E-06  -2.9556695080E-01  -5.2579313442E-02  -1.8327597708E-05   6.9598031182E-01
   10      5.3211484179E-06   4.9535587109E-03  -1.2227438904E-01  -1.0660839867E-05  -3.2369506375E-02
   11     -1.9275635676E-03  -9.2449227345E-06  -8.8115918751E-06  -6.6738043393E-02   3.3524402619E-05
   12      2.3809944290E-06  -1.6918695391E-02  -2.3952244312E-02   1.2052499225E-07  -1.6488264167E-01
   13     -5.1426136521E-06  -5.3557807809E-02   2.6674788378E-02   1.5720746978E-06  -3.6008584699E-02
   14     -2.9210475362E-03  -7.1354775132E-06   9.4241428560E-07   4.3492281220E-03  -1.2500630895E-06
   15     -6.4385428074E-06  -4.2521688785E-02   2.3461694545E-02  -2.9546545668E-06   6.3644927022E-02
   16      2.6809312288E-07   2.2387026204E-02  -1.2322962708E-02   4.3471183500E-07  -1.9452815830E-02
   17      4.8361179716E-03   1.3030193383E-07  -7.8209120432E-07  -1.0559789282E-03   4.4841788930E-06
   18     -2.8984325814E-06  -3.6698828079E-03  -1.9966943869E-03  -2.7430527763E-06  -1.5811641670E-02
   19     -4.5639142883E-06  -1.7213481778E-03  -7.4941243268E-03   1.9216300493E-05  -4.2335666513E-02
   20     -1.9833462339E-03  -4.0010284894E-06   4.0636138290E-07   8.9772542766E-03  -2.5112240650E-06
   21      1.3106117740E-10   8.7731637990E-04   3.7044262072E-04   3.1041481279E-06   2.1519669283E-03
   22      7.0829902268E-07  -6.1228381938E-03   3.4996792758E-03  -7.0749018683E-06   9.8249622362E-03
   23      5.2805964804E-04   7.6415890610E-07  -3.5312684889E-07  -8.7836338099E-04   2.1446846489E-06
   24      2.0587708521E-07  -1.0712222569E-03  -2.2926535978E-03  -6.3915028291E-07  -6.4381555932E-03
   25      2.3509707072E-06  -2.1465952232E-04   6.2913794206E-04  -7.2004288078E-06   4.1651162391E-03
   26      1.4076405163E-04  -3.8777727410E-07  -8.7087082966E-07  -2.3117099937E-03  -1.4201987901E-06
   27     -1.9271383475E-06  -4.4374183445E-02   6.3929453637E-02  -1.5553130866E-08  -1.5322002167E-01
   28      4.7731375370E-07   2.7197780564E-02  -6.8573634926E-03   5.2772120710E-06   7.0174206400E-02
   29      5.3734436626E-03  -4.2186430685E-06   4.7615414910E-06   7.2232339703E-03  -1.1077542167E-05
   30     -2.1201330138E-06  -9.0939019081E-04  -3.1496601907E-03   4.4611268908E-08  -1.2004000195E-03
   31      4.5476840998E-07  -4.2189643485E-03  -2.9602239224E-03  -3.1493170237E-06  -1.1222232172E-03
   32      4.2831501071E-04  -5.2675460160E-07  -1.3615031623E-06   6.2011639940E-03  -1.1953916615E-06
   33     -3.5881640563E-05  -1.2199337188E-02  -2.1873455933E-03  -8.3567016534E-07   1.1999399760E-03
   34     -2.5085623697E-06   2.8377031881E-02   4.2849992958E-03   2.2274272398E-06   1.9249508078E-03
   35     -3.8635595170E-02   1.9602205251E-06  -3.9668474673E-07   3.8700285760E-03  -2.5408633627E-07
   36      2.4837051809E-06  -1.2292511743E-01  -1.1789204476E-01  -1.8064287281E-05  -1.2112470157E-02
   37     -1.7638502174E-06  -1.1983098017E-01  -2.7190380152E-01  -3.0823843798E-05   1.7339281762E-03
   38      1.6477468805E-03  -2.1647025780E-05  -2.9111091932E-05  -3.2992689132E-02   3.4422120597E-06
   39     -3.2131168995E-07  -5.7440155933E-04   1.0280058174E-03   7.1484262883E-07  -1.9835260997E-03
   40     -5.3589836562E-07   2.0894850205E-04   4.3067904875E-04  -1.0292610912E-06   4.7468700401E-03
   41      8.1455280256E-03   1.0771806562E-06  -4.4767334652E-07  -1.2584447320E-03   2.2275257325E-07
   42     -6.7973426460E-07   8.4120122826E-03  -1.8162325253E-03  -2.5575228313E-06  -4.0167839305E-02
   43      1.1716921973E-06   6.0135612656E-03  -9.2462867418E-03  -3.7984707003E-06   4.3962383493E-02
   44      1.7043841541E-03   2.1634793582E-06  -1.1298706564E-06   3.7234027941E-03  -4.6020963216E-06
                   10                 11                 12                 13                 14        
    0     -2.3343857943E-02  -5.7323312067E-06  -4.4817796092E-02   6.2076778727E-02   6.4210714534E-06
    1     -6.7863989829E-03  -3.3384778237E-06   2.1329769957E-02   2.3917441289E-02   2.4596378552E-06
    2     -2.4601893431E-06  -2.1912549749E-03  -3.5084944382E-07   5.4724479054E-06   3.6915984323E-03
    3      3.5115415605E-02   2.5147470449E-07  -1.3030666645E-03  -3.5393839419E-03  -2.2096050637E-06
    4      2.3709577642E-02   6.9363118047E-06   1.2224930372E-02  -4.8853933309E-02  -5.0048388004E-06
    5      5.3211484179E-06  -1.9275635676E-03   2.3809944290E-06  -5.1426136521E-06  -2.9210475362E-03
    6      4.9535587109E-03  -9.2449227345E-06  -1.6918695391E-02  -5.3557807809E-02  -7.1354775132E-06
    7     -1.2227438904E-01  -8.8115918751E-06  -2.3952244312E-02   2.6674788378E-02   9.4241428560E-07
    8     -1.0660839867E-05  -6.6738043393E-02   1.2052499225E-07   1.5720746978E-06   4.3492281220E-03
    9     -3.2369506375E-02   3.3524402619E-05  -1.6488264167E-01  -3.6008584699E-02  -1.2500630895E-06
   10      6.8125904852E-01   1.6556069076E-05  -6.9384484827E-02  -2.3790364107E-01  -1.3936567426E-05
   11      1.6556069076E-05   1.5784092338E-01  -1.1068937769E-05  -8.2239409307E-06  -5.4529853895E-02
   12     -6.9384484827E-02  -1.1068937769E-05   5.3674030604E-01  -1.7269533544E-02   1.2123676277E-05
   13     -2.3790364107E-01  -8.2239409307E-06  -1.7269533544E-02   7.1918517169E-01   3.0127192027E-05
   14     -1.3936567426E-05  -5.4529853895E-02   1.2123676277E-05   3.0127192027E-05   1.1484738749E-01
   15      1.4072232346E-02   7.1622091488E-06  -1.4210603664E-01   5.1540898649E-02   8.0777262095E-06
   16     -4.7483693370E-02  -4.9670162801E-06   9.1469415483E-02  -2.7575535828E-01  -1.5840853939E-05
   17     -4.2770276691E-06  -1.1661217969E-03   1.1366657510E-05  -2.1680210759E-05  -5.1389429529E-02
   18     -4.6715181878E-02   2.0343392004E-06  -1.1449413746E-01  -2.6547520711E-04   1.9827057114E-05
   19      2.7106882786E-02  -7.1321645694E-06  -1.1704781899E-03  -1.1359565328E-01  -5.3145977636E-06
   20     -1.1385131749E-05  -7.3028024123E-03  -8.2322301258E-07   1.5895356210E-06  -7.4032877399E-02
   21      4.0735717766E-03  -6.0570493307E-07  -3.6424757229E-02   4.7114769179E-02  -2.7824737806E-05
   22     -3.1556648351E-02   2.8113901272E-06   4.5688047465E-02  -6.5209012264E-03   1.4941112128E-05
   23      4.9720037576E-06   3.1876667749E-04  -4.7728933278E-06   1.2448839594E-05   1.7352738985E-02
   24      1.3650730780E-02   1.0231227025E-07  -4.1816399602E-02  -5.3342006322E-02  -1.3286375573E-05
   25      8.7501807501E-04   2.1834409381E-06  -4.4865306897E-02  -1.7225554089E-02  -7.3020526819E-06
   26      1.9650511653E-06   5.4237156260E-03   2.6307434294E-06  -7.2347217720E-06   1.9179100884E-02
   27      9.9304923891E-02  -1.0352468196E-05   3.0243075751E-02  -5.8334687791E-03  -3.1446831874E-06
   28     -2.9456274714E-01  -8.3150459782E-07   5.7363447997E-03  -4.9123872617E-02  -6.2722862948E-07
   29      1.2945035143E-05  -4.7084368237E-02   1.6979111027E-06  -4.6391146033E-06   8.2033365735E-03
   30     -8.6036641276E-04  -3.1340692726E-07  -4.6799041788E-03  -2.0459858069E-03  -5.8593507215E-07
   31      2.0730399292E-05   4.5523576482E-07  -7.4710383858E-04   1.5765653492E-03   1.2161069502E-07
   32      4.7738893834E-08  -7.8395851193E-04  -1.0291662372E-06  -5.3436405049E-07   7.7166541068E-03
   33      2.4267604853E-03  -1.3359978808E-06   9.4823473011E-04   1.9818325324E-05  -1.7803845039E-06
   34     -4.5046071264E-03  -7.3686438473E-07   7.1943972293E-04  -1.3331177219E-03  -4.6053351602E-08
   35     -3.3040219479E-07   9.2727679738E-03  -4.7015372406E-08  -5.5198448720E-07  -6.2959958955E-04
   36     -3.0854308387E-02  -3.9615473457E-06  -4.7687325150E-03   2.1877581488E-03  -2.7676767282E-07
   37      1.4387723434E-03   2.3003318558E-07  -1.4217812963E-04   6.5941602848E-04  -6.0726322029E-07
   38     -2.1596979148E-06   4.7699536020E-03  -3.9182209188E-07  -2.0590887480E-07   5.0483601985E-03
   39      2.2695742391E-03  -2.3920873028E-07   1.2006804647E-02   1.2756146906E-02   1.4010276159E-06
   40     -2.0062024385E-03  -4.0276215145E-07  -1.3717421232E-02  -2.0199481080E-02  -4.2183012412E-06
   41     -4.7925810747E-07   4.7238283788E-03  -3.7724796876E-06   1.3526558810E-06   3.8365656136E-03
   42      2.7862526612E-02  -3.0770195227E-06  -7.7262537193E-03  -4.0452318221E-03   4.3869476399E-06
   43      1.2668297763E-02   7.9861848989E-06  -5.7078888350E-03  -1.5018700584E-03   1.3979897932E-06
   44      1.1677246364E-06  -6.2598884471E-04  -2.8075976240E-06  -1.4420863267E-06  -7.2216245455E-04
                   15                 16                 17                 18                 19        
    0     -3.6124525521E-01  -2.8341064712E-02  -9.8468217771E-06   2.0411263544E-02   4.1744563028E-03
    1      2.7312791300E-02  -1.2535041609E-01  -4.1065242486E-06   9.6717546173E-03  -9.0837835208E-03
    2     -1.2213393154E-05  -7.5814102353E-06  -5.7041534055E-02   4.0695651187E-06  -7.5626172356E-06
    3     -2.9856844506E-02  -3.2097232105E-02  -6.3528722955E-06  -2.8335326360E-04  -9.7989929403E-04
    4     -7.1983188194E-02   2.5411503313E-02  -4.7159308492E-06  -1.2108715436E-02  -2.6425191612E-03
    5     -6.4385428074E-06   2.6809312288E-07   4.8361179716E-03  -2.8984325814E-06  -4.5639142883E-06
    6     -4.2521688785E-02   2.2387026204E-02   1.3030193383E-07  -3.6698828079E-03  -1.7213481778E-03
    7      2.3461694545E-02  -1.2322962708E-02  -7.8209120432E-07  -1.9966943869E-03  -7.4941243268E-03
    8     -2.9546545668E-06   4.3471183500E-07  -1.0559789282E-03  -2.7430527763E-06   1.9216300493E-05
    9      6.3644927022E-02  -1.9452815830E-02   4.4841788930E-06  -1.5811641670E-02  -4.2335666513E-02
   10      1.4072232346E-02  -4.7483693370E-02  -4.2770276691E-06  -4.6715181878E-02   2.7106882786E-02
   11      7.1622091488E-06  -4.9670162801E-06  -1.1661217969E-03   2.0343392004E-06  -7.1321645694E-06
   12     -1.4210603664E-01   9.1469415483E-02   1.1366657510E-05  -1.1449413746E-01  -1.1704781899E-03
   13      5.1540898649E-02  -2.7575535828E-01  -2.1680210759E-05  -2.6547520711E-04  -1.1359565328E-01
   14      8.0777262095E-06  -1.5840853939E-05  -5.1389429529E-02   1.9827057114E-05  -5.3145977636E-06
   15      7.2072342843E-01   4.7605332057E-02   2.8366509377E-05  -5.1743056805E-02   2.8146751293E-02
   16      4.7605332057E-02   6.9731883543E-01   7.3045017630E-05   2.9400181137E-02   1.4388517457E-02
   17      2.8366509377E-05   7.3045017630E-05   1.2978720650E-01   1.1516166052E-06  -1.8609302074E-05
   18     -5.1743056805E-02   2.9400181137E-02   1.1516166052E-06   6.2347498909E-01   3.5501285847E-02
   19      2.8146751293E-02   1.4388517457E-02  -1.8609302074E-05   3.5501285847E-02   8.6246460332E-01
   20      7.8380487244E-07   6.6533335312E-06  -6.2887095457E-03   9.1961445396E-05  -4.3703642882E-05
   21     -3.2303077909E-03  -8.3899450866E-03  -6.6916167342E-06  -2.3009287424E-01   1.4301858419E-01
   22     -4.3364451802E-03   6.9272839342E-03   5.8807332961E-06   1.1269128968E-01  -3.1740604878E-01
   23     -1.8914664629E-06  -4.0109565491E-06   4.5620501751E-03  -7.7883255371E-05   8.0312514417E-05
   24     -3.4016782990E-04  -3.7898374274E-03   2.7376450605E-06  -2.2893965619E-01  -1.7258710385E-01
   25      1.1717139990E-02  -8.4991429659E-03   7.5093792473E-06  -1.5994100317E-01  -4.1920715034E-01
   26      5.8491494636E-07  -1.2534071836E-06   1.6702327047E-03  -4.0871696738E-05  -2.4281847183E-05
   27     -1.2755972511E-02   4.2870251821E-03  -6.3950749426E-06  -3.5847946818E-02   2.6899904205E-02
   28     -1.9894987083E-03  -3.0776958938E-03  -4.6768498561E-07   2.2077227054E-02  -5.0001109710E-03
   29     -1.5651599766E-06   4.2796580447E-07   6.4520138167E-03  -4.3545592139E-06  -2.3517202498E-06
   30     -1.2898671312E-02   2.8831697616E-02   2.1381174922E-06   2.5595931994E-04   1.8792605224E-03
   31     -2.1988955134E-03   4.0171589674E-03   1.1717105564E-06  -3.1122483416E-04   2.1829468072E-04
   32      3.3008271433E-07   8.4930777106E-07   7.3246159645E-04   6.1188227105E-07   3.7559898656E-07
   33      3.0538503405E-04  -3.5268361617E-03  -2.3270360180E-06  -5.6668974748E-05  -7.1230275897E-05
   34     -2.9266068814E-03  -4.8915251256E-03  -1.6298685660E-06  -4.6048516039E-04  -3.7593480435E-04
   35      2.7479649854E-07  -2.1797587509E-06   6.6720781164E-03  -2.7090563785E-07   5.3700142007E-07
   36     -1.0768676330E-03   1.0217980029E-03   1.3332621471E-07   1.4294161158E-04  -1.9156320451E-03
   37      7.9472002914E-04   4.1222915740E-04   3.9139330441E-07   9.1637468378E-04  -1.2362631474E-04
   38     -1.2493908303E-06   7.2935784594E-07  -1.1571527352E-03  -1.4118724684E-07   2.6747827854E-07
   39     -1.2821656664E-01  -1.2549695020E-01  -2.3260261054E-05   1.3795932575E-03   1.5532396881E-03
   40     -1.2352336431E-01  -2.6887883701E-01  -3.8574884238E-05  -3.6534240120E-03  -4.0195909595E-03
   41     -2.0997935407E-05  -4.3672012942E-05  -3.6033670455E-02   1.6319772481E-08   2.4437662089E-06
   42      1.3176951789E-03  -3.9591141591E-03   5.2704063980E-06   3.5274471405E-02  -2.0461069276E-02
   43      2.3577585800E-03  -2.2158968107E-03   4.6232111338E-06   1.5263036651E-02  -2.5229755792E-02
   44      8.2542277577E-07  -6.8029223347E-07  -5.7956383754E-04   7.7143071735E-06   7.1087641008E-06
                   20                 21                 22                 23                 24        
    0      3.6921269988E-06  -4.1983723721E-03   7.2640113354E-03  -1.5170646481E-06  -2.3904622858E-03
    1     -1.1834237866E-06   1.1293114209E-03   4.2159689819E-03   1.3926238846E-06  -2.4928495040E-03
    2      8.6625732022E-03   3.3539378042E-08   9.4892176744E-07  -1.1343992169E-03  -5.6757950510E-07
    3     -2.4251283596E-06   4.2789702251E-04  -5.3050220566E-04   5.3320269268E-07  -3.6533514412E-04
    4     -3.5125227577E-06   2.9005215785E-03  -7.2018397708E-03   7.8693689717E-07   6.6288297718E-04
    5     -1.9833462339E-03   1.3106117740E-10   7.0829902268E-07   5.2805964804E-04   2.0587708521E-07
    6     -4.0010284894E-06   8.7731637990E-04  -6.1228381938E-03   7.6415890610E-07  -1.0712222569E-03
    7      4.0636138290E-07   3.7044262072E-04   3.4996792758E-03  -3.5312684889E-07  -2.2926535978E-03
    8      8.9772542766E-03   3.1041481279E-06  -7.0749018683E-06  -8.7836338099E-04  -6.3915028291E-07
    9     -2.5112240650E-06   2.1519669283E-03   9.8249622362E-03   2.1446846489E-06  -6.4381555932E-03
   10     -1.1385131749E-05   4.0735717766E-03  -3.1556648351E-02   4.9720037576E-06   1.3650730780E-02
   11     -7.3028024123E-03  -6.0570493307E-07   2.8113901272E-06   3.1876667749E-04   1.0231227025E-07
   12     -8.2322301258E-07  -3.6424757229E-02   4.5688047465E-02  -4.7728933278E-06  -4.1816399602E-02
   13      1.5895356210E-06   4.7114769179E-02  -6.5209012264E-03   1.2448839594E-05  -5.3342006322E-02
   14     -7.4032877399E-02  -2.7824737806E-05   1.4941112128E-05   1.7352738985E-02  -1.3286375573E-05
   15      7.8380487244E-07  -3.2303077909E-03  -4.3364451802E-03  -1.8914664629E-06  -3.4016782990E-04
   16      6.6533335312E-06  -8.3899450866E-03   6.9272839342E-03  -4.0109565491E-06  -3.7898374274E-03
   17     -6.2887095457E-03  -6.6916167342E-06   5.8807332961E-06   4.5620501751E-03   2.7376450605E-06
   18      9.1961445396E-05  -2.3009287424E-01   1.1269128968E-01  -7.7883255371E-05  -2.2893965619E-01
   19     -4.3703642882E-05   1.4301858419E-01  -3.1740604878E-01   8.0312514417E-05  -1.7258710385E-01
   20      2.3234462283E-01  -5.9387919511E-05   6.4859694602E-05  -7.4200963575E-02  -2.6416125037E-05
   21     -5.9387919511E-05   2.5693213702E-01  -1.6195206690E-01   8.6289228349E-05   4.6603558576E-02
   22      6.4859694602E-05  -1.6195206690E-01   4.4248541037E-01  -1.0533524003E-04   2.2258326944E-02
   23     -7.4200963575E-02   8.6289228349E-05  -1.0533524003E-04   3.2021515147E-02   5.4189979639E-06
   24     -2.6416125037E-05   4.6603558576E-02   2.2258326944E-02   5.4189979639E-06   2.4110295063E-01
   25     -2.0701783523E-05  -1.2165401050E-02  -1.1897569797E-01   1.4842556267E-05   2.0482575400E-01
   26     -7.9981531055E-02   8.6105322561E-06   2.6066960068E-05   2.3936113247E-02   3.2877549052E-05
   27     -1.4157607701E-05  -1.2151461899E-02  -4.9470607556E-02   1.1862182332E-06   6.0634502482E-03
   28      2.3618325355E-06  -1.8113507498E-02   4.8893722396E-03  -5.8090149432E-06  -4.1806644571E-03
   29     -6.8139300484E-04  -5.2398490858E-06  -5.0442625870E-06   5.2818928258E-03   1.2305720627E-06
   30      3.4879750249E-07  -1.0015642224E-03   3.2666341601E-04  -6.2146527157E-07  -1.7782468920E-04
   31      6.7462272442E-08  -1.5542233160E-05   9.8162450796E-05   3.2740135968E-07   1.4323189649E-04
   32      1.9033988898E-03   2.4843945131E-07   3.2471998499E-07  -8.8568231630E-04  -5.2563138261E-09
   33      7.9364437676E-08  -6.7707125245E-05  -2.9120351635E-05  -2.4560831393E-07  -1.1437141352E-04
   34      3.9785094725E-08   8.2155159144E-06   1.6452488052E-04   2.0979500643E-08   5.7763702847E-06
   35     -1.5117408589E-03   2.5803234819E-07   9.9280889534E-08   1.1657662083E-04   9.1507683039E-08
   36     -2.0749591827E-07   4.6396805154E-05   5.1421591342E-04   4.9659157724E-08  -9.9456843634E-04
   37     -4.9978083885E-07  -5.6487345726E-05   3.5877639622E-04   2.9906011267E-08  -7.9773041436E-05
   38      2.6456305886E-04   1.4219209933E-08  -4.1643338326E-07  -2.9393002856E-06  -2.6252497178E-07
   39     -4.9028932647E-07   3.5652304818E-04  -1.8008772182E-03  -9.6499603135E-08  -5.7208130656E-03
   40     -5.1348269206E-07   1.6554502589E-04   1.0426907217E-03   3.4407819655E-07  -6.2236749104E-04
   41     -4.0333266563E-03   1.5904701505E-07   3.3191643502E-07   3.4046843003E-04   1.0620651328E-07
   42      1.5331059127E-05  -2.0228750898E-02   2.5725320587E-02  -7.1727855647E-06  -5.4009829486E-03
   43      8.7801455284E-06   1.8616088340E-03   1.7979266845E-02  -3.4507045902E-07  -2.1199353724E-03
   44     -2.1357215195E-03  -1.1526005147E-06   1.2733784947E-06  -7.3558339665E-03  -2.2485275487E-06
                   25                 26                 27                 28                 29        
    0     -5.1142774586E-03   8.9804823067E-08   1.0152039302E-02  -1.9196567089E-03   2.2277481284E-06
    1      7.1274106040E-04   9.0472262055E-07   9.4998794528E-03  -5.8834968191E-03   1.1052995531E-06
    2      3.1731719023E-06  -9.6892382340E-04   1.0575515365E-06  -3.7929373251E-07  -1.5783439524E-03
    3      1.4589695471E-03   6.2425169720E-07  -4.9948108563E-03  -4.2039572248E-03  -8.2339357131E-07
    4      2.5936456211E-03   9.6239128570E-07  -1.8358071594E-02   7.0861767878E-03  -2.2019550586E-06
    5      2.3509707072E-06   1.4076405163E-04  -1.9271383475E-06   4.7731375370E-07   5.3734436626E-03
    6     -2.1465952232E-04  -3.8777727410E-07  -4.4374183445E-02   2.7197780564E-02  -4.2186430685E-06
    7      6.2913794206E-04  -8.7087082966E-07   6.3929453637E-02  -6.8573634926E-03   4.7615414910E-06
    8     -7.2004288078E-06  -2.3117099937E-03  -1.5553130866E-08   5.2772120710E-06   7.2232339703E-03
    9      4.1651162391E-03  -1.4201987901E-06  -1.5322002167E-01   7.0174206400E-02  -1.1077542167E-05
   10      8.7501807501E-04   1.9650511653E-06   9.9304923891E-02  -2.9456274714E-01   1.2945035143E-05
   11      2.1834409381E-06   5.4237156260E-03  -1.0352468196E-05  -8.3150459782E-07  -4.7084368237E-02
   12     -4.4865306897E-02   2.6307434294E-06   3.0243075751E-02   5.7363447997E-03   1.6979111027E-06
   13     -1.7225554089E-02  -7.2347217720E-06  -5.8334687791E-03  -4.9123872617E-02  -4.6391146033E-06
   14     -7.3020526819E-06   1.9179100884E-02  -3.1446831874E-06  -6.2722862948E-07   8.2033365735E-03
   15      1.1717139990E-02   5.8491494636E-07  -1.2755972511E-02  -1.9894987083E-03  -1.5651599766E-06
   16     -8.4991429659E-03  -1.2534071836E-06   4.2870251821E-03  -3.0776958938E-03   4.2796580447E-07
   17      7.5093792473E-06   1.6702327047E-03  -6.3950749426E-06  -4.6768498561E-07   6.4520138167E-03
   18     -1.5994100317E-01  -4.0871696738E-05  -3.5847946818E-02   2.2077227054E-02  -4.3545592139E-06
   19     -4.1920715034E-01  -2.4281847183E-05   2.6899904205E-02  -5.0001109710E-03  -2.3517202498E-06
   20     -2.0701783523E-05  -7.9981531055E-02  -1.4157607701E-05   2.3618325355E-06  -6.8139300484E-04
   21     -1.2165401050E-02   8.6105322561E-06  -1.2151461899E-02  -1.8113507498E-02  -5.2398490858E-06
   22     -1.1897569797E-01   2.6066960068E-05  -4.9470607556E-02   4.8893722396E-03  -5.0442625870E-06
   23      1.4842556267E-05   2.3936113247E-02   1.1862182332E-06  -5.8090149432E-06   5.2818928258E-03
   24      2.0482575400E-01   3.2877549052E-05   6.0634502482E-03  -4.1806644571E-03   1.2305720627E-06
   25      5.4943568955E-01   8.5712465171E-06  -1.0179583891E-02  -1.2872657360E-03  -1.6777431680E-08
   26      8.5712465171E-06   3.1665958134E-02   4.3338202298E-06   8.0479889033E-08  -1.5074434132E-03
   27     -1.0179583891E-02   4.3338202298E-06   5.7999985203E-01  -3.7635270992E-02   7.5328714218E-05
   28     -1.2872657360E-03   8.0479889033E-08  -3.7635270992E-02   4.2126144085E-01   5.3073895986E-06
   29     -1.6777431680E-08  -1.5074434132E-03   7.5328714218E-05   5.3073895986E-06   4.0134587223E-02
   30     -1.9222733956E-04  -6.9706331498E-08   4.7899252440E-04   7.9047813620E-05   1.8340509039E-07
   31      2.5003150953E-05  -2.8417266604E-07   2.2143351140E-04   1.4742596879E-04  -5.8883281249E-08
   32     -3.3763266506E-07  -1.1786589349E-04   8.5313108740E-07  -6.2069550638E-08  -6.0886721096E-04
   33      6.0044306085E-05  -1.7528952303E-08  -1.2392049330E-03   1.1348945345E-04  -1.4868140097E-07
   34      4.6359241718E-04  -1.0155413481E-07   1.7599587821E-03   2.4587864557E-04   1.3622514434E-07
   35     -2.5673283453E-07   3.4431890520E-04   4.8516950557E-07  -1.4256160532E-08  -2.2601625308E-04
   36     -2.5231153687E-04  -3.9759229193E-07   3.1271359736E-03   4.4163485749E-04   5.3021371084E-07
   37      1.4935772171E-05  -1.9364412825E-07   2.0831644127E-05   9.0484736683E-04   1.7216678891E-07
   38     -3.8641042969E-07  -1.8720696759E-04  -5.7543493105E-07   4.5536604507E-07  -3.5890263000E-03
   39      2.9112225767E-04   4.3162894299E-07  -1.1605143264E-04   1.4549876112E-03  -5.1362496162E-07
   40      3.8020624724E-03  -2.8771652519E-07  -6.1484743780E-04  -1.2461187340E-03  -2.3178695735E-09
   41     -1.0936014181E-06   9.6616326852E-05   2.2942628063E-07  -6.1127216634E-07   6.5741880312E-04
   42      1.0367112623E-02  -6.3638734575E-06  -3.6536489227E-01  -5.9077386029E-02  -5.0453659688E-05
   43      6.6429850401E-03  -4.5889324707E-06  -8.3986336993E-02  -6.7496470458E-02  -1.0209035941E-05
   44     -7.8933043962E-07   2.6178612667E-03  -4.9709521834E-05  -5.4888256282E-06  -1.8050468503E-02
                   30                 31                 32                 33                 34        
    0     -1.3003778402E-01   1.2303518611E-01   5.1672225736E-06  -1.1075724475E-02  -2.7877669523E-02
    1      1.2257506517E-01  -2.6582771285E-01  -2.0659350512E-05   2.4750886090E-03   4.9311306246E-03
    2      8.6126335108E-06  -2.2260897245E-05  -3.1222894369E-02   1.5969724424E-06  -2.7371786003E-06
    3      1.1646694244E-02   1.6240390110E-02   3.3768442321E-06  -3.3432565725E-01  -4.4230611909E-03
    4     -1.4869278288E-02  -1.8849255537E-02  -1.6736121294E-06  -3.7662393920E-03  -5.9317381293E-02
    5     -2.1201330138E-06   4.5476840998E-07   4.2831501071E-04  -3.5881640563E-05  -2.5085623697E-06
    6     -9.0939019081E-04  -4.2189643485E-03  -5.2675460160E-07  -1.2199337188E-02   2.8377031881E-02
    7     -3.1496601907E-03  -2.9602239224E-03  -1.3615031623E-06  -2.1873455933E-03   4.2849992958E-03
    8      4.4611268908E-08  -3.1493170237E-06   6.2011639940E-03  -8.3567016534E-07   2.2274272398E-06
    9     -1.2004000195E-03  -1.1222232172E-03  -1.1953916615E-06   1.1999399760E-03   1.9249508078E-03
   10     -8.6036641276E-04   2.0730399292E-05   4.7738893834E-08   2.4267604853E-03  -4.5046071264E-03
   11     -3.1340692726E-07   4.5523576482E-07  -7.8395851193E-04  -1.3359978808E-06  -7.3686438473E-07
   12     -4.6799041788E-03  -7.4710383858E-04  -1.0291662372E-06   9.4823473011E-04   7.1943972293E-04
   13     -2.0459858069E-03   1.5765653492E-03  -5.3436405049E-07   1.9818325324E-05  -1.3331177219E-03
   14     -5.8593507215E-07   1.2161069502E-07   7.7166541068E-03  -1.7803845039E-06  -4.6053351602E-08
   15     -1.2898671312E-02  -2.1988955134E-03   3.3008271433E-07   3.0538503405E-04  -2.9266068814E-03
   16      2.8831697616E-02   4.0171589674E-03   8.4930777106E-07  -3.5268361617E-03  -4.8915251256E-03
   17      2.1381174922E-06   1.1717105564E-06   7.3246159645E-04  -2.3270360180E-06  -1.6298685660E-06
   18      2.5595931994E-04  -3.1122483416E-04   6.1188227105E-07  -5.6668974748E-05  -4.6048516039E-04
   19      1.8792605224E-03   2.1829468072E-04   3.7559898656E-07  -7.1230275897E-05  -3.7593480435E-04
   20      3.4879750249E-07   6.7462272442E-08   1.9033988898E-03   7.9364437676E-08   3.9785094725E-08
   21     -1.0015642224E-03  -1.5542233160E-05   2.4843945131E-07  -6.7707125245E-05   8.2155159144E-06
   22      3.2666341601E-04   9.8162450796E-05   3.2471998499E-07  -2.9120351635E-05   1.6452488052E-04
   23     -6.2146527157E-07   3.2740135968E-07  -8.8568231630E-04  -2.4560831393E-07   2.0979500643E-08
   24     -1.7782468920E-04   1.4323189649E-04  -5.2563138261E-09  -1.1437141352E-04   5.7763702847E-06
   25     -1.9222733956E-04   2.5003150953E-05  -3.3763266506E-07   6.0044306085E-05   4.6359241718E-04
   26     -6.9706331498E-08  -2.8417266604E-07  -1.1786589349E-04  -1.7528952303E-08  -1.0155413481E-07
   27      4.7899252440E-04   2.2143351140E-04   8.5313108740E-07  -1.2392049330E-03   1.7599587821E-03
   28      7.9047813620E-05   1.4742596879E-04  -6.2069550638E-08   1.1348945345E-04   2.4587864557E-04
   29      1.8340509039E-07  -5.8883281249E-08  -6.0886721096E-04  -1.4868140097E-07   1.3622514434E-07
   30      1.3634351738E-01  -1.3191929825E-01  -8.1204368114E-06   7.0929344341E-04   4.7456561693E-04
   31     -1.3191929825E-01   2.8095125318E-01   2.1935805980E-05  -6.6533846600E-05   9.5978263202E-04
   32     -8.1204368114E-06   2.1935805980E-05   2.3958212503E-02   6.0504999333E-07   5.6865161419E-07
   33      7.0929344341E-04  -6.6533846600E-05   6.0504999333E-07   3.5552844107E-01   4.0433620143E-03
   34      4.7456561693E-04   9.5978263202E-04   5.6865161419E-07   4.0433620143E-03   5.8696911898E-02
   35      2.1013349347E-07   7.6643119803E-07  -3.1219871419E-03   3.8741118175E-05   4.1383159720E-06
   36      4.5506679676E-04   8.4629857965E-04   2.5228624736E-07   8.0958054661E-04  -4.0943566424E-04
   37     -7.4545607000E-04  -9.7012254245E-04  -2.9608085438E-07  -1.6717730831E-05   9.6757774075E-04
   38      1.5719346294E-07  -2.1419454637E-07   4.4382084770E-04   9.2384179850E-07   2.9278176517E-07
   39      1.2063989597E-03   1.9646692302E-04   2.6340206386E-07  -5.8029556178E-04  -1.3085625077E-03
   40     -1.7532768087E-04   6.2373901886E-04   9.2144741289E-07   2.3092279256E-04   1.6358281887E-04
   41      5.9532766178E-08   6.6147485477E-07  -4.5548290244E-03  -3.0395303123E-07   1.1097383207E-07
   42     -1.9038403600E-04  -6.5233675522E-05  -5.7864813474E-07   1.5809212313E-04   7.9542907617E-05
   43     -2.2668749033E-04  -3.0800954755E-05  -3.6668340680E-07   3.0751467447E-04  -4.5541488233E-04
   44     -1.7602803366E-07   2.7358935854E-07  -8.7942480118E-05   2.6528814707E-08   6.3317419992E-08
                   35                 36                 37                 38                 39        
    0     -3.9844739807E-06  -8.7272602481E-04   4.1842210250E-03   7.0783485944E-07  -9.6123756489E-03
    1      9.2317830025E-07   3.4320704905E-03  -2.4694662562E-03  -2.7367804874E-07  -2.6835881882E-02
    2      3.5144480775E-03  -5.0355842783E-07  -9.9403035135E-07   7.5787238549E-03  -3.5231378376E-06
    3     -3.6232690678E-05   1.2222815674E-02  -1.4719453882E-02  -1.4035015497E-07  -5.6296587189E-03
    4     -3.1708130018E-06   1.5270405220E-02  -1.8230942764E-02  -1.1149629962E-06   1.0708446346E-03
    5     -3.8635595170E-02   2.4837051809E-06  -1.7638502174E-06   1.6477468805E-03  -3.2131168995E-07
    6      1.9602205251E-06  -1.2292511743E-01  -1.1983098017E-01  -2.1647025780E-05  -5.7440155933E-04
    7     -3.9668474673E-07  -1.1789204476E-01  -2.7190380152E-01  -2.9111091932E-05   1.0280058174E-03
    8      3.8700285760E-03  -1.8064287281E-05  -3.0823843798E-05  -3.2992689132E-02   7.1484262883E-07
    9     -2.5408633627E-07  -1.2112470157E-02   1.7339281762E-03   3.4422120597E-06  -1.9835260997E-03
   10     -3.3040219479E-07  -3.0854308387E-02   1.4387723434E-03  -2.1596979148E-06   2.2695742391E-03
   11      9.2727679738E-03  -3.9615473457E-06   2.3003318558E-07   4.7699536020E-03  -2.3920873028E-07
   12     -4.7015372406E-08  -4.7687325150E-03  -1.4217812963E-04  -3.9182209188E-07   1.2006804647E-02
   13     -5.5198448720E-07   2.1877581488E-03   6.5941602848E-04  -2.0590887480E-07   1.2756146906E-02
   14     -6.2959958955E-04  -2.7676767282E-07  -6.0726322029E-07   5.0483601985E-03   1.4010276159E-06
   15      2.7479649854E-07  -1.0768676330E-03   7.9472002914E-04  -1.2493908303E-06  -1.2821656664E-01
   16     -2.1797587509E-06   1.0217980029E-03   4.1222915740E-04   7.2935784594E-07  -1.2549695020E-01
   17      6.6720781164E-03   1.3332621471E-07   3.9139330441E-07  -1.1571527352E-03  -2.3260261054E-05
   18     -2.7090563785E-07   1.4294161158E-04   9.1637468378E-04  -1.4118724684E-07   1.3795932575E-03
   19      5.3700142007E-07  -1.9156320451E-03  -1.2362631474E-04   2.6747827854E-07   1.5532396881E-03
   20     -1.5117408589E-03  -2.0749591827E-07  -4.9978083885E-07   2.6456305886E-04  -4.9028932647E-07
   21      2.5803234819E-07   4.6396805154E-05  -5.6487345726E-05   1.4219209933E-08   3.5652304818E-04
   22      9.9280889534E-08   5.1421591342E-04   3.5877639622E-04  -4.1643338326E-07  -1.8008772182E-03
   23      1.1657662083E-04   4.9659157724E-08   2.9906011267E-08  -2.9393002856E-06  -9.6499603135E-08
   24      9.1507683039E-08  -9.9456843634E-04  -7.9773041436E-05  -2.6252497178E-07  -5.7208130656E-03
   25     -2.5673283453E-07  -2.5231153687E-04   1.4935772171E-05  -3.8641042969E-07   2.9112225767E-04
   26      3.4431890520E-04  -3.9759229193E-07  -1.9364412825E-07  -1.8720696759E-04   4.3162894299E-07
   27      4.8516950557E-07   3.1271359736E-03   2.0831644127E-05  -5.7543493105E-07  -1.1605143264E-04
   28     -1.4256160532E-08   4.4163485749E-04   9.0484736683E-04   4.5536604507E-07   1.4549876112E-03
   29     -2.2601625308E-04   5.3021371084E-07   1.7216678891E-07  -3.5890263000E-03  -5.1362496162E-07
   30      2.1013349347E-07   4.5506679676E-04  -7.4545607000E-04   1.5719346294E-07   1.2063989597E-03
   31      7.6643119803E-07   8.4629857965E-04  -9.7012254245E-04  -2.1419454637E-07   1.9646692302E-04
   32     -3.1219871419E-03   2.5228624736E-07  -2.9608085438E-07   4.4382084770E-04   2.6340206386E-07
   33      3.8741118175E-05   8.0958054661E-04  -1.6717730831E-05   9.2384179850E-07  -5.8029556178E-04
   34      4.1383159720E-06  -4.0943566424E-04   9.6757774075E-04   2.9278176517E-07  -1.3085625077E-03
   35      2.5599314220E-02   4.7875393998E-07   5.6837973797E-07  -4.4595903326E-03  -3.6568215372E-07
   36      4.7875393998E-07   1.2616256327E-01   1.2798945553E-01   1.9072649834E-05   4.7498320908E-05
   37      5.6837973797E-07   1.2798945553E-01   2.8882272596E-01   3.3134817532E-05  -8.2500776005E-05
   38     -4.4595903326E-03   1.9072649834E-05   3.3134817532E-05   2.3716628157E-02  -2.2436309294E-07
   39     -3.6568215372E-07   4.7498320908E-05  -8.2500776005E-05  -2.2436309294E-07   1.3657127688E-01
   40      5.3256552140E-08  -2.8717919967E-05   3.2115255841E-05  -3.5073519884E-07   1.3471767035E-01
   41     -3.6192226148E-04  -1.8720879479E-07  -3.6076461378E-07  -5.4500943552E-04   2.5075461923E-05
   42     -4.4125284151E-07  -2.6351680414E-04   3.2012531839E-05   7.8601037966E-07   8.6559362029E-04
   43     -2.3588069279E-08  -3.4918291354E-04   8.6563378255E-05   2.2221210144E-07   2.3348386854E-04
   44     -4.4308088253E-04   1.2600094226E-07   1.4366121873E-07  -5.3618239593E-04   6.4324899016E-07
                   40                 41                 42                 43                 44        
    0      2.0095940369E-03  -5.9565921877E-09  -4.2095410828E-03  -3.2729313775E-03  -1.4997660393E-06
    1      5.5993311861E-03   1.0514928148E-07  -3.5949765534E-03  -2.1757623199E-03  -8.3512874939E-07
    2      7.7617434363E-07   4.0820724832E-03   7.7541508936E-07  -1.3768228261E-07   3.2642714704E-05
    3      7.9634412272E-04  -6.0581028387E-07  -9.3796323478E-04   1.4377861009E-03  -3.6103022324E-07
    4      1.1562085849E-03  -3.8075860869E-08   5.5877967635E-03   4.6281182349E-03   1.3573425797E-06
    5     -5.3589836562E-07   8.1455280256E-03  -6.7973426460E-07   1.1716921973E-06   1.7043841541E-03
    6      2.0894850205E-04   1.0771806562E-06   8.4120122826E-03   6.0135612656E-03   2.1634793582E-06
    7      4.3067904875E-04  -4.4767334652E-07  -1.8162325253E-03  -9.2462867418E-03  -1.1298706564E-06
    8     -1.0292610912E-06  -1.2584447320E-03  -2.5575228313E-06  -3.7984707003E-06   3.7234027941E-03
    9      4.7468700401E-03   2.2275257325E-07  -4.0167839305E-02   4.3962383493E-02  -4.6020963216E-06
   10     -2.0062024385E-03  -4.7925810747E-07   2.7862526612E-02   1.2668297763E-02   1.1677246364E-06
   11     -4.0276215145E-07   4.7238283788E-03  -3.0770195227E-06   7.9861848989E-06  -6.2598884471E-04
   12     -1.3717421232E-02  -3.7724796876E-06  -7.7262537193E-03  -5.7078888350E-03  -2.8075976240E-06
   13     -2.0199481080E-02   1.3526558810E-06  -4.0452318221E-03  -1.5018700584E-03  -1.4420863267E-06
