*************************************************
******************* ORCA 6.0.0 ******************
*************************************************
$Calculation_Status
   &GeometryIndex 1
   &ListStatus       OUT
   &VERSION [&Type "String"] "6.0.0"
   &PROGNAME [&Type "String"] "LeanSCF"
   &STATUS [&Type "String"] "NORMAL TERMINATION"
$End
$Geometry
   &GeometryIndex 1
   &ListStatus       OUT
   &NATOMS [&Type "Integer"] 11
   &NCORELESSECP [&Type "Integer"] 0
   &NGHOSTATOMS [&Type "Integer"] 0
   &CartesianCoordinates [&Type "Coordinates", &Dim(11,4), &Units "Bohr"] 
              C      2.653828330422   -0.001174061336   -0.000084027617
              C      1.311307691292   -2.258689336867   -0.000148773792
              C     -1.317592200238   -2.155525779473   -0.000237664809
              N     -2.633791317048    0.001151049952   -0.000118341642
              C     -1.315698768729    2.156669066996   -0.000009830355
              C      1.313292783778    2.257522155646   -0.000064986548
              H      4.705378232557   -0.002078108775   -0.000101139465
              H      2.276774724615   -4.067748834866   -0.000158044033
              H     -2.422532378744   -3.892018924845   -0.000078412485
              H     -2.419108212564    3.894133964159   -0.000143573644
              H      2.280351296452    4.065732586654   -0.000060065134
$End
$SCF_Energy
   &GeometryIndex 1
   &ListStatus       OUT
   &SCF_ENERGY [&Type "Double"]      -2.4823429413304487e+02
$End
$DFT_Energy
   &GeometryIndex 1
   &ListStatus       OUT
   &NALPHAEL [&Type "Integer"] 21
   &NBETAEL [&Type "Integer"] 21
   &NTOTALEL [&Type "Integer"] 42
   &EEXCHANGE [&Type "Double"]      -3.4434168674419908e+01
   &ECORR [&Type "Double"]      -1.3472702659498050e+00
   &ECNL [&Type "Double"]       0.0000000000000000e+00
   &EXC [&Type "Double"]      -3.5781438940369711e+01
   &EEMBED [&Type "Double"]       0.0000000000000000e+00
   &FINALEN [&Type "Double"]      -2.4823429413304487e+02  "No Van der Waals correction"
$End
$Mulliken_Population_Analysis
   &GeometryIndex 1
   &ListStatus       OUT
   &NATOMS [&Type "Integer"] 11
   &ATNO [&Type "ArrayOfIntegers", &Dim (11,1)] 
                                                         0

0                                                        6
1                                                        6
2                                                        6
3                                                        7
4                                                        6
5                                                        6
6                                                        1
7                                                        1
8                                                        1
9                                                        1
10                                                       1
   &ATOMICCHARGES [&Type "ArrayOfDoubles", &Dim (11,1)] 
                                                         0

0                                     -1.1917351496748285e-01
1                                     -8.6782830049985549e-02
2                                     -1.3363371259876189e-02
3                                     -2.5853919734948683e-01
4                                     -1.3363398534853133e-02
5                                     -8.6783331084577142e-02
6                                      1.1940930154000928e-01
7                                      1.1493303448817871e-01
8                                      1.1436576423211786e-01
9                                      1.1436487767574066e-01
10                                     1.1493266531032797e-01
$End
$Loewdin_Population_Analysis
   &GeometryIndex 1
   &ListStatus       OUT
   &NATOMS [&Type "Integer"] 11
   &ATNO [&Type "ArrayOfIntegers", &Dim (11,1)] 
                                                         0

0                                                        6
1                                                        6
2                                                        6
3                                                        7
4                                                        6
5                                                        6
6                                                        1
7                                                        1
8                                                        1
9                                                        1
10                                                       1
   &ATOMICCHARGES [&Type "ArrayOfDoubles", &Dim (11,1)] 
                                                         0

0                                     -1.2343709053879603e-01
1                                     -1.5016748849119654e-01
2                                     -2.0309037500089566e-01
3                                      1.2217950919117015e-01
4                                     -2.0309090644840921e-01
5                                     -1.5016702944444393e-01
6                                      1.4562257030303183e-01
7                                      1.4484981980158884e-01
8                                      1.3622565355615546e-01
9                                      1.3622549104794146e-01
10                                     1.4484984602396533e-01
$End
$Mayer_Population_Analysis
   &GeometryIndex 1
   &ListStatus       OUT
   &NATOMS [&Type "Integer"] 11 "Total number of atoms"
   &BONDTHRESH [&Type "Double"]       1.0000000000000001e-01  "The threshold for printing"
   &NBONDORDERSPRINT [&Type "Integer"] 11 "The number of bond orders larger than threshold"
   &BONDORDERS [&Type "ArrayOfDoubles", &Dim (11,1)] "The bond orders"
                                                         0

0                                      1.4118590385253935e+00
1                                      1.4118560650580168e+00
2                                      9.6542661523029516e-01
3                                      1.3902703067958566e+00
4                                      9.6264411579663622e-01
5                                      1.4516697490067751e+00
6                                      9.7755849294927377e-01
7                                      1.4516685664908364e+00
8                                      1.3902653773650255e+00
9                                      9.7756082479985940e-01
10                                     9.6264523004320945e-01
   &COMPONENTS [&Type "ArrayOfIntegers", &Dim (11,4)] "The indices and atomic numbers of the bonding atoms"
                                                         0                           1                           2                           3

0                                                        0                           6                           1                           6
1                                                        0                           6                           5                           6
2                                                        0                           6                           6                           1
3                                                        1                           6                           2                           6
4                                                        1                           6                           7                           1
5                                                        2                           6                           3                           7
6                                                        2                           6                           8                           1
7                                                        3                           7                           4                           6
8                                                        4                           6                           5                           6
9                                                        4                           6                           9                           1
10                                                       5                           6                          10                           1
   &ATNO [&Type "ArrayOfIntegers", &Dim (11,1)] "Atomic number of the elements"
                                                         0

0                                                        6
1                                                        6
2                                                        6
3                                                        7
4                                                        6
5                                                        6
6                                                        1
7                                                        1
8                                                        1
9                                                        1
10                                                       1
   &NA [&Type "ArrayOfDoubles", &Dim (11,1)] "Mulliken gross atomic population"
                                                         0

0                                      6.1191735149675024e+00
1                                      6.0867828300499855e+00
2                                      6.0133633712598638e+00
3                                      7.2585391973494788e+00
4                                      6.0133633985348274e+00
5                                      6.0867833310845763e+00
6                                      8.8059069845999027e-01
7                                      8.8506696551182162e-01
8                                      8.8563423576788347e-01
9                                      8.8563512232425834e-01
10                                     8.8506733468967180e-01
   &ZA [&Type "ArrayOfDoubles", &Dim (11,1)] "Total nuclear charge"
                                                         0

0                                      6.0000000000000000e+00
1                                      6.0000000000000000e+00
2                                      6.0000000000000000e+00
3                                      7.0000000000000000e+00
4                                      6.0000000000000000e+00
5                                      6.0000000000000000e+00
6                                      1.0000000000000000e+00
7                                      1.0000000000000000e+00
8                                      1.0000000000000000e+00
9                                      1.0000000000000000e+00
10                                     1.0000000000000000e+00
   &QA [&Type "ArrayOfDoubles", &Dim (11,1)] "Mulliken gross atomic charge"
                                                         0

0                                     -1.1917351496750239e-01
1                                     -8.6782830049985549e-02
2                                     -1.3363371259863754e-02
3                                     -2.5853919734947883e-01
4                                     -1.3363398534827375e-02
5                                     -8.6783331084576254e-02
6                                      1.1940930154000973e-01
7                                      1.1493303448817838e-01
8                                      1.1436576423211653e-01
9                                      1.1436487767574166e-01
10                                     1.1493266531032820e-01
   &VA [&Type "ArrayOfDoubles", &Dim (11,1)] "Mayer's total valence"
                                                         0

0                                      3.9420404368987221e+00
1                                      3.8407818809874952e+00
2                                      4.0011802218143329e+00
3                                      3.0199263566411316e+00
4                                      4.0011769294917521e+00
5                                      3.8407741637815143e+00
6                                      9.7643019942026410e-01
7                                      9.7544930385513684e-01
8                                      9.8021129848285304e-01
9                                      9.8021167298607992e-01
10                                     9.7544926655367037e-01
   &BVA [&Type "ArrayOfDoubles", &Dim (11,1)] "Mayer's bonded valence"
                                                         0

0                                      3.9420404368986741e+00
1                                      3.8407818809873002e+00
2                                      4.0011802218142103e+00
3                                      3.0199263566412049e+00
4                                      4.0011769294918418e+00
5                                      3.8407741637814681e+00
6                                      9.7643019942030673e-01
7                                      9.7544930385514750e-01
8                                      9.8021129848284683e-01
9                                      9.8021167298608958e-01
10                                     9.7544926655363473e-01
   &FA [&Type "ArrayOfDoubles", &Dim (11,1)] "Mayer's free valence"
                                                         0

0                                      0.0000000000000000e+00
1                                      0.0000000000000000e+00
2                                      0.0000000000000000e+00
3                                      0.0000000000000000e+00
4                                      0.0000000000000000e+00
5                                      0.0000000000000000e+00
6                                      0.0000000000000000e+00
7                                      0.0000000000000000e+00
8                                      0.0000000000000000e+00
9                                      0.0000000000000000e+00
10                                     0.0000000000000000e+00
$End
$VdW_Correction
   &GeometryIndex 1
   &ListStatus       OUT
   &VDW [&Type "Double"]      -2.9901901263932802e-03
$End
$Calculation_Info
   &GeometryIndex 1
   &ListStatus       OUT
   &MULT [&Type "Integer"] 1
   &CHARGE [&Type "Integer"] 0
   &NUMOFATOMS [&Type "Integer"] 11
   &NUMOFELECTRONS [&Type "Integer"] 42
   &NUMOFFCELECTRONS [&Type "Integer"] 1
   &NUMOFCORRELECTRONS [&Type "Integer"] 0
   &NUMOFBASISFUNCTS [&Type "Integer"] 216
   &NUMOFAUXCBASISFUNCTS [&Type "Integer"] 0
   &NUMOFAUXJBASISFUNCTS [&Type "Integer"] 235
   &NUMOFAUXJKBASISFUNCTS [&Type "Integer"] 0
   &NUMOFCABSBASISFUNCTS [&Type "Integer"] 0
   &TOTALENERGY [&Type "Double"]      -2.4823265391117124e+02  "Hartrees"
$End
$SCF_Dipole_Moment
   &GeometryIndex 1
   &ListStatus       OUT
   &METHOD [&Type "String"] "SCF"
   &LEVEL [&Type "String"] "Relaxed density"
   &MULT [&Type "Integer"] 1
   &STATE [&Type "Integer"] -1
   &IRREP [&Type "Integer"] 0
   &NATOMS [&Type "Integer"] 11
   &DODIPOLEATOM [&Type "Boolean"] false
   &DIPOLEELECCONTRIB [&Type "ArrayOfDoubles", &Dim (3,1)] "Electronic contribution"
                                                         0

0                                     -1.3303527449857020e+00
1                                      5.8579297592274357e-04
2                                     -5.7514868385000711e-06
   &DIPOLENUCCONTRIB [&Type "ArrayOfDoubles", &Dim (3,1)] "Nuclear contribution"
                                                         0

0                                      2.2079923735436444e+00
1                                     -9.7109988509291867e-04
2                                      5.9406580298366482e-06
   &DIPOLETOTAL [&Type "ArrayOfDoubles", &Dim (3,1)] "Total"
                                                         0

0                                      8.7763962855794242e-01
1                                     -3.8530690917017510e-04
2                                      1.8917119133657704e-07
   &DIPOLEMAGNITUDE [&Type "Double", &Units "a.u."]       8.7763971313789879e-01
$End
$THERMOCHEMISTRY_Energies
   &GeometryIndex 1
   &ListStatus       OUT
   &TEMPERATURE [&Type "Double"]       2.9814999999999998e+02
   &PRESSURE [&Type "Double"]       1.0000000000000000e+00
   &TOTALMASS [&Type "Double"]       7.9101999999999990e+01
   &SPINDEGENERACY [&Type "Integer"] 1
   &ELENERGY [&Type "Double"]      -2.4823265391117124e+02
   &TRANSENERGY [&Type "Double"]       1.4162714244859817e-03
   &ROTENERGY [&Type "Double"]       1.4162714244859817e-03
   &VIBENERGY [&Type "Double"]       1.4699152479777287e-03
   &NUMOFFREQS [&Type "Integer"] 33
   &FREQSCALINGFACTOR [&Type "Double"]       1.0000000000000000e+00
   &FREQ [&Type "ArrayOfDoubles", &Dim (33,1)] "In cm^-1"
                                                         0

0                                      0.0000000000000000e+00
1                                      0.0000000000000000e+00
2                                      0.0000000000000000e+00
3                                      0.0000000000000000e+00
4                                      0.0000000000000000e+00
5                                      0.0000000000000000e+00
6                                      3.7349474566164417e+02
7                                      4.1278240134541716e+02
8                                      6.1498464582771749e+02
9                                      6.7116313622126904e+02
10                                     7.0798723260798272e+02
11                                     7.6716401915106871e+02
12                                     8.9146226388507341e+02
13                                     9.5081915588771187e+02
14                                     9.9409445475015514e+02
15                                     1.0040587874505053e+03
16                                     1.0096782723701574e+03
17                                     1.0529471986244132e+03
18                                     1.0751662774116778e+03
19                                     1.0938313876199456e+03
20                                     1.1704725735480904e+03
21                                     1.2396951565865661e+03
22                                     1.2926005562376226e+03
23                                     1.3811335927512609e+03
24                                     1.4668441270050271e+03
25                                     1.5073615502062548e+03
26                                     1.6093870616309325e+03
27                                     1.6167948736664439e+03
28                                     3.1281461337223700e+03
29                                     3.1307425596021922e+03
30                                     3.1603151300819845e+03
31                                     3.1744771692023533e+03
32                                     3.1829577760297711e+03
   &ZPE [&Type "Double"]       8.8120804785393733e-02
   &INNERENERGYU [&Type "Double"]      -2.4814023064828888e+02
   &ENTHALPYH [&Type "Double"]      -2.4813928643924663e+02
   &QEL [&Type "Double"]       0.0000000000000000e+00
   &QROT [&Type "Double"]       1.1475517873395215e-02
   &QVIB [&Type "Double"]       1.9961186045148668e-03
   &QTRANS [&Type "Double"]       1.8539222738615649e-02
   &ENTROPYS [&Type "Double"]       3.2010859216525731e-02
   &FREEENERGYG [&Type "Double"]      -2.4817129729846314e+02
   &ISLINEAR [&Type "Boolean"] false
$End
$Hessian
   &GeometryIndex 1
   &ListStatus       OUT
   &HESSIAN [&Type "ArrayOfDoubles", &Dim (33,33)] "The Hessian"
                                                         0                           1                           2                           3                           4                           5                           6                           7

0                                      7.4505000187447479e-01        -3.9540200025574464e-05         5.1431230159153503e-07        -1.8609950767708469e-01        -1.2177784662857313e-01        -5.1445428121629746e-06        -2.9169358780911623e-02        -3.2193749965239188e-02
1                                     -3.9540200025574464e-05         6.5898210685719805e-01         9.8276638163838558e-06        -6.2902304769466635e-02        -2.8346697665054543e-01        -6.0120198556025410e-06        -7.7588295386198519e-02         3.9757280386624003e-02
2                                      5.1431230159153503e-07         9.8276638163838558e-06         1.3837014457494687e-01        -2.0308231290604481e-06        -5.8796680537492157e-06        -6.2300673802843640e-02        -2.0454835867504878e-06        -1.1353050690390576e-06
3                                     -1.8609950767708469e-01        -6.2902304769466635e-02        -2.0308231290604481e-06         6.6675934104395640e-01        -3.2954024750980533e-02         9.8339473179953920e-06        -3.1784422020297382e-01        -3.5875264381933031e-02
4                                     -1.2177784662857313e-01        -2.8346697665054543e-01        -5.8796680537492157e-06        -3.2954024750980533e-02         7.3215418547963862e-01         8.7175559014769348e-06         2.9927701221826981e-02        -1.3449477960963194e-01
5                                     -5.1445428121629746e-06        -6.0120198556025410e-06        -6.2300673802843640e-02         9.8339473179953920e-06         8.7175559014769348e-06         1.2847252682848972e-01        -8.8307539485576539e-06         4.3035551453290435e-07
6                                     -2.9169358780911623e-02        -7.7588295386198519e-02        -2.0454835867504878e-06        -3.1784422020297382e-01         2.9927701221826981e-02        -8.8307539485576539e-06         6.7488429270394912e-01         5.3586194491860639e-02
7                                     -3.2193749965239188e-02         3.9757280386624003e-02        -1.1353050690390576e-06        -3.5875264381933031e-02        -1.3449477960963194e-01         4.3035551453290435e-07         5.3586194491860639e-02         7.1592570765989838e-01
8                                      4.7823728170115858e-07         1.6089647373419401e-07         9.0723283954262414e-03        -5.6288006756747551e-06         1.6064375720803583e-06        -6.9784296435905474e-02        -8.7925301039575815e-06        -7.3666217348965312e-06
9                                      5.9780747169560292e-03        -3.6086097648424279e-05        -7.7538543497198462e-07        -2.9540395933258988e-02         3.6956179777076506e-02         1.9563875492275936e-06        -1.8070078691217323e-01         1.0118021622712577e-01
10                                    -3.6534214545208076e-05        -7.7136935402700668e-02         8.4680418471246617e-09         9.6181743373513429e-02         2.4644067006044299e-02        -7.3952819918612510e-07         7.9341199572680904e-02        -2.7052099861125456e-01
11                                    -3.1404998018550606e-08        -1.4025773694353104e-06        -1.1891775340510757e-02         2.3492778327958024e-06         7.8094381965347601e-07         2.4813940036084940e-02         7.8861395633151439e-06        -1.0811131230853531e-05
12                                    -2.9073013317358277e-02         7.7648265713233910e-02         2.9453081771182491e-06        -5.3792813917036039e-02        -2.2903800143554545e-02        -1.7625097645108093e-06         5.6869884573499889e-02        -2.3586302063325959e-02
13                                     3.2254239734475790e-02         3.9659954000018184e-02        -1.1452753058420594e-07        -3.8359899649704328e-02        -1.5595640347100179e-02        -1.3565252217455321e-06         2.3450020371781989e-02        -9.8140270796831186e-02
14                                    -1.3923519276748415e-06         5.2130682164827546e-07         9.0722898848337521e-03         3.3963854262618218e-07        -4.3543225915810941e-07        -1.1575908193182370e-02        -8.9712279102638724e-07        -2.2756440657913142e-06
15                                    -1.8593669780601119e-01         6.2818299937794544e-02         4.1911845462578854e-07         6.5868217799473550e-02         1.8768317907783372e-02         1.5082573532856663e-06        -5.3738668138144589e-02         3.8393669222231669e-02
16                                     1.2169188470885957e-01        -2.8363556089302366e-01        -2.5547693238410075e-06        -1.8876605510244702e-02        -5.7787183553478297e-02        -5.7233870681472988e-07         2.2938379495996197e-02        -1.5649618755433067e-02
17                                     2.4306333155641726e-06        -1.7933014036129141e-06        -6.2299808622805063e-02        -1.0960423066505949e-06        -1.1471102613388253e-06         6.7134739168454895e-03         1.6398990566573290e-07        -7.9766368807455795e-08
18                                    -3.3227061002918629e-01         1.2090872603372494e-04         1.5346281959844835e-06        -1.2377319160892443e-02         2.5609846917598114e-03         3.3937525554105241e-07         1.0543024173907080e-03        -4.1346853529879799e-03
19                                     1.2111226006623778e-04        -5.9388071468556840e-02        -1.3742621685103853e-07        -2.8185987649595255e-02         5.4299914083699320e-03        -2.2829293423738161e-07        -2.5775296698165450e-03        -5.1748905585130203e-03
20                                     2.8500524160310482e-06         9.6260598072129683e-07        -3.9347269580336949e-02        -1.7823453711964034e-06        -9.0340008734716842e-07         4.5814147183563048e-03         5.6865270849948011e-07        -8.5379358680958934e-07
21                                     1.2009419382649477e-02        -1.5517613105377668e-02        -5.4367335971913183e-08        -1.2051533447376236e-01         1.1468328417131804e-01        -7.8754090440906505e-07        -6.1932274464511390e-03         3.0683727266931433e-02
22                                     1.5457964459877981e-02        -1.8819546255276653e-02        -3.5125219090759911e-07         1.1446921296881665e-01        -2.7202506244574876e-01        -1.2912148832841676e-06        -1.9194363868584724e-03         1.9630004724491036e-03
23                                     3.8423371926335026e-07        -1.0499023985400465e-06         2.2690925435217037e-03         9.0495978021033800e-07        -1.5522412929975016e-06        -3.5174454436655608e-02        -1.5748024218278131e-06         1.5057430502724936e-06
24                                    -6.2478454604320034e-03         1.6446852327350614e-03        -1.0901191477835209e-07        -1.1462678943564553e-02        -2.7573285858553249e-02         1.6446164963980225e-06        -1.4431115222203844e-01        -1.2551335743478953e-01
25                                     4.6365178511096120e-04         1.4328024825528151e-03         1.2232247963920356e-07         2.1129795139167087e-03         3.9834527406719424e-03         7.2047641047886659e-07        -1.2537696296475587e-01        -2.3195797639901655e-01
26                                    -5.3331388032849271e-07         1.1973882404055849e-07         7.3932232331234042e-03        -2.6962752726977197e-06        -1.5229807555358278e-06         6.5587423591891292e-03         1.3640255867071893e-05         2.1139757893831121e-05
27                                    -6.2499183696101308e-03        -1.6379309550760412e-03        -1.6430403996780936e-07        -3.5742391824108901e-04        -1.2200152104528200e-03        -1.9840671352121598e-08         6.2403929889079043e-04        -4.8454019238248361e-03
28                                    -4.5670556750685299e-04         1.4346224807153937e-03         1.9692338164694426e-07        -3.2383129649208231e-04        -2.4190832998636320e-05         4.8681644210984860e-08        -2.9378602225434676e-03        -2.1434570058726544e-03
29                                     3.7690752909144328e-07        -2.1828194039917096e-07         7.3933077989379427e-03         6.8383873543499772e-07         4.4406159627334657e-07        -7.4253730336237671e-04        -1.1114116246267168e-06        -4.4734575013416661e-07
30                                     1.2009455466514012e-02         1.5490477927288571e-02        -1.6609545691553601e-07        -6.3786461661600839e-04         3.6226325569038674e-03         2.7997954348195617e-07        -1.4751052910375677e-03         2.3916126096427074e-03
31                                    -1.5485343395793494e-02        -1.8819675537005129e-02        -7.3066373801554540e-07         4.6238544176154970e-03        -2.8178631952215059e-03         1.9810788067613797e-07         1.0699307803344570e-03         4.3600321758150676e-04
32                                    -6.5917596137350692e-10        -3.6789454546765813e-07         2.2691409157064787e-03         1.0524913128015382e-07        -2.3423729862821570e-08         8.4377723129838451e-03         2.6352080322376304e-07        -6.2958466750560523e-08
                                                         8                           9                          10                          11                          12                          13                          14                          15

0                                      4.7823728170115858e-07         5.9780747169560292e-03        -3.6534214545208076e-05        -3.1404998018550606e-08        -2.9073013317358277e-02         3.2254239734475790e-02        -1.3923519276748415e-06        -1.8593669780601119e-01
1                                      1.6089647373419401e-07        -3.6086097648424279e-05        -7.7136935402700668e-02        -1.4025773694353104e-06         7.7648265713233910e-02         3.9659954000018184e-02         5.2130682164827546e-07         6.2818299937794544e-02
2                                      9.0723283954262414e-03        -7.7538543497198462e-07         8.4680418471246617e-09        -1.1891775340510757e-02         2.9453081771182491e-06        -1.1452753058420594e-07         9.0722898848337521e-03         4.1911845462578854e-07
3                                     -5.6288006756747551e-06        -2.9540395933258988e-02         9.6181743373513429e-02         2.3492778327958024e-06        -5.3792813917036039e-02        -3.8359899649704328e-02         3.3963854262618218e-07         6.5868217799473550e-02
4                                      1.6064375720803583e-06         3.6956179777076506e-02         2.4644067006044299e-02         7.8094381965347601e-07        -2.2903800143554545e-02        -1.5595640347100179e-02        -4.3543225915810941e-07         1.8768317907783372e-02
5                                     -6.9784296435905474e-02         1.9563875492275936e-06        -7.3952819918612510e-07         2.4813940036084940e-02        -1.7625097645108093e-06        -1.3565252217455321e-06        -1.1575908193182370e-02         1.5082573532856663e-06
6                                     -8.7925301039575815e-06        -1.8070078691217323e-01         7.9341199572680904e-02         7.8861395633151439e-06         5.6869884573499889e-02         2.3450020371781989e-02        -8.9712279102638724e-07        -5.3738668138144589e-02
7                                     -7.3666217348965312e-06         1.0118021622712577e-01        -2.7052099861125456e-01        -1.0811131230853531e-05        -2.3586302063325959e-02        -9.8140270796831186e-02        -2.2756440657913142e-06         3.8393669222231669e-02
8                                      1.5774585465645460e-01         3.7788477447315456e-06        -6.7462610700628834e-06        -6.8144985705979461e-02         1.2098942170371785e-06        -1.1341566521279663e-06         3.6112561172653816e-03        -3.8923947255222996e-08
9                                      3.7788477447315456e-06         4.0109718467779659e-01         1.0033294100373336e-04        -3.2778523248837200e-07        -1.8086367993624564e-01        -1.0125728199320728e-01        -4.1029944374647123e-06        -2.9657299757431317e-02
10                                    -6.7462610700628834e-06         1.0033294100373336e-04         6.3451407337119492e-01         2.2523196188257064e-05        -7.9417568976585765e-02        -2.7035506595520958e-01        -6.4493427326864955e-06        -9.6134297456870479e-02
11                                    -6.8144985705979461e-02        -3.2778523248837200e-07         2.2523196188257064e-05         9.5275533411022392e-02        -6.4115560948836857e-06        -9.4679227267556831e-06        -6.8147449889594799e-02        -2.6675463008733516e-06
12                                     1.2098942170371785e-06        -1.8086367993624564e-01        -7.9417568976585765e-02        -6.4115560948836857e-06         6.7479061922074257e-01        -5.3551776233968132e-02         1.0431211716928367e-05        -3.1783673873557439e-01
13                                    -1.1341566521279663e-06        -1.0125728199320728e-01        -2.7035506595520958e-01        -9.4679227267556831e-06        -5.3551776233968132e-02         7.1601212694593663e-01        -5.2043562029728366e-06         3.6037764198994272e-02
14                                     3.6112561172653816e-03        -4.1029944374647123e-06        -6.4493427326864955e-06        -6.8147449889594799e-02         1.0431211716928367e-05        -5.2043562029728366e-06         1.5774862762198344e-01         3.0184129310198572e-06
15                                    -3.8923947255222996e-08        -2.9657299757431317e-02        -9.6134297456870479e-02        -2.6675463008733516e-06        -3.1783673873557439e-01         3.6037764198994272e-02         3.0184129310198572e-06         6.6681538311834254e-01
16                                    -9.7759951476857790e-07        -3.6908767235819061e-02         2.4762070591312742e-02         4.3342804274377092e-07        -2.9766901980893188e-02        -1.3449909142785760e-01         8.2625557929689939e-07         3.3009236889848928e-02
17                                    -1.1575924134248851e-02        -8.0070005277026338e-07        -1.5489511682373583e-06         2.4814088944096917e-02         4.7475278636354007e-06         3.5596177651883172e-07        -6.9784860706872259e-02        -4.0573054980516109e-06
18                                    -1.8540946424108207e-07         8.0628099172905601e-04        -6.8897807449468203e-07        -7.1921147909806218e-08         1.0604547094763602e-03         4.1293082782411679e-03        -4.2369005845995245e-08        -1.2354853561139478e-02
19                                    -1.9063573067146066e-07        -2.4411866603537005e-07        -6.7822697017349675e-04         8.2720771830606100e-08         2.5709597579322376e-03        -5.1813857810115351e-03        -1.0500382662926881e-07         2.8201708545023706e-02
20                                     9.0856475826951999e-03         1.2428665220329060e-07         1.0544267995132646e-06        -4.6515483456439797e-03        -6.9601083597232183e-07        -5.5833451963559084e-07         9.0856618358340704e-03         8.7249974827681592e-07
21                                     7.8932438007819399e-07        -7.5906047842961583e-03         8.7716661453797473e-04        -9.5409629847971059e-08        -1.4781019073197776e-03        -2.3898181955703144e-03        -7.2945669585785263e-08        -6.4510237152081264e-04
22                                    -4.0654501644103065e-07         4.7082288466867076e-04         2.0506692556407757e-03        -6.2148887180290218e-07        -1.0681868731952492e-03         4.3898408551489650e-04        -1.0095564017237119e-07        -4.6256315469261700e-03
23                                     5.3451264314759162e-04         5.1172241533204412e-07        -3.1809763018449627e-07         8.2551592232965425e-03        -3.2679015859382321e-07        -1.4163678832693445e-07        -4.6281635614263579e-04        -3.6590227532588503e-07
24                                     9.7215481962155884e-06         1.4036299206424503e-02         1.8090105245028815e-02        -1.1938052096103519e-06         6.3088116614524233e-04         4.8429351248000709e-03         5.7226805878208879e-07        -3.5612803069957552e-04
25                                     1.5021593395372853e-05        -7.3157638127751903e-03        -3.4670492196612432e-02        -7.9888011470045660e-07         2.9352594206924153e-03        -2.1501138357796074e-03         2.3166448627584683e-07         3.2409882361138036e-04
26                                    -4.1171332411009613e-02        -4.2202161526363953e-08        -3.4481186699981563e-06        -4.2890042141082371e-03         9.7091679421769343e-07        -6.4844249466874331e-07         1.1089754703581894e-02        -4.7083433143171568e-07
27                                    -5.7810164044077312e-07         1.4026696568614569e-02        -1.8132779488635828e-02         1.0029973219902094e-06        -1.4408929793128689e-01         1.2543541160848562e-01        -8.2816421369560579e-06        -1.1440424872106527e-02
28                                     2.0416463091775290e-07         7.2727735649945821e-03        -3.4661039175905288e-02        -9.6780700068094213e-07         1.2529900259729226e-01        -2.3217786041795085e-01         1.2866062407062914e-05        -2.0990671928308932e-03
29                                     1.1089817520029499e-02        -9.2175582487765071e-08        -3.3202748917702921e-06        -4.2891089491330012e-03        -1.0976017265812437e-05         1.7945621295480346e-05        -4.1171051873709723e-02         1.6738340026666999e-06
30                                    -2.4540359223624016e-08        -7.5917688381154074e-03        -8.6849335468985010e-04        -1.4528613111862680e-07        -6.2181939250430598e-03        -3.0676859064966207e-02        -7.7884325709571828e-07        -1.2071768764518806e-01
31                                    -2.1456253869102163e-07        -4.6236741411649851e-04         2.0518780876632018e-03        -5.6755282620122195e-07         1.9270046030093538e-03         1.9883635302707908e-03        -4.5397871600311676e-07        -1.1460226045156538e-01
32                                    -4.6287822787509565e-04        -5.2370143313545229e-07        -1.9844534954651386e-07         8.2551508304694408e-03         1.0747633271291887e-06         9.0374321394789210e-07         5.3449685600325675e-04        -7.7415975878348934e-07
                                                        16                          17                          18                          19                          20                          21                          22                          23

0                                      1.2169188470885957e-01         2.4306333155641726e-06        -3.3227061002918629e-01         1.2111226006623778e-04         2.8500524160310482e-06         1.2009419382649477e-02         1.5457964459877981e-02         3.8423371926335026e-07
1                                     -2.8363556089302366e-01        -1.7933014036129141e-06         1.2090872603372494e-04        -5.9388071468556840e-02         9.6260598072129683e-07        -1.5517613105377668e-02        -1.8819546255276653e-02        -1.0499023985400465e-06
2                                     -2.5547693238410075e-06        -6.2299808622805063e-02         1.5346281959844835e-06        -1.3742621685103853e-07        -3.9347269580336949e-02        -5.4367335971913183e-08        -3.5125219090759911e-07         2.2690925435217037e-03
3                                     -1.8876605510244702e-02        -1.0960423066505949e-06        -1.2377319160892443e-02        -2.8185987649595255e-02        -1.7823453711964034e-06        -1.2051533447376236e-01         1.1446921296881665e-01         9.0495978021033800e-07
