
$orca_hessian_file

$act_atom
  0

$act_coord
  0

$act_energy
        0.000000

$multiplicity
  1

$hessian
42
                    0                  1                  2                  3                  4        
    0      5.5965995775E-01   2.4829371108E-02  -9.4141491861E-03  -8.1375214529E-02   2.2726377930E-02
    1      2.4829371108E-02   4.7427003878E-01   3.4381571700E-02   2.2758739927E-02  -1.5934993849E-01
    2     -9.4141491861E-03   3.4381571700E-02   5.4068936973E-01  -8.9745433698E-03   3.3292535829E-02
    3     -8.1375214529E-02   2.2758739927E-02  -8.9745433698E-03   4.6082809138E-01  -1.5317728026E-04
    4      2.2726377930E-02  -1.5934993849E-01   3.3292535829E-02  -1.5317728026E-04   4.6079966456E-01
    5     -8.0667751702E-03   3.0103118487E-02  -8.9255732889E-02   1.4735644394E-04   1.3742306662E-04
    6      4.9515877013E-03   1.3599587718E-03   2.7851945550E-03  -1.2019991797E-01  -4.5007935334E-02
    7     -2.2816762694E-02  -3.2587750163E-02  -9.5058690597E-03  -4.5007237665E-02  -1.2053359390E-01
    8      7.1419853222E-03   6.8575757535E-03   3.2877256383E-03  -2.4462536008E-02  -2.4552934093E-02
    9     -1.3941002557E-02   9.4829518545E-03   2.3654003965E-03  -1.5953388660E-01   2.2447006456E-02
   10      3.3709994009E-02  -1.3771082461E-02  -9.6321706882E-03   2.2415536833E-02  -8.1196062038E-02
   11     -9.6405827866E-03   2.3273424652E-03   3.2735089779E-03   3.3326900422E-02  -8.8419332178E-03
   12     -1.5859316170E-01  -1.1415901346E-01  -5.6724472983E-02   4.1224244298E-03   5.9986426731E-03
   13     -1.1307258941E-01  -1.6142993472E-01  -5.7456346452E-02  -2.0826047762E-02  -2.0067418158E-02
   14     -5.6670288630E-02  -5.8085367304E-02  -7.4931874636E-02   8.1034614258E-03   7.8332227771E-03
   15     -4.6178185130E-02  -1.8476941436E-04  -1.1812780492E-03  -1.4794112373E-03   3.2551399969E-04
   16     -1.6965383316E-04  -4.5526506016E-02   4.3766964282E-03   3.3271226283E-04  -2.6206959947E-03
   17     -1.2160743465E-03   4.5950952029E-03  -2.9770076416E-01  -3.3538775852E-04   1.1299261107E-03
   18     -2.5840677743E-01   5.7779483984E-02   7.8048852356E-02  -8.4835292056E-03   7.4573117037E-04
   19      5.6677006506E-02  -6.1852573712E-02  -2.1087178175E-02   2.7575355733E-02  -7.4764955570E-03
   20      7.8298858344E-02  -2.1675301618E-02  -7.5048606400E-02  -1.0927301418E-02   2.7027814898E-03
   21     -6.1143419353E-04   8.4648855707E-04  -8.7754686410E-03  -4.5704142736E-02   8.7237720199E-06
   22      8.6148756305E-04  -3.5142174923E-03   3.2499148306E-02   9.0839354469E-06  -4.5704147079E-02
   23     -3.8132280838E-04   1.3190610941E-03  -1.1515855384E-02  -4.2547758472E-05  -4.2130942273E-05
   24      4.4520362408E-04   1.2365501589E-03   5.2698745906E-05  -2.0446968072E-03  -6.6618916414E-04
   25      3.9207224518E-04   1.6350913275E-03  -1.5223358554E-03  -6.6547398193E-04  -2.0505055875E-03
   26      3.9436527315E-04   8.2089368493E-04   8.5033466828E-04  -8.1704911464E-04  -8.2057283309E-04
   27      7.3201719258E-04   1.3982946361E-03   2.6615235372E-04  -2.0449868681E-02   6.6779662492E-03
   28     -8.5523805205E-04   1.6319387474E-03   4.1567977289E-04  -2.0186527483E-02   4.4853788558E-03
   29      2.4979819393E-04   3.4127759540E-04  -1.7993425808E-05  -1.0851384672E-02   3.1023130337E-03
   30     -3.2452163486E-03  -2.6261855568E-03  -1.5741064632E-03   4.5369651469E-03  -2.0089417876E-02
   31     -4.7638601416E-03  -2.1168461041E-03  -2.9196069265E-03   6.7754000754E-03  -2.0499222802E-02
   32     -1.4215662092E-03  -1.2947385230E-03  -2.3062225018E-04   3.1444613441E-03  -1.0839438190E-02
   33     -6.1341311725E-03   2.2124763364E-04   2.8315451849E-03  -7.5858397086E-03   2.7577878543E-02
   34      2.3924577893E-03   8.0575444172E-04  -1.7231092913E-03   7.4858499867E-04  -8.3721298657E-03
   35      1.8716755936E-03  -4.0186979144E-04  -2.2434944825E-04   2.7441691218E-03  -1.0915823966E-02
   36      1.2424053509E-03  -1.6385339130E-03  -4.2909470173E-04  -2.0008307537E-02  -2.0921220570E-02
   37      6.0526401026E-04   1.1818629844E-03   2.2558567269E-04   5.9041708535E-03   4.0624522305E-03
   38     -3.7660105081E-04   1.7430391531E-04  -1.7999546738E-05   7.8019512058E-03   8.1345783125E-03
   39      1.4539514417E-03  -1.3356076857E-03   7.2209114249E-04  -2.6226659403E-03   3.2751193122E-04
   40     -4.8490362728E-04   6.2416286951E-04  -1.3273010395E-03   3.2146705279E-04  -1.4772861757E-03
   41     -7.6814388010E-04   5.1973711540E-04   8.4285912268E-04   1.1299505527E-03  -3.3008999233E-04
                    5                  6                  7                  8                  9        
    0     -8.0667751702E-03   4.9515877013E-03  -2.2816762694E-02   7.1419853222E-03  -1.3941002557E-02
    1      3.0103118487E-02   1.3599587718E-03  -3.2587750163E-02   6.8575757535E-03   9.4829518545E-03
    2     -8.9255732889E-02   2.7851945550E-03  -9.5058690597E-03   3.2877256383E-03   2.3654003965E-03
    3      1.4735644394E-04  -1.2019991797E-01  -4.5007237665E-02  -2.4462536008E-02  -1.5953388660E-01
    4      1.3742306662E-04  -4.5007935334E-02  -1.2053359390E-01  -2.4552934093E-02   2.2447006456E-02
    5      5.8439943953E-01  -2.2150190274E-02  -2.2231137352E-02  -8.9328373188E-02   3.0133709598E-02
    6     -2.2150190274E-02   5.1717651067E-01  -4.9664911845E-02  -2.5059853075E-02  -3.2500188899E-02
    7     -2.2231137352E-02  -4.9664911845E-02   5.1679263765E-01  -2.5162316745E-02   1.2159301492E-03
    8     -8.9328373188E-02  -2.5059853075E-02  -2.5162316745E-02   5.4079674851E-01   6.8294259679E-03
    9      3.0133709598E-02  -3.2500188899E-02   1.2159301492E-03   6.8294259679E-03   4.7408760614E-01
   10     -7.9470147123E-03  -2.2962328156E-02   4.8676057618E-03   7.1686332250E-03   2.4491273559E-02
   11     -8.9253904298E-02  -9.5162941479E-03   2.7481224232E-03   3.2882331719E-03   3.4415537445E-02
   12      3.7375866735E-03   1.9924281272E-04   1.2825626126E-03   8.2147357286E-05   1.1865488904E-03
   13     -1.1787814852E-02   3.4337095320E-03  -5.5730032315E-03   3.3192173854E-03  -1.6386117217E-03
   14      2.5782194347E-03  -5.8552283908E-04   1.8281667952E-03  -2.3215630101E-04   1.7586272734E-04
   15     -8.7487940521E-03   3.7884226517E-05  -3.2520468682E-04   7.9829303400E-04   6.3166269698E-04
   16      3.2333102716E-02   5.2431863640E-04   2.0407597066E-03   1.2893134776E-03  -1.3389994598E-03
   17     -1.3938301438E-02  -5.8673444655E-05  -9.1124739338E-04   8.3989200662E-04   5.2255812384E-04
   18      2.6706523902E-03   7.1795655027E-04  -8.7550090736E-04   3.0232819415E-05   7.9555671809E-04
   19     -1.2008488834E-02   1.3630169785E-03   1.6875730648E-03  -4.7931257814E-04   2.4902857237E-04
   20      2.5745869787E-03   4.1139079720E-05  -4.0973918237E-04  -1.9564050958E-05  -4.0925837455E-04
   21     -5.2298414586E-05  -2.0445368676E-03  -1.6829811915E-03  -2.3754495395E-02  -3.5205783291E-03
   22     -5.1601013073E-05  -1.6831539018E-03  -2.0576712877E-03  -2.3847590357E-02   8.3487337930E-04
   23     -2.9014560309E-01  -9.6168474341E-04  -9.6565069628E-04  -1.1529694286E-02   1.3196083708E-03
   24     -2.3651975059E-02  -4.5849371308E-02   3.7484128891E-04  -3.1478625534E-03   1.6285980961E-03
   25     -2.3743266724E-02   3.7490885480E-04  -4.5847753732E-02  -3.1630810289E-03   1.2411430812E-03
   26     -1.3984246169E-02  -3.2809605709E-03  -3.2970511737E-03  -2.9774389639E-01   8.1918040524E-04
   27      8.3462822876E-03  -2.5923072308E-01   5.5196508716E-02   7.8127202245E-02  -2.0880009583E-03
   28      9.1320652294E-03   5.6240101985E-02  -6.0961503780E-02  -2.0403491840E-02  -2.6214847271E-03
   29      2.5698320790E-03   7.8636890883E-02  -2.0064496826E-02  -7.4970227386E-02  -1.2890344497E-03
   30      9.1015788379E-03  -6.1394071527E-02   5.6992169784E-02  -2.0703011737E-02   1.6301570062E-03
   31      8.3806785894E-03   5.5951365030E-02  -2.5880422123E-01   7.8054071326E-02   1.4011272076E-03
   32      2.5702703515E-03  -2.0366626749E-02   7.8565346641E-02  -7.4976479725E-02   3.4064698251E-04
   33     -1.2017968616E-02   1.6865752001E-03   1.3662435481E-03  -4.7930490967E-04  -6.2304544299E-02
   34      2.6230521894E-03  -8.7090528393E-04   7.2043762057E-04   2.8263693735E-05   5.8547976924E-02
   35      2.5741630344E-03  -4.1018200064E-04   3.9595303316E-05  -1.9486910697E-05  -2.1977702746E-02
   36     -1.1803369376E-02  -5.5909946173E-03   3.4111707390E-03   3.3190314339E-03  -1.6054606486E-01
   37      3.6913307304E-03   1.2601387393E-03   2.1783580577E-04   9.5246237428E-05  -1.1416162453E-01
   38      2.5784887002E-03   1.8304797879E-03  -5.7862378737E-04  -2.3229078525E-04  -5.7864567848E-02
   39      3.2366704314E-02   2.0400471044E-03   5.3206301658E-04   1.2860401301E-03  -4.5525863049E-02
   40     -8.6213049066E-03  -3.1717487140E-04   3.8647716758E-05   8.0355697583E-04  -1.8254041250E-04
   41     -1.3938839038E-02  -9.1101109248E-04  -6.2250380796E-05   8.3956969275E-04   4.6028159636E-03
                   10                 11                 12                 13                 14        
    0      3.3709994009E-02  -9.6405827866E-03  -1.5859316170E-01  -1.1307258941E-01  -5.6670288630E-02
    1     -1.3771082461E-02   2.3273424652E-03  -1.1415901346E-01  -1.6142993472E-01  -5.8085367304E-02
    2     -9.6321706882E-03   3.2735089779E-03  -5.6724472983E-02  -5.7456346452E-02  -7.4931874636E-02
    3      2.2415536833E-02   3.3326900422E-02   4.1224244298E-03  -2.0826047762E-02   8.1034614258E-03
    4     -8.1196062038E-02  -8.8419332178E-03   5.9986426731E-03  -2.0067418158E-02   7.8332227771E-03
    5     -7.9470147123E-03  -8.9253904298E-02   3.7375866735E-03  -1.1787814852E-02   2.5782194347E-03
    6     -2.2962328156E-02  -9.5162941479E-03   1.9924281272E-04   3.4337095320E-03  -5.8552283908E-04
    7      4.8676057618E-03   2.7481224232E-03   1.2825626126E-03  -5.5730032315E-03   1.8281667952E-03
    8      7.1686332250E-03   3.2882331719E-03   8.2147357286E-05   3.3192173854E-03  -2.3215630101E-04
    9      2.4491273559E-02   3.4415537445E-02   1.1865488904E-03  -1.6386117217E-03   1.7586272734E-04
   10      5.5983230816E-01  -9.2792887748E-03   6.0502615151E-04   1.2389497948E-03  -3.7578957657E-04
   11     -9.2792887748E-03   5.4067761149E-01   2.2725928713E-04  -4.2837241211E-04  -1.7940636798E-05
   12      6.0502615151E-04   2.2725928713E-04   1.6991374259E-01   1.2475572515E-01   6.2461317850E-02
   13      1.2389497948E-03  -4.2837241211E-04   1.2475572515E-01   1.7939567623E-01   6.1881117510E-02
   14     -3.7578957657E-04  -1.7940636798E-05   6.2461317850E-02   6.1881117510E-02   7.7601213302E-02
   15     -4.8843519748E-04  -1.3305126553E-03  -3.2500896730E-04   1.4326807480E-03  -2.1713866044E-02
   16      1.4470179105E-03   7.1719999379E-04   1.2441714375E-03   3.2274349123E-04  -2.1747051403E-02
   17     -7.6625933695E-04   8.4322320611E-04   8.6577455203E-04   6.7564998409E-04  -9.5164516334E-03
   18      2.4196430462E-03  -1.7342499781E-03  -1.7778215285E-02   5.9015621160E-03   7.4937903294E-03
   19     -6.1239334072E-03   2.8244674256E-03  -1.9569400347E-02   5.6270156597E-03   8.4242982768E-03
   20      1.8703082956E-03  -2.2414750089E-04  -1.0712634459E-02   3.4997521254E-03   2.9942441703E-03
   21      8.4970117460E-04   3.2532743276E-02   2.4475847906E-04  -1.4946400651E-04   5.5793940853E-04
   22     -6.0455438495E-04  -8.6482093628E-03  -6.0503573580E-04   1.0920526904E-03  -3.9745788426E-04
   23     -3.7560503074E-04  -1.1515799959E-02   4.0564621052E-04   4.1011785024E-04   4.8749441558E-04
   24      3.9688704790E-04  -1.5220807927E-03  -1.0191758043E-04   2.5838403463E-04   9.8232497343E-05
   25      4.5166045806E-04   4.6735589864E-05   9.7244625573E-05   2.8367865464E-04   3.7877157250E-04
   26      3.9766201949E-04   8.4995484580E-04   1.8566948763E-06   2.1050591270E-05   4.2712553623E-04
   27     -4.7593488434E-03  -2.9138043200E-03   3.6432421535E-04   5.8339663281E-05  -2.8181653629E-04
   28     -3.2737582216E-03  -1.5853559784E-03   2.1908870491E-04   2.9770314629E-04  -1.0052478643E-04
   29     -1.4264737554E-03  -2.3055886841E-04  -1.5844910897E-04   1.6142596081E-04  -1.1851092550E-04
   30     -8.5140765158E-04   4.1456643354E-04   5.9248071589E-04  -1.4842761394E-03   2.2656869741E-04
   31      7.3435253981E-04   2.6751662211E-04   2.4643070403E-04  -1.6000649400E-03   6.0500838656E-04
   32      2.5103518406E-04  -1.8049240735E-05  -1.0507367965E-04  -6.3852382567E-04   6.8598695782E-04
   33      5.7448943762E-02  -2.1391338969E-02   2.0007010599E-04   5.1263012936E-05   2.1875958787E-04
   34     -2.5795389127E-01   7.7956238645E-02  -1.1097417936E-04   4.5780212209E-04   5.4746326927E-05
   35      7.8200871297E-02  -7.5040366392E-02   4.7839534182E-05   2.9390378911E-04  -1.1758136791E-04
   36     -1.1307666825E-01  -5.7236149055E-02   3.5127946845E-05   1.1868961083E-03   5.6361072375E-05
   37     -1.5946952550E-01  -5.6947740079E-02   4.8485810135E-06   4.0148586190E-05  -1.9768301275E-04
   38     -5.6896707830E-02  -7.4933123889E-02  -1.9792232663E-04   5.5771876922E-05   2.3794338492E-04
   39     -1.6686781665E-04   4.3838232774E-03  -6.0416654228E-05   1.0738248492E-04  -1.3855881979E-04
   40     -4.6179087346E-02  -1.1557008325E-03  -2.4270733306E-05  -8.5349333565E-05  -1.0065891816E-04
   41     -1.1902228233E-03  -2.9769864090E-01   6.6883670138E-05  -7.7482928867E-06  -7.7711700932E-05
                   15                 16                 17                 18                 19        
    0     -4.6178185130E-02  -1.6965383316E-04  -1.2160743465E-03  -2.5840677743E-01   5.6677006506E-02
    1     -1.8476941436E-04  -4.5526506016E-02   4.5950952029E-03   5.7779483984E-02  -6.1852573712E-02
    2     -1.1812780492E-03   4.3766964282E-03  -2.9770076416E-01   7.8048852356E-02  -2.1087178175E-02
    3     -1.4794112373E-03   3.3271226283E-04  -3.3538775852E-04  -8.4835292056E-03   2.7575355733E-02
    4      3.2551399969E-04  -2.6206959947E-03   1.1299261107E-03   7.4573117037E-04  -7.4764955570E-03
    5     -8.7487940521E-03   3.2333102716E-02  -1.3938301438E-02   2.6706523902E-03  -1.2008488834E-02
    6      3.7884226517E-05   5.2431863640E-04  -5.8673444655E-05   7.1795655027E-04   1.3630169785E-03
    7     -3.2520468682E-04   2.0407597066E-03  -9.1124739338E-04  -8.7550090736E-04   1.6875730648E-03
    8      7.9829303400E-04   1.2893134776E-03   8.3989200662E-04   3.0232819415E-05  -4.7931257814E-04
    9      6.3166269698E-04  -1.3389994598E-03   5.2255812384E-04   7.9555671809E-04   2.4902857237E-04
   10     -4.8843519748E-04   1.4470179105E-03  -7.6625933695E-04   2.4196430462E-03  -6.1239334072E-03
   11     -1.3305126553E-03   7.1719999379E-04   8.4322320611E-04  -1.7342499781E-03   2.8244674256E-03
   12     -3.2500896730E-04   1.2441714375E-03   8.6577455203E-04  -1.7778215285E-02  -1.9569400347E-02
   13      1.4326807480E-03   3.2274349123E-04   6.7564998409E-04   5.9015621160E-03   5.6270156597E-03
   14     -2.1713866044E-02  -2.1747051403E-02  -9.5164516334E-03   7.4937903294E-03   8.4242982768E-03
   15      4.6049955492E-02  -1.4385409300E-03   2.3887887715E-03   1.0100508427E-03  -1.0324134052E-03
   16     -1.4385409300E-03   5.0970259019E-02  -8.7590000936E-03  -8.5230377933E-04  -1.0304530894E-03
   17      2.3887887715E-03  -8.7590000936E-03   3.2635987525E-01  -1.1261585842E-03   1.6647581866E-04
   18      1.0100508427E-03  -8.5230377933E-04  -1.1261585842E-03   2.8116527894E-01  -6.5588328655E-02
   19     -1.0324134052E-03  -1.0304530894E-03   1.6647581866E-04  -6.5588328655E-02   6.8448424850E-02
   20      2.9707102281E-02  -7.8279141804E-03  -9.4824332940E-03  -8.5228377114E-02   2.1993012085E-02
   21      1.6595401554E-04   1.7000442230E-03  -7.2263128433E-04   1.3877056396E-04  -4.0438376080E-04
   22      1.7010210675E-03  -5.6767690083E-03   2.6867798980E-03   3.9595682818E-05   1.1938183896E-03
   23     -5.8630253755E-04   2.1946271282E-03   1.0186999555E-03  -5.2596031290E-04   1.2244507305E-04
   24      3.2009666813E-04  -1.8190734232E-04   5.3677814724E-04  -2.6270195383E-05  -7.6544524621E-05
   25     -1.5359937044E-04  -2.7066052158E-04   7.2762244639E-04   5.7478758446E-05  -1.1502746258E-04
   26      1.0903474666E-04  -8.8785427510E-04   4.4176559204E-04  -5.2307939300E-05  -4.8811255122E-05
   27     -3.5308761546E-05  -1.0081117022E-04  -2.5490410213E-05   5.7649405587E-04  -8.9209469085E-04
   28      3.2773404154E-05  -1.0125194178E-04   5.8754884177E-05   3.0905069884E-04  -4.7454361058E-04
   29      1.5603459915E-04  -7.1558626936E-05  -7.9886421052E-05   1.3938946677E-04   1.5061443854E-04
   30     -1.6206923693E-04   1.5515026866E-04  -1.5354218965E-05   2.1833793955E-04  -1.7031046274E-04
   31     -2.7124880764E-06   3.4047622373E-04  -1.6876753556E-05  -2.4037341892E-05   4.0830331735E-04
   32     -1.0285861360E-04  -3.7585254956E-04   4.2721530403E-04  -1.9153074217E-04   2.3220562095E-04
   33      3.2885201890E-05  -3.2744612914E-04  -6.4333347753E-06  -5.3281437770E-04   2.1309218684E-03
   34     -1.7783763235E-04   1.4515808281E-04  -8.6045705254E-06   3.8800352644E-04  -5.2275030438E-04
   35      2.7653540247E-04  -2.7308378544E-04   4.2635274372E-04   4.1068068272E-04  -4.8584044330E-04
   36     -8.5815014493E-05   1.0722267689E-04  -7.9734406397E-06   4.5801314463E-04   5.2092005428E-05
   37     -2.4399771655E-05  -6.0094804833E-05   6.6859081496E-05  -1.0992540274E-04   1.9976897695E-04
   38     -1.0005454706E-04  -1.3900966561E-04  -7.7673551979E-05   5.3917216936E-05   2.1897502763E-04
   39      1.7309204077E-05   3.5532357192E-04  -8.1668962178E-04   1.4714773829E-04  -3.2695370248E-04
   40      3.2664324381E-04   2.0016943431E-05   3.4100656615E-04  -1.7744501277E-04   3.0872884927E-05
   41      3.4484451419E-04  -8.1579700967E-04   4.3848643941E-04  -8.6747437334E-06  -6.4546622864E-06
                   20                 21                 22                 23                 24        
    0      7.8298858344E-02  -6.1143419353E-04   8.6148756305E-04  -3.8132280838E-04   4.4520362408E-04
    1     -2.1675301618E-02   8.4648855707E-04  -3.5142174923E-03   1.3190610941E-03   1.2365501589E-03
    2     -7.5048606400E-02  -8.7754686410E-03   3.2499148306E-02  -1.1515855384E-02   5.2698745906E-05
    3     -1.0927301418E-02  -4.5704142736E-02   9.0839354469E-06  -4.2547758472E-05  -2.0446968072E-03
    4      2.7027814898E-03   8.7237720199E-06  -4.5704147079E-02  -4.2130942273E-05  -6.6618916414E-04
    5      2.5745869787E-03  -5.2298414586E-05  -5.1601013073E-05  -2.9014560309E-01  -2.3651975059E-02
    6      4.1139079720E-05  -2.0445368676E-03  -1.6831539018E-03  -9.6168474341E-04  -4.5849371308E-02
    7     -4.0973918237E-04  -1.6829811915E-03  -2.0576712877E-03  -9.6565069628E-04   3.7484128891E-04
    8     -1.9564050958E-05  -2.3754495395E-02  -2.3847590357E-02  -1.1529694286E-02  -3.1478625534E-03
    9     -4.0925837455E-04  -3.5205783291E-03   8.3487337930E-04   1.3196083708E-03   1.6285980961E-03
   10      1.8703082956E-03   8.4970117460E-04  -6.0455438495E-04  -3.7560503074E-04   3.9688704790E-04
   11     -2.2414750089E-04   3.2532743276E-02  -8.6482093628E-03  -1.1515799959E-02  -1.5220807927E-03
   12     -1.0712634459E-02   2.4475847906E-04  -6.0503573580E-04   4.0564621052E-04  -1.0191758043E-04
   13      3.4997521254E-03  -1.4946400651E-04   1.0920526904E-03   4.1011785024E-04   2.5838403463E-04
   14      2.9942441703E-03   5.5793940853E-04  -3.9745788426E-04   4.8749441558E-04   9.8232497343E-05
   15      2.9707102281E-02   1.6595401554E-04   1.7010210675E-03  -5.8630253755E-04   3.2009666813E-04
   16     -7.8279141804E-03   1.7000442230E-03  -5.6767690083E-03   2.1946271282E-03  -1.8190734232E-04
   17     -9.4824332940E-03  -7.2263128433E-04   2.6867798980E-03   1.0186999555E-03   5.3677814724E-04
   18     -8.5228377114E-02   1.3877056396E-04   3.9595682818E-05  -5.2596031290E-04  -2.6270195383E-05
   19      2.1993012085E-02  -4.0438376080E-04   1.1938183896E-03   1.2244507305E-04  -7.6544524621E-05
   20      7.7691838351E-02  -2.8683076266E-04  -6.1649881155E-04   4.8385028013E-04   1.7254376764E-04
   21     -2.8683076266E-04   5.6149749342E-02  -7.5143849264E-06   5.8143721151E-05  -2.7496008328E-03
   22     -6.1649881155E-04  -7.5143849264E-06   5.6149329402E-02   5.6147106017E-05  -3.3861203662E-03
   23      4.8385028013E-04   5.8143721151E-05   5.6147106017E-05   3.1871855525E-01  -1.6118409188E-03
   24      1.7254376764E-04  -2.7496008328E-03  -3.3861203662E-03  -1.6118409188E-03   4.8500144805E-02
   25     -1.6518347844E-05  -3.3858298396E-03  -2.7758227258E-03  -1.6178925212E-03   2.8401834951E-03
   26     -7.9997290054E-05  -1.9670531448E-03  -1.9747049061E-03   1.0135566290E-03   6.3452658617E-03
   27      4.5392480356E-05   5.5525729768E-04   3.2733775418E-04  -5.4483783763E-04   1.3060883650E-03
   28     -2.0705886293E-04   7.7695834909E-04   7.7995497057E-04   1.2944300220E-04  -2.9469818125E-04
   29      2.3862058154E-04   6.4298440915E-05   6.8139183041E-04   4.9750310255E-04   2.9694626516E-02
   30     -2.1298264450E-04   7.7570377817E-04   7.7775381277E-04   1.3107309677E-04  -1.3260021953E-03
   31     -6.2205279993E-05   3.2809235338E-04   5.5963623765E-04  -5.4410996032E-04  -5.0127511541E-04
   32     -1.1837430721E-04   6.8118978615E-04   6.6962029236E-05   4.9755880528E-04  -8.0470946441E-03
   33     -4.8738216847E-04   1.1951745565E-03  -4.0030588149E-04   1.2449889205E-04  -1.1498382563E-04
   34      4.0870655774E-04   4.3828015820E-05   1.3736447773E-04  -5.2555608695E-04   5.7071472627E-05
   35      6.8115033707E-04  -6.1543931500E-04  -2.8909166380E-04   4.8356256655E-04  -1.7196051486E-05
   36      2.9353049690E-04   1.0949802522E-03  -1.4611364313E-04   4.0849910720E-04   2.8235177950E-04
   37      4.8966517810E-05  -6.0176716311E-04   2.4182455497E-04   4.0729981808E-04   9.8765037133E-05
   38     -1.1760446261E-04  -3.9965842012E-04   5.5625706829E-04   4.8743884997E-04   3.7821891812E-04
   39     -2.7405535705E-04  -5.6900553264E-03   1.6771463376E-03   2.1969425800E-03  -2.6964059335E-04
   40      2.7530139328E-04   1.6780482821E-03   1.7920125574E-04  -5.7769633646E-04  -1.5589434499E-04
   41      4.2643660655E-04   2.6896456834E-03  -7.1203173731E-04   1.0187328599E-03   7.2506295125E-04
                   25                 26                 27                 28                 29        
    0      3.9207224518E-04   3.9436527315E-04   7.3201719258E-04  -8.5523805205E-04   2.4979819393E-04
    1      1.6350913275E-03   8.2089368493E-04   1.3982946361E-03   1.6319387474E-03   3.4127759540E-04
    2     -1.5223358554E-03   8.5033466828E-04   2.6615235372E-04   4.1567977289E-04  -1.7993425808E-05
    3     -6.6547398193E-04  -8.1704911464E-04  -2.0449868681E-02  -2.0186527483E-02  -1.0851384672E-02
    4     -2.0505055875E-03  -8.2057283309E-04   6.6779662492E-03   4.4853788558E-03   3.1023130337E-03
    5     -2.3743266724E-02  -1.3984246169E-02   8.3462822876E-03   9.1320652294E-03   2.5698320790E-03
    6      3.7490885480E-04  -3.2809605709E-03  -2.5923072308E-01   5.6240101985E-02   7.8636890883E-02
    7     -4.5847753732E-02  -3.2970511737E-03   5.5196508716E-02  -6.0961503780E-02  -2.0064496826E-02
    8     -3.1630810289E-03  -2.9774389639E-01   7.8127202245E-02  -2.0403491840E-02  -7.4970227386E-02
    9      1.2411430812E-03   8.1918040524E-04  -2.0880009583E-03  -2.6214847271E-03  -1.2890344497E-03
   10      4.5166045806E-04   3.9766201949E-04  -4.7593488434E-03  -3.2737582216E-03  -1.4264737554E-03
   11      4.6735589864E-05   8.4995484580E-04  -2.9138043200E-03  -1.5853559784E-03  -2.3055886841E-04
   12      9.7244625573E-05   1.8566948763E-06   3.6432421535E-04   2.1908870491E-04  -1.5844910897E-04
   13      2.8367865464E-04   2.1050591270E-05   5.8339663281E-05   2.9770314629E-04   1.6142596081E-04
   14      3.7877157250E-04   4.2712553623E-04  -2.8181653629E-04  -1.0052478643E-04  -1.1851092550E-04
   15     -1.5359937044E-04   1.0903474666E-04  -3.5308761546E-05   3.2773404154E-05   1.5603459915E-04
   16     -2.7066052158E-04  -8.8785427510E-04  -1.0081117022E-04  -1.0125194178E-04  -7.1558626936E-05
   17      7.2762244639E-04   4.4176559204E-04  -2.5490410213E-05   5.8754884177E-05  -7.9886421052E-05
   18      5.7478758446E-05  -5.2307939300E-05   5.7649405587E-04   3.0905069884E-04   1.3938946677E-04
   19     -1.1502746258E-04  -4.8811255122E-05  -8.9209469085E-04  -4.7454361058E-04   1.5061443854E-04
   20     -1.6518347844E-05  -7.9997290054E-05   4.5392480356E-05  -2.0705886293E-04   2.3862058154E-04
   21     -3.3858298396E-03  -1.9670531448E-03   5.5525729768E-04   7.7695834909E-04   6.4298440915E-05
   22     -2.7758227258E-03  -1.9747049061E-03   3.2733775418E-04   7.7995497057E-04   6.8139183041E-04
   23     -1.6178925212E-03   1.0135566290E-03  -5.4483783763E-04   1.2944300220E-04   4.9750310255E-04
   24      2.8401834951E-03   6.3452658617E-03   1.3060883650E-03  -2.9469818125E-04   2.9694626516E-02
   25      4.8522419999E-02   6.3740372238E-03  -4.9096235262E-04  -1.3292194207E-03  -7.9335068228E-03
   26      6.3740372238E-03   3.2639122385E-01  -1.0468725663E-03   4.0059539185E-04  -9.4772640745E-03
   27     -4.9096235262E-04  -1.0468725663E-03   2.8520729823E-01  -5.8396026263E-02  -8.4820921074E-02
   28     -1.3292194207E-03   4.0059539185E-04  -5.8396026263E-02   6.4290531502E-02   2.3185132850E-02
   29     -7.9335068228E-03  -9.4772640745E-03  -8.4820921074E-02   2.3185132850E-02   7.7595552586E-02
   30     -3.0599933472E-04   4.0491529868E-04  -6.0909771296E-03   2.6288486772E-02  -1.1034085499E-02
   31      1.3042781058E-03  -1.0456663101E-03   7.5974143743E-04  -5.9887607358E-03   2.2748058143E-03
   32      2.9663202899E-02  -9.4778304901E-03   2.3161594348E-03  -1.1024098748E-02   2.9981718635E-03
   33     -7.6849985961E-05  -4.8692847635E-05   4.0882421310E-04  -1.6956592263E-04   2.3300655886E-04
   34     -2.6287059451E-05  -5.2490405022E-05  -2.3124788941E-05   2.1765325184E-04  -1.9055779296E-04
   35      1.7247847398E-04  -7.9915733575E-05  -6.1385489612E-05  -2.1320894745E-04  -1.1837443383E-04
   36      2.5989397188E-04   2.1069246718E-05  -1.5953232339E-03  -1.4929678867E-03  -6.3801608907E-04
   37     -1.0050201696E-04   1.8801567823E-06   2.3794529587E-04   5.8730535535E-04  -1.0758305284E-04
   38      9.9689042267E-05   4.2715380742E-04   6.0411840521E-04   2.2888915740E-04   6.8593783057E-04
   39     -1.8426366315E-04  -8.8812872996E-04   3.3989826534E-04   1.5705485326E-04  -3.7547944640E-04
   40      3.1864998144E-04   1.0534108765E-04  -7.7189345066E-07  -1.6142811901E-04  -1.0439328973E-04
   41      5.3975505455E-04   4.4203521771E-04  -1.6853292409E-05  -1.5212480968E-05   4.2719749202E-04
                   30                 31                 32                 33                 34        
    0     -3.2452163486E-03  -4.7638601416E-03  -1.4215662092E-03  -6.1341311725E-03   2.3924577893E-03
    1     -2.6261855568E-03  -2.1168461041E-03  -1.2947385230E-03   2.2124763364E-04   8.0575444172E-04
    2     -1.5741064632E-03  -2.9196069265E-03  -2.3062225018E-04   2.8315451849E-03  -1.7231092913E-03
    3      4.5369651469E-03   6.7754000754E-03   3.1444613441E-03  -7.5858397086E-03   7.4858499867E-04
    4     -2.0089417876E-02  -2.0499222802E-02  -1.0839438190E-02   2.7577878543E-02  -8.3721298657E-03
    5      9.1015788379E-03   8.3806785894E-03   2.5702703515E-03  -1.2017968616E-02   2.6230521894E-03
    6     -6.1394071527E-02   5.5951365030E-02  -2.0366626749E-02   1.6865752001E-03  -8.7090528393E-04
    7      5.6992169784E-02  -2.5880422123E-01   7.8565346641E-02   1.3662435481E-03   7.2043762057E-04
    8     -2.0703011737E-02   7.8054071326E-02  -7.4976479725E-02  -4.7930490967E-04   2.8263693735E-05
    9      1.6301570062E-03   1.4011272076E-03   3.4064698251E-04  -6.2304544299E-02   5.8547976924E-02
   10     -8.5140765158E-04   7.3435253981E-04   2.5103518406E-04   5.7448943762E-02  -2.5795389127E-01
   11      4.1456643354E-04   2.6751662211E-04  -1.8049240735E-05  -2.1391338969E-02   7.7956238645E-02
   12      5.9248071589E-04   2.4643070403E-04  -1.0507367965E-04   2.0007010599E-04  -1.1097417936E-04
   13     -1.4842761394E-03  -1.6000649400E-03  -6.3852382567E-04   5.1263012936E-05   4.5780212209E-04
   14      2.2656869741E-04   6.0500838656E-04   6.8598695782E-04   2.1875958787E-04   5.4746326927E-05
   15     -1.6206923693E-04  -2.7124880764E-06  -1.0285861360E-04   3.2885201890E-05  -1.7783763235E-04
   16      1.5515026866E-04   3.4047622373E-04  -3.7585254956E-04  -3.2744612914E-04   1.4515808281E-04
   17     -1.5354218965E-05  -1.6876753556E-05   4.2721530403E-04  -6.4333347753E-06  -8.6045705254E-06
   18      2.1833793955E-04  -2.4037341892E-05  -1.9153074217E-04  -5.3281437770E-04   3.8800352644E-04
   19     -1.7031046274E-04   4.0830331735E-04   2.3220562095E-04   2.1309218684E-03  -5.2275030438E-04
   20     -2.1298264450E-04  -6.2205279993E-05  -1.1837430721E-04  -4.8738216847E-04   4.0870655774E-04
   21      7.7570377817E-04   3.2809235338E-04   6.8118978615E-04   1.1951745565E-03   4.3828015820E-05
   22      7.7775381277E-04   5.5963623765E-04   6.6962029236E-05  -4.0030588149E-04   1.3736447773E-04
   23      1.3107309677E-04  -5.4410996032E-04   4.9755880528E-04   1.2449889205E-04  -5.2555608695E-04
   24     -1.3260021953E-03  -5.0127511541E-04  -8.0470946441E-03  -1.1498382563E-04   5.7071472627E-05
   25     -3.0599933472E-04   1.3042781058E-03   2.9663202899E-02  -7.6849985961E-05  -2.6287059451E-05
   26      4.0491529868E-04  -1.0456663101E-03  -9.4778304901E-03  -4.8692847635E-05  -5.2490405022E-05
   27     -6.0909771296E-03   7.5974143743E-04   2.3161594348E-03   4.0882421310E-04  -2.3124788941E-05
   28      2.6288486772E-02  -5.9887607358E-03  -1.1024098748E-02  -1.6956592263E-04   2.1765325184E-04
   29     -1.1034085499E-02   2.2748058143E-03   2.9981718635E-03   2.3300655886E-04  -1.9055779296E-04
   30      6.4741512034E-02  -5.9236723443E-02   2.3510501099E-02  -4.7237809224E-04   3.0480512621E-04
   31     -5.9236723443E-02   2.8475849083E-01  -8.4737534353E-02  -8.9580393159E-04   5.7391820919E-04
   32      2.3510501099E-02  -8.4737534353E-02   7.7601865817E-02   1.4993911399E-04   1.4007161813E-04
   33     -4.7237809224E-04  -8.9580393159E-04   1.4993911399E-04   6.8963056283E-02  -6.6421223574E-02
   34      3.0480512621E-04   5.7391820919E-04   1.4007161813E-04  -6.6421223574E-02   2.8064708752E-01
   35     -2.0696917694E-04   4.4596767948E-05   2.3853986413E-04   2.2324955742E-02  -8.5130506780E-02
   36      2.9659970529E-04   5.7932346468E-05   1.6197584151E-04   5.6809236080E-03   5.9937267827E-03
   37      2.1890264229E-04   3.6516280220E-04  -1.5773663478E-04  -1.9477476674E-02  -1.7831846705E-02
   38     -9.9436042847E-05  -2.8204873792E-04  -1.1847269961E-04   8.3935848309E-03   7.5262008001E-03
   39     -1.0104179573E-04  -1.0105004881E-04  -7.2129806140E-05  -1.0228176922E-03  -8.6003457846E-04
   40      3.2425414567E-05  -3.5502444757E-05   1.5567830696E-04  -1.0401808670E-03   1.0017294723E-03
   41      5.8749160027E-05  -2.5208660231E-05  -7.9780250198E-05   1.7079781303E-04  -1.1251921647E-03
                   35                 36                 37                 38                 39        
    0      1.8716755936E-03   1.2424053509E-03   6.0526401026E-04  -3.7660105081E-04   1.4539514417E-03
    1     -4.0186979144E-04  -1.6385339130E-03   1.1818629844E-03   1.7430391531E-04  -1.3356076857E-03
    2     -2.2434944825E-04  -4.2909470173E-04   2.2558567269E-04  -1.7999546738E-05   7.2209114249E-04
    3      2.7441691218E-03  -2.0008307537E-02   5.9041708535E-03   7.8019512058E-03  -2.6226659403E-03
    4     -1.0915823966E-02  -2.0921220570E-02   4.0624522305E-03   8.1345783125E-03   3.2751193122E-04
    5      2.5741630344E-03  -1.1803369376E-02   3.6913307304E-03   2.5784887002E-03   3.2366704314E-02
    6     -4.1018200064E-04  -5.5909946173E-03   1.2601387393E-03   1.8304797879E-03   2.0400471044E-03
    7      3.9595303316E-05   3.4111707390E-03   2.1783580577E-04  -5.7862378737E-04   5.3206301658E-04
    8     -1.9486910697E-05   3.3190314339E-03   9.5246237428E-05  -2.3229078525E-04   1.2860401301E-03
    9     -2.1977702746E-02  -1.6054606486E-01  -1.1416162453E-01  -5.7864567848E-02  -4.5525863049E-02
   10      7.8200871297E-02  -1.1307666825E-01  -1.5946952550E-01  -5.6896707830E-02  -1.6686781665E-04
   11     -7.5040366392E-02  -5.7236149055E-02  -5.6947740079E-02  -7.4933123889E-02   4.3838232774E-03
   12      4.7839534182E-05   3.5127946845E-05   4.8485810135E-06  -1.9792232663E-04  -6.0416654228E-05
   13      2.9390378911E-04   1.1868961083E-03   4.0148586190E-05   5.5771876922E-05   1.0738248492E-04
   14     -1.1758136791E-04   5.6361072375E-05  -1.9768301275E-04   2.3794338492E-04  -1.3855881979E-04
   15      2.7653540247E-04  -8.5815014493E-05  -2.4399771655E-05  -1.0005454706E-04   1.7309204077E-05
   16     -2.7308378544E-04   1.0722267689E-04  -6.0094804833E-05  -1.3900966561E-04   3.5532357192E-04
   17      4.2635274372E-04  -7.9734406397E-06   6.6859081496E-05  -7.7673551979E-05  -8.1668962178E-04
   18      4.1068068272E-04   4.5801314463E-04  -1.0992540274E-04   5.3917216936E-05   1.4714773829E-04
   19     -4.8584044330E-04   5.2092005428E-05   1.9976897695E-04   2.1897502763E-04  -3.2695370248E-04
   20      6.8115033707E-04   2.9353049690E-04   4.8966517810E-05  -1.1760446261E-04  -2.7405535705E-04
   21     -6.1543931500E-04   1.0949802522E-03  -6.0176716311E-04  -3.9965842012E-04  -5.6900553264E-03
   22     -2.8909166380E-04  -1.4611364313E-04   2.4182455497E-04   5.5625706829E-04   1.6771463376E-03
   23      4.8356256655E-04   4.0849910720E-04   4.0729981808E-04   4.8743884997E-04   2.1969425800E-03
   24     -1.7196051486E-05   2.8235177950E-04   9.8765037133E-05   3.7821891812E-04  -2.6964059335E-04
   25      1.7247847398E-04   2.5989397188E-04  -1.0050201696E-04   9.9689042267E-05  -1.8426366315E-04
   26     -7.9915733575E-05   2.1069246718E-05   1.8801567823E-06   4.2715380742E-04  -8.8812872996E-04
   27     -6.1385489612E-05  -1.5953232339E-03   2.3794529587E-04   6.0411840521E-04   3.3989826534E-04
   28     -2.1320894745E-04  -1.4929678867E-03   5.8730535535E-04   2.2888915740E-04   1.5705485326E-04
   29     -1.1837443383E-04  -6.3801608907E-04  -1.0758305284E-04   6.8593783057E-04  -3.7547944640E-04
   30     -2.0696917694E-04   2.9659970529E-04   2.1890264229E-04  -9.9436042847E-05  -1.0104179573E-04
   31      4.4596767948E-05   5.7932346468E-05   3.6516280220E-04  -2.8204873792E-04  -1.0105004881E-04
   32      2.3853986413E-04   1.6197584151E-04  -1.5773663478E-04  -1.1847269961E-04  -7.2129806140E-05
   33      2.2324955742E-02   5.6809236080E-03  -1.9477476674E-02   8.3935848309E-03  -1.0228176922E-03
   34     -8.5130506780E-02   5.9937267827E-03  -1.7831846705E-02   7.5262008001E-03  -8.6003457846E-04
   35      7.7683634427E-02   3.5416714674E-03  -1.0699394648E-02   2.9944185091E-03  -7.9446196428E-03
   36      3.5416714674E-03   1.7842383835E-01   1.2478478360E-01   6.1639197496E-02   3.1226512094E-04
   37     -1.0699394648E-02   1.2478478360E-01   1.7087963559E-01   6.2702400042E-02   1.2471461315E-03
   38      2.9944185091E-03   6.1639197496E-02   6.2702400042E-02   7.7603004874E-02  -2.1661812608E-02
   39     -7.9446196428E-03   3.1226512094E-04   1.2471461315E-03  -2.1661812608E-02   5.0981882177E-02
   40      2.9676111655E-02   1.4350146883E-03  -3.1402786005E-04  -2.1798756693E-02  -1.4196338754E-03
   41     -9.4817471951E-03   6.7185148236E-04   8.6865064065E-04  -9.5172210209E-03  -8.7700230970E-03
                   40                 41        
     0     -4.8490362728E-04  -7.6814388010E-04
     1      6.2416286951E-04   5.1973711540E-04
     2     -1.3273010395E-03   8.4285912268E-04
     3      3.2146705279E-04   1.1299505527E-03
     4     -1.4772861757E-03  -3.3008999233E-04
     5     -8.6213049066E-03  -1.3938839038E-02
     6     -3.1717487140E-04  -9.1101109248E-04
     7      3.8647716758E-05  -6.2250380796E-05
     8      8.0355697583E-04   8.3956969275E-04
     9     -1.8254041250E-04   4.6028159636E-03
    10     -4.6179087346E-02  -1.1902228233E-03
    11     -1.1557008325E-03  -2.9769864090E-01
    12     -2.4270733306E-05   6.6883670138E-05
    13     -8.5349333565E-05  -7.7482928867E-06
    14     -1.0065891816E-04  -7.7711700932E-05
    15      3.2664324381E-04   3.4484451419E-04
    16      2.0016943431E-05  -8.1579700967E-04
    17      3.4100656615E-04   4.3848643941E-04
    18     -1.7744501277E-04  -8.6747437334E-06
    19      3.0872884927E-05  -6.4546622864E-06
    20      2.7530139328E-04   4.2643660655E-04
    21      1.6780482821E-03   2.6896456834E-03
    22      1.7920125574E-04  -7.1203173731E-04
    23     -5.7769633646E-04   1.0187328599E-03
    24     -1.5589434499E-04   7.2506295125E-04
    25      3.1864998144E-04   5.3975505455E-04
    26      1.0534108765E-04   4.4203521771E-04
    27     -7.7189345066E-07  -1.6853292409E-05
    28     -1.6142811901E-04  -1.5212480968E-05
    29     -1.0439328973E-04   4.2719749202E-04
    30      3.2425414567E-05   5.8749160027E-05
    31     -3.5502444757E-05  -2.5208660231E-05
    32      1.5567830696E-04  -7.9780250198E-05
    33     -1.0401808670E-03   1.7079781303E-04
    34      1.0017294723E-03  -1.1251921647E-03
    35      2.9676111655E-02  -9.4817471951E-03
    36      1.4350146883E-03   6.7185148236E-04
    37     -3.1402786005E-04   8.6865064065E-04
    38     -2.1798756693E-02  -9.5172210209E-03
    39     -1.4196338754E-03  -8.7700230970E-03
    40      4.6039400154E-02   2.3454407126E-03
    41      2.3454407126E-03   3.2635862268E-01

$vibrational_frequencies
42
    0        0.0000000000000000
    1        0.0000000000000000
    2        0.0000000000000000
    3        0.0000000000000000
    4        0.0000000000000000
    5        0.0000000000000000
    6      230.5146995416227185
    7      281.3789876717119114
    8      281.5570580886980565
    9      373.1356242724933168
   10      373.5269505367642751
   11      441.0788751309714826
   12      803.9725374745397630
   13      925.7836445711158149
   14      926.2957911315838828
   15      954.6859069497330665
   16      975.6409535588339850
   17      975.6776873175743958
   18     1192.1071411086152239
   19     1192.1334902454436815
   20     1210.8049900637506653
   21     1348.7896654750852576
   22     1348.9357268971489248
   23     1389.6537673544426070
   24     1389.6898363407285615
   25     1420.6918212603989105
   26     1473.3834618614803276
   27     1482.8685529740341735
   28     1482.9991946956590709
   29     1500.9308567677658175
   30     1501.0026778911628753
   31     1511.5707568016314326
   32     2990.6387168462597401
   33     2990.9186086627037184
   34     2990.9866171615099120
   35     2997.4364560585222534
   36     3063.4708020028683677
   37     3063.5731191852510165
   38     3073.4581890018412196
   39     3073.8864739542245843
   40     3077.1798663956797100
   41     3077.5366114956414094

$normal_modes
42 42
                    0                  1                  2                  3                  4        
    0      0.0000000000E+00   0.0000000000E+00   0.0000000000E+00   0.0000000000E+00   0.0000000000E+00
    1      0.0000000000E+00   0.0000000000E+00   0.0000000000E+00   0.0000000000E+00   0.0000000000E+00
    2      0.0000000000E+00   0.0000000000E+00   0.0000000000E+00   0.0000000000E+00   0.0000000000E+00
    3      0.0000000000E+00   0.0000000000E+00   0.0000000000E+00   0.0000000000E+00   0.0000000000E+00
    4      0.0000000000E+00   0.0000000000E+00   0.0000000000E+00   0.0000000000E+00   0.0000000000E+00
