*************************************************
******************* ORCA 6.0.0 ******************
*************************************************
$Calculation_Status
   &GeometryIndex 1
   &ListStatus       OUT
   &VERSION [&Type "String"] "6.0.0"
   &PROGNAME [&Type "String"] "LeanSCF"
   &STATUS [&Type "String"] "NORMAL TERMINATION"
$End
$Geometry
   &GeometryIndex 1
   &ListStatus       OUT
   &NATOMS [&Type "Integer"] 14
   &NCORELESSECP [&Type "Integer"] 0
   &NGHOSTATOMS [&Type "Integer"] 0
   &CartesianCoordinates [&Type "Coordinates", &Dim(14,4), &Units "Bohr"] 
              C     -0.715898106264    2.649783658303   -0.196514794796
              C      0.000218338391    0.000198610028    0.705445909508
              C     -1.936755645982   -1.944301315065   -0.196403034125
              C      2.652586400139   -0.705521798831   -0.196542251383
              H      0.636056612645    4.065996393367    0.476151041179
              H     -0.736481263908    2.725847087281   -2.268355362764
              H     -2.597228646365    3.191304080017    0.476671673579
              H      0.000573260517    0.000545901251    2.782079308800
              H     -1.991825905704   -1.999612284133   -2.268218720258
              H     -3.839115442871   -1.480828187437    0.476166610821
              H     -1.466041981839   -3.844862020676    0.476225621110
              H      3.201545585160   -2.584726292718    0.476569447332
              H      4.063510657437    0.651937351399    0.476158270704
              H      2.728747918942   -0.725742953733   -2.268384390470
$End
$SCF_Energy
   &GeometryIndex 1
   &ListStatus       OUT
   &SCF_ENERGY [&Type "Double"]      -1.5840737283822907e+02
$End
$DFT_Energy
   &GeometryIndex 1
   &ListStatus       OUT
   &NALPHAEL [&Type "Integer"] 17
   &NBETAEL [&Type "Integer"] 17
   &NTOTALEL [&Type "Integer"] 34
   &EEXCHANGE [&Type "Double"]      -2.4343034279027634e+01
   &ECORR [&Type "Double"]      -1.0269689054279076e+00
   &ECNL [&Type "Double"]       0.0000000000000000e+00
   &EXC [&Type "Double"]      -2.5370003184455541e+01
   &EEMBED [&Type "Double"]       0.0000000000000000e+00
   &FINALEN [&Type "Double"]      -1.5840737283822907e+02  "No Van der Waals correction"
$End
$Mulliken_Population_Analysis
   &GeometryIndex 1
   &ListStatus       OUT
   &NATOMS [&Type "Integer"] 14
   &ATNO [&Type "ArrayOfIntegers", &Dim (14,1)] 
                                                         0

0                                                        6
1                                                        6
2                                                        6
3                                                        6
4                                                        1
5                                                        1
6                                                        1
7                                                        1
8                                                        1
9                                                        1
10                                                       1
11                                                       1
12                                                       1
13                                                       1
   &ATOMICCHARGES [&Type "ArrayOfDoubles", &Dim (14,1)] 
                                                         0

0                                     -3.2319690961211478e-01
1                                      1.9819612052554447e-02
2                                     -3.2325678514825373e-01
3                                     -3.2321582717467123e-01
4                                      1.0264414129877941e-01
5                                      9.4523441936538166e-02
6                                      1.0258321526960534e-01
7                                      5.0596384138093642e-02
8                                      9.4457627076763750e-02
9                                      1.0264406122391034e-01
10                                     1.0264597808075193e-01
11                                     1.0258350014164763e-01
12                                     1.0264655741679696e-01
13                                     9.4525003299539723e-02
$End
$Loewdin_Population_Analysis
   &GeometryIndex 1
   &ListStatus       OUT
   &NATOMS [&Type "Integer"] 14
   &ATNO [&Type "ArrayOfIntegers", &Dim (14,1)] 
                                                         0

0                                                        6
1                                                        6
2                                                        6
3                                                        6
4                                                        1
5                                                        1
6                                                        1
7                                                        1
8                                                        1
9                                                        1
10                                                       1
11                                                       1
12                                                       1
13                                                       1
   &ATOMICCHARGES [&Type "ArrayOfDoubles", &Dim (14,1)] 
                                                         0

0                                     -2.8932540240537463e-01
1                                     -3.4420079512558654e-01
2                                     -2.8933275706453809e-01
3                                     -2.8932742995144434e-01
4                                      1.1851928100592302e-01
5                                      1.1918828199990295e-01
6                                      1.1853675659361129e-01
7                                      1.4343941260845117e-01
8                                      1.1919908841072813e-01
9                                      1.1853096464108204e-01
10                                     1.1852906157296483e-01
11                                     1.1853587035368596e-01
12                                     1.1851960093844272e-01
13                                     1.1918806642209201e-01
$End
$Mayer_Population_Analysis
   &GeometryIndex 1
   &ListStatus       OUT
   &NATOMS [&Type "Integer"] 14 "Total number of atoms"
   &BONDTHRESH [&Type "Double"]       1.0000000000000001e-01  "The threshold for printing"
   &NBONDORDERSPRINT [&Type "Integer"] 13 "The number of bond orders larger than threshold"
   &BONDORDERS [&Type "ArrayOfDoubles", &Dim (13,1)] "The bond orders"
                                                         0

0                                      9.7457748573230796e-01
1                                      9.7525236557978223e-01
2                                      9.7089241714763086e-01
3                                      9.7532385707398894e-01
4                                      9.7452151516205243e-01
5                                      9.7457794690211719e-01
6                                      9.5882663901748155e-01
7                                      9.7094034188018097e-01
8                                      9.7527833600241975e-01
9                                      9.7527773426400644e-01
10                                     9.7532594334375000e-01
11                                     9.7525155820393772e-01
12                                     9.7089073874152154e-01
   &COMPONENTS [&Type "ArrayOfIntegers", &Dim (13,4)] "The indices and atomic numbers of the bonding atoms"
                                                         0                           1                           2                           3

0                                                        0                           6                           1                           6
1                                                        0                           6                           4                           1
2                                                        0                           6                           5                           1
3                                                        0                           6                           6                           1
4                                                        1                           6                           2                           6
5                                                        1                           6                           3                           6
6                                                        1                           6                           7                           1
7                                                        2                           6                           8                           1
8                                                        2                           6                           9                           1
9                                                        2                           6                          10                           1
10                                                       3                           6                          11                           1
11                                                       3                           6                          12                           1
12                                                       3                           6                          13                           1
   &ATNO [&Type "ArrayOfIntegers", &Dim (14,1)] "Atomic number of the elements"
                                                         0

0                                                        6
1                                                        6
2                                                        6
3                                                        6
4                                                        1
5                                                        1
6                                                        1
7                                                        1
8                                                        1
9                                                        1
10                                                       1
11                                                       1
12                                                       1
13                                                       1
   &NA [&Type "ArrayOfDoubles", &Dim (14,1)] "Mulliken gross atomic population"
                                                         0

0                                      6.3231969096121157e+00
1                                      5.9801803879474571e+00
2                                      6.3232567851482653e+00
3                                      6.3232158271746934e+00
4                                      8.9735585870121948e-01
5                                      9.0547655806346028e-01
6                                      8.9741678473039499e-01
7                                      9.4940361586190725e-01
8                                      9.0554237292323481e-01
9                                      8.9735593877609021e-01
10                                     8.9735402191924929e-01
11                                     8.9741649985835104e-01
12                                     8.9735344258320271e-01
13                                     9.0547499670045906e-01
   &ZA [&Type "ArrayOfDoubles", &Dim (14,1)] "Total nuclear charge"
                                                         0

0                                      6.0000000000000000e+00
1                                      6.0000000000000000e+00
2                                      6.0000000000000000e+00
3                                      6.0000000000000000e+00
4                                      1.0000000000000000e+00
5                                      1.0000000000000000e+00
6                                      1.0000000000000000e+00
7                                      1.0000000000000000e+00
8                                      1.0000000000000000e+00
9                                      1.0000000000000000e+00
10                                     1.0000000000000000e+00
11                                     1.0000000000000000e+00
12                                     1.0000000000000000e+00
13                                     1.0000000000000000e+00
   &QA [&Type "ArrayOfDoubles", &Dim (14,1)] "Mulliken gross atomic charge"
                                                         0

0                                     -3.2319690961211567e-01
1                                      1.9819612052542901e-02
2                                     -3.2325678514826528e-01
3                                     -3.2321582717469344e-01
4                                      1.0264414129878052e-01
5                                      9.4523441936539720e-02
6                                      1.0258321526960501e-01
7                                      5.0596384138092754e-02
8                                      9.4457627076765194e-02
9                                      1.0264406122390979e-01
10                                     1.0264597808075071e-01
11                                     1.0258350014164896e-01
12                                     1.0264655741679729e-01
13                                     9.4525003299540944e-02
   &VA [&Type "ArrayOfDoubles", &Dim (14,1)] "Mayer's total valence"
                                                         0

0                                      3.8890382680793540e+00
1                                      3.8956721578088622e+00
2                                      3.8889894059778998e+00
3                                      3.8890410193727596e+00
4                                      9.8195079963540055e-01
5                                      9.8843140506768445e-01
6                                      9.8197135996464757e-01
7                                      9.6911143456404147e-01
8                                      9.8846211582486243e-01
9                                      9.8194865923766983e-01
10                                     9.8194840336626832e-01
11                                     9.8197167972055122e-01
12                                     9.8194888512269152e-01
13                                     9.8843017258867594e-01
   &BVA [&Type "ArrayOfDoubles", &Dim (14,1)] "Mayer's bonded valence"
                                                         0

0                                      3.8890382680794220e+00
1                                      3.8956721578088875e+00
2                                      3.8889894059778940e+00
3                                      3.8890410193726956e+00
4                                      9.8195079963542964e-01
5                                      9.8843140506769789e-01
6                                      9.8197135996464291e-01
7                                      9.6911143456402404e-01
8                                      9.8846211582485699e-01
9                                      9.8194865923766117e-01
10                                     9.8194840336626688e-01
11                                     9.8197167972053656e-01
12                                     9.8194888512269196e-01
13                                     9.8843017258868771e-01
   &FA [&Type "ArrayOfDoubles", &Dim (14,1)] "Mayer's free valence"
                                                         0

0                                      0.0000000000000000e+00
1                                      0.0000000000000000e+00
2                                      0.0000000000000000e+00
3                                      0.0000000000000000e+00
4                                      0.0000000000000000e+00
5                                      0.0000000000000000e+00
6                                      0.0000000000000000e+00
7                                      0.0000000000000000e+00
8                                      0.0000000000000000e+00
9                                      0.0000000000000000e+00
10                                     0.0000000000000000e+00
11                                     0.0000000000000000e+00
12                                     0.0000000000000000e+00
13                                     0.0000000000000000e+00
$End
$VdW_Correction
   &GeometryIndex 1
   &ListStatus       OUT
   &VDW [&Type "Double"]      -2.7717603403099034e-03
$End
$Calculation_Info
   &GeometryIndex 1
   &ListStatus       OUT
   &MULT [&Type "Integer"] 1
   &CHARGE [&Type "Integer"] 0
   &NUMOFATOMS [&Type "Integer"] 14
   &NUMOFELECTRONS [&Type "Integer"] 34
   &NUMOFFCELECTRONS [&Type "Integer"] 1
   &NUMOFCORRELECTRONS [&Type "Integer"] 0
   &NUMOFBASISFUNCTS [&Type "Integer"] 184
   &NUMOFAUXCBASISFUNCTS [&Type "Integer"] 0
   &NUMOFAUXJBASISFUNCTS [&Type "Integer"] 230
   &NUMOFAUXJKBASISFUNCTS [&Type "Integer"] 0
   &NUMOFCABSBASISFUNCTS [&Type "Integer"] 0
   &TOTALENERGY [&Type "Double"]      -1.5840348729276940e+02  "Hartrees"
$End
$SCF_Dipole_Moment
   &GeometryIndex 1
   &ListStatus       OUT
   &METHOD [&Type "String"] "SCF"
   &LEVEL [&Type "String"] "Relaxed density"
   &MULT [&Type "Integer"] 1
   &STATE [&Type "Integer"] -1
   &IRREP [&Type "Integer"] 0
   &NATOMS [&Type "Integer"] 14
   &DODIPOLEATOM [&Type "Boolean"] false
   &DIPOLEELECCONTRIB [&Type "ArrayOfDoubles", &Dim (3,1)] "Electronic contribution"
                                                         0

0                                      2.7592678427193072e-04
1                                      2.2962383984689112e-04
2                                      6.5029820798602667e-01
   &DIPOLENUCCONTRIB [&Type "ArrayOfDoubles", &Dim (3,1)] "Nuclear contribution"
                                                         0

0                                     -2.6126717482988226e-04
1                                     -2.2110885699533345e-04
2                                     -5.9703909559937274e-01
   &DIPOLETOTAL [&Type "ArrayOfDoubles", &Dim (3,1)] "Total"
                                                         0

0                                      1.4659609442048459e-05
1                                      8.5149828515576750e-06
2                                      5.3259112386653928e-02
   &DIPOLEMAGNITUDE [&Type "Double", &Units "a.u."]       5.3259115084868955e-02
$End
$THERMOCHEMISTRY_Energies
   &GeometryIndex 1
   &ListStatus       OUT
   &TEMPERATURE [&Type "Double"]       2.9814999999999998e+02
   &PRESSURE [&Type "Double"]       1.0000000000000000e+00
   &TOTALMASS [&Type "Double"]       5.8123999999999995e+01
   &SPINDEGENERACY [&Type "Integer"] 1
   &ELENERGY [&Type "Double"]      -1.5840348729276940e+02
   &TRANSENERGY [&Type "Double"]       1.4162714244859817e-03
   &ROTENERGY [&Type "Double"]       1.4162714244859817e-03
   &VIBENERGY [&Type "Double"]       2.7680117415938188e-03
   &NUMOFFREQS [&Type "Integer"] 42
   &FREQSCALINGFACTOR [&Type "Double"]       1.0000000000000000e+00
   &FREQ [&Type "ArrayOfDoubles", &Dim (42,1)] "In cm^-1"
                                                         0

0                                      0.0000000000000000e+00
1                                      0.0000000000000000e+00
2                                      0.0000000000000000e+00
3                                      0.0000000000000000e+00
4                                      0.0000000000000000e+00
5                                      0.0000000000000000e+00
6                                      2.3051469954162272e+02
7                                      2.8137898767171191e+02
8                                      2.8155705808869806e+02
9                                      3.7313562427249332e+02
10                                     3.7352695053676428e+02
11                                     4.4107887513097148e+02
12                                     8.0397253747453976e+02
13                                     9.2578364457111581e+02
14                                     9.2629579113158388e+02
15                                     9.5468590694973307e+02
16                                     9.7564095355883398e+02
17                                     9.7567768731757440e+02
18                                     1.1921071411086152e+03
19                                     1.1921334902454437e+03
20                                     1.2108049900637507e+03
21                                     1.3487896654750853e+03
22                                     1.3489357268971489e+03
23                                     1.3896537673544426e+03
24                                     1.3896898363407286e+03
25                                     1.4206918212603989e+03
26                                     1.4733834618614803e+03
27                                     1.4828685529740342e+03
28                                     1.4829991946956591e+03
29                                     1.5009308567677658e+03
30                                     1.5010026778911629e+03
31                                     1.5115707568016314e+03
32                                     2.9906387168462597e+03
33                                     2.9909186086627037e+03
34                                     2.9909866171615099e+03
35                                     2.9974364560585223e+03
36                                     3.0634708020028684e+03
37                                     3.0635731191852510e+03
38                                     3.0734581890018412e+03
39                                     3.0738864739542246e+03
40                                     3.0771798663956797e+03
41                                     3.0775366114956414e+03
   &ZPE [&Type "Double"]       1.3073924726043248e-01
   &INNERENERGYU [&Type "Double"]      -1.5826714749091840e+02
   &ENTHALPYH [&Type "Double"]      -1.5826620328187616e+02
   &QEL [&Type "Double"]       0.0000000000000000e+00
   &QROT [&Type "Double"]       1.1672433792406064e-02
   &QVIB [&Type "Double"]       4.2632392214320847e-03
   &QTRANS [&Type "Double"]       1.8102785245366976e-02
   &ENTROPYS [&Type "Double"]       3.4038458259205123e-02
   &FREEENERGYG [&Type "Double"]      -1.5830024174013536e+02
   &ISLINEAR [&Type "Boolean"] false
$End
$Hessian
   &GeometryIndex 1
   &ListStatus       OUT
   &HESSIAN [&Type "ArrayOfDoubles", &Dim (42,42)] "The Hessian"
                                                         0                           1                           2                           3                           4                           5                           6                           7

0                                      5.5965995774505339e-01         2.4829371108136856e-02        -9.4141491861081620e-03        -8.1375214528749767e-02         2.2726377929710287e-02        -8.0667751702392064e-03         4.9515877012527593e-03        -2.2816762693926719e-02
1                                      2.4829371108136856e-02         4.7427003878420287e-01         3.4381571700099867e-02         2.2758739927007384e-02        -1.5934993849059309e-01         3.0103118487482962e-02         1.3599587718492318e-03        -3.2587750163177012e-02
2                                     -9.4141491861081620e-03         3.4381571700099867e-02         5.4068936973349746e-01        -8.9745433697795210e-03         3.3292535828709613e-02        -8.9255732888701866e-02         2.7851945550318065e-03        -9.5058690597135224e-03
3                                     -8.1375214528749767e-02         2.2758739927007384e-02        -8.9745433697795210e-03         4.6082809137945929e-01        -1.5317728025778318e-04         1.4735644393825114e-04        -1.2019991797357600e-01        -4.5007237664837552e-02
4                                      2.2726377929710287e-02        -1.5934993849059309e-01         3.3292535828709613e-02        -1.5317728025778318e-04         4.6079966456177573e-01         1.3742306662449391e-04        -4.5007935334441009e-02        -1.2053359389955214e-01
5                                     -8.0667751702392064e-03         3.0103118487482962e-02        -8.9255732888701866e-02         1.4735644393825114e-04         1.3742306662449391e-04         5.8439943952692397e-01        -2.2150190274263248e-02        -2.2231137351580027e-02
6                                      4.9515877012527593e-03         1.3599587718492318e-03         2.7851945550318065e-03        -1.2019991797357600e-01        -4.5007935334441009e-02        -2.2150190274263248e-02         5.1717651067310677e-01        -4.9664911845179169e-02
7                                     -2.2816762693926719e-02        -3.2587750163177012e-02        -9.5058690597135224e-03        -4.5007237664837552e-02        -1.2053359389955214e-01        -2.2231137351580027e-02        -4.9664911845179169e-02         5.1679263765228900e-01
8                                      7.1419853222022224e-03         6.8575757534985113e-03         3.2877256383185404e-03        -2.4462536007616591e-02        -2.4552934093422223e-02        -8.9328373188205717e-02        -2.5059853075363819e-02        -2.5162316744531406e-02
9                                     -1.3941002556721611e-02         9.4829518544578342e-03         2.3654003965214391e-03        -1.5953388660181611e-01         2.2447006456355414e-02         3.0133709597906202e-02        -3.2500188899475826e-02         1.2159301492104917e-03
10                                     3.3709994009194687e-02        -1.3771082460787747e-02        -9.6321706881719715e-03         2.2415536833130644e-02        -8.1196062037701411e-02        -7.9470147122889488e-03        -2.2962328155911295e-02         4.8676057617674379e-03
11                                    -9.6405827866458300e-03         2.3273424652439402e-03         3.2735089779115743e-03         3.3326900422033456e-02        -8.8419332177529716e-03        -8.9253904297537379e-02        -9.5162941479398286e-03         2.7481224231827740e-03
12                                    -1.5859316169831955e-01        -1.1415901346023402e-01        -5.6724472982616646e-02         4.1224244297963925e-03         5.9986426731377628e-03         3.7375866735321686e-03         1.9924281271785534e-04         1.2825626126436816e-03
13                                    -1.1307258941395695e-01        -1.6142993471532172e-01        -5.7456346451671372e-02        -2.0826047761663326e-02        -2.0067418157967969e-02        -1.1787814852278667e-02         3.4337095320492754e-03        -5.5730032314583629e-03
14                                    -5.6670288630246320e-02        -5.8085367304029620e-02        -7.4931874636051526e-02         8.1034614258150492e-03         7.8332227770923270e-03         2.5782194347191605e-03        -5.8552283908234505e-04         1.8281667951566861e-03
15                                    -4.6178185129754828e-02        -1.8476941435709648e-04        -1.1812780491926940e-03        -1.4794112373168137e-03         3.2551399968940009e-04        -8.7487940521404732e-03         3.7884226517404624e-05        -3.2520468682184338e-04
16                                    -1.6965383315848510e-04        -4.5526506016307908e-02         4.3766964282486052e-03         3.3271226283369170e-04        -2.6206959946860542e-03         3.2333102716425019e-02         5.2431863639999603e-04         2.0407597065584945e-03
17                                    -1.2160743465468031e-03         4.5950952028564890e-03        -2.9770076416164781e-01        -3.3538775852233124e-04         1.1299261107182816e-03        -1.3938301438212944e-02        -5.8673444654804702e-05        -9.1124739338265329e-04
18                                    -2.5840677742752705e-01         5.7779483984266786e-02         7.8048852356469745e-02        -8.4835292055964427e-03         7.4573117037005088e-04         2.6706523901724299e-03         7.1795655026645963e-04        -8.7550090735700168e-04
19                                     5.6677006505834987e-02        -6.1852573712052564e-02        -2.1087178174694736e-02         2.7575355732743407e-02        -7.4764955570273050e-03        -1.2008488833533336e-02         1.3630169785093676e-03         1.6875730648280070e-03
20                                     7.8298858343893440e-02        -2.1675301617861079e-02        -7.5048606399800349e-02        -1.0927301417693084e-02         2.7027814898317667e-03         2.5745869786791332e-03         4.1139079719787995e-05        -4.0973918236936879e-04
21                                    -6.1143419353064041e-04         8.4648855706857232e-04        -8.7754686409943113e-03        -4.5704142735679784e-02         8.7237720199310743e-06        -5.2298414586452401e-05        -2.0445368676322729e-03        -1.6829811915252757e-03
22                                     8.6148756304757598e-04        -3.5142174923441160e-03         3.2499148306264630e-02         9.0839354468673884e-06        -4.5704147079354100e-02        -5.1601013073217730e-05        -1.6831539017534082e-03        -2.0576712876827653e-03
23                                    -3.8132280838452503e-04         1.3190610941317023e-03        -1.1515855383505517e-02        -4.2547758472340609e-05        -4.2130942273149621e-05        -2.9014560308615811e-01        -9.6168474341302296e-04        -9.6565069628328989e-04
24                                     4.4520362408096217e-04         1.2365501588939730e-03         5.2698745905711176e-05        -2.0446968071970665e-03        -6.6618916414007173e-04        -2.3651975058537663e-02        -4.5849371307907665e-02         3.7484128891293730e-04
25                                     3.9207224517939668e-04         1.6350913274634214e-03        -1.5223358553958656e-03        -6.6547398192853325e-04        -2.0505055875364477e-03        -2.3743266723683112e-02         3.7490885480484862e-04        -4.5847753731994935e-02
26                                     3.9436527315034678e-04         8.2089368493221560e-04         8.5033466828033245e-04        -8.1704911464064792e-04        -8.2057283309158735e-04        -1.3984246168685823e-02        -3.2809605709442167e-03        -3.2970511737236531e-03
27                                     7.3201719258002111e-04         1.3982946360859391e-03         2.6615235372234110e-04        -2.0449868680571942e-02         6.6779662492271463e-03         8.3462822875607443e-03        -2.5923072307512834e-01         5.5196508715652168e-02
28                                    -8.5523805205174066e-04         1.6319387474473136e-03         4.1567977289288632e-04        -2.0186527483198664e-02         4.4853788557773274e-03         9.1320652293778292e-03         5.6240101985130013e-02        -6.0961503779921863e-02
29                                     2.4979819392692820e-04         3.4127759539991087e-04        -1.7993425807901094e-05        -1.0851384672437530e-02         3.1023130336512166e-03         2.5698320790297183e-03         7.8636890882683899e-02        -2.0064496825510418e-02
30                                    -3.2452163485652825e-03        -2.6261855568223058e-03        -1.5741064631869346e-03         4.5369651469451865e-03        -2.0089417876100267e-02         9.1015788378623133e-03        -6.1394071527253465e-02         5.6992169783860250e-02
31                                    -4.7638601415533437e-03        -2.1168461041430504e-03        -2.9196069265335187e-03         6.7754000753580887e-03        -2.0499222802229409e-02         8.3806785894291330e-03         5.5951365030328618e-02        -2.5880422123475039e-01
32                                    -1.4215662091638563e-03        -1.2947385229674794e-03        -2.3062225017825635e-04         3.1444613440834881e-03        -1.0839438190489986e-02         2.5702703514822452e-03        -2.0366626748578337e-02         7.8565346640997985e-02
33                                    -6.1341311724507110e-03         2.2124763363706897e-04         2.8315451849474462e-03        -7.5858397086044655e-03         2.7577878543167667e-02        -1.2017968616024324e-02         1.6865752000769520e-03         1.3662435480527248e-03
34                                     2.3924577892922259e-03         8.0575444171725706e-04        -1.7231092912817110e-03         7.4858499867162115e-04        -8.3721298657212159e-03         2.6230521893846215e-03        -8.7090528392678957e-04         7.2043762056553384e-04
35                                     1.8716755935940708e-03        -4.0186979144056067e-04        -2.2434944825439822e-04         2.7441691217679129e-03        -1.0915823965859493e-02         2.5741630344217653e-03        -4.1018200064060870e-04         3.9595303316296900e-05
36                                     1.2424053509429754e-03        -1.6385339130288348e-03        -4.2909470173426757e-04        -2.0008307536805020e-02        -2.0921220569562325e-02        -1.1803369375889359e-02        -5.5909946173343539e-03         3.4111707389618872e-03
37                                     6.0526401025849479e-04         1.1818629843887291e-03         2.2558567269462954e-04         5.9041708535144295e-03         4.0624522304917067e-03         3.6913307304183322e-03         1.2601387393198563e-03         2.1783580577084977e-04
38                                    -3.7660105081147445e-04         1.7430391530602650e-04        -1.7999546737868400e-05         7.8019512058243052e-03         8.1345783125062500e-03         2.5784887001685797e-03         1.8304797878599937e-03        -5.7862378737258760e-04
39                                     1.4539514417092950e-03        -1.3356076856907697e-03         7.2209114248834925e-04        -2.6226659402874162e-03         3.2751193121752708e-04         3.2366704313749432e-02         2.0400471043697985e-03         5.3206301657604971e-04
40                                    -4.8490362727788726e-04         6.2416286950758198e-04        -1.3273010395042177e-03         3.2146705278599549e-04        -1.4772861756756264e-03        -8.6213049066160095e-03        -3.1717487140217566e-04         3.8647716758197009e-05
41                                    -7.6814388009513717e-04         5.1973711540379474e-04         8.4285912267756825e-04         1.1299505526587601e-03        -3.3008999233360720e-04        -1.3938839037922581e-02        -9.1101109247819587e-04        -6.2250380795774059e-05
                                                         8                           9                          10                          11                          12                          13                          14                          15

0                                      7.1419853222022224e-03        -1.3941002556721611e-02         3.3709994009194687e-02        -9.6405827866458300e-03        -1.5859316169831955e-01        -1.1307258941395695e-01        -5.6670288630246320e-02        -4.6178185129754828e-02
1                                      6.8575757534985113e-03         9.4829518544578342e-03        -1.3771082460787747e-02         2.3273424652439402e-03        -1.1415901346023402e-01        -1.6142993471532172e-01        -5.8085367304029620e-02        -1.8476941435709648e-04
2                                      3.2877256383185404e-03         2.3654003965214391e-03        -9.6321706881719715e-03         3.2735089779115743e-03        -5.6724472982616646e-02        -5.7456346451671372e-02        -7.4931874636051526e-02        -1.1812780491926940e-03
3                                     -2.4462536007616591e-02        -1.5953388660181611e-01         2.2415536833130644e-02         3.3326900422033456e-02         4.1224244297963925e-03        -2.0826047761663326e-02         8.1034614258150492e-03        -1.4794112373168137e-03
4                                     -2.4552934093422223e-02         2.2447006456355414e-02        -8.1196062037701411e-02        -8.8419332177529716e-03         5.9986426731377628e-03        -2.0067418157967969e-02         7.8332227770923270e-03         3.2551399968940009e-04
5                                     -8.9328373188205717e-02         3.0133709597906202e-02        -7.9470147122889488e-03        -8.9253904297537379e-02         3.7375866735321686e-03        -1.1787814852278667e-02         2.5782194347191605e-03        -8.7487940521404732e-03
6                                     -2.5059853075363819e-02        -3.2500188899475826e-02        -2.2962328155911295e-02        -9.5162941479398286e-03         1.9924281271785534e-04         3.4337095320492754e-03        -5.8552283908234505e-04         3.7884226517404624e-05
7                                     -2.5162316744531406e-02         1.2159301492104917e-03         4.8676057617674379e-03         2.7481224231827740e-03         1.2825626126436816e-03        -5.5730032314583629e-03         1.8281667951566861e-03        -3.2520468682184338e-04
8                                      5.4079674851291581e-01         6.8294259679318198e-03         7.1686332250277349e-03         3.2882331719400488e-03         8.2147357285983214e-05         3.3192173854303454e-03        -2.3215630101446169e-04         7.9829303400217905e-04
9                                      6.8294259679318198e-03         4.7408760614188633e-01         2.4491273559091427e-02         3.4415537445289184e-02         1.1865488904012327e-03        -1.6386117216579271e-03         1.7586272733706443e-04         6.3166269697827139e-04
10                                     7.1686332250277349e-03         2.4491273559091427e-02         5.5983230816321639e-01        -9.2792887748183797e-03         6.0502615150720331e-04         1.2389497947553922e-03        -3.7578957656730114e-04        -4.8843519748317517e-04
11                                     3.2882331719400488e-03         3.4415537445289184e-02        -9.2792887748183797e-03         5.4067761148548821e-01         2.2725928713273214e-04        -4.2837241210685255e-04        -1.7940636798295445e-05        -1.3305126552638554e-03
12                                     8.2147357285983214e-05         1.1865488904012327e-03         6.0502615150720331e-04         2.2725928713273214e-04         1.6991374258954328e-01         1.2475572515410074e-01         6.2461317850403819e-02        -3.2500896729815987e-04
13                                     3.3192173854303454e-03        -1.6386117216579271e-03         1.2389497947553922e-03        -4.2837241210685255e-04         1.2475572515410074e-01         1.7939567623293651e-01         6.1881117510493494e-02         1.4326807479982137e-03
14                                    -2.3215630101446169e-04         1.7586272733706443e-04        -3.7578957656730114e-04        -1.7940636798295445e-05         6.2461317850403819e-02         6.1881117510493494e-02         7.7601213302049138e-02        -2.1713866044214086e-02
15                                     7.9829303400217905e-04         6.3166269697827139e-04        -4.8843519748317517e-04        -1.3305126552638554e-03        -3.2500896729815987e-04         1.4326807479982137e-03        -2.1713866044214086e-02         4.6049955491500885e-02
16                                     1.2893134776352157e-03        -1.3389994597810210e-03         1.4470179105205391e-03         7.1719999379317087e-04         1.2441714374814656e-03         3.2274349123033539e-04        -2.1747051402554521e-02        -1.4385409300204251e-03
17                                     8.3989200662248648e-04         5.2255812383849090e-04        -7.6625933695474713e-04         8.4322320610973577e-04         8.6577455203168049e-04         6.7564998408571608e-04        -9.5164516334104565e-03         2.3887887714861764e-03
