*************************************************
******************* ORCA 6.0.0 ******************
*************************************************
$Calculation_Status
   &GeometryIndex 1
   &ListStatus       OUT
   &VERSION [&Type "String"] "6.0.0"
   &PROGNAME [&Type "String"] "LeanSCF"
   &STATUS [&Type "String"] "NORMAL TERMINATION"
$End
$Geometry
   &GeometryIndex 1
   &ListStatus       OUT
   &NATOMS [&Type "Integer"] 14
   &NCORELESSECP [&Type "Integer"] 0
   &NGHOSTATOMS [&Type "Integer"] 0
   &CartesianCoordinates [&Type "Coordinates", &Dim(14,4), &Units "Bohr"] 
              C     -2.690269914257    0.558540788160   -0.196288093045
              C     -0.000169615582    0.000101384185    0.702797192636
              C      0.861432654223   -2.608596316789   -0.196564861956
              C      1.828866834815    2.050202304225   -0.196244707767
              H     -3.341911221349    2.404054109562    0.475047956067
              H     -2.770630266579    0.574119388052   -2.267147068662
              H     -4.022640668782   -0.874302687348    0.476774297991
              H     -0.000255425022   -0.000302364874    2.779795188318
              H     -0.410673296944   -4.095578034554    0.475546083340
              H      2.768816871019   -3.044649502906    0.476364241971
              H      0.887219067519   -2.685732837334   -2.267374991176
              H      1.882679622391    2.111043202501   -2.267033553002
              H      3.752567043239    1.690336197724    0.475477235326
              H      1.254976993687    3.920779030082    0.476629521725
$End
$SCF_Energy
   &GeometryIndex 1
   &ListStatus       OUT
   &SCF_ENERGY [&Type "Double"]      -1.5840737000103513e+02
$End
$DFT_Energy
   &GeometryIndex 1
   &ListStatus       OUT
   &NALPHAEL [&Type "Integer"] 17
   &NBETAEL [&Type "Integer"] 17
   &NTOTALEL [&Type "Integer"] 34
   &EEXCHANGE [&Type "Double"]      -2.4343581282938668e+01
   &ECORR [&Type "Double"]      -1.0269022187200998e+00
   &ECNL [&Type "Double"]       0.0000000000000000e+00
   &EXC [&Type "Double"]      -2.5370483501658768e+01
   &EEMBED [&Type "Double"]       0.0000000000000000e+00
   &FINALEN [&Type "Double"]      -1.5840737000103513e+02  "No Van der Waals correction"
$End
$Mulliken_Population_Analysis
   &GeometryIndex 1
   &ListStatus       OUT
   &NATOMS [&Type "Integer"] 14
   &ATNO [&Type "ArrayOfIntegers", &Dim (14,1)] 
                                                         0

0                                                        6
1                                                        6
2                                                        6
3                                                        6
4                                                        1
5                                                        1
6                                                        1
7                                                        1
8                                                        1
9                                                        1
10                                                       1
11                                                       1
12                                                       1
13                                                       1
   &ATOMICCHARGES [&Type "ArrayOfDoubles", &Dim (14,1)] 
                                                         0

0                                     -3.2365495578017711e-01
1                                      1.9828430561988242e-02
2                                     -3.2333119046838910e-01
3                                     -3.2340099216841800e-01
4                                      1.0273626623642074e-01
5                                      9.4550451396540725e-02
6                                      1.0276211088459553e-01
7                                      5.0531958654871145e-02
8                                      1.0273650905578036e-01
9                                      1.0273646063116293e-01
10                                     9.4523028857169455e-02
11                                     9.4481661216129664e-02
12                                     1.0273088170196676e-01
13                                     1.0276937922047280e-01
$End
$Loewdin_Population_Analysis
   &GeometryIndex 1
   &ListStatus       OUT
   &NATOMS [&Type "Integer"] 14
   &ATNO [&Type "ArrayOfIntegers", &Dim (14,1)] 
                                                         0

0                                                        6
1                                                        6
2                                                        6
3                                                        6
4                                                        1
5                                                        1
6                                                        1
7                                                        1
8                                                        1
9                                                        1
10                                                       1
11                                                       1
12                                                       1
13                                                       1
   &ATOMICCHARGES [&Type "ArrayOfDoubles", &Dim (14,1)] 
                                                         0

0                                     -2.8926074453485384e-01
1                                     -3.4314244889477497e-01
2                                     -2.8922186857899579e-01
3                                     -2.8923039751991819e-01
4                                      1.1838561698263317e-01
5                                      1.1903303953862387e-01
6                                      1.1839399266201922e-01
7                                      1.4338723317372637e-01
8                                      1.1838972674743675e-01
9                                      1.1840857819330919e-01
10                                     1.1903092272293425e-01
11                                     1.1903591676775160e-01
12                                     1.1841163005678801e-01
13                                     1.1837880268341794e-01
$End
$Mayer_Population_Analysis
   &GeometryIndex 1
   &ListStatus       OUT
   &NATOMS [&Type "Integer"] 14 "Total number of atoms"
   &BONDTHRESH [&Type "Double"]       1.0000000000000001e-01  "The threshold for printing"
   &NBONDORDERSPRINT [&Type "Integer"] 13 "The number of bond orders larger than threshold"
   &BONDORDERS [&Type "ArrayOfDoubles", &Dim (13,1)] "The bond orders"
                                                         0

0                                      9.7457686026173906e-01
1                                      9.7532578486222754e-01
2                                      9.7106359523441221e-01
3                                      9.7528968705293939e-01
4                                      9.7457651340335305e-01
5                                      9.7451754302519245e-01
6                                      9.5893487783124209e-01
7                                      9.7530231287296387e-01
8                                      9.7527935122885312e-01
9                                      9.7109347109665323e-01
10                                     9.7110403420045666e-01
11                                     9.7529234018631217e-01
12                                     9.7528478661776175e-01
   &COMPONENTS [&Type "ArrayOfIntegers", &Dim (13,4)] "The indices and atomic numbers of the bonding atoms"
                                                         0                           1                           2                           3

0                                                        0                           6                           1                           6
1                                                        0                           6                           4                           1
2                                                        0                           6                           5                           1
3                                                        0                           6                           6                           1
4                                                        1                           6                           2                           6
5                                                        1                           6                           3                           6
6                                                        1                           6                           7                           1
7                                                        2                           6                           8                           1
8                                                        2                           6                           9                           1
9                                                        2                           6                          10                           1
10                                                       3                           6                          11                           1
11                                                       3                           6                          12                           1
12                                                       3                           6                          13                           1
   &ATNO [&Type "ArrayOfIntegers", &Dim (14,1)] "Atomic number of the elements"
                                                         0

0                                                        6
1                                                        6
2                                                        6
3                                                        6
4                                                        1
5                                                        1
6                                                        1
7                                                        1
8                                                        1
9                                                        1
10                                                       1
11                                                       1
12                                                       1
13                                                       1
   &NA [&Type "ArrayOfDoubles", &Dim (14,1)] "Mulliken gross atomic population"
                                                         0

0                                      6.3236549557801958e+00
1                                      5.9801715694379940e+00
2                                      6.3233311904683740e+00
3                                      6.3234009921683958e+00
4                                      8.9726373376357915e-01
5                                      9.0544954860345916e-01
6                                      8.9723788911540381e-01
7                                      9.4946804134512786e-01
8                                      8.9726349094421853e-01
9                                      8.9726353936883763e-01
10                                     9.0547697114283110e-01
11                                     9.0551833878386989e-01
12                                     8.9726911829803224e-01
13                                     8.9723062077952698e-01
   &ZA [&Type "ArrayOfDoubles", &Dim (14,1)] "Total nuclear charge"
                                                         0

0                                      6.0000000000000000e+00
1                                      6.0000000000000000e+00
2                                      6.0000000000000000e+00
3                                      6.0000000000000000e+00
4                                      1.0000000000000000e+00
5                                      1.0000000000000000e+00
6                                      1.0000000000000000e+00
7                                      1.0000000000000000e+00
8                                      1.0000000000000000e+00
9                                      1.0000000000000000e+00
10                                     1.0000000000000000e+00
11                                     1.0000000000000000e+00
12                                     1.0000000000000000e+00
13                                     1.0000000000000000e+00
   &QA [&Type "ArrayOfDoubles", &Dim (14,1)] "Mulliken gross atomic charge"
                                                         0

0                                     -3.2365495578019576e-01
1                                      1.9828430562006005e-02
2                                     -3.2333119046837400e-01
3                                     -3.2340099216839580e-01
4                                      1.0273626623642085e-01
5                                      9.4550451396540836e-02
6                                      1.0276211088459619e-01
7                                      5.0531958654872144e-02
8                                      1.0273650905578147e-01
9                                      1.0273646063116237e-01
10                                     9.4523028857168900e-02
11                                     9.4481661216130108e-02
12                                     1.0273088170196776e-01
13                                     1.0276937922047302e-01
   &VA [&Type "ArrayOfDoubles", &Dim (14,1)] "Mayer's total valence"
                                                         0

0                                      3.8893548348772842e+00
1                                      3.8955556583844873e+00
2                                      3.8892890476180360e+00
3                                      3.8892581754274222e+00
4                                      9.8194571156869714e-01
5                                      9.8837005254006483e-01
6                                      9.8193180256416590e-01
7                                      9.6912381167052553e-01
8                                      9.8195200825517581e-01
9                                      9.8193842946020271e-01
10                                     9.8839978697152397e-01
11                                     9.8840541986866226e-01
12                                     9.8194306522491215e-01
13                                     9.8193241861132652e-01
   &BVA [&Type "ArrayOfDoubles", &Dim (14,1)] "Mayer's bonded valence"
                                                         0

0                                      3.8893548348772926e+00
1                                      3.8955556583844642e+00
2                                      3.8892890476179858e+00
3                                      3.8892581754273872e+00
4                                      9.8194571156870802e-01
5                                      9.8837005254006882e-01
6                                      9.8193180256417634e-01
7                                      9.6912381167055073e-01
8                                      9.8195200825517803e-01
9                                      9.8193842946019894e-01
10                                     9.8839978697149511e-01
11                                     9.8840541986865138e-01
12                                     9.8194306522490171e-01
13                                     9.8193241861130098e-01
   &FA [&Type "ArrayOfDoubles", &Dim (14,1)] "Mayer's free valence"
                                                         0

0                                      0.0000000000000000e+00
1                                      0.0000000000000000e+00
2                                      0.0000000000000000e+00
3                                      0.0000000000000000e+00
4                                      0.0000000000000000e+00
5                                      0.0000000000000000e+00
6                                      0.0000000000000000e+00
7                                      0.0000000000000000e+00
8                                      0.0000000000000000e+00
9                                      0.0000000000000000e+00
10                                     0.0000000000000000e+00
11                                     0.0000000000000000e+00
12                                     0.0000000000000000e+00
13                                     0.0000000000000000e+00
$End
$VdW_Correction
   &GeometryIndex 1
   &ListStatus       OUT
   &VDW [&Type "Double"]      -2.7707926817547935e-03
$End
$Calculation_Info
   &GeometryIndex 1
   &ListStatus       OUT
   &MULT [&Type "Integer"] 1
   &CHARGE [&Type "Integer"] 0
   &NUMOFATOMS [&Type "Integer"] 14
   &NUMOFELECTRONS [&Type "Integer"] 34
   &NUMOFFCELECTRONS [&Type "Integer"] 1
   &NUMOFCORRELECTRONS [&Type "Integer"] 0
   &NUMOFBASISFUNCTS [&Type "Integer"] 184
   &NUMOFAUXCBASISFUNCTS [&Type "Integer"] 0
   &NUMOFAUXJBASISFUNCTS [&Type "Integer"] 230
   &NUMOFAUXJKBASISFUNCTS [&Type "Integer"] 0
   &NUMOFCABSBASISFUNCTS [&Type "Integer"] 0
   &TOTALENERGY [&Type "Double"]      -1.5840348246101689e+02  "Hartrees"
$End
$SCF_Dipole_Moment
   &GeometryIndex 1
   &ListStatus       OUT
   &METHOD [&Type "String"] "SCF"
   &LEVEL [&Type "String"] "Relaxed density"
   &MULT [&Type "Integer"] 1
   &STATE [&Type "Integer"] -1
   &IRREP [&Type "Integer"] 0
   &NATOMS [&Type "Integer"] 14
   &DODIPOLEATOM [&Type "Boolean"] false
   &DIPOLEELECCONTRIB [&Type "ArrayOfDoubles", &Dim (3,1)] "Electronic contribution"
                                                         0

0                                     -2.8194729563597799e-04
1                                      3.3809442625947188e-04
2                                      6.4761300951910028e-01
   &DIPOLENUCCONTRIB [&Type "ArrayOfDoubles", &Dim (3,1)] "Nuclear contribution"
                                                         0

0                                      2.0469827986313582e-04
1                                     -3.5040926608864709e-04
2                                     -5.9509759753941094e-01
   &DIPOLETOTAL [&Type "ArrayOfDoubles", &Dim (3,1)] "Total"
                                                         0

0                                     -7.7249015772842171e-05
1                                     -1.2314839829175202e-05
2                                      5.2515411979689341e-02
   &DIPOLEMAGNITUDE [&Type "Double", &Units "a.u."]       5.2515470239370574e-02
$End
$THERMOCHEMISTRY_Energies
   &GeometryIndex 1
   &ListStatus       OUT
   &TEMPERATURE [&Type "Double"]       2.9814999999999998e+02
   &PRESSURE [&Type "Double"]       1.0000000000000000e+00
   &TOTALMASS [&Type "Double"]       5.8123999999999995e+01
   &SPINDEGENERACY [&Type "Integer"] 1
   &ELENERGY [&Type "Double"]      -1.5840348246101689e+02
   &TRANSENERGY [&Type "Double"]       1.4162714244859817e-03
   &ROTENERGY [&Type "Double"]       1.4162714244859817e-03
   &VIBENERGY [&Type "Double"]       2.8181850171921899e-03
   &NUMOFFREQS [&Type "Integer"] 42
   &FREQSCALINGFACTOR [&Type "Double"]       1.0000000000000000e+00
   &FREQ [&Type "ArrayOfDoubles", &Dim (42,1)] "In cm^-1"
                                                         0

0                                      0.0000000000000000e+00
1                                      0.0000000000000000e+00
2                                      0.0000000000000000e+00
3                                      0.0000000000000000e+00
4                                      0.0000000000000000e+00
5                                      0.0000000000000000e+00
6                                      2.1947604410654409e+02
7                                      2.7210927876467503e+02
8                                      2.7261670780864972e+02
9                                      3.7124864837029213e+02
10                                     3.7147564335155732e+02
11                                     4.3852211063836984e+02
12                                     8.0144375902201648e+02
13                                     9.2330532759651658e+02
14                                     9.2376397754318225e+02
15                                     9.5197500016819140e+02
16                                     9.7326298847376938e+02
17                                     9.7337939617044856e+02
18                                     1.1906468551989396e+03
19                                     1.1909100883067179e+03
20                                     1.2092308404776300e+03
21                                     1.3486399132544088e+03
22                                     1.3487152423421469e+03
23                                     1.3879630003949430e+03
24                                     1.3881963515320792e+03
25                                     1.4190563265666924e+03
26                                     1.4730518357089513e+03
27                                     1.4818857238229182e+03
28                                     1.4819665392771169e+03
29                                     1.5004120873362713e+03
30                                     1.5005364979961414e+03
31                                     1.5104573898733454e+03
32                                     2.9897540977085164e+03
33                                     2.9956656936863051e+03
34                                     2.9957833636993028e+03
35                                     3.0015543542823602e+03
36                                     3.0680446451221892e+03
37                                     3.0682961481915372e+03
38                                     3.0776089259683863e+03
39                                     3.0795504052281885e+03
40                                     3.0827541397682248e+03
41                                     3.0832024970880439e+03
   &ZPE [&Type "Double"]       1.3069041639602283e-01
   &INNERENERGYU [&Type "Double"]      -1.5826714131675470e+02
   &ENTHALPYH [&Type "Double"]      -1.5826619710771246e+02
   &QEL [&Type "Double"]       0.0000000000000000e+00
   &QROT [&Type "Double"]       1.1674384313363113e-02
   &QVIB [&Type "Double"]       4.3747268547596682e-03
   &QTRANS [&Type "Double"]       1.8102785245366976e-02
   &ENTROPYS [&Type "Double"]       3.4151896413489757e-02
   &FREEENERGYG [&Type "Double"]      -1.5830034900412593e+02
   &ISLINEAR [&Type "Boolean"] false
$End
$Hessian
   &GeometryIndex 1
   &ListStatus       OUT
   &HESSIAN [&Type "ArrayOfDoubles", &Dim (42,42)] "The Hessian"
                                                         0                           1                           2                           3                           4                           5                           6                           7

0                                      4.7082388044484358e-01         2.0121877843954333e-02        -3.5221462601539570e-02        -1.6098786319235531e-01         1.7736212356528981e-02        -3.0175546899886389e-02        -1.6202949561986955e-02         9.2715603197865946e-03
1                                      2.0121877843954333e-02         5.6359149289504662e-01         7.3814529535914143e-03         1.7730492596408066e-02        -7.9076081784811764e-02         6.2202070737795868e-03         3.3402334825467006e-02        -1.1278136108615446e-02
2                                     -3.5221462601539570e-02         7.3814529535914143e-03         5.4124315820261704e-01        -3.3350408687784536e-02         6.9038774388930002e-03        -8.9127061178099209e-02         9.7527741603533162e-03        -1.7930215520544843e-03
3                                     -1.6098786319235531e-01         1.7730492596408066e-02        -3.3350408687784536e-02         4.5966855883040397e-01        -3.6047669810078918e-05        -1.3285178937371160e-04        -8.4184539065330660e-02         2.6606036444027970e-02
4                                      1.7736212356528981e-02        -7.9076081784811764e-02         6.9038774388930002e-03        -3.6047669810078918e-05         4.5927288703880570e-01        -8.3612267182295655e-05         2.6583685961628647e-02        -1.5565848106414923e-01
5                                     -3.0175546899886389e-02         6.2202070737795868e-03        -8.9127061178099209e-02        -1.3285178937371160e-04        -8.3612267182295655e-05         5.8341314272978906e-01         9.6317597727380837e-03        -2.9291788939799359e-02
6                                     -1.6202949561986955e-02         3.3402334825467006e-02         9.7527741603533162e-03        -8.4184539065330660e-02         2.6583685961628647e-02         9.6317597727380837e-03         5.5808006865537996e-01         3.0199111371832010e-02
7                                      9.2715603197865946e-03        -1.1278136108615446e-02        -1.7930215520544843e-03         2.6606036444027970e-02        -1.5565848106414923e-01        -2.9291788939799359e-02         3.0199111371832010e-02         4.7624297055301990e-01
8                                     -2.8960118266498549e-03         9.4948985821863615e-03         3.2699552451879374e-03         1.0686183608620963e-02        -3.2354369243157870e-02        -8.9185087773506588e-02         1.1379170976519200e-02        -3.4230946394861794e-02
9                                     -3.0973214636817025e-02        -2.4862051366118319e-02         9.6627089393872458e-03        -1.1496673776059377e-01        -4.4276058726558092e-02         2.0620196589218744e-02         6.0251850540772242e-03         3.4947905603281045e-03
10                                    -7.1871344186101582e-04         3.5867817656578746e-03        -2.2184980243264056e-03        -4.4272233208324553e-02        -1.2496724395317067e-01         2.3098941663495059e-02        -2.0637317734686647e-02        -3.3476201808288218e-02
11                                    -6.4270124950537473e-03        -7.5431075346011414e-03         3.2859865276855908e-03         2.2760816294157337e-02         2.5501575123382487e-02        -8.9144571327259461e-02        -6.7675136283413349e-03        -7.2547109303798991e-03
12                                    -6.9252886211134873e-02         6.8260958696619800e-02         2.5748483180760375e-02        -9.1037845411606373e-03         2.7527293090743477e-02         1.2165759191344777e-02        -6.2838936251020158e-03        -1.4945097570679376e-04
13                                     6.9257414703935649e-02        -2.5195217678573745e-01        -7.6941432951208671e-02         6.7161422695357839e-04        -6.7610836768465131e-03        -1.9330735814701745e-03         1.9811119203950005e-03         9.3172175040261845e-04
14                                     2.6279276862830464e-02        -7.7103759300842831e-02        -7.4876792260180125e-02        -3.3155131298297676e-03         1.0722747573578585e-02         2.5573172892420686e-03        -1.8863424008270558e-03         2.9629232142161423e-04
15                                    -4.5437227901693272e-02        -1.3448704828972582e-04        -4.8895315696394241e-03        -2.6768266048838394e-03         2.5859360003731231e-04        -3.2822886013005537e-02         1.5586143284114747e-03        -1.2877360075845288e-03
16                                    -1.5274117842995806e-04        -4.6101391190399202e-02         8.6197824920925198e-04         2.6957781805793596e-04        -1.4507968145830840e-03         6.8154901483200268e-03        -4.3860749984436071e-04         5.2708140753593891e-04
17                                    -5.0411421693324996e-03         8.6620774995161765e-04        -2.9850834742934679e-01        -1.1299993450618051e-03         2.5244301772644334e-04        -1.3839272450636120e-02         7.7856127811769607e-04        -4.6901345403848422e-04
18                                    -1.4841990659023718e-01        -1.1305668962965686e-01         5.4372334555442450e-02        -1.9057875826004621e-02        -2.2203740653284912e-02         1.2000305692079327e-02         1.2938616531417741e-03        -1.6260085077951132e-03
19                                    -1.1405056127676583e-01        -1.7248935685727629e-01         6.0384910307546641e-02         4.6584460565122845e-03         3.1550367743805076e-03        -3.0404986636800085e-03         5.8877779948755457e-04         1.1228753361338809e-03
20                                     5.4966636690459189e-02         6.0386327198685724e-02        -7.4990625871954153e-02        -7.3296725854455382e-03        -8.5332548194454478e-03         2.5688078985377895e-03         3.8726468464178468e-04        -1.5261744025071812e-04
21                                    -3.6610848049642682e-03         6.9152643880395219e-04        -3.2962696160540025e-02        -4.5694467446596151e-02         3.6556974827100622e-06         2.0433152178567469e-05        -7.0944891003769418e-04         1.0227525368136663e-03
22                                     6.8218205502160417e-04        -5.1405026793768880e-04         6.8429288773931389e-03         1.1114624892711648e-05        -4.5698562464452183e-02         6.2467851464097142e-05         1.0313612127710117e-03        -3.4621481823817052e-03
23                                    -1.3579911567197823e-03         3.0766924066555606e-04        -1.1501107924606135e-02         5.5343489664626821e-06         5.9916453183836134e-05        -2.8979087641479812e-01         4.6565615425535334e-04        -1.3350066677542648e-03
24                                     1.2541257761266144e-03         5.8164511366479046e-04        -2.5288314037048018e-04         4.8815064316387619e-03         7.4078648045586386e-03        -4.3951787902587799e-03        -1.4663515693912132e-01        -1.1393427240431062e-01
25                                    -1.6232607226000300e-03         1.1840388274887885e-03         4.1997433681761182e-04        -1.9446929064604178e-02        -2.0763434166385701e-02         1.1547525196596558e-02        -1.1288546997868296e-01        -1.7436242864723744e-01
26                                    -1.9820362385355745e-04         3.6444622761081132e-04        -1.5085973182650102e-05        -7.6373001662448153e-03        -8.2551361788637759e-03         2.5668365454940578e-03         5.3687073208948582e-02         6.1423531433192437e-02
27                                     6.3837509828178207e-04         2.8060615999516928e-03         1.8752317922507765e-03        -9.9914622095370158e-03         5.7879525297956091e-04        -3.3140829805649807e-03        -2.6509570413558881e-01         4.6802314011032312e-02
28                                     6.2214269024022002e-04        -5.9639784035186221e-03        -2.7191163388553419e-03         2.7450550603220956e-02        -5.9181859921382789e-03         1.1855662767992013e-02         4.5717753451600680e-02        -5.6014512641233083e-02
29                                     5.1203251485862269e-04        -1.8362375953449677e-03        -2.2473667842326614e-04         1.1061066566510760e-02        -2.1072587943511672e-03         2.5682082287299501e-03        -7.9823289688898444e-02         1.7408965941596417e-02
30                                     7.4313834240350395e-04        -5.3950514212786570e-04         1.3626150598112074e-03        -1.5146927760818765e-03         3.8821205181924142e-04         1.0525678835727973e-02        -4.6073280658032081e-02        -2.1713338973616803e-04
31                                    -1.3852582244255974e-03         1.3524002878023251e-03        -6.3176939932633124e-04         4.0349413974112417e-04        -2.6023261948884624e-03        -3.1834432558015782e-02        -2.0798398358061140e-04        -4.5462845564056845e-02
32                                    -5.4877581042505588e-04         7.0475432428619700e-04         8.4456850235644677e-04         3.9804027660850401e-04        -1.1211364808871895e-03        -1.3831018943024697e-02         1.5979440361706880e-03        -4.7749695536368434e-03
33                                     1.5421280554057150e-03         4.6936322804218007e-04         1.4961835571597954e-03        -1.9731091673826466e-03        -6.7749886913589380e-04         2.2332474597748883e-02         3.6199845158818925e-04         1.1670656010641317e-03
34                                     1.3035899527935406e-03         5.4831500678615287e-04         2.7473649761874536e-05        -6.6482253823735283e-04        -2.1408017104407465e-03         2.5024664403725267e-02         3.2836002616572311e-04         1.7345432313015836e-03
35                                    -7.7772589508256649e-04        -4.4444746370872826e-04         8.4558588660871813e-04         7.6548681915831335e-04         8.6808678121459357e-04        -1.3870657492918050e-02        -3.4058367201487711e-04        -8.2630543404375552e-04
36                                    -1.6677728863963535e-03        -4.6606488971966962e-03         2.8138606536201147e-03        -1.9598856793824573e-02         5.3479469632033080e-03        -7.8255534211244312e-03         7.0743996909472268e-04         1.3459180571846420e-03
37                                    -2.5281711980164059e-03        -3.6777260657332739e-03         1.7449526058980495e-03        -2.1525251428677200e-02         3.6870695273130876e-03        -9.5701416497980876e-03        -8.9349958052892123e-04         1.6634320083418791e-03
38                                     1.2083143229253716e-03         1.4908239980379195e-03        -2.2868991773160514e-04         1.0976364730308679e-02        -2.4994448887530069e-03         2.5523420023174427e-03        -2.3165035041493223e-04        -3.5076981709671507e-04
39                                     1.6012580685239512e-03        -7.8581577108800468e-04        -4.0119106226430337e-04         5.2001501217082673e-03        -1.8683885404441873e-02        -8.6552679856877167e-03        -2.8421952164938572e-03        -2.6719450807567010e-03
40                                     1.4386636314035548e-03         7.8986868124781423e-04        -2.8970657366923281e-04         8.1889289440877054e-03        -2.1077995518632611e-02        -8.8489251930143620e-03        -4.7926203282036249e-03        -2.5078702707738640e-03
41                                    -3.2840658917757310e-04        -2.6323903396804384e-04        -1.6807130931855612e-05        -3.7329868917256549e-03         1.0623080032249268e-02         2.5618908861317433e-03         1.3491224546609629e-03         1.3719730330444112e-03
                                                         8                           9                          10                          11                          12                          13                          14                          15

0                                     -2.8960118266498549e-03        -3.0973214636817025e-02        -7.1871344186101582e-04        -6.4270124950537473e-03        -6.9252886211134873e-02         6.9257414703935649e-02         2.6279276862830464e-02        -4.5437227901693272e-02
1                                      9.4948985821863615e-03        -2.4862051366118319e-02         3.5867817656578746e-03        -7.5431075346011414e-03         6.8260958696619800e-02        -2.5195217678573745e-01        -7.7103759300842831e-02        -1.3448704828972582e-04
2                                      3.2699552451879374e-03         9.6627089393872458e-03        -2.2184980243264056e-03         3.2859865276855908e-03         2.5748483180760375e-02        -7.6941432951208671e-02        -7.4876792260180125e-02        -4.8895315696394241e-03
3                                      1.0686183608620963e-02        -1.1496673776059377e-01        -4.4272233208324553e-02         2.2760816294157337e-02        -9.1037845411606373e-03         6.7161422695357839e-04        -3.3155131298297676e-03        -2.6768266048838394e-03
4                                     -3.2354369243157870e-02        -4.4276058726558092e-02        -1.2496724395317067e-01         2.5501575123382487e-02         2.7527293090743477e-02        -6.7610836768465131e-03         1.0722747573578585e-02         2.5859360003731231e-04
5                                     -8.9185087773506588e-02         2.0620196589218744e-02         2.3098941663495059e-02        -8.9144571327259461e-02         1.2165759191344777e-02        -1.9330735814701745e-03         2.5573172892420686e-03        -3.2822886013005537e-02
6                                      1.1379170976519200e-02         6.0251850540772242e-03        -2.0637317734686647e-02        -6.7675136283413349e-03        -6.2838936251020158e-03         1.9811119203950005e-03        -1.8863424008270558e-03         1.5586143284114747e-03
7                                     -3.4230946394861794e-02         3.4947905603281045e-03        -3.3476201808288218e-02        -7.2547109303798991e-03        -1.4945097570679376e-04         9.3172175040261845e-04         2.9629232142161423e-04        -1.2877360075845288e-03
8                                      5.4150518327365305e-01        -3.3149006588383840e-03         9.3521214963371846e-03         3.2714210306941348e-03        -2.9126397618088259e-03         1.5515168153338124e-03        -2.2726837680040921e-04        -7.7770014729299170e-04
9                                     -3.3149006588383840e-03         5.2295140748135704e-01        -5.0574850667281818e-02         2.3924761512563460e-02         1.6489341314768146e-03        -7.9649108036397348e-04         4.1721257975587165e-04         2.0377639608152964e-03
10                                     9.3521214963371846e-03        -5.0574850667281818e-02         5.1154646514989743e-01         2.6832186839092598e-02         1.4137142984095366e-03         7.4742616079670303e-04        -2.1921489419031177e-05         6.3833532947492550e-04
11                                     3.2714210306941348e-03         2.3924761512563460e-02         2.6832186839092598e-02         5.4147204254464731e-01         4.9528893839762456e-04        -6.3625552442674385e-07        -1.6700087918942877e-05        -1.2171224776092824e-03
12                                    -2.9126397618088259e-03         1.6489341314768146e-03         1.4137142984095366e-03         4.9528893839762456e-04         7.6791642286641065e-02        -7.7988097875127949e-02        -2.7061970415460355e-02        -8.7959151404844865e-04
13                                     1.5515168153338124e-03        -7.9649108036397348e-04         7.4742616079670303e-04        -6.3625552442674385e-07        -7.7988097875127949e-02         2.7362770973209238e-01         8.4056983417254358e-02        -9.5561490078305408e-04
14                                    -2.2726837680040921e-04         4.1721257975587165e-04        -2.1921489419031177e-05        -1.6700087918942877e-05        -2.7061970415460355e-02         8.4056983417254358e-02         7.7571405327398091e-02         9.5832935382381586e-03
15                                    -7.7770014729299170e-04         2.0377639608152964e-03         6.3833532947492550e-04        -1.2171224776092824e-03        -8.7959151404844865e-04        -9.5561490078305408e-04         9.5832935382381586e-03         5.1008178289284015e-02
16                                     1.2734915563617354e-03        -2.0082018698479526e-04         5.3533020511720283e-05        -8.7140440341121101e-04        -1.1701264848386608e-03         8.7226915086598003e-04        -2.9249887584940178e-02        -1.1380172549902586e-03
17                                     8.3678029599262502e-04         8.8976578337689703e-04         1.0896317662698052e-04         8.3735249155953394e-04        -2.3240087575217630e-04         1.1063833237830861e-03        -9.5229989503093377e-03         9.2851276429308481e-03
