
$orca_hessian_file

$act_atom
  0

$act_coord
  0

$act_energy
        0.000000

$multiplicity
  1

$hessian
42
                    0                  1                  2                  3                  4        
    0      4.7082388044E-01   2.0121877844E-02  -3.5221462602E-02  -1.6098786319E-01   1.7736212357E-02
    1      2.0121877844E-02   5.6359149290E-01   7.3814529536E-03   1.7730492596E-02  -7.9076081785E-02
    2     -3.5221462602E-02   7.3814529536E-03   5.4124315820E-01  -3.3350408688E-02   6.9038774389E-03
    3     -1.6098786319E-01   1.7730492596E-02  -3.3350408688E-02   4.5966855883E-01  -3.6047669810E-05
    4      1.7736212357E-02  -7.9076081785E-02   6.9038774389E-03  -3.6047669810E-05   4.5927288704E-01
    5     -3.0175546900E-02   6.2202070738E-03  -8.9127061178E-02  -1.3285178937E-04  -8.3612267182E-05
    6     -1.6202949562E-02   3.3402334825E-02   9.7527741604E-03  -8.4184539065E-02   2.6583685962E-02
    7      9.2715603198E-03  -1.1278136109E-02  -1.7930215521E-03   2.6606036444E-02  -1.5565848106E-01
    8     -2.8960118266E-03   9.4948985822E-03   3.2699552452E-03   1.0686183609E-02  -3.2354369243E-02
    9     -3.0973214637E-02  -2.4862051366E-02   9.6627089394E-03  -1.1496673776E-01  -4.4276058727E-02
   10     -7.1871344186E-04   3.5867817657E-03  -2.2184980243E-03  -4.4272233208E-02  -1.2496724395E-01
   11     -6.4270124951E-03  -7.5431075346E-03   3.2859865277E-03   2.2760816294E-02   2.5501575123E-02
   12     -6.9252886211E-02   6.8260958697E-02   2.5748483181E-02  -9.1037845412E-03   2.7527293091E-02
   13      6.9257414704E-02  -2.5195217679E-01  -7.6941432951E-02   6.7161422695E-04  -6.7610836768E-03
   14      2.6279276863E-02  -7.7103759301E-02  -7.4876792260E-02  -3.3155131298E-03   1.0722747574E-02
   15     -4.5437227902E-02  -1.3448704829E-04  -4.8895315696E-03  -2.6768266049E-03   2.5859360004E-04
   16     -1.5274117843E-04  -4.6101391190E-02   8.6197824921E-04   2.6957781806E-04  -1.4507968146E-03
   17     -5.0411421693E-03   8.6620774995E-04  -2.9850834743E-01  -1.1299993451E-03   2.5244301773E-04
   18     -1.4841990659E-01  -1.1305668963E-01   5.4372334555E-02  -1.9057875826E-02  -2.2203740653E-02
   19     -1.1405056128E-01  -1.7248935686E-01   6.0384910308E-02   4.6584460565E-03   3.1550367744E-03
   20      5.4966636690E-02   6.0386327199E-02  -7.4990625872E-02  -7.3296725854E-03  -8.5332548194E-03
   21     -3.6610848050E-03   6.9152643880E-04  -3.2962696161E-02  -4.5694467447E-02   3.6556974827E-06
   22      6.8218205502E-04  -5.1405026794E-04   6.8429288774E-03   1.1114624893E-05  -4.5698562464E-02
   23     -1.3579911567E-03   3.0766924067E-04  -1.1501107925E-02   5.5343489665E-06   5.9916453184E-05
   24      1.2541257761E-03   5.8164511366E-04  -2.5288314037E-04   4.8815064316E-03   7.4078648046E-03
   25     -1.6232607226E-03   1.1840388275E-03   4.1997433682E-04  -1.9446929065E-02  -2.0763434166E-02
   26     -1.9820362385E-04   3.6444622761E-04  -1.5085973183E-05  -7.6373001662E-03  -8.2551361789E-03
   27      6.3837509828E-04   2.8060616000E-03   1.8752317923E-03  -9.9914622095E-03   5.7879525298E-04
   28      6.2214269024E-04  -5.9639784035E-03  -2.7191163389E-03   2.7450550603E-02  -5.9181859921E-03
   29      5.1203251486E-04  -1.8362375953E-03  -2.2473667842E-04   1.1061066567E-02  -2.1072587944E-03
   30      7.4313834240E-04  -5.3950514213E-04   1.3626150598E-03  -1.5146927761E-03   3.8821205182E-04
   31     -1.3852582244E-03   1.3524002878E-03  -6.3176939933E-04   4.0349413974E-04  -2.6023261949E-03
   32     -5.4877581043E-04   7.0475432429E-04   8.4456850236E-04   3.9804027661E-04  -1.1211364809E-03
   33      1.5421280554E-03   4.6936322804E-04   1.4961835572E-03  -1.9731091674E-03  -6.7749886914E-04
   34      1.3035899528E-03   5.4831500679E-04   2.7473649762E-05  -6.6482253824E-04  -2.1408017104E-03
   35     -7.7772589508E-04  -4.4444746371E-04   8.4558588661E-04   7.6548681916E-04   8.6808678121E-04
   36     -1.6677728864E-03  -4.6606488972E-03   2.8138606536E-03  -1.9598856794E-02   5.3479469632E-03
   37     -2.5281711980E-03  -3.6777260657E-03   1.7449526059E-03  -2.1525251429E-02   3.6870695273E-03
   38      1.2083143229E-03   1.4908239980E-03  -2.2868991773E-04   1.0976364730E-02  -2.4994448888E-03
   39      1.6012580685E-03  -7.8581577109E-04  -4.0119106226E-04   5.2001501217E-03  -1.8683885404E-02
   40      1.4386636314E-03   7.8986868125E-04  -2.8970657367E-04   8.1889289441E-03  -2.1077995519E-02
   41     -3.2840658918E-04  -2.6323903397E-04  -1.6807130932E-05  -3.7329868917E-03   1.0623080032E-02
                    5                  6                  7                  8                  9        
    0     -3.0175546900E-02  -1.6202949562E-02   9.2715603198E-03  -2.8960118266E-03  -3.0973214637E-02
    1      6.2202070738E-03   3.3402334825E-02  -1.1278136109E-02   9.4948985822E-03  -2.4862051366E-02
    2     -8.9127061178E-02   9.7527741604E-03  -1.7930215521E-03   3.2699552452E-03   9.6627089394E-03
    3     -1.3285178937E-04  -8.4184539065E-02   2.6606036444E-02   1.0686183609E-02  -1.1496673776E-01
    4     -8.3612267182E-05   2.6583685962E-02  -1.5565848106E-01  -3.2354369243E-02  -4.4276058727E-02
    5      5.8341314273E-01   9.6317597727E-03  -2.9291788940E-02  -8.9185087774E-02   2.0620196589E-02
    6      9.6317597727E-03   5.5808006866E-01   3.0199111372E-02   1.1379170977E-02   6.0251850541E-03
    7     -2.9291788940E-02   3.0199111372E-02   4.7624297055E-01  -3.4230946395E-02   3.4947905603E-03
    8     -8.9185087774E-02   1.1379170977E-02  -3.4230946395E-02   5.4150518327E-01  -3.3149006588E-03
    9      2.0620196589E-02   6.0251850541E-03   3.4947905603E-03  -3.3149006588E-03   5.2295140748E-01
   10      2.3098941663E-02  -2.0637317735E-02  -3.3476201808E-02   9.3521214963E-03  -5.0574850667E-02
   11     -8.9144571327E-02  -6.7675136283E-03  -7.2547109304E-03   3.2714210307E-03   2.3924761513E-02
   12      1.2165759191E-02  -6.2838936251E-03  -1.4945097571E-04  -2.9126397618E-03   1.6489341315E-03
   13     -1.9330735815E-03   1.9811119204E-03   9.3172175040E-04   1.5515168153E-03  -7.9649108036E-04
   14      2.5573172892E-03  -1.8863424008E-03   2.9629232142E-04  -2.2726837680E-04   4.1721257976E-04
   15     -3.2822886013E-02   1.5586143284E-03  -1.2877360076E-03  -7.7770014729E-04   2.0377639608E-03
   16      6.8154901483E-03  -4.3860749984E-04   5.2708140754E-04   1.2734915564E-03  -2.0082018698E-04
   17     -1.3839272451E-02   7.7856127812E-04  -4.6901345404E-04   8.3678029599E-04   8.8976578338E-04
   18      1.2000305692E-02   1.2938616531E-03  -1.6260085078E-03   4.4174631081E-04  -5.8151782702E-03
   19     -3.0404986637E-03   5.8877779949E-04   1.1228753361E-03  -2.0438131651E-04   9.4199731577E-04
   20      2.5688078985E-03   3.8726468464E-04  -1.5261744025E-04  -1.7253698473E-05  -1.8602698356E-03
   21      2.0433152179E-05  -7.0944891004E-04   1.0227525368E-03   1.0555201090E-02  -1.8771488086E-03
   22      6.2467851464E-05   1.0313612128E-03  -3.4621481824E-03  -3.1977026077E-02  -1.7068834482E-03
   23     -2.8979087641E-01   4.6565615426E-04  -1.3350066678E-03  -1.1511838044E-02   9.2417712532E-04
   24     -4.3951787903E-03  -1.4663515694E-01  -1.1393427240E-01   5.3784697494E-02  -8.3344236045E-05
   25      1.1547525197E-02  -1.1288546998E-01  -1.7436242865E-01   6.0819747515E-02   3.7371813153E-03
   26      2.5668365455E-03   5.3687073209E-02   6.1423531433E-02  -7.4911361427E-02   6.8380853793E-04
   27     -3.3140829806E-03  -2.6509570414E-01   4.6802314011E-02  -7.9527502543E-02   6.8936504065E-04
   28      1.1855662768E-02   4.5717753452E-02  -5.6014512641E-02   1.6846222165E-02   1.2962690510E-03
   29      2.5682082287E-03  -7.9823289689E-02   1.7408965942E-02  -7.5044095682E-02  -6.4001802920E-05
   30      1.0525678836E-02  -4.6073280658E-02  -2.1713338974E-04   1.5743546197E-03   3.4205927675E-05
   31     -3.1834432558E-02  -2.0798398358E-04  -4.5462845564E-02  -4.6429292938E-03   4.0871902576E-04
   32     -1.3831018943E-02   1.5979440362E-03  -4.7749695536E-03  -2.9859894402E-01   7.8234757861E-06
   33      2.2332474598E-02   3.6199845159E-04   1.1670656011E-03  -1.4307575039E-04  -4.5795322181E-02
   34      2.5024664404E-02   3.2836002617E-04   1.7345432313E-03   1.4981583994E-03   3.7259867591E-04
   35     -1.3870657493E-02  -3.4058367201E-04  -8.2630543404E-04   8.5707283069E-04   3.3098998106E-03
   36     -7.8255534211E-03   7.0743996909E-04   1.3459180572E-03  -2.4487660302E-04  -2.6570653291E-01
   37     -9.5701416498E-03  -8.9349958053E-04   1.6634320083E-03  -4.3546436469E-04   4.5412967827E-02
   38      2.5523420023E-03  -2.3165035041E-04  -3.5076981710E-04  -1.4758877592E-05  -7.9978116405E-02
   39     -8.6552679857E-03  -2.8421952165E-03  -2.6719450808E-03   1.4154062055E-03  -6.8169382792E-02
   40     -8.8489251930E-03  -4.7926203282E-03  -2.5078702708E-03   2.9873476153E-03   6.6783704078E-02
   41      2.5618908861E-03   1.3491224547E-03   1.3719730330E-03  -2.2980477422E-04   2.4786302297E-02
                   10                 11                 12                 13                 14        
    0     -7.1871344186E-04  -6.4270124951E-03  -6.9252886211E-02   6.9257414704E-02   2.6279276863E-02
    1      3.5867817657E-03  -7.5431075346E-03   6.8260958697E-02  -2.5195217679E-01  -7.7103759301E-02
    2     -2.2184980243E-03   3.2859865277E-03   2.5748483181E-02  -7.6941432951E-02  -7.4876792260E-02
    3     -4.4272233208E-02   2.2760816294E-02  -9.1037845412E-03   6.7161422695E-04  -3.3155131298E-03
    4     -1.2496724395E-01   2.5501575123E-02   2.7527293091E-02  -6.7610836768E-03   1.0722747574E-02
    5      2.3098941663E-02  -8.9144571327E-02   1.2165759191E-02  -1.9330735815E-03   2.5573172892E-03
    6     -2.0637317735E-02  -6.7675136283E-03  -6.2838936251E-03   1.9811119204E-03  -1.8863424008E-03
    7     -3.3476201808E-02  -7.2547109304E-03  -1.4945097571E-04   9.3172175040E-04   2.9629232142E-04
    8      9.3521214963E-03   3.2714210307E-03  -2.9126397618E-03   1.5515168153E-03  -2.2726837680E-04
    9     -5.0574850667E-02   2.3924761513E-02   1.6489341315E-03  -7.9649108036E-04   4.1721257976E-04
   10      5.1154646515E-01   2.6832186839E-02   1.4137142984E-03   7.4742616080E-04  -2.1921489419E-05
   11      2.6832186839E-02   5.4147204254E-01   4.9528893840E-04  -6.3625552443E-07  -1.6700087919E-05
   12      1.4137142984E-03   4.9528893840E-04   7.6791642287E-02  -7.7988097875E-02  -2.7061970415E-02
   13      7.4742616080E-04  -6.3625552443E-07  -7.7988097875E-02   2.7362770973E-01   8.4056983417E-02
   14     -2.1921489419E-05  -1.6700087919E-05  -2.7061970415E-02   8.4056983417E-02   7.7571405327E-02
   15      6.3833532947E-04  -1.2171224776E-03  -8.7959151405E-04  -9.5561490078E-04   9.5832935382E-03
   16      5.3533020512E-05  -8.7140440341E-04  -1.1701264848E-03   8.7226915087E-04  -2.9249887585E-02
   17      1.0896317663E-04   8.3735249156E-04  -2.3240087575E-04   1.1063833238E-03  -9.5229989503E-03
   18      3.0818836862E-03  -3.3010845686E-03   6.3654884709E-03   7.3511282018E-03  -4.1407855152E-03
   19      4.5557062009E-04  -2.7330076080E-04  -1.8136545237E-02  -1.8487924980E-02   1.0535239756E-02
   20      4.7667217085E-04  -2.3094264521E-04  -7.9662716667E-03  -7.9998387039E-03   3.0100342877E-03
   21     -1.7085632636E-03   2.2407871531E-02   1.2173484011E-03   1.0557437362E-04   5.9989676254E-04
   22     -2.2733815330E-03   2.5129957433E-02  -3.4616406380E-04   1.2040848393E-04   3.2100731798E-04
   23      1.0415683775E-03  -1.1524116766E-02  -1.7459253006E-04   5.1944764887E-04   4.8017233172E-04
   24      1.5967884900E-03   1.0967318402E-04   1.9353891518E-04  -1.2665112076E-04  -2.9799037171E-05
   25     -5.2803693523E-03  -3.3079695828E-03   2.5959725463E-05   4.5401008440E-04  -2.9790133801E-04
   26     -1.7954077282E-03  -2.2979323286E-04  -2.1314423651E-04  -6.6198638351E-05  -1.1760216225E-04
   27     -9.2613696541E-04  -5.6600226632E-05  -6.4337296933E-04   3.7523937079E-04  -4.3570277430E-04
   28      1.7080329281E-03   4.8202572096E-04   2.1192584708E-03  -3.7916846168E-04   4.6347488211E-04
   29      4.0709373847E-04  -1.6387266059E-05   5.1914541095E-04  -3.7873366540E-04   6.7888324596E-04
   30     -4.3503544617E-04  -7.2130773838E-04   6.0634771472E-05  -1.7977464190E-04  -2.9406089403E-04
   31      2.0599350528E-03  -1.3110883805E-03  -3.3495790596E-04   1.1546342308E-04   2.5971844779E-04
   32      8.9538700005E-04   8.4598375953E-04  -1.4233741502E-05   7.4528549764E-06   4.2177009315E-04
   33      3.7116104644E-04   3.2398494742E-03  -1.1509153644E-04   5.0732768482E-05   2.8101991639E-05
   34     -4.5742493216E-02   3.6888537519E-03  -8.2859773803E-05  -2.6460252357E-05  -1.7009485218E-04
   35      3.7772974374E-03  -2.9861393074E-01   3.8732002566E-05   5.5222224141E-05  -7.8695925619E-05
   36      4.4402932581E-02  -7.9526912077E-02   4.3290041604E-04  -1.0377277350E-05   4.8774320767E-05
   37     -5.5409123329E-02   1.6203139334E-02  -1.6222360018E-04   2.0791912891E-04   2.1591014897E-04
   38      1.5845020933E-02  -7.4912333067E-02  -2.4311654250E-04   1.7563237974E-04  -1.1776225684E-04
   39      6.7736962923E-02   2.5069924329E-02  -4.3186699560E-04   2.5173010950E-04   2.0495143500E-04
   40     -2.5300893151E-01  -7.7292203817E-02  -9.6429714500E-04   5.2988624187E-04  -3.2596209021E-05
   41     -7.7782742128E-02  -7.5024011221E-02  -1.4637227771E-04  -1.4793795882E-04   2.3823744475E-04
                   15                 16                 17                 18                 19        
    0     -4.5437227902E-02  -1.5274117843E-04  -5.0411421693E-03  -1.4841990659E-01  -1.1405056128E-01
    1     -1.3448704829E-04  -4.6101391190E-02   8.6620774995E-04  -1.1305668963E-01  -1.7248935686E-01
    2     -4.8895315696E-03   8.6197824921E-04  -2.9850834743E-01   5.4372334555E-02   6.0384910308E-02
    3     -2.6768266049E-03   2.6957781806E-04  -1.1299993451E-03  -1.9057875826E-02   4.6584460565E-03
    4      2.5859360004E-04  -1.4507968146E-03   2.5244301773E-04  -2.2203740653E-02   3.1550367744E-03
    5     -3.2822886013E-02   6.8154901483E-03  -1.3839272451E-02   1.2000305692E-02  -3.0404986637E-03
    6      1.5586143284E-03  -4.3860749984E-04   7.7856127812E-04   1.2938616531E-03   5.8877779949E-04
    7     -1.2877360076E-03   5.2708140754E-04  -4.6901345404E-04  -1.6260085078E-03   1.1228753361E-03
    8     -7.7770014729E-04   1.2734915564E-03   8.3678029599E-04   4.4174631081E-04  -2.0438131651E-04
    9      2.0377639608E-03  -2.0082018698E-04   8.8976578338E-04  -5.8151782702E-03   9.4199731577E-04
   10      6.3833532947E-04   5.3533020512E-05   1.0896317663E-04   3.0818836862E-03   4.5557062009E-04
   11     -1.2171224776E-03  -8.7140440341E-04   8.3735249156E-04  -3.3010845686E-03  -2.7330076080E-04
   12     -8.7959151405E-04  -1.1701264848E-03  -2.3240087575E-04   6.3654884709E-03  -1.8136545237E-02
   13     -9.5561490078E-04   8.7226915087E-04   1.1063833238E-03   7.3511282018E-03  -1.8487924980E-02
   14      9.5832935382E-03  -2.9249887585E-02  -9.5229989503E-03  -4.1407855152E-03   1.0535239756E-02
   15      5.1008178289E-02  -1.1380172550E-03   9.2851276429E-03   1.8932800217E-04   1.2710549552E-03
   16     -1.1380172550E-03   4.5819937140E-02  -1.7774139707E-03   1.4807149305E-03  -1.5992514145E-04
   17      9.2851276429E-03  -1.7774139707E-03   3.2719155052E-01  -6.2664879437E-04  -9.1014139322E-04
   18      1.8932800217E-04   1.4807149305E-03  -6.2664879437E-04   1.6493852291E-01   1.2498120788E-01
   19      1.2710549552E-03  -1.5992514145E-04  -9.1014139322E-04   1.2498120788E-01   1.8515058439E-01
   20      2.0445292634E-02   2.3009059524E-02  -9.5770906501E-03  -5.8454498160E-02  -6.6427098086E-02
   21     -5.8711552578E-03   1.3471715168E-03  -2.7119229984E-03   1.1374213383E-03  -5.5321771525E-04
   22      1.3470056579E-03   3.4694599808E-04   5.5821190804E-04  -9.8341478540E-05   2.0395421525E-04
   23     -2.2264575202E-03   4.5626678794E-04   1.0273477083E-03  -3.8441200618E-04  -4.3018179263E-04
   24     -6.5403986792E-05  -2.2443418673E-05  -6.7047810202E-05  -3.0163071603E-05  -1.8696461607E-05
   25      1.0956641017E-04  -7.8731086948E-05   4.8029883885E-06   1.1828460511E-03   1.0556574142E-04
   26      1.3141095996E-04   1.0966165514E-04  -7.9169768935E-05  -6.7145631925E-05   1.9903816056E-04
   27      1.7312591022E-04  -1.6854982242E-04   9.4749299368E-06   4.6134235024E-04  -9.5853801702E-05
   28     -3.1773162562E-04   2.9132820025E-06   7.5591252203E-06   6.3747854405E-05   1.9408450389E-04
   29      2.8907511344E-04  -2.5899859843E-04   4.2372982209E-04  -2.8952296758E-04  -6.2172812199E-05
   30     -1.7183980466E-05   3.1875082807E-04  -3.9989642874E-04  -9.0929887947E-05  -2.5902733788E-05
   31      3.5221162772E-04   5.9989912585E-05   8.0270308963E-04   1.0542465505E-04  -5.5651673964E-05
   32      8.3347430500E-04  -2.9265561980E-04   4.3083903529E-04   1.1067742375E-05  -6.6102684789E-05
   33     -2.4929208512E-04  -1.8321041385E-04  -6.8863370756E-04   2.6049604477E-04   1.1711816653E-04
   34     -2.1769311366E-04   2.9536207008E-04  -5.8078500823E-04   2.7870672717E-04  -7.9121342367E-05
   35      8.9376688605E-04  -5.4803472253E-05   4.3524747420E-04  -1.9573737979E-05  -2.3287767243E-06
   36      3.2759217294E-04   2.5897566337E-05   1.5665963518E-05  -1.5148694582E-03   1.2451262688E-04
   37      1.8373965598E-04  -1.4965644016E-04   1.2500015268E-05  -1.6111208590E-03   5.0683540623E-04
   38      3.7074545894E-04   1.2565929493E-04   4.2228635334E-04   6.2946990725E-04   1.4192190955E-04
   39     -9.7921333065E-05   2.7195287568E-05  -5.8074722220E-05   2.8246233546E-04   2.1532868703E-04
   40     -1.0401897283E-04  -3.7531308437E-05   2.1843623924E-05   5.2574886122E-05   3.7747300922E-04
   41      7.8682443236E-05  -1.5070775845E-04  -7.8254447915E-05  -1.6947299728E-04   1.4818409695E-04
                   20                 21                 22                 23                 24        
    0      5.4966636690E-02  -3.6610848050E-03   6.8218205502E-04  -1.3579911567E-03   1.2541257761E-03
    1      6.0386327199E-02   6.9152643880E-04  -5.1405026794E-04   3.0766924067E-04   5.8164511366E-04
    2     -7.4990625872E-02  -3.2962696161E-02   6.8429288774E-03  -1.1501107925E-02  -2.5288314037E-04
    3     -7.3296725854E-03  -4.5694467447E-02   1.1114624893E-05   5.5343489665E-06   4.8815064316E-03
    4     -8.5332548194E-03   3.6556974827E-06  -4.5698562464E-02   5.9916453184E-05   7.4078648046E-03
    5      2.5688078985E-03   2.0433152179E-05   6.2467851464E-05  -2.8979087641E-01  -4.3951787903E-03
    6      3.8726468464E-04  -7.0944891004E-04   1.0313612128E-03   4.6565615426E-04  -1.4663515694E-01
    7     -1.5261744025E-04   1.0227525368E-03  -3.4621481824E-03  -1.3350066678E-03  -1.1393427240E-01
    8     -1.7253698473E-05   1.0555201090E-02  -3.1977026077E-02  -1.1511838044E-02   5.3784697494E-02
    9     -1.8602698356E-03  -1.8771488086E-03  -1.7068834482E-03   9.2417712532E-04  -8.3344236045E-05
   10      4.7667217085E-04  -1.7085632636E-03  -2.2733815330E-03   1.0415683775E-03   1.5967884900E-03
   11     -2.3094264521E-04   2.2407871531E-02   2.5129957433E-02  -1.1524116766E-02   1.0967318402E-04
   12     -7.9662716667E-03   1.2173484011E-03  -3.4616406380E-04  -1.7459253006E-04   1.9353891518E-04
   13     -7.9998387039E-03   1.0557437362E-04   1.2040848393E-04   5.1944764887E-04  -1.2665112076E-04
   14      3.0100342877E-03   5.9989676254E-04   3.2100731798E-04   4.8017233172E-04  -2.9799037171E-05
   15      2.0445292634E-02  -5.8711552578E-03   1.3470056579E-03  -2.2264575202E-03  -6.5403986792E-05
   16      2.3009059524E-02   1.3471715168E-03   3.4694599808E-04   4.5626678794E-04  -2.2443418673E-05
   17     -9.5770906501E-03  -2.7119229984E-03   5.5821190804E-04   1.0273477083E-03  -6.7047810202E-05
   18     -5.8454498160E-02   1.1374213383E-03  -9.8341478540E-05  -3.8441200618E-04  -3.0163071603E-05
   19     -6.6427098086E-02  -5.5321771525E-04   2.0395421525E-04  -4.3018179263E-04  -1.8696461607E-05
   20      7.7726164119E-02   4.2751810013E-04  -5.3264278343E-04   4.8594231609E-04   2.0581004828E-04
   21      4.2751810013E-04   5.6219525229E-02   1.8013342912E-06  -2.6259088466E-05   2.8913736662E-04
   22     -5.3264278343E-04   1.8013342912E-06   5.6218874952E-02  -5.9673525690E-05  -6.4882828352E-04
   23      4.8594231609E-04  -2.6259088466E-05  -5.9673525690E-05   3.1832231448E-01  -3.8182188115E-04
   24      2.0581004828E-04   2.8913736662E-04  -6.4882828352E-04  -3.8182188115E-04   1.5674096150E-01
   25     -4.6505794864E-05  -1.9654712415E-04   1.0509281712E-03  -4.3075654276E-04   1.2411054383E-01
   26      2.3498713521E-04  -5.8048779784E-04   3.6412880870E-04   4.8750654908E-04  -5.9295205338E-02
   27     -4.2206697289E-05   1.6032743702E-04  -1.6790826269E-05   5.3206942745E-04  -1.6954919972E-02
   28     -2.2124984363E-04  -4.6231395788E-04   1.1762286274E-03  -9.1536920434E-05  -2.0823353836E-02
   29     -1.1810572553E-04   2.5395513760E-04   6.3159042536E-04   4.8791938783E-04   1.0922809507E-02
   30      9.2820666750E-05  -3.9258751821E-05   2.0154795043E-03   7.0788687253E-04  -4.7683917396E-04
   31      1.4461359958E-04   2.0150676042E-03  -5.4818429127E-03  -2.1607109986E-03   1.1875831728E-03
   32     -7.7891145335E-05   8.6628485558E-04  -2.6303789987E-03   1.0245752453E-03  -8.3105606734E-04
   33     -3.7115723245E-04  -2.3827803926E-03  -3.3734803985E-03   1.5235686223E-03  -1.2011462695E-04
   34     -1.2065974979E-04  -3.3688212974E-03  -3.1530033692E-03   1.7028152861E-03   7.3189906074E-05
   35      4.2251777486E-04   1.8464227613E-03   2.0688791844E-03   1.0211525025E-03  -1.8790983014E-06
   36     -5.8866050182E-04   4.9500844234E-04   3.1418829963E-04   5.5440600160E-04   3.5046161087E-04
   37     -2.6135890946E-04   7.6453202741E-04   8.4305137583E-04  -1.0679134230E-04   2.2244334848E-04
   38      6.8111472370E-04  -2.5826634646E-05  -6.8292506349E-04   4.9535819352E-04   1.6751144291E-04
   39      8.5614026061E-05   7.1657615762E-04   7.8753364588E-04  -1.5570020586E-04   6.5621040244E-04
   40      2.8546569321E-04   3.3720399315E-04   6.2259690549E-04   5.3358368785E-04   3.7218329955E-04
   41     -1.1765851885E-04  -6.7645487401E-04  -1.0313505085E-04   4.9565043303E-04   6.8375422119E-05
                   25                 26                 27                 28                 29        
    0     -1.6232607226E-03  -1.9820362385E-04   6.3837509828E-04   6.2214269024E-04   5.1203251486E-04
    1      1.1840388275E-03   3.6444622761E-04   2.8060616000E-03  -5.9639784035E-03  -1.8362375953E-03
    2      4.1997433682E-04  -1.5085973183E-05   1.8752317923E-03  -2.7191163389E-03  -2.2473667842E-04
    3     -1.9446929065E-02  -7.6373001662E-03  -9.9914622095E-03   2.7450550603E-02   1.1061066567E-02
    4     -2.0763434166E-02  -8.2551361789E-03   5.7879525298E-04  -5.9181859921E-03  -2.1072587944E-03
    5      1.1547525197E-02   2.5668365455E-03  -3.3140829806E-03   1.1855662768E-02   2.5682082287E-03
    6     -1.1288546998E-01   5.3687073209E-02  -2.6509570414E-01   4.5717753452E-02  -7.9823289689E-02
    7     -1.7436242865E-01   6.1423531433E-02   4.6802314011E-02  -5.6014512641E-02   1.7408965942E-02
    8      6.0819747515E-02  -7.4911361427E-02  -7.9527502543E-02   1.6846222165E-02  -7.5044095682E-02
    9      3.7371813153E-03   6.8380853793E-04   6.8936504065E-04   1.2962690510E-03  -6.4001802920E-05
   10     -5.2803693523E-03  -1.7954077282E-03  -9.2613696541E-04   1.7080329281E-03   4.0709373847E-04
   11     -3.3079695828E-03  -2.2979323286E-04  -5.6600226632E-05   4.8202572096E-04  -1.6387266059E-05
   12      2.5959725463E-05  -2.1314423651E-04  -6.4337296933E-04   2.1192584708E-03   5.1914541095E-04
   13      4.5401008440E-04  -6.6198638351E-05   3.7523937079E-04  -3.7916846168E-04  -3.7873366540E-04
   14     -2.9790133801E-04  -1.1760216225E-04  -4.3570277430E-04   4.6347488211E-04   6.7888324596E-04
   15      1.0956641017E-04   1.3141095996E-04   1.7312591022E-04  -3.1773162562E-04   2.8907511344E-04
   16     -7.8731086948E-05   1.0966165514E-04  -1.6854982242E-04   2.9132820025E-06  -2.5899859843E-04
   17      4.8029883885E-06  -7.9169768935E-05   9.4749299368E-06   7.5591252203E-06   4.2372982209E-04
   18      1.1828460511E-03  -6.7145631925E-05   4.6134235024E-04   6.3747854405E-05  -2.8952296758E-04
   19      1.0556574142E-04   1.9903816056E-04  -9.5853801702E-05   1.9408450389E-04  -6.2172812199E-05
   20     -4.6505794864E-05   2.3498713521E-04  -4.2206697289E-05  -2.2124984363E-04  -1.1810572553E-04
   21     -1.9654712415E-04  -5.8048779784E-04   1.6032743702E-04  -4.6231395788E-04   2.5395513760E-04
   22      1.0509281712E-03   3.6412880870E-04  -1.6790826269E-05   1.1762286274E-03   6.3159042536E-04
   23     -4.3075654276E-04   4.8750654908E-04   5.3206942745E-04  -9.1536920434E-05   4.8791938783E-04
   24      1.2411054383E-01  -5.9295205338E-02  -1.6954919972E-02  -2.0823353836E-02   1.0922809507E-02
   25      1.9343390568E-01  -6.5539661171E-02   4.6649208920E-03   4.8083340460E-03  -2.9106247202E-03
   26     -6.5539661171E-02   7.7630866883E-02  -7.0496197049E-03  -8.8566970540E-03   3.0045501505E-03
   27      4.6649208920E-03  -7.0496197049E-03   2.8864382883E-01  -5.3664791792E-02   8.6771400476E-02
   28      4.8083340460E-03  -8.8566970540E-03  -5.3664791792E-02   6.1715535231E-02  -1.7345686583E-02
   29     -2.9106247202E-03   3.0045501505E-03   8.6771400476E-02  -1.7345686583E-02   7.7728137779E-02
   30      1.4023808032E-03   2.0531017393E-02   1.1090846286E-03  -9.4019353067E-04  -3.0153328085E-02
   31      4.9056575559E-04   2.2937601358E-02  -7.3496201662E-04  -1.1141798288E-03   6.1812038939E-03
   32     -7.3271793296E-04  -9.5568335958E-03   1.1341961380E-03  -1.0926012042E-04  -9.5283559184E-03
   33      2.3476701739E-04  -7.7831909491E-05  -2.6089021949E-05  -7.1830291310E-05  -1.7231035722E-04
   34      2.9939355689E-04  -3.8557174685E-04   6.2889122402E-05  -1.1666992559E-04   8.2752587614E-06
   35     -1.9624777480E-05   4.2138751814E-04   4.9606015328E-05   5.0395670348E-05  -8.1048955713E-05
   36      6.2859970538E-05   2.7633305101E-04   6.0885089309E-04  -8.3393576375E-04  -5.6396724701E-05
   37      3.1293048886E-04   1.1902120018E-04   3.7658611601E-04  -4.9890409502E-04   2.0697522891E-04
   38     -1.5244499373E-04  -1.1849774019E-04  -1.2866300233E-04  -1.5827272486E-04   2.3938861376E-04
   39     -1.3568155715E-03  -1.9471067757E-04   2.2724811862E-04  -1.7950256119E-04   2.0852343169E-04
   40     -1.6547091022E-03  -6.1517585526E-04  -3.5789903707E-05   4.0047072917E-04   7.3362456793E-05
   41      6.4257634731E-04   6.8220911880E-04   2.0324061787E-04  -2.2127492134E-04  -1.1808700187E-04
                   30                 31                 32                 33                 34        
    0      7.4313834240E-04  -1.3852582244E-03  -5.4877581043E-04   1.5421280554E-03   1.3035899528E-03
    1     -5.3950514213E-04   1.3524002878E-03   7.0475432429E-04   4.6936322804E-04   5.4831500679E-04
    2      1.3626150598E-03  -6.3176939933E-04   8.4456850236E-04   1.4961835572E-03   2.7473649762E-05
    3     -1.5146927761E-03   4.0349413974E-04   3.9804027661E-04  -1.9731091674E-03  -6.6482253824E-04
    4      3.8821205182E-04  -2.6023261949E-03  -1.1211364809E-03  -6.7749886914E-04  -2.1408017104E-03
    5      1.0525678836E-02  -3.1834432558E-02  -1.3831018943E-02   2.2332474598E-02   2.5024664404E-02
    6     -4.6073280658E-02  -2.0798398358E-04   1.5979440362E-03   3.6199845159E-04   3.2836002617E-04
    7     -2.1713338974E-04  -4.5462845564E-02  -4.7749695536E-03   1.1670656011E-03   1.7345432313E-03
    8      1.5743546197E-03  -4.6429292938E-03  -2.9859894402E-01  -1.4307575039E-04   1.4981583994E-03
    9      3.4205927675E-05   4.0871902576E-04   7.8234757861E-06  -4.5795322181E-02   3.7259867591E-04
   10     -4.3503544617E-04   2.0599350528E-03   8.9538700005E-04   3.7116104644E-04  -4.5742493216E-02
   11     -7.2130773838E-04  -1.3110883805E-03   8.4598375953E-04   3.2398494742E-03   3.6888537519E-03
   12      6.0634771472E-05  -3.3495790596E-04  -1.4233741502E-05  -1.1509153644E-04  -8.2859773803E-05
   13     -1.7977464190E-04   1.1546342308E-04   7.4528549764E-06   5.0732768482E-05  -2.6460252357E-05
   14     -2.9406089403E-04   2.5971844779E-04   4.2177009315E-04   2.8101991639E-05  -1.7009485218E-04
   15     -1.7183980466E-05   3.5221162772E-04   8.3347430500E-04  -2.4929208512E-04  -2.1769311366E-04
   16      3.1875082807E-04   5.9989912585E-05  -2.9265561980E-04  -1.8321041385E-04   2.9536207008E-04
   17     -3.9989642874E-04   8.0270308963E-04   4.3083903529E-04  -6.8863370756E-04  -5.8078500823E-04
   18     -9.0929887947E-05   1.0542465505E-04   1.1067742375E-05   2.6049604477E-04   2.7870672717E-04
   19     -2.5902733788E-05  -5.5651673964E-05  -6.6102684789E-05   1.1711816653E-04  -7.9121342367E-05
   20      9.2820666750E-05   1.4461359958E-04  -7.7891145335E-05  -3.7115723245E-04  -1.2065974979E-04
   21     -3.9258751821E-05   2.0150676042E-03   8.6628485558E-04  -2.3827803926E-03  -3.3688212974E-03
   22      2.0154795043E-03  -5.4818429127E-03  -2.6303789987E-03  -3.3734803985E-03  -3.1530033692E-03
   23      7.0788687253E-04  -2.1607109986E-03   1.0245752453E-03   1.5235686223E-03   1.7028152861E-03
   24     -4.7683917396E-04   1.1875831728E-03  -8.3105606734E-04  -1.2011462695E-04   7.3189906074E-05
   25      1.4023808032E-03   4.9056575559E-04  -7.3271793296E-04   2.3476701739E-04   2.9939355689E-04
   26      2.0531017393E-02   2.2937601358E-02  -9.5568335958E-03  -7.7831909491E-05  -3.8557174685E-04
   27      1.1090846286E-03  -7.3496201662E-04   1.1341961380E-03  -2.6089021949E-05   6.2889122402E-05
   28     -9.4019353067E-04  -1.1141798288E-03  -1.0926012042E-04  -7.1830291310E-05  -1.1666992559E-04
   29     -3.0153328085E-02   6.1812038939E-03  -9.5283559184E-03  -1.7231035722E-04   8.2752587614E-06
   30      4.6131621102E-02  -1.6837391236E-03  -2.9959903133E-03   3.3506760237E-04  -1.1675748504E-04
   31     -1.6837391236E-03   5.0678974213E-02   8.9229840196E-03  -1.5063083488E-04  -2.8022767665E-04
   32     -2.9959903133E-03   8.9229840196E-03   3.2725533330E-01  -4.9439634538E-04  -7.5950208273E-04
   33      3.3506760237E-04  -1.5063083488E-04  -4.9439634538E-04   4.8092651208E-02   2.8037739773E-03
   34     -1.1675748504E-04  -2.8022767665E-04  -7.5950208273E-04   2.8037739773E-03   4.8737028506E-02
   35     -1.6112092715E-04   8.8561457199E-04   4.2798612845E-04  -6.2123440561E-03  -7.0450729674E-03
   36     -3.3220339194E-05  -9.6768935413E-05   2.9648620308E-05   1.3439173338E-03  -3.4201241756E-04
   37      3.7434238142E-05  -1.0487879114E-04  -5.7088543504E-05  -1.0725626380E-04  -1.3622888832E-03
   38     -1.6061990989E-04   6.1450331586E-05  -8.0471739029E-05  -3.0141240235E-02   6.3266544520E-03
   39     -1.6834680663E-04   1.2816671163E-04   1.6681291080E-05  -1.2744596853E-03  -4.3118900541E-04
   40     -3.0581844836E-05   3.4462399754E-04   1.6363632936E-05  -6.4902749038E-04   1.2864240045E-03
   41      8.1242385171E-05   3.8191150411E-04   4.2245930346E-04   9.6845584414E-03  -2.9219123120E-02
                   35                 36                 37                 38                 39        
    0     -7.7772589508E-04  -1.6677728864E-03  -2.5281711980E-03   1.2083143229E-03   1.6012580685E-03
    1     -4.4444746371E-04  -4.6606488972E-03  -3.6777260657E-03   1.4908239980E-03  -7.8581577109E-04
    2      8.4558588661E-04   2.8138606536E-03   1.7449526059E-03  -2.2868991773E-04  -4.0119106226E-04
    3      7.6548681916E-04  -1.9598856794E-02  -2.1525251429E-02   1.0976364730E-02   5.2001501217E-03
    4      8.6808678121E-04   5.3479469632E-03   3.6870695273E-03  -2.4994448888E-03  -1.8683885404E-02
    5     -1.3870657493E-02  -7.8255534211E-03  -9.5701416498E-03   2.5523420023E-03  -8.6552679857E-03
    6     -3.4058367201E-04   7.0743996909E-04  -8.9349958053E-04  -2.3165035041E-04  -2.8421952165E-03
    7     -8.2630543404E-04   1.3459180572E-03   1.6634320083E-03  -3.5076981710E-04  -2.6719450808E-03
    8      8.5707283069E-04  -2.4487660302E-04  -4.3546436469E-04  -1.4758877592E-05   1.4154062055E-03
    9      3.3098998106E-03  -2.6570653291E-01   4.5412967827E-02  -7.9978116405E-02  -6.8169382792E-02
   10      3.7772974374E-03   4.4402932581E-02  -5.5409123329E-02   1.5845020933E-02   6.7736962923E-02
   11     -2.9861393074E-01  -7.9526912077E-02   1.6203139334E-02  -7.4912333067E-02   2.5069924329E-02
   12      3.8732002566E-05   4.3290041604E-04  -1.6222360018E-04  -2.4311654250E-04  -4.3186699560E-04
   13      5.5222224141E-05  -1.0377277350E-05   2.0791912891E-04   1.7563237974E-04   2.5173010950E-04
   14     -7.8695925619E-05   4.8774320767E-05   2.1591014897E-04  -1.1776225684E-04   2.0495143500E-04
   15      8.9376688605E-04   3.2759217294E-04   1.8373965598E-04   3.7074545894E-04  -9.7921333065E-05
   16     -5.4803472253E-05   2.5897566337E-05  -1.4965644016E-04   1.2565929493E-04   2.7195287568E-05
   17      4.3524747420E-04   1.5665963518E-05   1.2500015268E-05   4.2228635334E-04  -5.8074722220E-05
   18     -1.9573737979E-05  -1.5148694582E-03  -1.6111208590E-03   6.2946990725E-04   2.8246233546E-04
   19     -2.3287767243E-06   1.2451262688E-04   5.0683540623E-04   1.4192190955E-04   2.1532868703E-04
   20      4.2251777486E-04  -5.8866050182E-04  -2.6135890946E-04   6.8111472370E-04   8.5614026061E-05
   21      1.8464227613E-03   4.9500844234E-04   7.6453202741E-04  -2.5826634646E-05   7.1657615762E-04
   22      2.0688791844E-03   3.1418829963E-04   8.4305137583E-04  -6.8292506349E-04   7.8753364588E-04
   23      1.0211525025E-03   5.5440600160E-04  -1.0679134230E-04   4.9535819352E-04  -1.5570020586E-04
   24     -1.8790983014E-06   3.5046161087E-04   2.2244334848E-04   1.6751144291E-04   6.5621040244E-04
   25     -1.9624777480E-05   6.2859970538E-05   3.1293048886E-04  -1.5244499373E-04  -1.3568155715E-03
   26      4.2138751814E-04   2.7633305101E-04   1.1902120018E-04  -1.1849774019E-04  -1.9471067757E-04
   27      4.9606015328E-05   6.0885089309E-04   3.7658611601E-04  -1.2866300233E-04   2.2724811862E-04
   28      5.0395670348E-05  -8.3393576375E-04  -4.9890409502E-04  -1.5827272486E-04  -1.7950256119E-04
   29     -8.1048955713E-05  -5.6396724701E-05   2.0697522891E-04   2.3938861376E-04   2.0852343169E-04
   30     -1.6112092715E-04  -3.3220339194E-05   3.7434238142E-05  -1.6061990989E-04  -1.6834680663E-04
   31      8.8561457199E-04  -9.6768935413E-05  -1.0487879114E-04   6.1450331586E-05   1.2816671163E-04
   32      4.2798612845E-04   2.9648620308E-05  -5.7088543504E-05  -8.0471739029E-05   1.6681291080E-05
   33     -6.2123440561E-03   1.3439173338E-03  -1.0725626380E-04  -3.0141240235E-02  -1.2744596853E-03
   34     -7.0450729674E-03  -3.4201241756E-04  -1.3622888832E-03   6.3266544520E-03  -4.3118900541E-04
   35      3.2726707266E-01   1.0679998911E-03  -3.3933473518E-04  -9.5210857032E-03  -4.6243389010E-04
   36      1.0679998911E-03   2.9180785648E-01  -4.6360822571E-02   8.6361259165E-02  -7.5527749265E-03
   37     -3.3933473518E-04  -4.6360822571E-02   5.8512696099E-02  -1.8634851099E-02   2.6202357922E-02
   38     -9.5210857032E-03   8.6361259165E-02  -1.8634851099E-02   7.7591684000E-02   1.1191588304E-02
   39     -4.6243389010E-04  -7.5527749265E-03   2.6202357922E-02   1.1191588304E-02   7.1853042551E-02
   40      1.0303360829E-03   6.6859416309E-04  -4.5313564302E-03  -1.6896781560E-03  -7.1252819601E-02
   41     -9.5326039527E-03  -2.9215685894E-03   1.0903755554E-02   3.0114254156E-03  -2.8270786160E-02
                   40                 41        
     0      1.4386636314E-03  -3.2840658918E-04
     1      7.8986868125E-04  -2.6323903397E-04
     2     -2.8970657367E-04  -1.6807130932E-05
     3      8.1889289441E-03  -3.7329868917E-03
     4     -2.1077995519E-02   1.0623080032E-02
     5     -8.8489251930E-03   2.5618908861E-03
     6     -4.7926203282E-03   1.3491224547E-03
     7     -2.5078702708E-03   1.3719730330E-03
     8      2.9873476153E-03  -2.2980477422E-04
     9      6.6783704078E-02   2.4786302297E-02
    10     -2.5300893151E-01  -7.7782742128E-02
    11     -7.7292203817E-02  -7.5024011221E-02
    12     -9.6429714500E-04  -1.4637227771E-04
    13      5.2988624187E-04  -1.4793795882E-04
    14     -3.2596209021E-05   2.3823744475E-04
    15     -1.0401897283E-04   7.8682443236E-05
    16     -3.7531308437E-05  -1.5070775845E-04
    17      2.1843623924E-05  -7.8254447915E-05
    18      5.2574886122E-05  -1.6947299728E-04
    19      3.7747300922E-04   1.4818409695E-04
    20      2.8546569321E-04  -1.1765851885E-04
    21      3.3720399315E-04  -6.7645487401E-04
    22      6.2259690549E-04  -1.0313505085E-04
    23      5.3358368785E-04   4.9565043303E-04
    24      3.7218329955E-04   6.8375422119E-05
    25     -1.6547091022E-03   6.4257634731E-04
    26     -6.1517585526E-04   6.8220911880E-04
    27     -3.5789903707E-05   2.0324061787E-04
    28      4.0047072917E-04  -2.2127492134E-04
    29      7.3362456793E-05  -1.1808700187E-04
    30     -3.0581844836E-05   8.1242385171E-05
    31      3.4462399754E-04   3.8191150411E-04
    32      1.6363632936E-05   4.2245930346E-04
    33     -6.4902749038E-04   9.6845584414E-03
    34      1.2864240045E-03  -2.9219123120E-02
    35      1.0303360829E-03  -9.5326039527E-03
    36      6.6859416309E-04  -2.9215685894E-03
    37     -4.5313564302E-03   1.0903755554E-02
    38     -1.6896781560E-03   3.0114254156E-03
    39     -7.1252819601E-02  -2.8270786160E-02
    40      2.7846705057E-01   8.3818331208E-02
    41      8.3818331208E-02   7.7705354445E-02

$vibrational_frequencies
42
    0        0.0000000000000000
    1        0.0000000000000000
    2        0.0000000000000000
    3        0.0000000000000000
    4        0.0000000000000000
    5        0.0000000000000000
    6      219.4760441065440943
    7      272.1092787646750253
    8      272.6167078086497213
    9      371.2486483702921305
   10      371.4756433515573235
   11      438.5221106383698384
   12      801.4437590220164793
   13      923.3053275965165767
   14      923.7639775431822500
   15      951.9750001681914000
   16      973.2629884737693828
   17      973.3793961704485582
   18     1190.6468551989396474
   19     1190.9100883067178529
   20     1209.2308404776299540
   21     1348.6399132544088388
   22     1348.7152423421468939
   23     1387.9630003949430375
   24     1388.1963515320792339
   25     1419.0563265666924053
   26     1473.0518357089513302
   27     1481.8857238229181803
   28     1481.9665392771169081
   29     1500.4120873362712700
   30     1500.5364979961414065
   31     1510.4573898733453916
   32     2989.7540977085163831
   33     2995.6656936863050760
   34     2995.7833636993027540
   35     3001.5543542823602365
   36     3068.0446451221891948
   37     3068.2961481915372133
   38     3077.6089259683863020
   39     3079.5504052281885379
   40     3082.7541397682248316
   41     3083.2024970880438559

$normal_modes
42 42
                    0                  1                  2                  3                  4        
    0      0.0000000000E+00   0.0000000000E+00   0.0000000000E+00   0.0000000000E+00   0.0000000000E+00
    1      0.0000000000E+00   0.0000000000E+00   0.0000000000E+00   0.0000000000E+00   0.0000000000E+00
    2      0.0000000000E+00   0.0000000000E+00   0.0000000000E+00   0.0000000000E+00   0.0000000000E+00
    3      0.0000000000E+00   0.0000000000E+00   0.0000000000E+00   0.0000000000E+00   0.0000000000E+00
    4      0.0000000000E+00   0.0000000000E+00   0.0000000000E+00   0.0000000000E+00   0.0000000000E+00
