
$orca_hessian_file

$act_atom
  0

$act_coord
  0

$act_energy
        0.000000

$multiplicity
  1

$hessian
39
                    0                  1                  2                  3                  4        
    0      7.3416210479E-01  -6.0881149678E-03  -4.4848890996E-06  -1.5990615218E-01   1.0566078007E-01
    1     -6.0881149678E-03   6.5843519317E-01   5.1273193088E-06   5.0034319862E-02  -2.9280580359E-01
    2     -4.4848890996E-06   5.1273193088E-06   1.2014176328E-01   1.2692138703E-06  -3.0302097498E-06
    3     -1.5990615218E-01   5.0034319862E-02   1.2692138703E-06   6.7671771177E-01   4.0321970339E-02
    4      1.0566078007E-01  -2.9280580359E-01  -3.0302097498E-06   4.0321970339E-02   7.1065995753E-01
    5      1.5797964019E-06  -2.7065059517E-06  -5.3818936647E-02  -1.5224474426E-06   6.6131568153E-06
    6     -2.3654878073E-02   7.5055183675E-02   6.7577105615E-07  -3.2915972988E-01  -1.2023470003E-02
    7      3.2585364913E-02   1.8884134505E-02  -8.5059079625E-08   4.7675586859E-02  -1.2603090222E-01
    8      4.5763756122E-07  -2.4225191251E-07   4.6585411596E-03   1.8607608366E-06  -7.9669973263E-07
    9      1.3243858638E-03  -4.2718278225E-03  -1.2035465916E-07  -3.8907529378E-02  -2.1609054006E-02
   10     -1.5950368896E-03  -6.3035234432E-02  -4.7272155024E-07  -7.0881534167E-02   3.6575047546E-02
   11     -4.6127022342E-08  -6.1047633549E-07  -1.9221433102E-03  -4.4609988207E-07   6.5349854126E-07
   12     -3.7108226582E-02  -7.0798123170E-02  -1.2205475901E-07  -4.0687588196E-02   3.5145372859E-02
   13     -2.4830101371E-02   4.5208747455E-02   5.0147111549E-07   3.4858683144E-02  -2.1143051059E-02
   14     -1.4314064821E-08   6.0889087964E-07  -1.4649673867E-03   6.1646111140E-07  -6.0738165383E-07
   15     -1.9391594783E-01  -7.3942053002E-02   2.4365471042E-07   5.2877285750E-02  -3.1083316893E-02
   16     -1.2887905476E-01  -2.6886780578E-01  -1.1098247071E-06   1.0006454296E-02  -5.8851890519E-02
   17     -1.4776865922E-07  -1.3790198126E-06  -4.8596545848E-02  -2.6447514615E-07  -2.8848312548E-07
   18     -3.0582752109E-03   9.4360499333E-03   1.7268354122E-07   9.1486721702E-04  -4.9806140286E-03
   19      1.6747211475E-03  -1.1503282949E-03  -6.9751319730E-08  -5.7668693906E-03  -1.7372401121E-03
   20      4.6348471050E-08  -7.9610077602E-08   7.4899184120E-03   1.0915615929E-07  -2.9990704480E-08
   21     -2.6163835617E-03  -3.4415131074E-04  -8.0012495421E-08   3.6337773211E-03  -5.5538849530E-03
   22     -2.0338985043E-04   9.8651462086E-04   4.2364483090E-08   1.0668015403E-04  -3.0811702093E-03
   23      6.3725352103E-08   6.4751236594E-08  -7.1870700529E-04  -1.2887745519E-08  -1.4740273317E-08
   24     -3.3191179882E-01   2.5527334547E-02   2.5453030663E-06  -9.5032089271E-03  -1.2817157942E-03
   25      2.5968450811E-02  -6.0727446377E-02  -5.1545034650E-07   2.9173652069E-02   2.7713802126E-03
   26      2.6940292896E-06  -6.5148996223E-07  -3.2229585512E-02   1.1951128852E-07   2.2578540158E-07
   27      1.1228628752E-02   1.2175206913E-02   1.1426155850E-07  -1.4644245088E-01  -1.2985706621E-01
   28     -1.8532051135E-02  -1.8351493732E-02  -9.1112373943E-08  -1.3001847566E-01  -2.4708566133E-01
   29     -2.5655820762E-07  -7.7312413102E-08   4.7680896277E-07  -1.5422139508E-06  -2.6498214650E-06
   30     -5.9214164031E-03  -4.9827879592E-04   4.8675366901E-08  -7.8990359947E-03   2.8860816134E-02
   31      9.5443378318E-05   1.8770736176E-03  -2.9402498439E-08  -5.6966470784E-04   1.9688240690E-03
   32      5.4016193297E-08  -5.6886775296E-08   6.9551626324E-03  -6.0821152326E-08  -1.3059103558E-07
   33      1.2094897250E-02  -1.6612911764E-02  -2.5570428539E-07  -1.3281510053E-03  -3.6054946934E-03
   34      1.3871666018E-02  -1.9184455178E-02  -2.0979940735E-07  -4.7832298049E-03  -2.2948586186E-03
   35      4.5880195213E-08  -1.2439919887E-08   9.1978613066E-05  -6.3952002298E-08   1.5481999762E-08
   36     -7.1693799296E-04   3.2648931834E-04   2.4299661248E-08  -3.0979561518E-04  -3.3595275194E-05
   37      2.7219921948E-04  -1.2690959875E-03  -2.1548206351E-09  -1.1830053979E-04   1.0553683034E-03
   38     -2.2623943061E-08  -4.0637318527E-08  -5.8695519992E-04  -3.1676441788E-08  -2.9462902248E-10
                    5                  6                  7                  8                  9        
    0      1.5797964019E-06  -2.3654878073E-02   3.2585364913E-02   4.5763756122E-07   1.3243858638E-03
    1     -2.7065059517E-06   7.5055183675E-02   1.8884134505E-02  -2.4225191251E-07  -4.2718278225E-03
    2     -5.3818936647E-02   6.7577105615E-07  -8.5059079625E-08   4.6585411596E-03  -1.2035465916E-07
    3     -1.5224474426E-06  -3.2915972988E-01   4.7675586859E-02   1.8607608366E-06  -3.8907529378E-02
    4      6.6131568153E-06  -1.2023470003E-02  -1.2603090222E-01  -7.9669973263E-07  -2.1609054006E-02
    5      1.1618458582E-01   7.4934656004E-07  -1.1459615128E-06  -5.4722273680E-02   7.6423136131E-08
    6      7.4934656004E-07   6.7450012861E-01  -3.7058117013E-02  -4.0148190662E-06  -1.6748703468E-01
    7     -1.1459615128E-06  -3.7058117013E-02   7.2067849170E-01   5.8489766016E-06  -1.2264084139E-01
    8     -5.4722273680E-02  -4.0148190662E-06   5.8489766016E-06   1.2551050491E-01  -1.5483939197E-07
    9      7.6423136131E-08  -1.6748703468E-01  -1.2264084139E-01  -1.5483939197E-07   4.8853776975E-01
   10      7.7023747839E-07  -6.7862262727E-02  -2.7312254014E-01  -1.3653372513E-06   2.6543466563E-02
   11      5.2015838230E-03   6.5404499728E-07  -6.4332659950E-07  -5.6810946596E-02  -3.3160324652E-06
   12      5.6254172035E-07   6.1387662856E-02   8.6294196520E-03  -2.6659440165E-07  -1.3600699397E-01
   13     -3.1524113530E-07  -3.5797411483E-02  -5.1627315064E-02  -1.9619173491E-07   1.0965551156E-01
   14     -1.6348152531E-03  -6.4696103344E-07  -1.7106306124E-07   1.8964417592E-03   1.0604014812E-06
   15     -5.8646504860E-07  -4.5548308734E-02  -1.8381241283E-02   1.6412521278E-07  -2.0745502609E-02
   16     -5.9470812069E-07  -2.3752587177E-02  -1.1257537632E-02   1.2281538524E-07   2.5172907842E-02
   17      4.3248376143E-03   6.0606532617E-08   3.9547548264E-08  -1.8151983939E-03   3.9241863066E-07
   18     -3.5217459235E-08  -5.9753063335E-03   3.1955178133E-03   1.3433792992E-08   1.1388440127E-02
   19      3.0918359905E-08   8.9328694671E-03   1.7974839028E-03  -1.1782590838E-07  -3.0393559750E-02
   20     -1.5171518909E-03   3.0360055401E-08  -2.3218595492E-07   4.0344489445E-03  -2.5656368259E-07
   21      9.1331241242E-08  -4.2631803019E-02   6.6946895132E-04   5.8559705042E-07  -1.3578697754E-01
   22     -8.1929700551E-08  -2.2607217384E-02   6.0814147737E-03   3.2437500849E-07   7.1098720568E-03
   23      4.8432789150E-03   2.9408166341E-07  -1.3701757226E-07   3.5683427859E-03   1.8760518189E-06
   24      3.9498129022E-08   1.0422612437E-03   3.1024373283E-03   2.7712903090E-08   8.0137866215E-04
   25     -1.5823948670E-07   2.1698802476E-03  -5.1402901077E-03  -1.2979743546E-07  -3.9615074089E-04
   26      1.2388932574E-03   1.5378294849E-07  -1.1881158041E-07   7.2273522150E-03  -3.3353541331E-09
   27     -1.3733285068E-06  -1.4220575060E-02  -2.7467839073E-02  -3.0922882822E-07  -3.7718148502E-03
   28     -2.4063164428E-06   3.5931463200E-03   5.2174106663E-03   8.4875007844E-09   1.0238226904E-03
   29     -2.9773353292E-02   2.0784593631E-07   1.6540562574E-07   5.3672653847E-04   7.9217453350E-08
   30      3.7598963092E-07  -1.0812514192E-01   1.1094614001E-01   1.6575876530E-06   8.8638026329E-03
   31      3.3831490352E-08   1.0808112549E-01  -2.8485881537E-01  -3.4258159961E-06   1.3495326076E-02
   32      2.4941877988E-03   1.7462935111E-06  -3.5525448538E-06  -3.4367251693E-02   1.3360566911E-07
   33      3.9418596168E-08  -1.1667157449E-03  -9.1277231035E-04  -4.0419732797E-08  -4.4417221257E-03
   34     -6.2091322323E-08  -6.7002612516E-04   4.7343609121E-04   2.4459129592E-08   1.7150501640E-04
   35      7.0511505947E-03   5.5925396117E-08   1.6946068662E-08  -1.1697406679E-03   1.2476009532E-07
   36     -2.7416460995E-08   1.0394407292E-03  -8.5791630504E-05   2.9566979803E-08  -3.7682018778E-03
   37      6.3139140198E-08   1.6815538884E-03  -1.0949710959E-03  -4.1611507540E-08  -4.1717749582E-03
   38      1.2801294518E-04   2.3200873572E-08   1.5122234174E-09   1.4530527225E-03   7.3331156728E-08
                   10                 11                 12                 13                 14        
    0     -1.5950368896E-03  -4.6127022342E-08  -3.7108226582E-02  -2.4830101371E-02  -1.4314064821E-08
    1     -6.3035234432E-02  -6.1047633549E-07  -7.0798123170E-02   4.5208747455E-02   6.0889087964E-07
    2     -4.7272155024E-07  -1.9221433102E-03  -1.2205475901E-07   5.0147111549E-07  -1.4649673867E-03
    3     -7.0881534167E-02  -4.4609988207E-07  -4.0687588196E-02   3.4858683144E-02   6.1646111140E-07
    4      3.6575047546E-02   6.5349854126E-07   3.5145372859E-02  -2.1143051059E-02  -6.0738165383E-07
    5      7.7023747839E-07   5.2015838230E-03   5.6254172035E-07  -3.1524113530E-07  -1.6348152531E-03
    6     -6.7862262727E-02   6.5404499728E-07   6.1387662856E-02  -3.5797411483E-02  -6.4696103344E-07
    7     -2.7312254014E-01  -6.4332659950E-07   8.6294196520E-03  -5.1627315064E-02  -1.7106306124E-07
    8     -1.3653372513E-06  -5.6810946596E-02  -2.6659440165E-07  -1.9619173491E-07   1.8964417592E-03
    9      2.6543466563E-02  -3.3160324652E-06  -1.3600699397E-01   1.0965551156E-01   1.0604014812E-06
   10      6.5773294906E-01   3.0612517748E-06   4.4134563505E-02  -2.6324550512E-01  -1.4249432068E-06
   11      3.0612517748E-06   1.1519986698E-01   5.5531142741E-07  -1.9819144705E-06  -6.4642686590E-02
   12      4.4134563505E-02   5.5531142741E-07   6.7288840913E-01  -1.2356160052E-02  -5.2975925050E-06
   13     -2.6324550512E-01  -1.9819144705E-06  -1.2356160052E-02   6.8899800756E-01   2.4365042708E-06
   14     -1.4249432068E-06  -6.4642686590E-02  -5.2975925050E-06   2.4365042708E-06   1.4781584698E-01
   15      7.0858205134E-02   6.4219836466E-07  -3.0445965845E-01  -8.5260921241E-03   2.3669614156E-06
   16      2.3818315614E-02  -1.6676939584E-07   6.5382641690E-02  -1.3240415253E-01  -8.7021361799E-07
   17     -1.7119624072E-07   5.2043102262E-03   2.5604690230E-06  -5.6375359574E-07  -5.8244689338E-02
   18      7.8337415733E-03   2.2435437893E-07  -1.7569603991E-01  -5.9700223172E-02   1.3414247498E-06
   19     -5.5583976894E-02   1.9858650517E-07  -1.0897239868E-01  -2.1580166917E-01   7.4987245811E-07
   20     -1.4260810679E-07   5.6131232512E-03   1.8134877254E-06  -5.8961086804E-08  -4.1790844684E-02
   21      1.2581228623E-02   1.6875705388E-06  -4.0847743487E-02  -7.6030353856E-04   4.7748618871E-07
   22     -4.3301259923E-02  -1.6453625189E-07   2.5967900625E-02   7.7137608925E-05  -3.5435563891E-07
   23     -2.3400572062E-07  -2.4330204650E-02   7.6424068102E-07   1.1725992955E-07   5.0960483687E-03
   24     -1.3788918449E-04   5.7268347795E-08   1.0179716180E-03  -3.2437856078E-03  -1.0193575256E-07
   25     -1.4883842494E-03   3.5364131729E-09  -2.2111981086E-03  -4.0055136209E-03  -6.8872065969E-08
   26     -8.6327071735E-08  -9.8517731825E-04  -6.5315470677E-09  -2.6153648747E-08   7.7515896825E-03
   27      1.8503787181E-03   1.0055216512E-07  -1.0019017993E-03   1.0524965344E-03  -7.4588855325E-09
   28      1.6077554978E-03  -3.4169496150E-08   1.0044798107E-03  -1.1213639943E-04   3.3606906720E-08
   29      3.6714533816E-08   6.9966391214E-03  -4.0482528687E-08  -1.5366365514E-08  -8.9947459734E-04
   30     -1.7250493646E-02  -2.3253406597E-07  -1.9449783271E-03  -2.5269788945E-03  -6.1580544865E-09
   31     -1.9645018721E-02  -3.0444852529E-07  -3.9518637865E-03  -1.3321118801E-03   3.4794377525E-08
   32     -1.7895273679E-08   2.8489365006E-03  -1.1067059608E-08  -3.2010299943E-08   6.0594615592E-03
   33     -9.7168257081E-04   1.3407526423E-07  -9.9226575717E-03   3.0077962729E-02   2.4300065387E-07
   34      1.6714611322E-03  -4.3723727567E-08  -2.5338449802E-03  -4.6472915200E-03   1.2429814239E-07
   35     -8.6703145076E-08   5.4684852704E-03  -2.2017779467E-07  -1.9537786897E-07   3.1440020649E-03
   36     -4.7918880670E-03   2.0334063136E-08   1.2381744685E-02  -2.8266637518E-02  -3.7687285295E-07
   37     -1.9836093743E-03   9.5218916535E-08   2.0922250429E-02  -3.9965146262E-02  -6.7483110057E-07
   38      7.0806431299E-08   2.1582132921E-03   5.4007566881E-08   5.1342820068E-07  -3.0859125623E-03
                   15                 16                 17                 18                 19        
    0     -1.9391594783E-01  -1.2887905476E-01  -1.4776865922E-07  -3.0582752109E-03   1.6747211475E-03
    1     -7.3942053002E-02  -2.6886780578E-01  -1.3790198126E-06   9.4360499333E-03  -1.1503282949E-03
    2      2.4365471042E-07  -1.1098247071E-06  -4.8596545848E-02   1.7268354122E-07  -6.9751319730E-08
    3      5.2877285750E-02   1.0006454296E-02  -2.6447514615E-07   9.1486721702E-04  -5.7668693906E-03
    4     -3.1083316893E-02  -5.8851890519E-02  -2.8848312548E-07  -4.9806140286E-03  -1.7372401121E-03
    5     -5.8646504860E-07  -5.9470812069E-07   4.3248376143E-03  -3.5217459235E-08   3.0918359905E-08
    6     -4.5548308734E-02  -2.3752587177E-02   6.0606532617E-08  -5.9753063335E-03   8.9328694671E-03
    7     -1.8381241283E-02  -1.1257537632E-02   3.9547548264E-08   3.1955178133E-03   1.7974839028E-03
    8      1.6412521278E-07   1.2281538524E-07  -1.8151983939E-03   1.3433792992E-08  -1.1782590838E-07
    9     -2.0745502609E-02   2.5172907842E-02   3.9241863066E-07   1.1388440127E-02  -3.0393559750E-02
   10      7.0858205134E-02   2.3818315614E-02  -1.7119624072E-07   7.8337415733E-03  -5.5583976894E-02
   11      6.4219836466E-07  -1.6676939584E-07   5.2043102262E-03   2.2435437893E-07   1.9858650517E-07
   12     -3.0445965845E-01   6.5382641690E-02   2.5604690230E-06  -1.7569603991E-01  -1.0897239868E-01
   13     -8.5260921241E-03  -1.3240415253E-01  -5.6375359574E-07  -5.9700223172E-02  -2.1580166917E-01
   14      2.3669614156E-06  -8.7021361799E-07  -5.8244689338E-02   1.3414247498E-06   7.4987245811E-07
   15      6.6102958877E-01  -8.0759910709E-03  -4.7525433353E-06  -3.4784430651E-02  -1.2780803467E-02
   16     -8.0759910709E-03   7.3085571546E-01   5.4920906830E-06  -5.0069121826E-02  -7.5234107033E-03
   17     -4.7525433353E-06   5.4920906830E-06   1.0984007896E-01   3.2959013034E-07   1.4856763381E-07
   18     -3.4784430651E-02  -5.0069121826E-02   3.2959013034E-07   3.9953525772E-01  -9.4680998563E-02
   19     -1.2780803467E-02  -7.5234107033E-03   1.4856763381E-07  -9.4680998563E-02   6.1205406364E-01
   20      2.3554036073E-07   3.8720367018E-07   8.1440659149E-03  -6.9527276929E-06   6.0198184409E-06
   21      4.9977596937E-03   5.5466892242E-03   1.1797610547E-07   4.9269997266E-03   1.6886312299E-03
   22     -1.0535874864E-03  -5.0379605581E-03  -7.8978624947E-08   3.6151977058E-03  -6.5269700775E-04
   23     -9.7371013572E-08  -1.1988651992E-07   3.7570579108E-03  -1.0975825715E-07  -5.1817903009E-08
   24     -1.4384142758E-02   3.7020516418E-03   1.9237892748E-07  -1.3099649373E-03  -2.5355157161E-04
   25     -2.6811482915E-02   5.8483548935E-03   2.4269506527E-07  -1.8525662456E-03  -2.4427631594E-04
   26     -1.8546449024E-07   2.4596972339E-08   7.4652739648E-04  -2.5587172973E-08  -1.3767100658E-08
   27     -1.0270735551E-04   2.9544199863E-03   3.1509915552E-08   3.1247629442E-04  -1.1656031710E-04
   28      3.9188429396E-03  -3.5045654963E-03  -1.9578653859E-07  -1.8677157302E-04   2.5290572560E-04
   29      1.2550181839E-07  -1.2663415076E-07   7.0390030519E-03  -2.1019638477E-09   3.3156792724E-08
   30     -7.7671787932E-04  -9.8893600340E-04   1.3118755632E-08   5.5986249659E-04  -1.1105017420E-03
   31     -7.1962352944E-04   4.0429643081E-04  -1.4517019663E-08   7.3830722842E-04  -1.3220101035E-03
   32      2.8858988516E-08   3.8060958280E-11  -1.0736554845E-03   9.9016848663E-09  -4.0750042623E-09
   33     -1.0560706357E-01   1.0358461949E-01   1.6126798039E-06   2.9806086364E-03   1.1787541978E-03
   34      1.0386665614E-01  -2.7938591087E-01  -3.2105495139E-06  -3.4933762685E-04   3.8911408112E-03
   35      1.7387465898E-06  -3.1804431218E-06  -2.8309940427E-02  -7.7534327446E-09   4.1488165471E-08
   36      1.4198456284E-03  -4.7952221999E-03  -7.1901179335E-08  -1.9979449518E-01   2.4075794222E-01
   37      2.9416164245E-03   5.9065516863E-03   5.9610753784E-09   1.8684314400E-01  -3.3397998548E-01
   38      2.1969223559E-09   1.1515732837E-07  -1.0158515860E-03   4.7848785342E-06  -6.8782435108E-06
                   20                 21                 22                 23                 24        
    0      4.6348471050E-08  -2.6163835617E-03  -2.0338985043E-04   6.3725352103E-08  -3.3191179882E-01
    1     -7.9610077602E-08  -3.4415131074E-04   9.8651462086E-04   6.4751236594E-08   2.5527334547E-02
    2      7.4899184120E-03  -8.0012495421E-08   4.2364483090E-08  -7.1870700529E-04   2.5453030663E-06
    3      1.0915615929E-07   3.6337773211E-03   1.0668015403E-04  -1.2887745519E-08  -9.5032089271E-03
    4     -2.9990704480E-08  -5.5538849530E-03  -3.0811702093E-03  -1.4740273317E-08  -1.2817157942E-03
    5     -1.5171518909E-03   9.1331241242E-08  -8.1929700551E-08   4.8432789150E-03   3.9498129022E-08
    6      3.0360055401E-08  -4.2631803019E-02  -2.2607217384E-02   2.9408166341E-07   1.0422612437E-03
    7     -2.3218595492E-07   6.6946895132E-04   6.0814147737E-03  -1.3701757226E-07   3.1024373283E-03
    8      4.0344489445E-03   5.8559705042E-07   3.2437500849E-07   3.5683427859E-03   2.7712903090E-08
    9     -2.5656368259E-07  -1.3578697754E-01   7.1098720568E-03   1.8760518189E-06   8.0137866215E-04
   10     -1.4260810679E-07   1.2581228623E-02  -4.3301259923E-02  -2.3400572062E-07  -1.3788918449E-04
   11      5.6131232512E-03   1.6875705388E-06  -1.6453625189E-07  -2.4330204650E-02   5.7268347795E-08
   12      1.8134877254E-06  -4.0847743487E-02   2.5967900625E-02   7.6424068102E-07   1.0179716180E-03
   13     -5.8961086804E-08  -7.6030353856E-04   7.7137608925E-05   1.1725992955E-07  -3.2437856078E-03
   14     -4.1790844684E-02   4.7748618871E-07  -3.5435563891E-07   5.0960483687E-03  -1.0193575256E-07
   15      2.3554036073E-07   4.9977596937E-03  -1.0535874864E-03  -9.7371013572E-08  -1.4384142758E-02
   16      3.8720367018E-07   5.5466892242E-03  -5.0379605581E-03  -1.1988651992E-07   3.7020516418E-03
   17      8.1440659149E-03   1.1797610547E-07  -7.8978624947E-08   3.7570579108E-03   1.9237892748E-07
   18     -6.9527276929E-06   4.9269997266E-03   3.6151977058E-03  -1.0975825715E-07  -1.3099649373E-03
   19      6.0198184409E-06   1.6886312299E-03  -6.5269700775E-04  -5.1817903009E-08  -2.5355157161E-04
   20      3.0616792925E-02  -1.0520935888E-07  -5.3164206554E-08  -2.4436105027E-03  -6.9578038811E-09
   21     -1.0520935888E-07   2.1057488644E-01  -1.3644936457E-02  -2.8011825043E-06   1.5784890673E-05
   22     -5.3164206554E-08  -1.3644936457E-02   4.3231094583E-02   3.5250883846E-07  -3.1003001078E-05
   23     -2.4436105027E-03  -2.8011825043E-06   3.5250883846E-07   1.3834469771E-02   2.0118023683E-08
   24     -6.9578038811E-09   1.5784890673E-05  -3.1003001078E-05   2.0118023683E-08   3.5324848536E-01
   25      2.8318518771E-08   7.4605854525E-05   2.0178807584E-04   3.8627692255E-09  -2.7527439276E-02
   26      1.3129430367E-04   4.4018733639E-08  -1.3181925224E-09  -7.1385637317E-04  -2.7621395503E-06
   27     -2.0103615190E-08  -1.7130670543E-03  -8.0507822515E-04   3.3990901112E-08   7.1209268854E-04
   28     -8.3315315227E-09   3.0471426321E-04   1.2223747840E-04  -4.9477338757E-09   1.1018223341E-04
   29     -6.6729785242E-04  -1.1154892502E-08  -9.4469783592E-09   3.5396113295E-04  -1.6790504067E-08
   30     -2.0132625801E-08   1.0239349233E-03  -8.5161860943E-04  -3.3333468852E-08  -6.0074187142E-04
   31     -1.3428577689E-08   6.0342298849E-04   1.1108764346E-03   2.8429145379E-08  -1.3956808333E-04
   32      2.6076900215E-04  -5.7507782967E-08   4.3654086067E-08  -3.0517736756E-03   1.0686684014E-08
   33     -1.0503941499E-07  -1.6160110675E-03   1.2874435490E-03   3.5488107953E-08   8.1527423246E-04
   34      1.1049238233E-07   6.9515361659E-05   1.0288556808E-04  -1.6790920523E-08  -6.4099437787E-05
   35     -3.9420619079E-03   2.1385069100E-08  -2.6194537223E-09  -5.6635141499E-05  -2.4685765632E-08
   36      5.4887205889E-06   3.8842735074E-05   1.0533907515E-03  -1.7225306773E-09   5.6608618916E-05
   37     -6.0144803750E-06  -1.1786540644E-03   1.5913855528E-04   8.6021290696E-09   2.4031313183E-04
   38     -5.9294459157E-03  -1.7389213171E-09  -1.2760773413E-08  -1.3837153581E-04  -7.4217925782E-09
                   25                 26                 27                 28                 29        
    0      2.5968450811E-02   2.6940292896E-06   1.1228628752E-02  -1.8532051135E-02  -2.5655820762E-07
    1     -6.0727446377E-02  -6.5148996223E-07   1.2175206913E-02  -1.8351493732E-02  -7.7312413102E-08
    2     -5.1545034650E-07  -3.2229585512E-02   1.1426155850E-07  -9.1112373943E-08   4.7680896277E-07
    3      2.9173652069E-02   1.1951128852E-07  -1.4644245088E-01  -1.3001847566E-01  -1.5422139508E-06
    4      2.7713802126E-03   2.2578540158E-07  -1.2985706621E-01  -2.4708566133E-01  -2.6498214650E-06
    5     -1.5823948670E-07   1.2388932574E-03  -1.3733285068E-06  -2.4063164428E-06  -2.9773353292E-02
    6      2.1698802476E-03   1.5378294849E-07  -1.4220575060E-02   3.5931463200E-03   2.0784593631E-07
    7     -5.1402901077E-03  -1.1881158041E-07  -2.7467839073E-02   5.2174106663E-03   1.6540562574E-07
    8     -1.2979743546E-07   7.2273522150E-03  -3.0922882822E-07   8.4875007844E-09   5.3672653847E-04
    9     -3.9615074089E-04  -3.3353541331E-09  -3.7718148502E-03   1.0238226904E-03   7.9217453350E-08
   10     -1.4883842494E-03  -8.6327071735E-08   1.8503787181E-03   1.6077554978E-03   3.6714533816E-08
   11      3.5364131729E-09  -9.8517731825E-04   1.0055216512E-07  -3.4169496150E-08   6.9966391214E-03
   12     -2.2111981086E-03  -6.5315470677E-09  -1.0019017993E-03   1.0044798107E-03  -4.0482528687E-08
   13     -4.0055136209E-03  -2.6153648747E-08   1.0524965344E-03  -1.1213639943E-04  -1.5366365514E-08
   14     -6.8872065969E-08   7.7515896825E-03  -7.4588855325E-09   3.3606906720E-08  -8.9947459734E-04
   15     -2.6811482915E-02  -1.8546449024E-07  -1.0270735551E-04   3.9188429396E-03   1.2550181839E-07
   16      5.8483548935E-03   2.4596972339E-08   2.9544199863E-03  -3.5045654963E-03  -1.2663415076E-07
   17      2.4269506527E-07   7.4652739648E-04   3.1509915552E-08  -1.9578653859E-07   7.0390030519E-03
   18     -1.8525662456E-03  -2.5587172973E-08   3.1247629442E-04  -1.8677157302E-04  -2.1019638477E-09
   19     -2.4427631594E-04  -1.3767100658E-08  -1.1656031710E-04   2.5290572560E-04   3.3156792724E-08
   20      2.8318518771E-08   1.3129430367E-04  -2.0103615190E-08  -8.3315315227E-09  -6.6729785242E-04
   21      7.4605854525E-05   4.4018733639E-08  -1.7130670543E-03   3.0471426321E-04  -1.1154892502E-08
   22      2.0178807584E-04  -1.3181925224E-09  -8.0507822515E-04   1.2223747840E-04  -9.4469783592E-09
   23      3.8627692255E-09  -7.1385637317E-04   3.3990901112E-08  -4.9477338757E-09   3.5396113295E-04
   24     -2.7527439276E-02  -2.7621395503E-06   7.1209268854E-04   1.1018223341E-04  -1.6790504067E-08
   25      6.0540208824E-02   5.4639157818E-07  -5.0275680001E-04   9.9851533131E-04   4.1141153671E-08
   26      5.4639157818E-07   2.4129848634E-02  -6.6816653378E-09   5.3007378273E-08  -3.6862399866E-03
   27     -5.0275680001E-04  -6.6816653378E-09   1.5355505684E-01   1.3984195190E-01   1.4693484748E-06
   28      9.9851533131E-04   5.3007378273E-08   1.3984195190E-01   2.6126074667E-01   2.6352622506E-06
   29      4.1141153671E-08  -3.6862399866E-03   1.4693484748E-06   2.6352622506E-06   2.3499989902E-02
   30      1.4874689615E-03   2.8209395012E-08   1.0789356624E-03  -2.7268968866E-04  -2.7749187438E-08
   31     -1.7884818864E-05  -1.4291114456E-08   1.9371625510E-04   6.6506998468E-04   3.4969416009E-08
   32     -8.4961711533E-09   1.5185143591E-04  -1.3110908284E-08   5.4591097899E-08  -3.8619754367E-03
   33      4.2024027607E-04  -1.6448662021E-08   4.3023397637E-04  -9.5905248121E-04  -4.2217977210E-09
   34      9.9073962770E-04   4.4014994536E-08   7.3867211669E-04  -1.1537786842E-03  -4.5250347169E-08
   35      2.0740960964E-08  -3.7123021428E-03  -4.3457020584E-09  -1.3334670270E-08   5.0424969205E-04
   36      4.0289401886E-06  -6.3981255141E-09  -6.4907213530E-05   1.7165952029E-04   1.4096331436E-08
   37      2.7280852522E-04   1.0998040422E-08  -5.7300930893E-05   8.2994282873E-05  -3.5390960617E-08
   38      1.5333519546E-09  -5.0195592256E-05  -1.0141885370E-08  -1.8383439276E-08  -4.2705081814E-05
                   30                 31                 32                 33                 34        
    0     -5.9214164031E-03   9.5443378318E-05   5.4016193297E-08   1.2094897250E-02   1.3871666018E-02
    1     -4.9827879592E-04   1.8770736176E-03  -5.6886775296E-08  -1.6612911764E-02  -1.9184455178E-02
    2      4.8675366901E-08  -2.9402498439E-08   6.9551626324E-03  -2.5570428539E-07  -2.0979940735E-07
    3     -7.8990359947E-03  -5.6966470784E-04  -6.0821152326E-08  -1.3281510053E-03  -4.7832298049E-03
    4      2.8860816134E-02   1.9688240690E-03  -1.3059103558E-07  -3.6054946934E-03  -2.2948586186E-03
    5      3.7598963092E-07   3.3831490352E-08   2.4941877988E-03   3.9418596168E-08  -6.2091322323E-08
    6     -1.0812514192E-01   1.0808112549E-01   1.7462935111E-06  -1.1667157449E-03  -6.7002612516E-04
    7      1.1094614001E-01  -2.8485881537E-01  -3.5525448538E-06  -9.1277231035E-04   4.7343609121E-04
    8      1.6575876530E-06  -3.4258159961E-06  -3.4367251693E-02  -4.0419732797E-08   2.4459129592E-08
    9      8.8638026329E-03   1.3495326076E-02   1.3360566911E-07  -4.4417221257E-03   1.7150501640E-04
   10     -1.7250493646E-02  -1.9645018721E-02  -1.7895273679E-08  -9.7168257081E-04   1.6714611322E-03
   11     -2.3253406597E-07  -3.0444852529E-07   2.8489365006E-03   1.3407526423E-07  -4.3723727567E-08
   12     -1.9449783271E-03  -3.9518637865E-03  -1.1067059608E-08  -9.9226575717E-03  -2.5338449802E-03
   13     -2.5269788945E-03  -1.3321118801E-03  -3.2010299943E-08   3.0077962729E-02  -4.6472915200E-03
   14     -6.1580544865E-09   3.4794377525E-08   6.0594615592E-03   2.4300065387E-07   1.2429814239E-07
   15     -7.7671787932E-04  -7.1962352944E-04   2.8858988516E-08  -1.0560706357E-01   1.0386665614E-01
   16     -9.8893600340E-04   4.0429643081E-04   3.8060958280E-11   1.0358461949E-01  -2.7938591087E-01
   17      1.3118755632E-08  -1.4517019663E-08  -1.0736554845E-03   1.6126798039E-06  -3.2105495139E-06
   18      5.5986249659E-04   7.3830722842E-04   9.9016848663E-09   2.9806086364E-03  -3.4933762685E-04
   19     -1.1105017420E-03  -1.3220101035E-03  -4.0750042623E-09   1.1787541978E-03   3.8911408112E-03
   20     -2.0132625801E-08  -1.3428577689E-08   2.6076900215E-04  -1.0503941499E-07   1.1049238233E-07
   21      1.0239349233E-03   6.0342298849E-04  -5.7507782967E-08  -1.6160110675E-03   6.9515361659E-05
   22     -8.5161860943E-04   1.1108764346E-03   4.3654086067E-08   1.2874435490E-03   1.0288556808E-04
   23     -3.3333468852E-08   2.8429145379E-08  -3.0517736756E-03   3.5488107953E-08  -1.6790920523E-08
   24     -6.0074187142E-04  -1.3956808333E-04   1.0686684014E-08   8.1527423246E-04  -6.4099437787E-05
   25      1.4874689615E-03  -1.7884818864E-05  -8.4961711533E-09   4.2024027607E-04   9.9073962770E-04
   26      2.8209395012E-08  -1.4291114456E-08   1.5185143591E-04  -1.6448662021E-08   4.4014994536E-08
   27      1.0789356624E-03   1.9371625510E-04  -1.3110908284E-08   4.3023397637E-04   7.3867211669E-04
   28     -2.7268968866E-04   6.6506998468E-04   5.4591097899E-08  -9.5905248121E-04  -1.1537786842E-03
   29     -2.7749187438E-08   3.4969416009E-08  -3.8619754367E-03  -4.2217977210E-09  -4.5250347169E-08
   30      1.1380290521E-01  -1.1754476524E-01  -1.8379005244E-06   6.0453102225E-05   9.1715393875E-05
   31     -1.1754476524E-01   3.0144692841E-01   3.7196275991E-06   1.4756483031E-05  -2.6019613829E-05
   32     -1.8379005244E-06   3.7196275991E-06   2.4348581561E-02   1.2448829483E-08  -2.4947961925E-08
   33      6.0453102225E-05   1.4756483031E-05   1.2448829483E-08   1.0929618080E-01  -1.1193008955E-01
   34      9.1715393875E-05  -2.6019613829E-05  -2.4947961925E-08  -1.1193008955E-01   2.9948116271E-01
   35      1.8196034753E-08  -3.1825259802E-08  -5.2490559069E-04  -1.6865764264E-06   3.3757024490E-06
   36     -1.2186163792E-04  -2.6612070031E-04  -5.6738285080E-09  -1.5953269051E-03   1.5409205194E-03
   37     -3.7236973676E-04  -2.7120843814E-04  -1.2200993884E-08  -1.5917963917E-03   8.1488543733E-05
   38      6.3007865021E-09   3.8144885005E-09  -2.3938860915E-04   2.2071538777E-09  -1.1805815927E-08
                   35                 36                 37                 38        
     0      4.5880195213E-08  -7.1693799296E-04   2.7219921948E-04  -2.2623943061E-08
     1     -1.2439919887E-08   3.2648931834E-04  -1.2690959875E-03  -4.0637318527E-08
     2      9.1978613066E-05   2.4299661248E-08  -2.1548206351E-09  -5.8695519992E-04
     3     -6.3952002298E-08  -3.0979561518E-04  -1.1830053979E-04  -3.1676441788E-08
     4      1.5481999762E-08  -3.3595275194E-05   1.0553683034E-03  -2.9462902248E-10
     5      7.0511505947E-03  -2.7416460995E-08   6.3139140198E-08   1.2801294518E-04
     6      5.5925396117E-08   1.0394407292E-03   1.6815538884E-03   2.3200873572E-08
     7      1.6946068662E-08  -8.5791630504E-05  -1.0949710959E-03   1.5122234174E-09
     8     -1.1697406679E-03   2.9566979803E-08  -4.1611507540E-08   1.4530527225E-03
     9      1.2476009532E-07  -3.7682018778E-03  -4.1717749582E-03   7.3331156728E-08
    10     -8.6703145076E-08  -4.7918880670E-03  -1.9836093743E-03   7.0806431299E-08
    11      5.4684852704E-03   2.0334063136E-08   9.5218916535E-08   2.1582132921E-03
    12     -2.2017779467E-07   1.2381744685E-02   2.0922250429E-02   5.4007566881E-08
    13     -1.9537786897E-07  -2.8266637518E-02  -3.9965146262E-02   5.1342820068E-07
    14      3.1440020649E-03  -3.7687285295E-07  -6.7483110057E-07  -3.0859125623E-03
    15      1.7387465898E-06   1.4198456284E-03   2.9416164245E-03   2.1969223559E-09
    16     -3.1804431218E-06  -4.7952221999E-03   5.9065516863E-03   1.1515732837E-07
    17     -2.8309940427E-02  -7.1901179335E-08   5.9610753784E-09  -1.0158515860E-03
    18     -7.7534327446E-09  -1.9979449518E-01   1.8684314400E-01   4.7848785342E-06
    19      4.1488165471E-08   2.4075794222E-01  -3.3397998548E-01  -6.8782435108E-06
    20     -3.9420619079E-03   5.4887205889E-06  -6.0144803750E-06  -5.9294459157E-03
    21      2.1385069100E-08   3.8842735074E-05  -1.1786540644E-03  -1.7389213171E-09
    22     -2.6194537223E-09   1.0533907515E-03   1.5913855528E-04  -1.2760773413E-08
    23     -5.6635141499E-05  -1.7225306773E-09   8.6021290696E-09  -1.3837153581E-04
    24     -2.4685765632E-08   5.6608618916E-05   2.4031313183E-04  -7.4217925782E-09
    25      2.0740960964E-08   4.0289401886E-06   2.7280852522E-04   1.5333519546E-09
    26     -3.7123021428E-03  -6.3981255141E-09   1.0998040422E-08  -5.0195592256E-05
    27     -4.3457020584E-09  -6.4907213530E-05  -5.7300930893E-05  -1.0141885370E-08
    28     -1.3334670270E-08   1.7165952029E-04   8.2994282873E-05  -1.8383439276E-08
    29      5.0424969205E-04   1.4096331436E-08  -3.5390960617E-08  -4.2705081814E-05
    30      1.8196034753E-08  -1.2186163792E-04  -3.7236973676E-04   6.3007865021E-09
    31     -3.1825259802E-08  -2.6612070031E-04  -2.7120843814E-04   3.8144885005E-09
    32     -5.2490559069E-04  -5.6738285080E-09  -1.2200993884E-08  -2.3938860915E-04
    33     -1.6865764264E-06  -1.5953269051E-03  -1.5917963917E-03   2.2071538777E-09
    34      3.3757024490E-06   1.5409205194E-03   8.1488543733E-05  -1.1805815927E-08
    35      2.0762426017E-02   3.1689653497E-08  -1.6242854682E-09   6.9329362563E-04
    36      3.1689653497E-08   1.9143504403E-01  -2.0551302818E-01  -4.9956211550E-06
    37     -1.6242854682E-09  -2.0551302818E-01   3.7100566674E-01   6.4271241024E-06
    38      6.9329362563E-04  -4.9956211550E-06   6.4271241024E-06   6.6562534976E-03

$vibrational_frequencies
39
    0        0.0000000000000000
    1        0.0000000000000000
    2        0.0000000000000000
    3        0.0000000000000000
    4        0.0000000000000000
    5        0.0000000000000000
    6      159.8919582473725427
    7      247.7399165088321524
    8      270.9497991889671766
    9      378.4853555859044150
   10      429.3839918660312378
   11      451.2250730194775201
   12      496.8658444009776645
   13      552.0247031803695563
   14      565.5642988134709412
   15      685.2835687012627659
   16      713.1625412475341363
   17      746.7674039916910260
   18      830.3120947211796192
   19      839.5326657327142357
   20      917.7075954670568763
   21      943.7139123092568980
   22     1051.1373392048110418
   23     1066.2468628138192344
   24     1139.2799789459040767
   25     1181.2760397083541193
   26     1196.9826467316941034
   27     1278.3261859446117796
   28     1317.8454823210977338
   29     1369.8749887344038143
   30     1473.9240784226878986
   31     1518.7887632140939331
   32     1612.3123308751773948
   33     1632.7348675717005335
   34     3152.1638375667703258
   35     3172.2615918598330609
   36     3182.8864063102328146
   37     3194.1362995180288635
   38     3748.5088002656657409

$normal_modes
39 39
                    0                  1                  2                  3                  4        
    0      0.0000000000E+00   0.0000000000E+00   0.0000000000E+00   0.0000000000E+00   0.0000000000E+00
    1      0.0000000000E+00   0.0000000000E+00   0.0000000000E+00   0.0000000000E+00   0.0000000000E+00
    2      0.0000000000E+00   0.0000000000E+00   0.0000000000E+00   0.0000000000E+00   0.0000000000E+00
    3      0.0000000000E+00   0.0000000000E+00   0.0000000000E+00   0.0000000000E+00   0.0000000000E+00
    4      0.0000000000E+00   0.0000000000E+00   0.0000000000E+00   0.0000000000E+00   0.0000000000E+00
    5      0.0000000000E+00   0.0000000000E+00   0.0000000000E+00   0.0000000000E+00   0.0000000000E+00
    6      0.0000000000E+00   0.0000000000E+00   0.0000000000E+00   0.0000000000E+00   0.0000000000E+00
    7      0.0000000000E+00   0.0000000000E+00   0.0000000000E+00   0.0000000000E+00   0.0000000000E+00
    8      0.0000000000E+00   0.0000000000E+00   0.0000000000E+00   0.0000000000E+00   0.0000000000E+00
    9      0.0000000000E+00   0.0000000000E+00   0.0000000000E+00   0.0000000000E+00   0.0000000000E+00
   10      0.0000000000E+00   0.0000000000E+00   0.0000000000E+00   0.0000000000E+00   0.0000000000E+00
   11      0.0000000000E+00   0.0000000000E+00   0.0000000000E+00   0.0000000000E+00   0.0000000000E+00
   12      0.0000000000E+00   0.0000000000E+00   0.0000000000E+00   0.0000000000E+00   0.0000000000E+00
   13      0.0000000000E+00   0.0000000000E+00   0.0000000000E+00   0.0000000000E+00   0.0000000000E+00
   14      0.0000000000E+00   0.0000000000E+00   0.0000000000E+00   0.0000000000E+00   0.0000000000E+00
   15      0.0000000000E+00   0.0000000000E+00   0.0000000000E+00   0.0000000000E+00   0.0000000000E+00
   16      0.0000000000E+00   0.0000000000E+00   0.0000000000E+00   0.0000000000E+00   0.0000000000E+00
   17      0.0000000000E+00   0.0000000000E+00   0.0000000000E+00   0.0000000000E+00   0.0000000000E+00
   18      0.0000000000E+00   0.0000000000E+00   0.0000000000E+00   0.0000000000E+00   0.0000000000E+00
   19      0.0000000000E+00   0.0000000000E+00   0.0000000000E+00   0.0000000000E+00   0.0000000000E+00
   20      0.0000000000E+00   0.0000000000E+00   0.0000000000E+00   0.0000000000E+00   0.0000000000E+00
   21      0.0000000000E+00   0.0000000000E+00   0.0000000000E+00   0.0000000000E+00   0.0000000000E+00
   22      0.0000000000E+00   0.0000000000E+00   0.0000000000E+00   0.0000000000E+00   0.0000000000E+00
   23      0.0000000000E+00   0.0000000000E+00   0.0000000000E+00   0.0000000000E+00   0.0000000000E+00
   24      0.0000000000E+00   0.0000000000E+00   0.0000000000E+00   0.0000000000E+00   0.0000000000E+00
   25      0.0000000000E+00   0.0000000000E+00   0.0000000000E+00   0.0000000000E+00   0.0000000000E+00
   26      0.0000000000E+00   0.0000000000E+00   0.0000000000E+00   0.0000000000E+00   0.0000000000E+00
   27      0.0000000000E+00   0.0000000000E+00   0.0000000000E+00   0.0000000000E+00   0.0000000000E+00
   28      0.0000000000E+00   0.0000000000E+00   0.0000000000E+00   0.0000000000E+00   0.0000000000E+00
   29      0.0000000000E+00   0.0000000000E+00   0.0000000000E+00   0.0000000000E+00   0.0000000000E+00
   30      0.0000000000E+00   0.0000000000E+00   0.0000000000E+00   0.0000000000E+00   0.0000000000E+00
   31      0.0000000000E+00   0.0000000000E+00   0.0000000000E+00   0.0000000000E+00   0.0000000000E+00
   32      0.0000000000E+00   0.0000000000E+00   0.0000000000E+00   0.0000000000E+00   0.0000000000E+00
   33      0.0000000000E+00   0.0000000000E+00   0.0000000000E+00   0.0000000000E+00   0.0000000000E+00
   34      0.0000000000E+00   0.0000000000E+00   0.0000000000E+00   0.0000000000E+00   0.0000000000E+00
   35      0.0000000000E+00   0.0000000000E+00   0.0000000000E+00   0.0000000000E+00   0.0000000000E+00
   36      0.0000000000E+00   0.0000000000E+00   0.0000000000E+00   0.0000000000E+00   0.0000000000E+00
   37      0.0000000000E+00   0.0000000000E+00   0.0000000000E+00   0.0000000000E+00   0.0000000000E+00
   38      0.0000000000E+00   0.0000000000E+00   0.0000000000E+00   0.0000000000E+00   0.0000000000E+00
                    5                  6                  7                  8                  9        
    0      0.0000000000E+00  -9.0411086578E-07   1.5907419450E-02   6.6724026350E-07  -2.0986354734E-01
    1      0.0000000000E+00   1.2391430713E-06  -5.6716815518E-02   1.7207429076E-06   1.5165710078E-01
    2      0.0000000000E+00  -2.3672294613E-01  -2.4353991325E-06  -1.3721411886E-01  -3.9349276907E-07
    3      0.0000000000E+00   1.9137672134E-06   1.2288391144E-01  -5.8801892073E-07  -2.1646628241E-01
    4      0.0000000000E+00  -1.4254690530E-06  -1.7626984847E-03   1.8614187604E-06   1.4986188307E-01
    5      0.0000000000E+00   1.2290846319E-01  -5.8488506593E-06  -2.2937052600E-01   3.0699332872E-06
    6      0.0000000000E+00   2.8128749943E-06   1.1673581841E-01   1.0804714862E-06  -1.7719119682E-01
    7      0.0000000000E+00  -2.0872538521E-06   1.6398177819E-01  -2.3480652630E-06  -1.0887771590E-02
    8      0.0000000000E+00   2.7925276169E-01   2.1924126128E-06   1.5627677367E-01   4.9584340816E-06
    9      0.0000000000E+00   1.3477069898E-06   7.6022137676E-02   2.1102326147E-06   7.7232938828E-02
   10      0.0000000000E+00  -6.0409184659E-07   1.9335624898E-01  -2.7679028253E-06  -1.4065341368E-01
   11      0.0000000000E+00   1.3570832903E-01   4.2383077466E-06   2.9047103997E-01  -1.1189548155E-06
   12      0.0000000000E+00   4.6171740588E-07  -3.1175680327E-02   2.8450111889E-06  -3.5405293875E-02
   13      0.0000000000E+00  -1.7604846159E-07   1.7540843912E-01  -2.1331731966E-06  -1.6686939088E-01
   14      0.0000000000E+00   7.1231961351E-02   3.9704425748E-06   2.0099862079E-01   6.0677562022E-07
   15      0.0000000000E+00  -1.8333474637E-06  -6.2366614004E-02   3.0301532541E-06  -3.4552619662E-02
