*************************************************
******************* ORCA 6.0.0 ******************
*************************************************
$Calculation_Status
   &GeometryIndex 1
   &ListStatus       OUT
   &VERSION [&Type "String"] "6.0.0"
   &PROGNAME [&Type "String"] "LeanSCF"
   &STATUS [&Type "String"] "NORMAL TERMINATION"
$End
$Geometry
   &GeometryIndex 1
   &ListStatus       OUT
   &NATOMS [&Type "Integer"] 13
   &NCORELESSECP [&Type "Integer"] 0
   &NGHOSTATOMS [&Type "Integer"] 0
   &CartesianCoordinates [&Type "Coordinates", &Dim(13,4), &Units "Bohr"] 
              C     -4.569997314641   -0.189725046214    0.000034772851
              C     -3.462162495217   -2.576890607743    0.000007052836
              C     -0.841242329068   -2.797017603337   -0.000007202880
              C      0.645138063290   -0.634574760275   -0.000001076388
              C     -0.444097077149    1.773300348506    0.000020071915
              C     -3.075084055732    1.968891826704    0.000044025895
              O      1.101417701402    3.842144807468    0.000006135185
              Cl     3.954045231317   -0.917012648672   -0.000055639773
              H     -6.611052442600    0.003039303800    0.000053100171
              H     -4.619831474325   -4.267542565287   -0.000012925349
              H      0.053994994591   -4.640353392748   -0.000033489727
              H     -3.922569280276    3.839143413275    0.000068801527
              H      0.063060248016    5.348845998476    0.000036170114
$End
$SCF_Energy
   &GeometryIndex 1
   &ListStatus       OUT
   &SCF_ENERGY [&Type "Double"]      -7.6700699329998383e+02
$End
$DFT_Energy
   &GeometryIndex 1
   &ListStatus       OUT
   &NALPHAEL [&Type "Integer"] 33
   &NBETAEL [&Type "Integer"] 33
   &NTOTALEL [&Type "Integer"] 66
   &EEXCHANGE [&Type "Double"]      -6.8860863401830144e+01
   &ECORR [&Type "Double"]      -2.2624012715725761e+00
   &ECNL [&Type "Double"]       0.0000000000000000e+00
   &EXC [&Type "Double"]      -7.1123264673402716e+01
   &EEMBED [&Type "Double"]       0.0000000000000000e+00
   &FINALEN [&Type "Double"]      -7.6700699329998383e+02  "No Van der Waals correction"
$End
$Mulliken_Population_Analysis
   &GeometryIndex 1
   &ListStatus       OUT
   &NATOMS [&Type "Integer"] 13
   &ATNO [&Type "ArrayOfIntegers", &Dim (13,1)] 
                                                         0

0                                                        6
1                                                        6
2                                                        6
3                                                        6
4                                                        6
5                                                        6
6                                                        8
7                                                       17
8                                                        1
9                                                        1
10                                                       1
11                                                       1
12                                                       1
   &ATOMICCHARGES [&Type "ArrayOfDoubles", &Dim (13,1)] 
                                                         0

0                                     -1.1285281516505741e-01
1                                     -1.3763064157017446e-01
2                                     -1.4426663956119512e-01
3                                      7.0400262261401281e-02
4                                      2.4353481929798804e-01
5                                     -1.9997822630476847e-01
6                                     -3.7900315822321495e-01
7                                     -1.0781704247031598e-01
8                                      1.1518256681302885e-01
9                                      1.1236055158076275e-01
10                                     1.2457969609047437e-01
11                                     9.7529522217022935e-02
12                                     3.1796110503437969e-01
$End
$Loewdin_Population_Analysis
   &GeometryIndex 1
   &ListStatus       OUT
   &NATOMS [&Type "Integer"] 13
   &ATNO [&Type "ArrayOfIntegers", &Dim (13,1)] 
                                                         0

0                                                        6
1                                                        6
2                                                        6
3                                                        6
4                                                        6
5                                                        6
6                                                        8
7                                                       17
8                                                        1
9                                                        1
10                                                       1
11                                                       1
12                                                       1
   &ATOMICCHARGES [&Type "ArrayOfDoubles", &Dim (13,1)] 
                                                         0

0                                     -1.4231365908057647e-01
1                                     -1.5202386147914293e-01
2                                     -1.4076191135581162e-01
3                                     -3.9614362050647589e-01
4                                     -2.7995206781905413e-01
5                                     -1.4203027612476404e-01
6                                      9.2336308374432186e-02
7                                      3.8343666734030535e-01
8                                      1.4566507999840306e-01
9                                      1.4513005496503550e-01
10                                     1.5029743980167165e-01
11                                     1.4360023516215759e-01
12                                     1.9275961072412540e-01
$End
$Mayer_Population_Analysis
   &GeometryIndex 1
   &ListStatus       OUT
   &NATOMS [&Type "Integer"] 13 "Total number of atoms"
   &BONDTHRESH [&Type "Double"]       1.0000000000000001e-01  "The threshold for printing"
   &NBONDORDERSPRINT [&Type "Integer"] 13 "The number of bond orders larger than threshold"
   &BONDORDERS [&Type "ArrayOfDoubles", &Dim (13,1)] "The bond orders"
                                                         0

0                                      1.4010482450618140e+00
1                                      1.4023077202617278e+00
2                                      9.6092669563220190e-01
3                                      1.3933940569123899e+00
4                                      9.7222285392632979e-01
5                                      1.3908490564432276e+00
6                                      9.6456214778321059e-01
7                                      1.2819580213166193e+00
8                                      1.0300871140185535e+00
9                                      1.3389980029896946e+00
10                                     1.1859981696606898e+00
11                                     9.6032110894952294e-01
12                                     8.7841863674490628e-01
   &COMPONENTS [&Type "ArrayOfIntegers", &Dim (13,4)] "The indices and atomic numbers of the bonding atoms"
                                                         0                           1                           2                           3

0                                                        0                           6                           1                           6
1                                                        0                           6                           5                           6
2                                                        0                           6                           8                           1
3                                                        1                           6                           2                           6
4                                                        1                           6                           9                           1
5                                                        2                           6                           3                           6
6                                                        2                           6                          10                           1
7                                                        3                           6                           4                           6
8                                                        3                           6                           7                          17
9                                                        4                           6                           5                           6
10                                                       4                           6                           6                           8
11                                                       5                           6                          11                           1
12                                                       6                           8                          12                           1
   &ATNO [&Type "ArrayOfIntegers", &Dim (13,1)] "Atomic number of the elements"
                                                         0

0                                                        6
1                                                        6
2                                                        6
3                                                        6
4                                                        6
5                                                        6
6                                                        8
7                                                       17
8                                                        1
9                                                        1
10                                                       1
11                                                       1
12                                                       1
   &NA [&Type "ArrayOfDoubles", &Dim (13,1)] "Mulliken gross atomic population"
                                                         0

0                                      6.1128528151650512e+00
1                                      6.1376306415701984e+00
2                                      6.1442666395611765e+00
3                                      5.9295997377385854e+00
4                                      5.7564651807020626e+00
5                                      6.1999782263048093e+00
6                                      8.3790031582231634e+00
7                                      1.7107817042470217e+01
8                                      8.8481743318697037e-01
9                                      8.8763944841923714e-01
10                                     8.7542030390952685e-01
11                                     9.0247047778297684e-01
12                                     6.8203889496561976e-01
   &ZA [&Type "ArrayOfDoubles", &Dim (13,1)] "Total nuclear charge"
                                                         0

0                                      6.0000000000000000e+00
1                                      6.0000000000000000e+00
2                                      6.0000000000000000e+00
3                                      6.0000000000000000e+00
4                                      6.0000000000000000e+00
5                                      6.0000000000000000e+00
6                                      8.0000000000000000e+00
7                                      1.7000000000000000e+01
8                                      1.0000000000000000e+00
9                                      1.0000000000000000e+00
10                                     1.0000000000000000e+00
11                                     1.0000000000000000e+00
12                                     1.0000000000000000e+00
   &QA [&Type "ArrayOfDoubles", &Dim (13,1)] "Mulliken gross atomic charge"
                                                         0

0                                     -1.1285281516505119e-01
1                                     -1.3763064157019844e-01
2                                     -1.4426663956117647e-01
3                                      7.0400262261414603e-02
4                                      2.4353481929793741e-01
5                                     -1.9997822630480933e-01
6                                     -3.7900315822316344e-01
7                                     -1.0781704247021651e-01
8                                      1.1518256681302963e-01
9                                      1.1236055158076286e-01
10                                     1.2457969609047315e-01
11                                     9.7529522217023157e-02
12                                     3.1796110503438024e-01
   &VA [&Type "ArrayOfDoubles", &Dim (13,1)] "Mayer's total valence"
                                                         0

0                                      3.9171093686483598e+00
1                                      3.9133436317126788e+00
2                                      3.9161968443045478e+00
3                                      3.8111810560140462e+00
4                                      3.9246172607794101e+00
5                                      3.8513401467709567e+00
6                                      2.1004499604199598e+00
7                                      1.2196342638059918e+00
8                                      9.7499258089967555e-01
9                                      9.7586696516723970e-01
10                                     9.8356436296214123e-01
11                                     9.8745988621227165e-01
12                                     9.1884415908353012e-01
   &BVA [&Type "ArrayOfDoubles", &Dim (13,1)] "Mayer's bonded valence"
                                                         0

0                                      3.9171093686483753e+00
1                                      3.9133436317125456e+00
2                                      3.9161968443045332e+00
3                                      3.8111810560139667e+00
4                                      3.9246172607791836e+00
5                                      3.8513401467706716e+00
6                                      2.1004499604200584e+00
7                                      1.2196342638060891e+00
8                                      9.7499258089969221e-01
9                                      9.7586696516724769e-01
10                                     9.8356436296215866e-01
11                                     9.8745988621223535e-01
12                                     9.1884415908351746e-01
   &FA [&Type "ArrayOfDoubles", &Dim (13,1)] "Mayer's free valence"
                                                         0

0                                      0.0000000000000000e+00
1                                      0.0000000000000000e+00
2                                      0.0000000000000000e+00
3                                      0.0000000000000000e+00
4                                      0.0000000000000000e+00
5                                      0.0000000000000000e+00
6                                      0.0000000000000000e+00
7                                      0.0000000000000000e+00
8                                      0.0000000000000000e+00
9                                      0.0000000000000000e+00
10                                     0.0000000000000000e+00
11                                     0.0000000000000000e+00
12                                     0.0000000000000000e+00
$End
$VdW_Correction
   &GeometryIndex 1
   &ListStatus       OUT
   &VDW [&Type "Double"]      -4.5146248881406522e-03
$End
$Calculation_Info
   &GeometryIndex 1
   &ListStatus       OUT
   &MULT [&Type "Integer"] 1
   &CHARGE [&Type "Integer"] 0
   &NUMOFATOMS [&Type "Integer"] 13
   &NUMOFELECTRONS [&Type "Integer"] 66
   &NUMOFFCELECTRONS [&Type "Integer"] 1
   &NUMOFCORRELECTRONS [&Type "Integer"] 0
   &NUMOFBASISFUNCTS [&Type "Integer"] 284
   &NUMOFAUXCBASISFUNCTS [&Type "Integer"] 0
   &NUMOFAUXJBASISFUNCTS [&Type "Integer"] 307
   &NUMOFAUXJKBASISFUNCTS [&Type "Integer"] 0
   &NUMOFCABSBASISFUNCTS [&Type "Integer"] 0
   &TOTALENERGY [&Type "Double"]      -7.6700635144037187e+02  "Hartrees"
$End
$SCF_Dipole_Moment
   &GeometryIndex 1
   &ListStatus       OUT
   &METHOD [&Type "String"] "SCF"
   &LEVEL [&Type "String"] "Relaxed density"
   &MULT [&Type "Integer"] 1
   &STATE [&Type "Integer"] -1
   &IRREP [&Type "Integer"] 0
   &NATOMS [&Type "Integer"] 13
   &DODIPOLEATOM [&Type "Boolean"] false
   &DIPOLEELECCONTRIB [&Type "ArrayOfDoubles", &Dim (3,1)] "Electronic contribution"
                                                         0

0                                      9.2528503741347627e+00
1                                     -3.8735058304919900e-01
2                                     -8.9680459444155798e-05
   &DIPOLENUCCONTRIB [&Type "ArrayOfDoubles", &Dim (3,1)] "Nuclear contribution"
                                                         0

0                                     -1.0286243236293414e+01
1                                      8.2547543421778258e-01
2                                      1.0315611779493711e-04
   &DIPOLETOTAL [&Type "ArrayOfDoubles", &Dim (3,1)] "Total"
                                                         0

0                                     -1.0333928621586512e+00
1                                      4.3812485116858357e-01
2                                      1.3475658350781309e-05
   &DIPOLEMAGNITUDE [&Type "Double", &Units "a.u."]       1.1224322665326116e+00
$End
$THERMOCHEMISTRY_Energies
   &GeometryIndex 1
   &ListStatus       OUT
   &TEMPERATURE [&Type "Double"]       2.9814999999999998e+02
   &PRESSURE [&Type "Double"]       1.0000000000000000e+00
   &TOTALMASS [&Type "Double"]       1.2855799999999999e+02
   &SPINDEGENERACY [&Type "Integer"] 1
   &ELENERGY [&Type "Double"]      -7.6700635144037187e+02
   &TRANSENERGY [&Type "Double"]       1.4162714244859817e-03
   &ROTENERGY [&Type "Double"]       1.4162714244859817e-03
   &VIBENERGY [&Type "Double"]       3.7616895754871106e-03
   &NUMOFFREQS [&Type "Integer"] 39
   &FREQSCALINGFACTOR [&Type "Double"]       1.0000000000000000e+00
   &FREQ [&Type "ArrayOfDoubles", &Dim (39,1)] "In cm^-1"
                                                         0

0                                      0.0000000000000000e+00
1                                      0.0000000000000000e+00
2                                      0.0000000000000000e+00
3                                      0.0000000000000000e+00
4                                      0.0000000000000000e+00
5                                      0.0000000000000000e+00
6                                      1.5989195824737254e+02
7                                      2.4773991650883215e+02
8                                      2.7094979918896718e+02
9                                      3.7848535558590441e+02
10                                     4.2938399186603124e+02
11                                     4.5122507301947752e+02
12                                     4.9686584440097766e+02
13                                     5.5202470318036956e+02
14                                     5.6556429881347094e+02
15                                     6.8528356870126277e+02
16                                     7.1316254124753414e+02
17                                     7.4676740399169103e+02
18                                     8.3031209472117962e+02
19                                     8.3953266573271424e+02
20                                     9.1770759546705688e+02
21                                     9.4371391230925690e+02
22                                     1.0511373392048110e+03
23                                     1.0662468628138192e+03
24                                     1.1392799789459041e+03
25                                     1.1812760397083541e+03
26                                     1.1969826467316941e+03
27                                     1.2783261859446118e+03
28                                     1.3178454823210977e+03
29                                     1.3698749887344038e+03
30                                     1.4739240784226879e+03
31                                     1.5187887632140939e+03
32                                     1.6123123308751774e+03
33                                     1.6327348675717005e+03
34                                     3.1521638375667703e+03
35                                     3.1722615918598331e+03
36                                     3.1828864063102328e+03
37                                     3.1941362995180289e+03
38                                     3.7485088002656657e+03
   &ZPE [&Type "Double"]       9.4583362599303430e-02
   &INNERENERGYU [&Type "Double"]      -7.6690517384534814e+02
   &ENTHALPYH [&Type "Double"]      -7.6690422963630590e+02
   &QEL [&Type "Double"]       0.0000000000000000e+00
   &QROT [&Type "Double"]       1.3612832936470831e-02
   &QVIB [&Type "Double"]       5.7882993693680832e-03
   &QTRANS [&Type "Double"]       1.9227023633486964e-02
   &ENTROPYS [&Type "Double"]       3.8628155939325878e-02
   &FREEENERGYG [&Type "Double"]      -7.6694285779224526e+02
   &ISLINEAR [&Type "Boolean"] false
$End
$Hessian
   &GeometryIndex 1
   &ListStatus       OUT
   &HESSIAN [&Type "ArrayOfDoubles", &Dim (39,39)] "The Hessian"
                                                         0                           1                           2                           3                           4                           5                           6                           7

0                                      7.3416210478618515e-01        -6.0881149678493158e-03        -4.4848890996307528e-06        -1.5990615217876697e-01         1.0566078006960797e-01         1.5797964018712103e-06        -2.3654878072649009e-02         3.2585364912754287e-02
1                                     -6.0881149678493158e-03         6.5843519316622068e-01         5.1273193087637715e-06         5.0034319861914374e-02        -2.9280580358619041e-01        -2.7065059517493111e-06         7.5055183674647016e-02         1.8884134504872897e-02
2                                     -4.4848890996307528e-06         5.1273193087637715e-06         1.2014176328339844e-01         1.2692138702536955e-06        -3.0302097498022625e-06        -5.3818936647227242e-02         6.7577105614692018e-07        -8.5059079624873903e-08
3                                     -1.5990615217876697e-01         5.0034319861914374e-02         1.2692138702536955e-06         6.7671771176782813e-01         4.0321970339315394e-02        -1.5224474426411438e-06        -3.2915972987897135e-01         4.7675586859236667e-02
4                                      1.0566078006960797e-01        -2.9280580358619041e-01        -3.0302097498022625e-06         4.0321970339315394e-02         7.1065995752686317e-01         6.6131568152735072e-06        -1.2023470003442532e-02        -1.2603090222394400e-01
5                                      1.5797964018712103e-06        -2.7065059517493111e-06        -5.3818936647227242e-02        -1.5224474426411438e-06         6.6131568152735072e-06         1.1618458581540504e-01         7.4934656003911417e-07        -1.1459615127984843e-06
6                                     -2.3654878072649009e-02         7.5055183674647016e-02         6.7577105614692018e-07        -3.2915972987897135e-01        -1.2023470003442532e-02         7.4934656003911417e-07         6.7450012861406938e-01        -3.7058117013218483e-02
7                                      3.2585364912754287e-02         1.8884134504872897e-02        -8.5059079624873903e-08         4.7675586859236667e-02        -1.2603090222394400e-01        -1.1459615127984843e-06        -3.7058117013218483e-02         7.2067849169747755e-01
8                                      4.5763756122462441e-07        -2.4225191251375755e-07         4.6585411596049321e-03         1.8607608366170335e-06        -7.9669973262791083e-07        -5.4722273680167299e-02        -4.0148190661702159e-06         5.8489766016075534e-06
9                                      1.3243858638015676e-03        -4.2718278225366418e-03        -1.2035465915716710e-07        -3.8907529377828466e-02        -2.1609054005594895e-02         7.6423136131350232e-08        -1.6748703468381507e-01        -1.2264084139348745e-01
10                                    -1.5950368895682465e-03        -6.3035234431929280e-02        -4.7272155024093521e-07        -7.0881534167394650e-02         3.6575047546308720e-02         7.7023747839145962e-07        -6.7862262727157882e-02        -2.7312254014186804e-01
11                                    -4.6127022342300149e-08        -6.1047633549092435e-07        -1.9221433101639751e-03        -4.4609988206607561e-07         6.5349854125810436e-07         5.2015838230423349e-03         6.5404499727723438e-07        -6.4332659949695929e-07
12                                    -3.7108226582133134e-02        -7.0798123170380950e-02        -1.2205475901258544e-07        -4.0687588195541531e-02         3.5145372858950912e-02         5.6254172035177633e-07         6.1387662855887107e-02         8.6294196520416040e-03
13                                    -2.4830101370960096e-02         4.5208747455092596e-02         5.0147111549216333e-07         3.4858683143737690e-02        -2.1143051058651836e-02        -3.1524113530273598e-07        -3.5797411483240338e-02        -5.1627315064088464e-02
14                                    -1.4314064821427506e-08         6.0889087964091707e-07        -1.4649673867002007e-03         6.1646111139724957e-07        -6.0738165382626406e-07        -1.6348152530546796e-03        -6.4696103344367957e-07        -1.7106306124478996e-07
15                                    -1.9391594783074909e-01        -7.3942053001881267e-02         2.4365471041715497e-07         5.2877285749830139e-02        -3.1083316892618357e-02        -5.8646504859706862e-07        -4.5548308734094288e-02        -1.8381241283127861e-02
16                                    -1.2887905475790104e-01        -2.6886780577689723e-01        -1.1098247070741879e-06         1.0006454296468202e-02        -5.8851890519436456e-02        -5.9470812068532358e-07        -2.3752587176986084e-02        -1.1257537632127237e-02
17                                    -1.4776865921672694e-07        -1.3790198126091828e-06        -4.8596545848282241e-02        -2.6447514615447474e-07        -2.8848312548234731e-07         4.3248376142972708e-03         6.0606532616652312e-08         3.9547548264287163e-08
18                                    -3.0582752109335944e-03         9.4360499333213284e-03         1.7268354122143031e-07         9.1486721701736673e-04        -4.9806140285786329e-03        -3.5217459235466730e-08        -5.9753063334546178e-03         3.1955178132876917e-03
19                                     1.6747211475035813e-03        -1.1503282948973309e-03        -6.9751319729964093e-08        -5.7668693906371598e-03        -1.7372401121467135e-03         3.0918359904521621e-08         8.9328694670521031e-03         1.7974839028227700e-03
20                                     4.6348471049660364e-08        -7.9610077602245611e-08         7.4899184120151910e-03         1.0915615928587617e-07        -2.9990704479856320e-08        -1.5171518908998571e-03         3.0360055400942592e-08        -2.3218595492363626e-07
21                                    -2.6163835616761517e-03        -3.4415131073547588e-04        -8.0012495421286128e-08         3.6337773211446971e-03        -5.5538849530228302e-03         9.1331241241721511e-08        -4.2631803019119854e-02         6.6946895131990425e-04
22                                    -2.0338985042702264e-04         9.8651462086165286e-04         4.2364483089985405e-08         1.0668015402822469e-04        -3.0811702092526610e-03        -8.1929700551043600e-08        -2.2607217384216942e-02         6.0814147736806719e-03
23                                     6.3725352102553577e-08         6.4751236594442406e-08        -7.1870700529127985e-04        -1.2887745518871344e-08        -1.4740273317027765e-08         4.8432789149506564e-03         2.9408166341414400e-07        -1.3701757225836127e-07
24                                    -3.3191179881844635e-01         2.5527334547095458e-02         2.5453030663059715e-06        -9.5032089271254554e-03        -1.2817157941817925e-03         3.9498129021644119e-08         1.0422612437147143e-03         3.1024373282938552e-03
25                                     2.5968450811296027e-02        -6.0727446377132080e-02        -5.1545034649849282e-07         2.9173652069059433e-02         2.7713802125775822e-03        -1.5823948670405427e-07         2.1698802476434057e-03        -5.1402901076536816e-03
26                                     2.6940292895550664e-06        -6.5148996223308170e-07        -3.2229585511882194e-02         1.1951128852295203e-07         2.2578540157708705e-07         1.2388932574055305e-03         1.5378294848728126e-07        -1.1881158041190573e-07
27                                     1.1228628751811100e-02         1.2175206912676394e-02         1.1426155849713570e-07        -1.4644245088232968e-01        -1.2985706620554069e-01        -1.3733285068014523e-06        -1.4220575060269667e-02        -2.7467839072670950e-02
28                                    -1.8532051134525104e-02        -1.8351493732016118e-02        -9.1112373943151340e-08        -1.3001847566327029e-01        -2.4708566132991383e-01        -2.4063164427555833e-06         3.5931463200279193e-03         5.2174106663385273e-03
29                                    -2.5655820762264960e-07        -7.7312413101714589e-08         4.7680896276755536e-07        -1.5422139507611644e-06        -2.6498214649806248e-06        -2.9773353292481139e-02         2.0784593631031828e-07         1.6540562573570964e-07
30                                    -5.9214164030649882e-03        -4.9827879592132668e-04         4.8675366901324485e-08        -7.8990359947434807e-03         2.8860816133741772e-02         3.7598963092114383e-07        -1.0812514191562611e-01         1.1094614001235037e-01
31                                     9.5443378317933147e-05         1.8770736175884508e-03        -2.9402498439344496e-08        -5.6966470784050594e-04         1.9688240690229914e-03         3.3831490351581762e-08         1.0808112548972845e-01        -2.8485881537085922e-01
32                                     5.4016193296658954e-08        -5.6886775296450986e-08         6.9551626324160318e-03        -6.0821152325535178e-08        -1.3059103558164498e-07         2.4941877988318810e-03         1.7462935111360864e-06        -3.5525448538168263e-06
33                                     1.2094897249578587e-02        -1.6612911764394798e-02        -2.5570428538788548e-07        -1.3281510053297447e-03        -3.6054946933559177e-03         3.9418596168019607e-08        -1.1667157448871147e-03        -9.1277231034673232e-04
34                                     1.3871666017983019e-02        -1.9184455178039527e-02        -2.0979940734593043e-07        -4.7832298049119582e-03        -2.2948586186024378e-03        -6.2091322322699780e-08        -6.7002612516046316e-04         4.7343609120818189e-04
35                                     4.5880195212869177e-08        -1.2439919886884519e-08         9.1978613066482501e-05        -6.3952002297784210e-08         1.5481999762090368e-08         7.0511505947215905e-03         5.5925396116822731e-08         1.6946068662198467e-08
36                                    -7.1693799295699078e-04         3.2648931833526972e-04         2.4299661248100781e-08        -3.0979561518357934e-04        -3.3595275193720221e-05        -2.7416460994644055e-08         1.0394407292158580e-03        -8.5791630503639037e-05
37                                     2.7219921947792356e-04        -1.2690959875340869e-03        -2.1548206350764160e-09        -1.1830053979210071e-04         1.0553683033659425e-03         6.3139140197798550e-08         1.6815538883945659e-03        -1.0949710958599510e-03
38                                    -2.2623943060844947e-08        -4.0637318527280224e-08        -5.8695519991672739e-04        -3.1676441787962560e-08        -2.9462902248347829e-10         1.2801294517587576e-04         2.3200873572196478e-08         1.5122234174107422e-09
                                                         8                           9                          10                          11                          12                          13                          14                          15

0                                      4.5763756122462441e-07         1.3243858638015676e-03        -1.5950368895682465e-03        -4.6127022342300149e-08        -3.7108226582133134e-02        -2.4830101370960096e-02        -1.4314064821427506e-08        -1.9391594783074909e-01
1                                     -2.4225191251375755e-07        -4.2718278225366418e-03        -6.3035234431929280e-02        -6.1047633549092435e-07        -7.0798123170380950e-02         4.5208747455092596e-02         6.0889087964091707e-07        -7.3942053001881267e-02
2                                      4.6585411596049321e-03        -1.2035465915716710e-07        -4.7272155024093521e-07        -1.9221433101639751e-03        -1.2205475901258544e-07         5.0147111549216333e-07        -1.4649673867002007e-03         2.4365471041715497e-07
3                                      1.8607608366170335e-06        -3.8907529377828466e-02        -7.0881534167394650e-02        -4.4609988206607561e-07        -4.0687588195541531e-02         3.4858683143737690e-02         6.1646111139724957e-07         5.2877285749830139e-02
4                                     -7.9669973262791083e-07        -2.1609054005594895e-02         3.6575047546308720e-02         6.5349854125810436e-07         3.5145372858950912e-02        -2.1143051058651836e-02        -6.0738165382626406e-07        -3.1083316892618357e-02
5                                     -5.4722273680167299e-02         7.6423136131350232e-08         7.7023747839145962e-07         5.2015838230423349e-03         5.6254172035177633e-07        -3.1524113530273598e-07        -1.6348152530546796e-03        -5.8646504859706862e-07
6                                     -4.0148190661702159e-06        -1.6748703468381507e-01        -6.7862262727157882e-02         6.5404499727723438e-07         6.1387662855887107e-02        -3.5797411483240338e-02        -6.4696103344367957e-07        -4.5548308734094288e-02
7                                      5.8489766016075534e-06        -1.2264084139348745e-01        -2.7312254014186804e-01        -6.4332659949695929e-07         8.6294196520416040e-03        -5.1627315064088464e-02        -1.7106306124478996e-07        -1.8381241283127861e-02
8                                      1.2551050490529894e-01        -1.5483939197499733e-07        -1.3653372513154342e-06        -5.6810946595527212e-02        -2.6659440164502410e-07        -1.9619173491035912e-07         1.8964417592370157e-03         1.6412521277908171e-07
9                                     -1.5483939197499733e-07         4.8853776974533453e-01         2.6543466562892061e-02        -3.3160324652230382e-06        -1.3600699396619204e-01         1.0965551156319969e-01         1.0604014811613706e-06        -2.0745502608612819e-02
10                                    -1.3653372513154342e-06         2.6543466562892061e-02         6.5773294906155855e-01         3.0612517747504335e-06         4.4134563505261286e-02        -2.6324550511649480e-01        -1.4249432067500883e-06         7.0858205133515331e-02
11                                    -5.6810946595527212e-02        -3.3160324652230382e-06         3.0612517747504335e-06         1.1519986697942732e-01         5.5531142741274439e-07        -1.9819144704940885e-06        -6.4642686590359405e-02         6.4219836466022318e-07
12                                    -2.6659440164502410e-07        -1.3600699396619204e-01         4.4134563505261286e-02         5.5531142741274439e-07         6.7288840912903269e-01        -1.2356160052102935e-02        -5.2975925050120255e-06        -3.0445965845136030e-01
13                                    -1.9619173491035912e-07         1.0965551156319969e-01        -2.6324550511649480e-01        -1.9819144704940885e-06        -1.2356160052102935e-02         6.8899800756078089e-01         2.4365042707807030e-06        -8.5260921241343338e-03
14                                     1.8964417592370157e-03         1.0604014811613706e-06        -1.4249432067500883e-06        -6.4642686590359405e-02        -5.2975925050120255e-06         2.4365042707807030e-06         1.4781584697775565e-01         2.3669614155677279e-06
15                                     1.6412521277908171e-07        -2.0745502608612819e-02         7.0858205133515331e-02         6.4219836466022318e-07        -3.0445965845136030e-01        -8.5260921241343338e-03         2.3669614155677279e-06         6.6102958877159923e-01
16                                     1.2281538523670857e-07         2.5172907841600395e-02         2.3818315614122461e-02        -1.6676939584364056e-07         6.5382641690176158e-02        -1.3240415253402402e-01        -8.7021361799005510e-07        -8.0759910709167944e-03
17                                    -1.8151983939048680e-03         3.9241863065794954e-07        -1.7119624072305175e-07         5.2043102262458105e-03         2.5604690229754617e-06        -5.6375359573827023e-07        -5.8244689338404501e-02        -4.7525433353284734e-06
18                                     1.3433792992464864e-08         1.1388440126689350e-02         7.8337415732887550e-03         2.2435437893279561e-07        -1.7569603990764127e-01        -5.9700223171984645e-02         1.3414247497806297e-06        -3.4784430650918408e-02
19                                    -1.1782590837720124e-07        -3.0393559749696757e-02        -5.5583976894039620e-02         1.9858650517248127e-07        -1.0897239868242606e-01        -2.1580166916860546e-01         7.4987245811431498e-07        -1.2780803466662063e-02
20                                     4.0344489445279293e-03        -2.5656368259091631e-07        -1.4260810678722569e-07         5.6131232512200251e-03         1.8134877253767475e-06        -5.8961086803540944e-08        -4.1790844684130413e-02         2.3554036073288651e-07
21                                     5.8559705042096378e-07        -1.3578697754070268e-01         1.2581228622572599e-02         1.6875705387914687e-06        -4.0847743486957161e-02        -7.6030353855862515e-04         4.7748618870784739e-07         4.9977596937433606e-03
22                                     3.2437500849017373e-07         7.1098720568265206e-03        -4.3301259923288996e-02        -1.6453625188667313e-07         2.5967900624910618e-02         7.7137608925310908e-05        -3.5435563890562334e-07        -1.0535874863565422e-03
23                                     3.5683427858626791e-03         1.8760518188686171e-06        -2.3400572062207222e-07        -2.4330204650097706e-02         7.6424068101986155e-07         1.1725992954511212e-07         5.0960483686908475e-03        -9.7371013571848724e-08
