*************************************************
******************* ORCA 6.0.0 ******************
*************************************************
$Calculation_Status
   &GeometryIndex 1
   &ListStatus       OUT
   &VERSION [&Type "String"] "6.0.0"
   &PROGNAME [&Type "String"] "LeanSCF"
   &STATUS [&Type "String"] "NORMAL TERMINATION"
$End
$Geometry
   &GeometryIndex 1
   &ListStatus       OUT
   &NATOMS [&Type "Integer"] 13
   &NCORELESSECP [&Type "Integer"] 0
   &NGHOSTATOMS [&Type "Integer"] 0
   &CartesianCoordinates [&Type "Coordinates", &Dim(13,4), &Units "Bohr"] 
              C     -4.570177962632   -0.105776428618    0.000041178644
              C     -3.517676738724   -2.518713330610    0.000144177411
              C     -0.905193954666   -2.798412203839    0.000160520897
              C      0.618895845972   -0.664852441832    0.000073997518
              C     -0.411156745769    1.770853752584   -0.000024866528
              C     -3.036091446496    2.020581036615   -0.000036853250
              O      1.008119003110    3.903804504613   -0.000103031459
              Cl     3.931509482208   -0.981943295648    0.000104774165
              H     -6.606859343265    0.126470368244    0.000025420029
              H     -4.715001489606   -4.180883043900    0.000210273417
              H     -0.039908867519   -4.655151991927    0.000246029870
              H     -3.824275652009    3.912256933648   -0.000106275363
              H      2.776939476326    3.437149959922   -0.000062918054
$End
$SCF_Energy
   &GeometryIndex 1
   &ListStatus       OUT
   &SCF_ENERGY [&Type "Double"]      -7.6701275970809093e+02
$End
$DFT_Energy
   &GeometryIndex 1
   &ListStatus       OUT
   &NALPHAEL [&Type "Integer"] 33
   &NBETAEL [&Type "Integer"] 33
   &NTOTALEL [&Type "Integer"] 66
   &EEXCHANGE [&Type "Double"]      -6.8871318605788531e+01
   &ECORR [&Type "Double"]      -2.2639362897462969e+00
   &ECNL [&Type "Double"]       0.0000000000000000e+00
   &EXC [&Type "Double"]      -7.1135254895534828e+01
   &EEMBED [&Type "Double"]       0.0000000000000000e+00
   &FINALEN [&Type "Double"]      -7.6701275970809093e+02  "No Van der Waals correction"
$End
$Mulliken_Population_Analysis
   &GeometryIndex 1
   &ListStatus       OUT
   &NATOMS [&Type "Integer"] 13
   &ATNO [&Type "ArrayOfIntegers", &Dim (13,1)] 
                                                         0

0                                                        6
1                                                        6
2                                                        6
3                                                        6
4                                                        6
5                                                        6
6                                                        8
7                                                       17
8                                                        1
9                                                        1
10                                                       1
11                                                       1
12                                                       1
   &ATOMICCHARGES [&Type "ArrayOfDoubles", &Dim (13,1)] 
                                                         0

0                                     -8.5546882880197295e-02
1                                     -1.3066766782304917e-01
2                                     -1.7191593306274200e-01
3                                      1.3405251554700381e-01
4                                      1.9365779880442346e-01
5                                     -2.0992318591012538e-01
6                                     -3.8214003673362917e-01
7                                     -1.4055138279917756e-01
8                                      1.1458680828781764e-01
9                                      1.1350966359999726e-01
10                                     1.2949542794008484e-01
11                                     1.1816692352268143e-01
12                                     3.1727595150710763e-01
$End
$Loewdin_Population_Analysis
   &GeometryIndex 1
   &ListStatus       OUT
   &NATOMS [&Type "Integer"] 13
   &ATNO [&Type "ArrayOfIntegers", &Dim (13,1)] 
                                                         0

0                                                        6
1                                                        6
2                                                        6
3                                                        6
4                                                        6
5                                                        6
6                                                        8
7                                                       17
8                                                        1
9                                                        1
10                                                       1
11                                                       1
12                                                       1
   &ATOMICCHARGES [&Type "ArrayOfDoubles", &Dim (13,1)] 
                                                         0

0                                     -1.3805381746892831e-01
1                                     -1.5223165807313066e-01
2                                     -1.4516288314347481e-01
3                                     -4.0615633990028144e-01
4                                     -2.8650199945224397e-01
5                                     -1.1458511593386866e-01
6                                      1.0130800778381133e-01
7                                      3.6927226258847412e-01
8                                      1.4631762659774827e-01
9                                      1.4519310378632488e-01
10                                     1.4982425701844804e-01
11                                     1.5242798724966278e-01
12                                     1.7834856894764539e-01
$End
$Mayer_Population_Analysis
   &GeometryIndex 1
   &ListStatus       OUT
   &NATOMS [&Type "Integer"] 13 "Total number of atoms"
   &BONDTHRESH [&Type "Double"]       1.0000000000000001e-01  "The threshold for printing"
   &NBONDORDERSPRINT [&Type "Integer"] 13 "The number of bond orders larger than threshold"
   &BONDORDERS [&Type "ArrayOfDoubles", &Dim (13,1)] "The bond orders"
                                                         0

0                                      1.3821829404826178e+00
1                                      1.4135578017728392e+00
2                                      9.7124586014354419e-01
3                                      1.3968069788263622e+00
4                                      9.7102945627663217e-01
5                                      1.3334865853098019e+00
6                                      9.6123352684873264e-01
7                                      1.2582268628903450e+00
8                                      9.2572138613740307e-01
9                                      1.3682929014146541e+00
10                                     1.1932951366449920e+00
11                                     9.7062665548599891e-01
12                                     8.5104702712187486e-01
   &COMPONENTS [&Type "ArrayOfIntegers", &Dim (13,4)] "The indices and atomic numbers of the bonding atoms"
                                                         0                           1                           2                           3

0                                                        0                           6                           1                           6
1                                                        0                           6                           5                           6
2                                                        0                           6                           8                           1
3                                                        1                           6                           2                           6
4                                                        1                           6                           9                           1
5                                                        2                           6                           3                           6
6                                                        2                           6                          10                           1
7                                                        3                           6                           4                           6
8                                                        3                           6                           7                          17
9                                                        4                           6                           5                           6
10                                                       4                           6                           6                           8
11                                                       5                           6                          11                           1
12                                                       6                           8                          12                           1
   &ATNO [&Type "ArrayOfIntegers", &Dim (13,1)] "Atomic number of the elements"
                                                         0

0                                                        6
1                                                        6
2                                                        6
3                                                        6
4                                                        6
5                                                        6
6                                                        8
7                                                       17
8                                                        1
9                                                        1
10                                                       1
11                                                       1
12                                                       1
   &NA [&Type "ArrayOfDoubles", &Dim (13,1)] "Mulliken gross atomic population"
                                                         0

0                                      6.0855468828802168e+00
1                                      6.1306676678230270e+00
2                                      6.1719159330627527e+00
3                                      5.8659474844529562e+00
4                                      5.8063422011955961e+00
5                                      6.2099231859100774e+00
6                                      8.3821400367336167e+00
7                                      1.7140551382799060e+01
8                                      8.8541319171218325e-01
9                                      8.8649033640000197e-01
10                                     8.7050457205991449e-01
11                                     8.8183307647732001e-01
12                                     6.8272404849289126e-01
   &ZA [&Type "ArrayOfDoubles", &Dim (13,1)] "Total nuclear charge"
                                                         0

0                                      6.0000000000000000e+00
1                                      6.0000000000000000e+00
2                                      6.0000000000000000e+00
3                                      6.0000000000000000e+00
4                                      6.0000000000000000e+00
5                                      6.0000000000000000e+00
6                                      8.0000000000000000e+00
7                                      1.7000000000000000e+01
8                                      1.0000000000000000e+00
9                                      1.0000000000000000e+00
10                                     1.0000000000000000e+00
11                                     1.0000000000000000e+00
12                                     1.0000000000000000e+00
   &QA [&Type "ArrayOfDoubles", &Dim (13,1)] "Mulliken gross atomic charge"
                                                         0

0                                     -8.5546882880216835e-02
1                                     -1.3066766782302697e-01
2                                     -1.7191593306275266e-01
3                                      1.3405251554704378e-01
4                                      1.9365779880440392e-01
5                                     -2.0992318591007741e-01
6                                     -3.8214003673361674e-01
7                                     -1.4055138279906032e-01
8                                      1.1458680828781675e-01
9                                      1.1350966359999803e-01
10                                     1.2949542794008551e-01
11                                     1.1816692352267999e-01
12                                     3.1727595150710874e-01
   &VA [&Type "ArrayOfDoubles", &Dim (13,1)] "Mayer's total valence"
                                                         0

0                                      3.8838269383297543e+00
1                                      3.8992282989388483e+00
2                                      3.8955288044900254e+00
3                                      3.5993018396236294e+00
4                                      4.0268469897584351e+00
5                                      3.9044437594867514e+00
6                                      2.0985420469145177e+00
7                                      1.2091695655900618e+00
8                                      9.7413843364267727e-01
9                                      9.7580345885532171e-01
10                                     9.7561483102637847e-01
11                                     9.8794418844765330e-01
12                                     9.3537570633637102e-01
   &BVA [&Type "ArrayOfDoubles", &Dim (13,1)] "Mayer's bonded valence"
                                                         0

0                                      3.8838269383295185e+00
1                                      3.8992282989388731e+00
2                                      3.8955288044900924e+00
3                                      3.5993018396236751e+00
4                                      4.0268469897584591e+00
5                                      3.9044437594866275e+00
6                                      2.0985420469144440e+00
7                                      1.2091695655902912e+00
8                                      9.7413843364261599e-01
9                                      9.7580345885532094e-01
10                                     9.7561483102644131e-01
11                                     9.8794418844761045e-01
12                                     9.3537570633636091e-01
   &FA [&Type "ArrayOfDoubles", &Dim (13,1)] "Mayer's free valence"
                                                         0

0                                      0.0000000000000000e+00
1                                      0.0000000000000000e+00
2                                      0.0000000000000000e+00
3                                      0.0000000000000000e+00
4                                      0.0000000000000000e+00
5                                      0.0000000000000000e+00
6                                      0.0000000000000000e+00
7                                      0.0000000000000000e+00
8                                      0.0000000000000000e+00
9                                      0.0000000000000000e+00
10                                     0.0000000000000000e+00
11                                     0.0000000000000000e+00
12                                     0.0000000000000000e+00
$End
$VdW_Correction
   &GeometryIndex 1
   &ListStatus       OUT
   &VDW [&Type "Double"]      -4.5317015775265448e-03
$End
$Calculation_Info
   &GeometryIndex 1
   &ListStatus       OUT
   &MULT [&Type "Integer"] 1
   &CHARGE [&Type "Integer"] 0
   &NUMOFATOMS [&Type "Integer"] 13
   &NUMOFELECTRONS [&Type "Integer"] 66
   &NUMOFFCELECTRONS [&Type "Integer"] 1
   &NUMOFCORRELECTRONS [&Type "Integer"] 0
   &NUMOFBASISFUNCTS [&Type "Integer"] 284
   &NUMOFAUXCBASISFUNCTS [&Type "Integer"] 0
   &NUMOFAUXJBASISFUNCTS [&Type "Integer"] 307
   &NUMOFAUXJKBASISFUNCTS [&Type "Integer"] 0
   &NUMOFCABSBASISFUNCTS [&Type "Integer"] 0
   &TOTALENERGY [&Type "Double"]      -7.6701151199136848e+02  "Hartrees"
$End
$SCF_Dipole_Moment
   &GeometryIndex 1
   &ListStatus       OUT
   &METHOD [&Type "String"] "SCF"
   &LEVEL [&Type "String"] "Relaxed density"
   &MULT [&Type "Integer"] 1
   &STATE [&Type "Integer"] -1
   &IRREP [&Type "Integer"] 0
   &NATOMS [&Type "Integer"] 13
   &DODIPOLEATOM [&Type "Boolean"] false
   &DIPOLEELECCONTRIB [&Type "ArrayOfDoubles", &Dim (3,1)] "Electronic contribution"
                                                         0

0                                      8.7491339545842646e+00
1                                     -2.9880454838505749e-01
2                                      2.8227872728193145e-05
   &DIPOLENUCCONTRIB [&Type "ArrayOfDoubles", &Dim (3,1)] "Nuclear contribution"
                                                         0

0                                     -8.9592572850200725e+00
1                                      7.0835361846603995e-02
2                                     -1.2589768274901621e-05
   &DIPOLETOTAL [&Type "ArrayOfDoubles", &Dim (3,1)] "Total"
                                                         0

0                                     -2.1012333043580789e-01
1                                     -2.2796918653845349e-01
2                                      1.5638104453291524e-05
   &DIPOLEMAGNITUDE [&Type "Double", &Units "a.u."]       3.1003510164010495e-01
$End
$THERMOCHEMISTRY_Energies
   &GeometryIndex 1
   &ListStatus       OUT
   &TEMPERATURE [&Type "Double"]       2.9814999999999998e+02
   &PRESSURE [&Type "Double"]       1.0000000000000000e+00
   &TOTALMASS [&Type "Double"]       1.2855799999999999e+02
   &SPINDEGENERACY [&Type "Integer"] 1
   &ELENERGY [&Type "Double"]      -7.6701151199136848e+02
   &TRANSENERGY [&Type "Double"]       1.4162714244859817e-03
   &ROTENERGY [&Type "Double"]       1.4162714244859817e-03
   &VIBENERGY [&Type "Double"]       3.7446705053278740e-03
   &NUMOFFREQS [&Type "Integer"] 39
   &FREQSCALINGFACTOR [&Type "Double"]       1.0000000000000000e+00
   &FREQ [&Type "ArrayOfDoubles", &Dim (39,1)] "In cm^-1"
                                                         0

0                                      0.0000000000000000e+00
1                                      0.0000000000000000e+00
2                                      0.0000000000000000e+00
3                                      0.0000000000000000e+00
4                                      0.0000000000000000e+00
5                                      0.0000000000000000e+00
6                                      1.5980207924622212e+02
7                                      2.6103492163640516e+02
8                                      2.6756039600923702e+02
9                                      3.7574846379984643e+02
10                                     4.2959226065985547e+02
11                                     4.4801207691170896e+02
12                                     4.9643973885431285e+02
13                                     5.4912103619150480e+02
14                                     5.6552205835246002e+02
15                                     6.8387806168544580e+02
16                                     7.1072406824805103e+02
17                                     7.5166350995552921e+02
18                                     8.4628284557091763e+02
19                                     8.5127267765800013e+02
20                                     9.2714954222461427e+02
21                                     9.5262125739219130e+02
22                                     1.0441382783933254e+03
23                                     1.0611939918284975e+03
24                                     1.1392993252457745e+03
25                                     1.1794651475831940e+03
26                                     1.2134038057167152e+03
27                                     1.2758225022870533e+03
28                                     1.3313570913762117e+03
29                                     1.3790937150612867e+03
30                                     1.4887675246063916e+03
31                                     1.5057346816861991e+03
32                                     1.6206468044176552e+03
33                                     1.6287984036459964e+03
34                                     3.1704276738245103e+03
35                                     3.1823477825919040e+03
36                                     3.1897403479776094e+03
37                                     3.1970010792017301e+03
38                                     3.7288285874660501e+03
   &ZPE [&Type "Double"]       9.4800231660326362e-02
   &INNERENERGYU [&Type "Double"]      -7.6691013454635402e+02
   &ENTHALPYH [&Type "Double"]      -7.6690919033731177e+02
   &QEL [&Type "Double"]       0.0000000000000000e+00
   &QROT [&Type "Double"]       1.3607282701229026e-02
   &QVIB [&Type "Double"]       5.7544640403534167e-03
   &QTRANS [&Type "Double"]       1.9227023633486964e-02
   &ENTROPYS [&Type "Double"]       3.8588770375069407e-02
   &FREEENERGYG [&Type "Double"]      -7.6694777910768687e+02
   &ISLINEAR [&Type "Boolean"] false
$End
$Hessian
   &GeometryIndex 1
   &ListStatus       OUT
   &HESSIAN [&Type "ArrayOfDoubles", &Dim (39,39)] "The Hessian"
                                                         0                           1                           2                           3                           4                           5                           6                           7

0                                      7.3645185956132364e-01        -5.0673222365002595e-03         2.2091211946320329e-06        -1.5695682698020161e-01         1.0249577601980912e-01        -4.4667361061766752e-06        -2.1092409094894064e-02         3.3438750319168264e-02
1                                     -5.0673222365002595e-03         6.6407374913794126e-01        -2.0690108379595493e-05         4.6898251979120197e-02        -2.9600999276734463e-01         1.0125188378234094e-05         7.6095083501597188e-02         1.6257165504041667e-02
2                                      2.2091211946320329e-06        -2.0690108379595493e-05         1.2626980687726816e-01        -2.3213986453899278e-06         1.0332619973754838e-05        -5.5992593994177581e-02        -2.6500809427838248e-06        -3.9079915854163495e-07
3                                     -1.5695682698020161e-01         4.6898251979120197e-02        -2.3213986453899278e-06         6.8179632432572068e-01         4.1284225232437105e-02        -9.0697156298749423e-07        -3.3071433148698370e-01         5.2669291332694657e-02
4                                      1.0249577601980912e-01        -2.9600999276734463e-01         1.0332619973754838e-05         4.1284225232437105e-02         7.0791371999219255e-01        -2.4076401957693433e-05        -7.3042504958318304e-03        -1.2555044023315504e-01
5                                     -4.4667361061766752e-06         1.0125188378234094e-05        -5.5992593994177581e-02        -9.0697156298749423e-07        -2.4076401957693433e-05         1.1681103055824164e-01        -4.9708014050542375e-07         2.9557453604730613e-06
6                                     -2.1092409094894064e-02         7.6095083501597188e-02        -2.6500809427838248e-06        -3.3071433148698370e-01        -7.3042504958318304e-03        -4.9708014050542375e-07         6.7385378158449050e-01        -3.7404803012842096e-02
7                                      3.3438750319168264e-02         1.6257165504041667e-02        -3.9079915854163495e-07         5.2669291332694657e-02        -1.2555044023315504e-01         2.9557453604730613e-06        -3.7404803012842096e-02         7.2185673062165157e-01
8                                     -1.4980143574391457e-06        -2.3172884042185856e-07         5.5723867736003751e-03        -2.7978027901584844e-06         2.9388243927898211e-06        -5.4879806375182166e-02         3.7192464457511562e-06        -2.5691815656736897e-05
9                                      6.2806085844861054e-05        -6.9014132370657719e-03         2.7783316727602130e-07        -4.2236169017684712e-02        -1.8637276239734778e-02         7.8445070655398272e-07        -1.6866557956527400e-01        -1.2651216088266753e-01
10                                    -2.0878087180164007e-03        -6.2343063265217734e-02         2.7231070272850012e-06        -7.0164593475815162e-02         3.7202646066495246e-02        -1.6190409506155323e-06        -7.0242580666733653e-02        -2.6980476084133592e-01
11                                     1.3096299146179643e-07         2.1917837114639867e-06        -3.2263428312381253e-03         3.0763665640840169e-06        -1.3822460341278130e-06         5.4593001093513269e-03         2.2893171855769415e-06         8.6251859904875185e-06
12                                    -3.7137432034696292e-02        -6.9199922240787498e-02         2.2801173443045496e-06        -4.0987236138357086e-02         3.5070846825673158e-02        -1.5144735816334092e-06         6.2222042601465001e-02         8.3872473506703561e-03
13                                    -2.4941631930195277e-02         4.5125005168566837e-02        -2.1143705596366042e-06         3.5212221170928884e-02        -2.0460676040563598e-02         1.2759102297150409e-06        -3.6031374680080226e-02        -5.2129448625651040e-02
14                                     8.6751374885211775e-07        -2.0370777085821958e-06        -3.6041132029885833e-04        -1.6426536129249833e-06         9.8990793455078892e-07        -2.1110499009798504e-03         1.3186745298829954e-06         1.8596686518246053e-06
15                                    -2.0152752959294690e-01        -7.6759593304736889e-02         2.7934303606856099e-06         5.3801474002213107e-02        -3.3185809555605031e-02         9.7420195563828329e-07        -4.7032989109029109e-02        -1.8260033101456016e-02
16                                    -1.3121975075234832e-01        -2.7186414460544939e-01         8.0540487826030904e-06         6.1699581635586837e-03        -5.7611364253554384e-02         2.0405218885247479e-06        -2.2306181129762046e-02        -9.6878710266110057e-03
17                                     4.8305433799279302e-06         7.7538193748289560e-06        -5.2930912992884563e-02         2.2150671245068306e-09         2.1540032619547653e-06         5.7486877812154696e-03         5.5557944978681856e-07         3.7646338633908383e-07
18                                    -2.3277597477728016e-03         1.0883656520957723e-02        -2.9376133426567048e-07         1.8436164257741028e-03        -6.5662926612423747e-03         2.7599678190470769e-07        -5.2525465905472538e-03         1.3999621463747576e-03
19                                     4.3566885896297140e-03        -1.4049215575595844e-03         2.4749826544309868e-07        -4.6936334562023381e-03        -2.1799111576258795e-03        -4.8795836839661573e-08         8.5012146454210447e-03        -4.1028083200520774e-05
20                                    -1.9468692602969732e-07         2.6673073324206520e-07         4.9887292747374341e-03         2.5239864891918774e-07        -4.4977030776548155e-09        -1.4042945626526835e-03        -2.6715891608616019e-07         3.8931994778311845e-07
21                                    -2.1475071980635498e-03        -6.4655108697843561e-04        -2.6673588078018404e-08         3.2301219921355238e-03        -6.0330247367707274e-03         3.9139562110140453e-07        -4.1726740490670398e-02         2.9784557302073855e-03
22                                    -4.6344158724631948e-04         4.5447975576047865e-04        -1.0309736399427143e-07        -1.3736450730598114e-05        -2.8990509981650201e-03         3.1672139076755590e-07        -2.2419560184179496e-02         6.7850129042652061e-03
23                                    -1.5496917023100375e-09        -7.2215110983917353e-08        -7.4555450830492251e-04         4.5329271063373469e-08         2.9088002253270823e-07         4.8536043172411969e-03         7.7158595726175895e-07        -1.0770049260046244e-07
24                                    -3.3111061365137795e-01         3.0965368755924080e-02        -2.2271843342714001e-06        -8.9106538097812639e-03        -9.9721032226735701e-04         4.3647041033942685e-07         1.1384714947653106e-03         2.9533952142908812e-03
25                                     3.1376735375216125e-02        -6.2022799364876702e-02         1.1757691047413474e-06         2.9446578902241029e-02         1.9903442923606303e-03         6.3749632615191732e-09         2.1680370662343785e-03        -5.2020560420142263e-03
26                                    -2.1762902321725414e-06         1.1428932229095231e-06        -3.3943324134083422e-02        -1.1897737956610890e-06        -5.2120067506494942e-08         1.6657962502504599e-03        -9.1442887058259264e-08         5.2959597896815961e-07
27                                     1.1150795895952312e-02         1.1454582066616002e-02        -6.4482072790684434e-07        -1.5274447230906499e-01        -1.3233526650963198e-01         5.2746480525773958e-06        -1.4952869300463977e-02        -2.6909756716701663e-02
28                                    -1.9393488819718953e-02        -1.8195168922261182e-02         4.0539964748007589e-07        -1.3247277676988634e-01        -2.4115889247782790e-01         8.5784662024898664e-06         4.1838218318058507e-03         5.7359947003683635e-03
29                                     9.2760070187685382e-07         5.2459061498417062e-07         2.3368705106186459e-04         5.1506163469902578e-06         8.5121349421589170e-06        -2.9597040263978878e-02        -3.7815718078512430e-07        -2.2995221687495344e-07
30                                    -5.9536388696143933e-03        -4.0332933971254370e-04        -6.6430536661264254e-09        -7.0995750618321231e-03         2.9142324391107234e-02        -1.2176390110340047e-06        -1.0461359674005639e-01         1.0807136517713797e-01
31                                     2.9198560172952193e-04         1.8778717141729421e-03         1.4073368633553471e-07        -2.7143777901463689e-04         1.3746694418814241e-03        -2.1726379773237125e-08         1.0511633193998665e-01        -2.8872910529321294e-01
32                                    -1.0733711570038547e-07         1.6796215373067005e-07         7.1213266284176589e-03         3.1573025697534389e-07        -1.1143456553425992e-08         2.3279569960136387e-03        -4.9575628785937142e-06         1.1776241374351803e-05
33                                     1.1969594879590817e-02        -1.7641502635177057e-02         7.5608934639011452e-07        -1.5361844090929064e-03        -3.6073095761863811e-03         1.5898278224926736e-07        -1.1845645483687575e-03        -8.4822312517057860e-04
34                                     1.2118349236818322e-02        -1.7654112430448857e-02         4.7623970373094276e-07        -4.3957101405061594e-03        -1.9546302128215457e-03         3.8466860069907690e-07        -6.1206284835109881e-04         6.0053136032569101e-04
35                                    -5.3329987388338666e-07         5.4889754887149266e-07         1.1470305433963308e-03         2.8061020009955544e-07         3.2104351954778190e-07         7.2160318543923194e-03        -8.3533992762199616e-08        -4.3441276491097931e-08
36                                    -1.3813392531440087e-03         2.9577954680001719e-04        -1.7429579263818009e-07         5.1391246715478431e-04         6.3807519848460689e-04         8.4960486965982926e-08        -1.9786687544330519e-03         3.6455905407169285e-04
37                                    -8.7792938840232013e-04         1.7059316326747602e-03         2.9420847469383328e-08         3.6655372093390528e-04        -6.5642165187185437e-04         5.8325603521089115e-08        -7.1725453042730848e-05        -9.0724945471726444e-05
38                                     4.0439292065074348e-08         2.2802724243194578e-08         1.8661726325056717e-03        -4.2872343127708529e-08         1.1037678905021691e-08        -9.7622769734909080e-05        -3.3976793842364489e-08        -6.7321559814253951e-08
                                                         8                           9                          10                          11                          12                          13                          14                          15

0                                     -1.4980143574391457e-06         6.2806085844861054e-05        -2.0878087180164007e-03         1.3096299146179643e-07        -3.7137432034696292e-02        -2.4941631930195277e-02         8.6751374885211775e-07        -2.0152752959294690e-01
1                                     -2.3172884042185856e-07        -6.9014132370657719e-03        -6.2343063265217734e-02         2.1917837114639867e-06        -6.9199922240787498e-02         4.5125005168566837e-02        -2.0370777085821958e-06        -7.6759593304736889e-02
2                                      5.5723867736003751e-03         2.7783316727602130e-07         2.7231070272850012e-06        -3.2263428312381253e-03         2.2801173443045496e-06        -2.1143705596366042e-06        -3.6041132029885833e-04         2.7934303606856099e-06
3                                     -2.7978027901584844e-06        -4.2236169017684712e-02        -7.0164593475815162e-02         3.0763665640840169e-06        -4.0987236138357086e-02         3.5212221170928884e-02        -1.6426536129249833e-06         5.3801474002213107e-02
4                                      2.9388243927898211e-06        -1.8637276239734778e-02         3.7202646066495246e-02        -1.3822460341278130e-06         3.5070846825673158e-02        -2.0460676040563598e-02         9.8990793455078892e-07        -3.3185809555605031e-02
5                                     -5.4879806375182166e-02         7.8445070655398272e-07        -1.6190409506155323e-06         5.4593001093513269e-03        -1.5144735816334092e-06         1.2759102297150409e-06        -2.1110499009798504e-03         9.7420195563828329e-07
6                                      3.7192464457511562e-06        -1.6866557956527400e-01        -7.0242580666733653e-02         2.2893171855769415e-06         6.2222042601465001e-02        -3.6031374680080226e-02         1.3186745298829954e-06        -4.7032989109029109e-02
7                                     -2.5691815656736897e-05        -1.2651216088266753e-01        -2.6980476084133592e-01         8.6251859904875185e-06         8.3872473506703561e-03        -5.2129448625651040e-02         1.8596686518246053e-06        -1.8260033101456016e-02
8                                      1.2262548803809586e-01         5.0388166201471598e-06         9.0799284726003160e-06        -5.4249791089531846e-02        -1.3544623603390516e-07         1.6701991356663378e-06         1.8745861176275858e-03         7.6921718723048091e-07
9                                      5.0388166201471598e-06         4.8232169162597460e-01         3.6120438536988320e-02        -4.0461139533077764e-07        -1.3220595308961455e-01         1.0319307933546226e-01        -4.3773790909967163e-06        -1.7643130088127727e-02
10                                     9.0799284726003160e-06         3.6120438536988320e-02         6.5350511986940707e-01        -2.2062673593949956e-05         3.3448608987116338e-02        -2.6443517792915933e-01         7.6394274721934164e-06         7.1548597520614862e-02
11                                    -5.4249791089531846e-02        -4.0461139533077764e-07        -2.2062673593949956e-05         1.0643688320135325e-01        -1.2178783650492431e-06         8.8044877760772730e-06        -6.1514955653725140e-02        -3.3734449575527035e-06
12                                    -1.3544623603390516e-07        -1.3220595308961455e-01         3.3448608987116338e-02        -1.2178783650492431e-06         7.0554962035866453e-01         8.3936935797564796e-03         7.7363198194639929e-07        -3.0432173165828130e-01
13                                     1.6701991356663378e-06         1.0319307933546226e-01        -2.6443517792915933e-01         8.8044877760772730e-06         8.3936935797564796e-03         6.7331816020012714e-01        -1.9702344845159361e-05         1.3771570837893560e-03
14                                     1.8745861176275858e-03        -4.3773790909967163e-06         7.6394274721934164e-06        -6.1514955653725140e-02         7.7363198194639929e-07        -1.9702344845159361e-05         1.4797216623162676e-01        -5.0906144183281202e-07
15                                     7.6921718723048091e-07        -1.7643130088127727e-02         7.1548597520614862e-02        -3.3734449575527035e-06        -3.0432173165828130e-01         1.3771570837893560e-03        -5.0906144183281202e-07         6.6921340366648974e-01
16                                     3.2677446012117345e-07         2.5534568562065471e-02         2.1070724122814861e-02        -5.9049771330640058e-07         7.0230485527523506e-02        -1.2995398875089309e-01         2.5245699407544410e-06        -4.8401219995875726e-03
17                                    -2.0069848035033483e-03        -9.7355564473552923e-07        -7.4451121883393132e-07         5.9356337067558995e-03        -2.8154599914506925e-06         2.5404885973090676e-06        -6.3080531296768397e-02         1.3087337936261267e-06
18                                    -1.4420489463167530e-07         2.4638191959416855e-03         9.3678814531632237e-04        -2.8785489110881301e-07        -1.6369823686444410e-01        -1.1128996325999471e-01         4.2513757353246934e-06        -4.3410919283121394e-02
19                                     4.2668274196937229e-07        -3.0997848971131597e-02        -5.2157976820164202e-02         2.1568167907447579e-06        -6.2286604981539401e-02        -2.4679289088292738e-01         7.5111720670364654e-06        -1.4724569531676349e-02
20                                     6.4596772238858340e-03         1.2267692232290903e-06         2.3321130342037315e-06         6.9517857485199008e-03         1.6653481158670256e-06         7.0185709546979783e-06        -4.1204380080435851e-02         4.7865345823603262e-07
21                                    -5.1311175295861627e-07        -1.3081671851807530e-01         1.3325774766799449e-02        -1.0472885720397538e-06        -4.1794932120801973e-02        -7.7773397495634056e-04         1.8292062138504437e-07         5.2414115894365452e-03
22                                    -2.7268892600595185e-07         9.6820984647001482e-03        -4.2131013391117265e-02         9.6484016686970788e-07         2.2347024515069279e-02        -6.5292289339760326e-03         4.7928044891758912e-07        -3.0026811936785872e-05
23                                     2.3586138650158565e-03        -1.0120248698351699e-06         9.3748300064737815e-07        -2.1188709265420248e-02        -1.0572965106249683e-06         1.9663315267544041e-07         3.9537845020035604e-03        -1.0858921430000944e-08
