
$orca_hessian_file

$act_atom
  0

$act_coord
  0

$act_energy
        0.000000

$multiplicity
  1

$hessian
39
                    0                  1                  2                  3                  4        
    0      7.3645185956E-01  -5.0673222365E-03   2.2091211946E-06  -1.5695682698E-01   1.0249577602E-01
    1     -5.0673222365E-03   6.6407374914E-01  -2.0690108380E-05   4.6898251979E-02  -2.9600999277E-01
    2      2.2091211946E-06  -2.0690108380E-05   1.2626980688E-01  -2.3213986454E-06   1.0332619974E-05
    3     -1.5695682698E-01   4.6898251979E-02  -2.3213986454E-06   6.8179632433E-01   4.1284225232E-02
    4      1.0249577602E-01  -2.9600999277E-01   1.0332619974E-05   4.1284225232E-02   7.0791371999E-01
    5     -4.4667361062E-06   1.0125188378E-05  -5.5992593994E-02  -9.0697156299E-07  -2.4076401958E-05
    6     -2.1092409095E-02   7.6095083502E-02  -2.6500809428E-06  -3.3071433149E-01  -7.3042504958E-03
    7      3.3438750319E-02   1.6257165504E-02  -3.9079915854E-07   5.2669291333E-02  -1.2555044023E-01
    8     -1.4980143574E-06  -2.3172884042E-07   5.5723867736E-03  -2.7978027902E-06   2.9388243928E-06
    9      6.2806085845E-05  -6.9014132371E-03   2.7783316728E-07  -4.2236169018E-02  -1.8637276240E-02
   10     -2.0878087180E-03  -6.2343063265E-02   2.7231070273E-06  -7.0164593476E-02   3.7202646066E-02
   11      1.3096299146E-07   2.1917837115E-06  -3.2263428312E-03   3.0763665641E-06  -1.3822460341E-06
   12     -3.7137432035E-02  -6.9199922241E-02   2.2801173443E-06  -4.0987236138E-02   3.5070846826E-02
   13     -2.4941631930E-02   4.5125005169E-02  -2.1143705596E-06   3.5212221171E-02  -2.0460676041E-02
   14      8.6751374885E-07  -2.0370777086E-06  -3.6041132030E-04  -1.6426536129E-06   9.8990793455E-07
   15     -2.0152752959E-01  -7.6759593305E-02   2.7934303607E-06   5.3801474002E-02  -3.3185809556E-02
   16     -1.3121975075E-01  -2.7186414461E-01   8.0540487826E-06   6.1699581636E-03  -5.7611364254E-02
   17      4.8305433799E-06   7.7538193748E-06  -5.2930912993E-02   2.2150671245E-09   2.1540032620E-06
   18     -2.3277597478E-03   1.0883656521E-02  -2.9376133427E-07   1.8436164258E-03  -6.5662926612E-03
   19      4.3566885896E-03  -1.4049215576E-03   2.4749826544E-07  -4.6936334562E-03  -2.1799111576E-03
   20     -1.9468692603E-07   2.6673073324E-07   4.9887292747E-03   2.5239864892E-07  -4.4977030777E-09
   21     -2.1475071981E-03  -6.4655108698E-04  -2.6673588078E-08   3.2301219921E-03  -6.0330247368E-03
   22     -4.6344158725E-04   4.5447975576E-04  -1.0309736399E-07  -1.3736450731E-05  -2.8990509982E-03
   23     -1.5496917023E-09  -7.2215110984E-08  -7.4555450830E-04   4.5329271063E-08   2.9088002253E-07
   24     -3.3111061365E-01   3.0965368756E-02  -2.2271843343E-06  -8.9106538098E-03  -9.9721032227E-04
   25      3.1376735375E-02  -6.2022799365E-02   1.1757691047E-06   2.9446578902E-02   1.9903442924E-03
   26     -2.1762902322E-06   1.1428932229E-06  -3.3943324134E-02  -1.1897737957E-06  -5.2120067506E-08
   27      1.1150795896E-02   1.1454582067E-02  -6.4482072791E-07  -1.5274447231E-01  -1.3233526651E-01
   28     -1.9393488820E-02  -1.8195168922E-02   4.0539964748E-07  -1.3247277677E-01  -2.4115889248E-01
   29      9.2760070188E-07   5.2459061498E-07   2.3368705106E-04   5.1506163470E-06   8.5121349422E-06
   30     -5.9536388696E-03  -4.0332933971E-04  -6.6430536661E-09  -7.0995750618E-03   2.9142324391E-02
   31      2.9198560173E-04   1.8778717142E-03   1.4073368634E-07  -2.7143777901E-04   1.3746694419E-03
   32     -1.0733711570E-07   1.6796215373E-07   7.1213266284E-03   3.1573025698E-07  -1.1143456553E-08
   33      1.1969594880E-02  -1.7641502635E-02   7.5608934639E-07  -1.5361844091E-03  -3.6073095762E-03
   34      1.2118349237E-02  -1.7654112430E-02   4.7623970373E-07  -4.3957101405E-03  -1.9546302128E-03
   35     -5.3329987388E-07   5.4889754887E-07   1.1470305434E-03   2.8061020010E-07   3.2104351955E-07
   36     -1.3813392531E-03   2.9577954680E-04  -1.7429579264E-07   5.1391246715E-04   6.3807519848E-04
   37     -8.7792938840E-04   1.7059316327E-03   2.9420847469E-08   3.6655372093E-04  -6.5642165187E-04
   38      4.0439292065E-08   2.2802724243E-08   1.8661726325E-03  -4.2872343128E-08   1.1037678905E-08
                    5                  6                  7                  8                  9        
    0     -4.4667361062E-06  -2.1092409095E-02   3.3438750319E-02  -1.4980143574E-06   6.2806085845E-05
    1      1.0125188378E-05   7.6095083502E-02   1.6257165504E-02  -2.3172884042E-07  -6.9014132371E-03
    2     -5.5992593994E-02  -2.6500809428E-06  -3.9079915854E-07   5.5723867736E-03   2.7783316728E-07
    3     -9.0697156299E-07  -3.3071433149E-01   5.2669291333E-02  -2.7978027902E-06  -4.2236169018E-02
    4     -2.4076401958E-05  -7.3042504958E-03  -1.2555044023E-01   2.9388243928E-06  -1.8637276240E-02
    5      1.1681103056E-01  -4.9708014051E-07   2.9557453605E-06  -5.4879806375E-02   7.8445070655E-07
    6     -4.9708014051E-07   6.7385378158E-01  -3.7404803013E-02   3.7192464458E-06  -1.6866557957E-01
    7      2.9557453605E-06  -3.7404803013E-02   7.2185673062E-01  -2.5691815657E-05  -1.2651216088E-01
    8     -5.4879806375E-02   3.7192464458E-06  -2.5691815657E-05   1.2262548804E-01   5.0388166201E-06
    9      7.8445070655E-07  -1.6866557957E-01  -1.2651216088E-01   5.0388166201E-06   4.8232169163E-01
   10     -1.6190409506E-06  -7.0242580667E-02  -2.6980476084E-01   9.0799284726E-06   3.6120438537E-02
   11      5.4593001094E-03   2.2893171856E-06   8.6251859905E-06  -5.4249791090E-02  -4.0461139533E-07
   12     -1.5144735816E-06   6.2222042601E-02   8.3872473507E-03  -1.3544623603E-07  -1.3220595309E-01
   13      1.2759102297E-06  -3.6031374680E-02  -5.2129448626E-02   1.6701991357E-06   1.0319307934E-01
   14     -2.1110499010E-03   1.3186745299E-06   1.8596686518E-06   1.8745861176E-03  -4.3773790910E-06
   15      9.7420195564E-07  -4.7032989109E-02  -1.8260033101E-02   7.6921718723E-07  -1.7643130088E-02
   16      2.0405218885E-06  -2.2306181130E-02  -9.6878710266E-03   3.2677446012E-07   2.5534568562E-02
   17      5.7486877812E-03   5.5557944979E-07   3.7646338634E-07  -2.0069848035E-03  -9.7355564474E-07
   18      2.7599678190E-07  -5.2525465905E-03   1.3999621464E-03  -1.4420489463E-07   2.4638191959E-03
   19     -4.8795836840E-08   8.5012146454E-03  -4.1028083201E-05   4.2668274197E-07  -3.0997848971E-02
   20     -1.4042945627E-03  -2.6715891609E-07   3.8931994778E-07   6.4596772239E-03   1.2267692232E-06
   21      3.9139562110E-07  -4.1726740491E-02   2.9784557302E-03  -5.1311175296E-07  -1.3081671852E-01
   22      3.1672139077E-07  -2.2419560184E-02   6.7850129043E-03  -2.7268892601E-07   9.6820984647E-03
   23      4.8536043172E-03   7.7158595726E-07  -1.0770049260E-07   2.3586138650E-03  -1.0120248698E-06
   24      4.3647041034E-07   1.1384714948E-03   2.9533952143E-03  -2.1320815440E-07   8.3080521819E-04
   25      6.3749632615E-09   2.1680370662E-03  -5.2020560420E-03   5.1313459143E-07  -5.1847525981E-04
   26      1.6657962503E-03  -9.1442887058E-08   5.2959597897E-07   6.9493235095E-03   2.2288806646E-08
   27      5.2746480526E-06  -1.4952869300E-02  -2.6909756717E-02   1.0646647589E-06  -3.5494241273E-03
   28      8.5784662025E-06   4.1838218318E-03   5.7359947004E-03  -2.5653439995E-07   1.0296507093E-03
   29     -2.9597040264E-02  -3.7815718079E-07  -2.2995221687E-07   4.4690725025E-04  -1.9720832785E-08
   30     -1.2176390110E-06  -1.0461359674E-01   1.0807136518E-01  -5.0102386372E-06   8.6181935454E-03
   31     -2.1726379773E-08   1.0511633194E-01  -2.8872910529E-01   1.1651392422E-05   1.2985714404E-02
   32      2.3279569960E-03  -4.9575628786E-06   1.1776241374E-05  -3.3226356310E-02  -6.6271545658E-07
   33      1.5898278225E-07  -1.1845645484E-03  -8.4822312517E-04   3.1384718615E-09  -4.0970289428E-03
   34      3.8466860070E-07  -6.1206284835E-04   6.0053136033E-04  -7.9995136328E-08   4.5385498526E-04
   35      7.2160318544E-03  -8.3533992762E-08  -4.3441276491E-08  -1.2150180904E-03  -7.9603611007E-08
   36      8.4960486966E-08  -1.9786687544E-03   3.6455905407E-04   2.1533503158E-08   4.9166876775E-03
   37      5.8325603521E-08  -7.1725453043E-05  -9.0724945472E-05  -5.5363586266E-08  -5.7108201870E-03
   38     -9.7622769735E-05  -3.3976793842E-08  -6.7321559814E-08  -7.0902610951E-04   1.9694417009E-07
                   10                 11                 12                 13                 14        
    0     -2.0878087180E-03   1.3096299146E-07  -3.7137432035E-02  -2.4941631930E-02   8.6751374885E-07
    1     -6.2343063265E-02   2.1917837115E-06  -6.9199922241E-02   4.5125005169E-02  -2.0370777086E-06
    2      2.7231070273E-06  -3.2263428312E-03   2.2801173443E-06  -2.1143705596E-06  -3.6041132030E-04
    3     -7.0164593476E-02   3.0763665641E-06  -4.0987236138E-02   3.5212221171E-02  -1.6426536129E-06
    4      3.7202646066E-02  -1.3822460341E-06   3.5070846826E-02  -2.0460676041E-02   9.8990793455E-07
    5     -1.6190409506E-06   5.4593001094E-03  -1.5144735816E-06   1.2759102297E-06  -2.1110499010E-03
    6     -7.0242580667E-02   2.2893171856E-06   6.2222042601E-02  -3.6031374680E-02   1.3186745299E-06
    7     -2.6980476084E-01   8.6251859905E-06   8.3872473507E-03  -5.2129448626E-02   1.8596686518E-06
    8      9.0799284726E-06  -5.4249791090E-02  -1.3544623603E-07   1.6701991357E-06   1.8745861176E-03
    9      3.6120438537E-02  -4.0461139533E-07  -1.3220595309E-01   1.0319307934E-01  -4.3773790910E-06
   10      6.5350511987E-01  -2.2062673594E-05   3.3448608987E-02  -2.6443517793E-01   7.6394274722E-06
   11     -2.2062673594E-05   1.0643688320E-01  -1.2178783650E-06   8.8044877761E-06  -6.1514955654E-02
   12      3.3448608987E-02  -1.2178783650E-06   7.0554962036E-01   8.3936935798E-03   7.7363198195E-07
   13     -2.6443517793E-01   8.8044877761E-06   8.3936935798E-03   6.7331816020E-01  -1.9702344845E-05
   14      7.6394274722E-06  -6.1514955654E-02   7.7363198195E-07  -1.9702344845E-05   1.4797216623E-01
   15      7.1548597521E-02  -3.3734449576E-06  -3.0432173166E-01   1.3771570838E-03  -5.0906144183E-07
   16      2.1070724123E-02  -5.9049771331E-07   7.0230485528E-02  -1.2995398875E-01   2.5245699408E-06
   17     -7.4451121883E-07   5.9356337068E-03  -2.8154599915E-06   2.5404885973E-06  -6.3080531297E-02
   18      9.3678814532E-04  -2.8785489111E-07  -1.6369823686E-01  -1.1128996326E-01   4.2513757353E-06
   19     -5.2157976820E-02   2.1568167907E-06  -6.2286604982E-02  -2.4679289088E-01   7.5111720670E-06
   20      2.3321130342E-06   6.9517857485E-03   1.6653481159E-06   7.0185709547E-06  -4.1204380080E-02
   21      1.3325774767E-02  -1.0472885720E-06  -4.1794932121E-02  -7.7773397496E-04   1.8292062139E-07
   22     -4.2131013391E-02   9.6484016687E-07   2.2347024515E-02  -6.5292289340E-03   4.7928044892E-07
   23      9.3748300065E-07  -2.1188709265E-02  -1.0572965106E-06   1.9663315268E-07   3.9537845020E-03
   24     -2.7465547352E-04   6.6136751554E-08   9.1482560211E-04  -3.0992607594E-03   2.5069267472E-07
   25     -1.5150443371E-03   6.7949002576E-08  -2.3949822761E-03  -3.7690262187E-03   4.3010012687E-07
   26      4.6023877165E-09  -7.1028494685E-04   7.5099921922E-08   4.1272141900E-07   7.9760723840E-03
   27      2.0216318415E-03  -2.5453219691E-08  -1.0017312446E-03   9.4829561892E-04   4.7852166105E-08
   28      1.5280648806E-03   3.9071088367E-07   1.1815638797E-03  -1.4995034615E-04   2.8272201038E-08
   29      1.3951525348E-08   7.0208315510E-03   1.2806907497E-08   1.1508601617E-07  -9.4147775549E-04
   30     -1.7950575205E-02   7.2296166780E-07  -2.1157235661E-03  -2.5857091896E-03   1.2031358907E-07
   31     -1.9862481156E-02   1.2387053856E-06  -4.2294246578E-03  -1.2849982711E-03   3.0148111060E-07
   32      6.6015936724E-07   2.7468547881E-03   3.6412132536E-07   2.3563718438E-07   5.7858646157E-03
   33     -1.0183169541E-03   3.1064241803E-09  -8.7562369347E-03   3.1468002186E-02  -1.1286275869E-06
   34      9.0864587975E-04   2.8670087906E-07  -5.6593469112E-04  -2.0438364998E-03   1.7495970742E-07
   35      1.4131004256E-07   5.4137830396E-03   3.9859309204E-07   2.2477915808E-07   4.8221649969E-03
   36      4.6152804743E-03   5.0188023439E-08  -3.6667274911E-02  -2.1274263687E-03  -5.7383895732E-07
   37     -1.9656830793E-03   8.6708199740E-08  -4.0121950630E-02   9.1060571303E-03  -7.5338555181E-07
   38      1.1567198872E-07   9.2501164206E-04   1.5894216385E-06  -1.2382977461E-07  -3.1718328401E-03
                   15                 16                 17                 18                 19        
    0     -2.0152752959E-01  -1.3121975075E-01   4.8305433799E-06  -2.3277597478E-03   4.3566885896E-03
    1     -7.6759593305E-02  -2.7186414461E-01   7.7538193748E-06   1.0883656521E-02  -1.4049215576E-03
    2      2.7934303607E-06   8.0540487826E-06  -5.2930912993E-02  -2.9376133427E-07   2.4749826544E-07
    3      5.3801474002E-02   6.1699581636E-03   2.2150671245E-09   1.8436164258E-03  -4.6936334562E-03
    4     -3.3185809556E-02  -5.7611364254E-02   2.1540032620E-06  -6.5662926612E-03  -2.1799111576E-03
    5      9.7420195564E-07   2.0405218885E-06   5.7486877812E-03   2.7599678190E-07  -4.8795836840E-08
    6     -4.7032989109E-02  -2.2306181130E-02   5.5557944979E-07  -5.2525465905E-03   8.5012146454E-03
    7     -1.8260033101E-02  -9.6878710266E-03   3.7646338634E-07   1.3999621464E-03  -4.1028083201E-05
    8      7.6921718723E-07   3.2677446012E-07  -2.0069848035E-03  -1.4420489463E-07   4.2668274197E-07
    9     -1.7643130088E-02   2.5534568562E-02  -9.7355564474E-07   2.4638191959E-03  -3.0997848971E-02
   10      7.1548597521E-02   2.1070724123E-02  -7.4451121883E-07   9.3678814532E-04  -5.2157976820E-02
   11     -3.3734449576E-06  -5.9049771331E-07   5.9356337068E-03  -2.8785489111E-07   2.1568167907E-06
   12     -3.0432173166E-01   7.0230485528E-02  -2.8154599915E-06  -1.6369823686E-01  -6.2286604982E-02
   13      1.3771570838E-03  -1.2995398875E-01   2.5404885973E-06  -1.1128996326E-01  -2.4679289088E-01
   14     -5.0906144183E-07   2.5245699408E-06  -6.3080531297E-02   4.2513757353E-06   7.5111720670E-06
   15      6.6921340367E-01  -4.8401219996E-03   1.3087337936E-06  -4.3410919283E-02  -1.4724569532E-02
   16     -4.8401219996E-03   7.4535876091E-01  -2.2868945890E-05  -5.3012120103E-02   3.2613326633E-03
   17      1.3087337936E-06  -2.2868945890E-05   1.1888477940E-01   1.7454772910E-06   1.3406618537E-07
   18     -4.3410919283E-02  -5.3012120103E-02   1.7454772910E-06   6.5093551202E-01   6.3811786889E-03
   19     -1.4724569532E-02   3.2613326633E-03   1.3406618537E-07   6.3811786889E-03   3.7946391328E-01
   20      4.7865345824E-07   1.6061055187E-10   6.2820198138E-03   5.9013440267E-06  -1.4537969729E-05
   21      5.2414115894E-03   6.5253180405E-03  -2.7599978921E-07   4.7760668976E-03   2.6402759871E-04
   22     -3.0026811937E-05  -4.2701810697E-03   3.6683535662E-07   1.1355556173E-02   3.1754514659E-05
   23     -1.0858921430E-08   3.6317287844E-07   4.0366835739E-03  -4.2060483972E-07   3.1679070000E-08
   24     -1.4863610337E-02   4.0008589992E-03  -4.2754559488E-07  -1.3398650207E-03   6.8998063021E-05
   25     -2.6449459132E-02   6.4508246554E-03  -1.9058970330E-07  -1.5851379185E-03   3.4381477011E-04
   26      1.0819194402E-06  -9.8615929603E-08   1.7053448142E-03   5.8281586359E-08   7.2111218565E-09
   27      3.1339104050E-05   2.8631821698E-03  -2.5317878946E-08   3.8008555096E-04  -8.6402982738E-05
   28      3.9541955185E-03  -3.8320472145E-03   6.3571094689E-07  -1.8064682274E-04   1.7319006181E-04
   29     -2.9715616840E-07   4.7012579707E-07   6.8221007878E-03  -9.0685869427E-08  -3.7422551296E-08
   30     -8.5274060485E-04  -9.1335959879E-04   3.1401075553E-09   1.2685780508E-04  -1.5147500235E-03
   31     -6.0863725599E-04   4.6156778178E-04   1.9252239891E-08   2.6667090109E-04  -1.5217764396E-03
   32     -2.2147702842E-08  -5.3170617940E-08  -1.2654337181E-03  -8.6615984940E-08   1.1694054158E-07
   33     -1.0067756717E-01   1.0029557120E-01  -3.7087156476E-06   2.6289544007E-03  -1.6744690430E-04
   34      1.0199379580E-01  -2.9260565464E-01   9.5824442048E-06  -1.4697150275E-04   9.5916479775E-04
   35     -3.8618497645E-06   9.4333777487E-06  -3.2218207404E-02  -3.5291286909E-08  -1.5423548130E-07
   36      2.0425894793E-03  -3.4987319767E-03   2.8659396254E-07  -4.4712558479E-01   9.4678873975E-02
   37     -3.8451723274E-03  -6.7779585729E-03   2.9277560099E-07   1.4177759498E-01  -8.0134665145E-02
   38      1.6267425617E-07   3.4666570095E-07   2.0868203402E-03  -1.1066838170E-05   4.0234473798E-06
                   20                 21                 22                 23                 24        
    0     -1.9468692603E-07  -2.1475071981E-03  -4.6344158725E-04  -1.5496917023E-09  -3.3111061365E-01
    1      2.6673073324E-07  -6.4655108698E-04   4.5447975576E-04  -7.2215110984E-08   3.0965368756E-02
    2      4.9887292747E-03  -2.6673588078E-08  -1.0309736399E-07  -7.4555450830E-04  -2.2271843343E-06
    3      2.5239864892E-07   3.2301219921E-03  -1.3736450731E-05   4.5329271063E-08  -8.9106538098E-03
    4     -4.4977030777E-09  -6.0330247368E-03  -2.8990509982E-03   2.9088002253E-07  -9.9721032227E-04
    5     -1.4042945627E-03   3.9139562110E-07   3.1672139077E-07   4.8536043172E-03   4.3647041034E-07
    6     -2.6715891609E-07  -4.1726740491E-02  -2.2419560184E-02   7.7158595726E-07   1.1384714948E-03
    7      3.8931994778E-07   2.9784557302E-03   6.7850129043E-03  -1.0770049260E-07   2.9533952143E-03
    8      6.4596772239E-03  -5.1311175296E-07  -2.7268892601E-07   2.3586138650E-03  -2.1320815440E-07
    9      1.2267692232E-06  -1.3081671852E-01   9.6820984647E-03  -1.0120248698E-06   8.3080521819E-04
   10      2.3321130342E-06   1.3325774767E-02  -4.2131013391E-02   9.3748300065E-07  -2.7465547352E-04
   11      6.9517857485E-03  -1.0472885720E-06   9.6484016687E-07  -2.1188709265E-02   6.6136751554E-08
   12      1.6653481159E-06  -4.1794932121E-02   2.2347024515E-02  -1.0572965106E-06   9.1482560211E-04
   13      7.0185709547E-06  -7.7773397496E-04  -6.5292289340E-03   1.9663315268E-07  -3.0992607594E-03
   14     -4.1204380080E-02   1.8292062139E-07   4.7928044892E-07   3.9537845020E-03   2.5069267472E-07
   15      4.7865345824E-07   5.2414115894E-03  -3.0026811937E-05  -1.0858921430E-08  -1.4863610337E-02
   16      1.6061055187E-10   6.5253180405E-03  -4.2701810697E-03   3.6317287844E-07   4.0008589992E-03
   17      6.2820198138E-03  -2.7599978921E-07   3.6683535662E-07   4.0366835739E-03  -4.2754559488E-07
   18      5.9013440267E-06   4.7760668976E-03   1.1355556173E-02  -4.2060483972E-07  -1.3398650207E-03
   19     -1.4537969729E-05   2.6402759871E-04   3.1754514659E-05   3.1679070000E-08   6.8998063021E-05
   20      2.8838117120E-02  -1.2432656916E-07   3.6822722132E-08  -1.4089158129E-03  -4.4254737757E-08
   21     -1.2432656916E-07   2.0635114724E-01  -1.9096830565E-02   1.5582375781E-06  -1.3025927437E-05
   22      3.6822722132E-08  -1.9096830565E-02   4.6653785598E-02  -1.5086885312E-06   1.8426645652E-05
   23     -1.4089158129E-03   1.5582375781E-06  -1.5086885312E-06   1.2649411020E-02  -1.5686544249E-08
   24     -4.4254737757E-08  -1.3025927437E-05   1.8426645652E-05  -1.5686544249E-08   3.5240699842E-01
   25     -8.5623988670E-09   6.2169278024E-05   2.2887740690E-04  -3.2212873807E-08  -3.3330777459E-02
   26      1.1981886341E-04  -2.5061007660E-08  -3.4044230151E-08  -7.5596522363E-04   2.2191781147E-06
   27      4.4867700971E-09  -1.8212568259E-03  -9.1022021021E-04   3.4461213481E-08   7.0353082988E-04
   28     -1.7117025007E-08   4.7026279842E-04   1.7145550824E-04   2.8917276602E-08   1.1644785731E-04
   29     -6.0725105259E-04   1.3300460629E-08   3.7141397758E-08   4.9442991380E-04   1.0056706974E-08
   30      3.1689203012E-08   1.1554349727E-03  -6.2948438633E-04   2.9413647770E-08  -5.6668756486E-04
   31      8.6991089508E-08   4.7288769821E-04   1.1612022629E-03  -1.5658198445E-07  -1.2219210868E-04
   32      9.0466408956E-05  -1.0530434642E-08  -1.5120687733E-07  -2.9523881009E-03  -4.6718745781E-08
   33     -8.0961823224E-10  -1.8788732563E-03   1.0984272383E-03  -7.0801585732E-08   8.5379057957E-04
   34     -1.5505031617E-07  -3.0071704560E-04   2.5218415595E-04   1.5655646919E-08  -3.3029231593E-05
   35     -3.5273780732E-03  -2.5730117829E-08   1.2046866168E-08  -6.8692554355E-05   4.1124776599E-08
   36     -8.7360708292E-06  -5.5512835163E-04  -1.0090303027E-03   8.3996573814E-08  -4.3965830684E-05
   37      4.7153975148E-06   2.8267589596E-03   9.0722286085E-05  -5.0057309267E-08  -2.7258604538E-04
   38     -5.5783948718E-03  -3.1333727850E-08  -8.0927166087E-08  -1.2263017260E-03   2.7347391777E-08
                   25                 26                 27                 28                 29        
    0      3.1376735375E-02  -2.1762902322E-06   1.1150795896E-02  -1.9393488820E-02   9.2760070188E-07
    1     -6.2022799365E-02   1.1428932229E-06   1.1454582067E-02  -1.8195168922E-02   5.2459061498E-07
    2      1.1757691047E-06  -3.3943324134E-02  -6.4482072791E-07   4.0539964748E-07   2.3368705106E-04
    3      2.9446578902E-02  -1.1897737957E-06  -1.5274447231E-01  -1.3247277677E-01   5.1506163470E-06
    4      1.9903442924E-03  -5.2120067506E-08  -1.3233526651E-01  -2.4115889248E-01   8.5121349422E-06
    5      6.3749632615E-09   1.6657962503E-03   5.2746480526E-06   8.5784662025E-06  -2.9597040264E-02
    6      2.1680370662E-03  -9.1442887058E-08  -1.4952869300E-02   4.1838218318E-03  -3.7815718079E-07
    7     -5.2020560420E-03   5.2959597897E-07  -2.6909756717E-02   5.7359947004E-03  -2.2995221687E-07
    8      5.1313459143E-07   6.9493235095E-03   1.0646647589E-06  -2.5653439995E-07   4.4690725025E-04
    9     -5.1847525981E-04   2.2288806646E-08  -3.5494241273E-03   1.0296507093E-03  -1.9720832785E-08
   10     -1.5150443371E-03   4.6023877165E-09   2.0216318415E-03   1.5280648806E-03   1.3951525348E-08
   11      6.7949002576E-08  -7.1028494685E-04  -2.5453219691E-08   3.9071088367E-07   7.0208315510E-03
   12     -2.3949822761E-03   7.5099921922E-08  -1.0017312446E-03   1.1815638797E-03   1.2806907497E-08
   13     -3.7690262187E-03   4.1272141900E-07   9.4829561892E-04  -1.4995034615E-04   1.1508601617E-07
   14      4.3010012687E-07   7.9760723840E-03   4.7852166105E-08   2.8272201038E-08  -9.4147775549E-04
   15     -2.6449459132E-02   1.0819194402E-06   3.1339104050E-05   3.9541955185E-03  -2.9715616840E-07
   16      6.4508246554E-03  -9.8615929603E-08   2.8631821698E-03  -3.8320472145E-03   4.7012579707E-07
   17     -1.9058970330E-07   1.7053448142E-03  -2.5317878946E-08   6.3571094689E-07   6.8221007878E-03
   18     -1.5851379185E-03   5.8281586359E-08   3.8008555096E-04  -1.8064682274E-04  -9.0685869427E-08
   19      3.4381477011E-04   7.2111218565E-09  -8.6402982738E-05   1.7319006181E-04  -3.7422551296E-08
   20     -8.5623988670E-09   1.1981886341E-04   4.4867700971E-09  -1.7117025007E-08  -6.0725105259E-04
   21      6.2169278024E-05  -2.5061007660E-08  -1.8212568259E-03   4.7026279842E-04   1.3300460629E-08
   22      2.2887740690E-04  -3.4044230151E-08  -9.1022021021E-04   1.7145550824E-04   3.7141397758E-08
   23     -3.2212873807E-08  -7.5596522363E-04   3.4461213481E-08   2.8917276602E-08   4.9442991380E-04
   24     -3.3330777459E-02   2.2191781147E-06   7.0353082988E-04   1.1644785731E-04   1.0056706974E-08
   25      6.1976895087E-02  -1.6262466560E-06  -4.6607779048E-04   1.0083740876E-03  -1.7289125791E-07
   26     -1.6262466560E-06   2.4700562996E-02   2.5446637301E-08  -1.7628453434E-07  -3.5944623835E-03
   27     -4.6607779048E-04   2.5446637301E-08   1.6031537668E-01   1.4244726402E-01  -5.6194798796E-06
   28      1.0083740876E-03  -1.7628453434E-07   1.4244726402E-01   2.5507071444E-01  -9.3378938356E-06
   29     -1.7289125791E-07  -3.5944623835E-03  -5.6194798796E-06  -9.3378938356E-06   2.3319197392E-02
   30      1.5065756358E-03  -7.0601640075E-08   1.1224375444E-03  -3.0206118419E-04   3.3184643524E-08
   31     -6.1950204430E-05   2.9318774947E-08   1.6557721760E-04   6.5611524195E-04  -1.8981539410E-07
   32      3.6019923454E-08   1.4676667946E-04  -6.0440672423E-09  -1.7811780805E-07  -3.9746978513E-03
   33      4.6731581006E-04  -2.3424171376E-08   4.2348062518E-04  -1.0064603104E-03   3.5452306002E-08
   34      9.4788619657E-04  -1.7115087059E-07   6.2306580610E-04  -9.9564519992E-04   1.1592623378E-07
   35     -1.7333576419E-07  -4.0811301237E-03   1.9396761495E-09   1.0145084238E-07   4.4950646881E-04
   36     -2.7628636679E-04   1.7970511514E-08  -5.7292424328E-05  -7.3348296034E-06   1.0344568430E-07
   37     -3.7614032879E-04  -5.5857513654E-10   1.6368759156E-04  -1.2204758466E-05  -5.4040500219E-09
   38      7.1688997138E-09  -1.7851868542E-04  -1.3647327922E-08  -1.8557619084E-08  -7.1731107990E-05
                   30                 31                 32                 33                 34        
    0     -5.9536388696E-03   2.9198560173E-04  -1.0733711570E-07   1.1969594880E-02   1.2118349237E-02
    1     -4.0332933971E-04   1.8778717142E-03   1.6796215373E-07  -1.7641502635E-02  -1.7654112430E-02
    2     -6.6430536661E-09   1.4073368634E-07   7.1213266284E-03   7.5608934639E-07   4.7623970373E-07
    3     -7.0995750618E-03  -2.7143777901E-04   3.1573025698E-07  -1.5361844091E-03  -4.3957101405E-03
    4      2.9142324391E-02   1.3746694419E-03  -1.1143456553E-08  -3.6073095762E-03  -1.9546302128E-03
    5     -1.2176390110E-06  -2.1726379773E-08   2.3279569960E-03   1.5898278225E-07   3.8466860070E-07
    6     -1.0461359674E-01   1.0511633194E-01  -4.9575628786E-06  -1.1845645484E-03  -6.1206284835E-04
    7      1.0807136518E-01  -2.8872910529E-01   1.1776241374E-05  -8.4822312517E-04   6.0053136033E-04
    8     -5.0102386372E-06   1.1651392422E-05  -3.3226356310E-02   3.1384718615E-09  -7.9995136328E-08
    9      8.6181935454E-03   1.2985714404E-02  -6.6271545658E-07  -4.0970289428E-03   4.5385498526E-04
   10     -1.7950575205E-02  -1.9862481156E-02   6.6015936724E-07  -1.0183169541E-03   9.0864587975E-04
   11      7.2296166780E-07   1.2387053856E-06   2.7468547881E-03   3.1064241803E-09   2.8670087906E-07
   12     -2.1157235661E-03  -4.2294246578E-03   3.6412132536E-07  -8.7562369347E-03  -5.6593469112E-04
   13     -2.5857091896E-03  -1.2849982711E-03   2.3563718438E-07   3.1468002186E-02  -2.0438364998E-03
   14      1.2031358907E-07   3.0148111060E-07   5.7858646157E-03  -1.1286275869E-06   1.7495970742E-07
   15     -8.5274060485E-04  -6.0863725599E-04  -2.2147702842E-08  -1.0067756717E-01   1.0199379580E-01
   16     -9.1335959879E-04   4.6156778178E-04  -5.3170617940E-08   1.0029557120E-01  -2.9260565464E-01
   17      3.1401075553E-09   1.9252239891E-08  -1.2654337181E-03  -3.7087156476E-06   9.5824442048E-06
   18      1.2685780508E-04   2.6667090109E-04  -8.6615984940E-08   2.6289544007E-03  -1.4697150275E-04
   19     -1.5147500235E-03  -1.5217764396E-03   1.1694054158E-07  -1.6744690430E-04   9.5916479775E-04
   20      3.1689203012E-08   8.6991089508E-08   9.0466408956E-05  -8.0961823224E-10  -1.5505031617E-07
   21      1.1554349727E-03   4.7288769821E-04  -1.0530434642E-08  -1.8788732563E-03  -3.0071704560E-04
   22     -6.2948438633E-04   1.1612022629E-03  -1.5120687733E-07   1.0984272383E-03   2.5218415595E-04
   23      2.9413647770E-08  -1.5658198445E-07  -2.9523881009E-03  -7.0801585732E-08   1.5655646919E-08
   24     -5.6668756486E-04  -1.2219210868E-04  -4.6718745781E-08   8.5379057957E-04  -3.3029231593E-05
   25      1.5065756358E-03  -6.1950204430E-05   3.6019923454E-08   4.6731581006E-04   9.4788619657E-04
   26     -7.0601640075E-08   2.9318774947E-08   1.4676667946E-04  -2.3424171376E-08  -1.7115087059E-07
   27      1.1224375444E-03   1.6557721760E-04  -6.0440672423E-09   4.2348062518E-04   6.2306580610E-04
   28     -3.0206118419E-04   6.5611524195E-04  -1.7811780805E-07  -1.0064603104E-03  -9.9564519992E-04
   29      3.3184643524E-08  -1.8981539410E-07  -3.9746978513E-03   3.5452306002E-08   1.1592623378E-07
   30      1.0970033801E-01  -1.1440217766E-01   5.3055551668E-06   6.6465197474E-05   7.5650683679E-05
   31     -1.1440217766E-01   3.0599544745E-01  -1.2921738520E-05   1.6202775086E-05  -1.5799282581E-05
   32      5.3055551668E-06  -1.2921738520E-05   2.3668682783E-02  -4.0052266090E-08   8.7574539960E-08
   33      6.6465197474E-05   1.6202775086E-05  -4.0052266090E-08   1.0197031919E-01  -1.0917788328E-01
   34      7.5650683679E-05  -1.5799282581E-05   8.7574539960E-08  -1.0917788328E-01   3.1156148601E-01
   35     -4.2617131376E-08   6.6124495588E-08  -5.1787982921E-04   3.9819696171E-06  -1.0566378062E-05
   36      4.1223533393E-04   3.4542334065E-04   3.7605040223E-08   2.1785038612E-04  -1.7524480328E-05
   37     -1.2139372309E-04  -5.0763242285E-05  -5.6587485581E-09   1.0674029467E-04   3.9779861588E-05
   38      1.8194310886E-08  -3.6359825310E-09   4.8836909384E-05   4.8289524916E-09  -2.5884349968E-08
                   35                 36                 37                 38        
     0     -5.3329987388E-07  -1.3813392531E-03  -8.7792938840E-04   4.0439292065E-08
     1      5.4889754887E-07   2.9577954680E-04   1.7059316327E-03   2.2802724243E-08
     2      1.1470305434E-03  -1.7429579264E-07   2.9420847469E-08   1.8661726325E-03
     3      2.8061020010E-07   5.1391246715E-04   3.6655372093E-04  -4.2872343128E-08
     4      3.2104351955E-07   6.3807519848E-04  -6.5642165187E-04   1.1037678905E-08
     5      7.2160318544E-03   8.4960486966E-08   5.8325603521E-08  -9.7622769735E-05
     6     -8.3533992762E-08  -1.9786687544E-03  -7.1725453043E-05  -3.3976793842E-08
     7     -4.3441276491E-08   3.6455905407E-04  -9.0724945472E-05  -6.7321559814E-08
     8     -1.2150180904E-03   2.1533503158E-08  -5.5363586266E-08  -7.0902610951E-04
     9     -7.9603611007E-08   4.9166876775E-03  -5.7108201870E-03   1.9694417009E-07
    10      1.4131004256E-07   4.6152804743E-03  -1.9656830793E-03   1.1567198872E-07
    11      5.4137830396E-03   5.0188023439E-08   8.6708199740E-08   9.2501164206E-04
    12      3.9859309204E-07  -3.6667274911E-02  -4.0121950630E-02   1.5894216385E-06
    13      2.2477915808E-07  -2.1274263687E-03   9.1060571303E-03  -1.2382977461E-07
    14      4.8221649969E-03  -5.7383895732E-07  -7.5338555181E-07  -3.1718328401E-03
    15     -3.8618497645E-06   2.0425894793E-03  -3.8451723274E-03   1.6267425617E-07
    16      9.4333777487E-06  -3.4987319767E-03  -6.7779585729E-03   3.4666570095E-07
    17     -3.2218207404E-02   2.8659396254E-07   2.9277560099E-07   2.0868203402E-03
    18     -3.5291286909E-08  -4.4712558479E-01   1.4177759498E-01  -1.1066838170E-05
    19     -1.5423548130E-07   9.4678873975E-02  -8.0134665145E-02   4.0234473798E-06
    20     -3.5273780732E-03  -8.7360708292E-06   4.7153975148E-06  -5.5783948718E-03
    21     -2.5730117829E-08  -5.5512835163E-04   2.8267589596E-03  -3.1333727850E-08
    22      1.2046866168E-08  -1.0090303027E-03   9.0722286085E-05  -8.0927166087E-08
    23     -6.8692554355E-05   8.3996573814E-08  -5.0057309267E-08  -1.2263017260E-03
    24      4.1124776599E-08  -4.3965830684E-05  -2.7258604538E-04   2.7347391777E-08
    25     -1.7333576419E-07  -2.7628636679E-04  -3.7614032879E-04   7.1688997138E-09
    26     -4.0811301237E-03   1.7970511514E-08  -5.5857513654E-10  -1.7851868542E-04
    27      1.9396761495E-09  -5.7292424328E-05   1.6368759156E-04  -1.3647327922E-08
    28      1.0145084238E-07  -7.3348296034E-06  -1.2204758466E-05  -1.8557619084E-08
    29      4.4950646881E-04   1.0344568430E-07  -5.4040500219E-09  -7.1731107990E-05
    30     -4.2617131376E-08   4.1223533393E-04  -1.2139372309E-04   1.8194310886E-08
    31      6.6124495588E-08   3.4542334065E-04  -5.0763242285E-05  -3.6359825310E-09
    32     -5.1787982921E-04   3.7605040223E-08  -5.6587485581E-09   4.8836909384E-05
    33      3.9819696171E-06   2.1785038612E-04   1.0674029467E-04   4.8289524916E-09
    34     -1.0566378062E-05  -1.7524480328E-05   3.9779861588E-05  -2.5884349968E-08
    35      2.3202939737E-02  -1.3448608042E-08  -3.7350418246E-08  -6.2315056603E-04
    36     -1.3448608042E-08   4.7970597897E-01  -9.4110707530E-02   8.9800893760E-06
    37     -3.7350418246E-08  -9.4110707530E-02   7.9122070814E-02  -4.2407437238E-06
    38     -6.2315056603E-04   8.9800893760E-06  -4.2407437238E-06   6.7297371525E-03

$vibrational_frequencies
39
    0        0.0000000000000000
    1        0.0000000000000000
    2        0.0000000000000000
    3        0.0000000000000000
    4        0.0000000000000000
    5        0.0000000000000000
    6      159.8020792462221209
    7      261.0349216364051586
    8      267.5603960092370244
    9      375.7484637998464336
   10      429.5922606598554694
   11      448.0120769117089594
   12      496.4397388543128500
   13      549.1210361915047997
   14      565.5220583524600215
   15      683.8780616854458003
   16      710.7240682480510259
   17      751.6635099555292072
   18      846.2828455709176296
   19      851.2726776580001342
   20      927.1495422246142653
   21      952.6212573921912963
   22     1044.1382783933254359
   23     1061.1939918284974738
   24     1139.2993252457745257
   25     1179.4651475831940388
   26     1213.4038057167151692
   27     1275.8225022870533394
   28     1331.3570913762116561
   29     1379.0937150612867299
   30     1488.7675246063915893
   31     1505.7346816861991101
   32     1620.6468044176551757
   33     1628.7984036459963590
   34     3170.4276738245102933
   35     3182.3477825919039788
   36     3189.7403479776094173
   37     3197.0010792017301355
   38     3728.8285874660500667

$normal_modes
39 39
                    0                  1                  2                  3                  4        
    0      0.0000000000E+00   0.0000000000E+00   0.0000000000E+00   0.0000000000E+00   0.0000000000E+00
    1      0.0000000000E+00   0.0000000000E+00   0.0000000000E+00   0.0000000000E+00   0.0000000000E+00
    2      0.0000000000E+00   0.0000000000E+00   0.0000000000E+00   0.0000000000E+00   0.0000000000E+00
    3      0.0000000000E+00   0.0000000000E+00   0.0000000000E+00   0.0000000000E+00   0.0000000000E+00
    4      0.0000000000E+00   0.0000000000E+00   0.0000000000E+00   0.0000000000E+00   0.0000000000E+00
    5      0.0000000000E+00   0.0000000000E+00   0.0000000000E+00   0.0000000000E+00   0.0000000000E+00
    6      0.0000000000E+00   0.0000000000E+00   0.0000000000E+00   0.0000000000E+00   0.0000000000E+00
    7      0.0000000000E+00   0.0000000000E+00   0.0000000000E+00   0.0000000000E+00   0.0000000000E+00
    8      0.0000000000E+00   0.0000000000E+00   0.0000000000E+00   0.0000000000E+00   0.0000000000E+00
    9      0.0000000000E+00   0.0000000000E+00   0.0000000000E+00   0.0000000000E+00   0.0000000000E+00
   10      0.0000000000E+00   0.0000000000E+00   0.0000000000E+00   0.0000000000E+00   0.0000000000E+00
   11      0.0000000000E+00   0.0000000000E+00   0.0000000000E+00   0.0000000000E+00   0.0000000000E+00
   12      0.0000000000E+00   0.0000000000E+00   0.0000000000E+00   0.0000000000E+00   0.0000000000E+00
   13      0.0000000000E+00   0.0000000000E+00   0.0000000000E+00   0.0000000000E+00   0.0000000000E+00
   14      0.0000000000E+00   0.0000000000E+00   0.0000000000E+00   0.0000000000E+00   0.0000000000E+00
   15      0.0000000000E+00   0.0000000000E+00   0.0000000000E+00   0.0000000000E+00   0.0000000000E+00
   16      0.0000000000E+00   0.0000000000E+00   0.0000000000E+00   0.0000000000E+00   0.0000000000E+00
   17      0.0000000000E+00   0.0000000000E+00   0.0000000000E+00   0.0000000000E+00   0.0000000000E+00
   18      0.0000000000E+00   0.0000000000E+00   0.0000000000E+00   0.0000000000E+00   0.0000000000E+00
   19      0.0000000000E+00   0.0000000000E+00   0.0000000000E+00   0.0000000000E+00   0.0000000000E+00
   20      0.0000000000E+00   0.0000000000E+00   0.0000000000E+00   0.0000000000E+00   0.0000000000E+00
   21      0.0000000000E+00   0.0000000000E+00   0.0000000000E+00   0.0000000000E+00   0.0000000000E+00
   22      0.0000000000E+00   0.0000000000E+00   0.0000000000E+00   0.0000000000E+00   0.0000000000E+00
   23      0.0000000000E+00   0.0000000000E+00   0.0000000000E+00   0.0000000000E+00   0.0000000000E+00
   24      0.0000000000E+00   0.0000000000E+00   0.0000000000E+00   0.0000000000E+00   0.0000000000E+00
   25      0.0000000000E+00   0.0000000000E+00   0.0000000000E+00   0.0000000000E+00   0.0000000000E+00
   26      0.0000000000E+00   0.0000000000E+00   0.0000000000E+00   0.0000000000E+00   0.0000000000E+00
   27      0.0000000000E+00   0.0000000000E+00   0.0000000000E+00   0.0000000000E+00   0.0000000000E+00
   28      0.0000000000E+00   0.0000000000E+00   0.0000000000E+00   0.0000000000E+00   0.0000000000E+00
   29      0.0000000000E+00   0.0000000000E+00   0.0000000000E+00   0.0000000000E+00   0.0000000000E+00
   30      0.0000000000E+00   0.0000000000E+00   0.0000000000E+00   0.0000000000E+00   0.0000000000E+00
   31      0.0000000000E+00   0.0000000000E+00   0.0000000000E+00   0.0000000000E+00   0.0000000000E+00
   32      0.0000000000E+00   0.0000000000E+00   0.0000000000E+00   0.0000000000E+00   0.0000000000E+00
   33      0.0000000000E+00   0.0000000000E+00   0.0000000000E+00   0.0000000000E+00   0.0000000000E+00
   34      0.0000000000E+00   0.0000000000E+00   0.0000000000E+00   0.0000000000E+00   0.0000000000E+00
   35      0.0000000000E+00   0.0000000000E+00   0.0000000000E+00   0.0000000000E+00   0.0000000000E+00
   36      0.0000000000E+00   0.0000000000E+00   0.0000000000E+00   0.0000000000E+00   0.0000000000E+00
   37      0.0000000000E+00   0.0000000000E+00   0.0000000000E+00   0.0000000000E+00   0.0000000000E+00
   38      0.0000000000E+00   0.0000000000E+00   0.0000000000E+00   0.0000000000E+00   0.0000000000E+00
                    5                  6                  7                  8                  9        
    0      0.0000000000E+00   2.1014457094E-07  -1.5295060947E-02  -2.1927775718E-07   2.1751121773E-01
    1      0.0000000000E+00  -9.0144329605E-06   5.8434068165E-02  -5.1845570442E-06  -1.6306727321E-01
    2      0.0000000000E+00  -2.2852983007E-01  -3.5436273690E-06  -1.3858596973E-01   5.0094920995E-06
    3      0.0000000000E+00  -8.1039623610E-07  -1.2419199494E-01  -3.6984099280E-07   2.2026788069E-01
    4      0.0000000000E+00   4.9002021534E-06   5.8421033419E-03  -9.4423358979E-06  -1.6142112908E-01
    5      0.0000000000E+00   1.1772385386E-01  -4.9707087693E-06  -2.4124600644E-01   6.5869275800E-06
    6      0.0000000000E+00  -1.0352683255E-06  -1.2117316175E-01  -5.1672288092E-07   1.8618008629E-01
    7      0.0000000000E+00   1.1002802362E-05  -1.5568241526E-01   7.2572228370E-06   7.9148512864E-03
    8      0.0000000000E+00   2.6756877426E-01   7.9488644423E-06   1.5659060783E-01   1.3465685928E-06
    9      0.0000000000E+00  -3.3270510377E-07  -8.0972854089E-02   1.5767468755E-07  -8.3302008113E-02
   10      0.0000000000E+00   5.1219271774E-06  -1.8424347434E-01   1.3838810355E-05   1.4852918032E-01
   11      0.0000000000E+00   1.3217871052E-01   1.2445198385E-05   3.2415449275E-01  -3.7128713146E-06
   12      0.0000000000E+00  -3.7505807006E-08   3.2767587722E-02  -1.0134976323E-06   4.3486068203E-02
   13      0.0000000000E+00   2.0851617357E-06  -1.5933155832E-01   9.1510516034E-06   1.8002304875E-01
   14      0.0000000000E+00   6.6284761914E-02   8.5927758908E-06   2.1674644682E-01  -3.0672551392E-06
   15      0.0000000000E+00   7.7734375122E-07   6.1822750664E-02  -1.0534570434E-06   3.9268121388E-02
