
$orca_hessian_file

$act_atom
  0

$act_coord
  0

$act_energy
        0.000000

$multiplicity
  1

$hessian
45
                    0                  1                  2                  3                  4        
    0      4.2059258904E-01  -6.6901716323E-02   2.3648526443E-04  -1.4733940557E-01  -2.0727966651E-02
    1     -6.6901716323E-02   5.9020347188E-01   6.3211938134E-06  -4.6314744667E-02  -1.0282608468E-01
    2      2.3648526443E-04   6.3211938134E-06   5.8501069615E-01   1.6893424099E-04   1.2152418826E-04
    3     -1.4733940557E-01  -4.6314744667E-02   1.6893424099E-04   4.5556438491E-01  -5.3742156962E-02
    4     -2.0727966651E-02  -1.0282608468E-01   1.2152418826E-04  -5.3742156962E-02   3.5771778978E-01
    5      9.2105783514E-05   1.1354133378E-04  -6.6292170128E-02   2.6157074248E-05  -7.8222758692E-04
    6     -6.1216878032E-02   2.7573371667E-02  -6.2091728307E-05  -1.8495011242E-01   4.4462859936E-02
    7      1.8640821919E-02   1.8473306499E-02  -9.1110165962E-05   6.7454285373E-02  -1.7262937983E-01
    8     -3.7538577208E-05  -5.7842410124E-05  -1.9484661492E-04  -1.5333488009E-04   3.0559148467E-04
    9      2.6814339626E-03   1.9383282262E-03  -1.2874327690E-05   1.8797075684E-02   3.9268871860E-02
   10     -1.7162460368E-02  -4.0727082503E-03   1.6559036362E-05   3.6827660384E-02  -9.5637116297E-02
   11      6.0930772451E-05  -1.1272117228E-06  -5.9173950143E-03  -1.0976215756E-04   3.3080934420E-04
   12      5.1000797076E-03   2.5975280362E-03  -6.4276616753E-06  -5.0609851994E-02   6.8756876199E-03
   13      1.9915628225E-03  -3.5293529209E-03   3.8787212691E-05   3.1840842881E-02   6.1084276609E-03
   14      9.2486906854E-06   3.3434137471E-05   7.5317589794E-03  -7.9282864877E-05   3.6180445902E-07
   15     -1.1968451055E-03   5.9136607564E-04   7.9459649946E-04  -1.3326174867E-03  -2.4917422991E-03
   16      7.8436286117E-04   3.6205103895E-04   6.1012148794E-04  -3.5623520246E-03   1.7765678396E-03
   17      1.1021205043E-03  -2.5870978663E-04  -1.7325164826E-05  -1.2955045608E-04   1.2480526043E-03
   18     -1.1967286001E-03   5.8830716823E-04  -7.9680592469E-04  -1.3362213743E-03  -2.4933802767E-03
   19      7.7597624639E-04   3.6127082533E-04  -6.1243324226E-04  -3.5636405081E-03   1.7573208740E-03
   20     -1.1076275057E-03   2.5631273621E-04  -1.4576093158E-05   1.5158572952E-04  -1.2590392679E-03
   21     -1.1445175120E-01   1.1514536229E-01  -4.0432011327E-04  -3.4848414231E-02   2.8670376555E-02
   22      1.2727972955E-01  -2.5106533189E-01   6.9619223669E-04  -1.1635143611E-02   1.3132494523E-02
   23     -4.4998927040E-04   7.0263680950E-04  -5.1669282426E-02   4.6935319277E-05  -5.0999895102E-05
   24     -5.1999396298E-02  -1.7697597000E-02   2.8642674206E-02  -2.5029139834E-02  -2.0210661488E-02
   25     -2.1689723141E-02  -1.2319580309E-01   1.1707731368E-01  -1.0329918686E-02  -5.4557282482E-03
   26      3.4760998210E-02   1.1704049746E-01  -2.3476582677E-01   4.7441084260E-03  -2.4517116613E-03
   27     -5.2018304470E-02  -1.7939892661E-02  -2.8560444551E-02  -2.5032605264E-02  -2.0414586013E-02
   28     -2.1981786444E-02  -1.2487180725E-01  -1.1786618053E-01  -1.0362988931E-02  -5.4844481103E-03
   29     -3.4664377623E-02  -1.1782915673E-01  -2.3307753185E-01  -4.6602368486E-03   2.5398431575E-03
   30      3.4195897529E-04   1.3358321078E-04   4.6972555723E-07  -1.2782370275E-03   1.1069380247E-03
   31     -4.4132099436E-04   3.4701710031E-04  -2.2533784191E-07   9.7360381122E-04   1.8004202702E-03
   32     -6.4366435481E-07  -2.4505458420E-06  -2.8036579864E-04  -2.2354583305E-06  -3.9379017162E-06
   33      2.2245029267E-04   2.0270102725E-04   2.0907223218E-04  -1.4539151425E-03   3.5355405579E-04
   34     -9.1060679657E-05  -1.3061583996E-04  -2.1515557680E-04   1.0822717988E-03   6.8077232318E-05
   35      1.2453862916E-04  -6.8010921360E-05  -9.8496143089E-05   1.5520595353E-04  -1.0304611014E-04
   36      1.2917376150E-04  -5.8369999912E-05  -1.2257530643E-04   1.5165736813E-04  -5.7420800216E-04
   37     -1.9392262092E-04   3.7287829236E-05   6.4160293038E-05   1.9382072537E-04  -2.0203119614E-04
   38     -1.0200112251E-04   7.6351575432E-05  -5.8440485344E-05  -1.7452158285E-04  -7.0261055930E-04
   39      2.2222755071E-04   2.0187017723E-04  -2.1075764730E-04  -1.4545468221E-03   3.5133922083E-04
   40     -9.1396962388E-05  -1.2920157877E-04   2.1542458198E-04   1.0818338296E-03   7.1029007069E-05
   41     -1.2426811301E-04   6.8187727242E-05  -9.9892204830E-05  -1.6191147383E-04   1.0215161348E-04
   42      1.2939598221E-04  -5.7888733835E-05   1.2109115019E-04   1.5194919636E-04  -5.7284191076E-04
   43     -1.9330770988E-04   3.6500321559E-05  -6.4377960131E-05   1.9454291571E-04  -1.9733882540E-04
   44      1.0299196398E-04  -7.6906470837E-05  -5.6306425014E-05   1.7324494797E-04   7.0290072591E-04
                    5                  6                  7                  8                  9        
    0      9.2105783514E-05  -6.1216878032E-02   1.8640821919E-02  -3.7538577208E-05   2.6814339626E-03
    1      1.1354133378E-04   2.7573371667E-02   1.8473306499E-02  -5.7842410124E-05   1.9383282262E-03
    2     -6.6292170128E-02  -6.2091728307E-05  -9.1110165962E-05  -1.9484661492E-04  -1.2874327690E-05
    3      2.6157074248E-05  -1.8495011242E-01   6.7454285373E-02  -1.5333488009E-04   1.8797075684E-02
    4     -7.8222758692E-04   4.4462859936E-02  -1.7262937983E-01   3.0559148467E-04   3.9268871860E-02
    5      7.7730303209E-02  -7.7632230844E-05   2.8831417705E-04  -6.3766990752E-02  -1.1083441707E-04
    6     -7.7632230844E-05   6.2895059939E-01   1.1703978681E-01  -4.5684570389E-04  -1.5665243943E-01
    7      2.8831417705E-04   1.1703978681E-01   8.5544349732E-01  -1.8619239146E-03  -1.3160671547E-01
    8     -6.3766990752E-02  -4.5684570389E-04  -1.8619239146E-03   2.2968984658E-01   4.0175185832E-04
    9     -1.1083441707E-04  -1.5665243943E-01  -1.3160671547E-01   4.0175185832E-04   1.4778945914E-01
   10      3.5408423835E-04  -1.3815770139E-01  -5.8543700878E-01   1.4772662626E-03   1.3891139844E-01
   11      2.9180818165E-02   4.2905834053E-04   1.5410225206E-03  -8.6443327683E-02  -4.3071306179E-04
   12     -7.9817019106E-06  -1.9068408666E-01  -4.2331303050E-02   1.5988841509E-04  -9.1014502624E-03
   13      7.3596319763E-06  -6.8897680603E-02  -1.0667107055E-01   1.1441953721E-04  -3.9678642254E-02
   14      1.1077108146E-02   2.3897464619E-04   1.5153339244E-04  -7.1238689969E-02   1.1435968473E-04
   15      2.2748207818E-04  -2.6901477380E-02   6.1545085416E-03  -2.7178169483E-02   1.8078046409E-03
   16      1.7509828605E-03   1.1491908842E-02   7.6586733892E-03  -1.3622916313E-02  -3.9217288927E-03
   17     -3.4573600151E-05   5.8631956797E-03   5.6646308910E-05  -3.2331282812E-03  -1.5687556069E-03
   18     -2.0930492127E-04  -2.6885431138E-02   6.3227084788E-03   2.7138623638E-02   1.8094524931E-03
   19     -1.7611747343E-03   1.1454382739E-02   7.7405676973E-03   1.3557462699E-02  -3.9112413360E-03
   20     -1.5249194666E-05  -5.9352294850E-03  -1.2399659356E-04  -3.3148418467E-03   1.5913867840E-03
   21     -9.0561282493E-05  -3.8201309958E-03  -7.1711076423E-03   1.7436549589E-05   1.9749832496E-03
   22     -4.5330581073E-05  -3.5073428716E-03  -3.4858898868E-03   1.1098676091E-05   2.6041068963E-03
   23     -5.3960755977E-05   1.4331840975E-05   6.3522563890E-06   1.5677386785E-04  -4.9677133378E-06
   24      2.8685054969E-02   3.5084566983E-03  -8.0547192218E-03   1.6390131548E-03   4.1370720552E-04
   25      5.5323411989E-03   2.5995547009E-03  -2.5436834258E-04  -6.5162669105E-04  -2.8837031865E-04
   26      6.4179062296E-03  -8.9128871938E-04   3.4144192900E-03   7.6029556885E-04  -1.4884168159E-03
   27     -2.8527785227E-02   3.5084116503E-03  -8.0653261750E-03  -1.5918110479E-03   4.1026295342E-04
   28     -5.4485100078E-03   2.6075084157E-03  -2.7110583129E-04   6.5528260095E-04  -2.7072186773E-04
   29      6.4456091105E-03   8.7234935063E-04  -3.4070005644E-03   7.7768387744E-04   1.4929583667E-03
   30     -3.2176784170E-06   6.0799207022E-03  -2.9425870324E-02   8.6606735527E-05  -8.1365165495E-03
   31     -6.0243424597E-06   3.5134929702E-03  -1.0926035137E-02   2.0711689912E-05  -2.6247724445E-03
   32     -2.8553949795E-04  -1.4767879887E-05   1.7025111315E-05  -3.4750513072E-03   9.5494996822E-06
   33      2.8593790227E-04   2.0023138772E-03   1.3596390354E-03  -4.1419855381E-03  -9.1151352357E-04
   34     -3.9006167074E-04  -2.6125963049E-03  -3.6194224648E-03   4.4220439783E-03   1.6009816068E-04
   35     -8.1278944056E-05   1.6296235473E-03   5.0091439407E-04  -4.1084150662E-04   2.2240729886E-04
   36     -1.6435875578E-04   2.5291748634E-03   4.3325508862E-03   1.4306426021E-03   1.5343937915E-05
   37     -1.0727549221E-05  -2.6495088037E-03  -1.1810184246E-03  -1.3437483551E-03  -2.2362998349E-04
   38     -1.1696278629E-04   5.4804515080E-04   3.3321343147E-03   5.3163206933E-04   6.1502129770E-04
   39     -2.8717929969E-04   2.0021900046E-03   1.3858002881E-03   4.1326429843E-03  -9.1086098880E-04
   40      3.8902987544E-04  -2.6217864886E-03  -3.6478751092E-03  -4.4022031565E-03   1.5838071300E-04
   41     -8.4039903579E-05  -1.6144331678E-03  -4.8126449313E-04  -3.8173479645E-04  -2.2319117982E-04
   42      1.6678173768E-04   2.5294888679E-03   4.3208560789E-03  -1.4577330251E-03   1.3257489340E-05
   43      1.0741216324E-05  -2.6521651412E-03  -1.1928705552E-03   1.3543718171E-03  -2.2747661898E-04
   44     -1.2097929609E-04  -5.3247732329E-04  -3.3210539395E-03   5.4322079368E-04  -6.1258566765E-04
                   10                 11                 12                 13                 14        
    0     -1.7162460368E-02   6.0930772451E-05   5.1000797076E-03   1.9915628225E-03   9.2486906854E-06
    1     -4.0727082503E-03  -1.1272117228E-06   2.5975280362E-03  -3.5293529209E-03   3.3434137471E-05
    2      1.6559036362E-05  -5.9173950143E-03  -6.4276616753E-06   3.8787212691E-05   7.5317589794E-03
    3      3.6827660384E-02  -1.0976215756E-04  -5.0609851994E-02   3.1840842881E-02  -7.9282864877E-05
    4     -9.5637116297E-02   3.3080934420E-04   6.8756876199E-03   6.1084276609E-03   3.6180445902E-07
    5      3.5408423835E-04   2.9180818165E-02  -7.9817019106E-06   7.3596319763E-06   1.1077108146E-02
    6     -1.3815770139E-01   4.2905834053E-04  -1.9068408666E-01  -6.8897680603E-02   2.3897464619E-04
    7     -5.8543700878E-01   1.5410225206E-03  -4.2331303050E-02  -1.0667107055E-01   1.5153339244E-04
    8      1.4772662626E-03  -8.6443327683E-02   1.5988841509E-04   1.1441953721E-04  -7.1238689969E-02
    9      1.3891139844E-01  -4.3071306179E-04  -9.1014502624E-03  -3.9678642254E-02   1.1435968473E-04
   10      7.1464432716E-01  -2.0030558621E-03  -3.2077719720E-02  -2.7845564662E-02   1.0448086627E-04
   11     -2.0030558621E-03   4.1664513676E-02   9.2840112474E-05   1.1968493426E-04   1.4134149432E-02
   12     -3.2077719720E-02   9.2840112474E-05   5.4515458710E-01   8.9440953998E-03  -9.1572141631E-05
   13     -2.7845564662E-02   1.1968493426E-04   8.9440953998E-03   6.7817506068E-01  -1.4254589962E-03
   14      1.0448086627E-04   1.4134149432E-02  -9.1572141631E-05  -1.4254589962E-03   2.0203316397E-01
   15      6.2461685627E-03   3.6175240383E-03  -1.1029642632E-01   3.6783710050E-02  -4.1283683429E-02
   16     -6.0028123431E-03   9.9783613594E-04   2.8020271608E-02  -9.9841648595E-02   2.9633657757E-02
   17     -1.6052148099E-03   6.5482201938E-04  -8.4977694254E-02   5.9393969214E-02  -5.7179459420E-02
   18      6.2229782713E-03  -3.6576899519E-03  -1.1031433351E-01   3.7041313109E-02   4.1066289449E-02
   19     -5.9948918501E-03  -9.5704789953E-04   2.8553832949E-02  -1.0039618967E-01  -2.9387953519E-02
   20      1.6470890386E-03   6.5227264889E-04   8.4818242017E-02  -5.9146637331E-02  -5.6652235281E-02
   21      9.2368722149E-04  -4.5591890361E-06  -7.1264491898E-04   1.5291693600E-03  -3.4414299673E-06
   22      1.4504523961E-03  -3.2631376876E-06  -1.2487502128E-04   5.0325695035E-04  -3.5915367174E-08
   23      9.6011701847E-07   6.5256716523E-04  -4.8310940568E-07  -5.6866465863E-07   2.5875603986E-04
   24      3.3954913221E-03   3.4563553735E-05  -7.2000867864E-04   4.2187624627E-04  -1.4881673012E-03
   25      5.4427987530E-04   6.0499809653E-05  -3.2785227722E-04  -1.0266972640E-04   1.0734492131E-04
   26     -1.4290511369E-03   1.8203267474E-04   9.2676014883E-05  -2.0308098523E-04  -3.5904547182E-04
   27      3.3992689296E-03  -5.7826519104E-05  -7.1862168186E-04   4.3023523842E-04   1.4805740087E-03
   28      5.4955099891E-04  -5.9159491774E-05  -3.2878695038E-04  -1.0246267853E-04  -1.0962219350E-04
   29      1.4260564676E-03   1.7079696621E-04  -8.9616696270E-05   2.0144098064E-04  -3.5975192005E-04
   30     -4.2186924468E-03   1.3160394904E-05  -5.1964845855E-02  -2.7047934897E-02   8.3718113508E-05
   31      4.2755496870E-04   5.8910638401E-06  -2.8682941918E-02  -3.3611500374E-01   9.1330236220E-04
   32      1.0963993979E-05   3.0377429754E-03   9.3011239301E-05   9.1582746337E-04  -3.2873902813E-02
   33     -3.8080928780E-04   2.6568690556E-04  -1.7521729878E-02  -1.3518591753E-02  -1.0257507093E-02
   34      2.2918595518E-03  -1.2320060116E-03   1.7671246373E-02   9.7466621563E-03   1.0817780061E-02
   35     -6.0666915515E-04   8.2283306066E-04  -1.2201377058E-03   8.8196147143E-04  -4.1301348459E-03
   36     -1.9159337932E-03   5.8965497587E-04   4.9561244817E-03   2.1793492011E-02  -1.1747727422E-02
   37      1.3844631639E-03  -4.9308849090E-04  -3.2551508140E-03  -1.4782667480E-02   7.1488350399E-03
   38     -1.4244212305E-03   2.0470514363E-04  -5.4670806150E-04  -2.4558624121E-04  -4.1116812141E-03
   39     -3.8220081110E-04  -2.6300055433E-04  -1.7524196077E-02  -1.3458581452E-02   1.0341686111E-02
   40      2.3015056815E-03   1.2225420917E-03   1.7677656017E-02   9.6767215286E-03  -1.0902212609E-02
   41      5.9771778650E-04   8.1181991736E-04   1.1144644219E-03  -9.6567280638E-04  -4.0581027937E-03
   42     -1.9190204153E-03  -5.7496365997E-04   4.9574045498E-03   2.1866176934E-02   1.1619085571E-02
   43      1.3961083836E-03   4.8678701098E-04  -3.2527313440E-03  -1.4823498957E-02  -7.0825536139E-03
   44      1.4169095814E-03   1.9164885444E-04   5.6694451798E-04   3.1066108409E-04  -4.0719328402E-03
                   15                 16                 17                 18                 19        
    0     -1.1968451055E-03   7.8436286117E-04   1.1021205043E-03  -1.1967286001E-03   7.7597624639E-04
    1      5.9136607564E-04   3.6205103895E-04  -2.5870978663E-04   5.8830716823E-04   3.6127082533E-04
    2      7.9459649946E-04   6.1012148794E-04  -1.7325164826E-05  -7.9680592469E-04  -6.1243324226E-04
    3     -1.3326174867E-03  -3.5623520246E-03  -1.2955045608E-04  -1.3362213743E-03  -3.5636405081E-03
    4     -2.4917422991E-03   1.7765678396E-03   1.2480526043E-03  -2.4933802767E-03   1.7573208740E-03
    5      2.2748207818E-04   1.7509828605E-03  -3.4573600151E-05  -2.0930492127E-04  -1.7611747343E-03
    6     -2.6901477380E-02   1.1491908842E-02   5.8631956797E-03  -2.6885431138E-02   1.1454382739E-02
    7      6.1545085416E-03   7.6586733892E-03   5.6646308910E-05   6.3227084788E-03   7.7405676973E-03
    8     -2.7178169483E-02  -1.3622916313E-02  -3.2331282812E-03   2.7138623638E-02   1.3557462699E-02
    9      1.8078046409E-03  -3.9217288927E-03  -1.5687556069E-03   1.8094524931E-03  -3.9112413360E-03
   10      6.2461685627E-03  -6.0028123431E-03  -1.6052148099E-03   6.2229782713E-03  -5.9948918501E-03
   11      3.6175240383E-03   9.9783613594E-04   6.5482201938E-04  -3.6576899519E-03  -9.5704789953E-04
   12     -1.1029642632E-01   2.8020271608E-02  -8.4977694254E-02  -1.1031433351E-01   2.8553832949E-02
   13      3.6783710050E-02  -9.9841648595E-02   5.9393969214E-02   3.7041313109E-02  -1.0039618967E-01
   14     -4.1283683429E-02   2.9633657757E-02  -5.7179459420E-02   4.1066289449E-02  -2.9387953519E-02
   15      4.2483689172E-01   1.8309687201E-01   1.2426992901E-01  -3.8677854439E-02  -2.9268845188E-02
   16      1.8309687201E-01   5.3275189130E-01  -8.9672075258E-02  -2.9158456943E-02  -5.6514891616E-02
   17      1.2426992901E-01  -8.9672075258E-02   5.4007485160E-01   1.8345299446E-02  -1.3999981072E-02
   18     -3.8677854439E-02  -2.9158456943E-02   1.8345299446E-02   4.2482598437E-01   1.8232308414E-01
   19     -2.9268845188E-02  -5.6514891616E-02  -1.3999981072E-02   1.8232308414E-01   5.3386710613E-01
   20     -1.8167813734E-02   1.2882189766E-02  -2.3980296176E-01  -1.2537185535E-01   8.9745253794E-02
   21     -2.2915133177E-04  -1.7514731368E-04   4.8279906978E-05  -2.2982551748E-04  -1.7608810662E-04
   22     -1.2733039141E-04   3.2600284027E-05   8.4176242482E-05  -1.2842834018E-04   3.1383541592E-05
   23      1.0123711706E-04   7.5278598707E-05   1.2142429097E-05  -1.0056201511E-04  -7.5311905395E-05
   24     -1.2156887654E-04  -2.3915141148E-04  -1.8280025893E-04   3.3115075681E-04  -3.8227710198E-05
   25      1.0163750106E-04  -5.1494004279E-05  -1.5783506695E-05   1.8800012143E-05  -3.4369303236E-05
   26     -7.2209785637E-05  -1.8426961458E-06  -2.4164993031E-05   2.4560183649E-05  -1.6502725130E-05
   27      3.3104011227E-04  -3.8892589822E-05  -9.4706242605E-05  -1.2107686265E-04  -2.3724639796E-04
   28      1.8774265078E-05  -3.4383247595E-05  -1.4525635531E-05   1.0202879314E-04  -5.1514617851E-05
   29     -2.4839138831E-05   1.6866685824E-05   2.5275275181E-06   7.1271094986E-05   2.3814809465E-06
   30     -1.4841818823E-03   1.5794527756E-02   1.0519806315E-03  -1.4853127885E-03   1.5786825563E-02
   31      1.0120974168E-05  -6.3670473333E-03  -1.2479578968E-03  -2.0540764951E-05  -6.5005747427E-03
   32      4.9229019958E-03   2.3428546583E-02  -1.6145245040E-03  -4.9237394292E-03  -2.3398155801E-02
   33     -1.7789167565E-01  -1.1711322315E-01  -9.5549327947E-02   8.5106880596E-03   1.0003845157E-02
   34     -1.2008514169E-01  -1.3548053619E-01  -7.1571554114E-02  -3.0565304786E-03  -5.4848170278E-03
   35     -9.4209052685E-02  -6.7381331836E-02  -1.0620942234E-01  -1.9856070136E-02  -1.5490841214E-02
   36     -7.1856700264E-02  -8.6904921637E-02   3.9932810249E-02  -5.4968201518E-03  -8.0068494284E-03
   37     -8.3321428839E-02  -2.4224887403E-01   1.1259718606E-01   5.2574729155E-03   9.4622884228E-03
   38      3.5675484180E-02   1.0947999454E-01  -1.0517298692E-01   8.4301849124E-03   2.3531200662E-02
   39      8.5096959759E-03   9.9723542247E-03  -5.2867658317E-03  -1.7788748147E-01  -1.1654048213E-01
   40     -2.9373475010E-03  -5.3886202257E-03   5.8064697972E-04  -1.1952175517E-01  -1.3465665106E-01
   41      1.9875041951E-02   1.5443110762E-02  -1.3726421341E-02   9.4923342449E-02   6.7550963163E-02
   42     -5.4969337138E-03  -8.0243963738E-03  -2.9122908304E-03  -7.1846189823E-02  -8.7131385535E-02
   43      5.2066509595E-03   9.3485237346E-03   4.4542796115E-03  -8.3521541361E-02  -2.4358603761E-01
   44     -8.4601526120E-03  -2.3669574012E-02  -1.3729375242E-02  -3.5173374389E-02  -1.0865969953E-01
                   20                 21                 22                 23                 24        
    0     -1.1076275057E-03  -1.1445175120E-01   1.2727972955E-01  -4.4998927040E-04  -5.1999396298E-02
    1      2.5631273621E-04   1.1514536229E-01  -2.5106533189E-01   7.0263680950E-04  -1.7697597000E-02
    2     -1.4576093158E-05  -4.0432011327E-04   6.9619223669E-04  -5.1669282426E-02   2.8642674206E-02
    3      1.5158572952E-04  -3.4848414231E-02  -1.1635143611E-02   4.6935319277E-05  -2.5029139834E-02
    4     -1.2590392679E-03   2.8670376555E-02   1.3132494523E-02  -5.0999895102E-05  -2.0210661488E-02
    5     -1.5249194666E-05  -9.0561282493E-05  -4.5330581073E-05  -5.3960755977E-05   2.8685054969E-02
    6     -5.9352294850E-03  -3.8201309958E-03  -3.5073428716E-03   1.4331840975E-05   3.5084566983E-03
    7     -1.2399659356E-04  -7.1711076423E-03  -3.4858898868E-03   6.3522563890E-06  -8.0547192218E-03
    8     -3.3148418467E-03   1.7436549589E-05   1.1098676091E-05   1.5677386785E-04   1.6390131548E-03
    9      1.5913867840E-03   1.9749832496E-03   2.6041068963E-03  -4.9677133378E-06   4.1370720552E-04
   10      1.6470890386E-03   9.2368722149E-04   1.4504523961E-03   9.6011701847E-07   3.3954913221E-03
   11      6.5227264889E-04  -4.5591890361E-06  -3.2631376876E-06   6.5256716523E-04   3.4563553735E-05
   12      8.4818242017E-02  -7.1264491898E-04  -1.2487502128E-04  -4.8310940568E-07  -7.2000867864E-04
   13     -5.9146637331E-02   1.5291693600E-03   5.0325695035E-04  -5.6866465863E-07   4.2187624627E-04
   14     -5.6652235281E-02  -3.4414299673E-06  -3.5915367174E-08   2.5875603986E-04  -1.4881673012E-03
   15     -1.8167813734E-02  -2.2915133177E-04  -1.2733039141E-04   1.0123711706E-04  -1.2156887654E-04
   16      1.2882189766E-02  -1.7514731368E-04   3.2600284027E-05   7.5278598707E-05  -2.3915141148E-04
   17     -2.3980296176E-01   4.8279906978E-05   8.4176242482E-05   1.2142429097E-05  -1.8280025893E-04
   18     -1.2537185535E-01  -2.2982551748E-04  -1.2842834018E-04  -1.0056201511E-04   3.3115075681E-04
   19      8.9745253794E-02  -1.7608810662E-04   3.1383541592E-05  -7.5311905395E-05  -3.8227710198E-05
   20      5.3899605174E-01  -4.7167166040E-05  -8.4192104171E-05   1.4487855252E-05   9.4925631515E-05
   21     -4.7167166040E-05   1.4251166994E-01  -1.2999838722E-01   4.5243752796E-04   4.9979169617E-03
   22     -8.4192104171E-05  -1.2999838722E-01   2.6261755054E-01  -7.5577017000E-04   7.6615364201E-03
   23      1.4487855252E-05   4.5243752796E-04  -7.5577017000E-04   4.6656013687E-02  -1.4412583424E-02
   24      9.4925631515E-05   4.9979169617E-03   7.6615364201E-03  -1.4412583424E-02   6.5864098529E-02
   25      1.4800243077E-05  -4.3415201213E-03  -1.1561149930E-02   2.1948838150E-02   3.0457413573E-02
   26      2.2920023131E-06  -8.4591264222E-04  -2.4995776286E-03   1.9133517870E-03  -3.9725771324E-02
   27      1.8431686384E-04   5.0012058084E-03   7.7650720471E-03   1.4354806630E-02   2.8154450837E-03
   28      1.6004386317E-05  -4.3419499376E-03  -1.1698700957E-02  -2.1850850646E-02   3.9226875491E-03
   29     -2.4389411120E-05   8.7710448968E-04   2.5966722703E-03   2.0449010489E-03  -3.3119480998E-03
   30     -1.1462951426E-03  -2.7284606360E-06   7.2318492225E-05  -2.0180087914E-07   1.6604487740E-04
   31      1.2778968973E-03  -1.1233521778E-05  -4.6517808930E-06  -2.1400873142E-07   1.1138813257E-04
   32     -1.4818164488E-03   2.5199403967E-07  -3.4118974844E-09   1.6277161276E-05   8.3454408859E-05
   33      5.2256154993E-03  -1.1259120291E-04   1.0803066123E-05   2.5072118785E-05  -1.0129307217E-04
   34     -6.2999785657E-04   6.6376141784E-05   2.3639934165E-05  -9.5687859413E-06   9.0401380918E-05
   35     -1.3628831846E-02   1.8145475981E-05   5.2925235145E-06   2.4650364298E-06  -6.4933300407E-06
   36      2.9606367089E-03   1.7060376292E-05  -1.9425613585E-05  -1.1129804581E-05  -6.2093371159E-05
   37     -4.5944506133E-03  -1.5035114734E-05   2.4759475664E-07   2.8326522794E-06   4.7475640355E-05
   38     -1.3843717313E-02  -3.9471362615E-05  -2.9551275937E-05  -3.5392016631E-06   9.6785073561E-06
   39      9.6246173241E-02  -1.1276758073E-04   1.0578091991E-05  -2.4969693555E-05   7.6001195380E-07
   40      7.1742134809E-02   6.6413904094E-05   2.3762757938E-05   9.5522848458E-06   6.1750930620E-06
   41     -1.0704036759E-01  -1.8552038379E-05  -5.5210628799E-06   2.4074212626E-06   3.1598263329E-05
   42     -3.9407063151E-02   1.7169103454E-05  -1.9289731786E-05   1.0885200863E-05  -6.4079994535E-05
   43     -1.1177152806E-01  -1.4838254240E-05   3.3592866734E-07  -2.8256384432E-06   5.0401640083E-05
   44     -1.0384611746E-01   3.9510355780E-05   2.9472183620E-05  -3.3611146820E-06   2.8831418135E-05
                   25                 26                 27                 28                 29        
    0     -2.1689723141E-02   3.4760998210E-02  -5.2018304470E-02  -2.1981786444E-02  -3.4664377623E-02
    1     -1.2319580309E-01   1.1704049746E-01  -1.7939892661E-02  -1.2487180725E-01  -1.1782915673E-01
    2      1.1707731368E-01  -2.3476582677E-01  -2.8560444551E-02  -1.1786618053E-01  -2.3307753185E-01
    3     -1.0329918686E-02   4.7441084260E-03  -2.5032605264E-02  -1.0362988931E-02  -4.6602368486E-03
    4     -5.4557282482E-03  -2.4517116613E-03  -2.0414586013E-02  -5.4844481103E-03   2.5398431575E-03
    5      5.5323411989E-03   6.4179062296E-03  -2.8527785227E-02  -5.4485100078E-03   6.4456091105E-03
    6      2.5995547009E-03  -8.9128871938E-04   3.5084116503E-03   2.6075084157E-03   8.7234935063E-04
    7     -2.5436834258E-04   3.4144192900E-03  -8.0653261750E-03  -2.7110583129E-04  -3.4070005644E-03
    8     -6.5162669105E-04   7.6029556885E-04  -1.5918110479E-03   6.5528260095E-04   7.7768387744E-04
    9     -2.8837031865E-04  -1.4884168159E-03   4.1026295342E-04  -2.7072186773E-04   1.4929583667E-03
   10      5.4427987530E-04  -1.4290511369E-03   3.3992689296E-03   5.4955099891E-04   1.4260564676E-03
   11      6.0499809653E-05   1.8203267474E-04  -5.7826519104E-05  -5.9159491774E-05   1.7079696621E-04
   12     -3.2785227722E-04   9.2676014883E-05  -7.1862168186E-04  -3.2878695038E-04  -8.9616696270E-05
   13     -1.0266972640E-04  -2.0308098523E-04   4.3023523842E-04  -1.0246267853E-04   2.0144098064E-04
   14      1.0734492131E-04  -3.5904547182E-04   1.4805740087E-03  -1.0962219350E-04  -3.5975192005E-04
   15      1.0163750106E-04  -7.2209785637E-05   3.3104011227E-04   1.8774265078E-05  -2.4839138831E-05
   16     -5.1494004279E-05  -1.8426961458E-06  -3.8892589822E-05  -3.4383247595E-05   1.6866685824E-05
   17     -1.5783506695E-05  -2.4164993031E-05  -9.4706242605E-05  -1.4525635531E-05   2.5275275181E-06
   18      1.8800012143E-05   2.4560183649E-05  -1.2107686265E-04   1.0202879314E-04   7.1271094986E-05
   19     -3.4369303236E-05  -1.6502725130E-05  -2.3724639796E-04  -5.1514617851E-05   2.3814809465E-06
   20      1.4800243077E-05   2.2920023131E-06   1.8431686384E-04   1.6004386317E-05  -2.4389411120E-05
   21     -4.3415201213E-03  -8.4591264222E-04   5.0012058084E-03  -4.3419499376E-03   8.7710448968E-04
   22     -1.1561149930E-02  -2.4995776286E-03   7.7650720471E-03  -1.1698700957E-02   2.5966722703E-03
   23      2.1948838150E-02   1.9133517870E-03   1.4354806630E-02  -2.1850850646E-02   2.0449010489E-03
   24      3.0457413573E-02  -3.9725771324E-02   2.8154450837E-03   3.9226875491E-03  -3.3119480998E-03
   25      1.3009095991E-01  -1.2885168733E-01   3.9424078518E-03   9.9530832987E-03  -1.5251837482E-02
   26     -1.2885168733E-01   2.4476896354E-01   3.2779998390E-03   1.5045044580E-02  -1.8883910469E-02
   27      3.9424078518E-03   3.2779998390E-03   6.5884445238E-02   3.0778087897E-02   3.9560531607E-02
   28      9.9530832987E-03   1.5045044580E-02   3.0778087897E-02   1.3194417826E-01   1.2966064501E-01
   29     -1.5251837482E-02  -1.8883910469E-02   3.9560531607E-02   1.2966064501E-01   2.4291553873E-01
   30     -3.0894949925E-05  -5.0224946656E-05   1.6646952114E-04  -3.0719741837E-05   5.0361492843E-05
   31      2.4315369750E-05  -6.2621721645E-05   1.1107343152E-04   2.4549309353E-05   6.2405312214E-05
   32      4.7450461042E-05  -1.3870401629E-05  -8.3507588624E-05  -4.7463353994E-05  -1.3530833520E-05
   33     -3.9038031465E-05  -2.0886596450E-06   8.2097857764E-07  -1.4945093762E-05   5.4645887782E-06
   34     -4.8717215713E-06   8.9057283557E-06   6.0669480244E-06  -1.1779349376E-06   1.3954708644E-05
   35      3.3656032779E-06   1.1617966412E-05  -3.1650520565E-05  -5.1638979196E-06  -9.8290404451E-06
   36      4.6484161120E-06   2.9852133062E-05  -6.4196289087E-05   1.3224173428E-05  -2.9071792814E-05
   37      3.8010112784E-05  -1.0442120592E-05   5.0236166213E-05   1.1162431802E-05  -1.0068205232E-05
   38      1.7804614286E-05   2.1152635597E-05  -2.9169645722E-05   2.1995541603E-05  -2.1073545931E-05
   39     -1.5004081911E-05  -5.2951343195E-06  -1.0102269724E-04  -3.9040087003E-05   2.4028626664E-06
   40     -1.2391280386E-06  -1.4024696264E-05   9.0235890931E-05  -4.9373032490E-06  -8.8453447800E-06
   41      5.1513010089E-06  -9.8256983108E-06   6.0301193145E-06  -3.1899055520E-06   1.1734198564E-05
   42      1.3369387089E-05   2.8982846880E-05  -6.2274079847E-05   4.4748351251E-06  -2.9807501936E-05
   43      1.1044929934E-05   9.8764950282E-06   4.7412559354E-05   3.8013625531E-05   1.0240645016E-05
   44     -2.2175824537E-05  -2.0968600027E-05  -9.9038770059E-06  -1.7904841982E-05   2.1225617784E-05
                   30                 31                 32                 33                 34        
    0      3.4195897529E-04  -4.4132099436E-04  -6.4366435481E-07   2.2245029267E-04  -9.1060679657E-05
    1      1.3358321078E-04   3.4701710031E-04  -2.4505458420E-06   2.0270102725E-04  -1.3061583996E-04
    2      4.6972555723E-07  -2.2533784191E-07  -2.8036579864E-04   2.0907223218E-04  -2.1515557680E-04
    3     -1.2782370275E-03   9.7360381122E-04  -2.2354583305E-06  -1.4539151425E-03   1.0822717988E-03
    4      1.1069380247E-03   1.8004202702E-03  -3.9379017162E-06   3.5355405579E-04   6.8077232318E-05
    5     -3.2176784170E-06  -6.0243424597E-06  -2.8553949795E-04   2.8593790227E-04  -3.9006167074E-04
    6      6.0799207022E-03   3.5134929702E-03  -1.4767879887E-05   2.0023138772E-03  -2.6125963049E-03
    7     -2.9425870324E-02  -1.0926035137E-02   1.7025111315E-05   1.3596390354E-03  -3.6194224648E-03
    8      8.6606735527E-05   2.0711689912E-05  -3.4750513072E-03  -4.1419855381E-03   4.4220439783E-03
    9     -8.1365165495E-03  -2.6247724445E-03   9.5494996822E-06  -9.1151352357E-04   1.6009816068E-04
   10     -4.2186924468E-03   4.2755496870E-04   1.0963993979E-05  -3.8080928780E-04   2.2918595518E-03
   11      1.3160394904E-05   5.8910638401E-06   3.0377429754E-03   2.6568690556E-04  -1.2320060116E-03
   12     -5.1964845855E-02  -2.8682941918E-02   9.3011239301E-05  -1.7521729878E-02   1.7671246373E-02
   13     -2.7047934897E-02  -3.3611500374E-01   9.1582746337E-04  -1.3518591753E-02   9.7466621563E-03
   14      8.3718113508E-05   9.1330236220E-04  -3.2873902813E-02  -1.0257507093E-02   1.0817780061E-02
   15     -1.4841818823E-03   1.0120974168E-05   4.9229019958E-03  -1.7789167565E-01  -1.2008514169E-01
   16      1.5794527756E-02  -6.3670473333E-03   2.3428546583E-02  -1.1711322315E-01  -1.3548053619E-01
   17      1.0519806315E-03  -1.2479578968E-03  -1.6145245040E-03  -9.5549327947E-02  -7.1571554114E-02
   18     -1.4853127885E-03  -2.0540764951E-05  -4.9237394292E-03   8.5106880596E-03  -3.0565304786E-03
   19      1.5786825563E-02  -6.5005747427E-03  -2.3398155801E-02   1.0003845157E-02  -5.4848170278E-03
   20     -1.1462951426E-03   1.2778968973E-03  -1.4818164488E-03   5.2256154993E-03  -6.2999785657E-04
   21     -2.7284606360E-06  -1.1233521778E-05   2.5199403967E-07  -1.1259120291E-04   6.6376141784E-05
   22      7.2318492225E-05  -4.6517808930E-06  -3.4118974844E-09   1.0803066123E-05   2.3639934165E-05
   23     -2.0180087914E-07  -2.1400873142E-07   1.6277161276E-05   2.5072118785E-05  -9.5687859413E-06
   24      1.6604487740E-04   1.1138813257E-04   8.3454408859E-05  -1.0129307217E-04   9.0401380918E-05
   25     -3.0894949925E-05   2.4315369750E-05   4.7450461042E-05  -3.9038031465E-05  -4.8717215713E-06
   26     -5.0224946656E-05  -6.2621721645E-05  -1.3870401629E-05  -2.0886596450E-06   8.9057283557E-06
   27      1.6646952114E-04   1.1107343152E-04  -8.3507588624E-05   8.2097857764E-07   6.0669480244E-06
   28     -3.0719741837E-05   2.4549309353E-05  -4.7463353994E-05  -1.4945093762E-05  -1.1779349376E-06
   29      5.0361492843E-05   6.2405312214E-05  -1.3530833520E-05   5.4645887782E-06   1.3954708644E-05
   30      5.8294189682E-02   2.5798348614E-02  -8.0133883529E-05   1.5221623606E-03  -5.0185703996E-05
   31      2.5798348614E-02   3.5552423275E-01  -9.6342925623E-04  -2.3247950420E-04   9.1629044678E-04
   32     -8.0133883529E-05  -9.6342925623E-04   3.5735167679E-02   2.0383771559E-03  -1.7170831013E-03
   33      1.5221623606E-03  -2.3247950420E-04   2.0383771559E-03   1.8876596230E-01   1.2047775040E-01
   34     -5.0185703996E-05   9.1629044678E-04  -1.7170831013E-03   1.2047775040E-01   1.3828433382E-01
   35     -1.0246024940E-03   1.7824149190E-04   5.7895211266E-04   1.0379891270E-01   7.4360747758E-02
   36     -1.8704280127E-03   8.3204683575E-04  -3.7362674812E-03  -4.0969027766E-03  -1.3951737853E-02
   37      1.1070399259E-03  -3.2063966435E-05   2.7317348847E-03  -1.3267926259E-03  -8.4069288682E-03
   38      8.3266171847E-04  -6.7247523487E-04   4.4076817032E-05  -3.4024880431E-03  -1.3487436031E-02
   39      1.5217241583E-03  -2.4455915995E-04  -2.0370171836E-03  -1.0094948024E-04   6.7381824722E-04
   40     -4.3647758009E-05   9.2538198588E-04   1.7145917873E-03   6.6472960241E-04   9.1238904214E-04
   41      1.0248265700E-03  -1.8082757867E-04   5.6966550302E-04  -1.4881402582E-03   1.2496610138E-03
   42     -1.8702197013E-03   8.5447974287E-04   3.7312199426E-03   1.1661728588E-03  -3.4432409796E-04
   43      1.1016580306E-03  -4.4385506479E-05  -2.7314033327E-03  -4.8359554471E-04   8.8511786157E-04
   44     -8.3956310378E-04   6.7311298025E-04   5.6719355749E-05   2.9909319917E-03  -1.5944562293E-03
                   35                 36                 37                 38                 39        
    0      1.2453862916E-04   1.2917376150E-04  -1.9392262092E-04  -1.0200112251E-04   2.2222755071E-04
    1     -6.8010921360E-05  -5.8369999912E-05   3.7287829236E-05   7.6351575432E-05   2.0187017723E-04
    2     -9.8496143089E-05  -1.2257530643E-04   6.4160293038E-05  -5.8440485344E-05  -2.1075764730E-04
    3      1.5520595353E-04   1.5165736813E-04   1.9382072537E-04  -1.7452158285E-04  -1.4545468221E-03
    4     -1.0304611014E-04  -5.7420800216E-04  -2.0203119614E-04  -7.0261055930E-04   3.5133922083E-04
    5     -8.1278944056E-05  -1.6435875578E-04  -1.0727549221E-05  -1.1696278629E-04  -2.8717929969E-04
    6      1.6296235473E-03   2.5291748634E-03  -2.6495088037E-03   5.4804515080E-04   2.0021900046E-03
    7      5.0091439407E-04   4.3325508862E-03  -1.1810184246E-03   3.3321343147E-03   1.3858002881E-03
    8     -4.1084150662E-04   1.4306426021E-03  -1.3437483551E-03   5.3163206933E-04   4.1326429843E-03
    9      2.2240729886E-04   1.5343937915E-05  -2.2362998349E-04   6.1502129770E-04  -9.1086098880E-04
   10     -6.0666915515E-04  -1.9159337932E-03   1.3844631639E-03  -1.4244212305E-03  -3.8220081110E-04
   11      8.2283306066E-04   5.8965497587E-04  -4.9308849090E-04   2.0470514363E-04  -2.6300055433E-04
   12     -1.2201377058E-03   4.9561244817E-03  -3.2551508140E-03  -5.4670806150E-04  -1.7524196077E-02
   13      8.8196147143E-04   2.1793492011E-02  -1.4782667480E-02  -2.4558624121E-04  -1.3458581452E-02
   14     -4.1301348459E-03  -1.1747727422E-02   7.1488350399E-03  -4.1116812141E-03   1.0341686111E-02
   15     -9.4209052685E-02  -7.1856700264E-02  -8.3321428839E-02   3.5675484180E-02   8.5096959759E-03
   16     -6.7381331836E-02  -8.6904921637E-02  -2.4224887403E-01   1.0947999454E-01   9.9723542247E-03
   17     -1.0620942234E-01   3.9932810249E-02   1.1259718606E-01  -1.0517298692E-01  -5.2867658317E-03
   18     -1.9856070136E-02  -5.4968201518E-03   5.2574729155E-03   8.4301849124E-03  -1.7788748147E-01
   19     -1.5490841214E-02  -8.0068494284E-03   9.4622884228E-03   2.3531200662E-02  -1.1654048213E-01
   20     -1.3628831846E-02   2.9606367089E-03  -4.5944506133E-03  -1.3843717313E-02   9.6246173241E-02
   21      1.8145475981E-05   1.7060376292E-05  -1.5035114734E-05  -3.9471362615E-05  -1.1276758073E-04
   22      5.2925235145E-06  -1.9425613585E-05   2.4759475664E-07  -2.9551275937E-05   1.0578091991E-05
   23      2.4650364298E-06  -1.1129804581E-05   2.8326522794E-06  -3.5392016631E-06  -2.4969693555E-05
   24     -6.4933300407E-06  -6.2093371159E-05   4.7475640355E-05   9.6785073561E-06   7.6001195380E-07
   25      3.3656032779E-06   4.6484161120E-06   3.8010112784E-05   1.7804614286E-05  -1.5004081911E-05
   26      1.1617966412E-05   2.9852133062E-05  -1.0442120592E-05   2.1152635597E-05  -5.2951343195E-06
   27     -3.1650520565E-05  -6.4196289087E-05   5.0236166213E-05  -2.9169645722E-05  -1.0102269724E-04
   28     -5.1638979196E-06   1.3224173428E-05   1.1162431802E-05   2.1995541603E-05  -3.9040087003E-05
   29     -9.8290404451E-06  -2.9071792814E-05  -1.0068205232E-05  -2.1073545931E-05   2.4028626664E-06
   30     -1.0246024940E-03  -1.8704280127E-03   1.1070399259E-03   8.3266171847E-04   1.5217241583E-03
   31      1.7824149190E-04   8.3204683575E-04  -3.2063966435E-05  -6.7247523487E-04  -2.4455915995E-04
   32      5.7895211266E-04  -3.7362674812E-03   2.7317348847E-03   4.4076817032E-05  -2.0370171836E-03
   33      1.0379891270E-01  -4.0969027766E-03  -1.3267926259E-03  -3.4024880431E-03  -1.0094948024E-04
   34      7.4360747758E-02  -1.3951737853E-02  -8.4069288682E-03  -1.3487436031E-02   6.7381824722E-04
   35      1.1591812693E-01   1.1040099969E-02   6.3037992995E-03   8.7170315102E-03   1.4838363826E-03
   36      1.1040099969E-02   7.4300297923E-02   8.4163336574E-02  -4.0563587847E-02   1.1664376208E-03
   37      6.3037992995E-03   8.4163336574E-02   2.5491623459E-01  -1.2059892519E-01  -5.0142379336E-04
   38      8.7170315102E-03  -4.0563587847E-02  -1.2059892519E-01   1.1531546748E-01  -2.9881661684E-03
   39      1.4838363826E-03   1.1664376208E-03  -5.0142379336E-04  -2.9881661684E-03   1.8876507955E-01
   40     -1.2426167482E-03  -3.3157445247E-04   8.7870179778E-04   1.5674528976E-03   1.1985576400E-01
   41      2.1553265110E-03   2.1303129272E-03  -2.6644461456E-03  -3.6321492535E-03  -1.0451567820E-01
   42     -2.1282966368E-03   1.8187053267E-04   6.5085610186E-04   1.7407474163E-03  -4.0962897546E-03
   43      2.6375834711E-03   6.4037642785E-04   1.2518802473E-04  -8.7889843229E-04  -1.3060346209E-03
   44     -3.6375184612E-03  -1.7450005052E-03   8.9031848800E-04   2.1264850681E-03   3.4093770114E-03
                   40                 41                 42                 43                 44        
    0     -9.1396962388E-05  -1.2426811301E-04   1.2939598221E-04  -1.9330770988E-04   1.0299196398E-04
    1     -1.2920157877E-04   6.8187727242E-05  -5.7888733835E-05   3.6500321559E-05  -7.6906470837E-05
    2      2.1542458198E-04  -9.9892204830E-05   1.2109115019E-04  -6.4377960131E-05  -5.6306425014E-05
    3      1.0818338296E-03  -1.6191147383E-04   1.5194919636E-04   1.9454291571E-04   1.7324494797E-04
    4      7.1029007069E-05   1.0215161348E-04  -5.7284191076E-04  -1.9733882540E-04   7.0290072591E-04
    5      3.8902987544E-04  -8.4039903579E-05   1.6678173768E-04   1.0741216324E-05  -1.2097929609E-04
    6     -2.6217864886E-03  -1.6144331678E-03   2.5294888679E-03  -2.6521651412E-03  -5.3247732329E-04
    7     -3.6478751092E-03  -4.8126449313E-04   4.3208560789E-03  -1.1928705552E-03  -3.3210539395E-03
    8     -4.4022031565E-03  -3.8173479645E-04  -1.4577330251E-03   1.3543718171E-03   5.4322079368E-04
    9      1.5838071300E-04  -2.2319117982E-04   1.3257489340E-05  -2.2747661898E-04  -6.1258566765E-04
   10      2.3015056815E-03   5.9771778650E-04  -1.9190204153E-03   1.3961083836E-03   1.4169095814E-03
   11      1.2225420917E-03   8.1181991736E-04  -5.7496365997E-04   4.8678701098E-04   1.9164885444E-04
   12      1.7677656017E-02   1.1144644219E-03   4.9574045498E-03  -3.2527313440E-03   5.6694451798E-04
   13      9.6767215286E-03  -9.6567280638E-04   2.1866176934E-02  -1.4823498957E-02   3.1066108409E-04
