
$orca_hessian_file

$act_atom
  0

$act_coord
  0

$act_energy
        0.000000

$multiplicity
  1

$hessian
45
                    0                  1                  2                  3                  4        
    0      4.4580438043E-01   7.8388166374E-02  -2.7934424247E-04  -1.4886730248E-01   2.5180238548E-02
    1      7.8388166374E-02   5.6970521438E-01  -6.7722608139E-05   5.0831177637E-02  -1.1607381991E-01
    2     -2.7934424247E-04  -6.7722608139E-05   5.7999649146E-01  -2.2439406018E-04   4.3137083185E-06
    3     -1.4886730248E-01   5.0831177637E-02  -2.2439406018E-04   4.7952176031E-01   3.2234395609E-02
    4      2.5180238548E-02  -1.1607381991E-01   4.3137083185E-06   3.2234395609E-02   3.3400835670E-01
    5     -2.0320100153E-04   9.3068167390E-05  -6.4239073002E-02   3.7193690056E-04  -2.0576315034E-04
    6     -6.4153746526E-02  -9.7717328978E-03   9.9008187695E-05  -1.9020021736E-01  -3.4571721761E-02
    7     -6.8690465158E-03   3.0988239471E-02   1.6863208186E-04  -5.4191028765E-02  -1.5414153985E-01
    8      2.2794973391E-05   2.3637179869E-05  -4.8403831695E-03  -7.8866740066E-05   9.4153420822E-06
    9      1.9230001352E-03  -1.5193369726E-03   1.3024542079E-04   3.4927524164E-03  -5.3329771171E-02
   10      1.5055668817E-02  -9.3385532179E-03  -6.0294576590E-05  -5.3814475318E-02  -7.6333362599E-02
   11      8.9403367284E-06  -2.6547296982E-07  -1.6942819168E-03   1.0141734671E-04   8.6507739730E-05
   12      4.4471826294E-03  -4.1204092248E-03   1.2505100380E-05  -5.6114110860E-02   2.6160226300E-03
   13     -3.2260182587E-03  -1.9934611846E-03   1.4228484253E-05  -2.2058496387E-02   1.0075615818E-02
   14     -3.3487735934E-05   8.0928515568E-06   8.0553226135E-03   5.6627306802E-06  -2.5224870591E-06
   15     -1.2269729943E-03  -5.7183873952E-05  -9.7439705432E-04  -6.6937980032E-04   2.4171610449E-03
   16     -4.6178481003E-04   7.5570117525E-04   1.2081515591E-03   3.8912628261E-03   6.8502369665E-04
   17     -9.7902506764E-04   1.8272634053E-04   2.9375687643E-05   1.8688582762E-04   9.0814682516E-04
   18     -1.2240346408E-03  -7.0413461996E-05   9.7324684284E-04  -7.0089069963E-04   2.4192522992E-03
   19     -4.4489390469E-04   7.7207750110E-04  -1.2068868927E-03   3.9045007671E-03   6.6328207297E-04
   20      9.8849556817E-04  -1.8977875589E-04   3.0833184393E-05  -2.1127260881E-04  -9.1553136895E-04
   21     -9.2988173670E-02  -3.8688166300E-02  -9.1941276646E-02  -3.4753958394E-02  -7.2689855814E-03
   22     -4.2667556498E-02  -7.9022370128E-02  -7.5219547751E-02   1.4764123923E-02   6.2495127096E-03
   23     -9.8532582368E-02  -7.2561817737E-02  -2.3509951095E-01  -2.4431367314E-03   2.6753845348E-03
   24     -4.9500964163E-02  -3.2357783366E-02  -4.4008873590E-04  -1.2250020697E-02   3.7495210974E-02
   25     -2.0006189590E-02  -3.1315256548E-01  -3.2217387250E-03   1.2494584427E-02  -1.3915085430E-02
   26     -3.0076929532E-04  -3.2126496042E-03  -5.2109238888E-02   7.1388532579E-05   1.3630056024E-04
   27     -9.5208718892E-02  -4.1716880680E-02   9.2665883455E-02  -3.4988326085E-02  -7.9462873889E-03
   28     -4.5957793449E-02  -8.2616238082E-02   7.8382365818E-02   1.4899099447E-02   6.6218035131E-03
   29      9.9290033216E-02   7.5729055274E-02  -2.2953539583E-01   2.2116555804E-03  -2.7129770338E-03
   30      3.2653547460E-04  -4.1534480885E-04  -2.1135269487E-06  -1.7551133694E-03  -4.5650670708E-04
   31      5.1896222501E-04   3.4606512141E-04  -3.7487086008E-06  -5.2421963109E-04   2.0848667268E-03
   32     -1.5856762416E-07  -2.8043746354E-06  -2.1957176730E-04  -1.6209586443E-06  -4.6326675357E-06
   33      1.8207211699E-04  -3.1727078157E-04  -3.4788974140E-04  -1.6438725834E-03  -4.5191067534E-05
   34      4.9275994682E-05  -1.5244824063E-04  -2.3088574265E-04  -8.2532744048E-04   2.7729647248E-04
   35     -1.3796772193E-04  -2.2078406827E-05  -1.0325697911E-04  -1.7837895090E-04  -8.8946720812E-05
   36      1.5294057526E-04   6.7795482274E-05   2.1389957300E-04   2.8551181110E-04   5.7338749515E-04
   37      1.9566130444E-04  -3.1088383577E-05   3.8168460272E-05  -3.1644950366E-04  -2.4404300826E-04
   38      8.5543208018E-05   5.6260100997E-05  -8.2158894970E-05   5.9076833936E-05  -7.3608118631E-04
   39      1.8082938652E-04  -3.2142345959E-04   3.4807484639E-04  -1.6488703362E-03  -4.0291272628E-05
   40      4.8052716665E-05  -1.5502695091E-04   2.2930470210E-04  -8.2844391563E-04   2.8145877977E-04
   41      1.3767223090E-04   2.2851878463E-05  -1.0604571541E-04   1.8549934028E-04   8.7567443541E-05
   42      1.5297261902E-04   7.0726475392E-05  -2.1423881938E-04   2.9203812933E-04   5.7707096498E-04
   43      1.9533690397E-04  -3.1726072414E-05  -3.6910740625E-05  -3.1468829209E-04  -2.3936569115E-04
   44     -8.6064131529E-05  -5.6003901498E-05  -8.3105825984E-05  -5.7505606759E-05   7.3610261362E-04
                    5                  6                  7                  8                  9        
    0     -2.0320100153E-04  -6.4153746526E-02  -6.8690465158E-03   2.2794973391E-05   1.9230001352E-03
    1      9.3068167390E-05  -9.7717328978E-03   3.0988239471E-02   2.3637179869E-05  -1.5193369726E-03
    2     -6.4239073002E-02   9.9008187695E-05   1.6863208186E-04  -4.8403831695E-03   1.3024542079E-04
    3      3.7193690056E-04  -1.9020021736E-01  -5.4191028765E-02  -7.8866740066E-05   3.4927524164E-03
    4     -2.0576315034E-04  -3.4571721761E-02  -1.5414153985E-01   9.4153420822E-06  -5.3329771171E-02
    5      6.8874089992E-02  -7.7229365071E-05   5.3691042255E-05  -5.7240970362E-02   7.5117337715E-05
    6     -7.7229365071E-05   5.6817236501E-01  -8.0000929877E-02   1.8607423144E-04  -1.2019338010E-01
    7      5.3691042255E-05  -8.0000929877E-02   9.3456093379E-01  -8.6512252996E-04   5.8159914856E-02
    8     -5.7240970362E-02   1.8607423144E-04  -8.6512252996E-04   2.2344916534E-01  -7.3212654336E-05
    9      7.5117337715E-05  -1.2019338010E-01   5.8159914856E-02  -7.3212654336E-05   1.2003249996E-01
   10      1.0505260960E-04   6.6949511594E-02  -6.7053393555E-01   7.1543083830E-04  -4.2588834205E-02
   11      2.7176512712E-02  -1.0510472654E-04   7.1211223260E-04  -8.0368720858E-02   2.7002306124E-05
   12     -3.1003420305E-06  -1.6058598771E-01   4.8384685379E-02  -9.0287088681E-05   1.4737581076E-03
   13     -1.5042236722E-05   7.3571347893E-02  -1.2278058705E-01   9.7280492893E-05   3.5399600499E-02
   14      1.0189949625E-02  -1.2708334196E-04   1.5602288297E-04  -7.2803695445E-02  -4.5483199244E-05
   15      1.2321853794E-04  -2.8347957466E-02  -1.1248829818E-04   2.4898170686E-02   1.1526405473E-03
   16      1.4960711235E-03  -5.7732300607E-03   9.5557795452E-03  -1.7851831668E-02   2.9701488295E-03
   17     -3.7516959190E-05  -5.2404850939E-03   1.1027636003E-03  -3.3319206253E-03   1.3716504898E-03
   18     -1.5428740156E-04  -2.8348490016E-02  -2.6983743369E-04  -2.4849638825E-02   1.1548138340E-03
   19     -1.5066789596E-03  -5.7201521775E-03   9.6386238829E-03   1.7800998503E-02   2.9616709640E-03
   20     -7.5392608624E-06   5.3140793946E-03  -1.1748099960E-03  -3.3726005233E-03  -1.3910566297E-03
   21     -2.4354833983E-02   1.0731737069E-03   7.7327217771E-03  -3.5608757670E-03   5.9286018468E-04
   22      1.3018772348E-02  -7.1304593488E-04  -4.8015339017E-03   8.2253127869E-04  -1.6165696559E-03
   23      8.0584540221E-03   2.6283588573E-03   9.9493337691E-04  -1.1916109866E-04  -2.5884603935E-04
   24      4.2721681714E-04   3.8795355405E-03   8.3398868648E-03   1.1786527624E-05  -2.1845068078E-03
   25     -8.9659229739E-05  -4.1823157259E-03  -3.7725292859E-03  -1.6442753516E-06  -4.2783392745E-03
   26     -2.2968584727E-05  -1.8484150288E-05  -1.0203110331E-04   1.9362587603E-03  -3.8441420743E-05
   27      2.3790096399E-02   9.3923624467E-04   7.7177809953E-03   3.5631552364E-03   6.0100723425E-04
   28     -1.2919152895E-02  -6.0640156725E-04  -4.9176458174E-03  -8.3486083052E-04  -1.7340227675E-03
   29      7.9363221990E-03  -2.6494367537E-03  -1.0185328357E-03  -1.2898160687E-04   2.0050652973E-04
   30      4.9561767085E-06   9.8618453340E-03   2.5614697609E-02  -6.6498954779E-05  -7.0169207776E-03
   31     -7.2783059911E-06  -7.0079387488E-03  -1.4347145295E-02   2.0257707995E-05   3.8546606052E-03
   32     -3.3652429662E-04   1.9960920868E-05  -3.1993435077E-06  -3.5489859430E-03  -1.6494115834E-06
   33     -3.0269403569E-04   2.0400333887E-03  -2.2761683687E-03   4.7780457634E-03  -8.1727207832E-04
   34     -2.9295350679E-04   1.6975702966E-03  -3.7867218225E-03   3.7573933792E-03   3.1707749611E-04
   35     -7.3931413305E-05  -1.5589035557E-03   7.6836620697E-04  -3.6719573051E-04  -3.1497871460E-04
   36      1.0125935617E-04   1.9169595447E-03  -4.9806942252E-03  -1.5508899057E-03   3.0298500173E-04
   37     -3.3574523960E-05   2.2301519887E-03  -9.1831056438E-04  -1.1485401717E-03   4.2453122484E-04
   38     -1.0050226239E-04   6.1339422276E-05   3.5164645979E-03   5.3883543812E-04  -8.0818032355E-04
   39      3.0345542778E-04   2.0327227169E-03  -2.3029235584E-03  -4.7680084046E-03  -8.1351027033E-04
   40      2.9355841378E-04   1.6990568131E-03  -3.8103081702E-03  -3.7487282093E-03   3.2639144911E-04
   41     -7.4508442415E-05   1.5515700347E-03  -7.5271593838E-04  -3.4311356753E-04   3.1877609731E-04
   42     -1.0025826073E-04   1.9139076927E-03  -4.9766331766E-03   1.5685129950E-03   2.9927261566E-04
   43      3.2604950980E-05   2.2298929019E-03  -9.3331937799E-04   1.1493948541E-03   4.3554834644E-04
   44     -1.0179396680E-04  -7.3926135116E-05  -3.5021861662E-03   5.4146938811E-04   8.0793595855E-04
                   10                 11                 12                 13                 14        
    0      1.5055668817E-02   8.9403367284E-06   4.4471826294E-03  -3.2260182587E-03  -3.3487735934E-05
    1     -9.3385532179E-03  -2.6547296982E-07  -4.1204092248E-03  -1.9934611846E-03   8.0928515568E-06
    2     -6.0294576590E-05  -1.6942819168E-03   1.2505100380E-05   1.4228484253E-05   8.0553226135E-03
    3     -5.3814475318E-02   1.0141734671E-04  -5.6114110860E-02  -2.2058496387E-02   5.6627306802E-06
    4     -7.6333362599E-02   8.6507739730E-05   2.6160226300E-03   1.0075615818E-02  -2.5224870591E-06
    5      1.0505260960E-04   2.7176512712E-02  -3.1003420305E-06  -1.5042236722E-05   1.0189949625E-02
    6      6.6949511594E-02  -1.0510472654E-04  -1.6058598771E-01   7.3571347893E-02  -1.2708334196E-04
    7     -6.7053393555E-01   7.1211223260E-04   4.8384685379E-02  -1.2278058705E-01   1.5602288297E-04
    8      7.1543083830E-04  -8.0368720858E-02  -9.0287088681E-05   9.7280492893E-05  -7.2803695445E-02
    9     -4.2588834205E-02   2.7002306124E-05   1.4737581076E-03   3.5399600499E-02  -4.5483199244E-05
   10      7.9606805390E-01  -9.0531690440E-04   2.7091781761E-02  -4.0139605929E-02   3.1489011269E-05
   11     -9.0531690440E-04   3.5685599963E-02  -4.0650254435E-05   4.9408627518E-05   1.4762133471E-02
   12      2.7091781761E-02  -4.0650254435E-05   5.3790122563E-01   2.2336038928E-02  -1.7377828909E-04
   13     -4.0139605929E-02   4.9408627518E-05   2.2336038928E-02   6.7867603807E-01  -1.0777462476E-03
   14      3.1489011269E-05   1.4762133471E-02  -1.7377828909E-04  -1.0777462476E-03   2.0518270897E-01
   15     -7.4104253099E-03  -3.4640687635E-03  -1.2164089167E-01  -3.4605834084E-02   4.7357434880E-02
   16     -5.5581096101E-03   1.5327717162E-03  -2.6329701335E-02  -9.1365529440E-02   2.3878613954E-02
   17     -1.7368626679E-03   6.4635511864E-04   9.4402780523E-02   4.5843709135E-02  -5.7989878524E-02
   18     -7.3855260092E-03   3.4868211790E-03  -1.2201015156E-01  -3.4929360653E-02  -4.7085867819E-02
   19     -5.5406731319E-03  -1.5106314212E-03  -2.6893953193E-02  -9.1788546413E-02  -2.3687265783E-02
   20      1.7835926809E-03   6.3860905282E-04  -9.4187147490E-02  -4.5621389206E-02  -5.7443864282E-02
   21     -2.2000379643E-03  -1.6765027208E-04  -1.1438343879E-03  -9.1697604723E-04   1.5576129139E-03
   22      2.0023791423E-03   1.0736518662E-03   3.6122116660E-04   3.2642009089E-04  -1.0328472470E-03
   23     -1.5662015199E-04  -1.1499115657E-04  -1.9676341346E-04   3.4940374442E-05  -2.6461617488E-04
   24     -4.7792966411E-03  -6.4942909663E-06   5.7687035190E-05  -6.4070703465E-04  -1.6421143671E-05
   25      1.6792156969E-03   1.5930758278E-05   4.6055126802E-04  -5.7811920256E-04  -3.3377778345E-06
   26      5.2510996567E-05  -1.6304004400E-03  -1.7896255385E-06   7.9179452546E-06   2.3497025713E-04
   27     -2.1538326839E-03   1.7304331640E-04  -1.1452373363E-03  -9.3982187440E-04  -1.5302191754E-03
   28      2.0381454839E-03  -1.0362350367E-03   3.6206424970E-04   3.4383710782E-04   1.0340246954E-03
   29      1.5490822345E-04  -1.2107240338E-04   1.8641805660E-04  -3.9333520331E-05  -2.4729809605E-04
   30      5.5892079511E-03  -2.8357652594E-08  -5.0343245912E-02  -2.0356938709E-02   4.5222629103E-05
   31     -1.0746776496E-03   6.8827374466E-06  -1.8630960491E-02  -3.3706652156E-01   7.2261492409E-04
   32      6.1296651058E-06   3.0173530097E-03   2.8264636805E-05   7.1779169329E-04  -3.3098400515E-02
   33      8.6290456680E-04  -4.4696615948E-04  -1.7101881458E-02   1.7802916794E-02   1.1493422765E-02
   34      2.2394640074E-03  -1.1902995573E-03  -1.3388324295E-02   9.9095767045E-03   9.1926747443E-03
   35     -5.8080047406E-04   8.2495057883E-04   1.0855597959E-03   7.2030859490E-04  -4.1651082550E-03
   36      2.0647171375E-03  -6.0091373238E-04   1.6697390861E-03  -2.4604675106E-02   1.2605922336E-02
   37      1.1195077806E-03  -4.3479477846E-04   6.3400333776E-04  -1.1726497295E-02   5.3462503601E-03
   38     -1.3630276932E-03   1.8827814877E-04   5.2563078267E-04  -2.0849309900E-04  -4.1851292188E-03
   39      8.6284195729E-04   4.4564098691E-04  -1.7125305085E-02   1.7756118866E-02  -1.1557710352E-02
   40      2.2439057333E-03   1.1858951947E-03  -1.3412277122E-02   9.8692692130E-03  -9.2377435714E-03
   41      5.7550010473E-04   8.1553611310E-04  -1.0018149033E-03  -8.2422088125E-04  -4.0929346275E-03
   42      2.0731241217E-03   5.8962533830E-04   1.6610534875E-03  -2.4677878840E-02  -1.2497322443E-02
   43      1.1282459438E-03   4.3677179179E-04   6.1994095503E-04  -1.1761888927E-02  -5.3163173829E-03
   44      1.3559188448E-03   1.7413860563E-04  -5.4373224392E-04   2.8863691693E-04  -4.1341597948E-03
                   15                 16                 17                 18                 19        
    0     -1.2269729943E-03  -4.6178481003E-04  -9.7902506764E-04  -1.2240346408E-03  -4.4489390469E-04
    1     -5.7183873952E-05   7.5570117525E-04   1.8272634053E-04  -7.0413461996E-05   7.7207750110E-04
    2     -9.7439705432E-04   1.2081515591E-03   2.9375687643E-05   9.7324684284E-04  -1.2068868927E-03
    3     -6.6937980032E-04   3.8912628261E-03   1.8688582762E-04  -7.0089069963E-04   3.9045007671E-03
    4      2.4171610449E-03   6.8502369665E-04   9.0814682516E-04   2.4192522992E-03   6.6328207297E-04
    5      1.2321853794E-04   1.4960711235E-03  -3.7516959190E-05  -1.5428740156E-04  -1.5066789596E-03
    6     -2.8347957466E-02  -5.7732300607E-03  -5.2404850939E-03  -2.8348490016E-02  -5.7201521775E-03
    7     -1.1248829818E-04   9.5557795452E-03   1.1027636003E-03  -2.6983743369E-04   9.6386238829E-03
    8      2.4898170686E-02  -1.7851831668E-02  -3.3319206253E-03  -2.4849638825E-02   1.7800998503E-02
    9      1.1526405473E-03   2.9701488295E-03   1.3716504898E-03   1.1548138340E-03   2.9616709640E-03
   10     -7.4104253099E-03  -5.5581096101E-03  -1.7368626679E-03  -7.3855260092E-03  -5.5406731319E-03
   11     -3.4640687635E-03   1.5327717162E-03   6.4635511864E-04   3.4868211790E-03  -1.5106314212E-03
   12     -1.2164089167E-01  -2.6329701335E-02   9.4402780523E-02  -1.2201015156E-01  -2.6893953193E-02
   13     -3.4605834084E-02  -9.1365529440E-02   4.5843709135E-02  -3.4929360653E-02  -9.1788546413E-02
   14      4.7357434880E-02   2.3878613954E-02  -5.7989878524E-02  -4.7085867819E-02  -2.3687265783E-02
   15      3.7702657441E-01  -1.5760412869E-01  -1.4028933194E-01  -3.1087659968E-02   2.5006722553E-02
   16     -1.5760412869E-01   5.8545963513E-01  -6.9111546111E-02   2.4924646842E-02  -6.4538937590E-02
   17     -1.4028933194E-01  -6.9111546111E-02   5.3496328365E-01  -2.0357492292E-02  -1.1112806312E-02
   18     -3.1087659968E-02   2.4924646842E-02  -2.0357492292E-02   3.7767152092E-01  -1.5674593086E-01
   19      2.5006722553E-02  -6.4538937590E-02  -1.1112806312E-02  -1.5674593086E-01   5.8618227937E-01
   20      1.9843951259E-02   1.0205077832E-02  -2.3529528058E-01   1.4140756913E-01   6.9177077845E-02
   21     -1.9223268907E-04   5.1151153698E-04   1.0945834404E-04   2.0593412449E-04  -1.3983909452E-05
   22      1.4152926678E-04  -1.3665611759E-04  -2.9139786683E-05  -1.2806921685E-04   1.9797037164E-06
   23      1.5801826281E-04   1.9950510617E-05   1.5037776835E-05   1.1994764554E-05   6.4497652277E-05
   24     -5.4701212255E-05  -1.6420064860E-04   1.0996359940E-05  -6.0030874153E-05  -1.6472867046E-04
   25     -1.0369159996E-04  -7.0970865450E-05  -2.0062856236E-05  -1.0317410640E-04  -7.2300258432E-05
   26      6.5624403378E-07  -3.3801300036E-05  -2.2364570879E-05   2.8748807447E-06   3.5568052401E-05
   27      1.9833814909E-04  -1.0361572426E-05   5.7647222173E-05  -1.9480154255E-04   5.0952571879E-04
   28     -1.2828720104E-04   6.0177043465E-06  -1.5742354621E-06   1.4778116678E-04  -1.3971209864E-04
   29     -1.4895856790E-05  -6.3078668072E-05  -5.8696379464E-05  -1.5254428534E-04  -1.9485428303E-05
   30     -4.0197564017E-03  -1.6105296390E-02  -1.3535970466E-03  -4.0114921317E-03  -1.6141696046E-02
   31     -3.1363826354E-04  -3.6961400040E-03  -1.0484828609E-03  -3.0298367773E-04  -3.7975740583E-03
   32     -1.2060632186E-03   2.3965826821E-02  -1.5164585290E-03   1.2293108625E-03  -2.3916216054E-02
   33     -1.4317295104E-01   1.1756726600E-01   8.5181740760E-02   7.2014947704E-03  -1.1903536249E-02
   34      1.2043488107E-01  -1.6939649464E-01  -8.4937585816E-02   1.0510501539E-03  -4.1416660246E-03
   35      8.4431287198E-02  -8.0878738460E-02  -1.0701020382E-01   1.7342395446E-02  -1.8079195251E-02
   36     -5.0459887745E-02   5.8131437879E-02  -2.1964406886E-02  -4.7007720556E-03   1.0294644951E-02
   37      5.4430536289E-02  -2.6614212087E-01   1.1626006559E-01  -3.0606097638E-03   8.5975404904E-03
   38     -1.8282124254E-02   1.1232974259E-01  -1.0283302392E-01  -4.7188704248E-03   2.4639726609E-02
   39      7.1792661912E-03  -1.1844151599E-02   5.3086949460E-03  -1.4350732204E-01   1.1729093166E-01
   40      9.6572368968E-04  -4.0535934608E-03  -1.9706187921E-04   1.2017602512E-01  -1.6856504178E-01
   41     -1.7388978461E-02   1.8054462398E-02  -1.3597772265E-02  -8.4961890978E-02   8.0959183476E-02
   42     -4.6844283100E-03   1.0267800953E-02   3.6452491827E-03  -5.0388118122E-02   5.8034444044E-02
   43     -3.0320963518E-03   8.4963953492E-03   3.9143821575E-03   5.4303583945E-02  -2.6727133166E-01
   44      4.7163571510E-03  -2.4768343421E-02  -1.3960936060E-02   1.7918049071E-02  -1.1161749771E-01
                   20                 21                 22                 23                 24        
    0      9.8849556817E-04  -9.2988173670E-02  -4.2667556498E-02  -9.8532582368E-02  -4.9500964163E-02
    1     -1.8977875589E-04  -3.8688166300E-02  -7.9022370128E-02  -7.2561817737E-02  -3.2357783366E-02
    2      3.0833184393E-05  -9.1941276646E-02  -7.5219547751E-02  -2.3509951095E-01  -4.4008873590E-04
    3     -2.1127260881E-04  -3.4753958394E-02   1.4764123923E-02  -2.4431367314E-03  -1.2250020697E-02
    4     -9.1553136895E-04  -7.2689855814E-03   6.2495127096E-03   2.6753845348E-03   3.7495210974E-02
    5     -7.5392608624E-06  -2.4354833983E-02   1.3018772348E-02   8.0584540221E-03   4.2721681714E-04
    6      5.3140793946E-03   1.0731737069E-03  -7.1304593488E-04   2.6283588573E-03   3.8795355405E-03
    7     -1.1748099960E-03   7.7327217771E-03  -4.8015339017E-03   9.9493337691E-04   8.3398868648E-03
    8     -3.3726005233E-03  -3.5608757670E-03   8.2253127869E-04  -1.1916109866E-04   1.1786527624E-05
    9     -1.3910566297E-03   5.9286018468E-04  -1.6165696559E-03  -2.5884603935E-04  -2.1845068078E-03
   10      1.7835926809E-03  -2.2000379643E-03   2.0023791423E-03  -1.5662015199E-04  -4.7792966411E-03
   11      6.3860905282E-04  -1.6765027208E-04   1.0736518662E-03  -1.1499115657E-04  -6.4942909663E-06
   12     -9.4187147490E-02  -1.1438343879E-03   3.6122116660E-04  -1.9676341346E-04   5.7687035190E-05
   13     -4.5621389206E-02  -9.1697604723E-04   3.2642009089E-04   3.4940374442E-05  -6.4070703465E-04
   14     -5.7443864282E-02   1.5576129139E-03  -1.0328472470E-03  -2.6461617488E-04  -1.6421143671E-05
   15      1.9843951259E-02  -1.9223268907E-04   1.4152926678E-04   1.5801826281E-04  -5.4701212255E-05
   16      1.0205077832E-02   5.1151153698E-04  -1.3665611759E-04   1.9950510617E-05  -1.6420064860E-04
   17     -2.3529528058E-01   1.0945834404E-04  -2.9139786683E-05   1.5037776835E-05   1.0996359940E-05
   18      1.4140756913E-01   2.0593412449E-04  -1.2806921685E-04   1.1994764554E-05  -6.0030874153E-05
   19      6.9177077845E-02  -1.3983909452E-05   1.9797037164E-06   6.4497652277E-05  -1.6472867046E-04
   20      5.3378292643E-01  -6.0058311132E-05   4.4296367521E-06  -5.9270415595E-05  -1.1994121699E-05
   21     -6.0058311132E-05   1.1807620892E-01   3.7867094879E-02   1.0843206122E-01   4.1839743576E-04
   22      4.4296367521E-06   3.7867094879E-02   7.6820446525E-02   7.7836729666E-02  -1.2851979864E-02
   23     -5.9270415595E-05   1.0843206122E-01   7.7836729666E-02   2.4592498883E-01   1.7158002327E-03
   24     -1.1994121699E-05   4.1839743576E-04  -1.2851979864E-02   1.7158002327E-03   5.8979760795E-02
   25      2.2231582855E-05  -1.6594266668E-03  -5.6061598716E-03   1.2948709060E-03   1.8688014761E-02
   26     -1.9978946891E-05  -1.7593972663E-03  -2.7298811133E-02   1.5606974715E-03   3.5405124890E-04
   27     -1.0827029107E-04   8.9798099454E-03   4.8510726785E-03  -1.1329942960E-02   4.0742382843E-04
   28      2.7952374094E-05   4.7025063486E-03   4.0944520330E-03  -1.0222935298E-02  -1.3090198955E-02
   29      1.7377424125E-05   1.1775410064E-02   1.0832611479E-02  -1.9898895316E-02  -2.0435315993E-03
   30      1.4362184243E-03   9.6527573422E-06  -5.4947392455E-06  -1.8592559029E-05   4.5914221552E-04
   31      1.0603878990E-03   1.9788954371E-06   1.5778504137E-05  -3.1390135777E-05  -3.1429620525E-04
   32     -1.4134183767E-03  -7.6943818463E-05   2.0685500542E-05  -7.5534468171E-06   2.1805602249E-06
   33     -5.2852229373E-03  -2.1102395497E-04   5.8094250622E-05  -1.0077265972E-05   5.4168000706E-05
   34      1.5075363606E-04  -1.0594297759E-04   5.0998907212E-05   8.8173274512E-06  -1.4636013467E-05
   35     -1.3527002594E-02  -2.4850348954E-05   4.7106552046E-06   8.8393290511E-06   2.7715291287E-05
   36     -3.7104138009E-03   1.9599365848E-05  -1.0442399011E-05  -1.2579131922E-05  -1.2936115987E-04
   37     -4.0205114999E-03  -2.6216432817E-05  -1.1649750837E-05  -1.3535239666E-05  -5.2954864617E-06
   38     -1.4047251170E-02  -8.0789660190E-07  -1.0515819012E-05   2.1129886512E-06   5.1073043272E-05
   39     -8.5699253223E-02  -4.9570790138E-05   4.3415402506E-06  -3.1852771230E-05   5.3460276638E-05
   40      8.5012058226E-02   9.5570315802E-08   5.4017911020E-07  -1.1338655817E-05  -1.4878394529E-05
   41     -1.0750853954E-01  -1.2078770198E-05   1.5419117845E-05  -5.3535152413E-06  -2.7199865055E-05
   42      2.1582705490E-02  -3.6842550483E-05   2.4339675258E-05   5.3786435950E-06  -1.2999021432E-04
   43     -1.1554192921E-01  -1.4832199832E-05   1.5861974602E-05   7.9566233881E-06  -5.0054673416E-06
   44     -1.0177500041E-01  -3.3008200987E-05   2.0876436064E-05  -7.7834772020E-07  -5.0010509501E-05
                   25                 26                 27                 28                 29        
    0     -2.0006189590E-02  -3.0076929532E-04  -9.5208718892E-02  -4.5957793449E-02   9.9290033216E-02
    1     -3.1315256548E-01  -3.2126496042E-03  -4.1716880680E-02  -8.2616238082E-02   7.5729055274E-02
    2     -3.2217387250E-03  -5.2109238888E-02   9.2665883455E-02   7.8382365818E-02  -2.2953539583E-01
    3      1.2494584427E-02   7.1388532579E-05  -3.4988326085E-02   1.4899099447E-02   2.2116555804E-03
    4     -1.3915085430E-02   1.3630056024E-04  -7.9462873889E-03   6.6218035131E-03  -2.7129770338E-03
    5     -8.9659229739E-05  -2.2968584727E-05   2.3790096399E-02  -1.2919152895E-02   7.9363221990E-03
    6     -4.1823157259E-03  -1.8484150288E-05   9.3923624467E-04  -6.0640156725E-04  -2.6494367537E-03
    7     -3.7725292859E-03  -1.0203110331E-04   7.7177809953E-03  -4.9176458174E-03  -1.0185328357E-03
    8     -1.6442753516E-06   1.9362587603E-03   3.5631552364E-03  -8.3486083052E-04  -1.2898160687E-04
    9     -4.2783392745E-03  -3.8441420743E-05   6.0100723425E-04  -1.7340227675E-03   2.0050652973E-04
   10      1.6792156969E-03   5.2510996567E-05  -2.1538326839E-03   2.0381454839E-03   1.5490822345E-04
   11      1.5930758278E-05  -1.6304004400E-03   1.7304331640E-04  -1.0362350367E-03  -1.2107240338E-04
   12      4.6055126802E-04  -1.7896255385E-06  -1.1452373363E-03   3.6206424970E-04   1.8641805660E-04
   13     -5.7811920256E-04   7.9179452546E-06  -9.3982187440E-04   3.4383710782E-04  -3.9333520331E-05
   14     -3.3377778345E-06   2.3497025713E-04  -1.5302191754E-03   1.0340246954E-03  -2.4729809605E-04
   15     -1.0369159996E-04   6.5624403378E-07   1.9833814909E-04  -1.2828720104E-04  -1.4895856790E-05
   16     -7.0970865450E-05  -3.3801300036E-05  -1.0361572426E-05   6.0177043465E-06  -6.3078668072E-05
   17     -2.0062856236E-05  -2.2364570879E-05   5.7647222173E-05  -1.5742354621E-06  -5.8696379464E-05
   18     -1.0317410640E-04   2.8748807447E-06  -1.9480154255E-04   1.4778116678E-04  -1.5254428534E-04
   19     -7.2300258432E-05   3.5568052401E-05   5.0952571879E-04  -1.3971209864E-04  -1.9485428303E-05
   20      2.2231582855E-05  -1.9978946891E-05  -1.0827029107E-04   2.7952374094E-05   1.7377424125E-05
   21     -1.6594266668E-03  -1.7593972663E-03   8.9798099454E-03   4.7025063486E-03   1.1775410064E-02
   22     -5.6061598716E-03  -2.7298811133E-02   4.8510726785E-03   4.0944520330E-03   1.0832611479E-02
   23      1.2948709060E-03   1.5606974715E-03  -1.1329942960E-02  -1.0222935298E-02  -1.9898895316E-02
   24      1.8688014761E-02   3.5405124890E-04   4.0742382843E-04  -1.3090198955E-02  -2.0435315993E-03
   25      3.4135203942E-01   3.4913656878E-03  -1.6691101199E-03  -6.1309866071E-03  -1.4879805839E-03
   26      3.4913656878E-03   4.7862615340E-02   1.6852206511E-03   2.6924524416E-02   2.1698468933E-03
   27     -1.6691101199E-03   1.6852206511E-03   1.2067982589E-01   4.1416820419E-02  -1.0899140891E-01
   28     -6.1309866071E-03   2.6924524416E-02   4.1416820419E-02   8.0627461606E-02  -8.1359651480E-02
   29     -1.4879805839E-03   2.1698468933E-03  -1.0899140891E-01  -8.1359651480E-02   2.3986864982E-01
   30      1.6215261158E-04  -1.4144630787E-06   7.7605313766E-06  -7.0316923248E-06   1.9205197423E-05
   31      1.3112436218E-04   7.1348169534E-07   4.8449650434E-06   1.6729634162E-05   3.2328236088E-05
   32     -9.0939641767E-07   1.0158645984E-05   7.5123315549E-05  -1.9150311722E-05  -6.0039008590E-06
   33      3.0713907779E-05  -5.9693640343E-06  -5.1313248354E-05   3.1356060706E-06   3.1025339504E-05
   34      1.3480247829E-05   3.5356275418E-06  -3.2220368794E-07   5.3468412384E-07   1.0802579071E-05
   35     -1.6795763787E-05   1.3526788126E-06   1.1550658510E-05  -1.5482626728E-05  -5.8188301947E-06
   36      7.0842909978E-06   5.1205047092E-06  -3.5775125820E-05   2.5611953237E-05  -5.3524687730E-06
   37      5.4225982572E-05  -2.4412168046E-07  -1.3948402892E-05   1.5755570108E-05  -7.5062174618E-06
   38      1.0861894851E-05   1.2717551989E-05   3.3361697733E-05  -2.2497133282E-05  -1.1956827058E-06
   39      3.1857525019E-05   5.1242568771E-06  -2.1073680377E-04   5.8293196662E-05   9.5927941445E-06
   40      1.3424374968E-05  -2.7049871327E-06  -1.0542071281E-04   5.1969380402E-05  -8.3636070867E-06
   41      1.6588242633E-05   1.7731919495E-06   2.6260370671E-05  -4.5830384234E-06   8.9788924394E-06
   42      7.1824369840E-06  -3.2505487191E-06   2.1507211236E-05  -1.0460149672E-05   1.1828183169E-05
   43      5.5206917486E-05  -5.4968448932E-07  -2.5175743801E-05  -1.2124111282E-05   1.2626341851E-05
   44     -1.1365297810E-05   1.4560639476E-05  -6.0801588386E-09   1.1832824171E-05   2.1828222260E-06
                   30                 31                 32                 33                 34        
    0      3.2653547460E-04   5.1896222501E-04  -1.5856762416E-07   1.8207211699E-04   4.9275994682E-05
    1     -4.1534480885E-04   3.4606512141E-04  -2.8043746354E-06  -3.1727078157E-04  -1.5244824063E-04
    2     -2.1135269487E-06  -3.7487086008E-06  -2.1957176730E-04  -3.4788974140E-04  -2.3088574265E-04
    3     -1.7551133694E-03  -5.2421963109E-04  -1.6209586443E-06  -1.6438725834E-03  -8.2532744048E-04
    4     -4.5650670708E-04   2.0848667268E-03  -4.6326675357E-06  -4.5191067534E-05   2.7729647248E-04
    5      4.9561767085E-06  -7.2783059911E-06  -3.3652429662E-04  -3.0269403569E-04  -2.9295350679E-04
    6      9.8618453340E-03  -7.0079387488E-03   1.9960920868E-05   2.0400333887E-03   1.6975702966E-03
    7      2.5614697609E-02  -1.4347145295E-02  -3.1993435077E-06  -2.2761683687E-03  -3.7867218225E-03
    8     -6.6498954779E-05   2.0257707995E-05  -3.5489859430E-03   4.7780457634E-03   3.7573933792E-03
    9     -7.0169207776E-03   3.8546606052E-03  -1.6494115834E-06  -8.1727207832E-04   3.1707749611E-04
   10      5.5892079511E-03  -1.0746776496E-03   6.1296651058E-06   8.6290456680E-04   2.2394640074E-03
   11     -2.8357652594E-08   6.8827374466E-06   3.0173530097E-03  -4.4696615948E-04  -1.1902995573E-03
   12     -5.0343245912E-02  -1.8630960491E-02   2.8264636805E-05  -1.7101881458E-02  -1.3388324295E-02
   13     -2.0356938709E-02  -3.3706652156E-01   7.1779169329E-04   1.7802916794E-02   9.9095767045E-03
   14      4.5222629103E-05   7.2261492409E-04  -3.3098400515E-02   1.1493422765E-02   9.1926747443E-03
   15     -4.0197564017E-03  -3.1363826354E-04  -1.2060632186E-03  -1.4317295104E-01   1.2043488107E-01
   16     -1.6105296390E-02  -3.6961400040E-03   2.3965826821E-02   1.1756726600E-01  -1.6939649464E-01
   17     -1.3535970466E-03  -1.0484828609E-03  -1.5164585290E-03   8.5181740760E-02  -8.4937585816E-02
   18     -4.0114921317E-03  -3.0298367773E-04   1.2293108625E-03   7.2014947704E-03   1.0510501539E-03
   19     -1.6141696046E-02  -3.7975740583E-03  -2.3916216054E-02  -1.1903536249E-02  -4.1416660246E-03
   20      1.4362184243E-03   1.0603878990E-03  -1.4134183767E-03  -5.2852229373E-03   1.5075363606E-04
   21      9.6527573422E-06   1.9788954371E-06  -7.6943818463E-05  -2.1102395497E-04  -1.0594297759E-04
   22     -5.4947392455E-06   1.5778504137E-05   2.0685500542E-05   5.8094250622E-05   5.0998907212E-05
   23     -1.8592559029E-05  -3.1390135777E-05  -7.5534468171E-06  -1.0077265972E-05   8.8173274512E-06
   24      4.5914221552E-04  -3.1429620525E-04   2.1805602249E-06   5.4168000706E-05  -1.4636013467E-05
   25      1.6215261158E-04   1.3112436218E-04  -9.0939641767E-07   3.0713907779E-05   1.3480247829E-05
   26     -1.4144630787E-06   7.1348169534E-07   1.0158645984E-05  -5.9693640343E-06   3.5356275418E-06
   27      7.7605313766E-06   4.8449650434E-06   7.5123315549E-05  -5.1313248354E-05  -3.2220368794E-07
   28     -7.0316923248E-06   1.6729634162E-05  -1.9150311722E-05   3.1356060706E-06   5.3468412384E-07
   29      1.9205197423E-05   3.2328236088E-05  -6.0039008590E-06   3.1025339504E-05   1.0802579071E-05
   30      5.7611746158E-02   2.3558807777E-02  -7.0123034839E-05   1.5565544451E-03   2.5516361478E-05
   31      2.3558807777E-02   3.5519963556E-01  -7.5598499623E-04   1.1232868269E-04   8.6965952828E-04
   32     -7.0123034839E-05  -7.5598499623E-04   3.5907875401E-02  -2.2578405376E-03  -1.4304753303E-03
   33      1.5565544451E-03   1.1232868269E-04  -2.2578405376E-03   1.5292252885E-01  -1.2216694440E-01
   34      2.5516361478E-05   8.6965952828E-04  -1.4304753303E-03  -1.2216694440E-01   1.7282305080E-01
   35      1.0160242879E-03   2.0964450454E-05   5.7686857248E-04  -9.2648697021E-02   8.9150137689E-02
   36     -2.1186152663E-03  -4.9721958975E-04   4.1306623663E-03  -1.9485089152E-03   1.3078367473E-02
   37     -7.7714644695E-04   2.2571490961E-04   2.1526178714E-03   3.4338556064E-04  -1.0548438910E-02
   38     -9.2760835736E-04  -5.3930649089E-04   2.7232239564E-05   1.3348022656E-03  -1.4005102158E-02
   39      1.5584130066E-03   1.2269381285E-04   2.2545412388E-03  -2.8998726704E-04  -4.6888792288E-04
   40      2.3396254739E-05   8.7436341256E-04   1.4279738996E-03  -4.6302491708E-04   1.0833804962E-03
   41     -1.0172987091E-03  -2.1976461823E-05   5.6748522215E-04   1.6694448308E-03   9.9185340624E-04
   42     -2.1265060641E-03  -5.1506531632E-04  -4.1261596883E-03   1.2799589706E-03   2.8513218786E-04
   43     -7.7627806554E-04   2.1812081044E-04  -2.1532983227E-03   4.2290464861E-04   7.5832779476E-04
   44      9.3616362855E-04   5.3966386877E-04   3.9943685277E-05  -3.1939406281E-03  -1.1376383068E-03
                   35                 36                 37                 38                 39        
    0     -1.3796772193E-04   1.5294057526E-04   1.9566130444E-04   8.5543208018E-05   1.8082938652E-04
    1     -2.2078406827E-05   6.7795482274E-05  -3.1088383577E-05   5.6260100997E-05  -3.2142345959E-04
    2     -1.0325697911E-04   2.1389957300E-04   3.8168460272E-05  -8.2158894970E-05   3.4807484639E-04
    3     -1.7837895090E-04   2.8551181110E-04  -3.1644950366E-04   5.9076833936E-05  -1.6488703362E-03
    4     -8.8946720812E-05   5.7338749515E-04  -2.4404300826E-04  -7.3608118631E-04  -4.0291272628E-05
    5     -7.3931413305E-05   1.0125935617E-04  -3.3574523960E-05  -1.0050226239E-04   3.0345542778E-04
    6     -1.5589035557E-03   1.9169595447E-03   2.2301519887E-03   6.1339422276E-05   2.0327227169E-03
    7      7.6836620697E-04  -4.9806942252E-03  -9.1831056438E-04   3.5164645979E-03  -2.3029235584E-03
    8     -3.6719573051E-04  -1.5508899057E-03  -1.1485401717E-03   5.3883543812E-04  -4.7680084046E-03
    9     -3.1497871460E-04   3.0298500173E-04   4.2453122484E-04  -8.0818032355E-04  -8.1351027033E-04
   10     -5.8080047406E-04   2.0647171375E-03   1.1195077806E-03  -1.3630276932E-03   8.6284195729E-04
   11      8.2495057883E-04  -6.0091373238E-04  -4.3479477846E-04   1.8827814877E-04   4.4564098691E-04
   12      1.0855597959E-03   1.6697390861E-03   6.3400333776E-04   5.2563078267E-04  -1.7125305085E-02
   13      7.2030859490E-04  -2.4604675106E-02  -1.1726497295E-02  -2.0849309900E-04   1.7756118866E-02
   14     -4.1651082550E-03   1.2605922336E-02   5.3462503601E-03  -4.1851292188E-03  -1.1557710352E-02
   15      8.4431287198E-02  -5.0459887745E-02   5.4430536289E-02  -1.8282124254E-02   7.1792661912E-03
   16     -8.0878738460E-02   5.8131437879E-02  -2.6614212087E-01   1.1232974259E-01  -1.1844151599E-02
   17     -1.0701020382E-01  -2.1964406886E-02   1.1626006559E-01  -1.0283302392E-01   5.3086949460E-03
   18      1.7342395446E-02  -4.7007720556E-03  -3.0606097638E-03  -4.7188704248E-03  -1.4350732204E-01
   19     -1.8079195251E-02   1.0294644951E-02   8.5975404904E-03   2.4639726609E-02   1.1729093166E-01
   20     -1.3527002594E-02  -3.7104138009E-03  -4.0205114999E-03  -1.4047251170E-02  -8.5699253223E-02
   21     -2.4850348954E-05   1.9599365848E-05  -2.6216432817E-05  -8.0789660190E-07  -4.9570790138E-05
   22      4.7106552046E-06  -1.0442399011E-05  -1.1649750837E-05  -1.0515819012E-05   4.3415402506E-06
   23      8.8393290511E-06  -1.2579131922E-05  -1.3535239666E-05   2.1129886512E-06  -3.1852771230E-05
   24      2.7715291287E-05  -1.2936115987E-04  -5.2954864617E-06   5.1073043272E-05   5.3460276638E-05
   25     -1.6795763787E-05   7.0842909978E-06   5.4225982572E-05   1.0861894851E-05   3.1857525019E-05
   26      1.3526788126E-06   5.1205047092E-06  -2.4412168046E-07   1.2717551989E-05   5.1242568771E-06
   27      1.1550658510E-05  -3.5775125820E-05  -1.3948402892E-05   3.3361697733E-05  -2.1073680377E-04
   28     -1.5482626728E-05   2.5611953237E-05   1.5755570108E-05  -2.2497133282E-05   5.8293196662E-05
   29     -5.8188301947E-06  -5.3524687730E-06  -7.5062174618E-06  -1.1956827058E-06   9.5927941445E-06
   30      1.0160242879E-03  -2.1186152663E-03  -7.7714644695E-04  -9.2760835736E-04   1.5584130066E-03
   31      2.0964450454E-05  -4.9721958975E-04   2.2571490961E-04  -5.3930649089E-04   1.2269381285E-04
   32      5.7686857248E-04   4.1306623663E-03   2.1526178714E-03   2.7232239564E-05   2.2545412388E-03
   33     -9.2648697021E-02  -1.9485089152E-03   3.4338556064E-04   1.3348022656E-03  -2.8998726704E-04
   34      8.9150137689E-02   1.3078367473E-02  -1.0548438910E-02  -1.4005102158E-02  -4.6888792288E-04
   35      1.1662535539E-01  -9.8706121699E-03   7.6963103005E-03   8.6583351342E-03  -1.6628065022E-03
   36     -9.8706121699E-03   5.3766618449E-02  -5.3834443862E-02   2.1279842799E-02   1.2816699290E-03
   37      7.6963103005E-03  -5.3834443862E-02   2.7850182769E-01  -1.2417063915E-01   4.3355543210E-04
   38      8.6583351342E-03   2.1279842799E-02  -1.2417063915E-01   1.1336154911E-01   3.1833434016E-03
   39     -1.6628065022E-03   1.2816699290E-03   4.3355543210E-04   3.1833434016E-03   1.5329327266E-01
   40     -9.8568599165E-04   2.7533343710E-04   7.5232026432E-04   1.1157421962E-03  -1.2187302299E-01
   41      2.2028253593E-03  -2.5045270828E-03  -2.2870485538E-03  -3.6412910085E-03   9.3188324146E-02
   42      2.4934782742E-03  -3.1034953039E-06  -6.2808447464E-04  -1.8962176879E-03  -1.9343315736E-03
   43      2.2658978279E-03  -6.2053568154E-04   3.5525609835E-04  -5.9159292304E-04   3.2169409618E-04
   44     -3.6460094131E-03   1.9027837325E-03   6.0143934558E-04   2.1014915526E-03  -1.3160719497E-03
                   40                 41                 42                 43                 44        
    0      4.8052716665E-05   1.3767223090E-04   1.5297261902E-04   1.9533690397E-04  -8.6064131529E-05
    1     -1.5502695091E-04   2.2851878463E-05   7.0726475392E-05  -3.1726072414E-05  -5.6003901498E-05
    2      2.2930470210E-04  -1.0604571541E-04  -2.1423881938E-04  -3.6910740625E-05  -8.3105825984E-05
    3     -8.2844391563E-04   1.8549934028E-04   2.9203812933E-04  -3.1468829209E-04  -5.7505606759E-05
    4      2.8145877977E-04   8.7567443541E-05   5.7707096498E-04  -2.3936569115E-04   7.3610261362E-04
    5      2.9355841378E-04  -7.4508442415E-05  -1.0025826073E-04   3.2604950980E-05  -1.0179396680E-04
    6      1.6990568131E-03   1.5515700347E-03   1.9139076927E-03   2.2298929019E-03  -7.3926135116E-05
    7     -3.8103081702E-03  -7.5271593838E-04  -4.9766331766E-03  -9.3331937799E-04  -3.5021861662E-03
    8     -3.7487282093E-03  -3.4311356753E-04   1.5685129950E-03   1.1493948541E-03   5.4146938811E-04
    9      3.2639144911E-04   3.1877609731E-04   2.9927261566E-04   4.3554834644E-04   8.0793595855E-04
   10      2.2439057333E-03   5.7550010473E-04   2.0731241217E-03   1.1282459438E-03   1.3559188448E-03
   11      1.1858951947E-03   8.1553611310E-04   5.8962533830E-04   4.3677179179E-04   1.7413860563E-04
   12     -1.3412277122E-02  -1.0018149033E-03   1.6610534875E-03   6.1994095503E-04  -5.4373224392E-04
   13      9.8692692130E-03  -8.2422088125E-04  -2.4677878840E-02  -1.1761888927E-02   2.8863691693E-04
