
$orca_hessian_file

$act_atom
  0

$act_coord
  0

$act_energy
        0.000000

$multiplicity
  1

$hessian
48
                    0                  1                  2                  3                  4        
    0      4.9251193714E-01  -3.6565636742E-02  -1.4221361054E-04  -1.7993063263E-01  -4.9021961812E-02
    1     -3.6565636742E-02   5.6019593436E-01  -8.9702355568E-05  -5.5431689667E-02  -1.1778251134E-01
    2     -1.4221361054E-04  -8.9702355568E-05   5.2559437373E-01   3.9730741726E-05   1.2411493420E-05
    3     -1.7993063263E-01  -5.5431689667E-02   3.9730741726E-05   6.6629146880E-01  -2.0953936521E-02
    4     -4.9021961812E-02  -1.1778251134E-01   1.2411493420E-05  -2.0953936521E-02   6.4849647052E-01
    5     -2.7901004329E-05  -1.9867775777E-05  -6.8001726705E-02   8.5886052921E-05  -7.4716392169E-05
    6     -3.2785040768E-02   9.4606236716E-03   2.0903488238E-05  -2.7021013370E-01   5.6155454112E-02
    7     -1.2580491418E-02   1.1888161741E-02   5.5554317834E-06   1.1533896408E-01  -1.7804222445E-01
    8     -1.2338525217E-05   1.7398595791E-05   4.2463828822E-03  -2.8991486740E-05   3.9679902088E-05
    9      7.9833479160E-04   3.6080733164E-03   1.7271415256E-05  -5.7043021927E-02   2.4835267345E-02
   10      3.5623964124E-03  -1.2858524108E-03   8.2826416261E-06  -1.5406560274E-02   5.8415135331E-02
   11     -5.3644736621E-06   2.5278261839E-05   8.5551093709E-03  -7.0243884686E-07  -1.4509455173E-05
   12     -1.9047429470E-03   1.1506185757E-03  -2.4746432671E-05  -9.4123728693E-03   2.4178184332E-02
   13     -4.8136327198E-04  -7.1187127535E-04  -2.8143448371E-06   2.6263443974E-02  -4.7916980456E-02
   14      2.1438956408E-06   2.0959076058E-06  -1.1776412547E-03  -6.4899611681E-06   5.5458030108E-06
   15      2.6356878530E-03   1.5617796073E-03   2.5397232779E-05   2.4915377061E-02  -6.6040045150E-02
   16      3.4607600688E-03  -5.6519138201E-03   2.2370944856E-05  -2.9009408303E-02  -1.9430970738E-02
   17     -5.2447482671E-08  -4.4699754092E-06   5.4484833867E-03   5.7737611579E-06   7.7911940677E-06
   18     -1.6547803996E-03  -3.0521187180E-02  -2.2028029941E-05  -1.2002730597E-01   9.4662597687E-03
   19     -1.2492373135E-02  -1.8600284915E-02   1.6902168294E-05  -5.4568232810E-02  -2.8494845260E-01
   20      1.5496509991E-05  -1.3007166850E-05   4.4068999585E-03   4.9061520986E-06   2.2198572189E-05
   21      1.2175866849E-05  -3.6573343827E-03   2.8909870879E-05  -5.5264659492E-03   1.6056926725E-02
   22      3.4642863944E-03   1.2079454354E-03   8.7075859053E-06   5.0888637745E-02  -3.7387130197E-02
   23      1.2265937208E-05  -2.5637216212E-06  -4.1389396789E-03  -1.9060342995E-05   2.0543299157E-05
   24     -1.1393201960E-01   3.4270850672E-02  -1.1266283999E-01  -2.0056026229E-02   6.1151256253E-03
   25      3.2341193636E-02  -6.2183351994E-02   5.2611234815E-02  -7.2468868031E-03   4.3462594164E-03
   26     -1.1134420312E-01   5.2970673020E-02  -2.1270291365E-01   5.3109344584E-04  -2.1134319501E-03
   27     -5.1818891967E-02   3.9840783416E-02  -1.8124471869E-04   2.8484965161E-03  -3.1328206527E-02
   28      3.6115466527E-02  -3.0452227757E-01   1.3554966876E-03   1.9377800900E-03  -1.6463149120E-02
   29     -1.5448612071E-04   1.3876080671E-03  -4.6371050561E-02  -2.6193667865E-05  -5.1177038463E-05
   30     -1.1530470112E-01   3.5675321970E-02   1.1290908763E-01  -2.0143103674E-02   6.3738236915E-03
   31      3.3780836304E-02  -6.3294033907E-02  -5.3956903530E-02  -7.2932516198E-03   4.5086333779E-03
   32      1.1166155195E-01  -5.4251938493E-02  -2.1043060709E-01  -6.0785107102E-04   2.1195266426E-03
   33      1.6814159535E-03   2.0305521052E-03  -1.0171357809E-05   2.7174327075E-03   2.6546201015E-02
   34     -1.8872583784E-03   7.6185880709E-04   1.1728864552E-06  -2.2957150416E-03  -1.5240002018E-02
   35      4.6574122359E-07  -1.7481566088E-05  -4.6455715084E-03   1.0759763162E-05   1.1168033713E-05
   36     -7.7876224007E-04   9.8956398133E-04  -4.7198678272E-07  -2.6354716688E-03  -4.1456603023E-03
   37     -4.0264468676E-04   4.9884172745E-04   8.5692674922E-07  -3.1985589011E-03  -6.4778537524E-04
   38     -9.7130506613E-07  -2.2595338636E-06   3.7751543147E-04   2.9923192569E-06   2.2674397331E-06
   39      1.8796864951E-04  -1.3046082534E-05  -5.1855656349E-06   8.1804984132E-05   7.0908421943E-04
   40     -1.4326875380E-05   6.6368738765E-05  -2.3847802189E-06   8.6649973467E-04  -8.0608446645E-04
   41      3.4805629583E-07  -3.6185507280E-06  -1.0279181383E-03   2.0108545458E-06  -1.0000369140E-06
   42      5.9034446994E-04  -1.4637999567E-03   2.3221975091E-06  -4.8867732821E-03  -2.1573271969E-03
   43      3.7311819821E-04  -7.7680567658E-04  -3.1374430283E-06  -3.3742409121E-03   1.1847312010E-03
   44     -1.5356354160E-06  -2.1790505719E-07  -3.4302217890E-05   6.1460886789E-07   9.7480112905E-07
   45     -3.0829305280E-04  -8.8135206702E-04   8.1859556755E-06  -6.9832721758E-03   2.9649473600E-03
   46      2.9387754013E-04   1.8979209394E-04   9.2812245990E-06   3.7290185397E-03   1.7140609055E-03
   47     -6.1126812626E-06   4.7428394855E-06  -9.8093947768E-05   4.7945066188E-06   1.7401678078E-06
                    5                  6                  7                  8                  9        
    0     -2.7901004329E-05  -3.2785040768E-02  -1.2580491418E-02  -1.2338525217E-05   7.9833479160E-04
    1     -1.9867775777E-05   9.4606236716E-03   1.1888161741E-02   1.7398595791E-05   3.6080733164E-03
    2     -6.8001726705E-02   2.0903488238E-05   5.5554317834E-06   4.2463828822E-03   1.7271415256E-05
    3      8.5886052921E-05  -2.7021013370E-01   1.1533896408E-01  -2.8991486740E-05  -5.7043021927E-02
    4     -7.4716392169E-05   5.6155454112E-02  -1.7804222445E-01   3.9679902088E-05   2.4835267345E-02
    5      1.6184447356E-01  -2.3871156505E-05   1.9867611644E-05  -5.7693392809E-02  -3.3731575552E-06
    6     -2.3871156505E-05   6.5913508725E-01   1.0184518810E-02  -1.3369120599E-05  -2.8016557077E-01
    7      1.9867611644E-05   1.0184518810E-02   7.2236646394E-01  -1.3899079399E-04  -1.1187819067E-01
    8     -5.7693392809E-02  -1.3369120599E-05  -1.3899079399E-04   1.2784372047E-01   2.7895411278E-05
    9     -3.3731575552E-06  -2.8016557077E-01  -1.1187819067E-01   2.7895411278E-05   7.0801988315E-01
   10      1.1101166884E-05  -5.5581951346E-02  -1.7005798761E-01   1.7496182955E-05  -3.9858084934E-02
   11      3.0379992745E-03   2.0203762425E-05   2.4715931147E-05  -5.4396290522E-02  -1.2654519351E-05
   12      7.9070111601E-06   2.4190490008E-02  -3.0122425553E-02   1.3875228243E-06  -1.2382854859E-01
   13     -1.7138801968E-07  -7.3885043500E-02  -2.9773943942E-02   1.4847104551E-05   2.3501142906E-02
   14     -1.0376932273E-03   1.7291899084E-05   6.4821756155E-06   4.1889575344E-03  -9.3357455243E-06
   15      1.5818162041E-05  -5.6828603907E-02  -3.3802630072E-03   6.8869580070E-06   2.6659408951E-02
   16     -6.8192350374E-06   3.4175363204E-03  -1.3457952181E-03  -1.3390500078E-06   2.7741298477E-02
   17      4.7210632941E-03  -1.0082062446E-06  -9.5500864906E-07  -2.8289914940E-03  -9.5587972770E-07
   18      1.1070890815E-05   3.1693572620E-02   3.2635565712E-02  -1.3434203880E-05  -1.2962534392E-02
   19      4.1297074872E-05   7.6870217575E-02  -2.6522669782E-02  -1.1039594143E-05  -3.1100789470E-02
   20     -7.0565867704E-02  -1.9909860685E-05   8.4161325293E-06   6.4979682315E-04   9.0765589906E-06
   21     -2.8280850141E-05   9.1301926973E-04  -4.0312351334E-03   2.6747147950E-06  -3.7553169502E-03
   22      1.5889521410E-05  -9.8843026182E-03  -4.7291848785E-03   9.1109367568E-06   4.9006860335E-03
   23      6.7901623537E-03   8.8993228010E-06  -1.1085451814E-06   4.8608931030E-03  -7.6530123174E-06
   24     -2.2112714690E-02  -1.4320198072E-03  -3.0547471321E-03  -6.0016219726E-04  -9.3403110403E-04
   25     -1.4002606151E-02  -2.6575644007E-04  -9.2843966729E-04  -1.5889747118E-04  -1.8953710231E-04
   26      3.0090533293E-03   8.8478793207E-04  -2.1452814006E-04  -3.4217755821E-04   5.2061452942E-05
   27      1.5628590247E-04   1.8169379748E-03  -1.7090747012E-03  -2.9203485814E-06   2.5504168260E-05
   28      5.8854527176E-05   3.1440652019E-03   1.1715906119E-03  -1.1321550741E-05  -5.6780918255E-04
   29     -1.9101604235E-03  -9.1326871484E-06  -4.8975470959E-07  -1.2449621350E-04   2.3655089068E-06
   30      2.1935839449E-02  -1.4748363116E-03  -3.0828631026E-03   6.2091062904E-04  -9.3847880897E-04
   31      1.3947500212E-02  -3.1448213386E-04  -9.4919069357E-04   1.4559088996E-04  -1.8208723985E-04
   32      2.9577062173E-03  -8.8054585737E-04   2.0978700054E-04  -3.4495745335E-04  -6.7822808949E-05
   33     -5.9262825804E-06  -5.7373791031E-02  -6.9025303450E-03   7.3970023865E-06   4.1318103074E-03
   34      9.9087208212E-06  -5.6414892332E-03  -3.2743531503E-01   7.5690067082E-05   2.3014777475E-03
   35      3.2472958646E-03   4.6959250788E-06   7.7973924917E-05  -3.4272677854E-02  -5.6833551538E-06
   36     -3.0459523716E-06  -1.9221925644E-02   1.7221679176E-02  -1.8325763811E-06  -2.5780441935E-01
   37      2.2811174185E-06  -1.3965238743E-02   1.1209039523E-02  -2.1191935507E-06   1.2287142240E-01
   38      7.0797499076E-03   2.2705363023E-06  -1.9942409219E-06  -1.4422750319E-04  -1.0306970970E-05
   39     -3.7963858588E-06   1.9609383069E-03  -2.8273864078E-05   1.7690788423E-06   2.5979822870E-03
   40     -1.6210946087E-06   1.2927262279E-03  -6.1461291218E-03   2.7219242480E-06  -2.9389268741E-02
   41     -1.4339088299E-03  -8.9518177285E-07   1.3942222649E-06   7.5914722022E-03   2.7070046490E-06
   42     -2.5700724161E-06  -1.5766244796E-03   1.6446648077E-04   4.8510562285E-07  -4.6459265265E-03
   43      1.7539162128E-06  -1.9312559268E-04   8.6226652020E-04   4.1986095327E-07   3.7778576090E-03
   44      5.7806240558E-03  -1.2711038994E-06   7.0937818562E-07  -8.1632004858E-04   2.7666522664E-07
   45     -6.0115415823E-07   1.3585009774E-03   1.2148528605E-03  -1.6764315662E-06  -1.5507524259E-04
   46      8.3356920586E-06  -7.8370451011E-04  -1.5666419507E-03   8.5267485357E-07  -3.5915520902E-04
   47      2.1746218402E-03  -3.7312243352E-06   3.0641892580E-06   1.5823084418E-03   2.8748020336E-06
                   10                 11                 12                 13                 14        
    0      3.5623964124E-03  -5.3644736621E-06  -1.9047429470E-03  -4.8136327198E-04   2.1438956408E-06
    1     -1.2858524108E-03   2.5278261839E-05   1.1506185757E-03  -7.1187127535E-04   2.0959076058E-06
    2      8.2826416261E-06   8.5551093709E-03  -2.4746432671E-05  -2.8143448371E-06  -1.1776412547E-03
    3     -1.5406560274E-02  -7.0243884686E-07  -9.4123728693E-03   2.6263443974E-02  -6.4899611681E-06
    4      5.8415135331E-02  -1.4509455173E-05   2.4178184332E-02  -4.7916980456E-02   5.5458030108E-06
    5      1.1101166884E-05   3.0379992745E-03   7.9070111601E-06  -1.7138801968E-07  -1.0376932273E-03
    6     -5.5581951346E-02   2.0203762425E-05   2.4190490008E-02  -7.3885043500E-02   1.7291899084E-05
    7     -1.7005798761E-01   2.4715931147E-05  -3.0122425553E-02  -2.9773943942E-02   6.4821756155E-06
    8      1.7496182955E-05  -5.4396290522E-02   1.3875228243E-06   1.4847104551E-05   4.1889575344E-03
    9     -3.9858084934E-02  -1.2654519351E-05  -1.2382854859E-01   2.3501142906E-02  -9.3357455243E-06
   10      6.7547226014E-01  -8.0413598345E-05  -3.2320693755E-02  -3.3006692535E-01   2.3270815659E-05
   11     -8.0413598345E-05   1.1536625078E-01   3.0965193504E-06   3.1134407668E-05  -5.3279901380E-02
   12     -3.2320693755E-02   3.0965193504E-06   7.1096288048E-01   3.4409656011E-02  -2.1360277189E-06
   13     -3.3006692535E-01   3.1134407668E-05   3.4409656011E-02   6.7349731400E-01  -5.6851036484E-05
   14      2.3270815659E-05  -5.3279901380E-02  -2.1360277189E-06  -5.6851036484E-05   1.1976768276E-01
   15      6.9801891254E-02  -1.1735890454E-05  -2.7714005224E-01   6.5475547002E-02  -4.4460367805E-06
   16     -3.2407155559E-02   4.3168661361E-06   1.2044882668E-01  -1.7865310612E-01   1.8197587155E-05
   17      7.1547210168E-06   4.1712351896E-03  -1.9098874594E-05   1.8316170050E-05  -4.8685131645E-02
   18     -3.1936313604E-02   4.3317625727E-06  -6.0760815107E-02   2.5957354316E-02  -7.0065597406E-06
   19     -5.0378113293E-02   1.2420324826E-05  -2.1626066015E-02   6.7285879173E-02  -1.3444539407E-05
   20      8.4141392048E-06  -1.9322611851E-03   8.0146829271E-06  -2.5661090160E-05  -1.5349405085E-03
   21      4.0237822960E-03   3.0541968070E-07   9.8141485834E-04  -8.4673433937E-03  -8.5158064434E-07
   22      2.8125960477E-03  -1.9746045761E-06  -2.3872698463E-04  -5.4397978788E-03   1.2722464320E-07
   23     -6.2017665395E-06  -1.5202237044E-03  -3.5338432677E-06   8.3714470700E-06   7.5676385176E-03
   24     -5.9055485949E-05   1.6100512125E-03  -2.5770537236E-04   1.9185215676E-04  -2.1244886216E-04
   25     -1.3505069762E-04   4.1011645916E-04  -6.8511126276E-04   2.4717713736E-04  -1.6705987821E-04
   26     -2.3796557145E-04  -2.7913267973E-04  -7.2909915512E-05   1.2544511432E-04  -3.4760402968E-05
   27     -5.8770291554E-05   9.4673218906E-07   1.1392955118E-05   1.4134320017E-04   2.6153740965E-06
   28      8.1264052273E-05  -8.8789614968E-06   4.8253093116E-05   4.4132018395E-04  -9.2000950830E-08
   29     -1.5526044993E-06  -2.5266792441E-04   7.2674537528E-06  -4.5470848145E-06   6.9382187833E-05
   30     -4.5839548268E-05  -1.5981557800E-03  -2.5469479237E-04   1.9441398046E-04   2.1087766631E-04
   31     -1.1246708637E-04  -4.1594295713E-04  -6.7876989505E-04   2.3502005719E-04   1.6716594650E-04
   32      2.2854162998E-04  -2.7838082770E-04   7.9430194017E-05  -1.1884076013E-04  -3.4803610099E-05
   33     -2.8251278691E-02   4.5063593904E-06  -4.8689351324E-03  -2.4778923771E-03   2.5711890126E-07
   34     -1.1666313345E-02  -3.2203009153E-07  -3.5964667607E-03   7.9626326532E-04   2.8389006668E-06
   35      2.0271309444E-07   1.6851433159E-03   1.3879584778E-06   3.1675304700E-06   6.8322482628E-03
   36      1.2286285022E-01  -1.0737916047E-05   3.7616240693E-03  -2.2800004941E-03  -9.9803215759E-08
   37     -1.3325314250E-01   1.2180113388E-05   2.8750251155E-02  -1.1539254695E-02   2.0862105495E-06
   38      1.4961617415E-05  -2.9198906583E-02  -3.1264951364E-06  -9.0266400112E-07  -2.3042296497E-04
   39      1.3625367276E-03  -8.1709761596E-07  -2.6664620607E-01  -1.1644505829E-01   1.2186998378E-05
   40     -9.3840089708E-03  -1.6499141604E-07  -1.1685959917E-01  -1.2367724372E-01   9.3707404448E-06
   41      3.4595821146E-06   1.1507997699E-03   1.4208784432E-05   6.5974871300E-06  -3.1750711280E-02
   42      2.4564065461E-03  -8.2826777707E-07   5.8228037840E-03   2.7931971669E-02  -3.6226928642E-06
   43      1.0867145779E-03   3.4564979542E-09  -2.8097594029E-03  -1.3270323010E-02   1.9740383436E-06
   44      2.2357021683E-06   7.0757813689E-03   2.4729652648E-06   7.0207075425E-07  -1.0829246102E-04
   45     -5.6361881363E-04   8.1124593995E-07  -6.5653303968E-04  -3.2712964710E-06   6.7951840901E-08
   46      8.7904667259E-04   4.6555298659E-07  -7.4923640882E-05  -1.4535273591E-03   2.8931669676E-06
   47      2.5878532866E-06   9.5445739596E-05   1.3748622590E-06  -3.3940256875E-06  -5.5161053034E-04
                   15                 16                 17                 18                 19        
    0      2.6356878530E-03   3.4607600688E-03  -5.2447482671E-08  -1.6547803996E-03  -1.2492373135E-02
    1      1.5617796073E-03  -5.6519138201E-03  -4.4699754092E-06  -3.0521187180E-02  -1.8600284915E-02
    2      2.5397232779E-05   2.2370944856E-05   5.4484833867E-03  -2.2028029941E-05   1.6902168294E-05
    3      2.4915377061E-02  -2.9009408303E-02   5.7737611579E-06  -1.2002730597E-01  -5.4568232810E-02
    4     -6.6040045150E-02  -1.9430970738E-02   7.7911940677E-06   9.4662597687E-03  -2.8494845260E-01
    5      1.5818162041E-05  -6.8192350374E-06   4.7210632941E-03   1.1070890815E-05   4.1297074872E-05
    6     -5.6828603907E-02   3.4175363204E-03  -1.0082062446E-06   3.1693572620E-02   7.6870217575E-02
    7     -3.3802630072E-03  -1.3457952181E-03  -9.5500864906E-07   3.2635565712E-02  -2.6522669782E-02
    8      6.8869580070E-06  -1.3390500078E-06  -2.8289914940E-03  -1.3434203880E-05  -1.1039594143E-05
    9      2.6659408951E-02   2.7741298477E-02  -9.5587972770E-07  -1.2962534392E-02  -3.1100789470E-02
   10      6.9801891254E-02  -3.2407155559E-02   7.1547210168E-06  -3.1936313604E-02  -5.0378113293E-02
   11     -1.1735890454E-05   4.3168661361E-06   4.1712351896E-03   4.3317625727E-06   1.2420324826E-05
   12     -2.7714005224E-01   1.2044882668E-01  -1.9098874594E-05  -6.0760815107E-02  -2.1626066015E-02
   13      6.5475547002E-02  -1.7865310612E-01   1.8316170050E-05   2.5957354316E-02   6.7285879173E-02
   14     -4.4460367805E-06   1.8197587155E-05  -4.8685131645E-02  -7.0065597406E-06  -1.3444539407E-05
   15      6.6498928508E-01  -1.3712720324E-02   2.9761985075E-05  -2.5724504570E-01  -5.1910746496E-02
   16     -1.3712720324E-02   7.2638460293E-01  -7.5557536268E-05  -1.2340385859E-01  -1.8622155349E-01
   17      2.9761985075E-05  -7.5557536268E-05   1.1012923752E-01  -1.1582980124E-06   8.7753954454E-06
   18     -2.5724504570E-01  -1.2340385859E-01  -1.1582980124E-06   6.6006454680E-01   3.2212490164E-02
   19     -5.1910746496E-02  -1.8622155349E-01   8.7753954454E-06   3.2212490164E-02   6.8516022746E-01
   20     -2.5012992119E-05   8.0636651292E-06  -5.8440413103E-02   6.4393032705E-05  -9.2748641469E-05
   21     -5.3333584544E-02   3.0038624765E-02  -2.2463433849E-05  -2.2967207533E-01   3.5991176419E-02
   22     -8.4568014611E-03   1.0836741847E-02   5.9719503352E-06   8.4899877996E-02  -1.3936533493E-01
   23     -2.7431648556E-06   4.2126516563E-06   7.6636414507E-03  -6.1168404318E-05   1.2781651187E-05
   24     -1.6163583050E-04   2.3553335576E-04   7.9657576090E-04  -1.1046369139E-03   2.3633913073E-03
   25      8.8736351271E-04   5.2169170123E-04   8.0427789634E-04  -2.3681304300E-03  -1.1736293732E-04
   26      2.0116264908E-04  -1.1401253736E-04  -2.0701066464E-04  -1.6366276605E-03   1.2774401090E-03
   27      8.1165120997E-04  -1.4955493019E-03  -9.2493960417E-06  -6.4627816387E-03  -1.0163687665E-03
   28      6.5560775352E-04  -9.0659170875E-04  -2.7682292053E-06  -2.3950463018E-03  -1.4870612800E-04
   29     -7.9586256706E-06  -2.9754919038E-06   3.3625059803E-04   2.2532565396E-06  -1.0292438594E-06
   30     -1.5595084689E-04   2.3538355740E-04  -7.8607726028E-04  -1.1002083780E-03   2.3661972969E-03
   31      8.7856951534E-04   5.2506030594E-04  -8.0019562076E-04  -2.3454795822E-03  -1.0607729346E-04
   32     -2.0989348057E-04   1.0890627499E-04  -2.0497134701E-04   1.6592194207E-03  -1.2741025930E-03
   33     -1.2035787536E-03   3.1646654103E-04  -1.0352381012E-07  -4.2428032315E-03   1.5992940640E-03
   34      2.2544790416E-04   8.0142297377E-04  -6.7004494857E-07   2.7847996803E-03   1.1358789110E-03
   35      2.5302048351E-06  -2.5491940465E-07  -9.2798603421E-04  -3.3116192013E-06  -3.4264868449E-06
   36      1.8698699837E-03  -5.3300209769E-04  -1.0026532507E-07   6.8854754522E-05  -1.2383909139E-03
   37     -1.5953753942E-03  -5.4811240704E-03   1.3391882234E-06  -1.0667216425E-03  -1.1762990299E-03
   38     -2.4027121186E-06   1.5351123946E-06   7.4427415104E-03   2.1255318076E-06   1.7428717423E-06
   39     -1.9565509180E-02  -1.5360043581E-02   1.0544870747E-06  -1.7446389461E-03   4.4292738790E-03
   40      1.5316511079E-02   1.1015500524E-02  -1.9284234020E-06   3.0841508566E-03  -1.1022406712E-03
   41     -3.2892795837E-06   3.0781556933E-07   5.2532900451E-04  -9.1777488416E-07   9.9046575834E-07
   42     -5.7726227721E-02  -5.0900253634E-03  -1.6809997539E-06   2.4076485534E-03  -2.6527858449E-02
   43     -5.2618506219E-03  -3.2610340698E-01   3.4056066015E-05   6.0143219111E-03  -1.6064342412E-02
   44     -4.8557783181E-06   3.3919538992E-05  -2.8096771165E-02   1.7083282929E-06   3.6725327796E-06
   45      1.4789085828E-03   2.9366570119E-03   2.4323868382E-07   2.7430032841E-03   4.4686252168E-02
   46     -4.6713943837E-03   6.1165974256E-03  -2.5575304267E-06  -3.0555498891E-03  -2.8830548063E-02
   47     -6.7987911793E-07   5.4810067454E-07  -1.0467065019E-03   1.2446415254E-06   2.1465958099E-05
                   20                 21                 22                 23                 24        
    0      1.5496509991E-05   1.2175866849E-05   3.4642863944E-03   1.2265937208E-05  -1.1393201960E-01
    1     -1.3007166850E-05  -3.6573343827E-03   1.2079454354E-03  -2.5637216212E-06   3.4270850672E-02
    2      4.4068999585E-03   2.8909870879E-05   8.7075859053E-06  -4.1389396789E-03  -1.1266283999E-01
    3      4.9061520986E-06  -5.5264659492E-03   5.0888637745E-02  -1.9060342995E-05  -2.0056026229E-02
    4      2.2198572189E-05   1.6056926725E-02  -3.7387130197E-02   2.0543299157E-05   6.1151256253E-03
    5     -7.0565867704E-02  -2.8280850141E-05   1.5889521410E-05   6.7901623537E-03  -2.2112714690E-02
    6     -1.9909860685E-05   9.1301926973E-04  -9.8843026182E-03   8.8993228010E-06  -1.4320198072E-03
    7      8.4161325293E-06  -4.0312351334E-03  -4.7291848785E-03  -1.1085451814E-06  -3.0547471321E-03
    8      6.4979682315E-04   2.6747147950E-06   9.1109367568E-06   4.8608931030E-03  -6.0016219726E-04
    9      9.0765589906E-06  -3.7553169502E-03   4.9006860335E-03  -7.6530123174E-06  -9.3403110403E-04
   10      8.4141392048E-06   4.0237822960E-03   2.8125960477E-03  -6.2017665395E-06  -5.9055485949E-05
   11     -1.9322611851E-03   3.0541968070E-07  -1.9746045761E-06  -1.5202237044E-03   1.6100512125E-03
   12      8.0146829271E-06   9.8141485834E-04  -2.3872698463E-04  -3.5338432677E-06  -2.5770537236E-04
   13     -2.5661090160E-05  -8.4673433937E-03  -5.4397978788E-03   8.3714470700E-06   1.9185215676E-04
   14     -1.5349405085E-03  -8.5158064434E-07   1.2722464320E-07   7.5676385176E-03  -2.1244886216E-04
   15     -2.5012992119E-05  -5.3333584544E-02  -8.4568014611E-03  -2.7431648556E-06  -1.6163583050E-04
   16      8.0636651292E-06   3.0038624765E-02   1.0836741847E-02   4.2126516563E-06   2.3553335576E-04
   17     -5.8440413103E-02  -2.2463433849E-05   5.9719503352E-06   7.6636414507E-03   7.9657576090E-04
   18      6.4393032705E-05  -2.2967207533E-01   8.4899877996E-02  -6.1168404318E-05  -1.1046369139E-03
   19     -9.2748641469E-05   3.5991176419E-02  -1.3936533493E-01   1.2781651187E-05   2.3633913073E-03
   20      1.5171483300E-01  -5.9393676217E-05   3.4953040515E-05  -4.1703489611E-02   5.7679866723E-04
   21     -5.9393676217E-05   3.4917398035E-01  -5.7852166001E-03   1.1714796952E-04   1.5523785783E-03
   22      3.4953040515E-05  -5.7852166001E-03   6.4334201975E-01   1.1297495433E-05  -1.0674860849E-03
   23     -4.1703489611E-02   1.1714796952E-04   1.1297495433E-05   3.0844332762E-02  -3.7066543658E-04
   24      5.7679866723E-04   1.5523785783E-03  -1.0674860849E-03  -3.7066543658E-04   1.3001618136E-01
   25     -5.8861807290E-05   9.9543697911E-04  -2.6964816763E-04  -5.8512131475E-04  -3.4933654889E-02
   26      1.0299968728E-03   9.7522876265E-04  -2.7323481848E-04  -8.5405783299E-05   1.2215522642E-01
   27      2.9633713035E-06   4.2987870260E-04   8.9301450888E-04   3.2915817143E-06  -2.7344649609E-03
   28      1.3757698452E-05  -5.3132857326E-04   3.1788932193E-04   7.9688591795E-08   5.8087048147E-04
   29      1.2408308207E-03  -3.6621216178E-06  -8.1650956175E-06   9.2519536465E-05  -2.5560225726E-03
   30     -5.8343225634E-04   1.5572245003E-03  -1.0592621983E-03   3.6031002575E-04   9.1530694132E-03
   31      6.9160517913E-05   9.8129830511E-04  -3.0885647461E-04   6.0115898694E-04  -4.4307326452E-03
   32      1.0385185429E-03  -9.8708499781E-04   2.7428302555E-04  -9.3221594989E-05   1.4189404023E-02
   33     -6.5824171069E-07   9.5777617781E-05   1.8552548690E-03  -2.6587428880E-07   2.6682504858E-05
   34      7.7141298302E-06   7.2541811906E-05  -1.1978162808E-03  -2.0382769182E-07  -7.5507310274E-05
   35      7.4085342030E-03   2.9270762191E-07   2.4784581717E-07   1.0743601636E-04  -7.5783159018E-04
   36     -1.6542115683E-06   1.1950649025E-04   1.3418052359E-04   2.7731444424E-07  -3.0098467409E-04
   37      2.2361705527E-06   1.6945234422E-04   4.0007820606E-04  -4.7578914869E-07  -1.1438473866E-04
   38     -9.4749110878E-04  -1.0103892082E-06  -2.9304622811E-07  -8.4141721905E-04   8.4521878823E-05
   39      6.3016773311E-07  -2.0820542826E-03  -5.1122455064E-04  -6.7960315511E-08  -3.7031288329E-06
   40      2.4782177524E-06   1.1878371511E-03   3.2876668972E-04   6.0990109617E-07  -3.2249035270E-05
   41      7.8714277410E-03   9.0158585109E-07  -5.0887933564E-07   2.2263462907E-04  -1.5886648051E-04
   42      2.7316038634E-06   3.3838918103E-03  -1.4512966874E-03   1.1420454539E-06   4.3548313082E-05
   43      6.7616089402E-06   5.0199567686E-05   3.5859094629E-03  -5.9301233365E-07  -6.9767854918E-05
   44      2.7464209332E-03   1.3504738994E-06  -5.7381578240E-07  -3.8355498075E-03  -4.8980550025E-05
   45      4.3561772785E-06  -6.3849750985E-02  -1.1872470055E-01  -3.4198487215E-05   1.2536745005E-04
   46      4.4273595529E-06  -6.6951738614E-02  -4.7413417796E-01  -5.3485004587E-05   1.0088775242E-04
   47     -2.9827956704E-03  -2.8042126159E-05  -8.5140505618E-05  -5.9310109699E-03   6.0811580126E-05
                   25                 26                 27                 28                 29        
    0      3.2341193636E-02  -1.1134420312E-01  -5.1818891967E-02   3.6115466527E-02  -1.5448612071E-04
    1     -6.2183351994E-02   5.2970673020E-02   3.9840783416E-02  -3.0452227757E-01   1.3876080671E-03
    2      5.2611234815E-02  -2.1270291365E-01  -1.8124471869E-04   1.3554966876E-03  -4.6371050561E-02
    3     -7.2468868031E-03   5.3109344584E-04   2.8484965161E-03   1.9377800900E-03  -2.6193667865E-05
    4      4.3462594164E-03  -2.1134319501E-03  -3.1328206527E-02  -1.6463149120E-02  -5.1177038463E-05
    5     -1.4002606151E-02   3.0090533293E-03   1.5628590247E-04   5.8854527176E-05  -1.9101604235E-03
    6     -2.6575644007E-04   8.8478793207E-04   1.8169379748E-03   3.1440652019E-03  -9.1326871484E-06
    7     -9.2843966729E-04  -2.1452814006E-04  -1.7090747012E-03   1.1715906119E-03  -4.8975470959E-07
    8     -1.5889747118E-04  -3.4217755821E-04  -2.9203485814E-06  -1.1321550741E-05  -1.2449621350E-04
    9     -1.8953710231E-04   5.2061452942E-05   2.5504168260E-05  -5.6780918255E-04   2.3655089068E-06
   10     -1.3505069762E-04  -2.3796557145E-04  -5.8770291554E-05   8.1264052273E-05  -1.5526044993E-06
   11      4.1011645916E-04  -2.7913267973E-04   9.4673218906E-07  -8.8789614968E-06  -2.5266792441E-04
   12     -6.8511126276E-04  -7.2909915512E-05   1.1392955118E-05   4.8253093116E-05   7.2674537528E-06
   13      2.4717713736E-04   1.2544511432E-04   1.4134320017E-04   4.4132018395E-04  -4.5470848145E-06
   14     -1.6705987821E-04  -3.4760402968E-05   2.6153740965E-06  -9.2000950830E-08   6.9382187833E-05
   15      8.8736351271E-04   2.0116264908E-04   8.1165120997E-04   6.5560775352E-04  -7.9586256706E-06
   16      5.2169170123E-04  -1.1401253736E-04  -1.4955493019E-03  -9.0659170875E-04  -2.9754919038E-06
   17      8.0427789634E-04  -2.0701066464E-04  -9.2493960417E-06  -2.7682292053E-06   3.3625059803E-04
   18     -2.3681304300E-03  -1.6366276605E-03  -6.4627816387E-03  -2.3950463018E-03   2.2532565396E-06
   19     -1.1736293732E-04   1.2774401090E-03  -1.0163687665E-03  -1.4870612800E-04  -1.0292438594E-06
   20     -5.8861807290E-05   1.0299968728E-03   2.9633713035E-06   1.3757698452E-05   1.2408308207E-03
   21      9.9543697911E-04   9.7522876265E-04   4.2987870260E-04  -5.3132857326E-04  -3.6621216178E-06
   22     -2.6964816763E-04  -2.7323481848E-04   8.9301450888E-04   3.1788932193E-04  -8.1650956175E-06
   23     -5.8512131475E-04  -8.5405783299E-05   3.2915817143E-06   7.9688591795E-08   9.2519536465E-05
   24     -3.4933654889E-02   1.2215522642E-01  -2.7344649609E-03   5.8087048147E-04  -2.5560225726E-03
   25      6.3204924785E-02  -5.7868763196E-02   1.6083282457E-02  -6.2286202734E-03   2.6090807009E-02
   26     -5.7868763196E-02   2.3031685976E-01   1.9770475536E-03  -7.7309529100E-04   8.8601298832E-04
   27      1.6083282457E-02   1.9770475536E-03   5.8563788241E-02  -3.8260942306E-02   2.2162623192E-04
   28     -6.2286202734E-03  -7.7309529100E-04  -3.8260942306E-02   3.3195873539E-01  -1.4969280155E-03
   29      2.6090807009E-02   8.8601298832E-04   2.2162623192E-04  -1.4969280155E-03   4.4658700289E-02
   30     -4.5268985907E-03  -1.3967693138E-02  -2.7359677599E-03   5.9313211678E-04   2.5176529927E-03
   31      1.3168982121E-03   7.2443152645E-03   1.6208460951E-02  -6.4612597293E-03  -2.5915379361E-02
   32     -7.4964941691E-03  -2.1716328199E-02  -2.1690308830E-03   8.5384829659E-04   1.1413368272E-03
   33     -1.4967434048E-04   3.0924793874E-05  -5.5187724706E-04  -8.0986695751E-04   7.3094808404E-06
   34      2.5017306759E-04  -4.3787378690E-05   8.6229902924E-04   7.6266017110E-04   4.4755712409E-07
   35      9.3421139135E-05   7.3016240805E-05   6.7205669456E-07   8.4881942991E-06   3.0319231896E-04
   36     -1.0509113223E-04   6.9591446153E-06   8.4492546708E-05  -4.8185585763E-05   7.9367193338E-07
   37     -4.3817997005E-05  -1.0321501792E-05   3.7778475616E-05  -5.0934245618E-06   3.3124680622E-07
   38      7.6623699584E-05   3.9997400030E-05  -7.6010787382E-07   6.0347789805E-07  -4.7073223729E-05
   39      2.5347436257E-05   7.9783246819E-06  -1.0086514713E-05  -2.9490421349E-05   1.2284855590E-06
   40      2.2957369358E-05  -7.0988912299E-06   6.5495989361E-05   7.9652295103E-05   4.3985596709E-07
   41     -1.9558549757E-05   5.0234386571E-05  -5.6784067667E-07   1.8132551537E-06   3.5740450697E-05
   42      5.0313665843E-05  -3.8593126205E-05  -4.4699169378E-04  -2.7071446094E-04  -8.1545090639E-07
   43     -4.3086085654E-05  -5.7149549199E-05  -3.0871729278E-04  -1.4593403494E-04   1.7210727043E-06
   44     -4.6362774079E-05  -4.7969362511E-07  -5.6294738372E-07  -2.3110791500E-07  -1.8463253853E-04
   45      6.6877129006E-05   2.4469931634E-04   1.6891946780E-04  -1.4800846634E-04  -2.7375063123E-06
   46      3.9296131632E-05   1.2876376543E-04   3.1388151035E-05   6.8519963984E-05   2.1702432950E-07
   47      2.8399584615E-04  -3.6962346065E-05  -6.0089102910E-07   1.0451873623E-06   1.2611486755E-04
                   30                 31                 32                 33                 34        
    0     -1.1530470112E-01   3.3780836304E-02   1.1166155195E-01   1.6814159535E-03  -1.8872583784E-03
    1      3.5675321970E-02  -6.3294033907E-02  -5.4251938493E-02   2.0305521052E-03   7.6185880709E-04
    2      1.1290908763E-01  -5.3956903530E-02  -2.1043060709E-01  -1.0171357809E-05   1.1728864552E-06
    3     -2.0143103674E-02  -7.2932516198E-03  -6.0785107102E-04   2.7174327075E-03  -2.2957150416E-03
    4      6.3738236915E-03   4.5086333779E-03   2.1195266426E-03   2.6546201015E-02  -1.5240002018E-02
    5      2.1935839449E-02   1.3947500212E-02   2.9577062173E-03  -5.9262825804E-06   9.9087208212E-06
    6     -1.4748363116E-03  -3.1448213386E-04  -8.8054585737E-04  -5.7373791031E-02  -5.6414892332E-03
    7     -3.0828631026E-03  -9.4919069357E-04   2.0978700054E-04  -6.9025303450E-03  -3.2743531503E-01
    8      6.2091062904E-04   1.4559088996E-04  -3.4495745335E-04   7.3970023865E-06   7.5690067082E-05
    9     -9.3847880897E-04  -1.8208723985E-04  -6.7822808949E-05   4.1318103074E-03   2.3014777475E-03
   10     -4.5839548268E-05  -1.1246708637E-04   2.2854162998E-04  -2.8251278691E-02  -1.1666313345E-02
   11     -1.5981557800E-03  -4.1594295713E-04  -2.7838082770E-04   4.5063593904E-06  -3.2203009153E-07
   12     -2.5469479237E-04  -6.7876989505E-04   7.9430194017E-05  -4.8689351324E-03  -3.5964667607E-03
   13      1.9441398046E-04   2.3502005719E-04  -1.1884076013E-04  -2.4778923771E-03   7.9626326532E-04
   14      2.1087766631E-04   1.6716594650E-04  -3.4803610099E-05   2.5711890126E-07   2.8389006668E-06
   15     -1.5595084689E-04   8.7856951534E-04  -2.0989348057E-04  -1.2035787536E-03   2.2544790416E-04
   16      2.3538355740E-04   5.2506030594E-04   1.0890627499E-04   3.1646654103E-04   8.0142297377E-04
   17     -7.8607726028E-04  -8.0019562076E-04  -2.0497134701E-04  -1.0352381012E-07  -6.7004494857E-07
   18     -1.1002083780E-03  -2.3454795822E-03   1.6592194207E-03  -4.2428032315E-03   2.7847996803E-03
   19      2.3661972969E-03  -1.0607729346E-04  -1.2741025930E-03   1.5992940640E-03   1.1358789110E-03
   20     -5.8343225634E-04   6.9160517913E-05   1.0385185429E-03  -6.5824171069E-07   7.7141298302E-06
   21      1.5572245003E-03   9.8129830511E-04  -9.8708499781E-04   9.5777617781E-05   7.2541811906E-05
   22     -1.0592621983E-03  -3.0885647461E-04   2.7428302555E-04   1.8552548690E-03  -1.1978162808E-03
   23      3.6031002575E-04   6.0115898694E-04  -9.3221594989E-05  -2.6587428880E-07  -2.0382769182E-07
   24      9.1530694132E-03  -4.4307326452E-03   1.4189404023E-02   2.6682504858E-05  -7.5507310274E-05
   25     -4.5268985907E-03   1.3168982121E-03  -7.4964941691E-03  -1.4967434048E-04   2.5017306759E-04
   26     -1.3967693138E-02   7.2443152645E-03  -2.1716328199E-02   3.0924793874E-05  -4.3787378690E-05
   27     -2.7359677599E-03   1.6208460951E-02  -2.1690308830E-03  -5.5187724706E-04   8.6229902924E-04
   28      5.9313211678E-04  -6.4612597293E-03   8.5384829659E-04  -8.0986695751E-04   7.6266017110E-04
   29      2.5176529927E-03  -2.5915379361E-02   1.1413368272E-03   7.3094808404E-06   4.4755712409E-07
   30      1.3149858308E-01  -3.6504709535E-02  -1.2241934138E-01   3.0727387239E-05  -8.0742572989E-05
   31     -3.6504709535E-02   6.4418491253E-02   5.9334011717E-02  -1.5419808966E-04   2.5316812057E-04
   32     -1.2241934138E-01   5.9334011717E-02   2.2783382940E-01  -2.9801824591E-05   3.9245837274E-05
   33      3.0727387239E-05  -1.5419808966E-04  -2.9801824591E-05   5.8949407739E-02   7.1571340660E-03
   34     -8.0742572989E-05   2.5316812057E-04   3.9245837274E-05   7.1571340660E-03   3.5090983698E-01
   35      7.5030056807E-04  -9.1421966156E-05   7.7211810097E-05  -3.9374948085E-06  -8.7026044069E-05
   36     -3.0448452389E-04  -1.0715932915E-04  -8.0224194921E-06   9.4454187495E-04  -2.0083629500E-04
   37     -1.1654512762E-04  -4.4395231129E-05   1.0119672752E-05   4.4551074407E-04   7.7067298599E-04
   38     -8.5683063721E-05  -7.5608606110E-05   3.9669483971E-05  -1.9535871608E-08  -1.3746422606E-06
   39     -3.4189035345E-06   2.5585874658E-05  -8.5901244314E-06  -2.9516695259E-05   1.2571186307E-04
   40     -3.3047204005E-05   2.2819089803E-05   6.6882460123E-06  -1.5591603244E-03  -7.5766102167E-04
   41      1.5688001277E-04   2.0532042144E-05   5.0909710572E-05   4.8433471660E-07   8.0420095645E-07
   42      4.4922318196E-05   5.1216714576E-05   3.8223784487E-05   9.6843783147E-05   1.4282802154E-05
   43     -6.9716127126E-05  -4.1616253987E-05   5.7359551778E-05  -4.3055563182E-05  -8.3753509385E-05
   44      4.9217929059E-05   4.5171761772E-05  -7.5135230059E-07   6.4234352598E-08  -5.2667197045E-08
   45      1.3131842426E-04   6.4092211857E-05  -2.4886245679E-04  -4.0413778361E-04   2.4192035641E-04
   46      1.0216158811E-04   3.7806253051E-05  -1.3198884418E-04   3.8964361608E-04  -6.1074082313E-05
   47     -6.1676084460E-05  -2.8810833462E-04  -3.5160516280E-05  -7.1365594515E-07  -1.3599436578E-07
                   35                 36                 37                 38                 39        
    0      4.6574122359E-07  -7.7876224007E-04  -4.0264468676E-04  -9.7130506613E-07   1.8796864951E-04
    1     -1.7481566088E-05   9.8956398133E-04   4.9884172745E-04  -2.2595338636E-06  -1.3046082534E-05
    2     -4.6455715084E-03  -4.7198678272E-07   8.5692674922E-07   3.7751543147E-04  -5.1855656349E-06
    3      1.0759763162E-05  -2.6354716688E-03  -3.1985589011E-03   2.9923192569E-06   8.1804984132E-05
    4      1.1168033713E-05  -4.1456603023E-03  -6.4778537524E-04   2.2674397331E-06   7.0908421943E-04
    5      3.2472958646E-03  -3.0459523716E-06   2.2811174185E-06   7.0797499076E-03  -3.7963858588E-06
    6      4.6959250788E-06  -1.9221925644E-02  -1.3965238743E-02   2.2705363023E-06   1.9609383069E-03
    7      7.7973924917E-05   1.7221679176E-02   1.1209039523E-02  -1.9942409219E-06  -2.8273864078E-05
    8     -3.4272677854E-02  -1.8325763811E-06  -2.1191935507E-06  -1.4422750319E-04   1.7690788423E-06
    9     -5.6833551538E-06  -2.5780441935E-01   1.2287142240E-01  -1.0306970970E-05   2.5979822870E-03
   10      2.0271309444E-07   1.2286285022E-01  -1.3325314250E-01   1.4961617415E-05   1.3625367276E-03
   11      1.6851433159E-03  -1.0737916047E-05   1.2180113388E-05  -2.9198906583E-02  -8.1709761596E-07
   12      1.3879584778E-06   3.7616240693E-03   2.8750251155E-02  -3.1264951364E-06  -2.6664620607E-01
   13      3.1675304700E-06  -2.2800004941E-03  -1.1539254695E-02  -9.0266400112E-07  -1.1644505829E-01
   14      6.8322482628E-03  -9.9803215759E-08   2.0862105495E-06  -2.3042296497E-04   1.2186998378E-05
   15      2.5302048351E-06   1.8698699837E-03  -1.5953753942E-03  -2.4027121186E-06  -1.9565509180E-02
   16     -2.5491940465E-07  -5.3300209769E-04  -5.4811240704E-03   1.5351123946E-06  -1.5360043581E-02
   17     -9.2798603421E-04  -1.0026532507E-07   1.3391882234E-06   7.4427415104E-03   1.0544870747E-06
   18     -3.3116192013E-06   6.8854754522E-05  -1.0667216425E-03   2.1255318076E-06  -1.7446389461E-03
   19     -3.4264868449E-06  -1.2383909139E-03  -1.1762990299E-03   1.7428717423E-06   4.4292738790E-03
   20      7.4085342030E-03  -1.6542115683E-06   2.2361705527E-06  -9.4749110878E-04   6.3016773311E-07
   21      2.9270762191E-07   1.1950649025E-04   1.6945234422E-04  -1.0103892082E-06  -2.0820542826E-03
   22      2.4784581717E-07   1.3418052359E-04   4.0007820606E-04  -2.9304622811E-07  -5.1122455064E-04
   23      1.0743601636E-04   2.7731444424E-07  -4.7578914869E-07  -8.4141721905E-04  -6.7960315511E-08
   24     -7.5783159018E-04  -3.0098467409E-04  -1.1438473866E-04   8.4521878823E-05  -3.7031288329E-06
   25      9.3421139135E-05  -1.0509113223E-04  -4.3817997005E-05   7.6623699584E-05   2.5347436257E-05
   26      7.3016240805E-05   6.9591446153E-06  -1.0321501792E-05   3.9997400030E-05   7.9783246819E-06
   27      6.7205669456E-07   8.4492546708E-05   3.7778475616E-05  -7.6010787382E-07  -1.0086514713E-05
   28      8.4881942991E-06  -4.8185585763E-05  -5.0934245618E-06   6.0347789805E-07  -2.9490421349E-05
   29      3.0319231896E-04   7.9367193338E-07   3.3124680622E-07  -4.7073223729E-05   1.2284855590E-06
   30      7.5030056807E-04  -3.0448452389E-04  -1.1654512762E-04  -8.5683063721E-05  -3.4189035345E-06
   31     -9.1421966156E-05  -1.0715932915E-04  -4.4395231129E-05  -7.5608606110E-05   2.5585874658E-05
   32      7.7211810097E-05  -8.0224194921E-06   1.0119672752E-05   3.9669483971E-05  -8.5901244314E-06
   33     -3.9374948085E-06   9.4454187495E-04   4.4551074407E-04  -1.9535871608E-08  -2.9516695259E-05
   34     -8.7026044069E-05  -2.0083629500E-04   7.7067298599E-04  -1.3746422606E-06   1.2571186307E-04
   35      2.4545649715E-02   1.7984483442E-08  -6.6789581437E-07  -3.6018226828E-03   3.7328320302E-07
   36      1.7984483442E-08   2.7344647057E-01  -1.3278868273E-01   1.5569600590E-05   6.7584533491E-04
   37     -6.6789581437E-07  -1.3278868273E-01   1.3906486695E-01  -1.5954671667E-05  -3.3650874709E-04
   38     -3.6018226828E-03   1.5569600590E-05  -1.5954671667E-05   2.3337869623E-02  -1.3514619700E-07
