
$orca_hessian_file

$act_atom
  0

$act_coord
  0

$act_energy
        0.000000

$multiplicity
  1

$hessian
48
                    0                  1                  2                  3                  4        
    0      4.8965704216E-01  -3.7482636900E-02  -8.0517073673E-06  -1.7930100277E-01  -4.8223419593E-02
    1     -3.7482636900E-02   5.6373995238E-01  -4.8864017865E-06  -5.4062819095E-02  -1.1727259733E-01
    2     -8.0517073673E-06  -4.8864017865E-06   5.2610583960E-01   2.2736286486E-06   5.7058508131E-07
    3     -1.7930100277E-01  -5.4062819095E-02   2.2736286486E-06   6.7069015157E-01  -2.5731698389E-02
    4     -4.8223419593E-02  -1.1727259733E-01   5.7058508131E-07  -2.5731698389E-02   6.5189683515E-01
    5     -1.5991443190E-06  -1.1441659426E-06  -6.8019841664E-02   3.7654899324E-06  -1.8408855203E-06
    6     -3.2395593936E-02   9.7216056769E-03   1.2973982054E-06  -2.7426892409E-01   5.8555764978E-02
    7     -1.2412631307E-02   1.2004297960E-02   3.4628119638E-07   1.1724791132E-01  -1.7927124537E-01
    8     -6.5597159559E-07   9.6864244336E-07   4.1357548665E-03  -7.1154149093E-07   1.6746766379E-06
    9      8.6891583727E-04   3.6103007344E-03   9.7984506703E-07  -5.7248905809E-02   2.4866387700E-02
   10      3.5469822347E-03  -1.2860108952E-03   4.9289525329E-07  -1.5415630138E-02   5.8488783346E-02
   11     -2.5653118240E-07   1.3495909596E-06   8.5872893470E-03  -8.9124342415E-08  -5.7480843334E-07
   12     -1.8975188731E-03   1.1840372326E-03  -1.3759395457E-06  -9.4420800484E-03   2.4160033351E-02
   13     -4.8682317477E-04  -7.1099097093E-04  -1.9001589791E-07   2.6366261819E-02  -4.7927337181E-02
   14      1.2397499818E-07   1.0918223127E-07  -1.1798183144E-03  -1.8097335981E-07  -2.2447960724E-08
   15      2.6581916002E-03   1.5156675330E-03   1.5115565488E-06   2.4845703176E-02  -6.6234544665E-02
   16      3.3932451982E-03  -5.7363805329E-03   1.1538258197E-06  -2.9234277873E-02  -1.9571816721E-02
   17      3.2578734904E-09  -2.9418630964E-07   5.4289348597E-03   1.2909395470E-07   3.4395253573E-07
   18     -1.9654820467E-03  -3.0763490827E-02  -1.3700413698E-06  -1.1958520324E-01   9.9817211631E-03
   19     -1.2757745034E-02  -1.8748336635E-02   1.0505946922E-06  -5.4374778106E-02  -2.8702313428E-01
   20      6.1131636702E-07  -1.0884818557E-06   4.5421610407E-03  -4.4416323193E-07   5.6093104831E-07
   21     -4.8300005124E-05  -3.8456997565E-03   1.5760149907E-06  -6.2401177175E-03   1.6862944808E-02
   22      3.5934809822E-03   8.4301964384E-04   5.8623941292E-07   5.1871440946E-02  -3.8403895862E-02
   23      7.3512337984E-07  -5.6212776969E-08  -4.1912649344E-03  -6.9214749726E-07   7.2804115317E-07
   24     -5.1194390691E-02   3.7391385083E-02  -9.2033084455E-06   2.7521812596E-03  -3.1450134994E-02
   25      3.3852983981E-02  -3.0565932761E-01   7.4862393536E-05   1.8652126399E-03  -1.6075987753E-02
   26     -7.8009035055E-06   7.6697997368E-05  -4.6466671207E-02  -1.5237265458E-06  -2.8695906728E-06
   27     -1.1393323462E-01   3.6166902332E-02   1.1260561673E-01  -2.0264721975E-02   6.4385837060E-03
   28      3.4292857412E-02  -6.3988276800E-02  -5.5382826793E-02  -7.0404265248E-03   4.4769684471E-03
   29      1.1130263890E-01  -5.5551842686E-02  -2.1168246938E-01  -5.3789539107E-04   2.0969153798E-03
   30     -1.1385881219E-01   3.6088830340E-02  -1.1259257083E-01  -2.0259851471E-02   6.4241711471E-03
   31      3.4212647164E-02  -6.3924663991E-02   5.5308481927E-02  -7.0380164356E-03   4.4681226041E-03
   32     -1.1128557771E-01   5.5481174076E-02  -2.1180790375E-01   5.3367636186E-04  -2.0966120807E-03
   33      1.7215311062E-03   1.9605366930E-03  -5.8295078449E-07   2.7863845599E-03   2.6710511777E-02
   34     -1.8591817300E-03   7.8006714416E-04   8.6457006096E-08  -2.2469377042E-03  -1.5310328533E-02
   35     -4.3536129524E-09  -9.4873256229E-07  -4.6722465100E-03   6.0128588878E-07   4.9642484797E-07
   36     -7.6574013710E-04   9.9143970153E-04  -4.3311338009E-08  -2.6396595985E-03  -4.1444789919E-03
   37     -3.9964389183E-04   4.9901959954E-04   5.6697799722E-08  -3.2021219439E-03  -6.5084477270E-04
   38     -5.5371588043E-08  -1.2821062741E-07   3.8688769170E-04   1.5905102887E-07   9.1899553022E-08
   39      1.8811563604E-04  -1.3047605990E-05  -3.3666755254E-07   8.6194011875E-05   7.0516244543E-04
   40     -1.3672935789E-05   6.7905406104E-05  -1.5466406366E-07   8.6947437645E-04  -8.1091253695E-04
   41      1.7354507721E-08  -1.9509938760E-07  -1.0314444698E-03   9.3393498072E-08  -3.6037021791E-08
   42      5.8211717305E-04  -1.4818330222E-03   1.0507175069E-07  -4.8992486239E-03  -2.1471764148E-03
   43      3.7332585825E-04  -7.7961850522E-04  -2.0311103463E-07  -3.3720316727E-03   1.2208069069E-03
   44     -9.6480980010E-08  -1.3540429062E-08  -3.8535490268E-05   3.7249030563E-08   5.7581428104E-08
   45     -3.1583823677E-04  -9.0996711499E-04   4.8693260942E-07  -7.0108992312E-03   2.9678772769E-03
   46      2.9902073075E-04   1.7194113939E-04   5.7560594967E-07   3.7567314719E-03   1.7665838923E-03
   47     -3.4417064152E-07   2.9571163487E-07  -9.6671694783E-05   3.8546166890E-07   1.3904330188E-07
                    5                  6                  7                  8                  9        
    0     -1.5991443190E-06  -3.2395593936E-02  -1.2412631307E-02  -6.5597159559E-07   8.6891583727E-04
    1     -1.1441659426E-06   9.7216056769E-03   1.2004297960E-02   9.6864244336E-07   3.6103007344E-03
    2     -6.8019841664E-02   1.2973982054E-06   3.4628119638E-07   4.1357548665E-03   9.7984506703E-07
    3      3.7654899324E-06  -2.7426892409E-01   1.1724791132E-01  -7.1154149093E-07  -5.7248905809E-02
    4     -1.8408855203E-06   5.8555764978E-02  -1.7927124537E-01   1.6746766379E-06   2.4866387700E-02
    5      1.6136144837E-01  -5.7211770882E-07   3.8336196540E-07  -5.7287420409E-02   1.0174907683E-07
    6     -5.7211770882E-07   6.6478420631E-01   8.4888548517E-03  -1.4830853341E-06  -2.8207196464E-01
    7      3.8336196540E-07   8.4888548517E-03   7.2387127796E-01  -4.7185519613E-06  -1.1281281644E-01
    8     -5.7287420409E-02  -1.4830853341E-06  -4.7185519613E-06   1.2730576499E-01   1.2701710198E-06
    9      1.0174907683E-07  -2.8207196464E-01  -1.1281281644E-01   1.2701710198E-06   7.1055462649E-01
   10      9.8583111688E-07  -5.6568467544E-02  -1.7028055913E-01   4.1955896717E-07  -3.9185827354E-02
   11      3.0582915280E-03   1.1403387019E-06   1.0433476252E-06  -5.4199373306E-02  -1.6879824404E-06
   12      4.8674955785E-07   2.4148279784E-02  -3.0232571056E-02  -6.5829457625E-08  -1.2371411085E-01
   13     -2.6341495445E-07  -7.4055465506E-02  -2.9919707128E-02   8.0716257985E-07   2.3356268262E-02
   14     -1.0849807162E-03   6.1064403583E-07   3.0112322073E-07   4.2879103825E-03  -3.5105733869E-07
   15      8.0750073193E-07  -5.6932373792E-02  -3.4048379760E-03   4.5484292204E-07   2.6624634014E-02
   16     -2.9003797508E-07   3.5306067335E-03  -1.4846348099E-03  -6.2012576128E-08   2.7798569731E-02
   17      4.8783996755E-03   7.5909847491E-08  -3.9479063819E-08  -2.8198676409E-03   6.3025080562E-08
   18      7.2165925621E-07   3.1589572758E-02   3.2881848661E-02  -7.3546554154E-07  -1.2741036566E-02
   19      1.2258521279E-06   7.6908974233E-02  -2.6456303110E-02  -9.7482835452E-07  -3.1173095320E-02
   20     -7.0987322633E-02  -9.1602151865E-07  -9.1562364684E-08   7.0435206403E-04   9.5795281700E-07
   21     -1.3771852123E-06   1.0494023725E-03  -4.0197380454E-03   1.7153917402E-07  -3.8997821746E-03
   22      1.7778409060E-07  -9.9460416741E-03  -4.8199425592E-03   5.0163697955E-07   4.9680601415E-03
   23      7.1632672857E-03   4.5814662726E-07  -7.8025985619E-08   4.8591721779E-03  -3.7272211823E-07
   24      8.6254857709E-06   1.9442007855E-03  -1.6005256174E-03  -2.0047742535E-07   2.1984707018E-05
   25      3.1206935167E-06   3.0483294056E-03   1.1783947951E-03  -6.2356108193E-07  -5.6487609011E-04
   26     -1.9415981194E-03  -4.7742482684E-07  -2.4112942373E-08  -1.3086715553E-04   1.2452344799E-07
   27      2.2221728051E-02  -1.4409134653E-03  -3.0813583805E-03   6.1963213869E-04  -9.3331125573E-04
   28      1.3772472200E-02  -3.2255531864E-04  -9.1249602906E-04   1.3820411813E-04  -1.6699646709E-04
   29      2.9359280371E-03  -8.8441964882E-04   2.1616275692E-04  -3.4447138742E-04  -6.6351043671E-05
   30     -2.2231448218E-02  -1.4385067236E-03  -3.0797798799E-03  -6.1848731062E-04  -9.3306392967E-04
   31     -1.3775470986E-02  -3.1984723378E-04  -9.1135797088E-04  -1.3896384848E-04  -1.6740058732E-04
   32      2.9387354806E-03   8.8466234790E-04  -2.1641919269E-04  -3.4433175909E-04   6.5492047214E-05
   33     -2.2701374175E-07  -5.7467925872E-02  -6.5377072363E-03   3.8303676978E-07   4.1059611084E-03
   34      4.5825638552E-07  -5.3799478991E-03  -3.2732081606E-01   2.8099768279E-06   2.2804749112E-03
   35      3.2886826515E-03   1.8279704425E-07   2.8625025240E-06  -3.4389287680E-02  -2.4507018555E-07
   36     -2.3451889803E-07  -1.9239326364E-02   1.7228504652E-02  -2.3552465407E-08  -2.5844290508E-01
   37      1.2513623466E-07  -1.4003173080E-02   1.1202133122E-02  -5.8514268894E-08   1.2322747493E-01
   38      7.0917812840E-03   7.9390698287E-08  -1.0112228674E-07  -1.8088072302E-04  -4.6308183939E-08
   39     -2.8461486297E-07   1.9672988379E-03  -4.4484107993E-05   1.3042899087E-07   2.5988610901E-03
   40     -1.3240178184E-07   1.2812459046E-03  -6.1604435778E-03   1.2208752088E-07  -2.9480865645E-02
   41     -1.4488622479E-03  -1.5893323087E-08   3.3858727110E-08   7.6151575911E-03   3.8732734786E-08
   42     -1.2600257645E-07  -1.5939687239E-03   1.6260927324E-04   2.6742199680E-08  -4.6273902246E-03
   43      1.6699421870E-08  -1.7761413597E-04   8.7311667807E-04   7.6469084675E-08   3.8421965757E-03
   44      5.8199260844E-03  -2.1726032719E-08   4.2040598682E-08  -8.1045406286E-04   5.0797627293E-08
   45      4.8181845365E-08   1.3665367498E-03   1.2213905790E-03  -8.5324111855E-08  -1.6251272953E-04
   46      5.5341192119E-07  -7.6693868118E-04  -1.5917147666E-03   3.4246376258E-09  -3.8438996436E-04
   47      2.2335653885E-03  -2.2139722235E-07   1.1033743973E-07   1.5988420509E-03   1.4947472706E-07
                   10                 11                 12                 13                 14        
    0      3.5469822347E-03  -2.5653118240E-07  -1.8975188731E-03  -4.8682317477E-04   1.2397499818E-07
    1     -1.2860108952E-03   1.3495909596E-06   1.1840372326E-03  -7.1099097093E-04   1.0918223127E-07
    2      4.9289525329E-07   8.5872893470E-03  -1.3759395457E-06  -1.9001589791E-07  -1.1798183144E-03
    3     -1.5415630138E-02  -8.9124342415E-08  -9.4420800484E-03   2.6366261819E-02  -1.8097335981E-07
    4      5.8488783346E-02  -5.7480843334E-07   2.4160033351E-02  -4.7927337181E-02  -2.2447960724E-08
    5      9.8583111688E-07   3.0582915280E-03   4.8674955785E-07  -2.6341495445E-07  -1.0849807162E-03
    6     -5.6568467544E-02   1.1403387019E-06   2.4148279784E-02  -7.4055465506E-02   6.1064403583E-07
    7     -1.7028055913E-01   1.0433476252E-06  -3.0232571056E-02  -2.9919707128E-02   3.0112322073E-07
    8      4.1955896717E-07  -5.4199373306E-02  -6.5829457625E-08   8.0716257985E-07   4.2879103825E-03
    9     -3.9185827354E-02  -1.6879824404E-06  -1.2371411085E-01   2.3356268262E-02  -3.5105733869E-07
   10      6.8106448543E-01  -2.7876984765E-06  -3.2390485535E-02  -3.3479945796E-01   3.9803103682E-07
   11     -2.7876984765E-06   1.1462215753E-01   8.6806223386E-08   8.3690945859E-07  -5.3100606741E-02
   12     -3.2390485535E-02   8.6806223386E-08   7.1311509388E-01   3.3815484958E-02  -1.0854248026E-06
   13     -3.3479945796E-01   8.3690945859E-07   3.3815484958E-02   6.7927548735E-01  -1.4102885509E-06
   14      3.9803103682E-07  -5.3100606741E-02  -1.0854248026E-06  -1.4102885509E-06   1.1915711782E-01
   15      7.0012299151E-02  -4.0289132943E-07  -2.7888732295E-01   6.6450204343E-02   5.2632520449E-07
   16     -3.2697466113E-02   2.9606554630E-08   1.2144998018E-01  -1.7871564177E-01   7.7797641149E-08
   17      1.6714176554E-07   4.3551247838E-03   8.8177225090E-08   1.2212440312E-07  -4.8579850199E-02
   18     -3.1967280273E-02   2.5645288330E-07  -6.0603115194E-02   2.5678363627E-02  -2.0243271330E-07
   19     -5.0429026726E-02   5.5061535942E-07  -2.1653100359E-02   6.7394566472E-02  -3.5550659131E-07
   20      8.8642355633E-07  -1.9523474441E-03   3.3192875798E-07  -5.9683675982E-07  -1.6912084666E-03
   21      3.9720330815E-03  -1.1840836332E-08   1.0175855402E-03  -8.3059409720E-03   2.3975463988E-08
   22      2.8932980743E-03  -1.1840554533E-07  -2.3659174582E-04  -5.6472205683E-03  -1.9104950578E-08
   23     -3.3313030298E-07  -1.5363419701E-03  -1.8090601166E-07   4.2902893712E-07   7.6654156142E-03
   24     -5.5570882075E-05   3.8312870559E-08   1.2843184485E-05   1.4649125199E-04   1.6002833590E-07
   25      6.8375396513E-05  -4.9912041579E-07   4.6215587574E-05   4.3750778303E-04   3.1094088541E-09
   26     -7.8807678247E-08  -2.4782893843E-04   4.1684487794E-07  -2.5568455822E-07   6.9471988741E-05
   27     -6.2200198790E-05  -1.6130074331E-03  -2.7085888998E-04   2.0318470838E-04   2.1378128146E-04
   28     -1.2195457892E-04  -4.1979253875E-04  -6.8416942283E-04   2.3054517559E-04   1.6604131427E-04
   29      2.3686044422E-04  -2.7811972483E-04   8.2362541106E-05  -1.2720165814E-04  -3.5066361994E-05
   30     -6.2950124759E-05   1.6136501637E-03  -2.7102772978E-04   2.0305586618E-04  -2.1384861154E-04
   31     -1.2319709773E-04   4.1945275716E-04  -6.8452576628E-04   2.3121838697E-04  -1.6598493692E-04
   32     -2.3738052291E-04  -2.7817639966E-04  -8.1987259275E-05   1.2756027397E-04  -3.5050573940E-05
   33     -2.8384356982E-02   1.1150890362E-07  -4.8777921964E-03  -2.4922828747E-03   2.6501427234E-08
   34     -1.1810086185E-02  -1.1868106309E-07  -3.6276830964E-03   7.8665299595E-04   1.5145816240E-07
   35      6.0627367984E-08   1.7275613245E-03   8.1082792425E-08   1.2905662997E-07   6.8388994868E-03
   36      1.2326641053E-01  -1.1941302733E-08   3.7421558443E-03  -2.2637639108E-03  -5.5116197347E-08
   37     -1.3343909355E-01   2.3910365440E-07   2.8888243755E-02  -1.1598070137E-02   8.2241404760E-08
   38      4.5230045858E-07  -2.9113436774E-02  -8.5324825716E-08  -5.8801164199E-08  -1.7781123409E-04
   39      1.3522582182E-03  -4.8751919235E-08  -2.6715106076E-01  -1.1679813627E-01   6.6092788196E-07
   40     -9.4413061906E-03  -1.1419066373E-08  -1.1718153540E-01  -1.2385150913E-01   4.0718231500E-07
   41      1.3393717838E-07   1.1907203120E-03   6.9641300849E-07   2.4518437779E-07  -3.1631550506E-02
   42      2.5073271048E-03  -6.8160059550E-09   5.7225079780E-03   2.8173987070E-02  -5.9082376513E-08
   43      1.0377562041E-03  -9.4584545105E-08  -2.7961478484E-03  -1.3714981583E-02   1.1915554921E-07
   44      7.2345758559E-08   7.0691915686E-03   4.6226292905E-08  -6.0290076357E-08   5.3132044399E-05
   45     -5.7800640763E-04   6.5594330390E-08  -6.4357872977E-04   3.1679953950E-05  -3.1150274446E-08
   46      8.7545997165E-04   6.8221189326E-09  -7.9753987554E-05  -1.4710617370E-03   1.7409001376E-07
   47      1.3912609656E-07   9.5894903492E-05   8.4103872685E-08  -1.6515054251E-07  -5.5600422811E-04
                   15                 16                 17                 18                 19        
    0      2.6581916002E-03   3.3932451982E-03   3.2578734904E-09  -1.9654820467E-03  -1.2757745034E-02
    1      1.5156675330E-03  -5.7363805329E-03  -2.9418630964E-07  -3.0763490827E-02  -1.8748336635E-02
    2      1.5115565488E-06   1.1538258197E-06   5.4289348597E-03  -1.3700413698E-06   1.0505946922E-06
    3      2.4845703176E-02  -2.9234277873E-02   1.2909395470E-07  -1.1958520324E-01  -5.4374778106E-02
    4     -6.6234544665E-02  -1.9571816721E-02   3.4395253573E-07   9.9817211631E-03  -2.8702313428E-01
    5      8.0750073193E-07  -2.9003797508E-07   4.8783996755E-03   7.2165925621E-07   1.2258521279E-06
    6     -5.6932373792E-02   3.5306067335E-03   7.5909847491E-08   3.1589572758E-02   7.6908974233E-02
    7     -3.4048379760E-03  -1.4846348099E-03  -3.9479063819E-08   3.2881848661E-02  -2.6456303110E-02
    8      4.5484292204E-07  -6.2012576128E-08  -2.8198676409E-03  -7.3546554154E-07  -9.7482835452E-07
    9      2.6624634014E-02   2.7798569731E-02   6.3025080562E-08  -1.2741036566E-02  -3.1173095320E-02
   10      7.0012299151E-02  -3.2697466113E-02   1.6714176554E-07  -3.1967280273E-02  -5.0429026726E-02
   11     -4.0289132943E-07   2.9606554630E-08   4.3551247838E-03   2.5645288330E-07   5.5061535942E-07
   12     -2.7888732295E-01   1.2144998018E-01   8.8177225090E-08  -6.0603115194E-02  -2.1653100359E-02
   13      6.6450204343E-02  -1.7871564177E-01   1.2212440312E-07   2.5678363627E-02   6.7394566472E-02
   14      5.2632520449E-07   7.7797641149E-08  -4.8579850199E-02  -2.0243271330E-07  -3.5550659131E-07
   15      6.6869868180E-01  -1.2182255400E-02  -2.3628779777E-07  -2.5902612714E-01  -5.2007309899E-02
   16     -1.2182255400E-02   7.2469271652E-01  -1.2157714550E-06  -1.2329757501E-01  -1.8662706117E-01
   17     -2.3628779777E-07  -1.2157714550E-06   1.0997970045E-01   1.1973670219E-07   1.7579192521E-07
   18     -2.5902612714E-01  -1.2329757501E-01   1.1973670219E-07   6.7468604786E-01   2.5075697584E-02
   19     -5.2007309899E-02  -1.8662706117E-01   1.7579192521E-07   2.5075697584E-02   6.9075711876E-01
   20     -1.1923597014E-06   4.4408790723E-08  -5.8253462619E-02   1.5671259438E-06  -1.7151870925E-06
   21     -5.3214809745E-02   2.9893257802E-02  -7.0599957933E-07  -2.4230072591E-01   4.2369956276E-02
   22     -8.9555767407E-03   1.1347647941E-02   3.2507686552E-07   9.1376081062E-02  -1.4236394638E-01
   23      1.6209399890E-07   6.9283467191E-08   7.6553256835E-03  -1.7079150940E-06  -6.1731593534E-08
   24      8.2319857456E-04  -1.5141063775E-03  -5.4082424621E-07  -6.5313063618E-03  -9.9245819910E-04
   25      6.3610381201E-04  -8.9571184944E-04  -1.5520701266E-07  -2.3077076762E-03  -1.5805534487E-04
   26     -4.3398963153E-07  -1.5421809434E-07   3.3316483349E-04   1.3669871094E-07  -8.6801715886E-08
   27     -1.3529447028E-04   2.5026522988E-04  -7.8853850149E-04  -1.1706039159E-03   2.3416834334E-03
   28      8.9294223704E-04   5.2650269070E-04  -8.0107634780E-04  -2.3885076951E-03  -1.6174335484E-04
   29     -2.2343221577E-04   1.1065134592E-04  -2.1327958087E-04   1.7012946468E-03  -1.2976731285E-03
   30     -1.3561555764E-04   2.5025351221E-04   7.8912534335E-04  -1.1707993914E-03   2.3415082319E-03
   31      8.9343010283E-04   5.2631347167E-04   8.0123898390E-04  -2.3897081531E-03  -1.6237217275E-04
   32      2.2291217834E-04  -1.1093799836E-04  -2.1341109295E-04  -1.6999731391E-03   1.2978064618E-03
   33     -1.2115769494E-03   3.1905984121E-04  -1.6615154854E-08  -4.2582697864E-03   1.6102929547E-03
   34      2.2534808784E-04   8.1143401458E-04  -1.2054808128E-08   2.7791012334E-03   1.1687403771E-03
   35      1.0711613149E-07  -7.9499805752E-09  -9.3004027326E-04  -1.1416079598E-07  -2.1183362318E-07
   36      1.8849440440E-03  -5.1511788583E-04  -1.9309682803E-08   6.7191813107E-05  -1.2315792230E-03
   37     -1.5897742941E-03  -5.4932032311E-03   3.7034448437E-08  -1.0681834478E-03  -1.1763862281E-03
   38     -1.0948019720E-07   2.5789536880E-08   7.4727365420E-03   1.4502760532E-07   1.1039386871E-07
   39     -1.9503307405E-02  -1.5336142155E-02  -1.1226659282E-08  -1.7315517183E-03   4.4344133464E-03
   40      1.5328497990E-02   1.0958779860E-02  -1.0583654665E-07   3.1000966604E-03  -1.1088910013E-03
   41     -1.9811529023E-08   8.0256168947E-08   4.6469078401E-04  -2.7304784213E-09  -3.1130691899E-09
   42     -5.8095582706E-02  -7.3838358933E-03  -2.4868328465E-08   2.5156052203E-03  -2.6549326376E-02
   43     -7.1237102917E-03  -3.2384912367E-01   5.0585756251E-07   6.0393295878E-03  -1.5834157550E-02
   44     -1.0471142319E-07   5.4397556871E-07  -2.8489430850E-02   1.0241719097E-07   1.5549151487E-07
   45      1.6066575046E-03   2.7828484004E-03   4.1739127969E-08   2.2258036248E-03   4.5683311905E-02
   46     -4.6612600231E-03   6.2076453686E-03  -5.9458915758E-08  -2.7562319425E-03  -2.9071011664E-02
   47     -1.0251671513E-07   3.4077489060E-08  -1.0687353592E-03  -5.0134034748E-09   6.4087553773E-07
                   20                 21                 22                 23                 24        
    0      6.1131636702E-07  -4.8300005124E-05   3.5934809822E-03   7.3512337984E-07  -5.1194390691E-02
    1     -1.0884818557E-06  -3.8456997565E-03   8.4301964384E-04  -5.6212776969E-08   3.7391385083E-02
    2      4.5421610407E-03   1.5760149907E-06   5.8623941292E-07  -4.1912649344E-03  -9.2033084455E-06
    3     -4.4416323193E-07  -6.2401177175E-03   5.1871440946E-02  -6.9214749726E-07   2.7521812596E-03
    4      5.6093104831E-07   1.6862944808E-02  -3.8403895862E-02   7.2804115317E-07  -3.1450134994E-02
    5     -7.0987322633E-02  -1.3771852123E-06   1.7778409060E-07   7.1632672857E-03   8.6254857709E-06
    6     -9.1602151865E-07   1.0494023725E-03  -9.9460416741E-03   4.5814662726E-07   1.9442007855E-03
    7     -9.1562364684E-08  -4.0197380454E-03  -4.8199425592E-03  -7.8025985619E-08  -1.6005256174E-03
    8      7.0435206403E-04   1.7153917402E-07   5.0163697955E-07   4.8591721779E-03  -2.0047742535E-07
    9      9.5795281700E-07  -3.8997821746E-03   4.9680601415E-03  -3.7272211823E-07   2.1984707018E-05
   10      8.8642355633E-07   3.9720330815E-03   2.8932980743E-03  -3.3313030298E-07  -5.5570882075E-05
   11     -1.9523474441E-03  -1.1840836332E-08  -1.1840554533E-07  -1.5363419701E-03   3.8312870559E-08
   12      3.3192875798E-07   1.0175855402E-03  -2.3659174582E-04  -1.8090601166E-07   1.2843184485E-05
   13     -5.9683675982E-07  -8.3059409720E-03  -5.6472205683E-03   4.2902893712E-07   1.4649125199E-04
   14     -1.6912084666E-03   2.3975463988E-08  -1.9104950578E-08   7.6654156142E-03   1.6002833590E-07
   15     -1.1923597014E-06  -5.3214809745E-02  -8.9555767407E-03   1.6209399890E-07   8.2319857456E-04
   16      4.4408790723E-08   2.9893257802E-02   1.1347647941E-02   6.9283467191E-08  -1.5141063775E-03
   17     -5.8253462619E-02  -7.0599957933E-07   3.2507686552E-07   7.6553256835E-03  -5.4082424621E-07
   18      1.5671259438E-06  -2.4230072591E-01   9.1376081062E-02  -1.7079150940E-06  -6.5313063618E-03
   19     -1.7151870925E-06   4.2369956276E-02  -1.4236394638E-01  -6.1731593534E-08  -9.9245819910E-04
   20      1.5076505321E-01  -1.7597729680E-06   1.2125599129E-06  -4.0783452878E-02   1.6220511134E-07
   21     -1.7597729680E-06   3.5954375328E-01  -1.4183349574E-02   4.1463189516E-06   4.5152375988E-04
   22      1.2125599129E-06  -1.4183349574E-02   6.6123674407E-01   3.5927643005E-06   9.4078803764E-04
   23     -4.0783452878E-02   4.1463189516E-06   3.5927643005E-06   2.8044440904E-02   1.9642136142E-07
   24      1.6220511134E-07   4.5152375988E-04   9.4078803764E-04   1.9642136142E-07   5.7542818190E-02
   25      6.9243215124E-07  -5.6081291003E-04   3.0563939442E-04   1.4030937626E-08  -3.5689667642E-02
   26      1.2474416369E-03  -2.1194306912E-07  -5.0557023851E-07   1.0515274896E-04   1.1427152567E-05
   27     -5.9435263928E-04   1.5953993156E-03  -1.0606657333E-03   3.6521254752E-04  -2.5477437377E-03
   28      8.2533034997E-05   9.4408678105E-04  -3.4626653052E-04   6.3815016571E-04   1.6053514846E-02
   29      1.0643924953E-03  -1.0277410941E-03   2.6228557501E-04  -9.3503633736E-05  -2.1571563505E-03
   30      5.9415600000E-04   1.5950924781E-03  -1.0611396169E-03  -3.6585417156E-04  -2.5478100539E-03
   31     -8.1801896115E-05   9.4494403132E-04  -3.4383402519E-04  -6.3719139631E-04   1.6046827356E-02
   32      1.0639755860E-03   1.0270713853E-03  -2.6220023743E-04  -9.3067848180E-05   2.1466019109E-03
   33     -3.1723702692E-09   8.2112453818E-05   1.8634214666E-03  -5.5139152229E-09  -5.2191424263E-04
   34     -2.3899524916E-07   9.4621026754E-05  -1.2120224368E-03  -1.4336954565E-08   8.8407949021E-04
   35      7.4826697533E-03   1.2838920092E-08   1.0747909267E-08   1.0002536519E-04   5.0243608080E-08
   36      1.4046843347E-07   1.1963358273E-04   1.3309607841E-04   3.1648422002E-09   8.3120777801E-05
   37     -1.0680367700E-07   1.6781034621E-04   3.9904316561E-04  -1.5866180082E-08   3.7466817866E-05
   38     -9.5623651371E-04  -6.1477984540E-08  -1.8852109674E-08  -8.4547932037E-04  -4.5457173120E-08
   39      1.4760375034E-08  -2.0740256137E-03  -5.3260349789E-04  -1.6393849556E-09  -9.4472460528E-06
   40     -5.8576850930E-08   1.1784380127E-03   3.4457561461E-04   2.0080340476E-08   6.6471124141E-05
   41      7.8535408101E-03   4.0683386692E-08  -4.5604518255E-08   2.3449181135E-04  -3.2993488400E-08
   42      4.6873400988E-08   3.4619969144E-03  -1.3264912925E-03   1.3244875637E-08  -4.5417892780E-04
   43     -1.9447730243E-07  -7.3941113493E-05   3.5541305816E-03   4.8286823635E-09  -3.1177812682E-04
   44      2.7077579928E-03   3.0666574742E-08  -1.0011023993E-08  -3.8466858815E-03  -2.4994492876E-08
   45      4.4663123936E-07  -6.1138738529E-02  -1.1757518757E-01  -1.9652730645E-06   1.7492002262E-04
   46     -6.7091940869E-07  -6.5307331061E-02  -4.8778697012E-01  -4.9025379246E-06   3.3614510683E-05
   47     -2.8073140306E-03  -1.3508818930E-06  -6.1295841609E-06  -4.4374951244E-03  -3.4657066018E-08
                   25                 26                 27                 28                 29        
    0      3.3852983981E-02  -7.8009035055E-06  -1.1393323462E-01   3.4292857412E-02   1.1130263890E-01
    1     -3.0565932761E-01   7.6697997368E-05   3.6166902332E-02  -6.3988276800E-02  -5.5551842686E-02
    2      7.4862393536E-05  -4.6466671207E-02   1.1260561673E-01  -5.5382826793E-02  -2.1168246938E-01
    3      1.8652126399E-03  -1.5237265458E-06  -2.0264721975E-02  -7.0404265248E-03  -5.3789539107E-04
    4     -1.6075987753E-02  -2.8695906728E-06   6.4385837060E-03   4.4769684471E-03   2.0969153798E-03
    5      3.1206935167E-06  -1.9415981194E-03   2.2221728051E-02   1.3772472200E-02   2.9359280371E-03
    6      3.0483294056E-03  -4.7742482684E-07  -1.4409134653E-03  -3.2255531864E-04  -8.8441964882E-04
    7      1.1783947951E-03  -2.4112942373E-08  -3.0813583805E-03  -9.1249602906E-04   2.1616275692E-04
    8     -6.2356108193E-07  -1.3086715553E-04   6.1963213869E-04   1.3820411813E-04  -3.4447138742E-04
    9     -5.6487609011E-04   1.2452344799E-07  -9.3331125573E-04  -1.6699646709E-04  -6.6351043671E-05
   10      6.8375396513E-05  -7.8807678247E-08  -6.2200198790E-05  -1.2195457892E-04   2.3686044422E-04
   11     -4.9912041579E-07  -2.4782893843E-04  -1.6130074331E-03  -4.1979253875E-04  -2.7811972483E-04
   12      4.6215587574E-05   4.1684487794E-07  -2.7085888998E-04  -6.8416942283E-04   8.2362541106E-05
   13      4.3750778303E-04  -2.5568455822E-07   2.0318470838E-04   2.3054517559E-04  -1.2720165814E-04
   14      3.1094088541E-09   6.9471988741E-05   2.1378128146E-04   1.6604131427E-04  -3.5066361994E-05
   15      6.3610381201E-04  -4.3398963153E-07  -1.3529447028E-04   8.9294223704E-04  -2.2343221577E-04
   16     -8.9571184944E-04  -1.5421809434E-07   2.5026522988E-04   5.2650269070E-04   1.1065134592E-04
   17     -1.5520701266E-07   3.3316483349E-04  -7.8853850149E-04  -8.0107634780E-04  -2.1327958087E-04
   18     -2.3077076762E-03   1.3669871094E-07  -1.1706039159E-03  -2.3885076951E-03   1.7012946468E-03
   19     -1.5805534487E-04  -8.6801715886E-08   2.3416834334E-03  -1.6174335484E-04  -1.2976731285E-03
   20      6.9243215124E-07   1.2474416369E-03  -5.9435263928E-04   8.2533034997E-05   1.0643924953E-03
   21     -5.6081291003E-04  -2.1194306912E-07   1.5953993156E-03   9.4408678105E-04  -1.0277410941E-03
   22      3.0563939442E-04  -5.0557023851E-07  -1.0606657333E-03  -3.4626653052E-04   2.6228557501E-04
   23      1.4030937626E-08   1.0515274896E-04   3.6521254752E-04   6.3815016571E-04  -9.3503633736E-05
   24     -3.5689667642E-02   1.1427152567E-05  -2.5477437377E-03   1.6053514846E-02  -2.1571563505E-03
   25      3.3298256620E-01  -8.2605807018E-05   5.0126320605E-04  -6.4651688683E-03   8.9443814088E-04
   26     -8.2605807018E-05   4.4593425716E-02   2.1686424368E-03  -2.5942298404E-02   1.1127085297E-03
   27      5.0126320605E-04   2.1686424368E-03   1.3016976221E-01  -3.6952460571E-02  -1.2197176889E-01
   28     -6.4651688683E-03  -2.5942298404E-02  -3.6952460571E-02   6.5115755159E-02   6.0661166664E-02
   29      8.9443814088E-04   1.1127085297E-03  -1.2197176889E-01   6.0661166664E-02   2.2927484998E-01
   30      5.0080890279E-04  -2.1706243941E-03   9.0283735901E-03  -4.5310693264E-03   1.4031480395E-02
   31     -6.4523438500E-03   2.5951961017E-02  -4.5363892704E-03   1.4287959379E-03  -7.5122478786E-03
   32     -8.8987333475E-04   1.0988244473E-03  -1.4019411823E-02   7.4981448055E-03  -2.1877340264E-02
   33     -8.1214592416E-04   3.9888924808E-07   3.0557560760E-05  -1.5115605662E-04  -2.8803784861E-05
   34      7.2994566986E-04   3.4847787115E-08  -7.5167596188E-05   2.4577984141E-04   3.9752126817E-05
   35      4.7241933006E-07   2.8796853740E-04   7.5640808301E-04  -8.3456623904E-05   7.7892456161E-05
   36     -4.9458158702E-05   4.6073974895E-08  -3.0293768842E-04  -1.0384548952E-04  -6.4255685131E-06
   37     -4.1096743059E-06   1.7684316825E-08  -1.1570060406E-04  -4.2722217909E-05   1.0510944797E-05
   38      3.4044127444E-08  -4.5287619520E-05  -8.8398450456E-05  -7.4950098081E-05   3.9767567109E-05
   39     -2.8881440534E-05   7.1070761995E-08  -3.2378548320E-06   2.5885936181E-05  -9.0704769480E-06
   40      7.7700244574E-05   2.6781881442E-08  -3.2430560395E-05   2.2093198481E-05   6.6237392572E-06
   41      9.7958755615E-08   3.5388558679E-05   1.5662242041E-04   2.3709712649E-05   5.2229148424E-05
   42     -2.6570080435E-04  -4.5685391250E-08   4.5050093196E-05   5.0491169307E-05   3.9442619431E-05
   43     -1.4125612866E-04   1.0369453840E-07  -7.0112072992E-05  -4.0973843044E-05   5.7853800199E-05
   44     -1.4565608792E-08  -1.8360493055E-04   5.1023047276E-05   4.6028162684E-05  -9.2644036272E-07
   45     -1.5806356726E-04  -1.6832099886E-07   1.3371511161E-04   6.1225944609E-05  -2.5632084621E-04
   46      7.1831589704E-05   1.3701944710E-08   1.0478491754E-04   3.3161772313E-05  -1.3748779833E-04
   47      5.9644958009E-08   1.3231097276E-04  -7.1022792604E-05  -2.8881714155E-04  -3.2591446149E-05
                   30                 31                 32                 33                 34        
    0     -1.1385881219E-01   3.4212647164E-02  -1.1128557771E-01   1.7215311062E-03  -1.8591817300E-03
    1      3.6088830340E-02  -6.3924663991E-02   5.5481174076E-02   1.9605366930E-03   7.8006714416E-04
    2     -1.1259257083E-01   5.5308481927E-02  -2.1180790375E-01  -5.8295078449E-07   8.6457006096E-08
    3     -2.0259851471E-02  -7.0380164356E-03   5.3367636186E-04   2.7863845599E-03  -2.2469377042E-03
    4      6.4241711471E-03   4.4681226041E-03  -2.0966120807E-03   2.6710511777E-02  -1.5310328533E-02
    5     -2.2231448218E-02  -1.3775470986E-02   2.9387354806E-03  -2.2701374175E-07   4.5825638552E-07
    6     -1.4385067236E-03  -3.1984723378E-04   8.8466234790E-04  -5.7467925872E-02  -5.3799478991E-03
    7     -3.0797798799E-03  -9.1135797088E-04  -2.1641919269E-04  -6.5377072363E-03  -3.2732081606E-01
    8     -6.1848731062E-04  -1.3896384848E-04  -3.4433175909E-04   3.8303676978E-07   2.8099768279E-06
    9     -9.3306392967E-04  -1.6740058732E-04   6.5492047214E-05   4.1059611084E-03   2.2804749112E-03
   10     -6.2950124759E-05  -1.2319709773E-04  -2.3738052291E-04  -2.8384356982E-02  -1.1810086185E-02
   11      1.6136501637E-03   4.1945275716E-04  -2.7817639966E-04   1.1150890362E-07  -1.1868106309E-07
   12     -2.7102772978E-04  -6.8452576628E-04  -8.1987259275E-05  -4.8777921964E-03  -3.6276830964E-03
   13      2.0305586618E-04   2.3121838697E-04   1.2756027397E-04  -2.4922828747E-03   7.8665299595E-04
   14     -2.1384861154E-04  -1.6598493692E-04  -3.5050573940E-05   2.6501427234E-08   1.5145816240E-07
   15     -1.3561555764E-04   8.9343010283E-04   2.2291217834E-04  -1.2115769494E-03   2.2534808784E-04
   16      2.5025351221E-04   5.2631347167E-04  -1.1093799836E-04   3.1905984121E-04   8.1143401458E-04
   17      7.8912534335E-04   8.0123898390E-04  -2.1341109295E-04  -1.6615154854E-08  -1.2054808128E-08
   18     -1.1707993914E-03  -2.3897081531E-03  -1.6999731391E-03  -4.2582697864E-03   2.7791012334E-03
   19      2.3415082319E-03  -1.6237217275E-04   1.2978064618E-03   1.6102929547E-03   1.1687403771E-03
   20      5.9415600000E-04  -8.1801896115E-05   1.0639755860E-03  -3.1723702692E-09  -2.3899524916E-07
   21      1.5950924781E-03   9.4494403132E-04   1.0270713853E-03   8.2112453818E-05   9.4621026754E-05
   22     -1.0611396169E-03  -3.4383402519E-04  -2.6220023743E-04   1.8634214666E-03  -1.2120224368E-03
   23     -3.6585417156E-04  -6.3719139631E-04  -9.3067848180E-05  -5.5139152229E-09  -1.4336954565E-08
   24     -2.5478100539E-03   1.6046827356E-02   2.1466019109E-03  -5.2191424263E-04   8.8407949021E-04
   25      5.0080890279E-04  -6.4523438500E-03  -8.8987333475E-04  -8.1214592416E-04   7.2994566986E-04
   26     -2.1706243941E-03   2.5951961017E-02   1.0988244473E-03   3.9888924808E-07   3.4847787115E-08
   27      9.0283735901E-03  -4.5363892704E-03  -1.4019411823E-02   3.0557560760E-05  -7.5167596188E-05
   28     -4.5310693264E-03   1.4287959379E-03   7.4981448055E-03  -1.5115605662E-04   2.4577984141E-04
   29      1.4031480395E-02  -7.5122478786E-03  -2.1877340264E-02  -2.8803784861E-05   3.9752126817E-05
   30      1.3008935145E-01  -3.6865222659E-02   1.2195768354E-01   3.0330685376E-05  -7.4872115980E-05
   31     -3.6865222659E-02   6.5046089305E-02  -6.0580210948E-02  -1.5090483767E-04   2.4562429311E-04
   32      1.2195768354E-01  -6.0580210948E-02   2.2941171654E-01   2.8870783306E-05  -3.9999557156E-05
   33      3.0330685376E-05  -1.5090483767E-04   2.8870783306E-05   5.8969314202E-02   6.8232703384E-03
   34     -7.4872115980E-05   2.4562429311E-04  -3.9999557156E-05   6.8232703384E-03   3.5101127102E-01
   35     -7.5683714651E-04   8.3577035985E-05   7.7671128563E-05  -1.9736658661E-07  -2.9375093706E-06
   36     -3.0274502780E-04  -1.0373175286E-04   6.3680117398E-06   9.5000803347E-04  -1.9376542160E-04
   37     -1.1558152271E-04  -4.2691538648E-05  -1.0519867808E-05   4.4378804014E-04   7.8426761633E-04
   38      8.8340513665E-05   7.5009403769E-05   3.9786090759E-05  -2.7697402140E-09  -7.0419144148E-08
   39     -3.2546925827E-06   2.5871022729E-05   9.0354646865E-06  -3.3090840917E-05   1.2302407089E-04
   40     -3.2388421046E-05   2.2103587231E-05  -6.6438961031E-06  -1.5603054697E-03  -7.6508987199E-04
   41     -1.5674000689E-04  -2.3660278413E-05   5.2186687801E-05   2.1442519414E-08   4.2267965959E-08
   42      4.4976037295E-05   5.0439396287E-05  -3.9463140666E-05   9.6702312941E-05   1.1962251788E-05
   43     -7.0115393230E-05  -4.1058259110E-05  -5.7841443405E-05  -4.0377933942E-05  -8.5477497028E-05
   44     -5.1015042818E-05  -4.6087021626E-05  -9.1486370572E-07   2.5857423582E-09  -8.3755788769E-09
   45      1.3336251897E-04   6.1378074046E-05   2.5606283223E-04  -4.0233213527E-04   2.4168744045E-04
   46      1.0470060808E-04   3.3251319731E-05   1.3729298269E-04   3.9234291688E-04  -5.9962390589E-05
   47      7.0965983567E-05   2.8855854533E-04  -3.2699408853E-05  -2.6233120181E-08  -1.7789260618E-08
                   35                 36                 37                 38                 39        
    0     -4.3536129524E-09  -7.6574013710E-04  -3.9964389183E-04  -5.5371588043E-08   1.8811563604E-04
    1     -9.4873256229E-07   9.9143970153E-04   4.9901959954E-04  -1.2821062741E-07  -1.3047605990E-05
    2     -4.6722465100E-03  -4.3311338009E-08   5.6697799722E-08   3.8688769170E-04  -3.3666755254E-07
    3      6.0128588878E-07  -2.6396595985E-03  -3.2021219439E-03   1.5905102887E-07   8.6194011875E-05
    4      4.9642484797E-07  -4.1444789919E-03  -6.5084477270E-04   9.1899553022E-08   7.0516244543E-04
    5      3.2886826515E-03  -2.3451889803E-07   1.2513623466E-07   7.0917812840E-03  -2.8461486297E-07
    6      1.8279704425E-07  -1.9239326364E-02  -1.4003173080E-02   7.9390698287E-08   1.9672988379E-03
    7      2.8625025240E-06   1.7228504652E-02   1.1202133122E-02  -1.0112228674E-07  -4.4484107993E-05
    8     -3.4389287680E-02  -2.3552465407E-08  -5.8514268894E-08  -1.8088072302E-04   1.3042899087E-07
    9     -2.4507018555E-07  -2.5844290508E-01   1.2322747493E-01  -4.6308183939E-08   2.5988610901E-03
   10      6.0627367984E-08   1.2326641053E-01  -1.3343909355E-01   4.5230045858E-07   1.3522582182E-03
   11      1.7275613245E-03  -1.1941302733E-08   2.3910365440E-07  -2.9113436774E-02  -4.8751919235E-08
   12      8.1082792425E-08   3.7421558443E-03   2.8888243755E-02  -8.5324825716E-08  -2.6715106076E-01
   13      1.2905662997E-07  -2.2637639108E-03  -1.1598070137E-02  -5.8801164199E-08  -1.1679813627E-01
   14      6.8388994868E-03  -5.5116197347E-08   8.2241404760E-08  -1.7781123409E-04   6.6092788196E-07
   15      1.0711613149E-07   1.8849440440E-03  -1.5897742941E-03  -1.0948019720E-07  -1.9503307405E-02
   16     -7.9499805752E-09  -5.1511788583E-04  -5.4932032311E-03   2.5789536880E-08  -1.5336142155E-02
   17     -9.3004027326E-04  -1.9309682803E-08   3.7034448437E-08   7.4727365420E-03  -1.1226659282E-08
   18     -1.1416079598E-07   6.7191813107E-05  -1.0681834478E-03   1.4502760532E-07  -1.7315517183E-03
   19     -2.1183362318E-07  -1.2315792230E-03  -1.1763862281E-03   1.1039386871E-07   4.4344133464E-03
   20      7.4826697533E-03   1.4046843347E-07  -1.0680367700E-07  -9.5623651371E-04   1.4760375034E-08
   21      1.2838920092E-08   1.1963358273E-04   1.6781034621E-04  -6.1477984540E-08  -2.0740256137E-03
   22      1.0747909267E-08   1.3309607841E-04   3.9904316561E-04  -1.8852109674E-08  -5.3260349789E-04
   23      1.0002536519E-04   3.1648422002E-09  -1.5866180082E-08  -8.4547932037E-04  -1.6393849556E-09
   24      5.0243608080E-08   8.3120777801E-05   3.7466817866E-05  -4.5457173120E-08  -9.4472460528E-06
   25      4.7241933006E-07  -4.9458158702E-05  -4.1096743059E-06   3.4044127444E-08  -2.8881440534E-05
   26      2.8796853740E-04   4.6073974895E-08   1.7684316825E-08  -4.5287619520E-05   7.1070761995E-08
   27      7.5640808301E-04  -3.0293768842E-04  -1.1570060406E-04  -8.8398450456E-05  -3.2378548320E-06
   28     -8.3456623904E-05  -1.0384548952E-04  -4.2722217909E-05  -7.4950098081E-05   2.5885936181E-05
   29      7.7892456161E-05  -6.4255685131E-06   1.0510944797E-05   3.9767567109E-05  -9.0704769480E-06
   30     -7.5683714651E-04  -3.0274502780E-04  -1.1558152271E-04   8.8340513665E-05  -3.2546925827E-06
   31      8.3577035985E-05  -1.0373175286E-04  -4.2691538648E-05   7.5009403769E-05   2.5871022729E-05
   32      7.7671128563E-05   6.3680117398E-06  -1.0519867808E-05   3.9786090759E-05   9.0354646865E-06
   33     -1.9736658661E-07   9.5000803347E-04   4.4378804014E-04  -2.7697402140E-09  -3.3090840917E-05
   34     -2.9375093706E-06  -1.9376542160E-04   7.8426761633E-04  -7.0419144148E-08   1.2302407089E-04
   35      2.4565981051E-02  -4.1698402314E-09  -2.3161781102E-08  -3.6115093905E-03   1.9073513852E-08
   36     -4.1698402314E-09   2.7409594927E-01  -1.3325022817E-01   1.9409373828E-07   6.8225902763E-04
   37     -2.3161781102E-08  -1.3325022817E-01   1.3933309814E-01  -3.3293020515E-07  -3.3177622202E-04
   38     -3.6115093905E-03   1.9409373828E-07  -3.3293020515E-07   2.3222714742E-02  -2.2441300940E-08
