
$orca_hessian_file

$act_atom
  0

$act_coord
  0

$act_energy
        0.000000

$multiplicity
  1

$hessian
42
                    0                  1                  2                  3                  4        
    0      4.8048183752E-01   4.3109546386E-02   6.9317338837E-07  -1.6369160052E-01   4.2305490169E-02
    1      4.3109546386E-02   5.3900836814E-01  -2.6741974048E-07   4.5118210851E-02  -1.0004494770E-01
    2      6.9317338837E-07  -2.6741974048E-07   5.5422480775E-01   6.3831503399E-07  -1.3020767591E-07
    3     -1.6369160052E-01   4.5118210851E-02   6.3831503399E-07   4.4480668607E-01  -1.7630870846E-02
    4      4.2305490169E-02  -1.0004494770E-01  -1.3020767591E-07  -1.7630870846E-02   5.1701043343E-01
    5      3.6280353842E-07  -1.5196991499E-07  -7.7406168829E-02   4.0508542707E-08  -1.7817676969E-07
    6     -3.1207997113E-02  -2.0857783991E-02  -5.2123722813E-08  -1.2426064116E-01  -5.0829789768E-02
    7      9.2801332320E-03   1.2056890209E-02  -4.2345452529E-08  -5.0829816950E-02  -1.3060057949E-01
    8     -1.4318372560E-07  -9.8161241993E-08  -7.9235110916E-04  -3.5066580645E-07  -1.9792442428E-07
    9     -2.3809844741E-03  -3.6857403350E-03  -7.8378883702E-08  -3.1207932318E-02   9.2801229825E-03
   10     -3.6857457021E-03  -4.3110223759E-03  -8.8182953563E-08  -2.0857791364E-02   1.2056900969E-02
   11      9.0311055340E-08   5.7241560524E-08  -4.0138035333E-04  -2.6329794797E-07   7.6061143016E-08
   12     -4.8873678411E-02   1.5204539266E-02   2.2340493621E-02  -4.8835241447E-03   1.7976060079E-02
   13      1.5517435837E-02  -1.2912121600E-01  -1.1787966395E-01   2.2035302723E-03  -1.0058112227E-02
   14      2.2901686780E-02  -1.1809572904E-01  -2.1574662182E-01   1.5329858531E-04   2.5382676568E-04
   15     -1.7742766623E-01  -1.2869871724E-01   2.9481907135E-07  -2.0736794322E-02  -2.2762648440E-02
   16     -1.2992414431E-01  -1.7298843521E-01   2.5638302959E-07   1.2274995741E-02   1.1490620770E-02
   17      3.1240720620E-07   2.9372676740E-07  -4.6389033141E-02   1.3246284338E-07   1.3344008206E-07
   18     -4.8874201887E-02   1.5205781657E-02  -2.2342007331E-02  -4.8836062496E-03   1.7976342740E-02
   19      1.5518612706E-02  -1.2912266040E-01   1.1787997056E-01   2.2036087263E-03  -1.0058171123E-02
   20     -2.2903119062E-02   1.1809606771E-01  -2.1574468883E-01  -1.5324857703E-04  -2.5406518591E-04
   21     -5.2681732688E-03   1.8847020014E-02   2.5913996955E-02  -4.7095363750E-02   1.3048451868E-02
   22      2.2918910432E-03  -8.8943252176E-03  -1.1348587830E-02   1.3239687067E-02  -1.2881433794E-01
   23     -1.0374293485E-04   7.7754717396E-04   2.8144781949E-04   1.8234487166E-02  -1.1475691751E-01
   24     -5.2684781459E-03   1.8847416000E-02  -2.5913817848E-02  -4.7095111117E-02   1.3048712305E-02
   25      2.2920815188E-03  -8.8945233658E-03   1.1348580707E-02   1.3239849901E-02  -1.2881708502E-01
   26      1.0376504684E-04  -7.7767887861E-04   2.8165932501E-04  -1.8234584825E-02   1.1475759889E-01
   27      1.7943866438E-03  -5.7826557771E-04  -1.0310897764E-03  -2.0222028545E-04  -1.5093016120E-02
   28      1.3009758116E-03   7.0329124669E-04   2.3436286655E-04   3.9152979363E-04  -1.6034724228E-02
   29      1.5746375185E-04   3.0618770443E-04   2.3384943211E-04   1.1681151082E-04  -2.8228985814E-04
   30      1.7943799473E-03  -5.7813098081E-04   1.0309722981E-03  -2.0272403771E-04  -1.5092349527E-02
   31      1.3008284265E-03   7.0315763979E-04  -2.3440815445E-04   3.9092110775E-04  -1.6034190717E-02
   32     -1.5733166569E-04  -3.0614507828E-04   2.3376919322E-04  -1.1698360792E-04   2.8186555534E-04
   33     -6.8013593312E-05   5.6984748534E-05  -1.9665604065E-04   2.0771179144E-03   1.0593321039E-03
   34     -7.1841410579E-05   9.7594939950E-05   2.1872317344E-04  -9.1638798441E-04   5.3340999805E-04
   35      7.3634038878E-05   2.9911295881E-04   2.9938878982E-04  -3.2994687855E-04   1.5798788184E-04
   36     -9.4180844665E-04  -2.0063087707E-03  -5.2280730965E-08  -4.7014015286E-03   5.6744276401E-03
   37      7.9502021986E-04   7.1024125534E-04  -7.7852698008E-09   2.0692020665E-03  -1.1625876531E-03
   38     -4.5826287065E-08  -7.6222526371E-08   6.2588241787E-04  -1.5530582356E-07   2.2984490551E-07
   39     -6.8002013392E-05   5.7013476616E-05   1.9667457326E-04   2.0771154557E-03   1.0594650489E-03
   40     -7.1849425230E-05   9.7586828283E-05  -2.1869991416E-04  -9.1639861611E-04   5.3337092939E-04
   41     -7.3635615614E-05  -2.9911764570E-04   2.9943936085E-04   3.3010147134E-04  -1.5794646917E-04
                    5                  6                  7                  8                  9        
    0      3.6280353842E-07  -3.1207997113E-02   9.2801332320E-03  -1.4318372560E-07  -2.3809844741E-03
    1     -1.5196991499E-07  -2.0857783991E-02   1.2056890209E-02  -9.8161241993E-08  -3.6857403350E-03
    2     -7.7406168829E-02  -5.2123722813E-08  -4.2345452529E-08  -7.9235110916E-04  -7.8378883702E-08
    3      4.0508542707E-08  -1.2426064116E-01  -5.0829816950E-02  -3.5066580645E-07  -3.1207932318E-02
    4     -1.7817676969E-07  -5.0829789768E-02  -1.3060057949E-01  -1.9792442428E-07   9.2801229825E-03
    5      5.8073114223E-01  -1.6171333179E-07  -1.4298952469E-07  -7.7930952935E-02  -5.7867563176E-07
    6     -1.6171333179E-07   4.4480685410E-01  -1.7631052630E-02  -2.8950228992E-06  -1.6369166281E-01
    7     -1.4298952469E-07  -1.7631052630E-02   5.1701031772E-01   4.3520679683E-07   4.2305455745E-02
    8     -7.7930952935E-02  -2.8950228992E-06   4.3520679683E-07   5.8073126404E-01  -2.8263485827E-06
    9     -5.7867563176E-07  -1.6369166281E-01   4.2305455745E-02  -2.8263485827E-06   4.8048173162E-01
   10     -5.3205574694E-07   4.5118130592E-02  -1.0004487631E-01   1.3153162494E-06   4.3109264525E-02
   11     -7.9235426272E-04  -3.1695791230E-06   1.2881099767E-06  -7.7406217154E-02  -2.8590623609E-06
   12      2.6242937381E-02   2.0771078919E-03   1.0594823312E-03   1.1907592057E-03  -6.7987340253E-05
   13     -1.2485701043E-02  -9.1643913605E-04   5.3339378894E-04   5.6792276740E-04  -7.1858997679E-05
   14      7.1851590186E-05  -3.3006076844E-04   1.5795986959E-04   1.7845383580E-04   7.3625772822E-05
   15      1.0316655479E-08  -4.7013982202E-03   5.6744268163E-03  -4.4154980101E-08  -9.4180501612E-04
   16     -6.0847507918E-09   2.0692035728E-03  -1.1625945114E-03  -6.8284398717E-08   7.9501940546E-04
   17     -1.9332820229E-03   6.1407253067E-09  -1.0480824550E-07   2.6285132231E-04  -1.1266158782E-09
   18     -2.6242852211E-02   2.0771133419E-03   1.0593255474E-03  -1.1906353049E-03  -6.8010622888E-05
   19      1.2485561030E-02  -9.1636476951E-04   5.3338996107E-04  -5.6785794609E-04  -7.1837176272E-05
   20      7.2217422438E-05   3.2999591047E-04  -1.5797772515E-04   1.7848045922E-04  -7.3639150557E-05
   21      1.7836993957E-02  -2.0233303632E-04  -1.5092645097E-02  -2.0681040359E-02   1.7943936059E-03
   22     -1.1405121428E-01   3.9128381264E-04  -1.6034494595E-02  -2.0155248568E-02   1.3008206665E-03
   23     -2.1081524380E-01   1.1701094623E-04  -2.8205203293E-04  -9.0217529388E-04   1.5735013570E-04
   24     -1.7837100693E-02  -2.0259653076E-04  -1.5092720183E-02   2.0680921821E-02   1.7943809431E-03
   25      1.1405209143E-01   3.9119673054E-04  -1.6034365550E-02   2.0155246188E-02   1.3009737590E-03
   26     -2.1081267342E-01  -1.1678856513E-04   2.8208936299E-04  -9.0213311488E-04  -1.5743634748E-04
   27     -2.0680699365E-02  -4.7095987523E-02   1.3051728713E-02   1.7840803017E-02  -5.2689269704E-03
   28     -2.0155137014E-02   1.3242839384E-02  -1.2881978658E-01  -1.1405280264E-01   2.2922410927E-03
   29     -9.0236765822E-04   1.8238247043E-02  -1.1475834987E-01  -2.1080911055E-01  -1.0395195979E-04
   30      2.0681252055E-02  -4.7094530762E-02   1.3045721345E-02  -1.7833624985E-02  -5.2677444136E-03
   31      2.0155416096E-02   1.3236968865E-02  -1.2881170039E-01   1.1405068319E-01   2.2917172241E-03
   32     -9.0195876340E-04  -1.8231129360E-02   1.1475633343E-01  -2.1081894210E-01   1.0356976811E-04
   33      1.1906614913E-03  -4.8840240672E-03   1.7976734840E-02   2.6242417716E-02  -4.8875166165E-02
   34      5.6783145392E-04   2.2037609689E-03  -1.0058293017E-02  -1.2485231673E-02   1.5521594720E-02
   35      1.7849636922E-04   1.5314218296E-04   2.5463442507E-04   7.2964203915E-05   2.2906264211E-02
   36     -1.1769767341E-07  -2.0736809992E-02  -2.2762680926E-02   6.6896041211E-09  -1.7742743086E-01
   37      1.2131098374E-07   1.2274976639E-02   1.1490607524E-02   4.1470428037E-09  -1.2992423674E-01
   38      2.6285272661E-04  -7.0951075152E-07  -7.9347852925E-07  -1.9332770256E-03  -3.1852475695E-07
   39     -1.1907250173E-03  -4.8830941121E-03   1.7975638925E-02  -2.6243390070E-02  -4.8872855175E-02
   40     -5.6795080553E-04   2.2033380231E-03  -1.0057908758E-02   1.2485919902E-02   1.5514896601E-02
   41      1.7844134873E-04  -1.5339393398E-04  -2.5329868316E-04   7.1145425048E-05  -2.2899084437E-02
                   10                 11                 12                 13                 14        
    0     -3.6857457021E-03   9.0311055340E-08  -4.8873678411E-02   1.5517435837E-02   2.2901686780E-02
    1     -4.3110223759E-03   5.7241560524E-08   1.5204539266E-02  -1.2912121600E-01  -1.1809572904E-01
    2     -8.8182953563E-08  -4.0138035333E-04   2.2340493621E-02  -1.1787966395E-01  -2.1574662182E-01
    3     -2.0857791364E-02  -2.6329794797E-07  -4.8835241447E-03   2.2035302723E-03   1.5329858531E-04
    4      1.2056900969E-02   7.6061143016E-08   1.7976060079E-02  -1.0058112227E-02   2.5382676568E-04
    5     -5.3205574694E-07  -7.9235426272E-04   2.6242937381E-02  -1.2485701043E-02   7.1851590186E-05
    6      4.5118130592E-02  -3.1695791230E-06   2.0771078919E-03  -9.1643913605E-04  -3.3006076844E-04
    7     -1.0004487631E-01   1.2881099767E-06   1.0594823312E-03   5.3339378894E-04   1.5795986959E-04
    8      1.3153162494E-06  -7.7406217154E-02   1.1907592057E-03   5.6792276740E-04   1.7845383580E-04
    9      4.3109264525E-02  -2.8590623609E-06  -6.7987340253E-05  -7.1858997679E-05   7.3625772822E-05
   10      5.3900858786E-01   1.5578237275E-06   5.7004868995E-05   9.7595223544E-05   2.9912502705E-04
   11      1.5578237275E-06   5.5422501337E-01  -1.9668296076E-04   2.1870498055E-04   2.9943118525E-04
   12      5.7004868995E-05  -1.9668296076E-04   5.4683282910E-02  -2.0853013960E-02  -2.5882506173E-02
   13      9.7595223544E-05   2.1870498055E-04  -2.0853013960E-02   1.3958823895E-01   1.3117532582E-01
   14      2.9912502705E-04   2.9943118525E-04  -2.5882506173E-02   1.3117532582E-01   2.3236075075E-01
   15     -2.0063073100E-03   5.3558957777E-08   2.6778398530E-03   3.4281775180E-03  -2.7486281992E-04
   16      7.1024339839E-04   2.8376649573E-08  -1.2210558921E-02  -1.2568126852E-02   1.5733343273E-03
   17      3.4643673851E-08   6.2588441781E-04  -1.9769640928E-02  -1.8233817454E-02   4.0613744433E-04
   18      5.6990216041E-05   1.9665292221E-04  -9.5020160983E-04  -2.3673776638E-03   2.5420540945E-03
   19      9.7587699916E-05  -2.1871966644E-04  -2.3675433445E-03   1.1331125151E-02  -1.5785846904E-02
   20     -2.9910699575E-04   2.9940114665E-04  -2.5422639795E-03   1.5786065497E-02  -2.0188887959E-02
   21     -5.7816377720E-04  -1.0309401805E-03  -5.6974392930E-03   3.1439546106E-03  -2.1099940338E-04
   22      7.0316120716E-04   2.3443416083E-04   2.6876030273E-03  -4.1367135870E-04   1.6492852487E-04
   23      3.0612769283E-04   2.3374235120E-04  -1.2777654607E-04   5.7572204892E-04   1.7604862180E-03
   24     -5.7821175026E-04   1.0311111115E-03   1.3208166203E-03  -3.9932748130E-04   4.6613267155E-04
   25      7.0328736905E-04  -2.3434186930E-04  -4.8808992248E-04  -6.8689818922E-05   2.7855788393E-05
   26     -3.0619531481E-04   2.3387574767E-04  -3.4113232038E-04   8.5152535175E-05   8.9293428209E-04
   27      1.8847684084E-02   2.5913411331E-02  -3.8346166620E-04   3.8391366077E-04   6.1651043361E-04
   28     -8.8946253479E-03  -1.1348317994E-02  -6.7019071572E-04   6.5947023562E-04   2.5088235208E-04
   29      7.7826307465E-04   2.8239478939E-04  -6.4613716255E-04   5.7576215451E-05   1.4017256839E-04
   30      1.8846730272E-02  -2.5914410494E-02  -8.7923212634E-05   5.8427594061E-05   5.1235000406E-05
   31     -8.8941827112E-03   1.1348796577E-02  -1.1813639542E-04   2.4563482655E-05  -8.3995920475E-05
   32     -7.7698705236E-04   2.8073932400E-04   1.0526755245E-05   7.6673305093E-05  -1.1771548132E-04
   33      1.5208761977E-02   2.2345197972E-02   1.6821466575E-04  -1.9266561205E-04  -1.8297247605E-04
   34     -1.2912725130E-01  -1.1788148321E-01  -1.9267219671E-04   8.9422251096E-06   5.6396900427E-05
   35     -1.1809754938E-01  -2.1573932307E-01  -1.8295840786E-04   5.6387939427E-05   9.2965713292E-06
   36     -1.2869881026E-01  -3.3940874978E-07   5.0549035799E-06   2.8464895045E-05   8.7234975939E-05
   37     -1.7298879601E-01  -3.5392232646E-07  -1.0421657683E-04   2.9366228287E-05  -3.3263962180E-05
   38     -3.6130835469E-07  -4.6389000273E-02  -1.0599494142E-04   3.8848718485E-05  -1.7632463262E-05
   39      1.5202030163E-02  -2.2337888099E-02   1.1898833114E-05   2.8255392398E-05  -1.5393649078E-05
   40     -1.2911660966E-01   1.1787828699E-01   2.8255530257E-05  -4.2879036828E-05   2.4507692747E-05
   41      1.1809438305E-01  -2.1575220721E-01   1.5393432997E-05  -2.4504633324E-05  -4.8656716849E-05
                   15                 16                 17                 18                 19        
    0     -1.7742766623E-01  -1.2992414431E-01   3.1240720620E-07  -4.8874201887E-02   1.5518612706E-02
    1     -1.2869871724E-01  -1.7298843521E-01   2.9372676740E-07   1.5205781657E-02  -1.2912266040E-01
    2      2.9481907135E-07   2.5638302959E-07  -4.6389033141E-02  -2.2342007331E-02   1.1787997056E-01
    3     -2.0736794322E-02   1.2274995741E-02   1.3246284338E-07  -4.8836062496E-03   2.2036087263E-03
    4     -2.2762648440E-02   1.1490620770E-02   1.3344008206E-07   1.7976342740E-02  -1.0058171123E-02
    5      1.0316655479E-08  -6.0847507918E-09  -1.9332820229E-03  -2.6242852211E-02   1.2485561030E-02
    6     -4.7013982202E-03   2.0692035728E-03   6.1407253067E-09   2.0771133419E-03  -9.1636476951E-04
    7      5.6744268163E-03  -1.1625945114E-03  -1.0480824550E-07   1.0593255474E-03   5.3338996107E-04
    8     -4.4154980101E-08  -6.8284398717E-08   2.6285132231E-04  -1.1906353049E-03  -5.6785794609E-04
    9     -9.4180501612E-04   7.9501940546E-04  -1.1266158782E-09  -6.8010622888E-05  -7.1837176272E-05
   10     -2.0063073100E-03   7.1024339839E-04   3.4643673851E-08   5.6990216041E-05   9.7587699916E-05
   11      5.3558957777E-08   2.8376649573E-08   6.2588441781E-04   1.9665292221E-04  -2.1871966644E-04
   12      2.6778398530E-03  -1.2210558921E-02  -1.9769640928E-02  -9.5020160983E-04  -2.3675433445E-03
   13      3.4281775180E-03  -1.2568126852E-02  -1.8233817454E-02  -2.3673776638E-03   1.1331125151E-02
   14     -2.7486281992E-04   1.5733343273E-03   4.0613744433E-04   2.5420540945E-03  -1.5785846904E-02
   15      1.9669445284E-01   1.4022728328E-01  -3.0557569473E-07   2.6780543638E-03   3.4283781901E-03
   16      1.4022728328E-01   1.8549244546E-01  -2.7617518359E-07  -1.2210688597E-02  -1.2568214364E-02
   17     -3.0557569473E-07  -2.7617518359E-07   4.5965046878E-02   1.9769562422E-02   1.8233704466E-02
   18      2.6780543638E-03  -1.2210688597E-02   1.9769562422E-02   5.4683686890E-02  -2.0854484392E-02
   19      3.4283781901E-03  -1.2568214364E-02   1.8233704466E-02  -2.0854484392E-02   1.3958981889E-01
   20      2.7486618485E-04  -1.5733058569E-03   4.0604706294E-04   2.5884087999E-02  -1.3117565478E-01
   21      9.7713231615E-04  -7.4113886441E-04   1.8727987348E-04   1.3208349000E-03  -3.9933622061E-04
   22      1.4376793549E-06   7.2748693731E-04   3.4641635544E-04  -4.8809955602E-04  -6.8684042987E-05
   23      6.5690882572E-04   5.0134548192E-05   8.6653121140E-05   3.4113138807E-04  -8.5149415708E-05
   24      9.7715089959E-04  -7.4113029117E-04  -1.8730115114E-04  -5.6974451465E-03   3.1439827575E-03
   25      1.4323239988E-06   7.2751326794E-04  -3.4642194305E-04   2.6876317211E-03  -4.1364261420E-04
   26     -6.5691144186E-04  -5.0134976478E-05   8.6663691090E-05   1.2784583797E-04  -5.7572995468E-04
   27      2.8789960547E-04   1.7290339968E-04   2.6985515401E-04  -8.7923065607E-05   5.8462781059E-05
   28      1.6408610115E-04   9.4289291560E-05   3.8145400250E-04  -1.1815636290E-04   2.4567466020E-05
   29     -1.3818574767E-04   2.8375680510E-04   2.5500062315E-04  -1.0554033983E-05  -7.6677573271E-05
   30      2.8786459014E-04   1.7291191860E-04  -2.6991032513E-04  -3.8346880476E-04   3.8394482431E-04
   31      1.6403723859E-04   9.4269727039E-05  -3.8141596877E-04  -6.7011308195E-04   6.5944718501E-04
   32      1.3821218274E-04  -2.8371881607E-04   2.5499874911E-04   6.4612022403E-04  -5.7559572072E-05
   33      5.0423589495E-06  -1.0422529778E-04  -1.0599937687E-04   1.1915528920E-05   2.8253478301E-05
   34      2.8468114523E-05   2.9369138083E-05   3.8846286735E-05   2.8253772861E-05  -4.2874559293E-05
   35      8.7232828928E-05  -3.3267459217E-05  -1.7638876468E-05  -1.5401527181E-05   2.4511997031E-05
   36     -7.8282644324E-04   3.2263288168E-04   6.9939042154E-09   5.0433509483E-06   2.8468029878E-05
   37      3.2263207260E-04  -1.0823265834E-04  -2.5266344789E-09  -1.0422124414E-04   2.9368681586E-05
   38     -2.8827521726E-08   1.1150584159E-08   8.3035380592E-06   1.0600060266E-04  -3.8846687349E-05
   39      5.0534057170E-06  -1.0421351961E-04   1.0599870101E-04   1.6820901060E-04  -1.9266881645E-04
   40      2.8463263258E-05   2.9365602527E-05  -3.8847541456E-05  -1.9266153095E-04   8.9420679336E-06
   41     -8.7235820717E-05   3.3259558848E-05  -1.7632807411E-05   1.8298021576E-04  -5.6402278512E-05
                   20                 21                 22                 23                 24        
    0     -2.2903119062E-02  -5.2681732688E-03   2.2918910432E-03  -1.0374293485E-04  -5.2684781459E-03
    1      1.1809606771E-01   1.8847020014E-02  -8.8943252176E-03   7.7754717396E-04   1.8847416000E-02
    2     -2.1574468883E-01   2.5913996955E-02  -1.1348587830E-02   2.8144781949E-04  -2.5913817848E-02
    3     -1.5324857703E-04  -4.7095363750E-02   1.3239687067E-02   1.8234487166E-02  -4.7095111117E-02
    4     -2.5406518591E-04   1.3048451868E-02  -1.2881433794E-01  -1.1475691751E-01   1.3048712305E-02
    5      7.2217422438E-05   1.7836993957E-02  -1.1405121428E-01  -2.1081524380E-01  -1.7837100693E-02
    6      3.2999591047E-04  -2.0233303632E-04   3.9128381264E-04   1.1701094623E-04  -2.0259653076E-04
    7     -1.5797772515E-04  -1.5092645097E-02  -1.6034494595E-02  -2.8205203293E-04  -1.5092720183E-02
    8      1.7848045922E-04  -2.0681040359E-02  -2.0155248568E-02  -9.0217529388E-04   2.0680921821E-02
    9     -7.3639150557E-05   1.7943936059E-03   1.3008206665E-03   1.5735013570E-04   1.7943809431E-03
   10     -2.9910699575E-04  -5.7816377720E-04   7.0316120716E-04   3.0612769283E-04  -5.7821175026E-04
   11      2.9940114665E-04  -1.0309401805E-03   2.3443416083E-04   2.3374235120E-04   1.0311111115E-03
   12     -2.5422639795E-03  -5.6974392930E-03   2.6876030273E-03  -1.2777654607E-04   1.3208166203E-03
   13      1.5786065497E-02   3.1439546106E-03  -4.1367135870E-04   5.7572204892E-04  -3.9932748130E-04
   14     -2.0188887959E-02  -2.1099940338E-04   1.6492852487E-04   1.7604862180E-03   4.6613267155E-04
   15      2.7486618485E-04   9.7713231615E-04   1.4376793549E-06   6.5690882572E-04   9.7715089959E-04
   16     -1.5733058569E-03  -7.4113886441E-04   7.2748693731E-04   5.0134548192E-05  -7.4113029117E-04
   17      4.0604706294E-04   1.8727987348E-04   3.4641635544E-04   8.6653121140E-05  -1.8730115114E-04
   18      2.5884087999E-02   1.3208349000E-03  -4.8809955602E-04   3.4113138807E-04  -5.6974451465E-03
   19     -1.3117565478E-01  -3.9933622061E-04  -6.8684042987E-05  -8.5149415708E-05   3.1439827575E-03
   20      2.3235860281E-01  -4.6614247031E-04  -2.7860524933E-05   8.9294095813E-04   2.1108213460E-04
   21     -4.6614247031E-04   5.7595355662E-02  -1.3995916775E-02  -2.0374924485E-02  -4.6086867113E-04
   22     -2.7860524933E-05  -1.3995916775E-02   1.4353892608E-01   1.2842139072E-01  -1.8537891494E-03
   23      8.9294095813E-04  -2.0374924485E-02   1.2842139072E-01   2.2639227544E-01   2.3109462498E-03
   24      2.1108213460E-04  -4.6086867113E-04  -1.8537891494E-03   2.3109462498E-03   5.7595745430E-02
   25     -1.6498732516E-04  -1.8538297842E-03   1.0901704805E-02  -1.5341468719E-02  -1.3996394051E-02
   26      1.7604847287E-03  -2.3110313841E-03   1.5341809047E-02  -2.1072801333E-02   2.0374934230E-02
   27     -5.1252069136E-05  -3.6301875731E-03  -3.7138076472E-03  -5.7423452059E-05   8.5008995139E-04
   28      8.3993709268E-05  -3.7137127090E-03  -2.7978634104E-03   2.1392792170E-04   7.4153531330E-04
   29     -1.1775332412E-04  -5.7441581780E-05   2.1380295261E-04   1.8895607366E-03  -3.8710215238E-04
   30     -6.1648403441E-04   8.5017361199E-04   7.4156900529E-04  -3.8710164474E-04  -3.6301961078E-03
   31     -2.5083077456E-04   7.4157426578E-04   3.7380264148E-04  -1.3630590158E-04  -3.7137923040E-03
   32      1.4013425885E-04   3.8709488615E-04   1.3633302787E-04   9.7570228217E-04   5.7335890475E-05
   33      1.5400232107E-05  -3.8347027368E-04  -6.7012496545E-04  -6.4612345945E-04  -8.7925849806E-05
   34     -2.4512875849E-05   3.8395724876E-04   6.5945368325E-04   5.7565738452E-05   5.8464294020E-05
   35     -4.8649208824E-05   6.1646750554E-04   2.5080913311E-04   1.4013313392E-04   5.1253802162E-05
   36     -8.7234379257E-05   2.8786331362E-04   1.6402872971E-04  -1.3821202700E-04   2.8789715818E-04
   37      3.3265637529E-05   1.7290960347E-04   9.4279430780E-05   2.8372646570E-04   1.7290291331E-04
   38     -1.7638164330E-05   2.6990851413E-04   3.8141908994E-04   2.5499300186E-04  -2.6985815084E-04
   39      1.8296596217E-04  -8.7917543700E-05  -1.1813335932E-04  -1.0520830503E-05  -3.8345943378E-04
   40     -5.6393788965E-05   5.8426037964E-05   2.4561777333E-05  -7.6672118493E-05   3.8390101856E-04
   41      9.3086475993E-06  -5.1231158808E-05   8.3991593359E-05  -1.1771464474E-04  -6.1652511541E-04
                   25                 26                 27                 28                 29        
    0      2.2920815188E-03   1.0376504684E-04   1.7943866438E-03   1.3009758116E-03   1.5746375185E-04
    1     -8.8945233658E-03  -7.7767887861E-04  -5.7826557771E-04   7.0329124669E-04   3.0618770443E-04
    2      1.1348580707E-02   2.8165932501E-04  -1.0310897764E-03   2.3436286655E-04   2.3384943211E-04
    3      1.3239849901E-02  -1.8234584825E-02  -2.0222028545E-04   3.9152979363E-04   1.1681151082E-04
    4     -1.2881708502E-01   1.1475759889E-01  -1.5093016120E-02  -1.6034724228E-02  -2.8228985814E-04
    5      1.1405209143E-01  -2.1081267342E-01  -2.0680699365E-02  -2.0155137014E-02  -9.0236765822E-04
    6      3.9119673054E-04  -1.1678856513E-04  -4.7095987523E-02   1.3242839384E-02   1.8238247043E-02
    7     -1.6034365550E-02   2.8208936299E-04   1.3051728713E-02  -1.2881978658E-01  -1.1475834987E-01
    8      2.0155246188E-02  -9.0213311488E-04   1.7840803017E-02  -1.1405280264E-01  -2.1080911055E-01
    9      1.3009737590E-03  -1.5743634748E-04  -5.2689269704E-03   2.2922410927E-03  -1.0395195979E-04
   10      7.0328736905E-04  -3.0619531481E-04   1.8847684084E-02  -8.8946253479E-03   7.7826307465E-04
   11     -2.3434186930E-04   2.3387574767E-04   2.5913411331E-02  -1.1348317994E-02   2.8239478939E-04
   12     -4.8808992248E-04  -3.4113232038E-04  -3.8346166620E-04  -6.7019071572E-04  -6.4613716255E-04
   13     -6.8689818922E-05   8.5152535175E-05   3.8391366077E-04   6.5947023562E-04   5.7576215451E-05
   14      2.7855788393E-05   8.9293428209E-04   6.1651043361E-04   2.5088235208E-04   1.4017256839E-04
   15      1.4323239988E-06  -6.5691144186E-04   2.8789960547E-04   1.6408610115E-04  -1.3818574767E-04
   16      7.2751326794E-04  -5.0134976478E-05   1.7290339968E-04   9.4289291560E-05   2.8375680510E-04
   17     -3.4642194305E-04   8.6663691090E-05   2.6985515401E-04   3.8145400250E-04   2.5500062315E-04
   18      2.6876317211E-03   1.2784583797E-04  -8.7923065607E-05  -1.1815636290E-04  -1.0554033983E-05
   19     -4.1364261420E-04  -5.7572995468E-04   5.8462781059E-05   2.4567466020E-05  -7.6677573271E-05
   20     -1.6498732516E-04   1.7604847287E-03  -5.1252069136E-05   8.3993709268E-05  -1.1775332412E-04
   21     -1.8538297842E-03  -2.3110313841E-03  -3.6301875731E-03  -3.7137127090E-03  -5.7441581780E-05
   22      1.0901704805E-02   1.5341809047E-02  -3.7138076472E-03  -2.7978634104E-03   2.1380295261E-04
   23     -1.5341468719E-02  -2.1072801333E-02  -5.7423452059E-05   2.1392792170E-04   1.8895607366E-03
   24     -1.3996394051E-02   2.0374934230E-02   8.5008995139E-04   7.4153531330E-04  -3.8710215238E-04
   25      1.4354163203E-01  -1.2842235910E-01   7.4153723573E-04   3.7371823097E-04  -1.3632548769E-04
   26     -1.2842235910E-01   2.2638943563E-01   3.8709625834E-04   1.3635592756E-04   9.7556552767E-04
   27      7.4153723573E-04   3.8709625834E-04   5.7596670505E-02  -1.3999540315E-02  -2.0378657259E-02
   28      3.7371823097E-04   1.3635592756E-04  -1.3999540315E-02   1.4354476846E-01   1.2842305524E-01
   29     -1.3632548769E-04   9.7556552767E-04  -2.0378657259E-02   1.2842305524E-01   2.2638543146E-01
   30     -3.7136943531E-03   5.7357716508E-05  -4.6086263362E-04  -1.8541327450E-03   2.3114919267E-03
   31     -2.7978562343E-03  -2.1383564018E-04  -1.8535032844E-03   1.0901703231E-02  -1.5342240788E-02
   32     -2.1395596198E-04   1.8895670442E-03  -2.3104986569E-03   1.5341045455E-02  -2.1072816018E-02
   33     -1.1815972689E-04   1.0557068280E-05  -5.6974352875E-03   2.6876173332E-03  -1.2805541497E-04
   34      2.4569336302E-05   7.6676353408E-05   3.1439202635E-03  -4.1362840911E-04   5.7584076719E-04
   35     -8.3995796402E-05  -1.1775249911E-04  -2.1128889014E-04   1.6506716634E-04   1.7604571412E-03
   36      1.6409375293E-04   1.3818447676E-04   9.7712426206E-04   1.4421626498E-06   6.5693565632E-04
   37      9.4280804716E-05  -2.8374999876E-04  -7.4113365374E-04   7.2750472379E-04   5.0106587046E-05
   38     -3.8144674182E-04   2.5500438996E-04   1.8732652868E-04   3.4640896061E-04   8.6665774010E-05
   39     -6.7017849595E-04   6.4613144956E-04   1.3208340372E-03  -4.8808290085E-04   3.4115360464E-04
   40      6.5945675880E-04  -5.7568999921E-05  -3.9933478246E-04  -6.8684905899E-05  -8.5146910053E-05
   41     -2.5090041729E-04   1.4016999664E-04  -4.6611143383E-04  -2.7854822622E-05   8.9294950026E-04
                   30                 31                 32                 33                 34        
    0      1.7943799473E-03   1.3008284265E-03  -1.5733166569E-04  -6.8013593312E-05  -7.1841410579E-05
    1     -5.7813098081E-04   7.0315763979E-04  -3.0614507828E-04   5.6984748534E-05   9.7594939950E-05
    2      1.0309722981E-03  -2.3440815445E-04   2.3376919322E-04  -1.9665604065E-04   2.1872317344E-04
    3     -2.0272403771E-04   3.9092110775E-04  -1.1698360792E-04   2.0771179144E-03  -9.1638798441E-04
    4     -1.5092349527E-02  -1.6034190717E-02   2.8186555534E-04   1.0593321039E-03   5.3340999805E-04
    5      2.0681252055E-02   2.0155416096E-02  -9.0195876340E-04   1.1906614913E-03   5.6783145392E-04
    6     -4.7094530762E-02   1.3236968865E-02  -1.8231129360E-02  -4.8840240672E-03   2.2037609689E-03
    7      1.3045721345E-02  -1.2881170039E-01   1.1475633343E-01   1.7976734840E-02  -1.0058293017E-02
    8     -1.7833624985E-02   1.1405068319E-01  -2.1081894210E-01   2.6242417716E-02  -1.2485231673E-02
    9     -5.2677444136E-03   2.2917172241E-03   1.0356976811E-04  -4.8875166165E-02   1.5521594720E-02
   10      1.8846730272E-02  -8.8941827112E-03  -7.7698705236E-04   1.5208761977E-02  -1.2912725130E-01
   11     -2.5914410494E-02   1.1348796577E-02   2.8073932400E-04   2.2345197972E-02  -1.1788148321E-01
   12     -8.7923212634E-05  -1.1813639542E-04   1.0526755245E-05   1.6821466575E-04  -1.9267219671E-04
   13      5.8427594061E-05   2.4563482655E-05   7.6673305093E-05  -1.9266561205E-04   8.9422251096E-06
   14      5.1235000406E-05  -8.3995920475E-05  -1.1771548132E-04  -1.8297247605E-04   5.6396900427E-05
   15      2.8786459014E-04   1.6403723859E-04   1.3821218274E-04   5.0423589495E-06   2.8468114523E-05
   16      1.7291191860E-04   9.4269727039E-05  -2.8371881607E-04  -1.0422529778E-04   2.9369138083E-05
   17     -2.6991032513E-04  -3.8141596877E-04   2.5499874911E-04  -1.0599937687E-04   3.8846286735E-05
   18     -3.8346880476E-04  -6.7011308195E-04   6.4612022403E-04   1.1915528920E-05   2.8253772861E-05
   19      3.8394482431E-04   6.5944718501E-04  -5.7559572072E-05   2.8253478301E-05  -4.2874559293E-05
   20     -6.1648403441E-04  -2.5083077456E-04   1.4013425885E-04   1.5400232107E-05  -2.4512875849E-05
   21      8.5017361199E-04   7.4157426578E-04   3.8709488615E-04  -3.8347027368E-04   3.8395724876E-04
   22      7.4156900529E-04   3.7380264148E-04   1.3633302787E-04  -6.7012496545E-04   6.5945368325E-04
   23     -3.8710164474E-04  -1.3630590158E-04   9.7570228217E-04  -6.4612345945E-04   5.7565738452E-05
   24     -3.6301961078E-03  -3.7137923040E-03   5.7335890475E-05  -8.7925849806E-05   5.8464294020E-05
   25     -3.7136943531E-03  -2.7978562343E-03  -2.1395596198E-04  -1.1815972689E-04   2.4569336302E-05
   26      5.7357716508E-05  -2.1383564018E-04   1.8895670442E-03   1.0557068280E-05   7.6676353408E-05
   27     -4.6086263362E-04  -1.8535032844E-03  -2.3104986569E-03  -5.6974352875E-03   3.1439202635E-03
   28     -1.8541327450E-03   1.0901703231E-02   1.5341045455E-02   2.6876173332E-03  -4.1362840911E-04
   29      2.3114919267E-03  -1.5342240788E-02  -2.1072816018E-02  -1.2805541497E-04   5.7584076719E-04
   30      5.7594505792E-02  -1.3992987286E-02   2.0371509590E-02   1.3208199567E-03  -3.9932240833E-04
   31     -1.3992987286E-02   1.4353585675E-01  -1.2842085282E-01  -4.8810344541E-04  -6.8691506626E-05
   32      2.0371509590E-02  -1.2842085282E-01   2.2639644170E-01  -3.4111449788E-04   8.5155853142E-05
   33      1.3208199567E-03  -4.8810344541E-04  -3.4111449788E-04   5.4684676541E-02  -2.0857634873E-02
   34     -3.9932240833E-04  -6.8691506626E-05   8.5155853142E-05  -2.0857634873E-02   1.3959484086E-01
   35      4.6616629005E-04   2.7860429714E-05   8.9292134012E-04  -2.5887359685E-02   1.3117714631E-01
   36      9.7716251390E-04   1.4287692950E-06  -6.5688750923E-04   2.6784402966E-03   3.4287146510E-03
   37     -7.4113417296E-04   7.2749560979E-04  -5.0163692158E-05  -1.2211085950E-02  -1.2568559487E-02
   38     -1.8725464099E-04  -3.4642903579E-04   8.6651551200E-05  -1.9769270512E-02  -1.8233440162E-02
   39     -5.6974564400E-03   2.6876073743E-03   1.2757518399E-04  -9.5019202646E-04  -2.3677957187E-03
   40      3.1439990407E-03  -4.1367470661E-04  -5.7561071356E-04  -2.3671640520E-03   1.1331118106E-02
   41      2.1080206514E-04  -1.6485420463E-04   1.7605069231E-03  -2.5416776490E-03   1.5785193237E-02
                   35                 36                 37                 38                 39        
    0      7.3634038878E-05  -9.4180844665E-04   7.9502021986E-04  -4.5826287065E-08  -6.8002013392E-05
    1      2.9911295881E-04  -2.0063087707E-03   7.1024125534E-04  -7.6222526371E-08   5.7013476616E-05
    2      2.9938878982E-04  -5.2280730965E-08  -7.7852698008E-09   6.2588241787E-04   1.9667457326E-04
    3     -3.2994687855E-04  -4.7014015286E-03   2.0692020665E-03  -1.5530582356E-07   2.0771154557E-03
    4      1.5798788184E-04   5.6744276401E-03  -1.1625876531E-03   2.2984490551E-07   1.0594650489E-03
    5      1.7849636922E-04  -1.1769767341E-07   1.2131098374E-07   2.6285272661E-04  -1.1907250173E-03
    6      1.5314218296E-04  -2.0736809992E-02   1.2274976639E-02  -7.0951075152E-07  -4.8830941121E-03
    7      2.5463442507E-04  -2.2762680926E-02   1.1490607524E-02  -7.9347852925E-07   1.7975638925E-02
    8      7.2964203915E-05   6.6896041211E-09   4.1470428037E-09  -1.9332770256E-03  -2.6243390070E-02
    9      2.2906264211E-02  -1.7742743086E-01  -1.2992423674E-01  -3.1852475695E-07  -4.8872855175E-02
   10     -1.1809754938E-01  -1.2869881026E-01  -1.7298879601E-01  -3.6130835469E-07   1.5202030163E-02
   11     -2.1573932307E-01  -3.3940874978E-07  -3.5392232646E-07  -4.6389000273E-02  -2.2337888099E-02
   12     -1.8295840786E-04   5.0549035799E-06  -1.0421657683E-04  -1.0599494142E-04   1.1898833114E-05
   13      5.6387939427E-05   2.8464895045E-05   2.9366228287E-05   3.8848718485E-05   2.8255392398E-05
   14      9.2965713292E-06   8.7234975939E-05  -3.3263962180E-05  -1.7632463262E-05  -1.5393649078E-05
   15      8.7232828928E-05  -7.8282644324E-04   3.2263207260E-04  -2.8827521726E-08   5.0534057170E-06
   16     -3.3267459217E-05   3.2263288168E-04  -1.0823265834E-04   1.1150584159E-08  -1.0421351961E-04
   17     -1.7638876468E-05   6.9939042154E-09  -2.5266344789E-09   8.3035380592E-06   1.0599870101E-04
   18     -1.5401527181E-05   5.0433509483E-06  -1.0422124414E-04   1.0600060266E-04   1.6820901060E-04
   19      2.4511997031E-05   2.8468029878E-05   2.9368681586E-05  -3.8846687349E-05  -1.9266881645E-04
   20     -4.8649208824E-05  -8.7234379257E-05   3.3265637529E-05  -1.7638164330E-05   1.8296596217E-04
   21      6.1646750554E-04   2.8786331362E-04   1.7290960347E-04   2.6990851413E-04  -8.7917543700E-05
   22      2.5080913311E-04   1.6402872971E-04   9.4279430780E-05   3.8141908994E-04  -1.1813335932E-04
   23      1.4013313392E-04  -1.3821202700E-04   2.8372646570E-04   2.5499300186E-04  -1.0520830503E-05
   24      5.1253802162E-05   2.8789715818E-04   1.7290291331E-04  -2.6985815084E-04  -3.8345943378E-04
   25     -8.3995796402E-05   1.6409375293E-04   9.4280804716E-05  -3.8144674182E-04  -6.7017849595E-04
   26     -1.1775249911E-04   1.3818447676E-04  -2.8374999876E-04   2.5500438996E-04   6.4613144956E-04
   27     -2.1128889014E-04   9.7712426206E-04  -7.4113365374E-04   1.8732652868E-04   1.3208340372E-03
   28      1.6506716634E-04   1.4421626498E-06   7.2750472379E-04   3.4640896061E-04  -4.8808290085E-04
   29      1.7604571412E-03   6.5693565632E-04   5.0106587046E-05   8.6665774010E-05   3.4115360464E-04
   30      4.6616629005E-04   9.7716251390E-04  -7.4113417296E-04  -1.8725464099E-04  -5.6974564400E-03
   31      2.7860429714E-05   1.4287692950E-06   7.2749560979E-04  -3.4642903579E-04   2.6876073743E-03
   32      8.9292134012E-04  -6.5688750923E-04  -5.0163692158E-05   8.6651551200E-05   1.2757518399E-04
   33     -2.5887359685E-02   2.6784402966E-03  -1.2211085950E-02  -1.9769270512E-02  -9.5019202646E-04
   34      1.3117714631E-01   3.4287146510E-03  -1.2568559487E-02  -1.8233440162E-02  -2.3677957187E-03
   35      2.3235263515E-01  -2.7488960935E-04   1.5733082046E-03   4.0597441004E-04   2.5426787699E-03
   36     -2.7488960935E-04   1.9669420911E-01   1.4022737684E-01   5.0591482963E-07   2.6774823615E-03
   37      1.5733082046E-03   1.4022737684E-01   1.8549286166E-01   3.1487393008E-07  -1.2210142500E-02
   38      4.0597441004E-04   5.0591482963E-07   3.1487393008E-07   4.5965029118E-02   1.9769909819E-02
   39      2.5426787699E-03   2.6774823615E-03  -1.2210142500E-02   1.9769909819E-02   5.4682383641E-02
   40     -1.5786721961E-02   3.4278720987E-03  -1.2567830113E-02   1.8234172436E-02  -2.0850269137E-02
   41     -2.0188903458E-02   2.7484306564E-04  -1.5733167777E-03   4.0619099889E-04   2.5879802258E-02
                   40                 41        
     0     -7.1849425230E-05  -7.3635615614E-05
     1      9.7586828283E-05  -2.9911764570E-04
     2     -2.1869991416E-04   2.9943936085E-04
     3     -9.1639861611E-04   3.3010147134E-04
     4      5.3337092939E-04  -1.5794646917E-04
     5     -5.6795080553E-04   1.7844134873E-04
     6      2.2033380231E-03  -1.5339393398E-04
     7     -1.0057908758E-02  -2.5329868316E-04
     8      1.2485919902E-02   7.1145425048E-05
     9      1.5514896601E-02  -2.2899084437E-02
    10     -1.2911660966E-01   1.1809438305E-01
    11      1.1787828699E-01  -2.1575220721E-01
    12      2.8255530257E-05   1.5393432997E-05
    13     -4.2879036828E-05  -2.4504633324E-05
    14      2.4507692747E-05  -4.8656716849E-05
    15      2.8463263258E-05  -8.7235820717E-05
    16      2.9365602527E-05   3.3259558848E-05
    17     -3.8847541456E-05  -1.7632807411E-05
    18     -1.9266153095E-04   1.8298021576E-04
    19      8.9420679336E-06  -5.6402278512E-05
    20     -5.6393788965E-05   9.3086475993E-06
    21      5.8426037964E-05  -5.1231158808E-05
    22      2.4561777333E-05   8.3991593359E-05
    23     -7.6672118493E-05  -1.1771464474E-04
    24      3.8390101856E-04  -6.1652511541E-04
    25      6.5945675880E-04  -2.5090041729E-04
    26     -5.7568999921E-05   1.4016999664E-04
    27     -3.9933478246E-04  -4.6611143383E-04
    28     -6.8684905899E-05  -2.7854822622E-05
    29     -8.5146910053E-05   8.9294950026E-04
    30      3.1439990407E-03   2.1080206514E-04
    31     -4.1367470661E-04  -1.6485420463E-04
    32     -5.7561071356E-04   1.7605069231E-03
    33     -2.3671640520E-03  -2.5416776490E-03
    34      1.1331118106E-02   1.5785193237E-02
    35     -1.5786721961E-02  -2.0188903458E-02
    36      3.4278720987E-03   2.7484306564E-04
    37     -1.2567830113E-02  -1.5733167777E-03
    38      1.8234172436E-02   4.0619099889E-04
    39     -2.0850269137E-02   2.5879802258E-02
    40      1.3958318511E-01  -1.3117395289E-01
    41     -1.3117395289E-01   2.3236696264E-01

$vibrational_frequencies
42
    0        0.0000000000000000
    1        0.0000000000000000
    2        0.0000000000000000
    3        0.0000000000000000
    4        0.0000000000000000
    5        0.0000000000000000
    6      126.5145107808229454
    7      242.9032718643341298
    8      264.8409678646056591
    9      276.0098001952686673
   10      431.1414252026431768
   11      744.1426915566750040
   12      817.9703417705803759
   13      845.1388979177083911
   14      963.9679916223554983
   15      981.5747021147542455
   16     1017.6798741414494316
   17     1064.3098718858366283
   18     1171.2152899070711101
   19     1209.3106122924089050
   20     1289.7929207069121276
   21     1316.0717248549440228
   22     1331.7652685720404406
   23     1381.2425542599105484
   24     1402.9679846409392212
   25     1405.4021173566013658
   26     1477.9368967063833225
   27     1483.3356880481010194
   28     1494.6914705118365418
   29     1496.7602195751476302
   30     1499.1398612112661795
   31     1503.6007795781756613
   32     2986.8213132644332291
   33     2995.3159438009588484
   34     2999.0473135860565890
   35     3000.1489148327150360
   36     3016.6444201597018946
   37     3040.1682837916441713
   38     3072.4151387015076580
   39     3076.9396411796033135
   40     3077.9056192737234596
   41     3078.8703935236831057

$normal_modes
42 42
                    0                  1                  2                  3                  4        
    0      0.0000000000E+00   0.0000000000E+00   0.0000000000E+00   0.0000000000E+00   0.0000000000E+00
    1      0.0000000000E+00   0.0000000000E+00   0.0000000000E+00   0.0000000000E+00   0.0000000000E+00
    2      0.0000000000E+00   0.0000000000E+00   0.0000000000E+00   0.0000000000E+00   0.0000000000E+00
    3      0.0000000000E+00   0.0000000000E+00   0.0000000000E+00   0.0000000000E+00   0.0000000000E+00
    4      0.0000000000E+00   0.0000000000E+00   0.0000000000E+00   0.0000000000E+00   0.0000000000E+00
