*************************************************
******************* ORCA 6.0.0 ******************
*************************************************
$Calculation_Status
   &GeometryIndex 1
   &ListStatus       OUT
   &VERSION [&Type "String"] "6.0.0"
   &PROGNAME [&Type "String"] "LeanSCF"
   &STATUS [&Type "String"] "NORMAL TERMINATION"
$End
$Geometry
   &GeometryIndex 1
   &ListStatus       OUT
   &NATOMS [&Type "Integer"] 14
   &NCORELESSECP [&Type "Integer"] 0
   &NGHOSTATOMS [&Type "Integer"] 0
   &CartesianCoordinates [&Type "Coordinates", &Dim(14,4), &Units "Bohr"] 
              C      3.683284095628   -0.248752939536   -0.000003888489
              C      1.069468813893    0.969925200575    0.000011172439
              C     -1.069481956183   -0.969927579173    0.000002265782
              C     -3.683298086782    0.248748965064   -0.000079805591
              H      3.943332437736   -1.442791223667   -1.671972366199
              H      5.186146723734    1.173401651395   -0.000007246344
              H      3.943347887759   -1.442801517572    1.671954924027
              H      0.871949460337    2.197377985223    1.661543048168
              H      0.871948722210    2.197395748270   -1.661507318549
              H     -0.871921665300   -2.197418055731   -1.661496622322
              H     -0.871999417515   -2.197360209703    1.661553080913
              H     -3.943397285578    1.442829623280    1.671850349606
              H     -5.186158930420   -1.173407241394   -0.000084742690
              H     -3.943316694239    1.442754077699   -1.672076334585
$End
$SCF_Energy
   &GeometryIndex 1
   &ListStatus       OUT
   &SCF_ENERGY [&Type "Double"]      -1.5840521706648090e+02
$End
$DFT_Energy
   &GeometryIndex 1
   &ListStatus       OUT
   &NALPHAEL [&Type "Integer"] 17
   &NBETAEL [&Type "Integer"] 17
   &NTOTALEL [&Type "Integer"] 33
   &EEXCHANGE [&Type "Double"]      -2.4345324800744333e+01
   &ECORR [&Type "Double"]      -1.0260141523553508e+00
   &ECNL [&Type "Double"]       0.0000000000000000e+00
   &EXC [&Type "Double"]      -2.5371338953099684e+01
   &EEMBED [&Type "Double"]       0.0000000000000000e+00
   &FINALEN [&Type "Double"]      -1.5840521706648090e+02  "No Van der Waals correction"
$End
$Mulliken_Population_Analysis
   &GeometryIndex 1
   &ListStatus       OUT
   &NATOMS [&Type "Integer"] 14
   &ATNO [&Type "ArrayOfIntegers", &Dim (14,1)] 
                                                         0

0                                                        6
1                                                        6
2                                                        6
3                                                        6
4                                                        1
5                                                        1
6                                                        1
7                                                        1
8                                                        1
9                                                        1
10                                                       1
11                                                       1
12                                                       1
13                                                       1
   &ATOMICCHARGES [&Type "ArrayOfDoubles", &Dim (14,1)] 
                                                         0

0                                     -3.1119007511901309e-01
1                                     -1.3967985027059981e-01
2                                     -1.3968033809238189e-01
3                                     -3.1118996716187297e-01
4                                      9.6930510011701609e-02
5                                      1.0520025054922399e-01
6                                      9.6930440738482337e-02
7                                      7.5904846728913178e-02
8                                      7.5904001588080972e-02
9                                      7.5904073807530170e-02
10                                     7.5904904320892808e-02
11                                     9.6930588225724090e-02
12                                     1.0520017933393411e-01
13                                     9.6930435339401821e-02
$End
$Loewdin_Population_Analysis
   &GeometryIndex 1
   &ListStatus       OUT
   &NATOMS [&Type "Integer"] 14
   &ATNO [&Type "ArrayOfIntegers", &Dim (14,1)] 
                                                         0

0                                                        6
1                                                        6
2                                                        6
3                                                        6
4                                                        1
5                                                        1
6                                                        1
7                                                        1
8                                                        1
9                                                        1
10                                                       1
11                                                       1
12                                                       1
13                                                       1
   &ATOMICCHARGES [&Type "ArrayOfDoubles", &Dim (14,1)] 
                                                         0

0                                     -3.1333767286653202e-01
1                                     -2.9776189788076568e-01
2                                     -2.9776183309529980e-01
3                                     -3.1333763009811921e-01
4                                      1.1671096639191669e-01
5                                      1.1659541232074289e-01
6                                      1.1671102413799117e-01
7                                      1.3054101360421044e-01
8                                      1.3054110565930488e-01
9                                      1.3054114270776718e-01
10                                     1.3054101279241903e-01
11                                     1.1671095911934604e-01
12                                     1.1659542391237421e-01
13                                     1.1671097329470226e-01
$End
$Mayer_Population_Analysis
   &GeometryIndex 1
   &ListStatus       OUT
   &NATOMS [&Type "Integer"] 14 "Total number of atoms"
   &BONDTHRESH [&Type "Double"]       1.0000000000000001e-01  "The threshold for printing"
   &NBONDORDERSPRINT [&Type "Integer"] 13 "The number of bond orders larger than threshold"
   &BONDORDERS [&Type "ArrayOfDoubles", &Dim (13,1)] "The bond orders"
                                                         0

0                                      9.7771586872886740e-01
1                                      9.7657654633939484e-01
2                                      9.7778417917873728e-01
3                                      9.7657610561521724e-01
4                                      9.8401746335675155e-01
5                                      9.6617689316604605e-01
6                                      9.6617745337000638e-01
7                                      9.7771699680305169e-01
8                                      9.6617750870260577e-01
9                                      9.6617680526819316e-01
10                                     9.7657601049944631e-01
11                                     9.7778425844842831e-01
12                                     9.7657650189823975e-01
   &COMPONENTS [&Type "ArrayOfIntegers", &Dim (13,4)] "The indices and atomic numbers of the bonding atoms"
                                                         0                           1                           2                           3

0                                                        0                           6                           1                           6
1                                                        0                           6                           4                           1
2                                                        0                           6                           5                           1
3                                                        0                           6                           6                           1
4                                                        1                           6                           2                           6
5                                                        1                           6                           7                           1
6                                                        1                           6                           8                           1
7                                                        2                           6                           3                           6
8                                                        2                           6                           9                           1
9                                                        2                           6                          10                           1
10                                                       3                           6                          11                           1
11                                                       3                           6                          12                           1
12                                                       3                           6                          13                           1
   &ATNO [&Type "ArrayOfIntegers", &Dim (14,1)] "Atomic number of the elements"
                                                         0

0                                                        6
1                                                        6
2                                                        6
3                                                        6
4                                                        1
5                                                        1
6                                                        1
7                                                        1
8                                                        1
9                                                        1
10                                                       1
11                                                       1
12                                                       1
13                                                       1
   &NA [&Type "ArrayOfDoubles", &Dim (14,1)] "Mulliken gross atomic population"
                                                         0

0                                      6.3111900751189989e+00
1                                      6.1396798502706016e+00
2                                      6.1396803380923801e+00
3                                      6.3111899671618730e+00
4                                      9.0306948998829917e-01
5                                      8.9479974945077634e-01
6                                      9.0306955926151578e-01
7                                      9.2409515327108782e-01
8                                      9.2409599841191969e-01
9                                      9.2409592619246994e-01
10                                     9.2409509567910675e-01
11                                     9.0306941177427436e-01
12                                     8.9479982066606478e-01
13                                     9.0306956466059884e-01
   &ZA [&Type "ArrayOfDoubles", &Dim (14,1)] "Total nuclear charge"
                                                         0

0                                      6.0000000000000000e+00
1                                      6.0000000000000000e+00
2                                      6.0000000000000000e+00
3                                      6.0000000000000000e+00
4                                      1.0000000000000000e+00
5                                      1.0000000000000000e+00
6                                      1.0000000000000000e+00
7                                      1.0000000000000000e+00
8                                      1.0000000000000000e+00
9                                      1.0000000000000000e+00
10                                     1.0000000000000000e+00
11                                     1.0000000000000000e+00
12                                     1.0000000000000000e+00
13                                     1.0000000000000000e+00
   &QA [&Type "ArrayOfDoubles", &Dim (14,1)] "Mulliken gross atomic charge"
                                                         0

0                                     -3.1119007511899888e-01
1                                     -1.3967985027060159e-01
2                                     -1.3968033809238012e-01
3                                     -3.1118996716187297e-01
4                                      9.6930510011700832e-02
5                                      1.0520025054922366e-01
6                                      9.6930440738484225e-02
7                                      7.5904846728912179e-02
8                                      7.5904001588080305e-02
9                                      7.5904073807530059e-02
10                                     7.5904904320893252e-02
11                                     9.6930588225725645e-02
12                                     1.0520017933393522e-01
13                                     9.6930435339401155e-02
   &VA [&Type "ArrayOfDoubles", &Dim (14,1)] "Mayer's total valence"
                                                         0

0                                      3.9181549946078928e+00
1                                      3.8870820775843971e+00
2                                      3.8870836205260528e+00
3                                      3.9181562979740052e+00
4                                      9.8142945192454556e-01
5                                      9.7945363615452918e-01
6                                      9.8142919314042021e-01
7                                      9.7739227107574245e-01
8                                      9.7739226943558011e-01
9                                      9.7739227599739975e-01
10                                     9.7739218594495436e-01
11                                     9.8142921608356681e-01
12                                     9.7945371489673216e-01
13                                     9.8142945189474051e-01
   &BVA [&Type "ArrayOfDoubles", &Dim (14,1)] "Mayer's bonded valence"
                                                         0

0                                      3.9181549946079826e+00
1                                      3.8870820775844348e+00
2                                      3.8870836205259933e+00
3                                      3.9181562979739391e+00
4                                      9.8142945192455733e-01
5                                      9.7945363615454251e-01
6                                      9.8142919314042565e-01
7                                      9.7739227107575677e-01
8                                      9.7739226943558488e-01
9                                      9.7739227599738254e-01
10                                     9.7739218594494814e-01
11                                     9.8142921608354472e-01
12                                     9.7945371489672484e-01
13                                     9.8142945189473307e-01
   &FA [&Type "ArrayOfDoubles", &Dim (14,1)] "Mayer's free valence"
                                                         0

0                                      0.0000000000000000e+00
1                                      0.0000000000000000e+00
2                                      0.0000000000000000e+00
3                                      0.0000000000000000e+00
4                                      0.0000000000000000e+00
5                                      0.0000000000000000e+00
6                                      0.0000000000000000e+00
7                                      0.0000000000000000e+00
8                                      0.0000000000000000e+00
9                                      0.0000000000000000e+00
10                                     0.0000000000000000e+00
11                                     0.0000000000000000e+00
12                                     0.0000000000000000e+00
13                                     0.0000000000000000e+00
$End
$VdW_Correction
   &GeometryIndex 1
   &ListStatus       OUT
   &VDW [&Type "Double"]      -2.6072972258761903e-03
$End
$Calculation_Info
   &GeometryIndex 1
   &ListStatus       OUT
   &MULT [&Type "Integer"] 1
   &CHARGE [&Type "Integer"] 0
   &NUMOFATOMS [&Type "Integer"] 14
   &NUMOFELECTRONS [&Type "Integer"] 34
   &NUMOFFCELECTRONS [&Type "Integer"] 1
   &NUMOFCORRELECTRONS [&Type "Integer"] 0
   &NUMOFBASISFUNCTS [&Type "Integer"] 184
   &NUMOFAUXCBASISFUNCTS [&Type "Integer"] 0
   &NUMOFAUXJBASISFUNCTS [&Type "Integer"] 230
   &NUMOFAUXJKBASISFUNCTS [&Type "Integer"] 0
   &NUMOFCABSBASISFUNCTS [&Type "Integer"] 0
   &TOTALENERGY [&Type "Double"]      -1.5840135124730676e+02  "Hartrees"
$End
$SCF_Dipole_Moment
   &GeometryIndex 1
   &ListStatus       OUT
   &METHOD [&Type "String"] "SCF"
   &LEVEL [&Type "String"] "Relaxed density"
   &MULT [&Type "Integer"] 1
   &STATE [&Type "Integer"] -1
   &IRREP [&Type "Integer"] 0
   &NATOMS [&Type "Integer"] 14
   &DODIPOLEATOM [&Type "Boolean"] false
   &DIPOLEELECCONTRIB [&Type "ArrayOfDoubles", &Dim (3,1)] "Electronic contribution"
                                                         0

0                                      1.5334901975897278e-07
1                                      1.3388643378568548e-06
2                                      2.8522904552993498e-05
   &DIPOLENUCCONTRIB [&Type "ArrayOfDoubles", &Dim (3,1)] "Nuclear contribution"
                                                         0

0                                     -3.8068102892196976e-07
1                                     -1.3457991006049497e-06
2                                     -2.7735817694996001e-05
   &DIPOLETOTAL [&Type "ArrayOfDoubles", &Dim (3,1)] "Total"
                                                         0

0                                     -2.2733200916299698e-07
1                                     -6.9347627480948262e-09
2                                      7.8708685799749704e-07
   &DIPOLEMAGNITUDE [&Type "Double", &Units "a.u."]       8.1928850556859961e-07
$End
$THERMOCHEMISTRY_Energies
   &GeometryIndex 1
   &ListStatus       OUT
   &TEMPERATURE [&Type "Double"]       2.9814999999999998e+02
   &PRESSURE [&Type "Double"]       1.0000000000000000e+00
   &TOTALMASS [&Type "Double"]       5.8123999999999995e+01
   &SPINDEGENERACY [&Type "Integer"] 1
   &ELENERGY [&Type "Double"]      -1.5840135124730676e+02
   &TRANSENERGY [&Type "Double"]       1.4162714244859817e-03
   &ROTENERGY [&Type "Double"]       1.4162714244859817e-03
   &VIBENERGY [&Type "Double"]       2.8799389604356731e-03
   &NUMOFFREQS [&Type "Integer"] 42
   &FREQSCALINGFACTOR [&Type "Double"]       1.0000000000000000e+00
   &FREQ [&Type "ArrayOfDoubles", &Dim (42,1)] "In cm^-1"
                                                         0

0                                      0.0000000000000000e+00
1                                      0.0000000000000000e+00
2                                      0.0000000000000000e+00
3                                      0.0000000000000000e+00
4                                      0.0000000000000000e+00
5                                      0.0000000000000000e+00
6                                      1.2651451078082295e+02
7                                      2.4290327186433413e+02
8                                      2.6484096786460566e+02
9                                      2.7600980019526867e+02
10                                     4.3114142520264318e+02
11                                     7.4414269155667500e+02
12                                     8.1797034177058038e+02
13                                     8.4513889791770839e+02
14                                     9.6396799162235550e+02
15                                     9.8157470211475425e+02
16                                     1.0176798741414494e+03
17                                     1.0643098718858366e+03
18                                     1.1712152899070711e+03
19                                     1.2093106122924089e+03
20                                     1.2897929207069121e+03
21                                     1.3160717248549440e+03
22                                     1.3317652685720404e+03
23                                     1.3812425542599105e+03
24                                     1.4029679846409392e+03
25                                     1.4054021173566014e+03
26                                     1.4779368967063833e+03
27                                     1.4833356880481010e+03
28                                     1.4946914705118365e+03
29                                     1.4967602195751476e+03
30                                     1.4991398612112662e+03
31                                     1.5036007795781757e+03
32                                     2.9868213132644332e+03
33                                     2.9953159438009588e+03
34                                     2.9990473135860566e+03
35                                     3.0001489148327150e+03
36                                     3.0166444201597019e+03
37                                     3.0401682837916442e+03
38                                     3.0724151387015077e+03
39                                     3.0769396411796033e+03
40                                     3.0779056192737235e+03
41                                     3.0788703935236831e+03
   &ZPE [&Type "Double"]       1.3118533207568869e-01
   &INNERENERGYU [&Type "Double"]      -1.5826445343342166e+02
   &ENTHALPYH [&Type "Double"]      -1.5826350922437942e+02
   &QEL [&Type "Double"]       0.0000000000000000e+00
   &QROT [&Type "Double"]       1.0993872179647202e-02
   &QVIB [&Type "Double"]       4.7604725815847907e-03
   &QTRANS [&Type "Double"]       1.8102785245366976e-02
   &ENTROPYS [&Type "Double"]       3.3857130006598971e-02
   &FREEENERGYG [&Type "Double"]      -1.5829736635438601e+02
   &ISLINEAR [&Type "Boolean"] false
$End
$Hessian
   &GeometryIndex 1
   &ListStatus       OUT
   &HESSIAN [&Type "ArrayOfDoubles", &Dim (42,42)] "The Hessian"
                                                         0                           1                           2                           3                           4                           5                           6                           7

0                                      4.8048183751919149e-01         4.3109546385593500e-02         6.9317338837300368e-07        -1.6369160052413778e-01         4.2305490168513080e-02         3.6280353841957678e-07        -3.1207997112708909e-02         9.2801332320009006e-03
1                                      4.3109546385593500e-02         5.3900836813828445e-01        -2.6741974048296062e-07         4.5118210851299370e-02        -1.0004494769713523e-01        -1.5196991498739669e-07        -2.0857783990696200e-02         1.2056890208928859e-02
2                                      6.9317338837300368e-07        -2.6741974048296062e-07         5.5422480775256810e-01         6.3831503398846150e-07        -1.3020767591055262e-07        -7.7406168829391220e-02        -5.2123722812961333e-08        -4.2345452528780830e-08
3                                     -1.6369160052413778e-01         4.5118210851299370e-02         6.3831503398846150e-07         4.4480668607138468e-01        -1.7630870845758678e-02         4.0508542706622561e-08        -1.2426064116457874e-01        -5.0829816950145698e-02
4                                      4.2305490168513080e-02        -1.0004494769713523e-01        -1.3020767591055262e-07        -1.7630870845758678e-02         5.1701043343109987e-01        -1.7817676969058443e-07        -5.0829789768269615e-02        -1.3060057949366949e-01
5                                      3.6280353841957678e-07        -1.5196991498739669e-07        -7.7406168829391220e-02         4.0508542706622561e-08        -1.7817676969058443e-07         5.8073114222726041e-01        -1.6171333178742607e-07        -1.4298952468896514e-07
6                                     -3.1207997112708909e-02        -2.0857783990696200e-02        -5.2123722812961333e-08        -1.2426064116457874e-01        -5.0829789768269615e-02        -1.6171333178742607e-07         4.4480685409634124e-01        -1.7631052630393759e-02
7                                      9.2801332320009006e-03         1.2056890208928859e-02        -4.2345452528780830e-08        -5.0829816950145698e-02        -1.3060057949366949e-01        -1.4298952468896514e-07        -1.7631052630393759e-02         5.1701031772344541e-01
8                                     -1.4318372559630911e-07        -9.8161241993324354e-08        -7.9235110915677406e-04        -3.5066580644916678e-07        -1.9792442427962307e-07        -7.7930952934511064e-02        -2.8950228992465234e-06         4.3520679682737518e-07
9                                     -2.3809844740733475e-03        -3.6857403349693468e-03        -7.8378883701821208e-08        -3.1207932317908658e-02         9.2801229825054121e-03        -5.7867563175650024e-07        -1.6369166280907027e-01         4.2305455744961959e-02
10                                    -3.6857457020511601e-03        -4.3110223759364116e-03        -8.8182953563479408e-08        -2.0857791364377043e-02         1.2056900969496694e-02        -5.3205574694038248e-07         4.5118130592317521e-02        -1.0004487631064198e-01
11                                     9.0311055339706476e-08         5.7241560523598958e-08        -4.0138035332902002e-04        -2.6329794796628873e-07         7.6061143015932026e-08        -7.9235426272079509e-04        -3.1695791230266751e-06         1.2881099766712060e-06
12                                    -4.8873678410927490e-02         1.5204539265940903e-02         2.2340493620539088e-02        -4.8835241447296833e-03         1.7976060079459184e-02         2.6242937380719398e-02         2.0771078918971776e-03         1.0594823312141753e-03
13                                     1.5517435837490552e-02        -1.2912121599500909e-01        -1.1787966394728958e-01         2.2035302722885584e-03        -1.0058112227385610e-02        -1.2485701042505301e-02        -9.1643913605329429e-04         5.3339378894276101e-04
14                                     2.2901686779801405e-02        -1.1809572904061860e-01        -2.1574662182476842e-01         1.5329858530874901e-04         2.5382676568476252e-04         7.1851590186279351e-05        -3.3006076844396739e-04         1.5795986959408516e-04
15                                    -1.7742766623352252e-01        -1.2869871724480314e-01         2.9481907134521808e-07        -2.0736794322052776e-02        -2.2762648440459644e-02         1.0316655478934145e-08        -4.7013982201969100e-03         5.6744268162851469e-03
16                                    -1.2992414431051721e-01        -1.7298843520666768e-01         2.5638302959466414e-07         1.2274995741126785e-02         1.1490620769726229e-02        -6.0847507917588636e-09         2.0692035728405115e-03        -1.1625945113662170e-03
17                                     3.1240720619764403e-07         2.9372676739698258e-07        -4.6389033140814780e-02         1.3246284338466929e-07         1.3344008205532990e-07        -1.9332820228725916e-03         6.1407253066888226e-09        -1.0480824550110078e-07
18                                    -4.8874201886876731e-02         1.5205781656667540e-02        -2.2342007330592478e-02        -4.8836062495507650e-03         1.7976342740191189e-02        -2.6242852211415046e-02         2.0771133418567853e-03         1.0593255474401330e-03
19                                     1.5518612706121194e-02        -1.2912266039911810e-01         1.1787997055987900e-01         2.2036087263130281e-03        -1.0058171122835895e-02         1.2485561030408486e-02        -9.1636476951431015e-04         5.3338996107467947e-04
20                                    -2.2903119061760985e-02         1.1809606770901755e-01        -2.1574468883349357e-01        -1.5324857703353026e-04        -2.5406518591417591e-04         7.2217422437583466e-05         3.2999591047366220e-04        -1.5797772515158993e-04
21                                    -5.2681732687955172e-03         1.8847020013986967e-02         2.5913996955119704e-02        -4.7095363749779413e-02         1.3048451868482922e-02         1.7836993956573528e-02        -2.0233303631695884e-04        -1.5092645096997152e-02
22                                     2.2918910432242635e-03        -8.8943252176444335e-03        -1.1348587830336911e-02         1.3239687066543096e-02        -1.2881433793707747e-01        -1.1405121428177670e-01         3.9128381263997536e-04        -1.6034494594988083e-02
23                                    -1.0374293485278414e-04         7.7754717396455106e-04         2.8144781948655716e-04         1.8234487165632918e-02        -1.1475691751241472e-01        -2.1081524379509181e-01         1.1701094622692740e-04        -2.8205203293099092e-04
24                                    -5.2684781458520371e-03         1.8847415999646004e-02        -2.5913817848154705e-02        -4.7095111117059718e-02         1.3048712304887510e-02        -1.7837100692768643e-02        -2.0259653076279416e-04        -1.5092720183215100e-02
25                                     2.2920815188173654e-03        -8.8945233657543275e-03         1.1348580706518934e-02         1.3239849900688976e-02        -1.2881708502182493e-01         1.1405209142692505e-01         3.9119673053577761e-04        -1.6034365549691152e-02
26                                     1.0376504684059262e-04        -7.7767887860771996e-04         2.8165932501432217e-04        -1.8234584825207345e-02         1.1475759888822792e-01        -2.1081267341825027e-01        -1.1678856512777058e-04         2.8208936299037313e-04
27                                     1.7943866437802971e-03        -5.7826557770773745e-04        -1.0310897763933747e-03        -2.0222028545261068e-04        -1.5093016120436013e-02        -2.0680699365037084e-02        -4.7095987523143215e-02         1.3051728713111315e-02
28                                     1.3009758115632480e-03         7.0329124668670273e-04         2.3436286654803917e-04         3.9152979363489201e-04        -1.6034724227526709e-02        -2.0155137014464697e-02         1.3242839384145413e-02        -1.2881978658041446e-01
29                                     1.5746375185379498e-04         3.0618770442782280e-04         2.3384943211320953e-04         1.1681151082416560e-04        -2.8228985813516343e-04        -9.0236765821627082e-04         1.8238247043032021e-02        -1.1475834986551321e-01
30                                     1.7943799472772384e-03        -5.7813098080932498e-04         1.0309722980855072e-03        -2.0272403770991640e-04        -1.5092349527306422e-02         2.0681252054545594e-02        -4.7094530761712328e-02         1.3045721344740292e-02
31                                     1.3008284265498367e-03         7.0315763979169818e-04        -2.3440815445112200e-04         3.9092110774728225e-04        -1.6034190717233748e-02         2.0155416096021797e-02         1.3236968864808732e-02        -1.2881170039133802e-01
32                                    -1.5733166569340028e-04        -3.0614507828203436e-04         2.3376919322358990e-04        -1.1698360791546902e-04         2.8186555533978898e-04        -9.0195876340217070e-04        -1.8231129360405718e-02         1.1475633343169149e-01
33                                    -6.8013593311560053e-05         5.6984748533950096e-05        -1.9665604065242494e-04         2.0771179144095150e-03         1.0593321038981636e-03         1.1906614913029076e-03        -4.8840240671956551e-03         1.7976734839579397e-02
34                                    -7.1841410579226005e-05         9.7594939950007261e-05         2.1872317343837579e-04        -9.1638798440615409e-04         5.3340999804821643e-04         5.6783145392351724e-04         2.2037609688726478e-03        -1.0058293016752040e-02
35                                     7.3634038878070407e-05         2.9911295880780770e-04         2.9938878982225939e-04        -3.2994687855063438e-04         1.5798788184219481e-04         1.7849636922479700e-04         1.5314218295974652e-04         2.5463442507115287e-04
36                                    -9.4180844665146726e-04        -2.0063087706556609e-03        -5.2280730964568248e-08        -4.7014015285544476e-03         5.6744276400763835e-03        -1.1769767340834916e-07        -2.0736809992334848e-02        -2.2762680926360548e-02
37                                     7.9502021986100962e-04         7.1024125534057498e-04        -7.7852698008446009e-09         2.0692020665123551e-03        -1.1625876530710986e-03         1.2131098374499717e-07         1.2274976638629455e-02         1.1490607524400721e-02
38                                    -4.5826287065050157e-08        -7.6222526370753013e-08         6.2588241787291186e-04        -1.5530582356367014e-07         2.2984490551185037e-07         2.6285272661355670e-04        -7.0951075151797767e-07        -7.9347852924828584e-07
39                                    -6.8002013391644731e-05         5.7013476616316473e-05         1.9667457326456828e-04         2.0771154557203604e-03         1.0594650488615312e-03        -1.1907250172568124e-03        -4.8830941120746180e-03         1.7975638924803951e-02
40                                    -7.1849425230481167e-05         9.7586828283100944e-05        -2.1869991415704584e-04        -9.1639861611177327e-04         5.3337092938921579e-04        -5.6795080553033385e-04         2.2033380231121259e-03        -1.0057908757930899e-02
41                                    -7.3635615614477644e-05        -2.9911764570046727e-04         2.9943936085276561e-04         3.3010147133555150e-04        -1.5794646916976983e-04         1.7844134873357055e-04        -1.5339393398444701e-04        -2.5329868315825598e-04
                                                         8                           9                          10                          11                          12                          13                          14                          15

0                                     -1.4318372559630911e-07        -2.3809844740733475e-03        -3.6857457020511601e-03         9.0311055339706476e-08        -4.8873678410927490e-02         1.5517435837490552e-02         2.2901686779801405e-02        -1.7742766623352252e-01
1                                     -9.8161241993324354e-08        -3.6857403349693468e-03        -4.3110223759364116e-03         5.7241560523598958e-08         1.5204539265940903e-02        -1.2912121599500909e-01        -1.1809572904061860e-01        -1.2869871724480314e-01
2                                     -7.9235110915677406e-04        -7.8378883701821208e-08        -8.8182953563479408e-08        -4.0138035332902002e-04         2.2340493620539088e-02        -1.1787966394728958e-01        -2.1574662182476842e-01         2.9481907134521808e-07
3                                     -3.5066580644916678e-07        -3.1207932317908658e-02        -2.0857791364377043e-02        -2.6329794796628873e-07        -4.8835241447296833e-03         2.2035302722885584e-03         1.5329858530874901e-04        -2.0736794322052776e-02
4                                     -1.9792442427962307e-07         9.2801229825054121e-03         1.2056900969496694e-02         7.6061143015932026e-08         1.7976060079459184e-02        -1.0058112227385610e-02         2.5382676568476252e-04        -2.2762648440459644e-02
5                                     -7.7930952934511064e-02        -5.7867563175650024e-07        -5.3205574694038248e-07        -7.9235426272079509e-04         2.6242937380719398e-02        -1.2485701042505301e-02         7.1851590186279351e-05         1.0316655478934145e-08
6                                     -2.8950228992465234e-06        -1.6369166280907027e-01         4.5118130592317521e-02        -3.1695791230266751e-06         2.0771078918971776e-03        -9.1643913605329429e-04        -3.3006076844396739e-04        -4.7013982201969100e-03
7                                      4.3520679682737518e-07         4.2305455744961959e-02        -1.0004487631064198e-01         1.2881099766712060e-06         1.0594823312141753e-03         5.3339378894276101e-04         1.5795986959408516e-04         5.6744268162851469e-03
8                                      5.8073126403595843e-01        -2.8263485826645827e-06         1.3153162494485515e-06        -7.7406217153699136e-02         1.1907592057318647e-03         5.6792276739839418e-04         1.7845383579540800e-04        -4.4154980100623194e-08
9                                     -2.8263485826645827e-06         4.8048173161786034e-01         4.3109264524774149e-02        -2.8590623608690940e-06        -6.7987340253444816e-05        -7.1858997679400630e-05         7.3625772822452640e-05        -9.4180501612336218e-04
10                                     1.3153162494485515e-06         4.3109264524774149e-02         5.3900858785798078e-01         1.5578237275090667e-06         5.7004868995280179e-05         9.7595223543937284e-05         2.9912502705338462e-04        -2.0063073099742309e-03
11                                    -7.7406217153699136e-02        -2.8590623608690940e-06         1.5578237275090667e-06         5.5422501336577645e-01        -1.9668296076043676e-04         2.1870498055168305e-04         2.9943118525073496e-04         5.3558957777180747e-08
12                                     1.1907592057318647e-03        -6.7987340253444816e-05         5.7004868995280179e-05        -1.9668296076043676e-04         5.4683282909964312e-02        -2.0853013960179672e-02        -2.5882506172798470e-02         2.6778398529508337e-03
13                                     5.6792276739839418e-04        -7.1858997679400630e-05         9.7595223543937284e-05         2.1870498055168305e-04        -2.0853013960179672e-02         1.3958823895304068e-01         1.3117532582444397e-01         3.4281775179559257e-03
14                                     1.7845383579540800e-04         7.3625772822452640e-05         2.9912502705338462e-04         2.9943118525073496e-04        -2.5882506172798470e-02         1.3117532582444397e-01         2.3236075075015841e-01        -2.7486281992317174e-04
15                                    -4.4154980100623194e-08        -9.4180501612336218e-04        -2.0063073099742309e-03         5.3558957777180747e-08         2.6778398529508337e-03         3.4281775179559257e-03        -2.7486281992317174e-04         1.9669445284234743e-01
16                                    -6.8284398717383562e-08         7.9501940545753224e-04         7.1024339838830775e-04         2.8376649573483724e-08        -1.2210558920914192e-02        -1.2568126851591976e-02         1.5733343273153233e-03         1.4022728327969042e-01
17                                     2.6285132231189346e-04        -1.1266158781892994e-09         3.4643673851497473e-08         6.2588441781070633e-04        -1.9769640928163332e-02        -1.8233817454058686e-02         4.0613744433429765e-04        -3.0557569472544328e-07
