*************************************************
******************* ORCA 6.0.0 ******************
*************************************************
$Calculation_Status
   &GeometryIndex 1
   &ListStatus       OUT
   &VERSION [&Type "String"] "6.0.0"
   &PROGNAME [&Type "String"] "LeanSCF"
   &STATUS [&Type "String"] "NORMAL TERMINATION"
$End
$Geometry
   &GeometryIndex 1
   &ListStatus       OUT
   &NATOMS [&Type "Integer"] 14
   &NCORELESSECP [&Type "Integer"] 0
   &NGHOSTATOMS [&Type "Integer"] 0
   &CartesianCoordinates [&Type "Coordinates", &Dim(14,4), &Units "Bohr"] 
              C      3.686495914227   -0.248754975905    0.000050809822
              C      1.070524717835    0.969598667426   -0.000008197632
              C     -1.070522631388   -0.969598180822   -0.000047042653
              C     -3.686493103259    0.248757100335    0.000037857829
              H      5.188437773653    1.172379351887    0.000376060603
              H      3.945455084899   -1.443763284618    1.670271676929
              H      3.945757279698   -1.443322164334   -1.670436934614
              H      0.872417480494    2.199989641542    1.659098370696
              H      0.872492572164    2.199990747032   -1.659124000674
              H     -0.872479861677   -2.199942168787   -1.659196752673
              H     -0.872427017186   -2.200037382638    1.659025630413
              H     -3.945647282519    1.443581755258   -1.670282978625
              H     -3.945557100064    1.443508643454    1.670425582084
              H     -5.188436244298   -1.172375909940    0.000048866050
$End
$SCF_Energy
   &GeometryIndex 1
   &ListStatus       OUT
   &SCF_ENERGY [&Type "Double"]      -1.5840522177129796e+02
$End
$DFT_Energy
   &GeometryIndex 1
   &ListStatus       OUT
   &NALPHAEL [&Type "Integer"] 17
   &NBETAEL [&Type "Integer"] 17
   &NTOTALEL [&Type "Integer"] 33
   &EEXCHANGE [&Type "Double"]      -2.4345568773217408e+01
   &ECORR [&Type "Double"]      -1.0259668626352267e+00
   &ECNL [&Type "Double"]       0.0000000000000000e+00
   &EXC [&Type "Double"]      -2.5371535635852634e+01
   &EEMBED [&Type "Double"]       0.0000000000000000e+00
   &FINALEN [&Type "Double"]      -1.5840522177129796e+02  "No Van der Waals correction"
$End
$Mulliken_Population_Analysis
   &GeometryIndex 1
   &ListStatus       OUT
   &NATOMS [&Type "Integer"] 14
   &ATNO [&Type "ArrayOfIntegers", &Dim (14,1)] 
                                                         0

0                                                        6
1                                                        6
2                                                        6
3                                                        6
4                                                        1
5                                                        1
6                                                        1
7                                                        1
8                                                        1
9                                                        1
10                                                       1
11                                                       1
12                                                       1
13                                                       1
   &ATOMICCHARGES [&Type "ArrayOfDoubles", &Dim (14,1)] 
                                                         0

0                                     -3.1106498051396869e-01
1                                     -1.4034706722447510e-01
2                                     -1.4034557509718315e-01
3                                     -3.1106623071798278e-01
4                                      1.0536015562206669e-01
5                                      9.6994263522043433e-02
6                                      9.6997713340637448e-02
7                                      7.6029394918507798e-02
8                                      7.6030323366664376e-02
9                                      7.6030707275018261e-02
10                                     7.6028858913566921e-02
11                                     9.6996257189384427e-02
12                                     9.6995922334773610e-02
13                                     1.0536025707100549e-01
$End
$Loewdin_Population_Analysis
   &GeometryIndex 1
   &ListStatus       OUT
   &NATOMS [&Type "Integer"] 14
   &ATNO [&Type "ArrayOfIntegers", &Dim (14,1)] 
                                                         0

0                                                        6
1                                                        6
2                                                        6
3                                                        6
4                                                        1
5                                                        1
6                                                        1
7                                                        1
8                                                        1
9                                                        1
10                                                       1
11                                                       1
12                                                       1
13                                                       1
   &ATOMICCHARGES [&Type "ArrayOfDoubles", &Dim (14,1)] 
                                                         0

0                                     -3.1302621748559289e-01
1                                     -2.9745753578888579e-01
2                                     -2.9745749887910300e-01
3                                     -3.1302623170599286e-01
4                                      1.1646038512879253e-01
5                                      1.1661039454984712e-01
6                                      1.1660998363217256e-01
7                                      1.3040142360061358e-01
8                                      1.3040156691561489e-01
9                                      1.3040153850491853e-01
10                                     1.3040141525786009e-01
11                                     1.1661011485817252e-01
12                                     1.1661028703732423e-01
13                                     1.1646037437432244e-01
$End
$Mayer_Population_Analysis
   &GeometryIndex 1
   &ListStatus       OUT
   &NATOMS [&Type "Integer"] 14 "Total number of atoms"
   &BONDTHRESH [&Type "Double"]       1.0000000000000001e-01  "The threshold for printing"
   &NBONDORDERSPRINT [&Type "Integer"] 13 "The number of bond orders larger than threshold"
   &BONDORDERS [&Type "ArrayOfDoubles", &Dim (13,1)] "The bond orders"
                                                         0

0                                      9.7754587600966081e-01
1                                      9.7775901066619453e-01
2                                      9.7666284148324523e-01
3                                      9.7666286218401044e-01
4                                      9.8404950922168488e-01
5                                      9.6631484573263138e-01
6                                      9.6631397711112132e-01
7                                      9.7754638086184864e-01
8                                      9.6631458703475681e-01
9                                      9.6631392672705863e-01
10                                     9.7666273930649705e-01
11                                     9.7666294568855094e-01
12                                     9.7775905766728810e-01
   &COMPONENTS [&Type "ArrayOfIntegers", &Dim (13,4)] "The indices and atomic numbers of the bonding atoms"
                                                         0                           1                           2                           3

0                                                        0                           6                           1                           6
1                                                        0                           6                           4                           1
2                                                        0                           6                           5                           1
3                                                        0                           6                           6                           1
4                                                        1                           6                           2                           6
5                                                        1                           6                           7                           1
6                                                        1                           6                           8                           1
7                                                        2                           6                           3                           6
8                                                        2                           6                           9                           1
9                                                        2                           6                          10                           1
10                                                       3                           6                          11                           1
11                                                       3                           6                          12                           1
12                                                       3                           6                          13                           1
   &ATNO [&Type "ArrayOfIntegers", &Dim (14,1)] "Atomic number of the elements"
                                                         0

0                                                        6
1                                                        6
2                                                        6
3                                                        6
4                                                        1
5                                                        1
6                                                        1
7                                                        1
8                                                        1
9                                                        1
10                                                       1
11                                                       1
12                                                       1
13                                                       1
   &NA [&Type "ArrayOfDoubles", &Dim (14,1)] "Mulliken gross atomic population"
                                                         0

0                                      6.3110649805139918e+00
1                                      6.1403470672244751e+00
2                                      6.1403455750972009e+00
3                                      6.3110662307180121e+00
4                                      8.9463984437793520e-01
5                                      9.0300573647795523e-01
6                                      9.0300228665936533e-01
7                                      9.2397060508148998e-01
8                                      9.2396967663333485e-01
9                                      9.2396929272498207e-01
10                                     9.2397114108643452e-01
11                                     9.0300374281061535e-01
12                                     9.0300407766522650e-01
13                                     8.9463974292899673e-01
   &ZA [&Type "ArrayOfDoubles", &Dim (14,1)] "Total nuclear charge"
                                                         0

0                                      6.0000000000000000e+00
1                                      6.0000000000000000e+00
2                                      6.0000000000000000e+00
3                                      6.0000000000000000e+00
4                                      1.0000000000000000e+00
5                                      1.0000000000000000e+00
6                                      1.0000000000000000e+00
7                                      1.0000000000000000e+00
8                                      1.0000000000000000e+00
9                                      1.0000000000000000e+00
10                                     1.0000000000000000e+00
11                                     1.0000000000000000e+00
12                                     1.0000000000000000e+00
13                                     1.0000000000000000e+00
   &QA [&Type "ArrayOfDoubles", &Dim (14,1)] "Mulliken gross atomic charge"
                                                         0

0                                     -3.1106498051399178e-01
1                                     -1.4034706722447510e-01
2                                     -1.4034557509720091e-01
3                                     -3.1106623071801209e-01
4                                      1.0536015562206480e-01
5                                      9.6994263522044766e-02
6                                      9.6997713340634673e-02
7                                      7.6029394918510018e-02
8                                      7.6030323366665153e-02
9                                      7.6030707275017928e-02
10                                     7.6028858913565478e-02
11                                     9.6996257189384649e-02
12                                     9.6995922334773499e-02
13                                     1.0536025707100327e-01
   &VA [&Type "ArrayOfDoubles", &Dim (14,1)] "Mayer's total valence"
                                                         0

0                                      3.9183054566852360e+00
1                                      3.8873634588290522e+00
2                                      3.8873632326482706e+00
3                                      3.9183066626511311e+00
4                                      9.7948727221959986e-01
5                                      9.8140670804181096e-01
6                                      9.8140626017948474e-01
7                                      9.7729849347837006e-01
8                                      9.7729893307659055e-01
9                                      9.7729859994877466e-01
10                                     9.7729897214489903e-01
11                                     9.8140630649531135e-01
12                                     9.8140643912850278e-01
13                                     9.7948720744523032e-01
   &BVA [&Type "ArrayOfDoubles", &Dim (14,1)] "Mayer's bonded valence"
                                                         0

0                                      3.9183054566852147e+00
1                                      3.8873634588291046e+00
2                                      3.8873632326480991e+00
3                                      3.9183066626510605e+00
4                                      9.7948727221960930e-01
5                                      9.8140670804179397e-01
6                                      9.8140626017948629e-01
7                                      9.7729849347839004e-01
8                                      9.7729893307660243e-01
9                                      9.7729859994876533e-01
10                                     9.7729897214485062e-01
11                                     9.8140630649531435e-01
12                                     9.8140643912850134e-01
13                                     9.7948720744522988e-01
   &FA [&Type "ArrayOfDoubles", &Dim (14,1)] "Mayer's free valence"
                                                         0

0                                      0.0000000000000000e+00
1                                      0.0000000000000000e+00
2                                      0.0000000000000000e+00
3                                      0.0000000000000000e+00
4                                      0.0000000000000000e+00
5                                      0.0000000000000000e+00
6                                      0.0000000000000000e+00
7                                      0.0000000000000000e+00
8                                      0.0000000000000000e+00
9                                      0.0000000000000000e+00
10                                     0.0000000000000000e+00
11                                     0.0000000000000000e+00
12                                     0.0000000000000000e+00
13                                     0.0000000000000000e+00
$End
$VdW_Correction
   &GeometryIndex 1
   &ListStatus       OUT
   &VDW [&Type "Double"]      -2.6064910537291048e-03
$End
$Calculation_Info
   &GeometryIndex 1
   &ListStatus       OUT
   &MULT [&Type "Integer"] 1
   &CHARGE [&Type "Integer"] 0
   &NUMOFATOMS [&Type "Integer"] 14
   &NUMOFELECTRONS [&Type "Integer"] 34
   &NUMOFFCELECTRONS [&Type "Integer"] 1
   &NUMOFCORRELECTRONS [&Type "Integer"] 0
   &NUMOFBASISFUNCTS [&Type "Integer"] 184
   &NUMOFAUXCBASISFUNCTS [&Type "Integer"] 0
   &NUMOFAUXJBASISFUNCTS [&Type "Integer"] 230
   &NUMOFAUXJKBASISFUNCTS [&Type "Integer"] 0
   &NUMOFCABSBASISFUNCTS [&Type "Integer"] 0
   &TOTALENERGY [&Type "Double"]      -1.5840135439095170e+02  "Hartrees"
$End
$SCF_Dipole_Moment
   &GeometryIndex 1
   &ListStatus       OUT
   &METHOD [&Type "String"] "SCF"
   &LEVEL [&Type "String"] "Relaxed density"
   &MULT [&Type "Integer"] 1
   &STATE [&Type "Integer"] -1
   &IRREP [&Type "Integer"] 0
   &NATOMS [&Type "Integer"] 14
   &DODIPOLEATOM [&Type "Boolean"] false
   &DIPOLEELECCONTRIB [&Type "ArrayOfDoubles", &Dim (3,1)] "Electronic contribution"
                                                         0

0                                     -2.0516444935959541e-07
1                                     -1.0796008917717459e-06
2                                     -5.1992022626885947e-05
   &DIPOLENUCCONTRIB [&Type "ArrayOfDoubles", &Dim (3,1)] "Nuclear contribution"
                                                         0

0                                      1.8122851397350814e-07
1                                      1.1085036557556549e-06
2                                      5.0044624354680008e-05
   &DIPOLETOTAL [&Type "ArrayOfDoubles", &Dim (3,1)] "Total"
                                                         0

0                                     -2.3935935386087265e-08
1                                      2.8902763983909043e-08
2                                     -1.9473982722059390e-06
   &DIPOLEMAGNITUDE [&Type "Double", &Units "a.u."]       1.9477598233250919e-06
$End
$THERMOCHEMISTRY_Energies
   &GeometryIndex 1
   &ListStatus       OUT
   &TEMPERATURE [&Type "Double"]       2.9814999999999998e+02
   &PRESSURE [&Type "Double"]       1.0000000000000000e+00
   &TOTALMASS [&Type "Double"]       5.8123999999999995e+01
   &SPINDEGENERACY [&Type "Integer"] 1
   &ELENERGY [&Type "Double"]      -1.5840135439095170e+02
   &TRANSENERGY [&Type "Double"]       1.4162714244859817e-03
   &ROTENERGY [&Type "Double"]       1.4162714244859817e-03
   &VIBENERGY [&Type "Double"]       2.9131983723318304e-03
   &NUMOFFREQS [&Type "Integer"] 42
   &FREQSCALINGFACTOR [&Type "Double"]       1.0000000000000000e+00
   &FREQ [&Type "ArrayOfDoubles", &Dim (42,1)] "In cm^-1"
                                                         0

0                                      0.0000000000000000e+00
1                                      0.0000000000000000e+00
2                                      0.0000000000000000e+00
3                                      0.0000000000000000e+00
4                                      0.0000000000000000e+00
5                                      0.0000000000000000e+00
6                                      1.2439405959729042e+02
7                                      2.3312942598518782e+02
8                                      2.6424439110033626e+02
9                                      2.6861293339651621e+02
10                                     4.3006172212524228e+02
11                                     7.4185453631483472e+02
12                                     8.1539106529208527e+02
13                                     8.4298777986262382e+02
14                                     9.6187032418015690e+02
15                                     9.7969544931065673e+02
16                                     1.0154373432686413e+03
17                                     1.0623709387317599e+03
18                                     1.1700242306042016e+03
19                                     1.2076766924371907e+03
20                                     1.2884793268019794e+03
21                                     1.3156084431700610e+03
22                                     1.3308740086514676e+03
23                                     1.3807713462556671e+03
24                                     1.4013321345185307e+03
25                                     1.4038000490315230e+03
26                                     1.4784300467411392e+03
27                                     1.4834589435870635e+03
28                                     1.4936843259008983e+03
29                                     1.4957771242559359e+03
30                                     1.4988101476204376e+03
31                                     1.5036748490383611e+03
32                                     2.9881779097762023e+03
33                                     2.9972759668160411e+03
34                                     3.0039603407223276e+03
35                                     3.0045105650701480e+03
36                                     3.0169240351339881e+03
37                                     3.0410559144496351e+03
38                                     3.0767498847873303e+03
39                                     3.0806085327287778e+03
40                                     3.0843881933427815e+03
41                                     3.0852945324983489e+03
   &ZPE [&Type "Double"]       1.3115729420158992e-01
   &INNERENERGYU [&Type "Double"]      -1.5826445135552879e+02
   &ENTHALPYH [&Type "Double"]      -1.5826350714648655e+02
   &QEL [&Type "Double"]       0.0000000000000000e+00
   &QROT [&Type "Double"]       1.0995106878021490e-02
   &QVIB [&Type "Double"]       4.8365843839254258e-03
   &QTRANS [&Type "Double"]       1.8102785245366976e-02
   &ENTROPYS [&Type "Double"]       3.3934476507313890e-02
   &FREEENERGYG [&Type "Double"]      -1.5829744162299386e+02
   &ISLINEAR [&Type "Boolean"] false
$End
$Hessian
   &GeometryIndex 1
   &ListStatus       OUT
   &HESSIAN [&Type "ArrayOfDoubles", &Dim (42,42)] "The Hessian"
                                                         0                           1                           2                           3                           4                           5                           6                           7

0                                      4.7984584435083927e-01         4.4449829534103494e-02        -2.7116379583960792e-06        -1.6277494078384830e-01         4.1812704834935627e-02        -1.2251536189624406e-06        -3.1048872337558750e-02         9.2854292258025620e-03
1                                      4.4449829534103494e-02         5.4030529767531077e-01         2.9802365853726876e-06         4.4585133521109439e-02        -9.9917086617130446e-02         8.3231990863687969e-07        -2.0794462141262023e-02         1.2055328263098341e-02
2                                     -2.7116379583960792e-06         2.9802365853726876e-06         5.5496276907397601e-01        -1.9946005702192825e-06        -2.5557062976094349e-07        -7.7427292406146611e-02        -2.1467564504783976e-06         7.9636806332159701e-07
3                                     -1.6277494078384830e-01         4.4585133521109439e-02        -1.9946005702192825e-06         4.4344132945165488e-01        -1.7665031207431695e-02        -3.9058654524388662e-06        -1.2400319410750942e-01        -5.0481394978048828e-02
4                                      4.1812704834935627e-02        -9.9917086617130446e-02        -2.5557062976094349e-07        -1.7665031207431695e-02         5.1724511031186127e-01        -1.5318270972391515e-07        -5.0481409055047173e-02        -1.3030492682987532e-01
5                                     -1.2251536189624406e-06         8.3231990863687969e-07        -7.7427292406146611e-02        -3.9058654524388662e-06        -1.5318270972391515e-07         5.7991759163132051e-01        -1.2404447453375124e-06        -1.6591885600888437e-06
6                                     -3.1048872337558750e-02        -2.0794462141262023e-02        -2.1467564504783976e-06        -1.2400319410750942e-01        -5.0481409055047173e-02        -1.2404447453375124e-06         4.4344116224777858e-01        -1.7665004704706163e-02
7                                      9.2854292258025620e-03         1.2055328263098341e-02         7.9636806332159701e-07        -5.0481394978048828e-02        -1.3030492682987532e-01        -1.6591885600888437e-06        -1.7665004704706163e-02         5.1724520650512562e-01
8                                     -7.4319833620190347e-07         1.6795674877313773e-07        -8.0086750268055194e-04         1.2990285068954065e-07        -1.2045157983744567e-06        -7.7912367001586297e-02         2.2042207164533924e-06        -8.3717633374790216e-07
9                                     -2.3524967808423395e-03        -3.6804887681296415e-03        -9.5939804264056726e-08        -3.1048917172462609e-02         9.2854374221833444e-03         4.2331120841709611e-07        -1.6277486644887698e-01         4.1812731882507934e-02
10                                    -3.6804920717427945e-03        -4.3082489432682341e-03        -1.3027258818105761e-07        -2.0794453942542118e-02         1.2055319111395986e-02         5.0058131925044479e-07         4.4585177491970905e-02        -9.9917123871614708e-02
11                                    -2.8783094511719462e-07         1.3928001498211751e-07        -3.9678557253105564e-04        -7.6212510721570392e-09         1.0714118764269685e-07        -8.0086350000560004e-04         3.4643235403312440e-06        -1.2049369402404094e-06
12                                    -1.7816867737101261e-01        -1.2956297215881937e-01        -2.9499432015339165e-05        -2.0680343681558994e-02        -2.2729253358465682e-02        -3.7299937602300746e-06        -4.6815699786180390e-03         5.6612276133840072e-03
13                                    -1.3072341493534725e-01        -1.7360071881306455e-01        -2.8602847935801789e-05         1.2278795258934851e-02         1.1504462878413745e-02         2.3652483114107858e-06         2.0755582440889395e-03        -1.1752808533885568e-03
14                                    -2.9908914725044983e-05        -2.8863341648894029e-05        -4.6232341586270709e-02         6.3025253528809539e-07        -4.5642524893569949e-07        -1.9390798885277529e-03         4.2204881319922647e-07         3.4036537551658636e-07
15                                    -4.8761062599383835e-02         1.5212014446706907e-02        -2.2383239106985024e-02        -4.8863977804544179e-03         1.7988856458760083e-02        -2.6233006906320157e-02         2.0775045891952607e-03         1.0543793378328592e-03
16                                     1.5499842042898313e-02        -1.2958269680515119e-01         1.1850526245195159e-01         2.2043150542956132e-03        -1.0050422229087006e-02         1.2456550855446833e-02        -9.1241887875918165e-04         5.3358924966776487e-04
17                                    -2.2900707013087870e-02         1.1870168482946458e-01        -2.1617741826913559e-01        -1.4757706610516244e-04        -2.7623929436416863e-04         9.7570924931330259e-05         3.2354005151649223e-04        -1.5541699643762882e-04
18                                    -4.8770158993478488e-02         1.5227436315149178e-02         2.2418074245960002e-02        -4.8895071121839578e-03         1.7983039099630081e-02         2.6236460122377112e-02         2.0771758584636436e-03         1.0539072089790643e-03
19                                     1.5514608045002777e-02        -1.2951974393664517e-01        -1.1848010012228923e-01         2.2062877124221555e-03        -1.0048628945079694e-02        -1.2457935959867486e-02        -9.1156275338796777e-04         5.3305846098496579e-04
20                                     2.2935648042323693e-02        -1.1867753635223702e-01        -2.1623333286880264e-01         1.4607437851546501e-04         2.7748556887607001e-04         9.9962146661611772e-05        -3.2284474250185869e-04         1.5550862855041869e-04
21                                    -5.2439183531262654e-03         1.8816432082735680e-02         2.5882208172577092e-02        -4.7127969628377890e-02         1.3113386126064866e-02         1.7887410005508572e-02        -1.8790733092270001e-04        -1.5082788635958837e-02
22                                     2.2806309425442879e-03        -8.8719976844462076e-03        -1.1310364862910385e-02         1.3300828459864774e-02        -1.2917400718670152e-01        -1.1431676536555943e-01         3.9982521376548397e-04        -1.6014232170552457e-02
23                                    -1.1905143429903620e-04         8.1852267386065165e-04         3.1083129806463538e-04         1.8278159444875840e-02        -1.1498477011681446e-01        -2.1045320542925780e-01         1.1899025276573480e-04        -2.4341674039608796e-04
24                                    -5.2414601103549039e-03         1.8817998433722630e-02        -2.5881368808075185e-02        -4.7127139268926768e-02         1.3107931607597618e-02        -1.7880492035127298e-02        -1.8811958261301907e-04        -1.5082856648849310e-02
25                                     2.2805317216168658e-03        -8.8730117422706565e-03         1.1310200531064560e-02         1.3295093875180415e-02        -1.2917270118101365e-01         1.1431677597008615e-01         3.9948088669774715e-04        -1.6014270650234159e-02
26                                     1.1938569788892336e-04        -8.1784899149931790e-04         3.0971663888695552e-04        -1.8271342577470699e-02         1.1498580612019629e-01        -2.1045475248111700e-01        -1.1925868329116726e-04         2.4255927667564577e-04
27                                     1.7954497511898713e-03        -5.6991401314333129e-04        -1.0227930421419285e-03        -1.8769005492754419e-04        -1.5082343869064844e-02        -2.0677980750163746e-02        -4.7127337906341382e-02         1.3108155696069606e-02
28                                     1.2919449957793279e-03         7.0265734012260345e-04         2.3444227713064489e-04         3.9973966468519542e-04        -1.6013628092958306e-02        -2.0120472370207611e-02         1.3295601980569810e-02        -1.2916672112620936e-01
29                                     1.4985324978348310e-04         3.0061101196495778e-04         2.3393375965884903e-04         1.1920267420923586e-04        -2.4302438329473590e-04        -8.7224851440441918e-04         1.8272574379407575e-02        -1.1498329984031593e-01
30                                     1.7954997843591895e-03        -5.7081539403308981e-04         1.0235336943089127e-03        -1.8832973207002016e-04        -1.5083304157019530e-02         2.0676704443202135e-02        -4.7127758131138536e-02         1.3113091800025877e-02
31                                     1.2924807087181700e-03         7.0271023122789843e-04        -2.3441645505654983e-04         3.9957834314584967e-04        -1.6014852893864402e-02         2.0120070519377066e-02         1.3300253979386344e-02        -1.2918001170219107e-01
32                                    -1.5012782114606641e-04        -3.0070058986399976e-04         2.3394917909734503e-04        -1.1904688849806097e-04         2.4294323578734692e-04        -8.7201610821581454e-04        -1.8276843461021042e-02         1.1498729808148671e-01
33                                    -6.8478958731456058e-05         5.5832203538535490e-05         1.9765342522157730e-04         2.0773536746836580e-03         1.0540358267243648e-03        -1.1851853607366810e-03        -4.8883136997501121e-03         1.7986540682180925e-02
34                                    -7.0942760312583779e-05         9.7521346600506261e-05        -2.1797464085390289e-04        -9.1191298399467997e-04         5.3331031255597714e-04        -5.6541164183874734e-04         2.2054862702334376e-03        -1.0049771836106079e-02
35                                    -7.4340827149116558e-05        -2.9819260654300904e-04         2.9676402075202372e-04         3.2306520854135951e-04        -1.5546523787398313e-04         1.7858278938148232e-04        -1.4663687979698387e-04        -2.7761307793070606e-04
36                                    -6.8373338815299429e-05         5.5755374692497567e-05        -1.9773131315396357e-04         2.0773212618948496e-03         1.0542626243613326e-03         1.1854293657617759e-03        -4.8875758664901131e-03         1.7985345775572877e-02
37                                    -7.0965542551411440e-05         9.7511950836275596e-05         2.1805075711751865e-04        -9.1207804551400855e-04         5.3333602746876221e-04         5.6553950454314261e-04         2.2051203265494746e-03        -1.0049316938815410e-02
38                                     7.4333159640505887e-05         2.9816039501354792e-04         2.9687555162559735e-04        -3.2332573208815069e-04         1.5546103350906962e-04         1.7858826178415439e-04         1.4701505187922695e-04         2.7610519503779279e-04
39                                    -9.3835425923598399e-04        -2.0004918554980176e-03        -4.0800644167063420e-08        -4.6815750659134747e-03         5.6612268706605724e-03         1.8895996968166407e-07        -2.0680327305618428e-02        -2.2729225812118690e-02
40                                     7.9652567767972112e-04         7.1247773478014297e-04         6.6413928295636249e-08         2.0755600440040831e-03        -1.1752846659854573e-03        -1.9010072778744831e-07         1.2278814697226487e-02         1.1504473500110426e-02
41                                     3.5581360586513825e-08         8.8914653249799477e-08         6.2319868350565436e-04         8.8791805085206432e-08        -2.8156234389637417e-07         2.5952957518229880e-04         7.0087335836382707e-07         8.5394740865107581e-07
                                                         8                           9                          10                          11                          12                          13                          14                          15

0                                     -7.4319833620190347e-07        -2.3524967808423395e-03        -3.6804920717427945e-03        -2.8783094511719462e-07        -1.7816867737101261e-01        -1.3072341493534725e-01        -2.9908914725044983e-05        -4.8761062599383835e-02
1                                      1.6795674877313773e-07        -3.6804887681296415e-03        -4.3082489432682341e-03         1.3928001498211751e-07        -1.2956297215881937e-01        -1.7360071881306455e-01        -2.8863341648894029e-05         1.5212014446706907e-02
2                                     -8.0086750268055194e-04        -9.5939804264056726e-08        -1.3027258818105761e-07        -3.9678557253105564e-04        -2.9499432015339165e-05        -2.8602847935801789e-05        -4.6232341586270709e-02        -2.2383239106985024e-02
3                                      1.2990285068954065e-07        -3.1048917172462609e-02        -2.0794453942542118e-02        -7.6212510721570392e-09        -2.0680343681558994e-02         1.2278795258934851e-02         6.3025253528809539e-07        -4.8863977804544179e-03
4                                     -1.2045157983744567e-06         9.2854374221833444e-03         1.2055319111395986e-02         1.0714118764269685e-07        -2.2729253358465682e-02         1.1504462878413745e-02        -4.5642524893569949e-07         1.7988856458760083e-02
5                                     -7.7912367001586297e-02         4.2331120841709611e-07         5.0058131925044479e-07        -8.0086350000560004e-04        -3.7299937602300746e-06         2.3652483114107858e-06        -1.9390798885277529e-03        -2.6233006906320157e-02
6                                      2.2042207164533924e-06        -1.6277486644887698e-01         4.4585177491970905e-02         3.4643235403312440e-06        -4.6815699786180390e-03         2.0755582440889395e-03         4.2204881319922647e-07         2.0775045891952607e-03
7                                     -8.3717633374790216e-07         4.1812731882507934e-02        -9.9917123871614708e-02        -1.2049369402404094e-06         5.6612276133840072e-03        -1.1752808533885568e-03         3.4036537551658636e-07         1.0543793378328592e-03
8                                      5.7991762360432220e-01         2.7073951790684247e-06        -1.1587974445169684e-06        -7.7427286776502485e-02        -2.3326354757297752e-07         2.5654215760599329e-07         2.5953080949753259e-04        -1.1854914973352965e-03
9                                      2.7073951790684247e-06         4.7984595454191448e-01         4.4449959038937059e-02         3.6943100184924443e-06        -9.3835429957448823e-04         7.9652358994960473e-04         2.5458048532833359e-08        -6.8333487492315027e-05
10                                    -1.1587974445169684e-06         4.4449959038937059e-02         5.4030521049496349e-01        -2.2247195170433427e-06        -2.0004910207486186e-03         7.1247283819229294e-04        -6.6193172537224722e-08         5.5850717235799861e-05
11                                    -7.7427286776502485e-02         3.6943100184924443e-06        -2.2247195170433427e-06         5.5496272071678676e-01        -1.0810539382073861e-07        -9.4689229850751440e-08         6.2319790035677430e-04         1.9763388440915977e-04
12                                    -2.3326354757297752e-07        -9.3835429957448823e-04        -2.0004910207486186e-03        -1.0810539382073861e-07         1.9733884119747400e-01         1.4103430967751990e-01         3.1901625224309877e-05         2.6860551407538935e-03
13                                     2.5654215760599329e-07         7.9652358994960473e-04         7.1247283819229294e-04        -9.4689229850751440e-08         1.4103430967751990e-01         1.8609850470712974e-01         3.1668653701897296e-05        -1.2219916090944166e-02
14                                     2.5953080949753259e-04         2.5458048532833359e-08        -6.6193172537224722e-08         6.2319790035677430e-04         3.1901625224309877e-05         3.1668653701897296e-05         4.5789472882926889e-02         1.9796374117975628e-02
15                                    -1.1854914973352965e-03        -6.8333487492315027e-05         5.5850717235799861e-05         1.9763388440915977e-04         2.6860551407538935e-03        -1.2219916090944166e-02         1.9796374117975628e-02         5.4548090178242942e-02
16                                    -5.6549636836568992e-04        -7.0987178129070308e-05         9.7536592474773949e-05        -2.1813790823262282e-04         3.4416933894310976e-03        -1.2566738754727403e-02         1.8243854540905526e-02        -2.0853651227509235e-02
17                                     1.7873031004578461e-04        -7.4326174445448097e-05        -2.9822099628315718e-04         2.9680910740779466e-04         2.7157682630917987e-04        -1.6055293894931544e-03         4.2799518927338562e-04         2.5879755624065186e-02
