
$orca_hessian_file

$act_atom
  0

$act_coord
  0

$act_energy
        0.000000

$multiplicity
  1

$hessian
42
                    0                  1                  2                  3                  4        
    0      4.7984584435E-01   4.4449829534E-02  -2.7116379584E-06  -1.6277494078E-01   4.1812704835E-02
    1      4.4449829534E-02   5.4030529768E-01   2.9802365854E-06   4.4585133521E-02  -9.9917086617E-02
    2     -2.7116379584E-06   2.9802365854E-06   5.5496276907E-01  -1.9946005702E-06  -2.5557062976E-07
    3     -1.6277494078E-01   4.4585133521E-02  -1.9946005702E-06   4.4344132945E-01  -1.7665031207E-02
    4      4.1812704835E-02  -9.9917086617E-02  -2.5557062976E-07  -1.7665031207E-02   5.1724511031E-01
    5     -1.2251536190E-06   8.3231990864E-07  -7.7427292406E-02  -3.9058654524E-06  -1.5318270972E-07
    6     -3.1048872338E-02  -2.0794462141E-02  -2.1467564505E-06  -1.2400319411E-01  -5.0481409055E-02
    7      9.2854292258E-03   1.2055328263E-02   7.9636806332E-07  -5.0481394978E-02  -1.3030492683E-01
    8     -7.4319833620E-07   1.6795674877E-07  -8.0086750268E-04   1.2990285069E-07  -1.2045157984E-06
    9     -2.3524967808E-03  -3.6804887681E-03  -9.5939804264E-08  -3.1048917172E-02   9.2854374222E-03
   10     -3.6804920717E-03  -4.3082489433E-03  -1.3027258818E-07  -2.0794453943E-02   1.2055319111E-02
   11     -2.8783094512E-07   1.3928001498E-07  -3.9678557253E-04  -7.6212510722E-09   1.0714118764E-07
   12     -1.7816867737E-01  -1.2956297216E-01  -2.9499432015E-05  -2.0680343682E-02  -2.2729253358E-02
   13     -1.3072341494E-01  -1.7360071881E-01  -2.8602847936E-05   1.2278795259E-02   1.1504462878E-02
   14     -2.9908914725E-05  -2.8863341649E-05  -4.6232341586E-02   6.3025253529E-07  -4.5642524894E-07
   15     -4.8761062599E-02   1.5212014447E-02  -2.2383239107E-02  -4.8863977805E-03   1.7988856459E-02
   16      1.5499842043E-02  -1.2958269681E-01   1.1850526245E-01   2.2043150543E-03  -1.0050422229E-02
   17     -2.2900707013E-02   1.1870168483E-01  -2.1617741827E-01  -1.4757706611E-04  -2.7623929436E-04
   18     -4.8770158993E-02   1.5227436315E-02   2.2418074246E-02  -4.8895071122E-03   1.7983039100E-02
   19      1.5514608045E-02  -1.2951974394E-01  -1.1848010012E-01   2.2062877124E-03  -1.0048628945E-02
   20      2.2935648042E-02  -1.1867753635E-01  -2.1623333287E-01   1.4607437852E-04   2.7748556888E-04
   21     -5.2439183531E-03   1.8816432083E-02   2.5882208173E-02  -4.7127969628E-02   1.3113386126E-02
   22      2.2806309425E-03  -8.8719976844E-03  -1.1310364863E-02   1.3300828460E-02  -1.2917400719E-01
   23     -1.1905143430E-04   8.1852267386E-04   3.1083129806E-04   1.8278159445E-02  -1.1498477012E-01
   24     -5.2414601104E-03   1.8817998434E-02  -2.5881368808E-02  -4.7127139269E-02   1.3107931608E-02
   25      2.2805317216E-03  -8.8730117423E-03   1.1310200531E-02   1.3295093875E-02  -1.2917270118E-01
   26      1.1938569789E-04  -8.1784899150E-04   3.0971663889E-04  -1.8271342577E-02   1.1498580612E-01
   27      1.7954497512E-03  -5.6991401314E-04  -1.0227930421E-03  -1.8769005493E-04  -1.5082343869E-02
   28      1.2919449958E-03   7.0265734012E-04   2.3444227713E-04   3.9973966469E-04  -1.6013628093E-02
   29      1.4985324978E-04   3.0061101196E-04   2.3393375966E-04   1.1920267421E-04  -2.4302438329E-04
   30      1.7954997844E-03  -5.7081539403E-04   1.0235336943E-03  -1.8832973207E-04  -1.5083304157E-02
   31      1.2924807087E-03   7.0271023123E-04  -2.3441645506E-04   3.9957834315E-04  -1.6014852894E-02
   32     -1.5012782115E-04  -3.0070058986E-04   2.3394917910E-04  -1.1904688850E-04   2.4294323579E-04
   33     -6.8478958731E-05   5.5832203539E-05   1.9765342522E-04   2.0773536747E-03   1.0540358267E-03
   34     -7.0942760313E-05   9.7521346601E-05  -2.1797464085E-04  -9.1191298399E-04   5.3331031256E-04
   35     -7.4340827149E-05  -2.9819260654E-04   2.9676402075E-04   3.2306520854E-04  -1.5546523787E-04
   36     -6.8373338815E-05   5.5755374692E-05  -1.9773131315E-04   2.0773212619E-03   1.0542626244E-03
   37     -7.0965542551E-05   9.7511950836E-05   2.1805075712E-04  -9.1207804551E-04   5.3333602747E-04
   38      7.4333159641E-05   2.9816039501E-04   2.9687555163E-04  -3.2332573209E-04   1.5546103351E-04
   39     -9.3835425924E-04  -2.0004918555E-03  -4.0800644167E-08  -4.6815750659E-03   5.6612268707E-03
   40      7.9652567768E-04   7.1247773478E-04   6.6413928296E-08   2.0755600440E-03  -1.1752846660E-03
   41      3.5581360587E-08   8.8914653250E-08   6.2319868351E-04   8.8791805085E-08  -2.8156234390E-07
                    5                  6                  7                  8                  9        
    0     -1.2251536190E-06  -3.1048872338E-02   9.2854292258E-03  -7.4319833620E-07  -2.3524967808E-03
    1      8.3231990864E-07  -2.0794462141E-02   1.2055328263E-02   1.6795674877E-07  -3.6804887681E-03
    2     -7.7427292406E-02  -2.1467564505E-06   7.9636806332E-07  -8.0086750268E-04  -9.5939804264E-08
    3     -3.9058654524E-06  -1.2400319411E-01  -5.0481394978E-02   1.2990285069E-07  -3.1048917172E-02
    4     -1.5318270972E-07  -5.0481409055E-02  -1.3030492683E-01  -1.2045157984E-06   9.2854374222E-03
    5      5.7991759163E-01  -1.2404447453E-06  -1.6591885601E-06  -7.7912367002E-02   4.2331120842E-07
    6     -1.2404447453E-06   4.4344116225E-01  -1.7665004705E-02   2.2042207165E-06  -1.6277486645E-01
    7     -1.6591885601E-06  -1.7665004705E-02   5.1724520651E-01  -8.3717633375E-07   4.1812731883E-02
    8     -7.7912367002E-02   2.2042207165E-06  -8.3717633375E-07   5.7991762360E-01   2.7073951791E-06
    9      4.2331120842E-07  -1.6277486645E-01   4.1812731883E-02   2.7073951791E-06   4.7984595454E-01
   10      5.0058131925E-07   4.4585177492E-02  -9.9917123872E-02  -1.1587974445E-06   4.4449959039E-02
   11     -8.0086350001E-04   3.4643235403E-06  -1.2049369402E-06  -7.7427286777E-02   3.6943100185E-06
   12     -3.7299937602E-06  -4.6815699786E-03   5.6612276134E-03  -2.3326354757E-07  -9.3835429957E-04
   13      2.3652483114E-06   2.0755582441E-03  -1.1752808534E-03   2.5654215761E-07   7.9652358995E-04
   14     -1.9390798885E-03   4.2204881320E-07   3.4036537552E-07   2.5953080950E-04   2.5458048533E-08
   15     -2.6233006906E-02   2.0775045892E-03   1.0543793378E-03  -1.1854914973E-03  -6.8333487492E-05
   16      1.2456550855E-02  -9.1241887876E-04   5.3358924967E-04  -5.6549636837E-04  -7.0987178129E-05
   17      9.7570924931E-05   3.2354005152E-04  -1.5541699644E-04   1.7873031005E-04  -7.4326174445E-05
   18      2.6236460122E-02   2.0771758585E-03   1.0539072090E-03   1.1851184095E-03  -6.8511556602E-05
   19     -1.2457935960E-02  -9.1156275339E-04   5.3305846098E-04   5.6546233266E-04  -7.0920500024E-05
   20      9.9962146662E-05  -3.2284474250E-04   1.5550862855E-04   1.7844181878E-04   7.4348039287E-05
   21      1.7887410006E-02  -1.8790733092E-04  -1.5082788636E-02  -2.0677282433E-02   1.7954857187E-03
   22     -1.1431676537E-01   3.9982521377E-04  -1.6014232171E-02  -2.0120530285E-02   1.2923421965E-03
   23     -2.1045320543E-01   1.1899025277E-04  -2.4341674040E-04  -8.7267862898E-04   1.5010261432E-04
   24     -1.7880492035E-02  -1.8811958261E-04  -1.5082856649E-02   2.0677387920E-02   1.7954581691E-03
   25      1.1431677597E-01   3.9948088670E-04  -1.6014270650E-02   2.0120033369E-02   1.2920847537E-03
   26     -2.1045475248E-01  -1.1925868329E-04   2.4255927668E-04  -8.7159036982E-04  -1.4988095703E-04
   27     -2.0677980750E-02  -4.7127337906E-02   1.3108155696E-02   1.7881585484E-02  -5.2420724554E-03
   28     -2.0120472370E-02   1.3295601981E-02  -1.2916672113E-01  -1.1431471950E-01   2.2803455752E-03
   29     -8.7224851440E-04   1.8272574379E-02  -1.1498329984E-01  -2.1046122065E-01  -1.1907961849E-04
   30      2.0676704443E-02  -4.7127758131E-02   1.3113091800E-02  -1.7886223679E-02  -5.2432744293E-03
   31      2.0120070519E-02   1.3300253979E-02  -1.2918001170E-01   1.1431883908E-01   2.2808026087E-03
   32     -8.7201610822E-04  -1.8276843461E-02   1.1498729808E-01  -2.1044675976E-01   1.1936161909E-04
   33     -1.1851853607E-03  -4.8883136998E-03   1.7986540682E-02  -2.6234259774E-02  -4.8766934291E-02
   34     -5.6541164184E-04   2.2054862702E-03  -1.0049771836E-02   1.2456860004E-02   1.5510831058E-02
   35      1.7858278938E-04  -1.4663687980E-04  -2.7761307793E-04   9.9796848568E-05  -2.2922209649E-02
   36      1.1854293658E-03  -4.8875758665E-03   1.7985345776E-02   2.6235187545E-02  -4.8764216908E-02
   37      5.6553950454E-04   2.2051203265E-03  -1.0049316939E-02  -1.2457672871E-02   1.5503460004E-02
   38      1.7858826178E-04   1.4701505188E-04   2.7610519504E-04   9.7729941287E-05   2.2913916016E-02
   39      1.8895996968E-07  -2.0680327306E-02  -2.2729225812E-02  -2.7266223954E-08  -1.7816892060E-01
   40     -1.9010072779E-07   1.2278814697E-02   1.1504473500E-02  -1.3672256120E-08  -1.3072340949E-01
   41      2.5952957518E-04   7.0087335836E-07   8.5394740865E-07  -1.9390826383E-03   9.4871283739E-07
                   10                 11                 12                 13                 14        
    0     -3.6804920717E-03  -2.8783094512E-07  -1.7816867737E-01  -1.3072341494E-01  -2.9908914725E-05
    1     -4.3082489433E-03   1.3928001498E-07  -1.2956297216E-01  -1.7360071881E-01  -2.8863341649E-05
    2     -1.3027258818E-07  -3.9678557253E-04  -2.9499432015E-05  -2.8602847936E-05  -4.6232341586E-02
    3     -2.0794453943E-02  -7.6212510722E-09  -2.0680343682E-02   1.2278795259E-02   6.3025253529E-07
    4      1.2055319111E-02   1.0714118764E-07  -2.2729253358E-02   1.1504462878E-02  -4.5642524894E-07
    5      5.0058131925E-07  -8.0086350001E-04  -3.7299937602E-06   2.3652483114E-06  -1.9390798885E-03
    6      4.4585177492E-02   3.4643235403E-06  -4.6815699786E-03   2.0755582441E-03   4.2204881320E-07
    7     -9.9917123872E-02  -1.2049369402E-06   5.6612276134E-03  -1.1752808534E-03   3.4036537552E-07
    8     -1.1587974445E-06  -7.7427286777E-02  -2.3326354757E-07   2.5654215761E-07   2.5953080950E-04
    9      4.4449959039E-02   3.6943100185E-06  -9.3835429957E-04   7.9652358995E-04   2.5458048533E-08
   10      5.4030521049E-01  -2.2247195170E-06  -2.0004910207E-03   7.1247283819E-04  -6.6193172537E-08
   11     -2.2247195170E-06   5.5496272072E-01  -1.0810539382E-07  -9.4689229851E-08   6.2319790036E-04
   12     -2.0004910207E-03  -1.0810539382E-07   1.9733884120E-01   1.4103430968E-01   3.1901625224E-05
   13      7.1247283819E-04  -9.4689229851E-08   1.4103430968E-01   1.8609850471E-01   3.1668653702E-05
   14     -6.6193172537E-08   6.2319790036E-04   3.1901625224E-05   3.1668653702E-05   4.5789472883E-02
   15      5.5850717236E-05   1.9763388441E-04   2.6860551408E-03  -1.2219916091E-02   1.9796374118E-02
   16      9.7536592475E-05  -2.1813790823E-04   3.4416933894E-03  -1.2566738755E-02   1.8243854541E-02
   17     -2.9822099628E-04   2.9680910741E-04   2.7157682631E-04  -1.6055293895E-03   4.2799518927E-04
   18      5.5739029250E-05  -1.9775494441E-04   2.6896699439E-03  -1.2214933655E-02  -1.9799466070E-02
   19      9.7495608336E-05   2.1788484157E-04   3.4449927148E-03  -1.2562297531E-02  -1.8246537489E-02
   20      2.9813126298E-04   2.9682758806E-04  -2.7021690838E-04   1.5997668945E-03   4.2014800232E-04
   21     -5.7046662971E-04  -1.0233205081E-03   9.7588034755E-04  -7.4315793614E-04   1.8679761353E-04
   22      7.0277021781E-04   2.3440297684E-04   2.9741789848E-06   7.2589473037E-04   3.4253940313E-04
   23      3.0071008985E-04   2.3402425793E-04   6.5985809883E-04   4.4477895698E-05   8.6162755864E-05
   24     -5.7027313298E-04   1.0230099499E-03   9.7534677358E-04  -7.4325715447E-04  -1.8666914541E-04
   25      7.0260036797E-04  -2.3445338964E-04   3.2691536087E-06   7.2532181069E-04  -3.4228051883E-04
   26     -3.0060547227E-04   2.3385864163E-04  -6.5970807490E-04  -4.4317876512E-05   8.5548602860E-05
   27      1.8816442670E-02   2.5882427096E-02   2.8607042048E-04   1.7221137249E-04   2.6926445620E-04
   28     -8.8721855205E-03  -1.1310591895E-02   1.6230473693E-04   9.4435867627E-05   3.8081915129E-04
   29      8.1758710135E-04   3.0948947814E-04  -1.3777469425E-04   2.8323793191E-04   2.5291874010E-04
   30      1.8817980817E-02  -2.5881137974E-02   2.8611370191E-04   1.7222895476E-04  -2.6919185262E-04
   31     -8.8728397491E-03   1.1309989824E-02   1.6239765059E-04   9.4515075854E-05  -3.8089785225E-04
   32     -8.1878464237E-04   3.1105822473E-04   1.3772066278E-04  -2.8332674781E-04   2.5303187578E-04
   33      1.5223380104E-02  -2.2404766282E-02   5.1666068741E-06  -1.0389402512E-04   1.0570713040E-04
   34     -1.2955652093E-01   1.1849435488E-01   2.8371827189E-05   2.9100469601E-05  -3.8721773846E-05
   35      1.1869131350E-01  -2.1619911090E-01  -8.6728556996E-05   3.3463303359E-05  -1.7549580554E-05
   36      1.5215905117E-02   2.2396306569E-02   5.1681664871E-06  -1.0385829715E-04  -1.0572147513E-04
   37     -1.2954598797E-01  -1.1849105883E-01   2.8376545909E-05   2.9078870561E-05   3.8735698291E-05
   38     -1.1868795572E-01  -2.1621160293E-01   8.6747884016E-05  -3.3460738324E-05  -1.7497158877E-05
   39     -1.2956297038E-01   9.1199677555E-07  -7.7936696825E-04   3.2280134740E-04  -2.8782391994E-08
   40     -1.7360049824E-01   8.6542594292E-07   3.2280269903E-04  -1.0875129602E-04  -8.5313546374E-09
   41      9.2627205361E-07  -4.6232336230E-02   5.7469505484E-08  -2.9867564897E-08   8.4614552487E-06
                   15                 16                 17                 18                 19        
    0     -4.8761062599E-02   1.5499842043E-02  -2.2900707013E-02  -4.8770158993E-02   1.5514608045E-02
    1      1.5212014447E-02  -1.2958269681E-01   1.1870168483E-01   1.5227436315E-02  -1.2951974394E-01
    2     -2.2383239107E-02   1.1850526245E-01  -2.1617741827E-01   2.2418074246E-02  -1.1848010012E-01
    3     -4.8863977805E-03   2.2043150543E-03  -1.4757706611E-04  -4.8895071122E-03   2.2062877124E-03
    4      1.7988856459E-02  -1.0050422229E-02  -2.7623929436E-04   1.7983039100E-02  -1.0048628945E-02
    5     -2.6233006906E-02   1.2456550855E-02   9.7570924931E-05   2.6236460122E-02  -1.2457935960E-02
    6      2.0775045892E-03  -9.1241887876E-04   3.2354005152E-04   2.0771758585E-03  -9.1156275339E-04
    7      1.0543793378E-03   5.3358924967E-04  -1.5541699644E-04   1.0539072090E-03   5.3305846098E-04
    8     -1.1854914973E-03  -5.6549636837E-04   1.7873031005E-04   1.1851184095E-03   5.6546233266E-04
    9     -6.8333487492E-05  -7.0987178129E-05  -7.4326174445E-05  -6.8511556602E-05  -7.0920500024E-05
   10      5.5850717236E-05   9.7536592475E-05  -2.9822099628E-04   5.5739029250E-05   9.7495608336E-05
   11      1.9763388441E-04  -2.1813790823E-04   2.9680910741E-04  -1.9775494441E-04   2.1788484157E-04
   12      2.6860551408E-03   3.4416933894E-03   2.7157682631E-04   2.6896699439E-03   3.4449927148E-03
   13     -1.2219916091E-02  -1.2566738755E-02  -1.6055293895E-03  -1.2214933655E-02  -1.2562297531E-02
   14      1.9796374118E-02   1.8243854541E-02   4.2799518927E-04  -1.9799466070E-02  -1.8246537489E-02
   15      5.4548090178E-02  -2.0853651228E-02   2.5879755624E-02  -9.3561903818E-04  -2.3640879604E-03
   16     -2.0853651228E-02   1.4002576867E-01  -1.3175764450E-01  -2.3604688399E-03   1.1343579216E-02
   17      2.5879755624E-02  -1.3175764450E-01   2.3284318520E-01  -2.5391467992E-03   1.5818312522E-02
   18     -9.3561903818E-04  -2.3604688399E-03  -2.5391467992E-03   5.4556489074E-02  -2.0871049744E-02
   19     -2.3640879604E-03   1.1343579216E-02   1.5818312522E-02  -2.0871049744E-02   1.3995694311E-01
   20      2.5419932339E-03  -1.5810353261E-02  -2.0268535172E-02  -2.5917223581E-02   1.3172962145E-01
   21      1.3262661160E-03  -4.0171072300E-04  -4.6678048950E-04  -5.7023970934E-03   3.1372984860E-03
   22     -4.9024896617E-04  -7.0160159494E-05  -2.6829187635E-05   2.6842003770E-03  -4.0763275462E-04
   23      3.4290618021E-04  -8.5397686709E-05   8.8881463267E-04  -1.3164163604E-04   5.7980774191E-04
   24     -5.7025617654E-03   3.1366558643E-03   2.1715657929E-04   1.3268523269E-03  -4.0196330616E-04
   25      2.6845954377E-03  -4.0772138582E-04  -1.7424744504E-04  -4.9035860562E-04  -6.9817972651E-05
   26      1.3137792760E-04  -5.8014109933E-04   1.7498598349E-03  -3.4282577596E-04   8.5158308676E-05
   27     -8.8538999374E-05   5.8058419303E-05  -5.2374310253E-05  -3.8180567798E-04   3.8448900454E-04
   28     -1.1835616253E-04   2.4711766918E-05   8.4439095642E-05  -6.7269318339E-04   6.5732130628E-04
   29     -1.1263580881E-05  -7.7336673554E-05  -1.1905118507E-04  -6.4463154712E-04   5.5230844588E-05
   30     -3.8186411715E-04   3.8477419688E-04  -6.1565962525E-04  -8.8550482149E-05   5.7994288440E-05
   31     -6.7274753949E-04   6.5756017541E-04  -2.4858756867E-04  -1.1821938719E-04   2.4726757185E-05
   32      6.4477364488E-04  -5.5348204650E-05   1.3872142393E-04   1.1200802440E-05   7.7327684432E-05
   33      1.6917766638E-04  -1.9201177928E-04   1.8188828095E-04   1.2027501171E-05   2.8345485419E-05
   34     -1.9198312304E-04   8.8570831774E-06  -5.6146530461E-05   2.8363990011E-05  -4.2934697880E-05
   35      1.8187227537E-04  -5.6129792135E-05   9.2172961155E-06   1.5620163745E-05  -2.4718004527E-05
   36      1.2068731119E-05   2.8365024065E-05   1.5649935730E-05   1.6921603884E-04  -1.9193649839E-04
   37      2.8348485773E-05  -4.2945573325E-05  -2.4741649963E-05  -1.9196424037E-04   8.8349790208E-06
   38     -1.5638179549E-05   2.4740859062E-05  -4.8387287380E-05  -1.8187221791E-04   5.6146476981E-05
   39      5.2153657335E-06   2.8374909898E-05  -8.6739508150E-05   5.1192110285E-06   2.8374893884E-05
   40     -1.0388408835E-04   2.9082154488E-05   3.3461459175E-05  -1.0386823229E-04   2.9096403622E-05
   41      1.0569607080E-04  -3.8717551613E-05  -1.7512002196E-05  -1.0573328552E-04   3.8739641214E-05
                   20                 21                 22                 23                 24        
    0      2.2935648042E-02  -5.2439183531E-03   2.2806309425E-03  -1.1905143430E-04  -5.2414601104E-03
    1     -1.1867753635E-01   1.8816432083E-02  -8.8719976844E-03   8.1852267386E-04   1.8817998434E-02
    2     -2.1623333287E-01   2.5882208173E-02  -1.1310364863E-02   3.1083129806E-04  -2.5881368808E-02
    3      1.4607437852E-04  -4.7127969628E-02   1.3300828460E-02   1.8278159445E-02  -4.7127139269E-02
    4      2.7748556888E-04   1.3113386126E-02  -1.2917400719E-01  -1.1498477012E-01   1.3107931608E-02
    5      9.9962146662E-05   1.7887410006E-02  -1.1431676537E-01  -2.1045320543E-01  -1.7880492035E-02
    6     -3.2284474250E-04  -1.8790733092E-04   3.9982521377E-04   1.1899025277E-04  -1.8811958261E-04
    7      1.5550862855E-04  -1.5082788636E-02  -1.6014232171E-02  -2.4341674040E-04  -1.5082856649E-02
    8      1.7844181878E-04  -2.0677282433E-02  -2.0120530285E-02  -8.7267862898E-04   2.0677387920E-02
    9      7.4348039287E-05   1.7954857187E-03   1.2923421965E-03   1.5010261432E-04   1.7954581691E-03
   10      2.9813126298E-04  -5.7046662971E-04   7.0277021781E-04   3.0071008985E-04  -5.7027313298E-04
   11      2.9682758806E-04  -1.0233205081E-03   2.3440297684E-04   2.3402425793E-04   1.0230099499E-03
   12     -2.7021690838E-04   9.7588034755E-04   2.9741789848E-06   6.5985809883E-04   9.7534677358E-04
   13      1.5997668945E-03  -7.4315793614E-04   7.2589473037E-04   4.4477895698E-05  -7.4325715447E-04
   14      4.2014800232E-04   1.8679761353E-04   3.4253940313E-04   8.6162755864E-05  -1.8666914541E-04
   15      2.5419932339E-03   1.3262661160E-03  -4.9024896617E-04   3.4290618021E-04  -5.7025617654E-03
   16     -1.5810353261E-02  -4.0171072300E-04  -7.0160159494E-05  -8.5397686709E-05   3.1366558643E-03
   17     -2.0268535172E-02  -4.6678048950E-04  -2.6829187635E-05   8.8881463267E-04   2.1715657929E-04
   18     -2.5917223581E-02  -5.7023970934E-03   2.6842003770E-03  -1.3164163604E-04   1.3268523269E-03
   19      1.3172962145E-01   3.1372984860E-03  -4.0763275462E-04   5.7980774191E-04  -4.0196330616E-04
   20      2.3290409156E-01  -2.1784272167E-04   1.7480103429E-04   1.7499410254E-03   4.6675685607E-04
   21     -2.1784272167E-04   5.7549936464E-02  -1.4049392981E-02  -2.0398111790E-02  -4.1956594080E-04
   22      1.7480103429E-04  -1.4049392981E-02   1.4385693279E-01   1.2858543034E-01  -1.8436657668E-03
   23      1.7499410254E-03  -2.0398111790E-02   1.2858543034E-01   2.2618697907E-01   2.3105692150E-03
   24      4.6675685607E-04  -4.1956594080E-04  -1.8436657668E-03   2.3105692150E-03   5.7546944768E-02
   25      2.6740695280E-05  -1.8430309977E-03   1.0886568752E-02  -1.5352424587E-02  -1.4044244593E-02
   26      8.8947258325E-04  -2.3097328504E-03   1.5352275590E-02  -2.1255754990E-02   2.0390374872E-02
   27      6.1557339741E-04  -3.6345477517E-03  -3.7157856926E-03  -5.6985112778E-05   8.5311426321E-04
   28      2.4849854931E-04  -3.7158470649E-03  -2.7871843710E-03   2.2333884899E-04   7.4577074643E-04
   29      1.3860850663E-04  -5.6963730983E-05   2.2356760596E-04   1.8794558920E-03  -3.8851379727E-04
   30      5.2284409165E-05   8.5300030969E-04   7.4568982084E-04  -3.8850360757E-04  -3.6345559630E-03
   31     -8.4448210926E-05   7.4567801230E-04   3.7638573013E-04  -1.3855743872E-04  -3.7157268116E-03
   32     -1.1893096305E-04   3.8852551630E-04   1.3852979246E-04   9.7274767709E-04   5.6874892296E-05
   33     -1.5608427706E-05  -8.8548197742E-05  -1.1829489707E-04  -1.1250865067E-05  -3.8184118124E-04
   34      2.4717034872E-05   5.8051513248E-05   2.4723870568E-05  -7.7332654411E-05   3.8465597580E-04
   35     -4.8374461499E-05  -5.2336304619E-05   8.4448134329E-05  -1.1900949233E-04  -6.1557341533E-04
   36     -1.8185833206E-04  -3.8183195249E-04  -6.7276554408E-04  -6.4473835136E-04  -8.8536793861E-05
   37      5.6130505405E-05   3.8460549483E-04   6.5746277013E-04   5.5310952847E-05   5.8002409753E-05
   38      9.2142991579E-06   6.1565889614E-04   2.4860752591E-04   1.3869522113E-04   5.2319417856E-05
   39      8.6738469614E-05   2.8611729312E-04   1.6239641544E-04  -1.3772455695E-04   2.8606430556E-04
   40     -3.3464067002E-05   1.7220949547E-04   9.4475470350E-05   2.8330636815E-04   1.7222929467E-04
   41     -1.7534068315E-05   2.6919217167E-04   3.8088160822E-04   2.5299670975E-04  -2.6926231153E-04
                   25                 26                 27                 28                 29        
    0      2.2805317216E-03   1.1938569789E-04   1.7954497512E-03   1.2919449958E-03   1.4985324978E-04
    1     -8.8730117423E-03  -8.1784899150E-04  -5.6991401314E-04   7.0265734012E-04   3.0061101196E-04
    2      1.1310200531E-02   3.0971663889E-04  -1.0227930421E-03   2.3444227713E-04   2.3393375966E-04
    3      1.3295093875E-02  -1.8271342577E-02  -1.8769005493E-04   3.9973966469E-04   1.1920267421E-04
    4     -1.2917270118E-01   1.1498580612E-01  -1.5082343869E-02  -1.6013628093E-02  -2.4302438329E-04
    5      1.1431677597E-01  -2.1045475248E-01  -2.0677980750E-02  -2.0120472370E-02  -8.7224851440E-04
    6      3.9948088670E-04  -1.1925868329E-04  -4.7127337906E-02   1.3295601981E-02   1.8272574379E-02
    7     -1.6014270650E-02   2.4255927668E-04   1.3108155696E-02  -1.2916672113E-01  -1.1498329984E-01
    8      2.0120033369E-02  -8.7159036982E-04   1.7881585484E-02  -1.1431471950E-01  -2.1046122065E-01
    9      1.2920847537E-03  -1.4988095703E-04  -5.2420724554E-03   2.2803455752E-03  -1.1907961849E-04
   10      7.0260036797E-04  -3.0060547227E-04   1.8816442670E-02  -8.8721855205E-03   8.1758710135E-04
   11     -2.3445338964E-04   2.3385864163E-04   2.5882427096E-02  -1.1310591895E-02   3.0948947814E-04
   12      3.2691536087E-06  -6.5970807490E-04   2.8607042048E-04   1.6230473693E-04  -1.3777469425E-04
   13      7.2532181069E-04  -4.4317876512E-05   1.7221137249E-04   9.4435867627E-05   2.8323793191E-04
   14     -3.4228051883E-04   8.5548602860E-05   2.6926445620E-04   3.8081915129E-04   2.5291874010E-04
   15      2.6845954377E-03   1.3137792760E-04  -8.8538999374E-05  -1.1835616253E-04  -1.1263580881E-05
   16     -4.0772138582E-04  -5.8014109933E-04   5.8058419303E-05   2.4711766918E-05  -7.7336673554E-05
   17     -1.7424744504E-04   1.7498598349E-03  -5.2374310253E-05   8.4439095642E-05  -1.1905118507E-04
   18     -4.9035860562E-04  -3.4282577596E-04  -3.8180567798E-04  -6.7269318339E-04  -6.4463154712E-04
   19     -6.9817972651E-05   8.5158308676E-05   3.8448900454E-04   6.5732130628E-04   5.5230844588E-05
   20      2.6740695280E-05   8.8947258325E-04   6.1557339741E-04   2.4849854931E-04   1.3860850663E-04
   21     -1.8430309977E-03  -2.3097328504E-03  -3.6345477517E-03  -3.7158470649E-03  -5.6963730983E-05
   22      1.0886568752E-02   1.5352275590E-02  -3.7157856926E-03  -2.7871843710E-03   2.2356760596E-04
   23     -1.5352424587E-02  -2.1255754990E-02  -5.6985112778E-05   2.2333884899E-04   1.8794558920E-03
   24     -1.4044244593E-02   2.0390374872E-02   8.5311426321E-04   7.4577074643E-04  -3.8851379727E-04
   25      1.4385713889E-01  -1.2858552352E-01   7.4576035806E-04   3.7651251442E-04  -1.3852119415E-04
   26     -1.2858552352E-01   2.2618868113E-01   3.8853728354E-04   1.3849369614E-04   9.7290978828E-04
   27      7.4576035806E-04   3.8853728354E-04   5.7547230586E-02  -1.4044158247E-02  -2.0391943623E-02
   28      3.7651251442E-04   1.3849369614E-04  -1.4044158247E-02   1.4384963702E-01   1.2858340617E-01
   29     -1.3852119415E-04   9.7290978828E-04  -2.0391943623E-02   1.2858340617E-01   2.2619605352E-01
   30     -3.7157911610E-03   5.6853609127E-05  -4.1956565372E-04  -1.8431254700E-03   2.3097724980E-03
   31     -2.7872261202E-03  -2.2371346532E-04  -1.8435627306E-03   1.0886568545E-02  -1.5351408696E-02
   32     -2.2348723134E-04   1.8794304368E-03  -2.3105185358E-03   1.5353291258E-02  -2.1255756259E-02
   33     -6.7267425392E-04   6.4466776956E-04   1.3265913134E-03  -4.9032694833E-04   3.4284466211E-04
   34      6.5742140929E-04  -5.5271286400E-05  -4.0184308337E-04  -6.9972145714E-05  -8.5286697855E-05
   35     -2.4847895018E-04   1.3863755115E-04  -4.6680124212E-04  -2.6793865717E-05   8.8915497826E-04
   36     -1.1827901099E-04   1.1208932833E-05  -5.7024992226E-03   2.6844137353E-03  -1.3127582620E-04
   37      2.4713387756E-05   7.7332140560E-05   3.1369762836E-03  -4.0772047907E-04   5.7987546213E-04
   38     -8.4441469068E-05  -1.1897108043E-04  -2.1723819180E-04   1.7437681627E-04   1.7499236652E-03
   39      1.6230551680E-04   1.3777263782E-04   9.7560138786E-04   3.1227647053E-06   6.5976074432E-04
   40      9.4471923685E-05  -2.8325826578E-04  -7.4322329142E-04   7.2556737980E-04   4.4419241780E-05
   41     -3.8083741635E-04   2.5295371036E-04   1.8668530188E-04   3.4241387909E-04   8.5828284546E-05
                   30                 31                 32                 33                 34        
    0      1.7954997844E-03   1.2924807087E-03  -1.5012782115E-04  -6.8478958731E-05  -7.0942760313E-05
    1     -5.7081539403E-04   7.0271023123E-04  -3.0070058986E-04   5.5832203539E-05   9.7521346601E-05
    2      1.0235336943E-03  -2.3441645506E-04   2.3394917910E-04   1.9765342522E-04  -2.1797464085E-04
    3     -1.8832973207E-04   3.9957834315E-04  -1.1904688850E-04   2.0773536747E-03  -9.1191298399E-04
    4     -1.5083304157E-02  -1.6014852894E-02   2.4294323579E-04   1.0540358267E-03   5.3331031256E-04
    5      2.0676704443E-02   2.0120070519E-02  -8.7201610822E-04  -1.1851853607E-03  -5.6541164184E-04
    6     -4.7127758131E-02   1.3300253979E-02  -1.8276843461E-02  -4.8883136998E-03   2.2054862702E-03
    7      1.3113091800E-02  -1.2918001170E-01   1.1498729808E-01   1.7986540682E-02  -1.0049771836E-02
    8     -1.7886223679E-02   1.1431883908E-01  -2.1044675976E-01  -2.6234259774E-02   1.2456860004E-02
    9     -5.2432744293E-03   2.2808026087E-03   1.1936161909E-04  -4.8766934291E-02   1.5510831058E-02
   10      1.8817980817E-02  -8.8728397491E-03  -8.1878464237E-04   1.5223380104E-02  -1.2955652093E-01
   11     -2.5881137974E-02   1.1309989824E-02   3.1105822473E-04  -2.2404766282E-02   1.1849435488E-01
   12      2.8611370191E-04   1.6239765059E-04   1.3772066278E-04   5.1666068741E-06   2.8371827189E-05
   13      1.7222895476E-04   9.4515075854E-05  -2.8332674781E-04  -1.0389402512E-04   2.9100469601E-05
   14     -2.6919185262E-04  -3.8089785225E-04   2.5303187578E-04   1.0570713040E-04  -3.8721773846E-05
   15     -3.8186411715E-04  -6.7274753949E-04   6.4477364488E-04   1.6917766638E-04  -1.9198312304E-04
   16      3.8477419688E-04   6.5756017541E-04  -5.5348204650E-05  -1.9201177928E-04   8.8570831774E-06
   17     -6.1565962525E-04  -2.4858756867E-04   1.3872142393E-04   1.8188828095E-04  -5.6146530461E-05
   18     -8.8550482149E-05  -1.1821938719E-04   1.1200802440E-05   1.2027501171E-05   2.8363990011E-05
   19      5.7994288440E-05   2.4726757185E-05   7.7327684432E-05   2.8345485419E-05  -4.2934697880E-05
   20      5.2284409165E-05  -8.4448210926E-05  -1.1893096305E-04  -1.5608427706E-05   2.4717034872E-05
   21      8.5300030969E-04   7.4567801230E-04   3.8852551630E-04  -8.8548197742E-05   5.8051513248E-05
   22      7.4568982084E-04   3.7638573013E-04   1.3852979246E-04  -1.1829489707E-04   2.4723870568E-05
   23     -3.8850360757E-04  -1.3855743872E-04   9.7274767709E-04  -1.1250865067E-05  -7.7332654411E-05
   24     -3.6345559630E-03  -3.7157268116E-03   5.6874892296E-05  -3.8184118124E-04   3.8465597580E-04
   25     -3.7157911610E-03  -2.7872261202E-03  -2.2348723134E-04  -6.7267425392E-04   6.5742140929E-04
   26      5.6853609127E-05  -2.2371346532E-04   1.8794304368E-03   6.4466776956E-04  -5.5271286400E-05
   27     -4.1956565372E-04  -1.8435627306E-03  -2.3105185358E-03   1.3265913134E-03  -4.0184308337E-04
   28     -1.8431254700E-03   1.0886568545E-02   1.5353291258E-02  -4.9032694833E-04  -6.9972145714E-05
   29      2.3097724980E-03  -1.5351408696E-02  -2.1255756259E-02   3.4284466211E-04  -8.5286697855E-05
   30      5.7549589163E-02  -1.4049423864E-02   2.0396444428E-02  -5.7024550182E-03   3.1369893472E-03
   31     -1.4049423864E-02   1.4386446490E-01  -1.2858756865E-01   2.6843875712E-03  -4.0764426824E-04
   32      2.0396444428E-02  -1.2858756865E-01   2.2617963313E-01   1.3173972410E-04  -5.8007072342E-04
   33     -5.7024550182E-03   2.6843875712E-03   1.3173972410E-04   5.4553471780E-02  -2.0866383441E-02
   34      3.1369893472E-03  -4.0764426824E-04  -5.8007072342E-04  -2.0866383441E-02   1.3999718265E-01
   35      2.1775796701E-04  -1.7466867162E-04   1.7498753501E-03   2.5902730141E-02  -1.3174529529E-01
   36      1.3265265931E-03  -4.9028052927E-04  -3.4288774266E-04  -9.3562209661E-04  -2.3626446501E-03
   37     -4.0183386934E-04  -7.0004759277E-05   8.5269639599E-05  -2.3618885175E-03   1.1343582904E-02
   38      4.6673613318E-04   2.6776077884E-05   8.8913228332E-04   2.5399939248E-03  -1.5813585775E-02
   39      9.7562397423E-04   3.1218143621E-06  -6.5980589879E-04   2.6884049006E-03   3.4438121095E-03
   40     -7.4319513714E-04   7.2564808127E-04  -4.4375097912E-05  -1.2217900060E-02  -1.2564856164E-02
   41     -1.8678138586E-04  -3.4240630014E-04   8.5883511529E-05   1.9797632980E-02   1.8244810981E-02
                   35                 36                 37                 38                 39        
    0     -7.4340827149E-05  -6.8373338815E-05  -7.0965542551E-05   7.4333159641E-05  -9.3835425924E-04
    1     -2.9819260654E-04   5.5755374692E-05   9.7511950836E-05   2.9816039501E-04  -2.0004918555E-03
    2      2.9676402075E-04  -1.9773131315E-04   2.1805075712E-04   2.9687555163E-04  -4.0800644167E-08
    3      3.2306520854E-04   2.0773212619E-03  -9.1207804551E-04  -3.2332573209E-04  -4.6815750659E-03
    4     -1.5546523787E-04   1.0542626244E-03   5.3333602747E-04   1.5546103351E-04   5.6612268707E-03
    5      1.7858278938E-04   1.1854293658E-03   5.6553950454E-04   1.7858826178E-04   1.8895996968E-07
    6     -1.4663687980E-04  -4.8875758665E-03   2.2051203265E-03   1.4701505188E-04  -2.0680327306E-02
    7     -2.7761307793E-04   1.7985345776E-02  -1.0049316939E-02   2.7610519504E-04  -2.2729225812E-02
    8      9.9796848568E-05   2.6235187545E-02  -1.2457672871E-02   9.7729941287E-05  -2.7266223954E-08
    9     -2.2922209649E-02  -4.8764216908E-02   1.5503460004E-02   2.2913916016E-02  -1.7816892060E-01
   10      1.1869131350E-01   1.5215905117E-02  -1.2954598797E-01  -1.1868795572E-01  -1.2956297038E-01
   11     -2.1619911090E-01   2.2396306569E-02  -1.1849105883E-01  -2.1621160293E-01   9.1199677555E-07
   12     -8.6728556996E-05   5.1681664871E-06   2.8376545909E-05   8.6747884016E-05  -7.7936696825E-04
   13      3.3463303359E-05  -1.0385829715E-04   2.9078870561E-05  -3.3460738324E-05   3.2280134740E-04
   14     -1.7549580554E-05  -1.0572147513E-04   3.8735698291E-05  -1.7497158877E-05  -2.8782391994E-08
   15      1.8187227537E-04   1.2068731119E-05   2.8348485773E-05  -1.5638179549E-05   5.2153657335E-06
   16     -5.6129792135E-05   2.8365024065E-05  -4.2945573325E-05   2.4740859062E-05   2.8374909898E-05
   17      9.2172961155E-06   1.5649935730E-05  -2.4741649963E-05  -4.8387287380E-05  -8.6739508150E-05
   18      1.5620163745E-05   1.6921603884E-04  -1.9196424037E-04  -1.8187221791E-04   5.1192110285E-06
   19     -2.4718004527E-05  -1.9193649839E-04   8.8349790208E-06   5.6146476981E-05   2.8374893884E-05
   20     -4.8374461499E-05  -1.8185833206E-04   5.6130505405E-05   9.2142991579E-06   8.6738469614E-05
   21     -5.2336304619E-05  -3.8183195249E-04   3.8460549483E-04   6.1565889614E-04   2.8611729312E-04
   22      8.4448134329E-05  -6.7276554408E-04   6.5746277013E-04   2.4860752591E-04   1.6239641544E-04
   23     -1.1900949233E-04  -6.4473835136E-04   5.5310952847E-05   1.3869522113E-04  -1.3772455695E-04
   24     -6.1557341533E-04  -8.8536793861E-05   5.8002409753E-05   5.2319417856E-05   2.8606430556E-04
   25     -2.4847895018E-04  -1.1827901099E-04   2.4713387756E-05  -8.4441469068E-05   1.6230551680E-04
   26      1.3863755115E-04   1.1208932833E-05   7.7332140560E-05  -1.1897108043E-04   1.3777263782E-04
   27     -4.6680124212E-04  -5.7024992226E-03   3.1369762836E-03  -2.1723819180E-04   9.7560138786E-04
   28     -2.6793865717E-05   2.6844137353E-03  -4.0772047907E-04   1.7437681627E-04   3.1227647053E-06
   29      8.8915497826E-04  -1.3127582620E-04   5.7987546213E-04   1.7499236652E-03   6.5976074432E-04
   30      2.1775796701E-04   1.3265265931E-03  -4.0183386934E-04   4.6673613318E-04   9.7562397423E-04
   31     -1.7466867162E-04  -4.9028052927E-04  -7.0004759277E-05   2.6776077884E-05   3.1218143621E-06
   32      1.7498753501E-03  -3.4288774266E-04   8.5269639599E-05   8.8913228332E-04  -6.5980589879E-04
   33      2.5902730141E-02  -9.3562209661E-04  -2.3618885175E-03   2.5399939248E-03   2.6884049006E-03
   34     -1.3174529529E-01  -2.3626446501E-03   1.1343582904E-02  -1.5813585775E-02   3.4438121095E-03
   35      2.3286666476E-01  -2.5411179548E-03   1.5815085335E-02  -2.0268539284E-02   2.7091174629E-04
   36     -2.5411179548E-03   5.4551050740E-02  -2.0858157031E-02  -2.5893991253E-02   2.6873046475E-03
   37      1.5815085335E-02  -2.0858157031E-02   1.3998561715E-01   1.3174202815E-01   3.4428466396E-03
   38     -2.0268539284E-02  -2.5893991253E-02   1.3174202815E-01   2.3288058060E-01  -2.7087926732E-04
   39      2.7091174629E-04   2.6873046475E-03   3.4428466396E-03  -2.7087926732E-04   1.9733909311E-01
   40     -1.6026006642E-03  -1.2216975035E-02  -1.2564162322E-02   1.6026986518E-03   1.4103430910E-01
   41      4.2389012608E-04  -1.9798235742E-02  -1.8245542265E-02   4.2425792394E-04  -1.0318510890E-06
                   40                 41        
     0      7.9652567768E-04   3.5581360587E-08
     1      7.1247773478E-04   8.8914653250E-08
     2      6.6413928296E-08   6.2319868351E-04
     3      2.0755600440E-03   8.8791805085E-08
     4     -1.1752846660E-03  -2.8156234390E-07
     5     -1.9010072779E-07   2.5952957518E-04
     6      1.2278814697E-02   7.0087335836E-07
     7      1.1504473500E-02   8.5394740865E-07
     8     -1.3672256120E-08  -1.9390826383E-03
     9     -1.3072340949E-01   9.4871283739E-07
    10     -1.7360049824E-01   9.2627205361E-07
    11      8.6542594292E-07  -4.6232336230E-02
    12      3.2280269903E-04   5.7469505484E-08
    13     -1.0875129602E-04  -2.9867564897E-08
    14     -8.5313546374E-09   8.4614552487E-06
    15     -1.0388408835E-04   1.0569607080E-04
    16      2.9082154488E-05  -3.8717551613E-05
    17      3.3461459175E-05  -1.7512002196E-05
    18     -1.0386823229E-04  -1.0573328552E-04
    19      2.9096403622E-05   3.8739641214E-05
    20     -3.3464067002E-05  -1.7534068315E-05
    21      1.7220949547E-04   2.6919217167E-04
    22      9.4475470350E-05   3.8088160822E-04
    23      2.8330636815E-04   2.5299670975E-04
    24      1.7222929467E-04  -2.6926231153E-04
    25      9.4471923685E-05  -3.8083741635E-04
    26     -2.8325826578E-04   2.5295371036E-04
    27     -7.4322329142E-04   1.8668530188E-04
    28      7.2556737980E-04   3.4241387909E-04
    29      4.4419241780E-05   8.5828284546E-05
    30     -7.4319513714E-04  -1.8678138586E-04
    31      7.2564808127E-04  -3.4240630014E-04
    32     -4.4375097912E-05   8.5883511529E-05
    33     -1.2217900060E-02   1.9797632980E-02
    34     -1.2564856164E-02   1.8244810981E-02
    35     -1.6026006642E-03   4.2389012608E-04
    36     -1.2216975035E-02  -1.9798235742E-02
    37     -1.2564162322E-02  -1.8245542265E-02
    38      1.6026986518E-03   4.2425792394E-04
    39      1.4103430910E-01  -1.0318510890E-06
    40      1.8609826004E-01  -9.0372140440E-07
    41     -9.0372140440E-07   4.5789464959E-02

$vibrational_frequencies
42
    0        0.0000000000000000
    1        0.0000000000000000
    2        0.0000000000000000
    3        0.0000000000000000
    4        0.0000000000000000
    5        0.0000000000000000
    6      124.3940595972904219
    7      233.1294259851878223
    8      264.2443911003362587
    9      268.6129333965162118
   10      430.0617221252422837
   11      741.8545363148347178
   12      815.3910652920852726
   13      842.9877798626238246
   14      961.8703241801568993
   15      979.6954493106567270
   16     1015.4373432686412571
   17     1062.3709387317599067
   18     1170.0242306042016480
   19     1207.6766924371906953
   20     1288.4793268019793686
   21     1315.6084431700610367
   22     1330.8740086514676477
   23     1380.7713462556671402
   24     1401.3321345185306654
   25     1403.8000490315230309
   26     1478.4300467411392219
   27     1483.4589435870634588
   28     1493.6843259008983296
   29     1495.7771242559358598
   30     1498.8101476204376468
   31     1503.6748490383611170
   32     2988.1779097762023412
   33     2997.2759668160410911
   34     3003.9603407223276008
   35     3004.5105650701480045
   36     3016.9240351339881272
   37     3041.0559144496351109
   38     3076.7498847873303021
   39     3080.6085327287778455
   40     3084.3881933427815056
   41     3085.2945324983488717

$normal_modes
42 42
                    0                  1                  2                  3                  4        
    0      0.0000000000E+00   0.0000000000E+00   0.0000000000E+00   0.0000000000E+00   0.0000000000E+00
    1      0.0000000000E+00   0.0000000000E+00   0.0000000000E+00   0.0000000000E+00   0.0000000000E+00
    2      0.0000000000E+00   0.0000000000E+00   0.0000000000E+00   0.0000000000E+00   0.0000000000E+00
    3      0.0000000000E+00   0.0000000000E+00   0.0000000000E+00   0.0000000000E+00   0.0000000000E+00
    4      0.0000000000E+00   0.0000000000E+00   0.0000000000E+00   0.0000000000E+00   0.0000000000E+00
