*************************************************
******************* ORCA 6.0.0 ******************
*************************************************
$Calculation_Status
   &GeometryIndex 1
   &ListStatus       OUT
   &VERSION [&Type "String"] "6.0.0"
   &PROGNAME [&Type "String"] "LeanSCF"
   &STATUS [&Type "String"] "NORMAL TERMINATION"
$End
$Geometry
   &GeometryIndex 1
   &ListStatus       OUT
   &NATOMS [&Type "Integer"] 13
   &NCORELESSECP [&Type "Integer"] 0
   &NGHOSTATOMS [&Type "Integer"] 0
   &CartesianCoordinates [&Type "Coordinates", &Dim(13,4), &Units "Bohr"] 
              C      2.503448022933    2.329191274809    0.410823500314
              C      0.923424280441    0.199071126170   -0.781327028479
              C      1.717203004300   -2.411624653677    0.120179296089
              C     -1.808850756205    0.754009601211   -0.303975497200
              O     -3.291656371021   -0.672682932516    0.737489444328
              H      2.338596898524    2.282110746567    2.472766990294
              H      1.894097561231    4.190257331988   -0.253735278644
              H      4.492531573756    2.083270333848   -0.090380091867
              H      1.142428704445    0.349825779524   -2.846959025011
              H      3.709688149659   -2.738180791752   -0.320605820203
              H      0.600032519579   -3.895923481707   -0.786117118189
              H      1.473610959749   -2.583249628969    2.167516743559
              H     -2.460232354077    2.635247855591   -0.966251715078
$End
$SCF_Energy
   &GeometryIndex 1
   &ListStatus       OUT
   &SCF_ENERGY [&Type "Double"]      -2.3243629808394596e+02
$End
$DFT_Energy
   &GeometryIndex 1
   &ListStatus       OUT
   &NALPHAEL [&Type "Integer"] 20
   &NBETAEL [&Type "Integer"] 20
   &NTOTALEL [&Type "Integer"] 40
   &EEXCHANGE [&Type "Double"]       0.0000000000000000e+00
   &ECORR [&Type "Double"]       0.0000000000000000e+00
   &ECNL [&Type "Double"]       0.0000000000000000e+00
   &EXC [&Type "Double"]      -1.6003805141395201e+01
   &EEMBED [&Type "Double"]       0.0000000000000000e+00
   &FINALEN [&Type "Double"]      -2.3243629808394596e+02  "No Van der Waals correction"
$End
$Mulliken_Population_Analysis
   &GeometryIndex 1
   &ListStatus       OUT
   &NATOMS [&Type "Integer"] 13
   &ATNO [&Type "ArrayOfIntegers", &Dim (13,1)] 
                                                         0

0                                                        6
1                                                        6
2                                                        6
3                                                        6
4                                                        8
5                                                        1
6                                                        1
7                                                        1
8                                                        1
9                                                        1
10                                                       1
11                                                       1
12                                                       1
   &ATOMICCHARGES [&Type "ArrayOfDoubles", &Dim (13,1)] 
                                                         0

0                                     -4.3141995643265840e-01
1                                     -9.1225131525240144e-02
2                                     -4.2603539296561976e-01
3                                      1.1495678827823852e-01
4                                     -2.9575853993766366e-01
5                                      1.5281261667409130e-01
6                                      1.4443915663785867e-01
7                                      1.5041378479631429e-01
8                                      1.3591869512489019e-01
9                                      1.4020140801198089e-01
10                                     1.5426768390942180e-01
11                                     1.5011582711888916e-01
12                                     1.0131306030940901e-01
$End
$Loewdin_Population_Analysis
   &GeometryIndex 1
   &ListStatus       OUT
   &NATOMS [&Type "Integer"] 13
   &ATNO [&Type "ArrayOfIntegers", &Dim (13,1)] 
                                                         0

0                                                        6
1                                                        6
2                                                        6
3                                                        6
4                                                        8
5                                                        1
6                                                        1
7                                                        1
8                                                        1
9                                                        1
10                                                       1
11                                                       1
12                                                       1
   &ATOMICCHARGES [&Type "ArrayOfDoubles", &Dim (13,1)] 
                                                         0

0                                     -2.7941506532381766e-01
1                                     -3.2024350382328315e-01
2                                     -2.8254924709095608e-01
3                                     -2.6328558385715795e-01
4                                      9.7701356448584242e-02
5                                      1.2816290586313106e-01
6                                      1.2429519823874946e-01
7                                      1.2698461266150018e-01
8                                      1.6687778903843420e-01
9                                      1.2403298868397317e-01
10                                     1.2986686478295428e-01
11                                     1.3006881244761515e-01
12                                     1.1750287193018472e-01
$End
$Mayer_Population_Analysis
   &GeometryIndex 1
   &ListStatus       OUT
   &NATOMS [&Type "Integer"] 13 "Total number of atoms"
   &BONDTHRESH [&Type "Double"]       1.0000000000000001e-01  "The threshold for printing"
   &NBONDORDERSPRINT [&Type "Integer"] 12 "The number of bond orders larger than threshold"
   &BONDORDERS [&Type "ArrayOfDoubles", &Dim (12,1)] "The bond orders"
                                                         0

0                                      9.4523005437958374e-01
1                                      9.5905777447645491e-01
2                                      9.6966235796909028e-01
3                                      9.7046453613650929e-01
4                                      9.6821789477769427e-01
5                                      9.2957100542079096e-01
6                                      9.5215199524604710e-01
7                                      9.7314703482686304e-01
8                                      9.6922752360147313e-01
9                                      9.5643605453452496e-01
10                                     2.0822123695566077e+00
11                                     9.8110560469094643e-01
   &COMPONENTS [&Type "ArrayOfIntegers", &Dim (12,4)] "The indices and atomic numbers of the bonding atoms"
                                                         0                           1                           2                           3

0                                                        0                           6                           1                           6
1                                                        0                           6                           5                           1
2                                                        0                           6                           6                           1
3                                                        0                           6                           7                           1
4                                                        1                           6                           2                           6
5                                                        1                           6                           3                           6
6                                                        1                           6                           8                           1
7                                                        2                           6                           9                           1
8                                                        2                           6                          10                           1
9                                                        2                           6                          11                           1
10                                                       3                           6                           4                           8
11                                                       3                           6                          12                           1
   &ATNO [&Type "ArrayOfIntegers", &Dim (13,1)] "Atomic number of the elements"
                                                         0

0                                                        6
1                                                        6
2                                                        6
3                                                        6
4                                                        8
5                                                        1
6                                                        1
7                                                        1
8                                                        1
9                                                        1
10                                                       1
11                                                       1
12                                                       1
   &NA [&Type "ArrayOfDoubles", &Dim (13,1)] "Mulliken gross atomic population"
                                                         0

0                                      6.4314199564326353e+00
1                                      6.0912251315252561e+00
2                                      6.4260353929656162e+00
3                                      5.8850432117217428e+00
4                                      8.2957585399376121e+00
5                                      8.4718738332590771e-01
6                                      8.5556084336214089e-01
7                                      8.4958621520368582e-01
8                                      8.6408130487510959e-01
9                                      8.5979859198802022e-01
10                                     8.4573231609057820e-01
11                                     8.4988417288111051e-01
12                                     8.9868693969059110e-01
   &ZA [&Type "ArrayOfDoubles", &Dim (13,1)] "Total nuclear charge"
                                                         0

0                                      6.0000000000000000e+00
1                                      6.0000000000000000e+00
2                                      6.0000000000000000e+00
3                                      6.0000000000000000e+00
4                                      8.0000000000000000e+00
5                                      1.0000000000000000e+00
6                                      1.0000000000000000e+00
7                                      1.0000000000000000e+00
8                                      1.0000000000000000e+00
9                                      1.0000000000000000e+00
10                                     1.0000000000000000e+00
11                                     1.0000000000000000e+00
12                                     1.0000000000000000e+00
   &QA [&Type "ArrayOfDoubles", &Dim (13,1)] "Mulliken gross atomic charge"
                                                         0

0                                     -4.3141995643263531e-01
1                                     -9.1225131525256131e-02
2                                     -4.2603539296561621e-01
3                                      1.1495678827825717e-01
4                                     -2.9575853993761214e-01
5                                      1.5281261667409229e-01
6                                      1.4443915663785911e-01
7                                      1.5041378479631418e-01
8                                      1.3591869512489041e-01
9                                      1.4020140801197978e-01
10                                     1.5426768390942180e-01
11                                     1.5011582711888949e-01
12                                     1.0131306030940890e-01
   &VA [&Type "ArrayOfDoubles", &Dim (13,1)] "Mayer's total valence"
                                                         0

0                                      3.8009333808755659e+00
1                                      3.6684618536620683e+00
2                                      3.8647109681903054e+00
3                                      3.9695004405767165e+00
4                                      2.1103522815180673e+00
5                                      9.5734306937846614e-01
6                                      9.6174531564555399e-01
7                                      9.5961189141834935e-01
8                                      9.4287740007515486e-01
9                                      9.5597081503602599e-01
10                                     9.6258218943902352e-01
11                                     9.6261901209188971e-01
12                                     9.5609644492925938e-01
   &BVA [&Type "ArrayOfDoubles", &Dim (13,1)] "Mayer's bonded valence"
                                                         0

0                                      3.8009333808756058e+00
1                                      3.6684618536620266e+00
2                                      3.8647109681903498e+00
3                                      3.9695004405767884e+00
4                                      2.1103522815182867e+00
5                                      9.5734306937844238e-01
6                                      9.6174531564554544e-01
7                                      9.5961189141836944e-01
8                                      9.4287740007514065e-01
9                                      9.5597081503603654e-01
10                                     9.6258218943904250e-01
11                                     9.6261901209189449e-01
12                                     9.5609644492925983e-01
   &FA [&Type "ArrayOfDoubles", &Dim (13,1)] "Mayer's free valence"
                                                         0

0                                      0.0000000000000000e+00
1                                      0.0000000000000000e+00
2                                      0.0000000000000000e+00
3                                      0.0000000000000000e+00
4                                      0.0000000000000000e+00
5                                      0.0000000000000000e+00
6                                      0.0000000000000000e+00
7                                      0.0000000000000000e+00
8                                      0.0000000000000000e+00
9                                      0.0000000000000000e+00
10                                     0.0000000000000000e+00
11                                     0.0000000000000000e+00
12                                     0.0000000000000000e+00
$End
$Calculation_Info
   &GeometryIndex 1
   &ListStatus       OUT
   &MULT [&Type "Integer"] 1
   &CHARGE [&Type "Integer"] 0
   &NUMOFATOMS [&Type "Integer"] 13
   &NUMOFELECTRONS [&Type "Integer"] 40
   &NUMOFFCELECTRONS [&Type "Integer"] 1
   &NUMOFCORRELECTRONS [&Type "Integer"] 0
   &NUMOFBASISFUNCTS [&Type "Integer"] 203
   &NUMOFAUXCBASISFUNCTS [&Type "Integer"] 0
   &NUMOFAUXJBASISFUNCTS [&Type "Integer"] 333
   &NUMOFAUXJKBASISFUNCTS [&Type "Integer"] 0
   &NUMOFCABSBASISFUNCTS [&Type "Integer"] 0
   &TOTALENERGY [&Type "Double"]      -2.3243629808394596e+02  "Hartrees"
$End
$SCF_Dipole_Moment
   &GeometryIndex 1
   &ListStatus       OUT
   &METHOD [&Type "String"] "SCF"
   &LEVEL [&Type "String"] "Relaxed density"
   &MULT [&Type "Integer"] 1
   &STATE [&Type "Integer"] -1
   &IRREP [&Type "Integer"] 0
   &NATOMS [&Type "Integer"] 13
   &DODIPOLEATOM [&Type "Boolean"] false
   &DIPOLEELECCONTRIB [&Type "ArrayOfDoubles", &Dim (3,1)] "Electronic contribution"
                                                         0

0                                     -5.5650509985208423e+00
1                                     -4.9499781310675639e-01
2                                      8.6161874496949661e-02
   &DIPOLENUCCONTRIB [&Type "ArrayOfDoubles", &Dim (3,1)] "Nuclear contribution"
                                                         0

0                                      6.4847257316595162e+00
1                                      1.0357713837387545e+00
2                                     -5.5295246657365094e-01
   &DIPOLETOTAL [&Type "ArrayOfDoubles", &Dim (3,1)] "Total"
                                                         0

0                                      9.1967473313867387e-01
1                                      5.4077357063199816e-01
2                                     -4.6679059207670126e-01
   &DIPOLEMAGNITUDE [&Type "Double", &Units "a.u."]       1.1645304316844145e+00
$End
$THERMOCHEMISTRY_Energies
   &GeometryIndex 1
   &ListStatus       OUT
   &TEMPERATURE [&Type "Double"]       2.9814999999999998e+02
   &PRESSURE [&Type "Double"]       1.0000000000000000e+00
   &TOTALMASS [&Type "Double"]       7.2106999999999985e+01
   &SPINDEGENERACY [&Type "Integer"] 1
   &ELENERGY [&Type "Double"]      -2.3243629808394596e+02
   &TRANSENERGY [&Type "Double"]       1.4162714244859817e-03
   &ROTENERGY [&Type "Double"]       1.4162714244859817e-03
   &VIBENERGY [&Type "Double"]       3.0205350361740880e-03
   &NUMOFFREQS [&Type "Integer"] 39
   &FREQSCALINGFACTOR [&Type "Double"]       1.0000000000000000e+00
   &FREQ [&Type "ArrayOfDoubles", &Dim (39,1)] "In cm^-1"
                                                         0

0                                      0.0000000000000000e+00
1                                      0.0000000000000000e+00
2                                      0.0000000000000000e+00
3                                      0.0000000000000000e+00
4                                      0.0000000000000000e+00
5                                      0.0000000000000000e+00
6                                      1.9808495613653363e+02
7                                      2.6390410515047603e+02
8                                      2.7957800451733971e+02
9                                      3.0472619806656081e+02
10                                     3.6558482447572828e+02
11                                     4.1690468379234215e+02
12                                     6.5979828018980299e+02
13                                     8.2211051790726424e+02
14                                     9.3298801921573863e+02
15                                     9.5439528823236674e+02
16                                     9.6757722994801486e+02
17                                     9.8878505123991613e+02
18                                     1.1390713277000268e+03
19                                     1.1684431238215107e+03
20                                     1.2129267627150982e+03
21                                     1.3110335574023250e+03
22                                     1.3792551371121497e+03
23                                     1.4073176298481212e+03
24                                     1.4098469538471275e+03
25                                     1.4343297118985647e+03
26                                     1.4892115813781311e+03
27                                     1.4949502699840414e+03
28                                     1.5089246329991752e+03
29                                     1.5141744160150390e+03
30                                     1.7460689561848571e+03
31                                     2.9161067567112559e+03
32                                     2.9963466055322333e+03
33                                     3.0321101599335457e+03
34                                     3.0391414157660010e+03
35                                     3.1072942385850347e+03
36                                     3.1125998882244598e+03
37                                     3.1182240834526060e+03
38                                     3.1187025829189201e+03
   &ZPE [&Type "Double"]       1.1347670732807244e-01
   &INNERENERGYU [&Type "Double"]      -2.3231696829873275e+02
   &ENTHALPYH [&Type "Double"]      -2.3231602408969050e+02
   &QEL [&Type "Double"]       0.0000000000000000e+00
   &QROT [&Type "Double"]       1.2190632784077624e-02
   &QVIB [&Type "Double"]       4.7553538337084039e-03
   &QTRANS [&Type "Double"]       1.8408094370990925e-02
   &ENTROPYS [&Type "Double"]       3.5354080988776952e-02
   &FREEENERGYG [&Type "Double"]      -2.3235137817067928e+02
   &ISLINEAR [&Type "Boolean"] false
$End
$Hessian
   &GeometryIndex 1
   &ListStatus       OUT
   &HESSIAN [&Type "ArrayOfDoubles", &Dim (39,39)] "The Hessian"
                                                         0                           1                           2                           3                           4                           5                           6                           7

0                                      5.4305151052846157e-01        -4.8725916146523718e-02        -2.5865557281852223e-02        -1.0681150575003599e-01        -4.2415243862347518e-02        -3.3447409815270085e-02         6.2370707646013483e-03         5.2631280680802105e-03
1                                     -4.8725916146523718e-02         5.1079659750325335e-01        -3.9137543625087812e-02        -3.0398966156203175e-02        -1.2742239727585680e-01        -2.8160961978840930e-02        -1.8311366864801670e-02        -2.9211221042776875e-02
2                                     -2.5865557281852223e-02        -3.9137543625087812e-02         5.5094228284258129e-01        -2.4462215671367717e-02        -3.0569402878313667e-02        -9.1679881548284506e-02         6.5911979654563312e-03         6.4646070689228716e-03
3                                     -1.0681150575003599e-01        -3.0398966156203175e-02        -2.4462215671367717e-02         4.8801783376533647e-01        -2.9723382008607864e-02        -1.4491651037220244e-02        -8.8207963171056669e-02         2.8936318087754626e-02
4                                     -4.2415243862347518e-02        -1.2742239727585680e-01        -3.0569402878313667e-02        -2.9723382008607864e-02         4.9440562410594857e-01        -3.7298944893286334e-02         3.0681872343673429e-02        -1.7843056540504632e-01
5                                     -3.3447409815270085e-02        -2.8160961978840930e-02        -9.1679881548284506e-02        -1.4491651037220244e-02        -3.7298944893286334e-02         5.3944641096452828e-01        -1.0467734801876800e-02         3.6148264580640098e-02
6                                      6.2370707646013483e-03        -1.8311366864801670e-02         6.5911979654563312e-03        -8.8207963171056669e-02         3.0681872343673429e-02        -1.0467734801876800e-02         5.7196553540092876e-01         2.4936462813812225e-02
7                                      5.2631280680802105e-03        -2.9211221042776875e-02         6.4646070689228716e-03         2.8936318087754626e-02        -1.7843056540504632e-01         3.6148264580640098e-02         2.4936462813812225e-02         5.0208057298376796e-01
8                                      4.3019341582520888e-03        -1.3050504637778041e-02         5.1146102436177548e-03        -1.0867485424554471e-02         3.8539089195737654e-02        -9.4385150859730677e-02        -6.0167160356290120e-03         3.0282699423948505e-02
9                                     -2.8042366807061007e-02        -1.3247973664052934e-02        -7.1696201115817662e-04        -1.8702080188616402e-01         4.7107203453413557e-02         1.0385932716110713e-02        -1.4561318165249285e-02         1.2535310608496456e-02
10                                    -3.0167457447727961e-02         2.4814829880148367e-03         5.0228481719449096e-03         5.0279827813135780e-02        -1.0098629066629450e-01        -2.9854489410175589e-03         3.6729290183363565e-02        -9.2907546568819013e-03
11                                    -1.5467943085486765e-02         6.2485532150561626e-03         3.4940357596358572e-03         8.1698150886818990e-03        -4.7269368409752644e-03        -8.6166076083857859e-02        -1.1954522561942287e-02         4.1214407078202057e-04
12                                    -3.0550019243333320e-03         4.4635537883337996e-03         3.6694749295275667e-03        -3.5453561789319694e-02        -3.0974823479935590e-02         3.0264412390066053e-02         2.4648520979915385e-03        -4.2204214190817478e-03
13                                     3.5013979844584105e-03         1.8522954334973026e-03         1.5525604425706448e-04        -1.4845179810114004e-02         1.2121574165559193e-02         9.2437364468069827e-03         4.1786097244137454e-04        -1.2217531571171985e-03
14                                     4.1896644895918021e-03        -4.4556817729575100e-03        -3.1466870096425580e-03         2.2430145916464032e-02         1.4647607019453841e-02         1.2933817652084314e-02        -1.4067096069121862e-03         7.3290640056985958e-04
15                                    -5.0661312008020640e-02         2.2274496527940348e-04         2.4192808857430199e-02        -1.6816161117230027e-04         1.2300094647212681e-04        -1.9507206671176759e-02         3.0500148305486570e-04         1.1386828753707080e-03
16                                     5.9285495500911419e-04        -4.8548280996669427e-02         1.0234620526922348e-02         1.1657062545215797e-03        -2.9215919967721937e-04        -2.4145776586273770e-02         6.2111014873887193e-04         1.8062809907582016e-03
17                                     2.3998372135076516e-02         9.3041526260477445e-03        -3.0839888626587286e-01        -8.3644031488898374e-04         1.2084854466548264e-04        -1.2609322861891651e-02         2.9869397714276909e-04         6.8098861814080655e-04
18                                    -7.1855361440901100e-02         7.1275053165182414e-02        -2.6911699783284355e-02         5.5553004459153819e-03        -1.5641024763007133e-02         8.0791395605585292e-03        -2.4748414660977452e-03        -1.9732384295262548e-03
19                                     7.0821379760881639e-02        -2.5726747479563106e-01         7.7026006072185085e-02         6.6612657309582102e-03        -1.9713921203447275e-02         8.0838474407275360e-03        -3.8181692733381218e-03        -2.2699353597549383e-03
20                                    -2.6177429469648562e-02         7.7609281441574085e-02        -7.7319366655032223e-02         5.9330356657338662e-03        -1.2832880004683637e-02         4.2798554085061377e-03        -1.8479814596859187e-03        -1.4889637629732226e-03
21                                    -2.9304394908366505e-01         3.4015203780321759e-02         6.5006491533450797e-02        -1.8145601866229044e-02         1.6554852993880299e-03         2.4910902195983417e-03         5.7030503290095465e-04         1.0130797835704287e-03
22                                     3.4739985512624881e-02        -4.9544482617989383e-02        -7.1797060069330775e-03        -2.6922655645711085e-02         3.3490175230177152e-04         3.8741294422951966e-03        -6.6694923271907276e-04         1.7469344363144519e-03
23                                     6.5712455463991515e-02        -7.5342786639715619e-03        -6.4379795168604495e-02        -1.5933335322224601e-02         9.9562559788086589e-04         1.9133285480948262e-03         2.6088779353755382e-04         6.5669187451223806e-04
24                                     2.2993001898874398e-03        -1.1685772761485765e-03        -2.1716636364067815e-02        -4.9752927683719833e-02         4.3970634443610910e-03         3.6857865532959944e-02         8.8182025674294305e-04         1.0452730689655340e-03
25                                     1.0356299651161280e-03        -2.3176628528711746e-03        -2.5809834675495379e-02         4.0265108051871952e-03        -4.5363344337404521e-02         1.7699002556227743e-02        -4.0188589732552326e-03        -3.4025874869074678e-03
26                                     1.0821964726769693e-03        -1.5364018688189610e-03        -1.4821485004875949e-02         2.9506199517804785e-02         1.7812697428747623e-02        -2.8483646263341977e-01         9.9678146269370320e-04         1.2932236075866681e-03
27                                     6.2556702831636189e-04        -7.8940813049705382e-04         1.7992376090224596e-04        -8.4563686783339607e-03         4.6259649758784854e-04         1.4285183009859837e-03        -2.9390704191070594e-01         3.8076363040892097e-02
28                                     1.0531266824745779e-03         1.8459868647779931e-03        -2.8689815053360533e-04         3.0972765233507348e-02        -6.5004906562127710e-03        -7.8498752716315810e-03         3.6300155693376468e-02        -5.2448646291446285e-02
29                                     1.8751825756726116e-04        -4.6802846078420642e-04        -1.9444655319255429e-05        -1.2132444626398738e-02         2.4139122331552562e-03         1.3570450001791946e-03         5.5891992509116396e-02        -9.6864422586658873e-03
30                                    -6.5812447022706860e-04         1.5603864512386025e-03        -3.7040393119191183e-04         5.4090582215176302e-03         7.0997343749239390e-03         6.2709195077423610e-03        -1.2696884020941601e-01        -1.0359491931762999e-01
31                                     3.2343007544082310e-03        -4.7244272099368732e-03         2.9930165410692600e-03        -1.5965869873480497e-02        -2.0063178045237252e-02        -1.4033621994278963e-02        -1.0173317309096078e-01        -1.8173102881148445e-01
32                                    -8.2203312159372577e-04         1.7702419281351387e-03        -3.2082810861100170e-04         7.8112627089125244e-03         8.6914251733554715e-03         4.5338282084316957e-03        -6.5011059068293076e-02        -8.4817316640866502e-02
33                                    -5.6092437013490924e-05        -2.2840976668673802e-04         4.1186724469248557e-04         2.2573177881054021e-04         2.9800930138950766e-04        -1.0463363143889237e-02        -5.0860983948093068e-02        -2.2256432654372783e-03
34                                     1.1268947745037309e-04         1.9071741902148475e-03         1.2721132609444161e-03        -4.1627616006445550e-03        -3.5308906010056151e-03         3.1501692325368563e-02        -2.4857086175778011e-03        -4.9180180640145385e-02
35                                     5.3132641323691207e-05        -6.3340453259402678e-04         8.2243273276986183e-04        -1.3465489754475261e-04         1.8025622595483175e-03        -1.0427601932466449e-02         3.1327802301913871e-02         1.8771346477577451e-02
36                                     1.9702654099909116e-03         1.3749525498416111e-03        -5.0046424649627733e-05        -5.1910317755485685e-03         2.6970667456202566e-02        -7.3227636092596700e-03        -5.4435961656017296e-03        -8.1864854540866956e-04
37                                     9.1284760081191503e-04         1.5240981197323089e-04        -1.6218051215977861e-04        -6.4737833817551937e-05        -4.5588626336272326e-03         7.9674044453876061e-03         1.2357265273883911e-03         1.5528844407202008e-03
38                                     2.2968563314837214e-03         2.1674492297281238e-05        -2.8698716236196138e-04         4.9300192472732721e-03         3.6094959258979771e-04         1.5640210137826533e-02         1.3451088010505894e-03         5.0775016792940688e-04
                                                         8                           9                          10                          11                          12                          13                          14                          15

0                                      4.3019341582520888e-03        -2.8042366807061007e-02        -3.0167457447727961e-02        -1.5467943085486765e-02        -3.0550019243333320e-03         3.5013979844584105e-03         4.1896644895918021e-03        -5.0661312008020640e-02
1                                     -1.3050504637778041e-02        -1.3247973664052934e-02         2.4814829880148367e-03         6.2485532150561626e-03         4.4635537883337996e-03         1.8522954334973026e-03        -4.4556817729575100e-03         2.2274496527940348e-04
2                                      5.1146102436177548e-03        -7.1696201115817662e-04         5.0228481719449096e-03         3.4940357596358572e-03         3.6694749295275667e-03         1.5525604425706448e-04        -3.1466870096425580e-03         2.4192808857430199e-02
3                                     -1.0867485424554471e-02        -1.8702080188616402e-01         5.0279827813135780e-02         8.1698150886818990e-03        -3.5453561789319694e-02        -1.4845179810114004e-02         2.2430145916464032e-02        -1.6816161117230027e-04
4                                      3.8539089195737654e-02         4.7107203453413557e-02        -1.0098629066629450e-01        -4.7269368409752644e-03        -3.0974823479935590e-02         1.2121574165559193e-02         1.4647607019453841e-02         1.2300094647212681e-04
5                                     -9.4385150859730677e-02         1.0385932716110713e-02        -2.9854489410175589e-03        -8.6166076083857859e-02         3.0264412390066053e-02         9.2437364468069827e-03         1.2933817652084314e-02        -1.9507206671176759e-02
6                                     -6.0167160356290120e-03        -1.4561318165249285e-02         3.6729290183363565e-02        -1.1954522561942287e-02         2.4648520979915385e-03         4.1786097244137454e-04        -1.4067096069121862e-03         3.0500148305486570e-04
7                                      3.0282699423948505e-02         1.2535310608496456e-02        -9.2907546568819013e-03         4.1214407078202057e-04        -4.2204214190817478e-03        -1.2217531571171985e-03         7.3290640056985958e-04         1.1386828753707080e-03
8                                      5.6312153155619060e-01        -7.7173220537865572e-04        -5.2790687737474841e-03         2.9402519233405477e-03         3.9837764449521425e-04        -1.2650913157851908e-03        -1.9030269450787548e-03         2.7833840424306290e-04
9                                     -7.7173220537865572e-04         6.7218554095128213e-01         1.0291560906489713e-01        -1.6385863914767651e-01        -3.5038554979600978e-01        -2.2994028979623660e-01         1.7728501631313884e-01         1.8703048583558089e-03
10                                    -5.2790687737474841e-03         1.0291560906489713e-01         6.7821417071108414e-01        -2.2758576842783934e-01        -2.2495289449004674e-01        -3.4193601587039141e-01         1.7983744786899497e-01         6.1051733432471427e-04
11                                     2.9402519233405477e-03        -1.6385863914767651e-01        -2.2758576842783934e-01         3.7445806434348577e-01         1.7483232411291461e-01         1.8141683860120605e-01        -2.0535587527769422e-01        -2.2403581943022917e-03
12                                     3.9837764449521425e-04        -3.5038554979600978e-01        -2.2495289449004674e-01         1.7483232411291461e-01         3.8044673746748037e-01         2.6962006860789561e-01        -2.1471591167984500e-01         3.0213783816465580e-05
13                                    -1.2650913157851908e-03        -2.2994028979623660e-01        -3.4193601587039141e-01         1.8141683860120605e-01         2.6962006860789561e-01         3.5377369080006477e-01        -2.1612899586082429e-01        -2.2396591508429655e-04
14                                    -1.9030269450787548e-03         1.7728501631313884e-01         1.7983744786899497e-01        -2.0535587527769422e-01        -2.1471591167984500e-01        -2.1612899586082429e-01         1.9006404230395493e-01         8.0055291780736413e-04
15                                     2.7833840424306290e-04         1.8703048583558089e-03         6.1051733432471427e-04        -2.2403581943022917e-03         3.0213783816465580e-05        -2.2396591508429655e-04         8.0055291780736413e-04         5.1472171158134176e-02
16                                    -1.0091065853807979e-03         1.7541018135362844e-03         5.8213621552322429e-04        -6.6020142797087848e-04        -1.5504084455145346e-04        -2.7882606420095361e-04         4.0996402679603958e-04         3.1302898811867977e-03
17                                     8.0709063152191451e-04         1.8062915076492306e-03         2.2956490376389426e-05        -8.4773520521529535e-04        -1.0724097833139726e-03        -5.0479298924650806e-04         6.1436597315760438e-04        -2.3367563041494517e-02
18                                    -1.6878518434274912e-03         4.2907657233771674e-04        -2.2481327271977854e-03         1.4003474021215948e-03         1.8369690994072055e-04         7.3957009356695686e-04        -6.5741146833764416e-04        -1.9508186075101186e-05
19                                    -3.3853151509413110e-03         2.5754167762768359e-03        -1.0942614029088970e-03         7.3830318659073380e-04        -5.7646922660724818e-04         7.4129595851404190e-04        -3.9898004304660811e-04        -3.1324197314553303e-04
20                                    -8.6287503245271644e-04        -2.1881853413682935e-04         1.5110028825731400e-04         4.4181049615109346e-04         1.3311942555630212e-04         2.4428831397211442e-06        -1.7496837396678133e-04        -1.0269019142799493e-02
21                                     3.7743040953037467e-04         8.0697733589581155e-04        -3.7461327473469861e-03        -2.2188160812160987e-03        -1.0537769542016450e-03         9.4138621372245011e-05         8.9788345661943143e-04        -1.0517159676412683e-03
22                                     3.2655359063278388e-04         1.4351887326028118e-03        -4.8191692918531665e-03        -2.9608139267897331e-03        -2.2463315368463164e-03         2.8843627716997370e-04         1.6504275888149763e-03        -1.8008427377087226e-03
23                                    -2.6919396861997073e-05        -5.6579967692784068e-04        -3.0366667944947338e-03        -1.6731836309349731e-03        -1.3388976815427770e-03         1.2904228121197927e-05         1.4359767312720770e-03         3.1263733974340749e-02
24                                    -1.0569084737679311e-02        -3.0710283770752685e-03        -4.7643627762089654e-03         3.7250850147789866e-02        -6.7067675980300194e-03        -2.6828835114618048e-04        -3.3819277777119776e-03        -1.8079310372051299e-03
