
$orca_hessian_file

$act_atom
  0

$act_coord
  0

$act_energy
        0.000000

$multiplicity
  1

$hessian
39
                    0                  1                  2                  3                  4        
    0      5.4305151053E-01  -4.8725916147E-02  -2.5865557282E-02  -1.0681150575E-01  -4.2415243862E-02
    1     -4.8725916147E-02   5.1079659750E-01  -3.9137543625E-02  -3.0398966156E-02  -1.2742239728E-01
    2     -2.5865557282E-02  -3.9137543625E-02   5.5094228284E-01  -2.4462215671E-02  -3.0569402878E-02
    3     -1.0681150575E-01  -3.0398966156E-02  -2.4462215671E-02   4.8801783377E-01  -2.9723382009E-02
    4     -4.2415243862E-02  -1.2742239728E-01  -3.0569402878E-02  -2.9723382009E-02   4.9440562411E-01
    5     -3.3447409815E-02  -2.8160961979E-02  -9.1679881548E-02  -1.4491651037E-02  -3.7298944893E-02
    6      6.2370707646E-03  -1.8311366865E-02   6.5911979655E-03  -8.8207963171E-02   3.0681872344E-02
    7      5.2631280681E-03  -2.9211221043E-02   6.4646070689E-03   2.8936318088E-02  -1.7843056541E-01
    8      4.3019341583E-03  -1.3050504638E-02   5.1146102436E-03  -1.0867485425E-02   3.8539089196E-02
    9     -2.8042366807E-02  -1.3247973664E-02  -7.1696201116E-04  -1.8702080189E-01   4.7107203453E-02
   10     -3.0167457448E-02   2.4814829880E-03   5.0228481719E-03   5.0279827813E-02  -1.0098629067E-01
   11     -1.5467943085E-02   6.2485532151E-03   3.4940357596E-03   8.1698150887E-03  -4.7269368410E-03
   12     -3.0550019243E-03   4.4635537883E-03   3.6694749295E-03  -3.5453561789E-02  -3.0974823480E-02
   13      3.5013979845E-03   1.8522954335E-03   1.5525604426E-04  -1.4845179810E-02   1.2121574166E-02
   14      4.1896644896E-03  -4.4556817730E-03  -3.1466870096E-03   2.2430145916E-02   1.4647607019E-02
   15     -5.0661312008E-02   2.2274496528E-04   2.4192808857E-02  -1.6816161117E-04   1.2300094647E-04
   16      5.9285495501E-04  -4.8548280997E-02   1.0234620527E-02   1.1657062545E-03  -2.9215919968E-04
   17      2.3998372135E-02   9.3041526260E-03  -3.0839888627E-01  -8.3644031489E-04   1.2084854467E-04
   18     -7.1855361441E-02   7.1275053165E-02  -2.6911699783E-02   5.5553004459E-03  -1.5641024763E-02
   19      7.0821379761E-02  -2.5726747480E-01   7.7026006072E-02   6.6612657310E-03  -1.9713921203E-02
   20     -2.6177429470E-02   7.7609281442E-02  -7.7319366655E-02   5.9330356657E-03  -1.2832880005E-02
   21     -2.9304394908E-01   3.4015203780E-02   6.5006491533E-02  -1.8145601866E-02   1.6554852994E-03
   22      3.4739985513E-02  -4.9544482618E-02  -7.1797060069E-03  -2.6922655646E-02   3.3490175230E-04
   23      6.5712455464E-02  -7.5342786640E-03  -6.4379795169E-02  -1.5933335322E-02   9.9562559788E-04
   24      2.2993001899E-03  -1.1685772761E-03  -2.1716636364E-02  -4.9752927684E-02   4.3970634444E-03
   25      1.0356299651E-03  -2.3176628529E-03  -2.5809834675E-02   4.0265108052E-03  -4.5363344337E-02
   26      1.0821964727E-03  -1.5364018688E-03  -1.4821485005E-02   2.9506199518E-02   1.7812697429E-02
   27      6.2556702832E-04  -7.8940813050E-04   1.7992376090E-04  -8.4563686783E-03   4.6259649759E-04
   28      1.0531266825E-03   1.8459868648E-03  -2.8689815053E-04   3.0972765234E-02  -6.5004906562E-03
   29      1.8751825757E-04  -4.6802846078E-04  -1.9444655319E-05  -1.2132444626E-02   2.4139122332E-03
   30     -6.5812447023E-04   1.5603864512E-03  -3.7040393119E-04   5.4090582215E-03   7.0997343749E-03
   31      3.2343007544E-03  -4.7244272099E-03   2.9930165411E-03  -1.5965869873E-02  -2.0063178045E-02
   32     -8.2203312159E-04   1.7702419281E-03  -3.2082810861E-04   7.8112627089E-03   8.6914251734E-03
   33     -5.6092437013E-05  -2.2840976669E-04   4.1186724469E-04   2.2573177881E-04   2.9800930139E-04
   34      1.1268947745E-04   1.9071741902E-03   1.2721132609E-03  -4.1627616006E-03  -3.5308906010E-03
   35      5.3132641324E-05  -6.3340453259E-04   8.2243273277E-04  -1.3465489754E-04   1.8025622595E-03
   36      1.9702654100E-03   1.3749525498E-03  -5.0046424650E-05  -5.1910317755E-03   2.6970667456E-02
   37      9.1284760081E-04   1.5240981197E-04  -1.6218051216E-04  -6.4737833818E-05  -4.5588626336E-03
   38      2.2968563315E-03   2.1674492297E-05  -2.8698716236E-04   4.9300192473E-03   3.6094959259E-04
                    5                  6                  7                  8                  9        
    0     -3.3447409815E-02   6.2370707646E-03   5.2631280681E-03   4.3019341583E-03  -2.8042366807E-02
    1     -2.8160961979E-02  -1.8311366865E-02  -2.9211221043E-02  -1.3050504638E-02  -1.3247973664E-02
    2     -9.1679881548E-02   6.5911979655E-03   6.4646070689E-03   5.1146102436E-03  -7.1696201116E-04
    3     -1.4491651037E-02  -8.8207963171E-02   2.8936318088E-02  -1.0867485425E-02  -1.8702080189E-01
    4     -3.7298944893E-02   3.0681872344E-02  -1.7843056541E-01   3.8539089196E-02   4.7107203453E-02
    5      5.3944641096E-01  -1.0467734802E-02   3.6148264581E-02  -9.4385150860E-02   1.0385932716E-02
    6     -1.0467734802E-02   5.7196553540E-01   2.4936462814E-02  -6.0167160356E-03  -1.4561318165E-02
    7      3.6148264581E-02   2.4936462814E-02   5.0208057298E-01   3.0282699424E-02   1.2535310608E-02
    8     -9.4385150860E-02  -6.0167160356E-03   3.0282699424E-02   5.6312153156E-01  -7.7173220538E-04
    9      1.0385932716E-02  -1.4561318165E-02   1.2535310608E-02  -7.7173220538E-04   6.7218554095E-01
   10     -2.9854489410E-03   3.6729290183E-02  -9.2907546569E-03  -5.2790687737E-03   1.0291560906E-01
   11     -8.6166076084E-02  -1.1954522562E-02   4.1214407078E-04   2.9402519233E-03  -1.6385863915E-01
   12      3.0264412390E-02   2.4648520980E-03  -4.2204214191E-03   3.9837764450E-04  -3.5038554980E-01
   13      9.2437364468E-03   4.1786097244E-04  -1.2217531571E-03  -1.2650913158E-03  -2.2994028980E-01
   14      1.2933817652E-02  -1.4067096069E-03   7.3290640057E-04  -1.9030269451E-03   1.7728501631E-01
   15     -1.9507206671E-02   3.0500148305E-04   1.1386828754E-03   2.7833840424E-04   1.8703048584E-03
   16     -2.4145776586E-02   6.2111014874E-04   1.8062809908E-03  -1.0091065854E-03   1.7541018135E-03
   17     -1.2609322862E-02   2.9869397714E-04   6.8098861814E-04   8.0709063152E-04   1.8062915076E-03
   18      8.0791395606E-03  -2.4748414661E-03  -1.9732384295E-03  -1.6878518434E-03   4.2907657234E-04
   19      8.0838474407E-03  -3.8181692733E-03  -2.2699353598E-03  -3.3853151509E-03   2.5754167763E-03
   20      4.2798554085E-03  -1.8479814597E-03  -1.4889637630E-03  -8.6287503245E-04  -2.1881853414E-04
   21      2.4910902196E-03   5.7030503290E-04   1.0130797836E-03   3.7743040953E-04   8.0697733590E-04
   22      3.8741294423E-03  -6.6694923272E-04   1.7469344363E-03   3.2655359063E-04   1.4351887326E-03
   23      1.9133285481E-03   2.6088779354E-04   6.5669187451E-04  -2.6919396862E-05  -5.6579967693E-04
   24      3.6857865533E-02   8.8182025674E-04   1.0452730690E-03  -1.0569084738E-02  -3.0710283771E-03
   25      1.7699002556E-02  -4.0188589733E-03  -3.4025874869E-03   3.0394705861E-02  -2.6268588333E-03
   26     -2.8483646263E-01   9.9678146269E-04   1.2932236076E-03  -8.5518043785E-03   1.9705921199E-03
   27      1.4285183010E-03  -2.9390704191E-01   3.8076363041E-02   5.5553938292E-02   4.1477058765E-04
   28     -7.8498752716E-03   3.6300155693E-02  -5.2448646291E-02  -9.1544818544E-03  -1.0427643865E-03
   29      1.3570450002E-03   5.5891992509E-02  -9.6864422587E-03  -6.0575851299E-02   3.6680708992E-04
   30      6.2709195077E-03  -1.2696884021E-01  -1.0359491932E-01  -6.5780286298E-02   8.6331417972E-04
   31     -1.4033621994E-02  -1.0173317309E-01  -1.8173102881E-01  -8.3336585885E-02  -2.4079080220E-03
   32      4.5338282084E-03  -6.5011059068E-02  -8.4817316641E-02  -1.0142507934E-01  -6.1792885073E-04
   33     -1.0463363144E-02  -5.0860983948E-02  -2.2256432654E-03   3.2427920219E-02   1.0865671062E-03
   34      3.1501692325E-02  -2.4857086176E-03  -4.9180180640E-02   1.7520178058E-02  -1.3729275935E-03
   35     -1.0427601932E-02   3.1327802302E-02   1.8771346478E-02  -3.0590100264E-01   1.9264387797E-03
   36     -7.3227636093E-03  -5.4435961656E-03  -8.1864854541E-04   2.3474761410E-03  -9.4575486560E-02
   37      7.9674044454E-03   1.2357265274E-03   1.5528844407E-03  -5.4097155373E-04   8.2505559916E-02
   38      1.5640210138E-02   1.3451088011E-03   5.0775016793E-04   1.6482255360E-03  -2.7045077031E-02
                   10                 11                 12                 13                 14        
    0     -3.0167457448E-02  -1.5467943085E-02  -3.0550019243E-03   3.5013979845E-03   4.1896644896E-03
    1      2.4814829880E-03   6.2485532151E-03   4.4635537883E-03   1.8522954335E-03  -4.4556817730E-03
    2      5.0228481719E-03   3.4940357596E-03   3.6694749295E-03   1.5525604426E-04  -3.1466870096E-03
    3      5.0279827813E-02   8.1698150887E-03  -3.5453561789E-02  -1.4845179810E-02   2.2430145916E-02
    4     -1.0098629067E-01  -4.7269368410E-03  -3.0974823480E-02   1.2121574166E-02   1.4647607019E-02
    5     -2.9854489410E-03  -8.6166076084E-02   3.0264412390E-02   9.2437364468E-03   1.2933817652E-02
    6      3.6729290183E-02  -1.1954522562E-02   2.4648520980E-03   4.1786097244E-04  -1.4067096069E-03
    7     -9.2907546569E-03   4.1214407078E-04  -4.2204214191E-03  -1.2217531571E-03   7.3290640057E-04
    8     -5.2790687737E-03   2.9402519233E-03   3.9837764450E-04  -1.2650913158E-03  -1.9030269451E-03
    9      1.0291560906E-01  -1.6385863915E-01  -3.5038554980E-01  -2.2994028980E-01   1.7728501631E-01
   10      6.7821417071E-01  -2.2758576843E-01  -2.2495289449E-01  -3.4193601587E-01   1.7983744787E-01
   11     -2.2758576843E-01   3.7445806434E-01   1.7483232411E-01   1.8141683860E-01  -2.0535587528E-01
   12     -2.2495289449E-01   1.7483232411E-01   3.8044673747E-01   2.6962006861E-01  -2.1471591168E-01
   13     -3.4193601587E-01   1.8141683860E-01   2.6962006861E-01   3.5377369080E-01  -2.1612899586E-01
   14      1.7983744787E-01  -2.0535587528E-01  -2.1471591168E-01  -2.1612899586E-01   1.9006404230E-01
   15      6.1051733432E-04  -2.2403581943E-03   3.0213783816E-05  -2.2396591508E-04   8.0055291781E-04
   16      5.8213621552E-04  -6.6020142797E-04  -1.5504084455E-04  -2.7882606420E-04   4.0996402680E-04
   17      2.2956490376E-05  -8.4773520522E-04  -1.0724097833E-03  -5.0479298925E-04   6.1436597316E-04
   18     -2.2481327272E-03   1.4003474021E-03   1.8369690994E-04   7.3957009357E-04  -6.5741146834E-04
   19     -1.0942614029E-03   7.3830318659E-04  -5.7646922661E-04   7.4129595851E-04  -3.9898004305E-04
   20      1.5110028826E-04   4.4181049615E-04   1.3311942556E-04   2.4428831397E-06  -1.7496837397E-04
   21     -3.7461327473E-03  -2.2188160812E-03  -1.0537769542E-03   9.4138621372E-05   8.9788345662E-04
   22     -4.8191692919E-03  -2.9608139268E-03  -2.2463315368E-03   2.8843627717E-04   1.6504275888E-03
   23     -3.0366667945E-03  -1.6731836309E-03  -1.3388976815E-03   1.2904228121E-05   1.4359767313E-03
   24     -4.7643627762E-03   3.7250850148E-02  -6.7067675980E-03  -2.6828835115E-04  -3.3819277777E-03
   25     -2.7931615067E-04  -5.1073923543E-03   7.6342627927E-04   8.7709476763E-04   1.0461494232E-04
   26      2.2598964319E-03  -9.7919695713E-03   1.0169891910E-03  -1.8116353799E-03   5.4230540472E-04
   27      5.3306226025E-04  -5.9102458772E-04   2.6601243835E-04   7.6500789614E-04  -3.0020370812E-04
   28     -6.8788879152E-03   3.3495335350E-03  -5.2243820571E-04   1.7566072009E-03  -4.9246435705E-04
   29      3.0823677841E-03  -7.6371994149E-04   2.2534994791E-04  -8.3815716905E-04   6.2889981926E-04
   30      5.1110210763E-04   3.3191363515E-04  -3.8009047683E-04  -9.3266542168E-05   3.9464738176E-05
   31     -5.5916291942E-04   4.1219232703E-04   8.3189759289E-04   1.5793614619E-03  -4.4199783835E-04
   32     -9.1721004077E-04   5.7836797243E-04  -1.5101580941E-04   9.0771430016E-04  -1.5348100798E-04
   33      6.2831744230E-04  -1.5187570284E-03  -1.4572740155E-04  -7.7550462486E-04   6.8462360396E-04
   34      3.7704886328E-04   5.6677292309E-04   6.7925211101E-04   4.8638979883E-04  -5.0308025840E-04
   35      4.7498765160E-04  -6.5894690869E-04  -2.4680616516E-04  -1.1470758974E-03   9.4545940511E-04
   36      7.3481585913E-02  -2.4081310769E-02   1.3788963243E-02  -2.8934576642E-02   1.4153448602E-02
   37     -2.1581097990E-01   4.7841993134E-02  -1.2766751671E-02  -3.0040150772E-02   2.5132982961E-02
   38      4.9007340276E-02  -7.6655023876E-02   6.9663576808E-03   2.9862105431E-02   3.5691713248E-03
                   15                 16                 17                 18                 19        
    0     -5.0661312008E-02   5.9285495501E-04   2.3998372135E-02  -7.1855361441E-02   7.0821379761E-02
    1      2.2274496528E-04  -4.8548280997E-02   9.3041526260E-03   7.1275053165E-02  -2.5726747480E-01
    2      2.4192808857E-02   1.0234620527E-02  -3.0839888627E-01  -2.6911699783E-02   7.7026006072E-02
    3     -1.6816161117E-04   1.1657062545E-03  -8.3644031489E-04   5.5553004459E-03   6.6612657310E-03
    4      1.2300094647E-04  -2.9215919968E-04   1.2084854467E-04  -1.5641024763E-02  -1.9713921203E-02
    5     -1.9507206671E-02  -2.4145776586E-02  -1.2609322862E-02   8.0791395606E-03   8.0838474407E-03
    6      3.0500148305E-04   6.2111014874E-04   2.9869397714E-04  -2.4748414661E-03  -3.8181692733E-03
    7      1.1386828754E-03   1.8062809908E-03   6.8098861814E-04  -1.9732384295E-03  -2.2699353598E-03
    8      2.7833840424E-04  -1.0091065854E-03   8.0709063152E-04  -1.6878518434E-03  -3.3853151509E-03
    9      1.8703048584E-03   1.7541018135E-03   1.8062915076E-03   4.2907657234E-04   2.5754167763E-03
   10      6.1051733432E-04   5.8213621552E-04   2.2956490376E-05  -2.2481327272E-03  -1.0942614029E-03
   11     -2.2403581943E-03  -6.6020142797E-04  -8.4773520522E-04   1.4003474021E-03   7.3830318659E-04
   12      3.0213783816E-05  -1.5504084455E-04  -1.0724097833E-03   1.8369690994E-04  -5.7646922661E-04
   13     -2.2396591508E-04  -2.7882606420E-04  -5.0479298925E-04   7.3957009357E-04   7.4129595851E-04
   14      8.0055291781E-04   4.0996402680E-04   6.1436597316E-04  -6.5741146834E-04  -3.9898004305E-04
   15      5.1472171158E-02   3.1302898812E-03  -2.3367563041E-02  -1.9508186075E-05  -3.1324197315E-04
   16      3.1302898812E-03   5.0487210049E-02  -7.5419257316E-03  -3.7280156971E-03   4.1978615304E-04
   17     -2.3367563041E-02  -7.5419257316E-03   3.3440284241E-01   1.2127278750E-03  -1.9290125602E-04
   18     -1.9508186075E-05  -3.7280156971E-03   1.2127278750E-03   7.5096248578E-02  -7.5842464907E-02
   19     -3.1324197315E-04   4.1978615304E-04  -1.9290125602E-04  -7.5842464907E-02   2.8132093546E-01
   20     -1.0269019143E-02   2.8637177843E-02  -8.3712842091E-03   3.0123946710E-02  -8.3137176653E-02
   21     -1.0517159676E-03   1.9587836484E-04  -6.6255713231E-05  -7.6752384261E-03   5.7266963426E-04
   22     -1.8008427377E-03  -9.0082973579E-04   6.2810655382E-04   2.7701029655E-02  -2.7313720997E-03
   23      3.1263733974E-02  -4.4926306763E-03  -6.3106031842E-03  -1.1294698003E-02   8.8699745566E-04
   24     -1.8079310372E-03  -3.3284197112E-03  -1.8452872345E-03   6.7557365633E-04   3.6651117767E-04
   25     -2.9811609431E-03  -3.0778707220E-03  -1.7078381491E-03   6.6904161909E-04   6.1744077586E-04
   26     -1.7065309127E-03  -2.2365579110E-03   3.3219685825E-04   9.1861223254E-05  -2.4620573831E-04
   27     -6.0996339138E-06   8.9085856477E-05  -6.7473845053E-05   2.5806927166E-04  -7.2978725517E-06
   28     -9.9193860227E-05  -8.6485752673E-05  -7.6338847931E-05  -2.3292841062E-04   3.3121560732E-04
   29      1.6767526163E-04   3.3043973707E-05  -3.6199926620E-05  -1.1876087275E-04  -4.3406398923E-05
   30     -1.1823424024E-04  -1.5466624214E-05  -6.3663742196E-05   4.9151889175E-04   5.3143877417E-04
   31      1.7765249239E-04   1.9639105073E-04   7.6667202028E-05  -1.0653224494E-03  -1.3336169626E-03
   32      1.7800073046E-05   3.3915700952E-04   3.5744412452E-04   9.6048293497E-05   5.8775322058E-04
   33      2.3077078472E-04  -1.8445913477E-04   1.2445773611E-04  -8.2478967739E-05  -3.1578248258E-06
   34     -7.6220433052E-05  -2.7494364915E-04  -7.4072884465E-04   1.6084016392E-04   2.5243440234E-04
   35      4.0437449752E-04   5.7336325556E-04   2.9490499616E-04  -9.5192438345E-05  -8.9229040414E-07
   36     -7.5499383815E-05  -1.3976508274E-04  -1.8110597988E-04  -5.8205583904E-04  -1.0059040827E-03
   37      9.3877187506E-05  -3.2408339002E-05  -6.5616729643E-05   2.2361599378E-04   7.2747346364E-04
   38      2.5050400059E-05  -1.4470520383E-04  -2.3481333626E-04  -2.5817580077E-04   8.9724173355E-05
                   20                 21                 22                 23                 24        
    0     -2.6177429470E-02  -2.9304394908E-01   3.4739985513E-02   6.5712455464E-02   2.2993001899E-03
    1      7.7609281442E-02   3.4015203780E-02  -4.9544482618E-02  -7.5342786640E-03  -1.1685772761E-03
    2     -7.7319366655E-02   6.5006491533E-02  -7.1797060069E-03  -6.4379795169E-02  -2.1716636364E-02
    3      5.9330356657E-03  -1.8145601866E-02  -2.6922655646E-02  -1.5933335322E-02  -4.9752927684E-02
    4     -1.2832880005E-02   1.6554852994E-03   3.3490175230E-04   9.9562559788E-04   4.3970634444E-03
    5      4.2798554085E-03   2.4910902196E-03   3.8741294423E-03   1.9133285481E-03   3.6857865533E-02
    6     -1.8479814597E-03   5.7030503290E-04  -6.6694923272E-04   2.6088779354E-04   8.8182025674E-04
    7     -1.4889637630E-03   1.0130797836E-03   1.7469344363E-03   6.5669187451E-04   1.0452730690E-03
    8     -8.6287503245E-04   3.7743040953E-04   3.2655359063E-04  -2.6919396862E-05  -1.0569084738E-02
    9     -2.1881853414E-04   8.0697733590E-04   1.4351887326E-03  -5.6579967693E-04  -3.0710283771E-03
   10      1.5110028826E-04  -3.7461327473E-03  -4.8191692919E-03  -3.0366667945E-03  -4.7643627762E-03
   11      4.4181049615E-04  -2.2188160812E-03  -2.9608139268E-03  -1.6731836309E-03   3.7250850148E-02
   12      1.3311942556E-04  -1.0537769542E-03  -2.2463315368E-03  -1.3388976815E-03  -6.7067675980E-03
   13      2.4428831397E-06   9.4138621372E-05   2.8843627717E-04   1.2904228121E-05  -2.6828835115E-04
   14     -1.7496837397E-04   8.9788345662E-04   1.6504275888E-03   1.4359767313E-03  -3.3819277777E-03
   15     -1.0269019143E-02  -1.0517159676E-03  -1.8008427377E-03   3.1263733974E-02  -1.8079310372E-03
   16      2.8637177843E-02   1.9587836484E-04  -9.0082973579E-04  -4.4926306763E-03  -3.3284197112E-03
   17     -8.3712842091E-03  -6.6255713231E-05   6.2810655382E-04  -6.3106031842E-03  -1.8452872345E-03
   18      3.0123946710E-02  -7.6752384261E-03   2.7701029655E-02  -1.1294698003E-02   6.7557365633E-04
   19     -8.3137176653E-02   5.7266963426E-04  -2.7313720997E-03   8.8699745566E-04   3.6651117767E-04
   20      7.8817666948E-02   2.0083762983E-03  -8.2487920549E-03   2.0037643278E-03   6.8368656063E-04
   21      2.0083762983E-03   3.1772237049E-01  -3.3950208496E-02  -6.8560553203E-02   8.2152857518E-04
   22     -8.2487920549E-03  -3.3950208496E-02   5.4157828578E-02   1.1181417249E-02   1.2937561970E-03
   23      2.0037643278E-03  -6.8560553203E-02   1.1181417249E-02   6.6142478722E-02   2.4886875618E-05
   24      6.8368656063E-04   8.2152857518E-04   1.2937561970E-03   2.4886875618E-05   5.6318049765E-02
   25      1.8667558938E-04   5.3690635922E-04   1.0707287160E-03   9.9559584750E-04   1.4378370622E-03
   26      4.4696764425E-04  -5.4263417498E-05   6.1206715873E-04   8.3252066787E-04  -3.3146098158E-02
   27     -1.8943842902E-04   4.6107467984E-04   4.3180176788E-04   2.2793658866E-04   1.7738873482E-04
   28      1.9242909660E-04  -6.8796419423E-04  -4.5919861825E-04   6.3992830518E-05  -5.3153398533E-04
   29     -1.2503176735E-04   1.1184436522E-04  -1.7962157860E-04   2.2744086872E-04  -2.2298951938E-04
   30     -4.7110495728E-05   2.9105342679E-04   2.0641846766E-04  -1.0541250493E-04   2.8302714154E-04
   31     -7.7737458141E-04   3.2161634664E-05   2.6132689841E-04   1.5468422364E-04  -3.5929067341E-04
   32      6.0282725546E-04  -2.0272376949E-04  -9.3924352661E-05  -1.3609595634E-04   5.9351589469E-04
   33     -9.9740937632E-05  -4.4309425345E-05   3.5492357393E-05   1.4368052765E-04  -2.9944360313E-04
   34     -3.5613873552E-04  -6.1813631851E-05  -9.2293936700E-05  -8.7701792887E-05   2.1185866823E-03
   35      3.2778402170E-04  -6.8151833549E-05   5.6357347346E-05  -3.4009099221E-05  -7.5891670349E-04
   36     -1.2907046863E-05   3.4128218332E-04  -2.7910821645E-04   2.3816570849E-04   1.8140997940E-04
   37      5.4464632542E-05   3.5301876820E-04   6.8718964254E-04   1.8527557867E-04  -2.3187038486E-04
   38     -6.7150064192E-05   2.0459719511E-04   3.5189203085E-04   5.0965703426E-06  -3.7391833029E-03
                   25                 26                 27                 28                 29        
    0      1.0356299651E-03   1.0821964727E-03   6.2556702832E-04   1.0531266825E-03   1.8751825757E-04
    1     -2.3176628529E-03  -1.5364018688E-03  -7.8940813050E-04   1.8459868648E-03  -4.6802846078E-04
    2     -2.5809834675E-02  -1.4821485005E-02   1.7992376090E-04  -2.8689815053E-04  -1.9444655319E-05
    3      4.0265108052E-03   2.9506199518E-02  -8.4563686783E-03   3.0972765234E-02  -1.2132444626E-02
    4     -4.5363344337E-02   1.7812697429E-02   4.6259649759E-04  -6.5004906562E-03   2.4139122332E-03
    5      1.7699002556E-02  -2.8483646263E-01   1.4285183010E-03  -7.8498752716E-03   1.3570450002E-03
    6     -4.0188589733E-03   9.9678146269E-04  -2.9390704191E-01   3.6300155693E-02   5.5891992509E-02
    7     -3.4025874869E-03   1.2932236076E-03   3.8076363041E-02  -5.2448646291E-02  -9.6864422587E-03
    8      3.0394705861E-02  -8.5518043785E-03   5.5553938292E-02  -9.1544818544E-03  -6.0575851299E-02
    9     -2.6268588333E-03   1.9705921199E-03   4.1477058765E-04  -1.0427643865E-03   3.6680708992E-04
   10     -2.7931615067E-04   2.2598964319E-03   5.3306226025E-04  -6.8788879152E-03   3.0823677841E-03
   11     -5.1073923543E-03  -9.7919695713E-03  -5.9102458772E-04   3.3495335350E-03  -7.6371994149E-04
   12      7.6342627927E-04   1.0169891910E-03   2.6601243835E-04  -5.2243820571E-04   2.2534994791E-04
   13      8.7709476763E-04  -1.8116353799E-03   7.6500789614E-04   1.7566072009E-03  -8.3815716905E-04
   14      1.0461494232E-04   5.4230540472E-04  -3.0020370812E-04  -4.9246435705E-04   6.2889981926E-04
   15     -2.9811609431E-03  -1.7065309127E-03  -6.0996339138E-06  -9.9193860227E-05   1.6767526163E-04
   16     -3.0778707220E-03  -2.2365579110E-03   8.9085856477E-05  -8.6485752673E-05   3.3043973707E-05
   17     -1.7078381491E-03   3.3219685825E-04  -6.7473845053E-05  -7.6338847931E-05  -3.6199926620E-05
   18      6.6904161909E-04   9.1861223254E-05   2.5806927166E-04  -2.3292841062E-04  -1.1876087275E-04
   19      6.1744077586E-04  -2.4620573831E-04  -7.2978725517E-06   3.3121560732E-04  -4.3406398923E-05
   20      1.8667558938E-04   4.4696764425E-04  -1.8943842902E-04   1.9242909660E-04  -1.2503176735E-04
   21      5.3690635922E-04  -5.4263417498E-05   4.6107467984E-04  -6.8796419423E-04   1.1184436522E-04
   22      1.0707287160E-03   6.1206715873E-04   4.3180176788E-04  -4.5919861825E-04  -1.7962157860E-04
   23      9.9559584750E-04   8.3252066787E-04   2.2793658866E-04   6.3992830518E-05   2.2744086872E-04
   24      1.4378370622E-03  -3.3146098158E-02   1.7738873482E-04  -5.3153398533E-04  -2.2298951938E-04
   25      5.5212183361E-02  -1.7941312274E-02   3.1464098354E-05   1.1980865447E-03  -7.1661805368E-04
   26     -1.7941312274E-02   3.1329019373E-01  -2.7487319628E-04   2.8229598221E-05   3.7356738601E-04
   27      3.1464098354E-05  -2.7487319628E-04   3.1835143415E-01  -4.2846813056E-02  -6.0674284491E-02
   28      1.1980865447E-03   2.8229598221E-05  -4.2846813056E-02   5.8186185437E-02   7.7479208217E-03
   29     -7.1661805368E-04   3.7356738601E-04  -6.0674284491E-02   7.7479208217E-03   6.1002552443E-02
   30     -5.1121358157E-04   4.1900821265E-05  -1.5280841762E-02  -2.1791862942E-02  -1.4356152171E-02
   31      8.3072626258E-04   2.7218065068E-04   3.0835226293E-03   4.2634186088E-03   3.4237914794E-03
   32     -4.6630246418E-04   4.6922543333E-04   4.2712717348E-03   6.5876199788E-03   2.8343418586E-03
   33      1.9541291925E-03  -5.5852676780E-04  -2.5329905312E-03  -2.5332068916E-03   3.1297537992E-02
   34     -5.2770703911E-03   1.6737127535E-03   1.4107585693E-05  -8.4340473442E-04  -4.9857202710E-03
   35      1.7444750396E-03   7.9368925218E-04   2.0034677204E-04   7.5300601167E-05  -5.0794387319E-03
   36     -3.2353752401E-04   1.0030904292E-03  -3.7097437809E-04   1.8824368371E-03  -6.9632086112E-04
   37     -8.8408487199E-05  -2.0531167777E-04   2.3672891195E-04  -3.6438629507E-04   1.8939654900E-04
   38      6.4964535466E-04   9.2105520892E-04   1.8758992626E-04  -1.5740663092E-04   1.7583894658E-04
                   30                 31                 32                 33                 34        
    0     -6.5812447023E-04   3.2343007544E-03  -8.2203312159E-04  -5.6092437013E-05   1.1268947745E-04
    1      1.5603864512E-03  -4.7244272099E-03   1.7702419281E-03  -2.2840976669E-04   1.9071741902E-03
    2     -3.7040393119E-04   2.9930165411E-03  -3.2082810861E-04   4.1186724469E-04   1.2721132609E-03
    3      5.4090582215E-03  -1.5965869873E-02   7.8112627089E-03   2.2573177881E-04  -4.1627616006E-03
    4      7.0997343749E-03  -2.0063178045E-02   8.6914251734E-03   2.9800930139E-04  -3.5308906010E-03
    5      6.2709195077E-03  -1.4033621994E-02   4.5338282084E-03  -1.0463363144E-02   3.1501692325E-02
    6     -1.2696884021E-01  -1.0173317309E-01  -6.5011059068E-02  -5.0860983948E-02  -2.4857086176E-03
    7     -1.0359491932E-01  -1.8173102881E-01  -8.4817316641E-02  -2.2256432654E-03  -4.9180180640E-02
    8     -6.5780286298E-02  -8.3336585885E-02  -1.0142507934E-01   3.2427920219E-02   1.7520178058E-02
    9      8.6331417972E-04  -2.4079080220E-03  -6.1792885073E-04   1.0865671062E-03  -1.3729275935E-03
   10      5.1110210763E-04  -5.5916291942E-04  -9.1721004077E-04   6.2831744230E-04   3.7704886328E-04
   11      3.3191363515E-04   4.1219232703E-04   5.7836797243E-04  -1.5187570284E-03   5.6677292309E-04
   12     -3.8009047683E-04   8.3189759289E-04  -1.5101580941E-04  -1.4572740155E-04   6.7925211101E-04
   13     -9.3266542168E-05   1.5793614619E-03   9.0771430016E-04  -7.7550462486E-04   4.8638979883E-04
   14      3.9464738176E-05  -4.4199783835E-04  -1.5348100798E-04   6.8462360396E-04  -5.0308025840E-04
   15     -1.1823424024E-04   1.7765249239E-04   1.7800073046E-05   2.3077078472E-04  -7.6220433052E-05
   16     -1.5466624214E-05   1.9639105073E-04   3.3915700952E-04  -1.8445913477E-04  -2.7494364915E-04
   17     -6.3663742196E-05   7.6667202028E-05   3.5744412452E-04   1.2445773611E-04  -7.4072884465E-04
   18      4.9151889175E-04  -1.0653224494E-03   9.6048293497E-05  -8.2478967739E-05   1.6084016392E-04
   19      5.3143877417E-04  -1.3336169626E-03   5.8775322058E-04  -3.1578248258E-06   2.5243440234E-04
   20     -4.7110495728E-05  -7.7737458141E-04   6.0282725546E-04  -9.9740937632E-05  -3.5613873552E-04
   21      2.9105342679E-04   3.2161634664E-05  -2.0272376949E-04  -4.4309425345E-05  -6.1813631851E-05
   22      2.0641846766E-04   2.6132689841E-04  -9.3924352661E-05   3.5492357393E-05  -9.2293936700E-05
   23     -1.0541250493E-04   1.5468422364E-04  -1.3609595634E-04   1.4368052765E-04  -8.7701792887E-05
   24      2.8302714154E-04  -3.5929067341E-04   5.9351589469E-04  -2.9944360313E-04   2.1185866823E-03
   25     -5.1121358157E-04   8.3072626258E-04  -4.6630246418E-04   1.9541291925E-03  -5.2770703911E-03
   26      4.1900821265E-05   2.7218065068E-04   4.6922543333E-04  -5.5852676780E-04   1.6737127535E-03
   27     -1.5280841762E-02   3.0835226293E-03   4.2712717348E-03  -2.5329905312E-03   1.4107585693E-05
   28     -2.1791862942E-02   4.2634186088E-03   6.5876199788E-03  -2.5332068916E-03  -8.4340473442E-04
   29     -1.4356152171E-02   3.4237914794E-03   2.8343418586E-03   3.1297537992E-02  -4.9857202710E-03
   30      1.3402011196E-01   1.1203137355E-01   7.1766987430E-02   1.9341715943E-03   4.2086607628E-03
   31      1.1203137355E-01   1.9919238228E-01   8.9784653287E-02   2.1643206956E-03   2.0432085590E-03
   32      7.1766987430E-02   8.9784653287E-02   1.0527361672E-01  -1.7874362845E-02  -2.2500988296E-02
   33      1.9341715943E-03   2.1643206956E-03  -1.7874362845E-02   5.0473258805E-02   1.0435606937E-03
   34      4.2086607628E-03   2.0432085590E-03  -2.2500988296E-02   1.0435606937E-03   5.4221660728E-02
   35      2.4064689775E-03   1.4142750728E-03  -1.2405532207E-02  -3.4875383684E-02  -2.3087874067E-02
   36      1.1387574232E-04  -4.9036253499E-06   1.2137647147E-04   7.1526245164E-05  -1.7269693819E-04
   37     -1.6114710348E-04   4.4598822810E-05   1.0716861333E-04  -1.7901683672E-04  -8.9132589325E-05
   38     -1.3376510862E-04   7.8127799255E-05  -2.0863495592E-04   3.5211776718E-04  -2.8451618108E-04
                   35                 36                 37                 38        
     0      5.3132641324E-05   1.9702654100E-03   9.1284760081E-04   2.2968563315E-03
     1     -6.3340453259E-04   1.3749525498E-03   1.5240981197E-04   2.1674492297E-05
     2      8.2243273277E-04  -5.0046424650E-05  -1.6218051216E-04  -2.8698716236E-04
     3     -1.3465489754E-04  -5.1910317755E-03  -6.4737833818E-05   4.9300192473E-03
     4      1.8025622595E-03   2.6970667456E-02  -4.5588626336E-03   3.6094959259E-04
     5     -1.0427601932E-02  -7.3227636093E-03   7.9674044454E-03   1.5640210138E-02
     6      3.1327802302E-02  -5.4435961656E-03   1.2357265274E-03   1.3451088011E-03
     7      1.8771346478E-02  -8.1864854541E-04   1.5528844407E-03   5.0775016793E-04
     8     -3.0590100264E-01   2.3474761410E-03  -5.4097155373E-04   1.6482255360E-03
     9      1.9264387797E-03  -9.4575486560E-02   8.2505559916E-02  -2.7045077031E-02
    10      4.7498765160E-04   7.3481585913E-02  -2.1581097990E-01   4.9007340276E-02
    11     -6.5894690869E-04  -2.4081310769E-02   4.7841993134E-02  -7.6655023876E-02
    12     -2.4680616516E-04   1.3788963243E-02  -1.2766751671E-02   6.9663576808E-03
    13     -1.1470758974E-03  -2.8934576642E-02  -3.0040150772E-02   2.9862105431E-02
    14      9.4545940511E-04   1.4153448602E-02   2.5132982961E-02   3.5691713248E-03
    15      4.0437449752E-04  -7.5499383815E-05   9.3877187506E-05   2.5050400059E-05
    16      5.7336325556E-04  -1.3976508274E-04  -3.2408339002E-05  -1.4470520383E-04
    17      2.9490499616E-04  -1.8110597988E-04  -6.5616729643E-05  -2.3481333626E-04
    18     -9.5192438345E-05  -5.8205583904E-04   2.2361599378E-04  -2.5817580077E-04
    19     -8.9229040414E-07  -1.0059040827E-03   7.2747346364E-04   8.9724173355E-05
    20      3.2778402170E-04  -1.2907046863E-05   5.4464632542E-05  -6.7150064192E-05
    21     -6.8151833549E-05   3.4128218332E-04   3.5301876820E-04   2.0459719511E-04
    22      5.6357347346E-05  -2.7910821645E-04   6.8718964254E-04   3.5189203085E-04
    23     -3.4009099221E-05   2.3816570849E-04   1.8527557867E-04   5.0965703426E-06
    24     -7.5891670349E-04   1.8140997940E-04  -2.3187038486E-04  -3.7391833029E-03
    25      1.7444750396E-03  -3.2353752401E-04  -8.8408487199E-05   6.4964535466E-04
    26      7.9368925218E-04   1.0030904292E-03  -2.0531167777E-04   9.2105520892E-04
    27      2.0034677204E-04  -3.7097437809E-04   2.3672891195E-04   1.8758992626E-04
    28      7.5300601167E-05   1.8824368371E-03  -3.6438629507E-04  -1.5740663092E-04
    29     -5.0794387319E-03  -6.9632086112E-04   1.8939654900E-04   1.7583894658E-04
    30      2.4064689775E-03   1.1387574232E-04  -1.6114710348E-04  -1.3376510862E-04
    31      1.4142750728E-03  -4.9036253499E-06   4.4598822810E-05   7.8127799255E-05
    32     -1.2405532207E-02   1.2137647147E-04   1.0716861333E-04  -2.0863495592E-04
    33     -3.4875383684E-02   7.1526245164E-05  -1.7901683672E-04   3.5211776718E-04
    34     -2.3087874067E-02  -1.7269693819E-04  -8.9132589325E-05  -2.8451618108E-04
    35      3.3135492032E-01  -1.9152893176E-04  -3.1141790430E-05  -3.2659209913E-05
    36     -1.9152893176E-04   8.9771321299E-02  -7.2094176588E-02   1.4770465082E-02
    37     -3.1141790430E-05  -7.2094176588E-02   2.4781977284E-01  -8.0408022476E-02
    38     -3.2659209913E-05   1.4770465082E-02  -8.0408022476E-02   5.5525670880E-02

$vibrational_frequencies
39
    0        0.0000000000000000
    1        0.0000000000000000
    2        0.0000000000000000
    3        0.0000000000000000
    4        0.0000000000000000
    5        0.0000000000000000
    6      198.0849561365336342
    7      263.9041051504760276
    8      279.5780045173397070
    9      304.7261980665608121
   10      365.5848244757282828
   11      416.9046837923421549
   12      659.7982801898029948
   13      822.1105179072642386
   14      932.9880192157386318
   15      954.3952882323667382
   16      967.5772299480148604
   17      988.7850512399161289
   18     1139.0713277000268135
   19     1168.4431238215106532
   20     1212.9267627150982207
   21     1311.0335574023249592
   22     1379.2551371121496686
   23     1407.3176298481212143
   24     1409.8469538471274518
   25     1434.3297118985647103
   26     1489.2115813781310862
   27     1494.9502699840413698
   28     1508.9246329991751736
   29     1514.1744160150390144
   30     1746.0689561848571429
   31     2916.1067567112559118
   32     2996.3466055322332977
   33     3032.1101599335456740
   34     3039.1414157660010460
   35     3107.2942385850346909
   36     3112.5998882244598462
   37     3118.2240834526060098
   38     3118.7025829189201431

$normal_modes
39 39
                    0                  1                  2                  3                  4        
    0      0.0000000000E+00   0.0000000000E+00   0.0000000000E+00   0.0000000000E+00   0.0000000000E+00
    1      0.0000000000E+00   0.0000000000E+00   0.0000000000E+00   0.0000000000E+00   0.0000000000E+00
    2      0.0000000000E+00   0.0000000000E+00   0.0000000000E+00   0.0000000000E+00   0.0000000000E+00
    3      0.0000000000E+00   0.0000000000E+00   0.0000000000E+00   0.0000000000E+00   0.0000000000E+00
    4      0.0000000000E+00   0.0000000000E+00   0.0000000000E+00   0.0000000000E+00   0.0000000000E+00
    5      0.0000000000E+00   0.0000000000E+00   0.0000000000E+00   0.0000000000E+00   0.0000000000E+00
    6      0.0000000000E+00   0.0000000000E+00   0.0000000000E+00   0.0000000000E+00   0.0000000000E+00
    7      0.0000000000E+00   0.0000000000E+00   0.0000000000E+00   0.0000000000E+00   0.0000000000E+00
    8      0.0000000000E+00   0.0000000000E+00   0.0000000000E+00   0.0000000000E+00   0.0000000000E+00
    9      0.0000000000E+00   0.0000000000E+00   0.0000000000E+00   0.0000000000E+00   0.0000000000E+00
   10      0.0000000000E+00   0.0000000000E+00   0.0000000000E+00   0.0000000000E+00   0.0000000000E+00
   11      0.0000000000E+00   0.0000000000E+00   0.0000000000E+00   0.0000000000E+00   0.0000000000E+00
   12      0.0000000000E+00   0.0000000000E+00   0.0000000000E+00   0.0000000000E+00   0.0000000000E+00
   13      0.0000000000E+00   0.0000000000E+00   0.0000000000E+00   0.0000000000E+00   0.0000000000E+00
   14      0.0000000000E+00   0.0000000000E+00   0.0000000000E+00   0.0000000000E+00   0.0000000000E+00
   15      0.0000000000E+00   0.0000000000E+00   0.0000000000E+00   0.0000000000E+00   0.0000000000E+00
   16      0.0000000000E+00   0.0000000000E+00   0.0000000000E+00   0.0000000000E+00   0.0000000000E+00
   17      0.0000000000E+00   0.0000000000E+00   0.0000000000E+00   0.0000000000E+00   0.0000000000E+00
   18      0.0000000000E+00   0.0000000000E+00   0.0000000000E+00   0.0000000000E+00   0.0000000000E+00
   19      0.0000000000E+00   0.0000000000E+00   0.0000000000E+00   0.0000000000E+00   0.0000000000E+00
   20      0.0000000000E+00   0.0000000000E+00   0.0000000000E+00   0.0000000000E+00   0.0000000000E+00
   21      0.0000000000E+00   0.0000000000E+00   0.0000000000E+00   0.0000000000E+00   0.0000000000E+00
   22      0.0000000000E+00   0.0000000000E+00   0.0000000000E+00   0.0000000000E+00   0.0000000000E+00
   23      0.0000000000E+00   0.0000000000E+00   0.0000000000E+00   0.0000000000E+00   0.0000000000E+00
   24      0.0000000000E+00   0.0000000000E+00   0.0000000000E+00   0.0000000000E+00   0.0000000000E+00
   25      0.0000000000E+00   0.0000000000E+00   0.0000000000E+00   0.0000000000E+00   0.0000000000E+00
   26      0.0000000000E+00   0.0000000000E+00   0.0000000000E+00   0.0000000000E+00   0.0000000000E+00
   27      0.0000000000E+00   0.0000000000E+00   0.0000000000E+00   0.0000000000E+00   0.0000000000E+00
   28      0.0000000000E+00   0.0000000000E+00   0.0000000000E+00   0.0000000000E+00   0.0000000000E+00
   29      0.0000000000E+00   0.0000000000E+00   0.0000000000E+00   0.0000000000E+00   0.0000000000E+00
   30      0.0000000000E+00   0.0000000000E+00   0.0000000000E+00   0.0000000000E+00   0.0000000000E+00
   31      0.0000000000E+00   0.0000000000E+00   0.0000000000E+00   0.0000000000E+00   0.0000000000E+00
   32      0.0000000000E+00   0.0000000000E+00   0.0000000000E+00   0.0000000000E+00   0.0000000000E+00
   33      0.0000000000E+00   0.0000000000E+00   0.0000000000E+00   0.0000000000E+00   0.0000000000E+00
   34      0.0000000000E+00   0.0000000000E+00   0.0000000000E+00   0.0000000000E+00   0.0000000000E+00
   35      0.0000000000E+00   0.0000000000E+00   0.0000000000E+00   0.0000000000E+00   0.0000000000E+00
   36      0.0000000000E+00   0.0000000000E+00   0.0000000000E+00   0.0000000000E+00   0.0000000000E+00
   37      0.0000000000E+00   0.0000000000E+00   0.0000000000E+00   0.0000000000E+00   0.0000000000E+00
   38      0.0000000000E+00   0.0000000000E+00   0.0000000000E+00   0.0000000000E+00   0.0000000000E+00
                    5                  6                  7                  8                  9        
    0      0.0000000000E+00  -1.6995706622E-01   2.3998233295E-02   2.2173437084E-02  -4.5922782779E-03
    1      0.0000000000E+00  -2.4042763981E-02   6.8297191117E-04   3.7583632251E-02  -1.3114256495E-02
    2      0.0000000000E+00   1.1904602622E-01  -2.4269333767E-02  -3.3724757859E-03  -3.1309601273E-02
    3      0.0000000000E+00   2.7035095510E-02  -9.4910279238E-05   1.2160054164E-02  -1.7873336849E-02
    4      0.0000000000E+00  -5.5104643767E-02   7.7343981509E-03   6.5889900458E-02  -2.8710078410E-02
    5      0.0000000000E+00  -9.9651092645E-02  -4.6293092534E-03  -4.4739722695E-02   1.3837824265E-02
    6      0.0000000000E+00   3.2542474609E-02  -3.6540869820E-02  -1.9143030630E-01   1.0011015276E-01
    7      0.0000000000E+00  -4.4541044900E-02   3.9314452511E-03   2.6999280465E-02  -1.2020739598E-02
    8      0.0000000000E+00  -7.2671403536E-02   1.6243628059E-02   7.6256784422E-03  -3.2432907637E-02
    9      0.0000000000E+00   2.0706963217E-02  -9.4436502503E-04   2.3554931856E-02  -9.1461087915E-03
   10      0.0000000000E+00  -4.5803067255E-02   5.4685436436E-04   7.8055257838E-03   1.3138338181E-02
   11      0.0000000000E+00  -1.7807544971E-01   6.6146160793E-04   2.3927374689E-03   6.7619610964E-02
   12      0.0000000000E+00   9.4246319780E-02   1.5992222269E-02   1.4874680661E-01  -7.9401831099E-02
   13      0.0000000000E+00   1.5017818325E-01  -1.0052922854E-02  -1.1451843719E-01   3.0528391475E-02
   14      0.0000000000E+00   1.9098991934E-01   1.0548958218E-02   1.8594989475E-02  -7.6904295327E-03
   15      0.0000000000E+00  -4.2895466682E-01   2.6053879829E-01  -3.3177138531E-01  -3.0408600944E-01
