
$orca_hessian_file

$act_atom
  0

$act_coord
  0

$act_energy
        0.000000

$multiplicity
  1

$hessian
39
                    0                  1                  2                  3                  4        
    0      5.7443686179E-01  -3.0809172186E-02  -7.0500901030E-03  -9.1749546753E-02  -3.6445945208E-02
    1     -3.0809172186E-02   4.9605027764E-01  -2.0571044005E-02  -3.4383826659E-02  -1.8218231817E-01
    2     -7.0500901030E-03  -2.0571044005E-02   5.6994566917E-01  -8.1656441268E-03  -2.5319862961E-02
    3     -9.1749546753E-02  -3.4383826659E-02  -8.1656441268E-03   4.6876319258E-01   2.7312692474E-02
    4     -3.6445945208E-02  -1.8218231817E-01  -2.5319862961E-02   2.7312692474E-02   4.9948607057E-01
    5     -7.6546899601E-03  -2.2692981347E-02  -8.5669240304E-02  -6.8154940755E-04   3.3381891917E-02
    6      8.1229089961E-03  -5.9284886658E-03   4.3195755940E-03  -1.1721352264E-01   4.4845759102E-02
    7      2.1026005626E-02  -2.8369687781E-02   1.2073431749E-02   3.4046895408E-02  -1.2430829624E-01
    8      4.3794890706E-03  -2.9059722675E-03   2.6277964859E-03  -2.3300726178E-02   2.6910192510E-02
    9     -1.6556878984E-02  -1.2770447551E-02   4.0038881891E-03  -1.6477611870E-01  -3.8307368958E-02
   10     -3.5499330367E-02  -8.2205476906E-03   1.2767901627E-02  -4.2541341233E-02  -9.8633622671E-02
   11     -5.3088441896E-03   3.0576972616E-03   3.3257891602E-03   2.2909806360E-02   1.2462240075E-02
   12      2.0902310773E-03   4.0251373654E-03  -4.9152094334E-04  -2.5083433291E-02   3.1087359490E-02
   13     -5.7598403874E-04  -1.5406371403E-03   1.3727291075E-03   1.6142636351E-02   9.3060019844E-03
   14     -1.9963786596E-03  -1.5175571757E-03  -1.5701540966E-03   2.7794432882E-02  -2.0214127589E-02
   15     -1.5708482842E-01   1.1594467500E-01  -6.5381937378E-02   7.8919637334E-03  -7.6714597280E-03
   16      1.1363186897E-01  -1.6871515270E-01   6.7239939300E-02   1.9125499029E-02  -1.9714672443E-02
   17     -6.4070593777E-02   6.8098794924E-02  -8.5655680695E-02   5.8610540714E-03  -5.5958588283E-03
   18     -2.6370520219E-01  -3.2353708833E-02   9.7215017730E-02  -9.3933417438E-03  -5.3258755551E-04
   19     -3.1014874790E-02  -5.1819528944E-02   1.4782058094E-02  -2.9162306740E-02  -5.7215297206E-03
   20      9.7611253605E-02   1.5530232582E-02  -9.2794400436E-02  -7.8334519675E-03  -1.6297870527E-03
   21     -4.8043054830E-02  -2.3903388381E-03  -1.5467947824E-02  -2.0001321732E-03  -1.4506501496E-03
   22     -2.0183922312E-03  -5.2334232557E-02  -3.5607890356E-02  -2.1416953431E-03  -6.2755399287E-03
   23     -1.6723204705E-02  -3.6971814590E-02  -3.0671348989E-01  -1.6772788321E-03  -1.9020034476E-03
   24     -1.0385571863E-03  -2.2072701775E-03  -1.1780269391E-02  -4.6065080054E-02  -7.2096570013E-03
   25     -1.6105329528E-03  -6.0003135189E-03  -3.0857154728E-02  -7.5351914033E-03  -4.9182056917E-02
   26     -3.0597145624E-04  -1.2455331697E-03  -4.1907776471E-03  -1.2898590310E-02  -3.4585513930E-02
   27      6.6751864716E-04  -1.0049663463E-03   3.0862093067E-04  -1.9248648579E-02  -1.5778957273E-03
   28      5.4929041872E-04   1.6410695544E-03  -5.5639681026E-04   2.4286481119E-02  -2.0362002884E-04
   29      7.9277201538E-05  -6.0414795422E-04  -1.9715940449E-05  -1.3970210692E-02  -5.7928380533E-04
   30     -2.9940503409E-03   2.0912520903E-03  -1.4653466975E-03   8.0471234027E-03   1.8198454728E-02
   31      4.2351503565E-03  -1.8997677230E-03   2.7564390666E-03  -7.4511741579E-03  -1.9259224031E-02
   32     -1.8365407616E-03   1.2012397543E-03  -6.3065044362E-04   5.9812525169E-03   1.1657629407E-02
   33      4.2355943180E-04  -1.2148894293E-03   4.4724666847E-04  -4.0887715917E-03  -1.9136246264E-03
   34     -4.0345798506E-04   1.8593201108E-03   1.0714706077E-03   2.9740742607E-03   1.6037749296E-03
   35      4.0253970002E-04  -5.9744396357E-04   6.9018088672E-04  -2.6540069326E-03  -9.9191536657E-04
   36     -4.5689612484E-03   8.9993030675E-04   3.3915823738E-03  -5.0836841896E-03  -2.6471414803E-02
   37     -9.6251169371E-04   1.5315189115E-03   7.6628406181E-04  -5.3640514195E-04  -4.9149673309E-03
   38      2.5905790131E-03  -6.9937480202E-04   6.5467374011E-04   8.6204998034E-03   6.4689241296E-03
                    5                  6                  7                  8                  9        
    0     -7.6546899601E-03   8.1229089961E-03   2.1026005626E-02   4.3794890706E-03  -1.6556878984E-02
    1     -2.2692981347E-02  -5.9284886658E-03  -2.8369687781E-02  -2.9059722675E-03  -1.2770447551E-02
    2     -8.5669240304E-02   4.3195755940E-03   1.2073431749E-02   2.6277964859E-03   4.0038881891E-03
    3     -6.8154940755E-04  -1.1721352264E-01   3.4046895408E-02  -2.3300726178E-02  -1.6477611870E-01
    4      3.3381891917E-02   4.4845759102E-02  -1.2430829624E-01   2.6910192510E-02  -3.8307368958E-02
    5      5.3700677760E-01  -3.2709416719E-02   2.6368923492E-02  -8.7135259551E-02   2.3650502246E-02
    6     -3.2709416719E-02   5.3483618050E-01   5.0485094315E-02  -2.7042228446E-02  -2.8677356990E-02
    7      2.6368923492E-02   5.0485094315E-02   5.1702778920E-01   3.2605442480E-02   1.1344262233E-02
    8     -8.7135259551E-02  -2.7042228446E-02   3.2605442480E-02   5.5412691842E-01   4.3748769952E-03
    9      2.3650502246E-02  -2.8677356990E-02   1.1344262233E-02   4.3748769952E-03   6.0335913622E-01
   10      1.1702354170E-02   2.7449483529E-02   9.2703545360E-04  -1.0008589085E-02  -1.1812492527E-01
   11     -9.3471916297E-02  -1.1625988631E-02  -8.1499402569E-03   6.8665612407E-03  -2.1109901951E-01
   12      3.4389819827E-02  -1.8264399446E-03  -3.2497065370E-03   3.7518756006E-03  -3.0110691891E-01
   13     -1.2617485561E-02  -3.0296538199E-03   2.2825756715E-03  -1.8417096749E-04   2.4027769644E-01
   14      5.0110917431E-03   4.1095648704E-03   4.4606570197E-03  -4.7733852150E-03   1.8995579273E-01
   15      5.9243246617E-03  -8.1330421167E-04  -1.8610929994E-03  -1.0350122499E-04   6.0497782508E-04
   16      1.2439250021E-02  -3.7223447416E-03  -5.0268301463E-03  -2.0182850261E-03   2.2499334705E-03
   17      1.5704891246E-03  -4.4448746404E-04  -1.0124861612E-03   1.1135750487E-04  -8.3487862862E-04
   18      3.3443318624E-03   6.5199123597E-04   6.8010254051E-04  -5.1812945476E-05   3.6299208749E-04
   19      1.4066815569E-02  -9.2893722106E-04   1.8212269729E-03   2.7723507814E-04   5.5101062983E-04
   20      2.1411964364E-03   1.0561822073E-04   1.7514014377E-04  -1.2657134218E-04   1.0403341735E-04
   21     -1.1504676164E-02   8.2289964909E-05   4.1145923057E-04   5.5122511217E-04   1.0979374062E-03
   22     -3.2175769708E-02  -3.0776734128E-04   1.9169567477E-03  -1.3706246071E-03   1.3990295038E-03
   23     -5.7483485842E-03   2.2011534874E-04   5.3848717468E-04   8.3104749476E-04   1.5897418687E-03
   24     -5.3324302305E-03  -1.9539522251E-03  -6.6266104797E-04  -2.3697666522E-02   4.0631270206E-03
   25     -3.4343233834E-02   3.5357054833E-03  -7.0760602904E-05   2.4670933899E-02   3.2767125690E-03
   26     -2.8461565752E-01  -1.5551009496E-03   3.4343893347E-04  -1.2800103712E-02  -8.4076191015E-04
   27      6.6877154401E-03  -2.6337462315E-01  -2.1592417069E-02   1.0276850860E-01   3.9007837814E-04
   28     -8.5753283766E-03  -2.2541334934E-02  -4.7313248600E-02   8.8260530553E-03  -1.0187196388E-03
   29      4.4599429451E-03   1.0380361327E-01   9.0085657312E-03  -9.6375200037E-02  -8.5795410558E-04
   30      5.7913583919E-03  -8.1565746476E-02  -8.5537010658E-02  -1.8276901550E-02   6.7999597882E-04
   31     -4.9201496235E-03  -8.4952286758E-02  -2.6715174470E-01  -4.5441461456E-02  -2.7350971228E-03
   32      1.4201409763E-03  -1.7688773743E-02  -4.5796223809E-02  -5.8243480581E-02  -1.7553866385E-05
   33     -2.0977980567E-02  -5.0522119762E-02  -3.6301415844E-03  -2.3057783364E-02   1.6157761058E-03
   34      2.3111303678E-02  -4.1147733532E-03  -5.1967626116E-02  -3.1586201076E-02  -1.4047583874E-03
   35     -1.0674966895E-02  -2.3267584893E-02  -3.0790666901E-02  -3.0453887642E-01   1.4845823599E-03
   36     -9.1289656961E-04   2.2536946923E-03  -1.5065795779E-03  -3.7130709889E-04  -1.0105674744E-01
   37     -5.8081154549E-03  -7.4466547422E-04   2.3261014561E-04   2.2222683852E-04  -8.4818011946E-02
   38      1.5705750330E-02   1.8510454849E-03   1.7845102719E-04  -5.7080428628E-04  -1.1576954615E-02
                   10                 11                 12                 13                 14        
    0     -3.5499330367E-02  -5.3088441896E-03   2.0902310773E-03  -5.7598403874E-04  -1.9963786596E-03
    1     -8.2205476906E-03   3.0576972616E-03   4.0251373654E-03  -1.5406371403E-03  -1.5175571757E-03
    2      1.2767901627E-02   3.3257891602E-03  -4.9152094334E-04   1.3727291075E-03  -1.5701540966E-03
    3     -4.2541341233E-02   2.2909806360E-02  -2.5083433291E-02   1.6142636351E-02   2.7794432882E-02
    4     -9.8633622671E-02   1.2462240075E-02   3.1087359490E-02   9.3060019844E-03  -2.0214127589E-02
    5      1.1702354170E-02  -9.3471916297E-02   3.4389819827E-02  -1.2617485561E-02   5.0110917431E-03
    6      2.7449483529E-02  -1.1625988631E-02  -1.8264399446E-03  -3.0296538199E-03   4.1095648704E-03
    7      9.2703545360E-04  -8.1499402569E-03  -3.2497065370E-03   2.2825756715E-03   4.4606570197E-03
    8     -1.0008589085E-02   6.8665612407E-03   3.7518756006E-03  -1.8417096749E-04  -4.7733852150E-03
    9     -1.1812492527E-01  -2.1109901951E-01  -3.0110691891E-01   2.4027769644E-01   1.8995579273E-01
   10      7.4053305664E-01   2.3483281007E-01   2.3469900965E-01  -4.1141412903E-01  -2.2748880891E-01
   11      2.3483281007E-01   4.0355777288E-01   1.8783462125E-01  -2.3038930816E-01  -2.3796151431E-01
   12      2.3469900965E-01   1.8783462125E-01   3.1664214059E-01  -2.7702335314E-01  -2.2947270566E-01
   13     -4.1141412903E-01  -2.3038930816E-01  -2.7702335314E-01   4.3253403754E-01   2.6948069262E-01
   14     -2.2748880891E-01  -2.3796151431E-01  -2.2947270566E-01   2.6948069262E-01   2.2920401813E-01
   15     -3.7891145845E-04   4.1125650399E-04  -5.2910229496E-04  -2.6124798533E-04   1.0869646728E-04
   16     -7.2305323796E-04  -7.4357255313E-04  -7.4305982711E-04   1.6539008911E-03   3.9916661378E-04
   17      1.1381610999E-03   6.7409967625E-04  -6.3021056869E-05  -1.0581133521E-03  -1.6231003142E-04
   18     -1.1055965805E-03  -6.5480367510E-04   2.3863262975E-04  -6.3513553707E-04  -1.7289382713E-04
   19     -7.2850629125E-03  -2.9116490039E-03   6.3217816384E-04   1.9261785617E-03   3.2982140477E-04
   20     -2.4388564544E-03  -1.6942657169E-04   1.9822689425E-04   8.4265668511E-04   5.1335477873E-04
   21     -9.2192915272E-04  -1.8084653529E-03   2.0659783399E-06   1.0703509147E-03   8.0584199627E-04
   22      2.2748194845E-04  -8.7357486224E-04  -6.0543001768E-04   6.2025054928E-04   5.8201624134E-04
   23     -4.9292908140E-04  -6.0482318105E-04  -8.1573444854E-05   1.0343878196E-03   7.4129312193E-04
   24      7.0383330882E-03   3.3464356906E-02  -6.9313491557E-03   4.3502139524E-04  -1.9508098224E-03
   25     -3.4591902945E-04   3.3424799091E-03  -5.0948437474E-04   9.3182949887E-04  -3.2692577231E-05
   26     -4.2284642225E-03  -1.5427842580E-02   2.3614107331E-03   1.6240530046E-03   4.9299104696E-04
   27      3.8952701715E-03  -2.8932737210E-03  -1.1059505086E-03   5.9746230209E-05   1.3143272493E-03
   28     -4.2331557753E-03   3.4315839902E-03   1.8905810800E-03   7.1051703354E-05  -1.8749627319E-03
   29      2.5857658398E-03  -1.5330570943E-03  -1.0606933922E-03   1.2186904169E-04   1.5085283380E-03
   30      2.3143883664E-03   1.1842215758E-03   7.7726931291E-05  -8.2777332626E-04  -6.4013584387E-04
   31     -1.1547975744E-03  -1.3171516330E-04   6.5285878324E-04   7.8569357427E-04   2.1115054051E-04
   32     -4.4673965864E-04   2.8535620665E-04   1.8374350371E-05   6.7620404914E-05  -8.5065822871E-05
   33     -7.6378793626E-04  -2.4807750332E-03  -2.7276369062E-05   3.7205478605E-04   8.5021688476E-04
   34      6.6494060486E-04   7.5949733920E-04   1.1590070983E-05  -2.5632993600E-04  -3.3563508402E-04
   35     -3.8696953733E-05  -7.7845250752E-04  -9.8671754745E-04   5.5382827355E-04   6.3077589276E-04
   36     -7.5979978779E-02  -9.8693876490E-03   1.7559673270E-02   2.4152607023E-02   9.2925536113E-03
   37     -2.1034222673E-01  -1.4627407974E-02   8.9753539994E-03  -3.6900423869E-02  -2.3933321047E-02
   38     -1.7943049107E-02  -6.4762546624E-02   3.6034005097E-03  -3.0915158249E-02   6.4503764306E-03
                   15                 16                 17                 18                 19        
    0     -1.5708482842E-01   1.1363186897E-01  -6.4070593777E-02  -2.6370520219E-01  -3.1014874790E-02
    1      1.1594467500E-01  -1.6871515270E-01   6.8098794924E-02  -3.2353708833E-02  -5.1819528944E-02
    2     -6.5381937378E-02   6.7239939300E-02  -8.5655680695E-02   9.7215017730E-02   1.4782058094E-02
    3      7.8919637334E-03   1.9125499029E-02   5.8610540714E-03  -9.3933417438E-03  -2.9162306740E-02
    4     -7.6714597280E-03  -1.9714672443E-02  -5.5958588283E-03  -5.3258755551E-04  -5.7215297206E-03
    5      5.9243246617E-03   1.2439250021E-02   1.5704891246E-03   3.3443318624E-03   1.4066815569E-02
    6     -8.1330421167E-04  -3.7223447416E-03  -4.4448746404E-04   6.5199123597E-04  -9.2893722106E-04
    7     -1.8610929994E-03  -5.0268301463E-03  -1.0124861612E-03   6.8010254051E-04   1.8212269729E-03
    8     -1.0350122499E-04  -2.0182850261E-03   1.1135750487E-04  -5.1812945476E-05   2.7723507814E-04
    9      6.0497782508E-04   2.2499334705E-03  -8.3487862862E-04   3.6299208749E-04   5.5101062983E-04
   10     -3.7891145845E-04  -7.2305323796E-04   1.1381610999E-03  -1.1055965805E-03  -7.2850629125E-03
   11      4.1125650399E-04  -7.4357255313E-04   6.7409967625E-04  -6.5480367510E-04  -2.9116490039E-03
   12     -5.2910229496E-04  -7.4305982711E-04  -6.3021056869E-05   2.3863262975E-04   6.3217816384E-04
   13     -2.6124798533E-04   1.6539008911E-03  -1.0581133521E-03  -6.3513553707E-04   1.9261785617E-03
   14      1.0869646728E-04   3.9916661378E-04  -1.6231003142E-04  -1.7289382713E-04   3.2982140477E-04
   15      1.6677462769E-01  -1.2440233650E-01   7.0833070062E-02  -1.6425802543E-02   1.8506567329E-02
   16     -1.2440233650E-01   1.8551950416E-01  -7.2553153334E-02  -3.6565788279E-03   3.5970521394E-03
   17      7.0833070062E-02  -7.2553153334E-02   8.8417184474E-02   8.4256527297E-03  -1.0400324827E-02
   18     -1.6425802543E-02  -3.6565788279E-03   8.4256527297E-03   2.8490607744E-01   3.7265859050E-02
   19      1.8506567329E-02   3.5970521394E-03  -1.0400324827E-02   3.7265859050E-02   5.7363816740E-02
   20     -1.1705567041E-02  -3.0050771477E-03   4.8169934483E-03  -1.0667913317E-01  -1.4969823268E-02
   21     -1.4960579701E-03  -3.7993216984E-03  -2.0243939285E-02   3.0618090889E-03   4.5425782681E-03
   22      3.1328000822E-04   3.4177393129E-03   2.1721142290E-02   9.2736107509E-04  -5.6244475094E-04
   23      1.3039059970E-04  -1.8120884969E-03  -1.0820178715E-02  -1.5222059877E-03  -1.2288872226E-03
   24      3.9823531633E-04   3.4152623342E-04   5.8108034124E-04   1.0219861526E-04   5.1210181057E-04
   25      5.8971963718E-04   8.5789793144E-04   3.3250122289E-04   7.5221742797E-05   1.2608493922E-03
   26      2.5801895250E-05  -3.9074800231E-04   3.2806008907E-04  -2.5333204931E-04  -1.8310062301E-04
   27      2.0543726523E-04  -6.2129986833E-05  -2.4997352233E-04   4.4414839994E-04   6.7431139417E-04
   28     -2.0437858670E-04   2.2912070322E-04   1.0516562300E-04  -3.7167275620E-04  -4.3697915126E-04
   29     -1.4038986061E-04  -1.6971955745E-04  -6.7681078508E-05   2.2589677538E-04  -1.1657915189E-04
   30      4.6078092532E-04   1.1942946963E-03   2.2470965850E-05   1.7562455741E-04   2.0035061341E-04
   31     -6.3317022434E-04  -1.3138346250E-03  -3.0206905251E-04  -3.0922916887E-05   2.8205237690E-04
   32      3.1376674395E-05   7.3004479354E-04   5.8032526359E-04  -2.1774588596E-04  -2.6196214185E-04
   33     -1.0778678272E-04  -1.8185224386E-04   1.1725933899E-04   5.4487723864E-06   1.0761570861E-04
   34     -4.9299582863E-05   1.8054344574E-04  -3.1757818999E-04  -9.0262497513E-05  -8.2845096363E-05
   35      3.9956812370E-05  -3.1946848377E-05   3.8119461854E-04  -6.0172915514E-05   4.9511358800E-05
   36      1.2085946814E-04  -5.1553074338E-06   6.9718436014E-05  -4.2457635575E-04  -1.8475265779E-03
   37      1.3731182694E-04   3.7784560398E-05  -1.7573677481E-04  -2.1100654291E-04  -3.4278560733E-04
   38     -1.7689038403E-04  -6.4254400798E-05  -1.7385367954E-04   3.2882327050E-04   5.4511037762E-04
                   20                 21                 22                 23                 24        
    0      9.7611253605E-02  -4.8043054830E-02  -2.0183922312E-03  -1.6723204705E-02  -1.0385571863E-03
    1      1.5530232582E-02  -2.3903388381E-03  -5.2334232557E-02  -3.6971814590E-02  -2.2072701775E-03
    2     -9.2794400436E-02  -1.5467947824E-02  -3.5607890356E-02  -3.0671348989E-01  -1.1780269391E-02
    3     -7.8334519675E-03  -2.0001321732E-03  -2.1416953431E-03  -1.6772788321E-03  -4.6065080054E-02
    4     -1.6297870527E-03  -1.4506501496E-03  -6.2755399287E-03  -1.9020034476E-03  -7.2096570013E-03
    5      2.1411964364E-03  -1.1504676164E-02  -3.2175769708E-02  -5.7483485842E-03  -5.3324302305E-03
    6      1.0561822073E-04   8.2289964909E-05  -3.0776734128E-04   2.2011534874E-04  -1.9539522251E-03
    7      1.7514014377E-04   4.1145923057E-04   1.9169567477E-03   5.3848717468E-04  -6.6266104797E-04
    8     -1.2657134218E-04   5.5122511217E-04  -1.3706246071E-03   8.3104749476E-04  -2.3697666522E-02
    9      1.0403341735E-04   1.0979374062E-03   1.3990295038E-03   1.5897418687E-03   4.0631270206E-03
   10     -2.4388564544E-03  -9.2192915272E-04   2.2748194845E-04  -4.9292908140E-04   7.0383330882E-03
   11     -1.6942657169E-04  -1.8084653529E-03  -8.7357486224E-04  -6.0482318105E-04   3.3464356906E-02
   12      1.9822689425E-04   2.0659783399E-06  -6.0543001768E-04  -8.1573444854E-05  -6.9313491557E-03
   13      8.4265668511E-04   1.0703509147E-03   6.2025054928E-04   1.0343878196E-03   4.3502139524E-04
   14      5.1335477873E-04   8.0584199627E-04   5.8201624134E-04   7.4129312193E-04  -1.9508098224E-03
   15     -1.1705567041E-02  -1.4960579701E-03   3.1328000822E-04   1.3039059970E-04   3.9823531633E-04
   16     -3.0050771477E-03  -3.7993216984E-03   3.4177393129E-03  -1.8120884969E-03   3.4152623342E-04
   17      4.8169934483E-03  -2.0243939285E-02   2.1721142290E-02  -1.0820178715E-02   5.8108034124E-04
   18     -1.0667913317E-01   3.0618090889E-03   9.2736107509E-04  -1.5222059877E-03   1.0219861526E-04
   19     -1.4969823268E-02   4.5425782681E-03  -5.6244475094E-04  -1.2288872226E-03   5.1210181057E-04
   20      9.5688453369E-02   2.8956525158E-02   4.6927190440E-03  -1.0769233399E-02  -2.2270730332E-04
   21      2.8956525158E-02   4.7498907148E-02   4.4533156180E-03   1.8376669812E-02  -4.5980267037E-04
   22      4.6927190440E-03   4.4533156180E-03   5.8626807048E-02   4.2337713188E-02  -2.4452917669E-03
   23     -1.0769233399E-02   1.8376669812E-02   4.2337713188E-02   3.3154114963E-01  -3.7777821271E-04
   24     -2.2270730332E-04  -4.5980267037E-04  -2.4452917669E-03  -3.7777821271E-04   5.2938905965E-02
   25      6.2739278535E-04  -2.1914299883E-03  -5.5356869138E-03  -9.0986061929E-04   2.3550746252E-03
   26      4.2806039173E-04  -1.6993957408E-04  -8.0266489016E-04   1.1461862440E-03   1.3851991389E-02
   27      1.7570689610E-05  -3.0160977696E-05   7.2105035047E-05  -7.0444712619E-05   7.5021346061E-04
   28      2.9948323021E-04  -2.0343628437E-05  -8.7012721961E-05  -4.5519289656E-05  -1.3014708358E-03
   29      1.5332741948E-04   1.4164192963E-04   7.9117880088E-05  -5.6921428462E-05   8.7131924862E-05
   30     -1.8194781536E-04  -1.1168273307E-04  -1.0551954849E-04  -7.8388677240E-06   7.9248267362E-04
   31      1.2550858642E-05  -1.7070037326E-06   3.0042158939E-04   1.6000508651E-05  -2.4225537474E-04
   32     -3.9374189797E-05  -2.3780130137E-05   3.8265043956E-04   3.3198654545E-04   6.4018009506E-04
   33      1.4968200547E-04   3.2236395181E-04   2.5525256295E-04   3.9302525808E-04  -2.2952549547E-03
   34     -6.3125581115E-06   8.7699433314E-05  -2.5129741614E-04  -5.7237702210E-04   3.5208636842E-03
   35     -5.7093137517E-05   1.0735229356E-04   7.9507109598E-04   1.9415519133E-04  -1.6927798561E-03
   36     -4.4772460585E-04   7.5517816403E-05   1.9442116741E-04  -2.5241824624E-04  -3.0116680574E-04
   37     -1.0854449135E-04   2.1964827282E-04  -6.3442907912E-05   5.5671192417E-06  -1.3220687379E-04
   38      2.1471323220E-04   2.8229214986E-04   2.4341820396E-04  -7.2823033575E-05  -3.5838518220E-03
                   25                 26                 27                 28                 29        
    0     -1.6105329528E-03  -3.0597145624E-04   6.6751864716E-04   5.4929041872E-04   7.9277201538E-05
    1     -6.0003135189E-03  -1.2455331697E-03  -1.0049663463E-03   1.6410695544E-03  -6.0414795422E-04
    2     -3.0857154728E-02  -4.1907776471E-03   3.0862093067E-04  -5.5639681026E-04  -1.9715940449E-05
    3     -7.5351914033E-03  -1.2898590310E-02  -1.9248648579E-02   2.4286481119E-02  -1.3970210692E-02
    4     -4.9182056917E-02  -3.4585513930E-02  -1.5778957273E-03  -2.0362002884E-04  -5.7928380533E-04
    5     -3.4343233834E-02  -2.8461565752E-01   6.6877154401E-03  -8.5753283766E-03   4.4599429451E-03
    6      3.5357054833E-03  -1.5551009496E-03  -2.6337462315E-01  -2.2541334934E-02   1.0380361327E-01
    7     -7.0760602904E-05   3.4343893347E-04  -2.1592417069E-02  -4.7313248600E-02   9.0085657312E-03
    8      2.4670933899E-02  -1.2800103712E-02   1.0276850860E-01   8.8260530553E-03  -9.6375200037E-02
    9      3.2767125690E-03  -8.4076191015E-04   3.9007837814E-04  -1.0187196388E-03  -8.5795410558E-04
   10     -3.4591902945E-04  -4.2284642225E-03   3.8952701715E-03  -4.2331557753E-03   2.5857658398E-03
   11      3.3424799091E-03  -1.5427842580E-02  -2.8932737210E-03   3.4315839902E-03  -1.5330570943E-03
   12     -5.0948437474E-04   2.3614107331E-03  -1.1059505086E-03   1.8905810800E-03  -1.0606933922E-03
   13      9.3182949887E-04   1.6240530046E-03   5.9746230209E-05   7.1051703354E-05   1.2186904169E-04
   14     -3.2692577231E-05   4.9299104696E-04   1.3143272493E-03  -1.8749627319E-03   1.5085283380E-03
   15      5.8971963718E-04   2.5801895250E-05   2.0543726523E-04  -2.0437858670E-04  -1.4038986061E-04
   16      8.5789793144E-04  -3.9074800231E-04  -6.2129986833E-05   2.2912070322E-04  -1.6971955745E-04
   17      3.3250122289E-04   3.2806008907E-04  -2.4997352233E-04   1.0516562300E-04  -6.7681078508E-05
   18      7.5221742797E-05  -2.5333204931E-04   4.4414839994E-04  -3.7167275620E-04   2.2589677538E-04
   19      1.2608493922E-03  -1.8310062301E-04   6.7431139417E-04  -4.3697915126E-04  -1.1657915189E-04
   20      6.2739278535E-04   4.2806039173E-04   1.7570689610E-05   2.9948323021E-04   1.5332741948E-04
   21     -2.1914299883E-03  -1.6993957408E-04  -3.0160977696E-05  -2.0343628437E-05   1.4164192963E-04
   22     -5.5356869138E-03  -8.0266489016E-04   7.2105035047E-05  -8.7012721961E-05   7.9117880088E-05
   23     -9.0986061929E-04   1.1461862440E-03  -7.0444712619E-05  -4.5519289656E-05  -5.6921428462E-05
   24      2.3550746252E-03   1.3851991389E-02   7.5021346061E-04  -1.3014708358E-03   8.7131924862E-05
   25      5.9400264315E-02   3.7346424734E-02  -6.7859507571E-04   9.7109182770E-04  -8.6625229236E-04
   26      3.7346424734E-02   3.1154861821E-01  -7.2661733176E-06  -3.6935033033E-04   9.0133653777E-04
   27     -6.7859507571E-04  -7.2661733176E-06   2.8601493256E-01   2.0676226180E-02  -1.1034826717E-01
   28      9.7109182770E-04  -3.6935033033E-04   2.0676226180E-02   5.1075483209E-02  -1.2381752396E-02
   29     -8.6625229236E-04   9.0133653777E-04  -1.1034826717E-01  -1.2381752396E-02   1.0091636527E-01
   30     -6.9977609121E-04   8.4378670270E-05  -9.1731688053E-03  -2.6393446006E-02  -6.9789386944E-03
   31      6.5071648490E-04   2.6196022706E-04  -4.7179402991E-04  -1.7044686837E-03  -3.8035466477E-04
   32     -1.2419156516E-04   3.0456478200E-04   4.2052389815E-03   1.3510753916E-02   2.1461119122E-03
   33      3.1150920125E-03  -1.4834629992E-03   4.0708925247E-03   4.1929980469E-03   2.8897488247E-02
   34     -2.8222279612E-03   1.9331213395E-03   3.7165607980E-04  -6.3225000783E-04   3.5056999113E-03
   35      1.4723382941E-03   6.2063579282E-04  -1.9143542159E-03  -1.9310717644E-03  -1.2010184640E-02
   36      2.7537605718E-04   1.2043952380E-03   3.8933077907E-04   2.7409804391E-04   1.4354992388E-04
   37     -1.1568450652E-04   3.3972012468E-04  -3.7982535914E-04   6.2291797154E-04  -1.9106526786E-04
   38     -7.0202842365E-04   1.2639283723E-03   1.5945225103E-04  -4.5052142902E-04  -2.2852208314E-05
                   30                 31                 32                 33                 34        
    0     -2.9940503409E-03   4.2351503565E-03  -1.8365407616E-03   4.2355943180E-04  -4.0345798506E-04
    1      2.0912520903E-03  -1.8997677230E-03   1.2012397543E-03  -1.2148894293E-03   1.8593201108E-03
    2     -1.4653466975E-03   2.7564390666E-03  -6.3065044362E-04   4.4724666847E-04   1.0714706077E-03
    3      8.0471234027E-03  -7.4511741579E-03   5.9812525169E-03  -4.0887715917E-03   2.9740742607E-03
    4      1.8198454728E-02  -1.9259224031E-02   1.1657629407E-02  -1.9136246264E-03   1.6037749296E-03
    5      5.7913583919E-03  -4.9201496235E-03   1.4201409763E-03  -2.0977980567E-02   2.3111303678E-02
    6     -8.1565746476E-02  -8.4952286758E-02  -1.7688773743E-02  -5.0522119762E-02  -4.1147733532E-03
    7     -8.5537010658E-02  -2.6715174470E-01  -4.5796223809E-02  -3.6301415844E-03  -5.1967626116E-02
    8     -1.8276901550E-02  -4.5441461456E-02  -5.8243480581E-02  -2.3057783364E-02  -3.1586201076E-02
    9      6.7999597882E-04  -2.7350971228E-03  -1.7553866385E-05   1.6157761058E-03  -1.4047583874E-03
   10      2.3143883664E-03  -1.1547975744E-03  -4.4673965864E-04  -7.6378793626E-04   6.6494060486E-04
   11      1.1842215758E-03  -1.3171516330E-04   2.8535620665E-04  -2.4807750332E-03   7.5949733920E-04
   12      7.7726931291E-05   6.5285878324E-04   1.8374350371E-05  -2.7276369062E-05   1.1590070983E-05
   13     -8.2777332626E-04   7.8569357427E-04   6.7620404914E-05   3.7205478605E-04  -2.5632993600E-04
   14     -6.4013584387E-04   2.1115054051E-04  -8.5065822871E-05   8.5021688476E-04  -3.3563508402E-04
   15      4.6078092532E-04  -6.3317022434E-04   3.1376674395E-05  -1.0778678272E-04  -4.9299582863E-05
   16      1.1942946963E-03  -1.3138346250E-03   7.3004479354E-04  -1.8185224386E-04   1.8054344574E-04
   17      2.2470965850E-05  -3.0206905251E-04   5.8032526359E-04   1.1725933899E-04  -3.1757818999E-04
   18      1.7562455741E-04  -3.0922916887E-05  -2.1774588596E-04   5.4487723864E-06  -9.0262497513E-05
   19      2.0035061341E-04   2.8205237690E-04  -2.6196214185E-04   1.0761570861E-04  -8.2845096363E-05
   20     -1.8194781536E-04   1.2550858642E-05  -3.9374189797E-05   1.4968200547E-04  -6.3125581115E-06
   21     -1.1168273307E-04  -1.7070037326E-06  -2.3780130137E-05   3.2236395181E-04   8.7699433314E-05
   22     -1.0551954849E-04   3.0042158939E-04   3.8265043956E-04   2.5525256295E-04  -2.5129741614E-04
   23     -7.8388677240E-06   1.6000508651E-05   3.3198654545E-04   3.9302525808E-04  -5.7237702210E-04
   24      7.9248267362E-04  -2.4225537474E-04   6.4018009506E-04  -2.2952549547E-03   3.5208636842E-03
   25     -6.9977609121E-04   6.5071648490E-04  -1.2419156516E-04   3.1150920125E-03  -2.8222279612E-03
   26      8.4378670270E-05   2.6196022706E-04   3.0456478200E-04  -1.4834629992E-03   1.9331213395E-03
   27     -9.1731688053E-03  -4.7179402991E-04   4.2052389815E-03   4.0708925247E-03   3.7165607980E-04
   28     -2.6393446006E-02  -1.7044686837E-03   1.3510753916E-02   4.1929980469E-03  -6.3225000783E-04
   29     -6.9789386944E-03  -3.8035466477E-04   2.1461119122E-03   2.8897488247E-02   3.5056999113E-03
   30      8.6038994786E-02   9.1329154314E-02   2.0465581342E-02  -1.9012872202E-03  -1.4846543192E-03
   31      9.1329154314E-02   2.9185115196E-01   4.8595303922E-02  -6.7658515000E-04  -2.1144685146E-03
   32      2.0465581342E-02   4.8595303922E-02   5.8008409243E-02  -1.1577878293E-02  -2.9452843859E-02
   33     -1.9012872202E-03  -6.7658515000E-04  -1.1577878293E-02   5.2606241648E-02   4.4088697120E-04
   34     -1.4846543192E-03  -2.1144685146E-03  -2.9452843859E-02   4.4088697120E-04   5.3827043848E-02
   35      1.2050553180E-04  -3.3245790606E-04  -4.0616377984E-03   2.8678517205E-02   3.1789968483E-02
   36     -5.2679368027E-04   1.0283393993E-03   2.4002239170E-05  -1.0178575437E-04   1.4159062191E-04
   37     -3.3022497496E-04   7.2826986876E-04  -8.1306205629E-05  -1.0417411483E-04  -8.5778909386E-06
   38     -1.2114052798E-04  -3.2717265564E-04  -1.6686093780E-05   2.4240766651E-05   9.2139835052E-05
                   35                 36                 37                 38        
     0      4.0253970002E-04  -4.5689612484E-03  -9.6251169371E-04   2.5905790131E-03
     1     -5.9744396357E-04   8.9993030675E-04   1.5315189115E-03  -6.9937480202E-04
     2      6.9018088672E-04   3.3915823738E-03   7.6628406181E-04   6.5467374011E-04
     3     -2.6540069326E-03  -5.0836841896E-03  -5.3640514195E-04   8.6204998034E-03
     4     -9.9191536657E-04  -2.6471414803E-02  -4.9149673309E-03   6.4689241296E-03
     5     -1.0674966895E-02  -9.1289656961E-04  -5.8081154549E-03   1.5705750330E-02
     6     -2.3267584893E-02   2.2536946923E-03  -7.4466547422E-04   1.8510454849E-03
     7     -3.0790666901E-02  -1.5065795779E-03   2.3261014561E-04   1.7845102719E-04
     8     -3.0453887642E-01  -3.7130709889E-04   2.2222683852E-04  -5.7080428628E-04
     9      1.4845823599E-03  -1.0105674744E-01  -8.4818011946E-02  -1.1576954615E-02
    10     -3.8696953733E-05  -7.5979978779E-02  -2.1034222673E-01  -1.7943049107E-02
    11     -7.7845250752E-04  -9.8693876490E-03  -1.4627407974E-02  -6.4762546624E-02
    12     -9.8671754745E-04   1.7559673270E-02   8.9753539994E-03   3.6034005097E-03
    13      5.5382827355E-04   2.4152607023E-02  -3.6900423869E-02  -3.0915158249E-02
    14      6.3077589276E-04   9.2925536113E-03  -2.3933321047E-02   6.4503764306E-03
    15      3.9956812370E-05   1.2085946814E-04   1.3731182694E-04  -1.7689038403E-04
    16     -3.1946848377E-05  -5.1553074338E-06   3.7784560398E-05  -6.4254400798E-05
    17      3.8119461854E-04   6.9718436014E-05  -1.7573677481E-04  -1.7385367954E-04
    18     -6.0172915514E-05  -4.2457635575E-04  -2.1100654291E-04   3.2882327050E-04
    19      4.9511358800E-05  -1.8475265779E-03  -3.4278560733E-04   5.4511037762E-04
    20     -5.7093137517E-05  -4.4772460585E-04  -1.0854449135E-04   2.1471323220E-04
    21      1.0735229356E-04   7.5517816403E-05   2.1964827282E-04   2.8229214986E-04
    22      7.9507109598E-04   1.9442116741E-04  -6.3442907912E-05   2.4341820396E-04
    23      1.9415519133E-04  -2.5241824624E-04   5.5671192417E-06  -7.2823033575E-05
    24     -1.6927798561E-03  -3.0116680574E-04  -1.3220687379E-04  -3.5838518220E-03
    25      1.4723382941E-03   2.7537605718E-04  -1.1568450652E-04  -7.0202842365E-04
    26      6.2063579282E-04   1.2043952380E-03   3.3972012468E-04   1.2639283723E-03
    27     -1.9143542159E-03   3.8933077907E-04  -3.7982535914E-04   1.5945225103E-04
    28     -1.9310717644E-03   2.7409804391E-04   6.2291797154E-04  -4.5052142902E-04
    29     -1.2010184640E-02   1.4354992388E-04  -1.9106526786E-04  -2.2852208314E-05
    30      1.2050553180E-04  -5.2679368027E-04  -3.3022497496E-04  -1.2114052798E-04
    31     -3.3245790606E-04   1.0283393993E-03   7.2826986876E-04  -3.2717265564E-04
    32     -4.0616377984E-03   2.4002239170E-05  -8.1306205629E-05  -1.6686093780E-05
    33      2.8678517205E-02  -1.0178575437E-04  -1.0417411483E-04   2.4240766651E-05
    34      3.1789968483E-02   1.4159062191E-04  -8.5778909386E-06   9.2139835052E-05
    35      3.2982590183E-01  -2.3763366006E-04   6.1228792285E-05  -2.2163281481E-04
    36     -2.3763366006E-04   9.1664639449E-02   7.8865505224E-02  -2.0179649465E-03
    37      6.1228792285E-05   7.8865505224E-02   2.4953500738E-01   4.3551992886E-02
    38     -2.2163281481E-04  -2.0179649465E-03   4.3551992886E-02   4.1551756635E-02

$vibrational_frequencies
39
    0        0.0000000000000000
    1        0.0000000000000000
    2        0.0000000000000000
    3        0.0000000000000000
    4        0.0000000000000000
    5        0.0000000000000000
    6      183.7340385872181230
    7      280.9196789452030885
    8      287.1831700261521974
    9      319.8202757313761708
   10      363.5115433697996536
   11      422.2534773531693304
   12      654.8740626782253003
   13      814.9192810436356922
   14      939.1606373705479882
   15      948.6735506910143840
   16      966.7877513393381150
   17      991.5146181492970072
   18     1143.0646253928539409
   19     1171.9410992212247038
   20     1209.5173467469437583
   21     1315.9549299492316550
   22     1369.1685668248380807
   23     1408.7996822144802991
   24     1416.7377986735341437
   25     1438.9590320888644328
   26     1490.4401507172080983
   27     1493.9890688960479110
   28     1509.0477378064729237
   29     1513.9115928877520219
   30     1811.1642833460064139
   31     2849.0610930625816763
   32     2991.5345316657526382
   33     3033.1349061024902767
   34     3043.2893737807794423
   35     3105.9782903451382481
   36     3115.4626819987711315
   37     3118.6731959071858000
   38     3125.7050487019105276

$normal_modes
39 39
                    0                  1                  2                  3                  4        
    0      0.0000000000E+00   0.0000000000E+00   0.0000000000E+00   0.0000000000E+00   0.0000000000E+00
    1      0.0000000000E+00   0.0000000000E+00   0.0000000000E+00   0.0000000000E+00   0.0000000000E+00
    2      0.0000000000E+00   0.0000000000E+00   0.0000000000E+00   0.0000000000E+00   0.0000000000E+00
    3      0.0000000000E+00   0.0000000000E+00   0.0000000000E+00   0.0000000000E+00   0.0000000000E+00
    4      0.0000000000E+00   0.0000000000E+00   0.0000000000E+00   0.0000000000E+00   0.0000000000E+00
    5      0.0000000000E+00   0.0000000000E+00   0.0000000000E+00   0.0000000000E+00   0.0000000000E+00
    6      0.0000000000E+00   0.0000000000E+00   0.0000000000E+00   0.0000000000E+00   0.0000000000E+00
    7      0.0000000000E+00   0.0000000000E+00   0.0000000000E+00   0.0000000000E+00   0.0000000000E+00
    8      0.0000000000E+00   0.0000000000E+00   0.0000000000E+00   0.0000000000E+00   0.0000000000E+00
    9      0.0000000000E+00   0.0000000000E+00   0.0000000000E+00   0.0000000000E+00   0.0000000000E+00
   10      0.0000000000E+00   0.0000000000E+00   0.0000000000E+00   0.0000000000E+00   0.0000000000E+00
   11      0.0000000000E+00   0.0000000000E+00   0.0000000000E+00   0.0000000000E+00   0.0000000000E+00
   12      0.0000000000E+00   0.0000000000E+00   0.0000000000E+00   0.0000000000E+00   0.0000000000E+00
   13      0.0000000000E+00   0.0000000000E+00   0.0000000000E+00   0.0000000000E+00   0.0000000000E+00
   14      0.0000000000E+00   0.0000000000E+00   0.0000000000E+00   0.0000000000E+00   0.0000000000E+00
   15      0.0000000000E+00   0.0000000000E+00   0.0000000000E+00   0.0000000000E+00   0.0000000000E+00
   16      0.0000000000E+00   0.0000000000E+00   0.0000000000E+00   0.0000000000E+00   0.0000000000E+00
   17      0.0000000000E+00   0.0000000000E+00   0.0000000000E+00   0.0000000000E+00   0.0000000000E+00
   18      0.0000000000E+00   0.0000000000E+00   0.0000000000E+00   0.0000000000E+00   0.0000000000E+00
   19      0.0000000000E+00   0.0000000000E+00   0.0000000000E+00   0.0000000000E+00   0.0000000000E+00
   20      0.0000000000E+00   0.0000000000E+00   0.0000000000E+00   0.0000000000E+00   0.0000000000E+00
   21      0.0000000000E+00   0.0000000000E+00   0.0000000000E+00   0.0000000000E+00   0.0000000000E+00
   22      0.0000000000E+00   0.0000000000E+00   0.0000000000E+00   0.0000000000E+00   0.0000000000E+00
   23      0.0000000000E+00   0.0000000000E+00   0.0000000000E+00   0.0000000000E+00   0.0000000000E+00
   24      0.0000000000E+00   0.0000000000E+00   0.0000000000E+00   0.0000000000E+00   0.0000000000E+00
   25      0.0000000000E+00   0.0000000000E+00   0.0000000000E+00   0.0000000000E+00   0.0000000000E+00
   26      0.0000000000E+00   0.0000000000E+00   0.0000000000E+00   0.0000000000E+00   0.0000000000E+00
   27      0.0000000000E+00   0.0000000000E+00   0.0000000000E+00   0.0000000000E+00   0.0000000000E+00
   28      0.0000000000E+00   0.0000000000E+00   0.0000000000E+00   0.0000000000E+00   0.0000000000E+00
   29      0.0000000000E+00   0.0000000000E+00   0.0000000000E+00   0.0000000000E+00   0.0000000000E+00
   30      0.0000000000E+00   0.0000000000E+00   0.0000000000E+00   0.0000000000E+00   0.0000000000E+00
   31      0.0000000000E+00   0.0000000000E+00   0.0000000000E+00   0.0000000000E+00   0.0000000000E+00
   32      0.0000000000E+00   0.0000000000E+00   0.0000000000E+00   0.0000000000E+00   0.0000000000E+00
   33      0.0000000000E+00   0.0000000000E+00   0.0000000000E+00   0.0000000000E+00   0.0000000000E+00
   34      0.0000000000E+00   0.0000000000E+00   0.0000000000E+00   0.0000000000E+00   0.0000000000E+00
   35      0.0000000000E+00   0.0000000000E+00   0.0000000000E+00   0.0000000000E+00   0.0000000000E+00
   36      0.0000000000E+00   0.0000000000E+00   0.0000000000E+00   0.0000000000E+00   0.0000000000E+00
   37      0.0000000000E+00   0.0000000000E+00   0.0000000000E+00   0.0000000000E+00   0.0000000000E+00
   38      0.0000000000E+00   0.0000000000E+00   0.0000000000E+00   0.0000000000E+00   0.0000000000E+00
                    5                  6                  7                  8                  9        
    0      0.0000000000E+00  -1.3652446755E-02   2.4484143391E-01   4.7983681819E-04  -5.2739688985E-02
    1      0.0000000000E+00  -3.4976033212E-02   3.4741229488E-02  -1.7023894745E-03  -1.4770456943E-02
    2      0.0000000000E+00   7.8880679757E-02  -7.5402935981E-02   2.4258181243E-02   3.7254386003E-02
    3      0.0000000000E+00  -9.8709503601E-03  -2.1108319026E-03   3.6238365741E-04   5.4753570289E-03
    4      0.0000000000E+00  -4.1980799707E-02   9.0516172959E-02   2.7174029887E-03  -2.3249827508E-02
    5      0.0000000000E+00   1.0731693833E-01   4.5217726814E-02   1.7705000747E-03  -1.0647007036E-02
    6      0.0000000000E+00   1.4072554844E-01  -4.5412828204E-02   1.5551924087E-02   9.4533278105E-03
    7      0.0000000000E+00  -3.7664005873E-02   3.7802274865E-02   8.7591217905E-03   2.8190493856E-03
    8      0.0000000000E+00  -1.5166405302E-01   1.0534616421E-02  -1.4465509530E-02   3.2524190019E-02
    9      0.0000000000E+00   1.8431322386E-02  -1.3236455918E-02  -1.0123370083E-02  -9.0142004125E-03
   10      0.0000000000E+00  -3.3541125264E-02   8.5735313259E-03   3.6453431456E-03   3.6411238915E-03
   11      0.0000000000E+00   2.0241988832E-01   2.6392725084E-02  -1.8654184291E-02  -5.3480731772E-02
   12      0.0000000000E+00  -1.3208306655E-01  -1.9629674350E-01  -6.3426486725E-03   4.8596360326E-02
   13      0.0000000000E+00   1.3305791547E-01  -1.3801307138E-01  -1.2872895321E-02   2.3014019583E-02
   14      0.0000000000E+00  -1.9288839645E-01   1.5944749968E-02   7.2431747670E-03  -1.5583266272E-02
   15      0.0000000000E+00  -8.1402733073E-02   2.2388958622E-01   1.5240340849E-01  -3.2594166054E-01
