*************************************************
******************* ORCA 6.0.0 ******************
*************************************************
$Calculation_Status
   &GeometryIndex 1
   &ListStatus       OUT
   &VERSION [&Type "String"] "6.0.0"
   &PROGNAME [&Type "String"] "LeanSCF"
   &STATUS [&Type "String"] "NORMAL TERMINATION"
$End
$Geometry
   &GeometryIndex 1
   &ListStatus       OUT
   &NATOMS [&Type "Integer"] 13
   &NCORELESSECP [&Type "Integer"] 0
   &NGHOSTATOMS [&Type "Integer"] 0
   &CartesianCoordinates [&Type "Coordinates", &Dim(13,4), &Units "Bohr"] 
              C      1.790997795322    2.428305539326   -0.118295275228
              C      0.865443527455   -0.241689504374   -0.654428638778
              C      2.637849399796   -2.284694722178    0.407620283937
              C     -1.765856613708   -0.696318030937    0.355802515201
              O     -3.027067222804    0.839477266844    1.478836889846
              H      0.487163284164    3.836401291586   -0.880182623504
              H      3.658822791178    2.729620642280   -0.950777720409
              H      1.923354318244    2.747737220337    1.919831579035
              H      0.721938680102   -0.550614408992   -2.710358516588
              H      4.509312589191   -2.124616774619   -0.453011462399
              H      1.922232686415   -4.189388403975    0.032419405316
              H      2.850094181201   -2.063319343831    2.453739182705
              H     -2.507885683632   -2.642766202068    0.004054493781
$End
$SCF_Energy
   &GeometryIndex 1
   &ListStatus       OUT
   &SCF_ENERGY [&Type "Double"]      -2.3243691786166985e+02
$End
$DFT_Energy
   &GeometryIndex 1
   &ListStatus       OUT
   &NALPHAEL [&Type "Integer"] 20
   &NBETAEL [&Type "Integer"] 20
   &NTOTALEL [&Type "Integer"] 40
   &EEXCHANGE [&Type "Double"]       0.0000000000000000e+00
   &ECORR [&Type "Double"]       0.0000000000000000e+00
   &ECNL [&Type "Double"]       0.0000000000000000e+00
   &EXC [&Type "Double"]      -1.6004407102693023e+01
   &EEMBED [&Type "Double"]       0.0000000000000000e+00
   &FINALEN [&Type "Double"]      -2.3243691786166985e+02  "No Van der Waals correction"
$End
$Mulliken_Population_Analysis
   &GeometryIndex 1
   &ListStatus       OUT
   &NATOMS [&Type "Integer"] 13
   &ATNO [&Type "ArrayOfIntegers", &Dim (13,1)] 
                                                         0

0                                                        6
1                                                        6
2                                                        6
3                                                        6
4                                                        8
5                                                        1
6                                                        1
7                                                        1
8                                                        1
9                                                        1
10                                                       1
11                                                       1
12                                                       1
   &ATOMICCHARGES [&Type "ArrayOfDoubles", &Dim (13,1)] 
                                                         0

0                                     -4.2641306605930751e-01
1                                     -9.6344349970257426e-02
2                                     -4.3268913522696373e-01
3                                      1.0982371947680036e-01
4                                     -2.8082169649602307e-01
5                                      1.5456858118797223e-01
6                                      1.4037425236996603e-01
7                                      1.4888656659495403e-01
8                                      1.3657867348159725e-01
9                                      1.5080692722718370e-01
10                                     1.4468988254364579e-01
11                                     1.5196086921979313e-01
12                                     9.8578775650627559e-02
$End
$Loewdin_Population_Analysis
   &GeometryIndex 1
   &ListStatus       OUT
   &NATOMS [&Type "Integer"] 13
   &ATNO [&Type "ArrayOfIntegers", &Dim (13,1)] 
                                                         0

0                                                        6
1                                                        6
2                                                        6
3                                                        6
4                                                        8
5                                                        1
6                                                        1
7                                                        1
8                                                        1
9                                                        1
10                                                       1
11                                                       1
12                                                       1
   &ATOMICCHARGES [&Type "ArrayOfDoubles", &Dim (13,1)] 
                                                         0

0                                     -2.8428651659958071e-01
1                                     -3.1833163009554166e-01
2                                     -2.8244238888807960e-01
3                                     -2.7148919129641591e-01
4                                      1.1309806373155684e-01
5                                      1.2961616267786391e-01
6                                      1.2363959040563144e-01
7                                      1.2942238658839467e-01
8                                      1.6534653284172174e-01
9                                      1.2679981373530003e-01
10                                     1.2415531946186820e-01
11                                     1.2776833996678383e-01
12                                     1.1670351747050434e-01
$End
$Mayer_Population_Analysis
   &GeometryIndex 1
   &ListStatus       OUT
   &NATOMS [&Type "Integer"] 13 "Total number of atoms"
   &BONDTHRESH [&Type "Double"]       1.0000000000000001e-01  "The threshold for printing"
   &NBONDORDERSPRINT [&Type "Integer"] 12 "The number of bond orders larger than threshold"
   &BONDORDERS [&Type "ArrayOfDoubles", &Dim (12,1)] "The bond orders"
                                                         0

0                                      9.6829191864721764e-01
1                                      9.6921607514264763e-01
2                                      9.7305333262800919e-01
3                                      9.5702284073813426e-01
4                                      9.4693584989054069e-01
5                                      9.2332780723192331e-01
6                                      9.5245452181456713e-01
7                                      9.7033349270934799e-01
8                                      9.6981496199540262e-01
9                                      9.5917210085111804e-01
10                                     2.0922688288678120e+00
11                                     9.7768861194256251e-01
   &COMPONENTS [&Type "ArrayOfIntegers", &Dim (12,4)] "The indices and atomic numbers of the bonding atoms"
                                                         0                           1                           2                           3

0                                                        0                           6                           1                           6
1                                                        0                           6                           5                           1
2                                                        0                           6                           6                           1
3                                                        0                           6                           7                           1
4                                                        1                           6                           2                           6
5                                                        1                           6                           3                           6
6                                                        1                           6                           8                           1
7                                                        2                           6                           9                           1
8                                                        2                           6                          10                           1
9                                                        2                           6                          11                           1
10                                                       3                           6                           4                           8
11                                                       3                           6                          12                           1
   &ATNO [&Type "ArrayOfIntegers", &Dim (13,1)] "Atomic number of the elements"
                                                         0

0                                                        6
1                                                        6
2                                                        6
3                                                        6
4                                                        8
5                                                        1
6                                                        1
7                                                        1
8                                                        1
9                                                        1
10                                                       1
11                                                       1
12                                                       1
   &NA [&Type "ArrayOfDoubles", &Dim (13,1)] "Mulliken gross atomic population"
                                                         0

0                                      6.4264130660592995e+00
1                                      6.0963443499702485e+00
2                                      6.4326891352269620e+00
3                                      5.8901762805231881e+00
4                                      8.2808216964960071e+00
5                                      8.4543141881202644e-01
6                                      8.5962574763003319e-01
7                                      8.5111343340504597e-01
8                                      8.6342132651840220e-01
9                                      8.4919307277281741e-01
10                                     8.5531011745635455e-01
11                                     8.4803913078020721e-01
12                                     9.0142122434937255e-01
   &ZA [&Type "ArrayOfDoubles", &Dim (13,1)] "Total nuclear charge"
                                                         0

0                                      6.0000000000000000e+00
1                                      6.0000000000000000e+00
2                                      6.0000000000000000e+00
3                                      6.0000000000000000e+00
4                                      8.0000000000000000e+00
5                                      1.0000000000000000e+00
6                                      1.0000000000000000e+00
7                                      1.0000000000000000e+00
8                                      1.0000000000000000e+00
9                                      1.0000000000000000e+00
10                                     1.0000000000000000e+00
11                                     1.0000000000000000e+00
12                                     1.0000000000000000e+00
   &QA [&Type "ArrayOfDoubles", &Dim (13,1)] "Mulliken gross atomic charge"
                                                         0

0                                     -4.2641306605929952e-01
1                                     -9.6344349970248544e-02
2                                     -4.3268913522696195e-01
3                                      1.0982371947681191e-01
4                                     -2.8082169649600708e-01
5                                      1.5456858118797356e-01
6                                      1.4037425236996681e-01
7                                      1.4888656659495403e-01
8                                      1.3657867348159780e-01
9                                      1.5080692722718259e-01
10                                     1.4468988254364545e-01
11                                     1.5196086921979279e-01
12                                     9.8578775650627448e-02
   &VA [&Type "ArrayOfDoubles", &Dim (13,1)] "Mayer's total valence"
                                                         0

0                                      3.8640374830297164e+00
1                                      3.6678587979011716e+00
2                                      3.8023930424544496e+00
3                                      3.9706666310463774e+00
4                                      2.1236895223092986e+00
5                                      9.6242704089311903e-01
6                                      9.5688848830482576e-01
7                                      9.6222299845322046e-01
8                                      9.4229470389960202e-01
9                                      9.5926485821172214e-01
10                                     9.6155114970627975e-01
11                                     9.5706331433481351e-01
12                                     9.5610568054503819e-01
   &BVA [&Type "ArrayOfDoubles", &Dim (13,1)] "Mayer's bonded valence"
                                                         0

0                                      3.8640374830297901e+00
1                                      3.6678587979011725e+00
2                                      3.8023930424545047e+00
3                                      3.9706666310463796e+00
4                                      2.1236895223092231e+00
5                                      9.6242704089313480e-01
6                                      9.5688848830484552e-01
7                                      9.6222299845322690e-01
8                                      9.4229470389959380e-01
9                                      9.5926485821171814e-01
10                                     9.6155114970629951e-01
11                                     9.5706331433481295e-01
12                                     9.5610568054503342e-01
   &FA [&Type "ArrayOfDoubles", &Dim (13,1)] "Mayer's free valence"
                                                         0

0                                      0.0000000000000000e+00
1                                      0.0000000000000000e+00
2                                      0.0000000000000000e+00
3                                      0.0000000000000000e+00
4                                      0.0000000000000000e+00
5                                      0.0000000000000000e+00
6                                      0.0000000000000000e+00
7                                      0.0000000000000000e+00
8                                      0.0000000000000000e+00
9                                      0.0000000000000000e+00
10                                     0.0000000000000000e+00
11                                     0.0000000000000000e+00
12                                     0.0000000000000000e+00
$End
$Calculation_Info
   &GeometryIndex 1
   &ListStatus       OUT
   &MULT [&Type "Integer"] 1
   &CHARGE [&Type "Integer"] 0
   &NUMOFATOMS [&Type "Integer"] 13
   &NUMOFELECTRONS [&Type "Integer"] 40
   &NUMOFFCELECTRONS [&Type "Integer"] 1
   &NUMOFCORRELECTRONS [&Type "Integer"] 0
   &NUMOFBASISFUNCTS [&Type "Integer"] 203
   &NUMOFAUXCBASISFUNCTS [&Type "Integer"] 0
   &NUMOFAUXJBASISFUNCTS [&Type "Integer"] 333
   &NUMOFAUXJKBASISFUNCTS [&Type "Integer"] 0
   &NUMOFCABSBASISFUNCTS [&Type "Integer"] 0
   &TOTALENERGY [&Type "Double"]      -2.3243691786166985e+02  "Hartrees"
$End
$SCF_Dipole_Moment
   &GeometryIndex 1
   &ListStatus       OUT
   &METHOD [&Type "String"] "SCF"
   &LEVEL [&Type "String"] "Relaxed density"
   &MULT [&Type "Integer"] 1
   &STATE [&Type "Integer"] -1
   &IRREP [&Type "Integer"] 0
   &NATOMS [&Type "Integer"] 13
   &DODIPOLEATOM [&Type "Boolean"] false
   &DIPOLEELECCONTRIB [&Type "ArrayOfDoubles", &Dim (3,1)] "Electronic contribution"
                                                         0

0                                     -5.4945864995943081e+00
1                                      6.2218502232246620e-01
2                                      9.9997494643825269e-01
   &DIPOLENUCCONTRIB [&Type "ArrayOfDoubles", &Dim (3,1)] "Nuclear contribution"
                                                         0

0                                      6.2900918856069961e+00
1                                     -1.2030085977174183e+00
2                                     -1.5456007980970199e+00
   &DIPOLETOTAL [&Type "ArrayOfDoubles", &Dim (3,1)] "Total"
                                                         0

0                                      7.9550538601268794e-01
1                                     -5.8082357539495211e-01
2                                     -5.4562585165876720e-01
   &DIPOLEMAGNITUDE [&Type "Double", &Units "a.u."]       1.1260072890119879e+00
$End
$THERMOCHEMISTRY_Energies
   &GeometryIndex 1
   &ListStatus       OUT
   &TEMPERATURE [&Type "Double"]       2.9814999999999998e+02
   &PRESSURE [&Type "Double"]       1.0000000000000000e+00
   &TOTALMASS [&Type "Double"]       7.2106999999999985e+01
   &SPINDEGENERACY [&Type "Integer"] 1
   &ELENERGY [&Type "Double"]      -2.3243691786166985e+02
   &TRANSENERGY [&Type "Double"]       1.4162714244859817e-03
   &ROTENERGY [&Type "Double"]       1.4162714244859817e-03
   &VIBENERGY [&Type "Double"]       2.9925856176363417e-03
   &NUMOFFREQS [&Type "Integer"] 39
   &FREQSCALINGFACTOR [&Type "Double"]       1.0000000000000000e+00
   &FREQ [&Type "ArrayOfDoubles", &Dim (39,1)] "In cm^-1"
                                                         0

0                                      0.0000000000000000e+00
1                                      0.0000000000000000e+00
2                                      0.0000000000000000e+00
3                                      0.0000000000000000e+00
4                                      0.0000000000000000e+00
5                                      0.0000000000000000e+00
6                                      1.8373403858721812e+02
7                                      2.8091967894520309e+02
8                                      2.8718317002615220e+02
9                                      3.1982027573137617e+02
10                                     3.6351154336979965e+02
11                                     4.2225347735316933e+02
12                                     6.5487406267822530e+02
13                                     8.1491928104363569e+02
14                                     9.3916063737054799e+02
15                                     9.4867355069101438e+02
16                                     9.6678775133933812e+02
17                                     9.9151461814929701e+02
18                                     1.1430646253928539e+03
19                                     1.1719410992212247e+03
20                                     1.2095173467469438e+03
21                                     1.3159549299492317e+03
22                                     1.3691685668248381e+03
23                                     1.4087996822144803e+03
24                                     1.4167377986735341e+03
25                                     1.4389590320888644e+03
26                                     1.4904401507172081e+03
27                                     1.4939890688960479e+03
28                                     1.5090477378064729e+03
29                                     1.5139115928877520e+03
30                                     1.8111642833460064e+03
31                                     2.8490610930625817e+03
32                                     2.9915345316657526e+03
33                                     3.0331349061024903e+03
34                                     3.0432893737807794e+03
35                                     3.1059782903451382e+03
36                                     3.1154626819987711e+03
37                                     3.1186731959071858e+03
38                                     3.1257050487019105e+03
   &ZPE [&Type "Double"]       1.1356412100893000e-01
   &INNERENERGYU [&Type "Double"]      -2.3231752861219431e+02
   &ENTHALPYH [&Type "Double"]      -2.3231658440315206e+02
   &QEL [&Type "Double"]       0.0000000000000000e+00
   &QROT [&Type "Double"]       1.2192199923853340e-02
   &QVIB [&Type "Double"]       4.7075965416046054e-03
   &QTRANS [&Type "Double"]       1.8408094370990925e-02
   &ENTROPYS [&Type "Double"]       3.5307890836448870e-02
   &FREEENERGYG [&Type "Double"]      -2.3235189229398850e+02
   &ISLINEAR [&Type "Boolean"] false
$End
$Hessian
   &GeometryIndex 1
   &ListStatus       OUT
   &HESSIAN [&Type "ArrayOfDoubles", &Dim (39,39)] "The Hessian"
                                                         0                           1                           2                           3                           4                           5                           6                           7

0                                      5.7443686179201092e-01        -3.0809172186262390e-02        -7.0500901030129499e-03        -9.1749546752593003e-02        -3.6445945207632259e-02        -7.6546899601242328e-03         8.1229089961136029e-03         2.1026005626211527e-02
1                                     -3.0809172186262390e-02         4.9605027763970821e-01        -2.0571044004897742e-02        -3.4383826659247586e-02        -1.8218231816589822e-01        -2.2692981347256003e-02        -5.9284886658176952e-03        -2.8369687781384021e-02
2                                     -7.0500901030129499e-03        -2.0571044004897742e-02         5.6994566917462175e-01        -8.1656441268124283e-03        -2.5319862960849409e-02        -8.5669240303523131e-02         4.3195755940080805e-03         1.2073431748899197e-02
3                                     -9.1749546752593003e-02        -3.4383826659247586e-02        -8.1656441268124283e-03         4.6876319257637905e-01         2.7312692473830679e-02        -6.8154940755375641e-04        -1.1721352263776033e-01         3.4046895407914515e-02
4                                     -3.6445945207632259e-02        -1.8218231816589822e-01        -2.5319862960849409e-02         2.7312692473830679e-02         4.9948607056572830e-01         3.3381891916949930e-02         4.4845759102374136e-02        -1.2430829624167193e-01
5                                     -7.6546899601242328e-03        -2.2692981347256003e-02        -8.5669240303523131e-02        -6.8154940755375641e-04         3.3381891916949930e-02         5.3700677759945903e-01        -3.2709416718646397e-02         2.6368923492409428e-02
6                                      8.1229089961136029e-03        -5.9284886658176952e-03         4.3195755940080805e-03        -1.1721352263776033e-01         4.4845759102374136e-02        -3.2709416718646397e-02         5.3483618050272164e-01         5.0485094314564341e-02
7                                      2.1026005626211527e-02        -2.8369687781384021e-02         1.2073431748899197e-02         3.4046895407914515e-02        -1.2430829624167193e-01         2.6368923492409428e-02         5.0485094314564341e-02         5.1702778919709236e-01
8                                      4.3794890705629030e-03        -2.9059722674806727e-03         2.6277964859051095e-03        -2.3300726178494262e-02         2.6910192509637901e-02        -8.7135259551215413e-02        -2.7042228445615150e-02         3.2605442480254446e-02
9                                     -1.6556878983887968e-02        -1.2770447551117219e-02         4.0038881891449746e-03        -1.6477611870049427e-01        -3.8307368958297366e-02         2.3650502246338280e-02        -2.8677356990036481e-02         1.1344262233423500e-02
10                                    -3.5499330366883422e-02        -8.2205476906089467e-03         1.2767901626532628e-02        -4.2541341233493277e-02        -9.8633622671239790e-02         1.1702354169664095e-02         2.7449483529371689e-02         9.2703545360002353e-04
11                                    -5.3088441896140858e-03         3.0576972615680362e-03         3.3257891601632117e-03         2.2909806360011331e-02         1.2462240075270376e-02        -9.3471916296989255e-02        -1.1625988630891898e-02        -8.1499402568812104e-03
12                                     2.0902310772724954e-03         4.0251373654443725e-03        -4.9152094334257469e-04        -2.5083433290772811e-02         3.1087359489948500e-02         3.4389819827096602e-02        -1.8264399445830550e-03        -3.2497065369877214e-03
13                                    -5.7598403873684737e-04        -1.5406371402788919e-03         1.3727291075319179e-03         1.6142636350779019e-02         9.3060019844041549e-03        -1.2617485561441908e-02        -3.0296538199374116e-03         2.2825756715440237e-03
14                                    -1.9963786595509868e-03        -1.5175571757406739e-03        -1.5701540965810459e-03         2.7794432882429779e-02        -2.0214127589121042e-02         5.0110917430612398e-03         4.1095648703940741e-03         4.4606570196915329e-03
15                                    -1.5708482841745594e-01         1.1594467500077738e-01        -6.5381937378078694e-02         7.8919637334178717e-03        -7.6714597280074584e-03         5.9243246616877843e-03        -8.1330421166522695e-04        -1.8610929993776188e-03
16                                     1.1363186897430891e-01        -1.6871515269594128e-01         6.7239939299696835e-02         1.9125499029363852e-02        -1.9714672443478416e-02         1.2439250020623276e-02        -3.7223447416088601e-03        -5.0268301462811985e-03
17                                    -6.4070593777148493e-02         6.8098794924230821e-02        -8.5655680694759734e-02         5.8610540713932117e-03        -5.5958588282645928e-03         1.5704891245629888e-03        -4.4448746404426301e-04        -1.0124861611782807e-03
18                                    -2.6370520218524240e-01        -3.2353708833135632e-02         9.7215017730084313e-02        -9.3933417438070085e-03        -5.3258755551136364e-04         3.3443318624195202e-03         6.5199123597231567e-04         6.8010254050579456e-04
19                                    -3.1014874790010721e-02        -5.1819528943952267e-02         1.4782058094023529e-02        -2.9162306740223954e-02        -5.7215297205960650e-03         1.4066815568877341e-02        -9.2893722105818045e-04         1.8212269728653816e-03
20                                     9.7611253604792503e-02         1.5530232581676441e-02        -9.2794400436138680e-02        -7.8334519674969905e-03        -1.6297870526775799e-03         2.1411964363535030e-03         1.0561822072698186e-04         1.7514014376685043e-04
21                                    -4.8043054829564565e-02        -2.3903388381067230e-03        -1.5467947824464083e-02        -2.0001321732159780e-03        -1.4506501495822311e-03        -1.1504676163500940e-02         8.2289964908577014e-05         4.1145923056578552e-04
22                                    -2.0183922311659574e-03        -5.2334232556522572e-02        -3.5607890355881071e-02        -2.1416953431161083e-03        -6.2755399287466552e-03        -3.2175769707698060e-02        -3.0776734128123810e-04         1.9169567477225541e-03
23                                    -1.6723204704807235e-02        -3.6971814590034839e-02        -3.0671348988530855e-01        -1.6772788321392338e-03        -1.9020034475810306e-03        -5.7483485841596091e-03         2.2011534874135773e-04         5.3848717467876823e-04
24                                    -1.0385571862935958e-03        -2.2072701774720617e-03        -1.1780269390919100e-02        -4.6065080053730799e-02        -7.2096570012885773e-03        -5.3324302305261338e-03        -1.9539522251484504e-03        -6.6266104796947837e-04
25                                    -1.6105329528250079e-03        -6.0003135188835925e-03        -3.0857154727773908e-02        -7.5351914032558819e-03        -4.9182056917403558e-02        -3.4343233833639936e-02         3.5357054833166633e-03        -7.0760602904123768e-05
26                                    -3.0597145624265687e-04        -1.2455331696701391e-03        -4.1907776471437220e-03        -1.2898590309677060e-02        -3.4585513930248550e-02        -2.8461565752335849e-01        -1.5551009496178585e-03         3.4343893347200949e-04
27                                     6.6751864716378412e-04        -1.0049663462592690e-03         3.0862093067049218e-04        -1.9248648578840143e-02        -1.5778957273295570e-03         6.6877154401428973e-03        -2.6337462314520987e-01        -2.1592417068655560e-02
28                                     5.4929041871830202e-04         1.6410695543546084e-03        -5.5639681025752060e-04         2.4286481119041151e-02        -2.0362002884439200e-04        -8.5753283765820035e-03        -2.2541334934373672e-02        -4.7313248600110103e-02
29                                     7.9277201537655915e-05        -6.0414795422042639e-04        -1.9715940448660147e-05        -1.3970210692390041e-02        -5.7928380533096846e-04         4.4599429451242460e-03         1.0380361327344936e-01         9.0085657312329228e-03
30                                    -2.9940503409289256e-03         2.0912520903135223e-03        -1.4653466975029961e-03         8.0471234027366424e-03         1.8198454728298580e-02         5.7913583918750402e-03        -8.1565746475567830e-02        -8.5537010658226248e-02
31                                     4.2351503564949274e-03        -1.8997677229811161e-03         2.7564390665989428e-03        -7.4511741578941783e-03        -1.9259224030930683e-02        -4.9201496234586540e-03        -8.4952286757782630e-02        -2.6715174470036818e-01
32                                    -1.8365407615533774e-03         1.2012397542571110e-03        -6.3065044362220794e-04         5.9812525169070539e-03         1.1657629407235887e-02         1.4201409763144046e-03        -1.7688773743051195e-02        -4.5796223809322655e-02
33                                     4.2355943180271566e-04        -1.2148894293180124e-03         4.4724666846631745e-04        -4.0887715917248277e-03        -1.9136246264005348e-03        -2.0977980566631485e-02        -5.0522119762049886e-02        -3.6301415844290793e-03
34                                    -4.0345798505540440e-04         1.8593201108476334e-03         1.0714706077243276e-03         2.9740742606791225e-03         1.6037749295950013e-03         2.3111303678409738e-02        -4.1147733531702296e-03        -5.1967626115718563e-02
35                                     4.0253970002354211e-04        -5.9744396357294259e-04         6.9018088672128178e-04        -2.6540069325559027e-03        -9.9191536656908705e-04        -1.0674966895404734e-02        -2.3267584892898034e-02        -3.0790666901342335e-02
36                                    -4.5689612483969851e-03         8.9993030674629867e-04         3.3915823737645226e-03        -5.0836841895944666e-03        -2.6471414802827678e-02        -9.1289656960739408e-04         2.2536946923049882e-03        -1.5065795779121219e-03
37                                    -9.6251169370663650e-04         1.5315189115404707e-03         7.6628406180907988e-04        -5.3640514195221756e-04        -4.9149673309177751e-03        -5.8081154548705154e-03        -7.4466547422454357e-04         2.3261014561385546e-04
38                                     2.5905790131315375e-03        -6.9937480201577020e-04         6.5467374011443646e-04         8.6204998034085222e-03         6.4689241295614337e-03         1.5705750329775232e-02         1.8510454849307210e-03         1.7845102719167756e-04
                                                         8                           9                          10                          11                          12                          13                          14                          15

0                                      4.3794890705629030e-03        -1.6556878983887968e-02        -3.5499330366883422e-02        -5.3088441896140858e-03         2.0902310772724954e-03        -5.7598403873684737e-04        -1.9963786595509868e-03        -1.5708482841745594e-01
1                                     -2.9059722674806727e-03        -1.2770447551117219e-02        -8.2205476906089467e-03         3.0576972615680362e-03         4.0251373654443725e-03        -1.5406371402788919e-03        -1.5175571757406739e-03         1.1594467500077738e-01
2                                      2.6277964859051095e-03         4.0038881891449746e-03         1.2767901626532628e-02         3.3257891601632117e-03        -4.9152094334257469e-04         1.3727291075319179e-03        -1.5701540965810459e-03        -6.5381937378078694e-02
3                                     -2.3300726178494262e-02        -1.6477611870049427e-01        -4.2541341233493277e-02         2.2909806360011331e-02        -2.5083433290772811e-02         1.6142636350779019e-02         2.7794432882429779e-02         7.8919637334178717e-03
4                                      2.6910192509637901e-02        -3.8307368958297366e-02        -9.8633622671239790e-02         1.2462240075270376e-02         3.1087359489948500e-02         9.3060019844041549e-03        -2.0214127589121042e-02        -7.6714597280074584e-03
5                                     -8.7135259551215413e-02         2.3650502246338280e-02         1.1702354169664095e-02        -9.3471916296989255e-02         3.4389819827096602e-02        -1.2617485561441908e-02         5.0110917430612398e-03         5.9243246616877843e-03
6                                     -2.7042228445615150e-02        -2.8677356990036481e-02         2.7449483529371689e-02        -1.1625988630891898e-02        -1.8264399445830550e-03        -3.0296538199374116e-03         4.1095648703940741e-03        -8.1330421166522695e-04
7                                      3.2605442480254446e-02         1.1344262233423500e-02         9.2703545360002353e-04        -8.1499402568812104e-03        -3.2497065369877214e-03         2.2825756715440237e-03         4.4606570196915329e-03        -1.8610929993776188e-03
8                                      5.5412691841670647e-01         4.3748769952482724e-03        -1.0008589084622285e-02         6.8665612407300429e-03         3.7518756005665973e-03        -1.8417096749078453e-04        -4.7733852150157879e-03        -1.0350122498890488e-04
9                                      4.3748769952482724e-03         6.0335913622232340e-01        -1.1812492527057983e-01        -2.1109901951085958e-01        -3.0110691890926189e-01         2.4027769644389591e-01         1.8995579272802762e-01         6.0497782508015657e-04
10                                    -1.0008589084622285e-02        -1.1812492527057983e-01         7.4053305664185953e-01         2.3483281006607476e-01         2.3469900964694729e-01        -4.1141412903212049e-01        -2.2748880890504680e-01        -3.7891145845393671e-04
11                                     6.8665612407300429e-03        -2.1109901951085958e-01         2.3483281006607476e-01         4.0355777288347661e-01         1.8783462124800496e-01        -2.3038930816230166e-01        -2.3796151431202939e-01         4.1125650398751799e-04
12                                     3.7518756005665973e-03        -3.0110691890926189e-01         2.3469900964694729e-01         1.8783462124800496e-01         3.1664214058672957e-01        -2.7702335313997667e-01        -2.2947270565762545e-01        -5.2910229495896008e-04
13                                    -1.8417096749078453e-04         2.4027769644389591e-01        -4.1141412903212049e-01        -2.3038930816230166e-01        -2.7702335313997667e-01         4.3253403754264863e-01         2.6948069262260932e-01        -2.6124798532682104e-04
14                                    -4.7733852150157879e-03         1.8995579272802762e-01        -2.2748880890504680e-01        -2.3796151431202939e-01        -2.2947270565762545e-01         2.6948069262260932e-01         2.2920401812587693e-01         1.0869646727999782e-04
15                                    -1.0350122498890488e-04         6.0497782508015657e-04        -3.7891145845393671e-04         4.1125650398751799e-04        -5.2910229495896008e-04        -2.6124798532682104e-04         1.0869646727999782e-04         1.6677462768637627e-01
16                                    -2.0182850260550052e-03         2.2499334705350827e-03        -7.2305323796254071e-04        -7.4357255312535765e-04        -7.4305982710917446e-04         1.6539008911069086e-03         3.9916661377872951e-04        -1.2440233650399141e-01
17                                     1.1135750486815929e-04        -8.3487862861775274e-04         1.1381610999180265e-03         6.7409967624704626e-04        -6.3021056869352020e-05        -1.0581133521344291e-03        -1.6231003141562415e-04         7.0833070062329487e-02
18                                    -5.1812945476154438e-05         3.6299208749002512e-04        -1.1055965805275786e-03        -6.5480367510248154e-04         2.3863262975176366e-04        -6.3513553707231045e-04        -1.7289382712917106e-04        -1.6425802542955593e-02
19                                     2.7723507813811438e-04         5.5101062982676127e-04        -7.2850629125467362e-03        -2.9116490039391043e-03         6.3217816384153643e-04         1.9261785617349153e-03         3.2982140476506337e-04         1.8506567329149206e-02
20                                    -1.2657134217930791e-04         1.0403341734528584e-04        -2.4388564544199540e-03        -1.6942657168599723e-04         1.9822689425074173e-04         8.4265668510942341e-04         5.1335477872646975e-04        -1.1705567041294707e-02
21                                     5.5122511216605858e-04         1.0979374061631541e-03        -9.2192915272057397e-04        -1.8084653528804943e-03         2.0659783399452859e-06         1.0703509146834671e-03         8.0584199627251442e-04        -1.4960579701408482e-03
22                                    -1.3706246071212790e-03         1.3990295037774243e-03         2.2748194844904681e-04        -8.7357486224297278e-04        -6.0543001767818965e-04         6.2025054928399658e-04         5.8201624133553942e-04         3.1328000821840250e-04
23                                     8.3104749476414861e-04         1.5897418686701345e-03        -4.9292908139644126e-04        -6.0482318105121828e-04        -8.1573444853553015e-05         1.0343878195682669e-03         7.4129312193454804e-04         1.3039059969957578e-04
24                                    -2.3697666521932066e-02         4.0631270205892418e-03         7.0383330882451203e-03         3.3464356906385877e-02        -6.9313491556851599e-03         4.3502139524182002e-04        -1.9508098223540880e-03         3.9823531633216341e-04
