*************************************************
******************* ORCA 6.0.0 ******************
*************************************************
$Calculation_Status
   &GeometryIndex 1
   &ListStatus       OUT
   &VERSION [&Type "String"] "6.0.0"
   &PROGNAME [&Type "String"] "LeanSCF"
   &STATUS [&Type "String"] "NORMAL TERMINATION"
$End
$Geometry
   &GeometryIndex 1
   &ListStatus       OUT
   &NATOMS [&Type "Integer"] 10
   &NCORELESSECP [&Type "Integer"] 0
   &NGHOSTATOMS [&Type "Integer"] 0
   &CartesianCoordinates [&Type "Coordinates", &Dim(10,4), &Units "Bohr"] 
              C     -1.309389715075   -1.173767297340   -0.601880386767
              C      1.311051657967   -1.111072289354    0.539284433880
              O      2.744360592297    1.030043611196   -0.314361831709
              O     -2.751503742343    1.029994753839    0.077850940581
              H     -2.281097917988   -2.908887927062   -0.001704971200
              H     -1.191707222097   -1.164421844772   -2.667100168834
              H      2.355321587081   -2.800712565761   -0.040621860433
              H      1.175765516052   -1.110088799907    2.615304942074
              H      1.761812384919    2.513936099542    0.099375372135
              H     -2.997673359168    0.980628560642    1.887089159618
$End
$SCF_Energy
   &GeometryIndex 1
   &ListStatus       OUT
   &SCF_ENERGY [&Type "Double"]      -2.3025107196468377e+02
$End
$DFT_Energy
   &GeometryIndex 1
   &ListStatus       OUT
   &NALPHAEL [&Type "Integer"] 17
   &NBETAEL [&Type "Integer"] 17
   &NTOTALEL [&Type "Integer"] 34
   &EEXCHANGE [&Type "Double"]       0.0000000000000000e+00
   &ECORR [&Type "Double"]       0.0000000000000000e+00
   &ECNL [&Type "Double"]       0.0000000000000000e+00
   &EXC [&Type "Double"]      -1.4556998725522046e+01
   &EEMBED [&Type "Double"]       0.0000000000000000e+00
   &FINALEN [&Type "Double"]      -2.3025107196468377e+02  "No Van der Waals correction"
$End
$Mulliken_Population_Analysis
   &GeometryIndex 1
   &ListStatus       OUT
   &NATOMS [&Type "Integer"] 10
   &ATNO [&Type "ArrayOfIntegers", &Dim (10,1)] 
                                                         0

0                                                        6
1                                                        6
2                                                        8
3                                                        8
4                                                        1
5                                                        1
6                                                        1
7                                                        1
8                                                        1
9                                                        1
   &ATOMICCHARGES [&Type "ArrayOfDoubles", &Dim (10,1)] 
                                                         0

0                                     -9.2771693817386591e-02
1                                     -9.4905900826234735e-02
2                                     -4.6818971298334056e-01
3                                     -4.7676058149918177e-01
4                                      1.1828984759284111e-01
5                                      1.3862968302246248e-01
6                                      1.2508083191131325e-01
7                                      1.1637636489456971e-01
8                                      3.2205949146063517e-01
9                                      3.1219167024428862e-01
$End
$Loewdin_Population_Analysis
   &GeometryIndex 1
   &ListStatus       OUT
   &NATOMS [&Type "Integer"] 10
   &ATNO [&Type "ArrayOfIntegers", &Dim (10,1)] 
                                                         0

0                                                        6
1                                                        6
2                                                        8
3                                                        8
4                                                        1
5                                                        1
6                                                        1
7                                                        1
8                                                        1
9                                                        1
   &ATOMICCHARGES [&Type "ArrayOfDoubles", &Dim (10,1)] 
                                                         0

0                                     -3.5316908711923301e-01
1                                     -3.5805106367096151e-01
2                                     -6.4527485100304816e-02
3                                     -6.9319272217244432e-02
4                                      1.2035707612389335e-01
5                                      1.3251559711842087e-01
6                                      1.3240788516559876e-01
7                                      1.1491612867546652e-01
8                                      1.7346076036474833e-01
9                                      1.7140946065957186e-01
$End
$Mayer_Population_Analysis
   &GeometryIndex 1
   &ListStatus       OUT
   &NATOMS [&Type "Integer"] 10 "Total number of atoms"
   &BONDTHRESH [&Type "Double"]       1.0000000000000001e-01  "The threshold for printing"
   &NBONDORDERSPRINT [&Type "Integer"] 9 "The number of bond orders larger than threshold"
   &BONDORDERS [&Type "ArrayOfDoubles", &Dim (9,1)] "The bond orders"
                                                         0

0                                      9.7368147540796601e-01
1                                      9.3956540543939315e-01
2                                      9.6988389916431217e-01
3                                      9.6258226607286379e-01
4                                      9.5887451452807193e-01
5                                      9.6298932321110775e-01
6                                      9.6416825915235971e-01
7                                      8.8192065959112420e-01
8                                      8.9363234258879576e-01
   &COMPONENTS [&Type "ArrayOfIntegers", &Dim (9,4)] "The indices and atomic numbers of the bonding atoms"
                                                         0                           1                           2                           3

0                                                        0                           6                           1                           6
1                                                        0                           6                           3                           8
2                                                        0                           6                           4                           1
3                                                        0                           6                           5                           1
4                                                        1                           6                           2                           8
5                                                        1                           6                           6                           1
6                                                        1                           6                           7                           1
7                                                        2                           8                           8                           1
8                                                        3                           8                           9                           1
   &ATNO [&Type "ArrayOfIntegers", &Dim (10,1)] "Atomic number of the elements"
                                                         0

0                                                        6
1                                                        6
2                                                        8
3                                                        8
4                                                        1
5                                                        1
6                                                        1
7                                                        1
8                                                        1
9                                                        1
   &NA [&Type "ArrayOfDoubles", &Dim (10,1)] "Mulliken gross atomic population"
                                                         0

0                                      6.0927716938173857e+00
1                                      6.0949059008262383e+00
2                                      8.4681897129833477e+00
3                                      8.4767605814991693e+00
4                                      8.8171015240715855e-01
5                                      8.6137031697753674e-01
6                                      8.7491916808868719e-01
7                                      8.8362363510542929e-01
8                                      6.7794050853936538e-01
9                                      6.8780832975571182e-01
   &ZA [&Type "ArrayOfDoubles", &Dim (10,1)] "Total nuclear charge"
                                                         0

0                                      6.0000000000000000e+00
1                                      6.0000000000000000e+00
2                                      8.0000000000000000e+00
3                                      8.0000000000000000e+00
4                                      1.0000000000000000e+00
5                                      1.0000000000000000e+00
6                                      1.0000000000000000e+00
7                                      1.0000000000000000e+00
8                                      1.0000000000000000e+00
9                                      1.0000000000000000e+00
   &QA [&Type "ArrayOfDoubles", &Dim (10,1)] "Mulliken gross atomic charge"
                                                         0

0                                     -9.2771693817385703e-02
1                                     -9.4905900826238287e-02
2                                     -4.6818971298334766e-01
3                                     -4.7676058149916933e-01
4                                      1.1828984759284145e-01
5                                      1.3862968302246326e-01
6                                      1.2508083191131281e-01
7                                      1.1637636489457071e-01
8                                      3.2205949146063462e-01
9                                      3.1219167024428818e-01
   &VA [&Type "ArrayOfDoubles", &Dim (10,1)] "Mayer's total valence"
                                                         0

0                                      3.8809947320307927e+00
1                                      3.8951562364753585e+00
2                                      1.8723104707481455e+00
3                                      1.8796281103828332e+00
4                                      9.5256559245679140e-01
5                                      9.5165361106940327e-01
6                                      9.6117419690218775e-01
7                                      9.4645289943796340e-01
8                                      9.1444603249448531e-01
9                                      9.1540956366781578e-01
   &BVA [&Type "ArrayOfDoubles", &Dim (10,1)] "Mayer's bonded valence"
                                                         0

0                                      3.8809947320307874e+00
1                                      3.8951562364753780e+00
2                                      1.8723104707481424e+00
3                                      1.8796281103828614e+00
4                                      9.5256559245677919e-01
5                                      9.5165361106943014e-01
6                                      9.6117419690217720e-01
7                                      9.4645289943797484e-01
8                                      9.1444603249449274e-01
9                                      9.1540956366780668e-01
   &FA [&Type "ArrayOfDoubles", &Dim (10,1)] "Mayer's free valence"
                                                         0

0                                      0.0000000000000000e+00
1                                      0.0000000000000000e+00
2                                      0.0000000000000000e+00
3                                      0.0000000000000000e+00
4                                      0.0000000000000000e+00
5                                      0.0000000000000000e+00
6                                      0.0000000000000000e+00
7                                      0.0000000000000000e+00
8                                      0.0000000000000000e+00
9                                      0.0000000000000000e+00
$End
$Calculation_Info
   &GeometryIndex 1
   &ListStatus       OUT
   &MULT [&Type "Integer"] 1
   &CHARGE [&Type "Integer"] 0
   &NUMOFATOMS [&Type "Integer"] 10
   &NUMOFELECTRONS [&Type "Integer"] 34
   &NUMOFFCELECTRONS [&Type "Integer"] 1
   &NUMOFCORRELECTRONS [&Type "Integer"] 0
   &NUMOFBASISFUNCTS [&Type "Integer"] 160
   &NUMOFAUXCBASISFUNCTS [&Type "Integer"] 0
   &NUMOFAUXJBASISFUNCTS [&Type "Integer"] 262
   &NUMOFAUXJKBASISFUNCTS [&Type "Integer"] 0
   &NUMOFCABSBASISFUNCTS [&Type "Integer"] 0
   &TOTALENERGY [&Type "Double"]      -2.3025107196468377e+02  "Hartrees"
$End
$SCF_Dipole_Moment
   &GeometryIndex 1
   &ListStatus       OUT
   &METHOD [&Type "String"] "SCF"
   &LEVEL [&Type "String"] "Relaxed density"
   &MULT [&Type "Integer"] 1
   &STATE [&Type "Integer"] -1
   &IRREP [&Type "Integer"] 0
   &NATOMS [&Type "Integer"] 10
   &DODIPOLEATOM [&Type "Boolean"] false
   &DIPOLEELECCONTRIB [&Type "ArrayOfDoubles", &Dim (3,1)] "Electronic contribution"
                                                         0

0                                      1.2130905625132599e-01
1                                      1.7774131701011506e+00
2                                     -3.6143774310164645e-01
   &DIPOLENUCCONTRIB [&Type "ArrayOfDoubles", &Dim (3,1)] "Nuclear contribution"
                                                         0

0                                     -5.2286229896083647e-01
1                                     -2.2605212453304251e+00
2                                      1.0644244523775201e+00
   &DIPOLETOTAL [&Type "ArrayOfDoubles", &Dim (3,1)] "Total"
                                                         0

0                                     -4.0155324270951048e-01
1                                     -4.8310807522927446e-01
2                                      7.0298670927587370e-01
   &DIPOLEMAGNITUDE [&Type "Double", &Units "a.u."]       9.4277713829981002e-01
$End
$THERMOCHEMISTRY_Energies
   &GeometryIndex 1
   &ListStatus       OUT
   &TEMPERATURE [&Type "Double"]       2.9814999999999998e+02
   &PRESSURE [&Type "Double"]       1.0000000000000000e+00
   &TOTALMASS [&Type "Double"]       6.2068000000000005e+01
   &SPINDEGENERACY [&Type "Integer"] 1
   &ELENERGY [&Type "Double"]      -2.3025107196468377e+02
   &TRANSENERGY [&Type "Double"]       1.4162714244859817e-03
   &ROTENERGY [&Type "Double"]       1.4162714244859817e-03
   &VIBENERGY [&Type "Double"]       1.9170161418158276e-03
   &NUMOFFREQS [&Type "Integer"] 30
   &FREQSCALINGFACTOR [&Type "Double"]       1.0000000000000000e+00
   &FREQ [&Type "ArrayOfDoubles", &Dim (30,1)] "In cm^-1"
                                                         0

0                                      0.0000000000000000e+00
1                                      0.0000000000000000e+00
2                                      0.0000000000000000e+00
3                                      0.0000000000000000e+00
4                                      0.0000000000000000e+00
5                                      0.0000000000000000e+00
6                                      2.0470825396319452e+02
7                                      3.4476212734489826e+02
8                                      4.1876660939478160e+02
9                                      4.6058992842346743e+02
10                                     5.5837233888351852e+02
11                                     8.8032707166512989e+02
12                                     8.9814457575048209e+02
13                                     1.0454807217317098e+03
14                                     1.0731951064483146e+03
15                                     1.1013402119332889e+03
16                                     1.1925167155676440e+03
17                                     1.2612895635093157e+03
18                                     1.3764865079241472e+03
19                                     1.3833779058108182e+03
20                                     1.4108419669543071e+03
21                                     1.4374622707393355e+03
22                                     1.5037963436865741e+03
23                                     1.5070363812111459e+03
24                                     2.9941335568150062e+03
25                                     3.0186031662789187e+03
26                                     3.0880315947034856e+03
27                                     3.0988397195694147e+03
28                                     3.8017411435225295e+03
29                                     3.8059353860284887e+03
   &ZPE [&Type "Double"]       8.6264592367432252e-02
   &INNERENERGYU [&Type "Double"]      -2.3016005781332555e+02
   &ENTHALPYH [&Type "Double"]      -2.3015911360428331e+02
   &QEL [&Type "Double"]       0.0000000000000000e+00
   &QROT [&Type "Double"]       1.1537388619797926e-02
   &QVIB [&Type "Double"]       2.9213431858896976e-03
   &QTRANS [&Type "Double"]       1.8195766153547958e-02
   &ENTROPYS [&Type "Double"]       3.2654497959235584e-02
   &FREEENERGYG [&Type "Double"]      -2.3019176810224255e+02
   &ISLINEAR [&Type "Boolean"] false
$End
$Hessian
   &GeometryIndex 1
   &ListStatus       OUT
   &HESSIAN [&Type "ArrayOfDoubles", &Dim (30,30)] "The Hessian"
                                                         0                           1                           2                           3                           4                           5                           6                           7

0                                      4.8451622811336698e-01         5.5907251825749002e-02        -1.5468863646617644e-02        -1.7729529975057323e-01        -1.3323264911963548e-02        -5.6873747584997768e-02        -2.5553335594776919e-02        -1.1617130589827128e-02
1                                      5.5907251825749002e-02         5.2326288162998724e-01        -3.4516597180525688e-02         5.9708516364448787e-03        -7.3704612212572934e-02         2.5696892108569985e-03        -3.9004249045011818e-02        -1.8913952790511709e-02
2                                     -1.5468863646617644e-02        -3.4516597180525688e-02         6.2831275405703835e-01        -5.2638355232401249e-02        -6.1858754887363053e-03        -1.1682321169885371e-01         1.4291349609114845e-02         4.1331206652935396e-03
3                                     -1.7729529975057323e-01         5.9708516364448787e-03        -5.2638355232401249e-02         4.9914640169062191e-01        -7.5184538208307741e-02        -1.6284820971163703e-02        -1.2027410322637780e-01        -6.7219132430528128e-02
4                                     -1.3323264911963548e-02        -7.3704612212572934e-02        -6.1858754887363053e-03        -7.5184538208307741e-02         5.5402696178860500e-01         4.3694771414438768e-02        -2.4089045250695440e-02        -1.6612868833405542e-01
5                                     -5.6873747584997768e-02         2.5696892108569985e-03        -1.1682321169885371e-01        -1.6284820971163703e-02         4.3694771414438768e-02         5.7321261099149090e-01         3.1513723247740752e-02         3.9468739323185315e-02
6                                     -2.5553335594776919e-02        -3.9004249045011818e-02         1.4291349609114845e-02        -1.2027410322637780e-01        -2.4089045250695440e-02         3.1513723247740752e-02         3.2150420651510941e-01        -1.1890884460224976e-01
7                                     -1.1617130589827128e-02        -1.8913952790511709e-02         4.1331206652935396e-03        -6.7219132430528128e-02        -1.6612868833405542e-01         3.9468739323185315e-02        -1.1890884460224976e-01         5.5800897044120579e-01
8                                     -3.7282238191196498e-03        -7.6325601329955972e-03         7.3798330824892469e-03         3.6088099493279548e-02         2.4069342392159465e-02        -8.8127204482867594e-02        -1.2304165276148388e-01         3.0640743895289698e-02
9                                     -1.0148659790259018e-01         6.3978945895866418e-02         5.6683649362416003e-03        -2.7731599235514017e-02         4.0283344771314629e-02         1.3361976039920715e-02         2.5276830557010108e-03         2.2420020746739986e-03
10                                     6.1174303615065428e-02        -1.6809724027398132e-01         1.0422040393664490e-03         1.1036086277183228e-02        -1.7973396814349517e-02        -5.7242420277938966e-03        -8.0809763104600454e-04         7.1152353525411110e-03
11                                     2.9779049234579816e-02        -3.8585685412232125e-02        -1.0230113127440496e-01        -5.1012429691538325e-03         9.2537286076999799e-03         3.6590287225182622e-03         7.5373266125861559e-04         3.6773880988034621e-04
12                                    -1.1483104194824363e-01        -1.0269004286490049e-01         3.6704327664332632e-02        -9.3979658837389807e-03        -2.5076307176056287e-02         1.3505518294068370e-02        -7.9726507615812577e-03        -2.7404465362651370e-03
13                                    -1.0037721196196886e-01        -2.0916790013197339e-01         6.0861479870587112e-02        -2.1092113461675735e-03        -5.8432951962988314e-04         1.7712781736914148e-03         1.6262034422577162e-05         1.6633600057400309e-03
14                                     3.7234609617130210e-02         6.4170938281303075e-02        -8.0647134296367162e-02        -7.3654653852120409e-03        -1.0864210306333789e-02         3.9901798485102793e-03        -2.8804781161309969e-03        -6.8675956577646810e-04
15                                    -5.0821131132400832e-02        -3.4134560636700263e-03         1.0207499249248766e-02         6.9511269048401058e-04         1.5649725331564465e-03        -3.4030119785459639e-02         3.1662286412193607e-03         1.1311693754334170e-03
16                                    -4.2664258545081933e-03        -5.0885077428474305e-02         1.6347686585192922e-02        -1.3247748768006238e-03         3.5627961861788363e-04        -8.0026027297359220e-05         8.4781608242200546e-04         5.4932486240879424e-04
17                                     1.3191108475320904e-02         5.9039789496749366e-03        -3.1131198927758702e-01         2.0056046399882441e-04         2.6258199474701455e-03        -1.4475850202790989e-02         1.0924144102785610e-03        -6.3142038181287184e-04
18                                    -1.0498359637803082e-02         2.4310886730021838e-02         1.2463606373933633e-02        -1.2439621742587181e-01         1.1503403487338110e-01         3.8927368531306739e-02         1.0635229360457615e-02        -2.1600097740164526e-02
19                                     1.0892803665703624e-03         6.6434139184148172e-04         1.8235212286080290e-04         1.0656831455471198e-01        -2.1127235538163003e-01        -6.0655924067201210e-02         9.5827139871863601e-03        -3.1809154103119242e-02
20                                    -6.5277206963527019e-03         1.1035185419368017e-02         3.8293562222987167e-03         4.0864377029604312e-02        -6.6703442475243874e-02        -7.6796399821338984e-02        -5.8777514210433682e-03         1.2208247748638105e-02
21                                    -2.1019335874050173e-04        -9.6248338552476736e-04        -3.4247379263238502e-02        -5.1762802275353792e-02         4.4798078812471054e-03         1.0510793566029335e-02        -4.6070702615984820e-03        -1.0021939886332518e-02
22                                     2.3304219935921661e-03         8.6504082702927934e-04        -1.5640994650600417e-03         5.4473207901264940e-03        -5.2141360315719996e-02        -1.3309507772663187e-02        -1.1425589592257125e-02        -9.9081727720095325e-03
23                                     1.8746095650180108e-03        -3.7620583293922452e-03        -1.6186214266703594e-02         9.9101519088562670e-03        -1.1897573322069262e-02        -2.9074050788050820e-01         7.0795958565394411e-03         1.1952285695314570e-02
24                                     9.0706019408108010e-04        -5.3986353157266121e-03        -1.3365724975157051e-03         1.0762948278018757e-02        -2.3142079251456383e-02        -3.9517197166700178e-03        -1.7922238488425685e-01         2.2887485341538399e-01
25                                     5.2396074463118697e-04         1.1977432498278635e-04        -1.1254754079757651e-03         1.6710761620770835e-02        -3.4136897531835270e-02        -7.5036719194242086e-03         1.8457727097686016e-01        -3.3959350763005647e-01
26                                     5.1809088581949037e-04        -9.7012514260469852e-04         9.0489524929288252e-04        -5.6397338056353068e-03         1.4735959401721142e-02         2.3747627607893142e-03         7.7157256619172693e-02        -9.7826785429524388e-02
27                                    -4.7273289823197145e-03         1.3752789638618920e-03         2.4409026994736075e-02         2.5352513830492122e-04        -6.9193892430099459e-04         3.3051658707311683e-03        -2.0380284389605037e-04        -1.1923383071998418e-04
28                                     8.4844663955492249e-03        -4.1432553363272163e-03        -3.9267495269349598e-02         2.4933564624775740e-04         1.5583987025701747e-03        -4.0242565910244069e-04        -8.0943620903517650e-04        -9.8341503214338655e-04
29                                    -5.1916218615118137e-05         1.8799338648939068e-03        -1.3157157797202709e-02        -1.7708023678770493e-05         1.4427991802035301e-03         3.7265917630508408e-03        -1.9478673228026742e-04         1.8808743548675254e-04
                                                         8                           9                          10                          11                          12                          13                          14                          15

0                                     -3.7282238191196498e-03        -1.0148659790259018e-01         6.1174303615065428e-02         2.9779049234579816e-02        -1.1483104194824363e-01        -1.0037721196196886e-01         3.7234609617130210e-02        -5.0821131132400832e-02
1                                     -7.6325601329955972e-03         6.3978945895866418e-02        -1.6809724027398132e-01        -3.8585685412232125e-02        -1.0269004286490049e-01        -2.0916790013197339e-01         6.4170938281303075e-02        -3.4134560636700263e-03
2                                      7.3798330824892469e-03         5.6683649362416003e-03         1.0422040393664490e-03        -1.0230113127440496e-01         3.6704327664332632e-02         6.0861479870587112e-02        -8.0647134296367162e-02         1.0207499249248766e-02
3                                      3.6088099493279548e-02        -2.7731599235514017e-02         1.1036086277183228e-02        -5.1012429691538325e-03        -9.3979658837389807e-03        -2.1092113461675735e-03        -7.3654653852120409e-03         6.9511269048401058e-04
4                                      2.4069342392159465e-02         4.0283344771314629e-02        -1.7973396814349517e-02         9.2537286076999799e-03        -2.5076307176056287e-02        -5.8432951962988314e-04        -1.0864210306333789e-02         1.5649725331564465e-03
5                                     -8.8127204482867594e-02         1.3361976039920715e-02        -5.7242420277938966e-03         3.6590287225182622e-03         1.3505518294068370e-02         1.7712781736914148e-03         3.9901798485102793e-03        -3.4030119785459639e-02
6                                     -1.2304165276148388e-01         2.5276830557010108e-03        -8.0809763104600454e-04         7.5373266125861559e-04        -7.9726507615812577e-03         1.6262034422577162e-05        -2.8804781161309969e-03         3.1662286412193607e-03
7                                      3.0640743895289698e-02         2.2420020746739986e-03         7.1152353525411110e-03         3.6773880988034621e-04        -2.7404465362651370e-03         1.6633600057400309e-03        -6.8675956577646810e-04         1.1311693754334170e-03
8                                      1.2012667939354037e-01         2.4755891405092495e-04         3.8876292688646901e-04         1.7512159914999685e-03        -3.4221136744456227e-03        -3.4485172214275030e-04         7.5571092642394899e-04         2.5250243159852508e-03
9                                      2.4755891405092495e-04         1.4883734046391622e-01        -1.2251762431360332e-01        -9.1455803695737747e-02         8.4391539721064193e-03        -6.2595180716878279e-04        -2.8007325559143616e-03        -4.1922418683420374e-03
10                                     3.8876292688646901e-04        -1.2251762431360332e-01         2.5083057950050430e-01         1.3354892557625784e-02         2.5098191732973084e-02        -3.4193301508207097e-02        -1.2147271893869977e-02         5.4097126830026073e-03
11                                     1.7512159914999685e-03        -9.1455803695737747e-02         1.3354892557625784e-02         5.9812477380802742e-01        -4.5442046008812654e-03         1.1068884603924970e-03         5.4468273656206765e-03         2.2587834520428174e-02
12                                    -3.4221136744456227e-03         8.4391539721064193e-03         2.5098191732973084e-02        -4.5442046008812654e-03         1.2116284383117090e-01         1.0442004308637540e-01        -4.0700107866428664e-02         3.3841436773749886e-04
13                                    -3.4485172214275030e-04        -6.2595180716878279e-04        -3.4193301508207097e-02         1.1068884603924970e-03         1.0442004308637540e-01         2.4067365412359540e-01        -6.5070087699297396e-02        -1.0458745325046112e-03
14                                     7.5571092642394899e-04        -2.8007325559143616e-03        -1.2147271893869977e-02         5.4468273656206765e-03        -4.0700107866428664e-02        -6.5070087699297396e-02         7.5951646988396002e-02         1.6051566780233274e-02
15                                     2.5250243159852508e-03        -4.1922418683420374e-03         5.4097126830026073e-03         2.2587834520428174e-02         3.3841436773749886e-04        -1.0458745325046112e-03         1.6051566780233274e-02         5.6809532842996668e-02
16                                    -6.7889683813961198e-04         7.7849620515751559e-03        -5.4460588148468724e-03        -3.4795770671328927e-02        -2.7411480325258792e-04         1.0109971289061171e-03         2.4948925273423753e-02        -6.2374255306513532e-03
17                                     2.4067221338975181e-03         4.3099247090720438e-03        -4.9315978758357089e-03        -8.6581682278721352e-03        -3.2662281255487619e-04         9.2652913601558307e-04        -6.8684635457115072e-03        -1.5763724809543578e-02
18                                    -4.5148480573103224e-03        -7.8874576349924168e-03         1.9974204972291083e-03        -2.9069073218900331e-03         3.6995861919617685e-04        -9.6784685346659478e-04         5.2178521839798251e-04         1.1954385367215154e-03
19                                    -4.0862854389376868e-03        -8.3917101632501045e-04         1.7916843297476615e-03        -2.7731645620818896e-04         7.2608930924372489e-04         3.2561341943372450e-04         4.5054790894005032e-04         1.0573289478571274e-04
20                                     4.8091658918766192e-03        -3.2294837002955672e-03         1.2203792349515280e-03         6.5231479500293087e-04         6.4896037833738515e-04        -3.8527639907845468e-04         3.5308600371550237e-04         7.0700851518684530e-04
21                                     2.1459389937179482e-02         3.4522550859973542e-03        -1.5120245278909964e-03         7.8771176176569671e-04         1.2814922443792199e-03        -4.5509344450573750e-05         9.9507204284273246e-04        -5.5318477035352078e-03
22                                     3.3088366628136523e-02        -9.8380433466211531e-04         6.4491962989029919e-04         1.0755825218602803e-03         4.7689256040205487e-04        -3.0199732141133920e-05        -1.4476208070970215e-04        -7.8340803875696463e-04
23                                    -7.1956074480718189e-03         5.0569706947435449e-04         9.1161618944125920e-04         3.5121720294415838e-03        -1.0419755632377677e-03        -1.9898380957096735e-04         2.5418258379491859e-04        -2.5121108557264278e-03
24                                     7.5629533029371782e-02         2.1685006782231602e-03         3.3808840557738411e-03         7.4152683996672655e-04        -3.5755807011853772e-04         9.0925900664264904e-04         8.7508633247700618e-05        -2.0505339599639270e-04
25                                    -7.5261621221673083e-02         1.2167581911971879e-03         5.5900432108313934e-04         9.8406599913192574e-05         8.6688271933308401e-04         9.8924438426491960e-05         7.6217945889151461e-05        -2.8267122894635213e-04
26                                    -4.1308165493886745e-02        -3.7555787772586692e-04        -4.1655188436900926e-04        -1.8510006292529425e-03         2.2932102748441676e-04         1.8669051641084008e-04        -1.9911312924010121e-04        -3.1444978861022694e-04
27                                    -1.1361707506738993e-03        -2.4127036614505520e-02         1.6784278269746530e-02         4.9453954024300445e-02         9.6735362909219609e-04        -1.8086325175416381e-04        -1.1346284709887063e-03        -1.4544529788845790e-03
28                                     3.0013154419804592e-06         9.4174078286983140e-03        -3.5231425722381714e-02         4.8429606165963486e-02        -8.0028305781233364e-04         2.0318177584977698e-04        -7.5693747470970303e-04         3.5346077993682261e-03
29                                    -5.9834999490148712e-04         7.3672405706277325e-02         6.2737375500307724e-03        -5.0033603258058079e-01        -1.0622327438517360e-03         1.1697330841331614e-03         9.6307725485746554e-04         6.4327650088710601e-04
                                                        16                          17                          18                          19                          20                          21                          22                          23

0                                     -4.2664258545081933e-03         1.3191108475320904e-02        -1.0498359637803082e-02         1.0892803665703624e-03        -6.5277206963527019e-03        -2.1019335874050173e-04         2.3304219935921661e-03         1.8746095650180108e-03
1                                     -5.0885077428474305e-02         5.9039789496749366e-03         2.4310886730021838e-02         6.6434139184148172e-04         1.1035185419368017e-02        -9.6248338552476736e-04         8.6504082702927934e-04        -3.7620583293922452e-03
2                                      1.6347686585192922e-02        -3.1131198927758702e-01         1.2463606373933633e-02         1.8235212286080290e-04         3.8293562222987167e-03        -3.4247379263238502e-02        -1.5640994650600417e-03        -1.6186214266703594e-02
3                                     -1.3247748768006238e-03         2.0056046399882441e-04        -1.2439621742587181e-01         1.0656831455471198e-01         4.0864377029604312e-02        -5.1762802275353792e-02         5.4473207901264940e-03         9.9101519088562670e-03
4                                      3.5627961861788363e-04         2.6258199474701455e-03         1.1503403487338110e-01        -2.1127235538163003e-01        -6.6703442475243874e-02         4.4798078812471054e-03        -5.2141360315719996e-02        -1.1897573322069262e-02
5                                     -8.0026027297359220e-05        -1.4475850202790989e-02         3.8927368531306739e-02        -6.0655924067201210e-02        -7.6796399821338984e-02         1.0510793566029335e-02        -1.3309507772663187e-02        -2.9074050788050820e-01
6                                      8.4781608242200546e-04         1.0924144102785610e-03         1.0635229360457615e-02         9.5827139871863601e-03        -5.8777514210433682e-03        -4.6070702615984820e-03        -1.1425589592257125e-02         7.0795958565394411e-03
7                                      5.4932486240879424e-04        -6.3142038181287184e-04        -2.1600097740164526e-02        -3.1809154103119242e-02         1.2208247748638105e-02        -1.0021939886332518e-02        -9.9081727720095325e-03         1.1952285695314570e-02
8                                     -6.7889683813961198e-04         2.4067221338975181e-03        -4.5148480573103224e-03        -4.0862854389376868e-03         4.8091658918766192e-03         2.1459389937179482e-02         3.3088366628136523e-02        -7.1956074480718189e-03
9                                      7.7849620515751559e-03         4.3099247090720438e-03        -7.8874576349924168e-03        -8.3917101632501045e-04        -3.2294837002955672e-03         3.4522550859973542e-03        -9.8380433466211531e-04         5.0569706947435449e-04
10                                    -5.4460588148468724e-03        -4.9315978758357089e-03         1.9974204972291083e-03         1.7916843297476615e-03         1.2203792349515280e-03        -1.5120245278909964e-03         6.4491962989029919e-04         9.1161618944125920e-04
11                                    -3.4795770671328927e-02        -8.6581682278721352e-03        -2.9069073218900331e-03        -2.7731645620818896e-04         6.5231479500293087e-04         7.8771176176569671e-04         1.0755825218602803e-03         3.5121720294415838e-03
12                                    -2.7411480325258792e-04        -3.2662281255487619e-04         3.6995861919617685e-04         7.2608930924372489e-04         6.4896037833738515e-04         1.2814922443792199e-03         4.7689256040205487e-04        -1.0419755632377677e-03
13                                     1.0109971289061171e-03         9.2652913601558307e-04        -9.6784685346659478e-04         3.2561341943372450e-04        -3.8527639907845468e-04        -4.5509344450573750e-05        -3.0199732141133920e-05        -1.9898380957096735e-04
14                                     2.4948925273423753e-02        -6.8684635457115072e-03         5.2178521839798251e-04         4.5054790894005032e-04         3.5308600371550237e-04         9.9507204284273246e-04        -1.4476208070970215e-04         2.5418258379491859e-04
