*************************************************
******************* ORCA 6.0.0 ******************
*************************************************
$Calculation_Status
   &GeometryIndex 1
   &ListStatus       OUT
   &VERSION [&Type "String"] "6.0.0"
   &PROGNAME [&Type "String"] "LeanSCF"
   &STATUS [&Type "String"] "NORMAL TERMINATION"
$End
$Geometry
   &GeometryIndex 1
   &ListStatus       OUT
   &NATOMS [&Type "Integer"] 10
   &NCORELESSECP [&Type "Integer"] 0
   &NGHOSTATOMS [&Type "Integer"] 0
   &CartesianCoordinates [&Type "Coordinates", &Dim(10,4), &Units "Bohr"] 
              C     -1.343348498292   -1.115573330523   -0.529277985535
              C      1.321806159504   -1.221356819158    0.505748176041
              O      2.604742652519    0.973217460658   -0.442777154467
              O     -2.664515638967    1.056247157726    0.345858219760
              H     -2.405447754429   -2.769765936081    0.117136854021
              H     -1.270766292752   -1.160518905137   -2.610009175257
              H      2.259125155145   -2.967023175741   -0.132014475311
              H      1.260653061841   -1.202347624048    2.582647307866
              H      4.141159257482    1.201737768607    0.499901196142
              H     -1.594191175977    2.485016021050   -0.030102128645
$End
$SCF_Energy
   &GeometryIndex 1
   &ListStatus       OUT
   &SCF_ENERGY [&Type "Double"]      -2.3025270868231840e+02
$End
$DFT_Energy
   &GeometryIndex 1
   &ListStatus       OUT
   &NALPHAEL [&Type "Integer"] 17
   &NBETAEL [&Type "Integer"] 17
   &NTOTALEL [&Type "Integer"] 34
   &EEXCHANGE [&Type "Double"]       0.0000000000000000e+00
   &ECORR [&Type "Double"]       0.0000000000000000e+00
   &ECNL [&Type "Double"]       0.0000000000000000e+00
   &EXC [&Type "Double"]      -1.4561177087877590e+01
   &EEMBED [&Type "Double"]       0.0000000000000000e+00
   &FINALEN [&Type "Double"]      -2.3025270868231840e+02  "No Van der Waals correction"
$End
$Mulliken_Population_Analysis
   &GeometryIndex 1
   &ListStatus       OUT
   &NATOMS [&Type "Integer"] 10
   &ATNO [&Type "ArrayOfIntegers", &Dim (10,1)] 
                                                         0

0                                                        6
1                                                        6
2                                                        8
3                                                        8
4                                                        1
5                                                        1
6                                                        1
7                                                        1
8                                                        1
9                                                        1
   &ATOMICCHARGES [&Type "ArrayOfDoubles", &Dim (10,1)] 
                                                         0

0                                     -4.4017410679511038e-02
1                                     -1.1130691656759684e-01
2                                     -4.9209751804153612e-01
3                                     -4.8068116484808243e-01
4                                      1.1933462469098188e-01
5                                      1.2146966692860972e-01
6                                      1.1165276466540097e-01
7                                      1.3037881746575541e-01
8                                      3.2150162575304786e-01
9                                      3.2376551063299064e-01
$End
$Loewdin_Population_Analysis
   &GeometryIndex 1
   &ListStatus       OUT
   &NATOMS [&Type "Integer"] 10
   &ATNO [&Type "ArrayOfIntegers", &Dim (10,1)] 
                                                         0

0                                                        6
1                                                        6
2                                                        8
3                                                        8
4                                                        1
5                                                        1
6                                                        1
7                                                        1
8                                                        1
9                                                        1
   &ATOMICCHARGES [&Type "ArrayOfDoubles", &Dim (10,1)] 
                                                         0

0                                     -3.5688435190222911e-01
1                                     -3.5773342800165420e-01
2                                     -6.7624310054522851e-02
3                                     -5.5651477559273133e-02
4                                      1.2998829992239636e-01
5                                      1.2137247942857110e-01
6                                      1.1946213082837387e-01
7                                      1.1980617214737022e-01
8                                      1.7189307856795732e-01
9                                      1.7537140662306028e-01
$End
$Mayer_Population_Analysis
   &GeometryIndex 1
   &ListStatus       OUT
   &NATOMS [&Type "Integer"] 10 "Total number of atoms"
   &BONDTHRESH [&Type "Double"]       1.0000000000000001e-01  "The threshold for printing"
   &NBONDORDERSPRINT [&Type "Integer"] 9 "The number of bond orders larger than threshold"
   &BONDORDERS [&Type "ArrayOfDoubles", &Dim (9,1)] "The bond orders"
                                                         0

0                                      9.7331250084190135e-01
1                                      9.6768753872428936e-01
2                                      9.6375461890985059e-01
3                                      9.6980692891424991e-01
4                                      9.7728308836456812e-01
5                                      9.6579105134863619e-01
6                                      9.6810847778733933e-01
7                                      8.9509361601152071e-01
8                                      8.8001505097610244e-01
   &COMPONENTS [&Type "ArrayOfIntegers", &Dim (9,4)] "The indices and atomic numbers of the bonding atoms"
                                                         0                           1                           2                           3

0                                                        0                           6                           1                           6
1                                                        0                           6                           3                           8
2                                                        0                           6                           4                           1
3                                                        0                           6                           5                           1
4                                                        1                           6                           2                           8
5                                                        1                           6                           6                           1
6                                                        1                           6                           7                           1
7                                                        2                           8                           8                           1
8                                                        3                           8                           9                           1
   &ATNO [&Type "ArrayOfIntegers", &Dim (10,1)] "Atomic number of the elements"
                                                         0

0                                                        6
1                                                        6
2                                                        8
3                                                        8
4                                                        1
5                                                        1
6                                                        1
7                                                        1
8                                                        1
9                                                        1
   &NA [&Type "ArrayOfDoubles", &Dim (10,1)] "Mulliken gross atomic population"
                                                         0

0                                      6.0440174106795048e+00
1                                      6.1113069165675968e+00
2                                      8.4920975180414793e+00
3                                      8.4806811648481144e+00
4                                      8.8066537530901623e-01
5                                      8.7853033307138984e-01
6                                      8.8834723533459836e-01
7                                      8.6962118253424425e-01
8                                      6.7849837424695303e-01
9                                      6.7623448936700947e-01
   &ZA [&Type "ArrayOfDoubles", &Dim (10,1)] "Total nuclear charge"
                                                         0

0                                      6.0000000000000000e+00
1                                      6.0000000000000000e+00
2                                      8.0000000000000000e+00
3                                      8.0000000000000000e+00
4                                      1.0000000000000000e+00
5                                      1.0000000000000000e+00
6                                      1.0000000000000000e+00
7                                      1.0000000000000000e+00
8                                      1.0000000000000000e+00
9                                      1.0000000000000000e+00
   &QA [&Type "ArrayOfDoubles", &Dim (10,1)] "Mulliken gross atomic charge"
                                                         0

0                                     -4.4017410679504820e-02
1                                     -1.1130691656759684e-01
2                                     -4.9209751804147928e-01
3                                     -4.8068116484811441e-01
4                                      1.1933462469098377e-01
5                                      1.2146966692861016e-01
6                                      1.1165276466540164e-01
7                                      1.3037881746575575e-01
8                                      3.2150162575304697e-01
9                                      3.2376551063299053e-01
   &VA [&Type "ArrayOfDoubles", &Dim (10,1)] "Mayer's total valence"
                                                         0

0                                      3.8404801129538448e+00
1                                      3.9208760425488225e+00
2                                      1.8574706158978633e+00
3                                      1.8851601027159688e+00
4                                      9.5561414840825210e-01
5                                      9.5461956345748000e-01
6                                      9.5206985093446006e-01
7                                      9.4731266804045244e-01
8                                      9.0911932221667469e-01
9                                      9.1713610466333162e-01
   &BVA [&Type "ArrayOfDoubles", &Dim (10,1)] "Mayer's bonded valence"
                                                         0

0                                      3.8404801129538004e+00
1                                      3.9208760425487474e+00
2                                      1.8574706158979730e+00
3                                      1.8851601027159912e+00
4                                      9.5561414840824366e-01
5                                      9.5461956345748922e-01
6                                      9.5206985093444918e-01
7                                      9.4731266804044956e-01
8                                      9.0911932221666669e-01
9                                      9.1713610466332829e-01
   &FA [&Type "ArrayOfDoubles", &Dim (10,1)] "Mayer's free valence"
                                                         0

0                                      0.0000000000000000e+00
1                                      0.0000000000000000e+00
2                                      0.0000000000000000e+00
3                                      0.0000000000000000e+00
4                                      0.0000000000000000e+00
5                                      0.0000000000000000e+00
6                                      0.0000000000000000e+00
7                                      0.0000000000000000e+00
8                                      0.0000000000000000e+00
9                                      0.0000000000000000e+00
$End
$Calculation_Info
   &GeometryIndex 1
   &ListStatus       OUT
   &MULT [&Type "Integer"] 1
   &CHARGE [&Type "Integer"] 0
   &NUMOFATOMS [&Type "Integer"] 10
   &NUMOFELECTRONS [&Type "Integer"] 34
   &NUMOFFCELECTRONS [&Type "Integer"] 1
   &NUMOFCORRELECTRONS [&Type "Integer"] 0
   &NUMOFBASISFUNCTS [&Type "Integer"] 160
   &NUMOFAUXCBASISFUNCTS [&Type "Integer"] 0
   &NUMOFAUXJBASISFUNCTS [&Type "Integer"] 262
   &NUMOFAUXJKBASISFUNCTS [&Type "Integer"] 0
   &NUMOFCABSBASISFUNCTS [&Type "Integer"] 0
   &TOTALENERGY [&Type "Double"]      -2.3025270868231840e+02  "Hartrees"
$End
$SCF_Dipole_Moment
   &GeometryIndex 1
   &ListStatus       OUT
   &METHOD [&Type "String"] "SCF"
   &LEVEL [&Type "String"] "Relaxed density"
   &MULT [&Type "Integer"] 1
   &STATE [&Type "Integer"] -1
   &IRREP [&Type "Integer"] 0
   &NATOMS [&Type "Integer"] 10
   &DODIPOLEATOM [&Type "Boolean"] false
   &DIPOLEELECCONTRIB [&Type "ArrayOfDoubles", &Dim (3,1)] "Electronic contribution"
                                                         0

0                                     -2.3644579096038418e-01
1                                      1.7919384911968965e+00
2                                     -5.6835589866423668e-02
   &DIPOLENUCCONTRIB [&Type "ArrayOfDoubles", &Dim (3,1)] "Nuclear contribution"
                                                         0

0                                      1.1287069146354649e+00
1                                     -2.1726535610902360e+00
2                                      2.7915848589866643e-01
   &DIPOLETOTAL [&Type "ArrayOfDoubles", &Dim (3,1)] "Total"
                                                         0

0                                      8.9226112367508070e-01
1                                     -3.8071506989333948e-01
2                                      2.2232289603224276e-01
   &DIPOLEMAGNITUDE [&Type "Double", &Units "a.u."]       9.9523934174949669e-01
$End
$THERMOCHEMISTRY_Energies
   &GeometryIndex 1
   &ListStatus       OUT
   &TEMPERATURE [&Type "Double"]       2.9814999999999998e+02
   &PRESSURE [&Type "Double"]       1.0000000000000000e+00
   &TOTALMASS [&Type "Double"]       6.2068000000000005e+01
   &SPINDEGENERACY [&Type "Integer"] 1
   &ELENERGY [&Type "Double"]      -2.3025270868231840e+02
   &TRANSENERGY [&Type "Double"]       1.4162714244859817e-03
   &ROTENERGY [&Type "Double"]       1.4162714244859817e-03
   &VIBENERGY [&Type "Double"]       1.9980986464220299e-03
   &NUMOFFREQS [&Type "Integer"] 30
   &FREQSCALINGFACTOR [&Type "Double"]       1.0000000000000000e+00
   &FREQ [&Type "ArrayOfDoubles", &Dim (30,1)] "In cm^-1"
                                                         0

0                                      0.0000000000000000e+00
1                                      0.0000000000000000e+00
2                                      0.0000000000000000e+00
3                                      0.0000000000000000e+00
4                                      0.0000000000000000e+00
5                                      0.0000000000000000e+00
6                                      2.0058739667299704e+02
7                                      3.3151187954793949e+02
8                                      3.5178498138909390e+02
9                                      4.6769488168004432e+02
10                                     5.4385695420378704e+02
11                                     8.9178293958724339e+02
12                                     9.1299825458241753e+02
13                                     1.0649353453189617e+03
14                                     1.0948928052194854e+03
15                                     1.1280064374143558e+03
16                                     1.1885755848456922e+03
17                                     1.2762640571658421e+03
18                                     1.3014709681980810e+03
19                                     1.3893452396442126e+03
20                                     1.4266980555354025e+03
21                                     1.4622467135554832e+03
22                                     1.5113896956806784e+03
23                                     1.5200275671532443e+03
24                                     2.9903381586125893e+03
25                                     2.9931152387413604e+03
26                                     3.0426523496450236e+03
27                                     3.0889454013085610e+03
28                                     3.8206725547158967e+03
29                                     3.8766655234185514e+03
   &ZPE [&Type "Double"]       8.6288922778480534e-02
   &INNERENERGYU [&Type "Double"]      -2.3016158911804450e+02
   &ENTHALPYH [&Type "Double"]      -2.3016064490900226e+02
   &QEL [&Type "Double"]       0.0000000000000000e+00
   &QROT [&Type "Double"]       1.1507762447902989e-02
   &QVIB [&Type "Double"]       3.0835150487985926e-03
   &QTRANS [&Type "Double"]       1.8195766153547958e-02
   &ENTROPYS [&Type "Double"]       3.2787043650249537e-02
   &FREEENERGYG [&Type "Double"]      -2.3019343195265250e+02
   &ISLINEAR [&Type "Boolean"] false
$End
$Hessian
   &GeometryIndex 1
   &ListStatus       OUT
   &HESSIAN [&Type "ArrayOfDoubles", &Dim (30,30)] "The Hessian"
                                                         0                           1                           2                           3                           4                           5                           6                           7

0                                      5.0962006819532302e-01         7.1598702717008342e-02        -2.0617808495571696e-02        -1.7952572007016032e-01        -8.8969196828239012e-03        -4.9631230856647356e-02        -3.0826837820688645e-02        -8.9671503160802454e-03
1                                      7.1598702717008342e-02         5.6796060383270031e-01        -3.3999296961462463e-02         1.6055147431303658e-02        -7.1687167519861511e-02         6.2339413994665013e-03        -4.0621421363681298e-02        -1.2816419287246307e-02
2                                     -2.0617808495571696e-02        -3.3999296961462463e-02         5.7592948165232494e-01        -5.4319739857162888e-02        -1.8925016851993048e-03        -1.0952611279336141e-01         1.5530359361946883e-02         2.6993357009286907e-03
3                                     -1.7952572007016032e-01         1.6055147431303658e-02        -5.4319739857162888e-02         5.0203233299884475e-01        -5.0795561298009696e-02         6.4669931246179035e-03        -1.0690283718292486e-01        -4.0840814325956903e-02
4                                     -8.8969196828239012e-03        -7.1687167519861511e-02        -1.8925016851993048e-03        -5.0795561298009696e-02         5.2787615503761010e-01         3.5658976319143436e-02        -6.4222179702505475e-02        -1.7012018498574052e-01
5                                     -4.9631230856647356e-02         6.2339413994665013e-03        -1.0952611279336141e-01         6.4669931246179035e-03         3.5658976319143436e-02         5.9026393008990108e-01         2.3291025458783206e-02         6.1810111678437502e-02
6                                     -3.0826837820688645e-02        -4.0621421363681298e-02         1.5530359361946883e-02        -1.0690283718292486e-01        -6.4222179702505475e-02         2.3291025458783206e-02         5.1197075558828853e-01         1.5268894156054341e-01
7                                     -8.9671503160802454e-03        -1.2816419287246307e-02         2.6993357009286907e-03        -4.0840814325956903e-02        -1.7012018498574052e-01         6.1810111678437502e-02         1.5268894156054341e-01         2.5514620346411415e-01
8                                     -6.2092777453059914e-03        -1.2563200742411764e-02         7.7825300380756027e-03        -2.7020864680693188e-03         3.9729206724739063e-02        -1.0171996426035022e-01         2.1023265623351628e-01        -6.0718457117312732e-02
9                                     -1.2046671378097434e-01         2.9072561833501834e-02         3.2751521156382496e-02        -2.5789510992122358e-02         3.9780481172165302e-02         1.4792471140060919e-02         1.2324154803651441e-03         1.0999827921458478e-03
10                                     7.3201880829905613e-02        -1.8407543145485938e-01        -4.9389582072144847e-02         1.3448862412714490e-02        -2.0588768437817234e-02        -4.8068267851686976e-03        -1.9548539873960272e-03         5.3997246363769458e-03
11                                     3.8556793319329291e-02        -3.3380862767618091e-02        -9.1576017044914804e-02        -2.4320351004348956e-03         6.6951707062011256e-03         6.2762395516727520e-03        -1.5887624061126883e-04         4.1189797554747260e-04
12                                    -1.2699702168356977e-01        -1.1263934050858138e-01         4.3265423229450026e-02        -1.0355706931600338e-02        -2.4004092106347134e-02         1.3538968021973099e-02        -7.4982779928292539e-03        -4.9367795137654491e-04
13                                    -1.0476222591161319e-01        -2.0311020528973067e-01         6.5715737103212976e-02        -9.7508924990463708e-04         1.0773369899363264e-03        -5.4128826587388824e-04         1.1703475278228796e-03         1.5122816523741867e-03
14                                     4.6486464647535052e-02         7.2366744002961655e-02        -8.2392322299452536e-02        -6.6747986782944128e-03        -1.0359756689340601e-02         3.4341552509928033e-03        -2.9545761310070928e-03        -4.1420804202419045e-04
15                                    -5.2505345490403664e-02        -3.3966212124707908e-03         4.3239516988733302e-03        -1.7223786759979799e-03         1.3135765623384010e-03        -3.4805947998431522e-02         2.9678939642884521e-03         6.7714485717539291e-04
16                                    -4.5422893149940635e-03        -5.2768354761938294e-02         9.2608187627430567e-03        -1.8885700715530361e-03         1.1207437025427154e-03         1.8977546872727062e-03         7.5378539177484876e-04         6.6566061181244694e-04
17                                     2.4435220965522836e-03         6.1378256592450661e-03        -2.9128748256981585e-01        -2.1820849839783441e-04         2.6417539395093450e-03        -1.4775663405040308e-02         5.3926352046419247e-04        -4.4998635889717206e-04
18                                    -8.2734419937020610e-03         2.5159175081320304e-02         1.4331520625906223e-02        -1.1003298666828182e-01         9.6992256245572034e-02         3.4697062306562713e-02         8.4579850149270764e-03        -2.2567141308580535e-02
19                                     1.5599382869012635e-03        -5.8841535763893421e-04        -1.1708984181875552e-03         9.4618214788492083e-02        -2.0702781406470758e-01        -6.6561876548025423e-02         1.4955139853791571e-04        -3.3885092181394974e-02
20                                    -5.7458055694138283e-03         1.0023827143023648e-02         3.5539218704340927e-03         3.8128639184000404e-02        -6.8267774846590065e-02        -8.3709852938135432e-02        -5.0228941184179681e-03         1.5549033932569355e-02
21                                    -3.1604914752842231e-04        -2.3295483711270534e-03        -3.4763129730855311e-02        -5.2895635376418504e-02         3.5832169030369961e-03         3.9540265666184573e-03        -3.5101485119683543e-03        -9.0956690450394971e-03
22                                     1.1714975444158185e-03        -1.8090739794191305e-06        -6.6862061700656127e-04         1.8597505137817076e-03        -5.3608681942889917e-02        -1.7008206460982625e-02        -8.3017838823114237e-03        -1.0126656941264953e-02
23                                    -1.3984465619999026e-04        -2.9467154479465695e-03        -1.4018222520234259e-02         3.7532659664839471e-03        -1.0862594293354372e-02        -2.9768318818215767e-01         5.6449949834623528e-03         8.3632204824535122e-03
24                                    -2.2272849759020982e-03        -4.0925550140225031e-03         2.3234486036603427e-03        -1.5754302000613570e-02         2.8159465291386146e-04        -1.1303652899412134e-02        -3.7658785120946292e-01        -7.0560539764327315e-02
25                                    -1.7865127523856682e-03        -6.1644427733484808e-03         2.7025616391240389e-03        -3.0923139576984872e-02        -6.8953891569128161e-03        -1.7840095388603663e-02        -3.8482630563978416e-02        -3.5678354867856893e-02
26                                     1.6636411510722047e-03         2.8174999168497617e-03        -1.2264237316819567e-03         1.7330696144804529e-02         5.7454429464564704e-03         6.1277715501959224e-03        -2.4750881927577034e-01        -2.6227850842938476e-02
27                                     1.1518346767606344e-02         2.1267639705595406e-02        -2.8703975196330694e-03         9.4674489927506383e-04         6.0086864369466577e-03        -1.0302948188254946e-03         6.9690267000477443e-04        -2.0106578585261190e-03
28                                    -1.8650661699180494e-02        -3.6748358314097229e-02         6.8026739401579371e-03        -5.9985980716984605e-04        -1.4622962215954946e-04         1.1913310373995890e-03        -1.1101750187838978e-03        -9.7162101174103413e-05
29                                    -6.7616029643463001e-03        -1.4749989594273705e-02         2.7606473986260798e-03         6.9785413715276953e-04         8.7825520536946155e-04         1.3126851362825105e-03         2.9362475369569801e-04        -9.9025282484103234e-04
                                                         8                           9                          10                          11                          12                          13                          14                          15

0                                     -6.2092777453059914e-03        -1.2046671378097434e-01         7.3201880829905613e-02         3.8556793319329291e-02        -1.2699702168356977e-01        -1.0476222591161319e-01         4.6486464647535052e-02        -5.2505345490403664e-02
1                                     -1.2563200742411764e-02         2.9072561833501834e-02        -1.8407543145485938e-01        -3.3380862767618091e-02        -1.1263934050858138e-01        -2.0311020528973067e-01         7.2366744002961655e-02        -3.3966212124707908e-03
2                                      7.7825300380756027e-03         3.2751521156382496e-02        -4.9389582072144847e-02        -9.1576017044914804e-02         4.3265423229450026e-02         6.5715737103212976e-02        -8.2392322299452536e-02         4.3239516988733302e-03
3                                     -2.7020864680693188e-03        -2.5789510992122358e-02         1.3448862412714490e-02        -2.4320351004348956e-03        -1.0355706931600338e-02        -9.7508924990463708e-04        -6.6747986782944128e-03        -1.7223786759979799e-03
4                                      3.9729206724739063e-02         3.9780481172165302e-02        -2.0588768437817234e-02         6.6951707062011256e-03        -2.4004092106347134e-02         1.0773369899363264e-03        -1.0359756689340601e-02         1.3135765623384010e-03
5                                     -1.0171996426035022e-01         1.4792471140060919e-02        -4.8068267851686976e-03         6.2762395516727520e-03         1.3538968021973099e-02        -5.4128826587388824e-04         3.4341552509928033e-03        -3.4805947998431522e-02
6                                      2.1023265623351628e-01         1.2324154803651441e-03        -1.9548539873960272e-03        -1.5887624061126883e-04        -7.4982779928292539e-03         1.1703475278228796e-03        -2.9545761310070928e-03         2.9678939642884521e-03
7                                     -6.0718457117312732e-02         1.0999827921458478e-03         5.3997246363769458e-03         4.1189797554747260e-04        -4.9367795137654491e-04         1.5122816523741867e-03        -4.1420804202419045e-04         6.7714485717539291e-04
8                                      2.5802471922355935e-01         8.4606067159849821e-04         2.7242955060475735e-04         1.7145102726924596e-03        -4.1302944378284806e-03         2.2578231998850043e-04        -2.6624553295040041e-04         1.8108871805236682e-03
9                                      8.4606067159849821e-04         3.4700405308076510e-01         1.2652412466160623e-01        -1.2484986854841186e-01         1.0893692903145272e-02        -1.1178938764286904e-02        -6.5382724636383139e-03        -2.5976673680271583e-03
10                                     2.7242955060475735e-04         1.2652412466160623e-01         5.6043789018437307e-01        -8.5476124679954094e-03         1.9917350264285788e-02        -3.3587643586109696e-02        -1.2832470626435711e-02         9.3722097602891071e-03
11                                     1.7145102726924596e-03        -1.2484986854841186e-01        -8.5476124679954094e-03         1.1877288529203606e-01        -4.7107047087697734e-03         4.3822540554599408e-03         5.5652804253884030e-03         2.0174994567320116e-02
12                                    -4.1302944378284806e-03         1.0893692903145272e-02         1.9917350264285788e-02        -4.7107047087697734e-03         1.3370989270336950e-01         1.1301495884425689e-01        -4.9088222209734148e-02         1.1433186808189099e-03
13                                     2.2578231998850043e-04        -1.1178938764286904e-02        -3.3587643586109696e-02         4.3822540554599408e-03         1.1301495884425689e-01         2.3551862360519374e-01        -6.9144332454468230e-02        -9.0163366428330219e-04
14                                    -2.6624553295040041e-04        -6.5382724636383139e-03        -1.2832470626435711e-02         5.5652804253884030e-03        -4.9088222209734148e-02        -6.9144332454468230e-02         8.1494522627381355e-02         1.7372953911609930e-02
15                                     1.8108871805236682e-03        -2.5976673680271583e-03         9.3722097602891071e-03         2.0174994567320116e-02         1.1433186808189099e-03        -9.0163366428330219e-04         1.7372953911609930e-02         5.7045680726205562e-02
16                                    -8.3647278521308596e-04         1.0095925133335503e-02        -1.1287516886353167e-02        -3.4936387291221130e-02         8.7714468821421029e-04         1.1655095639873268e-03         2.4112758309407858e-02        -6.1388301561927008e-03
17                                     1.6778443083760213e-03         6.5141911347445444e-03        -1.2059920431264855e-02        -6.8841596831776056e-03        -6.6883870930700001e-04         1.1256862098815504e-03        -8.8581338299547827e-03        -6.8325797857898083e-03
18                                    -2.7174258301209571e-03        -8.2016259077476658e-03         2.8992142382945271e-03        -3.2329685502869138e-03         3.8796817041074003e-04        -7.5640409460528803e-04         6.8177420358726424e-04         1.3084085063071603e-03
19                                     2.8008614844425572e-04        -1.3544153969016369e-04         1.7536590617193860e-03         3.1174765181087721e-04         7.9643406314791046e-04         3.1681043194850111e-04         3.2436150660834556e-04         1.1667546340239296e-04
20                                     6.6786056146296308e-03        -2.5734574402131597e-03         7.2224296279782465e-04         9.7367680547333357e-04         5.9096244974668087e-04        -4.0420503321485094e-04         2.8252990491773678e-04         6.9945125496842281e-04
21                                     1.9459861059258815e-02         3.2727969211745794e-03        -1.1505816690918031e-03         2.5045556648245503e-03         1.1989190645174497e-03        -1.1209507495253939e-04         6.4574764280863717e-04        -5.8292483409452742e-03
22                                     3.5240019192887120e-02        -7.3691550614664531e-04         6.8255574140251918e-04         8.1818624057167851e-04         1.3088498389831699e-04        -6.8014621133591531e-06        -3.2159724720765768e-04        -5.6551751024089345e-04
23                                    -7.6837463172981773e-03         1.1158463480028091e-03         7.1230655846781822e-04         2.6485863819751391e-03        -5.6701292407473382e-04        -1.1775455854082413e-04         3.5255327556989830e-04        -2.2988087251766126e-03
24                                    -2.1656631462476209e-01         9.4608391490770202e-04        -7.4086915712059682e-04         1.7635960124640722e-04        -9.0834070176562792e-04         3.5664674397234333e-04        -4.7789643147327530e-04         4.7503402571857939e-04
25                                    -1.6075511785324827e-03         1.2899504935730633e-03         6.0175923812683845e-04        -3.4530754896606764e-04        -1.4287011850417990e-03         3.9983981228960855e-04        -5.2632260311205169e-04         3.4939989848637701e-04
26                                    -1.6440793977253385e-01         1.8510096408932367e-04        -2.4202935135847915e-04        -1.4370763194307249e-04         8.4544774876683156e-04         1.3634421653621219e-04         6.4689107523685854e-04         1.0260028054973744e-04
27                                     8.9175415127621879e-05        -2.0629352425148628e-01        -2.4141242434593879e-01         7.3976097478037600e-02        -1.5744442124968287e-03         4.1726792946168087e-03         6.0626837028229775e-04        -2.8569602796459179e-04
28                                    -5.4686697116539812e-05        -1.9591664328375261e-01        -3.1933622849685928e-01         6.4461882680063032e-02         3.8007932565207129e-03        -3.2857517177760105e-03        -3.1349055247070204e-03        -8.3408416907099323e-04
29                                    -1.8003135742004029e-03         7.7752059555141487e-02         8.6300493428644154e-02        -3.7347294369202658e-02         8.6482867810156253e-04        -1.4484942246637792e-03        -2.5923089712931620e-04        -4.8973451513541948e-04
                                                        16                          17                          18                          19                          20                          21                          22                          23

0                                     -4.5422893149940635e-03         2.4435220965522836e-03        -8.2734419937020610e-03         1.5599382869012635e-03        -5.7458055694138283e-03        -3.1604914752842231e-04         1.1714975444158185e-03        -1.3984465619999026e-04
1                                     -5.2768354761938294e-02         6.1378256592450661e-03         2.5159175081320304e-02        -5.8841535763893421e-04         1.0023827143023648e-02        -2.3295483711270534e-03        -1.8090739794191305e-06        -2.9467154479465695e-03
2                                      9.2608187627430567e-03        -2.9128748256981585e-01         1.4331520625906223e-02        -1.1708984181875552e-03         3.5539218704340927e-03        -3.4763129730855311e-02        -6.6862061700656127e-04        -1.4018222520234259e-02
3                                     -1.8885700715530361e-03        -2.1820849839783441e-04        -1.1003298666828182e-01         9.4618214788492083e-02         3.8128639184000404e-02        -5.2895635376418504e-02         1.8597505137817076e-03         3.7532659664839471e-03
4                                      1.1207437025427154e-03         2.6417539395093450e-03         9.6992256245572034e-02        -2.0702781406470758e-01        -6.8267774846590065e-02         3.5832169030369961e-03        -5.3608681942889917e-02        -1.0862594293354372e-02
5                                      1.8977546872727062e-03        -1.4775663405040308e-02         3.4697062306562713e-02        -6.6561876548025423e-02        -8.3709852938135432e-02         3.9540265666184573e-03        -1.7008206460982625e-02        -2.9768318818215767e-01
6                                      7.5378539177484876e-04         5.3926352046419247e-04         8.4579850149270764e-03         1.4955139853791571e-04        -5.0228941184179681e-03        -3.5101485119683543e-03        -8.3017838823114237e-03         5.6449949834623528e-03
7                                      6.6566061181244694e-04        -4.4998635889717206e-04        -2.2567141308580535e-02        -3.3885092181394974e-02         1.5549033932569355e-02        -9.0956690450394971e-03        -1.0126656941264953e-02         8.3632204824535122e-03
8                                     -8.3647278521308596e-04         1.6778443083760213e-03        -2.7174258301209571e-03         2.8008614844425572e-04         6.6786056146296308e-03         1.9459861059258815e-02         3.5240019192887120e-02        -7.6837463172981773e-03
9                                      1.0095925133335503e-02         6.5141911347445444e-03        -8.2016259077476658e-03        -1.3544153969016369e-04        -2.5734574402131597e-03         3.2727969211745794e-03        -7.3691550614664531e-04         1.1158463480028091e-03
10                                    -1.1287516886353167e-02        -1.2059920431264855e-02         2.8992142382945271e-03         1.7536590617193860e-03         7.2224296279782465e-04        -1.1505816690918031e-03         6.8255574140251918e-04         7.1230655846781822e-04
11                                    -3.4936387291221130e-02        -6.8841596831776056e-03        -3.2329685502869138e-03         3.1174765181087721e-04         9.7367680547333357e-04         2.5045556648245503e-03         8.1818624057167851e-04         2.6485863819751391e-03
12                                     8.7714468821421029e-04        -6.6883870930700001e-04         3.8796817041074003e-04         7.9643406314791046e-04         5.9096244974668087e-04         1.1989190645174497e-03         1.3088498389831699e-04        -5.6701292407473382e-04
13                                     1.1655095639873268e-03         1.1256862098815504e-03        -7.5640409460528803e-04         3.1681043194850111e-04        -4.0420503321485094e-04        -1.1209507495253939e-04        -6.8014621133591531e-06        -1.1775455854082413e-04
14                                     2.4112758309407858e-02        -8.8581338299547827e-03         6.8177420358726424e-04         3.2436150660834556e-04         2.8252990491773678e-04         6.4574764280863717e-04        -3.2159724720765768e-04         3.5255327556989830e-04
