
$orca_hessian_file

$act_atom
  0

$act_coord
  0

$act_energy
        0.000000

$multiplicity
  1

$hessian
15
                    0                  1                  2                  3                  4        
    0      2.9196841400E-01  -2.4715114558E-05   3.3235540414E-06  -1.1098475638E-01   1.8023178164E-06
    1     -2.4715114558E-05   5.6740120548E-01   8.5867564413E-05   9.9921017760E-06  -3.4102627320E-02
    2      3.3235540414E-06   8.5867564413E-05   5.6714473595E-01   2.5923098415E-05  -1.0068956491E-05
    3     -1.1098475638E-01   9.9921017760E-06   2.5923098415E-05   1.8693427769E-01  -3.4438546732E-06
    4      1.8023178164E-06  -3.4102627320E-02  -1.0068956491E-05  -3.4438546732E-06   2.3097735351E-02
    5     -3.4438976817E-06  -6.1621864463E-06  -3.4092202449E-02   4.3527084121E-06   8.5056874678E-06
    6     -6.0352724158E-02  -6.2428242716E-03  -7.7771196997E-02  -2.5309391614E-02  -1.7469567446E-03
    7     -6.1000325786E-03  -5.2163526481E-02  -2.0231109279E-02   1.5783855991E-04   9.4116551589E-04
    8     -7.6013344568E-02  -2.0279148540E-02  -3.0322752889E-01   1.9040588565E-03   4.4044977097E-04
    9     -6.0322100603E-02  -6.4258460755E-02   4.4277805427E-02  -2.5316265202E-02  -1.7988366925E-02
   10     -6.2770376339E-02  -2.2294617759E-01   1.1881426799E-01   1.5903694241E-03   4.6487504475E-03
   11      4.3285894822E-02   1.1889838524E-01  -1.3243024107E-01  -1.0955928997E-03  -2.5788605356E-03
   12     -6.0308832855E-02   7.0507834813E-02   3.3466277036E-02  -2.5323864494E-02   1.9736502397E-02
   13      6.8901494942E-02  -2.5818887410E-01  -9.8650066261E-02  -1.7542934213E-03   5.4149760063E-03
   14      3.2725437971E-02  -9.8707833138E-02  -9.7394763542E-02  -8.3307655068E-04   2.1414331908E-03
                    5                  6                  7                  8                  9        
    0     -3.4438976817E-06  -6.0352724158E-02  -6.1000325786E-03  -7.6013344568E-02  -6.0322100603E-02
    1     -6.1621864463E-06  -6.2428242716E-03  -5.2163526481E-02  -2.0279148540E-02  -6.4258460755E-02
    2     -3.4092202449E-02  -7.7771196997E-02  -2.0231109279E-02  -3.0322752889E-01   4.4277805427E-02
    3      4.3527084121E-06  -2.5309391614E-02   1.5783855991E-04   1.9040588565E-03  -2.5316265202E-02
    4      8.5056874678E-06  -1.7469567446E-03   9.4116551589E-04   4.4044977097E-04  -1.7988366925E-02
    5      2.3110064302E-02  -2.1788412927E-02   4.3849045268E-04   6.3746159726E-03   1.2402137929E-02
    6     -2.1788412927E-02   7.5715132961E-02   6.5216416973E-03   8.1344578792E-02   4.9766856444E-03
    7      4.3849045268E-04   6.5216416973E-03   4.7465273063E-02   2.1878887197E-02   8.0792461016E-03
    8      6.3746159726E-03   8.1344578792E-02   2.1878887197E-02   3.1888454366E-01  -4.1906560594E-03
    9      1.2402137929E-02   4.9766856444E-03   8.0792461016E-03  -4.1906560594E-03   7.5691675284E-02
   10     -2.5776540176E-03   1.8434368455E-03   3.6752601345E-03  -3.6878931114E-03   6.7190265374E-02
   11      2.6826859589E-03   8.9142137012E-03   2.3960372855E-02  -1.2848305604E-02  -4.6329405853E-02
   12      9.3797009741E-03   4.9702971669E-03  -8.6384398632E-03  -2.8418596620E-03   4.9700048763E-03
   13      2.1353609067E-03  -3.9555144360E-04   8.1827767916E-05   1.6365013497E-03   6.8087149731E-03
   14      1.9248362156E-03   9.0980400707E-03  -2.6035437893E-02  -9.1833251383E-03  -6.0466110311E-03
                   10                 11                 12                 13                 14        
    0     -6.2770376339E-02   4.3285894822E-02  -6.0308832855E-02   6.8901494942E-02   3.2725437971E-02
    1     -2.2294617759E-01   1.1889838524E-01   7.0507834813E-02  -2.5818887410E-01  -9.8707833138E-02
    2      1.1881426799E-01  -1.3243024107E-01   3.3466277036E-02  -9.8650066261E-02  -9.7394763542E-02
    3      1.5903694241E-03  -1.0955928997E-03  -2.5323864494E-02  -1.7542934213E-03  -8.3307655068E-04
    4      4.6487504475E-03  -2.5788605356E-03   1.9736502397E-02   5.4149760063E-03   2.1414331908E-03
    5     -2.5776540176E-03   2.6826859589E-03   9.3797009741E-03   2.1353609067E-03   1.9248362156E-03
    6      1.8434368455E-03   8.9142137012E-03   4.9702971669E-03  -3.9555144360E-04   9.0980400707E-03
    7      3.6752601345E-03   2.3960372855E-02  -8.6384398632E-03   8.1827767916E-05  -2.6035437893E-02
    8     -3.6878931114E-03  -1.2848305604E-02  -2.8418596620E-03   1.6365013497E-03  -9.1833251383E-03
    9      6.7190265374E-02  -4.6329405853E-02   4.9700048763E-03   6.8087149731E-03  -6.0466110311E-03
   10      2.3203149069E-01  -1.2848975522E-01  -7.6850940725E-03  -1.7409323683E-02   1.5934583065E-02
   11     -1.2848975522E-01   1.3428257931E-01  -4.8883801836E-03  -1.1783691050E-02   8.3132814038E-03
   12     -7.6850940725E-03  -4.8883801836E-03   7.5692395305E-02  -7.3740584162E-02  -3.5029764312E-02
   13     -1.7409323683E-02  -1.1783691050E-02  -7.3740584162E-02   2.7010139400E-01   1.0666457492E-01
   14      1.5934583065E-02   8.3132814038E-03  -3.5029764312E-02   1.0666457492E-01   9.6339971061E-02

$vibrational_frequencies
15
    0        0.0000000000000000
    1        0.0000000000000000
    2        0.0000000000000000
    3        0.0000000000000000
    4        0.0000000000000000
    5        0.0000000000000000
    6      663.0259659131854733
    7     1027.9507764772192786
    8     1028.2211611229408845
    9     1367.9119259786682505
   10     1473.6168319186276676
   11     1473.9233220725050160
   12     3049.2308973150152269
   13     3161.3097674805840143
   14     3162.3054031234091781

$normal_modes
15 15
                    0                  1                  2                  3                  4        
    0      0.0000000000E+00   0.0000000000E+00   0.0000000000E+00   0.0000000000E+00   0.0000000000E+00
    1      0.0000000000E+00   0.0000000000E+00   0.0000000000E+00   0.0000000000E+00   0.0000000000E+00
    2      0.0000000000E+00   0.0000000000E+00   0.0000000000E+00   0.0000000000E+00   0.0000000000E+00
    3      0.0000000000E+00   0.0000000000E+00   0.0000000000E+00   0.0000000000E+00   0.0000000000E+00
    4      0.0000000000E+00   0.0000000000E+00   0.0000000000E+00   0.0000000000E+00   0.0000000000E+00
    5      0.0000000000E+00   0.0000000000E+00   0.0000000000E+00   0.0000000000E+00   0.0000000000E+00
    6      0.0000000000E+00   0.0000000000E+00   0.0000000000E+00   0.0000000000E+00   0.0000000000E+00
    7      0.0000000000E+00   0.0000000000E+00   0.0000000000E+00   0.0000000000E+00   0.0000000000E+00
    8      0.0000000000E+00   0.0000000000E+00   0.0000000000E+00   0.0000000000E+00   0.0000000000E+00
    9      0.0000000000E+00   0.0000000000E+00   0.0000000000E+00   0.0000000000E+00   0.0000000000E+00
   10      0.0000000000E+00   0.0000000000E+00   0.0000000000E+00   0.0000000000E+00   0.0000000000E+00
   11      0.0000000000E+00   0.0000000000E+00   0.0000000000E+00   0.0000000000E+00   0.0000000000E+00
   12      0.0000000000E+00   0.0000000000E+00   0.0000000000E+00   0.0000000000E+00   0.0000000000E+00
   13      0.0000000000E+00   0.0000000000E+00   0.0000000000E+00   0.0000000000E+00   0.0000000000E+00
   14      0.0000000000E+00   0.0000000000E+00   0.0000000000E+00   0.0000000000E+00   0.0000000000E+00
                    5                  6                  7                  8                  9        
    0      0.0000000000E+00  -6.5120789488E-01   9.5144028326E-06  -3.2006058945E-05  -9.6742474626E-02
    1      0.0000000000E+00  -4.1576874714E-05  -1.0300957860E-01   4.6183155983E-02   6.7794984248E-05
    2      0.0000000000E+00  -1.1535743357E-04   4.6189505003E-02   1.0303256623E-01   1.0966421754E-04
    3      0.0000000000E+00   2.5539190351E-01  -1.1342741782E-06   2.9961683254E-05  -1.3569413745E-02
    4      0.0000000000E+00   1.1858248551E-05   1.9514784642E-02  -8.7478841982E-03  -1.0485728395E-06
    5      0.0000000000E+00   3.7141254808E-05  -8.7454180179E-03  -1.9515166140E-02  -4.7357584106E-06
    6      0.0000000000E+00  -4.0811454756E-01   2.5247723839E-01   7.1071424218E-01   5.4322868062E-01
    7      0.0000000000E+00  -5.0849075213E-03   2.5009116747E-01  -9.9602187047E-02  -1.5463691182E-02
    8      0.0000000000E+00  -6.3391960057E-02  -6.2159547864E-02  -1.1057366418E-01  -1.8619866151E-01
    9      0.0000000000E+00  -4.0762531497E-01  -7.4203046101E-01  -1.3697720812E-01   5.4322220092E-01
   10      0.0000000000E+00  -5.2387780815E-02   1.2928642202E-01  -1.3192137904E-01  -1.5443840780E-01
   11      0.0000000000E+00   3.6117546401E-02  -3.0005890912E-02  -2.3156754386E-01   1.0524316828E-01
   12      0.0000000000E+00  -4.0722752818E-01   4.8947974636E-01  -5.7440946143E-01   5.4355932504E-01
   13      0.0000000000E+00   5.7551030951E-02   1.6168430400E-01  -1.1102572832E-02   1.6913115603E-01
   14      0.0000000000E+00   2.7342656938E-02  -1.5062309257E-01  -1.9918118063E-01   7.9815334430E-02
                   10                 11                 12                 13                 14        
    0      8.5378370660E-05  -1.0486861001E-04  -3.9665419097E-02   2.9069039168E-05   6.9891601374E-05
    1     -1.3728507619E-02  -6.4630029388E-02  -1.6447312770E-04  -2.9383574958E-02  -9.1291221403E-02
    2      6.4586402689E-02  -1.3726976094E-02   8.5901529649E-06   9.1298641019E-02  -2.9380384282E-02
    3      7.0456443040E-06  -8.3259443909E-06  -4.0334597265E-04   1.6208299909E-06  -6.7577990136E-07
    4     -6.2925346701E-04  -2.9458376331E-03   8.1927313961E-07   6.1606975942E-05   1.9048432870E-04
    5      2.9531680419E-03  -6.3089467596E-04   1.4010179445E-06  -1.9132173017E-04   6.1359676109E-05
    6     -3.0394635458E-01   9.1076116728E-02   1.6226520912E-01  -2.1850373457E-01   8.9798367037E-02
    7      2.2064831014E-01   7.0100653000E-01   4.4146844170E-02  -6.5140006122E-02   4.9666964146E-03
    8      1.1876849455E-01  -9.6882570860E-02   5.5187570060E-01  -7.1607708184E-01   2.9606043405E-01
    9      2.2969847609E-01   2.1795370568E-01   1.6264975284E-01   1.8711253439E-01   1.4374923262E-01
   10     -3.7223321686E-01   2.2368271389E-01   4.5670604769E-01   5.1393151098E-01   3.8034875341E-01
   11     -3.5866984883E-01   4.9621906427E-01  -3.1499995924E-01  -3.3929094469E-01  -2.8176159504E-01
   12      7.2982730833E-02  -3.0748740517E-01   1.6191159909E-01   3.0987815741E-02  -2.3435663696E-01
   13      3.3730120451E-01  -5.0968941721E-02  -4.9892189876E-01  -1.0083320456E-01   6.9578139478E-01
   14     -6.3355692875E-01  -2.1358072077E-01  -2.3702737491E-01  -2.5787775032E-02   3.3363014016E-01

#
# The atoms: label  mass x y z (in bohrs)
#
$atoms
5
 C     12.01100     -2.382061130136    -0.000034672082    -0.000257111134
 Cl    35.45300      1.064139073117     0.000022562053     0.000104454892
 H      1.00800     -3.014699701769    -0.156853461891    -1.952855657884
 H      1.00800     -3.014635559362    -1.612771584433     1.111656348613
 H      1.00800     -3.014301966197     1.769244643457     0.840589113384

$actual_temperature
  0.000000

$frequency_scale_factor
  1.000000

$dipole_derivatives
15
    6.7805875750E-01   -1.9360816348E-04   -3.9368845565E-04
    1.5260080824E-04    1.1123942368E-01   -2.4720694712E-04
    2.4076070237E-04   -7.7709607734E-04    1.1227206935E-01
   -5.0798583489E-01    7.6952980741E-05    2.0423772363E-04
    4.8289326015E-05   -1.8652833564E-01    2.0412745899E-05
    8.8233003745E-06   -1.3403613077E-05   -1.8643924606E-01
   -5.7126646989E-02   -3.1754261522E-03   -4.2434971849E-02
   -3.5422250241E-03    9.2423370736E-02   -1.1461090333E-02
   -5.6335648670E-02   -9.9241529982E-03   -4.0788454961E-02
   -5.6646011966E-02   -3.5235582989E-02    2.4350601933E-02
   -4.6354918294E-02    1.3919103570E-03    6.2627582738E-02
    3.2054623481E-02    6.1928107102E-02    4.8195186720E-02
   -5.6829105508E-02    3.8521879867E-02    1.8262479592E-02
    5.0839784196E-02   -1.6724930235E-02   -5.1836807897E-02
    2.4271194844E-02   -5.1173320638E-02    6.6787424473E-02

#
# The IR spectrum
#  wavenumber eps Int TX TY TZ
#
$ir_spectrum
15
      0.00   0.00000000   0.00000000     0.000000     0.000000     0.000000
      0.00   0.00000000   0.00000000     0.000000     0.000000     0.000000
      0.00   0.00000000   0.00000000     0.000000     0.000000     0.000000
      0.00   0.00000000   0.00000000     0.000000     0.000000     0.000000
      0.00   0.00000000   0.00000000     0.000000     0.000000     0.000000
      0.00   0.00000000   0.00000000     0.000000     0.000000     0.000000
    663.03   0.00587104  29.66981318    -0.052567     0.000008     0.000020
   1027.95   0.00062660   3.16658465     0.000005     0.012588    -0.005635
   1028.22   0.00061120   3.08874478    -0.000074    -0.005634    -0.012400
   1367.91   0.00247732  12.51936243    -0.023773    -0.000019    -0.000022
   1473.62   0.00126126   6.37387943     0.000065     0.003439    -0.015977
   1473.92   0.00128247   6.48109406     0.000114     0.016150     0.003272
   3049.23   0.00412160  20.82886400    -0.020538     0.000026     0.000067
   3161.31   0.00105423   5.32764721     0.000037    -0.003179     0.009693
   3162.31   0.00101455   5.12710905     0.000024    -0.009518    -0.003086


$end

