*************************************************
******************* ORCA 6.0.0 ******************
*************************************************
$Calculation_Status
   &GeometryIndex 1
   &ListStatus       OUT
   &VERSION [&Type "String"] "6.0.0"
   &PROGNAME [&Type "String"] "LeanSCF"
   &STATUS [&Type "String"] "NORMAL TERMINATION"
$End
$Geometry
   &GeometryIndex 1
   &ListStatus       OUT
   &NATOMS [&Type "Integer"] 5
   &NCORELESSECP [&Type "Integer"] 0
   &NGHOSTATOMS [&Type "Integer"] 0
   &CartesianCoordinates [&Type "Coordinates", &Dim(5,4), &Units "Bohr"] 
              C     -2.346505326050    0.000046135396   -0.000136933146
              Cl     1.099694877203    0.000103369531    0.000224632879
              H     -2.979143897683   -0.156772654413   -1.952735479897
              H     -2.979079755276   -1.612690776955    1.111776526601
              H     -2.978746162111    1.769325450935    0.840709291372
$End
$SCF_Energy
   &GeometryIndex 1
   &ListStatus       OUT
   &SCF_ENERGY [&Type "Double"]      -5.0007882130217467e+02
$End
$DFT_Energy
   &GeometryIndex 1
   &ListStatus       OUT
   &NALPHAEL [&Type "Integer"] 13
   &NBETAEL [&Type "Integer"] 13
   &NTOTALEL [&Type "Integer"] 26
   &EEXCHANGE [&Type "Double"]      -3.3800014726247120e+01
   &ECORR [&Type "Double"]      -9.2276397175745883e-01
   &ECNL [&Type "Double"]       0.0000000000000000e+00
   &EXC [&Type "Double"]      -3.4722778698004582e+01
   &EEMBED [&Type "Double"]       0.0000000000000000e+00
   &FINALEN [&Type "Double"]      -5.0007882130217467e+02  "No Van der Waals correction"
$End
$Mulliken_Population_Analysis
   &GeometryIndex 1
   &ListStatus       OUT
   &NATOMS [&Type "Integer"] 5
   &ATNO [&Type "ArrayOfIntegers", &Dim (5,1)] 
                                                         0

0                                                        6
1                                                       17
2                                                        1
3                                                        1
4                                                        1
   &ATOMICCHARGES [&Type "ArrayOfDoubles", &Dim (5,1)] 
                                                         0

0                                     -2.1502914301117926e-01
1                                     -1.8428392163928464e-01
2                                      1.3310283805160472e-01
3                                      1.3309599401713013e-01
4                                      1.3311423258166766e-01
$End
$Loewdin_Population_Analysis
   &GeometryIndex 1
   &ListStatus       OUT
   &NATOMS [&Type "Integer"] 5
   &ATNO [&Type "ArrayOfIntegers", &Dim (5,1)] 
                                                         0

0                                                        6
1                                                       17
2                                                        1
3                                                        1
4                                                        1
   &ATOMICCHARGES [&Type "ArrayOfDoubles", &Dim (5,1)] 
                                                         0

0                                     -5.0033162200183057e-01
1                                      1.8585318784576899e-01
2                                      1.0482919148945324e-01
3                                      1.0482892098311980e-01
4                                      1.0482032168344224e-01
$End
$Mayer_Population_Analysis
   &GeometryIndex 1
   &ListStatus       OUT
   &NATOMS [&Type "Integer"] 5 "Total number of atoms"
   &BONDTHRESH [&Type "Double"]       1.0000000000000001e-01  "The threshold for printing"
   &NBONDORDERSPRINT [&Type "Integer"] 4 "The number of bond orders larger than threshold"
   &BONDORDERS [&Type "ArrayOfDoubles", &Dim (4,1)] "The bond orders"
                                                         0

0                                      1.0389060707937405e+00
1                                      9.6740432384338559e-01
2                                      9.6742150441759567e-01
3                                      9.6742392185690096e-01
   &COMPONENTS [&Type "ArrayOfIntegers", &Dim (4,4)] "The indices and atomic numbers of the bonding atoms"
                                                         0                           1                           2                           3

0                                                        0                           6                           1                          17
1                                                        0                           6                           2                           1
2                                                        0                           6                           3                           1
3                                                        0                           6                           4                           1
   &ATNO [&Type "ArrayOfIntegers", &Dim (5,1)] "Atomic number of the elements"
                                                         0

0                                                        6
1                                                       17
2                                                        1
3                                                        1
4                                                        1
   &NA [&Type "ArrayOfDoubles", &Dim (5,1)] "Mulliken gross atomic population"
                                                         0

0                                      6.2150291430111899e+00
1                                      1.7184283921639274e+01
2                                      8.6689716194839495e-01
3                                      8.6690400598287065e-01
4                                      8.6688576741833245e-01
   &ZA [&Type "ArrayOfDoubles", &Dim (5,1)] "Total nuclear charge"
                                                         0

0                                      6.0000000000000000e+00
1                                      1.7000000000000000e+01
2                                      1.0000000000000000e+00
3                                      1.0000000000000000e+00
4                                      1.0000000000000000e+00
   &QA [&Type "ArrayOfDoubles", &Dim (5,1)] "Mulliken gross atomic charge"
                                                         0

0                                     -2.1502914301118992e-01
1                                     -1.8428392163927398e-01
2                                      1.3310283805160505e-01
3                                      1.3309599401712935e-01
4                                      1.3311423258166755e-01
   &VA [&Type "ArrayOfDoubles", &Dim (5,1)] "Mayer's total valence"
                                                         0

0                                      3.9411558209115718e+00
1                                      1.0608250964704893e+00
2                                      9.7358247592876934e-01
3                                      9.7359053468372847e-01
4                                      9.7359594963598362e-01
   &BVA [&Type "ArrayOfDoubles", &Dim (5,1)] "Mayer's bonded valence"
                                                         0

0                                      3.9411558209116229e+00
1                                      1.0608250964704697e+00
2                                      9.7358247592877123e-01
3                                      9.7359053468373524e-01
4                                      9.7359594963599638e-01
   &FA [&Type "ArrayOfDoubles", &Dim (5,1)] "Mayer's free valence"
                                                         0

0                                      0.0000000000000000e+00
1                                      0.0000000000000000e+00
2                                      0.0000000000000000e+00
3                                      0.0000000000000000e+00
4                                      0.0000000000000000e+00
$End
$VdW_Correction
   &GeometryIndex 1
   &ListStatus       OUT
   &VDW [&Type "Double"]      -5.6485911668705804e-04
$End
$Calculation_Info
   &GeometryIndex 1
   &ListStatus       OUT
   &MULT [&Type "Integer"] 1
   &CHARGE [&Type "Integer"] 0
   &NUMOFATOMS [&Type "Integer"] 5
   &NUMOFELECTRONS [&Type "Integer"] 26
   &NUMOFFCELECTRONS [&Type "Integer"] 1
   &NUMOFCORRELECTRONS [&Type "Integer"] 0
   &NUMOFBASISFUNCTS [&Type "Integer"] 86
   &NUMOFAUXCBASISFUNCTS [&Type "Integer"] 0
   &NUMOFAUXJBASISFUNCTS [&Type "Integer"] 105
   &NUMOFAUXJKBASISFUNCTS [&Type "Integer"] 0
   &NUMOFCABSBASISFUNCTS [&Type "Integer"] 0
   &TOTALENERGY [&Type "Double"]      -5.0007426856299139e+02  "Hartrees"
$End
$SCF_Dipole_Moment
   &GeometryIndex 1
   &ListStatus       OUT
   &METHOD [&Type "String"] "SCF"
   &LEVEL [&Type "String"] "Relaxed density"
   &MULT [&Type "Integer"] 1
   &STATE [&Type "Integer"] -1
   &IRREP [&Type "Integer"] 0
   &NATOMS [&Type "Integer"] 5
   &DODIPOLEATOM [&Type "Boolean"] false
   &DIPOLEELECCONTRIB [&Type "ArrayOfDoubles", &Dim (3,1)] "Electronic contribution"
                                                         0

0                                      4.4331145564938410e+00
1                                      1.7735909680793470e-04
2                                      3.3694035648965364e-04
   &DIPOLENUCCONTRIB [&Type "ArrayOfDoubles", &Dim (3,1)] "Nuclear contribution"
                                                         0

0                                     -5.2456397651582041e+00
1                                     -2.0488045724809112e-04
2                                     -3.7712952760182716e-04
   &DIPOLETOTAL [&Type "ArrayOfDoubles", &Dim (3,1)] "Total"
                                                         0

0                                     -8.1252520866436306e-01
1                                     -2.7521360440156423e-05
2                                     -4.0189171112173521e-05
   &DIPOLEMAGNITUDE [&Type "Double", &Units "a.u."]       8.1252521012437606e-01
$End
$THERMOCHEMISTRY_Energies
   &GeometryIndex 1
   &ListStatus       OUT
   &TEMPERATURE [&Type "Double"]       2.9814999999999998e+02
   &PRESSURE [&Type "Double"]       1.0000000000000000e+00
   &TOTALMASS [&Type "Double"]       5.0488000000000007e+01
   &SPINDEGENERACY [&Type "Integer"] 1
   &ELENERGY [&Type "Double"]      -5.0007426856299139e+02
   &TRANSENERGY [&Type "Double"]       1.4162714244859817e-03
   &ROTENERGY [&Type "Double"]       1.4162714244859817e-03
   &VIBENERGY [&Type "Double"]       2.1399328781584212e-04
   &NUMOFFREQS [&Type "Integer"] 15
   &FREQSCALINGFACTOR [&Type "Double"]       1.0000000000000000e+00
   &FREQ [&Type "ArrayOfDoubles", &Dim (15,1)] "In cm^-1"
                                                         0

0                                      0.0000000000000000e+00
1                                      0.0000000000000000e+00
2                                      0.0000000000000000e+00
3                                      0.0000000000000000e+00
4                                      0.0000000000000000e+00
5                                      0.0000000000000000e+00
6                                      6.6302596591318547e+02
7                                      1.0279507764772193e+03
8                                      1.0282211611229409e+03
9                                      1.3679119259786683e+03
10                                     1.4736168319186277e+03
11                                     1.4739233220725050e+03
12                                     3.0492308973150152e+03
13                                     3.1613097674805840e+03
14                                     3.1623054031234092e+03
   &ZPE [&Type "Double"]       3.7379026386068034e-02
   &INNERENERGYU [&Type "Double"]      -5.0003384300046849e+02
   &ENTHALPYH [&Type "Double"]      -5.0003289879142625e+02
   &QEL [&Type "Double"]       0.0000000000000000e+00
   &QROT [&Type "Double"]       9.5410733977666241e-03
   &QVIB [&Type "Double"]       2.6959927885581277e-04
   &QTRANS [&Type "Double"]       1.7903313364284894e-02
   &ENTROPYS [&Type "Double"]       2.7713986040907333e-02
   &FREEENERGYG [&Type "Double"]      -5.0006061277746716e+02
   &ISLINEAR [&Type "Boolean"] false
$End
$Hessian
   &GeometryIndex 1
   &ListStatus       OUT
   &HESSIAN [&Type "ArrayOfDoubles", &Dim (15,15)] "The Hessian"
                                                         0                           1                           2                           3                           4                           5                           6                           7

0                                      2.9196841399836793e-01        -2.4715114557719020e-05         3.3235540414060238e-06        -1.1098475638291240e-01         1.8023178163670625e-06        -3.4438976816864420e-06        -6.0352724158216881e-02        -6.1000325785518436e-03
1                                     -2.4715114557719020e-05         5.6740120548257900e-01         8.5867564412651920e-05         9.9921017760041387e-06        -3.4102627320403249e-02        -6.1621864462996102e-06        -6.2428242715948205e-03        -5.2163526480970807e-02
2                                      3.3235540414060238e-06         8.5867564412651920e-05         5.6714473594814274e-01         2.5923098415399113e-05        -1.0068956491399406e-05        -3.4092202449154493e-02        -7.7771196997108910e-02        -2.0231109278596560e-02
3                                     -1.1098475638291240e-01         9.9921017760041387e-06         2.5923098415399113e-05         1.8693427769247234e-01        -3.4438546731953897e-06         4.3527084120827944e-06        -2.5309391613926452e-02         1.5783855990552514e-04
4                                      1.8023178163670625e-06        -3.4102627320403249e-02        -1.0068956491399406e-05        -3.4438546731953897e-06         2.3097735350722577e-02         8.5056874678190141e-06        -1.7469567446242971e-03         9.4116551588649313e-04
5                                     -3.4438976816864420e-06        -6.1621864462996102e-06        -3.4092202449154493e-02         4.3527084120827944e-06         8.5056874678190141e-06         2.3110064302059155e-02        -2.1788412927296382e-02         4.3849045268440335e-04
6                                     -6.0352724158216881e-02        -6.2428242715948205e-03        -7.7771196997108910e-02        -2.5309391613926452e-02        -1.7469567446242971e-03        -2.1788412927296382e-02         7.5715132960857981e-02         6.5216416972823576e-03
7                                     -6.1000325785518436e-03        -5.2163526480970807e-02        -2.0231109278596560e-02         1.5783855990552514e-04         9.4116551588649313e-04         4.3849045268440335e-04         6.5216416972823576e-03         4.7465273062629786e-02
8                                     -7.6013344567562938e-02        -2.0279148540456628e-02        -3.0322752888850557e-01         1.9040588565427709e-03         4.4044977097468447e-04         6.3746159725964584e-03         8.1344578792499386e-02         2.1878887197322221e-02
9                                     -6.0322100602641773e-02        -6.4258460754950480e-02         4.4277805427073776e-02        -2.5316265201986467e-02        -1.7988366925049119e-02         1.2402137929414511e-02         4.9766856443932460e-03         8.0792461015825271e-03
10                                    -6.2770376339441741e-02        -2.2294617758510629e-01         1.1881426799001837e-01         1.5903694241164272e-03         4.6487504475304408e-03        -2.5776540175548326e-03         1.8434368455427785e-03         3.6752601345381919e-03
11                                     4.3285894822380530e-02         1.1889838524275367e-01        -1.3243024106853984e-01        -1.0955928996545343e-03        -2.5788605355930865e-03         2.6826859588866409e-03         8.9142137012026123e-03         2.3960372855027650e-02
12                                    -6.0308832854596865e-02         7.0507834812527440e-02         3.3466277035609678e-02        -2.5323864493647021e-02         1.9736502396714456e-02         9.3797009741153278e-03         4.9702971668921106e-03        -8.6384398632207825e-03
13                                     6.8901494941534511e-02        -2.5818887409609870e-01        -9.8650066261431330e-02        -1.7542934213089709e-03         5.4149760062637362e-03         2.1353609066595736e-03        -3.9555144360380219e-04         8.1827767916337426e-05
14                                     3.2725437970791339e-02        -9.8707833138175133e-02        -9.7394763541942861e-02        -8.3307655067957342e-04         2.1414331908313185e-03         1.9248362156122399e-03         9.0980400706574122e-03        -2.6035437892611934e-02
                                                         8                           9                          10                          11                          12                          13                          14

0                                     -7.6013344567562938e-02        -6.0322100602641773e-02        -6.2770376339441741e-02         4.3285894822380530e-02        -6.0308832854596865e-02         6.8901494941534511e-02         3.2725437970791339e-02
1                                     -2.0279148540456628e-02        -6.4258460754950480e-02        -2.2294617758510629e-01         1.1889838524275367e-01         7.0507834812527440e-02        -2.5818887409609870e-01        -9.8707833138175133e-02
2                                     -3.0322752888850557e-01         4.4277805427073776e-02         1.1881426799001837e-01        -1.3243024106853984e-01         3.3466277035609678e-02        -9.8650066261431330e-02        -9.7394763541942861e-02
3                                      1.9040588565427709e-03        -2.5316265201986467e-02         1.5903694241164272e-03        -1.0955928996545343e-03        -2.5323864493647021e-02        -1.7542934213089709e-03        -8.3307655067957342e-04
4                                      4.4044977097468447e-04        -1.7988366925049119e-02         4.6487504475304408e-03        -2.5788605355930865e-03         1.9736502396714456e-02         5.4149760062637362e-03         2.1414331908313185e-03
5                                      6.3746159725964584e-03         1.2402137929414511e-02        -2.5776540175548326e-03         2.6826859588866409e-03         9.3797009741153278e-03         2.1353609066595736e-03         1.9248362156122399e-03
6                                      8.1344578792499386e-02         4.9766856443932460e-03         1.8434368455427785e-03         8.9142137012026123e-03         4.9702971668921106e-03        -3.9555144360380219e-04         9.0980400706574122e-03
7                                      2.1878887197322221e-02         8.0792461015825271e-03         3.6752601345381919e-03         2.3960372855027650e-02        -8.6384398632207825e-03         8.1827767916337426e-05        -2.6035437892611934e-02
8                                      3.1888454365827706e-01        -4.1906560594330150e-03        -3.6878931113628957e-03        -1.2848305604047780e-02        -2.8418596620003143e-03         1.6365013496968325e-03        -9.1833251383202086e-03
9                                     -4.1906560594330150e-03         7.5691675283960508e-02         6.7190265373790081e-02        -4.6329405853148577e-02         4.9700048762745010e-03         6.8087149731387384e-03        -6.0466110311338146e-03
10                                    -3.6878931113628957e-03         6.7190265373790081e-02         2.3203149068599213e-01        -1.2848975521888956e-01        -7.6850940725192822e-03        -1.7409323682954465e-02         1.5934583064831271e-02
11                                    -1.2848305604047780e-02        -4.6329405853148577e-02        -1.2848975521888956e-01         1.3428257930991408e-01        -4.8883801835529084e-03        -1.1783691050341043e-02         8.3132814037868950e-03
12                                    -2.8418596620003143e-03         4.9700048762745010e-03        -7.6850940725192822e-03        -4.8883801835529084e-03         7.5692395305077279e-02        -7.3740584161631151e-02        -3.5029764311903570e-02
13                                     1.6365013496968325e-03         6.8087149731387384e-03        -1.7409323682954465e-02        -1.1783691050341043e-02        -7.3740584161631151e-02         2.7010139400487310e-01         1.0666457491527023e-01
14                                    -9.1833251383202086e-03        -6.0466110311338146e-03         1.5934583064831271e-02         8.3132814037868950e-03        -3.5029764311903570e-02         1.0666457491527023e-01         9.6339971060863935e-02
   &MODES [&Type "ArrayOfDoubles", &Dim (15,15)] "The modes of vibrations"
                                                         0                           1                           2                           3                           4                           5                           6                           7

0                                      0.0000000000000000e+00         0.0000000000000000e+00         0.0000000000000000e+00         0.0000000000000000e+00         0.0000000000000000e+00         0.0000000000000000e+00        -2.3138587883481132e-01         8.8187887354933633e-06
1                                      0.0000000000000000e+00         0.0000000000000000e+00         0.0000000000000000e+00         0.0000000000000000e+00         0.0000000000000000e+00         0.0000000000000000e+00        -1.4773011461796650e-05        -9.5478373933748015e-02
2                                      0.0000000000000000e+00         0.0000000000000000e+00         0.0000000000000000e+00         0.0000000000000000e+00         0.0000000000000000e+00         0.0000000000000000e+00        -4.0988571170758586e-05         4.2812512102368624e-02
3                                      0.0000000000000000e+00         0.0000000000000000e+00         0.0000000000000000e+00         0.0000000000000000e+00         0.0000000000000000e+00         0.0000000000000000e+00         9.0745337251407543e-02        -1.0513454729592460e-06
4                                      0.0000000000000000e+00         0.0000000000000000e+00         0.0000000000000000e+00         0.0000000000000000e+00         0.0000000000000000e+00         0.0000000000000000e+00         4.2134490137142241e-06         1.8088025702346393e-02
5                                      0.0000000000000000e+00         0.0000000000000000e+00         0.0000000000000000e+00         0.0000000000000000e+00         0.0000000000000000e+00         0.0000000000000000e+00         1.3196955922034026e-05        -8.1060257023429835e-03
6                                      0.0000000000000000e+00         0.0000000000000000e+00         0.0000000000000000e+00         0.0000000000000000e+00         0.0000000000000000e+00         0.0000000000000000e+00        -1.4501043982209591e-01         2.3401820010021299e-01
7                                      0.0000000000000000e+00         0.0000000000000000e+00         0.0000000000000000e+00         0.0000000000000000e+00         0.0000000000000000e+00         0.0000000000000000e+00        -1.8067591085081094e-03         2.3180657886475273e-01
8                                      0.0000000000000000e+00         0.0000000000000000e+00         0.0000000000000000e+00         0.0000000000000000e+00         0.0000000000000000e+00         0.0000000000000000e+00        -2.2524303688978703e-02        -5.7614958095587261e-02
9                                      0.0000000000000000e+00         0.0000000000000000e+00         0.0000000000000000e+00         0.0000000000000000e+00         0.0000000000000000e+00         0.0000000000000000e+00        -1.4483660668465176e-01        -6.8777935789565625e-01
10                                     0.0000000000000000e+00         0.0000000000000000e+00         0.0000000000000000e+00         0.0000000000000000e+00         0.0000000000000000e+00         0.0000000000000000e+00        -1.8614320863416460e-02         1.1983407285417064e-01
11                                     0.0000000000000000e+00         0.0000000000000000e+00         0.0000000000000000e+00         0.0000000000000000e+00         0.0000000000000000e+00         0.0000000000000000e+00         1.2833213910638590e-02        -2.7812109433287668e-02
12                                     0.0000000000000000e+00         0.0000000000000000e+00         0.0000000000000000e+00         0.0000000000000000e+00         0.0000000000000000e+00         0.0000000000000000e+00        -1.4469526588336504e-01         4.5369305350928302e-01
13                                     0.0000000000000000e+00         0.0000000000000000e+00         0.0000000000000000e+00         0.0000000000000000e+00         0.0000000000000000e+00         0.0000000000000000e+00         2.0448916512385305e-02         1.4986329083361680e-01
14                                     0.0000000000000000e+00         0.0000000000000000e+00         0.0000000000000000e+00         0.0000000000000000e+00         0.0000000000000000e+00         0.0000000000000000e+00         9.7153378438441917e-03        -1.3961078330087082e-01
                                                         8                           9                          10                          11                          12                          13                          14

0                                     -2.9665433931045344e-05        -9.1522581051302815e-02         8.3072472283733152e-05        -1.0203341248589291e-04        -3.9172643372276349e-02         2.7600857556051452e-05         6.6362112991348766e-05
1                                      4.2805750152201068e-02         6.4136998404330195e-05        -1.3357728190942364e-02        -6.2882710535472716e-02        -1.6242982734776101e-04        -2.7899507177048095e-02        -8.6681063686795845e-02
2                                      9.5497724083999452e-02         1.0374711084609810e-04         6.2842053623433994e-02        -1.3355857523728190e-02         8.4834348474258457e-06         8.6687446779038710e-02        -2.7896690634153218e-02
3                                      2.7770564834601580e-05        -1.2837254516023187e-02         6.8553555969457325e-06        -8.1008465573404740e-06        -3.9833508133496918e-04         1.5389671960769288e-06        -6.4165337879946866e-07
4                                     -8.1081454348368564e-03        -9.9199542970877454e-07        -6.1225859421998254e-04        -2.8661948156544401e-03         8.0909505692643548e-07         5.8495410102778642e-05         1.8086497227224306e-04
5                                     -1.8088008672985777e-02        -4.4802330584476749e-06         2.8734089021425573e-03        -6.1383798928028995e-04         1.3836126668549419e-06        -1.8165869849771918e-04         5.8261045376573806e-05
6                                      6.5873922283749509e-01         5.1391791602833858e-01        -2.9573737377675108e-01         8.8613809077816755e-02         1.6024933842469966e-01        -2.0746782920553533e-01         8.5263597665588137e-02
7                                     -9.2318210884740265e-02        -1.4629323210914452e-02         2.1468904228123756e-01         6.8205431944167971e-01         4.3598394320900367e-02        -6.1849998541274251e-02         4.7158809095931313e-03
8                                     -1.0248733638259570e-01        -1.7615201756511226e-01         1.1556079596309922e-01        -9.4263281589516024e-02         5.4501957870679951e-01        -6.7991038233359458e-01         2.8110954092618579e-01
9                                     -1.2695997106220591e-01         5.1391178595441700e-01         2.2349478141745402e-01         2.1206117209454767e-01         1.6062910483925147e-01         1.7766209535655617e-01         1.3648997347349567e-01
10                                    -1.2227387823077854e-01        -1.4610543869454168e-01        -3.6217994500908274e-01         2.1763529248367489e-01         4.5103224772062184e-01         4.8797451976591033e-01         3.6114134536754033e-01
11                                    -2.1463285075972091e-01         9.9564606299545624e-02        -3.4898289631333973e-01         4.8280342862144510e-01        -3.1108661767097434e-01        -3.2215447439844525e-01        -2.6753278561134403e-01
12                                    -5.3240250406510592e-01         5.1423072000510917e-01         7.1011613801183399e-02        -2.9917426427716121e-01         1.5990012140170345e-01         2.9422723031411635e-02        -2.2252175249017545e-01
13                                    -1.0290634075766891e-02         1.6000541639566948e-01         3.2819137618249761e-01        -4.9590960099005564e-02        -4.9272363826253335e-01        -9.5740450858414955e-02         6.6064480753252619e-01
14                                    -1.8461492445446159e-01         7.5508771537638741e-02        -6.1644582810087634e-01        -2.0780641394516969e-01        -2.3408271079359333e-01        -2.4485319285018049e-02         3.1678199703146620e-01
$End
