
$orca_hessian_file

$act_atom
  0

$act_coord
  0

$act_energy
        0.000000

$multiplicity
  1

$hessian
15
                    0                  1                  2                  3                  4        
    0      3.0649451103E-01   6.9820988556E-06  -1.0957873978E-05  -1.2158449658E-01  -3.5488185291E-06
    1      6.9820988556E-06   5.6273914941E-01   1.5750961119E-05  -3.2634094141E-05  -3.3879655776E-02
    2     -1.0957873978E-05   1.5750961119E-05   5.6291743059E-01   4.4311914550E-06   3.9884539545E-06
    3     -1.2158449658E-01  -3.2634094141E-05   4.4311914550E-06   1.9848848506E-01   3.6908037415E-06
    4     -3.5488185291E-06  -3.3879655776E-02   3.9884539545E-06   3.6908037415E-06   2.2544217478E-02
    5     -2.1729357020E-07   5.9101227573E-06  -3.3889161755E-02  -1.3283202139E-06  -4.8253229806E-06
    6     -6.1656153439E-02   7.8796446143E-02  -3.7386598679E-03  -2.5640321214E-02   2.2197693878E-02
    7      7.7122914411E-02  -3.0168877935E-01   1.1901346615E-02  -1.8574706226E-03   6.5852580287E-03
    8     -3.6560409629E-03   1.1869521620E-02  -5.0897590597E-02   9.7196969521E-05  -2.6729784739E-04
    9     -6.1625974497E-02  -4.2631773959E-02  -6.6403683442E-02  -2.5632630972E-02  -1.2007414258E-02
   10     -4.1735979328E-02  -1.2391362903E-01  -1.1462631012E-01   1.0163437070E-03   2.6068208914E-03
   11     -6.4949666592E-02  -1.1453518048E-01  -2.2872453723E-01   1.5847725132E-03   2.5733142807E-03
   12     -6.1627886520E-02  -3.6141102828E-02   7.0142510812E-02  -2.5631036299E-02  -1.0185096778E-02
   13     -3.5388285724E-02  -1.0325708526E-01   1.0271405475E-01   8.6474537969E-04   2.1433593775E-03
   14      6.8623241902E-02   1.0263516712E-01  -2.4940614100E-01  -1.6817554620E-03  -2.3045365980E-03
                    5                  6                  7                  8                  9        
    0     -2.1729357020E-07  -6.1656153439E-02   7.7122914411E-02  -3.6560409629E-03  -6.1625974497E-02
    1      5.9101227573E-06   7.8796446143E-02  -3.0168877935E-01   1.1869521620E-02  -4.2631773959E-02
    2     -3.3889161755E-02  -3.7386598679E-03   1.1901346615E-02  -5.0897590597E-02  -6.6403683442E-02
    3     -1.3283202139E-06  -2.5640321214E-02  -1.8574706226E-03   9.7196969521E-05  -2.5632630972E-02
    4     -4.8253229806E-06   2.2197693878E-02   6.5852580287E-03  -2.6729784739E-04  -1.2007414258E-02
    5      2.2523702158E-02  -1.0532576496E-03  -2.6794026935E-04   9.6817348177E-04  -1.8688854414E-02
    6     -1.0532576496E-03   7.7343706253E-02  -8.2609558240E-02   3.9116079697E-03   4.9774813935E-03
    7     -2.6794026935E-04  -8.2609558240E-02   3.1774206237E-01  -1.2857965324E-02   3.9743358778E-03
    8      9.6817348177E-04   3.9116079697E-03  -1.2857965324E-02   4.6326414745E-02   8.2543070912E-03
    9     -1.8688854414E-02   4.9774813935E-03   3.9743358778E-03   8.2543070912E-03   7.7309366696E-02
   10      2.5751952905E-03  -9.0386612899E-03  -1.2415832781E-02  -2.4574596492E-02   4.4719185133E-02
   11      4.9646614071E-03   1.5342153358E-03   3.0711318239E-03   2.8759870119E-03   6.9594409561E-02
   12      1.9740340786E-02   4.9752870062E-03   3.1710590399E-03  -8.5934866307E-03   4.9717573795E-03
   13     -2.3089827872E-03  -9.1472009580E-03  -1.0222708271E-02   2.5820611581E-02   5.8392773084E-03
   14      5.4326247082E-03  -6.6749022487E-04  -1.8368463835E-03   7.2701535876E-04   7.0723190445E-03
                   10                 11                 12                 13                 14        
    0     -4.1735979328E-02  -6.4949666592E-02  -6.1627886520E-02  -3.5388285724E-02   6.8623241902E-02
    1     -1.2391362903E-01  -1.1453518048E-01  -3.6141102828E-02  -1.0325708526E-01   1.0263516712E-01
    2     -1.1462631012E-01  -2.2872453723E-01   7.0142510812E-02   1.0271405475E-01  -2.4940614100E-01
    3      1.0163437070E-03   1.5847725132E-03  -2.5631036299E-02   8.6474537969E-04  -1.6817554620E-03
    4      2.6068208914E-03   2.5733142807E-03  -1.0185096778E-02   2.1433593775E-03  -2.3045365980E-03
    5      2.5751952905E-03   4.9646614071E-03   1.9740340786E-02  -2.3089827872E-03   5.4326247082E-03
    6     -9.0386612899E-03   1.5342153358E-03   4.9752870062E-03  -9.1472009580E-03  -6.6749022487E-04
    7     -1.2415832781E-02   3.0711318239E-03   3.1710590399E-03  -1.0222708271E-02  -1.8368463835E-03
    8     -2.4574596492E-02   2.8759870119E-03  -8.5934866307E-03   2.5820611581E-02   7.2701535876E-04
    9      4.4719185133E-02   6.9594409561E-02   4.9717573795E-03   5.8392773084E-03   7.0723190445E-03
   10      1.2537305750E-01   1.2400181650E-01   5.1455016752E-03   8.3495834200E-03   1.2616538381E-02
   11      1.2400181650E-01   2.3870075397E-01  -7.5922286584E-03  -1.5103725686E-02  -1.7816865162E-02
   12      5.1455016752E-03  -7.5922286584E-03   7.7311878433E-02   3.7920551443E-02  -7.3521725784E-02
   13      8.3495834200E-03  -1.5103725686E-02   3.7920551443E-02   1.0298685074E-01  -1.1111614019E-01
   14      1.2616538381E-02  -1.7816865162E-02  -7.3521725784E-02  -1.1111614019E-01   2.6106336610E-01

$vibrational_frequencies
15
    0        0.0000000000000000
    1        0.0000000000000000
    2        0.0000000000000000
    3        0.0000000000000000
    4        0.0000000000000000
    5        0.0000000000000000
    6      685.9114906391777140
    7     1033.6197902889286979
    8     1033.8903836023382610
    9     1377.0201839973483402
   10     1475.9629666003727380
   11     1476.1841879908622559
   12     3045.6279276156392370
   13     3153.6561672972038650
   14     3154.3551883485056351

$normal_modes
15 15
                    0                  1                  2                  3                  4        
    0      0.0000000000E+00   0.0000000000E+00   0.0000000000E+00   0.0000000000E+00   0.0000000000E+00
    1      0.0000000000E+00   0.0000000000E+00   0.0000000000E+00   0.0000000000E+00   0.0000000000E+00
    2      0.0000000000E+00   0.0000000000E+00   0.0000000000E+00   0.0000000000E+00   0.0000000000E+00
    3      0.0000000000E+00   0.0000000000E+00   0.0000000000E+00   0.0000000000E+00   0.0000000000E+00
    4      0.0000000000E+00   0.0000000000E+00   0.0000000000E+00   0.0000000000E+00   0.0000000000E+00
    5      0.0000000000E+00   0.0000000000E+00   0.0000000000E+00   0.0000000000E+00   0.0000000000E+00
    6      0.0000000000E+00   0.0000000000E+00   0.0000000000E+00   0.0000000000E+00   0.0000000000E+00
    7      0.0000000000E+00   0.0000000000E+00   0.0000000000E+00   0.0000000000E+00   0.0000000000E+00
    8      0.0000000000E+00   0.0000000000E+00   0.0000000000E+00   0.0000000000E+00   0.0000000000E+00
    9      0.0000000000E+00   0.0000000000E+00   0.0000000000E+00   0.0000000000E+00   0.0000000000E+00
   10      0.0000000000E+00   0.0000000000E+00   0.0000000000E+00   0.0000000000E+00   0.0000000000E+00
   11      0.0000000000E+00   0.0000000000E+00   0.0000000000E+00   0.0000000000E+00   0.0000000000E+00
   12      0.0000000000E+00   0.0000000000E+00   0.0000000000E+00   0.0000000000E+00   0.0000000000E+00
   13      0.0000000000E+00   0.0000000000E+00   0.0000000000E+00   0.0000000000E+00   0.0000000000E+00
   14      0.0000000000E+00   0.0000000000E+00   0.0000000000E+00   0.0000000000E+00   0.0000000000E+00
                    5                  6                  7                  8                  9        
    0      0.0000000000E+00  -6.4478037225E-01  -3.8299159265E-06   2.6084576292E-05   9.7654864167E-02
    1      0.0000000000E+00   3.2279291861E-05   2.0227451813E-02  -1.1293985674E-01   1.3257502093E-04
    2      0.0000000000E+00   6.9729986950E-07   1.1290964588E-01   2.0227177207E-02  -2.6133030693E-05
    3      0.0000000000E+00   2.5355324998E-01  -3.7388090042E-06   1.7602305575E-05   1.3125203731E-02
    4      0.0000000000E+00  -5.8581799215E-06  -3.8048628084E-03   2.1253185920E-02  -8.0660942276E-06
    5      0.0000000000E+00   1.4049865435E-06  -2.1254021089E-02  -3.8052784035E-03  -1.5131280990E-06
    6      0.0000000000E+00  -4.1184613814E-01  -9.7123021849E-02   7.4478841928E-01  -5.4180175003E-01
    7      0.0000000000E+00   6.2173287654E-02  -2.9539813870E-02   1.2581892158E-01  -1.9102752119E-01
    8      0.0000000000E+00  -3.0123616829E-03  -2.7258119981E-01  -4.1820776861E-02   9.3238254660E-03
    9      0.0000000000E+00  -4.1151840670E-01   6.9402074766E-01  -2.8867921589E-01  -5.4159890466E-01
   10      0.0000000000E+00  -3.3700888954E-02   2.4637569244E-02   2.4150425921E-01   1.0260351042E-01
   11      0.0000000000E+00  -5.2457266663E-02  -1.5734725580E-01  -9.6218969424E-02   1.6145051938E-01
   12      0.0000000000E+00  -4.1152267795E-01  -5.9672058979E-01  -4.5703912044E-01  -5.4185769985E-01
   13      0.0000000000E+00  -2.8650986519E-02  -1.0229827381E-01   2.3092227445E-01   8.7127987621E-02
   14      0.0000000000E+00   5.5411903885E-02  -1.6792764262E-01   3.0857117118E-02  -1.7040973298E-01
                   10                 11                 12                 13                 14        
    0      8.9922095481E-05  -7.2534457179E-05  -4.0585007391E-02   4.3823237335E-05   7.9104251093E-06
    1     -6.3403362338E-02   1.4889070478E-02  -9.9542972124E-05  -9.5482337379E-02  -5.7877910037E-03
    2     -1.4892434048E-02  -6.3461882163E-02   2.6193661726E-05  -5.7980386581E-03   9.5471248114E-02
    3      1.0369786531E-05  -5.2647216905E-06  -4.0382815916E-04   2.4224700337E-06   1.0354243045E-06
    4     -3.0079994955E-03   7.0957091235E-04  -6.4657444323E-07   2.0841604572E-04   1.2652299309E-05
    5     -7.0736707522E-04  -2.9999840565E-03  -1.4216978022E-07   1.2914565377E-05  -2.0838843917E-04
    6     -3.1024481305E-01   8.8927757458E-02   1.6564176543E-01  -2.4035724985E-01  -2.6065039865E-02
    7     -1.2934995246E-01   7.3049020373E-02  -5.5109372292E-01   7.7086107191E-01   8.4598764451E-02
    8      2.0796184424E-01   7.0353414647E-01   2.6054299835E-02  -3.8725431210E-02   1.6742356249E-02
    9      2.3103181520E-01   2.2411716317E-01   1.6604355229E-01   1.4243194685E-01  -1.9498529061E-01
   10      3.7364389297E-01  -4.9822940027E-01   2.9885991497E-01   2.3307254020E-01  -3.4883435349E-01
   11     -3.6321890745E-01   2.0070202639E-01   4.6508155338E-01   3.9390922801E-01  -5.2024538736E-01
   12      7.7776793158E-02  -3.1199545481E-01   1.6611571750E-01   9.7317917358E-02   2.2091965486E-01
   13      6.1699613009E-01   2.2281029749E-01   2.5344267069E-01   1.2647251904E-01   3.3275602136E-01
   14      3.5758971228E-01  -4.2530715099E-02  -4.9144296802E-01  -2.8655048109E-01  -6.2677193492E-01

#
# The atoms: label  mass x y z (in bohrs)
#
$atoms
5
 C     12.01100     -2.362684872608    -0.000000539609    -0.000014939490
 Cl    35.45300      1.057216421731     0.000001945003     0.000006155334
 H      1.00800     -3.010348584356     1.952703953882    -0.092683891650
 H      1.00800     -3.010363615049    -1.056631677779    -1.644805189237
 H      1.00800     -3.010325295371    -0.896134255237     1.737450601881

$actual_temperature
  0.000000

$frequency_scale_factor
  1.000000

$dipole_derivatives
15
    6.7673138888E-01    5.5807839141E-04   -1.4383593369E-04
   -1.5865060519E-04    1.1301047423E-01    4.8559210238E-04
    9.7954663564E-05    1.3644058284E-04    1.1196492295E-01
   -5.0150294290E-01   -2.5699085850E-04    5.1781490219E-05
   -6.5023853857E-05   -1.8225243506E-01    5.0268102255E-06
    2.4129140283E-05   -1.4719577597E-05   -1.8236591381E-01
   -5.8834606684E-02    4.4375756324E-02   -1.9543721653E-03
    5.9284319671E-02   -4.4984735254E-02    6.0658460143E-03
   -1.8961136173E-03    7.0343386671E-03    9.3486437614E-02
   -5.8397035144E-02   -2.4213436212E-02   -3.7602861685E-02
   -3.2075231222E-02    5.1444980446E-02   -6.2039368590E-02
   -4.9737216271E-02   -6.2810926148E-02   -5.0022874978E-03
   -5.8510143079E-02   -2.0449740966E-02    3.9645201914E-02
   -2.7213619141E-02    6.2822093503E-02    5.5449869711E-02
    5.2529255950E-02    5.6228858212E-02   -1.6109619827E-02

#
# The IR spectrum
#  wavenumber eps Int TX TY TZ
#
$ir_spectrum
15
      0.00   0.00000000   0.00000000     0.000000     0.000000     0.000000
      0.00   0.00000000   0.00000000     0.000000     0.000000     0.000000
      0.00   0.00000000   0.00000000     0.000000     0.000000     0.000000
      0.00   0.00000000   0.00000000     0.000000     0.000000     0.000000
      0.00   0.00000000   0.00000000     0.000000     0.000000     0.000000
      0.00   0.00000000   0.00000000     0.000000     0.000000     0.000000
    685.91   0.00570262  28.81869441    -0.050936    -0.000027     0.000004
   1033.62   0.00066358   3.35346344    -0.000029    -0.002505    -0.013931
   1033.89   0.00064492   3.25917900    -0.000062     0.013728    -0.002490
   1377.02   0.00251291  12.69920463     0.023864    -0.000018     0.000008
   1475.96   0.00125557   6.34514531     0.000056     0.015851     0.003771
   1476.18   0.00128138   6.47557698     0.000114    -0.003642     0.016050
   3045.63   0.00449195  22.70048473    -0.021453    -0.000094     0.000031
   3153.66   0.00119819   6.05518384     0.000050    -0.010865    -0.000718
   3154.36   0.00116664   5.89573900     0.000010    -0.000642     0.010724


$end

