*************************************************
******************* ORCA 6.0.0 ******************
*************************************************
$Calculation_Status
   &GeometryIndex 1
   &ListStatus       OUT
   &VERSION [&Type "String"] "6.0.0"
   &PROGNAME [&Type "String"] "LeanSCF"
   &STATUS [&Type "String"] "NORMAL TERMINATION"
$End
$Geometry
   &GeometryIndex 1
   &ListStatus       OUT
   &NATOMS [&Type "Integer"] 5
   &NCORELESSECP [&Type "Integer"] 0
   &NGHOSTATOMS [&Type "Integer"] 0
   &CartesianCoordinates [&Type "Coordinates", &Dim(5,4), &Units "Bohr"] 
              C     -2.329148732538   -0.000000789717   -0.000008037194
              Cl     1.090752561801    0.000001694895    0.000013057630
              H     -2.976812444286    1.952703703774   -0.092676989354
              H     -2.976827474979   -1.056631927887   -1.644798286941
              H     -2.976789155301   -0.896134505345    1.737457504176
$End
$SCF_Energy
   &GeometryIndex 1
   &ListStatus       OUT
   &SCF_ENERGY [&Type "Double"]      -5.0007907660433511e+02
$End
$DFT_Energy
   &GeometryIndex 1
   &ListStatus       OUT
   &NALPHAEL [&Type "Integer"] 13
   &NBETAEL [&Type "Integer"] 13
   &NTOTALEL [&Type "Integer"] 26
   &EEXCHANGE [&Type "Double"]      -3.3803916148171147e+01
   &ECORR [&Type "Double"]      -9.2321386404735351e-01
   &ECNL [&Type "Double"]       0.0000000000000000e+00
   &EXC [&Type "Double"]      -3.4727130012218502e+01
   &EEMBED [&Type "Double"]       0.0000000000000000e+00
   &FINALEN [&Type "Double"]      -5.0007907660433511e+02  "No Van der Waals correction"
$End
$Mulliken_Population_Analysis
   &GeometryIndex 1
   &ListStatus       OUT
   &NATOMS [&Type "Integer"] 5
   &ATNO [&Type "ArrayOfIntegers", &Dim (5,1)] 
                                                         0

0                                                        6
1                                                       17
2                                                        1
3                                                        1
4                                                        1
   &ATOMICCHARGES [&Type "ArrayOfDoubles", &Dim (5,1)] 
                                                         0

0                                     -2.1679864451282249e-01
1                                     -1.7914350964572279e-01
2                                      1.3197955688673968e-01
3                                      1.3197804800330060e-01
4                                      1.3198454926846392e-01
$End
$Loewdin_Population_Analysis
   &GeometryIndex 1
   &ListStatus       OUT
   &NATOMS [&Type "Integer"] 5
   &ATNO [&Type "ArrayOfIntegers", &Dim (5,1)] 
                                                         0

0                                                        6
1                                                       17
2                                                        1
3                                                        1
4                                                        1
   &ATOMICCHARGES [&Type "ArrayOfDoubles", &Dim (5,1)] 
                                                         0

0                                     -5.1216105302217052e-01
1                                      1.9807004065792810e-01
2                                      1.0469168727059641e-01
3                                      1.0469956846845441e-01
4                                      1.0469975662518705e-01
$End
$Mayer_Population_Analysis
   &GeometryIndex 1
   &ListStatus       OUT
   &NATOMS [&Type "Integer"] 5 "Total number of atoms"
   &BONDTHRESH [&Type "Double"]       1.0000000000000001e-01  "The threshold for printing"
   &NBONDORDERSPRINT [&Type "Integer"] 4 "The number of bond orders larger than threshold"
   &BONDORDERS [&Type "ArrayOfDoubles", &Dim (4,1)] "The bond orders"
                                                         0

0                                      1.0440059774012418e+00
1                                      9.6749656265176309e-01
2                                      9.6750130234506282e-01
3                                      9.6750115625019795e-01
   &COMPONENTS [&Type "ArrayOfIntegers", &Dim (4,4)] "The indices and atomic numbers of the bonding atoms"
                                                         0                           1                           2                           3

0                                                        0                           6                           1                          17
1                                                        0                           6                           2                           1
2                                                        0                           6                           3                           1
3                                                        0                           6                           4                           1
   &ATNO [&Type "ArrayOfIntegers", &Dim (5,1)] "Atomic number of the elements"
                                                         0

0                                                        6
1                                                       17
2                                                        1
3                                                        1
4                                                        1
   &NA [&Type "ArrayOfDoubles", &Dim (5,1)] "Mulliken gross atomic population"
                                                         0

0                                      6.2167986445128331e+00
1                                      1.7179143509645787e+01
2                                      8.6802044311325965e-01
3                                      8.6802195199669874e-01
4                                      8.6801545073153574e-01
   &ZA [&Type "ArrayOfDoubles", &Dim (5,1)] "Total nuclear charge"
                                                         0

0                                      6.0000000000000000e+00
1                                      1.7000000000000000e+01
2                                      1.0000000000000000e+00
3                                      1.0000000000000000e+00
4                                      1.0000000000000000e+00
   &QA [&Type "ArrayOfDoubles", &Dim (5,1)] "Mulliken gross atomic charge"
                                                         0

0                                     -2.1679864451283315e-01
1                                     -1.7914350964578674e-01
2                                      1.3197955688674035e-01
3                                      1.3197804800330126e-01
4                                      1.3198454926846426e-01
   &VA [&Type "ArrayOfDoubles", &Dim (5,1)] "Mayer's total valence"
                                                         0

0                                      3.9465049986482765e+00
1                                      1.0666816273237809e+00
2                                      9.7333852712762436e-01
3                                      9.7334310349971220e-01
4                                      9.7334207189466282e-01
   &BVA [&Type "ArrayOfDoubles", &Dim (5,1)] "Mayer's bonded valence"
                                                         0

0                                      3.9465049986482654e+00
1                                      1.0666816273236195e+00
2                                      9.7333852712763003e-01
3                                      9.7334310349971109e-01
4                                      9.7334207189467137e-01
   &FA [&Type "ArrayOfDoubles", &Dim (5,1)] "Mayer's free valence"
                                                         0

0                                      0.0000000000000000e+00
1                                      0.0000000000000000e+00
2                                      0.0000000000000000e+00
3                                      0.0000000000000000e+00
4                                      0.0000000000000000e+00
$End
$VdW_Correction
   &GeometryIndex 1
   &ListStatus       OUT
   &VDW [&Type "Double"]      -5.6511006253401688e-04
$End
$Calculation_Info
   &GeometryIndex 1
   &ListStatus       OUT
   &MULT [&Type "Integer"] 1
   &CHARGE [&Type "Integer"] 0
   &NUMOFATOMS [&Type "Integer"] 5
   &NUMOFELECTRONS [&Type "Integer"] 26
   &NUMOFFCELECTRONS [&Type "Integer"] 1
   &NUMOFCORRELECTRONS [&Type "Integer"] 0
   &NUMOFBASISFUNCTS [&Type "Integer"] 86
   &NUMOFAUXCBASISFUNCTS [&Type "Integer"] 0
   &NUMOFAUXJBASISFUNCTS [&Type "Integer"] 105
   &NUMOFAUXJKBASISFUNCTS [&Type "Integer"] 0
   &NUMOFCABSBASISFUNCTS [&Type "Integer"] 0
   &TOTALENERGY [&Type "Double"]      -5.0007445419719767e+02  "Hartrees"
$End
$SCF_Dipole_Moment
   &GeometryIndex 1
   &ListStatus       OUT
   &METHOD [&Type "String"] "SCF"
   &LEVEL [&Type "String"] "Relaxed density"
   &MULT [&Type "Integer"] 1
   &STATE [&Type "Integer"] -1
   &IRREP [&Type "Integer"] 0
   &NATOMS [&Type "Integer"] 5
   &DODIPOLEATOM [&Type "Boolean"] false
   &DIPOLEELECCONTRIB [&Type "ArrayOfDoubles", &Dim (3,1)] "Electronic contribution"
                                                         0

0                                      4.4373047571353723e+00
1                                      2.4352553771550154e-05
2                                      1.8637654625382606e-05
   &DIPOLENUCCONTRIB [&Type "ArrayOfDoubles", &Dim (3,1)] "Nuclear contribution"
                                                         0

0                                     -5.2344675609973947e+00
1                                     -3.2151728001972302e-05
2                                     -2.3475269597117432e-05
   &DIPOLETOTAL [&Type "ArrayOfDoubles", &Dim (3,1)] "Total"
                                                         0

0                                     -7.9716280386202243e-01
1                                     -7.7991742304221474e-06
2                                     -4.8376149717348259e-06
   &DIPOLEMAGNITUDE [&Type "Double", &Units "a.u."]       7.9716280391485328e-01
$End
$THERMOCHEMISTRY_Energies
   &GeometryIndex 1
   &ListStatus       OUT
   &TEMPERATURE [&Type "Double"]       2.9814999999999998e+02
   &PRESSURE [&Type "Double"]       1.0000000000000000e+00
   &TOTALMASS [&Type "Double"]       5.0488000000000007e+01
   &SPINDEGENERACY [&Type "Integer"] 1
   &ELENERGY [&Type "Double"]      -5.0007445419719767e+02
   &TRANSENERGY [&Type "Double"]       1.4162714244859817e-03
   &ROTENERGY [&Type "Double"]       1.4162714244859817e-03
   &VIBENERGY [&Type "Double"]       2.0215054305967539e-04
   &NUMOFFREQS [&Type "Integer"] 15
   &FREQSCALINGFACTOR [&Type "Double"]       1.0000000000000000e+00
   &FREQ [&Type "ArrayOfDoubles", &Dim (15,1)] "In cm^-1"
                                                         0

0                                      0.0000000000000000e+00
1                                      0.0000000000000000e+00
2                                      0.0000000000000000e+00
3                                      0.0000000000000000e+00
4                                      0.0000000000000000e+00
5                                      0.0000000000000000e+00
6                                      6.8591149063917771e+02
7                                      1.0336197902889287e+03
8                                      1.0338903836023383e+03
9                                      1.3770201839973483e+03
10                                     1.4759629666003727e+03
11                                     1.4761841879908623e+03
12                                     3.0456279276156392e+03
13                                     3.1536561672972039e+03
14                                     3.1543551883485056e+03
   &ZPE [&Type "Double"]       3.7444483233719683e-02
   &INNERENERGYU [&Type "Double"]      -5.0003397502057192e+02
   &ENTHALPYH [&Type "Double"]      -5.0003303081152967e+02
   &QEL [&Type "Double"]       0.0000000000000000e+00
   &QROT [&Type "Double"]       8.4902967250637396e-03
   &QVIB [&Type "Double"]       2.5311554339381556e-04
   &QTRANS [&Type "Double"]       1.7903313364284894e-02
   &ENTROPYS [&Type "Double"]       2.6646725632742448e-02
   &FREEENERGYG [&Type "Double"]      -5.0005967753716243e+02
   &ISLINEAR [&Type "Boolean"] false
$End
$Hessian
   &GeometryIndex 1
   &ListStatus       OUT
   &HESSIAN [&Type "ArrayOfDoubles", &Dim (15,15)] "The Hessian"
                                                         0                           1                           2                           3                           4                           5                           6                           7

0                                      3.0649451103130138e-01         6.9820988555686914e-06        -1.0957873977535115e-05        -1.2158449657593025e-01        -3.5488185291119180e-06        -2.1729357020302129e-07        -6.1656153438528878e-02         7.7122914411470622e-02
1                                      6.9820988555686914e-06         5.6273914941193759e-01         1.5750961118873863e-05        -3.2634094140813281e-05        -3.3879655775768319e-02         5.9101227572692936e-06         7.8796446142779947e-02        -3.0168877934629834e-01
2                                     -1.0957873977535115e-05         1.5750961118873863e-05         5.6291743058568600e-01         4.4311914549836006e-06         3.9884539544741729e-06        -3.3889161754622865e-02        -3.7386598678548250e-03         1.1901346614698119e-02
3                                     -1.2158449657593025e-01        -3.2634094140813281e-05         4.4311914549836006e-06         1.9848848506073277e-01         3.6908037415149531e-06        -1.3283202138638728e-06        -2.5640321213879380e-02        -1.8574706226127113e-03
4                                     -3.5488185291119180e-06        -3.3879655775768319e-02         3.9884539544741729e-06         3.6908037415149531e-06         2.2544217478139346e-02        -4.8253229805654378e-06         2.2197693877672772e-02         6.5852580286820898e-03
5                                     -2.1729357020302129e-07         5.9101227572692936e-06        -3.3889161754622865e-02        -1.3283202138638728e-06        -4.8253229805654378e-06         2.2523702157562477e-02        -1.0532576495815328e-03        -2.6794026934697055e-04
6                                     -6.1656153438528878e-02         7.8796446142779947e-02        -3.7386598678548250e-03        -2.5640321213879380e-02         2.2197693877672772e-02        -1.0532576495815328e-03         7.7343706252673505e-02        -8.2609558239608846e-02
7                                      7.7122914411470622e-02        -3.0168877934629834e-01         1.1901346614698119e-02        -1.8574706226127113e-03         6.5852580286820898e-03        -2.6794026934697055e-04        -8.2609558239608846e-02         3.1774206236920077e-01
8                                     -3.6560409628699901e-03         1.1869521619511336e-02        -5.0897590597184225e-02         9.7196969520956054e-05        -2.6729784738940078e-04         9.6817348177243891e-04         3.9116079696722046e-03        -1.2857965323772279e-02
9                                     -6.1625974497060212e-02        -4.2631773958877447e-02        -6.6403683441692354e-02        -2.5632630971645996e-02        -1.2007414258136678e-02        -1.8688854414339907e-02         4.9774813935339491e-03         3.9743358778326771e-03
10                                    -4.1735979327722286e-02        -1.2391362902795605e-01        -1.1462631011548186e-01         1.0163437070488911e-03         2.6068208914060620e-03         2.5751952904649500e-03        -9.0386612899066403e-03        -1.2415832780871862e-02
11                                    -6.4949666591566008e-02        -1.1453518048448671e-01        -2.2872453722916830e-01         1.5847725132188996e-03         2.5733142807295752e-03         4.9646614070519585e-03         1.5342153358478532e-03         3.0711318239495453e-03
12                                    -6.1627886519782002e-02        -3.6141102828499430e-02         7.0142510811932166e-02        -2.5631036299277151e-02        -1.0185096778479650e-02         1.9740340785675603e-02         4.9752870062008021e-03         3.1710590399444821e-03
13                                    -3.5388285724192621e-02        -1.0325708526191482e-01         1.0271405474577469e-01         8.6474537969427091e-04         2.1433593775408242e-03        -2.3089827871978605e-03        -9.1472009579634563e-03        -1.0222708270712666e-02
14                                     6.8623241902121310e-02         1.0263516712103493e-01        -2.4940614100471056e-01        -1.6817554619510712e-03        -2.3045365980109058e-03         5.4326247082359946e-03        -6.6749022487319100e-04        -1.8368463834830956e-03
                                                         8                           9                          10                          11                          12                          13                          14

0                                     -3.6560409628699901e-03        -6.1625974497060212e-02        -4.1735979327722286e-02        -6.4949666591566008e-02        -6.1627886519782002e-02        -3.5388285724192621e-02         6.8623241902121310e-02
1                                      1.1869521619511336e-02        -4.2631773958877447e-02        -1.2391362902795605e-01        -1.1453518048448671e-01        -3.6141102828499430e-02        -1.0325708526191482e-01         1.0263516712103493e-01
2                                     -5.0897590597184225e-02        -6.6403683441692354e-02        -1.1462631011548186e-01        -2.2872453722916830e-01         7.0142510811932166e-02         1.0271405474577469e-01        -2.4940614100471056e-01
3                                      9.7196969520956054e-05        -2.5632630971645996e-02         1.0163437070488911e-03         1.5847725132188996e-03        -2.5631036299277151e-02         8.6474537969427091e-04        -1.6817554619510712e-03
4                                     -2.6729784738940078e-04        -1.2007414258136678e-02         2.6068208914060620e-03         2.5733142807295752e-03        -1.0185096778479650e-02         2.1433593775408242e-03        -2.3045365980109058e-03
5                                      9.6817348177243891e-04        -1.8688854414339907e-02         2.5751952904649500e-03         4.9646614070519585e-03         1.9740340785675603e-02        -2.3089827871978605e-03         5.4326247082359946e-03
6                                      3.9116079696722046e-03         4.9774813935339491e-03        -9.0386612899066403e-03         1.5342153358478532e-03         4.9752870062008021e-03        -9.1472009579634563e-03        -6.6749022487319100e-04
7                                     -1.2857965323772279e-02         3.9743358778326771e-03        -1.2415832780871862e-02         3.0711318239495453e-03         3.1710590399444821e-03        -1.0222708270712666e-02        -1.8368463834830956e-03
8                                      4.6326414744730302e-02         8.2543070911952343e-03        -2.4574596491840059e-02         2.8759870119193618e-03        -8.5934866307289144e-03         2.5820611581445087e-02         7.2701535876212170e-04
9                                      8.2543070911952343e-03         7.7309366695629933e-02         4.4719185133095793e-02         6.9594409560615328e-02         4.9717573795423266e-03         5.8392773083900239e-03         7.0723190445009087e-03
10                                    -2.4574596491840059e-02         4.4719185133095793e-02         1.2537305749746616e-01         1.2400181650086645e-01         5.1455016751798706e-03         8.3495834199556959e-03         1.2616538380977285e-02
11                                     2.8759870119193618e-03         6.9594409560615328e-02         1.2400181650086645e-01         2.3870075397267582e-01        -7.5922286583952614e-03        -1.5103725686045615e-02        -1.7816865162478809e-02
12                                    -8.5934866307289144e-03         4.9717573795423266e-03         5.1455016751798706e-03        -7.5922286583952614e-03         7.7311878433316036e-02         3.7920551442963253e-02        -7.3521725784140776e-02
13                                     2.5820611581445087e-02         5.8392773083900239e-03         8.3495834199556959e-03        -1.5103725686045615e-02         3.7920551442963253e-02         1.0298685073513097e-01        -1.1111614018724726e-01
14                                     7.2701535876212170e-04         7.0723190445009087e-03         1.2616538380977285e-02        -1.7816865162478809e-02        -7.3521725784140776e-02        -1.1111614018724726e-01         2.6106336610019126e-01
   &MODES [&Type "ArrayOfDoubles", &Dim (15,15)] "The modes of vibrations"
                                                         0                           1                           2                           3                           4                           5                           6                           7

0                                      0.0000000000000000e+00         0.0000000000000000e+00         0.0000000000000000e+00         0.0000000000000000e+00         0.0000000000000000e+00         0.0000000000000000e+00        -2.3091504691048367e-01        -3.5425253730303276e-06
1                                      0.0000000000000000e+00         0.0000000000000000e+00         0.0000000000000000e+00         0.0000000000000000e+00         0.0000000000000000e+00         0.0000000000000000e+00         1.1560175394738097e-05         1.8709617300880554e-02
2                                      0.0000000000000000e+00         0.0000000000000000e+00         0.0000000000000000e+00         0.0000000000000000e+00         0.0000000000000000e+00         0.0000000000000000e+00         2.4972384242349890e-07         1.0443709289551695e-01
3                                      0.0000000000000000e+00         0.0000000000000000e+00         0.0000000000000000e+00         0.0000000000000000e+00         0.0000000000000000e+00         0.0000000000000000e+00         9.0804967294615041e-02        -3.4582549633783008e-06
4                                      0.0000000000000000e+00         0.0000000000000000e+00         0.0000000000000000e+00         0.0000000000000000e+00         0.0000000000000000e+00         0.0000000000000000e+00        -2.0979886324258224e-06        -3.5193521994351332e-03
5                                      0.0000000000000000e+00         0.0000000000000000e+00         0.0000000000000000e+00         0.0000000000000000e+00         0.0000000000000000e+00         0.0000000000000000e+00         5.0316750877886425e-07        -1.9659154517211300e-02
6                                      0.0000000000000000e+00         0.0000000000000000e+00         0.0000000000000000e+00         0.0000000000000000e+00         0.0000000000000000e+00         0.0000000000000000e+00        -1.4749436304658953e-01        -8.9835071005219452e-02
7                                      0.0000000000000000e+00         0.0000000000000000e+00         0.0000000000000000e+00         0.0000000000000000e+00         0.0000000000000000e+00         0.0000000000000000e+00         2.2266105255475101e-02        -2.7323195118322284e-02
8                                      0.0000000000000000e+00         0.0000000000000000e+00         0.0000000000000000e+00         0.0000000000000000e+00         0.0000000000000000e+00         0.0000000000000000e+00        -1.0788163989696477e-03        -2.5212715763880444e-01
9                                      0.0000000000000000e+00         0.0000000000000000e+00         0.0000000000000000e+00         0.0000000000000000e+00         0.0000000000000000e+00         0.0000000000000000e+00        -1.4737699266027407e-01         6.4194257919971764e-01
10                                     0.0000000000000000e+00         0.0000000000000000e+00         0.0000000000000000e+00         0.0000000000000000e+00         0.0000000000000000e+00         0.0000000000000000e+00        -1.2069291635730778e-02         2.2788806817438244e-02
11                                     0.0000000000000000e+00         0.0000000000000000e+00         0.0000000000000000e+00         0.0000000000000000e+00         0.0000000000000000e+00         0.0000000000000000e+00        -1.8786508885241811e-02        -1.4554017809965186e-01
12                                     0.0000000000000000e+00         0.0000000000000000e+00         0.0000000000000000e+00         0.0000000000000000e+00         0.0000000000000000e+00         0.0000000000000000e+00        -1.4737852232306559e-01        -5.5194366416129192e-01
13                                     0.0000000000000000e+00         0.0000000000000000e+00         0.0000000000000000e+00         0.0000000000000000e+00         0.0000000000000000e+00         0.0000000000000000e+00        -1.0260771234507037e-02        -9.4621980622035126e-02
14                                     0.0000000000000000e+00         0.0000000000000000e+00         0.0000000000000000e+00         0.0000000000000000e+00         0.0000000000000000e+00         0.0000000000000000e+00         1.9844652436234879e-02        -1.5532663020337059e-01
                                                         8                           9                          10                          11                          12                          13                          14

0                                      2.4126470613302572e-05         9.2322010299217133e-02         8.7546732835964904e-05        -7.0615758759020323e-05        -4.0064949204484834e-02         4.1619847710917544e-05         7.5127800911404374e-06
1                                     -1.0446173647609561e-01         1.2533520528567438e-04        -6.1728512818112029e-02         1.4495221305023457e-02        -9.8267423814428796e-05        -9.0681578596963658e-02        -5.4968475680449436e-03
2                                      1.8708772226907758e-02        -2.4705926831254686e-05        -1.4499038727709699e-02        -6.1783173618602284e-02         2.5858014917552896e-05        -5.5065189302340150e-03         9.0672053928573623e-02
3                                      1.6280943322073893e-05         1.2408446873978971e-02         1.0095860490430118e-05        -5.1254580413878268e-06        -3.9865348620109838e-04         2.3006706034924010e-06         9.8337510228150661e-07
4                                      1.9657760961643719e-02        -7.6256112863050021e-06        -2.9285408307354976e-03         6.9080117667513318e-04        -6.3828920801159526e-07         1.9793709024284938e-04         1.2016287499531919e-05
5                                     -3.5196254119119964e-03        -1.4304973861867241e-06        -6.8868141940114393e-04        -2.9206277768096143e-03        -1.4034800999133712e-07         1.2265233627628291e-05        -1.9791306982703093e-04
6                                      6.8887896470768983e-01        -5.1221439067765295e-01        -3.0204945310658182e-01         8.6575419625839478e-02         1.6351922408677338e-01        -2.2827232179276116e-01        -2.4754790022833564e-02
7                                      1.1637400125599288e-01        -1.8059566135550972e-01        -1.2593307206919399e-01         7.1116710607199846e-02        -5.4403198212909809e-01         7.3210292917040143e-01         8.0346113453941687e-02
8                                     -3.8681392891423250e-02         8.8146588297887459e-03         2.0246836909960306e-01         6.8492409673331900e-01         2.5720438815461870e-02        -3.6778354304997478e-02         1.5900743508529769e-02
9                                     -2.6700876950800639e-01        -5.1202262253797093e-01         2.2492892869114237e-01         2.1818876357046968e-01         1.6391586243209694e-01         1.3527060749741324e-01        -1.8518367712310779e-01
10                                     2.2337512204785442e-01         9.7000414943800684e-02         3.6377379662424536e-01        -4.8505011968897033e-01         2.9503031001616942e-01         2.2135388023487654e-01        -3.3129898201842484e-01
11                                    -8.8996045488638667e-02         1.5263383591029056e-01        -3.5362419526896072e-01         1.9539300946208704e-01         4.5912197655488379e-01         3.7410385627363346e-01        -4.9409344437026981e-01
12                                    -4.2273030563830866e-01        -5.1226728512472641e-01         7.5722258195141501e-02        -3.0374247809472504e-01         1.6398710290707702e-01         9.2424867404711647e-02         2.0981436040072726e-01
13                                     2.1358750114181654e-01         8.2369998044890674e-02         6.0069769362987813e-01         2.1691646740389334e-01         2.5019504442912588e-01         1.2011360415399831e-01         3.1602888314689082e-01
14                                     2.8540748410941803e-02        -1.6110379403471956e-01         3.4814369970164938e-01        -4.1405682679271819e-02        -4.8514559479413200e-01        -2.7214300242177047e-01        -5.9526506468540230e-01
$End
