*************************************************
******************* ORCA 6.0.0 ******************
*************************************************
$Calculation_Status
   &GeometryIndex 1
   &ListStatus       OUT
   &VERSION [&Type "String"] "6.0.0"
   &PROGNAME [&Type "String"] "LeanSCF"
   &STATUS [&Type "String"] "NORMAL TERMINATION"
$End
$Geometry
   &GeometryIndex 1
   &ListStatus       OUT
   &NATOMS [&Type "Integer"] 14
   &NCORELESSECP [&Type "Integer"] 0
   &NGHOSTATOMS [&Type "Integer"] 0
   &CartesianCoordinates [&Type "Coordinates", &Dim(14,4), &Units "Bohr"] 
              C     -1.375121934933   -3.447055974236   -0.000092095236
              C      1.142789538391   -2.709986034937   -0.000312281779
              C      1.700020747662   -0.119577248618   -0.000559704567
              C     -0.210514493354    1.707853524726   -0.000229030839
              C     -2.717048427159    0.912527468920    0.000015355726
              C     -3.303569484438   -1.661320910672   -0.000023006471
              O     -4.539078554831    2.748457724913    0.000075209966
              C      4.266412020565    0.674429532305   -0.000824960322
              N      6.366228187572    1.309638537771    0.001312922569
              H     -1.850748378688   -5.440853646644   -0.000091398116
              H      2.657286482004   -4.087487266787   -0.000402779252
              H      0.243722185266    3.705144262352   -0.000273500063
              H     -5.269879216943   -2.250642358967   -0.000027537278
              H     -6.192695213438    1.965453699983    0.000112327589
$End
$SCF_Energy
   &GeometryIndex 1
   &ListStatus       OUT
   &SCF_ENERGY [&Type "Double"]      -3.9965187192589678e+02
$End
$DFT_Energy
   &GeometryIndex 1
   &ListStatus       OUT
   &NALPHAEL [&Type "Integer"] 31
   &NBETAEL [&Type "Integer"] 31
   &NTOTALEL [&Type "Integer"] 62
   &EEXCHANGE [&Type "Double"]      -5.3107772891237012e+01
   &ECORR [&Type "Double"]      -2.0200908688248145e+00
   &ECNL [&Type "Double"]       0.0000000000000000e+00
   &EXC [&Type "Double"]      -5.5127863760061828e+01
   &EEMBED [&Type "Double"]       0.0000000000000000e+00
   &FINALEN [&Type "Double"]      -3.9965187192589678e+02  "No Van der Waals correction"
$End
$Mulliken_Population_Analysis
   &GeometryIndex 1
   &ListStatus       OUT
   &NATOMS [&Type "Integer"] 14
   &ATNO [&Type "ArrayOfIntegers", &Dim (14,1)] 
                                                         0

0                                                        6
1                                                        6
2                                                        6
3                                                        6
4                                                        6
5                                                        6
6                                                        8
7                                                        6
8                                                        7
9                                                        1
10                                                       1
11                                                       1
12                                                       1
13                                                       1
   &ATOMICCHARGES [&Type "ArrayOfDoubles", &Dim (14,1)] 
                                                         0

0                                     -6.9189200786167859e-02
1                                     -2.8044368434601274e-01
2                                      3.6002657236097768e-01
3                                     -3.5744593524218260e-01
4                                      3.4126178748681113e-01
5                                     -2.1401314574705665e-01
6                                     -3.8724671201861405e-01
7                                     -1.4069895535365884e-01
8                                     -6.6466780375398216e-02
9                                      1.2375742950483659e-01
10                                     1.3100379980154364e-01
11                                     1.3315017155952846e-01
12                                     1.0761142900012077e-01
13                                     3.1869322415463130e-01
$End
$Loewdin_Population_Analysis
   &GeometryIndex 1
   &ListStatus       OUT
   &NATOMS [&Type "Integer"] 14
   &ATNO [&Type "ArrayOfIntegers", &Dim (14,1)] 
                                                         0

0                                                        6
1                                                        6
2                                                        6
3                                                        6
4                                                        6
5                                                        6
6                                                        8
7                                                        6
8                                                        7
9                                                        1
10                                                       1
11                                                       1
12                                                       1
13                                                       1
   &ATOMICCHARGES [&Type "ArrayOfDoubles", &Dim (14,1)] 
                                                         0

0                                     -1.2594561422068740e-01
1                                     -9.2951042318154542e-02
2                                     -1.4791044385317065e-01
3                                     -5.4657430500677506e-02
4                                     -2.6217888663022126e-01
5                                     -1.2784890518353276e-01
6                                      9.0593083442744415e-02
7                                     -1.4993396897785960e-01
8                                      6.5914554884169085e-02
9                                      1.4990593542742847e-01
10                                     1.5531422125213556e-01
11                                     1.6205809737700072e-01
12                                     1.4543900751364225e-01
13                                     1.9220139178651907e-01
$End
$Mayer_Population_Analysis
   &GeometryIndex 1
   &ListStatus       OUT
   &NATOMS [&Type "Integer"] 14 "Total number of atoms"
   &BONDTHRESH [&Type "Double"]       1.0000000000000001e-01  "The threshold for printing"
   &NBONDORDERSPRINT [&Type "Integer"] 14 "The number of bond orders larger than threshold"
   &BONDORDERS [&Type "ArrayOfDoubles", &Dim (14,1)] "The bond orders"
                                                         0

0                                      1.4342274666271997e+00
1                                      1.3810265643209430e+00
2                                      9.5800971160855597e-01
3                                      1.2962857242074517e+00
4                                      9.7857094352421314e-01
5                                      1.3055551225423416e+00
6                                      9.2976526195127207e-01
7                                      1.3755886273042153e+00
8                                      9.9016298780225886e-01
9                                      1.3109614231985856e+00
10                                     1.1326151529566184e+00
11                                     9.5962150925183587e-01
12                                     8.8025218238201974e-01
13                                     2.9896677059530794e+00
   &COMPONENTS [&Type "ArrayOfIntegers", &Dim (14,4)] "The indices and atomic numbers of the bonding atoms"
                                                         0                           1                           2                           3

0                                                        0                           6                           1                           6
1                                                        0                           6                           5                           6
2                                                        0                           6                           9                           1
3                                                        1                           6                           2                           6
4                                                        1                           6                          10                           1
5                                                        2                           6                           3                           6
6                                                        2                           6                           7                           6
7                                                        3                           6                           4                           6
8                                                        3                           6                          11                           1
9                                                        4                           6                           5                           6
10                                                       4                           6                           6                           8
11                                                       5                           6                          12                           1
12                                                       6                           8                          13                           1
13                                                       7                           6                           8                           7
   &ATNO [&Type "ArrayOfIntegers", &Dim (14,1)] "Atomic number of the elements"
                                                         0

0                                                        6
1                                                        6
2                                                        6
3                                                        6
4                                                        6
5                                                        6
6                                                        8
7                                                        6
8                                                        7
9                                                        1
10                                                       1
11                                                       1
12                                                       1
13                                                       1
   &NA [&Type "ArrayOfDoubles", &Dim (14,1)] "Mulliken gross atomic population"
                                                         0

0                                      6.0691892007861510e+00
1                                      6.2804436843460305e+00
2                                      5.6399734276390179e+00
3                                      6.3574459352422128e+00
4                                      5.6587382125132093e+00
5                                      6.2140131457470718e+00
6                                      8.3872467120186442e+00
7                                      6.1406989553536588e+00
8                                      7.0664667803754275e+00
9                                      8.7624257049516152e-01
10                                     8.6899620019845636e-01
11                                     8.6684982844047109e-01
12                                     8.9238857099988034e-01
13                                     6.8130677584536847e-01
   &ZA [&Type "ArrayOfDoubles", &Dim (14,1)] "Total nuclear charge"
                                                         0

0                                      6.0000000000000000e+00
1                                      6.0000000000000000e+00
2                                      6.0000000000000000e+00
3                                      6.0000000000000000e+00
4                                      6.0000000000000000e+00
5                                      6.0000000000000000e+00
6                                      8.0000000000000000e+00
7                                      6.0000000000000000e+00
8                                      7.0000000000000000e+00
9                                      1.0000000000000000e+00
10                                     1.0000000000000000e+00
11                                     1.0000000000000000e+00
12                                     1.0000000000000000e+00
13                                     1.0000000000000000e+00
   &QA [&Type "ArrayOfDoubles", &Dim (14,1)] "Mulliken gross atomic charge"
                                                         0

0                                     -6.9189200786150984e-02
1                                     -2.8044368434603051e-01
2                                      3.6002657236098212e-01
3                                     -3.5744593524221280e-01
4                                      3.4126178748679070e-01
5                                     -2.1401314574707175e-01
6                                     -3.8724671201864425e-01
7                                     -1.4069895535365884e-01
8                                     -6.6466780375427525e-02
9                                      1.2375742950483848e-01
10                                     1.3100379980154364e-01
11                                     1.3315017155952891e-01
12                                     1.0761142900011966e-01
13                                     3.1869322415463153e-01
   &VA [&Type "ArrayOfDoubles", &Dim (14,1)] "Mayer's total valence"
                                                         0

0                                      3.8773595577596658e+00
1                                      3.9847400276161866e+00
2                                      3.4915176384838889e+00
3                                      3.9407029990680451e+00
4                                      3.8819735038302334e+00
5                                      3.8667742739023745e+00
6                                      2.0979994615453252e+00
7                                      3.9359742432760383e+00
8                                      3.1189447954219784e+00
9                                      9.7661837722631550e-01
10                                     9.8378623913939434e-01
11                                     9.9450363061234992e-01
12                                     9.8602062003637603e-01
13                                     9.1669808795341146e-01
   &BVA [&Type "ArrayOfDoubles", &Dim (14,1)] "Mayer's bonded valence"
                                                         0

0                                      3.8773595577598847e+00
1                                      3.9847400276164220e+00
2                                      3.4915176384837348e+00
3                                      3.9407029990681157e+00
4                                      3.8819735038305523e+00
5                                      3.8667742739026720e+00
6                                      2.0979994615452320e+00
7                                      3.9359742432760809e+00
8                                      3.1189447954219824e+00
9                                      9.7661837722630962e-01
10                                     9.8378623913945140e-01
11                                     9.9450363061232161e-01
12                                     9.8602062003640556e-01
13                                     9.1669808795342100e-01
   &FA [&Type "ArrayOfDoubles", &Dim (14,1)] "Mayer's free valence"
                                                         0

0                                      0.0000000000000000e+00
1                                      0.0000000000000000e+00
2                                      0.0000000000000000e+00
3                                      0.0000000000000000e+00
4                                      0.0000000000000000e+00
5                                      0.0000000000000000e+00
6                                      0.0000000000000000e+00
7                                      0.0000000000000000e+00
8                                      0.0000000000000000e+00
9                                      0.0000000000000000e+00
10                                     0.0000000000000000e+00
11                                     0.0000000000000000e+00
12                                     0.0000000000000000e+00
13                                     0.0000000000000000e+00
$End
$VdW_Correction
   &GeometryIndex 1
   &ListStatus       OUT
   &VDW [&Type "Double"]      -4.6855661732842563e-03
$End
$Calculation_Info
   &GeometryIndex 1
   &ListStatus       OUT
   &MULT [&Type "Integer"] 1
   &CHARGE [&Type "Integer"] 0
   &NUMOFATOMS [&Type "Integer"] 14
   &NUMOFELECTRONS [&Type "Integer"] 62
   &NUMOFFCELECTRONS [&Type "Integer"] 1
   &NUMOFCORRELECTRONS [&Type "Integer"] 0
   &NUMOFBASISFUNCTS [&Type "Integer"] 309
   &NUMOFAUXCBASISFUNCTS [&Type "Integer"] 0
   &NUMOFAUXJBASISFUNCTS [&Type "Integer"] 325
   &NUMOFAUXJKBASISFUNCTS [&Type "Integer"] 0
   &NUMOFCABSBASISFUNCTS [&Type "Integer"] 0
   &TOTALENERGY [&Type "Double"]      -3.9965273229167008e+02  "Hartrees"
$End
$SCF_Dipole_Moment
   &GeometryIndex 1
   &ListStatus       OUT
   &METHOD [&Type "String"] "SCF"
   &LEVEL [&Type "String"] "Relaxed density"
   &MULT [&Type "Integer"] 1
   &STATE [&Type "Integer"] -1
   &IRREP [&Type "Integer"] 0
   &NATOMS [&Type "Integer"] 14
   &DODIPOLEATOM [&Type "Boolean"] false
   &DIPOLEELECCONTRIB [&Type "ArrayOfDoubles", &Dim (3,1)] "Electronic contribution"
                                                         0

0                                      3.0110503689434296e+00
1                                      2.1422844473006828e+00
2                                     -3.3923613077886498e-04
   &DIPOLENUCCONTRIB [&Type "ArrayOfDoubles", &Dim (3,1)] "Nuclear contribution"
                                                         0

0                                     -5.1880772546656742e+00
1                                     -3.0154312460241854e+00
2                                     -2.2105710800208799e-04
   &DIPOLETOTAL [&Type "ArrayOfDoubles", &Dim (3,1)] "Total"
                                                         0

0                                     -2.1770268857222446e+00
1                                     -8.7314679872350265e-01
2                                     -5.6029323878095303e-04
   &DIPOLEMAGNITUDE [&Type "Double", &Units "a.u."]       2.3455983686912618e+00
$End
$THERMOCHEMISTRY_Energies
   &GeometryIndex 1
   &ListStatus       OUT
   &TEMPERATURE [&Type "Double"]       2.9814999999999998e+02
   &PRESSURE [&Type "Double"]       1.0000000000000000e+00
   &TOTALMASS [&Type "Double"]       1.1912299999999999e+02
   &SPINDEGENERACY [&Type "Integer"] 1
   &ELENERGY [&Type "Double"]      -3.9965273229167008e+02
   &TRANSENERGY [&Type "Double"]       1.4162714244859817e-03
   &ROTENERGY [&Type "Double"]       1.4162714244859817e-03
   &VIBENERGY [&Type "Double"]       4.3005528396857801e-03
   &NUMOFFREQS [&Type "Integer"] 42
   &FREQSCALINGFACTOR [&Type "Double"]       1.0000000000000000e+00
   &FREQ [&Type "ArrayOfDoubles", &Dim (42,1)] "In cm^-1"
                                                         0

0                                      0.0000000000000000e+00
1                                      0.0000000000000000e+00
2                                      0.0000000000000000e+00
3                                      0.0000000000000000e+00
4                                      0.0000000000000000e+00
5                                      0.0000000000000000e+00
6                                      1.5175970577504441e+02
7                                      1.6493336937295484e+02
8                                      2.3416530369823261e+02
9                                      4.0235206886815126e+02
10                                     4.0864496578189232e+02
11                                     4.3660117248939599e+02
12                                     4.6614368404075708e+02
13                                     4.8246318521520362e+02
14                                     5.4154473845143423e+02
15                                     5.9094890979886111e+02
16                                     6.3101455616735802e+02
17                                     6.9577398716980179e+02
18                                     7.3331780123282829e+02
19                                     7.8419445260618181e+02
20                                     8.7565394586115667e+02
21                                     8.8974302169377370e+02
22                                     9.5102521835034679e+02
23                                     9.5555766136582861e+02
24                                     1.0168430890252699e+03
25                                     1.1118343358071600e+03
26                                     1.1582331650976382e+03
27                                     1.1896852519439024e+03
28                                     1.2182215205143902e+03
29                                     1.2949571859853831e+03
30                                     1.3272628133485900e+03
31                                     1.3607920334450721e+03
32                                     1.4918924321085633e+03
33                                     1.5104580724176326e+03
34                                     1.6105754180740753e+03
35                                     1.6439148715703502e+03
36                                     2.2817162039108043e+03
37                                     3.1583663780921356e+03
38                                     3.1807475851694708e+03
39                                     3.1990870224813661e+03
40                                     3.2021536588242698e+03
41                                     3.7499884152194954e+03
   &ZPE [&Type "Double"]       1.0275120860629854e-01
   &INNERENERGYU [&Type "Double"]      -3.9954284798737507e+02
   &ENTHALPYH [&Type "Double"]      -3.9954190377833282e+02
   &QEL [&Type "Double"]       0.0000000000000000e+00
   &QROT [&Type "Double"]       1.3708295783752543e-02
   &QVIB [&Type "Double"]       6.7809027662410065e-03
   &QTRANS [&Type "Double"]       1.9119070338798890e-02
   &ENTROPYS [&Type "Double"]       3.9608268888792438e-02
   &FREEENERGYG [&Type "Double"]      -3.9958151204722162e+02
   &ISLINEAR [&Type "Boolean"] false
$End
$Hessian
   &GeometryIndex 1
   &ListStatus       OUT
   &HESSIAN [&Type "ArrayOfDoubles", &Dim (42,42)] "The Hessian"
                                                         0                           1                           2                           3                           4                           5                           6                           7

0                                      6.6632464555512594e-01         1.9343064742766876e-02        -3.0621485466712651e-05        -3.1887254932392917e-01        -2.8937140821004528e-02         2.6602887844996887e-05        -3.7268742373906035e-03        -7.8483746808054741e-02
1                                      1.9343064742766876e-02         7.3170704042793444e-01        -6.5371975395111669e-06        -8.5194268321369865e-02        -1.4285817483271734e-01         7.0756304465903534e-06        -3.6326942335407043e-02        -7.2659392026354734e-03
2                                     -3.0621485466712651e-05        -6.5371975395111669e-06         1.2812014436175964e-01         1.8216858666615970e-05        -2.3995478523220343e-06        -5.8338031976879340e-02         3.7357242812064596e-06         9.7344756776218733e-06
3                                     -3.1887254932392917e-01        -8.5194268321369865e-02         1.8216858666615970e-05         7.1546009003879196e-01        -4.9443431107878778e-02        -5.7654573033291337e-05        -1.1831219118126873e-01        -6.7859982691118358e-03
4                                     -2.8937140821004528e-02        -1.4285817483271734e-01        -2.3995478523220343e-06        -4.9443431107878778e-02         6.7415973679514218e-01        -2.2521364731411282e-05        -4.8578356880247045e-02        -2.9763297271518574e-01
5                                      2.6602887844996887e-05         7.0756304465903534e-06        -5.8338031976879340e-02        -5.7654573033291337e-05        -2.2521364731411282e-05         1.2254152492942343e-01         1.0618708516493084e-05         1.9372245063867159e-05
6                                     -3.7268742373906035e-03        -3.6326942335407043e-02         3.7357242812064596e-06        -1.1831219118126873e-01        -4.8578356880247045e-02         1.0618708516493084e-05         6.7088723381128179e-01         4.9916973422021241e-03
7                                     -7.8483746808054741e-02        -7.2659392026354734e-03         9.7344756776218733e-06        -6.7859982691118358e-03        -2.9763297271518574e-01         1.9372245063867159e-05         4.9916973422021241e-03         6.4351161035709525e-01
8                                      4.6365695324190702e-08         6.2710509852664702e-06         6.9751132777703638e-03         1.8211032709345102e-05         2.5353504269406240e-05        -6.2391009172436146e-02        -3.6548815437481918e-05        -2.6160821318545401e-06
9                                     -5.3991064482637650e-02         8.4060554167419629e-03         5.4364912665824773e-06         4.3382031323217378e-02         4.9952153825858769e-02        -3.3880876131206307e-06        -2.1049606681866054e-01         7.9940029829430770e-02
10                                     1.3423920703259141e-02        -2.0900658774846582e-03        -1.4673605448908338e-06         1.3952028320944870e-02        -4.5615344241850111e-02        -1.4968478876725918e-06         1.2009117499860403e-01        -2.2367215281354019e-01
11                                     7.3626485968244520e-06        -1.1508878224714377e-06        -3.4116696558566389e-03        -4.0728211850166148e-06        -3.8284549838063497e-06         9.8992084253963324e-03         2.5595507835518146e-05        -1.6897489815223908e-05
12                                     5.6904566322286847e-02         1.4498278772218470e-02        -5.7740632508931986e-06        -2.8664570778652518e-02        -3.6770924276021064e-02         3.3363659198260541e-06        -5.4226770107233237e-02         4.8417647264891311e-02
13                                     6.0689324065240483e-02        -4.7547039619928899e-02        -6.6892300769439018e-06        -3.7155200251817698e-02        -3.3620422698710753e-02         6.6714669514670282e-06         4.4883192654226467e-03         5.5948250604144004e-02
14                                    -7.4457919336297404e-06         2.4065015062848245e-07         8.5175250043031253e-05         2.9235203370899549e-06         4.9258666537023400e-06        -4.4678278560926731e-03         1.0522548175466334e-05        -4.7305744418014566e-06
15                                    -2.3838467537546501e-01         1.3389004582145661e-01         5.1803249806568518e-06        -5.3327835988369654e-02         5.8922056462949275e-03         4.9519332684122322e-06        -3.5250204065320548e-03         1.7943387805482054e-02
16                                     7.6429622739251024e-02        -2.2480903269106117e-01        -2.8624319239985703e-07         4.7609648913994627e-02         4.9684383616240467e-02        -4.7585810520871545e-06         1.2403332364588501e-02        -5.2061346105217850e-02
17                                     5.4076001062160517e-06        -5.5733681352373581e-06        -5.2492207302896249e-02         4.0097554021654517e-06         1.0956498087924227e-07         5.8761512472334573e-03         1.1453335853163219e-07        -8.1063100082552480e-07
18                                    -2.6522786773252168e-03        -1.8458759899794407e-03         1.5118588317726712e-06        -6.3802384094424863e-04         6.0648833188876638e-03         1.0090663843416511e-07         4.8916413785118039e-04        -9.3123954376555067e-03
19                                    -1.1416896968842526e-02        -1.6001696326668965e-03         1.0578196798473006e-06         6.4149160396929309e-03         8.2897847284946896e-04        -1.5702947685781352e-06        -3.3735428980627086e-03        -4.8630310363207791e-03
20                                     1.0296602857890907e-06        -5.2259185196328490e-07         7.2451958292091088e-03        -1.0442475761239128e-06        -1.0351935780533157e-06        -1.4253032056311911e-03        -4.3954763384232861e-07         5.6940041414755401e-07
21                                     7.4022322172689796e-03        -2.0128106504798114e-03        -2.9303860631880632e-06        -2.2425913066459947e-02        -2.8030838830740971e-02         4.8394208089828639e-06        -2.6896361512159717e-01        -5.6608110189881988e-02
22                                    -5.0879605754847353e-04        -7.6250027510257187e-03         2.5752017645236167e-06        -4.0731358938106151e-02        -1.1683412693547706e-02         3.8504262241247932e-06        -5.7206455335885337e-02        -1.0056805190755397e-01
23                                     7.2847642630291246e-07         3.7625195818894682e-06         7.3882990859424919e-03        -7.8907203944189168e-07        -6.7660738439764007e-06         1.6862913227632340e-03        -3.1220218692472351e-05        -8.0490835894776523e-06
24                                    -2.6267662536334987e-03        -7.5642319823379482e-04         3.4740142648981473e-06         1.1821441256699653e-03         1.0526559351557016e-02        -2.2060624634563032e-06        -2.2593636266018929e-02        -1.3314948058066704e-02
25                                    -2.5558337703102791e-04         1.2385600601796463e-03        -2.3583654868399461e-07         3.6526715822096639e-03         1.4722059623128981e-03         4.3204880684012165e-07        -1.3240282086915661e-02         1.6370068593482251e-02
26                                    -2.1827881970510083e-06        -5.8704699783702331e-07        -1.2856920140903309e-03         6.2607017481405313e-07         8.2846089750941311e-06         1.6003777939161590e-03         2.4314210309329926e-05         6.9328904479841336e-06
27                                    -7.3241179372664403e-02        -6.2739963387491340e-02         1.7715432203736969e-07        -1.9963075247704191e-03        -3.0450463336741982e-02         2.0758066219027100e-07        -5.5974602281773827e-03        -1.4173745500845577e-03
28                                    -6.2592547622759995e-02        -3.2060353903787231e-01         1.7173635756370772e-06        -1.4428540073870705e-04        -5.3202756202375655e-03        -4.6215876303755957e-07        -1.5155522903425869e-03         1.7741527145653958e-03
29                                    -2.7121350768873433e-06         1.2772080192572361e-07        -3.5086537373178732e-02         2.8441046181318331e-06         3.6618032554571402e-06         2.4397569851100816e-03         1.2240123431560248e-06        -1.6151430772239242e-07
30                                    -1.6282434022098728e-02         2.1656169015907369e-02         1.0925303025213294e-06        -2.1231993600938132e-01         1.4227557319322170e-01         1.2655049771974223e-05         7.9521717414851364e-03        -7.3919908376638421e-03
31                                    -8.6407085056454946e-03         1.0389481837923259e-02         1.4934029719046132e-06         1.4042720088950905e-01        -1.8679971919722715e-01        -6.4213645266679011e-06         2.3330682508719402e-02        -1.6148041524670274e-02
32                                     1.0516356410366014e-07        -3.2348051570383705e-06         1.1437435182399779e-03         1.4762967598855132e-05        -4.1301665972002002e-06        -3.1119927607628488e-02        -2.0269908781811871e-06        -1.1434215956558199e-06
33                                    -1.1179606679453142e-03         5.7513544745138980e-04         2.1127956679017272e-07        -3.5223922043088264e-03         2.9660588131448324e-03         1.4480351887957120e-06         8.3883248805362715e-03         2.3099162017183403e-02
34                                    -9.9635451963121270e-05         7.6146531122022886e-04         7.2365634236190126e-07         3.9595000646239671e-03         1.1313117462271975e-04        -7.3708010897102708e-07        -6.4390889549766211e-03        -1.5189856541842964e-02
35                                     1.5413620821211836e-06         2.6078472486600677e-07        -7.6656340939881666e-04         1.1405150182485734e-06        -1.2910131001882023e-06         6.1570952150069970e-03        -2.3843600241345065e-06        -1.1334698640114176e-06
36                                    -1.8319377754543082e-02        -9.1858469169376414e-03         8.8447365520860304e-07        -9.7657907937716238e-04         4.5612716922056925e-03        -1.3940107033324021e-06         5.8523063777659624e-04         3.9688401250082407e-04
37                                     2.1331293950290903e-02         1.0878264343277801e-02         5.6960149588493835e-08         3.6089739512537166e-03        -2.5505284367166011e-03        -6.9703024427464607e-07         8.5340912849705779e-04        -1.3486051427893295e-03
38                                     1.3305531065994871e-08         5.1045087243391286e-07         9.5687388529350041e-04         1.3304615137082185e-06         9.0262505968183664e-07         7.5398021432910639e-03         4.4481876528577441e-07         4.4607679249115543e-07
39                                    -1.4162839270491744e-03        -3.1199712814143458e-04        -7.0847234698048164e-07         1.0320335097827120e-03        -2.6943037316026275e-05        -3.6141384348459144e-07        -8.6049084205217386e-04        -1.4141919111668754e-03
40                                    -2.7679187646083509e-04        -5.7584833514277140e-04        -4.0269996736194995e-07        -1.7100502442602208e-04        -1.7758558497471590e-04         2.8574588143949667e-07         4.6155296379880623e-04         1.1459147204697247e-03
41                                     2.3842753102066330e-07         1.6325501087085813e-08        -5.3384347595802515e-04        -2.6131316852076004e-07        -2.8899979889180305e-07         1.8917565271154851e-06         5.7395583495552454e-07         2.5431066716986429e-07
                                                         8                           9                          10                          11                          12                          13                          14                          15

0                                      4.6365695324190702e-08        -5.3991064482637650e-02         1.3423920703259141e-02         7.3626485968244520e-06         5.6904566322286847e-02         6.0689324065240483e-02        -7.4457919336297404e-06        -2.3838467537546501e-01
1                                      6.2710509852664702e-06         8.4060554167419629e-03        -2.0900658774846582e-03        -1.1508878224714377e-06         1.4498278772218470e-02        -4.7547039619928899e-02         2.4065015062848245e-07         1.3389004582145661e-01
2                                      6.9751132777703638e-03         5.4364912665824773e-06        -1.4673605448908338e-06        -3.4116696558566389e-03        -5.7740632508931986e-06        -6.6892300769439018e-06         8.5175250043031253e-05         5.1803249806568518e-06
3                                      1.8211032709345102e-05         4.3382031323217378e-02         1.3952028320944870e-02        -4.0728211850166148e-06        -2.8664570778652518e-02        -3.7155200251817698e-02         2.9235203370899549e-06        -5.3327835988369654e-02
4                                      2.5353504269406240e-05         4.9952153825858769e-02        -4.5615344241850111e-02        -3.8284549838063497e-06        -3.6770924276021064e-02        -3.3620422698710753e-02         4.9258666537023400e-06         5.8922056462949275e-03
5                                     -6.2391009172436146e-02        -3.3880876131206307e-06        -1.4968478876725918e-06         9.8992084253963324e-03         3.3363659198260541e-06         6.6714669514670282e-06        -4.4678278560926731e-03         4.9519332684122322e-06
6                                     -3.6548815437481918e-05        -2.1049606681866054e-01         1.2009117499860403e-01         2.5595507835518146e-05        -5.4226770107233237e-02         4.4883192654226467e-03         1.0522548175466334e-05        -3.5250204065320548e-03
7                                     -2.6160821318545401e-06         7.9940029829430770e-02        -2.2367215281354019e-01        -1.6897489815223908e-05         4.8417647264891311e-02         5.5948250604144004e-02        -4.7305744418014566e-06         1.7943387805482054e-02
8                                      1.4078960403431379e-01         3.5130703594326089e-05        -1.7635432529387997e-05        -5.8093486401841421e-02         5.1431450813998863e-06        -4.6304409470760010e-06         1.1795343238974725e-03        -5.9913167203899530e-07
9                                      3.5130703594326089e-05         6.7356723569287391e-01         1.4672781247890860e-02        -6.7298437339705363e-05        -2.8910634826703990e-01        -4.0163752141322728e-02         1.3406223978334225e-05         6.8678004032772383e-03
10                                    -1.7635432529387997e-05         1.4672781247890860e-02         7.4160948650419167e-01         4.8200244964156767e-06        -1.0182719419162445e-01        -1.5409617604027323e-01         1.1796156883557100e-05        -3.4248266070365123e-02
11                                    -5.8093486401841421e-02        -6.7298437339705363e-05         4.8200244964156767e-06         1.2178035090182582e-01         2.5177006946958626e-05         6.3501225237353924e-06        -6.5960055137740975e-02        -3.8077531468262877e-07
12                                     5.1431450813998863e-06        -2.8910634826703990e-01        -1.0182719419162445e-01         2.5177006946958626e-05         6.9858372503090493e-01         2.2887558722820549e-02        -3.4094701493287370e-05        -1.4628091245115532e-01
13                                    -4.6304409470760010e-06        -4.0163752141322728e-02        -1.5409617604027323e-01         6.3501225237353924e-06         2.2887558722820549e-02         6.6862568840939607e-01         7.7405865897420479e-06        -8.8596563776332488e-02
14                                     1.1795343238974725e-03         1.3406223978334225e-05         1.1796156883557100e-05        -6.5960055137740975e-02        -3.4094701493287370e-05         7.7405865897420479e-06         1.5494377197827347e-01         2.1070834828602633e-06
15                                    -5.9913167203899530e-07         6.8678004032772383e-03        -3.4248266070365123e-02        -3.8077531468262877e-07        -1.4628091245115532e-01        -8.8596563776332488e-02         2.1070834828602633e-06         7.3447837965271001e-01
16                                    -8.2894722477984101e-07        -6.8452767538475137e-02        -1.7666068607020882e-03         5.6583923366119094e-06        -1.7830030905719333e-02        -2.8899387808724708e-01        -8.7094433511017933e-06         3.6134761197209762e-03
