
$orca_hessian_file

$act_atom
  0

$act_coord
  0

$act_energy
        0.000000

$multiplicity
  1

$hessian
42
                    0                  1                  2                  3                  4        
    0      6.6632464556E-01   1.9343064743E-02  -3.0621485467E-05  -3.1887254932E-01  -2.8937140821E-02
    1      1.9343064743E-02   7.3170704043E-01  -6.5371975395E-06  -8.5194268321E-02  -1.4285817483E-01
    2     -3.0621485467E-05  -6.5371975395E-06   1.2812014436E-01   1.8216858667E-05  -2.3995478523E-06
    3     -3.1887254932E-01  -8.5194268321E-02   1.8216858667E-05   7.1546009004E-01  -4.9443431108E-02
    4     -2.8937140821E-02  -1.4285817483E-01  -2.3995478523E-06  -4.9443431108E-02   6.7415973680E-01
    5      2.6602887845E-05   7.0756304466E-06  -5.8338031977E-02  -5.7654573033E-05  -2.2521364731E-05
    6     -3.7268742374E-03  -3.6326942335E-02   3.7357242812E-06  -1.1831219118E-01  -4.8578356880E-02
    7     -7.8483746808E-02  -7.2659392026E-03   9.7344756776E-06  -6.7859982691E-03  -2.9763297272E-01
    8      4.6365695324E-08   6.2710509853E-06   6.9751132778E-03   1.8211032709E-05   2.5353504269E-05
    9     -5.3991064483E-02   8.4060554167E-03   5.4364912666E-06   4.3382031323E-02   4.9952153826E-02
   10      1.3423920703E-02  -2.0900658775E-03  -1.4673605449E-06   1.3952028321E-02  -4.5615344242E-02
   11      7.3626485968E-06  -1.1508878225E-06  -3.4116696559E-03  -4.0728211850E-06  -3.8284549838E-06
   12      5.6904566322E-02   1.4498278772E-02  -5.7740632509E-06  -2.8664570779E-02  -3.6770924276E-02
   13      6.0689324065E-02  -4.7547039620E-02  -6.6892300769E-06  -3.7155200252E-02  -3.3620422699E-02
   14     -7.4457919336E-06   2.4065015063E-07   8.5175250043E-05   2.9235203371E-06   4.9258666537E-06
   15     -2.3838467538E-01   1.3389004582E-01   5.1803249807E-06  -5.3327835988E-02   5.8922056463E-03
   16      7.6429622739E-02  -2.2480903269E-01  -2.8624319240E-07   4.7609648914E-02   4.9684383616E-02
   17      5.4076001062E-06  -5.5733681352E-06  -5.2492207303E-02   4.0097554022E-06   1.0956498088E-07
   18     -2.6522786773E-03  -1.8458759900E-03   1.5118588318E-06  -6.3802384094E-04   6.0648833189E-03
   19     -1.1416896969E-02  -1.6001696327E-03   1.0578196798E-06   6.4149160397E-03   8.2897847285E-04
   20      1.0296602858E-06  -5.2259185196E-07   7.2451958292E-03  -1.0442475761E-06  -1.0351935781E-06
   21      7.4022322173E-03  -2.0128106505E-03  -2.9303860632E-06  -2.2425913066E-02  -2.8030838831E-02
   22     -5.0879605755E-04  -7.6250027510E-03   2.5752017645E-06  -4.0731358938E-02  -1.1683412694E-02
   23      7.2847642630E-07   3.7625195819E-06   7.3882990859E-03  -7.8907203944E-07  -6.7660738440E-06
   24     -2.6267662536E-03  -7.5642319823E-04   3.4740142649E-06   1.1821441257E-03   1.0526559352E-02
   25     -2.5558337703E-04   1.2385600602E-03  -2.3583654868E-07   3.6526715822E-03   1.4722059623E-03
   26     -2.1827881971E-06  -5.8704699784E-07  -1.2856920141E-03   6.2607017481E-07   8.2846089751E-06
   27     -7.3241179373E-02  -6.2739963387E-02   1.7715432204E-07  -1.9963075248E-03  -3.0450463337E-02
   28     -6.2592547623E-02  -3.2060353904E-01   1.7173635756E-06  -1.4428540074E-04  -5.3202756202E-03
   29     -2.7121350769E-06   1.2772080193E-07  -3.5086537373E-02   2.8441046181E-06   3.6618032555E-06
   30     -1.6282434022E-02   2.1656169016E-02   1.0925303025E-06  -2.1231993601E-01   1.4227557319E-01
   31     -8.6407085056E-03   1.0389481838E-02   1.4934029719E-06   1.4042720089E-01  -1.8679971920E-01
   32      1.0516356410E-07  -3.2348051570E-06   1.1437435182E-03   1.4762967599E-05  -4.1301665972E-06
   33     -1.1179606679E-03   5.7513544745E-04   2.1127956679E-07  -3.5223922043E-03   2.9660588131E-03
   34     -9.9635451963E-05   7.6146531122E-04   7.2365634236E-07   3.9595000646E-03   1.1313117462E-04
   35      1.5413620821E-06   2.6078472487E-07  -7.6656340940E-04   1.1405150182E-06  -1.2910131002E-06
   36     -1.8319377755E-02  -9.1858469169E-03   8.8447365521E-07  -9.7657907938E-04   4.5612716922E-03
   37      2.1331293950E-02   1.0878264343E-02   5.6960149588E-08   3.6089739513E-03  -2.5505284367E-03
   38      1.3305531066E-08   5.1045087243E-07   9.5687388529E-04   1.3304615137E-06   9.0262505968E-07
   39     -1.4162839270E-03  -3.1199712814E-04  -7.0847234698E-07   1.0320335098E-03  -2.6943037316E-05
   40     -2.7679187646E-04  -5.7584833514E-04  -4.0269996736E-07  -1.7100502443E-04  -1.7758558497E-04
   41      2.3842753102E-07   1.6325501087E-08  -5.3384347596E-04  -2.6131316852E-07  -2.8899979889E-07
                    5                  6                  7                  8                  9        
    0      2.6602887845E-05  -3.7268742374E-03  -7.8483746808E-02   4.6365695324E-08  -5.3991064483E-02
    1      7.0756304466E-06  -3.6326942335E-02  -7.2659392026E-03   6.2710509853E-06   8.4060554167E-03
    2     -5.8338031977E-02   3.7357242812E-06   9.7344756776E-06   6.9751132778E-03   5.4364912666E-06
    3     -5.7654573033E-05  -1.1831219118E-01  -6.7859982691E-03   1.8211032709E-05   4.3382031323E-02
    4     -2.2521364731E-05  -4.8578356880E-02  -2.9763297272E-01   2.5353504269E-05   4.9952153826E-02
    5      1.2254152493E-01   1.0618708516E-05   1.9372245064E-05  -6.2391009172E-02  -3.3880876131E-06
    6      1.0618708516E-05   6.7088723381E-01   4.9916973422E-03  -3.6548815437E-05  -2.1049606682E-01
    7      1.9372245064E-05   4.9916973422E-03   6.4351161036E-01  -2.6160821319E-06   7.9940029829E-02
    8     -6.2391009172E-02  -3.6548815437E-05  -2.6160821319E-06   1.4078960403E-01   3.5130703594E-05
    9     -3.3880876131E-06  -2.1049606682E-01   7.9940029829E-02   3.5130703594E-05   6.7356723569E-01
   10     -1.4968478877E-06   1.2009117500E-01  -2.2367215281E-01  -1.7635432529E-05   1.4672781248E-02
   11      9.8992084254E-03   2.5595507836E-05  -1.6897489815E-05  -5.8093486402E-02  -6.7298437340E-05
   12      3.3363659198E-06  -5.4226770107E-02   4.8417647265E-02   5.1431450814E-06  -2.8910634827E-01
   13      6.6714669515E-06   4.4883192654E-03   5.5948250604E-02  -4.6304409471E-06  -4.0163752141E-02
   14     -4.4678278561E-03   1.0522548175E-05  -4.7305744418E-06   1.1795343239E-03   1.3406223978E-05
   15      4.9519332684E-06  -3.5250204065E-03   1.7943387805E-02  -5.9913167204E-07   6.8678004033E-03
   16     -4.7585810521E-06   1.2403332365E-02  -5.2061346105E-02  -8.2894722478E-07  -6.8452767538E-02
   17      5.8761512472E-03   1.1453335853E-07  -8.1063100083E-07  -3.9998017475E-03   2.1442608829E-07
   18      1.0090663843E-07   4.8916413785E-04  -9.3123954377E-03   3.7876318264E-07  -5.4524082729E-02
   19     -1.5702947686E-06  -3.3735428981E-03  -4.8630310363E-03   1.9619856004E-06   2.7522778754E-03
   20     -1.4253032056E-03  -4.3954763384E-07   5.6940041415E-07   4.8681434619E-03   5.6234747038E-06
   21      4.8394208090E-06  -2.6896361512E-01  -5.6608110190E-02   1.9815113856E-05  -5.1437399225E-02
   22      3.8504262241E-06  -5.7206455336E-02  -1.0056805191E-01   5.9018146595E-06   1.5004253118E-02
   23      1.6862913228E-03  -3.1220218692E-05  -8.0490835895E-06  -5.6036967538E-02  -2.5615260058E-06
   24     -2.2060624635E-06  -2.2593636266E-02  -1.3314948058E-02  -4.2606374688E-05   7.8946377851E-03
   25      4.3204880684E-07  -1.3240282087E-02   1.6370068593E-02  -1.2740559919E-05   3.0198317680E-04
   26      1.6003777939E-03   2.4314210309E-05   6.9328904480E-06   1.5384277126E-02   4.7461641120E-06
   27      2.0758066219E-07  -5.5974602282E-03  -1.4173745501E-03   1.2348111915E-06  -9.1018203499E-04
   28     -4.6215876304E-07  -1.5155522903E-03   1.7741527146E-03  -4.6401062354E-07   4.2158866307E-04
   29      2.4397569851E-03   1.2240123432E-06  -1.6151430772E-07   7.3261309377E-03  -1.5144806241E-06
   30      1.2655049772E-05   7.9521717415E-03  -7.3919908377E-03  -1.9427274067E-06   5.8530618723E-04
   31     -6.4213645267E-06   2.3330682509E-02  -1.6148041525E-02  -1.4910560142E-06  -3.2726267101E-03
   32     -3.1119927608E-02  -2.0269908782E-06  -1.1434215957E-06   1.2595252369E-03  -6.1776569631E-08
   33      1.4480351888E-06   8.3883248805E-03   2.3099162017E-02  -1.9542163028E-06  -7.2747402427E-02
   34     -7.3708010897E-07  -6.4390889550E-03  -1.5189856542E-02  -3.2510234343E-07  -6.3340406227E-02
   35      6.1570952150E-03  -2.3843600241E-06  -1.1334698640E-06   1.8354952653E-03   8.2231286016E-06
   36     -1.3940107033E-06   5.8523063778E-04   3.9688401250E-04  -2.7211551742E-07   1.8233984984E-03
   37     -6.9703024427E-07   8.5340912850E-04  -1.3486051428E-03  -1.4616509400E-07  -6.2834686069E-04
   38      7.5398021433E-03   4.4481876529E-07   4.4607679249E-07  -9.2578960276E-04   1.3544624339E-06
   39     -3.6141384348E-07  -8.6049084205E-04  -1.4141919112E-03  -5.6064103986E-07  -9.0786390596E-04
   40      2.8574588144E-07   4.6155296380E-04   1.1459147205E-03  -3.7769100452E-07   4.2519488921E-03
   41      1.8917565271E-06   5.7395583496E-07   2.5431066717E-07   1.8292307985E-03   9.9011033688E-07
                   10                 11                 12                 13                 14        
    0      1.3423920703E-02   7.3626485968E-06   5.6904566322E-02   6.0689324065E-02  -7.4457919336E-06
    1     -2.0900658775E-03  -1.1508878225E-06   1.4498278772E-02  -4.7547039620E-02   2.4065015063E-07
    2     -1.4673605449E-06  -3.4116696559E-03  -5.7740632509E-06  -6.6892300769E-06   8.5175250043E-05
    3      1.3952028321E-02  -4.0728211850E-06  -2.8664570779E-02  -3.7155200252E-02   2.9235203371E-06
    4     -4.5615344242E-02  -3.8284549838E-06  -3.6770924276E-02  -3.3620422699E-02   4.9258666537E-06
    5     -1.4968478877E-06   9.8992084254E-03   3.3363659198E-06   6.6714669515E-06  -4.4678278561E-03
    6      1.2009117500E-01   2.5595507836E-05  -5.4226770107E-02   4.4883192654E-03   1.0522548175E-05
    7     -2.2367215281E-01  -1.6897489815E-05   4.8417647265E-02   5.5948250604E-02  -4.7305744418E-06
    8     -1.7635432529E-05  -5.8093486402E-02   5.1431450814E-06  -4.6304409471E-06   1.1795343239E-03
    9      1.4672781248E-02  -6.7298437340E-05  -2.8910634827E-01  -4.0163752141E-02   1.3406223978E-05
   10      7.4160948650E-01   4.8200244964E-06  -1.0182719419E-01  -1.5409617604E-01   1.1796156884E-05
   11      4.8200244964E-06   1.2178035090E-01   2.5177006947E-05   6.3501225237E-06  -6.5960055138E-02
   12     -1.0182719419E-01   2.5177006947E-05   6.9858372503E-01   2.2887558723E-02  -3.4094701493E-05
   13     -1.5409617604E-01   6.3501225237E-06   2.2887558723E-02   6.6862568841E-01   7.7405865897E-06
   14      1.1796156884E-05  -6.5960055138E-02  -3.4094701493E-05   7.7405865897E-06   1.5494377198E-01
   15     -3.4248266070E-02  -3.8077531468E-07  -1.4628091245E-01  -8.8596563776E-02   2.1070834829E-06
   16     -1.7666068607E-03   5.6583923366E-06  -1.7830030906E-02  -2.8899387809E-01  -8.7094433511E-06
   17      1.8330220444E-06   7.3004002544E-03   1.6291453569E-06  -3.0237313975E-06  -6.3458575535E-02
   18      3.9482570399E-02   4.2043002160E-06  -1.8893509109E-01   1.1063138152E-01   6.0564539716E-06
   19      1.4469411081E-02   8.2175094800E-07   5.8312750008E-02  -1.9933085124E-01  -5.3938554968E-06
   20     -2.1089311967E-06   6.3079083399E-03   3.0783113197E-06  -5.5534767800E-06  -4.2240753768E-02
   21      1.6186337862E-03   7.7201459443E-06   2.2806001295E-03   9.4894410633E-03  -4.7342920874E-06
   22      1.5656508010E-02   3.1316976294E-07   5.5052433602E-03  -4.8739692110E-04  -5.3619919376E-06
   23      3.8500902222E-06   1.5539616230E-03   1.7641619241E-06  -2.4603831852E-06   8.6082218935E-03
   24     -5.9326725785E-03  -2.2096307746E-06  -1.1971417936E-03  -2.3830209170E-03   5.0076201129E-06
   25     -4.6778963529E-03  -1.8650991573E-06  -1.1858221360E-03  -2.0452268221E-04   2.6397673959E-06
   26     -5.5869415082E-06   1.6145720926E-03   4.6315140795E-07  -3.8071629827E-06  -1.5033275366E-03
   27      6.4761944220E-04  -1.0304138764E-07  -3.2970349300E-03   2.8290346133E-03   2.0036297734E-07
   28      6.0618455589E-04  -2.0182956978E-07   3.8598192036E-03   1.4228968474E-04  -3.8612167492E-07
   29      1.7756556997E-07  -1.3029715822E-03   1.5163878755E-06   5.9059065162E-07   8.1362243695E-03
   30     -2.1389797375E-03   4.0164241852E-07  -5.9682933539E-04  -1.0513330027E-03   5.1064245179E-07
   31     -4.3775173194E-03   1.2527502949E-06  -9.8402188221E-04  -5.4556836747E-04  -3.3553884529E-07
   32      1.1567055133E-06   5.5439532084E-03   1.6819320621E-06   1.1496166308E-06  -6.9958761200E-04
   33     -6.3942994807E-02   5.8914685859E-06  -3.6101389035E-04  -3.0120811011E-02   1.4098043725E-06
   34     -3.2582081291E-01   6.1719611959E-06   6.6486657692E-04  -6.1682031287E-03  -1.0891342954E-06
   35      5.4648521172E-06  -3.3068563132E-02  -1.2281252224E-06   3.5158108660E-06   5.2129489652E-03
   36     -1.5334543263E-03  -1.2627035232E-06  -8.0889589617E-03   2.6165248668E-03   1.1148899879E-06
   37     -6.2081607257E-03  -5.3022045031E-07  -3.0031349541E-02  -4.2947447284E-03   4.9184096692E-07
   38     -9.0848156519E-07   5.3125992406E-03  -1.0277464593E-06  -4.8342877895E-07   3.7408111243E-03
   39      5.8896602454E-03  -1.3261879824E-06  -3.7014219881E-02  -1.4041606341E-02   1.0989306573E-06
   40     -4.0168570127E-03  -3.9722697720E-07   3.4363882349E-02   1.0572574814E-02  -1.0052513567E-06
   41     -4.1138439747E-07   2.5237918233E-03   2.5173354098E-07  -1.9329730575E-07  -3.5765604594E-03
                   15                 16                 17                 18                 19        
    0     -2.3838467538E-01   7.6429622739E-02   5.4076001062E-06  -2.6522786773E-03  -1.1416896969E-02
    1      1.3389004582E-01  -2.2480903269E-01  -5.5733681352E-06  -1.8458759900E-03  -1.6001696327E-03
    2      5.1803249807E-06  -2.8624319240E-07  -5.2492207303E-02   1.5118588318E-06   1.0578196798E-06
    3     -5.3327835988E-02   4.7609648914E-02   4.0097554022E-06  -6.3802384094E-04   6.4149160397E-03
    4      5.8922056463E-03   4.9684383616E-02   1.0956498088E-07   6.0648833189E-03   8.2897847285E-04
    5      4.9519332684E-06  -4.7585810521E-06   5.8761512472E-03   1.0090663843E-07  -1.5702947686E-06
    6     -3.5250204065E-03   1.2403332365E-02   1.1453335853E-07   4.8916413785E-04  -3.3735428981E-03
    7      1.7943387805E-02  -5.2061346105E-02  -8.1063100083E-07  -9.3123954377E-03  -4.8630310363E-03
    8     -5.9913167204E-07  -8.2894722478E-07  -3.9998017475E-03   3.7876318264E-07   1.9619856004E-06
    9      6.8678004033E-03  -6.8452767538E-02   2.1442608829E-07  -5.4524082729E-02   2.7522778754E-03
   10     -3.4248266070E-02  -1.7666068607E-03   1.8330220444E-06   3.9482570399E-02   1.4469411081E-02
   11     -3.8077531468E-07   5.6583923366E-06   7.3004002544E-03   4.2043002160E-06   8.2175094800E-07
   12     -1.4628091245E-01  -1.7830030906E-02   1.6291453569E-06  -1.8893509109E-01   5.8312750008E-02
   13     -8.8596563776E-02  -2.8899387809E-01  -3.0237313975E-06   1.1063138152E-01  -1.9933085124E-01
   14      2.1070834829E-06  -8.7094433511E-06  -6.3458575535E-02   6.0564539716E-06  -5.3938554968E-06
   15      7.3447837965E-01   3.6134761197E-03  -1.2314392750E-05   1.1853938420E-03   4.5159274734E-02
   16      3.6134761197E-03   6.6015859299E-01   1.0131217666E-05   6.9889730184E-03  -4.4113509324E-02
   17     -1.2314392750E-05   1.0131217666E-05   1.1574712720E-01  -1.1283871214E-06  -2.4515690120E-06
   18      1.1853938420E-03   6.9889730184E-03  -1.1283871214E-06   6.3866849843E-01   5.5998224615E-02
   19      4.5159274734E-02  -4.4113509324E-02  -2.4515690120E-06   5.5998224615E-02   3.7033322318E-01
   20      7.6612867457E-07   5.4011045732E-07   9.0474265801E-03  -1.8938637298E-05   7.6167223166E-07
   21     -1.6977206164E-03   4.4025102557E-05   1.0705632230E-06  -6.4003644418E-04  -1.9815195305E-03
   22      5.9348126842E-04  -2.4295414280E-03   1.7466548297E-07   1.6382681911E-03  -1.2409344438E-04
   23     -4.1333320387E-06  -8.7711492160E-07  -1.4411812752E-03   2.8079350101E-07   1.1984045753E-08
   24      9.9314891956E-04   1.2731562624E-04  -1.0723548967E-06  -7.1850338374E-04   8.0355649437E-04
   25     -2.4358459671E-05   7.9623105407E-04  -3.1781744713E-07  -6.1016815204E-04   2.3374665139E-04
   26      2.2630246779E-06   1.4463708867E-06   2.7945137777E-04  -3.8954054934E-07   2.0541355890E-06
   27      8.8108180342E-03   2.3567574410E-02  -1.7896197124E-07   2.4024894112E-05   1.6969861470E-03
   28     -6.8467202937E-03  -1.6985784499E-02   1.1670554838E-07  -1.8245447226E-05  -1.5407995705E-03
   29      5.2245693344E-07  -2.3214353654E-06   1.9117987376E-03  -3.9739488023E-08  -6.2214143789E-08
   30     -4.0575125854E-03  -3.1806541060E-03   1.1890287271E-06   3.6915507265E-04   1.4377694088E-04
   31     -2.4658069329E-03   4.2886928395E-04   1.9845133820E-07   5.1071442163E-05   3.0873888978E-04
   32      1.4399676437E-06  -4.3764022514E-07   7.2445329753E-03  -2.4411528010E-07  -2.7433962035E-07
   33     -5.8764741910E-03  -6.6476187252E-04   1.0038053093E-06   2.1362768580E-03   4.7390621931E-04
   34     -1.3487716292E-03   1.0222000330E-03  -1.8498216104E-07   3.5250339582E-04   6.8787733929E-04
   35      9.4239070533E-07   7.7743414815E-07   5.3485094969E-03   4.4746992663E-08  -3.1084375470E-07
   36     -3.0525996815E-01  -7.7424961855E-02  -4.5363387662E-07   3.6504543134E-03   1.2713563770E-04
   37     -7.7400453338E-02  -8.2328434102E-02  -7.9158347074E-07  -1.0428237190E-03   2.9660924504E-03
   38     -8.1107912700E-07  -4.8534560701E-07  -3.0362710309E-02  -1.4411525654E-07  -9.9298696840E-09
   39      6.0745789170E-03  -3.4596819756E-03   6.4043263875E-07  -3.9841495139E-01  -1.5515482087E-01
   40      4.0679590638E-03   1.3978561174E-03   4.1645808100E-07  -2.0833439159E-01  -1.3825561382E-01
   41     -6.6159057973E-08   3.2482292654E-07  -1.0009216955E-03   8.4013779466E-06   4.1526472609E-06
                   20                 21                 22                 23                 24        
    0      1.0296602858E-06   7.4022322173E-03  -5.0879605755E-04   7.2847642630E-07  -2.6267662536E-03
    1     -5.2259185196E-07  -2.0128106505E-03  -7.6250027510E-03   3.7625195819E-06  -7.5642319823E-04
    2      7.2451958292E-03  -2.9303860632E-06   2.5752017645E-06   7.3882990859E-03   3.4740142649E-06
    3     -1.0442475761E-06  -2.2425913066E-02  -4.0731358938E-02  -7.8907203944E-07   1.1821441257E-03
    4     -1.0351935781E-06  -2.8030838831E-02  -1.1683412694E-02  -6.7660738440E-06   1.0526559352E-02
    5     -1.4253032056E-03   4.8394208090E-06   3.8504262241E-06   1.6862913228E-03  -2.2060624635E-06
    6     -4.3954763384E-07  -2.6896361512E-01  -5.7206455336E-02  -3.1220218692E-05  -2.2593636266E-02
    7      5.6940041415E-07  -5.6608110190E-02  -1.0056805191E-01  -8.0490835895E-06  -1.3314948058E-02
    8      4.8681434619E-03   1.9815113856E-05   5.9018146595E-06  -5.6036967538E-02  -4.2606374688E-05
    9      5.6234747038E-06  -5.1437399225E-02   1.5004253118E-02  -2.5615260058E-06   7.8946377851E-03
   10     -2.1089311967E-06   1.6186337862E-03   1.5656508010E-02   3.8500902222E-06  -5.9326725785E-03
   11      6.3079083399E-03   7.7201459443E-06   3.1316976294E-07   1.5539616230E-03  -2.2096307746E-06
   12      3.0783113197E-06   2.2806001295E-03   5.5052433602E-03   1.7641619241E-06  -1.1971417936E-03
   13     -5.5534767800E-06   9.4894410633E-03  -4.8739692110E-04  -2.4603831852E-06  -2.3830209170E-03
   14     -4.2240753768E-02  -4.7342920874E-06  -5.3619919376E-06   8.6082218935E-03   5.0076201129E-06
   15      7.6612867457E-07  -1.6977206164E-03   5.9348126842E-04  -4.1333320387E-06   9.9314891956E-04
   16      5.4011045732E-07   4.4025102557E-05  -2.4295414280E-03  -8.7711492160E-07   1.2731562624E-04
   17      9.0474265801E-03   1.0705632230E-06   1.7466548297E-07  -1.4411812752E-03  -1.0723548967E-06
   18     -1.8938637298E-05  -6.4003644418E-04   1.6382681911E-03   2.8079350101E-07  -7.1850338374E-04
   19      7.6167223166E-07  -1.9815195305E-03  -1.2409344438E-04   1.1984045753E-08   8.0355649437E-04
   20      2.9688568158E-02   1.8779877877E-06   6.6776019691E-07   2.9682706991E-04  -5.2861356134E-07
   21      1.8779877877E-06   1.3850940029E+00   3.8270765730E-01   1.0181942682E-03  -1.0520314705E+00
   22      6.6776019691E-07   3.8270765730E-01   2.3914660561E-01   3.0194780681E-04  -3.0615172632E-01
   23      2.9682706991E-04   1.0181942682E-03   3.0194780681E-04   8.6150272856E-02  -9.7381015331E-04
   24     -5.2861356134E-07  -1.0520314705E+00  -3.0615172632E-01  -9.7381015331E-04   1.0698472078E+00
   25     -1.1733431525E-07  -3.0634335571E-01  -1.3237957895E-01  -2.8854369032E-04   3.1765120676E-01
   26     -6.5204266719E-05  -1.0567902940E-03  -3.1308153588E-04  -3.9231485622E-02   1.0218455508E-03
   27      1.2759159284E-07   1.5595045885E-05  -1.6856063841E-03   1.1527710338E-06  -4.8173876986E-04
   28      5.7508364042E-08  -1.6865264938E-04  -3.3279551727E-04   2.3511535138E-07  -4.4309395733E-05
   29     -1.1976457433E-04   9.7016370028E-08  -3.9840628504E-07   4.8273299628E-04   1.7175449991E-07
   30     -4.9675056663E-08   1.1312248092E-03  -3.3978550056E-04   1.0068123550E-06  -3.4999288992E-05
   31     -5.8511276139E-08   1.8662166914E-03   6.9337149272E-04  -1.0382737101E-06  -7.0313658602E-04
   32     -7.7164332609E-04  -2.7456363948E-07  -9.1169035167E-08  -3.9293528712E-03  -7.0104230939E-07
   33     -5.1917272411E-07   1.7455755364E-03   1.0495207429E-03  -4.5711080560E-08  -2.4028056258E-04
   34      3.6078588409E-07  -1.1074469384E-03   3.0102818582E-04   1.5796231938E-06   4.0880953940E-04
   35     -3.3785760469E-03  -4.1015012860E-07   6.0512059563E-08  -4.4053341817E-03  -7.0425433442E-07
   36     -1.4044597229E-08   1.1959304923E-04  -4.3287894986E-06   4.6816153688E-07  -1.3219842145E-04
   37      2.6001093258E-07  -7.8983586591E-06   4.4027479423E-05   1.7296785351E-07   6.8471597012E-06
   38     -3.6138067221E-03  -5.1327381998E-07  -3.9002617558E-07  -9.7149045559E-04   1.5314713414E-07
   39      8.9361177960E-06  -5.9266879952E-04   2.2255559078E-04   1.4614228314E-06   1.3959656092E-04
   40      5.4298418278E-06   4.4173666735E-04  -2.1166715943E-04  -1.3962199773E-07  -1.2521072189E-04
   41     -5.8390175287E-03  -4.5841100889E-07   1.4590685907E-07  -1.5079490374E-04   7.0429997043E-08
                   25                 26                 27                 28                 29        
    0     -2.5558337703E-04  -2.1827881971E-06  -7.3241179373E-02  -6.2592547623E-02  -2.7121350769E-06
    1      1.2385600602E-03  -5.8704699784E-07  -6.2739963387E-02  -3.2060353904E-01   1.2772080193E-07
    2     -2.3583654868E-07  -1.2856920141E-03   1.7715432204E-07   1.7173635756E-06  -3.5086537373E-02
    3      3.6526715822E-03   6.2607017481E-07  -1.9963075248E-03  -1.4428540074E-04   2.8441046181E-06
    4      1.4722059623E-03   8.2846089751E-06  -3.0450463337E-02  -5.3202756202E-03   3.6618032555E-06
    5      4.3204880684E-07   1.6003777939E-03   2.0758066219E-07  -4.6215876304E-07   2.4397569851E-03
    6     -1.3240282087E-02   2.4314210309E-05  -5.5974602282E-03  -1.5155522903E-03   1.2240123432E-06
    7      1.6370068593E-02   6.9328904480E-06  -1.4173745501E-03   1.7741527146E-03  -1.6151430772E-07
    8     -1.2740559919E-05   1.5384277126E-02   1.2348111915E-06  -4.6401062354E-07   7.3261309377E-03
    9      3.0198317680E-04   4.7461641120E-06  -9.1018203499E-04   4.2158866307E-04  -1.5144806241E-06
   10     -4.6778963529E-03  -5.5869415082E-06   6.4761944220E-04   6.0618455589E-04   1.7756556997E-07
   11     -1.8650991573E-06   1.6145720926E-03  -1.0304138764E-07  -2.0182956978E-07  -1.3029715822E-03
   12     -1.1858221360E-03   4.6315140795E-07  -3.2970349300E-03   3.8598192036E-03   1.5163878755E-06
   13     -2.0452268221E-04  -3.8071629827E-06   2.8290346133E-03   1.4228968474E-04   5.9059065162E-07
   14      2.6397673959E-06  -1.5033275366E-03   2.0036297734E-07  -3.8612167492E-07   8.1362243695E-03
   15     -2.4358459671E-05   2.2630246779E-06   8.8108180342E-03  -6.8467202937E-03   5.2245693344E-07
   16      7.9623105407E-04   1.4463708867E-06   2.3567574410E-02  -1.6985784499E-02  -2.3214353654E-06
   17     -3.1781744713E-07   2.7945137777E-04  -1.7896197124E-07   1.1670554838E-07   1.9117987376E-03
   18     -6.1016815204E-04  -3.8954054934E-07   2.4024894112E-05  -1.8245447226E-05  -3.9739488023E-08
   19      2.3374665139E-04   2.0541355890E-06   1.6969861470E-03  -1.5407995705E-03  -6.2214143789E-08
   20     -1.1733431525E-07  -6.5204266719E-05   1.2759159284E-07   5.7508364042E-08  -1.1976457433E-04
   21     -3.0634335571E-01  -1.0567902940E-03   1.5595045885E-05  -1.6865264938E-04   9.7016370028E-08
   22     -1.3237957895E-01  -3.1308153588E-04  -1.6856063841E-03  -3.3279551727E-04  -3.9840628504E-07
   23     -2.8854369032E-04  -3.9231485622E-02   1.1527710338E-06   2.3511535138E-07   4.8273299628E-04
   24      3.1765120676E-01   1.0218455508E-03  -4.8173876986E-04  -4.4309395733E-05   1.7175449991E-07
   25      1.1682200478E-01   3.0298408279E-04   2.1393123943E-04  -2.0841282655E-05   8.1410065348E-08
   26      3.0298408279E-04   2.2370821779E-02  -6.8415861822E-07   1.8559599163E-07  -2.0430274694E-04
   27      2.1393123943E-04  -6.8415861822E-07   7.4418362981E-02   6.7389467947E-02  -1.6827828414E-06
   28     -2.0841282655E-05   1.8559599163E-07   6.7389467947E-02   3.4064886057E-01  -1.0309410545E-06
   29      8.1410065348E-08  -2.0430274694E-04  -1.6827828414E-06  -1.0309410545E-06   2.5008187483E-02
   30      1.8317336125E-04  -9.6354963640E-07   9.9737092615E-04  -4.9137105909E-05  -2.7076153331E-07
   31      1.1218966620E-04   4.1237546914E-07   3.9520857549E-04   6.6080254486E-04  -3.9362792133E-07
   32      7.5450073282E-08   4.1122342823E-04  -4.7276710837E-07   6.0486437022E-08  -3.8716076186E-03
   33     -4.1254698028E-04  -4.6167683645E-07   8.6453677648E-05  -1.0574685416E-05  -1.6857041523E-07
   34      1.8706063332E-04  -1.0639890851E-06  -2.5678737454E-05  -3.9885396014E-06  -1.2394130247E-07
   35     -5.0642198179E-07   4.9316726859E-04  -3.2042379451E-08   6.1360115727E-08  -8.7336008900E-04
   36     -4.4020180080E-05   1.3705694408E-06   9.3744936659E-04  -3.2365686932E-05   1.3739903609E-07
   37      2.7415319422E-05   4.9633067217E-07  -3.7529421604E-04   8.8810166511E-04   1.1270777206E-07
   38      1.1097049905E-07   1.6167639692E-04  -1.1339163418E-07  -1.3456936406E-07  -3.8143437361E-03
   39      3.2379598597E-07  -1.0407635640E-06   2.3382793508E-04  -2.4881968028E-04   3.6015310114E-08
   40      2.3356548771E-05  -6.3065777806E-07  -4.5107317890E-05   8.7632329421E-05  -2.0826882016E-08
   41     -3.6026545218E-08  -2.5555077374E-05   6.1971534346E-09   6.6048119239E-09  -3.1943788740E-05
                   30                 31                 32                 33                 34        
    0     -1.6282434022E-02  -8.6407085056E-03   1.0516356410E-07  -1.1179606679E-03  -9.9635451963E-05
    1      2.1656169016E-02   1.0389481838E-02  -3.2348051570E-06   5.7513544745E-04   7.6146531122E-04
    2      1.0925303025E-06   1.4934029719E-06   1.1437435182E-03   2.1127956679E-07   7.2365634236E-07
    3     -2.1231993601E-01   1.4042720089E-01   1.4762967599E-05  -3.5223922043E-03   3.9595000646E-03
    4      1.4227557319E-01  -1.8679971920E-01  -4.1301665972E-06   2.9660588131E-03   1.1313117462E-04
    5      1.2655049772E-05  -6.4213645267E-06  -3.1119927608E-02   1.4480351888E-06  -7.3708010897E-07
    6      7.9521717415E-03   2.3330682509E-02  -2.0269908782E-06   8.3883248805E-03  -6.4390889550E-03
    7     -7.3919908377E-03  -1.6148041525E-02  -1.1434215957E-06   2.3099162017E-02  -1.5189856542E-02
    8     -1.9427274067E-06  -1.4910560142E-06   1.2595252369E-03  -1.9542163028E-06  -3.2510234343E-07
    9      5.8530618723E-04  -3.2726267101E-03  -6.1776569631E-08  -7.2747402427E-02  -6.3340406227E-02
   10     -2.1389797375E-03  -4.3775173194E-03   1.1567055133E-06  -6.3942994807E-02  -3.2582081291E-01
   11      4.0164241852E-07   1.2527502949E-06   5.5439532084E-03   5.8914685859E-06   6.1719611959E-06
   12     -5.9682933539E-04  -9.8402188221E-04   1.6819320621E-06  -3.6101389035E-04   6.6486657692E-04
   13     -1.0513330027E-03  -5.4556836747E-04   1.1496166308E-06  -3.0120811011E-02  -6.1682031287E-03
   14      5.1064245179E-07  -3.3553884529E-07  -6.9958761200E-04   1.4098043725E-06  -1.0891342954E-06
   15     -4.0575125854E-03  -2.4658069329E-03   1.4399676437E-06  -5.8764741910E-03  -1.3487716292E-03
   16     -3.1806541060E-03   4.2886928395E-04  -4.3764022514E-07  -6.6476187252E-04   1.0222000330E-03
   17      1.1890287271E-06   1.9845133820E-07   7.2445329753E-03   1.0038053093E-06  -1.8498216104E-07
   18      3.6915507265E-04   5.1071442163E-05  -2.4411528010E-07   2.1362768580E-03   3.5250339582E-04
   19      1.4377694088E-04   3.0873888978E-04  -2.7433962035E-07   4.7390621931E-04   6.8787733929E-04
   20     -4.9675056663E-08  -5.8511276139E-08  -7.7164332609E-04  -5.1917272411E-07   3.6078588409E-07
   21      1.1312248092E-03   1.8662166914E-03  -2.7456363948E-07   1.7455755364E-03  -1.1074469384E-03
   22     -3.3978550056E-04   6.9337149272E-04  -9.1169035167E-08   1.0495207429E-03   3.0102818582E-04
   23      1.0068123550E-06  -1.0382737101E-06  -3.9293528712E-03  -4.5711080560E-08   1.5796231938E-06
   24     -3.4999288992E-05  -7.0313658602E-04  -7.0104230939E-07  -2.4028056258E-04   4.0880953940E-04
   25      1.8317336125E-04   1.1218966620E-04   7.5450073282E-08  -4.1254698028E-04   1.8706063332E-04
   26     -9.6354963640E-07   4.1237546914E-07   4.1122342823E-04  -4.6167683645E-07  -1.0639890851E-06
   27      9.9737092615E-04   3.9520857549E-04  -4.7276710837E-07   8.6453677648E-05  -2.5678737454E-05
   28     -4.9137105909E-05   6.6080254486E-04   6.0486437022E-08  -1.0574685416E-05  -3.9885396014E-06
   29     -2.7076153331E-07  -3.9362792133E-07  -3.8716076186E-03  -1.6857041523E-07  -1.2394130247E-07
   30      2.2279215259E-01  -1.5072708570E-01  -1.3879245829E-05   4.3404194546E-04  -3.4125073782E-04
   31     -1.5072708570E-01   1.9571178937E-01   6.9220104739E-06   1.2351378488E-03  -8.0100206559E-04
   32     -1.3879245829E-05   6.9220104739E-06   2.3686348650E-02  -1.4284483311E-07  -1.3280366571E-07
   33      4.3404194546E-04   1.2351378488E-03  -1.4284483311E-07   7.0998021788E-02   6.7196794881E-02
   34     -3.4125073782E-04  -8.0100206559E-04  -1.3280366571E-07   6.7196794881E-02   3.4499876080E-01
   35     -1.8367319292E-07  -1.0966337809E-07   8.6106710784E-04  -6.5534796506E-06  -6.1044633300E-06
   36     -1.0158945919E-03  -5.4288806453E-04   2.1852452284E-07  -3.3177354088E-04  -6.7063398670E-06
   37      1.0992364641E-03   4.0266127274E-04  -3.1479589225E-07  -1.5907639878E-03  -1.9231447091E-04
   38     -5.3297901705E-08  -8.6177205185E-08   3.1248296520E-04  -2.6489830859E-07  -1.2326719976E-07
   39      4.6182563065E-05   6.4343634878E-05   8.8651923535E-08   4.0860279802E-04   1.0737248331E-04
   40     -1.7129944861E-04  -3.6055879535E-05   7.4605577972E-08   1.6587544963E-04   1.0465417067E-04
   41     -6.6363380625E-09  -2.4510588815E-08  -7.0758054737E-05  -1.2426634601E-07   1.0339015349E-09
                   35                 36                 37                 38                 39        
    0      1.5413620821E-06  -1.8319377755E-02   2.1331293950E-02   1.3305531066E-08  -1.4162839270E-03
    1      2.6078472487E-07  -9.1858469169E-03   1.0878264343E-02   5.1045087243E-07  -3.1199712814E-04
    2     -7.6656340940E-04   8.8447365521E-07   5.6960149588E-08   9.5687388529E-04  -7.0847234698E-07
    3      1.1405150182E-06  -9.7657907938E-04   3.6089739513E-03   1.3304615137E-06   1.0320335098E-03
    4     -1.2910131002E-06   4.5612716922E-03  -2.5505284367E-03   9.0262505968E-07  -2.6943037316E-05
    5      6.1570952150E-03  -1.3940107033E-06  -6.9703024427E-07   7.5398021433E-03  -3.6141384348E-07
    6     -2.3843600241E-06   5.8523063778E-04   8.5340912850E-04   4.4481876529E-07  -8.6049084205E-04
    7     -1.1334698640E-06   3.9688401250E-04  -1.3486051428E-03   4.4607679249E-07  -1.4141919112E-03
    8      1.8354952653E-03  -2.7211551742E-07  -1.4616509400E-07  -9.2578960276E-04  -5.6064103986E-07
    9      8.2231286016E-06   1.8233984984E-03  -6.2834686069E-04   1.3544624339E-06  -9.0786390596E-04
   10      5.4648521172E-06  -1.5334543263E-03  -6.2081607257E-03  -9.0848156519E-07   5.8896602454E-03
   11     -3.3068563132E-02  -1.2627035232E-06  -5.3022045031E-07   5.3125992406E-03  -1.3261879824E-06
   12     -1.2281252224E-06  -8.0889589617E-03  -3.0031349541E-02  -1.0277464593E-06  -3.7014219881E-02
   13      3.5158108660E-06   2.6165248668E-03  -4.2947447284E-03  -4.8342877895E-07  -1.4041606341E-02
   14      5.2129489652E-03   1.1148899879E-06   4.9184096692E-07   3.7408111243E-03   1.0989306573E-06
   15      9.4239070533E-07  -3.0525996815E-01  -7.7400453338E-02  -8.1107912700E-07   6.0745789170E-03
   16      7.7743414815E-07  -7.7424961855E-02  -8.2328434102E-02  -4.8534560701E-07  -3.4596819756E-03
   17      5.3485094969E-03  -4.5363387662E-07  -7.9158347074E-07  -3.0362710309E-02   6.4043263875E-07
   18      4.4746992663E-08   3.6504543134E-03  -1.0428237190E-03  -1.4411525654E-07  -3.9841495139E-01
   19     -3.1084375470E-07   1.2713563770E-04   2.9660924504E-03  -9.9298696840E-09  -1.5515482087E-01
   20     -3.3785760469E-03  -1.4044597229E-08   2.6001093258E-07  -3.6138067221E-03   8.9361177960E-06
   21     -4.1015012860E-07   1.1959304923E-04  -7.8983586591E-06  -5.1327381998E-07  -5.9266879952E-04
   22      6.0512059563E-08  -4.3287894986E-06   4.4027479423E-05  -3.9002617558E-07   2.2255559078E-04
   23     -4.4053341817E-03   4.6816153688E-07   1.7296785351E-07  -9.7149045559E-04   1.4614228314E-06
   24     -7.0425433442E-07  -1.3219842145E-04   6.8471597012E-06   1.5314713414E-07   1.3959656092E-04
   25     -5.0642198179E-07  -4.4020180080E-05   2.7415319422E-05   1.1097049905E-07   3.2379598597E-07
   26      4.9316726859E-04   1.3705694408E-06   4.9633067217E-07   1.6167639692E-04  -1.0407635640E-06
   27     -3.2042379451E-08   9.3744936659E-04  -3.7529421604E-04  -1.1339163418E-07   2.3382793508E-04
   28      6.1360115727E-08  -3.2365686932E-05   8.8810166511E-04  -1.3456936406E-07  -2.4881968028E-04
   29     -8.7336008900E-04   1.3739903609E-07   1.1270777206E-07  -3.8143437361E-03   3.6015310114E-08
   30     -1.8367319292E-07  -1.0158945919E-03   1.0992364641E-03  -5.3297901705E-08   4.6182563065E-05
   31     -1.0966337809E-07  -5.4288806453E-04   4.0266127274E-04  -8.6177205185E-08   6.4343634878E-05
   32      8.6106710784E-04   2.1852452284E-07  -3.1479589225E-07   3.1248296520E-04   8.8651923535E-08
   33     -6.5534796506E-06  -3.3177354088E-04  -1.5907639878E-03  -2.6489830859E-07   4.0860279802E-04
   34     -6.1044633300E-06  -6.7063398670E-06  -1.9231447091E-04  -1.2326719976E-07   1.0737248331E-04
   35      2.3365017613E-02   7.7970611483E-08   3.8870549095E-07  -1.5580449437E-04  -2.0358560465E-07
   36      7.7970611483E-08   3.2701127686E-01   8.2835387141E-02  -7.0607983912E-07  -2.6522247054E-06
   37      3.8870549095E-07   8.2835387141E-02   8.3181801561E-02   6.5546864569E-07   1.3074774343E-03
   38     -1.5580449437E-04  -7.0607983912E-07   6.5546864569E-07   2.1257180164E-02   1.6980648084E-07
   39     -2.0358560465E-07  -2.6522247054E-06   1.3074774343E-03   1.6980648084E-07   4.3127430868E-01
   40     -2.5881139549E-08  -1.7283263984E-03  -1.4655764852E-03  -5.7722287804E-08   1.6708275238E-01
   41     -6.2509957890E-04  -1.5202467119E-09  -1.0184114803E-07   5.6251940039E-04  -8.9221197156E-06
                   40                 41        
     0     -2.7679187646E-04   2.3842753102E-07
     1     -5.7584833514E-04   1.6325501087E-08
     2     -4.0269996736E-07  -5.3384347596E-04
     3     -1.7100502443E-04  -2.6131316852E-07
     4     -1.7758558497E-04  -2.8899979889E-07
     5      2.8574588144E-07   1.8917565271E-06
     6      4.6155296380E-04   5.7395583496E-07
     7      1.1459147205E-03   2.5431066717E-07
     8     -3.7769100452E-07   1.8292307985E-03
     9      4.2519488921E-03   9.9011033688E-07
    10     -4.0168570127E-03  -4.1138439747E-07
    11     -3.9722697720E-07   2.5237918233E-03
    12      3.4363882349E-02   2.5173354098E-07
    13      1.0572574814E-02  -1.9329730575E-07
    14     -1.0052513567E-06  -3.5765604594E-03
    15      4.0679590638E-03  -6.6159057973E-08
    16      1.3978561174E-03   3.2482292654E-07
    17      4.1645808100E-07  -1.0009216955E-03
    18     -2.0833439159E-01   8.4013779466E-06
    19     -1.3825561382E-01   4.1526472609E-06
    20      5.4298418278E-06  -5.8390175287E-03
    21      4.4173666735E-04  -4.5841100889E-07
    22     -2.1166715943E-04   1.4590685907E-07
    23     -1.3962199773E-07  -1.5079490374E-04
    24     -1.2521072189E-04   7.0429997043E-08
    25      2.3356548771E-05  -3.6026545218E-08
    26     -6.3065777806E-07  -2.5555077374E-05
    27     -4.5107317890E-05   6.1971534346E-09
    28      8.7632329421E-05   6.6048119239E-09
    29     -2.0826882016E-08  -3.1943788740E-05
    30     -1.7129944861E-04  -6.6363380625E-09
    31     -3.6055879535E-05  -2.4510588815E-08
    32      7.4605577972E-08  -7.0758054737E-05
    33      1.6587544963E-04  -1.2426634601E-07
    34      1.0465417067E-04   1.0339015349E-09
    35     -2.5881139549E-08  -6.2509957890E-04
    36     -1.7283263984E-03  -1.5202467119E-09
    37     -1.4655764852E-03  -1.0184114803E-07
    38     -5.7722287804E-08   5.6251940039E-04
    39      1.6708275238E-01  -8.9221197156E-06
    40      1.3140721558E-01  -3.4973320606E-06
    41     -3.4973320606E-06   6.9370607843E-03

$vibrational_frequencies
42
    0        0.0000000000000000
    1        0.0000000000000000
    2        0.0000000000000000
    3        0.0000000000000000
    4        0.0000000000000000
    5        0.0000000000000000
    6      151.7597057750444094
    7      164.9333693729548429
    8      234.1653036982326057
    9      402.3520688681512638
   10      408.6449657818923242
   11      436.6011724893959922
   12      466.1436840407570799
   13      482.4631852152036231
   14      541.5447384514342275
   15      590.9489097988611093
   16      631.0145561673580232
   17      695.7739871698017851
   18      733.3178012328282875
   19      784.1944526061818124
   20      875.6539458611566715
   21      889.7430216937736986
   22      951.0252183503467904
   23      955.5576613658286078
   24     1016.8430890252699328
   25     1111.8343358071599596
   26     1158.2331650976382207
   27     1189.6852519439023581
   28     1218.2215205143902494
   29     1294.9571859853831484
   30     1327.2628133485900435
   31     1360.7920334450720929
   32     1491.8924321085632982
   33     1510.4580724176325930
   34     1610.5754180740752872
   35     1643.9148715703502148
   36     2281.7162039108043246
   37     3158.3663780921356192
   38     3180.7475851694707671
   39     3199.0870224813661480
   40     3202.1536588242697690
   41     3749.9884152194954368

$normal_modes
42 42
                    0                  1                  2                  3                  4        
    0      0.0000000000E+00   0.0000000000E+00   0.0000000000E+00   0.0000000000E+00   0.0000000000E+00
    1      0.0000000000E+00   0.0000000000E+00   0.0000000000E+00   0.0000000000E+00   0.0000000000E+00
    2      0.0000000000E+00   0.0000000000E+00   0.0000000000E+00   0.0000000000E+00   0.0000000000E+00
    3      0.0000000000E+00   0.0000000000E+00   0.0000000000E+00   0.0000000000E+00   0.0000000000E+00
    4      0.0000000000E+00   0.0000000000E+00   0.0000000000E+00   0.0000000000E+00   0.0000000000E+00
