*************************************************
******************* ORCA 6.0.0 ******************
*************************************************
$Calculation_Status
   &GeometryIndex 1
   &ListStatus       OUT
   &VERSION [&Type "String"] "6.0.0"
   &PROGNAME [&Type "String"] "LeanSCF"
   &STATUS [&Type "String"] "NORMAL TERMINATION"
$End
$Geometry
   &GeometryIndex 1
   &ListStatus       OUT
   &NATOMS [&Type "Integer"] 14
   &NCORELESSECP [&Type "Integer"] 0
   &NGHOSTATOMS [&Type "Integer"] 0
   &CartesianCoordinates [&Type "Coordinates", &Dim(14,4), &Units "Bohr"] 
              C     -1.397184603954   -3.434507761471   -0.000075918803
              C      1.128037915158   -2.712222166013    0.000040658403
              C      1.717341483998   -0.134219607886    0.000129156356
              C     -0.196680266020    1.694307347779    0.000002147485
              C     -2.711320110723    0.924224359872   -0.000131091058
              C     -3.315254973350   -1.644845128149   -0.000137024798
              O     -4.672748793251    2.590744854837   -0.000139598416
              C      4.290996411759    0.658190918348    0.001236345386
              N      6.379907324516    1.310184434109   -0.001139382782
              H     -1.880432259728   -5.426718903343   -0.000036083187
              H      2.631423371905   -4.101135828907    0.000187151295
              H      0.299503416085    3.685537026180    0.000132323726
              H     -5.288707366651   -2.197205844400   -0.000167072577
              H     -4.029621642531    4.295465229885   -0.000440680544
$End
$SCF_Energy
   &GeometryIndex 1
   &ListStatus       OUT
   &SCF_ENERGY [&Type "Double"]      -3.9965245057313331e+02
$End
$DFT_Energy
   &GeometryIndex 1
   &ListStatus       OUT
   &NALPHAEL [&Type "Integer"] 31
   &NBETAEL [&Type "Integer"] 31
   &NTOTALEL [&Type "Integer"] 62
   &EEXCHANGE [&Type "Double"]      -5.3115741946957435e+01
   &ECORR [&Type "Double"]      -2.0204005677351637e+00
   &ECNL [&Type "Double"]       0.0000000000000000e+00
   &EXC [&Type "Double"]      -5.5136142514692601e+01
   &EEMBED [&Type "Double"]       0.0000000000000000e+00
   &FINALEN [&Type "Double"]      -3.9965245057313331e+02  "No Van der Waals correction"
$End
$Mulliken_Population_Analysis
   &GeometryIndex 1
   &ListStatus       OUT
   &NATOMS [&Type "Integer"] 14
   &ATNO [&Type "ArrayOfIntegers", &Dim (14,1)] 
                                                         0

0                                                        6
1                                                        6
2                                                        6
3                                                        6
4                                                        6
5                                                        6
6                                                        8
7                                                        6
8                                                        7
9                                                        1
10                                                       1
11                                                       1
12                                                       1
13                                                       1
   &ATOMICCHARGES [&Type "ArrayOfDoubles", &Dim (14,1)] 
                                                         0

0                                     -3.7820480617444474e-02
1                                     -2.7804249186031704e-01
2                                      3.1349607829904258e-01
3                                     -3.4066945630691681e-01
4                                      3.3926566265499236e-01
5                                     -2.1458659782104306e-01
6                                     -3.8781991780084191e-01
7                                     -1.5035663370771690e-01
8                                     -6.2164009484057203e-02
9                                      1.2217776751123399e-01
10                                     1.2997224963673071e-01
11                                     1.2209489575220112e-01
12                                     1.2454079614384761e-01
13                                     3.1991213760059423e-01
$End
$Loewdin_Population_Analysis
   &GeometryIndex 1
   &ListStatus       OUT
   &NATOMS [&Type "Integer"] 14
   &ATNO [&Type "ArrayOfIntegers", &Dim (14,1)] 
                                                         0

0                                                        6
1                                                        6
2                                                        6
3                                                        6
4                                                        6
5                                                        6
6                                                        8
7                                                        6
8                                                        7
9                                                        1
10                                                       1
11                                                       1
12                                                       1
13                                                       1
   &ATOMICCHARGES [&Type "ArrayOfDoubles", &Dim (14,1)] 
                                                         0

0                                     -1.2292639924258797e-01
1                                     -9.3065534640226488e-02
2                                     -1.5049263976899763e-01
3                                     -8.2646185785685944e-02
4                                     -2.6761643515135702e-01
5                                     -1.0067365662369365e-01
6                                      9.9037745161537849e-02
7                                     -1.5225482096713083e-01
8                                      6.6104370553323299e-02
9                                      1.5047817502534844e-01
10                                     1.5503427848077067e-01
11                                     1.5406647163342857e-01
12                                     1.5372441396686420e-01
13                                     1.9123021735869628e-01
$End
$Mayer_Population_Analysis
   &GeometryIndex 1
   &ListStatus       OUT
   &NATOMS [&Type "Integer"] 14 "Total number of atoms"
   &BONDTHRESH [&Type "Double"]       1.0000000000000001e-01  "The threshold for printing"
   &NBONDORDERSPRINT [&Type "Integer"] 14 "The number of bond orders larger than threshold"
   &BONDORDERS [&Type "ArrayOfDoubles", &Dim (14,1)] "The bond orders"
                                                         0

0                                      1.4041791374402275e+00
1                                      1.4002008566990907e+00
2                                      9.7054442980423972e-01
3                                      1.3143424377026212e+00
4                                      9.7654403884203056e-01
5                                      1.3110161318313716e+00
6                                      9.0645431144463051e-01
7                                      1.3472281104226622e+00
8                                      9.5579328706729594e-01
9                                      1.3396895579496404e+00
10                                     1.1369449339419839e+00
11                                     9.7276061332973374e-01
12                                     8.8095741621643164e-01
13                                     2.9913628549010727e+00
   &COMPONENTS [&Type "ArrayOfIntegers", &Dim (14,4)] "The indices and atomic numbers of the bonding atoms"
                                                         0                           1                           2                           3

0                                                        0                           6                           1                           6
1                                                        0                           6                           5                           6
2                                                        0                           6                           9                           1
3                                                        1                           6                           2                           6
4                                                        1                           6                          10                           1
5                                                        2                           6                           3                           6
6                                                        2                           6                           7                           6
7                                                        3                           6                           4                           6
8                                                        3                           6                          11                           1
9                                                        4                           6                           5                           6
10                                                       4                           6                           6                           8
11                                                       5                           6                          12                           1
12                                                       6                           8                          13                           1
13                                                       7                           6                           8                           7
   &ATNO [&Type "ArrayOfIntegers", &Dim (14,1)] "Atomic number of the elements"
                                                         0

0                                                        6
1                                                        6
2                                                        6
3                                                        6
4                                                        6
5                                                        6
6                                                        8
7                                                        6
8                                                        7
9                                                        1
10                                                       1
11                                                       1
12                                                       1
13                                                       1
   &NA [&Type "ArrayOfDoubles", &Dim (14,1)] "Mulliken gross atomic population"
                                                         0

0                                      6.0378204806174320e+00
1                                      6.2780424918602886e+00
2                                      5.6865039217009707e+00
3                                      6.3406694563069239e+00
4                                      5.6607343373450059e+00
5                                      6.2145865978210724e+00
6                                      8.3878199178008312e+00
7                                      6.1503566337077542e+00
8                                      7.0621640094840616e+00
9                                      8.7782223248876623e-01
10                                     8.7002775036326996e-01
11                                     8.7790510424779988e-01
12                                     8.7545920385614973e-01
13                                     6.8008786239940622e-01
   &ZA [&Type "ArrayOfDoubles", &Dim (14,1)] "Total nuclear charge"
                                                         0

0                                      6.0000000000000000e+00
1                                      6.0000000000000000e+00
2                                      6.0000000000000000e+00
3                                      6.0000000000000000e+00
4                                      6.0000000000000000e+00
5                                      6.0000000000000000e+00
6                                      8.0000000000000000e+00
7                                      6.0000000000000000e+00
8                                      7.0000000000000000e+00
9                                      1.0000000000000000e+00
10                                     1.0000000000000000e+00
11                                     1.0000000000000000e+00
12                                     1.0000000000000000e+00
13                                     1.0000000000000000e+00
   &QA [&Type "ArrayOfDoubles", &Dim (14,1)] "Mulliken gross atomic charge"
                                                         0

0                                     -3.7820480617432040e-02
1                                     -2.7804249186028862e-01
2                                      3.1349607829902926e-01
3                                     -3.4066945630692391e-01
4                                      3.3926566265499414e-01
5                                     -2.1458659782107237e-01
6                                     -3.8781991780083125e-01
7                                     -1.5035663370775421e-01
8                                     -6.2164009484061644e-02
9                                      1.2217776751123377e-01
10                                     1.2997224963673004e-01
11                                     1.2209489575220012e-01
12                                     1.2454079614385027e-01
13                                     3.1991213760059378e-01
   &VA [&Type "ArrayOfDoubles", &Dim (14,1)] "Mayer's total valence"
                                                         0

0                                      3.8408866937750661e+00
1                                      3.9603883219147646e+00
2                                      3.5610844873208429e+00
3                                      3.8719733811589165e+00
4                                      3.8872675884677603e+00
5                                      3.9293885143322003e+00
6                                      2.1041922651981775e+00
7                                      3.9314971687437490e+00
8                                      3.1223501063259764e+00
9                                      9.7525107170247149e-01
10                                     9.8330742863256637e-01
11                                     9.8970098240731008e-01
12                                     9.8882984115608108e-01
13                                     9.1630515224405107e-01
   &BVA [&Type "ArrayOfDoubles", &Dim (14,1)] "Mayer's bonded valence"
                                                         0

0                                      3.8408866937750701e+00
1                                      3.9603883219148814e+00
2                                      3.5610844873208065e+00
3                                      3.8719733811586114e+00
4                                      3.8872675884678038e+00
5                                      3.9293885143321998e+00
6                                      2.1041922651981979e+00
7                                      3.9314971687434732e+00
8                                      3.1223501063258068e+00
9                                      9.7525107170247372e-01
10                                     9.8330742863255438e-01
11                                     9.8970098240725202e-01
12                                     9.8882984115607719e-01
13                                     9.1630515224405373e-01
   &FA [&Type "ArrayOfDoubles", &Dim (14,1)] "Mayer's free valence"
                                                         0

0                                      0.0000000000000000e+00
1                                      0.0000000000000000e+00
2                                      0.0000000000000000e+00
3                                      0.0000000000000000e+00
4                                      0.0000000000000000e+00
5                                      0.0000000000000000e+00
6                                      0.0000000000000000e+00
7                                      0.0000000000000000e+00
8                                      0.0000000000000000e+00
9                                      0.0000000000000000e+00
10                                     0.0000000000000000e+00
11                                     0.0000000000000000e+00
12                                     0.0000000000000000e+00
13                                     0.0000000000000000e+00
$End
$VdW_Correction
   &GeometryIndex 1
   &ListStatus       OUT
   &VDW [&Type "Double"]      -4.6872697537772654e-03
$End
$Calculation_Info
   &GeometryIndex 1
   &ListStatus       OUT
   &MULT [&Type "Integer"] 1
   &CHARGE [&Type "Integer"] 0
   &NUMOFATOMS [&Type "Integer"] 14
   &NUMOFELECTRONS [&Type "Integer"] 62
   &NUMOFFCELECTRONS [&Type "Integer"] 1
   &NUMOFCORRELECTRONS [&Type "Integer"] 0
   &NUMOFBASISFUNCTS [&Type "Integer"] 309
   &NUMOFAUXCBASISFUNCTS [&Type "Integer"] 0
   &NUMOFAUXJBASISFUNCTS [&Type "Integer"] 325
   &NUMOFAUXJKBASISFUNCTS [&Type "Integer"] 0
   &NUMOFCABSBASISFUNCTS [&Type "Integer"] 0
   &TOTALENERGY [&Type "Double"]      -3.9965332456068711e+02  "Hartrees"
$End
$SCF_Dipole_Moment
   &GeometryIndex 1
   &ListStatus       OUT
   &METHOD [&Type "String"] "SCF"
   &LEVEL [&Type "String"] "Relaxed density"
   &MULT [&Type "Integer"] 1
   &STATE [&Type "Integer"] -1
   &IRREP [&Type "Integer"] 0
   &NATOMS [&Type "Integer"] 14
   &DODIPOLEATOM [&Type "Boolean"] false
   &DIPOLEELECCONTRIB [&Type "ArrayOfDoubles", &Dim (3,1)] "Electronic contribution"
                                                         0

0                                      2.6400656453070459e+00
1                                      1.7326125756582402e+00
2                                      4.7888940810272119e-04
   &DIPOLENUCCONTRIB [&Type "ArrayOfDoubles", &Dim (3,1)] "Nuclear contribution"
                                                         0

0                                     -4.1321837586978480e+00
1                                     -1.8386026119564809e+00
2                                     -4.5385012191412214e-05
   &DIPOLETOTAL [&Type "ArrayOfDoubles", &Dim (3,1)] "Total"
                                                         0

0                                     -1.4921181133908021e+00
1                                     -1.0599003629824066e-01
2                                      4.3350439591130897e-04
   &DIPOLEMAGNITUDE [&Type "Double", &Units "a.u."]       1.4958778493010352e+00
$End
$THERMOCHEMISTRY_Energies
   &GeometryIndex 1
   &ListStatus       OUT
   &TEMPERATURE [&Type "Double"]       2.9814999999999998e+02
   &PRESSURE [&Type "Double"]       1.0000000000000000e+00
   &TOTALMASS [&Type "Double"]       1.1912299999999999e+02
   &SPINDEGENERACY [&Type "Integer"] 1
   &ELENERGY [&Type "Double"]      -3.9965332456068711e+02
   &TRANSENERGY [&Type "Double"]       1.4162714244859817e-03
   &ROTENERGY [&Type "Double"]       1.4162714244859817e-03
   &VIBENERGY [&Type "Double"]       4.4140734923535938e-03
   &NUMOFFREQS [&Type "Integer"] 42
   &FREQSCALINGFACTOR [&Type "Double"]       1.0000000000000000e+00
   &FREQ [&Type "ArrayOfDoubles", &Dim (42,1)] "In cm^-1"
                                                         0

0                                      0.0000000000000000e+00
1                                      0.0000000000000000e+00
2                                      0.0000000000000000e+00
3                                      0.0000000000000000e+00
4                                      0.0000000000000000e+00
5                                      0.0000000000000000e+00
6                                      1.4253210288327386e+02
7                                      1.5163862231664928e+02
8                                      2.2960203120355968e+02
9                                      3.7617986435514490e+02
10                                     3.9683296483319106e+02
11                                     4.0313838836141252e+02
12                                     4.6479773762153053e+02
13                                     4.8006957354636285e+02
14                                     5.4224475964506746e+02
15                                     5.8630152906927219e+02
16                                     6.2812750917551193e+02
17                                     6.9561103706193774e+02
18                                     7.3634504089730490e+02
19                                     7.9726264167424245e+02
20                                     8.5929677784830619e+02
21                                     9.0075297970848362e+02
22                                     9.5524457013717517e+02
23                                     9.7086566360205575e+02
24                                     1.0188128730759377e+03
25                                     1.1030954321328561e+03
26                                     1.1720242482962324e+03
27                                     1.1911486960730358e+03
28                                     1.1976708643693655e+03
29                                     1.3047314737181789e+03
30                                     1.3449916378929481e+03
31                                     1.3639914433854224e+03
32                                     1.4713821959660104e+03
33                                     1.5258232328963884e+03
34                                     1.6259228698698171e+03
35                                     1.6344471274169127e+03
36                                     2.2981718598990724e+03
37                                     3.1685910650248165e+03
38                                     3.1752599705114144e+03
39                                     3.1915615061063677e+03
40                                     3.2035244288938625e+03
41                                     3.8047407791230912e+03
   &ZPE [&Type "Double"]       1.0277437369277811e-01
   &INNERENERGYU [&Type "Double"]      -3.9954330357065299e+02
   &ENTHALPYH [&Type "Double"]      -3.9954235936161075e+02
   &QEL [&Type "Double"]       0.0000000000000000e+00
   &QROT [&Type "Double"]       1.3709175019843658e-02
   &QVIB [&Type "Double"]       7.0364796286060466e-03
   &QTRANS [&Type "Double"]       1.9119070338798890e-02
   &ENTROPYS [&Type "Double"]       3.9864724987248600e-02
   &FREEENERGYG [&Type "Double"]      -3.9958222408659799e+02
   &ISLINEAR [&Type "Boolean"] false
$End
$Hessian
   &GeometryIndex 1
   &ListStatus       OUT
   &HESSIAN [&Type "ArrayOfDoubles", &Dim (42,42)] "The Hessian"
                                                         0                           1                           2                           3                           4                           5                           6                           7

0                                      6.6817125954253431e-01         1.5326349899746468e-02         1.2119853638406046e-05        -3.1649988428664799e-01        -2.7136432690987033e-02        -1.8603156580815592e-05        -4.6022835352745161e-03        -7.8278136851120339e-02
1                                      1.5326349899746468e-02         7.3493963017800945e-01        -3.0865578855767081e-06        -8.3533885516427889e-02        -1.4243508155702700e-01         1.0610090342523551e-06        -3.5927168577280622e-02        -6.1040143155750006e-03
2                                      1.2119853638406046e-05        -3.0865578855767081e-06         1.3149300921939627e-01        -6.5778035366980975e-06         9.7127815744593399e-06        -5.9029091410108009e-02        -1.5443738613123865e-06        -1.2926298094116338e-05
3                                     -3.1649988428664799e-01        -8.3533885516427889e-02        -6.5778035366980975e-06         7.1213818389550299e-01        -4.8926060226519311e-02         5.9645958947440852e-05        -1.1882548971260280e-01        -9.9678377185698861e-03
4                                     -2.7136432690987033e-02        -1.4243508155702700e-01         9.7127815744593399e-06        -4.8926060226519311e-02         6.8002306986032557e-01         1.3265226662937178e-06        -5.1835343424961398e-02        -3.0186306998037055e-01
5                                     -1.8603156580815592e-05         1.0610090342523551e-06        -5.9029091410108009e-02         5.9645958947440852e-05         1.3265226662937178e-06         1.2295303616137582e-01        -1.0353183825568930e-05        -1.5093475262717984e-06
6                                     -4.6022835352745161e-03        -3.5927168577280622e-02        -1.5443738613123865e-06        -1.1882548971260280e-01        -5.1835343424961398e-02        -1.0353183825568930e-05         6.6234115935831717e-01         6.6773622184938559e-03
7                                     -7.8278136851120339e-02        -6.1040143155750006e-03        -1.2926298094116338e-05        -9.9678377185698861e-03        -3.0186306998037055e-01        -1.5093475262717984e-06         6.6773622184938559e-03         6.4548525635931031e-01
8                                      2.2511109322048945e-06        -1.0408786510984282e-05         7.2809893048022840e-03        -2.5225009106954635e-05        -1.4118560810505527e-05        -6.2592956457586016e-02         9.3157438054024359e-05         2.6187010222542504e-05
9                                     -5.3273956305066678e-02         8.1120090451447038e-03        -4.6269551924593155e-06         4.2446558064472541e-02         4.9488503737547804e-02         3.0276984695041253e-06        -2.0703625744696322e-01         7.9369861627782881e-02
10                                     1.5119303422131150e-02        -2.9036375918536084e-03         2.7912012278168633e-06         1.2145505495493900e-02        -4.8026433111386914e-02        -5.3603408964754814e-07         1.1982870344452541e-01        -2.1846194616642919e-01
11                                    -1.7742577928081782e-06         2.3910741335601394e-06        -4.7798994182559930e-03         2.0808306814144654e-06         3.1063576253378725e-06         1.0996903135262892e-02        -1.2423363242647388e-05        -2.4047676847312388e-06
12                                     5.4826490513968297e-02         1.5861462475525608e-02         5.3018558115730473e-06        -2.6934918217516774e-02        -3.6352923879976920e-02         9.0009399213545146e-08        -5.4941535751506343e-02         4.7445080898788822e-02
13                                     5.9964872645676195e-02        -4.6109322205668921e-02         4.5534478221647559e-06        -3.6297801932521537e-02        -3.4342227408431868e-02        -4.0704817000875243e-06         2.7123967830587608e-03         5.6669733359933645e-02
14                                     7.2935368631444260e-06         2.4459900601054563e-06         1.0600843982478091e-03        -3.7983657561408864e-06        -8.2782559329188900e-06        -4.9775587274386102e-03        -8.9411037422427741e-06         6.1289946757802126e-06
15                                    -2.4416656963217401e-01         1.3599070206620101e-01        -2.9739221463233359e-06        -5.2336413355131776e-02         7.7730959960063475e-03        -5.0477695826110370e-06        -2.4985161196873079e-03         1.6713957544088113e-02
16                                     7.9203784173026259e-02        -2.3043119963611430e-01        -1.6312850145675282e-06         4.7874200454872270e-02         5.0370721475684277e-02         2.4610848805392879e-06         1.2746307153182417e-02        -5.2292121179593504e-02
17                                    -5.8451653993976260e-06         3.7760634903818107e-06        -5.5207901095017636e-02        -1.6773261666558960e-06         5.8132066421773008e-07         6.4610356614678253e-03         1.3110746271769685e-06         3.2220194700398600e-06
18                                    -3.0418673288135642e-03        -4.3900843981997065e-03        -9.6182328173263999e-07        -1.3736991925721747e-03         5.2263244637704813e-03        -9.2637715039150080e-07        -9.8770227822447300e-05        -8.9851633719569349e-03
19                                    -1.1819979778887844e-02        -1.0937665906870606e-03        -3.2069534705497023e-07         7.2574552150244682e-03         1.6540377275406388e-03         5.1531955725771652e-07        -7.9549667048303858e-04        -4.6660539725947667e-03
20                                    -1.8236544960931017e-06         1.7581558175275665e-07         4.6895009058373349e-03         1.8203108920763266e-06         1.5939261043488473e-06        -1.5671379910344350e-03         1.4828951017066802e-07         1.5145101376985069e-06
21                                     7.3679264483693316e-03        -2.3037154727510454e-03         3.6160129955961905e-06        -2.2788904333263520e-02        -2.7696588472698278e-02        -1.2763186016756761e-05        -2.6304967830975423e-01        -5.3347339901530927e-02
22                                    -3.5454917280742420e-04        -7.6139447919489345e-03        -1.9047645602619320e-06        -4.0556080214035908e-02        -1.0876781738862598e-02        -1.3349429665600796e-05        -5.4930369435631107e-02        -1.0038012230276458e-01
23                                    -8.9243903127815921e-07        -2.5452010991467871e-06         7.6312700831930426e-03         2.2559739842816932e-06         6.2703023835625245e-06         1.4600659221652920e-03        -3.1291508985895636e-05        -1.1763845514769004e-05
24                                    -2.6433101172567116e-03        -6.3407698517644901e-04        -4.5282584863380855e-06         1.3745782519498650e-03         1.0596367464272392e-02         2.3995647779576727e-06        -2.2559678397926719e-02        -1.4041086269083909e-02
25                                    -3.0797512732947557e-04         1.2544917401444266e-03         3.8749439408883056e-07         3.7431533777988303e-03         1.5336732850101749e-03        -1.8678443906226671e-07        -1.3236395942232412e-02         1.6170023089038574e-02
26                                     2.6344108466709499e-06        -7.3226080264121036e-07        -1.3437586357059590e-03        -1.5016004255069326e-06        -7.5315630319743219e-06         1.6388025037853695e-03        -3.4359166223218838e-05        -9.3237966414686993e-06
27                                    -7.3866728209288329e-02        -6.3794100847666263e-02         2.0492840995704869e-06        -2.3994183376445672e-03        -3.0435415192423682e-02         7.9570917401503673e-07        -5.5501087069783021e-03        -1.3807102323197653e-03
28                                    -6.3564314679427220e-02        -3.1993962476252225e-01         4.9327077354897621e-06        -1.4979409309837793e-04        -5.1128727862822694e-03        -3.2526890029052503e-07        -1.4247772336464658e-03         1.8042324398850314e-03
29                                     2.9578757512182045e-06         5.4245951915255854e-06        -3.6208789371848737e-02        -1.0483180505927560e-06        -8.6146578171562552e-07         2.4716341162260682e-03        -2.0030379513704370e-07        -1.9398477638457689e-06
30                                    -1.6139558518929665e-02         2.1994420081448064e-02        -2.6686922469070270e-06        -2.1018891302540399e-01         1.4253113763775960e-01        -1.8705237015198386e-05         8.0998507629749215e-03        -7.6572020671354518e-03
31                                    -8.3545463149626506e-03         1.0307701260714659e-02        -1.6549632541509918e-06         1.4054230427594697e-01        -1.8905259702869592e-01         1.4672599325183868e-05         2.3291271346452612e-02        -1.6688741008392703e-02
32                                     3.2335424423730465e-06         2.8627608233416937e-06         1.2777027836544663e-03        -2.2745126155099079e-05         7.0934113884254036e-06        -3.1342689066705495e-02        -2.5889462835640581e-07         7.0863977036111329e-06
33                                    -1.2136353394481994e-03         6.7449052367865895e-04        -4.7007903551377168e-07        -3.4480505442778678e-03         3.1357272367084359e-03        -1.2478711714847325e-06         8.7812729061143013e-03         2.3070574778599522e-02
34                                    -1.3701548355135465e-06         6.8733421417163285e-04        -3.6175199708584034e-08         4.4781293983276078e-03        -1.0693968837408550e-04        -6.3002283704912288e-07        -7.4508759033144537e-03        -1.7257111040687029e-02
35                                    -3.0994076572369668e-06        -3.4706320949828056e-07        -5.2239672471807999e-04         2.3444804671751281e-07         3.7967964122833773e-06         5.6110681804005394e-03         3.5515293070552633e-06        -5.6413676060235775e-06
36                                    -1.6496141756963983e-02        -8.2124850794582857e-03        -2.2850659127298357e-07        -8.3629591895012338e-04         4.1666675000479455e-03         7.6572087793477578e-07         6.9303561447928673e-04         3.1165727480915320e-04
37                                     2.1573235795765880e-02         1.0646283874725406e-02        -1.8960122474951155e-07         3.5532515520366090e-03        -2.6632553728665291e-03         4.1422879495070305e-07         7.5551196736384652e-04        -1.2714721048064581e-03
38                                     2.0866938041832190e-06        -1.4007922529785929e-06         1.8479937136509899e-03        -2.1846423092149662e-06        -2.0531580546029458e-06         7.7976730670098141e-03        -4.4677922006495812e-07        -1.2023266456430451e-07
39                                     1.5782585249917236e-03         7.9545107272565316e-04         4.8923759957335007e-07        -3.2733328791379195e-04        -5.1273048273766959e-04         3.7515536233988816e-07        -7.5300043336994603e-04         4.4472141142950453e-05
40                                    -1.3296094534983687e-03        -1.2048498163685704e-03        -2.1090864205678125e-08        -1.8486973413644561e-04         8.9775632373701516e-04        -6.1056083591356659e-08        -3.8661579751547682e-04        -1.1445931769537361e-03
41                                     4.6522691326735734e-07        -2.2284786372124614e-07         1.8112862468722170e-03        -7.3236671064656684e-07        -4.2075422408821443e-07         1.1921490517894317e-04        -8.1582201846583447e-07        -4.9837285709618893e-07
                                                         8                           9                          10                          11                          12                          13                          14                          15

0                                      2.2511109322048945e-06        -5.3273956305066678e-02         1.5119303422131150e-02        -1.7742577928081782e-06         5.4826490513968297e-02         5.9964872645676195e-02         7.2935368631444260e-06        -2.4416656963217401e-01
1                                     -1.0408786510984282e-05         8.1120090451447038e-03        -2.9036375918536084e-03         2.3910741335601394e-06         1.5861462475525608e-02        -4.6109322205668921e-02         2.4459900601054563e-06         1.3599070206620101e-01
2                                      7.2809893048022840e-03        -4.6269551924593155e-06         2.7912012278168633e-06        -4.7798994182559930e-03         5.3018558115730473e-06         4.5534478221647559e-06         1.0600843982478091e-03        -2.9739221463233359e-06
3                                     -2.5225009106954635e-05         4.2446558064472541e-02         1.2145505495493900e-02         2.0808306814144654e-06        -2.6934918217516774e-02        -3.6297801932521537e-02        -3.7983657561408864e-06        -5.2336413355131776e-02
4                                     -1.4118560810505527e-05         4.9488503737547804e-02        -4.8026433111386914e-02         3.1063576253378725e-06        -3.6352923879976920e-02        -3.4342227408431868e-02        -8.2782559329188900e-06         7.7730959960063475e-03
5                                     -6.2592956457586016e-02         3.0276984695041253e-06        -5.3603408964754814e-07         1.0996903135262892e-02         9.0009399213545146e-08        -4.0704817000875243e-06        -4.9775587274386102e-03        -5.0477695826110370e-06
6                                      9.3157438054024359e-05        -2.0703625744696322e-01         1.1982870344452541e-01        -1.2423363242647388e-05        -5.4941535751506343e-02         2.7123967830587608e-03        -8.9411037422427741e-06        -2.4985161196873079e-03
7                                      2.6187010222542504e-05         7.9369861627782881e-02        -2.1846194616642919e-01        -2.4047676847312388e-06         4.7445080898788822e-02         5.6669733359933645e-02         6.1289946757802126e-06         1.6713957544088113e-02
8                                      1.3965707563344257e-01        -3.0455753933714469e-05         1.1969197117456791e-06        -5.7419581725888361e-02        -3.9615019533522707e-06         8.5275293625609862e-06         1.3434372274405831e-03         2.6802059134057262e-06
9                                     -3.0455753933714469e-05         6.6855665390237828e-01         1.6449473615536191e-02         5.4782649557207560e-05        -2.9153901164251439e-01        -3.1300859148075240e-02        -1.2140079950279149e-06         5.3878044409141589e-03
10                                     1.1969197117456791e-06         1.6449473615536191e-02         7.2841910634841456e-01         2.2847125212751283e-05        -9.7984307396522266e-02        -1.5587659425217745e-01        -1.0106452750706766e-05        -3.4617728797068953e-02
11                                    -5.7419581725888361e-02         5.4782649557207560e-05         2.2847125212751283e-05         1.1687096947502340e-01        -1.8619338261628210e-05        -7.6048868127279213e-06        -6.3936901242912375e-02        -1.5368897282370092e-06
12                                    -3.9615019533522707e-06        -2.9153901164251439e-01        -9.7984307396522266e-02        -1.8619338261628210e-05         6.8477969531534677e-01         1.2376950304519590e-02         1.1814491603089616e-05        -1.4382534670075314e-01
13                                     8.5275293625609862e-06        -3.1300859148075240e-02        -1.5587659425217745e-01        -7.6048868127279213e-06         1.2376950304519590e-02         6.9900942953720779e-01        -1.5558640155740505e-05        -9.1598735176733406e-02
14                                     1.3434372274405831e-03        -1.2140079950279149e-06        -1.0106452750706766e-05        -6.3936901242912375e-02         1.1814491603089616e-05        -1.5558640155740505e-05         1.5593115777655187e-01        -1.6930661035477575e-06
15                                     2.6802059134057262e-06         5.3878044409141589e-03        -3.4617728797068953e-02        -1.5368897282370092e-06        -1.4382534670075314e-01        -9.1598735176733406e-02        -1.6930661035477575e-06         7.4877103641136766e-01
16                                     2.1831758105738909e-06        -6.8613296562858250e-02        -4.3647613138725165e-04        -6.7470524909610448e-06        -2.5864640917553229e-02        -2.8852649864293228e-01         6.9203142040790992e-06        -7.0065319820996111e-04
