
$orca_hessian_file

$act_atom
  0

$act_coord
  0

$act_energy
        0.000000

$multiplicity
  1

$hessian
39
                    0                  1                  2                  3                  4        
    0      6.9359322145E-01   4.6259439403E-02   5.7142820235E-06  -3.5613394120E-01   4.6505131137E-03
    1      4.6259439403E-02   7.3805657204E-01   1.7952671173E-05  -7.0940935640E-02  -1.4234613390E-01
    2      5.7142820235E-06   1.7952671173E-05   1.3610439520E-01  -1.2790860857E-05  -1.7329219465E-05
    3     -3.5613394120E-01  -7.0940935640E-02  -1.2790860857E-05   7.2561404791E-01  -4.8863377960E-02
    4      4.6505131137E-03  -1.4234613390E-01  -1.7329219465E-05  -4.8863377960E-02   7.0044152201E-01
    5      3.3306889320E-06  -4.8679901743E-06  -6.6412618657E-02  -5.3698219145E-05   2.4720292456E-07
    6     -8.1655281084E-03  -3.8652313575E-02  -1.7085960468E-06  -1.4272530699E-01  -7.9220113284E-02
    7     -8.8971245940E-02   2.2625070033E-02   1.8846078185E-05  -1.9565378220E-02  -3.0081170667E-01
    8     -1.1114017240E-05   4.6432295330E-06   8.7344909360E-03   4.5446536219E-05   2.4193393857E-05
    9     -7.9713742431E-02   3.7300028962E-02   1.1748058939E-06   7.7069717837E-02   5.4601771051E-02
   10      2.0355848308E-02  -1.0844057512E-02  -6.3508758898E-08  -1.1173250887E-03  -5.2686894721E-02
   11      2.8592172822E-06  -2.7646565328E-06  -1.0784843650E-02  -5.6159117610E-06  -8.5399678611E-06
   12      8.5069912774E-02  -1.9868051353E-02  -8.7347796163E-06  -5.5322595370E-02  -5.0575224714E-02
   13      5.6479307168E-02  -7.2201512936E-02  -7.0536717020E-06  -4.8051685838E-02  -3.6400559571E-02
   14     -4.4157237200E-06   2.2836593001E-08   2.3916128658E-02   1.0079272272E-06   5.6516786666E-06
   15     -2.1509231952E-01   1.2987511433E-01   6.8365544956E-06  -4.1170906254E-02   2.0356707886E-02
   16      4.2049220257E-02  -2.4425231631E-01  -3.1783632620E-06   7.9638759129E-02   6.6761572132E-02
   17      5.5051215430E-06  -4.4679687947E-06  -7.3779469691E-02   4.6315032312E-06   4.1268573889E-06
   18      8.9395644633E-03  -2.4097433870E-03   1.8812130442E-05  -1.9121586321E-02  -2.3879809934E-02
   19     -5.1110811092E-03  -6.9267806491E-03  -1.1829880995E-05  -3.2911909549E-02   2.8896349101E-03
   20      4.4223205439E-07   7.6061000790E-07   8.5505130881E-03  -8.4667506606E-06  -2.2503854052E-06
   21     -1.1523365137E-03   1.3924948645E-03  -8.0476473410E-06   4.2985084827E-03   7.6780479754E-03
   22      3.1024919885E-03   1.3757577622E-03   4.0842051396E-06  -2.9181564218E-03  -7.8797008328E-03
   23     -3.0906489358E-06  -4.8126411911E-08  -1.2201905605E-03   2.7058500841E-06   1.0504688984E-05
   24     -1.0145030275E-01  -9.9682040880E-02  -4.5310039099E-06  -6.2472748927E-03  -2.9765284491E-02
   25     -9.9124587276E-02  -3.0244759114E-01  -7.4559894698E-06   5.3757504742E-04   1.0863277588E-03
   26     -5.0310361620E-06  -1.0842612033E-05  -3.9149760124E-02   3.3349923413E-07  -5.1920132310E-07
   27     -1.2563051430E-02   2.3990672703E-02   5.5593908676E-06  -1.7618722674E-01   1.3805006915E-01
   28     -5.4251468091E-03   9.6221192912E-03   3.7977691495E-07   1.3874344704E-01  -2.2561098432E-01
   29     -3.0683740159E-06  -1.2242334992E-06   7.1711279700E-03   2.8309946919E-05  -2.1508052930E-05
   30     -8.0754661986E-04  -2.7716504869E-04   1.1885092336E-06  -3.0443932026E-03   2.8923159740E-03
   31      8.4148283901E-04   3.0421316137E-04   1.6466042289E-06   3.8403633476E-03  -2.2706477269E-03
   32      2.8867668469E-06  -4.0922465969E-07  -7.5932699303E-04  -4.2930733650E-07  -2.9203208036E-06
   33     -1.2885619017E-02  -5.1104110340E-03   3.5992686642E-06  -1.1723757480E-03   3.3522112738E-03
   34      2.4677557762E-02   7.4717562859E-03   1.2500020570E-07   3.1457818875E-03  -4.0822565457E-03
   35     -2.6383211644E-06   1.4913859449E-06   8.7547645173E-03   2.3492543264E-06   2.1532845756E-06
   36      3.6168889437E-04  -1.8801902178E-03   3.7537012176E-07  -5.8566675105E-03   6.4033553023E-04
   37      2.1930116751E-04  -4.3709612742E-04   6.0437547472E-06  -1.4553193018E-03   9.0982748560E-04
   38      1.1723885848E-06  -2.4133780879E-06  -1.1252106947E-03   2.0871220520E-06   6.4783582474E-06
                    5                  6                  7                  8                  9        
    0      3.3306889320E-06  -8.1655281084E-03  -8.8971245940E-02  -1.1114017240E-05  -7.9713742431E-02
    1     -4.8679901743E-06  -3.8652313575E-02   2.2625070033E-02   4.6432295330E-06   3.7300028962E-02
    2     -6.6412618657E-02  -1.7085960468E-06   1.8846078185E-05   8.7344909360E-03   1.1748058939E-06
    3     -5.3698219145E-05  -1.4272530699E-01  -1.9565378220E-02   4.5446536219E-05   7.7069717837E-02
    4      2.4720292456E-07  -7.9220113284E-02  -3.0081170667E-01   2.4193393857E-05   5.4601771051E-02
    5      1.5325231792E-01   1.8422270116E-05   2.6096443897E-05  -6.9619422565E-02  -4.2587672093E-06
    6      1.8422270116E-05   6.7797809164E-01   9.3185469885E-05  -1.1751836472E-04  -1.9704469010E-01
    7      2.6096443897E-05   9.3185469885E-05   6.9683833738E-01  -1.1209238642E-05   4.6325159578E-02
    8     -6.9619422565E-02  -1.1751836472E-04  -1.1209238642E-05   1.3849059900E-01   1.1152683973E-05
    9     -4.2587672093E-06  -1.9704469010E-01   4.6325159578E-02   1.1152683973E-05   6.6543677849E-01
   10     -2.8759230230E-06   1.1829061822E-01  -2.4929332973E-01  -4.4201834282E-06   3.7293182517E-02
   11      8.4366601258E-03   1.9560203489E-05  -2.4436375037E-06  -7.4951867290E-02  -5.8489963082E-05
   12      7.8694628239E-06  -6.4802219109E-02   7.6818534995E-02   2.6012206419E-05  -3.2811726705E-01
   13      7.4073380891E-06   4.4602514327E-03   6.5210985117E-02  -1.6587007716E-05   7.9731468328E-04
   14     -1.0075705647E-02   1.4244921659E-05  -1.1884858731E-05   2.5805717662E-02   2.3860820911E-05
   15      5.0379989717E-06  -3.5192791804E-03   5.9341806028E-03  -8.4087715110E-06  -2.7735316882E-02
   16     -4.5236620073E-06   2.2502694997E-02  -8.2643043488E-02   1.7718290170E-05  -1.2264208657E-01
   17      8.2156024212E-03   4.7862787783E-06  -3.7058319806E-06  -1.1600240810E-02   1.3501019529E-06
   18     -5.5311840252E-06  -2.0926411395E-01  -4.0135649610E-02   1.3146555137E-04  -3.4476714414E-02
   19      1.1629706433E-05  -6.6378486488E-02  -1.3053264073E-01  -1.3933508983E-05   2.6545612044E-02
   20      2.7230308945E-03   5.3389051087E-05  -2.0619673205E-05  -7.5125733752E-02  -3.2941424183E-06
   21      4.6735987512E-06  -6.5710607344E-02   3.6113340406E-02  -5.8261432964E-05   6.5908380353E-04
   22     -2.0248443285E-06   2.8748053829E-02   1.9836179255E-02   2.7074281080E-05  -4.9169297313E-03
   23     -6.0191640654E-04   8.2013485876E-07   7.9149438820E-06   1.8981799683E-02   4.8434278526E-06
   24     -1.4506435556E-06  -5.6945473075E-03   9.3700133051E-06  -4.2571802147E-07  -2.0181128969E-03
   25     -1.4532635784E-06  -3.9390239795E-04   2.0364509517E-03  -5.5728083742E-06   1.7229168507E-03
   26      3.8386633662E-03  -2.4011635691E-07   7.2632919799E-07   8.9257382326E-03  -1.2151768617E-08
   27      1.9656373314E-05   1.2536747526E-02  -6.8868439408E-03   5.3315085645E-06  -1.5607189594E-04
   28     -2.3399921095E-05   1.9692125430E-02  -1.7064128415E-02  -7.2924289753E-06  -3.8399730972E-03
   29     -4.5721302917E-02  -4.8627771286E-06  -6.7475496359E-06   5.6401457871E-03   6.4406724471E-07
   30      3.6591503673E-07   1.0061665823E-02   1.7023841762E-02  -1.2439799060E-06  -7.7347383860E-02
   31     -3.1339156809E-06  -8.3971017369E-03  -1.7402434578E-02  -4.3617896899E-06  -7.0895452156E-02
   32      6.5661879575E-03  -7.7407635220E-06   8.0428673960E-06   7.4645169086E-03   7.3339627440E-06
   33     -1.2649973089E-06   7.6072714731E-04   7.8142989399E-04  -1.7715682105E-06   2.4990548812E-03
   34     -1.1371731817E-06  -3.3370701150E-04  -1.1174513339E-03  -1.1687995280E-06  -3.0017172250E-03
   35      7.0262961282E-03  -3.5988073014E-07  -1.4220601142E-06  -7.6184381259E-04   1.1859512812E-06
   36      9.7691376514E-07  -4.4109400477E-03  -2.7657340605E-02  -3.0787772713E-05   9.4466452042E-04
   37     -2.2523151302E-06  -2.9388929580E-04  -7.6822877884E-03  -1.7747850705E-05   1.0021262562E-03
   38      2.3722073769E-03   3.1330777268E-05   5.0706086569E-06   1.8016100021E-02   8.2566443059E-06
                   10                 11                 12                 13                 14        
    0      2.0355848308E-02   2.8592172822E-06   8.5069912774E-02   5.6479307168E-02  -4.4157237200E-06
    1     -1.0844057512E-02  -2.7646565328E-06  -1.9868051353E-02  -7.2201512936E-02   2.2836593001E-08
    2     -6.3508758898E-08  -1.0784843650E-02  -8.7347796163E-06  -7.0536717020E-06   2.3916128658E-02
    3     -1.1173250887E-03  -5.6159117610E-06  -5.5322595370E-02  -4.8051685838E-02   1.0079272272E-06
    4     -5.2686894721E-02  -8.5399678611E-06  -5.0575224714E-02  -3.6400559571E-02   5.6516786666E-06
    5     -2.8759230230E-06   8.4366601258E-03   7.8694628239E-06   7.4073380891E-06  -1.0075705647E-02
    6      1.1829061822E-01   1.9560203489E-05  -6.4802219109E-02   4.4602514327E-03   1.4244921659E-05
    7     -2.4929332973E-01  -2.4436375037E-06   7.6818534995E-02   6.5210985117E-02  -1.1884858731E-05
    8     -4.4201834282E-06  -7.4951867290E-02   2.6012206419E-05  -1.6587007716E-05   2.5805717662E-02
    9      3.7293182517E-02  -5.8489963082E-05  -3.2811726705E-01   7.9731468328E-04   2.3860820911E-05
   10      7.4433574503E-01   1.9275081048E-05  -4.6186650627E-02  -1.3336487920E-01   5.9841380310E-06
   11      1.9275081048E-05   1.7221246170E-01   2.9554739360E-05  -4.2419380021E-06  -7.2800857302E-02
   12     -4.6186650627E-02   2.9554739360E-05   5.4231577001E-01   9.9365161640E-02  -4.5068045537E-05
   13     -1.3336487920E-01  -4.2419380021E-06   9.9365161640E-02   4.9203047641E-01   1.5081966425E-05
   14      5.9841380310E-06  -7.2800857302E-02  -4.5068045537E-05   1.5081966425E-05   1.0074386626E-01
   15     -5.1739130148E-02   4.7297487691E-06  -1.5077433670E-01  -7.7341479143E-02   6.3425650967E-08
   16      1.9012138009E-03   1.7451102098E-05  -2.7092452142E-02  -3.0131687823E-01  -1.3562802287E-05
   17      2.8853123470E-06   2.7556769394E-03   3.9770812449E-06  -1.6611529678E-06  -7.2496634200E-02
   18      1.0405053595E-02   1.0755259709E-05   6.1820938130E-03   3.7668647310E-03  -6.0463426305E-06
   19      1.3114889664E-02  -8.2125545155E-06   8.6712511416E-03  -2.8842006948E-03   4.8611006894E-07
   20      9.1874680940E-06  -1.8595313070E-03   5.1420161239E-06  -6.6732455702E-06   9.8435057359E-03
   21     -1.1841739256E-02  -1.4169697723E-08  -6.9575856232E-03   1.5954511316E-06   4.2619913409E-06
   22      1.8988892031E-03   2.5394526767E-07   8.5486011647E-04   1.5843461774E-03  -4.3604633707E-07
   23     -1.1314883447E-05   3.5103512367E-03  -1.6494846262E-06   1.9059320413E-06  -2.5672123619E-03
   24      5.3404662226E-04   1.5520416818E-07  -1.3943141944E-03   4.7798680756E-03  -6.0488975017E-07
   25      8.1012117798E-04  -2.9899830415E-07   3.4347748732E-03  -3.6098508480E-03  -3.0146658060E-07
   26      2.5777497825E-07  -2.8679350478E-04   2.0858048134E-07   3.6787240778E-08   7.6906576099E-03
   27     -2.8608898366E-03   2.8180583405E-06  -4.3925225660E-04  -6.6930394842E-04  -9.8565338107E-07
   28     -4.1841058450E-03  -1.6098844472E-06  -2.6988460337E-04   2.6070566923E-04   6.1454003221E-07
   29      3.6079453229E-06   7.8285755420E-03   2.2576173403E-06   8.8237181140E-07  -3.9084498912E-03
   30     -6.9370150025E-02  -1.4971689173E-07  -1.8018128132E-02  -3.4673915015E-02   8.1082164296E-07
   31     -3.0723817277E-01  -7.5655793229E-06  -8.1002638146E-03   4.6003169423E-04   1.6642079903E-06
   32     -1.6919763631E-05  -4.4275027229E-02  -5.0908787292E-06   3.8918702715E-06  -2.8972289612E-03
   33     -1.0112003067E-03   6.4136936776E-07  -7.6454359626E-03  -9.6494814224E-03   1.2944708697E-06
   34     -4.3185224787E-03  -9.5415688725E-07  -3.6469704594E-02  -1.0121649803E-02   5.9424410809E-07
   35      3.3759160282E-07   1.1143881987E-02  -4.7689925547E-07  -2.3988504357E-06  -2.7558717074E-03
   36     -3.0436171443E-03  -5.5148073303E-07  -9.6642190651E-05   7.8669123403E-04   8.3138729342E-07
   37     -1.3089661098E-04   4.7752492031E-07  -6.3353996628E-04   3.5298621911E-04   2.8587431303E-07
   38     -6.7673290928E-06  -9.2868724937E-04  -3.2567276051E-06   5.2091782216E-06  -4.9791585236E-04
                   15                 16                 17                 18                 19        
    0     -2.1509231952E-01   4.2049220257E-02   5.5051215430E-06   8.9395644633E-03  -5.1110811092E-03
    1      1.2987511433E-01  -2.4425231631E-01  -4.4679687947E-06  -2.4097433870E-03  -6.9267806491E-03
    2      6.8365544956E-06  -3.1783632620E-06  -7.3779469691E-02   1.8812130442E-05  -1.1829880995E-05
    3     -4.1170906254E-02   7.9638759129E-02   4.6315032312E-06  -1.9121586321E-02  -3.2911909549E-02
    4      2.0356707886E-02   6.6761572132E-02   4.1268573889E-06  -2.3879809934E-02   2.8896349101E-03
    5      5.0379989717E-06  -4.5236620073E-06   8.2156024212E-03  -5.5311840252E-06   1.1629706433E-05
    6     -3.5192791804E-03   2.2502694997E-02   4.7862787783E-06  -2.0926411395E-01  -6.6378486488E-02
    7      5.9341806028E-03  -8.2643043488E-02  -3.7058319806E-06  -4.0135649610E-02  -1.3053264073E-01
    8     -8.4087715110E-06   1.7718290170E-05  -1.1600240810E-02   1.3146555137E-04  -1.3933508983E-05
    9     -2.7735316882E-02  -1.2264208657E-01   1.3501019529E-06  -3.4476714414E-02   2.6545612044E-02
   10     -5.1739130148E-02   1.9012138009E-03   2.8853123470E-06   1.0405053595E-02   1.3114889664E-02
   11      4.7297487691E-06   1.7451102098E-05   2.7556769394E-03   1.0755259709E-05  -8.2125545155E-06
   12     -1.5077433670E-01  -2.7092452142E-02   3.9770812449E-06   6.1820938130E-03   8.6712511416E-03
   13     -7.7341479143E-02  -3.0131687823E-01  -1.6611529678E-06   3.7668647310E-03  -2.8842006948E-03
   14      6.3425650967E-08  -1.3562802287E-05  -7.2496634200E-02  -6.0463426305E-06   4.8611006894E-07
   15      7.6616525646E-01   1.1832386942E-02  -2.1476131189E-05  -2.5234570903E-04   1.2225702349E-03
   16      1.1832386942E-02   6.3536857313E-01  -4.4006702954E-06   1.7537719074E-03  -6.0969628546E-03
   17     -2.1476131189E-05  -4.4006702954E-06   1.7161733992E-01  -1.2592501831E-05   7.9310833697E-06
   18     -2.5234570903E-04   1.7537719074E-03  -1.2592501831E-05   7.2445621727E-01  -1.5026861695E-01
   19      1.2225702349E-03  -6.0969628546E-03   7.9310833697E-06  -1.5026861695E-01   7.7697944653E-01
   20     -2.8542336990E-06   2.4544923588E-06  -2.5461644852E-04   2.0278530845E-04   8.0514520924E-05
   21      9.7240893677E-05   1.8919531610E-03   5.8595641500E-06  -3.9715187200E-01   2.8001726392E-01
   22     -8.2050792661E-04   1.1310823798E-03  -4.3619504153E-06   2.7248232994E-01  -3.9032538199E-01
   23      2.2461015193E-06  -1.4811747406E-07  -1.7665546228E-04  -2.6120872662E-04   2.3104217962E-04
   24      1.2669805034E-02   1.8328738482E-02  -3.3445986496E-07   7.3008360835E-04  -1.8524277891E-03
   25     -1.3893803517E-02  -1.5864038006E-02  -2.9335415406E-07   4.2792124410E-04   1.0724921477E-05
   26     -8.1731223584E-08  -1.1561251695E-06   1.6769557677E-03   7.3146581362E-07  -1.2295552166E-06
   27     -5.2320858119E-03  -2.2575047671E-03   2.2564201307E-07   4.9828419424E-04   9.6748857918E-06
   28     -2.1466607973E-03   8.2157869304E-04   3.5634665450E-07   2.9837056425E-03  -8.0345724004E-04
   29     -7.0306408208E-08  -3.1109772849E-06   9.3514058238E-03   3.5072805068E-06  -6.3923266090E-07
   30     -4.7594339571E-03  -1.2011814539E-03   1.3785746644E-06   7.3456017692E-04   3.2507833646E-03
   31      4.4131502042E-04   3.1496961583E-03  -2.3766004921E-06  -2.9262962532E-03  -6.1011851290E-04
   32      2.3176961301E-06   2.5510490795E-06   1.0770959309E-02   3.4280735054E-06  -1.6959016801E-06
   33     -3.3048864592E-01  -2.4762163421E-02   8.9990431202E-06  -2.4289751179E-04   9.6108281128E-05
   34     -2.4056411783E-02  -5.9305363867E-02   1.1490179221E-07   1.0882923865E-04   4.1151692194E-05
   35      1.0933153280E-05   3.4952866367E-07  -4.6351019693E-02   2.8988758062E-07   5.0870164519E-07
   36      9.2367544512E-05   2.5923220675E-04  -4.0994840191E-07  -8.1031273625E-02  -6.3300017889E-02
   37      3.4349565371E-05   3.4488645399E-04  -4.1023608974E-06  -7.2299084259E-02  -2.5485630506E-01
   38     -1.1733741973E-06  -4.8835614511E-07   2.7069612008E-04  -1.0902261847E-04  -2.7723781549E-04
                   20                 21                 22                 23                 24        
    0      4.4223205439E-07  -1.1523365137E-03   3.1024919885E-03  -3.0906489358E-06  -1.0145030275E-01
    1      7.6061000790E-07   1.3924948645E-03   1.3757577622E-03  -4.8126411911E-08  -9.9682040880E-02
    2      8.5505130881E-03  -8.0476473410E-06   4.0842051396E-06  -1.2201905605E-03  -4.5310039099E-06
    3     -8.4667506606E-06   4.2985084827E-03  -2.9181564218E-03   2.7058500841E-06  -6.2472748927E-03
    4     -2.2503854052E-06   7.6780479754E-03  -7.8797008328E-03   1.0504688984E-05  -2.9765284491E-02
    5      2.7230308945E-03   4.6735987512E-06  -2.0248443285E-06  -6.0191640654E-04  -1.4506435556E-06
    6      5.3389051087E-05  -6.5710607344E-02   2.8748053829E-02   8.2013485876E-07  -5.6945473075E-03
    7     -2.0619673205E-05   3.6113340406E-02   1.9836179255E-02   7.9149438820E-06   9.3700133051E-06
    8     -7.5125733752E-02  -5.8261432964E-05   2.7074281080E-05   1.8981799683E-02  -4.2571802147E-07
    9     -3.2941424183E-06   6.5908380353E-04  -4.9169297313E-03   4.8434278526E-06  -2.0181128969E-03
   10      9.1874680940E-06  -1.1841739256E-02   1.8988892031E-03  -1.1314883447E-05   5.3404662226E-04
   11     -1.8595313070E-03  -1.4169697723E-08   2.5394526767E-07   3.5103512367E-03   1.5520416818E-07
   12      5.1420161239E-06  -6.9575856232E-03   8.5486011647E-04  -1.6494846262E-06  -1.3943141944E-03
   13     -6.6732455702E-06   1.5954511316E-06   1.5843461774E-03   1.9059320413E-06   4.7798680756E-03
   14      9.8435057359E-03   4.2619913409E-06  -4.3604633707E-07  -2.5672123619E-03  -6.0488975017E-07
   15     -2.8542336990E-06   9.7240893677E-05  -8.2050792661E-04   2.2461015193E-06   1.2669805034E-02
   16      2.4544923588E-06   1.8919531610E-03   1.1310823798E-03  -1.4811747406E-07   1.8328738482E-02
   17     -2.5461644852E-04   5.8595641500E-06  -4.3619504153E-06  -1.7665546228E-04  -3.3445986496E-07
   18      2.0278530845E-04  -3.9715187200E-01   2.7248232994E-01  -2.6120872662E-04   7.3008360835E-04
   19      8.0514520924E-05   2.8001726392E-01  -3.9032538199E-01   2.3104217962E-04  -1.8524277891E-03
   20      2.0055760574E-01  -1.8256243972E-04   1.5078297766E-04  -7.4925511358E-02  -7.6513942262E-07
   21     -1.8256243972E-04   4.5766089925E-01  -3.3413377067E-01   2.4616917047E-04  -2.3169608117E-04
   22      1.5078297766E-04  -3.3413377067E-01   4.0607578962E-01  -2.0687944685E-04   4.4539831914E-04
   23     -7.4925511358E-02   2.4616917047E-04  -2.0687944685E-04   3.6962121884E-02  -9.1643679754E-07
   24     -7.6513942262E-07  -2.3169608117E-04   4.4539831914E-04  -9.1643679754E-07   1.0235480669E-01
   25     -1.5352215838E-06  -1.6673004749E-04   5.2709916496E-05  -5.7196147618E-07   1.0754617434E-01
   26      3.2286260206E-04  -7.5816160939E-08   2.5277204724E-07   9.4294978385E-05   7.5600577509E-06
   27     -1.6636318990E-06  -5.6842697788E-04   3.8207964557E-04  -2.1020684725E-06   1.1766483394E-03
   28     -7.8007345351E-07  -5.4760218097E-04   2.2994794136E-03  -1.0368194781E-06   4.5792807359E-04
   29     -4.0684026915E-03  -1.8445192117E-06   1.8917447434E-06   3.6930876176E-05  -4.3626295624E-07
   30      1.7057421810E-08   2.2600780135E-04  -1.1314845787E-03  -4.6719731766E-07   1.8886829345E-04
   31     -3.3542999128E-06   6.2320667532E-04   7.6305210742E-04  -1.0057624878E-06  -3.4700898611E-05
   32     -3.4384074523E-03  -1.9490342288E-06   8.7272027747E-07   4.4687445000E-04   1.7967408258E-07
   33      1.7352969977E-06  -5.4438887482E-05  -8.4851356322E-05   6.3597585065E-07   4.2334436622E-04
   34      3.3804654645E-07  -1.7348130617E-04   2.5475230900E-04  -2.5604857784E-08  -5.8489099017E-04
   35     -2.2415784237E-03  -2.9480589808E-07   3.9698148811E-07   5.6089768257E-04   2.7680938665E-07
   36     -4.1278208116E-05   8.8852231918E-03   3.8062557337E-02   1.4652513856E-06  -5.0730821411E-04
   37     -2.2615906898E-04   1.9073350509E-02  -3.7066955328E-02  -2.1534284903E-05  -1.7562076686E-04
   38     -6.0083736630E-02   2.6341912677E-06   1.9289923092E-05   1.8898215359E-02  -6.4189402566E-07
                   25                 26                 27                 28                 29        
    0     -9.9124587276E-02  -5.0310361620E-06  -1.2563051430E-02  -5.4251468091E-03  -3.0683740159E-06
    1     -3.0244759114E-01  -1.0842612033E-05   2.3990672703E-02   9.6221192912E-03  -1.2242334992E-06
    2     -7.4559894698E-06  -3.9149760124E-02   5.5593908676E-06   3.7977691495E-07   7.1711279700E-03
    3      5.3757504742E-04   3.3349923413E-07  -1.7618722674E-01   1.3874344704E-01   2.8309946919E-05
    4      1.0863277588E-03  -5.1920132310E-07   1.3805006915E-01  -2.2561098432E-01  -2.1508052930E-05
    5     -1.4532635784E-06   3.8386633662E-03   1.9656373314E-05  -2.3399921095E-05  -4.5721302917E-02
    6     -3.9390239795E-04  -2.4011635691E-07   1.2536747526E-02   1.9692125430E-02  -4.8627771286E-06
    7      2.0364509517E-03   7.2632919799E-07  -6.8868439408E-03  -1.7064128415E-02  -6.7475496359E-06
    8     -5.5728083742E-06   8.9257382326E-03   5.3315085645E-06  -7.2924289753E-06   5.6401457871E-03
    9      1.7229168507E-03  -1.2151768617E-08  -1.5607189594E-04  -3.8399730972E-03   6.4406724471E-07
   10      8.1012117798E-04   2.5777497825E-07  -2.8608898366E-03  -4.1841058450E-03   3.6079453229E-06
   11     -2.9899830415E-07  -2.8679350478E-04   2.8180583405E-06  -1.6098844472E-06   7.8285755420E-03
   12      3.4347748732E-03   2.0858048134E-07  -4.3925225660E-04  -2.6988460337E-04   2.2576173403E-06
   13     -3.6098508480E-03   3.6787240778E-08  -6.6930394842E-04   2.6070566923E-04   8.8237181140E-07
   14     -3.0146658060E-07   7.6906576099E-03  -9.8565338107E-07   6.1454003221E-07  -3.9084498912E-03
   15     -1.3893803517E-02  -8.1731223584E-08  -5.2320858119E-03  -2.1466607973E-03  -7.0306408208E-08
   16     -1.5864038006E-02  -1.1561251695E-06  -2.2575047671E-03   8.2157869304E-04  -3.1109772849E-06
   17     -2.9335415406E-07   1.6769557677E-03   2.2564201307E-07   3.5634665450E-07   9.3514058238E-03
   18      4.2792124410E-04   7.3146581362E-07   4.9828419424E-04   2.9837056425E-03   3.5072805068E-06
   19      1.0724921477E-05  -1.2295552166E-06   9.6748857918E-06  -8.0345724004E-04  -6.3923266090E-07
   20     -1.5352215838E-06   3.2286260206E-04  -1.6636318990E-06  -7.8007345351E-07  -4.0684026915E-03
   21     -1.6673004749E-04  -7.5816160939E-08  -5.6842697788E-04  -5.4760218097E-04  -1.8445192117E-06
   22      5.2709916496E-05   2.5277204724E-07   3.8207964557E-04   2.2994794136E-03   1.8917447434E-06
   23     -5.7196147618E-07   9.4294978385E-05  -2.1020684725E-06  -1.0368194781E-06   3.6930876176E-05
   24      1.0754617434E-01   7.5600577509E-06   1.1766483394E-03   4.5792807359E-04  -4.3626295624E-07
   25      3.1692418707E-01   1.4740571108E-05  -2.8746035131E-04   5.4150080148E-04   2.9777925455E-07
   26      1.4740571108E-05   2.6768486575E-02  -6.8886194380E-07   2.6764457219E-07  -4.6013498430E-03
   27     -2.8746035131E-04  -6.8886194380E-07   1.8116265856E-01  -1.5023778329E-01  -2.5119201754E-05
   28      5.4150080148E-04   2.6764457219E-07  -1.5023778329E-01   2.3447913490E-01   2.9193587151E-05
   29      2.9777925455E-07  -4.6013498430E-03  -2.5119201754E-05   2.9193587151E-05   2.9063237720E-02
   30     -1.6954559885E-04  -1.2336027231E-07   3.7646459338E-04   1.0704795814E-03  -5.7375159258E-07
   31     -9.6256519901E-05   4.5170420294E-07  -7.1070538482E-04  -8.3539479044E-04   3.3534392211E-07
   32      2.3519127072E-07  -1.6955500000E-03  -8.2481437521E-08  -1.1363849620E-07  -1.1756514463E-04
   33      3.9386222571E-04  -4.3400760051E-07  -6.4721104079E-04  -4.0482522489E-04   1.8902368365E-09
   34      5.8054736015E-04  -4.8262090336E-08   1.1947092402E-03   3.3437489551E-04   2.3685750419E-07
   35      2.4280847729E-08  -3.2066842900E-03  -5.0883419411E-07  -8.4093400304E-08  -8.9622579834E-04
   36     -3.3753499949E-05  -2.1181887551E-07   4.2522936262E-05  -8.9679936171E-05  -6.0393407328E-07
   37     -2.4833443464E-05  -1.0042385101E-07   2.9715605839E-04   1.3917694796E-04   7.8297248553E-08
   38     -6.5216262425E-07  -3.7752136975E-04  -5.8191512549E-07   2.1108307352E-07   2.2187256671E-04
                   30                 31                 32                 33                 34        
    0     -8.0754661986E-04   8.4148283901E-04   2.8867668469E-06  -1.2885619017E-02   2.4677557762E-02
    1     -2.7716504869E-04   3.0421316137E-04  -4.0922465969E-07  -5.1104110340E-03   7.4717562859E-03
    2      1.1885092336E-06   1.6466042289E-06  -7.5932699303E-04   3.5992686642E-06   1.2500020570E-07
    3     -3.0443932026E-03   3.8403633476E-03  -4.2930733650E-07  -1.1723757480E-03   3.1457818875E-03
    4      2.8923159740E-03  -2.2706477269E-03  -2.9203208036E-06   3.3522112738E-03  -4.0822565457E-03
    5      3.6591503673E-07  -3.1339156809E-06   6.5661879575E-03  -1.2649973089E-06  -1.1371731817E-06
    6      1.0061665823E-02  -8.3971017369E-03  -7.7407635220E-06   7.6072714731E-04  -3.3370701150E-04
    7      1.7023841762E-02  -1.7402434578E-02   8.0428673960E-06   7.8142989399E-04  -1.1174513339E-03
    8     -1.2439799060E-06  -4.3617896899E-06   7.4645169086E-03  -1.7715682105E-06  -1.1687995280E-06
    9     -7.7347383860E-02  -7.0895452156E-02   7.3339627440E-06   2.4990548812E-03  -3.0017172250E-03
   10     -6.9370150025E-02  -3.0723817277E-01  -1.6919763631E-05  -1.0112003067E-03  -4.3185224787E-03
   11     -1.4971689173E-07  -7.5655793229E-06  -4.4275027229E-02   6.4136936776E-07  -9.5415688725E-07
   12     -1.8018128132E-02  -8.1002638146E-03  -5.0908787292E-06  -7.6454359626E-03  -3.6469704594E-02
   13     -3.4673915015E-02   4.6003169423E-04   3.8918702715E-06  -9.6494814224E-03  -1.0121649803E-02
   14      8.1082164296E-07   1.6642079903E-06  -2.8972289612E-03   1.2944708697E-06   5.9424410809E-07
   15     -4.7594339571E-03   4.4131502042E-04   2.3176961301E-06  -3.3048864592E-01  -2.4056411783E-02
   16     -1.2011814539E-03   3.1496961583E-03   2.5510490795E-06  -2.4762163421E-02  -5.9305363867E-02
   17      1.3785746644E-06  -2.3766004921E-06   1.0770959309E-02   8.9990431202E-06   1.1490179221E-07
   18      7.3456017692E-04  -2.9262962532E-03   3.4280735054E-06  -2.4289751179E-04   1.0882923865E-04
   19      3.2507833646E-03  -6.1011851290E-04  -1.6959016801E-06   9.6108281128E-05   4.1151692194E-05
   20      1.7057421810E-08  -3.3542999128E-06  -3.4384074523E-03   1.7352969977E-06   3.3804654645E-07
   21      2.2600780135E-04   6.2320667532E-04  -1.9490342288E-06  -5.4438887482E-05  -1.7348130617E-04
   22     -1.1314845787E-03   7.6305210742E-04   8.7272027747E-07  -8.4851356322E-05   2.5475230900E-04
   23     -4.6719731766E-07  -1.0057624878E-06   4.4687445000E-04   6.3597585065E-07  -2.5604857784E-08
   24      1.8886829345E-04  -3.4700898611E-05   1.7967408258E-07   4.2334436622E-04  -5.8489099017E-04
   25     -1.6954559885E-04  -9.6256519901E-05   2.3519127072E-07   3.9386222571E-04   5.8054736015E-04
   26     -1.2336027231E-07   4.5170420294E-07  -1.6955500000E-03  -4.3400760051E-07  -4.8262090336E-08
   27      3.7646459338E-04  -7.1070538482E-04  -8.2481437521E-08  -6.4721104079E-04   1.1947092402E-03
   28      1.0704795814E-03  -8.3539479044E-04  -1.1363849620E-07  -4.0482522489E-04   3.3437489551E-04
   29     -5.7375159258E-07   3.3534392211E-07  -1.1756514463E-04   1.8902368365E-09   2.3685750419E-07
   30      9.3077548995E-02   8.4273705938E-02   1.0965905817E-07  -3.1076754187E-04  -1.1795601180E-03
   31      8.4273705938E-02   3.2324986769E-01   1.1390718539E-05   2.8093094447E-05  -1.0616059943E-04
   32      1.0965905817E-07   1.1390718539E-05   2.7723419304E-02   2.0395330880E-07   4.7517018462E-07
   33     -3.1076754187E-04   2.8093094447E-05   2.0395330880E-07   3.4977891192E-01   3.6487447603E-02
   34     -1.1795601180E-03  -1.0616059943E-04   4.7517018462E-07   3.6487447603E-02   7.0308402268E-02
   35     -2.8465711156E-07  -1.3580660320E-07   2.1796805845E-04  -1.1441638803E-05   3.1946291766E-07
   36     -3.7746236988E-04   1.2307555136E-03   1.7438763130E-08  -1.4646688733E-05   8.9897970483E-05
   37     -7.2252696637E-04   6.3232468551E-04   3.3670608662E-07  -2.0970281204E-05   6.0419817717E-05
   38     -2.2126331509E-06   7.0773147049E-07  -6.8202071065E-06  -1.3995286584E-06  -4.9900118027E-08
                   35                 36                 37                 38        
     0     -2.6383211644E-06   3.6168889437E-04   2.1930116751E-04   1.1723885848E-06
     1      1.4913859449E-06  -1.8801902178E-03  -4.3709612742E-04  -2.4133780879E-06
     2      8.7547645173E-03   3.7537012176E-07   6.0437547472E-06  -1.1252106947E-03
     3      2.3492543264E-06  -5.8566675105E-03  -1.4553193018E-03   2.0871220520E-06
     4      2.1532845756E-06   6.4033553023E-04   9.0982748560E-04   6.4783582474E-06
     5      7.0262961282E-03   9.7691376514E-07  -2.2523151302E-06   2.3722073769E-03
     6     -3.5988073014E-07  -4.4109400477E-03  -2.9388929580E-04   3.1330777268E-05
     7     -1.4220601142E-06  -2.7657340605E-02  -7.6822877884E-03   5.0706086569E-06
     8     -7.6184381259E-04  -3.0787772713E-05  -1.7747850705E-05   1.8016100021E-02
     9      1.1859512812E-06   9.4466452042E-04   1.0021262562E-03   8.2566443059E-06
    10      3.3759160282E-07  -3.0436171443E-03  -1.3089661098E-04  -6.7673290928E-06
    11      1.1143881987E-02  -5.5148073303E-07   4.7752492031E-07  -9.2868724937E-04
    12     -4.7689925547E-07  -9.6642190651E-05  -6.3353996628E-04  -3.2567276051E-06
    13     -2.3988504357E-06   7.8669123403E-04   3.5298621911E-04   5.2091782216E-06
    14     -2.7558717074E-03   8.3138729342E-07   2.8587431303E-07  -4.9791585236E-04
    15      1.0933153280E-05   9.2367544512E-05   3.4349565371E-05  -1.1733741973E-06
    16      3.4952866367E-07   2.5923220675E-04   3.4488645399E-04  -4.8835614511E-07
    17     -4.6351019693E-02  -4.0994840191E-07  -4.1023608974E-06   2.7069612008E-04
    18      2.8988758062E-07  -8.1031273625E-02  -7.2299084259E-02  -1.0902261847E-04
    19      5.0870164519E-07  -6.3300017889E-02  -2.5485630506E-01  -2.7723781549E-04
    20     -2.2415784237E-03  -4.1278208116E-05  -2.2615906898E-04  -6.0083736630E-02
    21     -2.9480589808E-07   8.8852231918E-03   1.9073350509E-02   2.6341912677E-06
    22      3.9698148811E-07   3.8062557337E-02  -3.7066955328E-02   1.9289923092E-05
    23      5.6089768257E-04   1.4652513856E-06  -2.1534284903E-05   1.8898215359E-02
    24      2.7680938665E-07  -5.0730821411E-04  -1.7562076686E-04  -6.4189402566E-07
    25      2.4280847729E-08  -3.3753499949E-05  -2.4833443464E-05  -6.5216262425E-07
    26     -3.2066842900E-03  -2.1181887551E-07  -1.0042385101E-07  -3.7752136975E-04
    27     -5.0883419411E-07   4.2522936262E-05   2.9715605839E-04  -5.8191512549E-07
    28     -8.4093400304E-08  -8.9679936171E-05   1.3917694796E-04   2.1108307352E-07
    29     -8.9622579834E-04  -6.0393407328E-07   7.8297248553E-08   2.2187256671E-04
    30     -2.8465711156E-07  -3.7746236988E-04  -7.2252696637E-04  -2.2126331509E-06
    31     -1.3580660320E-07   1.2307555136E-03   6.3232468551E-04   7.0773147049E-07
    32      2.1796805845E-04   1.7438763130E-08   3.3670608662E-07  -6.8202071065E-06
    33     -1.1441638803E-05  -1.4646688733E-05  -2.0970281204E-05  -1.3995286584E-06
    34      3.1946291766E-07   8.9897970483E-05   6.0419817717E-05  -4.9900118027E-08
    35      2.8416189380E-02   1.7045346767E-07  -3.6019372817E-07   9.3225970923E-05
    36      1.7045346767E-07   8.1968473559E-02   5.4954898391E-02   7.1406957933E-05
    37     -3.6019372817E-07   5.4954898391E-02   2.9775875275E-01   2.5783819984E-04
    38      9.3225970923E-05   7.1406957933E-05   2.5783819984E-04   2.3147574589E-02

$vibrational_frequencies
39
    0        0.0000000000000000
    1        0.0000000000000000
    2        0.0000000000000000
    3        0.0000000000000000
    4        0.0000000000000000
    5        0.0000000000000000
    6      174.9327296746279501
    7      244.1827085546903504
    8      277.0266203092638762
    9      407.6226944686796969
   10      450.5924647063068846
   11      470.6875209678057672
   12      634.0377009678070408
   13      692.8529098792020022
   14      733.4715063964529236
   15      835.4327031882085066
   16      861.9673767518796694
   17      973.2473608959971898
   18     1013.8357943203147897
   19     1042.4715859551065478
   20     1047.1948865837832727
   21     1058.3048227638128083
   22     1067.3089145454921436
   23     1131.2897835572237000
   24     1209.5529061374277262
   25     1245.2977215888893170
   26     1271.2655696639242251
   27     1357.1777785204333213
   28     1417.4480407626313081
   29     1461.0120601289565911
   30     1524.1336771194976336
   31     1625.5514798690194311
   32     1655.3388498694375812
   33     1719.5399427882239252
   34     2960.3572243955900376
   35     3152.9014082379371757
   36     3169.2558016589582621
   37     3195.7297006701592181
   38     3210.5202596189947144

$normal_modes
39 39
                    0                  1                  2                  3                  4        
    0      0.0000000000E+00   0.0000000000E+00   0.0000000000E+00   0.0000000000E+00   0.0000000000E+00
    1      0.0000000000E+00   0.0000000000E+00   0.0000000000E+00   0.0000000000E+00   0.0000000000E+00
    2      0.0000000000E+00   0.0000000000E+00   0.0000000000E+00   0.0000000000E+00   0.0000000000E+00
    3      0.0000000000E+00   0.0000000000E+00   0.0000000000E+00   0.0000000000E+00   0.0000000000E+00
    4      0.0000000000E+00   0.0000000000E+00   0.0000000000E+00   0.0000000000E+00   0.0000000000E+00
    5      0.0000000000E+00   0.0000000000E+00   0.0000000000E+00   0.0000000000E+00   0.0000000000E+00
    6      0.0000000000E+00   0.0000000000E+00   0.0000000000E+00   0.0000000000E+00   0.0000000000E+00
    7      0.0000000000E+00   0.0000000000E+00   0.0000000000E+00   0.0000000000E+00   0.0000000000E+00
    8      0.0000000000E+00   0.0000000000E+00   0.0000000000E+00   0.0000000000E+00   0.0000000000E+00
    9      0.0000000000E+00   0.0000000000E+00   0.0000000000E+00   0.0000000000E+00   0.0000000000E+00
   10      0.0000000000E+00   0.0000000000E+00   0.0000000000E+00   0.0000000000E+00   0.0000000000E+00
   11      0.0000000000E+00   0.0000000000E+00   0.0000000000E+00   0.0000000000E+00   0.0000000000E+00
   12      0.0000000000E+00   0.0000000000E+00   0.0000000000E+00   0.0000000000E+00   0.0000000000E+00
   13      0.0000000000E+00   0.0000000000E+00   0.0000000000E+00   0.0000000000E+00   0.0000000000E+00
   14      0.0000000000E+00   0.0000000000E+00   0.0000000000E+00   0.0000000000E+00   0.0000000000E+00
   15      0.0000000000E+00   0.0000000000E+00   0.0000000000E+00   0.0000000000E+00   0.0000000000E+00
   16      0.0000000000E+00   0.0000000000E+00   0.0000000000E+00   0.0000000000E+00   0.0000000000E+00
   17      0.0000000000E+00   0.0000000000E+00   0.0000000000E+00   0.0000000000E+00   0.0000000000E+00
   18      0.0000000000E+00   0.0000000000E+00   0.0000000000E+00   0.0000000000E+00   0.0000000000E+00
   19      0.0000000000E+00   0.0000000000E+00   0.0000000000E+00   0.0000000000E+00   0.0000000000E+00
   20      0.0000000000E+00   0.0000000000E+00   0.0000000000E+00   0.0000000000E+00   0.0000000000E+00
   21      0.0000000000E+00   0.0000000000E+00   0.0000000000E+00   0.0000000000E+00   0.0000000000E+00
   22      0.0000000000E+00   0.0000000000E+00   0.0000000000E+00   0.0000000000E+00   0.0000000000E+00
   23      0.0000000000E+00   0.0000000000E+00   0.0000000000E+00   0.0000000000E+00   0.0000000000E+00
   24      0.0000000000E+00   0.0000000000E+00   0.0000000000E+00   0.0000000000E+00   0.0000000000E+00
   25      0.0000000000E+00   0.0000000000E+00   0.0000000000E+00   0.0000000000E+00   0.0000000000E+00
   26      0.0000000000E+00   0.0000000000E+00   0.0000000000E+00   0.0000000000E+00   0.0000000000E+00
   27      0.0000000000E+00   0.0000000000E+00   0.0000000000E+00   0.0000000000E+00   0.0000000000E+00
   28      0.0000000000E+00   0.0000000000E+00   0.0000000000E+00   0.0000000000E+00   0.0000000000E+00
   29      0.0000000000E+00   0.0000000000E+00   0.0000000000E+00   0.0000000000E+00   0.0000000000E+00
   30      0.0000000000E+00   0.0000000000E+00   0.0000000000E+00   0.0000000000E+00   0.0000000000E+00
   31      0.0000000000E+00   0.0000000000E+00   0.0000000000E+00   0.0000000000E+00   0.0000000000E+00
   32      0.0000000000E+00   0.0000000000E+00   0.0000000000E+00   0.0000000000E+00   0.0000000000E+00
   33      0.0000000000E+00   0.0000000000E+00   0.0000000000E+00   0.0000000000E+00   0.0000000000E+00
   34      0.0000000000E+00   0.0000000000E+00   0.0000000000E+00   0.0000000000E+00   0.0000000000E+00
   35      0.0000000000E+00   0.0000000000E+00   0.0000000000E+00   0.0000000000E+00   0.0000000000E+00
   36      0.0000000000E+00   0.0000000000E+00   0.0000000000E+00   0.0000000000E+00   0.0000000000E+00
   37      0.0000000000E+00   0.0000000000E+00   0.0000000000E+00   0.0000000000E+00   0.0000000000E+00
   38      0.0000000000E+00   0.0000000000E+00   0.0000000000E+00   0.0000000000E+00   0.0000000000E+00
                    5                  6                  7                  8                  9        
    0      0.0000000000E+00   1.2600774131E-06   2.0774871482E-01  -1.2442096710E-04  -2.5727164284E-05
    1      0.0000000000E+00  -1.9721023522E-05  -4.0688685760E-03   2.7688207526E-06   2.0898937524E-05
    2      0.0000000000E+00  -1.2484158318E-02   1.9903248218E-05   5.6082148239E-02  -2.4866907844E-01
    3      0.0000000000E+00   5.2933074119E-06   1.6033166077E-01  -9.9462219433E-05  -3.1131211194E-05
    4      0.0000000000E+00  -2.3220148774E-05   1.9593786922E-01  -8.5647041993E-05  -2.8073362291E-05
    5      0.0000000000E+00  -2.9975111610E-01   5.0326779331E-07  -6.2533798289E-02   1.5152783597E-01
    6      0.0000000000E+00  -3.2026858902E-05  -1.2203543120E-02  -4.4450583586E-05   1.2315903890E-05
    7      0.0000000000E+00  -5.8952210657E-06   2.4140141381E-01  -9.1919435050E-05  -9.8396881593E-06
    8      0.0000000000E+00  -2.9470374311E-01  -5.3806617840E-05  -4.1276039394E-02   1.2512907519E-01
    9      0.0000000000E+00   1.2603135156E-05  -1.0966583099E-01  -1.8500420548E-05  -3.3455726837E-05
   10      0.0000000000E+00   6.7176158692E-06   1.5297335644E-01  -5.1000105047E-05  -2.4061427981E-05
   11      0.0000000000E+00  -1.7309558028E-01  -1.8789597835E-04  -9.8797686034E-02  -1.9809355931E-01
   12      0.0000000000E+00   5.0196446067E-05  -8.8689214588E-02  -1.8066775692E-05  -3.7165112480E-05
   13      0.0000000000E+00  -4.6888219341E-06  -4.7854245074E-02   2.4780683473E-05   7.0529496411E-06
   14      0.0000000000E+00   1.2502127402E-01  -6.3954910679E-05  -7.9799306058E-02   1.0648984673E-01
   15      0.0000000000E+00   3.1671645989E-05   7.6288285083E-02  -6.6032805573E-05  -2.6494250420E-05
