*************************************************
******************* ORCA 6.0.0 ******************
*************************************************
$Calculation_Status
   &GeometryIndex 1
   &ListStatus       OUT
   &VERSION [&Type "String"] "6.0.0"
   &PROGNAME [&Type "String"] "LeanSCF"
   &STATUS [&Type "String"] "NORMAL TERMINATION"
$End
$Geometry
   &GeometryIndex 1
   &ListStatus       OUT
   &NATOMS [&Type "Integer"] 13
   &NCORELESSECP [&Type "Integer"] 0
   &NGHOSTATOMS [&Type "Integer"] 0
   &CartesianCoordinates [&Type "Coordinates", &Dim(13,4), &Units "Bohr"] 
              C      2.528492650125    2.511987173768    0.000023661450
              C     -0.054715932670    2.114790046788    0.000008482225
              C     -0.933898719651   -0.377686405547    0.000282710778
              C      0.826495977416   -2.343689967269    0.000127225623
              N      3.327755019641   -1.984876774407   -0.000068226105
              C      4.130590359933    0.420716777495   -0.000051027141
              C     -3.634376454493   -0.993656229998    0.001256676950
              O     -5.326180539322    0.584664469382   -0.000168069030
              H      3.316379373817    4.403090492097    0.000110439753
              H     -1.381798153683    3.678175661709    0.000236258097
              H      0.170112926800   -4.293575633197    0.000062131361
              H      6.166790596072    0.695982996099   -0.000129748596
              H     -4.084787800374   -3.036232141708   -0.001107423167
$End
$SCF_Energy
   &GeometryIndex 1
   &ListStatus       OUT
   &SCF_ENERGY [&Type "Double"]      -3.6159323869804280e+02
$End
$DFT_Energy
   &GeometryIndex 1
   &ListStatus       OUT
   &NALPHAEL [&Type "Integer"] 28
   &NBETAEL [&Type "Integer"] 28
   &NTOTALEL [&Type "Integer"] 55
   &EEXCHANGE [&Type "Double"]       0.0000000000000000e+00
   &ECORR [&Type "Double"]       0.0000000000000000e+00
   &ECNL [&Type "Double"]       0.0000000000000000e+00
   &EXC [&Type "Double"]      -2.4006722828542472e+01
   &EEMBED [&Type "Double"]       0.0000000000000000e+00
   &FINALEN [&Type "Double"]      -3.6159323869804280e+02  "No Van der Waals correction"
$End
$Mulliken_Population_Analysis
   &GeometryIndex 1
   &ListStatus       OUT
   &NATOMS [&Type "Integer"] 13
   &ATNO [&Type "ArrayOfIntegers", &Dim (13,1)] 
                                                         0

0                                                        6
1                                                        6
2                                                        6
3                                                        6
4                                                        7
5                                                        6
6                                                        6
7                                                        8
8                                                        1
9                                                        1
10                                                       1
11                                                       1
12                                                       1
   &ATOMICCHARGES [&Type "ArrayOfDoubles", &Dim (13,1)] 
                                                         0

0                                     -1.3463941427073411e-01
1                                     -1.2874952200598511e-01
2                                      6.7535392988405718e-02
3                                     -7.8040547713539077e-02
4                                     -2.2158151880937282e-01
5                                     -3.3592070862360046e-02
6                                      1.0198525470695063e-01
7                                     -3.0322603014237792e-01
8                                      1.5048190112946969e-01
9                                      1.8127909899901540e-01
10                                     1.4930628437851134e-01
11                                     1.5270941148799877e-01
12                                     9.6531760113840015e-02
$End
$Loewdin_Population_Analysis
   &GeometryIndex 1
   &ListStatus       OUT
   &NATOMS [&Type "Integer"] 13
   &ATNO [&Type "ArrayOfIntegers", &Dim (13,1)] 
                                                         0

0                                                        6
1                                                        6
2                                                        6
3                                                        6
4                                                        7
5                                                        6
6                                                        6
7                                                        8
8                                                        1
9                                                        1
10                                                       1
11                                                       1
12                                                       1
   &ATOMICCHARGES [&Type "ArrayOfDoubles", &Dim (13,1)] 
                                                         0

0                                     -1.4148387830181886e-01
1                                     -5.3428064337522230e-02
2                                     -1.7566280619805408e-01
3                                     -1.5540130795044416e-01
4                                      1.2568288066051103e-01
5                                     -1.7727812073518745e-01
6                                     -2.4168922978795315e-01
7                                      9.5922304232725075e-02
8                                      1.5100561740396667e-01
9                                      1.6119491295264954e-01
10                                     1.4532597414034187e-01
11                                     1.4212455286861858e-01
12                                     1.2368716505197386e-01
$End
$Mayer_Population_Analysis
   &GeometryIndex 1
   &ListStatus       OUT
   &NATOMS [&Type "Integer"] 13 "Total number of atoms"
   &BONDTHRESH [&Type "Double"]       1.0000000000000001e-01  "The threshold for printing"
   &NBONDORDERSPRINT [&Type "Integer"] 13 "The number of bond orders larger than threshold"
   &BONDORDERS [&Type "ArrayOfDoubles", &Dim (13,1)] "The bond orders"
                                                         0

0                                      1.4666838616891253e+00
1                                      1.3732228112892615e+00
2                                      9.5816796288061956e-01
3                                      1.3721507568461577e+00
4                                      9.2169301064707354e-01
5                                      1.3422489972383793e+00
6                                      9.4027355994189721e-01
7                                      1.4799328065163979e+00
8                                      9.7395136662407689e-01
9                                      1.4579577233509387e+00
10                                     9.7119210520447885e-01
11                                     2.0460510567875394e+00
12                                     1.0008920433609465e+00
   &COMPONENTS [&Type "ArrayOfIntegers", &Dim (13,4)] "The indices and atomic numbers of the bonding atoms"
                                                         0                           1                           2                           3

0                                                        0                           6                           1                           6
1                                                        0                           6                           5                           6
2                                                        0                           6                           8                           1
3                                                        1                           6                           2                           6
4                                                        1                           6                           9                           1
5                                                        2                           6                           3                           6
6                                                        2                           6                           6                           6
7                                                        3                           6                           4                           7
8                                                        3                           6                          10                           1
9                                                        4                           7                           5                           6
10                                                       5                           6                          11                           1
11                                                       6                           6                           7                           8
12                                                       6                           6                          12                           1
   &ATNO [&Type "ArrayOfIntegers", &Dim (13,1)] "Atomic number of the elements"
                                                         0

0                                                        6
1                                                        6
2                                                        6
3                                                        6
4                                                        7
5                                                        6
6                                                        6
7                                                        8
8                                                        1
9                                                        1
10                                                       1
11                                                       1
12                                                       1
   &NA [&Type "ArrayOfDoubles", &Dim (13,1)] "Mulliken gross atomic population"
                                                         0

0                                      6.1346394142707421e+00
1                                      6.1287495220059807e+00
2                                      5.9324646070115934e+00
3                                      6.0780405477134885e+00
4                                      7.2215815188093888e+00
5                                      6.0335920708623876e+00
6                                      5.8980147452930449e+00
7                                      8.3032260301424206e+00
8                                      8.4951809887052965e-01
9                                      8.1872090100098283e-01
10                                     8.5069371562149021e-01
11                                     8.4729058851200145e-01
12                                     9.0346823988615910e-01
   &ZA [&Type "ArrayOfDoubles", &Dim (13,1)] "Total nuclear charge"
                                                         0

0                                      6.0000000000000000e+00
1                                      6.0000000000000000e+00
2                                      6.0000000000000000e+00
3                                      6.0000000000000000e+00
4                                      7.0000000000000000e+00
5                                      6.0000000000000000e+00
6                                      6.0000000000000000e+00
7                                      8.0000000000000000e+00
8                                      1.0000000000000000e+00
9                                      1.0000000000000000e+00
10                                     1.0000000000000000e+00
11                                     1.0000000000000000e+00
12                                     1.0000000000000000e+00
   &QA [&Type "ArrayOfDoubles", &Dim (13,1)] "Mulliken gross atomic charge"
                                                         0

0                                     -1.3463941427074211e-01
1                                     -1.2874952200598067e-01
2                                      6.7535392988406606e-02
3                                     -7.8040547713488451e-02
4                                     -2.2158151880938881e-01
5                                     -3.3592070862387580e-02
6                                      1.0198525470695508e-01
7                                     -3.0322603014242056e-01
8                                      1.5048190112947035e-01
9                                      1.8127909899901717e-01
10                                     1.4930628437850979e-01
11                                     1.5270941148799855e-01
12                                     9.6531760113840903e-02
   &VA [&Type "ArrayOfDoubles", &Dim (13,1)] "Mayer's total valence"
                                                         0

0                                      3.8632780867213850e+00
1                                      3.9476819856916214e+00
2                                      3.5449867086973246e+00
3                                      4.0060154191834823e+00
4                                      3.0330829964298243e+00
5                                      3.9752641025460815e+00
6                                      4.0284514783710437e+00
7                                      2.1106782692889889e+00
8                                      9.6759675326776518e-01
9                                      9.7226105332796420e-01
10                                     9.6593343282630861e-01
11                                     9.6093116872237072e-01
12                                     9.5946327107697649e-01
   &BVA [&Type "ArrayOfDoubles", &Dim (13,1)] "Mayer's bonded valence"
                                                         0

0                                      3.8632780867213903e+00
1                                      3.9476819856917569e+00
2                                      3.5449867086975431e+00
3                                      4.0060154191835577e+00
4                                      3.0330829964297976e+00
5                                      3.9752641025460091e+00
6                                      4.0284514783711449e+00
7                                      2.1106782692888890e+00
8                                      9.6759675326773564e-01
9                                      9.7226105332792401e-01
10                                     9.6593343282629385e-01
11                                     9.6093116872235118e-01
12                                     9.5946327107699447e-01
   &FA [&Type "ArrayOfDoubles", &Dim (13,1)] "Mayer's free valence"
                                                         0

0                                      0.0000000000000000e+00
1                                      0.0000000000000000e+00
2                                      0.0000000000000000e+00
3                                      0.0000000000000000e+00
4                                      0.0000000000000000e+00
5                                      0.0000000000000000e+00
6                                      0.0000000000000000e+00
7                                      0.0000000000000000e+00
8                                      0.0000000000000000e+00
9                                      0.0000000000000000e+00
10                                     0.0000000000000000e+00
11                                     0.0000000000000000e+00
12                                     0.0000000000000000e+00
$End
$Calculation_Info
   &GeometryIndex 1
   &ListStatus       OUT
   &MULT [&Type "Integer"] 1
   &CHARGE [&Type "Integer"] 0
   &NUMOFATOMS [&Type "Integer"] 13
   &NUMOFELECTRONS [&Type "Integer"] 56
   &NUMOFFCELECTRONS [&Type "Integer"] 1
   &NUMOFCORRELECTRONS [&Type "Integer"] 0
   &NUMOFBASISFUNCTS [&Type "Integer"] 278
   &NUMOFAUXCBASISFUNCTS [&Type "Integer"] 0
   &NUMOFAUXJBASISFUNCTS [&Type "Integer"] 447
   &NUMOFAUXJKBASISFUNCTS [&Type "Integer"] 0
   &NUMOFCABSBASISFUNCTS [&Type "Integer"] 0
   &TOTALENERGY [&Type "Double"]      -3.6159323869804280e+02  "Hartrees"
$End
$SCF_Dipole_Moment
   &GeometryIndex 1
   &ListStatus       OUT
   &METHOD [&Type "String"] "SCF"
   &LEVEL [&Type "String"] "Relaxed density"
   &MULT [&Type "Integer"] 1
   &STATE [&Type "Integer"] -1
   &IRREP [&Type "Integer"] 0
   &NATOMS [&Type "Integer"] 13
   &DODIPOLEATOM [&Type "Boolean"] false
   &DIPOLEELECCONTRIB [&Type "ArrayOfDoubles", &Dim (3,1)] "Electronic contribution"
                                                         0

0                                     -1.3573124334653734e+00
1                                     -5.4426889748724150e-01
2                                      1.0321953025363580e-03
   &DIPOLENUCCONTRIB [&Type "ArrayOfDoubles", &Dim (3,1)] "Nuclear contribution"
                                                         0

0                                      2.0465235863652955e+00
1                                      7.4031465206669900e-01
2                                     -7.6912803640377734e-04
   &DIPOLETOTAL [&Type "ArrayOfDoubles", &Dim (3,1)] "Total"
                                                         0

0                                      6.8921115289992207e-01
1                                      1.9604575457945750e-01
2                                      2.6306726613258067e-04
   &DIPOLEMAGNITUDE [&Type "Double", &Units "a.u."]       7.1655147782602135e-01
$End
$THERMOCHEMISTRY_Energies
   &GeometryIndex 1
   &ListStatus       OUT
   &TEMPERATURE [&Type "Double"]       2.9814999999999998e+02
   &PRESSURE [&Type "Double"]       1.0000000000000000e+00
   &TOTALMASS [&Type "Double"]       1.0711199999999998e+02
   &SPINDEGENERACY [&Type "Integer"] 1
   &ELENERGY [&Type "Double"]      -3.6159323869804280e+02
   &TRANSENERGY [&Type "Double"]       1.4162714244859817e-03
   &ROTENERGY [&Type "Double"]       1.4162714244859817e-03
   &VIBENERGY [&Type "Double"]       3.1399349346782628e-03
   &NUMOFFREQS [&Type "Integer"] 39
   &FREQSCALINGFACTOR [&Type "Double"]       1.0000000000000000e+00
   &FREQ [&Type "ArrayOfDoubles", &Dim (39,1)] "In cm^-1"
                                                         0

0                                      0.0000000000000000e+00
1                                      0.0000000000000000e+00
2                                      0.0000000000000000e+00
3                                      0.0000000000000000e+00
4                                      0.0000000000000000e+00
5                                      0.0000000000000000e+00
6                                      1.7493272967462795e+02
7                                      2.4418270855469035e+02
8                                      2.7702662030926388e+02
9                                      4.0762269446867970e+02
10                                     4.5059246470630688e+02
11                                     4.7068752096780577e+02
12                                     6.3403770096780704e+02
13                                     6.9285290987920200e+02
14                                     7.3347150639645292e+02
15                                     8.3543270318820851e+02
16                                     8.6196737675187967e+02
17                                     9.7324736089599719e+02
18                                     1.0138357943203148e+03
19                                     1.0424715859551065e+03
20                                     1.0471948865837833e+03
21                                     1.0583048227638128e+03
22                                     1.0673089145454921e+03
23                                     1.1312897835572237e+03
24                                     1.2095529061374277e+03
25                                     1.2452977215888893e+03
26                                     1.2712655696639242e+03
27                                     1.3571777785204333e+03
28                                     1.4174480407626313e+03
29                                     1.4610120601289566e+03
30                                     1.5241336771194976e+03
31                                     1.6255514798690194e+03
32                                     1.6553388498694376e+03
33                                     1.7195399427882239e+03
34                                     2.9603572243955900e+03
35                                     3.1529014082379372e+03
36                                     3.1692558016589583e+03
37                                     3.1957297006701592e+03
38                                     3.2105202596189947e+03
   &ZPE [&Type "Double"]       9.8625390768813118e-02
   &INNERENERGYU [&Type "Double"]      -3.6148864082949035e+02
   &ENTHALPYH [&Type "Double"]      -3.6148769662044811e+02
   &QEL [&Type "Double"]       0.0000000000000000e+00
   &QROT [&Type "Double"]       1.3214104808628981e-02
   &QVIB [&Type "Double"]       4.8623845668684090e-03
   &QTRANS [&Type "Double"]       1.8968546807022198e-02
   &ENTROPYS [&Type "Double"]       3.7045036182519586e-02
   &FREEENERGYG [&Type "Double"]      -3.6152474165663062e+02
   &ISLINEAR [&Type "Boolean"] false
$End
$Hessian
   &GeometryIndex 1
   &ListStatus       OUT
   &HESSIAN [&Type "ArrayOfDoubles", &Dim (39,39)] "The Hessian"
                                                         0                           1                           2                           3                           4                           5                           6                           7

0                                      6.9359322145296309e-01         4.6259439402608821e-02         5.7142820235136342e-06        -3.5613394119979064e-01         4.6505131136957839e-03         3.3306889320403021e-06        -8.1655281084094290e-03        -8.8971245939804211e-02
1                                      4.6259439402608821e-02         7.3805657203761876e-01         1.7952671173390113e-05        -7.0940935639693559e-02        -1.4234613390344472e-01        -4.8679901743346093e-06        -3.8652313575178350e-02         2.2625070033441753e-02
2                                      5.7142820235136342e-06         1.7952671173390113e-05         1.3610439520067788e-01        -1.2790860857203357e-05        -1.7329219464978932e-05        -6.6412618656974731e-02        -1.7085960467580668e-06         1.8846078184583335e-05
3                                     -3.5613394119979064e-01        -7.0940935639693559e-02        -1.2790860857203357e-05         7.2561404791218498e-01        -4.8863377960478897e-02        -5.3698219145252976e-05        -1.4272530699371003e-01        -1.9565378219706192e-02
4                                      4.6505131136957839e-03        -1.4234613390344472e-01        -1.7329219464978932e-05        -4.8863377960478897e-02         7.0044152200641252e-01         2.4720292456396836e-07        -7.9220113283767990e-02        -3.0081170667370755e-01
5                                      3.3306889320403021e-06        -4.8679901743346093e-06        -6.6412618656974731e-02        -5.3698219145252976e-05         2.4720292456396836e-07         1.5325231792226215e-01         1.8422270116074277e-05         2.6096443897130417e-05
6                                     -8.1655281084094290e-03        -3.8652313575178350e-02        -1.7085960467580668e-06        -1.4272530699371003e-01        -7.9220113283767990e-02         1.8422270116074277e-05         6.7797809164174305e-01         9.3185469885112668e-05
7                                     -8.8971245939804211e-02         2.2625070033441753e-02         1.8846078184583335e-05        -1.9565378219706192e-02        -3.0081170667370755e-01         2.6096443897130417e-05         9.3185469885112668e-05         6.9683833738052858e-01
8                                     -1.1114017240309651e-05         4.6432295329608401e-06         8.7344909359852556e-03         4.5446536219031036e-05         2.4193393856514307e-05        -6.9619422564780986e-02        -1.1751836472233341e-04        -1.1209238641780135e-05
9                                     -7.9713742430888593e-02         3.7300028962246795e-02         1.1748058939418128e-06         7.7069717837376872e-02         5.4601771050646522e-02        -4.2587672093023786e-06        -1.9704469010023989e-01         4.6325159577978725e-02
10                                     2.0355848307906332e-02        -1.0844057511976226e-02        -6.3508758898276864e-08        -1.1173250887260826e-03        -5.2686894721146287e-02        -2.8759230229742918e-06         1.1829061822411144e-01        -2.4929332973426388e-01
11                                     2.8592172822355110e-06        -2.7646565327937870e-06        -1.0784843650431138e-02        -5.6159117610271437e-06        -8.5399678610779319e-06         8.4366601257552052e-03         1.9560203488596005e-05        -2.4436375036790815e-06
12                                     8.5069912774274420e-02        -1.9868051352514855e-02        -8.7347796162808291e-06        -5.5322595369548443e-02        -5.0575224714290809e-02         7.8694628238920097e-06        -6.4802219108500481e-02         7.6818534994784110e-02
13                                     5.6479307168004596e-02        -7.2201512935894940e-02        -7.0536717019592077e-06        -4.8051685838439176e-02        -3.6400559571105010e-02         7.4073380891378798e-06         4.4602514327091308e-03         6.5210985117008333e-02
14                                    -4.4157237199561038e-06         2.2836593001039191e-08         2.3916128658475838e-02         1.0079272272490164e-06         5.6516786666137270e-06        -1.0075705646683020e-02         1.4244921658808681e-05        -1.1884858731375246e-05
15                                    -2.1509231951759200e-01         1.2987511433056534e-01         6.8365544956355666e-06        -4.1170906254169026e-02         2.0356707885645513e-02         5.0379989717451726e-06        -3.5192791803894327e-03         5.9341806028381482e-03
16                                     4.2049220256778153e-02        -2.4425231630555766e-01        -3.1783632619986090e-06         7.9638759128566133e-02         6.6761572131871755e-02        -4.5236620072740612e-06         2.2502694997463078e-02        -8.2643043487755641e-02
17                                     5.5051215429526423e-06        -4.4679687947450353e-06        -7.3779469690903543e-02         4.6315032311890976e-06         4.1268573888684894e-06         8.2156024212073492e-03         4.7862787783004207e-06        -3.7058319805702536e-06
18                                     8.9395644632869423e-03        -2.4097433869679019e-03         1.8812130442334416e-05        -1.9121586321217174e-02        -2.3879809933907648e-02        -5.5311840251863096e-06        -2.0926411394796174e-01        -4.0135649610168737e-02
19                                    -5.1110811091853222e-03        -6.9267806491382991e-03        -1.1829880995217128e-05        -3.2911909549146828e-02         2.8896349100768388e-03         1.1629706433353106e-05        -6.6378486487773058e-02        -1.3053264072772575e-01
20                                     4.4223205439128538e-07         7.6061000790094866e-07         8.5505130880957729e-03        -8.4667506606276482e-06        -2.2503854051708728e-06         2.7230308944553826e-03         5.3389051087077832e-05        -2.0619673205469472e-05
21                                    -1.1523365136997814e-03         1.3924948644754836e-03        -8.0476473409908998e-06         4.2985084827368084e-03         7.6780479754154710e-03         4.6735987512245601e-06        -6.5710607344191513e-02         3.6113340405698170e-02
22                                     3.1024919885193521e-03         1.3757577622410988e-03         4.0842051396270626e-06        -2.9181564217788656e-03        -7.8797008327784936e-03        -2.0248443285332330e-06         2.8748053829264320e-02         1.9836179255031179e-02
23                                    -3.0906489358039836e-06        -4.8126411910555970e-08        -1.2201905605334004e-03         2.7058500840843175e-06         1.0504688983822329e-05        -6.0191640654452339e-04         8.2013485876020870e-07         7.9149438820133602e-06
24                                    -1.0145030274802669e-01        -9.9682040880201439e-02        -4.5310039098863192e-06        -6.2472748927102188e-03        -2.9765284491361454e-02        -1.4506435555762563e-06        -5.6945473074565640e-03         9.3700133050782577e-06
25                                    -9.9124587276417167e-02        -3.0244759113830377e-01        -7.4559894697792289e-06         5.3757504741838713e-04         1.0863277587567291e-03        -1.4532635784208313e-06        -3.9390239795386323e-04         2.0364509517446236e-03
26                                    -5.0310361619748841e-06        -1.0842612033006365e-05        -3.9149760123986591e-02         3.3349923412601207e-07        -5.1920132309932041e-07         3.8386633661701506e-03        -2.4011635690828102e-07         7.2632919798953699e-07
27                                    -1.2563051429620598e-02         2.3990672703140606e-02         5.5593908676465924e-06        -1.7618722674010504e-01         1.3805006914886214e-01         1.9656373314472267e-05         1.2536747526180895e-02        -6.8868439407566429e-03
28                                    -5.4251468091025892e-03         9.6221192911607016e-03         3.7977691495353999e-07         1.3874344704008618e-01        -2.2561098431795334e-01        -2.3399921095381768e-05         1.9692125430498808e-02        -1.7064128414521755e-02
29                                    -3.0683740158690096e-06        -1.2242334992417874e-06         7.1711279699815389e-03         2.8309946919464107e-05        -2.1508052930026693e-05        -4.5721302917419979e-02        -4.8627771285860175e-06        -6.7475496359230973e-06
30                                    -8.0754661985687592e-04        -2.7716504868632234e-04         1.1885092336136041e-06        -3.0443932025756163e-03         2.8923159740405989e-03         3.6591503672549735e-07         1.0061665823320024e-02         1.7023841762341695e-02
31                                     8.4148283900805374e-04         3.0421316137304840e-04         1.6466042288868995e-06         3.8403633476347611e-03        -2.2706477269130599e-03        -3.1339156808669521e-06        -8.3971017368641016e-03        -1.7402434577504049e-02
32                                     2.8867668468931334e-06        -4.0922465969030043e-07        -7.5932699302795853e-04        -4.2930733650416893e-07        -2.9203208036310798e-06         6.5661879575213420e-03        -7.7407635219780001e-06         8.0428673959711081e-06
33                                    -1.2885619017005988e-02        -5.1104110340444223e-03         3.5992686641709035e-06        -1.1723757480182548e-03         3.3522112738111950e-03        -1.2649973089309874e-06         7.6072714731449144e-04         7.8142989399492511e-04
34                                     2.4677557762492815e-02         7.4717562858979307e-03         1.2500020570434863e-07         3.1457818875403492e-03        -4.0822565456730365e-03        -1.1371731816599269e-06        -3.3370701149902323e-04        -1.1174513338808891e-03
35                                    -2.6383211643778816e-06         1.4913859448807509e-06         8.7547645173041058e-03         2.3492543264440551e-06         2.1532845756337194e-06         7.0262961281530936e-03        -3.5988073013582588e-07        -1.4220601141988273e-06
36                                     3.6168889436616336e-04        -1.8801902177696932e-03         3.7537012175560746e-07        -5.8566675104542113e-03         6.4033553022813799e-04         9.7691376514481318e-07        -4.4109400476993448e-03        -2.7657340605488502e-02
37                                     2.1930116751486817e-04        -4.3709612741768978e-04         6.0437547472040264e-06        -1.4553193018147503e-03         9.0982748560378135e-04        -2.2523151301672459e-06        -2.9388929579718392e-04        -7.6822877883951229e-03
38                                     1.1723885847723408e-06        -2.4133780879291980e-06        -1.1252106946630339e-03         2.0871220519576592e-06         6.4783582473958341e-06         2.3722073768785825e-03         3.1330777267503751e-05         5.0706086569150745e-06
                                                         8                           9                          10                          11                          12                          13                          14                          15

0                                     -1.1114017240309651e-05        -7.9713742430888593e-02         2.0355848307906332e-02         2.8592172822355110e-06         8.5069912774274420e-02         5.6479307168004596e-02        -4.4157237199561038e-06        -2.1509231951759200e-01
1                                      4.6432295329608401e-06         3.7300028962246795e-02        -1.0844057511976226e-02        -2.7646565327937870e-06        -1.9868051352514855e-02        -7.2201512935894940e-02         2.2836593001039191e-08         1.2987511433056534e-01
2                                      8.7344909359852556e-03         1.1748058939418128e-06        -6.3508758898276864e-08        -1.0784843650431138e-02        -8.7347796162808291e-06        -7.0536717019592077e-06         2.3916128658475838e-02         6.8365544956355666e-06
3                                      4.5446536219031036e-05         7.7069717837376872e-02        -1.1173250887260826e-03        -5.6159117610271437e-06        -5.5322595369548443e-02        -4.8051685838439176e-02         1.0079272272490164e-06        -4.1170906254169026e-02
4                                      2.4193393856514307e-05         5.4601771050646522e-02        -5.2686894721146287e-02        -8.5399678610779319e-06        -5.0575224714290809e-02        -3.6400559571105010e-02         5.6516786666137270e-06         2.0356707885645513e-02
5                                     -6.9619422564780986e-02        -4.2587672093023786e-06        -2.8759230229742918e-06         8.4366601257552052e-03         7.8694628238920097e-06         7.4073380891378798e-06        -1.0075705646683020e-02         5.0379989717451726e-06
6                                     -1.1751836472233341e-04        -1.9704469010023989e-01         1.1829061822411144e-01         1.9560203488596005e-05        -6.4802219108500481e-02         4.4602514327091308e-03         1.4244921658808681e-05        -3.5192791803894327e-03
7                                     -1.1209238641780135e-05         4.6325159577978725e-02        -2.4929332973426388e-01        -2.4436375036790815e-06         7.6818534994784110e-02         6.5210985117008333e-02        -1.1884858731375246e-05         5.9341806028381482e-03
8                                      1.3849059899918614e-01         1.1152683973232656e-05        -4.4201834281761804e-06        -7.4951867289728635e-02         2.6012206418565784e-05        -1.6587007716169306e-05         2.5805717662210723e-02        -8.4087715110469125e-06
9                                      1.1152683973232656e-05         6.6543677849075245e-01         3.7293182516634035e-02        -5.8489963082490685e-05        -3.2811726705368238e-01         7.9731468328470001e-04         2.3860820911194705e-05        -2.7735316881595012e-02
10                                    -4.4201834281761804e-06         3.7293182516634035e-02         7.4433574502943434e-01         1.9275081047708842e-05        -4.6186650627012223e-02        -1.3336487919977441e-01         5.9841380309653373e-06        -5.1739130148257956e-02
11                                    -7.4951867289728635e-02        -5.8489963082490685e-05         1.9275081047708842e-05         1.7221246170041293e-01         2.9554739359621218e-05        -4.2419380021001942e-06        -7.2800857301516225e-02         4.7297487690706620e-06
12                                     2.6012206418565784e-05        -3.2811726705368238e-01        -4.6186650627012223e-02         2.9554739359621218e-05         5.4231577000588338e-01         9.9365161639955873e-02        -4.5068045536883363e-05        -1.5077433670195697e-01
13                                    -1.6587007716169306e-05         7.9731468328470001e-04        -1.3336487919977441e-01        -4.2419380021001942e-06         9.9365161639955873e-02         4.9203047640582659e-01         1.5081966425378150e-05        -7.7341479142915906e-02
14                                     2.5805717662210723e-02         2.3860820911194705e-05         5.9841380309653373e-06        -7.2800857301516225e-02        -4.5068045536883363e-05         1.5081966425378150e-05         1.0074386625613775e-01         6.3425650967428281e-08
15                                    -8.4087715110469125e-06        -2.7735316881595012e-02        -5.1739130148257956e-02         4.7297487690706620e-06        -1.5077433670195697e-01        -7.7341479142915906e-02         6.3425650967428281e-08         7.6616525646237821e-01
16                                     1.7718290169911166e-05        -1.2264208656500242e-01         1.9012138009126059e-03         1.7451102098000277e-05        -2.7092452142230439e-02        -3.0131687822973974e-01        -1.3562802286579683e-05         1.1832386942185495e-02
17                                    -1.1600240810429242e-02         1.3501019529370991e-06         2.8853123470154873e-06         2.7556769393638596e-03         3.9770812448517456e-06        -1.6611529677760235e-06        -7.2496634200313548e-02        -2.1476131188613482e-05
18                                     1.3146555136500892e-04        -3.4476714414342836e-02         1.0405053594716780e-02         1.0755259708942829e-05         6.1820938129810883e-03         3.7668647309540525e-03        -6.0463426304549472e-06        -2.5234570903174235e-04
19                                    -1.3933508983078294e-05         2.6545612044456313e-02         1.3114889663616760e-02        -8.2125545155005865e-06         8.6712511416395573e-03        -2.8842006948152834e-03         4.8611006894365451e-07         1.2225702349129969e-03
20                                    -7.5125733751756699e-02        -3.2941424183261685e-06         9.1874680939928716e-06        -1.8595313070350825e-03         5.1420161239174301e-06        -6.6732455702328111e-06         9.8435057358946393e-03        -2.8542336990470951e-06
21                                    -5.8261432964361124e-05         6.5908380352866763e-04        -1.1841739256379411e-02        -1.4169697723402864e-08        -6.9575856231603554e-03         1.5954511315835473e-06         4.2619913408815694e-06         9.7240893676565649e-05
22                                     2.7074281080221116e-05        -4.9169297313076364e-03         1.8988892031245031e-03         2.5394526766922231e-07         8.5486011647390673e-04         1.5843461773542575e-03        -4.3604633706638720e-07        -8.2050792661349302e-04
23                                     1.8981799682971874e-02         4.8434278526322270e-06        -1.1314883447053070e-05         3.5103512366863243e-03        -1.6494846262170843e-06         1.9059320413188926e-06        -2.5672123619009469e-03         2.2461015192795163e-06
