
$orca_hessian_file

$act_atom
  0

$act_coord
  0

$act_energy
        0.000000

$multiplicity
  1

$hessian
39
                    0                  1                  2                  3                  4        
    0      6.8880276022E-01   4.9043197914E-02  -1.5583950262E-04  -3.5476566842E-01   3.2821552779E-03
    1      4.9043197914E-02   7.3446273702E-01   1.5098074066E-05  -7.1818450155E-02  -1.4269192001E-01
    2     -1.5583950262E-04   1.5098074066E-05   1.3690366518E-01   7.1625034816E-05  -3.5411258821E-06
    3     -3.5476566842E-01  -7.1818450155E-02   7.1625034816E-05   7.2950832571E-01  -4.7218180277E-02
    4      3.2821552779E-03  -1.4269192001E-01  -3.5411258821E-06  -4.7218180277E-02   6.9735580422E-01
    5      6.2497972418E-05   2.0604277431E-05  -6.6349916385E-02  -1.0728773115E-04   2.1277555484E-05
    6     -7.3176376306E-03  -3.8785961941E-02   2.7042478448E-06  -1.4275705643E-01  -8.0173733400E-02
    7     -8.9130800901E-02   2.1990761545E-02   3.1975697220E-05  -1.9628180864E-02  -3.0289208543E-01
    8      3.8369916945E-06   3.8300858125E-07   8.7204866607E-03  -5.4052867349E-06   7.5850906298E-06
    9     -8.0039379586E-02   3.7122549110E-02   1.6101437508E-05   7.7157813433E-02   5.5401070947E-02
   10      1.9899286463E-02  -1.0585396607E-02  -5.0893874848E-06  -4.3804742195E-04  -5.2784317468E-02
   11      1.8142119112E-05  -1.2029780302E-05  -1.0640196249E-02  -1.8738467230E-05  -2.7685783843E-05
   12      8.5203742712E-02  -1.9325606716E-02  -1.6140089590E-05  -5.5301448766E-02  -5.0933324259E-02
   13      5.7129984586E-02  -7.2725149196E-02  -2.9643559411E-05  -4.8365804885E-02  -3.7051426137E-02
   14     -4.5447609601E-06  -1.8926606785E-07   2.4037688480E-02  -2.9523615053E-07   1.4061408618E-05
   15     -2.1389099385E-01   1.2648819947E-01   5.1795303405E-05  -4.1305402640E-02   2.0026696982E-02
   16      3.9541027516E-02  -2.3983716906E-01  -2.0808698150E-05   7.9206528415E-02   6.7294396289E-02
   17      4.1621808988E-05  -4.7151631798E-05  -7.4213598887E-02   2.5658529623E-05   1.2752687510E-06
   18      8.5051832615E-03  -2.1561969760E-03  -3.9987828224E-06  -1.9240134148E-02  -2.3869696881E-02
   19     -5.0775436518E-03  -7.0024650591E-03  -3.8740005007E-06  -3.3052033683E-02   2.9536313321E-03
   20      5.9072838932E-06   4.7802120814E-06   8.4837238341E-03  -1.9798666331E-06  -6.8857572787E-06
   21     -1.0409914154E-03   1.3736730667E-03   3.1875244707E-06   4.1497373635E-03   7.5851462792E-03
   22      3.0470105589E-03   1.5224767219E-03  -3.2057573083E-07  -2.8040895672E-03  -8.0367512474E-03
   23     -3.3684595407E-06   1.9460468573E-08  -1.2099722719E-03   7.4391460446E-06   2.2677171080E-05
   24     -1.0020045363E-01  -9.7952269905E-02   1.5193098186E-05  -6.1093911789E-03  -2.9896814205E-02
   25     -9.7523630679E-02  -3.0245191260E-01   2.3743794799E-05   4.2037058330E-04   8.9193048849E-04
   26      1.5325615804E-05   2.7177156965E-05  -3.9257441358E-02   2.8652691716E-06   8.1342446028E-06
   27     -1.2157075387E-02   2.3304031686E-02   5.1031884103E-06  -1.8110268365E-01   1.3874513392E-01
   28     -5.5749356360E-03   9.9048012969E-03  -2.1889663504E-06   1.3833738028E-01  -2.1966443397E-01
   29      6.3346150785E-06  -6.0574367989E-06   6.8871279836E-03   2.0098666307E-05  -2.6668197249E-05
   30     -8.2215186561E-04  -2.8605330609E-04   1.8779564659E-07  -3.1061625626E-03   2.9210700622E-03
   31      8.3210758363E-04   3.1181506325E-04  -2.3537306506E-07   3.8510564871E-03  -2.2314824922E-03
   32      1.4295854572E-07  -3.9728200165E-07  -7.3985429917E-04   3.8385911385E-06  -5.8657879480E-07
   33     -1.2650339806E-02  -5.1086277021E-03   1.0199187155E-05  -1.1757495979E-03   3.3297585943E-03
   34      2.4290898970E-02   7.5402591478E-03  -7.8440772654E-06   3.1712283816E-03  -4.0674678805E-03
   35      1.0651999231E-05  -6.4129348049E-07   8.5076671766E-03   4.4118311590E-07  -1.0565457797E-06
   36      3.7300539251E-04  -1.8978711412E-03   8.0353980214E-07  -5.9521791140E-03   6.4845594631E-04
   37      2.4062859661E-04  -4.3883826420E-04  -2.0200569094E-08  -1.5095162837E-03   9.2412231277E-04
   38     -1.6306238602E-06   1.1528991808E-06  -1.1293798680E-03  -2.5954826537E-07  -6.2964799795E-06
                    5                  6                  7                  8                  9        
    0      6.2497972418E-05  -7.3176376306E-03  -8.9130800901E-02   3.8369916945E-06  -8.0039379586E-02
    1      2.0604277431E-05  -3.8785961941E-02   2.1990761545E-02   3.8300858125E-07   3.7122549110E-02
    2     -6.6349916385E-02   2.7042478448E-06   3.1975697220E-05   8.7204866607E-03   1.6101437508E-05
    3     -1.0728773115E-04  -1.4275705643E-01  -1.9628180864E-02  -5.4052867349E-06   7.7157813433E-02
    4      2.1277555484E-05  -8.0173733400E-02  -3.0289208543E-01   7.5850906298E-06   5.5401070947E-02
    5      1.5322433363E-01  -4.8328728332E-06  -4.8436239310E-07  -6.9727320751E-02  -1.8173031368E-05
    6     -4.8328728332E-06   6.6588712973E-01  -4.7409068115E-03   3.0358682049E-05  -1.9839059152E-01
    7     -4.8436239310E-07  -4.7409068115E-03   6.9713787686E-01   1.6124516291E-05   4.6442179966E-02
    8     -6.9727320751E-02   3.0358682049E-05   1.6124516291E-05   1.3897541596E-01   5.0426332265E-05
    9     -1.8173031368E-05  -1.9839059152E-01   4.6442179966E-02   5.0426332265E-05   6.7018649179E-01
   10      1.9986812407E-07   1.1745551818E-01  -2.4762102085E-01  -4.3395559864E-05   3.6926171682E-02
   11      8.6045236460E-03   6.7789002226E-05  -3.6475023674E-05  -7.4848705012E-02  -1.6508670929E-04
   12      9.8243188836E-06  -6.5264162161E-02   7.7038017249E-02   2.8987053757E-05  -3.3518952450E-01
   13      8.5649326630E-06   4.0233738665E-03   6.5959007146E-02  -3.2004713387E-06  -1.8051866976E-03
   14     -1.0251604886E-02   2.2936410979E-05  -1.2187082565E-05   2.5786638010E-02   1.1976678786E-04
   15      1.3501447828E-05  -3.4290946806E-03   6.0064257706E-03  -6.1428847869E-07  -2.7987184320E-02
   16     -2.0881956584E-05   2.3111231372E-02  -8.2889201086E-02  -3.9915431631E-06  -1.2336723873E-01
   17      8.1428346188E-03   8.5252135392E-07  -1.0878303409E-05  -1.1706586206E-02  -8.2096895398E-06
   18      1.6334465670E-05  -1.9615230000E-01  -3.6892756015E-02  -3.7262403409E-06  -3.1879094618E-02
   19     -1.0784083356E-05  -6.1089375616E-02  -1.2933009031E-01  -4.2546141597E-06   2.6087182097E-02
   20      2.9407405414E-03  -2.1745081441E-05  -2.6952891131E-05  -7.5866119692E-02   9.5412706792E-06
   21     -1.0435448372E-05  -6.5579718612E-02   3.7145627103E-02  -1.0841032765E-04   3.5113906999E-04
   22     -2.0217794824E-06   2.9519231484E-02   1.9399282723E-02   2.5932393324E-05  -4.8302205977E-03
   23     -5.4515741388E-04  -7.3958383620E-05   3.7949426197E-05   1.9012295351E-02   3.0331233691E-06
   24      2.9635306959E-06  -5.6860971448E-03  -3.1603617658E-06   1.5859808936E-06  -2.0364762260E-03
   25      1.6241259693E-06  -4.4301147140E-04   2.0418406115E-03  -5.6794921425E-07   1.6918224207E-03
   26      3.8429934031E-03   3.0466269391E-06  -1.7775029255E-06   8.9691562892E-03  -4.4637413779E-07
   27      3.0178869894E-05   1.2474418581E-02  -6.5701267145E-03  -1.7450878562E-06  -1.1156553406E-04
   28     -2.3159074254E-05   2.0309568522E-02  -1.7876531020E-02  -4.2239698575E-06  -3.7981827619E-03
   29     -4.5786113584E-02   3.1683923663E-06   6.6910331778E-06   5.9395285346E-03   1.6324173743E-06
   30      3.6925867354E-06   1.0216444097E-02   1.7178972357E-02   2.5805567420E-06  -7.5708547514E-02
   31     -7.6690552371E-07  -8.0978148772E-03  -1.7297516353E-02  -2.6297401276E-06  -6.7143803120E-02
   32      6.6576990247E-03  -7.1727639992E-06  -1.3442854002E-05   7.3768383133E-03   2.6352733415E-06
   33      4.4499567757E-06   7.4212715050E-04   7.6231088512E-04  -9.1425008082E-07   2.4858336006E-03
   34     -1.5476013434E-06  -3.5107638121E-04  -1.1314437605E-03   2.9326135642E-07  -3.0681986011E-03
   35      7.0047387421E-03   1.3786759256E-06  -1.6802632125E-06  -7.3796175542E-04   2.6045408166E-06
   36     -7.1434923105E-07  -4.7434613764E-03  -2.7731273646E-02  -2.1337843148E-06   1.1610859271E-03
   37      5.0847329042E-06  -6.1337094070E-04  -7.4908800696E-03   1.4206371231E-05   6.5621458548E-04
   38      2.2422494131E-03  -1.9351789735E-05   8.8768167381E-06   1.8106334303E-02  -9.5168506496E-06
                   10                 11                 12                 13                 14        
    0      1.9899286463E-02   1.8142119112E-05   8.5203742712E-02   5.7129984586E-02  -4.5447609601E-06
    1     -1.0585396607E-02  -1.2029780302E-05  -1.9325606716E-02  -7.2725149196E-02  -1.8926606785E-07
    2     -5.0893874848E-06  -1.0640196249E-02  -1.6140089590E-05  -2.9643559411E-05   2.4037688480E-02
    3     -4.3804742195E-04  -1.8738467230E-05  -5.5301448766E-02  -4.8365804885E-02  -2.9523615053E-07
    4     -5.2784317468E-02  -2.7685783843E-05  -5.0933324259E-02  -3.7051426137E-02   1.4061408618E-05
    5      1.9986812407E-07   8.6045236460E-03   9.8243188836E-06   8.5649326630E-06  -1.0251604886E-02
    6      1.1745551818E-01   6.7789002226E-05  -6.5264162161E-02   4.0233738665E-03   2.2936410979E-05
    7     -2.4762102085E-01  -3.6475023674E-05   7.7038017249E-02   6.5959007146E-02  -1.2187082565E-05
    8     -4.3395559864E-05  -7.4848705012E-02   2.8987053757E-05  -3.2004713387E-06   2.5786638010E-02
    9      3.6926171682E-02  -1.6508670929E-04  -3.3518952450E-01  -1.8051866976E-03   1.1976678786E-04
   10      7.3997657198E-01   5.7231896294E-05  -4.9278608745E-02  -1.3274315394E-01  -3.3371686250E-07
   11      5.7231896294E-05   1.7207784864E-01   9.6373665720E-05  -1.4151155014E-05  -7.2127462735E-02
   12     -4.9278608745E-02   9.6373665720E-05   5.5068916350E-01   1.0756740065E-01  -1.4331361824E-04
   13     -1.3274315394E-01  -1.4151155014E-05   1.0756740065E-01   5.0502163413E-01   4.5807143731E-05
   14     -3.3371686250E-07  -7.2127462735E-02  -1.4331361824E-04   4.5807143731E-05   9.8959996584E-02
   15     -5.1948836838E-02   4.4748256909E-06  -1.5129477439E-01  -8.1904033212E-02   4.2725456366E-06
   16      6.7811414653E-04   4.6461347045E-05  -3.1568093668E-02  -3.1335381020E-01  -6.2392715322E-05
   17      1.5045561532E-05   3.0583775202E-03   1.6742541661E-05  -2.0335442319E-05  -7.1588534905E-02
   18      1.0035845546E-02  -8.1449052463E-06   6.4696626556E-03   3.6231120547E-03  -3.5072393434E-06
   19      1.3371758989E-02   4.4836305570E-06   8.4708366470E-03  -2.8943340385E-03  -1.3224391389E-05
   20      1.3309671446E-05  -2.3864154226E-03   1.3802880619E-05  -6.8216524426E-06   9.9181086360E-03
   21     -1.1863423309E-02  -6.4932569475E-06  -6.9991060153E-03   5.4280928016E-05   7.1966392810E-06
   22      1.9226189117E-03  -2.0889496769E-06   9.0548102690E-04   1.4905281773E-03   2.5831932364E-06
   23     -2.7256988095E-05   3.5113021309E-03  -7.9460353733E-06   6.1341994992E-06  -2.5657732136E-03
   24      5.1467078835E-04   1.0715820089E-07  -1.4531532250E-03   4.8340427438E-03   4.8942134046E-06
   25      8.4121797144E-04  -9.3736912880E-07   3.4840564311E-03  -3.6352370638E-03   2.7300236003E-06
   26     -2.9831825404E-07  -2.8290858689E-04   3.7378901792E-06  -1.6414642163E-06   7.7294333656E-03
   27     -2.7988943196E-03   2.0563814554E-06  -4.2327686977E-04  -6.6210681260E-04  -3.9612816700E-06
   28     -4.3795346977E-03  -5.2637648495E-07  -3.1597740637E-04   2.3134373187E-04   4.0347621850E-06
   29      1.9121449752E-07   7.7990616067E-03  -2.4096278861E-06   3.6969021161E-07  -3.9205030787E-03
   30     -6.4879485517E-02   1.5727371401E-06  -1.8382289941E-02  -3.5227572402E-02  -9.3227883219E-07
   31     -3.0429447843E-01  -1.0540509535E-05  -8.5212366568E-03  -7.6073176878E-05   7.3758689249E-06
   32     -1.0769066319E-05  -4.5065402913E-02   2.2010895762E-06   1.1037660183E-05  -2.7631990970E-03
   33     -9.8797034785E-04   4.3791207687E-06  -7.9031905040E-03  -1.0021187512E-02   3.9091066670E-07
   34     -4.2069464699E-03  -1.9087235853E-06  -3.6895175157E-02  -1.0557819195E-02   1.1078538496E-05
   35     -1.9928804015E-06   1.1154110873E-02  -3.8971262573E-06   2.4714426834E-06  -2.6405172075E-03
   36     -2.9505864637E-03  -7.4019982266E-07  -1.5164249148E-04   7.9268955032E-04   8.7272024328E-07
   37     -1.7543352783E-04   1.5102579057E-07  -6.6676224805E-04   3.3448975344E-04   4.6906630620E-07
   38      1.1734769436E-06  -8.5413349905E-04  -1.7387559214E-06   1.5958428792E-06  -5.7426995251E-04
                   15                 16                 17                 18                 19        
    0     -2.1389099385E-01   3.9541027516E-02   4.1621808988E-05   8.5051832615E-03  -5.0775436518E-03
    1      1.2648819947E-01  -2.3983716906E-01  -4.7151631798E-05  -2.1561969760E-03  -7.0024650591E-03
    2      5.1795303405E-05  -2.0808698150E-05  -7.4213598887E-02  -3.9987828224E-06  -3.8740005007E-06
    3     -4.1305402640E-02   7.9206528415E-02   2.5658529623E-05  -1.9240134148E-02  -3.3052033683E-02
    4      2.0026696982E-02   6.7294396289E-02   1.2752687510E-06  -2.3869696881E-02   2.9536313321E-03
    5      1.3501447828E-05  -2.0881956584E-05   8.1428346188E-03   1.6334465670E-05  -1.0784083356E-05
    6     -3.4290946806E-03   2.3111231372E-02   8.5252135392E-07  -1.9615230000E-01  -6.1089375616E-02
    7      6.0064257706E-03  -8.2889201086E-02  -1.0878303409E-05  -3.6892756015E-02  -1.2933009031E-01
    8     -6.1428847869E-07  -3.9915431631E-06  -1.1706586206E-02  -3.7262403409E-06  -4.2546141597E-06
    9     -2.7987184320E-02  -1.2336723873E-01  -8.2096895398E-06  -3.1879094618E-02   2.6087182097E-02
   10     -5.1948836838E-02   6.7811414653E-04   1.5045561532E-05   1.0035845546E-02   1.3371758989E-02
   11      4.4748256909E-06   4.6461347045E-05   3.0583775202E-03  -8.1449052463E-06   4.4836305570E-06
   12     -1.5129477439E-01  -3.1568093668E-02   1.6742541661E-05   6.4696626556E-03   8.4708366470E-03
   13     -8.1904033212E-02  -3.1335381020E-01  -2.0335442319E-05   3.6231120547E-03  -2.8943340385E-03
   14      4.2725456366E-06  -6.2392715322E-05  -7.1588534905E-02  -3.5072393434E-06  -1.3224391389E-05
   15      7.6228237831E-01   1.8990406238E-02  -1.7798698831E-04  -2.0310713405E-04   1.2058028149E-03
   16      1.8990406238E-02   6.4361515040E-01   5.7653012153E-05   1.4790737551E-03  -6.0253604437E-03
   17     -1.7798698831E-04   5.7653012153E-05   1.7147497971E-01  -2.0929934215E-06   3.0299114401E-06
   18     -2.0310713405E-04   1.4790737551E-03  -2.0929934215E-06   7.3331369018E-01  -1.8884871208E-01
   19      1.2058028149E-03  -6.0253604437E-03   3.0299114401E-06  -1.8884871208E-01   7.9440016289E-01
   20     -6.5386905345E-06   9.2261464082E-08  -2.4086811759E-04   6.8617123004E-04  -7.4971740521E-04
   21      1.1782115706E-04   1.9424030527E-03   2.1821756841E-06  -4.1979979937E-01   3.1225681237E-01
   22     -8.3932483360E-04   1.1025142191E-03  -7.3859589176E-07   3.0554715597E-01  -4.2384929734E-01
   23      1.7670821637E-06   7.4275772013E-07  -1.8148412479E-04  -7.6663495458E-04   7.4999560381E-04
   24      1.2738937721E-02   1.8250891577E-02  -3.6889230573E-06   7.3780073915E-04  -1.8745082370E-03
   25     -1.3779832703E-02  -1.5589176701E-02   8.0108972621E-07   4.4406319542E-04  -1.4131068281E-05
   26     -2.5884149700E-06  -7.1711303781E-06   1.5518025696E-03   2.6554258414E-08   4.5903586343E-07
   27     -5.1101717069E-03  -2.3070567934E-03   2.4270701616E-06   3.0242194031E-04  -9.7045557920E-05
   28     -2.2641773918E-03   8.1448172926E-04   7.6563315649E-07   2.9593160666E-03  -9.2244544906E-04
   29      3.9676259926E-06   1.1409735392E-07   9.3683392188E-03   3.2926399901E-06  -7.8249575360E-07
   30     -4.6971207273E-03  -1.3369615161E-03   4.9514941154E-06   9.2141178205E-04   2.9076141196E-03
   31      3.6986731814E-04   3.1513732026E-03  -2.1458235177E-06  -2.8382907230E-03  -5.7508037655E-04
   32      4.9636277745E-06  -4.5343810572E-07   1.0797163017E-02   3.8838729656E-06   2.9422621703E-07
   33     -3.2731987724E-01  -2.3891884592E-02   9.6652142285E-05  -2.2541833327E-04   1.0627088964E-04
   34     -2.2678983615E-02  -5.9326408512E-02   7.1860056136E-06   1.2079952132E-04   4.3539783359E-05
   35      1.0238371978E-04   9.9534068713E-06  -4.6728254891E-02  -1.9416865726E-06   3.3945950484E-07
   36      9.8589503293E-05   2.5628275987E-04  -5.0015621765E-07  -8.2750316944E-02  -6.0945728595E-02
   37      2.1180612500E-05   3.6509601045E-04  -1.6792242346E-06  -6.9653284963E-02  -2.4015588891E-01
   38      1.9926706888E-06  -2.1448621067E-06   2.6583047940E-04   6.6225213184E-05   3.7337732419E-05
                   20                 21                 22                 23                 24        
    0      5.9072838932E-06  -1.0409914154E-03   3.0470105589E-03  -3.3684595407E-06  -1.0020045363E-01
    1      4.7802120814E-06   1.3736730667E-03   1.5224767219E-03   1.9460468573E-08  -9.7952269905E-02
    2      8.4837238341E-03   3.1875244707E-06  -3.2057573083E-07  -1.2099722719E-03   1.5193098186E-05
    3     -1.9798666331E-06   4.1497373635E-03  -2.8040895672E-03   7.4391460446E-06  -6.1093911789E-03
    4     -6.8857572787E-06   7.5851462792E-03  -8.0367512474E-03   2.2677171080E-05  -2.9896814205E-02
    5      2.9407405414E-03  -1.0435448372E-05  -2.0217794824E-06  -5.4515741388E-04   2.9635306959E-06
    6     -2.1745081441E-05  -6.5579718612E-02   2.9519231484E-02  -7.3958383620E-05  -5.6860971448E-03
    7     -2.6952891131E-05   3.7145627103E-02   1.9399282723E-02   3.7949426197E-05  -3.1603617658E-06
    8     -7.5866119692E-02  -1.0841032765E-04   2.5932393324E-05   1.9012295351E-02   1.5859808936E-06
    9      9.5412706792E-06   3.5113906999E-04  -4.8302205977E-03   3.0331233691E-06  -2.0364762260E-03
   10      1.3309671446E-05  -1.1863423309E-02   1.9226189117E-03  -2.7256988095E-05   5.1467078835E-04
   11     -2.3864154226E-03  -6.4932569475E-06  -2.0889496769E-06   3.5113021309E-03   1.0715820089E-07
   12      1.3802880619E-05  -6.9991060153E-03   9.0548102690E-04  -7.9460353733E-06  -1.4531532250E-03
   13     -6.8216524426E-06   5.4280928016E-05   1.4905281773E-03   6.1341994992E-06   4.8340427438E-03
   14      9.9181086360E-03   7.1966392810E-06   2.5831932364E-06  -2.5657732136E-03   4.8942134046E-06
   15     -6.5386905345E-06   1.1782115706E-04  -8.3932483360E-04   1.7670821637E-06   1.2738937721E-02
   16      9.2261464082E-08   1.9424030527E-03   1.1025142191E-03   7.4275772013E-07   1.8250891577E-02
   17     -2.4086811759E-04   2.1821756841E-06  -7.3859589176E-07  -1.8148412479E-04  -3.6889230573E-06
   18      6.8617123004E-04  -4.1979979937E-01   3.0554715597E-01  -7.6663495458E-04   7.3780073915E-04
   19     -7.4971740521E-04   3.1225681237E-01  -4.2384929734E-01   7.4999560381E-04  -1.8745082370E-03
   20      1.9818518505E-01  -7.0828880551E-04   6.9454186455E-04  -6.9923208651E-02   7.3236366805E-07
   21     -7.0828880551E-04   4.7974934470E-01  -3.6742836997E-01   8.8233543705E-04  -2.3816070829E-04
   22      6.9454186455E-04  -3.6742836997E-01   4.4204887854E-01  -8.4131506317E-04   4.6573010220E-04
   23     -6.9923208651E-02   8.8233543705E-04  -8.4131506317E-04   3.1698803841E-02  -1.3356181545E-06
   24      7.3236366805E-07  -2.3816070829E-04   4.6573010220E-04  -1.3356181545E-06   1.0099760804E-01
   25     -1.1537967593E-06  -1.7399544863E-04   6.1243398178E-05  -8.7459762740E-07   1.0596898388E-01
   26      2.9639685132E-04  -1.2533900415E-06   1.7899502731E-07   1.0485407040E-04  -1.7971353322E-05
   27     -1.5972445397E-06  -8.3124300963E-04   3.1568885284E-05  -8.6398833721E-08   1.1772802695E-03
   28      3.8827253193E-06  -6.1416544107E-04   2.1979040962E-03  -2.8042836396E-06   5.2367892143E-04
   29     -4.0454595808E-03  -3.2288700607E-06   1.3587797694E-06  -4.4395521759E-05  -1.2016514113E-06
   30     -3.7153965300E-06   2.0967234687E-04  -1.0978290990E-03   9.2604682952E-07   1.9194651270E-04
   31     -2.4026873327E-06   6.6281106408E-04   7.1433904940E-04  -2.8942957508E-06  -3.1924091422E-05
   32     -3.4041292317E-03  -1.9793672820E-06   1.6585548329E-06   4.2886569690E-04  -5.8873625430E-07
   33     -1.4824867023E-06  -5.6616275388E-05  -8.5240708930E-05   4.9339825661E-07   3.9781568035E-04
   34      3.9867085564E-07  -1.7483358905E-04   2.6039990528E-04  -2.8525043146E-07  -6.2320018598E-04
   35     -2.2497500058E-03  -2.4773999229E-07   2.1997651541E-07   5.5917588174E-04  -1.2279484308E-06
   36      4.3305369214E-05   9.9679207728E-03   3.7664281176E-02  -4.8156539540E-05  -5.1765685044E-04
   37      6.3626174986E-05   1.9138649462E-02  -3.8834137149E-02   6.3376848577E-05  -1.7934515578E-04
   38     -6.1708204209E-02  -4.9072414688E-05   1.1454621806E-04   1.9154694224E-02   2.8011923839E-07
                   25                 26                 27                 28                 29        
    0     -9.7523630679E-02   1.5325615804E-05  -1.2157075387E-02  -5.5749356360E-03   6.3346150785E-06
    1     -3.0245191260E-01   2.7177156965E-05   2.3304031686E-02   9.9048012969E-03  -6.0574367989E-06
    2      2.3743794799E-05  -3.9257441358E-02   5.1031884103E-06  -2.1889663504E-06   6.8871279836E-03
    3      4.2037058330E-04   2.8652691716E-06  -1.8110268365E-01   1.3833738028E-01   2.0098666307E-05
    4      8.9193048849E-04   8.1342446028E-06   1.3874513392E-01  -2.1966443397E-01  -2.6668197249E-05
    5      1.6241259693E-06   3.8429934031E-03   3.0178869894E-05  -2.3159074254E-05  -4.5786113584E-02
    6     -4.4301147140E-04   3.0466269391E-06   1.2474418581E-02   2.0309568522E-02   3.1683923663E-06
    7      2.0418406115E-03  -1.7775029255E-06  -6.5701267145E-03  -1.7876531020E-02   6.6910331778E-06
    8     -5.6794921425E-07   8.9691562892E-03  -1.7450878562E-06  -4.2239698575E-06   5.9395285346E-03
    9      1.6918224207E-03  -4.4637413779E-07  -1.1156553406E-04  -3.7981827619E-03   1.6324173743E-06
   10      8.4121797144E-04  -2.9831825404E-07  -2.7988943196E-03  -4.3795346977E-03   1.9121449752E-07
   11     -9.3736912880E-07  -2.8290858689E-04   2.0563814554E-06  -5.2637648495E-07   7.7990616067E-03
   12      3.4840564311E-03   3.7378901792E-06  -4.2327686977E-04  -3.1597740637E-04  -2.4096278861E-06
   13     -3.6352370638E-03  -1.6414642163E-06  -6.6210681260E-04   2.3134373187E-04   3.6969021161E-07
   14      2.7300236003E-06   7.7294333656E-03  -3.9612816700E-06   4.0347621850E-06  -3.9205030787E-03
   15     -1.3779832703E-02  -2.5884149700E-06  -5.1101717069E-03  -2.2641773918E-03   3.9676259926E-06
   16     -1.5589176701E-02  -7.1711303781E-06  -2.3070567934E-03   8.1448172926E-04   1.1409735392E-07
   17      8.0108972621E-07   1.5518025696E-03   2.4270701616E-06   7.6563315649E-07   9.3683392188E-03
   18      4.4406319542E-04   2.6554258414E-08   3.0242194031E-04   2.9593160666E-03   3.2926399901E-06
   19     -1.4131068281E-05   4.5903586343E-07  -9.7045557920E-05  -9.2244544906E-04  -7.8249575360E-07
   20     -1.1537967593E-06   2.9639685132E-04  -1.5972445397E-06   3.8827253193E-06  -4.0454595808E-03
   21     -1.7399544863E-04  -1.2533900415E-06  -8.3124300963E-04  -6.1416544107E-04  -3.2288700607E-06
   22      6.1243398178E-05   1.7899502731E-07   3.1568885284E-05   2.1979040962E-03   1.3587797694E-06
   23     -8.7459762740E-07   1.0485407040E-04  -8.6398833721E-08  -2.8042836396E-06  -4.4395521759E-05
   24      1.0596898388E-01  -1.7971353322E-05   1.1772802695E-03   5.2367892143E-04  -1.2016514113E-06
   25      3.1690398331E-01  -2.5549826199E-05  -2.8308424972E-04   5.1182889439E-04   2.7329885240E-08
   26     -2.5549826199E-05   2.6893909834E-02  -6.0614019060E-07   3.2780333977E-08  -4.6051908202E-03
   27     -2.8308424972E-04  -6.0614019060E-07   1.8597551709E-01  -1.5017316065E-01  -3.1475079847E-05
   28      5.1182889439E-04   3.2780333977E-08  -1.5017316065E-01   2.2951907231E-01   2.2883424222E-05
   29      2.7329885240E-08  -4.6051908202E-03  -3.1475079847E-05   2.2883424222E-05   2.9153329613E-02
   30     -1.6808822362E-04  -1.0226924756E-06   3.7152070237E-04   1.0975926609E-03  -2.2509674414E-07
   31     -9.8521503283E-05  -4.9617694191E-07  -7.0762708499E-04  -8.5024433432E-04   1.0659808172E-07
   32     -7.1739893213E-08  -1.7177791582E-03  -2.4468930821E-07  -6.5368952045E-07  -1.4200138063E-04
   33      4.0488485156E-04  -1.4217970583E-06  -6.2133438170E-04  -4.1297202816E-04   7.5742873878E-08
   34      5.6338342602E-04   3.2611233375E-07   1.1742693268E-03   3.5933589324E-04   6.7826238513E-08
   35     -1.2236705031E-07  -3.1575875344E-03  -2.7715701735E-08   9.4340674699E-07  -8.6057460444E-04
   36     -3.9314466645E-05   5.6597218581E-07   5.6191954585E-05  -7.2955874042E-05  -5.7598160464E-07
   37     -2.6449168449E-05  -7.1168317249E-08   3.4308909386E-04   1.5442152130E-04   1.9774389488E-06
   38      1.0485439985E-06  -3.6763892597E-04   5.2433559814E-07   7.3432555856E-07   2.5685161297E-04
                   30                 31                 32                 33                 34        
    0     -8.2215186561E-04   8.3210758363E-04   1.4295854572E-07  -1.2650339806E-02   2.4290898970E-02
    1     -2.8605330609E-04   3.1181506325E-04  -3.9728200165E-07  -5.1086277021E-03   7.5402591478E-03
    2      1.8779564659E-07  -2.3537306506E-07  -7.3985429917E-04   1.0199187155E-05  -7.8440772654E-06
    3     -3.1061625626E-03   3.8510564871E-03   3.8385911385E-06  -1.1757495979E-03   3.1712283816E-03
    4      2.9210700622E-03  -2.2314824922E-03  -5.8657879480E-07   3.3297585943E-03  -4.0674678805E-03
    5      3.6925867354E-06  -7.6690552371E-07   6.6576990247E-03   4.4499567757E-06  -1.5476013434E-06
    6      1.0216444097E-02  -8.0978148772E-03  -7.1727639992E-06   7.4212715050E-04  -3.5107638121E-04
    7      1.7178972357E-02  -1.7297516353E-02  -1.3442854002E-05   7.6231088512E-04  -1.1314437605E-03
    8      2.5805567420E-06  -2.6297401276E-06   7.3768383133E-03  -9.1425008082E-07   2.9326135642E-07
    9     -7.5708547514E-02  -6.7143803120E-02   2.6352733415E-06   2.4858336006E-03  -3.0681986011E-03
   10     -6.4879485517E-02  -3.0429447843E-01  -1.0769066319E-05  -9.8797034785E-04  -4.2069464699E-03
   11      1.5727371401E-06  -1.0540509535E-05  -4.5065402913E-02   4.3791207687E-06  -1.9087235853E-06
   12     -1.8382289941E-02  -8.5212366568E-03   2.2010895762E-06  -7.9031905040E-03  -3.6895175157E-02
   13     -3.5227572402E-02  -7.6073176878E-05   1.1037660183E-05  -1.0021187512E-02  -1.0557819195E-02
   14     -9.3227883219E-07   7.3758689249E-06  -2.7631990970E-03   3.9091066670E-07   1.1078538496E-05
   15     -4.6971207273E-03   3.6986731814E-04   4.9636277745E-06  -3.2731987724E-01  -2.2678983615E-02
   16     -1.3369615161E-03   3.1513732026E-03  -4.5343810572E-07  -2.3891884592E-02  -5.9326408512E-02
   17      4.9514941154E-06  -2.1458235177E-06   1.0797163017E-02   9.6652142285E-05   7.1860056136E-06
   18      9.2141178205E-04  -2.8382907230E-03   3.8838729656E-06  -2.2541833327E-04   1.2079952132E-04
   19      2.9076141196E-03  -5.7508037655E-04   2.9422621703E-07   1.0627088964E-04   4.3539783359E-05
   20     -3.7153965300E-06  -2.4026873327E-06  -3.4041292317E-03  -1.4824867023E-06   3.9867085564E-07
   21      2.0967234687E-04   6.6281106408E-04  -1.9793672820E-06  -5.6616275388E-05  -1.7483358905E-04
   22     -1.0978290990E-03   7.1433904940E-04   1.6585548329E-06  -8.5240708930E-05   2.6039990528E-04
   23      9.2604682952E-07  -2.8942957508E-06   4.2886569690E-04   4.9339825661E-07  -2.8525043146E-07
   24      1.9194651270E-04  -3.1924091422E-05  -5.8873625430E-07   3.9781568035E-04  -6.2320018598E-04
   25     -1.6808822362E-04  -9.8521503283E-05  -7.1739893213E-08   4.0488485156E-04   5.6338342602E-04
   26     -1.0226924756E-06  -4.9617694191E-07  -1.7177791582E-03  -1.4217970583E-06   3.2611233375E-07
   27      3.7152070237E-04  -7.0762708499E-04  -2.4468930821E-07  -6.2133438170E-04   1.1742693268E-03
   28      1.0975926609E-03  -8.5024433432E-04  -6.5368952045E-07  -4.1297202816E-04   3.5933589324E-04
   29     -2.2509674414E-07   1.0659808172E-07  -1.4200138063E-04   7.5742873878E-08   6.7826238513E-08
   30      9.1439638354E-02   8.0573983153E-02  -8.0189888344E-06  -3.1443945881E-04  -1.1528318416E-03
   31      8.0573983153E-02   3.2080225115E-01   1.2016371698E-05   1.9550055582E-05  -1.2611152667E-04
   32     -8.0189888344E-06   1.2016371698E-05   2.8331927442E-02   2.0730423614E-07   5.2309529750E-07
   33     -3.1443945881E-04   1.9550055582E-05   2.0730423614E-07   3.4665541935E-01   3.6003187620E-02
   34     -1.1528318416E-03  -1.2611152667E-04   5.2309529750E-07   3.6003187620E-02   7.0592701238E-02
   35     -2.8690967554E-07  -3.9673003304E-07   2.1434860333E-04  -1.1173786905E-04  -8.3950193851E-06
   36     -3.1992172602E-04   1.2603757082E-03   5.0617521825E-09  -1.4230180090E-05   9.0111692318E-05
   37     -7.5946526448E-04   5.6972972913E-04   9.5369858483E-07  -2.4276147964E-05   5.6577950744E-05
   38      4.1691223065E-07   2.9004449469E-06   2.5523982459E-05   6.6295492520E-07   1.1272270541E-07
                   35                 36                 37                 38        
     0      1.0651999231E-05   3.7300539251E-04   2.4062859661E-04  -1.6306238602E-06
     1     -6.4129348049E-07  -1.8978711412E-03  -4.3883826420E-04   1.1528991808E-06
     2      8.5076671766E-03   8.0353980214E-07  -2.0200569094E-08  -1.1293798680E-03
     3      4.4118311590E-07  -5.9521791140E-03  -1.5095162837E-03  -2.5954826537E-07
     4     -1.0565457797E-06   6.4845594631E-04   9.2412231277E-04  -6.2964799795E-06
     5      7.0047387421E-03  -7.1434923105E-07   5.0847329042E-06   2.2422494131E-03
     6      1.3786759256E-06  -4.7434613764E-03  -6.1337094070E-04  -1.9351789735E-05
     7     -1.6802632125E-06  -2.7731273646E-02  -7.4908800696E-03   8.8768167381E-06
     8     -7.3796175542E-04  -2.1337843148E-06   1.4206371231E-05   1.8106334303E-02
     9      2.6045408166E-06   1.1610859271E-03   6.5621458548E-04  -9.5168506496E-06
    10     -1.9928804015E-06  -2.9505864637E-03  -1.7543352783E-04   1.1734769436E-06
    11      1.1154110873E-02  -7.4019982266E-07   1.5102579057E-07  -8.5413349905E-04
    12     -3.8971262573E-06  -1.5164249148E-04  -6.6676224805E-04  -1.7387559214E-06
    13      2.4714426834E-06   7.9268955032E-04   3.3448975344E-04   1.5958428792E-06
    14     -2.6405172075E-03   8.7272024328E-07   4.6906630620E-07  -5.7426995251E-04
    15      1.0238371978E-04   9.8589503293E-05   2.1180612500E-05   1.9926706888E-06
    16      9.9534068713E-06   2.5628275987E-04   3.6509601045E-04  -2.1448621067E-06
    17     -4.6728254891E-02  -5.0015621765E-07  -1.6792242346E-06   2.6583047940E-04
    18     -1.9416865726E-06  -8.2750316944E-02  -6.9653284963E-02   6.6225213184E-05
    19      3.3945950484E-07  -6.0945728595E-02  -2.4015588891E-01   3.7337732419E-05
    20     -2.2497500058E-03   4.3305369214E-05   6.3626174986E-05  -6.1708204209E-02
    21     -2.4773999229E-07   9.9679207728E-03   1.9138649462E-02  -4.9072414688E-05
    22      2.1997651541E-07   3.7664281176E-02  -3.8834137149E-02   1.1454621806E-04
    23      5.5917588174E-04  -4.8156539540E-05   6.3376848577E-05   1.9154694224E-02
    24     -1.2279484308E-06  -5.1765685044E-04  -1.7934515578E-04   2.8011923839E-07
    25     -1.2236705031E-07  -3.9314466645E-05  -2.6449168449E-05   1.0485439985E-06
    26     -3.1575875344E-03   5.6597218581E-07  -7.1168317249E-08  -3.6763892597E-04
    27     -2.7715701735E-08   5.6191954585E-05   3.4308909386E-04   5.2433559814E-07
    28      9.4340674699E-07  -7.2955874042E-05   1.5442152130E-04   7.3432555856E-07
    29     -8.6057460444E-04  -5.7598160464E-07   1.9774389488E-06   2.5685161297E-04
    30     -2.8690967554E-07  -3.1992172602E-04  -7.5946526448E-04   4.1691223065E-07
    31     -3.9673003304E-07   1.2603757082E-03   5.6972972913E-04   2.9004449469E-06
    32      2.1434860333E-04   5.0617521825E-09   9.5369858483E-07   2.5523982459E-05
    33     -1.1173786905E-04  -1.4230180090E-05  -2.4276147964E-05   6.6295492520E-07
    34     -8.3950193851E-06   9.0111692318E-05   5.6577950744E-05   1.1272270541E-07
    35      2.8827668168E-02  -4.7438237400E-08   3.5184613435E-07   1.0693655362E-04
    36     -4.7438237400E-08   8.2792615132E-02   5.2965896003E-02   9.3917815124E-06
    37      3.5184613435E-07   5.2965896003E-02   2.8471718981E-01  -1.5473214584E-04
    38      1.0693655362E-04   9.3917815124E-06  -1.5473214584E-04   2.4475205886E-02

$vibrational_frequencies
39
    0        0.0000000000000000
    1        0.0000000000000000
    2        0.0000000000000000
    3        0.0000000000000000
    4        0.0000000000000000
    5        0.0000000000000000
    6      165.1326587092030422
    7      238.1086411996130607
    8      271.6402678996804525
    9      409.3150521680291831
   10      447.0577524201377742
   11      470.5842072674984706
   12      632.9290527803452733
   13      689.6090604335885246
   14      734.8793430763228116
   15      839.0370707222111832
   16      856.7231710069817154
   17      981.2504984708788243
   18     1018.3296304188960448
   19     1043.1332681979647532
   20     1050.3985157800673278
   21     1067.3499699298438372
   22     1067.9860100987941678
   23     1134.8611701886884475
   24     1214.1051312832637450
   25     1249.8485576366558689
   26     1267.8678467086751880
   27     1361.3716550490155441
   28     1425.3296551405151149
   29     1467.9125605161184467
   30     1524.7374402043274131
   31     1629.9897236515632812
   32     1656.2688158749322156
   33     1779.5275401039411918
   34     2895.5680896644998938
   35     3132.1596709522436868
   36     3155.2188423586148929
   37     3190.8279688892221202
   38     3204.8115967952730898

$normal_modes
39 39
                    0                  1                  2                  3                  4        
    0      0.0000000000E+00   0.0000000000E+00   0.0000000000E+00   0.0000000000E+00   0.0000000000E+00
    1      0.0000000000E+00   0.0000000000E+00   0.0000000000E+00   0.0000000000E+00   0.0000000000E+00
    2      0.0000000000E+00   0.0000000000E+00   0.0000000000E+00   0.0000000000E+00   0.0000000000E+00
    3      0.0000000000E+00   0.0000000000E+00   0.0000000000E+00   0.0000000000E+00   0.0000000000E+00
    4      0.0000000000E+00   0.0000000000E+00   0.0000000000E+00   0.0000000000E+00   0.0000000000E+00
    5      0.0000000000E+00   0.0000000000E+00   0.0000000000E+00   0.0000000000E+00   0.0000000000E+00
    6      0.0000000000E+00   0.0000000000E+00   0.0000000000E+00   0.0000000000E+00   0.0000000000E+00
    7      0.0000000000E+00   0.0000000000E+00   0.0000000000E+00   0.0000000000E+00   0.0000000000E+00
    8      0.0000000000E+00   0.0000000000E+00   0.0000000000E+00   0.0000000000E+00   0.0000000000E+00
    9      0.0000000000E+00   0.0000000000E+00   0.0000000000E+00   0.0000000000E+00   0.0000000000E+00
   10      0.0000000000E+00   0.0000000000E+00   0.0000000000E+00   0.0000000000E+00   0.0000000000E+00
   11      0.0000000000E+00   0.0000000000E+00   0.0000000000E+00   0.0000000000E+00   0.0000000000E+00
   12      0.0000000000E+00   0.0000000000E+00   0.0000000000E+00   0.0000000000E+00   0.0000000000E+00
   13      0.0000000000E+00   0.0000000000E+00   0.0000000000E+00   0.0000000000E+00   0.0000000000E+00
   14      0.0000000000E+00   0.0000000000E+00   0.0000000000E+00   0.0000000000E+00   0.0000000000E+00
   15      0.0000000000E+00   0.0000000000E+00   0.0000000000E+00   0.0000000000E+00   0.0000000000E+00
   16      0.0000000000E+00   0.0000000000E+00   0.0000000000E+00   0.0000000000E+00   0.0000000000E+00
   17      0.0000000000E+00   0.0000000000E+00   0.0000000000E+00   0.0000000000E+00   0.0000000000E+00
   18      0.0000000000E+00   0.0000000000E+00   0.0000000000E+00   0.0000000000E+00   0.0000000000E+00
   19      0.0000000000E+00   0.0000000000E+00   0.0000000000E+00   0.0000000000E+00   0.0000000000E+00
   20      0.0000000000E+00   0.0000000000E+00   0.0000000000E+00   0.0000000000E+00   0.0000000000E+00
   21      0.0000000000E+00   0.0000000000E+00   0.0000000000E+00   0.0000000000E+00   0.0000000000E+00
   22      0.0000000000E+00   0.0000000000E+00   0.0000000000E+00   0.0000000000E+00   0.0000000000E+00
   23      0.0000000000E+00   0.0000000000E+00   0.0000000000E+00   0.0000000000E+00   0.0000000000E+00
   24      0.0000000000E+00   0.0000000000E+00   0.0000000000E+00   0.0000000000E+00   0.0000000000E+00
   25      0.0000000000E+00   0.0000000000E+00   0.0000000000E+00   0.0000000000E+00   0.0000000000E+00
   26      0.0000000000E+00   0.0000000000E+00   0.0000000000E+00   0.0000000000E+00   0.0000000000E+00
   27      0.0000000000E+00   0.0000000000E+00   0.0000000000E+00   0.0000000000E+00   0.0000000000E+00
   28      0.0000000000E+00   0.0000000000E+00   0.0000000000E+00   0.0000000000E+00   0.0000000000E+00
   29      0.0000000000E+00   0.0000000000E+00   0.0000000000E+00   0.0000000000E+00   0.0000000000E+00
   30      0.0000000000E+00   0.0000000000E+00   0.0000000000E+00   0.0000000000E+00   0.0000000000E+00
   31      0.0000000000E+00   0.0000000000E+00   0.0000000000E+00   0.0000000000E+00   0.0000000000E+00
   32      0.0000000000E+00   0.0000000000E+00   0.0000000000E+00   0.0000000000E+00   0.0000000000E+00
   33      0.0000000000E+00   0.0000000000E+00   0.0000000000E+00   0.0000000000E+00   0.0000000000E+00
   34      0.0000000000E+00   0.0000000000E+00   0.0000000000E+00   0.0000000000E+00   0.0000000000E+00
   35      0.0000000000E+00   0.0000000000E+00   0.0000000000E+00   0.0000000000E+00   0.0000000000E+00
   36      0.0000000000E+00   0.0000000000E+00   0.0000000000E+00   0.0000000000E+00   0.0000000000E+00
   37      0.0000000000E+00   0.0000000000E+00   0.0000000000E+00   0.0000000000E+00   0.0000000000E+00
   38      0.0000000000E+00   0.0000000000E+00   0.0000000000E+00   0.0000000000E+00   0.0000000000E+00
                    5                  6                  7                  8                  9        
    0      0.0000000000E+00  -1.3573648842E-04  -2.0773383602E-01   2.1719143859E-04   1.4693104497E-04
    1      0.0000000000E+00   2.2746040066E-05   2.9461096254E-03  -8.3343835523E-06  -4.9189010491E-05
    2      0.0000000000E+00   2.3826085873E-02  -4.2975316939E-04  -5.1748401917E-02   2.5019560267E-01
    3      0.0000000000E+00  -6.5728442406E-05  -1.5961836661E-01   1.9022259091E-04   3.1933299672E-05
    4      0.0000000000E+00   9.6614915581E-06  -1.9655857006E-01   2.5012409537E-04  -1.3926905836E-04
    5      0.0000000000E+00   2.9342281684E-01  -2.2479469629E-05   8.6997802125E-02  -1.5969014270E-01
    6      0.0000000000E+00  -3.4788872343E-05   8.5225157390E-03  -2.3130464210E-05  -2.9468270360E-05
    7      0.0000000000E+00  -1.6826118411E-05  -2.4254942023E-01   2.9951890092E-04  -1.0718510945E-04
    8      0.0000000000E+00   2.9020799490E-01   1.0184488957E-04   5.5946636051E-02  -1.1613087170E-01
    9      0.0000000000E+00  -9.3801346150E-05   1.1073933419E-01  -1.1899214734E-04   2.2953015022E-04
   10      0.0000000000E+00  -3.5084657478E-05  -1.5092054658E-01   1.9982936585E-04  -7.7220801172E-05
   11      0.0000000000E+00   1.5356933132E-01   4.0735657491E-04   1.1613272817E-01   2.0117277539E-01
   12      0.0000000000E+00  -2.0076027127E-04   8.8578184384E-02  -1.0417423059E-04   1.1927546957E-04
   13      0.0000000000E+00   2.9359799776E-05   5.0042770632E-02  -9.1758806195E-05   7.6287323407E-05
   14      0.0000000000E+00  -1.4245098738E-01   3.9111773635E-04   7.2491161225E-02  -1.1831188737E-01
   15      0.0000000000E+00  -2.3138074909E-04  -7.6085828454E-02   4.7273971865E-05   1.2941913186E-04
