*************************************************
******************* ORCA 6.0.0 ******************
*************************************************
$Calculation_Status
   &GeometryIndex 1
   &ListStatus       OUT
   &VERSION [&Type "String"] "6.0.0"
   &PROGNAME [&Type "String"] "LeanSCF"
   &STATUS [&Type "String"] "NORMAL TERMINATION"
$End
$Geometry
   &GeometryIndex 1
   &ListStatus       OUT
   &NATOMS [&Type "Integer"] 13
   &NCORELESSECP [&Type "Integer"] 0
   &NGHOSTATOMS [&Type "Integer"] 0
   &CartesianCoordinates [&Type "Coordinates", &Dim(13,4), &Units "Bohr"] 
              C      2.525648867217    2.511998915581    0.000308514043
              C     -0.056253167055    2.101718989132    0.000893294142
              C     -0.928899814070   -0.390662448718    0.001027950168
              C      0.845349435848   -2.344867489260    0.000252452861
              N      3.339486404143   -1.975207487030   -0.000440127799
              C      4.137415291436    0.421811913663   -0.000257972184
              C     -3.654518375258   -0.973576553410   -0.000033406012
              O     -5.310139546310    0.610824388372   -0.003752570158
              H      3.302708033694    4.408845526426    0.000102220011
              H     -1.414396786673    3.638938146611    0.001115887817
              H      0.209022307773   -4.305588995640    0.000219231853
              H      6.177067045274    0.692858298221   -0.000938494501
              H     -4.117217106533   -3.026689624153    0.001057115823
$End
$SCF_Energy
   &GeometryIndex 1
   &ListStatus       OUT
   &SCF_ENERGY [&Type "Double"]      -3.6159403708286635e+02
$End
$DFT_Energy
   &GeometryIndex 1
   &ListStatus       OUT
   &NALPHAEL [&Type "Integer"] 28
   &NBETAEL [&Type "Integer"] 28
   &NTOTALEL [&Type "Integer"] 55
   &EEXCHANGE [&Type "Double"]       0.0000000000000000e+00
   &ECORR [&Type "Double"]       0.0000000000000000e+00
   &ECNL [&Type "Double"]       0.0000000000000000e+00
   &EXC [&Type "Double"]      -2.4008967147556948e+01
   &EEMBED [&Type "Double"]       0.0000000000000000e+00
   &FINALEN [&Type "Double"]      -3.6159403708286635e+02  "No Van der Waals correction"
$End
$Mulliken_Population_Analysis
   &GeometryIndex 1
   &ListStatus       OUT
   &NATOMS [&Type "Integer"] 13
   &ATNO [&Type "ArrayOfIntegers", &Dim (13,1)] 
                                                         0

0                                                        6
1                                                        6
2                                                        6
3                                                        6
4                                                        7
5                                                        6
6                                                        6
7                                                        8
8                                                        1
9                                                        1
10                                                       1
11                                                       1
12                                                       1
   &ATOMICCHARGES [&Type "ArrayOfDoubles", &Dim (13,1)] 
                                                         0

0                                     -1.3878653601413404e-01
1                                     -1.2685507389700845e-01
2                                      5.8860895508725086e-02
3                                     -7.7764139568756718e-02
4                                     -2.1879414539234521e-01
5                                     -3.4283525676658932e-02
6                                      9.8979406488760802e-02
7                                     -2.9006551725237451e-01
8                                      1.5041168175301789e-01
9                                      1.8101002161291957e-01
10                                     1.4919469219951198e-01
11                                     1.5248462006443941e-01
12                                     9.5607620173727925e-02
$End
$Loewdin_Population_Analysis
   &GeometryIndex 1
   &ListStatus       OUT
   &NATOMS [&Type "Integer"] 13
   &ATNO [&Type "ArrayOfIntegers", &Dim (13,1)] 
                                                         0

0                                                        6
1                                                        6
2                                                        6
3                                                        6
4                                                        7
5                                                        6
6                                                        6
7                                                        8
8                                                        1
9                                                        1
10                                                       1
11                                                       1
12                                                       1
   &ATOMICCHARGES [&Type "ArrayOfDoubles", &Dim (13,1)] 
                                                         0

0                                     -1.4073043192509971e-01
1                                     -5.6410342101512967e-02
2                                     -1.7479518099397406e-01
3                                     -1.5812492291995017e-01
4                                      1.2718159309568833e-01
5                                     -1.7989002436611656e-01
6                                     -2.5036365189228782e-01
7                                      1.1027106862710845e-01
8                                      1.5075568426040054e-01
9                                      1.6109468985190734e-01
10                                     1.4546440869968669e-01
11                                     1.4227763101294510e-01
12                                     1.2326947865105375e-01
$End
$Mayer_Population_Analysis
   &GeometryIndex 1
   &ListStatus       OUT
   &NATOMS [&Type "Integer"] 13 "Total number of atoms"
   &BONDTHRESH [&Type "Double"]       1.0000000000000001e-01  "The threshold for printing"
   &NBONDORDERSPRINT [&Type "Integer"] 13 "The number of bond orders larger than threshold"
   &BONDORDERS [&Type "ArrayOfDoubles", &Dim (13,1)] "The bond orders"
                                                         0

0                                      1.4694727282814444e+00
1                                      1.3726295983950381e+00
2                                      9.5802626988600892e-01
3                                      1.3747886751782668e+00
4                                      9.2219348366152931e-01
5                                      1.3434571408084297e+00
6                                      9.3511592571821789e-01
7                                      1.4804801463180741e+00
8                                      9.7338972272442370e-01
9                                      1.4619776169124981e+00
10                                     9.7060604934849559e-01
11                                     2.0561740690753338e+00
12                                     9.9799846486623478e-01
   &COMPONENTS [&Type "ArrayOfIntegers", &Dim (13,4)] "The indices and atomic numbers of the bonding atoms"
                                                         0                           1                           2                           3

0                                                        0                           6                           1                           6
1                                                        0                           6                           5                           6
2                                                        0                           6                           8                           1
3                                                        1                           6                           2                           6
4                                                        1                           6                           9                           1
5                                                        2                           6                           3                           6
6                                                        2                           6                           6                           6
7                                                        3                           6                           4                           7
8                                                        3                           6                          10                           1
9                                                        4                           7                           5                           6
10                                                       5                           6                          11                           1
11                                                       6                           6                           7                           8
12                                                       6                           6                          12                           1
   &ATNO [&Type "ArrayOfIntegers", &Dim (13,1)] "Atomic number of the elements"
                                                         0

0                                                        6
1                                                        6
2                                                        6
3                                                        6
4                                                        7
5                                                        6
6                                                        6
7                                                        8
8                                                        1
9                                                        1
10                                                       1
11                                                       1
12                                                       1
   &NA [&Type "ArrayOfDoubles", &Dim (13,1)] "Mulliken gross atomic population"
                                                         0

0                                      6.1387865360141580e+00
1                                      6.1268550738969907e+00
2                                      5.9411391044912767e+00
3                                      6.0777641395687700e+00
4                                      7.2187941453923532e+00
5                                      6.0342835256766554e+00
6                                      5.9010205935112765e+00
7                                      8.2900655172523781e+00
8                                      8.4958831824698122e-01
9                                      8.1898997838708054e-01
10                                     8.5080530780048957e-01
11                                     8.4751537993556014e-01
12                                     9.0439237982626963e-01
   &ZA [&Type "ArrayOfDoubles", &Dim (13,1)] "Total nuclear charge"
                                                         0

0                                      6.0000000000000000e+00
1                                      6.0000000000000000e+00
2                                      6.0000000000000000e+00
3                                      6.0000000000000000e+00
4                                      7.0000000000000000e+00
5                                      6.0000000000000000e+00
6                                      6.0000000000000000e+00
7                                      8.0000000000000000e+00
8                                      1.0000000000000000e+00
9                                      1.0000000000000000e+00
10                                     1.0000000000000000e+00
11                                     1.0000000000000000e+00
12                                     1.0000000000000000e+00
   &QA [&Type "ArrayOfDoubles", &Dim (13,1)] "Mulliken gross atomic charge"
                                                         0

0                                     -1.3878653601415802e-01
1                                     -1.2685507389699069e-01
2                                      5.8860895508723310e-02
3                                     -7.7764139568770041e-02
4                                     -2.1879414539235320e-01
5                                     -3.4283525676655380e-02
6                                      9.8979406488723498e-02
7                                     -2.9006551725237806e-01
8                                      1.5041168175301878e-01
9                                      1.8101002161291946e-01
10                                     1.4919469219951043e-01
11                                     1.5248462006443986e-01
12                                     9.5607620173730368e-02
   &VA [&Type "ArrayOfDoubles", &Dim (13,1)] "Mayer's total valence"
                                                         0

0                                      3.8685824442059591e+00
1                                      3.9500083797463579e+00
2                                      3.5502047001014656e+00
3                                      4.0042111066708959e+00
4                                      3.0362143673578461e+00
5                                      3.9769717762678609e+00
6                                      4.0286488503275315e+00
7                                      2.1229494785174010e+00
8                                      9.6751600309863028e-01
9                                      9.7270568915398037e-01
10                                     9.6553824592368309e-01
11                                     9.6075926577566029e-01
12                                     9.5940897910238543e-01
   &BVA [&Type "ArrayOfDoubles", &Dim (13,1)] "Mayer's bonded valence"
                                                         0

0                                      3.8685824442059946e+00
1                                      3.9500083797463841e+00
2                                      3.5502047001014501e+00
3                                      4.0042111066708630e+00
4                                      3.0362143673580886e+00
5                                      3.9769717762679946e+00
6                                      4.0286488503273707e+00
7                                      2.1229494785174094e+00
8                                      9.6751600309864882e-01
9                                      9.7270568915397482e-01
10                                     9.6553824592366355e-01
11                                     9.6075926577567172e-01
12                                     9.5940897910238188e-01
   &FA [&Type "ArrayOfDoubles", &Dim (13,1)] "Mayer's free valence"
                                                         0

0                                      0.0000000000000000e+00
1                                      0.0000000000000000e+00
2                                      0.0000000000000000e+00
3                                      0.0000000000000000e+00
4                                      0.0000000000000000e+00
5                                      0.0000000000000000e+00
6                                      0.0000000000000000e+00
7                                      0.0000000000000000e+00
8                                      0.0000000000000000e+00
9                                      0.0000000000000000e+00
10                                     0.0000000000000000e+00
11                                     0.0000000000000000e+00
12                                     0.0000000000000000e+00
$End
$Calculation_Info
   &GeometryIndex 1
   &ListStatus       OUT
   &MULT [&Type "Integer"] 1
   &CHARGE [&Type "Integer"] 0
   &NUMOFATOMS [&Type "Integer"] 13
   &NUMOFELECTRONS [&Type "Integer"] 56
   &NUMOFFCELECTRONS [&Type "Integer"] 1
   &NUMOFCORRELECTRONS [&Type "Integer"] 0
   &NUMOFBASISFUNCTS [&Type "Integer"] 278
   &NUMOFAUXCBASISFUNCTS [&Type "Integer"] 0
   &NUMOFAUXJBASISFUNCTS [&Type "Integer"] 447
   &NUMOFAUXJKBASISFUNCTS [&Type "Integer"] 0
   &NUMOFCABSBASISFUNCTS [&Type "Integer"] 0
   &TOTALENERGY [&Type "Double"]      -3.6159403708286635e+02  "Hartrees"
$End
$SCF_Dipole_Moment
   &GeometryIndex 1
   &ListStatus       OUT
   &METHOD [&Type "String"] "SCF"
   &LEVEL [&Type "String"] "Relaxed density"
   &MULT [&Type "Integer"] 1
   &STATE [&Type "Integer"] -1
   &IRREP [&Type "Integer"] 0
   &NATOMS [&Type "Integer"] 13
   &DODIPOLEATOM [&Type "Boolean"] false
   &DIPOLEELECCONTRIB [&Type "ArrayOfDoubles", &Dim (3,1)] "Electronic contribution"
                                                         0

0                                     -1.3790582761806558e+00
1                                     -5.2224070900880182e-01
2                                     -1.9265649372778875e-04
   &DIPOLENUCCONTRIB [&Type "ArrayOfDoubles", &Dim (3,1)] "Nuclear contribution"
                                                         0

0                                      2.0212050047427841e+00
1                                      7.1085789388002274e-01
2                                      1.6337217754712359e-03
   &DIPOLETOTAL [&Type "ArrayOfDoubles", &Dim (3,1)] "Total"
                                                         0

0                                      6.4214672856212829e-01
1                                      1.8861718487122092e-01
2                                      1.4410652817434472e-03
   &DIPOLEMAGNITUDE [&Type "Double", &Units "a.u."]       6.6927643025952610e-01
$End
$THERMOCHEMISTRY_Energies
   &GeometryIndex 1
   &ListStatus       OUT
   &TEMPERATURE [&Type "Double"]       2.9814999999999998e+02
   &PRESSURE [&Type "Double"]       1.0000000000000000e+00
   &TOTALMASS [&Type "Double"]       1.0711199999999998e+02
   &SPINDEGENERACY [&Type "Integer"] 1
   &ELENERGY [&Type "Double"]      -3.6159403708286635e+02
   &TRANSENERGY [&Type "Double"]       1.4162714244859817e-03
   &ROTENERGY [&Type "Double"]       1.4162714244859817e-03
   &VIBENERGY [&Type "Double"]       3.1702089957151751e-03
   &NUMOFFREQS [&Type "Integer"] 39
   &FREQSCALINGFACTOR [&Type "Double"]       1.0000000000000000e+00
   &FREQ [&Type "ArrayOfDoubles", &Dim (39,1)] "In cm^-1"
                                                         0

0                                      0.0000000000000000e+00
1                                      0.0000000000000000e+00
2                                      0.0000000000000000e+00
3                                      0.0000000000000000e+00
4                                      0.0000000000000000e+00
5                                      0.0000000000000000e+00
6                                      1.6513265870920304e+02
7                                      2.3810864119961306e+02
8                                      2.7164026789968045e+02
9                                      4.0931505216802918e+02
10                                     4.4705775242013777e+02
11                                     4.7058420726749847e+02
12                                     6.3292905278034527e+02
13                                     6.8960906043358852e+02
14                                     7.3487934307632281e+02
15                                     8.3903707072221118e+02
16                                     8.5672317100698172e+02
17                                     9.8125049847087882e+02
18                                     1.0183296304188960e+03
19                                     1.0431332681979648e+03
20                                     1.0503985157800673e+03
21                                     1.0673499699298438e+03
22                                     1.0679860100987942e+03
23                                     1.1348611701886884e+03
24                                     1.2141051312832637e+03
25                                     1.2498485576366559e+03
26                                     1.2678678467086752e+03
27                                     1.3613716550490155e+03
28                                     1.4253296551405151e+03
29                                     1.4679125605161184e+03
30                                     1.5247374402043274e+03
31                                     1.6299897236515633e+03
32                                     1.6562688158749322e+03
33                                     1.7795275401039412e+03
34                                     2.8955680896644999e+03
35                                     3.1321596709522437e+03
36                                     3.1552188423586149e+03
37                                     3.1908279688892221e+03
38                                     3.2048115967952731e+03
   &ZPE [&Type "Double"]       9.8585130831176440e-02
   &INNERENERGYU [&Type "Double"]      -3.6148944920019051e+02
   &ENTHALPYH [&Type "Double"]      -3.6148850499114826e+02
   &QEL [&Type "Double"]       0.0000000000000000e+00
   &QROT [&Type "Double"]       1.3213059676553797e-02
   &QVIB [&Type "Double"]       4.9459787835589714e-03
   &QTRANS [&Type "Double"]       1.8968546807022198e-02
   &ENTROPYS [&Type "Double"]       3.7127585267134965e-02
   &FREEENERGYG [&Type "Double"]      -3.6152563257641538e+02
   &ISLINEAR [&Type "Boolean"] false
$End
$Hessian
   &GeometryIndex 1
   &ListStatus       OUT
   &HESSIAN [&Type "ArrayOfDoubles", &Dim (39,39)] "The Hessian"
                                                         0                           1                           2                           3                           4                           5                           6                           7

0                                      6.8880276021828390e-01         4.9043197913990352e-02        -1.5583950261833078e-04        -3.5476566841756629e-01         3.2821552779062416e-03         6.2497972417831826e-05        -7.3176376306437509e-03        -8.9130800900880269e-02
1                                      4.9043197913990352e-02         7.3446273702164233e-01         1.5098074065780824e-05        -7.1818450154771923e-02        -1.4269192001221798e-01         2.0604277431371829e-05        -3.8785961941344288e-02         2.1990761544892153e-02
2                                     -1.5583950261833078e-04         1.5098074065780824e-05         1.3690366518378458e-01         7.1625034815972025e-05        -3.5411258821406358e-06        -6.6349916385076479e-02         2.7042478448025305e-06         3.1975697219572364e-05
3                                     -3.5476566841756629e-01        -7.1818450154771923e-02         7.1625034815972025e-05         7.2950832570617530e-01        -4.7218180277337499e-02        -1.0728773114942687e-04        -1.4275705643251413e-01        -1.9628180864444816e-02
4                                      3.2821552779062416e-03        -1.4269192001221798e-01        -3.5411258821406358e-06        -4.7218180277337499e-02         6.9735580422097732e-01         2.1277555484125338e-05        -8.0173733400067740e-02        -3.0289208543048129e-01
5                                      6.2497972417831826e-05         2.0604277431371829e-05        -6.6349916385076479e-02        -1.0728773114942687e-04         2.1277555484125338e-05         1.5322433363009327e-01        -4.8328728332376291e-06        -4.8436239310270637e-07
6                                     -7.3176376306437509e-03        -3.8785961941344288e-02         2.7042478448025305e-06        -1.4275705643251413e-01        -8.0173733400067740e-02        -4.8328728332376291e-06         6.6588712973275710e-01        -4.7409068114697339e-03
7                                     -8.9130800900880269e-02         2.1990761544892153e-02         3.1975697219572364e-05        -1.9628180864444816e-02        -3.0289208543048129e-01        -4.8436239310270637e-07        -4.7409068114697339e-03         6.9713787685878081e-01
8                                      3.8369916944671764e-06         3.8300858124570994e-07         8.7204866606815611e-03        -5.4052867349002648e-06         7.5850906297786717e-06        -6.9727320751213059e-02         3.0358682048677197e-05         1.6124516291056924e-05
9                                     -8.0039379585762141e-02         3.7122549110152045e-02         1.6101437507758450e-05         7.7157813432640471e-02         5.5401070946637793e-02        -1.8173031367914299e-05        -1.9839059151991592e-01         4.6442179965718658e-02
10                                     1.9899286462755225e-02        -1.0585396606546740e-02        -5.0893874847886316e-06        -4.3804742194655452e-04        -5.2784317468368640e-02         1.9986812407050911e-07         1.1745551817892352e-01        -2.4762102085457280e-01
11                                     1.8142119112354705e-05        -1.2029780301874501e-05        -1.0640196249040126e-02        -1.8738467229809790e-05        -2.7685783843282233e-05         8.6045236459883455e-03         6.7789002226232420e-05        -3.6475023674478480e-05
12                                     8.5203742712216951e-02        -1.9325606716254669e-02        -1.6140089590115581e-05        -5.5301448765573441e-02        -5.0933324259366558e-02         9.8243188836261590e-06        -6.5264162161194877e-02         7.7038017248980933e-02
13                                     5.7129984586035007e-02        -7.2725149195682279e-02        -2.9643559411094776e-05        -4.8365804885223580e-02        -3.7051426136788759e-02         8.5649326630491571e-06         4.0233738664944702e-03         6.5959007146298515e-02
14                                    -4.5447609601369923e-06        -1.8926606784921477e-07         2.4037688479772695e-02        -2.9523615053416883e-07         1.4061408618267758e-05        -1.0251604885592978e-02         2.2936410978521229e-05        -1.2187082564775323e-05
15                                    -2.1389099384709157e-01         1.2648819946782303e-01         5.1795303405056736e-05        -4.1305402639941341e-02         2.0026696981925801e-02         1.3501447827610737e-05        -3.4290946805974470e-03         6.0064257705750648e-03
16                                     3.9541027515603289e-02        -2.3983716906104557e-01        -2.0808698149953459e-05         7.9206528415058736e-02         6.7294396288541419e-02        -2.0881956583532311e-05         2.3111231372374898e-02        -8.2889201085745184e-02
17                                     4.1621808988145028e-05        -4.7151631798404029e-05        -7.4213598887466897e-02         2.5658529623255087e-05         1.2752687510213344e-06         8.1428346187985522e-03         8.5252135391697939e-07        -1.0878303409139755e-05
18                                     8.5051832615446084e-03        -2.1561969759909382e-03        -3.9987828224045136e-06        -1.9240134147795563e-02        -2.3869696880969991e-02         1.6334465670481339e-05        -1.9615230000408729e-01        -3.6892756015114853e-02
19                                    -5.0775436517737282e-03        -7.0024650591492890e-03        -3.8740005006511686e-06        -3.3052033683332135e-02         2.9536313321050205e-03        -1.0784083355525856e-05        -6.1089375616198920e-02        -1.2933009031091500e-01
20                                     5.9072838932261028e-06         4.7802120814301950e-06         8.4837238341043779e-03        -1.9798666330728023e-06        -6.8857572786795775e-06         2.9407405414113869e-03        -2.1745081441400189e-05        -2.6952891130581858e-05
21                                    -1.0409914154279527e-03         1.3736730667113697e-03         3.1875244706951328e-06         4.1497373635091886e-03         7.5851462792209425e-03        -1.0435448371913361e-05        -6.5579718611826016e-02         3.7145627102708564e-02
22                                     3.0470105588543371e-03         1.5224767219208959e-03        -3.2057573083283424e-07        -2.8040895671859849e-03        -8.0367512473863770e-03        -2.0217794824067484e-06         2.9519231483790834e-02         1.9399282723085470e-02
23                                    -3.3684595406682525e-06         1.9460468573158973e-08        -1.2099722719475881e-03         7.4391460445521378e-06         2.2677171080213110e-05        -5.4515741387785917e-04        -7.3958383620121454e-05         3.7949426196811531e-05
24                                    -1.0020045362938663e-01        -9.7952269904958617e-02         1.5193098186430920e-05        -6.1093911789072280e-03        -2.9896814205286865e-02         2.9635306958680357e-06        -5.6860971448418167e-03        -3.1603617658337510e-06
25                                    -9.7523630678619008e-02        -3.0245191259752946e-01         2.3743794799312800e-05         4.2037058329966182e-04         8.9193048849201765e-04         1.6241259693189298e-06        -4.4301147140028176e-04         2.0418406114898870e-03
26                                     1.5325615804447602e-05         2.7177156964686987e-05        -3.9257441357835696e-02         2.8652691716121528e-06         8.1342446027598188e-06         3.8429934031117760e-03         3.0466269391031137e-06        -1.7775029254737053e-06
27                                    -1.2157075387411797e-02         2.3304031685826988e-02         5.1031884103347193e-06        -1.8110268364560089e-01         1.3874513392496518e-01         3.0178869893540764e-05         1.2474418581442333e-02        -6.5701267144891926e-03
28                                    -5.5749356359873284e-03         9.9048012968689335e-03        -2.1889663503848848e-06         1.3833738028043979e-01        -2.1966443397492552e-01        -2.3159074253577729e-05         2.0309568522061838e-02        -1.7876531019700492e-02
29                                     6.3346150785339807e-06        -6.0574367988669040e-06         6.8871279835883859e-03         2.0098666306775071e-05        -2.6668197248924787e-05        -4.5786113583562854e-02         3.1683923663048985e-06         6.6910331777599227e-06
30                                    -8.2215186561188460e-04        -2.8605330609219964e-04         1.8779564658733456e-07        -3.1061625625583879e-03         2.9210700622077619e-03         3.6925867353608592e-06         1.0216444097347076e-02         1.7178972356649509e-02
31                                     8.3210758362928716e-04         3.1181506325429677e-04        -2.3537306506126782e-07         3.8510564870586181e-03        -2.2314824922285148e-03        -7.6690552370824325e-07        -8.0978148771906205e-03        -1.7297516352978791e-02
32                                     1.4295854571895576e-07        -3.9728200165214202e-07        -7.3985429916863580e-04         3.8385911385489161e-06        -5.8657879479539990e-07         6.6576990247433857e-03        -7.1727639991585126e-06        -1.3442854002443213e-05
33                                    -1.2650339805649648e-02        -5.1086277020784346e-03         1.0199187155038654e-05        -1.1757495978909527e-03         3.3297585943287450e-03         4.4499567757210522e-06         7.4212715049924802e-04         7.6231088512333962e-04
34                                     2.4290898970051090e-02         7.5402591477919927e-03        -7.8440772653773201e-06         3.1712283815918591e-03        -4.0674678804897531e-03        -1.5476013434210416e-06        -3.5107638120959414e-04        -1.1314437605166447e-03
35                                     1.0651999230646173e-05        -6.4129348049398894e-07         8.5076671766474866e-03         4.4118311590236776e-07        -1.0565457796874919e-06         7.0047387420511219e-03         1.3786759255594185e-06        -1.6802632125296376e-06
36                                     3.7300539250619599e-04        -1.8978711411873797e-03         8.0353980213817371e-07        -5.9521791139768923e-03         6.4845594631268710e-04        -7.1434923105448386e-07        -4.7434613764246510e-03        -2.7731273645651876e-02
37                                     2.4062859661020970e-04        -4.3883826419920113e-04        -2.0200569094185599e-08        -1.5095162836827013e-03         9.2412231277117646e-04         5.0847329041518498e-06        -6.1337094070387788e-04        -7.4908800696367739e-03
38                                    -1.6306238601994189e-06         1.1528991807652593e-06        -1.1293798680436806e-03        -2.5954826536801535e-07        -6.2964799794688862e-06         2.2422494131254054e-03        -1.9351789734989831e-05         8.8768167380781674e-06
                                                         8                           9                          10                          11                          12                          13                          14                          15

0                                      3.8369916944671764e-06        -8.0039379585762141e-02         1.9899286462755225e-02         1.8142119112354705e-05         8.5203742712216951e-02         5.7129984586035007e-02        -4.5447609601369923e-06        -2.1389099384709157e-01
1                                      3.8300858124570994e-07         3.7122549110152045e-02        -1.0585396606546740e-02        -1.2029780301874501e-05        -1.9325606716254669e-02        -7.2725149195682279e-02        -1.8926606784921477e-07         1.2648819946782303e-01
2                                      8.7204866606815611e-03         1.6101437507758450e-05        -5.0893874847886316e-06        -1.0640196249040126e-02        -1.6140089590115581e-05        -2.9643559411094776e-05         2.4037688479772695e-02         5.1795303405056736e-05
3                                     -5.4052867349002648e-06         7.7157813432640471e-02        -4.3804742194655452e-04        -1.8738467229809790e-05        -5.5301448765573441e-02        -4.8365804885223580e-02        -2.9523615053416883e-07        -4.1305402639941341e-02
4                                      7.5850906297786717e-06         5.5401070946637793e-02        -5.2784317468368640e-02        -2.7685783843282233e-05        -5.0933324259366558e-02        -3.7051426136788759e-02         1.4061408618267758e-05         2.0026696981925801e-02
5                                     -6.9727320751213059e-02        -1.8173031367914299e-05         1.9986812407050911e-07         8.6045236459883455e-03         9.8243188836261590e-06         8.5649326630491571e-06        -1.0251604885592978e-02         1.3501447827610737e-05
6                                      3.0358682048677197e-05        -1.9839059151991592e-01         1.1745551817892352e-01         6.7789002226232420e-05        -6.5264162161194877e-02         4.0233738664944702e-03         2.2936410978521229e-05        -3.4290946805974470e-03
7                                      1.6124516291056924e-05         4.6442179965718658e-02        -2.4762102085457280e-01        -3.6475023674478480e-05         7.7038017248980933e-02         6.5959007146298515e-02        -1.2187082564775323e-05         6.0064257705750648e-03
8                                      1.3897541595555321e-01         5.0426332265330844e-05        -4.3395559863627518e-05        -7.4848705012400776e-02         2.8987053757300076e-05        -3.2004713386654377e-06         2.5786638010388899e-02        -6.1428847868714882e-07
9                                      5.0426332265330844e-05         6.7018649178631995e-01         3.6926171682231702e-02        -1.6508670929449049e-04        -3.3518952449897704e-01        -1.8051866975848097e-03         1.1976678786235583e-04        -2.7987184319822150e-02
10                                    -4.3395559863627518e-05         3.6926171682231702e-02         7.3997657197777300e-01         5.7231896293917376e-05        -4.9278608744532229e-02        -1.3274315394051137e-01        -3.3371686249547642e-07        -5.1948836838295286e-02
11                                    -7.4848705012400776e-02        -1.6508670929449049e-04         5.7231896293917376e-05         1.7207784864157671e-01         9.6373665719630525e-05        -1.4151155014336163e-05        -7.2127462735462750e-02         4.4748256908775157e-06
12                                     2.8987053757300076e-05        -3.3518952449897704e-01        -4.9278608744532229e-02         9.6373665719630525e-05         5.5068916349719477e-01         1.0756740064700329e-01        -1.4331361824246677e-04        -1.5129477439229883e-01
13                                    -3.2004713386654377e-06        -1.8051866975848097e-03        -1.3274315394051137e-01        -1.4151155014336163e-05         1.0756740064700329e-01         5.0502163413438095e-01         4.5807143730976709e-05        -8.1904033212330113e-02
14                                     2.5786638010388899e-02         1.1976678786235583e-04        -3.3371686249547642e-07        -7.2127462735462750e-02        -1.4331361824246677e-04         4.5807143730976709e-05         9.8959996583708548e-02         4.2725456365795883e-06
15                                    -6.1428847868714882e-07        -2.7987184319822150e-02        -5.1948836838295286e-02         4.4748256908775157e-06        -1.5129477439229883e-01        -8.1904033212330113e-02         4.2725456365795883e-06         7.6228237830912204e-01
16                                    -3.9915431631286853e-06        -1.2336723872645548e-01         6.7811414653053907e-04         4.6461347045276944e-05        -3.1568093667830754e-02        -3.1335381019581593e-01        -6.2392715322471078e-05         1.8990406237815768e-02
17                                    -1.1706586206374790e-02        -8.2096895397767451e-06         1.5045561532404460e-05         3.0583775202140499e-03         1.6742541661053524e-05        -2.0335442319337388e-05        -7.1588534905094453e-02        -1.7798698830823954e-04
18                                    -3.7262403409224818e-06        -3.1879094618307770e-02         1.0035845545826032e-02        -8.1449052463349646e-06         6.4696626555573004e-03         3.6231120546886091e-03        -3.5072393433533281e-06        -2.0310713405132484e-04
19                                    -4.2546141596844908e-06         2.6087182097491318e-02         1.3371758988618173e-02         4.4836305570208009e-06         8.4708366469758295e-03        -2.8943340385103019e-03        -1.3224391388907150e-05         1.2058028148683344e-03
20                                    -7.5866119692321002e-02         9.5412706792089754e-06         1.3309671446117559e-05        -2.3864154225535800e-03         1.3802880619377066e-05        -6.8216524426320470e-06         9.9181086359939660e-03        -6.5386905345222309e-06
21                                    -1.0841032764926051e-04         3.5113906999036408e-04        -1.1863423309056575e-02        -6.4932569474878071e-06        -6.9991060152794849e-03         5.4280928016346361e-05         7.1966392810161304e-06         1.1782115706205666e-04
22                                     2.5932393324425284e-05        -4.8302205976640455e-03         1.9226189117319960e-03        -2.0889496768791747e-06         9.0548102689774410e-04         1.4905281772800635e-03         2.5831932364274443e-06        -8.3932483359714294e-04
23                                     1.9012295351419697e-02         3.0331233690896239e-06        -2.7256988094605419e-05         3.5113021308593121e-03        -7.9460353733275393e-06         6.1341994991652693e-06        -2.5657732135968762e-03         1.7670821637164079e-06
