
$orca_hessian_file

$act_atom
  0

$act_coord
  0

$act_energy
        0.000000

$multiplicity
  1

$hessian
45
                    0                  1                  2                  3                  4        
    0      7.2131076953E-01  -4.3620016567E-02   7.0357754190E-05  -1.3212325377E-01  -2.0800289277E-03
    1     -4.3620016567E-02   6.7193686676E-01  -1.0341891025E-04  -6.1327423726E-02  -3.0540405546E-01
    2      7.0357754190E-05  -1.0341891025E-04   1.1834833561E-01   2.7992451139E-06   5.0372194092E-05
    3     -1.3212325377E-01  -6.1327423726E-02   2.7992451139E-06   7.2733140428E-01   1.3213305431E-02
    4     -2.0800289277E-03  -3.0540405546E-01   5.0372194092E-05   1.3213305431E-02   6.5748964851E-01
    5     -1.0652549278E-05   3.7578270184E-05  -5.9412860499E-02   4.8968678436E-05  -8.4638366110E-05
    6      4.6003155134E-02   5.3671353863E-02  -3.3644458871E-07  -2.4965367123E-01   7.9504028929E-02
    7      1.7558195590E-02  -4.3544592826E-02   8.4357043573E-06   1.3671711395E-01  -2.2975851440E-01
    8      3.5826790006E-06   1.1602306543E-05   6.6904008782E-03  -3.7382896975E-05   3.3082898401E-05
    9     -2.9541055052E-02  -3.7397505910E-02   4.3614639919E-06  -5.4022434827E-02   5.2974215662E-02
   10     -3.0641255286E-02  -2.6774736258E-02  -1.9785591068E-06   1.0880672047E-02   5.2791419201E-02
   11      7.1644018429E-06   3.1394590617E-06  -3.9410509873E-03  -5.6596234209E-06  -7.4608081200E-06
   12     -5.9087902958E-02  -2.7563607018E-03  -1.2888377647E-05  -7.0050865375E-03   2.3190608688E-02
   13      2.9402674137E-02   3.8088271095E-02   2.3706153193E-06   8.0846499847E-03  -3.8631365557E-02
   14     -1.0536238945E-05   4.4919922613E-06   8.2736156012E-03   3.9391628559E-06   6.9300293433E-06
   15     -3.3128413264E-01  -3.9499883954E-02  -1.8433073409E-05   6.3483551002E-03  -8.0652984255E-02
   16     -9.2959315983E-02  -1.4556995115E-01   2.2380204098E-06  -3.6967697758E-02  -1.3288523477E-02
   17     -1.9219286864E-05   3.6449165475E-06  -5.8420239866E-02   6.4225169750E-06  -3.0627547152E-06
   18      1.0914455207E-02   1.3269947388E-02   2.6423320789E-06   3.1250718039E-03  -8.0051139127E-03
   19      7.0438405296E-03  -3.2515279665E-03   8.5226516149E-07   2.0915683741E-03  -3.5072534040E-03
   20     -7.4592500145E-06  -3.5939904636E-06   8.4755033351E-03   2.0179255421E-06   5.6545125947E-06
   21     -7.2751195188E-03  -3.7246394014E-03  -4.8933540826E-06  -1.5505775479E-03   5.2785446691E-03
   22      4.3433516122E-03   7.0032323745E-03   5.8014738221E-07   1.8004528299E-03  -5.7913476890E-03
   23      2.0846066409E-06   1.8236961906E-06  -2.2500564058E-03  -8.0189166471E-07  -2.6138341331E-06
   24      5.8738641692E-03   1.3381831725E-02  -1.7311689624E-06   3.3999490430E-03  -1.9097042654E-02
   25      2.4817289714E-03  -1.6486339562E-03   4.1957184471E-07  -5.7340107035E-03  -1.3209010502E-03
   26     -1.9582183983E-07   1.8931622383E-06  -1.3297489142E-03   9.2610095400E-07  -1.5093990175E-07
   27     -2.1746883220E-01   1.3777801781E-01  -4.1959503130E-05   7.9970389514E-03  -5.8667594239E-03
   28      1.3791633157E-01  -1.7673618509E-01   4.0974320998E-05   2.5430700412E-02  -1.5763967603E-02
   29     -4.0706630456E-05   4.1395286743E-05  -3.0794829253E-02  -4.1196792311E-06   2.0468020264E-07
   30     -2.1433127688E-03   2.8987742484E-04  -3.4431453343E-06  -3.0438698018E-01  -8.4473733223E-02
   31     -3.0202821514E-02  -4.3472104384E-03  -2.3882082018E-06  -8.5014687329E-02  -8.8372075352E-02
   32      6.4038671989E-06   3.4823638279E-06   3.9405491046E-03  -1.5501360735E-05  -5.7651982570E-07
   33     -3.2772809239E-03   3.0402668426E-03  -1.0580203287E-06   9.0065795589E-03   2.4300787884E-02
   34      3.8774334351E-03   8.0010759737E-05   1.1670100219E-06  -5.8797885995E-03  -1.5550656697E-02
   35     -2.4304348333E-06   1.6670326524E-06   7.6196391534E-03   2.4524483770E-06   3.1549473303E-06
   36     -2.8437008806E-04  -3.0202973097E-02   3.1611768035E-06  -5.9664136493E-03  -1.1673734377E-03
   37      4.9895626973E-04  -5.8308855732E-03   3.6471127627E-07  -2.2724999324E-03   1.2389429003E-03
   38      2.0697373843E-06  -1.3402991760E-06   3.3322837681E-03  -5.7458887814E-07  -1.7469879300E-06
   39      4.9626795479E-05   7.3139992615E-04  -6.4414939788E-07   2.7196269517E-04  -7.2526413371E-05
   40     -6.2247829915E-04   4.2545241258E-04  -6.2449615659E-07   7.0537080086E-05   1.2798349405E-04
   41      1.3688100367E-06  -3.8136157098E-06  -5.6148802121E-04  -4.9890102704E-07   9.7257985076E-07
   42     -1.6666109212E-03  -3.6807370590E-03   2.4613170822E-07  -2.7719436867E-03   2.9856658427E-03
   43     -2.9497501107E-03  -4.4260546815E-03   1.1714286042E-06  -1.1244869183E-03   5.7406665872E-03
   44     -1.2511069468E-08   9.1251360296E-07   2.9946498750E-05  -2.6053124913E-07  -3.8326174609E-07
                    5                  6                  7                  8                  9        
    0     -1.0652549278E-05   4.6003155134E-02   1.7558195590E-02   3.5826790006E-06  -2.9541055052E-02
    1      3.7578270184E-05   5.3671353863E-02  -4.3544592826E-02   1.1602306543E-05  -3.7397505910E-02
    2     -5.9412860499E-02  -3.3644458871E-07   8.4357043573E-06   6.6904008782E-03   4.3614639919E-06
    3      4.8968678436E-05  -2.4965367123E-01   1.3671711395E-01  -3.7382896975E-05  -5.4022434827E-02
    4     -8.4638366110E-05   7.9504028929E-02  -2.2975851440E-01   3.3082898401E-05   5.2974215662E-02
    5      1.3775306070E-01  -2.6495300427E-05   3.9151727581E-05  -5.5801456908E-02  -1.3612672082E-05
    6     -2.6495300427E-05   6.7020598559E-01  -5.5612773431E-03   3.7318381021E-05  -2.7630044488E-01
    7      3.9151727581E-05  -5.5612773431E-03   7.4868474329E-01  -1.0225122333E-04  -1.0464197032E-01
    8     -5.5801456908E-02   3.7318381021E-05  -1.0225122333E-04   1.1968122573E-01   1.3389733124E-05
    9     -1.3612672082E-05  -2.7630044488E-01  -1.0464197032E-01   1.3389733124E-05   7.0809761416E-01
   10     -1.0328645853E-05  -5.2039355247E-02  -1.5870411541E-01   1.6500545522E-05   2.0331997825E-02
   11     -4.2537689428E-04  -5.4200980343E-06   5.1865464398E-06  -6.7837571270E-02   5.3952013963E-05
   12     -4.0815663337E-06   9.9450029330E-03  -3.2235453451E-02   2.7864724282E-08  -1.4749816843E-01
   13      4.7798622321E-06  -5.3127756362E-02  -2.5792986900E-03  -7.0934514319E-06  -2.2373361585E-02
   14     -5.2227943140E-03   5.9400383026E-06  -8.7187274051E-06   1.0336757704E-02  -3.1525098853E-05
   15      1.4877339696E-05  -5.4698078648E-02   1.0089213204E-02  -8.8898725605E-06   5.5067038760E-02
   16     -2.2149629424E-06   6.5352147248E-03  -1.1939068381E-03   1.3999281515E-06   1.7702343360E-02
   17      6.0582259879E-03  -1.3656527609E-05   2.3327540932E-06  -3.2769546452E-03   4.4813726778E-06
   18      1.0595757632E-06  -2.0590440541E-03   2.8732255457E-04   1.7674035072E-06   1.3057367974E-02
   19      1.9607169299E-06  -2.7230484915E-03  -7.8233395485E-03   2.7172579429E-06  -3.8827613630E-02
   20     -1.3337544906E-03  -1.1086238065E-06   6.1232164263E-06   5.5422304933E-03   1.4714325905E-05
   21      7.2079953514E-07   2.0230626629E-03   1.1927115436E-03   4.0414024358E-07  -2.4919736857E-03
   22      1.3046841884E-06  -5.6907556080E-03   2.3250501413E-03  -5.6647614802E-07   1.9739760502E-02
   23      2.9568081533E-04   1.3227207614E-06  -1.3743393195E-06  -2.3147889666E-04  -1.9203926974E-06
   24      4.8140093607E-06  -6.4610002575E-02   4.0314956297E-02  -1.6467995282E-05  -2.0081394937E-01
   25      3.2728863116E-06   5.2524212919E-03   1.8129631601E-02  -1.1053661180E-06   6.8889264474E-02
   26      5.3492842460E-03  -8.2561717898E-06   2.5373391311E-06   6.8694177123E-03  -2.6418118917E-05
   27      2.1538769460E-06   1.0602308122E-03  -1.8089339490E-03   8.6826878307E-07  -3.7843558759E-04
   28      5.6946628993E-06  -2.8965966592E-03  -4.7440119303E-03   1.1923662984E-06  -1.3565556752E-03
   29      2.1725769913E-04   1.4409082912E-07   1.3971529613E-06   6.4795521885E-03   1.2592816479E-06
   30     -1.2721736495E-05  -1.8416819419E-02  -9.6795427009E-03   1.7122021242E-06  -7.5136871840E-04
   31      4.8229536908E-07   2.0952007399E-02   1.0341655839E-02   5.0857580558E-07   3.2529914978E-03
   32     -3.8573364028E-02  -1.2254874952E-06  -3.0912521820E-06   4.1036443541E-03  -3.7263149280E-06
   33     -3.2267303263E-06  -6.8712207071E-02  -5.3752248806E-02   8.6534741128E-06  -5.2686709491E-04
   34      3.1814174010E-06  -5.4932579952E-02  -3.2521222657E-01   4.4642299006E-05   8.1765036190E-04
   35      1.3380861089E-03   9.3603782941E-06   4.7886979595E-05  -3.3228212361E-02  -4.2185059296E-06
   36     -1.2510734205E-06  -7.0277333075E-04   5.1958371259E-04  -2.2684259348E-07  -4.0080882627E-03
   37      2.5029526482E-06   1.1403384252E-04   5.6447687996E-04  -1.9484399674E-06   3.8597673103E-03
   38      7.7780068252E-03  -2.3875985065E-06  -2.3556846162E-07  -1.0538449134E-03  -1.7213801598E-06
   39      4.7996225880E-07   4.6788518800E-04  -2.0743566953E-03  -7.5668294233E-07  -6.7141107065E-03
   40      5.8589078503E-07   1.1541190555E-04  -7.1226291629E-04  -2.3723474652E-06  -2.6418628664E-03
   41      3.0675731973E-04   1.5437005231E-06   1.9020088575E-06  -1.9908117147E-03  -4.7068332143E-06
   42     -3.7592187070E-06   5.4477188918E-03   3.2413623070E-03  -2.4032382931E-07  -5.3175124277E-02
   43     -3.0517609571E-06   1.0660221819E-02  -5.7732886187E-03   2.8252505430E-06   1.9743577417E-02
   44      1.6732474353E-03  -5.0258993333E-07   1.5835574984E-06   3.7171016445E-03  -1.0716723271E-05
                   10                 11                 12                 13                 14        
    0     -3.0641255286E-02   7.1644018429E-06  -5.9087902958E-02   2.9402674137E-02  -1.0536238945E-05
    1     -2.6774736258E-02   3.1394590617E-06  -2.7563607018E-03   3.8088271095E-02   4.4919922613E-06
    2     -1.9785591068E-06  -3.9410509873E-03  -1.2888377647E-05   2.3706153193E-06   8.2736156012E-03
    3      1.0880672047E-02  -5.6596234209E-06  -7.0050865375E-03   8.0846499847E-03   3.9391628559E-06
    4      5.2791419201E-02  -7.4608081200E-06   2.3190608688E-02  -3.8631365557E-02   6.9300293433E-06
    5     -1.0328645853E-05  -4.2537689428E-04  -4.0815663337E-06   4.7798622321E-06  -5.2227943140E-03
    6     -5.2039355247E-02  -5.4200980343E-06   9.9450029330E-03  -5.3127756362E-02   5.9400383026E-06
    7     -1.5870411541E-01   5.1865464398E-06  -3.2235453451E-02  -2.5792986900E-03  -8.7187274051E-06
    8      1.6500545522E-05  -6.7837571270E-02   2.7864724282E-08  -7.0934514319E-06   1.0336757704E-02
    9      2.0331997825E-02   5.3952013963E-05  -1.4749816843E-01  -2.2373361585E-02  -3.1525098853E-05
   10      6.4400676617E-01  -3.5759735129E-05  -4.5273416492E-02  -2.5368193949E-01   1.0699252620E-05
   11     -3.5759735129E-05   1.6864492272E-01  -1.3914998956E-06   8.2410188076E-06  -6.8273411063E-02
   12     -4.5273416492E-02  -1.3914998956E-06   6.6866147680E-01  -2.1826552284E-02   1.1748086845E-04
   13     -2.5368193949E-01   8.2410188076E-06  -2.1826552284E-02   6.6540001590E-01  -6.6109813859E-05
   14      1.0699252620E-05  -6.8273411063E-02   1.1748086845E-04  -6.6109813859E-05   1.2371498201E-01
   15      4.8265580590E-02   4.9602534592E-06  -2.0936193145E-01   7.8558406281E-02  -6.0975943843E-05
   16     -4.0707624753E-02   5.4517214920E-06   1.0769102872E-01  -2.0927633862E-01   3.8335771455E-05
   17      7.9171199509E-06   5.8227743035E-04  -5.1040127383E-05   4.0760026563E-05  -5.6434901862E-02
   18     -4.7936135362E-02  -3.0060777205E-06  -1.9353097040E-01  -4.8540351085E-02  -5.7170195723E-05
   19     -3.7954487188E-03  -1.8015984234E-05  -8.1760285676E-02  -1.5385211038E-01  -1.6700309238E-05
   20      7.6938586863E-06   2.3741273428E-03  -3.4960992798E-05   5.1979164419E-06  -6.9079346412E-02
   21      1.7094134422E-02  -5.9300576000E-06  -7.6410757656E-02   2.3728458579E-02   1.4186080906E-05
   22     -2.5985234899E-02   4.6146546197E-06   3.4309119900E-02   3.2682658818E-02  -3.8550451936E-06
   23     -7.3588674359E-06  -2.1851921410E-03  -1.0374571592E-06  -3.9039322703E-07   1.9006867463E-02
   24      1.0303342841E-01  -4.4927296617E-05   2.1997494302E-02   2.2138976983E-02  -9.3245421766E-06
   25     -2.0424992177E-01   7.0848826829E-06   3.4365933134E-02  -4.1562730991E-02   3.4639145752E-07
   26      2.9339688737E-05  -5.0916063429E-02   8.7647549226E-07   1.5648682378E-05   1.0291502818E-02
   27     -1.1458361649E-03  -1.1729615640E-06  -3.8393074878E-03  -3.9488249847E-03  -3.0980515944E-08
   28     -7.4398129257E-04   4.7434840157E-07  -2.5746075961E-03   2.1331605168E-04  -1.0059908830E-06
   29      4.7182816728E-07  -7.1166013253E-04  -1.7601254768E-06   1.6694444795E-06   8.0136948673E-03
   30      3.9551092495E-03  -4.0678055771E-06   3.9850960966E-04   5.4821561706E-04   1.6870243685E-06
   31     -2.7231149836E-03   1.2607186897E-06   1.0232868228E-03  -6.6845809170E-04  -3.3416727133E-08
   32      6.0826902638E-07   8.9935543244E-03   4.2708495326E-07  -6.6898580131E-07  -1.3425642212E-03
   33     -3.1372813433E-02   3.5284189496E-06  -5.6999422955E-03  -6.2946135758E-04  -2.6981404792E-06
   34     -8.4562689855E-03   2.0460487588E-06  -1.9291022858E-03   1.0059029545E-03  -3.6671910230E-07
   35      3.2751073000E-07   4.5638546826E-03  -4.1391467451E-07  -7.6173981889E-07   5.5793508980E-03
   36      2.1772361599E-03  -3.6102857378E-06   8.8733928587E-03   2.1806430906E-02  -7.8552733838E-07
   37      5.5272422751E-04   4.9518851065E-07  -3.7235644256E-03  -1.8141964723E-02   1.2054456660E-06
   38      2.5234820903E-06   6.2025542840E-03   7.3564847625E-06   1.7924493670E-06   1.9983340318E-03
   39      8.0376409869E-04  -1.5907952643E-06  -9.7900277811E-04  -2.7789004453E-02   2.0066376186E-05
   40      1.1480457784E-03   1.1143620162E-06   9.8807320464E-05  -1.2387691579E-02   2.4264706314E-05
   41     -4.5860419769E-06   4.5165152552E-03  -2.3212320147E-05  -5.4459431154E-06   1.5425006972E-02
   42      1.7941907657E-03   1.3579261960E-05  -6.4628065074E-03  -6.1952410377E-03   1.3369859257E-05
   43      2.7323431197E-02   1.1769433088E-05  -8.4367010132E-03  -6.6082666902E-03   9.3982103328E-06
   44     -5.7115611136E-06  -1.5874801190E-03   9.9486067714E-07   1.1285346228E-06  -2.2870944953E-03
                   15                 16                 17                 18                 19        
    0     -3.3128413264E-01  -9.2959315983E-02  -1.9219286864E-05   1.0914455207E-02   7.0438405296E-03
    1     -3.9499883954E-02  -1.4556995115E-01   3.6449165475E-06   1.3269947388E-02  -3.2515279665E-03
    2     -1.8433073409E-05   2.2380204098E-06  -5.8420239866E-02   2.6423320789E-06   8.5226516149E-07
    3      6.3483551002E-03  -3.6967697758E-02   6.4225169750E-06   3.1250718039E-03   2.0915683741E-03
    4     -8.0652984255E-02  -1.3288523477E-02  -3.0627547152E-06  -8.0051139127E-03  -3.5072534040E-03
    5      1.4877339696E-05  -2.2149629424E-06   6.0582259879E-03   1.0595757632E-06   1.9607169299E-06
    6     -5.4698078648E-02   6.5352147248E-03  -1.3656527609E-05  -2.0590440541E-03  -2.7230484915E-03
    7      1.0089213204E-02  -1.1939068381E-03   2.3327540932E-06   2.8732255457E-04  -7.8233395485E-03
    8     -8.8898725605E-06   1.3999281515E-06  -3.2769546452E-03   1.7674035072E-06   2.7172579429E-06
    9      5.5067038760E-02   1.7702343360E-02   4.4813726778E-06   1.3057367974E-02  -3.8827613630E-02
   10      4.8265580590E-02  -4.0707624753E-02   7.9171199509E-06  -4.7936135362E-02  -3.7954487188E-03
   11      4.9602534592E-06   5.4517214920E-06   5.8227743035E-04  -3.0060777205E-06  -1.8015984234E-05
   12     -2.0936193145E-01   1.0769102872E-01  -5.1040127383E-05  -1.9353097040E-01  -8.1760285676E-02
   13      7.8558406281E-02  -2.0927633862E-01   4.0760026563E-05  -4.8540351085E-02  -1.5385211038E-01
   14     -6.0975943843E-05   3.8335771455E-05  -5.6434901862E-02  -5.7170195723E-05  -1.6700309238E-05
   15      6.7961033451E-01   3.8842524602E-02   7.4822465637E-05  -5.4447881459E-02   2.3062094310E-02
   16      3.8842524602E-02   7.1013846640E-01  -9.1230244381E-05   9.3751566934E-03   1.4258968547E-02
   17      7.4822465637E-05  -9.1230244381E-05   1.3355614173E-01  -5.8686790636E-06   5.9924161052E-06
   18     -5.4447881459E-02   9.3751566934E-03  -5.8686790636E-06   7.0880349389E-01  -1.0623270711E-01
   19      2.3062094310E-02   1.4258968547E-02   5.9924161052E-06  -1.0623270711E-01   7.2876586071E-01
   20      4.9892885294E-06  -1.1382309922E-05  -3.9817713430E-03  -1.0657642830E-04  -1.5609379761E-04
   21      6.6481039945E-03  -1.2517898680E-02   1.4240236783E-06  -4.0664315486E-01   2.3242150528E-01
   22     -1.2330153382E-02   3.7002039630E-03  -2.2869490656E-06   2.0980051298E-01  -2.9020454670E-01
   23     -5.9311689361E-06   7.5243094499E-06   5.6549417000E-03   1.3719052876E-04  -7.7330860178E-05
   24     -1.2189913786E-02   6.4464155723E-04  -4.3433571726E-07  -4.0381313777E-02   4.9482849689E-03
   25     -6.2669251843E-03  -3.1845030105E-03  -1.5874249179E-07   7.1299808961E-03   4.3649861134E-03
   26     -3.1988697556E-06  -3.8174457223E-07   6.3409558859E-03  -9.9556523134E-06   3.1217260157E-06
   27     -1.8641720739E-02   2.1758049496E-02  -3.4157429709E-06   1.5164377991E-04   1.7275772337E-03
   28     -9.4987353490E-03   1.0396692172E-02  -4.8069642596E-06  -2.0097486133E-04   5.7841828980E-04
   29      6.7048335549E-07   1.1741025765E-06   2.2985212762E-04  -3.6124083732E-07  -5.7584568389E-07
   30      1.7363915160E-03  -1.3470837583E-03   2.8449520989E-06   1.8884308073E-04   3.3290501800E-05
   31     -6.9966481457E-04  -6.2899112414E-03   3.1241358280E-06  -2.1819737221E-04  -1.2336926869E-04
   32     -1.8801345607E-06   3.1015007471E-06   6.6330813702E-03  -7.2799799955E-07   3.9965588308E-08
   33     -1.4471960748E-03   5.4994958295E-04   6.0056811204E-08   6.7661131850E-04  -1.9623725005E-03
   34      1.3819847210E-04   8.3220927468E-04   1.5127299384E-07   7.9505609741E-04  -6.1779871898E-04
   35      6.5928938371E-07  -2.4936953661E-07  -8.1387242636E-04   2.2237652488E-07   2.6860822446E-07
   36     -7.0470188725E-02  -5.4528902404E-02   4.7874751651E-06   4.7019269532E-04   3.3049740688E-03
   37     -5.5741880205E-02  -3.1798721086E-01   4.0538244617E-05  -4.2627818902E-03   7.2284960509E-05
   38     -1.9269748359E-06   4.2685353875E-05  -3.4317600038E-02   2.7474145872E-08  -9.2664967926E-07
   39      1.2829114611E-03  -2.3281430687E-03   1.1417344316E-08  -6.6419428300E-02  -4.3145008728E-02
   40      1.5296817744E-03   4.8107180419E-04  -7.2290551452E-07  -5.3076541297E-02  -2.6831517396E-01
   41     -2.6308558703E-06   1.6972768123E-06  -1.3513391300E-03   5.3540677328E-05   2.5234232228E-04
   42      1.8479081795E-03  -2.3603041420E-03   1.9294962672E-06   2.6094113104E-02  -1.3970133253E-04
   43      4.1149649671E-03  -2.3096422044E-03  -5.6518222432E-07   2.7972428481E-02  -1.6549949952E-02
   44     -2.6130333771E-07   2.2350233936E-07  -4.5879692388E-04   1.1699723389E-06  -6.9061153257E-06
                   20                 21                 22                 23                 24        
    0     -7.4592500145E-06  -7.2751195188E-03   4.3433516122E-03   2.0846066409E-06   5.8738641692E-03
    1     -3.5939904636E-06  -3.7246394014E-03   7.0032323745E-03   1.8236961906E-06   1.3381831725E-02
    2      8.4755033351E-03  -4.8933540826E-06   5.8014738221E-07  -2.2500564058E-03  -1.7311689624E-06
    3      2.0179255421E-06  -1.5505775479E-03   1.8004528299E-03  -8.0189166471E-07   3.3999490430E-03
    4      5.6545125947E-06   5.2785446691E-03  -5.7913476890E-03  -2.6138341331E-06  -1.9097042654E-02
    5     -1.3337544906E-03   7.2079953514E-07   1.3046841884E-06   2.9568081533E-04   4.8140093607E-06
    6     -1.1086238065E-06   2.0230626629E-03  -5.6907556080E-03   1.3227207614E-06  -6.4610002575E-02
    7      6.1232164263E-06   1.1927115436E-03   2.3250501413E-03  -1.3743393195E-06   4.0314956297E-02
    8      5.5422304933E-03   4.0414024358E-07  -5.6647614802E-07  -2.3147889666E-04  -1.6467995282E-05
    9      1.4714325905E-05  -2.4919736857E-03   1.9739760502E-02  -1.9203926974E-06  -2.0081394937E-01
   10      7.6938586863E-06   1.7094134422E-02  -2.5985234899E-02  -7.3588674359E-06   1.0303342841E-01
   11      2.3741273428E-03  -5.9300576000E-06   4.6146546197E-06  -2.1851921410E-03  -4.4927296617E-05
   12     -3.4960992798E-05  -7.6410757656E-02   3.4309119900E-02  -1.0374571592E-06   2.1997494302E-02
   13      5.1979164419E-06   2.3728458579E-02   3.2682658818E-02  -3.9039322703E-07   2.2138976983E-02
   14     -6.9079346412E-02   1.4186080906E-05  -3.8550451936E-06   1.9006867463E-02  -9.3245421766E-06
   15      4.9892885294E-06   6.6481039945E-03  -1.2330153382E-02  -5.9311689361E-06  -1.2189913786E-02
   16     -1.1382309922E-05  -1.2517898680E-02   3.7002039630E-03   7.5243094499E-06   6.4464155723E-04
   17     -3.9817713430E-03   1.4240236783E-06  -2.2869490656E-06   5.6549417000E-03  -4.3433571726E-07
   18     -1.0657642830E-04  -4.0664315486E-01   2.0980051298E-01   1.3719052876E-04  -4.0381313777E-02
   19     -1.5609379761E-04   2.3242150528E-01  -2.9020454670E-01  -7.7330860178E-05   4.9482849689E-03
   20      1.8581599041E-01   8.8463285415E-05  -3.8411806468E-05  -6.7818257585E-02   8.5953506217E-06
   21      8.8463285415E-05   4.9231573323E-01  -2.6584808249E-01  -1.1086858520E-04   8.1840435135E-03
   22     -3.8411806468E-05  -2.6584808249E-01   2.9457513930E-01   5.4574591867E-05  -4.4976857222E-02
   23     -6.7818257585E-02  -1.1086858520E-04   5.4574591867E-05   3.6899686521E-02  -7.5941508742E-06
   24      8.5953506217E-06   8.1840435135E-03  -4.4976857222E-02  -7.5941508742E-06   5.5761821488E-01
   25      4.1505196498E-06  -1.6481968473E-02  -1.2717702833E-02  -5.9648496478E-07   4.3116577281E-02
   26     -2.7625537339E-03   6.0336564154E-06  -3.9016861391E-06   5.1052167323E-03   5.1271007774E-05
   27     -1.1734603101E-07  -1.1471588020E-03   9.7671376068E-06   3.3289942616E-07   3.4669741763E-04
   28     -5.2787171694E-07  -2.4460830176E-04   5.1731300447E-05   3.1722520884E-07   3.2814310156E-04
   29      1.2487009919E-03  -8.5225726637E-08  -2.2791056770E-07  -6.4807030018E-04  -7.4901424463E-07
   30      1.8681018266E-06  -1.4961443453E-04  -8.6672442723E-05  -1.0714206898E-06  -1.6323402897E-03
   31      6.3464655196E-07   1.4487267295E-05   1.2953067954E-04  -3.2905014043E-07   1.1738381603E-03
   32     -1.0748166669E-03   8.3025506666E-08   1.6197889113E-07   1.7725964658E-04   6.9244508924E-07
   33      8.5744781868E-07   6.5803083001E-05   6.8694305945E-04   2.6302837451E-08   2.7773551183E-03
   34      9.3290939387E-07  -2.6781507664E-04   4.9846663907E-04   1.1387311588E-07   3.8590775318E-04
   35      4.7014801962E-05  -1.6666262393E-07   1.9700267071E-07  -1.1626148885E-05   1.8720590399E-06
   36     -1.1565756106E-06   6.8585200242E-04  -1.3898926817E-03  -8.4154428673E-08  -1.2694856003E-04
   37     -3.3256074479E-07   9.7066294829E-04   3.3536679843E-04   3.1758818925E-07   9.6610012900E-05
   38     -4.1137803684E-03   4.0320994437E-07  -3.8774198143E-07   6.5736000274E-04  -5.6046788463E-07
   39      2.7405809965E-05   2.9112828490E-03   4.2080635883E-02  -1.3567889650E-05   2.5672908674E-03
   40      1.9890015762E-04   2.3475454785E-02  -3.0758465423E-02   1.6766914551E-05  -1.3997026915E-03
   41     -5.4516812530E-02   3.5697915204E-06  -1.0399058811E-05   1.5002821628E-02   4.2456541426E-06
   42     -1.1486387554E-05  -1.7165524831E-02   1.7664965661E-02   1.0991774984E-05  -2.8301044096E-01
   43     -9.6911167380E-06  -5.2040428221E-03   2.4155917527E-02   8.3585721038E-06  -1.6414992976E-01
   44      1.1775257577E-03  -2.4158500448E-06  -1.1993265234E-06  -9.6551530315E-03   7.2008943945E-07
                   25                 26                 27                 28                 29        
    0      2.4817289714E-03  -1.9582183983E-07  -2.1746883220E-01   1.3791633157E-01  -4.0706630456E-05
    1     -1.6486339562E-03   1.8931622383E-06   1.3777801781E-01  -1.7673618509E-01   4.1395286743E-05
    2      4.1957184471E-07  -1.3297489142E-03  -4.1959503130E-05   4.0974320998E-05  -3.0794829253E-02
    3     -5.7340107035E-03   9.2610095400E-07   7.9970389514E-03   2.5430700412E-02  -4.1196792311E-06
    4     -1.3209010502E-03  -1.5093990175E-07  -5.8667594239E-03  -1.5763967603E-02   2.0468020264E-07
    5      3.2728863116E-06   5.3492842460E-03   2.1538769460E-06   5.6946628993E-06   2.1725769913E-04
    6      5.2524212919E-03  -8.2561717898E-06   1.0602308122E-03  -2.8965966592E-03   1.4409082912E-07
    7      1.8129631601E-02   2.5373391311E-06  -1.8089339490E-03  -4.7440119303E-03   1.3971529613E-06
    8     -1.1053661180E-06   6.8694177123E-03   8.6826878307E-07   1.1923662984E-06   6.4795521885E-03
    9      6.8889264474E-02  -2.6418118917E-05  -3.7843558759E-04  -1.3565556752E-03   1.2592816479E-06
   10     -2.0424992177E-01   2.9339688737E-05  -1.1458361649E-03  -7.4398129257E-04   4.7182816728E-07
   11      7.0848826829E-06  -5.0916063429E-02  -1.1729615640E-06   4.7434840157E-07  -7.1166013253E-04
   12      3.4365933134E-02   8.7647549226E-07  -3.8393074878E-03  -2.5746075961E-03  -1.7601254768E-06
   13     -4.1562730991E-02   1.5648682378E-05  -3.9488249847E-03   2.1331605168E-04   1.6694444795E-06
   14      3.4639145752E-07   1.0291502818E-02  -3.0980515944E-08  -1.0059908830E-06   8.0136948673E-03
   15     -6.2669251843E-03  -3.1988697556E-06  -1.8641720739E-02  -9.4987353490E-03   6.7048335549E-07
   16     -3.1845030105E-03  -3.8174457223E-07   2.1758049496E-02   1.0396692172E-02   1.1741025765E-06
   17     -1.5874249179E-07   6.3409558859E-03  -3.4157429709E-06  -4.8069642596E-06   2.2985212762E-04
   18      7.1299808961E-03  -9.9556523134E-06   1.5164377991E-04  -2.0097486133E-04  -3.6124083732E-07
   19      4.3649861134E-03   3.1217260157E-06   1.7275772337E-03   5.7841828980E-04  -5.7584568389E-07
   20      4.1505196498E-06  -2.7625537339E-03  -1.1734603101E-07  -5.2787171694E-07   1.2487009919E-03
   21     -1.6481968473E-02   6.0336564154E-06  -1.1471588020E-03  -2.4460830176E-04  -8.5225726637E-08
   22     -1.2717702833E-02  -3.9016861391E-06   9.7671376068E-06   5.1731300447E-05  -2.2791056770E-07
   23     -5.9648496478E-07   5.1052167323E-03   3.3289942616E-07   3.1722520884E-07  -6.4807030018E-04
   24      4.3116577281E-02   5.1271007774E-05   3.4669741763E-04   3.2814310156E-04  -7.4901424463E-07
   25      3.9208696974E-01  -3.8516759410E-05   1.7179701138E-04   2.5366490743E-04   2.5174585799E-08
   26     -3.8516759410E-05   4.4018244706E-02   2.0731339963E-07  -3.8145118300E-07  -8.1692963952E-04
   27      1.7179701138E-04   2.0731339963E-07   2.3006917927E-01  -1.4827403391E-01   4.3983916090E-05
   28      2.5366490743E-04  -3.8145118300E-07  -1.4827403391E-01   1.8570882259E-01  -4.2472017943E-05
   29      2.5174585799E-08  -8.1692963952E-04   4.3983916090E-05  -4.2472017943E-05   2.3823710567E-02
   30     -6.2737703068E-04   2.2323662904E-07   6.5287596688E-04  -1.7220457426E-04  -1.5848582627E-08
   31      6.9605408600E-04  -5.9483170702E-08   3.4915118315E-04   1.0498968833E-03  -7.7947266807E-07
   32      2.0168202858E-07  -1.8874948910E-04  -9.5731854387E-08  -8.2332345758E-07  -3.2728517531E-03
   33      1.3481639893E-03   3.3530757896E-07   2.6807957398E-04   1.2587708865E-03  -3.1236805718E-07
   34      1.1226907812E-03  -8.1235119942E-07  -3.2652304566E-04  -8.2853187506E-04   1.7201814896E-07
   35     -1.3087143492E-06  -3.4913120174E-03  -1.2532237060E-07   4.2745644809E-07   4.6189640719E-04
   36      1.5042450655E-03   1.5171299220E-07   1.0800048683E-03   4.0805148013E-04   3.7610952157E-07
   37     -1.5540142421E-03  -2.6055727822E-07  -6.0940445996E-05   6.9734496510E-04  -1.3034497806E-06
   38      7.5691820977E-07   4.3764284339E-04   7.3144903272E-07  -5.4917671691E-07  -4.1270453889E-03
   39      1.2782236988E-03   3.4339667896E-07  -5.7020995903E-05  -1.3858533366E-05  -6.6728575533E-08
   40     -6.6987954411E-04  -5.8882206463E-07  -1.1855767800E-04  -8.0197457604E-06  -1.6529760018E-07
   41      4.9711570735E-06  -9.1087796267E-04   5.4101607902E-07  -1.9672457587E-08  -4.3873492656E-05
   42     -1.3636771834E-01  -2.7652170070E-06  -9.3274824720E-05  -8.3080485787E-05  -5.8806735836E-08
   43     -1.4974570983E-01   5.2251972293E-06  -2.7069178590E-04  -1.2518962554E-04   4.0314317988E-07
   44      7.7448826797E-06  -1.7996029758E-02  -9.9364840047E-08   1.1725156296E-07  -5.9404888817E-05
                   30                 31                 32                 33                 34        
    0     -2.1433127688E-03  -3.0202821514E-02   6.4038671989E-06  -3.2772809239E-03   3.8774334351E-03
    1      2.8987742484E-04  -4.3472104384E-03   3.4823638279E-06   3.0402668426E-03   8.0010759737E-05
    2     -3.4431453343E-06  -2.3882082018E-06   3.9405491046E-03  -1.0580203287E-06   1.1670100219E-06
    3     -3.0438698018E-01  -8.5014687329E-02  -1.5501360735E-05   9.0065795589E-03  -5.8797885995E-03
    4     -8.4473733223E-02  -8.8372075352E-02  -5.7651982570E-07   2.4300787884E-02  -1.5550656697E-02
    5     -1.2721736495E-05   4.8229536908E-07  -3.8573364028E-02  -3.2267303263E-06   3.1814174010E-06
    6     -1.8416819419E-02   2.0952007399E-02  -1.2254874952E-06  -6.8712207071E-02  -5.4932579952E-02
    7     -9.6795427009E-03   1.0341655839E-02  -3.0912521820E-06  -5.3752248806E-02  -3.2521222657E-01
    8      1.7122021242E-06   5.0857580558E-07   4.1036443541E-03   8.6534741128E-06   4.4642299006E-05
    9     -7.5136871840E-04   3.2529914978E-03  -3.7263149280E-06  -5.2686709491E-04   8.1765036190E-04
   10      3.9551092495E-03  -2.7231149836E-03   6.0826902638E-07  -3.1372813433E-02  -8.4562689855E-03
   11     -4.0678055771E-06   1.2607186897E-06   8.9935543244E-03   3.5284189496E-06   2.0460487588E-06
   12      3.9850960966E-04   1.0232868228E-03   4.2708495326E-07  -5.6999422955E-03  -1.9291022858E-03
   13      5.4821561706E-04  -6.6845809170E-04  -6.6898580131E-07  -6.2946135758E-04   1.0059029545E-03
   14      1.6870243685E-06  -3.3416727133E-08  -1.3425642212E-03  -2.6981404792E-06  -3.6671910230E-07
   15      1.7363915160E-03  -6.9966481457E-04  -1.8801345607E-06  -1.4471960748E-03   1.3819847210E-04
   16     -1.3470837583E-03  -6.2899112414E-03   3.1015007471E-06   5.4994958295E-04   8.3220927468E-04
   17      2.8449520989E-06   3.1241358280E-06   6.6330813702E-03   6.0056811204E-08   1.5127299384E-07
   18      1.8884308073E-04  -2.1819737221E-04  -7.2799799955E-07   6.7661131850E-04   7.9505609741E-04
   19      3.3290501800E-05  -1.2336926869E-04   3.9965588308E-08  -1.9623725005E-03  -6.1779871898E-04
   20      1.8681018266E-06   6.3464655196E-07  -1.0748166669E-03   8.5744781868E-07   9.3290939387E-07
   21     -1.4961443453E-04   1.4487267295E-05   8.3025506666E-08   6.5803083001E-05  -2.6781507664E-04
   22     -8.6672442723E-05   1.2953067954E-04   1.6197889113E-07   6.8694305945E-04   4.9846663907E-04
   23     -1.0714206898E-06  -3.2905014043E-07   1.7725964658E-04   2.6302837451E-08   1.1387311588E-07
   24     -1.6323402897E-03   1.1738381603E-03   6.9244508924E-07   2.7773551183E-03   3.8590775318E-04
   25     -6.2737703068E-04   6.9605408600E-04   2.0168202858E-07   1.3481639893E-03   1.1226907812E-03
   26      2.2323662904E-07  -5.9483170702E-08  -1.8874948910E-04   3.3530757896E-07  -8.1235119942E-07
   27      6.5287596688E-04   3.4915118315E-04  -9.5731854387E-08   2.6807957398E-04  -3.2652304566E-04
   28     -1.7220457426E-04   1.0498968833E-03  -8.2332345758E-07   1.2587708865E-03  -8.2853187506E-04
   29     -1.5848582627E-08  -7.7947266807E-07  -3.2728517531E-03  -3.1236805718E-07   1.7201814896E-07
   30      3.2382239290E-01   9.1113657543E-02   1.3414700375E-05   9.6956665852E-04  -3.1144843840E-06
   31      9.1113657543E-02   9.0155072496E-02  -1.7190819677E-06  -3.8680466595E-04   8.4246579020E-04
   32      1.3414700375E-05  -1.7190819677E-06   2.5329788617E-02   1.8300136456E-07  -7.6887457896E-07
   33      9.6956665852E-04  -3.8680466595E-04   1.8300136456E-07   6.6495840227E-02   5.7553619818E-02
   34     -3.1144843840E-06   8.4246579020E-04  -7.6887457896E-07   5.7553619818E-02   3.4645480740E-01
   35      3.6921693928E-07  -7.0420125636E-07  -4.2800528079E-03  -7.3983900779E-06  -5.1156567349E-05
   36     -2.6276390686E-04  -1.6139952290E-03   6.4517924504E-07   9.9627686371E-05  -6.4940992562E-05
   37      5.0245123107E-05  -4.6935391921E-04   3.2649993523E-07  -2.5814521779E-05  -2.5206178583E-05
   38      1.4072221731E-07  -1.5165949748E-07  -2.2536072023E-04   5.0956065160E-08   1.2993300649E-07
   39      4.3323322403E-07   6.5095171588E-05   1.0298849894E-07  -5.4971582041E-04  -1.9332347499E-04
   40     -3.2953805406E-05   8.3081881180E-05   4.4397956740E-08  -2.5252854300E-04  -1.3676532401E-04
   41      1.2658397420E-06   4.5320706266E-07   2.0738000108E-04   4.6065440387E-07   5.9151538489E-07
   42     -2.5813248740E-05   1.7895110507E-04  -5.3930233495E-07  -1.4625394355E-04   1.9354513769E-05
   43      4.4499133464E-04  -3.0426436019E-04  -5.5462412244E-07  -3.4649077542E-04  -9.0992477702E-06
   44     -4.6200196710E-07  -6.3001742968E-08  -4.2749773151E-04   1.0803172643E-07  -1.7740890946E-07
                   35                 36                 37                 38                 39        
    0     -2.4304348333E-06  -2.8437008806E-04   4.9895626973E-04   2.0697373843E-06   4.9626795479E-05
    1      1.6670326524E-06  -3.0202973097E-02  -5.8308855732E-03  -1.3402991760E-06   7.3139992615E-04
    2      7.6196391534E-03   3.1611768035E-06   3.6471127627E-07   3.3322837681E-03  -6.4414939788E-07
    3      2.4524483770E-06  -5.9664136493E-03  -2.2724999324E-03  -5.7458887814E-07   2.7196269517E-04
    4      3.1549473303E-06  -1.1673734377E-03   1.2389429003E-03  -1.7469879300E-06  -7.2526413371E-05
    5      1.3380861089E-03  -1.2510734205E-06   2.5029526482E-06   7.7780068252E-03   4.7996225880E-07
    6      9.3603782941E-06  -7.0277333075E-04   1.1403384252E-04  -2.3875985065E-06   4.6788518800E-04
    7      4.7886979595E-05   5.1958371259E-04   5.6447687996E-04  -2.3556846162E-07  -2.0743566953E-03
    8     -3.3228212361E-02  -2.2684259348E-07  -1.9484399674E-06  -1.0538449134E-03  -7.5668294233E-07
    9     -4.2185059296E-06  -4.0080882627E-03   3.8597673103E-03  -1.7213801598E-06  -6.7141107065E-03
   10      3.2751073000E-07   2.1772361599E-03   5.5272422751E-04   2.5234820903E-06   8.0376409869E-04
   11      4.5638546826E-03  -3.6102857378E-06   4.9518851065E-07   6.2025542840E-03  -1.5907952643E-06
   12     -4.1391467451E-07   8.8733928587E-03  -3.7235644256E-03   7.3564847625E-06  -9.7900277811E-04
   13     -7.6173981889E-07   2.1806430906E-02  -1.8141964723E-02   1.7924493670E-06  -2.7789004453E-02
   14      5.5793508980E-03  -7.8552733838E-07   1.2054456660E-06   1.9983340318E-03   2.0066376186E-05
   15      6.5928938371E-07  -7.0470188725E-02  -5.5741880205E-02  -1.9269748359E-06   1.2829114611E-03
   16     -2.4936953661E-07  -5.4528902404E-02  -3.1798721086E-01   4.2685353875E-05  -2.3281430687E-03
   17     -8.1387242636E-04   4.7874751651E-06   4.0538244617E-05  -3.4317600038E-02   1.1417344316E-08
   18      2.2237652488E-07   4.7019269532E-04  -4.2627818902E-03   2.7474145872E-08  -6.6419428300E-02
   19      2.6860822446E-07   3.3049740688E-03   7.2284960509E-05  -9.2664967926E-07  -4.3145008728E-02
   20      4.7014801962E-05  -1.1565756106E-06  -3.3256074479E-07  -4.1137803684E-03   2.7405809965E-05
   21     -1.6666262393E-07   6.8585200242E-04   9.7066294829E-04   4.0320994437E-07   2.9112828490E-03
   22      1.9700267071E-07  -1.3898926817E-03   3.3536679843E-04  -3.8774198143E-07   4.2080635883E-02
   23     -1.1626148885E-05  -8.4154428673E-08   3.1758818925E-07   6.5736000274E-04  -1.3567889650E-05
   24      1.8720590399E-06  -1.2694856003E-04   9.6610012900E-05  -5.6046788463E-07   2.5672908674E-03
   25     -1.3087143492E-06   1.5042450655E-03  -1.5540142421E-03   7.5691820977E-07   1.2782236988E-03
   26     -3.4913120174E-03   1.5171299220E-07  -2.6055727822E-07   4.3764284339E-04   3.4339667896E-07
   27     -1.2532237060E-07   1.0800048683E-03  -6.0940445996E-05   7.3144903272E-07  -5.7020995903E-05
   28      4.2745644809E-07   4.0805148013E-04   6.9734496510E-04  -5.4917671691E-07  -1.3858533366E-05
   29      4.6189640719E-04   3.7610952157E-07  -1.3034497806E-06  -4.1270453889E-03  -6.6728575533E-08
   30      3.6921693928E-07  -2.6276390686E-04   5.0245123107E-05   1.4072221731E-07   4.3323322403E-07
   31     -7.0420125636E-07  -1.6139952290E-03  -4.6935391921E-04  -1.5165949748E-07   6.5095171588E-05
   32     -4.2800528079E-03   6.4517924504E-07   3.2649993523E-07  -2.2536072023E-04   1.0298849894E-07
   33     -7.3983900779E-06   9.9627686371E-05  -2.5814521779E-05   5.0956065160E-08  -5.4971582041E-04
   34     -5.1156567349E-05  -6.4940992562E-05  -2.5206178583E-05   1.2993300649E-07  -1.9332347499E-04
   35      2.3835799185E-02   2.3517848396E-07   4.1618950929E-07  -9.2292008936E-04   9.0455874965E-08
   36      2.3517848396E-07   7.0550614864E-02   6.0001533693E-02  -4.1081361755E-06  -4.3441295202E-04
   37      4.1618950929E-07   6.0001533693E-02   3.4001439703E-01  -4.2673753462E-05   1.0803506599E-03
   38     -9.2292008936E-04  -4.1081361755E-06  -4.2673753462E-05   2.4234213568E-02   5.4531040460E-08
   39      9.0455874965E-08  -4.3441295202E-04   1.0803506599E-03   5.4531040460E-08   7.0239334859E-02
   40      2.5265807020E-07  -1.0099406004E-03   6.9345806232E-04   3.5187896682E-07   3.1523423081E-02
   41     -1.7752089914E-04   1.9972469322E-06  -6.0696113358E-07   1.8303987542E-04  -3.3767933522E-05
   42     -7.8174807293E-08   4.9627450000E-04  -6.1023088057E-04   3.2519103788E-07  -2.6370363952E-03
   43     -2.6416901279E-07   2.8151579696E-04  -1.6036032817E-04   2.8700134648E-07  -1.9492193007E-03
   44     -5.2012448666E-04  -1.2093028722E-08   4.4372205866E-07  -6.2883680547E-05   6.8946570914E-07
                   40                 41                 42                 43                 44        
    0     -6.2247829915E-04   1.3688100367E-06  -1.6666109212E-03  -2.9497501107E-03  -1.2511069468E-08
    1      4.2545241258E-04  -3.8136157098E-06  -3.6807370590E-03  -4.4260546815E-03   9.1251360296E-07
    2     -6.2449615659E-07  -5.6148802121E-04   2.4613170822E-07   1.1714286042E-06   2.9946498750E-05
    3      7.0537080086E-05  -4.9890102704E-07  -2.7719436867E-03  -1.1244869183E-03  -2.6053124913E-07
    4      1.2798349405E-04   9.7257985076E-07   2.9856658427E-03   5.7406665872E-03  -3.8326174609E-07
    5      5.8589078503E-07   3.0675731973E-04  -3.7592187070E-06  -3.0517609571E-06   1.6732474353E-03
    6      1.1541190555E-04   1.5437005231E-06   5.4477188918E-03   1.0660221819E-02  -5.0258993333E-07
    7     -7.1226291629E-04   1.9020088575E-06   3.2413623070E-03  -5.7732886187E-03   1.5835574984E-06
    8     -2.3723474652E-06  -1.9908117147E-03  -2.4032382931E-07   2.8252505430E-06   3.7171016445E-03
    9     -2.6418628664E-03  -4.7068332143E-06  -5.3175124277E-02   1.9743577417E-02  -1.0716723271E-05
   10      1.1480457784E-03  -4.5860419769E-06   1.7941907657E-03   2.7323431197E-02  -5.7115611136E-06
   11      1.1143620162E-06   4.5165152552E-03   1.3579261960E-05   1.1769433088E-05  -1.5874801190E-03
   12      9.8807320464E-05  -2.3212320147E-05  -6.4628065074E-03  -8.4367010132E-03   9.9486067714E-07
   13     -1.2387691579E-02  -5.4459431154E-06  -6.1952410377E-03  -6.6082666902E-03   1.1285346228E-06
