
$orca_hessian_file

$act_atom
  0

$act_coord
  0

$act_energy
        0.000000

$multiplicity
  1

$hessian
45
                    0                  1                  2                  3                  4        
    0      7.2402459534E-01  -4.3256258337E-02   2.6061072657E-05  -1.3156790537E-01  -7.9232746774E-04
    1     -4.3256258337E-02   6.7094164693E-01   1.7598657815E-05  -5.9807385966E-02  -3.0491122412E-01
    2      2.6061072657E-05   1.7598657815E-05   1.1770847162E-01  -6.3368667614E-06   3.8127078016E-06
    3     -1.3156790537E-01  -5.9807385966E-02  -6.3368667614E-06   7.2973439580E-01   9.7813359116E-03
    4     -7.9232746774E-04  -3.0491122412E-01   3.8127078016E-06   9.7813359116E-03   6.5904710189E-01
    5     -8.0665212239E-06  -9.9587055790E-06  -5.9383001241E-02   3.1923933598E-06   1.5909831414E-05
    6      4.5524102351E-02   5.4037020161E-02   1.0051891656E-05  -2.5447497655E-01   8.2825019522E-02
    7      1.8004505735E-02  -4.3436353468E-02   6.6644509619E-07   1.3963142416E-01  -2.3102429502E-01
    8      6.3462879895E-06  -3.0430977257E-06   6.6831581905E-03   8.3622355503E-06  -9.0439129252E-06
    9     -2.9125042187E-02  -3.7600028103E-02  -5.2673230939E-06  -5.3928454507E-02   5.2293539584E-02
   10     -3.0657296062E-02  -2.6706820717E-02  -1.4661452278E-05   1.0592590208E-02   5.2954993804E-02
   11     -8.2819068225E-06  -1.2534364103E-05  -4.0673935533E-03  -6.9323944551E-06   1.0219531732E-05
   12     -5.9581007231E-02  -3.4674221423E-03  -2.2246230561E-05  -7.4288958889E-03   2.3821338640E-02
   13      2.8857089886E-02   3.8071484295E-02   8.7933685532E-06   8.1091734319E-03  -3.8154325768E-02
   14      3.9264943496E-06   2.7036898325E-05   8.2735420110E-03   9.2899825846E-06  -3.4505460793E-06
   15     -3.3268231970E-01  -4.1126795906E-02  -1.0034542686E-05   6.9765524001E-03  -8.0482812853E-02
   16     -9.4503350322E-02  -1.4608226917E-01  -1.7440409337E-05  -3.6918591733E-02  -1.4095753054E-02
   17     -3.4319726028E-05  -2.0950299129E-05  -5.8202262630E-02  -1.6870746945E-06  -1.2211820510E-06
   18      1.1306684795E-02   1.3588009112E-02   1.8620784704E-05   3.4153028621E-03  -8.4904298416E-03
   19      6.9792471601E-03  -3.3096982568E-03  -6.6923698997E-07   2.0656950836E-03  -3.3975504189E-03
   20     -1.3684502566E-05  -8.2639898318E-06   8.4756286937E-03   4.6049266721E-06   1.0284222066E-05
   21     -7.3928255579E-03  -3.8372672339E-03  -1.1556751983E-05  -1.6649772450E-03   5.4633820416E-03
   22      4.4716294540E-03   7.1730625744E-03   5.3333788964E-06   1.9349535212E-03  -6.0731356107E-03
   23      7.9429242343E-06   5.3131093924E-06  -2.2278411183E-03  -1.0395345622E-06  -8.2129630132E-06
   24      5.9882019211E-03   1.3838606212E-02   3.9665175505E-06   3.6384076515E-03  -1.9554418295E-02
   25      2.6018356239E-03  -1.6300418742E-03   4.0657586521E-06  -5.7324921371E-03  -1.5507600854E-03
   26      7.2394309104E-07   3.4845739705E-06  -1.3440509245E-03   1.3426508934E-06  -1.6654021013E-06
   27     -2.1926579228E-01   1.3777984278E-01   3.5157306740E-06   7.8845371758E-03  -5.7541627377E-03
   28      1.3796907954E-01  -1.7532649878E-01  -2.0937226518E-08   2.5532694998E-02  -1.5584506154E-02
   29      6.5541866741E-06   3.4976712562E-07  -3.0445462474E-02   1.2785632395E-06  -3.0853499313E-06
   30     -2.0331299206E-03   2.5287392365E-04  -8.9805272258E-08  -3.0293188074E-01  -8.5340473983E-02
   31     -3.0264407218E-02  -4.5441630140E-03  -8.0338134663E-08  -8.5881027823E-02  -8.9224380549E-02
   32      1.7944245391E-06   2.8532585549E-06   3.9568277695E-03  -8.5202459247E-06  -1.4884476736E-06
   33     -3.3130031738E-03   3.0046637039E-03   1.6937113503E-06   8.9068442797E-03   2.4420797930E-02
   34      3.8727579046E-03   1.7435920025E-04   1.0461151101E-06  -5.7469644241E-03  -1.5260506877E-02
   35     -1.4002002829E-07   4.8773949125E-07   7.6962241104E-03   4.9193579180E-07  -2.3665255848E-06
   36     -1.9300693656E-04  -3.0365328036E-02  -3.9460254373E-06  -5.9698583159E-03  -1.2378478761E-03
   37      4.5240045297E-04  -6.2399849471E-03   2.7409815359E-07  -2.3740282056E-03   1.2085104591E-03
   38      7.9903726736E-06  -9.4475830794E-07   3.4448403661E-03  -6.9664380471E-07  -6.5668816426E-06
   39      4.2261700253E-05   7.3483206041E-04  -8.0265302978E-07   2.8069480306E-04  -8.0954649414E-05
   40     -6.4494951716E-04   4.1649713643E-04  -4.8164203170E-08   6.3779238825E-05   1.2588262009E-04
   41      3.5373389273E-06  -8.0408682351E-06  -6.0986710104E-04  -1.2335118773E-06   1.8333171967E-06
   42     -1.7318137538E-03  -3.8188791267E-03  -2.7000799461E-06  -2.8697863459E-03   3.1423874473E-03
   43     -3.0464399277E-03  -4.5899957834E-03  -1.9719388061E-06  -1.2655296420E-03   5.9399488863E-03
   44     -1.3137982871E-06  -8.5974864178E-08   4.1186279504E-05  -3.5759089968E-07   7.0740014328E-07
                    5                  6                  7                  8                  9        
    0     -8.0665212239E-06   4.5524102351E-02   1.8004505735E-02   6.3462879895E-06  -2.9125042187E-02
    1     -9.9587055790E-06   5.4037020161E-02  -4.3436353468E-02  -3.0430977257E-06  -3.7600028103E-02
    2     -5.9383001241E-02   1.0051891656E-05   6.6644509619E-07   6.6831581905E-03  -5.2673230939E-06
    3      3.1923933598E-06  -2.5447497655E-01   1.3963142416E-01   8.3622355503E-06  -5.3928454507E-02
    4      1.5909831414E-05   8.2825019522E-02  -2.3102429502E-01  -9.0439129252E-06   5.2293539584E-02
    5      1.3744522616E-01   1.0838131521E-05  -9.0920652578E-06  -5.5147645419E-02   3.3704478374E-07
    6      1.0838131521E-05   6.6764641989E-01  -1.4406869613E-02  -8.0264933808E-06  -2.6818264513E-01
    7     -9.0920652578E-06  -1.4406869613E-02   7.5187507064E-01   2.0515417443E-05  -1.0228556970E-01
    8     -5.5147645419E-02  -8.0264933808E-06   2.0515417443E-05   1.1941302480E-01   1.9896042996E-05
    9      3.3704478374E-07  -2.6818264513E-01  -1.0228556970E-01   1.9896042996E-05   7.2369858000E-01
   10     -4.4397820325E-07  -4.9487030940E-02  -1.5927535564E-01   7.9089163851E-06  -3.5891293152E-03
   11     -6.2349560185E-04   2.1835442722E-07  -9.4325209690E-07  -6.9096752978E-02   5.1055427524E-05
   12      2.3901750794E-06   1.0945683394E-02  -3.2198465337E-02  -1.3379808822E-05  -1.4847092174E-01
   13     -2.3529153925E-06  -5.2523388455E-02  -3.0375271641E-03  -1.4889953030E-05  -2.0410579141E-02
   14     -5.1714043224E-03  -5.8369393086E-06  -2.0013515545E-05   1.0550732683E-02  -5.7473353212E-05
   15      1.4086332984E-06  -5.4675775396E-02   9.9938404582E-03  -6.4674993183E-06   5.5041195987E-02
   16     -5.7544496331E-06   6.1908638103E-03  -1.1832100636E-03   3.1093897197E-06   1.8352491983E-02
   17      6.1130142240E-03  -1.7010589242E-05   3.1239045235E-06  -3.1866797962E-03   7.3019843025E-06
   18     -4.1967376209E-06  -2.7788625037E-03   2.6002789701E-04   8.2247430668E-06   1.4282685796E-02
   19      1.1278365100E-06  -2.6160185016E-03  -7.8948918663E-03   1.4365034605E-07  -3.9675457657E-02
   20     -1.3065143724E-03  -2.9992240661E-06   3.0909590119E-06   5.5517618513E-03   1.5379111973E-05
   21      3.4331016491E-06   2.2531658370E-03   1.2396304438E-03   4.6782302901E-07  -2.9404120712E-03
   22     -1.7646880799E-07  -6.1749340111E-03   2.4115563543E-03   1.4257400554E-06   2.0946683057E-02
   23      2.8996912511E-04  -9.5436393019E-08  -7.5877871726E-08  -2.1970403497E-04   4.1581683092E-06
   24      1.7417411935E-06  -6.6893982466E-02   4.0675265995E-02  -9.2088481790E-06  -2.2232311401E-01
   25      2.7346544456E-06   5.0140394513E-03   1.8764625360E-02   2.4353271465E-06   8.9145945112E-02
   26      5.3566584972E-03  -6.1283979654E-06   3.2544002275E-06   7.2102386620E-03  -1.2450930671E-05
   27     -1.2998611264E-06   1.0713370920E-03  -1.7749344460E-03   2.1931099073E-06  -3.6350279050E-04
   28      2.4422661510E-06  -2.8749346637E-03  -4.7728769099E-03  -1.7308731816E-06  -1.3381010463E-03
   29      1.0893378784E-04  -2.5840826073E-06  -1.3782030462E-06   6.4184690587E-03   3.3886067461E-06
   30     -7.2653446621E-06  -1.8619791648E-02  -9.8624664321E-03   2.1901074546E-06  -7.1252480005E-04
   31     -1.3919440980E-06   2.0802456374E-02   1.0448137490E-02  -1.2742711496E-06   3.2650415165E-03
   32     -3.8709358057E-02   8.4566999280E-06  -2.1371506746E-06   4.1482631148E-03  -5.0707353756E-06
   33      8.8779288655E-07  -6.7503413896E-02  -5.0767069299E-02   4.6835236434E-06  -4.6451814453E-04
   34      1.8505533872E-06  -5.2201286718E-02  -3.2707564156E-01  -3.0514872298E-06   9.1040097598E-04
   35      1.2513386767E-03   3.5729145851E-06   1.1828565799E-06  -3.3052442101E-02  -4.2752262803E-06
   36     -1.4152659294E-06  -7.0484268370E-04   5.2174347307E-04  -1.5384529009E-07  -4.0880691722E-03
   37      1.5506733896E-06   9.7727997296E-05   5.8142364572E-04  -2.1742814507E-06   3.8401939435E-03
   38      7.7979065256E-03  -6.2932693875E-06  -1.5351313545E-07  -1.0336150695E-03   1.9717179178E-06
   39      7.5496569425E-07   4.7504997088E-04  -2.0977787202E-03  -3.4542567564E-06  -6.8428813432E-03
   40      6.7123947730E-07   1.1659900284E-04  -7.3392986389E-04  -4.5352324975E-06  -2.7601033736E-03
   41      3.0624022463E-04   2.2560133789E-06   5.2104152052E-06  -2.0638225192E-03  -8.5386823387E-06
   42     -4.4990740148E-06   5.9185317388E-03   3.2297193172E-03  -4.7221224045E-07  -5.5580375886E-02
   43     -2.7823271543E-06   1.1037732642E-02  -5.6467319402E-03   8.7836640820E-07   1.8970391666E-02
   44      1.6721317943E-03   2.3795172053E-06   7.5481225713E-08   3.8250135581E-03  -8.2030281632E-06
                   10                 11                 12                 13                 14        
    0     -3.0657296062E-02  -8.2819068225E-06  -5.9581007231E-02   2.8857089886E-02   3.9264943496E-06
    1     -2.6706820717E-02  -1.2534364103E-05  -3.4674221423E-03   3.8071484295E-02   2.7036898325E-05
    2     -1.4661452278E-05  -4.0673935533E-03  -2.2246230561E-05   8.7933685532E-06   8.2735420110E-03
    3      1.0592590208E-02  -6.9323944551E-06  -7.4288958889E-03   8.1091734319E-03   9.2899825846E-06
    4      5.2954993804E-02   1.0219531732E-05   2.3821338640E-02  -3.8154325768E-02  -3.4505460793E-06
    5     -4.4397820325E-07  -6.2349560185E-04   2.3901750794E-06  -2.3529153925E-06  -5.1714043224E-03
    6     -4.9487030940E-02   2.1835442722E-07   1.0945683394E-02  -5.2523388455E-02  -5.8369393086E-06
    7     -1.5927535564E-01  -9.4325209690E-07  -3.2198465337E-02  -3.0375271641E-03  -2.0013515545E-05
    8      7.9089163851E-06  -6.9096752978E-02  -1.3379808822E-05  -1.4889953030E-05   1.0550732683E-02
    9     -3.5891293152E-03   5.1055427524E-05  -1.4847092174E-01  -2.0410579141E-02  -5.7473353212E-05
   10      6.5745072179E-01   7.2653820392E-05  -4.3439754420E-02  -2.5068002743E-01  -5.6964885399E-05
   11      7.2653820392E-05   1.6811218664E-01  -3.1725644612E-05  -5.3665438575E-05  -6.9126190777E-02
   12     -4.3439754420E-02  -3.1725644612E-05   6.6711744344E-01  -2.9490281875E-02   1.4677745472E-04
   13     -2.5068002743E-01  -5.3665438575E-05  -2.9490281875E-02   6.6253200419E-01   8.1858409627E-05
   14     -5.6964885399E-05  -6.9126190777E-02   1.4677745472E-04   8.1858409627E-05   1.2368023882E-01
   15      4.8453099884E-02   1.7582327456E-05  -2.1256306592E-01   8.0717340530E-02  -6.9575639509E-05
   16     -4.0160295988E-02  -1.6788021837E-07   1.0926732283E-01  -2.0931174777E-01  -1.4162936866E-06
   17     -2.4273514059E-06   4.0384972257E-04  -3.1662940757E-05   8.3393891361E-06  -5.5678737791E-02
   18     -4.8832291750E-02   1.1800834252E-07  -1.8822885505E-01  -4.6029930389E-02  -1.3235696664E-04
   19     -3.7898962167E-03  -2.4637259129E-05  -7.8174731565E-02  -1.5335299721E-01  -5.2568666396E-05
   20      3.1361890077E-05   2.7017847435E-03  -8.0388670965E-05  -4.0342336195E-06  -6.9623702946E-02
   21      1.7246565193E-02  -6.8942705997E-06  -7.6575055818E-02   2.3916907528E-02   6.8513127322E-05
   22     -2.6972031752E-02   6.5615055000E-06   3.4705269595E-02   3.3171933002E-02  -9.0385070783E-06
   23     -3.0459628681E-05  -2.2061960757E-03   3.7589287283E-05  -6.2569297874E-06   1.9010787568E-02
   24      1.2282521631E-01  -7.7740429283E-06   2.2905104129E-02   2.3005251929E-02  -6.3163207230E-06
   25     -2.2046447954E-01  -7.0145531309E-07   3.5136304502E-02  -4.2297404177E-02  -1.1780776974E-05
   26     -9.5628782725E-07  -4.8765138246E-02   1.6322712947E-05   1.0994950144E-05   1.0790536325E-02
   27     -1.1222745230E-03  -4.2684421166E-07  -3.7955105008E-03  -3.9512865729E-03  -1.7433113454E-06
   28     -7.5135519580E-04   2.0323724302E-07  -2.5915819760E-03   1.7048591999E-04  -4.0890689905E-06
   29      3.1071867146E-07  -7.3135979451E-04  -3.0446683726E-06   2.4944700702E-06   7.9962773238E-03
   30      3.9775960406E-03  -6.3419288927E-08   3.8508285027E-04   5.4617087744E-04   1.9885703262E-06
   31     -2.7053884451E-03   1.9399880994E-07   1.0465234519E-03  -6.5127693994E-04  -4.0206993870E-07
   32     -4.4441579252E-06   9.1504627593E-03   1.0951866673E-06  -4.7935794808E-07  -1.3625148092E-03
   33     -3.1667806977E-02  -4.9540926053E-07  -5.7150331526E-03  -6.6676756426E-04  -4.3879356387E-06
   34     -8.9563416273E-03   1.0407887625E-06  -2.0582714612E-03   9.5080385982E-04  -3.9317188556E-06
   35      2.8604067792E-06   4.7726372161E-03   3.8949768905E-07  -2.5776821042E-06   5.5017729038E-03
   36      2.1681693788E-03  -2.8921887996E-06   8.8378210635E-03   2.2021827566E-02   5.6233485269E-06
   37      6.6391046333E-04   4.6317299433E-06  -3.4668197767E-03  -1.8071533956E-02  -6.6223105665E-06
   38      4.2179683477E-06   6.2272430592E-03   1.2964109231E-05  -8.0370678650E-06   1.9688470824E-03
   39      8.2108082303E-04  -7.9760270736E-07  -9.3449466893E-04  -2.7812351517E-02   4.0358415217E-05
   40      1.1318245285E-03   4.4764495648E-06  -9.2499862120E-05  -1.2476387580E-02   4.5892246908E-05
   41     -1.1077258172E-05   4.4723164286E-03  -4.6865830305E-05  -1.7126830273E-05   1.5579192179E-02
   42      2.6455466399E-03  -4.8992194825E-06  -6.8982949006E-03  -6.4693913161E-03   1.3419696726E-05
   43      2.8260541969E-02  -9.6008996113E-07  -8.8167155263E-03  -6.8634832769E-03   1.0901612079E-05
   44     -4.2500433111E-06  -1.2239535465E-03  -4.2125262747E-07   1.5290136342E-06  -2.3893762447E-03
                   15                 16                 17                 18                 19        
    0     -3.3268231970E-01  -9.4503350322E-02  -3.4319726028E-05   1.1306684795E-02   6.9792471601E-03
    1     -4.1126795906E-02  -1.4608226917E-01  -2.0950299129E-05   1.3588009112E-02  -3.3096982568E-03
    2     -1.0034542686E-05  -1.7440409337E-05  -5.8202262630E-02   1.8620784704E-05  -6.6923698997E-07
    3      6.9765524001E-03  -3.6918591733E-02  -1.6870746945E-06   3.4153028621E-03   2.0656950836E-03
    4     -8.0482812853E-02  -1.4095753054E-02  -1.2211820510E-06  -8.4904298416E-03  -3.3975504189E-03
    5      1.4086332984E-06  -5.7544496331E-06   6.1130142240E-03  -4.1967376209E-06   1.1278365100E-06
    6     -5.4675775396E-02   6.1908638103E-03  -1.7010589242E-05  -2.7788625037E-03  -2.6160185016E-03
    7      9.9938404582E-03  -1.1832100636E-03   3.1239045235E-06   2.6002789701E-04  -7.8948918663E-03
    8     -6.4674993183E-06   3.1093897197E-06  -3.1866797962E-03   8.2247430668E-06   1.4365034605E-07
    9      5.5041195987E-02   1.8352491983E-02   7.3019843025E-06   1.4282685796E-02  -3.9675457657E-02
   10      4.8453099884E-02  -4.0160295988E-02  -2.4273514059E-06  -4.8832291750E-02  -3.7898962167E-03
   11      1.7582327456E-05  -1.6788021837E-07   4.0384972257E-04   1.1800834252E-07  -2.4637259129E-05
   12     -2.1256306592E-01   1.0926732283E-01  -3.1662940757E-05  -1.8822885505E-01  -7.8174731565E-02
   13      8.0717340530E-02  -2.0931174777E-01   8.3393891361E-06  -4.6029930389E-02  -1.5335299721E-01
   14     -6.9575639509E-05  -1.4162936866E-06  -5.5678737791E-02  -1.3235696664E-04  -5.2568666396E-05
   15      6.8219451483E-01   3.6163304220E-02   8.3306680002E-05  -5.3832578208E-02   2.2898210100E-02
   16      3.6163304220E-02   7.1015206844E-01   2.7016914230E-05   9.1068768361E-03   1.4479518187E-02
   17      8.3306680002E-05   2.7016914230E-05   1.3332123721E-01  -9.9188774073E-06   1.7726825033E-05
   18     -5.3832578208E-02   9.1068768361E-03  -9.9188774073E-06   7.2605688493E-01  -1.2851081680E-01
   19      2.2898210100E-02   1.4479518187E-02   1.7726825033E-05  -1.2851081680E-01   7.2973779474E-01
   20      3.0504746556E-05  -1.9163573480E-05  -4.4729952901E-03  -4.2129931890E-04  -1.0534376025E-04
   21      6.8220542446E-03  -1.2578547122E-02   1.3005151145E-06  -4.2914998221E-01   2.5150624453E-01
   22     -1.2546571796E-02   3.6596118991E-03  -4.3342760113E-06   2.2867230330E-01  -3.0165883815E-01
   23     -1.6760884685E-05   1.7395896549E-05   5.7403926009E-03   4.8860478930E-04  -3.2998144498E-04
   24     -1.2656272293E-02   5.9104543523E-04   2.6696547735E-06  -4.2267659374E-02   5.6077638013E-03
   25     -6.3563925076E-03  -3.2421916236E-03  -4.9327403247E-06   7.2059790300E-03   4.3537646395E-03
   26     -7.3961394211E-06  -5.5621561886E-06   6.4177736075E-03  -1.5697256700E-05   8.4301380472E-06
   27     -1.8667056138E-02   2.1545094353E-02   5.1746307892E-06   1.6474933954E-04   1.7171989234E-03
   28     -9.6993051735E-03   1.0414556303E-02  -4.2172471158E-06  -1.9923846394E-04   5.8833413401E-04
   29     -3.1923808830E-06   2.5071726584E-06   1.3425643774E-04   8.0219004898E-07  -1.4486612826E-06
   30      1.7544863423E-03  -1.3312031166E-03   5.6033417220E-06   2.0200603824E-04   4.3917231457E-05
   31     -6.6127488146E-04  -6.3309733032E-03   1.1471093510E-06  -2.1969025670E-04  -1.2057997114E-04
   32     -3.7879624076E-06   1.2456751744E-06   6.5853308927E-03  -1.9634380238E-06   6.8111739073E-07
   33     -1.4685025261E-03   5.4907820386E-04   1.2555162206E-07   6.6913137798E-04  -1.9967518776E-03
   34      8.4645407166E-05   8.3443861798E-04   1.3782357436E-07   8.1217975734E-04  -6.6072180435E-04
   35      2.7663821324E-07  -1.5310926792E-07  -8.0272198894E-04  -5.7951113017E-07   7.2654104347E-07
   36     -6.9614441645E-02  -5.1677267472E-02  -4.3919144064E-06   5.9888874070E-04   3.1866664325E-03
   37     -5.3229208197E-02  -3.1718769366E-01  -1.4752019601E-05  -4.2276773534E-03   1.1529488470E-04
   38     -1.9574752677E-05  -6.4548968994E-06  -3.4592121769E-02  -4.8013765658E-06  -3.9081180016E-08
   39      1.4095392688E-03  -2.2493292650E-03  -9.9101447380E-07  -6.7844983286E-02  -4.2749261061E-02
   40      1.4222798362E-03   4.3621793717E-04  -2.1970092052E-06  -5.2312085855E-02  -2.5740162922E-01
   41     -5.5295865786E-06   4.8111149971E-06  -1.2931834651E-03   9.7257489071E-05   4.9848899116E-04
   42      1.9616687537E-03  -2.4097003212E-03   2.8373480101E-06   2.7406586758E-02  -4.2457481908E-04
   43      4.2715525558E-03  -2.3822767660E-03  -2.5958393043E-06   2.9319453809E-02  -1.7687903473E-02
   44      9.0279331346E-07   1.6260368145E-07  -4.8715196311E-04   6.6159875793E-06  -2.1233153030E-05
                   20                 21                 22                 23                 24        
    0     -1.3684502566E-05  -7.3928255579E-03   4.4716294540E-03   7.9429242343E-06   5.9882019211E-03
    1     -8.2639898318E-06  -3.8372672339E-03   7.1730625744E-03   5.3131093924E-06   1.3838606212E-02
    2      8.4756286937E-03  -1.1556751983E-05   5.3333788964E-06  -2.2278411183E-03   3.9665175505E-06
    3      4.6049266721E-06  -1.6649772450E-03   1.9349535212E-03  -1.0395345622E-06   3.6384076515E-03
    4      1.0284222066E-05   5.4633820416E-03  -6.0731356107E-03  -8.2129630132E-06  -1.9554418295E-02
    5     -1.3065143724E-03   3.4331016491E-06  -1.7646880799E-07   2.8996912511E-04   1.7417411935E-06
    6     -2.9992240661E-06   2.2531658370E-03  -6.1749340111E-03  -9.5436393019E-08  -6.6893982466E-02
    7      3.0909590119E-06   1.2396304438E-03   2.4115563543E-03  -7.5877871726E-08   4.0675265995E-02
    8      5.5517618513E-03   4.6782302901E-07   1.4257400554E-06  -2.1970403497E-04  -9.2088481790E-06
    9      1.5379111973E-05  -2.9404120712E-03   2.0946683057E-02   4.1581683092E-06  -2.2232311401E-01
   10      3.1361890077E-05   1.7246565193E-02  -2.6972031752E-02  -3.0459628681E-05   1.2282521631E-01
   11      2.7017847435E-03  -6.8942705997E-06   6.5615055000E-06  -2.2061960757E-03  -7.7740429283E-06
   12     -8.0388670965E-05  -7.6575055818E-02   3.4705269595E-02   3.7589287283E-05   2.2905104129E-02
   13     -4.0342336195E-06   2.3916907528E-02   3.3171933002E-02  -6.2569297874E-06   2.3005251929E-02
   14     -6.9623702946E-02   6.8513127322E-05  -9.0385070783E-06   1.9010787568E-02  -6.3163207230E-06
   15      3.0504746556E-05   6.8220542446E-03  -1.2546571796E-02  -1.6760884685E-05  -1.2656272293E-02
   16     -1.9163573480E-05  -1.2578547122E-02   3.6596118991E-03   1.7395896549E-05   5.9104543523E-04
   17     -4.4729952901E-03   1.3005151145E-06  -4.3342760113E-06   5.7403926009E-03   2.6696547735E-06
   18     -4.2129931890E-04  -4.2914998221E-01   2.2867230330E-01   4.8860478930E-04  -4.2267659374E-02
   19     -1.0534376025E-04   2.5150624453E-01  -3.0165883815E-01  -3.2998144498E-04   5.6077638013E-03
   20      1.8413230233E-01   3.9377309116E-04  -2.5165812786E-04  -6.4122632770E-02   1.9968125770E-05
   21      3.9377309116E-04   5.1538910702E-01  -2.8499795395E-01  -4.9140741573E-04   8.3538425213E-03
   22     -2.5165812786E-04  -2.8499795395E-01   3.0742288257E-01   3.1167816683E-04  -4.7540072215E-02
   23     -6.4122632770E-02  -4.9140741573E-04   3.1167816683E-04   3.3093540337E-02  -2.9829933363E-05
   24      1.9968125770E-05   8.3538425213E-03  -4.7540072215E-02  -2.9829933363E-05   5.7631073470E-01
   25     -9.1069041644E-07  -1.7267607196E-02  -1.3418258279E-02   1.8868545216E-06   2.0689213957E-02
   26     -2.7583223325E-03   6.8390477309E-06  -9.0428444200E-06   5.2653210380E-03   2.8741344757E-05
   27      1.1671496168E-07  -1.1411674363E-03   1.2309990249E-05   1.0056386985E-06   3.5223404394E-04
   28     -1.2897833491E-06  -2.5412620325E-04   5.6388349913E-05   9.2689696874E-07   3.2827392576E-04
   29      1.3052511205E-03  -5.7780936678E-07  -6.1065761119E-07  -6.6429142282E-04  -2.9270869130E-06
   30      5.0269800019E-07  -1.5749503397E-04  -9.5513869810E-05  -6.9754256834E-07  -1.6828809815E-03
   31      4.7113061889E-07   1.4038116060E-05   1.2838749848E-04  -1.7047054033E-07   1.1501192360E-03
   32     -1.0933544459E-03   2.9302477210E-07   2.5776533704E-07   1.7240637982E-04   2.2479594269E-06
   33      2.5315564184E-07   8.5140398554E-05   7.0828931106E-04   5.0352767317E-07   2.8063334737E-03
   34      4.8334565882E-07  -2.7438876815E-04   5.3085416120E-04   8.0551166501E-07   3.7980863116E-04
   35      1.5806007214E-06  -9.7755454006E-08   1.7862665354E-07  -4.8484065483E-06   2.6562298446E-06
   36     -2.4077817987E-06   6.7552763561E-04  -1.3942484618E-03  -9.4884054427E-07  -1.1981793209E-04
   37      2.5080919377E-06   9.9292693120E-04   3.0580491227E-04  -1.0455948087E-06   1.0220379437E-04
   38     -4.1274785035E-03   2.4663862926E-06  -1.3870685345E-06   6.5014130989E-04  -1.8267555814E-06
   39      4.5134012406E-05   3.2622375893E-03   4.2602330361E-02  -9.1319070818E-06   2.7033752672E-03
   40      3.7390550106E-04   2.4115839756E-02  -3.2101916281E-02   9.0954439113E-06  -1.5019941010E-03
   41     -5.5944527277E-02   2.3377144032E-05  -5.1539912805E-05   1.5276853480E-02   8.8992503105E-06
   42     -1.8887593966E-05  -1.7819159877E-02   1.8818049651E-02   2.4576858145E-05  -2.7711450665E-01
   43     -2.2844817914E-05  -5.4081680027E-03   2.5363698753E-02   2.4403841417E-05  -1.6066735982E-01
   44      1.2812186010E-03  -4.3989566728E-06   7.0498682873E-06  -1.0053898011E-02  -1.6810783797E-05
                   25                 26                 27                 28                 29        
    0      2.6018356239E-03   7.2394309104E-07  -2.1926579228E-01   1.3796907954E-01   6.5541866741E-06
    1     -1.6300418742E-03   3.4845739705E-06   1.3777984278E-01  -1.7532649878E-01   3.4976712562E-07
    2      4.0657586521E-06  -1.3440509245E-03   3.5157306740E-06  -2.0937226518E-08  -3.0445462474E-02
    3     -5.7324921371E-03   1.3426508934E-06   7.8845371758E-03   2.5532694998E-02   1.2785632395E-06
    4     -1.5507600854E-03  -1.6654021013E-06  -5.7541627377E-03  -1.5584506154E-02  -3.0853499313E-06
    5      2.7346544456E-06   5.3566584972E-03  -1.2998611264E-06   2.4422661510E-06   1.0893378784E-04
    6      5.0140394513E-03  -6.1283979654E-06   1.0713370920E-03  -2.8749346637E-03  -2.5840826073E-06
    7      1.8764625360E-02   3.2544002275E-06  -1.7749344460E-03  -4.7728769099E-03  -1.3782030462E-06
    8      2.4353271465E-06   7.2102386620E-03   2.1931099073E-06  -1.7308731816E-06   6.4184690587E-03
    9      8.9145945112E-02  -1.2450930671E-05  -3.6350279050E-04  -1.3381010463E-03   3.3886067461E-06
   10     -2.2046447954E-01  -9.5628782725E-07  -1.1222745230E-03  -7.5135519580E-04   3.1071867146E-07
   11     -7.0145531309E-07  -4.8765138246E-02  -4.2684421166E-07   2.0323724302E-07  -7.3135979451E-04
   12      3.5136304502E-02   1.6322712947E-05  -3.7955105008E-03  -2.5915819760E-03  -3.0446683726E-06
   13     -4.2297404177E-02   1.0994950144E-05  -3.9512865729E-03   1.7048591999E-04   2.4944700702E-06
   14     -1.1780776974E-05   1.0790536325E-02  -1.7433113454E-06  -4.0890689905E-06   7.9962773238E-03
   15     -6.3563925076E-03  -7.3961394211E-06  -1.8667056138E-02  -9.6993051735E-03  -3.1923808830E-06
   16     -3.2421916236E-03  -5.5621561886E-06   2.1545094353E-02   1.0414556303E-02   2.5071726584E-06
   17     -4.9327403247E-06   6.4177736075E-03   5.1746307892E-06  -4.2172471158E-06   1.3425643774E-04
   18      7.2059790300E-03  -1.5697256700E-05   1.6474933954E-04  -1.9923846394E-04   8.0219004898E-07
   19      4.3537646395E-03   8.4301380472E-06   1.7171989234E-03   5.8833413401E-04  -1.4486612826E-06
   20     -9.1069041644E-07  -2.7583223325E-03   1.1671496168E-07  -1.2897833491E-06   1.3052511205E-03
   21     -1.7267607196E-02   6.8390477309E-06  -1.1411674363E-03  -2.5412620325E-04  -5.7780936678E-07
   22     -1.3418258279E-02  -9.0428444200E-06   1.2309990249E-05   5.6388349913E-05  -6.1065761119E-07
   23      1.8868545216E-06   5.2653210380E-03   1.0056386985E-06   9.2689696874E-07  -6.6429142282E-04
   24      2.0689213957E-02   2.8741344757E-05   3.5223404394E-04   3.2827392576E-04  -2.9270869130E-06
   25      4.0864103554E-01   4.5357257138E-06   1.7081230444E-04   2.6014827478E-04   3.2467462413E-08
   26      4.5357257138E-06   4.1800144187E-02   3.4039354154E-07  -4.8153310164E-07  -8.0750192323E-04
   27      1.7081230444E-04   3.4039354154E-07   2.3192625201E-01  -1.4824267059E-01  -5.2530943939E-06
   28      2.6014827478E-04  -4.8153310164E-07  -1.4824267059E-01   1.8413534875E-01   4.3331614106E-06
   29      3.2467462413E-08  -8.0750192323E-04  -5.2530943939E-06   4.3331614106E-06   2.3696634110E-02
   30     -6.2956645405E-04   3.5837348635E-07   6.5395370081E-04  -1.7339371901E-04  -4.6983384220E-07
   31      7.0919226717E-04  -8.1604187169E-08   3.5358240000E-04   1.0502310310E-03  -5.2085047021E-08
   32      8.9424959375E-07  -2.0922639554E-04  -5.2591823567E-07  -1.3040787873E-07  -3.2376574208E-03
   33      1.4175268382E-03   4.8099938981E-08   2.6501141999E-04   1.2656484556E-03  -6.0956796430E-08
   34      1.2433854437E-03  -8.0482863123E-08  -3.1502545734E-04  -8.2315343492E-04  -6.1885413345E-07
   35     -1.6632730455E-06  -3.5125213422E-03   3.0615645297E-08  -2.2923771628E-07   4.8596433267E-04
   36      1.5209881028E-03   9.8683808308E-07   1.0730594902E-03   4.0430814412E-04   2.9445985142E-07
   37     -1.5813750157E-03  -1.8200007801E-06  -4.2078833589E-05   7.2024981451E-04  -6.6321603843E-07
   38     -3.4041412703E-07   4.3547872949E-04   4.6392754950E-07   8.8164351483E-07  -4.1546772545E-03
   39      1.3299432177E-03   6.7907502144E-07  -5.8429654368E-05  -1.2881013357E-05  -1.8568652030E-07
   40     -7.2530415526E-04  -1.1225562333E-06  -1.2532342295E-04  -7.5188267986E-06  -3.2848143122E-07
   41      1.1637336922E-05  -9.0867742129E-04   1.1833090372E-06  -7.6202248295E-08  -5.2434773869E-05
   42     -1.3417545464E-01  -1.0906806874E-05  -9.9675469234E-05  -8.8087341351E-05   1.4170599342E-06
   43     -1.4906233678E-01  -8.6946159269E-06  -2.7676903372E-04  -1.2983327000E-04   1.4374946100E-06
   44     -9.0853287304E-06  -1.8970712460E-02  -2.1450828995E-07   1.9834203297E-07  -5.2401107975E-05
                   30                 31                 32                 33                 34        
    0     -2.0331299206E-03  -3.0264407218E-02   1.7944245391E-06  -3.3130031738E-03   3.8727579046E-03
    1      2.5287392365E-04  -4.5441630140E-03   2.8532585549E-06   3.0046637039E-03   1.7435920025E-04
    2     -8.9805272258E-08  -8.0338134663E-08   3.9568277695E-03   1.6937113503E-06   1.0461151101E-06
    3     -3.0293188074E-01  -8.5881027823E-02  -8.5202459247E-06   8.9068442797E-03  -5.7469644241E-03
    4     -8.5340473983E-02  -8.9224380549E-02  -1.4884476736E-06   2.4420797930E-02  -1.5260506877E-02
    5     -7.2653446621E-06  -1.3919440980E-06  -3.8709358057E-02   8.8779288655E-07   1.8505533872E-06
    6     -1.8619791648E-02   2.0802456374E-02   8.4566999280E-06  -6.7503413896E-02  -5.2201286718E-02
    7     -9.8624664321E-03   1.0448137490E-02  -2.1371506746E-06  -5.0767069299E-02  -3.2707564156E-01
    8      2.1901074546E-06  -1.2742711496E-06   4.1482631148E-03   4.6835236434E-06  -3.0514872298E-06
    9     -7.1252480005E-04   3.2650415165E-03  -5.0707353756E-06  -4.6451814453E-04   9.1040097598E-04
   10      3.9775960406E-03  -2.7053884451E-03  -4.4441579252E-06  -3.1667806977E-02  -8.9563416273E-03
   11     -6.3419288927E-08   1.9399880994E-07   9.1504627593E-03  -4.9540926053E-07   1.0407887625E-06
   12      3.8508285027E-04   1.0465234519E-03   1.0951866673E-06  -5.7150331526E-03  -2.0582714612E-03
   13      5.4617087744E-04  -6.5127693994E-04  -4.7935794808E-07  -6.6676756426E-04   9.5080385982E-04
   14      1.9885703262E-06  -4.0206993870E-07  -1.3625148092E-03  -4.3879356387E-06  -3.9317188556E-06
   15      1.7544863423E-03  -6.6127488146E-04  -3.7879624076E-06  -1.4685025261E-03   8.4645407166E-05
   16     -1.3312031166E-03  -6.3309733032E-03   1.2456751744E-06   5.4907820386E-04   8.3443861798E-04
   17      5.6033417220E-06   1.1471093510E-06   6.5853308927E-03   1.2555162206E-07   1.3782357436E-07
   18      2.0200603824E-04  -2.1969025670E-04  -1.9634380238E-06   6.6913137798E-04   8.1217975734E-04
   19      4.3917231457E-05  -1.2057997114E-04   6.8111739073E-07  -1.9967518776E-03  -6.6072180435E-04
   20      5.0269800019E-07   4.7113061889E-07  -1.0933544459E-03   2.5315564184E-07   4.8334565882E-07
   21     -1.5749503397E-04   1.4038116060E-05   2.9302477210E-07   8.5140398554E-05  -2.7438876815E-04
   22     -9.5513869810E-05   1.2838749848E-04   2.5776533704E-07   7.0828931106E-04   5.3085416120E-04
   23     -6.9754256834E-07  -1.7047054033E-07   1.7240637982E-04   5.0352767317E-07   8.0551166501E-07
   24     -1.6828809815E-03   1.1501192360E-03   2.2479594269E-06   2.8063334737E-03   3.7980863116E-04
   25     -6.2956645405E-04   7.0919226717E-04   8.9424959375E-07   1.4175268382E-03   1.2433854437E-03
   26      3.5837348635E-07  -8.1604187169E-08  -2.0922639554E-04   4.8099938981E-08  -8.0482863123E-08
   27      6.5395370081E-04   3.5358240000E-04  -5.2591823567E-07   2.6501141999E-04  -3.1502545734E-04
   28     -1.7339371901E-04   1.0502310310E-03  -1.3040787873E-07   1.2656484556E-03  -8.2315343492E-04
   29     -4.6983384220E-07  -5.2085047021E-08  -3.2376574208E-03  -6.0956796430E-08  -6.1885413345E-07
   30      3.2242986957E-01   9.2161223739E-02   1.0497454614E-06   9.9062169591E-04   8.4769289339E-06
   31      9.2161223739E-02   9.1111540309E-02   2.1734793292E-06  -4.0376581000E-04   8.3168749668E-04
   32      1.0497454614E-06   2.1734793292E-06   2.5400301439E-02  -7.4409472753E-07  -1.3565789228E-08
   33      9.9062169591E-04  -4.0376581000E-04  -7.4409472753E-07   6.5368192289E-02   5.4797931405E-02
   34      8.4769289339E-06   8.3168749668E-04  -1.3565789228E-08   5.4797931405E-02   3.4841856913E-01
   35      6.6558028225E-08   4.1646674611E-07  -4.3599657537E-03  -2.9847163775E-06   1.1156229245E-06
   36     -2.6206443967E-04  -1.6204755548E-03   7.2539051613E-07   1.0108635749E-04  -6.7647372363E-05
   37      4.5634710276E-05  -4.9237259648E-04   4.5583716393E-07  -2.5404604968E-05  -3.6705159998E-05
   38      6.9807202941E-08  -5.5358007296E-07  -2.2947745779E-04  -3.0017335392E-07  -3.2958571698E-07
   39      1.2945174102E-06   6.5949192281E-05   3.5496170588E-07  -5.6026986385E-04  -2.0177425779E-04
   40     -3.7764931119E-05   8.3840962656E-05   1.1745841137E-07  -2.6315176383E-04  -1.4841419628E-04
   41      2.8064110303E-06   8.7085603340E-07   2.2920264620E-04   1.0061540950E-06   1.1988094918E-06
   42     -1.7547143993E-05   1.7981575877E-04  -9.1185065280E-07  -1.6762053577E-04  -1.1763943088E-05
   43      4.4638081321E-04  -2.9388223555E-04  -1.3409245118E-06  -3.6229656024E-04  -2.2613257155E-05
   44     -5.4281474714E-07   8.8493725895E-08  -4.4124066164E-04   2.0662670549E-07  -2.1784051213E-08
                   35                 36                 37                 38                 39        
    0     -1.4002002829E-07  -1.9300693656E-04   4.5240045297E-04   7.9903726736E-06   4.2261700253E-05
    1      4.8773949125E-07  -3.0365328036E-02  -6.2399849471E-03  -9.4475830794E-07   7.3483206041E-04
    2      7.6962241104E-03  -3.9460254373E-06   2.7409815359E-07   3.4448403661E-03  -8.0265302978E-07
    3      4.9193579180E-07  -5.9698583159E-03  -2.3740282056E-03  -6.9664380471E-07   2.8069480306E-04
    4     -2.3665255848E-06  -1.2378478761E-03   1.2085104591E-03  -6.5668816426E-06  -8.0954649414E-05
    5      1.2513386767E-03  -1.4152659294E-06   1.5506733896E-06   7.7979065256E-03   7.5496569425E-07
    6      3.5729145851E-06  -7.0484268370E-04   9.7727997296E-05  -6.2932693875E-06   4.7504997088E-04
    7      1.1828565799E-06   5.2174347307E-04   5.8142364572E-04  -1.5351313545E-07  -2.0977787202E-03
    8     -3.3052442101E-02  -1.5384529009E-07  -2.1742814507E-06  -1.0336150695E-03  -3.4542567564E-06
    9     -4.2752262803E-06  -4.0880691722E-03   3.8401939435E-03   1.9717179178E-06  -6.8428813432E-03
   10      2.8604067792E-06   2.1681693788E-03   6.6391046333E-04   4.2179683477E-06   8.2108082303E-04
   11      4.7726372161E-03  -2.8921887996E-06   4.6317299433E-06   6.2272430592E-03  -7.9760270736E-07
   12      3.8949768905E-07   8.8378210635E-03  -3.4668197767E-03   1.2964109231E-05  -9.3449466893E-04
   13     -2.5776821042E-06   2.2021827566E-02  -1.8071533956E-02  -8.0370678650E-06  -2.7812351517E-02
   14      5.5017729038E-03   5.6233485269E-06  -6.6223105665E-06   1.9688470824E-03   4.0358415217E-05
   15      2.7663821324E-07  -6.9614441645E-02  -5.3229208197E-02  -1.9574752677E-05   1.4095392688E-03
   16     -1.5310926792E-07  -5.1677267472E-02  -3.1718769366E-01  -6.4548968994E-06  -2.2493292650E-03
   17     -8.0272198894E-04  -4.3919144064E-06  -1.4752019601E-05  -3.4592121769E-02  -9.9101447380E-07
   18     -5.7951113017E-07   5.9888874070E-04  -4.2276773534E-03  -4.8013765658E-06  -6.7844983286E-02
   19      7.2654104347E-07   3.1866664325E-03   1.1529488470E-04  -3.9081180016E-08  -4.2749261061E-02
   20      1.5806007214E-06  -2.4077817987E-06   2.5080919377E-06  -4.1274785035E-03   4.5134012406E-05
   21     -9.7755454006E-08   6.7552763561E-04   9.9292693120E-04   2.4663862926E-06   3.2622375893E-03
   22      1.7862665354E-07  -1.3942484618E-03   3.0580491227E-04  -1.3870685345E-06   4.2602330361E-02
   23     -4.8484065483E-06  -9.4884054427E-07  -1.0455948087E-06   6.5014130989E-04  -9.1319070818E-06
   24      2.6562298446E-06  -1.1981793209E-04   1.0220379437E-04  -1.8267555814E-06   2.7033752672E-03
   25     -1.6632730455E-06   1.5209881028E-03  -1.5813750157E-03  -3.4041412703E-07   1.3299432177E-03
   26     -3.5125213422E-03   9.8683808308E-07  -1.8200007801E-06   4.3547872949E-04   6.7907502144E-07
   27      3.0615645297E-08   1.0730594902E-03  -4.2078833589E-05   4.6392754950E-07  -5.8429654368E-05
   28     -2.2923771628E-07   4.0430814412E-04   7.2024981451E-04   8.8164351483E-07  -1.2881013357E-05
   29      4.8596433267E-04   2.9445985142E-07  -6.6321603843E-07  -4.1546772545E-03  -1.8568652030E-07
   30      6.6558028225E-08  -2.6206443967E-04   4.5634710276E-05   6.9807202941E-08   1.2945174102E-06
   31      4.1646674611E-07  -1.6204755548E-03  -4.9237259648E-04  -5.5358007296E-07   6.5949192281E-05
   32     -4.3599657537E-03   7.2539051613E-07   4.5583716393E-07  -2.2947745779E-04   3.5496170588E-07
   33     -2.9847163775E-06   1.0108635749E-04  -2.5404604968E-05  -3.0017335392E-07  -5.6026986385E-04
   34      1.1156229245E-06  -6.7647372363E-05  -3.6705159998E-05  -3.2958571698E-07  -2.0177425779E-04
   35      2.3631142308E-02   1.2489008577E-07   2.1637242609E-07  -9.3849743951E-04   1.8192028279E-07
   36      1.2489008577E-07   6.9524215217E-02   5.7330709928E-02   5.0310868942E-06  -3.6719404313E-04
   37      2.1637242609E-07   5.7330709928E-02   3.3951653204E-01   1.8232249592E-05   1.0988869307E-03
   38     -9.3849743951E-04   5.0310868942E-06   1.8232249592E-05   2.4421524550E-02   8.1228756285E-07
   39      1.8192028279E-07  -3.6719404313E-04   1.0988869307E-03   8.1228756285E-07   7.1180759116E-02
   40      4.3150026815E-07  -1.0580400803E-03   6.6280185973E-04   8.7791860685E-07   3.0572819939E-02
   41     -1.5899872634E-04   4.2144567566E-06  -2.0138322823E-06   1.9750578809E-04  -7.6438668516E-05
   42     -1.4882829770E-07   5.0869666389E-04  -6.2125968966E-04   8.7514254506E-07  -2.7469593730E-03
   43     -2.5739712834E-07   2.9223379981E-04  -1.6486274858E-04   6.9277985099E-07  -2.0240598878E-03
   44     -5.1066439045E-04   3.5249923529E-09   1.1264904902E-06  -6.7619916996E-05   2.3443078064E-06
                   40                 41                 42                 43                 44        
    0     -6.4494951716E-04   3.5373389273E-06  -1.7318137538E-03  -3.0464399277E-03  -1.3137982871E-06
    1      4.1649713643E-04  -8.0408682351E-06  -3.8188791267E-03  -4.5899957834E-03  -8.5974864178E-08
    2     -4.8164203170E-08  -6.0986710104E-04  -2.7000799461E-06  -1.9719388061E-06   4.1186279504E-05
    3      6.3779238825E-05  -1.2335118773E-06  -2.8697863459E-03  -1.2655296420E-03  -3.5759089968E-07
    4      1.2588262009E-04   1.8333171967E-06   3.1423874473E-03   5.9399488863E-03   7.0740014328E-07
    5      6.7123947730E-07   3.0624022463E-04  -4.4990740148E-06  -2.7823271543E-06   1.6721317943E-03
    6      1.1659900284E-04   2.2560133789E-06   5.9185317388E-03   1.1037732642E-02   2.3795172053E-06
    7     -7.3392986389E-04   5.2104152052E-06   3.2297193172E-03  -5.6467319402E-03   7.5481225713E-08
    8     -4.5352324975E-06  -2.0638225192E-03  -4.7221224045E-07   8.7836640820E-07   3.8250135581E-03
    9     -2.7601033736E-03  -8.5386823387E-06  -5.5580375886E-02   1.8970391666E-02  -8.2030281632E-06
   10      1.1318245285E-03  -1.1077258172E-05   2.6455466399E-03   2.8260541969E-02  -4.2500433111E-06
   11      4.4764495648E-06   4.4723164286E-03  -4.8992194825E-06  -9.6008996113E-07  -1.2239535465E-03
   12     -9.2499862120E-05  -4.6865830305E-05  -6.8982949006E-03  -8.8167155263E-03  -4.2125262747E-07
   13     -1.2476387580E-02  -1.7126830273E-05  -6.4693913161E-03  -6.8634832769E-03   1.5290136342E-06
