*************************************************
******************* ORCA 6.0.0 ******************
*************************************************
$Calculation_Status
   &GeometryIndex 1
   &ListStatus       OUT
   &VERSION [&Type "String"] "6.0.0"
   &PROGNAME [&Type "String"] "LeanSCF"
   &STATUS [&Type "String"] "NORMAL TERMINATION"
$End
$Geometry
   &GeometryIndex 1
   &ListStatus       OUT
   &NATOMS [&Type "Integer"] 13
   &NCORELESSECP [&Type "Integer"] 0
   &NGHOSTATOMS [&Type "Integer"] 0
   &CartesianCoordinates [&Type "Coordinates", &Dim(13,4), &Units "Bohr"] 
              C     -3.539877239645    0.011336677593    0.000125947034
              C     -2.214664416226   -2.266239931520    0.000875431694
              C      0.414226185221   -2.290771832737    0.000915174525
              C      1.726489097546   -0.005169604354    0.000217909234
              C      0.426446584737    2.287880903997   -0.000567694896
              C     -2.204489291872    2.280511648219   -0.000614317274
              O      4.328258795495   -0.114367604936    0.000363279062
              H     -5.589760475517    0.016903749178    0.000103565874
              H     -3.233318877804   -4.047185650494    0.001530651145
              H      1.457702800690   -4.056240448820    0.001545347735
              H      1.476266427478    4.052751489222   -0.001141366995
              H     -3.210733650374    4.068541740330   -0.001232775316
              H      4.989030314214    1.590387458681   -0.000160518251
$End
$SCF_Energy
   &GeometryIndex 1
   &ListStatus       OUT
   &SCF_ENERGY [&Type "Double"]      -3.0742170496276970e+02
$End
$DFT_Energy
   &GeometryIndex 1
   &ListStatus       OUT
   &NALPHAEL [&Type "Integer"] 25
   &NBETAEL [&Type "Integer"] 25
   &NTOTALEL [&Type "Integer"] 50
   &EEXCHANGE [&Type "Double"]      -4.1644219012736009e+01
   &ECORR [&Type "Double"]      -1.6157332514564076e+00
   &ECNL [&Type "Double"]       0.0000000000000000e+00
   &EXC [&Type "Double"]      -4.3259952264192414e+01
   &EEMBED [&Type "Double"]       0.0000000000000000e+00
   &FINALEN [&Type "Double"]      -3.0742170496276970e+02  "No Van der Waals correction"
$End
$Mulliken_Population_Analysis
   &GeometryIndex 1
   &ListStatus       OUT
   &NATOMS [&Type "Integer"] 13
   &ATNO [&Type "ArrayOfIntegers", &Dim (13,1)] 
                                                         0

0                                                        6
1                                                        6
2                                                        6
3                                                        6
4                                                        6
5                                                        6
6                                                        8
7                                                        1
8                                                        1
9                                                        1
10                                                       1
11                                                       1
12                                                       1
   &ATOMICCHARGES [&Type "ArrayOfDoubles", &Dim (13,1)] 
                                                         0

0                                     -1.5447440940814339e-01
1                                     -6.5267783200105178e-02
2                                     -2.2134868084454862e-01
3                                      3.1461780898665737e-01
4                                     -2.2143199364000576e-01
5                                     -9.8654946343883054e-02
6                                     -4.0098683662059642e-01
7                                      1.0710409380566943e-01
8                                      1.1000689530521957e-01
9                                      1.1174194815637006e-01
10                                     9.5281480119804307e-02
11                                     1.1059653528708280e-01
12                                     3.1281588839655583e-01
$End
$Loewdin_Population_Analysis
   &GeometryIndex 1
   &ListStatus       OUT
   &NATOMS [&Type "Integer"] 13
   &ATNO [&Type "ArrayOfIntegers", &Dim (13,1)] 
                                                         0

0                                                        6
1                                                        6
2                                                        6
3                                                        6
4                                                        6
5                                                        6
6                                                        8
7                                                        1
8                                                        1
9                                                        1
10                                                       1
11                                                       1
12                                                       1
   &ATOMICCHARGES [&Type "ArrayOfDoubles", &Dim (13,1)] 
                                                         0

0                                     -1.6080542481269777e-01
1                                     -1.3772105383852029e-01
2                                     -1.2263490552801493e-01
3                                     -2.6520670770197707e-01
4                                     -1.4920953136829240e-01
5                                     -1.4114099454604201e-01
6                                      7.1216124743180842e-02
7                                      1.4160233430183533e-01
8                                      1.4411383725861926e-01
9                                      1.4879192507982730e-01
10                                     1.4038682936634228e-01
11                                     1.4363415041003236e-01
12                                     1.8697341663576539e-01
$End
$Mayer_Population_Analysis
   &GeometryIndex 1
   &ListStatus       OUT
   &NATOMS [&Type "Integer"] 13 "Total number of atoms"
   &BONDTHRESH [&Type "Double"]       1.0000000000000001e-01  "The threshold for printing"
   &NBONDORDERSPRINT [&Type "Integer"] 13 "The number of bond orders larger than threshold"
   &BONDORDERS [&Type "ArrayOfDoubles", &Dim (13,1)] "The bond orders"
                                                         0

0                                      1.3872532242719424e+00
1                                      1.4063170850784441e+00
2                                      9.7234025411029146e-01
3                                      1.4117893838982005e+00
4                                      9.7056245940612318e-01
5                                      1.3721764258787301e+00
6                                      9.7745012078843008e-01
7                                      1.3328982205381970e+00
8                                      1.1006660535226671e+00
9                                      1.3928793906427268e+00
10                                     9.6641305993450444e-01
11                                     9.5835531052781797e-01
12                                     8.8626066943751414e-01
   &COMPONENTS [&Type "ArrayOfIntegers", &Dim (13,4)] "The indices and atomic numbers of the bonding atoms"
                                                         0                           1                           2                           3

0                                                        0                           6                           1                           6
1                                                        0                           6                           5                           6
2                                                        0                           6                           7                           1
3                                                        1                           6                           2                           6
4                                                        1                           6                           8                           1
5                                                        2                           6                           3                           6
6                                                        2                           6                           9                           1
7                                                        3                           6                           4                           6
8                                                        3                           6                           6                           8
9                                                        4                           6                           5                           6
10                                                       4                           6                          10                           1
11                                                       5                           6                          11                           1
12                                                       6                           8                          12                           1
   &ATNO [&Type "ArrayOfIntegers", &Dim (13,1)] "Atomic number of the elements"
                                                         0

0                                                        6
1                                                        6
2                                                        6
3                                                        6
4                                                        6
5                                                        6
6                                                        8
7                                                        1
8                                                        1
9                                                        1
10                                                       1
11                                                       1
12                                                       1
   &NA [&Type "ArrayOfDoubles", &Dim (13,1)] "Mulliken gross atomic population"
                                                         0

0                                      6.1544744094081159e+00
1                                      6.0652677832000972e+00
2                                      6.2213486808445690e+00
3                                      5.6853821910133489e+00
4                                      6.2214319936399773e+00
5                                      6.0986549463439053e+00
6                                      8.4009868366205946e+00
7                                      8.9289590619433234e-01
8                                      8.8999310469477944e-01
9                                      8.8825805184362883e-01
10                                     9.0471851988019691e-01
11                                     8.8940346471291665e-01
12                                     6.8718411160344350e-01
   &ZA [&Type "ArrayOfDoubles", &Dim (13,1)] "Total nuclear charge"
                                                         0

0                                      6.0000000000000000e+00
1                                      6.0000000000000000e+00
2                                      6.0000000000000000e+00
3                                      6.0000000000000000e+00
4                                      6.0000000000000000e+00
5                                      6.0000000000000000e+00
6                                      8.0000000000000000e+00
7                                      1.0000000000000000e+00
8                                      1.0000000000000000e+00
9                                      1.0000000000000000e+00
10                                     1.0000000000000000e+00
11                                     1.0000000000000000e+00
12                                     1.0000000000000000e+00
   &QA [&Type "ArrayOfDoubles", &Dim (13,1)] "Mulliken gross atomic charge"
                                                         0

0                                     -1.5447440940811585e-01
1                                     -6.5267783200097185e-02
2                                     -2.2134868084456905e-01
3                                      3.1461780898665115e-01
4                                     -2.2143199363997734e-01
5                                     -9.8654946343905259e-02
6                                     -4.0098683662059464e-01
7                                      1.0710409380566766e-01
8                                      1.1000689530522056e-01
9                                      1.1174194815637117e-01
10                                     9.5281480119803086e-02
11                                     1.1059653528708335e-01
12                                     3.1281588839655650e-01
   &VA [&Type "ArrayOfDoubles", &Dim (13,1)] "Mayer's total valence"
                                                         0

0                                      3.9211924682513799e+00
1                                      3.8659846283772898e+00
2                                      3.9274831297569515e+00
3                                      3.8854833443454244e+00
4                                      3.8543727271645141e+00
5                                      3.8987371330075682e+00
6                                      2.0771305492774648e+00
7                                      9.7749378472222392e-01
8                                      9.7363834817981187e-01
9                                      9.8953362390859123e-01
10                                     9.8477912315902227e-01
11                                     9.7480552314650160e-01
12                                     9.2027456428135557e-01
   &BVA [&Type "ArrayOfDoubles", &Dim (13,1)] "Mayer's bonded valence"
                                                         0

0                                      3.9211924682514541e+00
1                                      3.8659846283775603e+00
2                                      3.9274831297569857e+00
3                                      3.8854833443453014e+00
4                                      3.8543727271643542e+00
5                                      3.8987371330074625e+00
6                                      2.0771305492774159e+00
7                                      9.7749378472218040e-01
8                                      9.7363834817981842e-01
9                                      9.8953362390859001e-01
10                                     9.8477912315899285e-01
11                                     9.7480552314652857e-01
12                                     9.2027456428136523e-01
   &FA [&Type "ArrayOfDoubles", &Dim (13,1)] "Mayer's free valence"
                                                         0

0                                      0.0000000000000000e+00
1                                      0.0000000000000000e+00
2                                      0.0000000000000000e+00
3                                      0.0000000000000000e+00
4                                      0.0000000000000000e+00
5                                      0.0000000000000000e+00
6                                      0.0000000000000000e+00
7                                      0.0000000000000000e+00
8                                      0.0000000000000000e+00
9                                      0.0000000000000000e+00
10                                     0.0000000000000000e+00
11                                     0.0000000000000000e+00
12                                     0.0000000000000000e+00
$End
$VdW_Correction
   &GeometryIndex 1
   &ListStatus       OUT
   &VDW [&Type "Double"]      -3.7689390119077988e-03
$End
$Calculation_Info
   &GeometryIndex 1
   &ListStatus       OUT
   &MULT [&Type "Integer"] 1
   &CHARGE [&Type "Integer"] 0
   &NUMOFATOMS [&Type "Integer"] 13
   &NUMOFELECTRONS [&Type "Integer"] 50
   &NUMOFFCELECTRONS [&Type "Integer"] 1
   &NUMOFCORRELECTRONS [&Type "Integer"] 0
   &NUMOFBASISFUNCTS [&Type "Integer"] 253
   &NUMOFAUXCBASISFUNCTS [&Type "Integer"] 0
   &NUMOFAUXJBASISFUNCTS [&Type "Integer"] 276
   &NUMOFAUXJKBASISFUNCTS [&Type "Integer"] 0
   &NUMOFCABSBASISFUNCTS [&Type "Integer"] 0
   &TOTALENERGY [&Type "Double"]      -3.0742179608798165e+02  "Hartrees"
$End
$SCF_Dipole_Moment
   &GeometryIndex 1
   &ListStatus       OUT
   &METHOD [&Type "String"] "SCF"
   &LEVEL [&Type "String"] "Relaxed density"
   &MULT [&Type "Integer"] 1
   &STATE [&Type "Integer"] -1
   &IRREP [&Type "Integer"] 0
   &NATOMS [&Type "Integer"] 13
   &DODIPOLEATOM [&Type "Boolean"] false
   &DIPOLEELECCONTRIB [&Type "ArrayOfDoubles", &Dim (3,1)] "Electronic contribution"
                                                         0

0                                      2.0364156521163936e+00
1                                     -2.8997324841732741e-01
2                                      9.7504130002951228e-05
   &DIPOLENUCCONTRIB [&Type "ArrayOfDoubles", &Dim (3,1)] "Nuclear contribution"
                                                         0

0                                     -2.0178522040625086e+00
1                                      8.0532559687006544e-01
2                                     -2.4509289449226176e-04
   &DIPOLETOTAL [&Type "ArrayOfDoubles", &Dim (3,1)] "Total"
                                                         0

0                                      1.8563448053884990e-02
1                                      5.1535234845273803e-01
2                                     -1.4758876448931054e-04
   &DIPOLEMAGNITUDE [&Type "Double", &Units "a.u."]       5.1568659711286369e-01
$End
$THERMOCHEMISTRY_Energies
   &GeometryIndex 1
   &ListStatus       OUT
   &TEMPERATURE [&Type "Double"]       2.9814999999999998e+02
   &PRESSURE [&Type "Double"]       1.0000000000000000e+00
   &TOTALMASS [&Type "Double"]       9.4112999999999985e+01
   &SPINDEGENERACY [&Type "Integer"] 1
   &ELENERGY [&Type "Double"]      -3.0742179608798165e+02
   &TRANSENERGY [&Type "Double"]       1.4162714244859817e-03
   &ROTENERGY [&Type "Double"]       1.4162714244859817e-03
   &VIBENERGY [&Type "Double"]       2.6195701968939676e-03
   &NUMOFFREQS [&Type "Integer"] 39
   &FREQSCALINGFACTOR [&Type "Double"]       1.0000000000000000e+00
   &FREQ [&Type "ArrayOfDoubles", &Dim (39,1)] "In cm^-1"
                                                         0

0                                      0.0000000000000000e+00
1                                      0.0000000000000000e+00
2                                      0.0000000000000000e+00
3                                      0.0000000000000000e+00
4                                      0.0000000000000000e+00
5                                      0.0000000000000000e+00
6                                      2.3711786018741367e+02
7                                      4.1812876409774560e+02
8                                      4.1888092053653912e+02
9                                      4.2778046298687218e+02
10                                     5.1158499778717862e+02
11                                     5.3653880984680200e+02
12                                     6.3459574176655519e+02
13                                     6.9413695482325045e+02
14                                     7.5436911960297061e+02
15                                     8.1377803960351139e+02
16                                     8.2331430174659056e+02
17                                     8.7784133508588673e+02
18                                     9.3885114466273194e+02
19                                     9.5958456717241393e+02
20                                     1.0193354101105650e+03
21                                     1.0419939169302725e+03
22                                     1.0940161936162560e+03
23                                     1.1759579637174613e+03
24                                     1.1886363316312609e+03
25                                     1.2027817910971498e+03
26                                     1.2577391946087635e+03
27                                     1.3547494259121213e+03
28                                     1.3739552408794445e+03
29                                     1.4980979342304606e+03
30                                     1.5196678406694496e+03
31                                     1.6274287861970729e+03
32                                     1.6389285998120029e+03
33                                     3.1485664443326682e+03
34                                     3.1594730902369861e+03
35                                     3.1672957983580850e+03
36                                     3.1788416275504383e+03
37                                     3.1862846688594377e+03
38                                     3.7582255467845898e+03
   &ZPE [&Type "Double"]       1.0397210512145022e-01
   &INNERENERGYU [&Type "Double"]      -3.0731237186981434e+02
   &ENTHALPYH [&Type "Double"]      -3.0731142766077210e+02
   &QEL [&Type "Double"]       0.0000000000000000e+00
   &QROT [&Type "Double"]       1.2779929127638862e-02
   &QVIB [&Type "Double"]       3.7501831494014628e-03
   &QTRANS [&Type "Double"]       1.8785311269932253e-02
   &ENTROPYS [&Type "Double"]       3.5315423546972577e-02
   &FREEENERGYG [&Type "Double"]      -3.0734674308431909e+02
   &ISLINEAR [&Type "Boolean"] false
$End
$Hessian
   &GeometryIndex 1
   &ListStatus       OUT
   &HESSIAN [&Type "ArrayOfDoubles", &Dim (39,39)] "The Hessian"
                                                         0                           1                           2                           3                           4                           5                           6                           7

0                                      7.3687943982203186e-01         4.9700201012621700e-04         5.2971942918961029e-06        -1.7567241138209885e-01         1.1507893012410175e-01        -3.9357983245052044e-05        -3.0595589701554050e-02         2.8919227708080926e-02
1                                      4.9700201012621700e-04         6.4490941023931236e-01        -1.6873413391504602e-04         5.8221969172970324e-02        -2.7438331040248692e-01         7.3396739185399278e-05         6.9727987060011723e-02         2.9725207911873816e-02
2                                      5.2971942918961029e-06        -1.6873413391504602e-04         1.1677786110308096e-01        -2.1186263344509289e-05         7.3330623764731562e-05        -5.6214044915744638e-02        -2.0629850963069800e-05        -8.5554248698109084e-06
3                                     -1.7567241138209885e-01         5.8221969172970324e-02        -2.1186263344509289e-05         6.7549450363227814e-01         3.2812640948779732e-02        -1.0997207237703370e-05        -3.3837626579531799e-01         3.0268286348967510e-02
4                                      1.1507893012410175e-01        -2.7438331040248692e-01         7.3330623764731562e-05         3.2812640948779732e-02         7.1089062902424194e-01        -2.0057173531929593e-04        -2.5841808861501309e-02        -1.2775944198735448e-01
5                                     -3.9357983245052044e-05         7.3396739185399278e-05        -5.6214044915744638e-02        -1.0997207237703370e-05        -2.0057173531929593e-04         1.2967470425908259e-01         7.0404724009390923e-06         2.6016368003031869e-05
6                                     -3.0595589701554050e-02         6.9727987060011723e-02        -2.0629850963069800e-05        -3.3837626579531799e-01        -2.5841808861501309e-02         7.0404724009390923e-06         6.9948013327084224e-01        -3.7446418328588381e-02
7                                      2.8919227708080926e-02         2.9725207911873816e-02        -8.5554248698109084e-06         3.0268286348967510e-02        -1.2775944198735448e-01         2.6016368003031869e-05        -3.7446418328588381e-02         7.0823624326976775e-01
8                                     -9.7648628979241552e-06        -8.5355256595230004e-06         5.2801950180116179e-03        -1.4883993908462658e-05         2.4790023120274085e-05        -5.4101181109944177e-02         2.6393101326441865e-05        -1.9376430069250109e-04
9                                      5.2369269041530817e-03        -1.0797873196617932e-03         5.3933931952153860e-07        -3.1050495481151817e-02        -3.0066553994134812e-02         9.7244422189294239e-06        -1.5320911463922762e-01        -1.0312083311491124e-01
10                                    -1.1889083859571228e-03        -7.0674743148358976e-02         2.4810872638541554e-05        -7.7306077442584067e-02         3.8553576809282557e-02        -1.4305849681345095e-05        -3.7748334283631391e-02        -2.8230741627319761e-01
11                                     7.1035584088183913e-07         2.5567232895805473e-05        -3.5127938576069353e-03         2.2969429853499837e-05        -1.4560118803790119e-05         7.1555032610422231e-07         1.0983083853883150e-05         6.7544850685107455e-05
12                                    -3.1652244319664569e-02        -6.9951521549671297e-02         1.8328600651833021e-05        -4.3173667590582984e-02         2.8433613107014893e-02        -9.8676699299021520e-06         5.4118166982310464e-02         1.8186012309055238e-02
13                                    -2.7703129122316511e-02         2.8672823660616638e-02        -7.3612022647156925e-06         2.3341610233737042e-02        -1.6119422809733643e-02         4.3583329468146680e-06        -1.8308238595798297e-02        -4.8985240182588888e-02
14                                     9.1921914786260451e-06        -8.6249664272815740e-06         4.7218885644570302e-03        -9.2717219016683922e-06         5.7150177546411329e-06        -3.7523740065514791e-03         4.0138333180173569e-06         1.5212299479892141e-05
15                                    -1.7688761401627548e-01        -5.9869383333782278e-02         1.9802973985342741e-05         5.7267254441612361e-02        -2.2277494509740054e-02         6.7754330758381300e-06        -4.3151612980891735e-02        -2.4495966446245250e-02
16                                    -1.1678057800623748e-01        -2.7451931788223066e-01         7.1314671726197860e-05         2.1827187828939290e-02        -6.1220302011492547e-02         2.0944775110455578e-05        -2.7936702786215156e-02        -1.6111220461454433e-02
17                                     3.8215668064547095e-05         7.3375488477080096e-05        -5.5108615962961988e-02        -5.2006268765071393e-06         1.9020615900115170e-05         4.8356126887196416e-03         1.0097055429814332e-05         5.2125090403068803e-06
18                                    -6.0224862631471556e-03         7.1443669886909859e-04        -2.8415425436347469e-07         4.9005503135361624e-03        -1.5553657287247344e-03         2.5140146899456350e-07        -4.2133859085074478e-02        -1.2303636837893296e-02
19                                     7.8924904242320959e-05         6.4392262677645685e-03        -4.5031822245687922e-06         5.2223862833355988e-03        -9.7119299515539270e-03         4.6324712839672831e-06        -4.9863895780038726e-02         4.6413269092807578e-03
20                                    -3.5768637062894926e-07        -3.4041621125263913e-06        -1.4524962609701341e-03        -1.4298298605378170e-06         4.2606888443022183e-06         4.9635658480985737e-03         1.3960700776080941e-05         3.0954976242648538e-07
21                                    -3.3398141320055508e-01         7.7455372493203311e-04        -2.3226085514846187e-06        -1.2084419561351381e-02        -2.6319351806895208e-03         1.9943112110858085e-06         8.0641581316303126e-04         3.2817975503031437e-03
22                                     8.2964626403376769e-04        -5.7716827737146516e-02         8.8305117878419034e-06         2.8465506396152543e-02         4.3018371647641955e-03        -1.2387715515158652e-06         2.1913535116642965e-03        -4.5262893964618106e-03
23                                    -3.5023279445909910e-06         9.4905433612495800e-06        -2.9433041645396806e-02        -8.4791081226825411e-06        -1.9865897311650777e-06        -1.3419527755744072e-04        -1.4490487359275984e-06         3.7374573562592752e-06
24                                     1.1658694192729940e-02         1.4241791560124496e-02        -6.1946181627574749e-06        -1.2572894009893237e-01        -1.1754818444744550e-01         4.2932915297830789e-05        -1.1527446115761650e-02        -2.8839928717526039e-02
25                                    -1.6543174785538895e-02        -1.8583478251953063e-02         4.4741973752656488e-06        -1.1790475784830601e-01        -2.6472697079139690e-01         8.2996898526545542e-05         1.6821893619024877e-03         3.0494970520508540e-03
26                                     6.3758045459693774e-06         3.4602578811172282e-06         2.1510346876180697e-03         4.4150285514551389e-05         8.5097334985181320e-05        -3.4965331037606941e-02        -3.8520021493659815e-06        -1.0295319515736493e-06
27                                    -5.5587404325342120e-03        -1.6275949853271233e-03         1.0069308771641640e-06        -1.0375537346288283e-02         2.8592845407698679e-02        -9.9483177534927551e-06        -1.2647151636967846e-01         1.2004085780919507e-01
28                                    -6.4886090792360719e-04         2.1514369848861497e-03         3.8146582625788086e-07        -1.5903358408391119e-03         3.9270075412126508e-03        -1.0419220981554649e-06         1.1868019205274973e-01        -2.6537055598064729e-01
29                                    -3.3421722360328442e-07         6.0160679500764433e-07         7.5550566197334530e-03         2.5365468724129387e-06        -4.9848011810274219e-07         1.1725858614997885e-03        -4.3266900091160529e-05         8.3324762221502079e-05
30                                    -5.7070966108454385e-03         1.8698260535983794e-03        -1.0203829664033042e-06        -9.6720524956508188e-04         7.5609993148290111e-04        -1.8314782318580529e-07        -5.5382208549083125e-04         3.4505133445397124e-03
31                                     5.4084759975846046e-04         2.3592788685602925e-03         6.3564617737488790e-07         1.2189129440284478e-03         1.9005299988987605e-04        -2.2392639517437128e-07         4.6392184260422211e-03        -3.4833461749814842e-03
32                                    -2.9746851485190766e-08         4.1544961481687758e-07         7.3603171355095861e-03        -5.7841474268772272e-07         3.4929022133020169e-07        -6.7303612810787295e-04        -2.1316863901744708e-06         3.3445809299807666e-06
33                                     1.1761519470726230e-02        -1.4334148960946719e-02         6.5655209138397400e-06        -7.6475418925061895e-04        -3.3291057946760521e-03         9.5398775269311576e-07        -7.8817653616938333e-04        -7.1320796248170663e-04
34                                     1.6459614630550921e-02        -1.8590989036814970e-02         3.7269590106323451e-06        -4.4722540446109548e-03        -3.5825902408227507e-03         4.0291111647612746e-06        -9.4040179065418589e-04         4.2056968401636355e-04
35                                    -6.3295089465868975e-06         3.5857075530848549e-06         1.8166387186609421e-03         1.8291276219249616e-06         3.9898007026397594e-06         7.3991993319884892e-03         4.3552208550881160e-07        -1.8928562126097063e-08
36                                     5.4101553703378609e-04         8.0920949294313290e-04        -6.1267468361246098e-08         5.3138830711263007e-04        -2.4280487768799006e-03         9.4592697725604349e-07        -7.5973127571495654e-03         3.0266227858837588e-03
37                                     4.6611834289304920e-04         2.1128252597728563e-04         8.3345446890963434e-07        -1.0070720585642138e-04        -3.5913534455003901e-04         9.3315315021822439e-07         9.1153356567753993e-04         2.4706656296963067e-03
38                                     4.3704929302946509e-08         2.2130284920410806e-07         5.8000795608842886e-05         2.7721171813897536e-07         1.1378843534314807e-06         1.7937789357973797e-03        -9.2242630546851666e-07        -2.8870320406870270e-07
                                                         8                           9                          10                          11                          12                          13                          14                          15

0                                     -9.7648628979241552e-06         5.2369269041530817e-03        -1.1889083859571228e-03         7.1035584088183913e-07        -3.1652244319664569e-02        -2.7703129122316511e-02         9.1921914786260451e-06        -1.7688761401627548e-01
1                                     -8.5355256595230004e-06        -1.0797873196617932e-03        -7.0674743148358976e-02         2.5567232895805473e-05        -6.9951521549671297e-02         2.8672823660616638e-02        -8.6249664272815740e-06        -5.9869383333782278e-02
2                                      5.2801950180116179e-03         5.3933931952153860e-07         2.4810872638541554e-05        -3.5127938576069353e-03         1.8328600651833021e-05        -7.3612022647156925e-06         4.7218885644570302e-03         1.9802973985342741e-05
3                                     -1.4883993908462658e-05        -3.1050495481151817e-02        -7.7306077442584067e-02         2.2969429853499837e-05        -4.3173667590582984e-02         2.3341610233737042e-02        -9.2717219016683922e-06         5.7267254441612361e-02
4                                      2.4790023120274085e-05        -3.0066553994134812e-02         3.8553576809282557e-02        -1.4560118803790119e-05         2.8433613107014893e-02        -1.6119422809733643e-02         5.7150177546411329e-06        -2.2277494509740054e-02
5                                     -5.4101181109944177e-02         9.7244422189294239e-06        -1.4305849681345095e-05         7.1555032610422231e-07        -9.8676699299021520e-06         4.3583329468146680e-06        -3.7523740065514791e-03         6.7754330758381300e-06
6                                      2.6393101326441865e-05        -1.5320911463922762e-01        -3.7748334283631391e-02         1.0983083853883150e-05         5.4118166982310464e-02        -1.8308238595798297e-02         4.0138333180173569e-06        -4.3151612980891735e-02
7                                     -1.9376430069250109e-04        -1.0312083311491124e-01        -2.8230741627319761e-01         6.7544850685107455e-05         1.8186012309055238e-02        -4.8985240182588888e-02         1.5212299479892141e-05        -2.4495966446245250e-02
8                                      1.2085547703060125e-01         2.9823709773960223e-05         6.8286308800561486e-05        -6.6286738973259277e-02        -2.4866266328957883e-06         1.4798626412291107e-05         7.8241032739685776e-03         6.7480979777503462e-06
9                                      2.9823709773960223e-05         6.4308097488909788e-01         1.2323392374993108e-02         8.6118108542669730e-06        -1.5807982385746358e-01         1.0480207402944698e-01        -3.4094464679264918e-05        -2.8879201129570844e-02
10                                     6.8286308800561486e-05         1.2323392374993108e-02         7.0843625402741595e-01        -1.7111529719779172e-04         3.4087843798325253e-02        -2.8066009089875832e-01         7.3368259147061509e-05         7.9888131490526593e-02
11                                    -6.6286738973259277e-02         8.6118108542669730e-06        -1.7111529719779172e-04         1.5566516585142073e-01        -1.2961184627212724e-05         7.4069096947996951e-05        -6.2709528898064387e-02        -2.3101879034590497e-05
12                                    -2.4866266328957883e-06        -1.5807982385746358e-01         3.4087843798325253e-02        -1.2961184627212724e-05         6.9254646921316831e-01         3.5605768577613890e-02        -2.9681156691383819e-06        -3.3435290914716437e-01
13                                     1.4798626412291107e-05         1.0480207402944698e-01        -2.8066009089875832e-01         7.4069096947996951e-05         3.5605768577613890e-02         6.9890251149153004e-01        -1.9118297275650141e-04        -2.7836974146081456e-02
14                                     7.8241032739685776e-03        -3.4094464679264918e-05         7.3368259147061509e-05        -6.2709528898064387e-02        -2.9681156691383819e-06        -1.9118297275650141e-04         1.1235073440294827e-01         3.2408721790402791e-06
15                                     6.7480979777503462e-06        -2.8879201129570844e-02         7.9888131490526593e-02        -2.3101879034590497e-05        -3.3435290914716437e-01        -2.7836974146081456e-02         3.2408721790402791e-06         6.7195617032952459e-01
16                                     4.7083034196384758e-06         3.1525296953481372e-02         3.6675080581920663e-02        -1.1349785116582481e-05         2.8025860277186752e-02        -1.2444138647814354e-01         2.3420933375076474e-05        -3.2069756956510764e-02
17                                    -2.7684784323178061e-03        -1.2874153260149227e-05        -1.0747155965156013e-05        -7.0767772335760676e-04        -1.3288567976862625e-05         2.2513100814461156e-05        -5.0479067702158750e-02         2.1027102145077953e-05
18                                     1.7711499850553377e-06        -2.6093043630892832e-01         3.8172766502535815e-02        -1.9955425440679079e-05        -4.5120978480049354e-02         4.6664171958021999e-03        -4.2662063813545308e-06         3.4502838184885479e-03
19                                    -5.2515304444101871e-07        -1.3894137014964648e-02        -1.1058633065310822e-01         1.5509334445879801e-05         4.3400240971796622e-02         2.6914644868119911e-03         3.1515474612701221e-06        -5.9298961807850489e-03
20                                     6.0117272689343415e-03        -1.1123467087004903e-07         2.1158435987951050e-05        -4.2386335459085454e-02        -1.6144381521406318e-05         1.6899539479103968e-06         8.6832791255253769e-03         5.8730184330323355e-07
21                                    -1.9659624259106238e-06         7.4537559500991758e-04         5.2122238661914165e-05        -4.4052088159928745e-07         8.3750063506779666e-04        -3.2010145900313244e-03         2.5631754248195366e-06        -1.2213346238399710e-02
22                                     3.9316112390132234e-06        -1.0991039202377974e-04        -1.9362984317551843e-03        -5.9854540492184404e-09        -2.1714725835482026e-03        -4.3771551988677857e-03         3.8168648381467751e-06        -2.8442444112940099e-02
23                                     7.1776239475423330e-03         1.1915309460481284e-07         3.1591711961978636e-07        -8.3529360191017131e-04         9.8817934879969732e-07         3.7973306717824751e-06         7.3621867170646296e-03         9.1034848920193005e-06
