
$orca_hessian_file

$act_atom
  0

$act_coord
  0

$act_energy
        0.000000

$multiplicity
  1

$hessian
39
                    0                  1                  2                  3                  4        
    0      7.3687943982E-01   4.9700201013E-04   5.2971942919E-06  -1.7567241138E-01   1.1507893012E-01
    1      4.9700201013E-04   6.4490941024E-01  -1.6873413392E-04   5.8221969173E-02  -2.7438331040E-01
    2      5.2971942919E-06  -1.6873413392E-04   1.1677786110E-01  -2.1186263345E-05   7.3330623765E-05
    3     -1.7567241138E-01   5.8221969173E-02  -2.1186263345E-05   6.7549450363E-01   3.2812640949E-02
    4      1.1507893012E-01  -2.7438331040E-01   7.3330623765E-05   3.2812640949E-02   7.1089062902E-01
    5     -3.9357983245E-05   7.3396739185E-05  -5.6214044916E-02  -1.0997207238E-05  -2.0057173532E-04
    6     -3.0595589702E-02   6.9727987060E-02  -2.0629850963E-05  -3.3837626580E-01  -2.5841808862E-02
    7      2.8919227708E-02   2.9725207912E-02  -8.5554248698E-06   3.0268286349E-02  -1.2775944199E-01
    8     -9.7648628979E-06  -8.5355256595E-06   5.2801950180E-03  -1.4883993908E-05   2.4790023120E-05
    9      5.2369269042E-03  -1.0797873197E-03   5.3933931952E-07  -3.1050495481E-02  -3.0066553994E-02
   10     -1.1889083860E-03  -7.0674743148E-02   2.4810872639E-05  -7.7306077443E-02   3.8553576809E-02
   11      7.1035584088E-07   2.5567232896E-05  -3.5127938576E-03   2.2969429853E-05  -1.4560118804E-05
   12     -3.1652244320E-02  -6.9951521550E-02   1.8328600652E-05  -4.3173667591E-02   2.8433613107E-02
   13     -2.7703129122E-02   2.8672823661E-02  -7.3612022647E-06   2.3341610234E-02  -1.6119422810E-02
   14      9.1921914786E-06  -8.6249664273E-06   4.7218885645E-03  -9.2717219017E-06   5.7150177546E-06
   15     -1.7688761402E-01  -5.9869383334E-02   1.9802973985E-05   5.7267254442E-02  -2.2277494510E-02
   16     -1.1678057801E-01  -2.7451931788E-01   7.1314671726E-05   2.1827187829E-02  -6.1220302011E-02
   17      3.8215668065E-05   7.3375488477E-05  -5.5108615963E-02  -5.2006268765E-06   1.9020615900E-05
   18     -6.0224862631E-03   7.1443669887E-04  -2.8415425436E-07   4.9005503135E-03  -1.5553657287E-03
   19      7.8924904242E-05   6.4392262678E-03  -4.5031822246E-06   5.2223862833E-03  -9.7119299516E-03
   20     -3.5768637063E-07  -3.4041621125E-06  -1.4524962610E-03  -1.4298298605E-06   4.2606888443E-06
   21     -3.3398141320E-01   7.7455372493E-04  -2.3226085515E-06  -1.2084419561E-02  -2.6319351807E-03
   22      8.2964626403E-04  -5.7716827737E-02   8.8305117878E-06   2.8465506396E-02   4.3018371648E-03
   23     -3.5023279446E-06   9.4905433612E-06  -2.9433041645E-02  -8.4791081227E-06  -1.9865897312E-06
   24      1.1658694193E-02   1.4241791560E-02  -6.1946181628E-06  -1.2572894010E-01  -1.1754818445E-01
   25     -1.6543174786E-02  -1.8583478252E-02   4.4741973753E-06  -1.1790475785E-01  -2.6472697079E-01
   26      6.3758045460E-06   3.4602578811E-06   2.1510346876E-03   4.4150285515E-05   8.5097334985E-05
   27     -5.5587404325E-03  -1.6275949853E-03   1.0069308772E-06  -1.0375537346E-02   2.8592845408E-02
   28     -6.4886090792E-04   2.1514369849E-03   3.8146582626E-07  -1.5903358408E-03   3.9270075412E-03
   29     -3.3421722360E-07   6.0160679501E-07   7.5550566197E-03   2.5365468724E-06  -4.9848011810E-07
   30     -5.7070966108E-03   1.8698260536E-03  -1.0203829664E-06  -9.6720524957E-04   7.5609993148E-04
   31      5.4084759976E-04   2.3592788686E-03   6.3564617737E-07   1.2189129440E-03   1.9005299989E-04
   32     -2.9746851485E-08   4.1544961482E-07   7.3603171355E-03  -5.7841474269E-07   3.4929022133E-07
   33      1.1761519471E-02  -1.4334148961E-02   6.5655209138E-06  -7.6475418925E-04  -3.3291057947E-03
   34      1.6459614631E-02  -1.8590989037E-02   3.7269590106E-06  -4.4722540446E-03  -3.5825902408E-03
   35     -6.3295089466E-06   3.5857075531E-06   1.8166387187E-03   1.8291276219E-06   3.9898007026E-06
   36      5.4101553703E-04   8.0920949294E-04  -6.1267468361E-08   5.3138830711E-04  -2.4280487769E-03
   37      4.6611834289E-04   2.1128252598E-04   8.3345446891E-07  -1.0070720586E-04  -3.5913534455E-04
   38      4.3704929303E-08   2.2130284920E-07   5.8000795609E-05   2.7721171814E-07   1.1378843534E-06
                    5                  6                  7                  8                  9        
    0     -3.9357983245E-05  -3.0595589702E-02   2.8919227708E-02  -9.7648628979E-06   5.2369269042E-03
    1      7.3396739185E-05   6.9727987060E-02   2.9725207912E-02  -8.5355256595E-06  -1.0797873197E-03
    2     -5.6214044916E-02  -2.0629850963E-05  -8.5554248698E-06   5.2801950180E-03   5.3933931952E-07
    3     -1.0997207238E-05  -3.3837626580E-01   3.0268286349E-02  -1.4883993908E-05  -3.1050495481E-02
    4     -2.0057173532E-04  -2.5841808862E-02  -1.2775944199E-01   2.4790023120E-05  -3.0066553994E-02
    5      1.2967470426E-01   7.0404724009E-06   2.6016368003E-05  -5.4101181110E-02   9.7244422189E-06
    6      7.0404724009E-06   6.9948013327E-01  -3.7446418329E-02   2.6393101326E-05  -1.5320911464E-01
    7      2.6016368003E-05  -3.7446418329E-02   7.0823624327E-01  -1.9376430069E-04  -1.0312083311E-01
    8     -5.4101181110E-02   2.6393101326E-05  -1.9376430069E-04   1.2085547703E-01   2.9823709774E-05
    9      9.7244422189E-06  -1.5320911464E-01  -1.0312083311E-01   2.9823709774E-05   6.4308097489E-01
   10     -1.4305849681E-05  -3.7748334284E-02  -2.8230741627E-01   6.8286308801E-05   1.2323392375E-02
   11      7.1555032610E-07   1.0983083854E-05   6.7544850685E-05  -6.6286738973E-02   8.6118108543E-06
   12     -9.8676699299E-06   5.4118166982E-02   1.8186012309E-02  -2.4866266329E-06  -1.5807982386E-01
   13      4.3583329468E-06  -1.8308238596E-02  -4.8985240183E-02   1.4798626412E-05   1.0480207403E-01
   14     -3.7523740066E-03   4.0138333180E-06   1.5212299480E-05   7.8241032740E-03  -3.4094464679E-05
   15      6.7754330758E-06  -4.3151612981E-02  -2.4495966446E-02   6.7480979778E-06  -2.8879201130E-02
   16      2.0944775110E-05  -2.7936702786E-02  -1.6111220461E-02   4.7083034196E-06   3.1525296953E-02
   17      4.8356126887E-03   1.0097055430E-05   5.2125090403E-06  -2.7684784323E-03  -1.2874153260E-05
   18      2.5140146899E-07  -4.2133859085E-02  -1.2303636838E-02   1.7711499851E-06  -2.6093043631E-01
   19      4.6324712840E-06  -4.9863895780E-02   4.6413269093E-03  -5.2515304444E-07  -1.3894137015E-02
   20      4.9635658481E-03   1.3960700776E-05   3.0954976243E-07   6.0117272689E-03  -1.1123467087E-07
   21      1.9943112111E-06   8.0641581316E-04   3.2817975503E-03  -1.9659624259E-06   7.4537559501E-04
   22     -1.2387715515E-06   2.1913535117E-03  -4.5262893965E-03   3.9316112390E-06  -1.0991039202E-04
   23     -1.3419527756E-04  -1.4490487359E-06   3.7374573563E-06   7.1776239475E-03   1.1915309460E-07
   24      4.2932915298E-05  -1.1527446116E-02  -2.8839928718E-02   1.0094124269E-05  -4.8650035639E-03
   25      8.2996898527E-05   1.6821893619E-03   3.0494970521E-03   7.4823837206E-08   9.9528642289E-04
   26     -3.4965331038E-02  -3.8520021494E-06  -1.0295319516E-06   2.1666052010E-03   5.6363905744E-07
   27     -9.9483177535E-06  -1.2647151637E-01   1.2004085781E-01  -4.3325862049E-05   1.0585495096E-02
   28     -1.0419220982E-06   1.1868019205E-01  -2.6537055598E-01   8.1913516637E-05   1.8453051742E-02
   29      1.1725858615E-03  -4.3266900091E-05   8.3324762222E-05  -3.2473758861E-02  -6.8322981585E-06
   30     -1.8314782319E-07  -5.5382208549E-04   3.4505133445E-03  -9.6766893217E-07   6.7269064365E-03
   31     -2.2392639517E-07   4.6392184260E-03  -3.4833461750E-03   3.9590214506E-06  -1.9858038373E-02
   32     -6.7303612811E-04  -2.1316863902E-06   3.3445809300E-06   5.0438507383E-03   8.8572593875E-06
   33      9.5398775269E-07  -7.8817653617E-04  -7.1320796248E-04  -1.2148404329E-07  -5.0845092117E-03
   34      4.0291111648E-06  -9.4040179065E-04   4.2056968402E-04  -3.5048842035E-08  -8.3604003003E-04
   35      7.3991993320E-03   4.3552208551E-07  -1.8928562126E-08  -1.2314204690E-03  -7.9305320142E-07
   36      9.4592697726E-07  -7.5973127571E-03   3.0266227859E-03  -1.9855769983E-06  -2.4277094729E-02
   37      9.3315315022E-07   9.1153356568E-04   2.4706656297E-03  -6.4769487650E-07   7.7596296575E-04
   38      1.7937789358E-03  -9.2242630547E-07  -2.8870320407E-07   2.5019953671E-03  -4.8806442119E-06
                   10                 11                 12                 13                 14        
    0     -1.1889083860E-03   7.1035584088E-07  -3.1652244320E-02  -2.7703129122E-02   9.1921914786E-06
    1     -7.0674743148E-02   2.5567232896E-05  -6.9951521550E-02   2.8672823661E-02  -8.6249664273E-06
    2      2.4810872639E-05  -3.5127938576E-03   1.8328600652E-05  -7.3612022647E-06   4.7218885645E-03
    3     -7.7306077443E-02   2.2969429853E-05  -4.3173667591E-02   2.3341610234E-02  -9.2717219017E-06
    4      3.8553576809E-02  -1.4560118804E-05   2.8433613107E-02  -1.6119422810E-02   5.7150177546E-06
    5     -1.4305849681E-05   7.1555032610E-07  -9.8676699299E-06   4.3583329468E-06  -3.7523740066E-03
    6     -3.7748334284E-02   1.0983083854E-05   5.4118166982E-02  -1.8308238596E-02   4.0138333180E-06
    7     -2.8230741627E-01   6.7544850685E-05   1.8186012309E-02  -4.8985240183E-02   1.5212299480E-05
    8      6.8286308801E-05  -6.6286738973E-02  -2.4866266329E-06   1.4798626412E-05   7.8241032740E-03
    9      1.2323392375E-02   8.6118108543E-06  -1.5807982386E-01   1.0480207403E-01  -3.4094464679E-05
   10      7.0843625403E-01  -1.7111529720E-04   3.4087843798E-02  -2.8066009090E-01   7.3368259147E-05
   11     -1.7111529720E-04   1.5566516585E-01  -1.2961184627E-05   7.4069096948E-05  -6.2709528898E-02
   12      3.4087843798E-02  -1.2961184627E-05   6.9254646921E-01   3.5605768578E-02  -2.9681156691E-06
   13     -2.8066009090E-01   7.4069096948E-05   3.5605768578E-02   6.9890251149E-01  -1.9118297276E-04
   14      7.3368259147E-05  -6.2709528898E-02  -2.9681156691E-06  -1.9118297276E-04   1.1235073440E-01
   15      7.9888131491E-02  -2.3101879035E-05  -3.3435290915E-01  -2.7836974146E-02   3.2408721790E-06
   16      3.6675080582E-02  -1.1349785117E-05   2.8025860277E-02  -1.2444138648E-01   2.3420933375E-05
   17     -1.0747155965E-05  -7.0767772336E-04  -1.3288567977E-05   2.2513100814E-05  -5.0479067702E-02
   18      3.8172766503E-02  -1.9955425441E-05  -4.5120978480E-02   4.6664171958E-03  -4.2662063814E-06
   19     -1.1058633065E-01   1.5509334446E-05   4.3400240972E-02   2.6914644868E-03   3.1515474613E-06
   20      2.1158435988E-05  -4.2386335459E-02  -1.6144381521E-05   1.6899539479E-06   8.6832791255E-03
   21      5.2122238662E-05  -4.4052088160E-07   8.3750063507E-04  -3.2010145900E-03   2.5631754248E-06
   22     -1.9362984318E-03  -5.9854540492E-09  -2.1714725835E-03  -4.3771551989E-03   3.8168648381E-06
   23      3.1591711962E-07  -8.3529360191E-04   9.8817934880E-07   3.7973306718E-06   7.3621867171E-03
   24      1.8875037796E-03  -1.1104560926E-06  -8.4749943062E-04   7.3565158218E-04   2.2634928978E-07
   25      1.9974349433E-03   9.1964422223E-07   9.4032118695E-04   4.8253480548E-04  -1.1106928191E-07
   26      1.1512575999E-06   8.3144907226E-03  -2.3645603871E-07  -2.7997026978E-07  -8.7700994676E-04
   27     -1.3444621547E-02   6.2733337302E-06  -1.2719145756E-03  -3.1692274579E-03   1.0755058909E-06
   28     -1.9713035606E-02   5.5654401719E-06  -4.2181358088E-03  -3.2087885618E-03   2.5368541865E-06
   29      4.5320756390E-06   4.4447576270E-03   1.7188032392E-06   2.5323212708E-06   5.0569940710E-03
   30      1.2946502536E-02  -6.1067996674E-06  -1.2513864483E-01  -1.1680375377E-01   3.7660766598E-05
   31     -2.0000381255E-02   3.4800738765E-06  -1.1654111631E-01  -2.5971616099E-01   7.5585607459E-05
   32      3.8960272826E-06   3.1635145221E-03   3.6487452566E-05   7.6033577166E-05  -2.8529391441E-02
   33     -2.0302710120E-03   5.6058103595E-07  -1.1374847895E-02   2.8923001555E-02  -9.2098863376E-06
   34      2.0890961192E-03   8.5772278346E-07  -1.6547861762E-03   2.7679615184E-03  -1.1209507571E-06
   35      8.9005344019E-07   8.2229599336E-03   2.7500705128E-06  -6.1289515302E-07   1.3115239872E-03
   36     -4.7549814300E-02   1.4914165051E-05   3.5103932964E-03  -1.3501512042E-03   1.3574232726E-06
   37     -1.8731462143E-03   2.4211802686E-06   6.1553379170E-03   3.9909491583E-03  -8.2130115655E-07
   38     -1.1442945363E-06  -3.3732356937E-03  -1.8398264055E-06  -1.3014230564E-06  -9.6333814763E-04
                   15                 16                 17                 18                 19        
    0     -1.7688761402E-01  -1.1678057801E-01   3.8215668065E-05  -6.0224862631E-03   7.8924904242E-05
    1     -5.9869383334E-02  -2.7451931788E-01   7.3375488477E-05   7.1443669887E-04   6.4392262678E-03
    2      1.9802973985E-05   7.1314671726E-05  -5.5108615963E-02  -2.8415425436E-07  -4.5031822246E-06
    3      5.7267254442E-02   2.1827187829E-02  -5.2006268765E-06   4.9005503135E-03   5.2223862833E-03
    4     -2.2277494510E-02  -6.1220302011E-02   1.9020615900E-05  -1.5553657287E-03  -9.7119299516E-03
    5      6.7754330758E-06   2.0944775110E-05   4.8356126887E-03   2.5140146899E-07   4.6324712840E-06
    6     -4.3151612981E-02  -2.7936702786E-02   1.0097055430E-05  -4.2133859085E-02  -4.9863895780E-02
    7     -2.4495966446E-02  -1.6111220461E-02   5.2125090403E-06  -1.2303636838E-02   4.6413269093E-03
    8      6.7480979778E-06   4.7083034196E-06  -2.7684784323E-03   1.7711499851E-06  -5.2515304444E-07
    9     -2.8879201130E-02   3.1525296953E-02  -1.2874153260E-05  -2.6093043631E-01  -1.3894137015E-02
   10      7.9888131491E-02   3.6675080582E-02  -1.0747155965E-05   3.8172766503E-02  -1.1058633065E-01
   11     -2.3101879035E-05  -1.1349785117E-05  -7.0767772336E-04  -1.9955425441E-05   1.5509334446E-05
   12     -3.3435290915E-01   2.8025860277E-02  -1.3288567977E-05  -4.5120978480E-02   4.3400240972E-02
   13     -2.7836974146E-02  -1.2444138648E-01   2.2513100814E-05   4.6664171958E-03   2.6914644868E-03
   14      3.2408721790E-06   2.3420933375E-05  -5.0479067702E-02  -4.2662063814E-06   3.1515474613E-06
   15      6.7195617033E-01  -3.2069756957E-02   2.1027102145E-05   3.4502838185E-03  -5.9298961808E-03
   16     -3.2069756957E-02   7.1126903734E-01  -1.9555130378E-04   3.5626225490E-03  -8.3995751650E-03
   17      2.1027102145E-05  -1.9555130378E-04   1.2482740339E-01  -7.1633243860E-07   6.0629722973E-06
   18      3.4502838185E-03   3.5626225490E-03  -7.1633243860E-07   4.3718275335E-01   1.3323958108E-01
   19     -5.9298961808E-03  -8.3995751650E-03   6.0629722973E-06   1.3323958108E-01   5.5454520938E-01
   20      5.8730184330E-07   5.7819823018E-06   7.4168417430E-03  -2.7278914473E-05  -1.5752170838E-04
   21     -1.2213346238E-02   2.6546964033E-03  -3.2476202492E-06   7.3650669103E-05   7.0396397688E-05
   22     -2.8442444113E-02   4.2228727855E-03  -1.7239472779E-06   4.6035561855E-05   4.9811011671E-04
   23      9.1034848920E-06  -1.5922879150E-06  -2.4576580322E-04  -8.8473485667E-08  -3.1681586184E-07
   24     -6.9093938991E-04   3.3487642160E-03  -1.2897719928E-06  -9.7523645561E-04  -1.8225582158E-03
   25      4.3791657536E-03  -3.6355122409E-03   3.7656306042E-06  -1.4078148500E-04  -3.7945926194E-05
   26     -1.9137804760E-06   3.8039691791E-06   7.0059482162E-03  -1.4092131823E-07   5.5353671343E-07
   27     -8.3781619402E-04  -8.0583324407E-04  -9.2654419293E-08   1.3616412868E-03   7.4727658715E-04
   28     -1.1965557669E-03   2.1681902466E-04   5.9453665167E-08   4.0397621827E-04   1.8932890959E-03
   29      1.7083268059E-07   1.1224978142E-07  -7.3173249688E-04   3.3619166381E-07  -1.0377102773E-06
   30     -1.0621258654E-02  -2.9553393344E-02   9.1643003311E-06   4.0245873539E-03   1.0272374477E-03
   31      1.1361963285E-03   3.1297888191E-03  -1.3935645020E-06  -2.6026410071E-04   2.8695235472E-03
   32     -2.6335266717E-06  -1.9322045890E-06   8.4239267349E-05  -2.8879420662E-07  -5.2617228213E-07
   33     -1.2417590019E-01   1.1666447320E-01  -4.1029787458E-05  -1.6657312028E-03   1.7193556486E-03
   34      1.1697378157E-01  -2.6590036649E-01   8.0315895570E-05   4.5032886929E-05  -4.2439683198E-05
   35     -4.0771619193E-05   8.0607387132E-05  -3.3552622981E-02   1.6573508996E-07   7.5103459311E-07
   36     -8.6311064734E-04  -4.3756702971E-04  -5.5105603660E-07  -9.4144738993E-02  -1.1394300577E-01
   37     -2.8387374974E-04  -1.2859178154E-03  -8.2648215453E-07  -1.6664272691E-01  -4.4479992842E-01
   38      7.5115133402E-07  -3.5190331537E-07  -5.7608420061E-04   5.0519094563E-05   1.3239750914E-04
                   20                 21                 22                 23                 24        
    0     -3.5768637063E-07  -3.3398141320E-01   8.2964626403E-04  -3.5023279446E-06   1.1658694193E-02
    1     -3.4041621125E-06   7.7455372493E-04  -5.7716827737E-02   9.4905433612E-06   1.4241791560E-02
    2     -1.4524962610E-03  -2.3226085515E-06   8.8305117878E-06  -2.9433041645E-02  -6.1946181628E-06
    3     -1.4298298605E-06  -1.2084419561E-02   2.8465506396E-02  -8.4791081227E-06  -1.2572894010E-01
    4      4.2606888443E-06  -2.6319351807E-03   4.3018371648E-03  -1.9865897312E-06  -1.1754818445E-01
    5      4.9635658481E-03   1.9943112111E-06  -1.2387715515E-06  -1.3419527756E-04   4.2932915298E-05
    6      1.3960700776E-05   8.0641581316E-04   2.1913535117E-03  -1.4490487359E-06  -1.1527446116E-02
    7      3.0954976243E-07   3.2817975503E-03  -4.5262893965E-03   3.7374573563E-06  -2.8839928718E-02
    8      6.0117272689E-03  -1.9659624259E-06   3.9316112390E-06   7.1776239475E-03   1.0094124269E-05
    9     -1.1123467087E-07   7.4537559501E-04  -1.0991039202E-04   1.1915309460E-07  -4.8650035639E-03
   10      2.1158435988E-05   5.2122238662E-05  -1.9362984318E-03   3.1591711962E-07   1.8875037796E-03
   11     -4.2386335459E-02  -4.4052088160E-07  -5.9854540492E-09  -8.3529360191E-04  -1.1104560926E-06
   12     -1.6144381521E-05   8.3750063507E-04  -2.1714725835E-03   9.8817934880E-07  -8.4749943062E-04
   13      1.6899539479E-06  -3.2010145900E-03  -4.3771551989E-03   3.7973306718E-06   7.3565158218E-04
   14      8.6832791255E-03   2.5631754248E-06   3.8168648381E-06   7.3621867171E-03   2.2634928978E-07
   15      5.8730184330E-07  -1.2213346238E-02  -2.8442444113E-02   9.1034848920E-06  -6.9093938991E-04
   16      5.7819823018E-06   2.6546964033E-03   4.2228727855E-03  -1.5922879150E-06   3.3487642160E-03
   17      7.4168417430E-03  -3.2476202492E-06  -1.7239472779E-06  -2.4576580322E-04  -1.2897719928E-06
   18     -2.7278914473E-05   7.3650669103E-05   4.6035561855E-05  -8.8473485667E-08  -9.7523645561E-04
   19     -1.5752170838E-04   7.0396397688E-05   4.9811011671E-04  -3.1681586184E-07  -1.8225582158E-03
   20      3.0243018616E-02  -4.5006360755E-07  -3.4273253205E-07  -8.7564242901E-04   5.4701477302E-07
   21     -4.5006360755E-07   3.5570608893E-01  -8.7969240855E-04   3.2980208993E-06   7.4905470603E-04
   22     -3.4273253205E-07  -8.7969240855E-04   5.7531029277E-02  -1.1073862296E-05  -4.8698327001E-04
   23     -8.7564242901E-04   3.2980208993E-06  -1.1073862296E-05   2.3437783435E-02   1.8049834206E-07
   24      5.4701477302E-07   7.4905470603E-04  -4.8698327001E-04   1.8049834206E-07   1.3116661697E-01
   25      3.6531665659E-07   1.7669886142E-04   9.8260642902E-04  -1.4654387026E-06   1.2751490083E-01
   26      1.4430034002E-04  -1.6830131596E-07  -1.3421019279E-06  -3.6280313599E-03  -4.5669822041E-05
   27     -2.0053554757E-07  -7.1951020316E-04   1.4538841266E-03  -5.5338729934E-07   1.1197582540E-03
   28     -1.2639310490E-06  -1.7315818669E-04   7.3667271654E-05   3.0400842288E-07   2.7912076260E-04
   29     -3.3402820900E-03  -2.9076631403E-07   2.7176544036E-07   4.7835670158E-04  -2.4022098042E-07
   30      2.3097356130E-07  -7.6564084366E-04  -1.5536869069E-03   5.9798612086E-07   5.4684226766E-05
   31     -1.2770943968E-06   1.4212686657E-04   4.5945628650E-06   3.3244605066E-07  -7.0574962782E-05
   32     -3.7949144434E-03   3.0421609361E-07   2.5715418539E-07   5.5691591624E-04   4.3246002083E-07
   33     -8.7074492521E-07   7.4975933149E-04   4.8381629066E-04  -1.9547266162E-07   4.3972644516E-04
   34      5.0838541881E-07  -1.7075368658E-04   9.9679462170E-04  -1.4488759419E-06   8.3940438863E-04
   35      3.5023090949E-05   1.5249559397E-07  -1.3937186788E-06  -3.7707533220E-03  -1.3856886037E-07
   36      3.1493049251E-05   9.6484363190E-05   1.6729983646E-04  -5.0470083155E-08  -5.5346974134E-04
   37      1.3110765168E-04  -8.9190303770E-05  -5.4941465261E-05  -4.1682596897E-08  -6.1319857804E-05
   38     -5.6480853505E-03   6.0458975824E-07  -3.8937709840E-08  -9.0143278114E-05   8.1328974683E-08
                   25                 26                 27                 28                 29        
    0     -1.6543174786E-02   6.3758045460E-06  -5.5587404325E-03  -6.4886090792E-04  -3.3421722360E-07
    1     -1.8583478252E-02   3.4602578811E-06  -1.6275949853E-03   2.1514369849E-03   6.0160679501E-07
    2      4.4741973753E-06   2.1510346876E-03   1.0069308772E-06   3.8146582626E-07   7.5550566197E-03
    3     -1.1790475785E-01   4.4150285515E-05  -1.0375537346E-02  -1.5903358408E-03   2.5365468724E-06
    4     -2.6472697079E-01   8.5097334985E-05   2.8592845408E-02   3.9270075412E-03  -4.9848011810E-07
    5      8.2996898527E-05  -3.4965331038E-02  -9.9483177535E-06  -1.0419220982E-06   1.1725858615E-03
    6      1.6821893619E-03  -3.8520021494E-06  -1.2647151637E-01   1.1868019205E-01  -4.3266900091E-05
    7      3.0494970521E-03  -1.0295319516E-06   1.2004085781E-01  -2.6537055598E-01   8.3324762222E-05
    8      7.4823837206E-08   2.1666052010E-03  -4.3325862049E-05   8.1913516637E-05  -3.2473758861E-02
    9      9.9528642289E-04   5.6363905744E-07   1.0585495096E-02   1.8453051742E-02  -6.8322981585E-06
   10      1.9974349433E-03   1.1512575999E-06  -1.3444621547E-02  -1.9713035606E-02   4.5320756390E-06
   11      9.1964422223E-07   8.3144907226E-03   6.2733337302E-06   5.5654401719E-06   4.4447576270E-03
   12      9.4032118695E-04  -2.3645603871E-07  -1.2719145756E-03  -4.2181358088E-03   1.7188032392E-06
   13      4.8253480548E-04  -2.7997026978E-07  -3.1692274579E-03  -3.2087885618E-03   2.5323212708E-06
   14     -1.1106928191E-07  -8.7700994676E-04   1.0755058909E-06   2.5368541865E-06   5.0569940710E-03
   15      4.3791657536E-03  -1.9137804760E-06  -8.3781619402E-04  -1.1965557669E-03   1.7083268059E-07
   16     -3.6355122409E-03   3.8039691791E-06  -8.0583324407E-04   2.1681902466E-04   1.1224978142E-07
   17      3.7656306042E-06   7.0059482162E-03  -9.2654419293E-08   5.9453665167E-08  -7.3173249688E-04
   18     -1.4078148500E-04  -1.4092131823E-07   1.3616412868E-03   4.0397621827E-04   3.3619166381E-07
   19     -3.7945926194E-05   5.5353671343E-07   7.4727658715E-04   1.8932890959E-03  -1.0377102773E-06
   20      3.6531665659E-07   1.4430034002E-04  -2.0053554757E-07  -1.2639310490E-06  -3.3402820900E-03
   21      1.7669886142E-04  -1.6830131596E-07  -7.1951020316E-04  -1.7315818669E-04  -2.9076631403E-07
   22      9.8260642902E-04  -1.3421019279E-06   1.4538841266E-03   7.3667271654E-05   2.7176544036E-07
   23     -1.4654387026E-06  -3.6280313599E-03  -5.5338729934E-07   3.0400842288E-07   4.7835670158E-04
   24      1.2751490083E-01  -4.5669822041E-05   1.1197582540E-03   2.7912076260E-04  -2.4022098042E-07
   25      2.8084133254E-01  -9.0982335649E-05  -2.5868972512E-04   7.6689460485E-04  -1.6012131739E-06
   26     -9.0982335649E-05   2.4954457655E-02   2.4944889355E-07  -1.4734106018E-06  -4.1324037781E-03
   27     -2.5868972512E-04   2.4944889355E-07   1.3145191761E-01  -1.3088628374E-01   4.6294612634E-05
   28      7.6689460485E-04  -1.4734106018E-06  -1.3088628374E-01   2.8002231629E-01  -8.8685305269E-05
   29     -1.6012131739E-06  -4.1324037781E-03   4.6294612634E-05  -8.8685305269E-05   2.3429323923E-02
   30     -1.0056348456E-04   4.9137065055E-07   5.0674793750E-04   6.6170221513E-04  -2.1190313219E-08
   31     -5.8902433716E-06   5.0196304336E-07  -9.0919633330E-04  -1.1899622204E-03   9.6468582938E-07
   32      4.4711447691E-07  -1.0200402696E-03   1.1044269157E-07   9.8759373941E-07   1.6524406740E-04
   33     -8.4223802713E-04   9.8783372023E-08   6.1805359543E-05   6.8086894212E-05  -4.4103642778E-07
   34     -1.1932647810E-03   9.9766754238E-07   7.9615390978E-05   8.1799186909E-06   5.0986149306E-07
   35      8.8721244578E-07   1.5187317732E-04  -4.8675327984E-07   4.9900522026E-07  -1.0127817904E-03
   36      8.4055290631E-05   2.0071846856E-07   1.4766957506E-04   1.6719635708E-04   6.6727282223E-08
   37      6.2761864930E-05  -1.4346441080E-07   1.8697171417E-04   4.2273163319E-04  -3.9033246178E-07
   38     -8.5953470649E-08  -2.6589360813E-04  -9.9849232160E-08  -4.1905602281E-07  -6.1135985546E-04
                   30                 31                 32                 33                 34        
    0     -5.7070966108E-03   5.4084759976E-04  -2.9746851485E-08   1.1761519471E-02   1.6459614631E-02
    1      1.8698260536E-03   2.3592788686E-03   4.1544961482E-07  -1.4334148961E-02  -1.8590989037E-02
    2     -1.0203829664E-06   6.3564617737E-07   7.3603171355E-03   6.5655209138E-06   3.7269590106E-06
    3     -9.6720524957E-04   1.2189129440E-03  -5.7841474269E-07  -7.6475418925E-04  -4.4722540446E-03
    4      7.5609993148E-04   1.9005299989E-04   3.4929022133E-07  -3.3291057947E-03  -3.5825902408E-03
    5     -1.8314782319E-07  -2.2392639517E-07  -6.7303612811E-04   9.5398775269E-07   4.0291111648E-06
    6     -5.5382208549E-04   4.6392184260E-03  -2.1316863902E-06  -7.8817653617E-04  -9.4040179065E-04
    7      3.4505133445E-03  -3.4833461750E-03   3.3445809300E-06  -7.1320796248E-04   4.2056968402E-04
    8     -9.6766893217E-07   3.9590214506E-06   5.0438507383E-03  -1.2148404329E-07  -3.5048842035E-08
    9      6.7269064365E-03  -1.9858038373E-02   8.8572593875E-06  -5.0845092117E-03  -8.3604003003E-04
   10      1.2946502536E-02  -2.0000381255E-02   3.8960272826E-06  -2.0302710120E-03   2.0890961192E-03
   11     -6.1067996674E-06   3.4800738765E-06   3.1635145221E-03   5.6058103595E-07   8.5772278346E-07
   12     -1.2513864483E-01  -1.1654111631E-01   3.6487452566E-05  -1.1374847895E-02  -1.6547861762E-03
   13     -1.1680375377E-01  -2.5971616099E-01   7.6033577166E-05   2.8923001555E-02   2.7679615184E-03
   14      3.7660766598E-05   7.5585607459E-05  -2.8529391441E-02  -9.2098863376E-06  -1.1209507571E-06
   15     -1.0621258654E-02   1.1361963285E-03  -2.6335266717E-06  -1.2417590019E-01   1.1697378157E-01
   16     -2.9553393344E-02   3.1297888191E-03  -1.9322045890E-06   1.1666447320E-01  -2.6590036649E-01
   17      9.1643003311E-06  -1.3935645020E-06   8.4239267349E-05  -4.1029787458E-05   8.0315895570E-05
   18      4.0245873539E-03  -2.6026410071E-04  -2.8879420662E-07  -1.6657312028E-03   4.5032886929E-05
   19      1.0272374477E-03   2.8695235472E-03  -5.2617228213E-07   1.7193556486E-03  -4.2439683198E-05
   20      2.3097356130E-07  -1.2770943968E-06  -3.7949144434E-03  -8.7074492521E-07   5.0838541881E-07
   21     -7.6564084366E-04   1.4212686657E-04   3.0421609361E-07   7.4975933149E-04  -1.7075368658E-04
   22     -1.5536869069E-03   4.5945628650E-06   2.5715418539E-07   4.8381629066E-04   9.9679462170E-04
   23      5.9798612086E-07   3.3244605066E-07   5.5691591624E-04  -1.9547266162E-07  -1.4488759419E-06
   24      5.4684226766E-05  -7.0574962782E-05   4.3246002083E-07   4.3972644516E-04   8.3940438863E-04
   25     -1.0056348456E-04  -5.8902433716E-06   4.4711447691E-07  -8.4223802713E-04  -1.1932647810E-03
   26      4.9137065055E-07   5.0196304336E-07  -1.0200402696E-03   9.8783372023E-08   9.9766754238E-07
   27      5.0674793750E-04  -9.0919633330E-04   1.1044269157E-07   6.1805359543E-05   7.9615390978E-05
   28      6.6170221513E-04  -1.1899622204E-03   9.8759373941E-07   6.8086894212E-05   8.1799186909E-06
   29     -2.1190313219E-08   9.6468582938E-07   1.6524406740E-04  -4.4103642778E-07   5.0986149306E-07
   30      1.3174373647E-01   1.2792345023E-01  -3.9922168241E-05   1.1145821356E-03   2.8316586985E-04
   31      1.2792345023E-01   2.7610963411E-01  -8.1600817971E-05  -2.6020991974E-04   7.7118136152E-04
   32     -3.9922168241E-05  -8.1600817971E-05   2.0807363473E-02   3.1885875803E-07  -1.3368146011E-06
   33      1.1145821356E-03  -2.6020991974E-04   3.1885875803E-07   1.2939200476E-01  -1.2654640946E-01
   34      2.8316586985E-04   7.7118136152E-04  -1.3368146011E-06  -1.2654640946E-01   2.8223198120E-01
   35     -1.5986930202E-07  -1.3498613136E-06  -3.7834761772E-03   4.3384224959E-05  -8.7069630355E-05
   36     -4.1757628835E-04   2.2898281213E-03  -8.4071654968E-07   3.3452172211E-04  -5.5133310542E-05
   37     -8.9828064474E-04  -1.0383133858E-03  -1.2158924873E-07   1.9202131811E-04   2.3885812934E-05
   38      1.5019411833E-07   1.7263176650E-07   6.1941333932E-04   1.3541416513E-07  -2.7992649853E-07
                   35                 36                 37                 38        
     0     -6.3295089466E-06   5.4101553703E-04   4.6611834289E-04   4.3704929303E-08
     1      3.5857075531E-06   8.0920949294E-04   2.1128252598E-04   2.2130284920E-07
     2      1.8166387187E-03  -6.1267468361E-08   8.3345446891E-07   5.8000795609E-05
     3      1.8291276219E-06   5.3138830711E-04  -1.0070720586E-04   2.7721171814E-07
     4      3.9898007026E-06  -2.4280487769E-03  -3.5913534455E-04   1.1378843534E-06
     5      7.3991993320E-03   9.4592697726E-07   9.3315315022E-07   1.7937789358E-03
     6      4.3552208551E-07  -7.5973127571E-03   9.1153356568E-04  -9.2242630547E-07
     7     -1.8928562126E-08   3.0266227859E-03   2.4706656297E-03  -2.8870320407E-07
     8     -1.2314204690E-03  -1.9855769983E-06  -6.4769487650E-07   2.5019953671E-03
     9     -7.9305320142E-07  -2.4277094729E-02   7.7596296575E-04  -4.8806442119E-06
    10      8.9005344019E-07  -4.7549814300E-02  -1.8731462143E-03  -1.1442945363E-06
    11      8.2229599336E-03   1.4914165051E-05   2.4211802686E-06  -3.3732356937E-03
    12      2.7500705128E-06   3.5103932964E-03   6.1553379170E-03  -1.8398264055E-06
    13     -6.1289515302E-07  -1.3501512042E-03   3.9909491583E-03  -1.3014230564E-06
    14      1.3115239872E-03   1.3574232726E-06  -8.2130115655E-07  -9.6333814763E-04
    15     -4.0771619193E-05  -8.6311064734E-04  -2.8387374974E-04   7.5115133402E-07
    16      8.0607387132E-05  -4.3756702971E-04  -1.2859178154E-03  -3.5190331537E-07
    17     -3.3552622981E-02  -5.5105603660E-07  -8.2648215453E-07  -5.7608420061E-04
    18      1.6573508996E-07  -9.4144738993E-02  -1.6664272691E-01   5.0519094563E-05
    19      7.5103459311E-07  -1.1394300577E-01  -4.4479992842E-01   1.3239750914E-04
    20      3.5023090949E-05   3.1493049251E-05   1.3110765168E-04  -5.6480853505E-03
    21      1.5249559397E-07   9.6484363190E-05  -8.9190303770E-05   6.0458975824E-07
    22     -1.3937186788E-06   1.6729983646E-04  -5.4941465261E-05  -3.8937709840E-08
    23     -3.7707533220E-03  -5.0470083155E-08  -4.1682596897E-08  -9.0143278114E-05
    24     -1.3856886037E-07  -5.5346974134E-04  -6.1319857804E-05   8.1328974683E-08
    25      8.8721244578E-07   8.4055290631E-05   6.2761864930E-05  -8.5953470649E-08
    26      1.5187317732E-04   2.0071846856E-07  -1.4346441080E-07  -2.6589360813E-04
    27     -4.8675327984E-07   1.4766957506E-04   1.8697171417E-04  -9.9849232160E-08
    28      4.9900522026E-07   1.6719635708E-04   4.2273163319E-04  -4.1905602281E-07
    29     -1.0127817904E-03   6.6727282223E-08  -3.9033246178E-07  -6.1135985546E-04
    30     -1.5986930202E-07  -4.1757628835E-04  -8.9828064474E-04   1.5019411833E-07
    31     -1.3498613136E-06   2.2898281213E-03  -1.0383133858E-03   1.7263176650E-07
    32     -3.7834761772E-03  -8.4071654968E-07  -1.2158924873E-07   6.1941333932E-04
    33      4.3384224959E-05   3.3452172211E-04   1.9202131811E-04   1.3541416513E-07
    34     -8.7069630355E-05  -5.5133310542E-05   2.3885812934E-05  -2.7992649853E-07
    35      2.4459592129E-02  -1.8676218380E-07  -4.1952301107E-07  -4.5755629077E-05
    36     -1.8676218380E-07   1.2269183036E-01   1.5930383067E-01  -4.5061052194E-05
    37     -4.1952301107E-07   1.5930383067E-01   4.4222910603E-01  -1.3095124997E-04
    38     -4.5755629077E-05  -4.5061052194E-05  -1.3095124997E-04   6.6007073253E-03

$vibrational_frequencies
39
    0        0.0000000000000000
    1        0.0000000000000000
    2        0.0000000000000000
    3        0.0000000000000000
    4        0.0000000000000000
    5        0.0000000000000000
    6      237.1178601874136689
    7      418.1287640977456022
    8      418.8809205365391222
    9      427.7804629868721804
   10      511.5849977871786223
   11      536.5388098468019962
   12      634.5957417665551930
   13      694.1369548232504485
   14      754.3691196029706134
   15      813.7780396035113881
   16      823.3143017465905587
   17      877.8413350858867261
   18      938.8511446627319401
   19      959.5845671724139265
   20     1019.3354101105650216
   21     1041.9939169302724622
   22     1094.0161936162560323
   23     1175.9579637174613254
   24     1188.6363316312608731
   25     1202.7817910971498350
   26     1257.7391946087634551
   27     1354.7494259121212963
   28     1373.9552408794445455
   29     1498.0979342304606234
   30     1519.6678406694495607
   31     1627.4287861970728954
   32     1638.9285998120028580
   33     3148.5664443326681976
   34     3159.4730902369860814
   35     3167.2957983580849941
   36     3178.8416275504382611
   37     3186.2846688594377156
   38     3758.2255467845898238

$normal_modes
39 39
                    0                  1                  2                  3                  4        
    0      0.0000000000E+00   0.0000000000E+00   0.0000000000E+00   0.0000000000E+00   0.0000000000E+00
    1      0.0000000000E+00   0.0000000000E+00   0.0000000000E+00   0.0000000000E+00   0.0000000000E+00
    2      0.0000000000E+00   0.0000000000E+00   0.0000000000E+00   0.0000000000E+00   0.0000000000E+00
    3      0.0000000000E+00   0.0000000000E+00   0.0000000000E+00   0.0000000000E+00   0.0000000000E+00
    4      0.0000000000E+00   0.0000000000E+00   0.0000000000E+00   0.0000000000E+00   0.0000000000E+00
    5      0.0000000000E+00   0.0000000000E+00   0.0000000000E+00   0.0000000000E+00   0.0000000000E+00
    6      0.0000000000E+00   0.0000000000E+00   0.0000000000E+00   0.0000000000E+00   0.0000000000E+00
    7      0.0000000000E+00   0.0000000000E+00   0.0000000000E+00   0.0000000000E+00   0.0000000000E+00
    8      0.0000000000E+00   0.0000000000E+00   0.0000000000E+00   0.0000000000E+00   0.0000000000E+00
    9      0.0000000000E+00   0.0000000000E+00   0.0000000000E+00   0.0000000000E+00   0.0000000000E+00
   10      0.0000000000E+00   0.0000000000E+00   0.0000000000E+00   0.0000000000E+00   0.0000000000E+00
   11      0.0000000000E+00   0.0000000000E+00   0.0000000000E+00   0.0000000000E+00   0.0000000000E+00
   12      0.0000000000E+00   0.0000000000E+00   0.0000000000E+00   0.0000000000E+00   0.0000000000E+00
   13      0.0000000000E+00   0.0000000000E+00   0.0000000000E+00   0.0000000000E+00   0.0000000000E+00
   14      0.0000000000E+00   0.0000000000E+00   0.0000000000E+00   0.0000000000E+00   0.0000000000E+00
   15      0.0000000000E+00   0.0000000000E+00   0.0000000000E+00   0.0000000000E+00   0.0000000000E+00
   16      0.0000000000E+00   0.0000000000E+00   0.0000000000E+00   0.0000000000E+00   0.0000000000E+00
   17      0.0000000000E+00   0.0000000000E+00   0.0000000000E+00   0.0000000000E+00   0.0000000000E+00
   18      0.0000000000E+00   0.0000000000E+00   0.0000000000E+00   0.0000000000E+00   0.0000000000E+00
   19      0.0000000000E+00   0.0000000000E+00   0.0000000000E+00   0.0000000000E+00   0.0000000000E+00
   20      0.0000000000E+00   0.0000000000E+00   0.0000000000E+00   0.0000000000E+00   0.0000000000E+00
   21      0.0000000000E+00   0.0000000000E+00   0.0000000000E+00   0.0000000000E+00   0.0000000000E+00
   22      0.0000000000E+00   0.0000000000E+00   0.0000000000E+00   0.0000000000E+00   0.0000000000E+00
   23      0.0000000000E+00   0.0000000000E+00   0.0000000000E+00   0.0000000000E+00   0.0000000000E+00
   24      0.0000000000E+00   0.0000000000E+00   0.0000000000E+00   0.0000000000E+00   0.0000000000E+00
   25      0.0000000000E+00   0.0000000000E+00   0.0000000000E+00   0.0000000000E+00   0.0000000000E+00
   26      0.0000000000E+00   0.0000000000E+00   0.0000000000E+00   0.0000000000E+00   0.0000000000E+00
   27      0.0000000000E+00   0.0000000000E+00   0.0000000000E+00   0.0000000000E+00   0.0000000000E+00
   28      0.0000000000E+00   0.0000000000E+00   0.0000000000E+00   0.0000000000E+00   0.0000000000E+00
   29      0.0000000000E+00   0.0000000000E+00   0.0000000000E+00   0.0000000000E+00   0.0000000000E+00
   30      0.0000000000E+00   0.0000000000E+00   0.0000000000E+00   0.0000000000E+00   0.0000000000E+00
   31      0.0000000000E+00   0.0000000000E+00   0.0000000000E+00   0.0000000000E+00   0.0000000000E+00
   32      0.0000000000E+00   0.0000000000E+00   0.0000000000E+00   0.0000000000E+00   0.0000000000E+00
   33      0.0000000000E+00   0.0000000000E+00   0.0000000000E+00   0.0000000000E+00   0.0000000000E+00
   34      0.0000000000E+00   0.0000000000E+00   0.0000000000E+00   0.0000000000E+00   0.0000000000E+00
   35      0.0000000000E+00   0.0000000000E+00   0.0000000000E+00   0.0000000000E+00   0.0000000000E+00
   36      0.0000000000E+00   0.0000000000E+00   0.0000000000E+00   0.0000000000E+00   0.0000000000E+00
   37      0.0000000000E+00   0.0000000000E+00   0.0000000000E+00   0.0000000000E+00   0.0000000000E+00
   38      0.0000000000E+00   0.0000000000E+00   0.0000000000E+00   0.0000000000E+00   0.0000000000E+00
                    5                  6                  7                  8                  9        
    0      0.0000000000E+00   2.5371776606E-07   2.6048802924E-05   4.3700561968E-03  -5.5192342917E-06
    1      0.0000000000E+00  -8.3436274188E-05  -4.5116498297E-04  -8.4614694464E-02  -5.1545406532E-05
    2      0.0000000000E+00  -2.6082995184E-01   3.2566376833E-03  -7.7318304175E-06   1.2396743578E-03
    3      0.0000000000E+00  -2.8689828313E-06   5.0946542540E-04   9.4690555840E-02   5.6108052227E-05
    4      0.0000000000E+00   5.9895642669E-07  -1.0393946307E-04  -2.9217584740E-02   4.8281360747E-06
    5      0.0000000000E+00   7.4188490301E-03   1.6798270297E-01  -1.6416886708E-03   6.3485692771E-02
    6      0.0000000000E+00  -4.8956213725E-06   2.9727969034E-04   5.4358733033E-02   3.5294295030E-05
    7      0.0000000000E+00   8.1191495469E-05   9.3361710983E-04   1.8538893821E-01   1.0435747651E-04
    8      0.0000000000E+00   2.5268749709E-01  -1.8397601071E-01   1.7096742967E-03  -4.4012037255E-02
    9      0.0000000000E+00  -3.5029151883E-06  -6.5423905515E-05  -1.0293544219E-02   2.2851510214E-06
   10      0.0000000000E+00   4.4690751741E-05   1.0361087845E-03   1.9411353838E-01   1.1954056134E-04
   11      0.0000000000E+00   1.2954878447E-01  -1.1675337704E-02   1.4174501227E-05   9.3977323559E-03
   12      0.0000000000E+00  -7.2334834996E-06  -2.7533870539E-04  -5.1204218798E-02  -3.1895516155E-05
   13      0.0000000000E+00   8.4837956257E-05   1.1063640282E-03   1.9629961676E-01   1.3282156343E-04
   14      0.0000000000E+00   2.5948422966E-01   1.7626091321E-01  -1.7767980987E-03   5.1222011626E-02
   15      0.0000000000E+00  -1.3347062403E-07  -4.9462545800E-04  -9.3550608841E-02  -5.9743016350E-05
