*************************************************
******************* ORCA 6.0.0 ******************
*************************************************
$Calculation_Status
   &GeometryIndex 1
   &ListStatus       OUT
   &VERSION [&Type "String"] "6.0.0"
   &PROGNAME [&Type "String"] "LeanSCF"
   &STATUS [&Type "String"] "NORMAL TERMINATION"
$End
$Geometry
   &GeometryIndex 1
   &ListStatus       OUT
   &NATOMS [&Type "Integer"] 13
   &NCORELESSECP [&Type "Integer"] 0
   &NGHOSTATOMS [&Type "Integer"] 0
   &CartesianCoordinates [&Type "Coordinates", &Dim(13,4), &Units "Bohr"] 
              C     -3.539006613713   -0.017340309552    0.000014775769
              C     -2.204988609673   -2.282710064329    0.000010675819
              C      0.424714282049   -2.285964624754    0.000004490745
              C      1.730723892932    0.004069436979    0.000002629365
              C      0.411201162837    2.284815375712    0.000007688540
              C     -2.213381356054    2.257848915184    0.000013635697
              O      4.313714479944    0.132095217450   -0.000003809688
              H     -5.588078003019   -0.022882839831    0.000019892013
              H     -3.210366359613   -4.070715455452    0.000011031276
              H      1.459413408754   -4.061888550917   -0.000000310671
              H      1.463792134753    4.043514961035    0.000005430695
              H     -3.232867433947    4.037966182377    0.000015306971
              H      4.991761033106   -1.558238412325   -0.000000621342
$End
$SCF_Energy
   &GeometryIndex 1
   &ListStatus       OUT
   &SCF_ENERGY [&Type "Double"]      -3.0742188320055863e+02
$End
$DFT_Energy
   &GeometryIndex 1
   &ListStatus       OUT
   &NALPHAEL [&Type "Integer"] 25
   &NBETAEL [&Type "Integer"] 25
   &NTOTALEL [&Type "Integer"] 50
   &EEXCHANGE [&Type "Double"]      -4.1654251748158011e+01
   &ECORR [&Type "Double"]      -1.6163186296381891e+00
   &ECNL [&Type "Double"]       0.0000000000000000e+00
   &EXC [&Type "Double"]      -4.3270570377796197e+01
   &EEMBED [&Type "Double"]       0.0000000000000000e+00
   &FINALEN [&Type "Double"]      -3.0742188320055863e+02  "No Van der Waals correction"
$End
$Mulliken_Population_Analysis
   &GeometryIndex 1
   &ListStatus       OUT
   &NATOMS [&Type "Integer"] 13
   &ATNO [&Type "ArrayOfIntegers", &Dim (13,1)] 
                                                         0

0                                                        6
1                                                        6
2                                                        6
3                                                        6
4                                                        6
5                                                        6
6                                                        8
7                                                        1
8                                                        1
9                                                        1
10                                                       1
11                                                       1
12                                                       1
   &ATOMICCHARGES [&Type "ArrayOfDoubles", &Dim (13,1)] 
                                                         0

0                                     -1.5271683561228677e-01
1                                     -1.0015545427889005e-01
2                                     -2.2188400710869161e-01
3                                      3.1215003303252331e-01
4                                     -2.1627880820473333e-01
5                                     -6.7900054862420234e-02
6                                     -3.9884579531394415e-01
7                                      1.0665265613626851e-01
8                                      1.1051297778180968e-01
9                                      9.5460427721742014e-02
10                                     1.1093572059595236e-01
11                                     1.0915733155999519e-01
12                                     3.1291180855298650e-01
$End
$Loewdin_Population_Analysis
   &GeometryIndex 1
   &ListStatus       OUT
   &NATOMS [&Type "Integer"] 13
   &ATNO [&Type "ArrayOfIntegers", &Dim (13,1)] 
                                                         0

0                                                        6
1                                                        6
2                                                        6
3                                                        6
4                                                        6
5                                                        6
6                                                        8
7                                                        1
8                                                        1
9                                                        1
10                                                       1
11                                                       1
12                                                       1
   &ATOMICCHARGES [&Type "ArrayOfDoubles", &Dim (13,1)] 
                                                         0

0                                     -1.6149723162689522e-01
1                                     -1.4198436471992970e-01
2                                     -1.4953089510782558e-01
3                                     -2.7273548593478214e-01
4                                     -1.2289545451857187e-01
5                                     -1.3823316845520939e-01
6                                      8.2308824446888806e-02
7                                      1.4154836427918738e-01
8                                      1.4367141479248058e-01
9                                      1.4056737482025894e-01
10                                     1.4862124681609012e-01
11                                     1.4419469707219268e-01
12                                     1.8596467813642659e-01
$End
$Mayer_Population_Analysis
   &GeometryIndex 1
   &ListStatus       OUT
   &NATOMS [&Type "Integer"] 13 "Total number of atoms"
   &BONDTHRESH [&Type "Double"]       1.0000000000000001e-01  "The threshold for printing"
   &NBONDORDERSPRINT [&Type "Integer"] 13 "The number of bond orders larger than threshold"
   &BONDORDERS [&Type "ArrayOfDoubles", &Dim (13,1)] "The bond orders"
                                                         0

0                                      1.4092352845600329e+00
1                                      1.3856503525379158e+00
2                                      9.7252521003643722e-01
3                                      1.3926910347323069e+00
4                                      9.5814798350162822e-01
5                                      1.3319864998932711e+00
6                                      9.6549924790023389e-01
7                                      1.3694591853355778e+00
8                                      1.1079021863547653e+00
9                                      1.4151694901895786e+00
10                                     9.7765446701474501e-01
11                                     9.7128917814198823e-01
12                                     8.8631551999509417e-01
   &COMPONENTS [&Type "ArrayOfIntegers", &Dim (13,4)] "The indices and atomic numbers of the bonding atoms"
                                                         0                           1                           2                           3

0                                                        0                           6                           1                           6
1                                                        0                           6                           5                           6
2                                                        0                           6                           7                           1
3                                                        1                           6                           2                           6
4                                                        1                           6                           8                           1
5                                                        2                           6                           3                           6
6                                                        2                           6                           9                           1
7                                                        3                           6                           4                           6
8                                                        3                           6                           6                           8
9                                                        4                           6                           5                           6
10                                                       4                           6                          10                           1
11                                                       5                           6                          11                           1
12                                                       6                           8                          12                           1
   &ATNO [&Type "ArrayOfIntegers", &Dim (13,1)] "Atomic number of the elements"
                                                         0

0                                                        6
1                                                        6
2                                                        6
3                                                        6
4                                                        6
5                                                        6
6                                                        8
7                                                        1
8                                                        1
9                                                        1
10                                                       1
11                                                       1
12                                                       1
   &NA [&Type "ArrayOfDoubles", &Dim (13,1)] "Mulliken gross atomic population"
                                                         0

0                                      6.1527168356122575e+00
1                                      6.1001554542789105e+00
2                                      6.2218840071086650e+00
3                                      5.6878499669674500e+00
4                                      6.2162788082047236e+00
5                                      6.0679000548624007e+00
6                                      8.3988457953139317e+00
7                                      8.9334734386373105e-01
8                                      8.8948702221818954e-01
9                                      9.0453957227825943e-01
10                                     8.8906427940404631e-01
11                                     8.9084266844000459e-01
12                                     6.8708819144701372e-01
   &ZA [&Type "ArrayOfDoubles", &Dim (13,1)] "Total nuclear charge"
                                                         0

0                                      6.0000000000000000e+00
1                                      6.0000000000000000e+00
2                                      6.0000000000000000e+00
3                                      6.0000000000000000e+00
4                                      6.0000000000000000e+00
5                                      6.0000000000000000e+00
6                                      8.0000000000000000e+00
7                                      1.0000000000000000e+00
8                                      1.0000000000000000e+00
9                                      1.0000000000000000e+00
10                                     1.0000000000000000e+00
11                                     1.0000000000000000e+00
12                                     1.0000000000000000e+00
   &QA [&Type "ArrayOfDoubles", &Dim (13,1)] "Mulliken gross atomic charge"
                                                         0

0                                     -1.5271683561225746e-01
1                                     -1.0015545427891048e-01
2                                     -2.2188400710866496e-01
3                                      3.1215003303254996e-01
4                                     -2.1627880820472356e-01
5                                     -6.7900054862400694e-02
6                                     -3.9884579531393172e-01
7                                      1.0665265613626895e-01
8                                      1.1051297778181046e-01
9                                      9.5460427721740571e-02
10                                     1.1093572059595369e-01
11                                     1.0915733155999541e-01
12                                     3.1291180855298628e-01
   &VA [&Type "ArrayOfDoubles", &Dim (13,1)] "Mayer's total valence"
                                                         0

0                                      3.9209612107806593e+00
1                                      3.9032858111016822e+00
2                                      3.8489817200365350e+00
3                                      3.8910512881155701e+00
4                                      3.9227595721474864e+00
5                                      3.8690414040190606e+00
6                                      2.0814696160860526e+00
7                                      9.7750076962464760e-01
8                                      9.7491544266494734e-01
9                                      9.8456807708536553e-01
10                                     9.8976208461100790e-01
11                                     9.7383818643133024e-01
12                                     9.2043334127045096e-01
   &BVA [&Type "ArrayOfDoubles", &Dim (13,1)] "Mayer's bonded valence"
                                                         0

0                                      3.9209612107806344e+00
1                                      3.9032858111015312e+00
2                                      3.8489817200364316e+00
3                                      3.8910512881154680e+00
4                                      3.9227595721476578e+00
5                                      3.8690414040190624e+00
6                                      2.0814696160859674e+00
7                                      9.7750076962462062e-01
8                                      9.7491544266488739e-01
9                                      9.8456807708536109e-01
10                                     9.8976208461101978e-01
11                                     9.7383818643127851e-01
12                                     9.2043334127044407e-01
   &FA [&Type "ArrayOfDoubles", &Dim (13,1)] "Mayer's free valence"
                                                         0

0                                      0.0000000000000000e+00
1                                      0.0000000000000000e+00
2                                      0.0000000000000000e+00
3                                      0.0000000000000000e+00
4                                      0.0000000000000000e+00
5                                      0.0000000000000000e+00
6                                      0.0000000000000000e+00
7                                      0.0000000000000000e+00
8                                      0.0000000000000000e+00
9                                      0.0000000000000000e+00
10                                     0.0000000000000000e+00
11                                     0.0000000000000000e+00
12                                     0.0000000000000000e+00
$End
$VdW_Correction
   &GeometryIndex 1
   &ListStatus       OUT
   &VDW [&Type "Double"]      -3.7714164290639238e-03
$End
$Calculation_Info
   &GeometryIndex 1
   &ListStatus       OUT
   &MULT [&Type "Integer"] 1
   &CHARGE [&Type "Integer"] 0
   &NUMOFATOMS [&Type "Integer"] 13
   &NUMOFELECTRONS [&Type "Integer"] 50
   &NUMOFFCELECTRONS [&Type "Integer"] 1
   &NUMOFCORRELECTRONS [&Type "Integer"] 0
   &NUMOFBASISFUNCTS [&Type "Integer"] 253
   &NUMOFAUXCBASISFUNCTS [&Type "Integer"] 0
   &NUMOFAUXJBASISFUNCTS [&Type "Integer"] 276
   &NUMOFAUXJKBASISFUNCTS [&Type "Integer"] 0
   &NUMOFCABSBASISFUNCTS [&Type "Integer"] 0
   &TOTALENERGY [&Type "Double"]      -3.0742198023328768e+02  "Hartrees"
$End
$SCF_Dipole_Moment
   &GeometryIndex 1
   &ListStatus       OUT
   &METHOD [&Type "String"] "SCF"
   &LEVEL [&Type "String"] "Relaxed density"
   &MULT [&Type "Integer"] 1
   &STATE [&Type "Integer"] -1
   &IRREP [&Type "Integer"] 0
   &NATOMS [&Type "Integer"] 13
   &DODIPOLEATOM [&Type "Boolean"] false
   &DIPOLEELECCONTRIB [&Type "ArrayOfDoubles", &Dim (3,1)] "Electronic contribution"
                                                         0

0                                      2.0612067965331966e+00
1                                      2.9348719334036588e-01
2                                     -4.1167826113722700e-06
   &DIPOLENUCCONTRIB [&Type "ArrayOfDoubles", &Dim (3,1)] "Nuclear contribution"
                                                         0

0                                     -2.0135824348638316e+00
1                                     -8.0919470061930188e-01
2                                      4.9237603017868208e-06
   &DIPOLETOTAL [&Type "ArrayOfDoubles", &Dim (3,1)] "Total"
                                                         0

0                                      4.7624361669365012e-02
1                                     -5.1570750727893599e-01
2                                      8.0697769041455087e-07
   &DIPOLEMAGNITUDE [&Type "Double", &Units "a.u."]       5.1790183711676430e-01
$End
$THERMOCHEMISTRY_Energies
   &GeometryIndex 1
   &ListStatus       OUT
   &TEMPERATURE [&Type "Double"]       2.9814999999999998e+02
   &PRESSURE [&Type "Double"]       1.0000000000000000e+00
   &TOTALMASS [&Type "Double"]       9.4112999999999985e+01
   &SPINDEGENERACY [&Type "Integer"] 1
   &ELENERGY [&Type "Double"]      -3.0742198023328768e+02
   &TRANSENERGY [&Type "Double"]       1.4162714244859817e-03
   &ROTENERGY [&Type "Double"]       1.4162714244859817e-03
   &VIBENERGY [&Type "Double"]       2.6906366596150750e-03
   &NUMOFFREQS [&Type "Integer"] 39
   &FREQSCALINGFACTOR [&Type "Double"]       1.0000000000000000e+00
   &FREQ [&Type "ArrayOfDoubles", &Dim (39,1)] "In cm^-1"
                                                         0

0                                      0.0000000000000000e+00
1                                      0.0000000000000000e+00
2                                      0.0000000000000000e+00
3                                      0.0000000000000000e+00
4                                      0.0000000000000000e+00
5                                      0.0000000000000000e+00
6                                      2.3068125939693971e+02
7                                      3.6762372581531883e+02
8                                      4.1291222979296305e+02
9                                      4.1798645602203004e+02
10                                     5.0899457821678612e+02
11                                     5.3853140256509630e+02
12                                     6.3505886476986302e+02
13                                     6.9324610179710714e+02
14                                     7.5333556222576499e+02
15                                     8.1535557106292038e+02
16                                     8.3019624828429187e+02
17                                     8.7805421764970879e+02
18                                     9.3872051331824582e+02
19                                     9.5927934922690963e+02
20                                     1.0207147921277641e+03
21                                     1.0444040215936800e+03
22                                     1.0951664715322554e+03
23                                     1.1767547249174834e+03
24                                     1.1908376142721288e+03
25                                     1.1955240756237783e+03
26                                     1.2776349675992665e+03
27                                     1.3588253000603270e+03
28                                     1.3738385252557650e+03
29                                     1.4998195810603142e+03
30                                     1.5250991544884012e+03
31                                     1.6320933803223672e+03
32                                     1.6432035595571090e+03
33                                     3.1409327097687633e+03
34                                     3.1609973168871929e+03
35                                     3.1683963755442810e+03
36                                     3.1830610792503653e+03
37                                     3.1896669169575944e+03
38                                     3.8069583822198902e+03
   &ZPE [&Type "Double"]       1.0403003027575665e-01
   &INNERENERGYU [&Type "Double"]      -3.0731242702350335e+02
   &ENTHALPYH [&Type "Double"]      -3.0731148281446110e+02
   &QEL [&Type "Double"]       0.0000000000000000e+00
   &QROT [&Type "Double"]       1.2775853775239647e-02
   &QVIB [&Type "Double"]       3.8868614212620991e-03
   &QTRANS [&Type "Double"]       1.8785311269932253e-02
   &ENTROPYS [&Type "Double"]       3.5448026466433996e-02
   &FREEENERGYG [&Type "Double"]      -3.0734693084092754e+02
   &ISLINEAR [&Type "Boolean"] false
$End
$Hessian
   &GeometryIndex 1
   &ListStatus       OUT
   &HESSIAN [&Type "ArrayOfDoubles", &Dim (39,39)] "The Hessian"
                                                         0                           1                           2                           3                           4                           5                           6                           7

0                                      7.3956740084697015e-01        -1.7469765094070213e-03        -1.4767381140515057e-06        -1.7808117769639803e-01         1.1898420147466970e-01         3.6148087472734865e-07        -3.1899652838158217e-02         2.7820442460387170e-02
1                                     -1.7469765094070213e-03         6.5018762856294321e-01         2.9999816162130691e-07         6.2147852957474214e-02        -2.7803039393758577e-01        -2.8801886471443250e-07         7.0205620122783363e-02         2.8572061129571419e-02
2                                     -1.4767381140515057e-06         2.9999816162130691e-07         1.1603815167519101e-01         3.3290124235420639e-07        -4.3450452494541845e-07        -5.4935785520704945e-02         1.7530228037812202e-07        -6.1676383460371951e-09
3                                     -1.7808117769639803e-01         6.2147852957474214e-02         3.3290124235420639e-07         6.7484727722750026e-01         2.9807094330079189e-02        -1.2085227417197527e-06        -3.3588708834872366e-01         2.7563358030600046e-02
4                                      1.1898420147466970e-01        -2.7803039393758577e-01        -4.3450452494541845e-07         2.9807094330079189e-02         7.1551469644167320e-01         4.5413227532478028e-07        -2.8361428126792550e-02        -1.2409657771760002e-01
5                                      3.6148087472734865e-07        -2.8801886471443250e-07        -5.4935785520704945e-02        -1.2085227417197527e-06         4.5413227532478028e-07         1.2438058068962256e-01         5.9746330714724353e-07        -1.6442842454631229e-07
6                                     -3.1899652838158217e-02         7.0205620122783363e-02         1.7530228037812202e-07        -3.3588708834872366e-01        -2.8361428126792550e-02         5.9746330714724353e-07         6.9234025771361307e-01        -3.3041488159793408e-02
7                                      2.7820442460387170e-02         2.8572061129571419e-02        -6.1676383460371951e-09         2.7563358030600046e-02        -1.2409657771760002e-01        -1.6442842454631229e-07        -3.3041488159793408e-02         6.9865963404004927e-01
8                                      7.5619163905497444e-08        -1.0158749862916952e-07         4.9428190263376050e-03         7.2684516499855984e-07        -3.8317788645777255e-08        -5.0482546577408208e-02        -1.4372582797408973e-06         6.4763806684042415e-07
9                                      5.4763310359588237e-03         1.1807828601401965e-03        -5.7230138445356664e-08        -2.8501381453476193e-02        -3.1684770272894250e-02         6.8252022080691080e-08        -1.5929848675203703e-01        -1.0448058513533498e-01
10                                     1.2633979620859902e-03        -7.0713069637892506e-02        -6.8895806492884907e-08        -7.9751689330925246e-02         3.6685839127388355e-02         1.8208499147121306e-07        -3.3962748098003877e-02        -2.8000082340230964e-01
11                                     1.0660946887407919e-08        -5.3857526164821719e-08        -3.5703831192578916e-03        -6.4188229893920432e-09         1.3389666512061556e-07        -8.7340977966545580e-04         1.4130145058548521e-07         5.2016694729695363e-08
12                                    -3.0685728918654141e-02        -6.9914276789848628e-02         8.3261443435509440e-08        -4.3255655844489246e-02         2.7992553291937523e-02         7.3383092289860265e-08         5.4245912750844574e-02         1.8252776015403812e-02
13                                    -2.9037846270992540e-02         2.9630344958142721e-02         5.2889498964461689e-08         2.4346047255451891e-02        -1.6068364653979282e-02        -2.1439106698247836e-08        -1.8137829426687017e-02        -4.9222580579795658e-02
14                                     1.1873057764897550e-08         8.9812596628510969e-08         5.3403492730189385e-03         1.4385001711623832e-07        -1.1779047035163110e-07        -2.8482408984961145e-03        -3.1172340324178195e-08         2.4740904724907795e-08
15                                    -1.7625353228886365e-01        -5.9373375584508885e-02         2.4896848422139434e-07         5.7321263293795097e-02        -2.1844764885860186e-02        -1.3599441413833018e-07        -4.3330028758247312e-02        -2.3191933446246690e-02
16                                    -1.1620880342741093e-01        -2.7585929161884809e-01         1.5566918995354039e-07         2.2321016752051826e-02        -6.1479126618157139e-02        -1.2976347543210562e-07        -2.8466406549498037e-02        -1.6207492751847616e-02
17                                     1.9309167146176858e-07         3.0127280939316762e-08        -5.6071765895105777e-02        -1.0637492965931194e-07         3.6686681452343834e-08         4.9599399237959512e-03         1.9175086808098408e-08        -2.7579306193560313e-09
18                                    -6.1533637586244205e-03        -9.0102534929852192e-04         1.3061163185766603e-08         3.3249763676151756e-03        -3.2939206085402651e-03         3.9253075793381293e-09        -4.4576542783644618e-02        -4.8624319781970654e-03
19                                    -9.6954131211388116e-05         6.5820720867705955e-03        -2.6184617016843124e-08         6.0773193366512133e-03        -8.5371092461641283e-03         1.9059681533065039e-08        -4.4101345387155759e-02         2.8505363468206597e-03
20                                     1.8585524432828885e-08         2.2651588649414494e-08        -1.4644254003792260e-03         3.4511615885786178e-08        -1.5027685609024236e-08         7.5148917854460720e-03         1.0920647472015438e-07         2.0449890646272718e-08
21                                    -3.3468800287547618e-01        -7.2515108526858901e-04         6.9588941991816289e-07        -1.2301347489428821e-02        -2.6683271113605855e-03         4.8934868690434587e-08         8.3766112105872204e-04         3.2202867326241872e-03
22                                    -8.1322710156337850e-04        -5.7704688913286284e-02        -1.5378206545170049e-08         2.8538393297881413e-02         4.2573147556490580e-03        -5.6027966118527001e-08         2.1757530203036991e-03        -4.3681467323152404e-03
23                                     7.7347943116333327e-07        -1.0984075029018528e-08        -2.9351784385811590e-02         2.3451199474993412e-08         2.7587243779720168e-08        -2.0363841020555433e-04         1.5058691233148645e-08        -2.0628619872642141e-08
24                                     1.1784728987692440e-02         1.4379711214449236e-02        -1.0666028785202937e-08        -1.2413455114344060e-01        -1.1679837228187154e-01         9.8032884693055848e-08        -1.1349577883222453e-02        -2.8843294930723538e-02
25                                    -1.6498325898079882e-02        -1.8684757016805699e-02         1.9049546787387557e-08        -1.1707355945730688e-01        -2.6637605842645168e-01         4.1827436116720678e-08         1.7106195027154353e-03         2.7396258109282099e-03
26                                    -2.8547106709869916e-08        -3.5835719934392766e-08         1.8661096519119917e-03         6.9484084277736388e-08         1.3354402984952580e-08        -3.3474978152219295e-02         3.0511317160345017e-08         6.1022890597194149e-08
27                                    -5.7650728957761733e-03        -1.8166288717166926e-03         2.2618113707807370e-08        -1.0952358878140101e-02         2.9906751689965375e-02         5.9096831624091730e-08        -1.2268536635769657e-01         1.1420912563344704e-01
28                                    -4.6888031564188987e-04         2.3846130616469279e-03         1.4919201907544628e-08        -1.0407304641627813e-03         2.8539701236736789e-03         1.1704308784421214e-09         1.1445041225765411e-01        -2.6014315912985192e-01
29                                     2.6742996345400550e-08         1.4389514643812206e-08         7.3489046782104711e-03         3.2597977885846255e-09        -6.3251538415404963e-08         2.5997510874375268e-04         3.9204874066277560e-07        -5.8686491215071260e-07
30                                    -5.5259658186013281e-03         1.6569760678706467e-03         4.1220204741596794e-08        -8.2423114282532462e-04         7.9869958434858378e-04        -1.0935256979658759e-08        -1.2588849028899909e-03         3.1519196558939715e-03
31                                     6.8020679888118434e-04         2.1652831894007204e-03         1.3305330885396663e-10         1.2102439495576412e-03         2.0981655600303293e-04         7.9955180360594229e-09         4.2450957246775636e-03        -3.3005360655377729e-03
32                                     2.5968484991662404e-08        -2.0302746752738296e-08         7.6065958714867541e-03        -1.7551573384292265e-09         3.2697404192661313e-09        -7.2687931003328576e-04         1.4049567382376988e-08        -1.5278802288507572e-08
33                                     1.1672233684734860e-02        -1.4276340066113970e-02        -2.2347817398313968e-08        -6.8299830478749102e-04        -3.3498068364446621e-03         1.2213102524702809e-08        -8.5192704370762253e-04        -7.4160859874806669e-04
34                                     1.6598516671480358e-02        -1.8716813793645030e-02        -2.3300961808423540e-09        -4.3987525471361711e-03        -3.6606804387863071e-03        -5.5879684081980944e-09        -9.4453710501125258e-04         4.9218151266151909e-04
35                                    -4.7848317009907709e-09         9.9506343317583639e-09         2.1944381652097399e-03         5.5947856832466736e-09         7.5876684767240641e-09         7.0080339505339956e-03        -4.8595402905302164e-09        -3.9591580019288305e-09
36                                     5.5180253519583307e-04        -8.1727808662377137e-04        -2.8629627308091177e-08        -8.7272658720102814e-04         4.8180322758386912e-04         2.4845576938445848e-08         3.7137240828110617e-03         1.2466733751015724e-03
37                                    -4.7564259312896920e-04         1.8701192958775871e-04         5.7311900120628621e-08         2.8369241496343503e-04        -1.2733259656631498e-03        -5.3864773719785818e-08        -6.0749574296063077e-03         4.0252775392268731e-03
38                                    -5.0427251718740155e-09        -2.8530087260740976e-09         5.6775979892914244e-05        -9.0017113299370551e-09         5.2375766861820482e-09        -5.7794280940945582e-04        -3.8459069735995715e-09        -9.0499805398854931e-09
                                                         8                           9                          10                          11                          12                          13                          14                          15

0                                      7.5619163905497444e-08         5.4763310359588237e-03         1.2633979620859902e-03         1.0660946887407919e-08        -3.0685728918654141e-02        -2.9037846270992540e-02         1.1873057764897550e-08        -1.7625353228886365e-01
1                                     -1.0158749862916952e-07         1.1807828601401965e-03        -7.0713069637892506e-02        -5.3857526164821719e-08        -6.9914276789848628e-02         2.9630344958142721e-02         8.9812596628510969e-08        -5.9373375584508885e-02
2                                      4.9428190263376050e-03        -5.7230138445356664e-08        -6.8895806492884907e-08        -3.5703831192578916e-03         8.3261443435509440e-08         5.2889498964461689e-08         5.3403492730189385e-03         2.4896848422139434e-07
3                                      7.2684516499855984e-07        -2.8501381453476193e-02        -7.9751689330925246e-02        -6.4188229893920432e-09        -4.3255655844489246e-02         2.4346047255451891e-02         1.4385001711623832e-07         5.7321263293795097e-02
4                                     -3.8317788645777255e-08        -3.1684770272894250e-02         3.6685839127388355e-02         1.3389666512061556e-07         2.7992553291937523e-02        -1.6068364653979282e-02        -1.1779047035163110e-07        -2.1844764885860186e-02
5                                     -5.0482546577408208e-02         6.8252022080691080e-08         1.8208499147121306e-07        -8.7340977966545580e-04         7.3383092289860265e-08        -2.1439106698247836e-08        -2.8482408984961145e-03        -1.3599441413833018e-07
6                                     -1.4372582797408973e-06        -1.5929848675203703e-01        -3.3962748098003877e-02         1.4130145058548521e-07         5.4245912750844574e-02        -1.8137829426687017e-02        -3.1172340324178195e-08        -4.3330028758247312e-02
7                                      6.4763806684042415e-07        -1.0448058513533498e-01        -2.8000082340230964e-01         5.2016694729695363e-08         1.8252776015403812e-02        -4.9222580579795658e-02         2.4740904724907795e-08        -2.3191933446246690e-02
8                                      1.1244878836607941e-01         1.2894404413256706e-07        -2.6302525873828482e-08        -6.2740819338637080e-02        -6.9167491712010318e-08        -6.1968136591677216e-08         7.9857103257007615e-03         9.2644417821426502e-08
9                                      1.2894404413256706e-07         6.6615529693604147e-01        -1.1834059219648243e-02        -1.1335941186722791e-06        -1.5398544715188545e-01         1.0419791802662901e-01         1.8232548878215770e-07        -3.1134719693921384e-02
10                                    -2.6302525873828482e-08        -1.1834059219648243e-02         7.0721119374217500e-01         2.6249797873088684e-07         3.8197366900641717e-02        -2.8230372293811767e-01        -2.5748953508627371e-07         7.7132615090413109e-02
11                                    -6.2740819338637080e-02        -1.1335941186722791e-06         2.6249797873088684e-07         1.5484704341933306e-01         1.9301731787987951e-07        -3.3481882318717686e-07        -6.6863817411354193e-02         9.6099507164040773e-08
12                                    -6.9167491712010318e-08        -1.5398544715188545e-01         3.8197366900641717e-02         1.9301731787987951e-07         7.0898032470574579e-01         3.7491230612116781e-02        -1.3096236044321607e-06        -3.4367195068492162e-01
13                                    -6.1968136591677216e-08         1.0419791802662901e-01        -2.8230372293811767e-01        -3.3481882318717686e-07         3.7491230612116781e-02         7.0790301599373229e-01         8.4715314644212631e-08        -3.0303779042618353e-02
14                                     7.9857103257007615e-03         1.8232548878215770e-07        -2.5748953508627371e-07        -6.6863817411354193e-02        -1.3096236044321607e-06         8.4715314644212631e-08         1.2032213648601603e-01         7.1195284686905122e-07
15                                     9.2644417821426502e-08        -3.1134719693921384e-02         7.7132615090413109e-02         9.6099507164040773e-08        -3.4367195068492162e-01        -3.0303779042618353e-02         7.1195284686905122e-07         6.8154958875334470e-01
16                                     9.3497331171477945e-08         3.0089314987226223e-02         3.8765068253360652e-02        -7.3922194755040875e-08         2.5481029447434515e-02        -1.2771325482864085e-01        -3.5461368261321325e-08        -3.1643402371948667e-02
17                                    -3.7426740385349388e-03         1.2855610906019702e-07        -1.1419384924610252e-07         2.8119689089112221e-05         6.3425356707149808e-07         7.5664349427843836e-08        -5.3745654285336411e-02        -1.1557549966445127e-06
18                                     1.5268790480491288e-07        -2.8147924840027166e-01        -3.9795701163950988e-02         6.4202397748235816e-07        -4.3946478052764242e-02         1.2701055213868724e-02         1.4857037479253378e-07         5.0078799074353723e-03
19                                     4.8544249932801708e-08         1.2479915590308976e-02        -1.1037616937721520e-01         9.5934192314892173e-08         5.0784347098624331e-02         4.6406847543280106e-03        -1.4678008463858479e-07        -5.2922284078097421e-03
20                                     8.7328521463428677e-03         4.3170645939625775e-07         1.8151172629756982e-07        -4.1161176332682445e-02         1.5163712231576455e-07        -5.4426531682980302e-08         6.3880964502147537e-03        -2.4046012568754453e-08
21                                    -1.1768747301170121e-08         7.3730864909396510e-04        -4.5461245120173837e-05         3.1366927547529885e-08         8.0914845188582822e-04        -3.2780291116895214e-03        -4.4926511396253715e-08        -1.2104922470366864e-02
22                                    -2.2627850096732308e-08         1.0592083136064216e-04        -1.9297364507754257e-03         7.9597568887827837e-10        -2.1860454985451138e-03        -4.5329388483972121e-03         5.7314092631021496e-09        -2.8516121332603315e-02
23                                     7.3833200102425547e-03         1.4053062495492647e-08         9.0278634194133873e-09        -8.3203794802177739e-04         8.6169898982276816e-09         2.7381121991020661e-09         7.1844120165522581e-03        -2.1654615956086954e-08
