
$orca_hessian_file

$act_atom
  0

$act_coord
  0

$act_energy
        0.000000

$multiplicity
  1

$hessian
39
                    0                  1                  2                  3                  4        
    0      7.3956740085E-01  -1.7469765094E-03  -1.4767381141E-06  -1.7808117770E-01   1.1898420147E-01
    1     -1.7469765094E-03   6.5018762856E-01   2.9999816162E-07   6.2147852957E-02  -2.7803039394E-01
    2     -1.4767381141E-06   2.9999816162E-07   1.1603815168E-01   3.3290124235E-07  -4.3450452495E-07
    3     -1.7808117770E-01   6.2147852957E-02   3.3290124235E-07   6.7484727723E-01   2.9807094330E-02
    4      1.1898420147E-01  -2.7803039394E-01  -4.3450452495E-07   2.9807094330E-02   7.1551469644E-01
    5      3.6148087473E-07  -2.8801886471E-07  -5.4935785521E-02  -1.2085227417E-06   4.5413227532E-07
    6     -3.1899652838E-02   7.0205620123E-02   1.7530228038E-07  -3.3588708835E-01  -2.8361428127E-02
    7      2.7820442460E-02   2.8572061130E-02  -6.1676383460E-09   2.7563358031E-02  -1.2409657772E-01
    8      7.5619163905E-08  -1.0158749863E-07   4.9428190263E-03   7.2684516500E-07  -3.8317788646E-08
    9      5.4763310360E-03   1.1807828601E-03  -5.7230138445E-08  -2.8501381453E-02  -3.1684770273E-02
   10      1.2633979621E-03  -7.0713069638E-02  -6.8895806493E-08  -7.9751689331E-02   3.6685839127E-02
   11      1.0660946887E-08  -5.3857526165E-08  -3.5703831193E-03  -6.4188229894E-09   1.3389666512E-07
   12     -3.0685728919E-02  -6.9914276790E-02   8.3261443436E-08  -4.3255655844E-02   2.7992553292E-02
   13     -2.9037846271E-02   2.9630344958E-02   5.2889498964E-08   2.4346047255E-02  -1.6068364654E-02
   14      1.1873057765E-08   8.9812596629E-08   5.3403492730E-03   1.4385001712E-07  -1.1779047035E-07
   15     -1.7625353229E-01  -5.9373375585E-02   2.4896848422E-07   5.7321263294E-02  -2.1844764886E-02
   16     -1.1620880343E-01  -2.7585929162E-01   1.5566918995E-07   2.2321016752E-02  -6.1479126618E-02
   17      1.9309167146E-07   3.0127280939E-08  -5.6071765895E-02  -1.0637492966E-07   3.6686681452E-08
   18     -6.1533637586E-03  -9.0102534930E-04   1.3061163186E-08   3.3249763676E-03  -3.2939206085E-03
   19     -9.6954131211E-05   6.5820720868E-03  -2.6184617017E-08   6.0773193367E-03  -8.5371092462E-03
   20      1.8585524433E-08   2.2651588649E-08  -1.4644254004E-03   3.4511615886E-08  -1.5027685609E-08
   21     -3.3468800288E-01  -7.2515108527E-04   6.9588941992E-07  -1.2301347489E-02  -2.6683271114E-03
   22     -8.1322710156E-04  -5.7704688913E-02  -1.5378206545E-08   2.8538393298E-02   4.2573147556E-03
   23      7.7347943116E-07  -1.0984075029E-08  -2.9351784386E-02   2.3451199475E-08   2.7587243780E-08
   24      1.1784728988E-02   1.4379711214E-02  -1.0666028785E-08  -1.2413455114E-01  -1.1679837228E-01
   25     -1.6498325898E-02  -1.8684757017E-02   1.9049546787E-08  -1.1707355946E-01  -2.6637605843E-01
   26     -2.8547106710E-08  -3.5835719934E-08   1.8661096519E-03   6.9484084278E-08   1.3354402985E-08
   27     -5.7650728958E-03  -1.8166288717E-03   2.2618113708E-08  -1.0952358878E-02   2.9906751690E-02
   28     -4.6888031564E-04   2.3846130616E-03   1.4919201908E-08  -1.0407304642E-03   2.8539701237E-03
   29      2.6742996345E-08   1.4389514644E-08   7.3489046782E-03   3.2597977886E-09  -6.3251538415E-08
   30     -5.5259658186E-03   1.6569760679E-03   4.1220204742E-08  -8.2423114283E-04   7.9869958435E-04
   31      6.8020679888E-04   2.1652831894E-03   1.3305330885E-10   1.2102439496E-03   2.0981655600E-04
   32      2.5968484992E-08  -2.0302746753E-08   7.6065958715E-03  -1.7551573384E-09   3.2697404193E-09
   33      1.1672233685E-02  -1.4276340066E-02  -2.2347817398E-08  -6.8299830479E-04  -3.3498068364E-03
   34      1.6598516671E-02  -1.8716813794E-02  -2.3300961808E-09  -4.3987525471E-03  -3.6606804388E-03
   35     -4.7848317010E-09   9.9506343318E-09   2.1944381652E-03   5.5947856832E-09   7.5876684767E-09
   36      5.5180253520E-04  -8.1727808662E-04  -2.8629627308E-08  -8.7272658720E-04   4.8180322758E-04
   37     -4.7564259313E-04   1.8701192959E-04   5.7311900121E-08   2.8369241496E-04  -1.2733259657E-03
   38     -5.0427251719E-09  -2.8530087261E-09   5.6775979893E-05  -9.0017113299E-09   5.2375766862E-09
                    5                  6                  7                  8                  9        
    0      3.6148087473E-07  -3.1899652838E-02   2.7820442460E-02   7.5619163905E-08   5.4763310360E-03
    1     -2.8801886471E-07   7.0205620123E-02   2.8572061130E-02  -1.0158749863E-07   1.1807828601E-03
    2     -5.4935785521E-02   1.7530228038E-07  -6.1676383460E-09   4.9428190263E-03  -5.7230138445E-08
    3     -1.2085227417E-06  -3.3588708835E-01   2.7563358031E-02   7.2684516500E-07  -2.8501381453E-02
    4      4.5413227532E-07  -2.8361428127E-02  -1.2409657772E-01  -3.8317788646E-08  -3.1684770273E-02
    5      1.2438058069E-01   5.9746330715E-07  -1.6442842455E-07  -5.0482546577E-02   6.8252022081E-08
    6      5.9746330715E-07   6.9234025771E-01  -3.3041488160E-02  -1.4372582797E-06  -1.5929848675E-01
    7     -1.6442842455E-07  -3.3041488160E-02   6.9865963404E-01   6.4763806684E-07  -1.0448058514E-01
    8     -5.0482546577E-02  -1.4372582797E-06   6.4763806684E-07   1.1244878837E-01   1.2894404413E-07
    9      6.8252022081E-08  -1.5929848675E-01  -1.0448058514E-01   1.2894404413E-07   6.6615529694E-01
   10      1.8208499147E-07  -3.3962748098E-02  -2.8000082340E-01  -2.6302525874E-08  -1.1834059220E-02
   11     -8.7340977967E-04   1.4130145059E-07   5.2016694730E-08  -6.2740819339E-02  -1.1335941187E-06
   12      7.3383092290E-08   5.4245912751E-02   1.8252776015E-02  -6.9167491712E-08  -1.5398544715E-01
   13     -2.1439106698E-08  -1.8137829427E-02  -4.9222580580E-02  -6.1968136592E-08   1.0419791803E-01
   14     -2.8482408985E-03  -3.1172340324E-08   2.4740904725E-08   7.9857103257E-03   1.8232548878E-07
   15     -1.3599441414E-07  -4.3330028758E-02  -2.3191933446E-02   9.2644417821E-08  -3.1134719694E-02
   16     -1.2976347543E-07  -2.8466406549E-02  -1.6207492752E-02   9.3497331171E-08   3.0089314987E-02
   17      4.9599399238E-03   1.9175086808E-08  -2.7579306194E-09  -3.7426740385E-03   1.2855610906E-07
   18      3.9253075793E-09  -4.4576542784E-02  -4.8624319782E-03   1.5268790480E-07  -2.8147924840E-01
   19      1.9059681533E-08  -4.4101345387E-02   2.8505363468E-03   4.8544249933E-08   1.2479915590E-02
   20      7.5148917854E-03   1.0920647472E-07   2.0449890646E-08   8.7328521463E-03   4.3170645940E-07
   21      4.8934868690E-08   8.3766112106E-04   3.2202867326E-03  -1.1768747301E-08   7.3730864909E-04
   22     -5.6027966119E-08   2.1757530203E-03  -4.3681467323E-03  -2.2627850097E-08   1.0592083136E-04
   23     -2.0363841021E-04   1.5058691233E-08  -2.0628619873E-08   7.3833200102E-03   1.4053062495E-08
   24      9.8032884693E-08  -1.1349577883E-02  -2.8843294931E-02  -2.9943962974E-08  -5.0883144754E-03
   25      4.1827436117E-08   1.7106195027E-03   2.7396258109E-03  -2.7572227623E-08   8.5908904435E-04
   26     -3.3474978152E-02   3.0511317160E-08   6.1022890597E-08   1.2627292807E-03   4.3658113590E-08
   27      5.9096831624E-08  -1.2268536636E-01   1.1420912563E-01   3.6449338592E-07   6.8613310825E-03
   28      1.1704308784E-09   1.1445041226E-01  -2.6014315913E-01  -5.5881204421E-07   1.9828337665E-02
   29      2.5997510874E-04   3.9204874066E-07  -5.8686491215E-07  -2.8925561337E-02   1.1883636829E-08
   30     -1.0935256980E-08  -1.2588849029E-03   3.1519196559E-03   2.6161052141E-08   1.0517096217E-02
   31      7.9955180361E-09   4.2450957247E-03  -3.3005360655E-03  -2.9252543936E-08  -1.8660755137E-02
   32     -7.2687931003E-04   1.4049567382E-08  -1.5278802289E-08   5.0022462477E-03  -1.2699751879E-08
   33      1.2213102525E-08  -8.5192704371E-04  -7.4160859875E-04  -7.6750846739E-09  -4.8553914101E-03
   34     -5.5879684082E-09  -9.4453710501E-04   4.9218151266E-04   5.7927392785E-09  -1.0225337183E-03
   35      7.0080339505E-03  -4.8595402905E-09  -3.9591580019E-09  -8.7491244650E-04   4.3059288190E-08
   36      2.4845576938E-08   3.7137240828E-03   1.2466733751E-03  -2.8562416071E-08  -2.5404374584E-02
   37     -5.3864773720E-08  -6.0749574296E-03   4.0252775392E-03   7.4235247204E-08  -9.8662284672E-04
   38     -5.7794280941E-04  -3.8459069736E-09  -9.0499805399E-09  -9.9195166455E-04   1.3460059315E-07
                   10                 11                 12                 13                 14        
    0      1.2633979621E-03   1.0660946887E-08  -3.0685728919E-02  -2.9037846271E-02   1.1873057765E-08
    1     -7.0713069638E-02  -5.3857526165E-08  -6.9914276790E-02   2.9630344958E-02   8.9812596629E-08
    2     -6.8895806493E-08  -3.5703831193E-03   8.3261443436E-08   5.2889498964E-08   5.3403492730E-03
    3     -7.9751689331E-02  -6.4188229894E-09  -4.3255655844E-02   2.4346047255E-02   1.4385001712E-07
    4      3.6685839127E-02   1.3389666512E-07   2.7992553292E-02  -1.6068364654E-02  -1.1779047035E-07
    5      1.8208499147E-07  -8.7340977967E-04   7.3383092290E-08  -2.1439106698E-08  -2.8482408985E-03
    6     -3.3962748098E-02   1.4130145059E-07   5.4245912751E-02  -1.8137829427E-02  -3.1172340324E-08
    7     -2.8000082340E-01   5.2016694730E-08   1.8252776015E-02  -4.9222580580E-02   2.4740904725E-08
    8     -2.6302525874E-08  -6.2740819339E-02  -6.9167491712E-08  -6.1968136592E-08   7.9857103257E-03
    9     -1.1834059220E-02  -1.1335941187E-06  -1.5398544715E-01   1.0419791803E-01   1.8232548878E-07
   10      7.0721119374E-01   2.6249797873E-07   3.8197366901E-02  -2.8230372294E-01  -2.5748953509E-07
   11      2.6249797873E-07   1.5484704342E-01   1.9301731788E-07  -3.3481882319E-07  -6.6863817411E-02
   12      3.8197366901E-02   1.9301731788E-07   7.0898032471E-01   3.7491230612E-02  -1.3096236044E-06
   13     -2.8230372294E-01  -3.3481882319E-07   3.7491230612E-02   7.0790301599E-01   8.4715314644E-08
   14     -2.5748953509E-07  -6.6863817411E-02  -1.3096236044E-06   8.4715314644E-08   1.2032213649E-01
   15      7.7132615090E-02   9.6099507164E-08  -3.4367195068E-01  -3.0303779043E-02   7.1195284687E-07
   16      3.8765068253E-02  -7.3922194755E-08   2.5481029447E-02  -1.2771325483E-01  -3.5461368261E-08
   17     -1.1419384925E-07   2.8119689089E-05   6.3425356707E-07   7.5664349428E-08  -5.3745654285E-02
   18     -3.9795701164E-02   6.4202397748E-07  -4.3946478053E-02   1.2701055214E-02   1.4857037479E-07
   19     -1.1037616938E-01   9.5934192315E-08   5.0784347099E-02   4.6406847543E-03  -1.4678008464E-07
   20      1.8151172630E-07  -4.1161176333E-02   1.5163712232E-07  -5.4426531683E-08   6.3880964502E-03
   21     -4.5461245120E-05   3.1366927548E-08   8.0914845189E-04  -3.2780291117E-03  -4.4926511396E-08
   22     -1.9297364508E-03   7.9597568888E-10  -2.1860454985E-03  -4.5329388484E-03   5.7314092631E-09
   23      9.0278634194E-09  -8.3203794802E-04   8.6169898982E-09   2.7381121991E-09   7.1844120166E-03
   24      2.0425949587E-03   5.1372583431E-08  -7.8402179771E-04   7.1362011552E-04  -1.2446636829E-08
   25      2.0990756508E-03   5.6836500319E-09   9.5002162650E-04   4.1924681148E-04   2.8167782593E-09
   26     -2.0363906694E-09   8.1930018854E-03  -1.1957437621E-08  -4.6830687765E-10  -1.2319681996E-03
   27     -1.3027982809E-02  -1.1307492395E-08  -5.5929157167E-04  -3.4731581064E-03  -8.8326766232E-09
   28     -1.9734028168E-02  -7.8006909308E-08  -4.6707932206E-03  -3.4570406906E-03   2.6408345182E-08
   29      4.7074276098E-08   3.1170129764E-03   4.0441699496E-09   4.3022595925E-09   5.0827249690E-03
   30      1.3512350117E-02  -6.1261358416E-09  -1.2794060543E-01  -1.2137146796E-01   1.9968303242E-07
   31     -2.0141502748E-02   5.2381775582E-08  -1.1961037260E-01  -2.6487415687E-01   2.2935417945E-07
   32     -7.5279004893E-08   4.6996666764E-03   2.1213075444E-07   2.6857487294E-07  -3.2417961601E-02
   33     -1.9075626096E-03   3.9167630280E-08  -1.1626592287E-02   2.9001545403E-02   2.9011308534E-09
   34      2.0163237552E-03  -2.2391105074E-08  -1.6257510822E-03   3.0448280339E-03   7.2849994071E-08
   35      3.1213467124E-09   8.3815433696E-03   2.4312849423E-08  -6.0899332701E-08   2.2275687760E-03
   36      4.8104926772E-02  -3.1078580073E-08  -7.5796141689E-03  -3.0961068658E-03  -1.6472244141E-08
   37     -1.5784478061E-03  -5.8847599321E-08  -8.9528564731E-04   2.5339388579E-03   4.8105773047E-08
   38     -1.2248384486E-07  -3.2247440866E-03   2.8409292212E-08   1.8121993037E-08   2.5766440989E-03
                   15                 16                 17                 18                 19        
    0     -1.7625353229E-01  -1.1620880343E-01   1.9309167146E-07  -6.1533637586E-03  -9.6954131211E-05
    1     -5.9373375585E-02  -2.7585929162E-01   3.0127280939E-08  -9.0102534930E-04   6.5820720868E-03
    2      2.4896848422E-07   1.5566918995E-07  -5.6071765895E-02   1.3061163186E-08  -2.6184617017E-08
    3      5.7321263294E-02   2.2321016752E-02  -1.0637492966E-07   3.3249763676E-03   6.0773193367E-03
    4     -2.1844764886E-02  -6.1479126618E-02   3.6686681452E-08  -3.2939206085E-03  -8.5371092462E-03
    5     -1.3599441414E-07  -1.2976347543E-07   4.9599399238E-03   3.9253075793E-09   1.9059681533E-08
    6     -4.3330028758E-02  -2.8466406549E-02   1.9175086808E-08  -4.4576542784E-02  -4.4101345387E-02
    7     -2.3191933446E-02  -1.6207492752E-02  -2.7579306194E-09  -4.8624319782E-03   2.8505363468E-03
    8      9.2644417821E-08   9.3497331171E-08  -3.7426740385E-03   1.5268790480E-07   4.8544249933E-08
    9     -3.1134719694E-02   3.0089314987E-02   1.2855610906E-07  -2.8147924840E-01   1.2479915590E-02
   10      7.7132615090E-02   3.8765068253E-02  -1.1419384925E-07  -3.9795701164E-02  -1.1037616938E-01
   11      9.6099507164E-08  -7.3922194755E-08   2.8119689089E-05   6.4202397748E-07   9.5934192315E-08
   12     -3.4367195068E-01   2.5481029447E-02   6.3425356707E-07  -4.3946478053E-02   5.0784347099E-02
   13     -3.0303779043E-02  -1.2771325483E-01   7.5664349428E-08   1.2701055214E-02   4.6406847543E-03
   14      7.1195284687E-07  -3.5461368261E-08  -5.3745654285E-02   1.4857037479E-07  -1.4678008464E-07
   15      6.8154958875E-01  -3.1643402372E-02  -1.1557549966E-06   5.0078799074E-03  -5.2922284078E-03
   16     -3.1643402372E-02   7.1236442331E-01   2.0355856639E-07   1.6601131902E-03  -9.8073916630E-03
   17     -1.1557549966E-06   2.0355856639E-07   1.2917887759E-01  -2.1790738941E-08   1.0560644645E-08
   18      5.0078799074E-03   1.6601131902E-03  -2.1790738941E-08   4.6287583143E-01  -1.4106291952E-01
   19     -5.2922284078E-03  -9.8073916630E-03   1.0560644645E-08  -1.4106291952E-01   5.6180300839E-01
   20     -2.4046012569E-08  -1.0334634066E-08   4.9570222627E-03  -5.5836214301E-07  -9.6940949249E-07
   21     -1.2104922470E-02   2.6384131970E-03   6.3638300405E-08   7.4500225236E-05  -6.4716545816E-05
   22     -2.8516121333E-02   4.2819547694E-03   6.3958057897E-08  -4.8275884475E-05   4.9543943390E-04
   23     -2.1654615956E-08  -2.5977844013E-08  -1.6322602132E-04  -1.1439134295E-09  -5.0270525516E-09
   24     -7.5486646697E-04   3.3290459115E-03   1.7277258925E-08  -1.6384481436E-03  -1.7404866443E-03
   25      4.4802309813E-03  -3.6030730132E-03  -1.9316882377E-08  -5.3769846227E-05  -4.4481469607E-05
   26      1.4224534631E-08  -1.8216732611E-08   7.4142180170E-03   1.1707704347E-09   1.6701733262E-09
   27     -9.8285505667E-04  -7.7702608252E-04   1.2997226001E-08   4.0896958701E-03  -8.1232968306E-04
   28     -1.2201186732E-03   1.9830683977E-04  -1.4291960635E-08   1.5710113622E-04   2.8111206911E-03
   29      5.2642141292E-09  -1.4869428964E-09  -6.6393986015E-04  -1.5316523306E-08  -7.9891386176E-09
   30     -1.0254803845E-02  -2.8495084915E-02   1.2098972746E-08   1.3652438269E-03  -6.5273480031E-04
   31      1.6420600924E-03   4.0380274448E-03  -1.3855923186E-08  -4.1732534493E-04   1.9318982892E-03
   32      2.3323468344E-08   6.7134269923E-08   1.0889880925E-03  -1.4263962007E-08   6.4585061760E-09
   33     -1.2591926928E-01   1.1763909242E-01   1.6209381243E-07  -9.9939501052E-04   1.8275577048E-03
   34      1.1798793342E-01  -2.6461537776E-01  -2.4886525978E-07   1.6846283379E-04  -5.7341594845E-05
   35      1.4226917086E-07  -1.8340801739E-07  -3.5063022734E-02   2.3636059136E-09  -5.3632868973E-09
   36      5.2821658648E-04   2.4455326691E-03   2.9067591092E-08  -9.7944651482E-02   1.2256521584E-01
   37      1.3004893793E-04  -3.6277236319E-04  -3.5069423358E-08   1.7583799688E-01  -4.5229226664E-01
   38      1.4374464519E-08  -1.3492499568E-08   1.8231172550E-03  -3.4538354611E-07   9.6759247199E-07
                   20                 21                 22                 23                 24        
    0      1.8585524433E-08  -3.3468800288E-01  -8.1322710156E-04   7.7347943116E-07   1.1784728988E-02
    1      2.2651588649E-08  -7.2515108527E-04  -5.7704688913E-02  -1.0984075029E-08   1.4379711214E-02
    2     -1.4644254004E-03   6.9588941992E-07  -1.5378206545E-08  -2.9351784386E-02  -1.0666028785E-08
    3      3.4511615886E-08  -1.2301347489E-02   2.8538393298E-02   2.3451199475E-08  -1.2413455114E-01
    4     -1.5027685609E-08  -2.6683271114E-03   4.2573147556E-03   2.7587243780E-08  -1.1679837228E-01
    5      7.5148917854E-03   4.8934868690E-08  -5.6027966119E-08  -2.0363841021E-04   9.8032884693E-08
    6      1.0920647472E-07   8.3766112106E-04   2.1757530203E-03   1.5058691233E-08  -1.1349577883E-02
    7      2.0449890646E-08   3.2202867326E-03  -4.3681467323E-03  -2.0628619873E-08  -2.8843294931E-02
    8      8.7328521463E-03  -1.1768747301E-08  -2.2627850097E-08   7.3833200102E-03  -2.9943962974E-08
    9      4.3170645940E-07   7.3730864909E-04   1.0592083136E-04   1.4053062495E-08  -5.0883144754E-03
   10      1.8151172630E-07  -4.5461245120E-05  -1.9297364508E-03   9.0278634194E-09   2.0425949587E-03
   11     -4.1161176333E-02   3.1366927548E-08   7.9597568888E-10  -8.3203794802E-04   5.1372583431E-08
   12      1.5163712232E-07   8.0914845189E-04  -2.1860454985E-03   8.6169898982E-09  -7.8402179771E-04
   13     -5.4426531683E-08  -3.2780291117E-03  -4.5329388484E-03   2.7381121991E-09   7.1362011552E-04
   14      6.3880964502E-03  -4.4926511396E-08   5.7314092631E-09   7.1844120166E-03  -1.2446636829E-08
   15     -2.4046012569E-08  -1.2104922470E-02  -2.8516121333E-02  -2.1654615956E-08  -7.5486646697E-04
   16     -1.0334634066E-08   2.6384131970E-03   4.2819547694E-03  -2.5977844013E-08   3.3290459115E-03
   17      4.9570222627E-03   6.3638300405E-08   6.3958057897E-08  -1.6322602132E-04   1.7277258925E-08
   18     -5.5836214301E-07   7.4500225236E-05  -4.8275884475E-05  -1.1439134295E-09  -1.6384481436E-03
   19     -9.6940949249E-07  -6.4716545816E-05   4.9543943390E-04  -5.0270525516E-09  -1.7404866443E-03
   20      2.6970978716E-02  -2.3065744148E-09   2.4460108506E-09  -8.8030395665E-04   1.6822147613E-09
   21     -2.3065744148E-09   3.5652508691E-01   7.9785368244E-04  -7.8673101542E-07   7.5391178837E-04
   22      2.4460108506E-09   7.9785368244E-04   5.7495166532E-02   2.4332768631E-08  -4.7995389991E-04
   23     -8.8030395665E-04  -7.8673101542E-07   2.4332768631E-08   2.3332237259E-02  -1.1664125304E-08
   24      1.6822147613E-09   7.5391178837E-04  -4.7995389991E-04  -1.1664125304E-08   1.2927249350E-01
   25      1.4354583123E-10   1.6644976842E-04   1.0016202382E-03   7.7354485299E-10   1.2659483145E-01
   26      4.2794617851E-05  -5.9109432951E-09   3.2257782732E-09  -3.7825741177E-03  -1.0252931937E-07
   27     -2.0808979936E-08  -7.7912628384E-04   1.5579922266E-03   3.1249138572E-09   1.1004659658E-03
   28      9.7086965979E-09  -1.3469257963E-04  -1.2474448393E-05  -5.9161645506E-09   2.1915334726E-04
   29     -3.7944390810E-03   6.1979516068E-09  -3.1981171122E-09   5.5503035011E-04  -7.6500625104E-09
   30     -1.3595918828E-08  -7.1516741081E-04  -1.4493648456E-03   1.3694244670E-09   6.0666409928E-05
   31     -1.6311994372E-09   1.7447235416E-04   7.7981265358E-05  -8.8798273708E-10  -6.5759014714E-05
   32     -3.3664255859E-03   5.3265313233E-09   2.2397161701E-09   4.8873604938E-04   1.6216410874E-09
   33      8.3478293402E-10   7.5467146379E-04   4.8316989689E-04  -9.1459201036E-09   4.3791131770E-04
   34     -2.4517319012E-10  -1.7516874158E-04   9.9341053126E-04  -5.8086252053E-10   8.4135822846E-04
   35      1.3535587052E-04  -8.1457269257E-09   2.6021678094E-09  -3.6373248861E-03   2.7995225019E-09
   36     -1.3658684306E-07   9.6277923506E-05  -1.6405372224E-04  -1.1932139004E-09   3.3960194109E-04
   37      8.2509700989E-07   9.2030015320E-05  -5.4902132756E-05  -1.6083945537E-09  -1.8969777448E-04
   38     -4.0752214929E-03   8.1461078991E-10  -9.4828176474E-10  -9.2845959860E-05  -1.4325640581E-10
                   25                 26                 27                 28                 29        
    0     -1.6498325898E-02  -2.8547106710E-08  -5.7650728958E-03  -4.6888031564E-04   2.6742996345E-08
    1     -1.8684757017E-02  -3.5835719934E-08  -1.8166288717E-03   2.3846130616E-03   1.4389514644E-08
    2      1.9049546787E-08   1.8661096519E-03   2.2618113708E-08   1.4919201908E-08   7.3489046782E-03
    3     -1.1707355946E-01   6.9484084278E-08  -1.0952358878E-02  -1.0407304642E-03   3.2597977886E-09
    4     -2.6637605843E-01   1.3354402985E-08   2.9906751690E-02   2.8539701237E-03  -6.3251538415E-08
    5      4.1827436117E-08  -3.3474978152E-02   5.9096831624E-08   1.1704308784E-09   2.5997510874E-04
    6      1.7106195027E-03   3.0511317160E-08  -1.2268536636E-01   1.1445041226E-01   3.9204874066E-07
    7      2.7396258109E-03   6.1022890597E-08   1.1420912563E-01  -2.6014315913E-01  -5.8686491215E-07
    8     -2.7572227623E-08   1.2627292807E-03   3.6449338592E-07  -5.5881204421E-07  -2.8925561337E-02
    9      8.5908904435E-04   4.3658113590E-08   6.8613310825E-03   1.9828337665E-02   1.1883636829E-08
   10      2.0990756508E-03  -2.0363906694E-09  -1.3027982809E-02  -1.9734028168E-02   4.7074276098E-08
   11      5.6836500319E-09   8.1930018854E-03  -1.1307492395E-08  -7.8006909308E-08   3.1170129764E-03
   12      9.5002162650E-04  -1.1957437621E-08  -5.5929157167E-04  -4.6707932206E-03   4.0441699496E-09
   13      4.1924681148E-04  -4.6830687765E-10  -3.4731581064E-03  -3.4570406906E-03   4.3022595925E-09
   14      2.8167782593E-09  -1.2319681996E-03  -8.8326766232E-09   2.6408345182E-08   5.0827249690E-03
   15      4.4802309813E-03   1.4224534631E-08  -9.8285505667E-04  -1.2201186732E-03   5.2642141292E-09
   16     -3.6030730132E-03  -1.8216732611E-08  -7.7702608252E-04   1.9830683977E-04  -1.4869428964E-09
   17     -1.9316882377E-08   7.4142180170E-03   1.2997226001E-08  -1.4291960635E-08  -6.6393986015E-04
   18     -5.3769846227E-05   1.1707704347E-09   4.0896958701E-03   1.5710113622E-04  -1.5316523306E-08
   19     -4.4481469607E-05   1.6701733262E-09  -8.1232968306E-04   2.8111206911E-03  -7.9891386176E-09
   20      1.4354583123E-10   4.2794617851E-05  -2.0808979936E-08   9.7086965979E-09  -3.7944390810E-03
   21      1.6644976842E-04  -5.9109432951E-09  -7.7912628384E-04  -1.3469257963E-04   6.1979516068E-09
   22      1.0016202382E-03   3.2257782732E-09   1.5579922266E-03  -1.2474448393E-05  -3.1981171122E-09
   23      7.7354485299E-10  -3.7825741177E-03   3.1249138572E-09  -5.9161645506E-09   5.5503035011E-04
   24      1.2659483145E-01  -1.0252931937E-07   1.1004659658E-03   2.1915334726E-04  -7.6500625104E-09
   25      2.8280530329E-01  -3.1394271583E-08  -2.7396754086E-04   8.1067378202E-04   7.0114025888E-10
   26     -3.1394271583E-08   2.4412977092E-02  -1.3100427674E-08   5.6463863319E-09  -3.7937880239E-03
   27     -2.7396754086E-04  -1.3100427674E-08   1.2952175844E-01  -1.2588188764E-01  -4.1158531829E-07
   28      8.1067378202E-04   5.6463863319E-09  -1.2588188764E-01   2.7653856157E-01   6.0583036292E-07
   29      7.0114025888E-10  -3.7937880239E-03  -4.1158531829E-07   6.0583036292E-07   2.1120993502E-02
   30     -8.1446727085E-05   4.9958970958E-09   5.0828896923E-04   9.0718852113E-04  -5.7946210501E-09
   31      8.3540695683E-06   1.3320386920E-09  -6.7449078123E-04  -1.2031355529E-03  -4.5699566738E-09
   32      7.1282565784E-09  -1.0145859112E-03   3.2200772565E-10   1.7848229947E-09   1.5566214682E-04
   33     -8.3756540322E-04  -8.4029080202E-11   5.4273712327E-05   7.3716435144E-05   4.6509359295E-09
   34     -1.2000339503E-03  -4.2413343157E-09   9.9122455808E-05  -7.0541474685E-06  -7.9741384993E-09
   35      1.1666784289E-09   1.5284116118E-04  -2.1387447898E-10  -3.0457770032E-09  -1.0242994568E-03
   36      5.4641816945E-05   3.4183333017E-10  -4.1174299611E-04  -2.2157268562E-03  -8.2629594319E-09
   37      2.4504226841E-05   3.4403724039E-09   9.6139988689E-04  -1.0403539323E-03   7.7612320790E-10
   38      1.4935178183E-09  -4.6777300960E-05  -2.2866680902E-09  -3.1343234676E-09   5.6172402819E-04
                   30                 31                 32                 33                 34        
    0     -5.5259658186E-03   6.8020679888E-04   2.5968484992E-08   1.1672233685E-02   1.6598516671E-02
    1      1.6569760679E-03   2.1652831894E-03  -2.0302746753E-08  -1.4276340066E-02  -1.8716813794E-02
    2      4.1220204742E-08   1.3305330885E-10   7.6065958715E-03  -2.2347817398E-08  -2.3300961808E-09
    3     -8.2423114283E-04   1.2102439496E-03  -1.7551573384E-09  -6.8299830479E-04  -4.3987525471E-03
    4      7.9869958435E-04   2.0981655600E-04   3.2697404193E-09  -3.3498068364E-03  -3.6606804388E-03
    5     -1.0935256980E-08   7.9955180361E-09  -7.2687931003E-04   1.2213102525E-08  -5.5879684082E-09
    6     -1.2588849029E-03   4.2450957247E-03   1.4049567382E-08  -8.5192704371E-04  -9.4453710501E-04
    7      3.1519196559E-03  -3.3005360655E-03  -1.5278802289E-08  -7.4160859875E-04   4.9218151266E-04
    8      2.6161052141E-08  -2.9252543936E-08   5.0022462477E-03  -7.6750846739E-09   5.7927392785E-09
    9      1.0517096217E-02  -1.8660755137E-02  -1.2699751879E-08  -4.8553914101E-03  -1.0225337183E-03
   10      1.3512350117E-02  -2.0141502748E-02  -7.5279004893E-08  -1.9075626096E-03   2.0163237552E-03
   11     -6.1261358416E-09   5.2381775582E-08   4.6996666764E-03   3.9167630280E-08  -2.2391105074E-08
   12     -1.2794060543E-01  -1.1961037260E-01   2.1213075444E-07  -1.1626592287E-02  -1.6257510822E-03
   13     -1.2137146796E-01  -2.6487415687E-01   2.6857487294E-07   2.9001545403E-02   3.0448280339E-03
   14      1.9968303242E-07   2.2935417945E-07  -3.2417961601E-02   2.9011308534E-09   7.2849994071E-08
   15     -1.0254803845E-02   1.6420600924E-03   2.3323468344E-08  -1.2591926928E-01   1.1798793342E-01
   16     -2.8495084915E-02   4.0380274448E-03   6.7134269923E-08   1.1763909242E-01  -2.6461537776E-01
   17      1.2098972746E-08  -1.3855923186E-08   1.0889880925E-03   1.6209381243E-07  -2.4886525978E-07
   18      1.3652438269E-03  -4.1732534493E-04  -1.4263962007E-08  -9.9939501052E-04   1.6846283379E-04
   19     -6.5273480031E-04   1.9318982892E-03   6.4585061760E-09   1.8275577048E-03  -5.7341594845E-05
   20     -1.3595918828E-08  -1.6311994372E-09  -3.3664255859E-03   8.3478293402E-10  -2.4517319012E-10
   21     -7.1516741081E-04   1.7447235416E-04   5.3265313233E-09   7.5467146379E-04  -1.7516874158E-04
   22     -1.4493648456E-03   7.7981265358E-05   2.2397161701E-09   4.8316989689E-04   9.9341053126E-04
   23      1.3694244670E-09  -8.8798273708E-10   4.8873604938E-04  -9.1459201036E-09  -5.8086252053E-10
   24      6.0666409928E-05  -6.5759014714E-05   1.6216410874E-09   4.3791131770E-04   8.4135822846E-04
   25     -8.1446727085E-05   8.3540695683E-06   7.1282565784E-09  -8.3756540322E-04  -1.2000339503E-03
   26      4.9958970958E-09   1.3320386920E-09  -1.0145859112E-03  -8.4029080202E-11  -4.2413343157E-09
   27      5.0828896923E-04  -6.7449078123E-04   3.2200772565E-10   5.4273712327E-05   9.9122455808E-05
   28      9.0718852113E-04  -1.2031355529E-03   1.7848229947E-09   7.3716435144E-05  -7.0541474685E-06
   29     -5.7946210501E-09  -4.5699566738E-09   1.5566214682E-04   4.6509359295E-09  -7.9741384993E-09
   30      1.3278887473E-01   1.3195070014E-01  -2.3856948063E-07   1.1308041112E-03   2.5732535005E-04
   31      1.3195070014E-01   2.7988765070E-01  -2.4675418084E-07  -3.0486229783E-04   7.6035837583E-04
   32     -2.3856948063E-07  -2.4675418084E-07   2.3278675417E-02  -1.0184174911E-08  -1.2833620618E-10
   33      1.1308041112E-03  -3.0486229783E-04  -1.0184174911E-08   1.3143800186E-01  -1.2768706449E-01
   34      2.5732535005E-04   7.6035837583E-04  -1.2833620618E-10  -1.2768706449E-01   2.8088706623E-01
   35     -1.1166099104E-08   4.4221529013E-09  -4.1747452689E-03  -1.8517616542E-07   2.1984123693E-07
   36      1.4868428402E-04  -1.6574594997E-04  -4.5932112575E-09  -5.5232282219E-04  -8.4465243116E-05
   37     -1.8852812067E-04   4.3996134570E-04   1.1592894027E-09   6.5282420657E-05   6.3133244057E-05
   38     -1.7788447419E-11   1.3266652145E-09  -6.1997282465E-04   3.9665022037E-09   2.2056663688E-10
                   35                 36                 37                 38        
     0     -4.7848317010E-09   5.5180253520E-04  -4.7564259313E-04  -5.0427251719E-09
     1      9.9506343318E-09  -8.1727808662E-04   1.8701192959E-04  -2.8530087261E-09
     2      2.1944381652E-03  -2.8629627308E-08   5.7311900121E-08   5.6775979893E-05
     3      5.5947856832E-09  -8.7272658720E-04   2.8369241496E-04  -9.0017113299E-09
     4      7.5876684767E-09   4.8180322758E-04  -1.2733259657E-03   5.2375766862E-09
     5      7.0080339505E-03   2.4845576938E-08  -5.3864773720E-08  -5.7794280941E-04
     6     -4.8595402905E-09   3.7137240828E-03  -6.0749574296E-03  -3.8459069736E-09
     7     -3.9591580019E-09   1.2466733751E-03   4.0252775392E-03  -9.0499805399E-09
     8     -8.7491244650E-04  -2.8562416071E-08   7.4235247204E-08  -9.9195166455E-04
     9      4.3059288190E-08  -2.5404374584E-02  -9.8662284672E-04   1.3460059315E-07
    10      3.1213467124E-09   4.8104926772E-02  -1.5784478061E-03  -1.2248384486E-07
    11      8.3815433696E-03  -3.1078580073E-08  -5.8847599321E-08  -3.2247440866E-03
    12      2.4312849423E-08  -7.5796141689E-03  -8.9528564731E-04   2.8409292212E-08
    13     -6.0899332701E-08  -3.0961068658E-03   2.5339388579E-03   1.8121993037E-08
    14      2.2275687760E-03  -1.6472244141E-08   4.8105773047E-08   2.5766440989E-03
    15      1.4226917086E-07   5.2821658648E-04   1.3004893793E-04   1.4374464519E-08
    16     -1.8340801739E-07   2.4455326691E-03  -3.6277236319E-04  -1.3492499568E-08
    17     -3.5063022734E-02   2.9067591092E-08  -3.5069423358E-08   1.8231172550E-03
    18      2.3636059136E-09  -9.7944651482E-02   1.7583799688E-01  -3.4538354611E-07
    19     -5.3632868973E-09   1.2256521584E-01  -4.5229226664E-01   9.6759247199E-07
    20      1.3535587052E-04  -1.3658684306E-07   8.2509700989E-07  -4.0752214929E-03
    21     -8.1457269257E-09   9.6277923506E-05   9.2030015320E-05   8.1461078991E-10
    22      2.6021678094E-09  -1.6405372224E-04  -5.4902132756E-05  -9.4828176474E-10
    23     -3.6373248861E-03  -1.1932139004E-09  -1.6083945537E-09  -9.2845959860E-05
    24      2.7995225019E-09   3.3960194109E-04  -1.8969777448E-04  -1.4325640581E-10
    25      1.1666784289E-09   5.4641816945E-05   2.4504226841E-05   1.4935178183E-09
    26      1.5284116118E-04   3.4183333017E-10   3.4403724039E-09  -4.6777300960E-05
    27     -2.1387447898E-10  -4.1174299611E-04   9.6139988689E-04  -2.2866680902E-09
    28     -3.0457770032E-09  -2.2157268562E-03  -1.0403539323E-03  -3.1343234676E-09
    29     -1.0242994568E-03  -8.2629594319E-09   7.7612320790E-10   5.6172402819E-04
    30     -1.1166099104E-08   1.4868428402E-04  -1.8852812067E-04  -1.7788447419E-11
    31      4.4221529013E-09  -1.6574594997E-04   4.3996134570E-04   1.3266652145E-09
    32     -4.1747452689E-03  -4.5932112575E-09   1.1592894027E-09  -6.1997282465E-04
    33     -1.8517616542E-07  -5.5232282219E-04   6.5282420657E-05   3.9665022037E-09
    34      2.1984123693E-07  -8.4465243116E-05   6.3133244057E-05   2.2056663688E-10
    35      2.4948846354E-02   2.7323097839E-09   1.6234236571E-09  -2.7432285451E-04
    36      2.7323097839E-09   1.2738712529E-01  -1.6845756656E-01   1.9097396188E-07
    37      1.6234236571E-09  -1.6845756656E-01   4.4932824170E-01  -8.5219490022E-07
    38     -2.7432285451E-04   1.9097396188E-07  -8.5219490022E-07   4.8855176314E-03

$vibrational_frequencies
39
    0        0.0000000000000000
    1        0.0000000000000000
    2        0.0000000000000000
    3        0.0000000000000000
    4        0.0000000000000000
    5        0.0000000000000000
    6      230.6812593969397085
    7      367.6237258153188350
    8      412.9122297929630463
    9      417.9864560220300405
   10      508.9945782167861239
   11      538.5314025650963003
   12      635.0588647698630211
   13      693.2461017971071442
   14      753.3355622257649884
   15      815.3555710629203759
   16      830.1962482842918689
   17      878.0542176497087894
   18      938.7205133182458212
   19      959.2793492269096305
   20     1020.7147921277640990
   21     1044.4040215936799996
   22     1095.1664715322554002
   23     1176.7547249174833723
   24     1190.8376142721288033
   25     1195.5240756237783444
   26     1277.6349675992664743
   27     1358.8253000603269811
   28     1373.8385252557650347
   29     1499.8195810603142490
   30     1525.0991544884011546
   31     1632.0933803223672385
   32     1643.2035595571089743
   33     3140.9327097687632886
   34     3160.9973168871929374
   35     3168.3963755442809997
   36     3183.0610792503653101
   37     3189.6669169575943670
   38     3806.9583822198901544

$normal_modes
39 39
                    0                  1                  2                  3                  4        
    0      0.0000000000E+00   0.0000000000E+00   0.0000000000E+00   0.0000000000E+00   0.0000000000E+00
    1      0.0000000000E+00   0.0000000000E+00   0.0000000000E+00   0.0000000000E+00   0.0000000000E+00
    2      0.0000000000E+00   0.0000000000E+00   0.0000000000E+00   0.0000000000E+00   0.0000000000E+00
    3      0.0000000000E+00   0.0000000000E+00   0.0000000000E+00   0.0000000000E+00   0.0000000000E+00
    4      0.0000000000E+00   0.0000000000E+00   0.0000000000E+00   0.0000000000E+00   0.0000000000E+00
    5      0.0000000000E+00   0.0000000000E+00   0.0000000000E+00   0.0000000000E+00   0.0000000000E+00
    6      0.0000000000E+00   0.0000000000E+00   0.0000000000E+00   0.0000000000E+00   0.0000000000E+00
    7      0.0000000000E+00   0.0000000000E+00   0.0000000000E+00   0.0000000000E+00   0.0000000000E+00
    8      0.0000000000E+00   0.0000000000E+00   0.0000000000E+00   0.0000000000E+00   0.0000000000E+00
    9      0.0000000000E+00   0.0000000000E+00   0.0000000000E+00   0.0000000000E+00   0.0000000000E+00
   10      0.0000000000E+00   0.0000000000E+00   0.0000000000E+00   0.0000000000E+00   0.0000000000E+00
   11      0.0000000000E+00   0.0000000000E+00   0.0000000000E+00   0.0000000000E+00   0.0000000000E+00
   12      0.0000000000E+00   0.0000000000E+00   0.0000000000E+00   0.0000000000E+00   0.0000000000E+00
   13      0.0000000000E+00   0.0000000000E+00   0.0000000000E+00   0.0000000000E+00   0.0000000000E+00
   14      0.0000000000E+00   0.0000000000E+00   0.0000000000E+00   0.0000000000E+00   0.0000000000E+00
   15      0.0000000000E+00   0.0000000000E+00   0.0000000000E+00   0.0000000000E+00   0.0000000000E+00
   16      0.0000000000E+00   0.0000000000E+00   0.0000000000E+00   0.0000000000E+00   0.0000000000E+00
   17      0.0000000000E+00   0.0000000000E+00   0.0000000000E+00   0.0000000000E+00   0.0000000000E+00
   18      0.0000000000E+00   0.0000000000E+00   0.0000000000E+00   0.0000000000E+00   0.0000000000E+00
   19      0.0000000000E+00   0.0000000000E+00   0.0000000000E+00   0.0000000000E+00   0.0000000000E+00
   20      0.0000000000E+00   0.0000000000E+00   0.0000000000E+00   0.0000000000E+00   0.0000000000E+00
   21      0.0000000000E+00   0.0000000000E+00   0.0000000000E+00   0.0000000000E+00   0.0000000000E+00
   22      0.0000000000E+00   0.0000000000E+00   0.0000000000E+00   0.0000000000E+00   0.0000000000E+00
   23      0.0000000000E+00   0.0000000000E+00   0.0000000000E+00   0.0000000000E+00   0.0000000000E+00
   24      0.0000000000E+00   0.0000000000E+00   0.0000000000E+00   0.0000000000E+00   0.0000000000E+00
   25      0.0000000000E+00   0.0000000000E+00   0.0000000000E+00   0.0000000000E+00   0.0000000000E+00
   26      0.0000000000E+00   0.0000000000E+00   0.0000000000E+00   0.0000000000E+00   0.0000000000E+00
   27      0.0000000000E+00   0.0000000000E+00   0.0000000000E+00   0.0000000000E+00   0.0000000000E+00
   28      0.0000000000E+00   0.0000000000E+00   0.0000000000E+00   0.0000000000E+00   0.0000000000E+00
   29      0.0000000000E+00   0.0000000000E+00   0.0000000000E+00   0.0000000000E+00   0.0000000000E+00
   30      0.0000000000E+00   0.0000000000E+00   0.0000000000E+00   0.0000000000E+00   0.0000000000E+00
   31      0.0000000000E+00   0.0000000000E+00   0.0000000000E+00   0.0000000000E+00   0.0000000000E+00
   32      0.0000000000E+00   0.0000000000E+00   0.0000000000E+00   0.0000000000E+00   0.0000000000E+00
   33      0.0000000000E+00   0.0000000000E+00   0.0000000000E+00   0.0000000000E+00   0.0000000000E+00
   34      0.0000000000E+00   0.0000000000E+00   0.0000000000E+00   0.0000000000E+00   0.0000000000E+00
   35      0.0000000000E+00   0.0000000000E+00   0.0000000000E+00   0.0000000000E+00   0.0000000000E+00
   36      0.0000000000E+00   0.0000000000E+00   0.0000000000E+00   0.0000000000E+00   0.0000000000E+00
   37      0.0000000000E+00   0.0000000000E+00   0.0000000000E+00   0.0000000000E+00   0.0000000000E+00
   38      0.0000000000E+00   0.0000000000E+00   0.0000000000E+00   0.0000000000E+00   0.0000000000E+00
                    5                  6                  7                  8                  9        
    0      0.0000000000E+00  -4.8135366967E-07  -2.2319119047E-09  -2.4626657246E-03   3.5473112794E-08
    1      0.0000000000E+00   1.9239205263E-07   4.6930543925E-08  -8.3756989725E-02  -2.8828466195E-07
    2      0.0000000000E+00  -2.5666981642E-01  -4.3104773290E-03  -7.2195696093E-08  -1.2419782747E-03
    3      0.0000000000E+00  -1.4309358579E-08  -1.0472907786E-08   9.2270456155E-02   8.2632606373E-07
    4      0.0000000000E+00   2.0802543734E-08  -6.2645814325E-09  -2.4058455276E-02  -2.7485232581E-07
    5      0.0000000000E+00   2.2658323198E-03  -8.9568528579E-04  -1.3301713175E-06   2.1554313422E-01
    6      0.0000000000E+00   5.6067619632E-07  -3.8154696752E-08   5.0046617015E-02  -3.2860324738E-07
    7      0.0000000000E+00  -2.4339626967E-07  -2.7809003621E-08   1.9340565244E-01   8.4966735672E-07
    8      0.0000000000E+00   2.5434086621E-01  -8.6588621588E-03   1.2107898212E-06  -2.1685116638E-01
    9      0.0000000000E+00   2.8409947391E-07  -7.6255975767E-08   7.1847371968E-03   4.6471075525E-08
   10      0.0000000000E+00  -1.3331827315E-07  -1.6139717910E-08   1.9348691584E-01   8.2965918064E-07
   11      0.0000000000E+00   1.3103207383E-01   8.2781047792E-03   1.1249360681E-07   6.6181362992E-03
   12      0.0000000000E+00   5.8540868563E-07   2.1324704722E-08  -5.2491714217E-02   2.9093810162E-07
   13      0.0000000000E+00  -1.5585468586E-07  -6.8404485434E-08   1.8423726215E-01   6.0257433299E-07
   14      0.0000000000E+00   2.5092658536E-01   2.1817497081E-02  -7.2895281665E-07   2.1682355427E-01
   15      0.0000000000E+00   2.5362799406E-08  -4.2214733727E-08  -9.1802678541E-02  -8.2643958911E-07
