
$orca_hessian_file

$act_atom
  0

$act_coord
  0

$act_energy
        0.000000

$multiplicity
  1

$hessian
12
                    0                  1                  2                  3                  4        
    0      9.0629613537E-01  -8.2245181389E-06  -9.4905580446E-06  -7.1680620109E-01   2.5494873442E-05
    1     -8.2245181389E-06   5.9141084291E-01   1.0893885701E-07   2.4954019706E-05  -1.1191007782E-01
    2     -9.4905580446E-06   1.0893885701E-07   1.7363766604E-01   4.6695587084E-05  -1.4563853121E-08
    3     -7.1680620109E-01   2.4954019706E-05   4.6695587084E-05   8.0159091037E-01  -3.2069828540E-05
    4      2.5494873442E-05  -1.1191007782E-01  -1.4563853121E-08  -3.2069828540E-05   7.9247344460E-02
    5      5.0822853305E-05  -1.4319805318E-08  -6.2912895059E-02  -5.5644224426E-05   1.5915098960E-08
    6     -9.4736359352E-02   8.2035749350E-02  -1.8931457638E-05  -4.2390128108E-02   3.5846355865E-02
    7      7.7679158646E-02  -2.3975742068E-01   2.2943355179E-05   1.8069226650E-02   1.6328166315E-02
    8     -2.0298515104E-05   3.7695199878E-05  -5.5362497297E-02   4.3546599643E-06  -3.2500064312E-06
    9     -9.4753574922E-02  -8.2054826686E-02  -1.8976667001E-05  -4.2394581165E-02  -3.5838681579E-02
   10     -7.7694081167E-02  -2.3974334442E-01  -2.3037557427E-05  -1.8063210172E-02   1.6334567042E-02
   11     -2.0330684558E-05  -3.7789991685E-05  -5.5362273687E-02   4.3397356980E-06   3.2485052332E-06
                    5                  6                  7                  8                  9        
    0      5.0822853305E-05  -9.4736359352E-02   7.7679158646E-02  -2.0298515104E-05  -9.4753574922E-02
    1     -1.4319805318E-08   8.2035749350E-02  -2.3975742068E-01   3.7695199878E-05  -8.2054826686E-02
    2     -6.2912895059E-02  -1.8931457638E-05   2.2943355179E-05  -5.5362497297E-02  -1.8976667001E-05
    3     -5.5644224426E-05  -4.2390128108E-02   1.8069226650E-02   4.3546599643E-06  -4.2394581165E-02
    4      1.5915098960E-08   3.5846355865E-02   1.6328166315E-02  -3.2500064312E-06  -3.5838681579E-02
    5      2.5616809355E-02   2.5471764750E-06  -6.5542341818E-07   1.8648205180E-02   2.5284363259E-06
    6      2.5471764750E-06   1.2737593365E-01  -1.0681384512E-01   1.6702208081E-05   9.7505538112E-03
    7     -6.5542341818E-07  -1.0681384512E-01   2.4171279272E-01  -2.8358057216E-05   1.1156638558E-02
    8      1.8648205180E-02   1.6702208081E-05  -2.8358057216E-05   1.7615372155E-02  -5.3386529443E-07
    9      2.5284363259E-06   9.7505538112E-03   1.1156638558E-02  -5.3386529443E-07   1.2739760228E-01
   10      6.5397807671E-07  -1.1159438821E-02  -1.8283538357E-02  -6.2225611682E-06   1.0682679993E-01
   11      1.8647880524E-02  -5.4241456492E-07   6.2055503934E-06   1.9098919962E-02   1.6757729697E-05
                   10                 11        
     0     -7.7694081167E-02  -2.0330684558E-05
     1     -2.3974334442E-01  -3.7789991685E-05
     2     -2.3037557427E-05  -5.5362273687E-02
     3     -1.8063210172E-02   4.3397356980E-06
     4      1.6334567042E-02   3.2485052332E-06
     5      6.5397807671E-07   1.8647880524E-02
     6     -1.1159438821E-02  -5.4241456492E-07
     7     -1.8283538357E-02   6.2055503934E-06
     8     -6.2225611682E-06   1.9098919962E-02
     9      1.0682679993E-01   1.6757729697E-05
    10      2.4169231574E-01   2.8471038288E-05
    11      2.8471038288E-05   1.7615473201E-02

$vibrational_frequencies
12
    0        0.0000000000000000
    1        0.0000000000000000
    2        0.0000000000000000
    3        0.0000000000000000
    4        0.0000000000000000
    5        0.0000000000000000
    6     1169.0947898085207726
    7     1249.7389630846075761
    8     1513.0665980324565680
    9     1737.6092574985552801
   10     2901.5880849660443346
   11     2965.9013255187478535

$normal_modes
12 12
                    0                  1                  2                  3                  4        
    0      0.0000000000E+00   0.0000000000E+00   0.0000000000E+00   0.0000000000E+00   0.0000000000E+00
    1      0.0000000000E+00   0.0000000000E+00   0.0000000000E+00   0.0000000000E+00   0.0000000000E+00
    2      0.0000000000E+00   0.0000000000E+00   0.0000000000E+00   0.0000000000E+00   0.0000000000E+00
    3      0.0000000000E+00   0.0000000000E+00   0.0000000000E+00   0.0000000000E+00   0.0000000000E+00
    4      0.0000000000E+00   0.0000000000E+00   0.0000000000E+00   0.0000000000E+00   0.0000000000E+00
    5      0.0000000000E+00   0.0000000000E+00   0.0000000000E+00   0.0000000000E+00   0.0000000000E+00
    6      0.0000000000E+00   0.0000000000E+00   0.0000000000E+00   0.0000000000E+00   0.0000000000E+00
    7      0.0000000000E+00   0.0000000000E+00   0.0000000000E+00   0.0000000000E+00   0.0000000000E+00
    8      0.0000000000E+00   0.0000000000E+00   0.0000000000E+00   0.0000000000E+00   0.0000000000E+00
    9      0.0000000000E+00   0.0000000000E+00   0.0000000000E+00   0.0000000000E+00   0.0000000000E+00
   10      0.0000000000E+00   0.0000000000E+00   0.0000000000E+00   0.0000000000E+00   0.0000000000E+00
   11      0.0000000000E+00   0.0000000000E+00   0.0000000000E+00   0.0000000000E+00   0.0000000000E+00
                    5                  6                  7                  8                  9        
    0      0.0000000000E+00   8.7114363076E-06  -6.0036302014E-06  -1.9684687372E-02  -5.4270038297E-01
    1      0.0000000000E+00   4.1736850915E-08  -1.4600870172E-01   3.3926022378E-06   2.4748116269E-05
    2      0.0000000000E+00  -1.7258112484E-01  -3.4497217934E-08   1.5760953377E-05   3.4699717418E-05
    3      0.0000000000E+00   8.3767545529E-06   4.7903468896E-06   9.2324198167E-02   3.6984232333E-01
    4      0.0000000000E+00  -9.8025873660E-09   7.8616490476E-02  -5.9014537067E-06  -1.6673452393E-05
    5      0.0000000000E+00   4.1877859186E-02   1.9776616037E-08  -3.0000845090E-06  -3.9097620262E-05
    6      0.0000000000E+00  -1.1836473957E-04   6.5248303871E-01  -6.1543779398E-01   2.9827977455E-01
    7      0.0000000000E+00   3.4908824114E-05   2.4595349906E-01  -3.4175934434E-01   4.4201981459E-01
    8      0.0000000000E+00   6.9586519665E-01  -1.3239642138E-04  -7.0179330408E-05   1.0365813991E-04
    9      0.0000000000E+00  -1.1839394851E-04  -6.5248753391E-01  -6.1537774813E-01   2.9821523427E-01
   10      0.0000000000E+00  -3.5250559948E-05   2.4603587116E-01   3.4181258721E-01  -4.4205006366E-01
   11      0.0000000000E+00   6.9586895154E-01   1.3249358409E-04  -7.0005648714E-05   1.0342967821E-04
                   10                 11        
     0      5.4528248326E-02  -1.0569583248E-05
     1     -1.1356543593E-05  -1.0197057403E-01
     2      1.1411886495E-05  -2.7645446190E-08
     3      2.9240198974E-03  -7.8821946424E-08
     4     -2.5165937098E-07   6.7700987476E-04
     5      1.2972054349E-06   4.1662285756E-11
     6     -3.4807625531E-01  -3.6354955958E-01
     7      6.1435990111E-01   6.0211299600E-01
     8     -7.8134032187E-05  -1.1244637789E-04
     9     -3.4807472185E-01   3.6367675436E-01
    10     -6.1422058589E-01   6.0218966640E-01
    11     -7.8435569442E-05   1.1277513077E-04

#
# The atoms: label  mass x y z (in bohrs)
#
$atoms
4
 C     12.01100      1.148496006067    -0.000054304307    -0.000154074802
 O     15.99900     -1.144956926267     0.000054780890     0.000093415449
 H      1.00800      2.243746372881    -1.780135773284     0.000176141990
 H      1.00800      2.243932530369     1.779913362150     0.000177070979

$actual_temperature
  0.000000

$frequency_scale_factor
  1.000000

$dipole_derivatives
12
    1.0270184494E+00   -1.1049143603E-05    7.6182331177E-05
    1.9177616397E-04    8.2551227731E-01    1.3011793440E-07
    1.7617096066E-04    1.6952924977E-07    1.4698217340E-01
   -9.0430761416E-01    2.4831141808E-05   -6.5798720246E-05
   -5.6743013020E-05   -4.3112107129E-01   -1.1202320128E-08
   -1.5654131105E-04   -2.2732489029E-08   -3.1904919915E-01
   -6.1411802225E-02    1.0566025753E-01   -6.5075085645E-06
    1.4072400906E-01   -2.0071242974E-01   -8.1001388371E-06
    1.4867492074E-05    6.0123021832E-05    8.5674250615E-02
   -6.1436474007E-02   -1.0567424936E-01   -6.5608656850E-06
   -1.4073757046E-01   -2.0068660184E-01    7.9533614231E-06
    1.5112923051E-05   -6.0273517571E-05    8.5674546098E-02

#
# The IR spectrum
#  wavenumber eps Int TX TY TZ
#
$ir_spectrum
12
      0.00   0.00000000   0.00000000     0.000000     0.000000     0.000000
      0.00   0.00000000   0.00000000     0.000000     0.000000     0.000000
      0.00   0.00000000   0.00000000     0.000000     0.000000     0.000000
      0.00   0.00000000   0.00000000     0.000000     0.000000     0.000000
      0.00   0.00000000   0.00000000     0.000000     0.000000     0.000000
      0.00   0.00000000   0.00000000     0.000000     0.000000     0.000000
   1169.09   0.00091803   4.63933725     0.000002    -0.000000     0.015654
   1249.74   0.00191984   9.70209312    -0.000008    -0.021895    -0.000000
   1513.07   0.00261456  13.21292804    -0.023222     0.000002    -0.000001
   1737.61   0.01979800 100.05098053    -0.059629     0.000003    -0.000003
   2901.59   0.01341296  67.78362262     0.037981    -0.000007    -0.000002
   2965.90   0.02791539 141.07294027    -0.000009    -0.054196    -0.000000


$end

