*************************************************
******************* ORCA 6.0.0 ******************
*************************************************
$Calculation_Status
   &GeometryIndex 1
   &ListStatus       OUT
   &VERSION [&Type "String"] "6.0.0"
   &PROGNAME [&Type "String"] "LeanSCF"
   &STATUS [&Type "String"] "NORMAL TERMINATION"
$End
$Geometry
   &GeometryIndex 1
   &ListStatus       OUT
   &NATOMS [&Type "Integer"] 4
   &NCORELESSECP [&Type "Integer"] 0
   &NGHOSTATOMS [&Type "Integer"] 0
   &CartesianCoordinates [&Type "Coordinates", &Dim(4,4), &Units "Bohr"] 
              C      1.144345667391   -0.000034754142   -0.000187935532
              O     -1.149107264943    0.000074331055    0.000059554719
              H      2.239596034204   -1.780116223120    0.000142281260
              H      2.239782191693    1.779932912315    0.000143210249
$End
$SCF_Energy
   &GeometryIndex 1
   &ListStatus       OUT
   &SCF_ENERGY [&Type "Double"]      -1.1448646228834102e+02
$End
$DFT_Energy
   &GeometryIndex 1
   &ListStatus       OUT
   &NALPHAEL [&Type "Integer"] 8
   &NBETAEL [&Type "Integer"] 8
   &NTOTALEL [&Type "Integer"] 16
   &EEXCHANGE [&Type "Double"]      -1.4137360204324921e+01
   &ECORR [&Type "Double"]      -5.0532031107092057e-01
   &ECNL [&Type "Double"]       0.0000000000000000e+00
   &EXC [&Type "Double"]      -1.4642680515395842e+01
   &EEMBED [&Type "Double"]       0.0000000000000000e+00
   &FINALEN [&Type "Double"]      -1.1448646228834102e+02  "No Van der Waals correction"
$End
$Mulliken_Population_Analysis
   &GeometryIndex 1
   &ListStatus       OUT
   &NATOMS [&Type "Integer"] 4
   &ATNO [&Type "ArrayOfIntegers", &Dim (4,1)] 
                                                         0

0                                                        6
1                                                        8
2                                                        1
3                                                        1
   &ATOMICCHARGES [&Type "ArrayOfDoubles", &Dim (4,1)] 
                                                         0

0                                      1.1722835847947710e-01
1                                     -2.7831996734218478e-01
2                                      8.0545581531706212e-02
3                                      8.0546027331004577e-02
$End
$Loewdin_Population_Analysis
   &GeometryIndex 1
   &ListStatus       OUT
   &NATOMS [&Type "Integer"] 4
   &ATNO [&Type "ArrayOfIntegers", &Dim (4,1)] 
                                                         0

0                                                        6
1                                                        8
2                                                        1
3                                                        1
   &ATOMICCHARGES [&Type "ArrayOfDoubles", &Dim (4,1)] 
                                                         0

0                                     -2.6152943100809711e-01
1                                      8.9143296364137647e-02
2                                      8.6193005495421526e-02
3                                      8.6193129148549708e-02
$End
$Mayer_Population_Analysis
   &GeometryIndex 1
   &ListStatus       OUT
   &NATOMS [&Type "Integer"] 4 "Total number of atoms"
   &BONDTHRESH [&Type "Double"]       1.0000000000000001e-01  "The threshold for printing"
   &NBONDORDERSPRINT [&Type "Integer"] 3 "The number of bond orders larger than threshold"
   &BONDORDERS [&Type "ArrayOfDoubles", &Dim (3,1)] "The bond orders"
                                                         0

0                                      2.0663913917767629e+00
1                                      9.2032087350243574e-01
2                                      9.2031970905783511e-01
   &COMPONENTS [&Type "ArrayOfIntegers", &Dim (3,4)] "The indices and atomic numbers of the bonding atoms"
                                                         0                           1                           2                           3

0                                                        0                           6                           1                           8
1                                                        0                           6                           2                           1
2                                                        0                           6                           3                           1
   &ATNO [&Type "ArrayOfIntegers", &Dim (4,1)] "Atomic number of the elements"
                                                         0

0                                                        6
1                                                        8
2                                                        1
3                                                        1
   &NA [&Type "ArrayOfDoubles", &Dim (4,1)] "Mulliken gross atomic population"
                                                         0

0                                      5.8827716415205238e+00
1                                      8.2783199673422043e+00
2                                      9.1945441846829334e-01
3                                      9.1945397266899476e-01
   &ZA [&Type "ArrayOfDoubles", &Dim (4,1)] "Total nuclear charge"
                                                         0

0                                      6.0000000000000000e+00
1                                      8.0000000000000000e+00
2                                      1.0000000000000000e+00
3                                      1.0000000000000000e+00
   &QA [&Type "ArrayOfDoubles", &Dim (4,1)] "Mulliken gross atomic charge"
                                                         0

0                                      1.1722835847947621e-01
1                                     -2.7831996734220432e-01
2                                      8.0545581531706656e-02
3                                      8.0546027331005243e-02
   &VA [&Type "ArrayOfDoubles", &Dim (4,1)] "Mayer's total valence"
                                                         0

0                                      3.9070319743370461e+00
1                                      2.1164800320174355e+00
2                                      9.4292506144831822e-01
3                                      9.4292456967902816e-01
   &BVA [&Type "ArrayOfDoubles", &Dim (4,1)] "Mayer's bonded valence"
                                                         0

0                                      3.9070319743370336e+00
1                                      2.1164800320173742e+00
2                                      9.4292506144832278e-01
3                                      9.4292456967903282e-01
   &FA [&Type "ArrayOfDoubles", &Dim (4,1)] "Mayer's free valence"
                                                         0

0                                      0.0000000000000000e+00
1                                      0.0000000000000000e+00
2                                      0.0000000000000000e+00
3                                      0.0000000000000000e+00
$End
$VdW_Correction
   &GeometryIndex 1
   &ListStatus       OUT
   &VDW [&Type "Double"]      -2.8789766375649135e-04
$End
$Calculation_Info
   &GeometryIndex 1
   &ListStatus       OUT
   &MULT [&Type "Integer"] 1
   &CHARGE [&Type "Integer"] 0
   &NUMOFATOMS [&Type "Integer"] 4
   &NUMOFELECTRONS [&Type "Integer"] 16
   &NUMOFFCELECTRONS [&Type "Integer"] 1
   &NUMOFCORRELECTRONS [&Type "Integer"] 0
   &NUMOFBASISFUNCTS [&Type "Integer"] 74
   &NUMOFAUXCBASISFUNCTS [&Type "Integer"] 0
   &NUMOFAUXJBASISFUNCTS [&Type "Integer"] 82
   &NUMOFAUXJKBASISFUNCTS [&Type "Integer"] 0
   &NUMOFCABSBASISFUNCTS [&Type "Integer"] 0
   &TOTALENERGY [&Type "Double"]      -1.1448458603440477e+02  "Hartrees"
$End
$SCF_Dipole_Moment
   &GeometryIndex 1
   &ListStatus       OUT
   &METHOD [&Type "String"] "SCF"
   &LEVEL [&Type "String"] "Relaxed density"
   &MULT [&Type "Integer"] 1
   &STATE [&Type "Integer"] -1
   &IRREP [&Type "Integer"] 0
   &NATOMS [&Type "Integer"] 4
   &DODIPOLEATOM [&Type "Boolean"] false
   &DIPOLEELECCONTRIB [&Type "ArrayOfDoubles", &Dim (3,1)] "Electronic contribution"
                                                         0

0                                     -1.2993501289328910e+00
1                                      6.6415895768324540e-05
2                                     -1.9833578533149458e-04
   &DIPOLENUCCONTRIB [&Type "ArrayOfDoubles", &Dim (3,1)] "Nuclear contribution"
                                                         0

0                                      2.2189995295153015e+00
1                                     -1.0998985865540156e-04
2                                      1.7608775194308450e-04
   &DIPOLETOTAL [&Type "ArrayOfDoubles", &Dim (3,1)] "Total"
                                                         0

0                                      9.1964940058241051e-01
1                                     -4.3573962887077022e-05
2                                     -2.2248033388410087e-05
   &DIPOLEMAGNITUDE [&Type "Double", &Units "a.u."]       9.1964940188381139e-01
$End
$THERMOCHEMISTRY_Energies
   &GeometryIndex 1
   &ListStatus       OUT
   &TEMPERATURE [&Type "Double"]       2.9814999999999998e+02
   &PRESSURE [&Type "Double"]       1.0000000000000000e+00
   &TOTALMASS [&Type "Double"]       3.0026000000000000e+01
   &SPINDEGENERACY [&Type "Integer"] 1
   &ELENERGY [&Type "Double"]      -1.1448458603440477e+02
   &TRANSENERGY [&Type "Double"]       1.4162714244859817e-03
   &ROTENERGY [&Type "Double"]       1.4162714244859817e-03
   &VIBENERGY [&Type "Double"]       3.9165434859878570e-05
   &NUMOFFREQS [&Type "Integer"] 12
   &FREQSCALINGFACTOR [&Type "Double"]       1.0000000000000000e+00
   &FREQ [&Type "ArrayOfDoubles", &Dim (12,1)] "In cm^-1"
                                                         0

0                                      0.0000000000000000e+00
1                                      0.0000000000000000e+00
2                                      0.0000000000000000e+00
3                                      0.0000000000000000e+00
4                                      0.0000000000000000e+00
5                                      0.0000000000000000e+00
6                                      1.1690947898085208e+03
7                                      1.2497389630846076e+03
8                                      1.5130665980324566e+03
9                                      1.7376092574985553e+03
10                                     2.9015880849660443e+03
11                                     2.9659013255187479e+03
   &ZPE [&Type "Double"]       2.6283217706883726e-02
   &INNERENERGYU [&Type "Double"]      -1.1445543110841405e+02
   &ENTHALPYH [&Type "Double"]      -1.1445448689937179e+02
   &QEL [&Type "Double"]       0.0000000000000000e+00
   &QROT [&Type "Double"]       8.2775971844339675e-03
   &QVIB [&Type "Double"]       4.5662135543450498e-05
   &QTRANS [&Type "Double"]       1.7167316744587127e-02
   &ENTROPYS [&Type "Double"]       2.5490576064564546e-02
   &FREEENERGYG [&Type "Double"]      -1.1447997747543636e+02
   &ISLINEAR [&Type "Boolean"] false
$End
$Hessian
   &GeometryIndex 1
   &ListStatus       OUT
   &HESSIAN [&Type "ArrayOfDoubles", &Dim (12,12)] "The Hessian"
                                                         0                           1                           2                           3                           4                           5                           6                           7

0                                      9.0629613536822506e-01        -8.2245181388662658e-06        -9.4905580445778976e-06        -7.1680620109488424e-01         2.5494873441785834e-05         5.0822853304900611e-05        -9.4736359351717203e-02         7.7679158646117130e-02
1                                     -8.2245181388662658e-06         5.9141084291470769e-01         1.0893885701260867e-07         2.4954019706130853e-05        -1.1191007781710524e-01        -1.4319805317984803e-08         8.2035749349587156e-02        -2.3975742067653644e-01
2                                     -9.4905580445778976e-06         1.0893885701260867e-07         1.7363766604278649e-01         4.6695587084287109e-05        -1.4563853120750390e-08        -6.2912895058523155e-02        -1.8931457638393671e-05         2.2943355178814881e-05
3                                     -7.1680620109488424e-01         2.4954019706130853e-05         4.6695587084287109e-05         8.0159091036792485e-01        -3.2069828539984038e-05        -5.5644224426167562e-05        -4.2390128107759370e-02         1.8069226650447419e-02
4                                      2.5494873441785834e-05        -1.1191007781710524e-01        -1.4563853120750390e-08        -3.2069828539984038e-05         7.9247344459783653e-02         1.5915098960190255e-08         3.5846355864734378e-02         1.6328166314981352e-02
5                                      5.0822853304900611e-05        -1.4319805317984803e-08        -6.2912895058523155e-02        -5.5644224426167562e-05         1.5915098960190255e-08         2.5616809354958314e-02         2.5471764749649136e-06        -6.5542341817825103e-07
6                                     -9.4736359351717203e-02         8.2035749349587156e-02        -1.8931457638393671e-05        -4.2390128107759370e-02         3.5846355864734378e-02         2.5471764749649136e-06         1.2737593364830929e-01        -1.0681384512391395e-01
7                                      7.7679158646117130e-02        -2.3975742067653644e-01         2.2943355178814881e-05         1.8069226650447419e-02         1.6328166314981352e-02        -6.5542341817825103e-07        -1.0681384512391395e-01         2.4171279271851592e-01
8                                     -2.0298515103558888e-05         3.7695199877622826e-05        -5.5362497296769717e-02         4.3546599642741033e-06        -3.2500064311645386e-06         1.8648205179670092e-02         1.6702208081032731e-05        -2.8358057216166933e-05
9                                     -9.4753574921623590e-02        -8.2054826685687116e-02        -1.8976667000556288e-05        -4.2394581165281289e-02        -3.5838681579246350e-02         2.5284363259026523e-06         9.7505538111672917e-03         1.1156638558418419e-02
10                                    -7.7694081166887363e-02        -2.3974334442106601e-01        -2.3037557426545741e-05        -1.8063210172003394e-02         1.6334567042340230e-02         6.5397807670849530e-07        -1.1159438821476582e-02        -1.8283538356960838e-02
11                                    -2.0330684557523077e-05        -3.7789991685478446e-05        -5.5362273687493614e-02         4.3397356980057342e-06         3.2485052331526490e-06         1.8647880523894749e-02        -5.4241456492220626e-07         6.2055503934290860e-06
                                                         8                           9                          10                          11

0                                     -2.0298515103558888e-05        -9.4753574921623590e-02        -7.7694081166887363e-02        -2.0330684557523077e-05
1                                      3.7695199877622826e-05        -8.2054826685687116e-02        -2.3974334442106601e-01        -3.7789991685478446e-05
2                                     -5.5362497296769717e-02        -1.8976667000556288e-05        -2.3037557426545741e-05        -5.5362273687493614e-02
3                                      4.3546599642741033e-06        -4.2394581165281289e-02        -1.8063210172003394e-02         4.3397356980057342e-06
4                                     -3.2500064311645386e-06        -3.5838681579246350e-02         1.6334567042340230e-02         3.2485052331526490e-06
5                                      1.8648205179670092e-02         2.5284363259026523e-06         6.5397807670849530e-07         1.8647880523894749e-02
6                                      1.6702208081032731e-05         9.7505538111672917e-03        -1.1159438821476582e-02        -5.4241456492220626e-07
7                                     -2.8358057216166933e-05         1.1156638558418419e-02        -1.8283538356960838e-02         6.2055503934290860e-06
8                                      1.7615372154963775e-02        -5.3386529442971313e-07        -6.2225611681901370e-06         1.9098919962135849e-02
9                                     -5.3386529442971313e-07         1.2739760227573760e-01         1.0682679993344120e-01         1.6757729696761449e-05
10                                    -6.2225611681901370e-06         1.0682679993344120e-01         2.4169231573568661e-01         2.8471038288462047e-05
11                                     1.9098919962135849e-02         1.6757729696761449e-05         2.8471038288462047e-05         1.7615473201463019e-02
   &MODES [&Type "ArrayOfDoubles", &Dim (12,12)] "The modes of vibrations"
                                                         0                           1                           2                           3                           4                           5                           6                           7

0                                      0.0000000000000000e+00         0.0000000000000000e+00         0.0000000000000000e+00         0.0000000000000000e+00         0.0000000000000000e+00         0.0000000000000000e+00         7.4644903600228022e-06        -5.1956205559610520e-06
1                                      0.0000000000000000e+00         0.0000000000000000e+00         0.0000000000000000e+00         0.0000000000000000e+00         0.0000000000000000e+00         0.0000000000000000e+00         3.5762681412010280e-08        -1.2635785125600602e-01
2                                      0.0000000000000000e+00         0.0000000000000000e+00         0.0000000000000000e+00         0.0000000000000000e+00         0.0000000000000000e+00         0.0000000000000000e+00        -1.4787804183163863e-01        -2.9854346221736869e-08
3                                      0.0000000000000000e+00         0.0000000000000000e+00         0.0000000000000000e+00         0.0000000000000000e+00         0.0000000000000000e+00         0.0000000000000000e+00         7.1777146041627107e-06         4.1456292167905797e-06
4                                      0.0000000000000000e+00         0.0000000000000000e+00         0.0000000000000000e+00         0.0000000000000000e+00         0.0000000000000000e+00         0.0000000000000000e+00        -8.3994551888968398e-09         6.8035745082985419e-02
5                                      0.0000000000000000e+00         0.0000000000000000e+00         0.0000000000000000e+00         0.0000000000000000e+00         0.0000000000000000e+00         0.0000000000000000e+00         3.5883505905660799e-02         1.7114943686452388e-08
6                                      0.0000000000000000e+00         0.0000000000000000e+00         0.0000000000000000e+00         0.0000000000000000e+00         0.0000000000000000e+00         0.0000000000000000e+00        -1.0142213365199119e-04         5.6466740532482718e-01
7                                      0.0000000000000000e+00         0.0000000000000000e+00         0.0000000000000000e+00         0.0000000000000000e+00         0.0000000000000000e+00         0.0000000000000000e+00         2.9912011277371914e-05         2.1285139368269734e-01
8                                      0.0000000000000000e+00         0.0000000000000000e+00         0.0000000000000000e+00         0.0000000000000000e+00         0.0000000000000000e+00         0.0000000000000000e+00         5.9625977494839755e-01        -1.1457760478182103e-04
9                                      0.0000000000000000e+00         0.0000000000000000e+00         0.0000000000000000e+00         0.0000000000000000e+00         0.0000000000000000e+00         0.0000000000000000e+00        -1.0144716165202832e-04        -5.6467129552655526e-01
10                                     0.0000000000000000e+00         0.0000000000000000e+00         0.0000000000000000e+00         0.0000000000000000e+00         0.0000000000000000e+00         0.0000000000000000e+00        -3.0204831399293938e-05         2.1292267958436994e-01
11                                     0.0000000000000000e+00         0.0000000000000000e+00         0.0000000000000000e+00         0.0000000000000000e+00         0.0000000000000000e+00         0.0000000000000000e+00         5.9626299236821367e-01         1.1466169066320923e-04
                                                         8                           9                          10                          11

0                                     -1.8436049815218607e-02        -2.1623136397440659e-01         5.3447670685264979e-02        -9.9765625720788694e-06
1                                      3.1774029567384128e-06         9.8605401885019640e-06        -1.1131492770975531e-05        -9.6249377901909253e-02
2                                      1.4761205809671726e-05         1.3825616237347862e-05         1.1185738951633311e-05        -2.6094361269583953e-08
3                                      8.6467896816848785e-02         1.4735849197593762e-01         2.8660750592333140e-03        -7.4399535164157287e-08
4                                     -5.5271131546263725e-06        -6.6433034989859940e-06        -2.4667227717780839e-07         6.3902532567306164e-04
5                                     -2.8097833819907947e-06        -1.5577899007746295e-05         1.2714989207593749e-06         3.9324767209120059e-11
6                                     -5.7639939174914778e-01         1.1884539705714463e-01        -3.4117848341862012e-01        -3.4315212284282021e-01
7                                     -3.2008089222083130e-01         1.7611660210780175e-01         6.0218522847761913e-01         5.6833063697332942e-01
8                                     -6.5727720584993289e-05         4.1301133522573968e-05        -7.6585662474348436e-05        -1.0613742270279832e-04
9                                     -5.7634315472126263e-01         1.1881968188488912e-01        -3.4117698034466515e-01         3.4327218118728087e-01
10                                     3.2013075779270389e-01        -1.7612865442478967e-01        -6.0204867404365625e-01         5.6840300567983371e-01
11                                    -6.5565055855060228e-05         4.1210106158045720e-05        -7.6881224213435197e-05         1.0644773045700388e-04
$End
