
$orca_hessian_file

$act_atom
  0

$act_coord
  0

$act_energy
        0.000000

$multiplicity
  1

$hessian
12
                    0                  1                  2                  3                  4        
    0      9.5792006868E-01  -1.9075495827E-05   1.7568913653E-05  -7.7133215316E-01   4.1434586604E-05
    1     -1.9075495827E-05   5.6633816582E-01   4.5044467746E-09   4.0229734893E-05  -1.0734423510E-01
    2      1.7568913653E-05   4.5044467746E-09   1.7131948656E-01  -5.2456200808E-05  -9.8331560231E-10
    3     -7.7133215316E-01   4.0229734893E-05  -5.2456200808E-05   8.5742694376E-01  -5.0117975702E-05
    4      4.1434586604E-05  -1.0734423510E-01  -9.8331560231E-10  -5.0117975702E-05   7.4535859830E-02
    5     -5.6800073617E-05  -1.4062450748E-09  -5.7519895808E-02   6.0734497802E-05   9.4302277245E-10
    6     -9.3304352105E-02  -7.6348212457E-02   1.7791805516E-05  -4.3051083112E-02  -3.6314628318E-02
    7     -7.1922264120E-02  -2.2948877603E-01   2.1179779232E-05  -1.9092866240E-02   1.6408654071E-02
    8      1.9270986492E-05   3.5620954151E-05  -5.6899772992E-02  -4.0090907732E-06  -3.1141724473E-06
    9     -9.3283563409E-02   7.6323795135E-02   1.7789381691E-05  -4.3043707488E-02   3.6324861596E-02
   10      7.1903168112E-02  -2.2950515469E-01  -2.1183317488E-05   1.9101204591E-02   1.6399721201E-02
   11      1.9266273420E-05  -3.5624035228E-05  -5.6899817763E-02  -4.0084240302E-06   3.1144642726E-06
                    5                  6                  7                  8                  9        
    0     -5.6800073617E-05  -9.3304352105E-02  -7.1922264120E-02   1.9270986492E-05  -9.3283563409E-02
    1     -1.4062450748E-09  -7.6348212457E-02  -2.2948877603E-01   3.5620954151E-05   7.6323795135E-02
    2     -5.7519895808E-02   1.7791805516E-05   2.1179779232E-05  -5.6899772992E-02   1.7789381691E-05
    3      6.0734497802E-05  -4.3051083112E-02  -1.9092866240E-02  -4.0090907732E-06  -4.3043707488E-02
    4      9.4302277245E-10  -3.6314628318E-02   1.6408654071E-02  -3.1141724473E-06   3.6324861596E-02
    5      1.9724071331E-02  -2.0976970673E-06  -4.8336612718E-07   1.8897892576E-02  -2.0975093088E-06
    6     -2.0976970673E-06   1.2657245119E-01   1.0184094761E-01  -1.6033257026E-05   9.7829840225E-03
    7     -4.8336612718E-07   1.0184094761E-01   2.3217975348E-01  -2.6601422596E-05  -1.0922124194E-02
    8      1.8897892576E-02  -1.6033257026E-05  -2.6601422596E-05   1.8835927263E-02   5.5481941630E-07
    9     -2.0975093088E-06   9.7829840225E-03  -1.0922124194E-02   5.5481941630E-07   1.2654428687E-01
   10      4.8357781705E-07   1.0918200103E-02  -1.9099631518E-02  -6.0334983408E-06  -1.0182455267E-01
   11      1.8897931901E-02   5.5569046735E-07   6.0331487245E-06   1.9165953153E-02  -1.6030115828E-05
                   10                 11        
     0      7.1903168112E-02   1.9266273420E-05
     1     -2.2950515469E-01  -3.5624035228E-05
     2     -2.1183317488E-05  -5.6899817763E-02
     3      1.9101204591E-02  -4.0084240302E-06
     4      1.6399721201E-02   3.1144642726E-06
     5      4.8357781705E-07   1.8897931901E-02
     6      1.0918200103E-02   5.5569046735E-07
     7     -1.9099631518E-02   6.0331487245E-06
     8     -6.0334983408E-06   1.9165953153E-02
     9     -1.0182455267E-01  -1.6030115828E-05
    10      2.3220506500E-01   2.6604830121E-05
    11      2.6604830121E-05   1.8835932708E-02

$vibrational_frequencies
12
    0        0.0000000000000000
    1        0.0000000000000000
    2        0.0000000000000000
    3        0.0000000000000000
    4        0.0000000000000000
    5        0.0000000000000000
    6     1184.4431089418085321
    7     1261.5509327835197837
    8     1527.6392469049294505
    9     1795.8636514283359702
   10     2850.6278569171331583
   11     2902.1008268909181425

$normal_modes
12 12
                    0                  1                  2                  3                  4        
    0      0.0000000000E+00   0.0000000000E+00   0.0000000000E+00   0.0000000000E+00   0.0000000000E+00
    1      0.0000000000E+00   0.0000000000E+00   0.0000000000E+00   0.0000000000E+00   0.0000000000E+00
    2      0.0000000000E+00   0.0000000000E+00   0.0000000000E+00   0.0000000000E+00   0.0000000000E+00
    3      0.0000000000E+00   0.0000000000E+00   0.0000000000E+00   0.0000000000E+00   0.0000000000E+00
    4      0.0000000000E+00   0.0000000000E+00   0.0000000000E+00   0.0000000000E+00   0.0000000000E+00
    5      0.0000000000E+00   0.0000000000E+00   0.0000000000E+00   0.0000000000E+00   0.0000000000E+00
    6      0.0000000000E+00   0.0000000000E+00   0.0000000000E+00   0.0000000000E+00   0.0000000000E+00
    7      0.0000000000E+00   0.0000000000E+00   0.0000000000E+00   0.0000000000E+00   0.0000000000E+00
    8      0.0000000000E+00   0.0000000000E+00   0.0000000000E+00   0.0000000000E+00   0.0000000000E+00
    9      0.0000000000E+00   0.0000000000E+00   0.0000000000E+00   0.0000000000E+00   0.0000000000E+00
   10      0.0000000000E+00   0.0000000000E+00   0.0000000000E+00   0.0000000000E+00   0.0000000000E+00
   11      0.0000000000E+00   0.0000000000E+00   0.0000000000E+00   0.0000000000E+00   0.0000000000E+00
                    5                  6                  7                  8                  9        
    0      0.0000000000E+00   6.7061588459E-06   8.3812082766E-06  -9.6842342798E-03  -5.7756891420E-01
    1      0.0000000000E+00  -6.5513368219E-09   1.4804606084E-01   3.2895353809E-06   3.7125524735E-05
    2      0.0000000000E+00   1.7399440804E-01   7.0069285682E-09  -1.5183830822E-05  -3.9765546902E-05
    3      0.0000000000E+00   1.0018003380E-05  -6.0329125769E-06   8.4416513204E-02   4.0265169374E-01
    4      0.0000000000E+00   2.3887914878E-09  -7.9698483181E-02  -7.2179178760E-06  -2.6160531034E-05
    5      0.0000000000E+00  -4.2965213584E-02  -1.7158820132E-09   2.0537986090E-06   4.0944854704E-05
    6      0.0000000000E+00  -1.1948315228E-04   6.5083733675E-01  -6.1219740290E-01   2.4557162460E-01
    7      0.0000000000E+00  -3.2754900242E-05  -2.4959843377E-01   3.4869272256E-01  -4.3798290308E-01
    8      0.0000000000E+00  -6.9565821337E-01   1.3046250780E-04   7.4167243124E-05  -8.8025578108E-05
    9      0.0000000000E+00  -1.1943124254E-04  -6.5084144996E-01  -6.1226932014E-01   2.4565434799E-01
   10      0.0000000000E+00   3.2795048884E-05  -2.4949403089E-01  -3.4861735663E-01   4.3795574798E-01
   11      0.0000000000E+00  -6.9565764262E-01  -1.3051876556E-04   7.4160403757E-05  -8.8018813329E-05
                   10                 11        
     0      5.5377400741E-02  -1.8169159682E-05
     1     -2.2402494650E-05  -1.0151055130E-01
     2     -1.0988974596E-05   1.7596705021E-09
     3      2.6696377972E-03  -4.4863563746E-07
     4     -2.2532004707E-07   6.6885383923E-04
     5     -1.4492618975E-06   3.2828380270E-10
     6     -3.5108810831E-01   3.6818366336E-01
     7     -6.1238475181E-01   5.9957257079E-01
     8      7.6949245104E-05  -1.1273727749E-04
     9     -3.5114353397E-01  -3.6796004481E-01
    10      6.1265526893E-01   5.9937806322E-01
    11      7.6994519746E-05   1.1271109930E-04

#
# The atoms: label  mass x y z (in bohrs)
#
$atoms
4
 C     12.01100      1.136536409789    -0.000077499093     0.000148255110
 O     15.99900     -1.136858944793     0.000077619266    -0.000088020750
 H      1.00800      2.250949806569     1.781895969737    -0.000184740524
 H      1.00800      2.250704399552    -1.782204490597    -0.000184751674

$actual_temperature
  0.000000

$frequency_scale_factor
  1.000000

$dipole_derivatives
12
    1.0656689991E+00   -1.5556616263E-05   -8.0381957369E-05
    2.5984114306E-04    8.5491918978E-01    5.6696156577E-08
   -1.6223114890E-04    1.1811237686E-08    1.4974498582E-01
   -9.3064321523E-01    3.4801987772E-05    6.9116524748E-05
   -7.1674650806E-05   -4.3099052605E-01   -2.2652456730E-08
    1.3535615036E-04   -8.0912951333E-09   -3.1431799358E-01
   -6.7592414260E-02   -1.1307685995E-01    6.9910657432E-06
   -1.4542883427E-01   -2.1536465883E-01   -7.2063625439E-06
   -1.0550886385E-05    6.2475067743E-05    8.1935155683E-02
   -6.7557341033E-02    1.1305734007E-01    6.9924995600E-06
    1.4540769231E-01   -2.1540085600E-01    7.2038800548E-06
   -1.0558589851E-05   -6.2474529103E-05    8.1935406966E-02

#
# The IR spectrum
#  wavenumber eps Int TX TY TZ
#
$ir_spectrum
12
      0.00   0.00000000   0.00000000     0.000000     0.000000     0.000000
      0.00   0.00000000   0.00000000     0.000000     0.000000     0.000000
      0.00   0.00000000   0.00000000     0.000000     0.000000     0.000000
      0.00   0.00000000   0.00000000     0.000000     0.000000     0.000000
      0.00   0.00000000   0.00000000     0.000000     0.000000     0.000000
      0.00   0.00000000   0.00000000     0.000000     0.000000     0.000000
   1184.44   0.00078093   3.94649114     0.000001    -0.000000    -0.014344
   1261.55   0.00210906  10.65833695     0.000011     0.022841     0.000000
   1527.64   0.00199933  10.10377850    -0.020209     0.000002     0.000000
   1795.86   0.02178724 110.10380082    -0.061530     0.000004     0.000003
   2850.63   0.01473779  74.47873859     0.040167    -0.000014     0.000002
   2902.10   0.03159191 159.65256896    -0.000016    -0.058285    -0.000000


$end

