*************************************************
******************* ORCA 6.0.0 ******************
*************************************************
$Calculation_Status
   &GeometryIndex 1
   &ListStatus       OUT
   &VERSION [&Type "String"] "6.0.0"
   &PROGNAME [&Type "String"] "LeanSCF"
   &STATUS [&Type "String"] "NORMAL TERMINATION"
$End
$Geometry
   &GeometryIndex 1
   &ListStatus       OUT
   &NATOMS [&Type "Integer"] 14
   &NCORELESSECP [&Type "Integer"] 0
   &NGHOSTATOMS [&Type "Integer"] 0
   &CartesianCoordinates [&Type "Coordinates", &Dim(14,4), &Units "Bohr"] 
              C     -4.542430278549    0.068737276718   -0.000074241104
              C     -1.710376870364    0.021348620505    0.000147977651
              C     -0.342916142936    2.285145919426    0.000044161766
              C      2.275609226952    2.212241358544   -0.000363327628
              C      3.476205818670   -0.129929204096   -0.000540829793
              C      1.981098390590   -2.280963511595   -0.000203342469
              N     -0.557554354708   -2.242211806347    0.000048534970
              H     -5.253987411385    1.068285083774   -1.667203593734
              H     -5.313908644769   -1.843226389953    0.006665663684
              H     -5.254484811303    1.080673854676    1.659277765421
              H     -1.345152540841    4.075492000739    0.000212867822
              H      3.366244275755    3.949760899973   -0.000583006591
              H      5.519640539099   -0.286036833080   -0.000791477776
              H      2.854198162563   -4.142665782683   -0.000444294078
$End
$SCF_Energy
   &GeometryIndex 1
   &ListStatus       OUT
   &SCF_ENERGY [&Type "Double"]      -2.8754455252929591e+02
$End
$DFT_Energy
   &GeometryIndex 1
   &ListStatus       OUT
   &NALPHAEL [&Type "Integer"] 25
   &NBETAEL [&Type "Integer"] 25
   &NTOTALEL [&Type "Integer"] 50
   &EEXCHANGE [&Type "Double"]      -4.0353049642760809e+01
   &ECORR [&Type "Double"]      -1.5969331849401378e+00
   &ECNL [&Type "Double"]       0.0000000000000000e+00
   &EXC [&Type "Double"]      -4.1949982827700950e+01
   &EEMBED [&Type "Double"]       0.0000000000000000e+00
   &FINALEN [&Type "Double"]      -2.8754455252929591e+02  "No Van der Waals correction"
$End
$Mulliken_Population_Analysis
   &GeometryIndex 1
   &ListStatus       OUT
   &NATOMS [&Type "Integer"] 14
   &ATNO [&Type "ArrayOfIntegers", &Dim (14,1)] 
                                                         0

0                                                        6
1                                                        6
2                                                        6
3                                                        6
4                                                        6
5                                                        6
6                                                        7
7                                                        1
8                                                        1
9                                                        1
10                                                       1
11                                                       1
12                                                       1
13                                                       1
   &ATOMICCHARGES [&Type "ArrayOfDoubles", &Dim (14,1)] 
                                                         0

0                                     -3.4556818740109918e-01
1                                      1.9884896420687248e-01
2                                     -1.7656613873477411e-01
3                                     -9.3447649615613138e-02
4                                     -1.0118966821892350e-01
5                                     -1.8334582100967722e-02
6                                     -2.7161886005854541e-01
7                                      1.1571890450691225e-01
8                                      1.2996287305719034e-01
9                                      1.1566946415019408e-01
10                                     1.0750235733417757e-01
11                                     1.1640074899203534e-01
12                                     1.1354825255980383e-01
13                                     1.0907352132267167e-01
$End
$Loewdin_Population_Analysis
   &GeometryIndex 1
   &ListStatus       OUT
   &NATOMS [&Type "Integer"] 14
   &ATNO [&Type "ArrayOfIntegers", &Dim (14,1)] 
                                                         0

0                                                        6
1                                                        6
2                                                        6
3                                                        6
4                                                        6
5                                                        6
6                                                        7
7                                                        1
8                                                        1
9                                                        1
10                                                       1
11                                                       1
12                                                       1
13                                                       1
   &ATOMICCHARGES [&Type "ArrayOfDoubles", &Dim (14,1)] 
                                                         0

0                                     -2.5656623686521485e-01
1                                     -2.4058898310113275e-01
2                                     -1.2545095980328380e-01
3                                     -1.2332568847510750e-01
4                                     -1.5812327354152433e-01
5                                     -2.0104762878271298e-01
6                                      1.4068239605558652e-01
7                                      1.3125856455484419e-01
8                                      1.3081900776987032e-01
9                                      1.3119102764789514e-01
10                                     1.4657503932867055e-01
11                                     1.4511180832049253e-01
12                                     1.4389418672178367e-01
13                                     1.3557074016978543e-01
$End
$Mayer_Population_Analysis
   &GeometryIndex 1
   &ListStatus       OUT
   &NATOMS [&Type "Integer"] 14 "Total number of atoms"
   &BONDTHRESH [&Type "Double"]       1.0000000000000001e-01  "The threshold for printing"
   &NBONDORDERSPRINT [&Type "Integer"] 14 "The number of bond orders larger than threshold"
   &BONDORDERS [&Type "ArrayOfDoubles", &Dim (14,1)] "The bond orders"
                                                         0

0                                      9.2744287454793928e-01
1                                      9.6342891701809430e-01
2                                      9.8552730650130238e-01
3                                      9.6373666339179009e-01
4                                      1.3430215598998732e+00
5                                      1.4423105729949299e+00
6                                      1.4396132988161332e+00
7                                      9.6976335757595589e-01
8                                      1.3834554739174976e+00
9                                      9.6683819166169516e-01
10                                     1.3957761956594730e+00
11                                     9.6333194658477772e-01
12                                     1.4499994110812007e+00
13                                     9.8424976309793399e-01
   &COMPONENTS [&Type "ArrayOfIntegers", &Dim (14,4)] "The indices and atomic numbers of the bonding atoms"
                                                         0                           1                           2                           3

0                                                        0                           6                           1                           6
1                                                        0                           6                           7                           1
2                                                        0                           6                           8                           1
3                                                        0                           6                           9                           1
4                                                        1                           6                           2                           6
5                                                        1                           6                           6                           7
6                                                        2                           6                           3                           6
7                                                        2                           6                          10                           1
8                                                        3                           6                           4                           6
9                                                        3                           6                          11                           1
10                                                       4                           6                           5                           6
11                                                       4                           6                          12                           1
12                                                       5                           6                           6                           7
13                                                       5                           6                          13                           1
   &ATNO [&Type "ArrayOfIntegers", &Dim (14,1)] "Atomic number of the elements"
                                                         0

0                                                        6
1                                                        6
2                                                        6
3                                                        6
4                                                        6
5                                                        6
6                                                        7
7                                                        1
8                                                        1
9                                                        1
10                                                       1
11                                                       1
12                                                       1
13                                                       1
   &NA [&Type "ArrayOfDoubles", &Dim (14,1)] "Mulliken gross atomic population"
                                                         0

0                                      6.3455681874010903e+00
1                                      5.8011510357931586e+00
2                                      6.1765661387347848e+00
3                                      6.0934476496156158e+00
4                                      6.1011896682188906e+00
5                                      6.0183345821009482e+00
6                                      7.2716188600585046e+00
7                                      8.8428109549308687e-01
8                                      8.7003712694281032e-01
9                                      8.8433053584980581e-01
10                                     8.9249764266582166e-01
11                                     8.8359925100796544e-01
12                                     8.8645174744019606e-01
13                                     8.9092647867732744e-01
   &ZA [&Type "ArrayOfDoubles", &Dim (14,1)] "Total nuclear charge"
                                                         0

0                                      6.0000000000000000e+00
1                                      6.0000000000000000e+00
2                                      6.0000000000000000e+00
3                                      6.0000000000000000e+00
4                                      6.0000000000000000e+00
5                                      6.0000000000000000e+00
6                                      7.0000000000000000e+00
7                                      1.0000000000000000e+00
8                                      1.0000000000000000e+00
9                                      1.0000000000000000e+00
10                                     1.0000000000000000e+00
11                                     1.0000000000000000e+00
12                                     1.0000000000000000e+00
13                                     1.0000000000000000e+00
   &QA [&Type "ArrayOfDoubles", &Dim (14,1)] "Mulliken gross atomic charge"
                                                         0

0                                     -3.4556818740109030e-01
1                                      1.9884896420684139e-01
2                                     -1.7656613873478477e-01
3                                     -9.3447649615615802e-02
4                                     -1.0118966821889064e-01
5                                     -1.8334582100948182e-02
6                                     -2.7161886005850455e-01
7                                      1.1571890450691313e-01
8                                      1.2996287305718968e-01
9                                      1.1566946415019419e-01
10                                     1.0750235733417834e-01
11                                     1.1640074899203456e-01
12                                     1.1354825255980394e-01
13                                     1.0907352132267256e-01
   &VA [&Type "ArrayOfDoubles", &Dim (14,1)] "Mayer's total valence"
                                                         0

0                                      3.8575232485347799e+00
1                                      3.8056037539709484e+00
2                                      3.8795832221301771e+00
3                                      3.9353523663098278e+00
4                                      3.8244521883498579e+00
5                                      4.0018728810857898e+00
6                                      3.0136887720312981e+00
7                                      9.7424285498706698e-01
8                                      1.0009133374817032e+00
9                                      9.7424093031597359e-01
10                                     9.7562130483549359e-01
11                                     9.7668097101244555e-01
12                                     9.7644020016352795e-01
13                                     9.8073619608194251e-01
   &BVA [&Type "ArrayOfDoubles", &Dim (14,1)] "Mayer's bonded valence"
                                                         0

0                                      3.8575232485347901e+00
1                                      3.8056037539709222e+00
2                                      3.8795832221301709e+00
3                                      3.9353523663099264e+00
4                                      3.8244521883498686e+00
5                                      4.0018728810858368e+00
6                                      3.0136887720314061e+00
7                                      9.7424285498706475e-01
8                                      1.0009133374816752e+00
9                                      9.7424093031597270e-01
10                                     9.7562130483550080e-01
11                                     9.7668097101247253e-01
12                                     9.7644020016353561e-01
13                                     9.8073619608193396e-01
   &FA [&Type "ArrayOfDoubles", &Dim (14,1)] "Mayer's free valence"
                                                         0

0                                      0.0000000000000000e+00
1                                      0.0000000000000000e+00
2                                      0.0000000000000000e+00
3                                      0.0000000000000000e+00
4                                      0.0000000000000000e+00
5                                      0.0000000000000000e+00
6                                      0.0000000000000000e+00
7                                      0.0000000000000000e+00
8                                      0.0000000000000000e+00
9                                      0.0000000000000000e+00
10                                     0.0000000000000000e+00
11                                     0.0000000000000000e+00
12                                     0.0000000000000000e+00
13                                     0.0000000000000000e+00
$End
$VdW_Correction
   &GeometryIndex 1
   &ListStatus       OUT
   &VDW [&Type "Double"]      -4.0507846778853936e-03
$End
$Calculation_Info
   &GeometryIndex 1
   &ListStatus       OUT
   &MULT [&Type "Integer"] 1
   &CHARGE [&Type "Integer"] 0
   &NUMOFATOMS [&Type "Integer"] 14
   &NUMOFELECTRONS [&Type "Integer"] 50
   &NUMOFFCELECTRONS [&Type "Integer"] 1
   &NUMOFCORRELECTRONS [&Type "Integer"] 0
   &NUMOFBASISFUNCTS [&Type "Integer"] 259
   &NUMOFAUXCBASISFUNCTS [&Type "Integer"] 0
   &NUMOFAUXJBASISFUNCTS [&Type "Integer"] 287
   &NUMOFAUXJKBASISFUNCTS [&Type "Integer"] 0
   &NUMOFCABSBASISFUNCTS [&Type "Integer"] 0
   &TOTALENERGY [&Type "Double"]      -2.8754271829257380e+02  "Hartrees"
$End
$SCF_Dipole_Moment
   &GeometryIndex 1
   &ListStatus       OUT
   &METHOD [&Type "String"] "SCF"
   &LEVEL [&Type "String"] "Relaxed density"
   &MULT [&Type "Integer"] 1
   &STATE [&Type "Integer"] -1
   &IRREP [&Type "Integer"] 0
   &NATOMS [&Type "Integer"] 14
   &DODIPOLEATOM [&Type "Boolean"] false
   &DIPOLEELECCONTRIB [&Type "ArrayOfDoubles", &Dim (3,1)] "Electronic contribution"
                                                         0

0                                      2.9531929891773530e+00
1                                     -1.2618791043205395e+00
2                                      6.0514848823348566e-04
   &DIPOLENUCCONTRIB [&Type "ArrayOfDoubles", &Dim (3,1)] "Nuclear contribution"
                                                         0

0                                     -2.7102723008882830e+00
1                                      1.9804814106906692e+00
2                                     -8.9632990361975320e-04
   &DIPOLETOTAL [&Type "ArrayOfDoubles", &Dim (3,1)] "Total"
                                                         0

0                                      2.4292068828906999e-01
1                                      7.1860230637012967e-01
2                                     -2.9118141538626754e-04
   &DIPOLEMAGNITUDE [&Type "Double", &Units "a.u."]       7.5855113229493099e-01
$End
$THERMOCHEMISTRY_Energies
   &GeometryIndex 1
   &ListStatus       OUT
   &TEMPERATURE [&Type "Double"]       2.9814999999999998e+02
   &PRESSURE [&Type "Double"]       1.0000000000000000e+00
   &TOTALMASS [&Type "Double"]       9.3128999999999991e+01
   &SPINDEGENERACY [&Type "Integer"] 1
   &ELENERGY [&Type "Double"]      -2.8754271829257380e+02
   &TRANSENERGY [&Type "Double"]       1.4162714244859817e-03
   &ROTENERGY [&Type "Double"]       1.4162714244859817e-03
   &VIBENERGY [&Type "Double"]       2.4208756490094055e-03
   &NUMOFFREQS [&Type "Integer"] 42
   &FREQSCALINGFACTOR [&Type "Double"]       1.0000000000000000e+00
   &FREQ [&Type "ArrayOfDoubles", &Dim (42,1)] "In cm^-1"
                                                         0

0                                      0.0000000000000000e+00
1                                      0.0000000000000000e+00
2                                      0.0000000000000000e+00
3                                      0.0000000000000000e+00
4                                      0.0000000000000000e+00
5                                      0.0000000000000000e+00
6                                     -2.7643569615915588e+01
7                                      1.9600356858920244e+02
8                                      3.5903901988302448e+02
9                                      4.1175154571113092e+02
10                                     4.7478909874642744e+02
11                                     5.5672532609611574e+02
12                                     6.4183995365123042e+02
13                                     7.5315120524245890e+02
14                                     7.5926591415675159e+02
15                                     8.2158591113889736e+02
16                                     8.9027865733966121e+02
17                                     9.6618709821357447e+02
18                                     9.8474347415719342e+02
19                                     9.9534589140342314e+02
20                                     1.0106097670923317e+03
21                                     1.0545978822020081e+03
22                                     1.0692715563891231e+03
23                                     1.1231866970533813e+03
24                                     1.1738107619619229e+03
25                                     1.2570892432219591e+03
26                                     1.2830902644963592e+03
27                                     1.3167512332595654e+03
28                                     1.3970759369007787e+03
29                                     1.4479932454841194e+03
30                                     1.4729345891482635e+03
31                                     1.4779030607313166e+03
32                                     1.5035845509071844e+03
33                                     1.5980569545114045e+03
34                                     1.6229523083891954e+03
35                                     3.0134737791045654e+03
36                                     3.0742444750236646e+03
37                                     3.1251172951505259e+03
38                                     3.1370591791852144e+03
39                                     3.1561181922644009e+03
40                                     3.1706241793475028e+03
41                                     3.1847314183555568e+03
   &ZPE [&Type "Double"]       1.1500414191208247e-01
   &INNERENERGYU [&Type "Double"]      -2.8742246073216370e+02
   &ENTHALPYH [&Type "Double"]      -2.8742151652312145e+02
   &QEL [&Type "Double"]       0.0000000000000000e+00
   &QROT [&Type "Double"]       1.2763131009275060e-02
   &QVIB [&Type "Double"]       3.5654779585402412e-03
   &QTRANS [&Type "Double"]       1.8770425465345273e-02
   &ENTROPYS [&Type "Double"]       3.5099034433160578e-02
   &FREEENERGYG [&Type "Double"]      -2.8745661555755464e+02
   &ISLINEAR [&Type "Boolean"] false
$End
$Hessian
   &GeometryIndex 1
   &ListStatus       OUT
   &HESSIAN [&Type "ArrayOfDoubles", &Dim (42,42)] "The Hessian"
                                                         0                           1                           2                           3                           4                           5                           6                           7

0                                      4.8307472956453451e-01         1.3041273649751505e-02        -1.4341703210366279e-04        -2.0966007835037584e-01        -6.4687658991075788e-03        -1.6834037818141747e-05        -2.5276154073443795e-02        -6.0355817907315409e-03
1                                      1.3041273649751505e-02         5.8520885238138398e-01        -1.1909731413066403e-05        -1.2901476705753265e-02        -8.6037687632847720e-02        -4.1478464176948267e-06        -2.9233885008145201e-02         5.4394879334557491e-03
2                                     -1.4341703210366279e-04        -1.1909731413066403e-05         5.2310244814811035e-01         3.4527186368368780e-05         1.2895577314597589e-07        -7.1839109598624079e-02         1.2337906804434006e-06        -5.8191869194436003e-06
3                                     -2.0966007835037584e-01        -1.2901476705753265e-02         3.4527186368368780e-05         6.5639758104463319e-01         3.1669126848535060e-03         6.9964848026065031e-06        -1.7568252852513813e-01        -1.0778578059993463e-01
4                                     -6.4687658991075788e-03        -8.6037687632847720e-02         1.2895577314597589e-07         3.1669126848535060e-03         6.3267318609888146e-01        -5.4004503842777521e-06        -4.2883624541236183e-02        -2.4459602208598968e-01
5                                     -1.6834037818141747e-05        -4.1478464176948267e-06        -7.1839109598624079e-02         6.9964848026065031e-06        -5.4004503842777521e-06         1.9607963307581117e-01         9.1449056775268058e-06         1.4611975728858580e-05
6                                     -2.5276154073443795e-02        -2.9233885008145201e-02         1.2337906804434006e-06        -1.7568252852513813e-01        -4.2883624541236183e-02         9.1449056775268058e-06         6.9885156054345565e-01        -4.6355419937655726e-02
7                                     -6.0355817907315409e-03         5.4394879334557491e-03        -5.8191869194436003e-06        -1.0778578059993463e-01        -2.4459602208598968e-01         1.4611975728858580e-05        -4.6355419937655726e-02         6.9607482723792813e-01
8                                      6.9495783906637368e-08        -1.7016702075129025e-05         6.3953904668331354e-03         7.3041594366125057e-06        -8.1044660720387922e-08        -7.4502849945502159e-02        -7.3254207205081760e-05         1.9671138057099144e-05
9                                      4.4668478285556064e-03        -3.9130372405619925e-03         2.7218640840251710e-05        -3.2365634415127152e-02        -7.6824112140887066e-02         4.0118120637390757e-06        -3.4742623561044145e-01         3.4657005427945718e-02
10                                    -3.0539666538908668e-03        -5.3562371973983822e-03        -5.5832557674311640e-06        -2.9595231590565999e-02         4.2403761206816534e-02        -2.2765345541428190e-06        -2.4281169609430067e-02        -1.3052611054989199e-01
11                                     4.0178275380104639e-06        -1.4627812762591828e-05         5.0700362717438722e-03        -5.0289951237066227e-07         4.2810597893945218e-06         7.5454945058386399e-03         4.3129150026808847e-05        -1.9642477849658923e-06
12                                    -1.3189799269153991e-03         1.7870228161459363e-03        -1.1534712386633308e-05         3.5677174186820697e-03        -1.2656055591404312e-02         1.3300117269205583e-06        -2.3460718815335908e-02         3.6673890039364915e-02
13                                     2.2676013404327204e-03        -1.1992380005604270e-03         1.0444374044826537e-05        -2.4267695867091765e-04        -7.2088668582803689e-02        -8.8498355795518419e-06         7.4595035648345603e-02         3.0254544154510420e-02
14                                     2.3957978782705331e-06        -6.4151425865459095e-07        -1.0933263326129764e-03        -7.1629417095386283e-06         9.6737702892728578e-06        -1.1125858410604289e-02         6.7455451787264843e-06        -5.1628977045044550e-06
15                                     1.1595955818555943e-03         2.4640671458052337e-03         1.1261738984705127e-05        -4.7363986768226340e-02         9.2381979862116881e-02         1.7076220721061549e-05        -5.2916075008857498e-02        -3.6152868807488088e-02
16                                    -4.3395142205003275e-04        -2.9972589852136477e-03        -2.3927495696189360e-06         4.6600585127484780e-02         1.4061182600071795e-02         7.5028248373720793e-06        -2.3318053398515254e-02        -1.5601454026657025e-02
17                                     7.5878623618275511e-06         1.6719645979554306e-05         1.2000301242530018e-02        -1.7907378324175310e-06        -1.5256929883400072e-05         7.3414789885345444e-04         5.5111266724332767e-06         6.7585994772660070e-06
18                                    -2.5039223293603349e-02         3.8704936649087342e-02         2.3470596441858980e-05        -1.6082298794704503e-01         5.3755609099495727e-02         1.0557169057754440e-06         6.4510227121758190e-02         3.2679097807856501e-02
19                                     1.5228717079490167e-02        -4.2645966418386402e-03        -3.5774597472441046e-06         7.9710334385376419e-02        -2.6982686708441689e-01        -4.1460925632597251e-06        -2.1689688544043170e-02        -7.3530353932474452e-02
20                                    -4.3400811822818535e-06         3.5642149669977362e-06        -9.7114797197105779e-04         2.1367540610080509e-05         4.8015591027471762e-06        -6.9835980035990577e-02        -1.3391615814829495e-05        -9.0430431137205147e-06
21                                    -7.2477751532384060e-02         3.9478782780520243e-02        -7.1737328823008872e-02        -1.1796467508746558e-02         1.6819668903470020e-02        -2.7056019084614864e-02         5.4744516638418044e-04         5.2358063942475961e-04
22                                     3.8866056149946322e-02        -1.0486221398844187e-01         1.0308202455384603e-01         1.3367816939625198e-03        -1.1412035214147980e-03        -6.8354855614230340e-04        -2.3073399907445422e-03        -4.4145785240183935e-04
23                                    -7.0847395866100435e-02         1.0278729732454540e-01        -2.1258639534740842e-01         1.1475104435625418e-03        -1.6038305391628989e-03         1.9709364680284293e-03         2.5670059667089271e-04         5.3249601920142336e-04
24                                    -8.2531091841998472e-02        -8.8444327998430980e-02         3.3047484721613880e-04        -1.2374712556934252e-02        -3.3669237199163399e-02         1.1403647858769506e-04        -6.9680602032656525e-03         2.1208016287544602e-03
25                                    -9.3813115848232556e-02        -2.8090005811273711e-01         8.2673683485189671e-04         2.9446295428199251e-04         7.1619827554900237e-04        -1.6814689823100241e-05        -2.1324379583975375e-04         3.4921782338922722e-04
26                                     3.5347608581018798e-04         8.2324372812275543e-04        -4.6207002985041275e-02        -2.7608375561675296e-05        -2.5840762100438359e-05        -1.9862175129172115e-03        -1.5393331658867312e-06        -3.8814221380865162e-07
27                                    -7.2565955737834406e-02         4.0009677894703180e-02         7.1471971770097398e-02        -1.1742524875111324e-02         1.7023289474295669e-02         2.6922808735980422e-02         5.6167850852779314e-04         5.2724911419437740e-04
28                                     3.9422489927256173e-02        -1.0644699863294427e-01        -1.0388465925430451e-01         1.3303077831510798e-03        -1.1454729303216719e-03         7.0950268426860715e-04        -2.3049035159993124e-03        -4.4244029209308334e-04
29                                     7.0651279131962660e-02        -1.0359520639287879e-01        -2.1104592770681199e-01        -1.2006330815865669e-03         1.6264711497959638e-03         1.9469430441440110e-03        -2.5098850209487366e-04        -5.2604473837561741e-04
30                                     2.8099631520837193e-04        -3.3431968143521080e-04        -2.6181960994138232e-06         1.1559764040006046e-02        -1.2608911001245303e-02        -5.5094928741661130e-07        -1.2200938696918338e-01         1.1506116956381229e-01
31                                     1.0179294771194532e-03         1.1345369492993971e-03        -5.5461174468855409e-06         1.8399081880211436e-02        -1.8049697901612337e-02        -2.0546449018581298e-06         1.1499388598460202e-01        -2.6661621727600798e-01
32                                    -4.7492646290780040e-06         1.0888995571448108e-05        -1.2790195720385007e-03         6.2485516341895070e-06         5.8283223584674400e-08         9.4102317418995850e-04         1.6220991229561421e-05        -2.2881489534819677e-05
33                                    -1.7267169144643537e-04        -1.7650788121528621e-03         6.8070720318852463e-07        -6.1322506501140638e-03         2.1574821099510115e-03         1.3769399908868866e-06        -1.1297499499885261e-02        -2.8992928479481594e-02
34                                     1.0884073141190307e-04        -4.1403166104040973e-06        -6.5681587586178773e-07         8.7848695406310385e-04         2.2660104354078258e-03         1.1121159166394193e-06         1.9280343080944826e-03         4.0775071293211841e-03
35                                    -1.6248035690134378e-06         2.0067692505951161e-06        -4.0179074490210540e-04         4.6895899065402236e-06        -2.1067418028041162e-07         9.5142218443107600e-03         1.2558219138613784e-06         3.1314481228132703e-06
36                                     5.0263768832495975e-05        -1.7923300588818523e-05        -2.8233998601827930e-06         1.2469912892448653e-03        -7.6742168355336073e-04        -2.3513133765817940e-06         1.3814569267992958e-03         3.1603707708308532e-03
37                                    -7.8150423055301595e-05         3.1416350856604052e-04         6.1640066218701705e-07         3.8317141384339978e-04        -2.5853088898304920e-03         1.6047869575970025e-07         2.0150376101103241e-03        -4.9393212084378642e-03
38                                    -2.5092642923533715e-06        -6.6464330032433962e-07        -1.7924733074850820e-03         2.2318419764831499e-06         9.6099108120222714e-07        -1.9683967374733942e-04        -6.0439387379256279e-08        -1.4017618354017835e-06
39                                     9.4733890151541510e-06         1.1458879316454552e-03         2.1218869632995568e-07        -4.8308821957475153e-03         4.8807291614266085e-04         3.5042085544893468e-07        -8.1570956137396724e-04        -1.6353673725704278e-04
40                                    -9.0976438930931956e-05        -2.8611264112656876e-05         9.5950667792098767e-07        -1.4898460160316786e-03         3.3505900125106085e-03         1.3822518100593556e-07        -8.6171384917848302e-04         4.9779294534934215e-04
41                                    -1.2851547098147177e-06        -2.7209014243939912e-07         6.4801743767801826e-04         4.3898956900673911e-06        -1.5450229453496814e-06         1.0754455166209277e-02         9.6555191690111195e-07        -1.1065072350254881e-07
                                                         8                           9                          10                          11                          12                          13                          14                          15

0                                      6.9495783906637368e-08         4.4668478285556064e-03        -3.0539666538908668e-03         4.0178275380104639e-06        -1.3189799269153991e-03         2.2676013404327204e-03         2.3957978782705331e-06         1.1595955818555943e-03
1                                     -1.7016702075129025e-05        -3.9130372405619925e-03        -5.3562371973983822e-03        -1.4627812762591828e-05         1.7870228161459363e-03        -1.1992380005604270e-03        -6.4151425865459095e-07         2.4640671458052337e-03
2                                      6.3953904668331354e-03         2.7218640840251710e-05        -5.5832557674311640e-06         5.0700362717438722e-03        -1.1534712386633308e-05         1.0444374044826537e-05        -1.0933263326129764e-03         1.1261738984705127e-05
3                                      7.3041594366125057e-06        -3.2365634415127152e-02        -2.9595231590565999e-02        -5.0289951237066227e-07         3.5677174186820697e-03        -2.4267695867091765e-04        -7.1629417095386283e-06        -4.7363986768226340e-02
4                                     -8.1044660720387922e-08        -7.6824112140887066e-02         4.2403761206816534e-02         4.2810597893945218e-06        -1.2656055591404312e-02        -7.2088668582803689e-02         9.6737702892728578e-06         9.2381979862116881e-02
5                                     -7.4502849945502159e-02         4.0118120637390757e-06        -2.2765345541428190e-06         7.5454945058386399e-03         1.3300117269205583e-06        -8.8498355795518419e-06        -1.1125858410604289e-02         1.7076220721061549e-05
6                                     -7.3254207205081760e-05        -3.4742623561044145e-01        -2.4281169609430067e-02         4.3129150026808847e-05        -2.3460718815335908e-02         7.4595035648345603e-02         6.7455451787264843e-06        -5.2916075008857498e-02
7                                      1.9671138057099144e-05         3.4657005427945718e-02        -1.3052611054989199e-01        -1.9642477849658923e-06         3.6673890039364915e-02         3.0254544154510420e-02        -5.1628977045044550e-06        -3.6152868807488088e-02
8                                      1.2655149416755093e-01         3.4658622213186464e-05         8.0591338843125163e-06        -6.0143353320619111e-02         3.9658219260349311e-06        -1.2236594896295066e-05         7.5425979713652572e-03         1.7328660896199781e-05
9                                      3.4658622213186464e-05         6.8714511764025643e-01         3.9129641163779164e-02        -8.5738043301807477e-05        -1.7009526707733691e-01         5.2406024613834944e-02         1.1952421663691959e-05         6.7735428758137567e-02
10                                     8.0591338843125163e-06         3.9129641163779164e-02         7.1566658282883489e-01        -1.2892917450316931e-05         1.1119754267942424e-01        -2.9024289015228133e-01        -1.3932038944059125e-05        -3.0746906058885328e-02
11                                    -6.0143353320619111e-02        -8.5738043301807477e-05        -1.2892917450316931e-05         1.3844872903379915e-01         1.4109433310924676e-05        -1.1610627216947490e-05        -6.2596843652161685e-02        -9.9207435118704912e-06
12                                     3.9658219260349311e-06        -1.7009526707733691e-01         1.1119754267942424e-01         1.4109433310924676e-05         7.4640629483737708e-01        -8.1273011741389792e-03        -8.6821428723447640e-05        -1.8778211086456939e-01
13                                    -1.2236594896295066e-05         5.2406024613834944e-02        -2.9024289015228133e-01        -1.1610627216947490e-05        -8.1273011741389792e-03         6.5560652104178618e-01        -4.4216435532330527e-06        -5.6082181613106914e-02
14                                     7.5425979713652572e-03         1.1952421663691959e-05        -1.3932038944059125e-05        -6.2596843652161685e-02        -8.6821428723447640e-05        -4.4216435532330527e-06         1.2496902388347228e-01         2.2406761437982939e-05
15                                     1.7328660896199781e-05         6.7735428758137567e-02        -3.0746906058885328e-02        -9.9207435118704912e-06        -1.8778211086456939e-01        -5.6082181613106914e-02         2.2406761437982939e-05         6.4202993399227126e-01
16                                     5.1150366769528390e-06         1.5613038751220255e-02        -6.0755721526090600e-02         1.2572342428838297e-06        -1.2171214384127972e-01        -2.7430966466935558e-01         2.6279762100089233e-05        -3.2401711905718347e-02
