
$orca_hessian_file

$act_atom
  0

$act_coord
  0

$act_energy
        0.000000

$multiplicity
  1

$hessian
42
                    0                  1                  2                  3                  4        
    0      4.7784301515E-01   1.3249589540E-02   3.1785970879E-03  -2.0567165990E-01   1.1636021526E-02
    1      1.3249589540E-02   5.8375223851E-01  -7.1134676515E-04   6.9373597562E-03  -8.4266217650E-02
    2      3.1785970879E-03  -7.1134676515E-04   5.2882380372E-01  -5.9273369718E-04   1.1156957825E-04
    3     -2.0567165990E-01   6.9373597562E-03  -5.9273369718E-04   6.5489482290E-01  -1.0342483246E-02
    4      1.1636021526E-02  -8.4266217650E-02   1.1156957825E-04  -1.0342483246E-02   6.3880529757E-01
    5      5.1673237671E-04  -4.7145412741E-05  -7.1273725353E-02  -5.7655758414E-04   9.8391098924E-05
    6     -2.0461347915E-02   2.9341500073E-02   6.4810603922E-05  -1.8152776188E-01   4.4506415791E-02
    7      5.0336955021E-03   2.8201521540E-03  -2.7072462407E-04   1.1135823882E-01  -2.4651688941E-01
    8      5.4350151077E-05  -3.7463604965E-04   9.4075783478E-03  -4.9810006284E-05  -2.6929679057E-04
    9      1.5792870076E-03   1.8823514787E-05  -4.8978314282E-04  -3.0977810582E-02   7.7354647575E-02
   10      1.2550368901E-03  -5.1069045959E-03  -3.0855351208E-06   3.0559317345E-02   4.2652685127E-02
   11     -1.1050255889E-04  -3.6623471838E-04   8.1623677293E-03   5.6774957186E-05   2.1359443798E-04
   12     -1.5996427681E-03   5.0093807199E-04   2.1620219759E-04   3.8487700569E-03   1.2786003307E-02
   13      7.0386310809E-04   7.5759352903E-04   2.1331185872E-04  -2.0198785677E-03  -7.2991101894E-02
   14     -3.5194812527E-05   2.6861108128E-05  -8.4356574069E-04   1.2292762154E-04  -1.1229569125E-05
   15      4.8710110515E-03  -3.8627839973E-03  -2.2273783498E-04  -5.0564579289E-02  -9.4407899160E-02
   16     -9.9475182201E-04  -5.0991018042E-03  -1.5437221941E-04  -4.6585471837E-02   1.3704355972E-02
   17     -1.7645821473E-04   3.8667145497E-04   8.4907192687E-03   8.6227428914E-05  -1.7821860816E-04
   18     -3.0029790109E-02  -4.1326245824E-02  -4.3445317791E-04  -1.5520530493E-01  -5.5674355859E-02
   19     -1.7490326057E-02  -4.0697986515E-03   4.9151143491E-05  -8.0288124282E-02  -2.7440028450E-01
   20      1.3386266504E-04   1.3432253981E-04  -2.7160586577E-03  -4.8311796005E-04   1.0499013809E-04
   21     -7.0647293855E-02   3.3509254916E-02   7.4790029057E-02  -1.4988578142E-02   1.4860943641E-02
   22      3.2730371843E-02  -8.8497397454E-02  -9.3952617495E-02   2.6984443641E-03  -1.3096453590E-03
   23      7.3061448999E-02  -9.3437302052E-02  -2.3113525421E-01  -1.4106070256E-04   9.4442125544E-04
   24     -8.3875842309E-02  -8.5662893794E-02  -7.6301275822E-03  -6.0581963033E-03  -3.1091190489E-02
   25     -9.0913239184E-02  -2.7477406226E-01  -1.8600065253E-02   2.5879453326E-03   3.6565012777E-04
   26     -8.1784578838E-03  -1.8637958701E-02  -4.8107318739E-02   6.9298104408E-04   5.2790173747E-04
   27     -7.2495880656E-02   4.6421756739E-02  -6.8812352674E-02  -1.4822803919E-02   1.9918577050E-02
   28      4.6261176551E-02  -1.2612018570E-01   1.1345597589E-01   2.8408101399E-03  -1.3645033210E-03
   29     -6.8661984077E-02   1.1278554874E-01  -1.9546177569E-01   1.2785872757E-03  -1.5155191852E-03
   30      6.2651175541E-04   8.1085573032E-04   3.9614228726E-05   1.0524928989E-02   1.2435005438E-02
   31     -1.4555674831E-03   3.4746998927E-04  -1.3978471015E-04  -1.7851267665E-02  -1.7791189736E-02
   32      9.3015333252E-05   2.4677450143E-04  -3.5140328080E-03  -1.5150088676E-04   1.6425782272E-05
   33     -1.9116429311E-04   1.4791269746E-03  -4.3416789147E-05  -6.1412332900E-03  -2.1439840779E-03
   34     -1.4662912447E-04  -2.5250487117E-05   8.2809073477E-07  -9.5049241525E-04   2.3121921084E-03
   35      3.7721231328E-05   2.9201377186E-05  -6.0612515637E-04  -7.3983439373E-05  -4.1559764894E-06
   36      6.4586276185E-05  -1.4927830032E-04  -2.8521538858E-05   1.2873134870E-03   8.1572464382E-04
   37      7.3146035811E-05   3.2140235919E-04   1.0044829713E-05  -4.7712436002E-04  -2.5727465129E-03
   38      5.9576412071E-05  -2.3893503879E-05  -1.6326578648E-03  -5.1998245207E-05   4.6501805593E-06
   39     -1.1789436725E-05  -1.2643410260E-03  -3.4013395197E-05  -4.5979071965E-03  -5.9285833865E-04
   40      5.3950301487E-05  -3.9937931138E-05  -7.0364911002E-06   1.4721588093E-03   3.3723974759E-03
   41      2.6179948076E-05  -1.2710819092E-05   4.0604515611E-04  -9.6546811881E-05  -2.5288207502E-05
                    5                  6                  7                  8                  9        
    0      5.1673237671E-04  -2.0461347915E-02   5.0336955021E-03   5.4350151077E-05   1.5792870076E-03
    1     -4.7145412741E-05   2.9341500073E-02   2.8201521540E-03  -3.7463604965E-04   1.8823514787E-05
    2     -7.1273725353E-02   6.4810603922E-05  -2.7072462407E-04   9.4075783478E-03  -4.8978314282E-04
    3     -5.7655758414E-04  -1.8152776188E-01   1.1135823882E-01  -4.9810006284E-05  -3.0977810582E-02
    4      9.8391098924E-05   4.4506415791E-02  -2.4651688941E-01  -2.6929679057E-04   7.7354647575E-02
    5      1.9712172404E-01  -7.4418002432E-05   1.1582073697E-04  -7.2612356322E-02   4.4698841382E-05
    6     -7.4418002432E-05   6.8789845215E-01   4.5462207536E-02   8.8813876289E-04  -3.3992434621E-01
    7      1.1582073697E-04   4.5462207536E-02   7.0395153877E-01   7.5350370382E-04  -3.6871038676E-02
    8     -7.2612356322E-02   8.8813876289E-04   7.5350370382E-04   1.2671746014E-01  -4.0070349665E-04
    9      4.4698841382E-05  -3.3992434621E-01  -3.6871038676E-02  -4.0070349665E-04   6.8371518369E-01
   10     -8.2718073355E-05   2.2019478163E-02  -1.3040889154E-01   8.3932883991E-05  -3.5820586589E-02
   11      7.0379135208E-03  -4.5629921336E-04  -1.0900081468E-04  -6.1621697201E-02   8.1064754704E-04
   12     -6.7910836963E-05  -2.2194217940E-02  -3.7155512295E-02  -6.0132539410E-05  -1.7026452222E-01
   13     -1.5678129177E-04  -7.5433685768E-02   2.8767512061E-02  -2.6554271556E-04  -5.4277553266E-02
   14     -1.1405321019E-02  -1.3260323049E-04  -1.4338871264E-05   7.5822668550E-03  -1.1816768732E-04
   15     -3.6783901001E-04  -5.4094301516E-02   3.5310590140E-02  -1.9213832019E-04   6.7902930345E-02
   16      1.5081930737E-04   2.2819540498E-02  -1.4595443549E-02   9.1992985333E-05  -1.4025513281E-02
   17      1.7442622211E-03  -7.7843141273E-05   8.1217947268E-05  -1.0233068540E-02   7.8656958515E-05
   18      5.2739594331E-05   6.4742057314E-02  -3.0702765280E-02   2.0831287418E-04  -5.0890388512E-02
   19     -1.3996026247E-04   2.4168493269E-02  -7.3851374132E-02   4.7396221524E-05  -3.5898419640E-02
   20     -7.2319347218E-02   3.0214275392E-04  -2.2474761202E-04   2.4022614438E-02  -2.6076996178E-04
   21      2.8949405072E-02  -2.8433899838E-03  -1.4262845031E-03  -5.9964806886E-04  -2.3018490428E-04
   22      9.0722366497E-04   1.1235532915E-03   2.6239164766E-04   3.0039596477E-04  -7.1215880562E-05
   23      1.8747156293E-03  -1.6410305812E-04   4.5080317358E-04  -2.9434706829E-04  -1.5303275917E-04
   24     -2.5107494514E-03   1.5645765660E-03  -1.1499534056E-03   1.5741486256E-04  -1.4474955897E-04
   25      4.4585211466E-04   1.4674152252E-03  -9.6822560760E-05   8.8586066242E-05  -3.0166377498E-04
   26     -3.0448996858E-03   7.5560782408E-06   2.6008315918E-06  -1.7154390178E-04  -4.9890532690E-06
   27     -2.6024818639E-02  -3.7554183661E-03  -1.6630463581E-03   3.4844239468E-04  -2.5004612113E-04
   28     -1.2436934979E-03   8.7698570333E-04   3.5097405932E-04   8.4491263265E-06   9.2721339695E-05
   29      1.4404605915E-03   8.0560747969E-06  -2.4359667310E-04  -2.1485754807E-04   5.4520415329E-04
   30      3.9281510428E-06  -1.1857712975E-01  -1.1396977539E-01  -3.5260803016E-04  -1.0188928248E-02
   31     -6.2009365300E-05  -1.1332807543E-01  -2.7055272858E-01  -4.6910528369E-04   1.0936820745E-03
   32      1.0911767861E-03  -3.1474562830E-04  -5.3685612516E-04  -3.4586244307E-02   4.8933609414E-07
   33      3.6968623347E-06  -1.1446410016E-02   2.8855670472E-02   2.0472500346E-05  -1.3886045363E-01
   34     -6.1421096292E-07  -2.0705397673E-03   4.3356795038E-03  -5.1002165251E-06   1.2375084446E-01
   35      9.1786587157E-03  -5.3069819927E-05   3.2650496067E-05   4.7154516088E-03  -2.9369811221E-06
   36      2.3505998438E-05   1.4890137634E-03  -3.1139178801E-03  -1.1903736941E-05  -9.6695554233E-03
   37     -5.5558166479E-06  -1.9056402671E-03  -4.9840565758E-03  -1.1548729648E-05  -2.9643938275E-02
   38     -1.9038782231E-04   1.4792777348E-06  -2.5122356615E-05   7.9944610195E-03  -4.4692633804E-05
   39      7.3976339841E-06  -8.6977621317E-04   1.3023444062E-04  -1.7743526910E-06  -1.7964156364E-03
   40      2.1351363450E-06   8.5400855689E-04   5.1795815253E-04   8.3481882189E-06   4.6188380076E-03
   41      1.1357125913E-02  -7.5144521401E-06   4.1483303839E-07  -7.0571752285E-04  -3.7083998181E-07
                   10                 11                 12                 13                 14        
    0      1.2550368901E-03  -1.1050255889E-04  -1.5996427681E-03   7.0386310809E-04  -3.5194812527E-05
    1     -5.1069045959E-03  -3.6623471838E-04   5.0093807199E-04   7.5759352903E-04   2.6861108128E-05
    2     -3.0855351208E-06   8.1623677293E-03   2.1620219759E-04   2.1331185872E-04  -8.4356574069E-04
    3      3.0559317345E-02   5.6774957186E-05   3.8487700569E-03  -2.0198785677E-03   1.2292762154E-04
    4      4.2652685127E-02   2.1359443798E-04   1.2786003307E-02  -7.2991101894E-02  -1.1229569125E-05
    5     -8.2718073355E-05   7.0379135208E-03  -6.7910836963E-05  -1.5678129177E-04  -1.1405321019E-02
    6      2.2019478163E-02  -4.5629921336E-04  -2.2194217940E-02  -7.5433685768E-02  -1.3260323049E-04
    7     -1.3040889154E-01  -1.0900081468E-04  -3.7155512295E-02   2.8767512061E-02  -1.4338871264E-05
    8      8.3932883991E-05  -6.1621697201E-02  -6.0132539410E-05  -2.6554271556E-04   7.5822668550E-03
    9     -3.5820586589E-02   8.1064754704E-04  -1.7026452222E-01  -5.4277553266E-02  -1.1816768732E-04
   10      7.2035672691E-01   4.7976841829E-04  -1.1317448040E-01  -2.9790503836E-01  -3.0376099460E-04
   11      4.7976841829E-04   1.3932596156E-01  -2.0070999504E-04  -2.4864266371E-04  -6.2673524145E-02
   12     -1.1317448040E-01  -2.0070999504E-04   7.4451525744E-01   1.7009295774E-02   7.3359394861E-04
   13     -2.9790503836E-01  -2.4864266371E-04   1.7009295774E-02   6.5340374913E-01   2.7084878129E-04
   14     -3.0376099460E-04  -6.2673524145E-02   7.3359394861E-04   2.7084878129E-04   1.2550554842E-01
   15      3.2271478968E-02   7.9340344046E-05  -1.8561217178E-01   5.1060469026E-02  -2.7117113096E-05
   16     -6.0357168818E-02  -8.8515372933E-05   1.1637064912E-01  -2.6464417728E-01   8.4809271239E-05
   17      4.9456818822E-05   9.4885474623E-03  -8.8256967047E-05   2.4894347791E-05  -6.9802972307E-02
   18     -3.7493275061E-02  -7.9657679310E-05  -5.3039866299E-02   8.0428066682E-02  -1.8670988518E-04
   19     -1.8813997365E-02  -7.4838016194E-05   2.1802920204E-02   4.6576726051E-02  -1.7686969537E-05
   20     -1.7053366082E-04  -1.0627357470E-02  -1.4878237353E-04   3.5170406550E-04   2.5420657334E-02
   21      6.2810475555E-04  -1.6006766154E-03  -1.0224715391E-04  -4.1086552982E-04   2.4895070387E-04
   22     -3.8902793440E-04   5.0030168937E-04  -4.6474576657E-04   5.9672511066E-04   9.3093183306E-05
   23     -8.0655730890E-06  -2.3784273314E-04  -2.2101032453E-04   2.9127313148E-04  -4.0805612234E-05
   24     -9.2646140105E-05   5.2600709985E-05  -1.6493078513E-04   3.5056201898E-04  -2.6414611347E-05
   25      2.6508739534E-04   1.1716890421E-04  -1.7746932204E-04   3.2190523536E-04   7.3446186652E-06
   26      1.1261205317E-05  -2.1697062095E-04  -4.9785891020E-05   5.7766991597E-05  -1.0952066045E-04
   27      9.3515047884E-04   1.4967356252E-03  -1.7132314197E-05  -3.9208694112E-04  -2.5281312167E-04
   28     -2.7081818170E-04  -3.4252777359E-04  -4.9827500007E-04   4.0392058765E-04  -1.0027448284E-04
   29      1.0401054963E-04  -2.4637681462E-04   1.2859224243E-04  -4.7217118618E-04  -1.7518664631E-05
   30     -2.9661820508E-02  -1.3512473970E-05  -5.8857349639E-03   1.3330181419E-03  -2.8235153377E-05
   31      2.5225064485E-03   8.2279408482E-06   1.0986964099E-04   2.6392825054E-03  -1.3082106155E-05
   32     -6.1398426247E-05   1.9606341733E-03  -2.3763538755E-05  -6.9974940894E-06   8.5833374343E-03
   33      1.2368688823E-01  -2.9030781205E-05   1.1876035113E-02  -1.2540309670E-02  -3.1805046289E-06
   34     -2.5230934078E-01  -6.2383050491E-05   1.8432885398E-02  -1.8739723463E-02  -7.0847470815E-06
   35     -8.5080956967E-05  -3.9495920861E-02   3.5174650914E-05  -3.6300113223E-05   4.7760369444E-03
   36      1.5133985552E-03  -2.4245509082E-06  -3.3244113731E-01  -2.2432931714E-02  -2.9179034106E-04
   37      2.8654112363E-03  -2.4269563420E-05  -2.2329414311E-02  -6.0560963901E-02  -3.1690628553E-05
   38     -2.7687740758E-05   1.8312911973E-03  -2.6502159651E-04  -1.1537954291E-05  -3.3749370918E-02
   39      3.3543277175E-03  -7.5355958414E-06   1.1081540926E-02   1.6533750884E-02   8.1287227580E-07
   40     -3.1012295470E-03   4.0448510269E-06  -1.3124378597E-02  -1.8626409308E-02  -1.6084365577E-06
   41      7.2068165607E-06   7.3129741991E-03   7.7523376595E-06   5.9740855340E-06   6.7747520737E-03
                   15                 16                 17                 18                 19        
    0      4.8710110515E-03  -9.9475182201E-04  -1.7645821473E-04  -3.0029790109E-02  -1.7490326057E-02
    1     -3.8627839973E-03  -5.0991018042E-03   3.8667145497E-04  -4.1326245824E-02  -4.0697986515E-03
    2     -2.2273783498E-04  -1.5437221941E-04   8.4907192687E-03  -4.3445317791E-04   4.9151143491E-05
    3     -5.0564579289E-02  -4.6585471837E-02   8.6227428914E-05  -1.5520530493E-01  -8.0288124282E-02
    4     -9.4407899160E-02   1.3704355972E-02  -1.7821860816E-04  -5.5674355859E-02  -2.7440028450E-01
    5     -3.6783901001E-04   1.5081930737E-04   1.7442622211E-03   5.2739594331E-05  -1.3996026247E-04
    6     -5.4094301516E-02   2.2819540498E-02  -7.7843141273E-05   6.4742057314E-02   2.4168493269E-02
    7      3.5310590140E-02  -1.4595443549E-02   8.1217947268E-05  -3.0702765280E-02  -7.3851374132E-02
    8     -1.9213832019E-04   9.1992985333E-05  -1.0233068540E-02   2.0831287418E-04   4.7396221524E-05
    9      6.7902930345E-02  -1.4025513281E-02   7.8656958515E-05  -5.0890388512E-02  -3.5898419640E-02
   10      3.2271478968E-02  -6.0357168818E-02   4.9456818822E-05  -3.7493275061E-02  -1.8813997365E-02
   11      7.9340344046E-05  -8.8515372933E-05   9.4885474623E-03  -7.9657679310E-05  -7.4838016194E-05
   12     -1.8561217178E-01   1.1637064912E-01  -8.8256967047E-05  -5.3039866299E-02   2.1802920204E-02
   13      5.1060469026E-02  -2.6464417728E-01   2.4894347791E-05   8.0428066682E-02   4.6576726051E-02
   14     -2.7117113096E-05   8.4809271239E-05  -6.9802972307E-02  -1.8670988518E-04  -1.7686969537E-05
   15      6.5869491408E-01   3.7546249893E-02   7.1215993604E-04  -3.3391029201E-01   5.1789814755E-03
   16      3.7546249893E-02   7.3464068998E-01   4.0353499569E-05  -1.5261076324E-02  -1.2519107611E-01
   17      7.1215993604E-04   4.0353499569E-05   1.5796018366E-01  -3.4938102907E-04  -9.4704530445E-05
   18     -3.3391029201E-01  -1.5261076324E-02  -3.4938102907E-04   5.8932089128E-01   1.0580745510E-01
   19      5.1789814755E-03  -1.2519107611E-01  -9.4704530445E-05   1.0580745510E-01   4.5575009054E-01
   20     -1.7689413631E-04  -1.4347020312E-04  -6.5914328546E-02   6.4331694606E-04   3.4343269201E-04
   21     -7.2568801158E-04   3.8403973064E-04  -1.6028001548E-03   2.3600634291E-03   1.0602922477E-03
   22      1.3877661457E-03  -1.8979486428E-04   2.8814762924E-04  -2.2370265803E-03  -6.4085401130E-04
   23      7.1240779009E-04   1.5532878605E-05   2.3238024627E-04  -5.8942949747E-04  -1.0821614081E-04
   24     -1.1731816953E-04  -1.2927131797E-03   2.2695657999E-04  -9.0498833868E-03  -1.4725903320E-03
   25      8.1104301188E-04   3.8365816506E-04  -4.6658536682E-05  -1.3977157302E-03  -9.2325283711E-06
   26      2.3960282381E-04   1.0807559025E-06   6.4106042041E-04   6.9444448273E-05  -1.4030312818E-05
   27     -5.7737844143E-04   2.9630802035E-04   1.2812679340E-03   2.8197198761E-03   1.0926005043E-03
   28      1.1392952587E-03  -2.6455913872E-05  -5.3247872460E-04  -2.2513870086E-03  -4.8699697354E-04
   29     -6.6809488015E-04  -1.9442804586E-05   1.9072122943E-04   6.5530730203E-04  -4.7783963203E-05
   30     -1.5512204240E-03   6.0939703364E-04  -1.0087565992E-05   1.6756930689E-04   5.2329294785E-03
   31      2.3712072350E-03   6.3253246064E-04  -2.7525615444E-06   3.7825667992E-03  -5.6330153532E-03
   32     -3.4346387995E-05   2.2803005465E-06  -4.3829410424E-04   4.7827987598E-05   3.2056817722E-05
   33     -3.2785772735E-04  -3.3904535925E-03  -1.4824523190E-05  -3.6441453903E-04  -8.0422633800E-04
   34     -4.9753727850E-03  -4.0648391358E-03  -1.5602703580E-05  -6.9881788948E-04   4.8052789742E-04
   35     -3.2014281469E-05  -7.6303534281E-06   8.8762066784E-03   6.9088153700E-06  -1.7839166577E-06
   36     -1.3634942040E-02  -6.8115735870E-03  -1.3465766458E-05  -1.4066743155E-03   4.4337863442E-03
   37      2.6021596144E-02   9.2464388580E-03   2.2381499914E-05   4.6537837946E-03  -4.1492542621E-03
   38     -1.7528748402E-05   1.4406740052E-05   5.7023678386E-05  -1.2566435878E-05   2.6603420866E-05
   39     -9.0353106077E-02  -8.9789721168E-02  -4.3238340521E-05  -2.5513687100E-02  -3.2776438760E-02
   40     -8.9727530857E-02  -2.8443961796E-01  -2.2262249356E-05  -7.6765400331E-03   4.4385393884E-03
   41     -1.3713315744E-05   1.1709931651E-05  -4.1292441373E-02  -2.5617280754E-05  -1.7685901339E-05
                   20                 21                 22                 23                 24        
    0      1.3386266504E-04  -7.0647293855E-02   3.2730371843E-02   7.3061448999E-02  -8.3875842309E-02
    1      1.3432253981E-04   3.3509254916E-02  -8.8497397454E-02  -9.3437302052E-02  -8.5662893794E-02
    2     -2.7160586577E-03   7.4790029057E-02  -9.3952617495E-02  -2.3113525421E-01  -7.6301275822E-03
    3     -4.8311796005E-04  -1.4988578142E-02   2.6984443641E-03  -1.4106070256E-04  -6.0581963033E-03
    4      1.0499013809E-04   1.4860943641E-02  -1.3096453590E-03   9.4442125544E-04  -3.1091190489E-02
    5     -7.2319347218E-02   2.8949405072E-02   9.0722366497E-04   1.8747156293E-03  -2.5107494514E-03
    6      3.0214275392E-04  -2.8433899838E-03   1.1235532915E-03  -1.6410305812E-04   1.5645765660E-03
    7     -2.2474761202E-04  -1.4262845031E-03   2.6239164766E-04   4.5080317358E-04  -1.1499534056E-03
    8      2.4022614438E-02  -5.9964806886E-04   3.0039596477E-04  -2.9434706829E-04   1.5741486256E-04
    9     -2.6076996178E-04  -2.3018490428E-04  -7.1215880562E-05  -1.5303275917E-04  -1.4474955897E-04
   10     -1.7053366082E-04   6.2810475555E-04  -3.8902793440E-04  -8.0655730890E-06  -9.2646140105E-05
   11     -1.0627357470E-02  -1.6006766154E-03   5.0030168937E-04  -2.3784273314E-04   5.2600709985E-05
   12     -1.4878237353E-04  -1.0224715391E-04  -4.6474576657E-04  -2.2101032453E-04  -1.6493078513E-04
   13      3.5170406550E-04  -4.1086552982E-04   5.9672511066E-04   2.9127313148E-04   3.5056201898E-04
   14      2.5420657334E-02   2.4895070387E-04   9.3093183306E-05  -4.0805612234E-05  -2.6414611347E-05
   15     -1.7689413631E-04  -7.2568801158E-04   1.3877661457E-03   7.1240779009E-04  -1.1731816953E-04
   16     -1.4347020312E-04   3.8403973064E-04  -1.8979486428E-04   1.5532878605E-05  -1.2927131797E-03
   17     -6.5914328546E-02  -1.6028001548E-03   2.8814762924E-04   2.3238024627E-04   2.2695657999E-04
   18      6.4331694606E-04   2.3600634291E-03  -2.2370265803E-03  -5.8942949747E-04  -9.0498833868E-03
   19      3.4343269201E-04   1.0602922477E-03  -6.4085401130E-04  -1.0821614081E-04  -1.4725903320E-03
   20      9.2182782451E-02  -3.6475066639E-04  -6.4398272458E-04   9.0566290747E-04  -2.2450235275E-04
   21     -3.6475066639E-04   8.0660117773E-02  -3.9423568756E-02  -8.0081806873E-02   3.5017160983E-03
   22     -6.4398272458E-04  -3.9423568756E-02   9.3129360211E-02   1.0196665495E-01   1.0551904392E-02
   23      9.0566290747E-04  -8.0081806873E-02   1.0196665495E-01   2.5017298888E-01  -4.7916639776E-04
   24     -2.2450235275E-04   3.5017160983E-03   1.0551904392E-02  -4.7916639776E-04   9.1677684288E-02
   25     -1.8123310118E-04  -4.2453078921E-03  -1.0541146643E-02   9.1936304015E-04   9.8093195998E-02
   26      1.8416098202E-03  -1.1237688575E-02  -2.4750501330E-02  -7.5028139270E-04   8.0622734852E-03
   27      5.9912481988E-04   3.2606081681E-03  -6.3825066370E-03   8.0945236041E-03   3.6073565658E-03
   28      4.6948491015E-04  -4.9850031446E-03   7.3720643078E-03  -1.1142107280E-02   1.0577086673E-02
   29      8.7065452973E-04  -9.3011457101E-03   1.6021354936E-02  -2.0820631504E-02   2.4333223857E-03
   30      1.0624021710E-05   3.5488518700E-06  -2.7699518863E-05  -5.7651002763E-05  -5.3334938695E-04
   31     -4.7342366531E-06   9.7724816987E-05   2.1549672174E-04   8.8685841009E-05   1.0912116126E-03
   32      7.3970195044E-03   4.6608124049E-04  -4.2654866700E-04   1.0225684913E-04  -4.6868571160E-05
   33      4.0459756601E-06  -2.9623001454E-04   5.9042466766E-05   1.7027936849E-06   7.3715707811E-05
   34     -3.3220207761E-06   2.8722415989E-05  -9.7427658648E-06   1.2165172424E-05   4.4354850562E-06
   35     -4.5310656999E-03   1.2015316647E-04  -8.4381600546E-05   4.8965010248E-05  -6.5019955969E-06
   36     -1.1461182228E-05   4.2467713000E-05   4.6068593583E-05   1.3594676323E-06  -1.2816825263E-05
   37      7.8487357782E-06  -6.5296693564E-05   1.5124206490E-05   2.2184628513E-05   1.5800257645E-04
   38      7.9077328930E-03   2.7344650469E-04  -1.7184255907E-04  -6.6686069115E-05  -2.4456679224E-05
   39     -2.8881531518E-05   5.0900313840E-06   1.8511492936E-05   2.7073305835E-05  -4.6796250119E-04
   40     -2.1709804326E-05  -2.1655454676E-05  -1.3553173474E-05  -1.5838511826E-05  -5.2015356090E-05
   41     -4.4405762865E-03  -7.0804425268E-05  -4.6852158093E-05   8.8790679533E-06   1.7747410472E-05
                   25                 26                 27                 28                 29        
    0     -9.0913239184E-02  -8.1784578838E-03  -7.2495880656E-02   4.6261176551E-02  -6.8661984077E-02
    1     -2.7477406226E-01  -1.8637958701E-02   4.6421756739E-02  -1.2612018570E-01   1.1278554874E-01
    2     -1.8600065253E-02  -4.8107318739E-02  -6.8812352674E-02   1.1345597589E-01  -1.9546177569E-01
    3      2.5879453326E-03   6.9298104408E-04  -1.4822803919E-02   2.8408101399E-03   1.2785872757E-03
    4      3.6565012777E-04   5.2790173747E-04   1.9918577050E-02  -1.3645033210E-03  -1.5155191852E-03
    5      4.4585211466E-04  -3.0448996858E-03  -2.6024818639E-02  -1.2436934979E-03   1.4404605915E-03
    6      1.4674152252E-03   7.5560782408E-06  -3.7554183661E-03   8.7698570333E-04   8.0560747969E-06
    7     -9.6822560760E-05   2.6008315918E-06  -1.6630463581E-03   3.5097405932E-04  -2.4359667310E-04
    8      8.8586066242E-05  -1.7154390178E-04   3.4844239468E-04   8.4491263265E-06  -2.1485754807E-04
    9     -3.0166377498E-04  -4.9890532690E-06  -2.5004612113E-04   9.2721339695E-05   5.4520415329E-04
   10      2.6508739534E-04   1.1261205317E-05   9.3515047884E-04  -2.7081818170E-04   1.0401054963E-04
   11      1.1716890421E-04  -2.1697062095E-04   1.4967356252E-03  -3.4252777359E-04  -2.4637681462E-04
   12     -1.7746932204E-04  -4.9785891020E-05  -1.7132314197E-05  -4.9827500007E-04   1.2859224243E-04
   13      3.2190523536E-04   5.7766991597E-05  -3.9208694112E-04   4.0392058765E-04  -4.7217118618E-04
   14      7.3446186652E-06  -1.0952066045E-04  -2.5281312167E-04  -1.0027448284E-04  -1.7518664631E-05
   15      8.1104301188E-04   2.3960282381E-04  -5.7737844143E-04   1.1392952587E-03  -6.6809488015E-04
   16      3.8365816506E-04   1.0807559025E-06   2.9630802035E-04  -2.6455913872E-05  -1.9442804586E-05
   17     -4.6658536682E-05   6.4106042041E-04   1.2812679340E-03  -5.3247872460E-04   1.9072122943E-04
   18     -1.3977157302E-03   6.9444448273E-05   2.8197198761E-03  -2.2513870086E-03   6.5530730203E-04
   19     -9.2325283711E-06  -1.4030312818E-05   1.0926005043E-03  -4.8699697354E-04  -4.7783963203E-05
   20     -1.8123310118E-04   1.8416098202E-03   5.9912481988E-04   4.6948491015E-04   8.7065452973E-04
   21     -4.2453078921E-03  -1.1237688575E-02   3.2606081681E-03  -4.9850031446E-03  -9.3011457101E-03
   22     -1.0541146643E-02  -2.4750501330E-02  -6.3825066370E-03   7.3720643078E-03   1.6021354936E-02
   23      9.1936304015E-04  -7.5028139270E-04   8.0945236041E-03  -1.1142107280E-02  -2.0820631504E-02
   24      9.8093195998E-02   8.0622734852E-03   3.6073565658E-03   1.0577086673E-02   2.4333223857E-03
   25      2.9750999924E-01   2.0736977080E-02  -6.0762090368E-03  -1.3934181074E-02  -3.3689091321E-03
   26      2.0736977080E-02   4.6540389733E-02   1.0445116232E-02   2.1994431451E-02   3.0578588240E-03
   27     -6.0762090368E-03   1.0445116232E-02   8.2500925898E-02  -5.4140335753E-02   7.3489181888E-02
   28     -1.3934181074E-02   2.1994431451E-02  -5.4140335753E-02   1.3371903941E-01  -1.2319900056E-01
   29     -3.3689091321E-03   3.0578588240E-03   7.3489181888E-02  -1.2319900056E-01   2.1107181361E-01
   30      3.1430253276E-04  -5.5804761311E-05   2.5440745069E-05  -7.5850913396E-05   8.1306475424E-05
   31      4.3961522912E-04   6.6290524524E-05   5.1506050950E-05   3.4094041826E-04  -2.3709242235E-05
   32     -9.1907263143E-05   4.4239485748E-04  -4.1449027508E-04   3.0771746730E-04   1.5212258902E-04
   33     -7.7126031831E-05  -5.7249372246E-06  -3.7122060632E-04   7.1494062604E-05   2.0012628898E-05
   34      1.0692913719E-05   1.3305662167E-06   2.3766651192E-05  -8.1156807209E-06  -1.4061951486E-05
   35     -1.0132587882E-06  -2.3223285846E-05  -9.3931756991E-05   6.2461569402E-05   2.4422684880E-05
   36     -6.6758930953E-05   7.8069779720E-06   4.9955583660E-05   5.8029893486E-05   1.4601888174E-05
   37      8.5860294006E-05   2.4984502177E-06  -8.3155080407E-05   2.3825037501E-05  -2.8852229367E-05
   38     -2.4186066573E-05  -4.2028004565E-05  -2.2468963712E-04   2.1370861783E-04  -3.9607633824E-05
   39     -3.0808256378E-05   6.1422199841E-06   2.5873586697E-05   4.3675403680E-05  -2.5275566715E-05
   40     -2.7023530758E-05   1.2250904805E-07  -1.2748893682E-05   4.9303019723E-07   2.1022566330E-05
   41     -1.0909695222E-06  -5.7527363418E-05   7.1031525524E-05   4.8963428288E-05  -7.2861951139E-06
                   30                 31                 32                 33                 34        
    0      6.2651175541E-04  -1.4555674831E-03   9.3015333252E-05  -1.9116429311E-04  -1.4662912447E-04
    1      8.1085573032E-04   3.4746998927E-04   2.4677450143E-04   1.4791269746E-03  -2.5250487117E-05
    2      3.9614228726E-05  -1.3978471015E-04  -3.5140328080E-03  -4.3416789147E-05   8.2809073477E-07
    3      1.0524928989E-02  -1.7851267665E-02  -1.5150088676E-04  -6.1412332900E-03  -9.5049241525E-04
    4      1.2435005438E-02  -1.7791189736E-02   1.6425782272E-05  -2.1439840779E-03   2.3121921084E-03
    5      3.9281510428E-06  -6.2009365300E-05   1.0911767861E-03   3.6968623347E-06  -6.1421096292E-07
    6     -1.1857712975E-01  -1.1332807543E-01  -3.1474562830E-04  -1.1446410016E-02  -2.0705397673E-03
    7     -1.1396977539E-01  -2.7055272858E-01  -5.3685612516E-04   2.8855670472E-02   4.3356795038E-03
    8     -3.5260803016E-04  -4.6910528369E-04  -3.4586244307E-02   2.0472500346E-05  -5.1002165251E-06
    9     -1.0188928248E-02   1.0936820745E-03   4.8933609414E-07  -1.3886045363E-01   1.2375084446E-01
   10     -2.9661820508E-02   2.5225064485E-03  -6.1398426247E-05   1.2368688823E-01  -2.5230934078E-01
   11     -1.3512473970E-05   8.2279408482E-06   1.9606341733E-03  -2.9030781205E-05  -6.2383050491E-05
   12     -5.8857349639E-03   1.0986964099E-04  -2.3763538755E-05   1.1876035113E-02   1.8432885398E-02
   13      1.3330181419E-03   2.6392825054E-03  -6.9974940894E-06  -1.2540309670E-02  -1.8739723463E-02
   14     -2.8235153377E-05  -1.3082106155E-05   8.5833374343E-03  -3.1805046289E-06  -7.0847470815E-06
   15     -1.5512204240E-03   2.3712072350E-03  -3.4346387995E-05  -3.2785772735E-04  -4.9753727850E-03
   16      6.0939703364E-04   6.3253246064E-04   2.2803005465E-06  -3.3904535925E-03  -4.0648391358E-03
   17     -1.0087565992E-05  -2.7525615444E-06  -4.3829410424E-04  -1.4824523190E-05  -1.5602703580E-05
   18      1.6756930689E-04   3.7825667992E-03   4.7827987598E-05  -3.6441453903E-04  -6.9881788948E-04
   19      5.2329294785E-03  -5.6330153532E-03   3.2056817722E-05  -8.0422633800E-04   4.8052789742E-04
   20      1.0624021710E-05  -4.7342366531E-06   7.3970195044E-03   4.0459756601E-06  -3.3220207761E-06
   21      3.5488518700E-06   9.7724816987E-05   4.6608124049E-04  -2.9623001454E-04   2.8722415989E-05
   22     -2.7699518863E-05   2.1549672174E-04  -4.2654866700E-04   5.9042466766E-05  -9.7427658648E-06
   23     -5.7651002763E-05   8.8685841009E-05   1.0225684913E-04   1.7027936849E-06   1.2165172424E-05
   24     -5.3334938695E-04   1.0912116126E-03  -4.6868571160E-05   7.3715707811E-05   4.4354850562E-06
   25      3.1430253276E-04   4.3961522912E-04  -9.1907263143E-05  -7.7126031831E-05   1.0692913719E-05
   26     -5.5804761311E-05   6.6290524524E-05   4.4239485748E-04  -5.7249372246E-06   1.3305662167E-06
   27      2.5440745069E-05   5.1506050950E-05  -4.1449027508E-04  -3.7122060632E-04   2.3766651192E-05
   28     -7.5850913396E-05   3.4094041826E-04   3.0771746730E-04   7.1494062604E-05  -8.1156807209E-06
   29      8.1306475424E-05  -2.3709242235E-05   1.5212258902E-04   2.0012628898E-05  -1.4061951486E-05
   30      1.2465448933E-01   1.2434691942E-01   3.7232051454E-04   1.1096611273E-03   2.8478900833E-04
   31      1.2434691942E-01   2.8609358422E-01   5.3402126169E-04  -3.4797757189E-04   7.9309736808E-04
   32      3.7232051454E-04   5.3402126169E-04   2.4500794936E-02   7.5438788875E-06   3.8509124861E-06
   33      1.1096611273E-03  -3.4797757189E-04   7.5438788875E-06   1.4375800702E-01  -1.3457247413E-01
   34      2.8478900833E-04   7.9309736808E-04   3.8509124861E-06  -1.3457247413E-01   2.6725151753E-01
   35      1.5503344305E-05   1.3601753955E-05  -4.1346088811E-03   3.0742077807E-05   8.2851970149E-05
   36     -5.3406727456E-04   2.8232515441E-04  -2.2885289664E-06   7.4465129101E-04  -1.7682804588E-04
   37     -1.5761777899E-03   2.6918652734E-05  -8.1285606148E-06   5.1004799574E-04   1.1286685147E-03
   38     -1.2542832534E-05  -6.0220003448E-06   4.9087616645E-04   9.0069519505E-06  -7.7685396348E-08
   39      1.5827994116E-04  -2.4601276491E-04   3.6158677695E-06   4.3691385521E-04   1.0642341595E-03
   40     -5.4004548182E-05  -7.4510346574E-05  -2.1689085168E-06  -7.8424221999E-04  -1.1553635248E-03
   41      4.2547427503E-06   1.2505853910E-06  -2.0474331960E-03   1.2213733441E-06   2.7462289985E-06
                   35                 36                 37                 38                 39        
    0      3.7721231328E-05   6.4586276185E-05   7.3146035811E-05   5.9576412071E-05  -1.1789436725E-05
    1      2.9201377186E-05  -1.4927830032E-04   3.2140235919E-04  -2.3893503879E-05  -1.2643410260E-03
    2     -6.0612515637E-04  -2.8521538858E-05   1.0044829713E-05  -1.6326578648E-03  -3.4013395197E-05
    3     -7.3983439373E-05   1.2873134870E-03  -4.7712436002E-04  -5.1998245207E-05  -4.5979071965E-03
    4     -4.1559764894E-06   8.1572464382E-04  -2.5727465129E-03   4.6501805593E-06  -5.9285833865E-04
    5      9.1786587157E-03   2.3505998438E-05  -5.5558166479E-06  -1.9038782231E-04   7.3976339841E-06
    6     -5.3069819927E-05   1.4890137634E-03  -1.9056402671E-03   1.4792777348E-06  -8.6977621317E-04
    7      3.2650496067E-05  -3.1139178801E-03  -4.9840565758E-03  -2.5122356615E-05   1.3023444062E-04
    8      4.7154516088E-03  -1.1903736941E-05  -1.1548729648E-05   7.9944610195E-03  -1.7743526910E-06
    9     -2.9369811221E-06  -9.6695554233E-03  -2.9643938275E-02  -4.4692633804E-05  -1.7964156364E-03
   10     -8.5080956967E-05   1.5133985552E-03   2.8654112363E-03  -2.7687740758E-05   3.3543277175E-03
   11     -3.9495920861E-02  -2.4245509082E-06  -2.4269563420E-05   1.8312911973E-03  -7.5355958414E-06
   12      3.5174650914E-05  -3.3244113731E-01  -2.2329414311E-02  -2.6502159651E-04   1.1081540926E-02
   13     -3.6300113223E-05  -2.2432931714E-02  -6.0560963901E-02  -1.1537954291E-05   1.6533750884E-02
   14      4.7760369444E-03  -2.9179034106E-04  -3.1690628553E-05  -3.3749370918E-02   8.1287227580E-07
   15     -3.2014281469E-05  -1.3634942040E-02   2.6021596144E-02  -1.7528748402E-05  -9.0353106077E-02
   16     -7.6303534281E-06  -6.8115735870E-03   9.2464388580E-03   1.4406740052E-05  -8.9789721168E-02
   17      8.8762066784E-03  -1.3465766458E-05   2.2381499914E-05   5.7023678386E-05  -4.3238340521E-05
   18      6.9088153700E-06  -1.4066743155E-03   4.6537837946E-03  -1.2566435878E-05  -2.5513687100E-02
   19     -1.7839166577E-06   4.4337863442E-03  -4.1492542621E-03   2.6603420866E-05  -3.2776438760E-02
   20     -4.5310656999E-03  -1.1461182228E-05   7.8487357782E-06   7.9077328930E-03  -2.8881531518E-05
   21      1.2015316647E-04   4.2467713000E-05  -6.5296693564E-05   2.7344650469E-04   5.0900313840E-06
   22     -8.4381600546E-05   4.6068593583E-05   1.5124206490E-05  -1.7184255907E-04   1.8511492936E-05
   23      4.8965010248E-05   1.3594676323E-06   2.2184628513E-05  -6.6686069115E-05   2.7073305835E-05
   24     -6.5019955969E-06  -1.2816825263E-05   1.5800257645E-04  -2.4456679224E-05  -4.6796250119E-04
   25     -1.0132587882E-06  -6.6758930953E-05   8.5860294006E-05  -2.4186066573E-05  -3.0808256378E-05
   26     -2.3223285846E-05   7.8069779720E-06   2.4984502177E-06  -4.2028004565E-05   6.1422199841E-06
   27     -9.3931756991E-05   4.9955583660E-05  -8.3155080407E-05  -2.2468963712E-04   2.5873586697E-05
   28      6.2461569402E-05   5.8029893486E-05   2.3825037501E-05   2.1370861783E-04   4.3675403680E-05
   29      2.4422684880E-05   1.4601888174E-05  -2.8852229367E-05  -3.9607633824E-05  -2.5275566715E-05
   30      1.5503344305E-05  -5.3406727456E-04  -1.5761777899E-03  -1.2542832534E-05   1.5827994116E-04
   31      1.3601753955E-05   2.8232515441E-04   2.6918652734E-05  -6.0220003448E-06  -2.4601276491E-04
   32     -4.1346088811E-03  -2.2885289664E-06  -8.1285606148E-06   4.9087616645E-04   3.6158677695E-06
   33      3.0742077807E-05   7.4465129101E-04   5.1004799574E-04   9.0069519505E-06   4.3691385521E-04
   34      8.2851970149E-05  -1.7682804588E-04   1.1286685147E-03  -7.7685396348E-08   1.0642341595E-03
   35      2.5582265598E-02   9.1060103628E-06   5.1884878369E-06  -3.9781947069E-03   4.8614704036E-06
   36      9.1060103628E-06   3.5356233716E-01   2.5280325992E-02   3.0583461791E-04   4.5886792264E-04
   37      5.1884878369E-06   2.5280325992E-02   5.8027068748E-02   3.8735690073E-05  -6.2040978529E-04
   38     -3.9781947069E-03   3.0583461791E-04   3.8735690073E-05   2.4395224725E-02   1.4577417810E-06
   39      4.8614704036E-06   4.5886792264E-04  -6.2040978529E-04   1.4577417810E-06   1.1144407790E-01
   40     -1.1358332066E-06   3.2588330631E-04   5.2630334479E-04  -6.5288961995E-06   1.0415206649E-01
   41     -4.3286864943E-04   2.3359874576E-06  -4.2680044353E-08  -2.9776766602E-03   8.6700735468E-05
                   40                 41        
     0      5.3950301487E-05   2.6179948076E-05
     1     -3.9937931138E-05  -1.2710819092E-05
     2     -7.0364911002E-06   4.0604515611E-04
     3      1.4721588093E-03  -9.6546811881E-05
     4      3.3723974759E-03  -2.5288207502E-05
     5      2.1351363450E-06   1.1357125913E-02
     6      8.5400855689E-04  -7.5144521401E-06
     7      5.1795815253E-04   4.1483303839E-07
     8      8.3481882189E-06  -7.0571752285E-04
     9      4.6188380076E-03  -3.7083998181E-07
    10     -3.1012295470E-03   7.2068165607E-06
    11      4.0448510269E-06   7.3129741991E-03
    12     -1.3124378597E-02   7.7523376595E-06
    13     -1.8626409308E-02   5.9740855340E-06
    14     -1.6084365577E-06   6.7747520737E-03
    15     -8.9727530857E-02  -1.3713315744E-05
    16     -2.8443961796E-01   1.1709931651E-05
    17     -2.2262249356E-05  -4.1292441373E-02
    18     -7.6765400331E-03  -2.5617280754E-05
    19      4.4385393884E-03  -1.7685901339E-05
    20     -2.1709804326E-05  -4.4405762865E-03
    21     -2.1655454676E-05  -7.0804425268E-05
    22     -1.3553173474E-05  -4.6852158093E-05
    23     -1.5838511826E-05   8.8790679533E-06
    24     -5.2015356090E-05   1.7747410472E-05
    25     -2.7023530758E-05  -1.0909695222E-06
    26      1.2250904805E-07  -5.7527363418E-05
    27     -1.2748893682E-05   7.1031525524E-05
    28      4.9303019723E-07   4.8963428288E-05
    29      2.1022566330E-05  -7.2861951139E-06
    30     -5.4004548182E-05   4.2547427503E-06
    31     -7.4510346574E-05   1.2505853910E-06
    32     -2.1689085168E-06  -2.0474331960E-03
    33     -7.8424221999E-04   1.2213733441E-06
    34     -1.1553635248E-03   2.7462289985E-06
    35     -1.1358332066E-06  -4.3286864943E-04
    36      3.2588330631E-04   2.3359874576E-06
    37      5.2630334479E-04  -4.2680044353E-08
    38     -6.5288961995E-06  -2.9776766602E-03
    39      1.0415206649E-01   8.6700735468E-05
    40      2.9862195393E-01   3.4010353126E-05
    41      3.4010353126E-05   2.6101750837E-02

$vibrational_frequencies
42
    0        0.0000000000000000
    1        0.0000000000000000
    2        0.0000000000000000
    3        0.0000000000000000
    4        0.0000000000000000
    5        0.0000000000000000
    6       97.6461048272284700
    7      196.8067292097130974
    8      363.5317022780369598
    9      408.8846603676437894
   10      477.0082936655065282
   11      554.6994520846487831
   12      641.6104613064734394
   13      750.4809700780514277
   14      760.1135974280381333
   15      820.5681064636978590
   16      891.0147056825084064
   17      968.6789319440036934
   18      991.7632117913171896
   19      997.6517201484327870
   20     1020.7653545191590183
   21     1055.0031779640471541
   22     1069.9107764736022546
   23     1123.4900229009949726
   24     1174.7277677838799264
   25     1253.5629294350173950
   26     1297.0836412695521176
   27     1320.5760975299888287
   28     1397.7979786157266062
   29     1449.4681440156175540
   30     1468.5967137117734183
   31     1486.0415811948882947
   32     1500.3573703834008484
   33     1604.3524131379044775
   34     1621.4223011187482371
   35     3018.0611324299361513
   36     3087.1662084540921569
   37     3112.9419261182179071
   38     3124.3984941941671423
   39     3156.8127489859930392
   40     3171.1809441810501085
   41     3182.9287667231033083

$normal_modes
42 42
                    0                  1                  2                  3                  4        
    0      0.0000000000E+00   0.0000000000E+00   0.0000000000E+00   0.0000000000E+00   0.0000000000E+00
    1      0.0000000000E+00   0.0000000000E+00   0.0000000000E+00   0.0000000000E+00   0.0000000000E+00
    2      0.0000000000E+00   0.0000000000E+00   0.0000000000E+00   0.0000000000E+00   0.0000000000E+00
    3      0.0000000000E+00   0.0000000000E+00   0.0000000000E+00   0.0000000000E+00   0.0000000000E+00
    4      0.0000000000E+00   0.0000000000E+00   0.0000000000E+00   0.0000000000E+00   0.0000000000E+00
