*************************************************
******************* ORCA 6.0.0 ******************
*************************************************
$Calculation_Status
   &GeometryIndex 1
   &ListStatus       OUT
   &VERSION [&Type "String"] "6.0.0"
   &PROGNAME [&Type "String"] "LeanSCF"
   &STATUS [&Type "String"] "NORMAL TERMINATION"
$End
$Geometry
   &GeometryIndex 1
   &ListStatus       OUT
   &NATOMS [&Type "Integer"] 14
   &NCORELESSECP [&Type "Integer"] 0
   &NGHOSTATOMS [&Type "Integer"] 0
   &CartesianCoordinates [&Type "Coordinates", &Dim(14,4), &Units "Bohr"] 
              C      4.544751292532    0.051653153559   -0.003921950657
              C      1.707165383789    0.062527765144    0.005682878349
              C      0.327087540592    2.314165561918    0.004974723134
              C     -2.295899655246    2.211333744247   -0.000057221285
              C     -3.471245903241   -0.136158448191   -0.003319022952
              C     -1.946949184395   -2.278637178033   -0.001949692624
              N      0.574692274970   -2.206987914600    0.002887947319
              H      5.244823098138   -0.807321860615   -1.751355452510
              H      5.318012568683    1.959152443716    0.153088477979
              H      5.255859405463   -1.097426263436    1.560444293232
              H      1.302890984695    4.118449244255    0.008647032843
              H     -3.403736027079    3.938421564102    0.000295138183
              H     -5.513714650851   -0.309381703581   -0.005178566380
              H     -2.796177579820   -4.154102373309   -0.002218459680
$End
$SCF_Energy
   &GeometryIndex 1
   &ListStatus       OUT
   &SCF_ENERGY [&Type "Double"]      -2.8754512660205756e+02
$End
$DFT_Energy
   &GeometryIndex 1
   &ListStatus       OUT
   &NALPHAEL [&Type "Integer"] 25
   &NBETAEL [&Type "Integer"] 25
   &NTOTALEL [&Type "Integer"] 50
   &EEXCHANGE [&Type "Double"]      -4.0356369035884669e+01
   &ECORR [&Type "Double"]      -1.5970340409486063e+00
   &ECNL [&Type "Double"]       0.0000000000000000e+00
   &EXC [&Type "Double"]      -4.1953403076833276e+01
   &EEMBED [&Type "Double"]       0.0000000000000000e+00
   &FINALEN [&Type "Double"]      -2.8754512660205756e+02  "No Van der Waals correction"
$End
$Mulliken_Population_Analysis
   &GeometryIndex 1
   &ListStatus       OUT
   &NATOMS [&Type "Integer"] 14
   &ATNO [&Type "ArrayOfIntegers", &Dim (14,1)] 
                                                         0

0                                                        6
1                                                        6
2                                                        6
3                                                        6
4                                                        6
5                                                        6
6                                                        7
7                                                        1
8                                                        1
9                                                        1
10                                                       1
11                                                       1
12                                                       1
13                                                       1
   &ATOMICCHARGES [&Type "ArrayOfDoubles", &Dim (14,1)] 
                                                         0

0                                     -3.2212547072145625e-01
1                                      2.1308200615446982e-01
2                                     -1.8445777468174995e-01
3                                     -8.2338437742625281e-02
4                                     -1.0711890513605837e-01
5                                     -2.4528653258553135e-02
6                                     -2.7683478158301167e-01
7                                      1.1922465959545414e-01
8                                      1.0099110988362681e-01
9                                      1.2091490923082504e-01
10                                     1.0557070021634019e-01
11                                     1.1710412548526949e-01
12                                     1.1218671940676694e-01
13                                     1.0832979315080116e-01
$End
$Loewdin_Population_Analysis
   &GeometryIndex 1
   &ListStatus       OUT
   &NATOMS [&Type "Integer"] 14
   &ATNO [&Type "ArrayOfIntegers", &Dim (14,1)] 
                                                         0

0                                                        6
1                                                        6
2                                                        6
3                                                        6
4                                                        6
5                                                        6
6                                                        7
7                                                        1
8                                                        1
9                                                        1
10                                                       1
11                                                       1
12                                                       1
13                                                       1
   &ATOMICCHARGES [&Type "ArrayOfDoubles", &Dim (14,1)] 
                                                         0

0                                     -2.5396841658409297e-01
1                                     -2.4076538728448149e-01
2                                     -1.2838298639127643e-01
3                                     -1.2314822246772739e-01
4                                     -1.5718894362785196e-01
5                                     -2.0241874900113466e-01
6                                      1.4577058069847837e-01
7                                      1.3393646210845389e-01
8                                      1.2260973284805099e-01
9                                      1.3352974749512703e-01
10                                     1.4533923276223015e-01
11                                     1.4528483352354393e-01
12                                     1.4373912329658789e-01
13                                     1.3566299262420267e-01
$End
$Mayer_Population_Analysis
   &GeometryIndex 1
   &ListStatus       OUT
   &NATOMS [&Type "Integer"] 14 "Total number of atoms"
   &BONDTHRESH [&Type "Double"]       1.0000000000000001e-01  "The threshold for printing"
   &NBONDORDERSPRINT [&Type "Integer"] 14 "The number of bond orders larger than threshold"
   &BONDORDERS [&Type "ArrayOfDoubles", &Dim (14,1)] "The bond orders"
                                                         0

0                                      9.4732158239490272e-01
1                                      9.5717136053877805e-01
2                                      9.8704523391536103e-01
3                                      9.6365866418181301e-01
4                                      1.3993338196274792e+00
5                                      1.3598626819955910e+00
6                                      1.4208297077200702e+00
7                                      9.6222765276557520e-01
8                                      1.4124902536932649e+00
9                                      9.6661125001997994e-01
10                                     1.3818735821949606e+00
11                                     9.6500721130600009e-01
12                                     1.4917083236989772e+00
13                                     9.8205609786318937e-01
   &COMPONENTS [&Type "ArrayOfIntegers", &Dim (14,4)] "The indices and atomic numbers of the bonding atoms"
                                                         0                           1                           2                           3

0                                                        0                           6                           1                           6
1                                                        0                           6                           7                           1
2                                                        0                           6                           8                           1
3                                                        0                           6                           9                           1
4                                                        1                           6                           2                           6
5                                                        1                           6                           6                           7
6                                                        2                           6                           3                           6
7                                                        2                           6                          10                           1
8                                                        3                           6                           4                           6
9                                                        3                           6                          11                           1
10                                                       4                           6                           5                           6
11                                                       4                           6                          12                           1
12                                                       5                           6                           6                           7
13                                                       5                           6                          13                           1
   &ATNO [&Type "ArrayOfIntegers", &Dim (14,1)] "Atomic number of the elements"
                                                         0

0                                                        6
1                                                        6
2                                                        6
3                                                        6
4                                                        6
5                                                        6
6                                                        7
7                                                        1
8                                                        1
9                                                        1
10                                                       1
11                                                       1
12                                                       1
13                                                       1
   &NA [&Type "ArrayOfDoubles", &Dim (14,1)] "Mulliken gross atomic population"
                                                         0

0                                      6.3221254707215016e+00
1                                      5.7869179938455151e+00
2                                      6.1844577746817171e+00
3                                      6.0823384377426359e+00
4                                      6.1071189051360557e+00
5                                      6.0245286532585531e+00
6                                      7.2768347815829841e+00
7                                      8.8077534040454586e-01
8                                      8.9900889011637375e-01
9                                      8.7908509076917452e-01
10                                     8.9442929978366104e-01
11                                     8.8289587451473195e-01
12                                     8.8781328059323261e-01
13                                     8.9167020684919962e-01
   &ZA [&Type "ArrayOfDoubles", &Dim (14,1)] "Total nuclear charge"
                                                         0

0                                      6.0000000000000000e+00
1                                      6.0000000000000000e+00
2                                      6.0000000000000000e+00
3                                      6.0000000000000000e+00
4                                      6.0000000000000000e+00
5                                      6.0000000000000000e+00
6                                      7.0000000000000000e+00
7                                      1.0000000000000000e+00
8                                      1.0000000000000000e+00
9                                      1.0000000000000000e+00
10                                     1.0000000000000000e+00
11                                     1.0000000000000000e+00
12                                     1.0000000000000000e+00
13                                     1.0000000000000000e+00
   &QA [&Type "ArrayOfDoubles", &Dim (14,1)] "Mulliken gross atomic charge"
                                                         0

0                                     -3.2212547072150155e-01
1                                      2.1308200615448492e-01
2                                     -1.8445777468171709e-01
3                                     -8.2338437742635939e-02
4                                     -1.0711890513605571e-01
5                                     -2.4528653258553135e-02
6                                     -2.7683478158298414e-01
7                                      1.1922465959545414e-01
8                                      1.0099110988362625e-01
9                                      1.2091490923082548e-01
10                                     1.0557070021633896e-01
11                                     1.1710412548526805e-01
12                                     1.1218671940676739e-01
13                                     1.0832979315080038e-01
   &VA [&Type "ArrayOfDoubles", &Dim (14,1)] "Mayer's total valence"
                                                         0

0                                      3.8986081627385611e+00
1                                      3.8164890152432096e+00
2                                      3.9294249174812506e+00
3                                      3.9303024084761065e+00
4                                      3.8493081856968145e+00
5                                      4.0214736113771146e+00
6                                      2.9761549104851497e+00
7                                      9.8338890363357567e-01
8                                      9.8033905617959771e-01
9                                      9.8603789171134348e-01
10                                     9.7569550560680141e-01
11                                     9.7584869380002459e-01
12                                     9.7638335397436427e-01
13                                     9.8055451751528133e-01
   &BVA [&Type "ArrayOfDoubles", &Dim (14,1)] "Mayer's bonded valence"
                                                         0

0                                      3.8986081627383924e+00
1                                      3.8164890152432771e+00
2                                      3.9294249174812892e+00
3                                      3.9303024084759088e+00
4                                      3.8493081856967777e+00
5                                      4.0214736113771901e+00
6                                      2.9761549104851936e+00
7                                      9.8338890363357245e-01
8                                      9.8033905617958772e-01
9                                      9.8603789171133149e-01
10                                     9.7569550560681439e-01
11                                     9.7584869380000216e-01
12                                     9.7638335397436937e-01
13                                     9.8055451751528233e-01
   &FA [&Type "ArrayOfDoubles", &Dim (14,1)] "Mayer's free valence"
                                                         0

0                                      0.0000000000000000e+00
1                                      0.0000000000000000e+00
2                                      0.0000000000000000e+00
3                                      0.0000000000000000e+00
4                                      0.0000000000000000e+00
5                                      0.0000000000000000e+00
6                                      0.0000000000000000e+00
7                                      0.0000000000000000e+00
8                                      0.0000000000000000e+00
9                                      0.0000000000000000e+00
10                                     0.0000000000000000e+00
11                                     0.0000000000000000e+00
12                                     0.0000000000000000e+00
13                                     0.0000000000000000e+00
$End
$VdW_Correction
   &GeometryIndex 1
   &ListStatus       OUT
   &VDW [&Type "Double"]      -4.0505238961842304e-03
$End
$Calculation_Info
   &GeometryIndex 1
   &ListStatus       OUT
   &MULT [&Type "Integer"] 1
   &CHARGE [&Type "Integer"] 0
   &NUMOFATOMS [&Type "Integer"] 14
   &NUMOFELECTRONS [&Type "Integer"] 50
   &NUMOFFCELECTRONS [&Type "Integer"] 1
   &NUMOFCORRELECTRONS [&Type "Integer"] 0
   &NUMOFBASISFUNCTS [&Type "Integer"] 259
   &NUMOFAUXCBASISFUNCTS [&Type "Integer"] 0
   &NUMOFAUXJBASISFUNCTS [&Type "Integer"] 287
   &NUMOFAUXJKBASISFUNCTS [&Type "Integer"] 0
   &NUMOFCABSBASISFUNCTS [&Type "Integer"] 0
   &TOTALENERGY [&Type "Double"]      -2.8754326883075373e+02  "Hartrees"
$End
$SCF_Dipole_Moment
   &GeometryIndex 1
   &ListStatus       OUT
   &METHOD [&Type "String"] "SCF"
   &LEVEL [&Type "String"] "Relaxed density"
   &MULT [&Type "Integer"] 1
   &STATE [&Type "Integer"] -1
   &IRREP [&Type "Integer"] 0
   &NATOMS [&Type "Integer"] 14
   &DODIPOLEATOM [&Type "Boolean"] false
   &DIPOLEELECCONTRIB [&Type "ArrayOfDoubles", &Dim (3,1)] "Electronic contribution"
                                                         0

0                                     -2.9511050900130380e+00
1                                     -1.1527767674027583e+00
2                                      1.3834035265331357e-02
   &DIPOLENUCCONTRIB [&Type "ArrayOfDoubles", &Dim (3,1)] "Nuclear contribution"
                                                         0

0                                      2.6914715499000526e+00
1                                      1.8237243858470995e+00
2                                     -1.8779407534164717e-02
   &DIPOLETOTAL [&Type "ArrayOfDoubles", &Dim (3,1)] "Total"
                                                         0

0                                     -2.5963354011298545e-01
1                                      6.7094761844434125e-01
2                                     -4.9453722688333600e-03
   &DIPOLEMAGNITUDE [&Type "Double", &Units "a.u."]       7.1944752314161997e-01
$End
$THERMOCHEMISTRY_Energies
   &GeometryIndex 1
   &ListStatus       OUT
   &TEMPERATURE [&Type "Double"]       2.9814999999999998e+02
   &PRESSURE [&Type "Double"]       1.0000000000000000e+00
   &TOTALMASS [&Type "Double"]       9.3128999999999991e+01
   &SPINDEGENERACY [&Type "Integer"] 1
   &ELENERGY [&Type "Double"]      -2.8754326883075373e+02
   &TRANSENERGY [&Type "Double"]       1.4162714244859817e-03
   &ROTENERGY [&Type "Double"]       1.4162714244859817e-03
   &VIBENERGY [&Type "Double"]       3.1528976749961835e-03
   &NUMOFFREQS [&Type "Integer"] 42
   &FREQSCALINGFACTOR [&Type "Double"]       1.0000000000000000e+00
   &FREQ [&Type "ArrayOfDoubles", &Dim (42,1)] "In cm^-1"
                                                         0

0                                      0.0000000000000000e+00
1                                      0.0000000000000000e+00
2                                      0.0000000000000000e+00
3                                      0.0000000000000000e+00
4                                      0.0000000000000000e+00
5                                      0.0000000000000000e+00
6                                      9.7646104827228470e+01
7                                      1.9680672920971310e+02
8                                      3.6353170227803696e+02
9                                      4.0888466036764379e+02
10                                     4.7700829366550653e+02
11                                     5.5469945208464878e+02
12                                     6.4161046130647344e+02
13                                     7.5048097007805143e+02
14                                     7.6011359742803813e+02
15                                     8.2056810646369786e+02
16                                     8.9101470568250841e+02
17                                     9.6867893194400369e+02
18                                     9.9176321179131719e+02
19                                     9.9765172014843279e+02
20                                     1.0207653545191590e+03
21                                     1.0550031779640472e+03
22                                     1.0699107764736023e+03
23                                     1.1234900229009950e+03
24                                     1.1747277677838799e+03
25                                     1.2535629294350174e+03
26                                     1.2970836412695521e+03
27                                     1.3205760975299888e+03
28                                     1.3977979786157266e+03
29                                     1.4494681440156176e+03
30                                     1.4685967137117734e+03
31                                     1.4860415811948883e+03
32                                     1.5003573703834008e+03
33                                     1.6043524131379045e+03
34                                     1.6214223011187482e+03
35                                     3.0180611324299362e+03
36                                     3.0871662084540922e+03
37                                     3.1129419261182179e+03
38                                     3.1243984941941671e+03
39                                     3.1568127489859930e+03
40                                     3.1711809441810501e+03
41                                     3.1829287667231033e+03
   &ZPE [&Type "Double"]       1.1531425042723378e-01
   &INNERENERGYU [&Type "Double"]      -2.8742196913980251e+02
   &ENTHALPYH [&Type "Double"]      -2.8742102493076027e+02
   &QEL [&Type "Double"]       0.0000000000000000e+00
   &QROT [&Type "Double"]       1.2761342175119660e-02
   &QVIB [&Type "Double"]       5.0610354010783556e-03
   &QTRANS [&Type "Double"]       1.8770425465345273e-02
   &ENTROPYS [&Type "Double"]       3.6592803041543290e-02
   &FREEENERGYG [&Type "Double"]      -2.8745761773380184e+02
   &ISLINEAR [&Type "Boolean"] false
$End
$Hessian
   &GeometryIndex 1
   &ListStatus       OUT
   &HESSIAN [&Type "ArrayOfDoubles", &Dim (42,42)] "The Hessian"
                                                         0                           1                           2                           3                           4                           5                           6                           7

0                                      4.7784301515308936e-01         1.3249589539598728e-02         3.1785970878614594e-03        -2.0567165990201233e-01         1.1636021525509316e-02         5.1673237671244845e-04        -2.0461347914715697e-02         5.0336955021445737e-03
1                                      1.3249589539598728e-02         5.8375223850999669e-01        -7.1134676515250241e-04         6.9373597561603918e-03        -8.4266217650436293e-02        -4.7145412741164803e-05         2.9341500073485349e-02         2.8201521539517908e-03
2                                      3.1785970878614594e-03        -7.1134676515250241e-04         5.2882380372480520e-01        -5.9273369718366564e-04         1.1156957824506509e-04        -7.1273725352641509e-02         6.4810603922144604e-05        -2.7072462406962721e-04
3                                     -2.0567165990201233e-01         6.9373597561603918e-03        -5.9273369718366564e-04         6.5489482290356504e-01        -1.0342483245603846e-02        -5.7655758414493479e-04        -1.8152776187954039e-01         1.1135823882495273e-01
4                                      1.1636021525509316e-02        -8.4266217650436293e-02         1.1156957824506509e-04        -1.0342483245603846e-02         6.3880529756647486e-01         9.8391098924292450e-05         4.4506415790666963e-02        -2.4651688940850580e-01
5                                      5.1673237671244845e-04        -4.7145412741164803e-05        -7.1273725352641509e-02        -5.7655758414493479e-04         9.8391098924292450e-05         1.9712172404209122e-01        -7.4418002432361744e-05         1.1582073696510481e-04
6                                     -2.0461347914715697e-02         2.9341500073485349e-02         6.4810603922144604e-05        -1.8152776187954039e-01         4.4506415790666963e-02        -7.4418002432361744e-05         6.8789845214598688e-01         4.5462207536062213e-02
7                                      5.0336955021445737e-03         2.8201521539517908e-03        -2.7072462406962721e-04         1.1135823882495273e-01        -2.4651688940850580e-01         1.1582073696510481e-04         4.5462207536062213e-02         7.0395153876645733e-01
8                                      5.4350151076609495e-05        -3.7463604964748439e-04         9.4075783477908289e-03        -4.9810006283566128e-05        -2.6929679057008946e-04        -7.2612356321624341e-02         8.8813876288934470e-04         7.5350370381926848e-04
9                                      1.5792870075668711e-03         1.8823514786699223e-05        -4.8978314281636034e-04        -3.0977810582167871e-02         7.7354647574863392e-02         4.4698841381836352e-05        -3.3992434620761824e-01        -3.6871038675562837e-02
10                                     1.2550368901038372e-03        -5.1069045959289674e-03        -3.0855351208013981e-06         3.0559317344842490e-02         4.2652685127286746e-02        -8.2718073355296396e-05         2.2019478162730432e-02        -1.3040889153647045e-01
11                                    -1.1050255889429457e-04        -3.6623471837699738e-04         8.1623677292966251e-03         5.6774957186288830e-05         2.1359443797741261e-04         7.0379135207912780e-03        -4.5629921336459218e-04        -1.0900081467575973e-04
12                                    -1.5996427681221142e-03         5.0093807199105942e-04         2.1620219759090786e-04         3.8487700569047704e-03         1.2786003306978499e-02        -6.7910836963345478e-05        -2.2194217940228186e-02        -3.7155512294771438e-02
13                                     7.0386310808795752e-04         7.5759352902533199e-04         2.1331185871994044e-04        -2.0198785676849851e-03        -7.2991101894410673e-02        -1.5678129176572461e-04        -7.5433685767643505e-02         2.8767512060760912e-02
14                                    -3.5194812527419034e-05         2.6861108128323033e-05        -8.4356574069170416e-04         1.2292762153812581e-04        -1.1229569125351437e-05        -1.1405321019221083e-02        -1.3260323049337912e-04        -1.4338871264351373e-05
15                                     4.8710110515208680e-03        -3.8627839972627288e-03        -2.2273783498238863e-04        -5.0564579288814915e-02        -9.4407899159989483e-02        -3.6783901000582940e-04        -5.4094301515986210e-02         3.5310590139589926e-02
16                                    -9.9475182200862164e-04        -5.0991018041907608e-03        -1.5437221940971200e-04        -4.6585471837344343e-02         1.3704355972125678e-02         1.5081930736936250e-04         2.2819540497680337e-02        -1.4595443548685718e-02
17                                    -1.7645821472783157e-04         3.8667145496800343e-04         8.4907192686715371e-03         8.6227428913915723e-05        -1.7821860815596917e-04         1.7442622211036110e-03        -7.7843141272604881e-05         8.1217947267915331e-05
18                                    -3.0029790109396739e-02        -4.1326245824296219e-02        -4.3445317790914131e-04        -1.5520530493297791e-01        -5.5674355858516156e-02         5.2739594330763855e-05         6.4742057314088997e-02        -3.0702765279708426e-02
19                                    -1.7490326056697002e-02        -4.0697986514969687e-03         4.9151143490733392e-05        -8.0288124281888834e-02        -2.7440028449518089e-01        -1.3996026246572885e-04         2.4168493269473051e-02        -7.3851374132419559e-02
20                                     1.3386266503932667e-04         1.3432253980636875e-04        -2.7160586577040340e-03        -4.8311796004821175e-04         1.0499013808740133e-04        -7.2319347217866009e-02         3.0214275392377723e-04        -2.2474761202373841e-04
21                                    -7.0647293854908352e-02         3.3509254915556091e-02         7.4790029057188095e-02        -1.4988578142214300e-02         1.4860943640705412e-02         2.8949405071797121e-02        -2.8433899837516431e-03        -1.4262845030934969e-03
22                                     3.2730371842692285e-02        -8.8497397454302226e-02        -9.3952617494967028e-02         2.6984443640997958e-03        -1.3096453590364003e-03         9.0722366497062606e-04         1.1235532914822270e-03         2.6239164765666490e-04
23                                     7.3061448998515660e-02        -9.3437302051740431e-02        -2.3113525421329778e-01        -1.4106070255834671e-04         9.4442125543554379e-04         1.8747156293311071e-03        -1.6410305812331267e-04         4.5080317358082924e-04
24                                    -8.3875842309027782e-02        -8.5662893794488784e-02        -7.6301275822335691e-03        -6.0581963033298275e-03        -3.1091190488979924e-02        -2.5107494514267767e-03         1.5645765659592463e-03        -1.1499534055890138e-03
25                                    -9.0913239183724431e-02        -2.7477406226280210e-01        -1.8600065253299120e-02         2.5879453326488749e-03         3.6565012777450053e-04         4.4585211465868771e-04         1.4674152251811529e-03        -9.6822560759662760e-05
26                                    -8.1784578837586931e-03        -1.8637958701097981e-02        -4.8107318739319373e-02         6.9298104407826237e-04         5.2790173747011124e-04        -3.0448996858402676e-03         7.5560782407918092e-06         2.6008315918028336e-06
27                                    -7.2495880655748218e-02         4.6421756739246867e-02        -6.8812352673629923e-02        -1.4822803918668286e-02         1.9918577049925969e-02        -2.6024818638990966e-02        -3.7554183661020818e-03        -1.6630463580956274e-03
28                                     4.6261176551170055e-02        -1.2612018570402123e-01         1.1345597589282160e-01         2.8408101399083818e-03        -1.3645033210337631e-03        -1.2436934979007989e-03         8.7698570332806196e-04         3.5097405932003087e-04
29                                    -6.8661984077356519e-02         1.1278554873976215e-01        -1.9546177569386203e-01         1.2785872756618782e-03        -1.5155191852215723e-03         1.4404605914740999e-03         8.0560747969284086e-06        -2.4359667309538694e-04
30                                     6.2651175540709338e-04         8.1085573031770570e-04         3.9614228726389409e-05         1.0524928988793571e-02         1.2435005438362550e-02         3.9281510428413544e-06        -1.1857712975265976e-01        -1.1396977538885690e-01
31                                    -1.4555674830671710e-03         3.4746998927373887e-04        -1.3978471015466400e-04        -1.7851267665282694e-02        -1.7791189736401085e-02        -6.2009365299778147e-05        -1.1332807543430587e-01        -2.7055272858180934e-01
32                                     9.3015333252194316e-05         2.4677450142626450e-04        -3.5140328079717002e-03        -1.5150088675539052e-04         1.6425782271759122e-05         1.0911767861486992e-03        -3.1474562830349062e-04        -5.3685612516401289e-04
33                                    -1.9116429311315155e-04         1.4791269745726915e-03        -4.3416789147156170e-05        -6.1412332900162916e-03        -2.1439840779216134e-03         3.6968623347053193e-06        -1.1446410015639039e-02         2.8855670471824343e-02
34                                    -1.4662912447023068e-04        -2.5250487117019996e-05         8.2809073477293897e-07        -9.5049241524503090e-04         2.3121921083604727e-03        -6.1421096291602096e-07        -2.0705397673038556e-03         4.3356795038057396e-03
35                                     3.7721231328276074e-05         2.9201377186032120e-05        -6.0612515637230367e-04        -7.3983439373292211e-05        -4.1559764893695921e-06         9.1786587157303319e-03        -5.3069819926670033e-05         3.2650496066589262e-05
36                                     6.4586276185421045e-05        -1.4927830032387523e-04        -2.8521538857983103e-05         1.2873134869817518e-03         8.1572464381750483e-04         2.3505998437837032e-05         1.4890137633723540e-03        -3.1139178801168534e-03
37                                     7.3146035810841279e-05         3.2140235918639101e-04         1.0044829712762391e-05        -4.7712436002090924e-04        -2.5727465129106388e-03        -5.5558166479448383e-06        -1.9056402671286015e-03        -4.9840565758329739e-03
38                                     5.9576412070786476e-05        -2.3893503879470429e-05        -1.6326578648149484e-03        -5.1998245207016793e-05         4.6501805593334407e-06        -1.9038782231269025e-04         1.4792777348295844e-06        -2.5122356614887296e-05
39                                    -1.1789436725194750e-05        -1.2643410259815424e-03        -3.4013395197163813e-05        -4.5979071965028696e-03        -5.9285833864539898e-04         7.3976339840878540e-06        -8.6977621316617791e-04         1.3023444062478705e-04
40                                     5.3950301487431900e-05        -3.9937931138472242e-05        -7.0364911002403403e-06         1.4721588092847914e-03         3.3723974758933825e-03         2.1351363450218942e-06         8.5400855688807630e-04         5.1795815253099608e-04
41                                     2.6179948076351426e-05        -1.2710819092287938e-05         4.0604515611125061e-04        -9.6546811881471700e-05        -2.5288207502309998e-05         1.1357125912835560e-02        -7.5144521400664059e-06         4.1483303839481775e-07
                                                         8                           9                          10                          11                          12                          13                          14                          15

0                                      5.4350151076609495e-05         1.5792870075668711e-03         1.2550368901038372e-03        -1.1050255889429457e-04        -1.5996427681221142e-03         7.0386310808795752e-04        -3.5194812527419034e-05         4.8710110515208680e-03
1                                     -3.7463604964748439e-04         1.8823514786699223e-05        -5.1069045959289674e-03        -3.6623471837699738e-04         5.0093807199105942e-04         7.5759352902533199e-04         2.6861108128323033e-05        -3.8627839972627288e-03
2                                      9.4075783477908289e-03        -4.8978314281636034e-04        -3.0855351208013981e-06         8.1623677292966251e-03         2.1620219759090786e-04         2.1331185871994044e-04        -8.4356574069170416e-04        -2.2273783498238863e-04
3                                     -4.9810006283566128e-05        -3.0977810582167871e-02         3.0559317344842490e-02         5.6774957186288830e-05         3.8487700569047704e-03        -2.0198785676849851e-03         1.2292762153812581e-04        -5.0564579288814915e-02
4                                     -2.6929679057008946e-04         7.7354647574863392e-02         4.2652685127286746e-02         2.1359443797741261e-04         1.2786003306978499e-02        -7.2991101894410673e-02        -1.1229569125351437e-05        -9.4407899159989483e-02
5                                     -7.2612356321624341e-02         4.4698841381836352e-05        -8.2718073355296396e-05         7.0379135207912780e-03        -6.7910836963345478e-05        -1.5678129176572461e-04        -1.1405321019221083e-02        -3.6783901000582940e-04
6                                      8.8813876288934470e-04        -3.3992434620761824e-01         2.2019478162730432e-02        -4.5629921336459218e-04        -2.2194217940228186e-02        -7.5433685767643505e-02        -1.3260323049337912e-04        -5.4094301515986210e-02
7                                      7.5350370381926848e-04        -3.6871038675562837e-02        -1.3040889153647045e-01        -1.0900081467575973e-04        -3.7155512294771438e-02         2.8767512060760912e-02        -1.4338871264351373e-05         3.5310590139589926e-02
8                                      1.2671746014094618e-01        -4.0070349664594418e-04         8.3932883990689807e-05        -6.1621697200648931e-02        -6.0132539410260463e-05        -2.6554271556488736e-04         7.5822668549824276e-03        -1.9213832019460500e-04
9                                     -4.0070349664594418e-04         6.8371518369284745e-01        -3.5820586589240908e-02         8.1064754703673184e-04        -1.7026452221876087e-01        -5.4277553265773604e-02        -1.1816768731794368e-04         6.7902930345001528e-02
10                                     8.3932883990689807e-05        -3.5820586589240908e-02         7.2035672690741492e-01         4.7976841829246858e-04        -1.1317448040079132e-01        -2.9790503836047716e-01        -3.0376099460205635e-04         3.2271478968233631e-02
11                                    -6.1621697200648931e-02         8.1064754703673184e-04         4.7976841829246858e-04         1.3932596156274063e-01        -2.0070999504329497e-04        -2.4864266370712337e-04        -6.2673524144619464e-02         7.9340344046376182e-05
12                                    -6.0132539410260463e-05        -1.7026452221876087e-01        -1.1317448040079132e-01        -2.0070999504329497e-04         7.4451525743949043e-01         1.7009295774296079e-02         7.3359394861181003e-04        -1.8561217177652947e-01
13                                    -2.6554271556488736e-04        -5.4277553265773604e-02        -2.9790503836047716e-01        -2.4864266370712337e-04         1.7009295774296079e-02         6.5340374912576660e-01         2.7084878128701172e-04         5.1060469026178334e-02
14                                     7.5822668549824276e-03        -1.1816768731794368e-04        -3.0376099460205635e-04        -6.2673524144619464e-02         7.3359394861181003e-04         2.7084878128701172e-04         1.2550554842485334e-01        -2.7117113095758945e-05
15                                    -1.9213832019460500e-04         6.7902930345001528e-02         3.2271478968233631e-02         7.9340344046376182e-05        -1.8561217177652947e-01         5.1060469026178334e-02        -2.7117113095758945e-05         6.5869491408379688e-01
16                                     9.1992985333013216e-05        -1.4025513281127104e-02        -6.0357168817639757e-02        -8.8515372932857774e-05         1.1637064911717201e-01        -2.6464417727778772e-01         8.4809271239344984e-05         3.7546249893438091e-02
