*************************************************
******************* ORCA 6.0.0 ******************
*************************************************
$Calculation_Status
   &GeometryIndex 1
   &ListStatus       OUT
   &VERSION [&Type "String"] "6.0.0"
   &PROGNAME [&Type "String"] "LeanSCF"
   &STATUS [&Type "String"] "NORMAL TERMINATION"
$End
$Geometry
   &GeometryIndex 1
   &ListStatus       OUT
   &NATOMS [&Type "Integer"] 12
   &NCORELESSECP [&Type "Integer"] 0
   &NGHOSTATOMS [&Type "Integer"] 0
   &CartesianCoordinates [&Type "Coordinates", &Dim(12,4), &Units "Bohr"] 
              C     -0.367656689193    2.410815285863    0.000014357761
              C      2.346711741402    2.271917378041   -0.000140531374
              O      3.780274977311    4.110450755972   -0.000110791053
              N      3.343422675901   -0.175800642282   -0.000118225991
              C      2.003358823041   -2.398982971656   -0.000073283202
              O      2.989112904506   -4.493917495501   -0.000109551014
              N     -0.598887684559   -2.087828522792   -0.000030925557
              C     -1.709741258144    0.239107714042    0.000014388753
              Cl    -4.978768431210    0.220894249538    0.000015372355
              H     -1.269807135229    4.242091384872    0.000045747624
              H      5.253418344926   -0.344798049761   -0.000136528178
              H     -1.648491727757   -3.690460878642   -0.000007493520
$End
$SCF_Energy
   &GeometryIndex 1
   &ListStatus       OUT
   &SCF_ENERGY [&Type "Double"]      -8.7437371538852074e+02
$End
$DFT_Energy
   &GeometryIndex 1
   &ListStatus       OUT
   &NALPHAEL [&Type "Integer"] 37
   &NBETAEL [&Type "Integer"] 37
   &NTOTALEL [&Type "Integer"] 74
   &EEXCHANGE [&Type "Double"]      -7.9363954063582554e+01
   &ECORR [&Type "Double"]      -2.5825142383074953e+00
   &ECNL [&Type "Double"]       0.0000000000000000e+00
   &EXC [&Type "Double"]      -8.1946468301890050e+01
   &EEMBED [&Type "Double"]       0.0000000000000000e+00
   &FINALEN [&Type "Double"]      -8.7437371538852074e+02  "No Van der Waals correction"
$End
$Mulliken_Population_Analysis
   &GeometryIndex 1
   &ListStatus       OUT
   &NATOMS [&Type "Integer"] 12
   &ATNO [&Type "ArrayOfIntegers", &Dim (12,1)] 
                                                         0

0                                                        6
1                                                        6
2                                                        8
3                                                        7
4                                                        6
5                                                        8
6                                                        7
7                                                        6
8                                                       17
9                                                        1
10                                                       1
11                                                       1
   &ATOMICCHARGES [&Type "ArrayOfDoubles", &Dim (12,1)] 
                                                         0

0                                     -3.1222091332011104e-01
1                                      2.9842726961765287e-01
2                                     -3.7047721602193029e-01
3                                     -2.2187257018495288e-01
4                                      3.2929111362363095e-01
5                                     -3.6903072940905268e-01
6                                     -2.2766230193662551e-01
7                                      2.3528448071004071e-01
8                                     -4.7610377759337297e-02
9                                      1.6214509332547811e-01
10                                     2.5994786790845281e-01
11                                     2.6377828344663568e-01
$End
$Loewdin_Population_Analysis
   &GeometryIndex 1
   &ListStatus       OUT
   &NATOMS [&Type "Integer"] 12
   &ATNO [&Type "ArrayOfIntegers", &Dim (12,1)] 
                                                         0

0                                                        6
1                                                        6
2                                                        8
3                                                        7
4                                                        6
5                                                        8
6                                                        7
7                                                        6
8                                                       17
9                                                        1
10                                                       1
11                                                       1
   &ATOMICCHARGES [&Type "ArrayOfDoubles", &Dim (12,1)] 
                                                         0

0                                     -1.5341760755836553e-01
1                                     -4.2044569529513609e-01
2                                      7.0615809574910315e-02
3                                      2.1015377061852192e-01
4                                     -4.9459271196026577e-01
5                                      6.2062260563442884e-02
6                                      1.8753105485654853e-01
7                                     -4.9784771104251302e-01
8                                      4.4559797602141060e-01
9                                      1.6379203635748174e-01
10                                     2.1460464519836542e-01
11                                     2.1194617266551952e-01
$End
$Mayer_Population_Analysis
   &GeometryIndex 1
   &ListStatus       OUT
   &NATOMS [&Type "Integer"] 12 "Total number of atoms"
   &BONDTHRESH [&Type "Double"]       1.0000000000000001e-01  "The threshold for printing"
   &NBONDORDERSPRINT [&Type "Integer"] 12 "The number of bond orders larger than threshold"
   &BONDORDERS [&Type "ArrayOfDoubles", &Dim (12,1)] "The bond orders"
                                                         0

0                                      1.0950980532779544e+00
1                                      1.5614816836857544e+00
2                                      9.7330702397805202e-01
3                                      1.9877075490157821e+00
4                                      1.0723640718669991e+00
5                                      1.1599978612353916e+00
6                                      8.8119242648571505e-01
7                                      2.0394739712293619e+00
8                                      1.0691581795157490e+00
9                                      1.1392900776973260e+00
10                                     8.8850106415144781e-01
11                                     1.1189968164903321e+00
   &COMPONENTS [&Type "ArrayOfIntegers", &Dim (12,4)] "The indices and atomic numbers of the bonding atoms"
                                                         0                           1                           2                           3

0                                                        0                           6                           1                           6
1                                                        0                           6                           7                           6
2                                                        0                           6                           9                           1
3                                                        1                           6                           2                           8
4                                                        1                           6                           3                           7
5                                                        3                           7                           4                           6
6                                                        3                           7                          10                           1
7                                                        4                           6                           5                           8
8                                                        4                           6                           6                           7
9                                                        6                           7                           7                           6
10                                                       6                           7                          11                           1
11                                                       7                           6                           8                          17
   &ATNO [&Type "ArrayOfIntegers", &Dim (12,1)] "Atomic number of the elements"
                                                         0

0                                                        6
1                                                        6
2                                                        8
3                                                        7
4                                                        6
5                                                        8
6                                                        7
7                                                        6
8                                                       17
9                                                        1
10                                                       1
11                                                       1
   &NA [&Type "ArrayOfDoubles", &Dim (12,1)] "Mulliken gross atomic population"
                                                         0

0                                      6.3122209133200835e+00
1                                      5.7015727303823374e+00
2                                      8.3704772160218930e+00
3                                      7.2218725701849626e+00
4                                      5.6707088863763868e+00
5                                      8.3690307294090189e+00
6                                      7.2276623019366575e+00
7                                      5.7647155192899691e+00
8                                      1.7047610377759245e+01
9                                      8.3785490667452067e-01
10                                     7.4005213209154819e-01
11                                     7.3622171655336444e-01
   &ZA [&Type "ArrayOfDoubles", &Dim (12,1)] "Total nuclear charge"
                                                         0

0                                      6.0000000000000000e+00
1                                      6.0000000000000000e+00
2                                      8.0000000000000000e+00
3                                      7.0000000000000000e+00
4                                      6.0000000000000000e+00
5                                      8.0000000000000000e+00
6                                      7.0000000000000000e+00
7                                      6.0000000000000000e+00
8                                      1.7000000000000000e+01
9                                      1.0000000000000000e+00
10                                     1.0000000000000000e+00
11                                     1.0000000000000000e+00
   &QA [&Type "ArrayOfDoubles", &Dim (12,1)] "Mulliken gross atomic charge"
                                                         0

0                                     -3.1222091332008350e-01
1                                      2.9842726961766264e-01
2                                     -3.7047721602189299e-01
3                                     -2.2187257018496265e-01
4                                      3.2929111362361319e-01
5                                     -3.6903072940901893e-01
6                                     -2.2766230193665749e-01
7                                      2.3528448071003094e-01
8                                     -4.7610377759244926e-02
9                                      1.6214509332547933e-01
10                                     2.5994786790845181e-01
11                                     2.6377828344663556e-01
   &VA [&Type "ArrayOfDoubles", &Dim (12,1)] "Mayer's total valence"
                                                         0

0                                      3.7325444353890682e+00
1                                      4.2997643557958014e+00
2                                      2.1429925307947117e+00
3                                      3.1222751036165040e+00
4                                      4.3895465412841954e+00
5                                      2.1491154846242893e+00
6                                      3.1715655754575165e+00
7                                      3.9721902630779713e+00
8                                      1.2834080828701819e+00
9                                      9.7729035507291362e-01
10                                     9.5987865280971607e-01
11                                     9.5625278557465632e-01
   &BVA [&Type "ArrayOfDoubles", &Dim (12,1)] "Mayer's bonded valence"
                                                         0

0                                      3.7325444353891091e+00
1                                      4.2997643557959400e+00
2                                      2.1429925307947855e+00
3                                      3.1222751036165182e+00
4                                      4.3895465412841732e+00
5                                      2.1491154846242666e+00
6                                      3.1715655754575991e+00
7                                      3.9721902630779691e+00
8                                      1.2834080828703172e+00
9                                      9.7729035507292628e-01
10                                     9.5987865280971352e-01
11                                     9.5625278557467652e-01
   &FA [&Type "ArrayOfDoubles", &Dim (12,1)] "Mayer's free valence"
                                                         0

0                                      0.0000000000000000e+00
1                                      0.0000000000000000e+00
2                                      0.0000000000000000e+00
3                                      0.0000000000000000e+00
4                                      0.0000000000000000e+00
5                                      0.0000000000000000e+00
6                                      0.0000000000000000e+00
7                                      0.0000000000000000e+00
8                                      0.0000000000000000e+00
9                                      0.0000000000000000e+00
10                                     0.0000000000000000e+00
11                                     0.0000000000000000e+00
$End
$VdW_Correction
   &GeometryIndex 1
   &ListStatus       OUT
   &VDW [&Type "Double"]      -4.3510884474524877e-03
$End
$Calculation_Info
   &GeometryIndex 1
   &ListStatus       OUT
   &MULT [&Type "Integer"] 1
   &CHARGE [&Type "Integer"] 0
   &NUMOFATOMS [&Type "Integer"] 12
   &NUMOFELECTRONS [&Type "Integer"] 74
   &NUMOFFCELECTRONS [&Type "Integer"] 1
   &NUMOFCORRELECTRONS [&Type "Integer"] 0
   &NUMOFBASISFUNCTS [&Type "Integer"] 303
   &NUMOFAUXCBASISFUNCTS [&Type "Integer"] 0
   &NUMOFAUXJBASISFUNCTS [&Type "Integer"] 315
   &NUMOFAUXJKBASISFUNCTS [&Type "Integer"] 0
   &NUMOFCABSBASISFUNCTS [&Type "Integer"] 0
   &TOTALENERGY [&Type "Double"]      -8.7436483815086820e+02  "Hartrees"
$End
$SCF_Dipole_Moment
   &GeometryIndex 1
   &ListStatus       OUT
   &METHOD [&Type "String"] "SCF"
   &LEVEL [&Type "String"] "Relaxed density"
   &MULT [&Type "Integer"] 1
   &STATE [&Type "Integer"] -1
   &IRREP [&Type "Integer"] 0
   &NATOMS [&Type "Integer"] 12
   &DODIPOLEATOM [&Type "Boolean"] false
   &DIPOLEELECCONTRIB [&Type "ArrayOfDoubles", &Dim (3,1)] "Electronic contribution"
                                                         0

0                                     -6.0384497698554016e+00
1                                     -3.2869508194676905e-01
2                                      4.4865230704167038e-05
   &DIPOLENUCCONTRIB [&Type "ArrayOfDoubles", &Dim (3,1)] "Nuclear contribution"
                                                         0

0                                      4.7571506452562620e+00
1                                     -6.6539136822698630e-02
2                                     -2.1483428452364561e-05
   &DIPOLETOTAL [&Type "ArrayOfDoubles", &Dim (3,1)] "Total"
                                                         0

0                                     -1.2812991245991396e+00
1                                     -3.9523421876946768e-01
2                                      2.3381802251802477e-05
   &DIPOLEMAGNITUDE [&Type "Double", &Units "a.u."]       1.3408719308463213e+00
$End
$THERMOCHEMISTRY_Energies
   &GeometryIndex 1
   &ListStatus       OUT
   &TEMPERATURE [&Type "Double"]       2.9814999999999998e+02
   &PRESSURE [&Type "Double"]       1.0000000000000000e+00
   &TOTALMASS [&Type "Double"]       1.4653300000000002e+02
   &SPINDEGENERACY [&Type "Integer"] 1
   &ELENERGY [&Type "Double"]      -8.7436483815086820e+02
   &TRANSENERGY [&Type "Double"]       1.4162714244859817e-03
   &ROTENERGY [&Type "Double"]       1.4162714244859817e-03
   &VIBENERGY [&Type "Double"]       4.3910554948157219e-03
   &NUMOFFREQS [&Type "Integer"] 36
   &FREQSCALINGFACTOR [&Type "Double"]       1.0000000000000000e+00
   &FREQ [&Type "ArrayOfDoubles", &Dim (36,1)] "In cm^-1"
                                                         0

0                                      0.0000000000000000e+00
1                                      0.0000000000000000e+00
2                                      0.0000000000000000e+00
3                                      0.0000000000000000e+00
4                                      0.0000000000000000e+00
5                                      0.0000000000000000e+00
6                                      1.5144416093656824e+02
7                                      1.6643498156651364e+02
8                                      1.7948274977775452e+02
9                                      2.5339584688071832e+02
10                                     3.6924085672439787e+02
11                                     4.3280745365175358e+02
12                                     5.2713637763243946e+02
13                                     5.5102918422773348e+02
14                                     5.9305202661392684e+02
15                                     6.0722793748985180e+02
16                                     6.1278027037398977e+02
17                                     7.0389842066235497e+02
18                                     7.3393398356546902e+02
19                                     7.6113366053817015e+02
20                                     8.2458633463585556e+02
21                                     8.9868135609650255e+02
22                                     1.0062452945795304e+03
23                                     1.0132630296764409e+03
24                                     1.1108253236340327e+03
25                                     1.2357617557753913e+03
26                                     1.3197586302281643e+03
27                                     1.3852129884656638e+03
28                                     1.4226360291003377e+03
29                                     1.4944816378137825e+03
30                                     1.6252122763461455e+03
31                                     1.6858882439780484e+03
32                                     1.7422706415544837e+03
33                                     3.2408847854135552e+03
34                                     3.5541979909205993e+03
35                                     3.5647309498876293e+03
   &ZPE [&Type "Double"]       7.6928333390253512e-02
   &INNERENERGYU [&Type "Double"]      -8.7428068621913428e+02
   &ENTHALPYH [&Type "Double"]      -8.7427974201009204e+02
   &QEL [&Type "Double"]       0.0000000000000000e+00
   &QROT [&Type "Double"]       1.4086068771277603e-02
   &QVIB [&Type "Double"]       7.1410319811468460e-03
   &QTRANS [&Type "Double"]       1.9412371775429923e-02
   &ENTROPYS [&Type "Double"]       4.0639472527854367e-02
   &FREEENERGYG [&Type "Double"]      -8.7432038148261984e+02
   &ISLINEAR [&Type "Boolean"] false
$End
$Hessian
   &GeometryIndex 1
   &ListStatus       OUT
   &HESSIAN [&Type "ArrayOfDoubles", &Dim (36,36)] "The Hessian"
                                                         0                           1                           2                           3                           4                           5                           6                           7

0                                      6.3467976612579147e-01         8.4728956144508125e-03        -1.8832442584886477e-05        -2.3407345533889629e-01         2.6569512438436128e-02         1.3001823481395071e-05        -5.0982008028329577e-02        -3.5271370364016619e-02
1                                      8.4728956144508125e-03         8.1911179124920608e-01         5.6503845912758285e-06         4.2751012608839609e-02        -1.1050361858677296e-01         2.4965333044758282e-08        -5.4577255092249692e-02        -3.5602782399990485e-03
2                                     -1.8832442584886477e-05         5.6503845912758285e-06         9.2810550864157917e-02         1.0179231722966280e-05        -3.2205348818037059e-07        -6.8453091450949716e-02         5.4110425653929823e-07         7.9411877702802110e-08
3                                     -2.3407345533889629e-01         4.2751012608839609e-02         1.0179231722966280e-05         7.3301471242302318e-01         1.5699966344489771e-01        -9.1371439127125006e-06        -3.0120073801351255e-01        -2.2926165607790305e-01
4                                      2.6569512438436128e-02        -1.1050361858677296e-01        -3.2205348818037059e-07         1.5699966344489771e-01         6.9852318132860702e-01         7.4413142580769166e-06        -2.3132186831756538e-01        -3.8934821014274179e-01
5                                      1.3001823481395071e-05         2.4965333044758282e-08        -6.8453091450949716e-02        -9.1371439127125006e-06         7.4413142580769166e-06         1.9981118997937741e-01        -2.6969848655209742e-06        -6.3078823811998326e-06
6                                     -5.0982008028329577e-02        -5.4577255092249692e-02         5.4110425653929823e-07        -3.0120073801351255e-01        -2.3132186831756538e-01        -2.6969848655209742e-06         3.2381377305974174e-01         2.9157490781956835e-01
7                                     -3.5271370364016619e-02        -3.5602782399990485e-03         7.9411877702802110e-08        -2.2926165607790305e-01        -3.8934821014274179e-01        -6.3078823811998326e-06         2.9157490781956835e-01         4.8380060173251804e-01
8                                      1.5859691823266785e-06         1.3474690995135468e-06         2.0675459256033157e-02        -2.9603950929037317e-06        -5.4092322191357750e-06        -8.1812504015862125e-02         1.4759814269923189e-06         5.0611908917981050e-06
9                                     -1.8368747993522595e-02         4.2031319865858757e-02        -2.1692592655692058e-07        -1.8451167331851076e-01         6.7080117712478946e-02         4.3752330595023808e-07         3.1123435043255487e-02        -3.6887517742018469e-02
10                                     3.5806208455906756e-02         6.3295028101260087e-03        -2.5155988149125021e-07         3.1174856952821184e-02        -1.7881695833858044e-01         5.6988877595450669e-07        -8.8971236786095503e-03        -9.7875154842843343e-02
11                                     1.1768834192685829e-06        -1.6790785702998663e-06         9.2858803534862748e-03         9.6505657551409225e-07        -8.2792062043817352e-07        -4.9370945132923727e-02         5.6151510511879012e-08         7.6710082778493121e-07
12                                    -2.5924747601498571e-02        -2.0170780349732700e-02         1.0080182865020851e-06         7.1601100406708015e-02        -4.1050364994391395e-02         1.0182766836379294e-07        -1.0142745611922400e-02         1.8922507295890203e-02
13                                    -1.2765585762444775e-02        -4.4870876431297177e-03        -7.9073873738561209e-07         1.2147363204600281e-02        -5.8539336787705343e-02        -3.0982783948831418e-06         9.9814988582352764e-04         1.1914421838356407e-02
14                                     6.8825859671130988e-07         5.0412795272515373e-07         1.1247070773204625e-03        -1.2618068923864261e-06         2.3176435651685536e-06        -1.2214984600580889e-02         3.0943201085541701e-08        -1.1168479381490779e-06
15                                     4.4412942743592412e-03         4.5844148186146589e-03        -3.8480484109700146e-07        -1.2029037623953309e-02         5.6994316301241972e-03        -8.9536261460861371e-08         2.4974133523113073e-03        -2.5870466940322509e-03
16                                     6.0711099033321225e-03        -1.9144996515370674e-04         2.5879352811353057e-07        -1.3740018927184787e-02         1.7452801956418681e-02         3.9218251141628251e-07        -6.7614109009735829e-04        -1.0123363697654288e-02
17                                    -1.5362966811502934e-07        -9.7662343881865925e-08        -1.3400735817171343e-03         4.6182686785641692e-07        -5.8496375795566009e-07         7.3006854206980375e-03        -2.7261552970600402e-08         2.5681140878815495e-07
18                                     3.6276134259799211e-02        -3.2554446327093620e-03        -6.0918127024391866e-07        -3.1363566615362944e-02         2.4716340416667211e-02         5.1098621333372307e-07         7.2478507553697322e-03        -7.2638429839728133e-03
19                                    -3.2667164936957885e-03        -5.9670221688008049e-02        -8.0049758111292994e-07         2.6940519011208107e-02        -1.0534090795827303e-02         3.8251195299684818e-07        -8.5186401607966651e-03        -2.1595398989984801e-03
20                                    -8.1568689961884682e-07        -1.2164288377814762e-06         1.2156022738072189e-02         9.8058834584970655e-07        -4.9203247541408929e-07        -2.6184017351134530e-03        -3.6001561850260034e-07         1.8729993905782131e-08
21                                    -1.8882281677225105e-01        -1.4415160621687068e-01         2.1495972673804229e-06        -3.4640846451551320e-02        -3.6663489597373020e-02        -1.0862693959947395e-06        -6.0315570951118697e-04         7.4181921345554212e-03
22                                    -1.2324250451647055e-01        -3.5255246743388485e-01        -4.4573611031980040e-07        -6.5602959986758150e-02         2.6776209074035252e-02         6.3078544447057094e-07         1.9114805370009428e-02         4.3548859051625753e-03
23                                     1.9396070243018267e-06        -1.1756060265481445e-07        -5.5843523558362043e-02         5.5226571160936917e-07         2.5811923459267146e-06        -1.7076870972190534e-03         2.2497666076433204e-07        -7.4054504819502582e-07
24                                    -4.5147240406076858e-02        -2.9380006372146730e-03         3.2512568980522296e-07         1.1629942090541653e-02        -7.1331685287911806e-03        -2.2696402484134894e-06        -5.9245978928861923e-03        -1.9373134568360468e-03
25                                    -2.6982310937148552e-02         5.6257153418457911e-03         6.3247241444682732e-07         3.7519266196299455e-03        -4.9124587158898732e-03        -7.2240317048434003e-07        -2.6818652320681766e-03        -2.1866807309949205e-04
26                                     4.1089353734878690e-07         2.4597618456251189e-07         8.1370018084354276e-03         1.7800066838004856e-07        -1.5204946845117439e-07         9.3464261247317541e-03         6.8069489086199207e-08         1.5903878357618059e-07
27                                    -1.1149019824903371e-01         1.2118573878531072e-01         3.6241778001362676e-06        -6.5714617932551775e-03         2.9658206934668398e-02         6.7538536567919579e-07         2.7098856659198960e-03        -2.0430111944798480e-03
28                                     1.1811845416385053e-01        -2.9258005878454935e-01        -4.4807139259436741e-06        -1.1703908007155983e-03         2.4715914897878721e-03        -8.2493663680524738e-07        -1.4345180957556908e-05         4.9118829398168279e-04
29                                     2.6515463367726511e-06        -3.3957643337193976e-06        -2.4672261947244332e-02         6.4235095233795613e-07        -1.2665041294945308e-06         1.0939805398742153e-03        -1.0043149361356705e-07        -2.8434467487689703e-08
30                                     1.2984203437642720e-03         1.5634012640997584e-03         3.0425818089900235e-07        -9.9243728793995817e-03         4.2493188444748288e-03         1.4731221997331922e-06         5.9727220537226199e-04        -2.6712961214643734e-03
31                                     1.1089082081230835e-03        -6.3213331603039352e-03         1.4411757852263606e-07         3.6570085657674022e-02         7.7074515993404841e-03        -4.0173571863087848e-07        -5.6291031220100825e-03         2.0786909413899987e-03
32                                     1.4122944974387663e-07        -1.8266476527169608e-07         3.7167351040479049e-03        -4.6852791966155983e-07         6.8816298380641063e-08         3.3501297578108005e-04        -8.5166884174366259e-09         1.9970796806146835e-07
33                                    -1.8864006141054860e-03         4.7350967234149090e-03         1.5329962721671899e-08        -1.9306028858308449e-03         1.1303329956837333e-03        -8.8217057350032064e-07         8.6361517419156122e-04         5.3665355239757365e-05
34                                     5.1506065378647209e-03        -1.2004938993762197e-03        -4.8794032643896210e-07        -4.9443468641945619e-04        -2.7656208067147140e-04        -1.4609062518912370e-06         5.8226082842300058e-04         6.4542618392771783e-04
35                                     1.0205958058563179e-07        -2.6970364670170875e-07         2.4025933367198935e-03        -1.7037000370198064e-07         2.0283969451740238e-08        -1.7096810078135157e-03         2.2900243848387268e-08         9.4339938021658814e-09
                                                         8                           9                          10                          11                          12                          13                          14                          15

0                                      1.5859691823266785e-06        -1.8368747993522595e-02         3.5806208455906756e-02         1.1768834192685829e-06        -2.5924747601498571e-02        -1.2765585762444775e-02         6.8825859671130988e-07         4.4412942743592412e-03
1                                      1.3474690995135468e-06         4.2031319865858757e-02         6.3295028101260087e-03        -1.6790785702998663e-06        -2.0170780349732700e-02        -4.4870876431297177e-03         5.0412795272515373e-07         4.5844148186146589e-03
2                                      2.0675459256033157e-02        -2.1692592655692058e-07        -2.5155988149125021e-07         9.2858803534862748e-03         1.0080182865020851e-06        -7.9073873738561209e-07         1.1247070773204625e-03        -3.8480484109700146e-07
3                                     -2.9603950929037317e-06        -1.8451167331851076e-01         3.1174856952821184e-02         9.6505657551409225e-07         7.1601100406708015e-02         1.2147363204600281e-02        -1.2618068923864261e-06        -1.2029037623953309e-02
4                                     -5.4092322191357750e-06         6.7080117712478946e-02        -1.7881695833858044e-01        -8.2792062043817352e-07        -4.1050364994391395e-02        -5.8539336787705343e-02         2.3176435651685536e-06         5.6994316301241972e-03
5                                     -8.1812504015862125e-02         4.3752330595023808e-07         5.6988877595450669e-07        -4.9370945132923727e-02         1.0182766836379294e-07        -3.0982783948831418e-06        -1.2214984600580889e-02        -8.9536261460861371e-08
6                                      1.4759814269923189e-06         3.1123435043255487e-02        -8.8971236786095503e-03         5.6151510511879012e-08        -1.0142745611922400e-02         9.9814988582352764e-04         3.0943201085541701e-08         2.4974133523113073e-03
7                                      5.0611908917981050e-06        -3.6887517742018469e-02        -9.7875154842843343e-02         7.6710082778493121e-07         1.8922507295890203e-02         1.1914421838356407e-02        -1.1168479381490779e-06        -2.5870466940322509e-03
8                                      4.1637009532717470e-02         2.2057598341925227e-09         2.4544000382600426e-08         1.8708024940637183e-02         3.1703627627410444e-07         6.2561024049321741e-07         6.9666817003880476e-03        -8.3662174135016252e-08
9                                      2.2057598341925227e-09         8.3105804559485230e-01         3.8414503595975659e-03        -9.5037586102154784e-06        -2.0408238384107286e-01        -7.9141527501958672e-02         2.5538167889395098e-06         3.1590895167140413e-02
10                                     2.4544000382600426e-08         3.8414503595975659e-03         6.6634990567504448e-01        -4.1239368250998089e-06        -3.7361919775906041e-02        -2.1647400258534816e-01         2.3114433336713278e-06        -1.9344175098493607e-02
11                                     1.8708024940637183e-02        -9.5037586102154784e-06        -4.1239368250998089e-06         5.8054263730016327e-02         2.1914649064147527e-06         3.4353916825432389e-06        -5.5331832708313891e-02         1.1248093892908956e-08
12                                     3.1703627627410444e-07        -2.0408238384107286e-01        -3.7361919775906041e-02         2.1914649064147527e-06         6.5141341429304467e-01        -1.1491361586027210e-01        -1.0594075714747821e-05        -1.9809832332264660e-01
13                                     6.2561024049321741e-07        -7.9141527501958672e-02        -2.1647400258534816e-01         3.4353916825432389e-06        -1.1491361586027210e-01         8.9048339051122949e-01         3.5841675675528441e-06         1.9183165620180465e-01
14                                     6.9666817003880476e-03         2.5538167889395098e-06         2.3114433336713278e-06        -5.5331832708313891e-02        -1.0594075714747821e-05         3.5841675675528441e-06         2.0407857846830041e-01         3.0304256895114048e-06
15                                    -8.3662174135016252e-08         3.1590895167140413e-02        -1.9344175098493607e-02         1.1248093892908956e-08        -1.9809832332264660e-01         1.9183165620180465e-01         3.0304256895114048e-06         2.1937741238843952e-01
16                                    -1.2357943055358547e-07         1.2491583874303044e-02        -9.4794791591822802e-02         3.0931531897651848e-07         1.8827486231958546e-01        -5.1814239647288873e-01        -5.2538765033929087e-06        -2.4514216773318540e-01
17                                    -1.8373295336778408e-03         1.1219135092976057e-07         9.3641571991894287e-07         2.1011411945770681e-02         3.0801611940515396e-06        -5.8720120797071541e-06        -8.5143036818970813e-02        -4.3423506582603589e-06
18                                    -2.5532848621951596e-07        -4.7168843889813877e-02        -4.0544396383401932e-02         1.2700715209966765e-06        -2.3152567458165665e-01         1.5062936425332685e-03         3.0283236446916016e-06        -4.9633811514973682e-02
19                                    -2.0145483582185099e-08        -3.8024641228630418e-02         2.1565543697555731e-02         1.1660266779533060e-07        -3.0506397948123390e-02        -1.4333550238365125e-01         5.6467391233588042e-07         7.2692920125955143e-02
20                                    -6.1692545518000528e-04         1.4672439024104634e-06         1.0747486590562005e-06         8.7573560058815704e-03         2.7377519453202766e-06        -4.7590212084973999e-07        -5.5631710504068468e-02         1.8146561207232783e-06
21                                     8.0006633131135885e-07         1.8885685871679620e-03         8.4165305483105239e-04         2.0941686440222231e-07        -2.8534222308606326e-02         3.6076982586402483e-02         6.4929750484516007e-07        -1.3822315296896464e-03
22                                    -2.0723232191334264e-07        -8.9207774039762478e-03        -3.5471634807390615e-02         9.7902845706045090e-07         7.8302600545974155e-02         1.6546786119163964e-02        -1.1676520851170752e-06        -1.4966672870047271e-02
23                                     4.7899613756771584e-03        -9.9251827827335939e-09        -9.1099281351146572e-07         5.8149190699969861e-04         1.3413391798460713e-06         6.1732084034998491e-07        -3.4851083720602357e-03        -1.0747496129990000e-08
24                                     3.4449839715663688e-07        -1.5294603877581635e-03         2.4218042442857657e-03         2.2082216097687028e-07         6.6218375663555330e-03         1.3222270073027379e-03        -1.5318444518078291e-07        -3.1391274316774948e-03
25                                     1.4467392051442703e-07         6.7814448794322661e-04         2.9247108597278801e-03        -1.8223977027722784e-08        -5.4577967290904712e-03        -3.5688354939293712e-03         1.0547641622997454e-07         2.3177944507235307e-03
26                                    -2.2594195010376397e-03        -3.3458940628134437e-08        -1.8265043293311369e-08        -7.7452564144966831e-04        -1.9751681051868312e-08        -1.0636662864352501e-07         2.9766102038834160e-03         4.2692123485143777e-08
27                                    -2.7807658153965454e-07        -6.5481662643977071e-03        -2.6248896762056176e-04         2.6557445503428390e-07        -2.3497518426657087e-03        -1.6258517871609100e-03         4.6441934225333725e-08         6.8556229786000383e-04
28                                     1.1171475854884430e-07        -7.3168361799114210e-04         4.8934037070576513e-04         1.0797458244606034e-07        -2.4852441821027887e-04         4.1157776401402717e-04        -2.5657588991666912e-08        -1.0730561713864252e-05
29                                    -2.2716060979821040e-03         3.5075083413863859e-07         7.5754473882327698e-08         2.6584901803299553e-03         3.9557152298682690e-07        -3.9767886605760793e-08        -1.1080449991952156e-03        -1.5368998019085873e-07
30                                    -2.8310409182403114e-07        -4.2705157768504731e-01         2.9354317782559595e-02         3.7211407232546959e-06        -1.5419113400063654e-02        -1.0641380142305257e-05         3.5625281453645479e-07         1.5641609993406243e-03
