*************************************************
******************* ORCA 6.0.0 ******************
*************************************************
$Calculation_Status
   &GeometryIndex 1
   &ListStatus       OUT
   &VERSION [&Type "String"] "6.0.0"
   &PROGNAME [&Type "String"] "LeanSCF"
   &STATUS [&Type "String"] "NORMAL TERMINATION"
$End
$Geometry
   &GeometryIndex 1
   &ListStatus       OUT
   &NATOMS [&Type "Integer"] 12
   &NCORELESSECP [&Type "Integer"] 0
   &NGHOSTATOMS [&Type "Integer"] 0
   &CartesianCoordinates [&Type "Coordinates", &Dim(12,4), &Units "Bohr"] 
              C     -0.369584522599    2.422319330642    0.000368174587
              C      2.370227456185    2.296839806092    0.000249953131
              O      3.790253203352    4.105742686991    0.000037568322
              N      3.348001740460   -0.188130101672    0.000661337251
              C      2.018252557080   -2.429683467719    0.000021641900
              O      2.964532219065   -4.517164068685   -0.000360308980
              N     -0.605044095207   -2.077000299259   -0.000075695815
              C     -1.713654975643    0.259481648957    0.000109190266
              Cl    -4.992961618449    0.212441568036   -0.000040768007
              H     -1.260837527647    4.257035703856    0.000492305594
              H      5.252041890331   -0.352506270441    0.000463774131
              H     -1.661255775214   -3.664053015868   -0.000559535247
$End
$SCF_Energy
   &GeometryIndex 1
   &ListStatus       OUT
   &SCF_ENERGY [&Type "Double"]      -8.7437455649888761e+02
$End
$DFT_Energy
   &GeometryIndex 1
   &ListStatus       OUT
   &NALPHAEL [&Type "Integer"] 37
   &NBETAEL [&Type "Integer"] 37
   &NTOTALEL [&Type "Integer"] 74
   &EEXCHANGE [&Type "Double"]      -7.9365077728445073e+01
   &ECORR [&Type "Double"]      -2.5818401437890435e+00
   &ECNL [&Type "Double"]       0.0000000000000000e+00
   &EXC [&Type "Double"]      -8.1946917872234110e+01
   &EEMBED [&Type "Double"]       0.0000000000000000e+00
   &FINALEN [&Type "Double"]      -8.7437455649888761e+02  "No Van der Waals correction"
$End
$Mulliken_Population_Analysis
   &GeometryIndex 1
   &ListStatus       OUT
   &NATOMS [&Type "Integer"] 12
   &ATNO [&Type "ArrayOfIntegers", &Dim (12,1)] 
                                                         0

0                                                        6
1                                                        6
2                                                        8
3                                                        7
4                                                        6
5                                                        8
6                                                        7
7                                                        6
8                                                       17
9                                                        1
10                                                       1
11                                                       1
   &ATOMICCHARGES [&Type "ArrayOfDoubles", &Dim (12,1)] 
                                                         0

0                                     -3.1688760730677501e-01
1                                      2.9592584748721951e-01
2                                     -3.4822144204243166e-01
3                                     -2.3251419359578840e-01
4                                      3.2559524913440985e-01
5                                     -3.5118418149201602e-01
6                                     -2.3302807701130668e-01
7                                      2.3508699841947944e-01
8                                     -5.1323786674274174e-02
9                                      1.6099338553968834e-01
10                                     2.5566036715475593e-01
11                                     2.5989744038698559e-01
$End
$Loewdin_Population_Analysis
   &GeometryIndex 1
   &ListStatus       OUT
   &NATOMS [&Type "Integer"] 12
   &ATNO [&Type "ArrayOfIntegers", &Dim (12,1)] 
                                                         0

0                                                        6
1                                                        6
2                                                        8
3                                                        7
4                                                        6
5                                                        8
6                                                        7
7                                                        6
8                                                       17
9                                                        1
10                                                       1
11                                                       1
   &ATOMICCHARGES [&Type "ArrayOfDoubles", &Dim (12,1)] 
                                                         0

0                                     -1.5563628619104541e-01
1                                     -4.2374725752406661e-01
2                                      9.4615003323101021e-02
3                                      2.0075711255000694e-01
4                                     -4.9872444517475945e-01
5                                      8.0885806142291905e-02
6                                      1.8056937197864986e-01
7                                     -4.9542943707477782e-01
8                                      4.3804932465878110e-01
9                                      1.6237566597497022e-01
10                                     2.0964905913104337e-01
11                                     2.0663608220574814e-01
$End
$Mayer_Population_Analysis
   &GeometryIndex 1
   &ListStatus       OUT
   &NATOMS [&Type "Integer"] 12 "Total number of atoms"
   &BONDTHRESH [&Type "Double"]       1.0000000000000001e-01  "The threshold for printing"
   &NBONDORDERSPRINT [&Type "Integer"] 12 "The number of bond orders larger than threshold"
   &BONDORDERS [&Type "ArrayOfDoubles", &Dim (12,1)] "The bond orders"
                                                         0

0                                      1.0818562478339562e+00
1                                      1.5743435349026771e+00
2                                      9.7205685857214852e-01
3                                      2.0113801457191371e+00
4                                      1.0582478427985751e+00
5                                      1.1572292814346421e+00
6                                      8.8442760823548960e-01
7                                      2.0546054974872634e+00
8                                      1.0559565918858911e+00
9                                      1.1422658839366713e+00
10                                     8.9154438099465994e-01
11                                     1.1131604100554233e+00
   &COMPONENTS [&Type "ArrayOfIntegers", &Dim (12,4)] "The indices and atomic numbers of the bonding atoms"
                                                         0                           1                           2                           3

0                                                        0                           6                           1                           6
1                                                        0                           6                           7                           6
2                                                        0                           6                           9                           1
3                                                        1                           6                           2                           8
4                                                        1                           6                           3                           7
5                                                        3                           7                           4                           6
6                                                        3                           7                          10                           1
7                                                        4                           6                           5                           8
8                                                        4                           6                           6                           7
9                                                        6                           7                           7                           6
10                                                       6                           7                          11                           1
11                                                       7                           6                           8                          17
   &ATNO [&Type "ArrayOfIntegers", &Dim (12,1)] "Atomic number of the elements"
                                                         0

0                                                        6
1                                                        6
2                                                        8
3                                                        7
4                                                        6
5                                                        8
6                                                        7
7                                                        6
8                                                       17
9                                                        1
10                                                       1
11                                                       1
   &NA [&Type "ArrayOfDoubles", &Dim (12,1)] "Mulliken gross atomic population"
                                                         0

0                                      6.3168876073067874e+00
1                                      5.7040741525127912e+00
2                                      8.3482214420424281e+00
3                                      7.2325141935957697e+00
4                                      5.6744047508655822e+00
5                                      8.3511841814919396e+00
6                                      7.2330280770113067e+00
7                                      5.7649130015805072e+00
8                                      1.7051323786674185e+01
9                                      8.3900661446031377e-01
10                                     7.4433963284524285e-01
11                                     7.4010255961301452e-01
   &ZA [&Type "ArrayOfDoubles", &Dim (12,1)] "Total nuclear charge"
                                                         0

0                                      6.0000000000000000e+00
1                                      6.0000000000000000e+00
2                                      8.0000000000000000e+00
3                                      7.0000000000000000e+00
4                                      6.0000000000000000e+00
5                                      8.0000000000000000e+00
6                                      7.0000000000000000e+00
7                                      6.0000000000000000e+00
8                                      1.7000000000000000e+01
9                                      1.0000000000000000e+00
10                                     1.0000000000000000e+00
11                                     1.0000000000000000e+00
   &QA [&Type "ArrayOfDoubles", &Dim (12,1)] "Mulliken gross atomic charge"
                                                         0

0                                     -3.1688760730678744e-01
1                                      2.9592584748720885e-01
2                                     -3.4822144204242811e-01
3                                     -2.3251419359576975e-01
4                                      3.2559524913441784e-01
5                                     -3.5118418149193964e-01
6                                     -2.3302807701130668e-01
7                                      2.3508699841949277e-01
8                                     -5.1323786674185357e-02
9                                      1.6099338553968623e-01
10                                     2.5566036715475715e-01
11                                     2.5989744038698548e-01
   &VA [&Type "ArrayOfDoubles", &Dim (12,1)] "Mayer's total valence"
                                                         0

0                                      3.7296666177793067e+00
1                                      4.2978489441017134e+00
2                                      2.1655955728149978e+00
3                                      3.1110294623658676e+00
4                                      4.3907263916131214e+00
5                                      2.1674401446161862e+00
6                                      3.1640078945122783e+00
7                                      3.9824974045815389e+00
8                                      1.2772902360051852e+00
9                                      9.7722220705696949e-01
10                                     9.6146758295412516e-01
11                                     9.5838953251083070e-01
   &BVA [&Type "ArrayOfDoubles", &Dim (12,1)] "Mayer's bonded valence"
                                                         0

0                                      3.7296666177793645e+00
1                                      4.2978489441018208e+00
2                                      2.1655955728150320e+00
3                                      3.1110294623658934e+00
4                                      4.3907263916131098e+00
5                                      2.1674401446163669e+00
6                                      3.1640078945122769e+00
7                                      3.9824974045815824e+00
8                                      1.2772902360053993e+00
9                                      9.7722220705695262e-01
10                                     9.6146758295412083e-01
11                                     9.5838953251083425e-01
   &FA [&Type "ArrayOfDoubles", &Dim (12,1)] "Mayer's free valence"
                                                         0

0                                      0.0000000000000000e+00
1                                      0.0000000000000000e+00
2                                      0.0000000000000000e+00
3                                      0.0000000000000000e+00
4                                      0.0000000000000000e+00
5                                      0.0000000000000000e+00
6                                      0.0000000000000000e+00
7                                      0.0000000000000000e+00
8                                      0.0000000000000000e+00
9                                      0.0000000000000000e+00
10                                     0.0000000000000000e+00
11                                     0.0000000000000000e+00
$End
$VdW_Correction
   &GeometryIndex 1
   &ListStatus       OUT
   &VDW [&Type "Double"]      -4.3421493078586604e-03
$End
$Calculation_Info
   &GeometryIndex 1
   &ListStatus       OUT
   &MULT [&Type "Integer"] 1
   &CHARGE [&Type "Integer"] 0
   &NUMOFATOMS [&Type "Integer"] 12
   &NUMOFELECTRONS [&Type "Integer"] 74
   &NUMOFFCELECTRONS [&Type "Integer"] 1
   &NUMOFCORRELECTRONS [&Type "Integer"] 0
   &NUMOFBASISFUNCTS [&Type "Integer"] 303
   &NUMOFAUXCBASISFUNCTS [&Type "Integer"] 0
   &NUMOFAUXJBASISFUNCTS [&Type "Integer"] 315
   &NUMOFAUXJKBASISFUNCTS [&Type "Integer"] 0
   &NUMOFCABSBASISFUNCTS [&Type "Integer"] 0
   &TOTALENERGY [&Type "Double"]      -8.7436574708549540e+02  "Hartrees"
$End
$SCF_Dipole_Moment
   &GeometryIndex 1
   &ListStatus       OUT
   &METHOD [&Type "String"] "SCF"
   &LEVEL [&Type "String"] "Relaxed density"
   &MULT [&Type "Integer"] 1
   &STATE [&Type "Integer"] -1
   &IRREP [&Type "Integer"] 0
   &NATOMS [&Type "Integer"] 12
   &DODIPOLEATOM [&Type "Boolean"] false
   &DIPOLEELECCONTRIB [&Type "ArrayOfDoubles", &Dim (3,1)] "Electronic contribution"
                                                         0

0                                     -5.9602232230031031e+00
1                                     -3.1720526260189741e-01
2                                     -1.3088374470571421e-04
   &DIPOLENUCCONTRIB [&Type "ArrayOfDoubles", &Dim (3,1)] "Nuclear contribution"
                                                         0

0                                      4.7665831980821869e+00
1                                     -4.1757995606386711e-02
2                                      1.6496261188875315e-04
   &DIPOLETOTAL [&Type "ArrayOfDoubles", &Dim (3,1)] "Total"
                                                         0

0                                     -1.1936400249209163e+00
1                                     -3.5896325820828412e-01
2                                      3.4078867183038941e-05
   &DIPOLEMAGNITUDE [&Type "Double", &Units "a.u."]       1.2464474040239653e+00
$End
$THERMOCHEMISTRY_Energies
   &GeometryIndex 1
   &ListStatus       OUT
   &TEMPERATURE [&Type "Double"]       2.9814999999999998e+02
   &PRESSURE [&Type "Double"]       1.0000000000000000e+00
   &TOTALMASS [&Type "Double"]       1.4653300000000002e+02
   &SPINDEGENERACY [&Type "Integer"] 1
   &ELENERGY [&Type "Double"]      -8.7436574708549540e+02
   &TRANSENERGY [&Type "Double"]       1.4162714244859817e-03
   &ROTENERGY [&Type "Double"]       1.4162714244859817e-03
   &VIBENERGY [&Type "Double"]       4.5341467475191613e-03
   &NUMOFFREQS [&Type "Integer"] 36
   &FREQSCALINGFACTOR [&Type "Double"]       1.0000000000000000e+00
   &FREQ [&Type "ArrayOfDoubles", &Dim (36,1)] "In cm^-1"
                                                         0

0                                      0.0000000000000000e+00
1                                      0.0000000000000000e+00
2                                      0.0000000000000000e+00
3                                      0.0000000000000000e+00
4                                      0.0000000000000000e+00
5                                      0.0000000000000000e+00
6                                      1.3892790379283545e+02
7                                      1.6199203744829742e+02
8                                      1.7668683865509786e+02
9                                      2.5034548108950372e+02
10                                     3.6045301660250828e+02
11                                     4.2164740944966104e+02
12                                     5.0461374167499781e+02
13                                     5.2376221399669657e+02
14                                     5.8073879767315077e+02
15                                     5.9889024423298201e+02
16                                     5.9894891848255327e+02
17                                     6.7892478380639466e+02
18                                     7.2321390107266791e+02
19                                     7.5082943064980589e+02
20                                     8.1810807573844158e+02
21                                     8.7945355756046115e+02
22                                     9.8974877416270510e+02
23                                     1.0043758065047699e+03
24                                     1.0979780643704826e+03
25                                     1.1881686704862495e+03
26                                     1.3071264589510010e+03
27                                     1.3839307262782631e+03
28                                     1.3927273140864143e+03
29                                     1.4796707114636811e+03
30                                     1.6363341329451237e+03
31                                     1.7486584922368718e+03
32                                     1.7909855806916307e+03
33                                     3.2481584870978540e+03
34                                     3.5908352416481116e+03
35                                     3.6208058726100758e+03
   &ZPE [&Type "Double"]       7.6653598919343174e-02
   &INNERENERGYU [&Type "Double"]      -8.7428172679697957e+02
   &ENTHALPYH [&Type "Double"]      -8.7428078258793732e+02
   &QEL [&Type "Double"]       0.0000000000000000e+00
   &QROT [&Type "Double"]       1.4093543188622671e-02
   &QVIB [&Type "Double"]       7.4117664798165547e-03
   &QTRANS [&Type "Double"]       1.9412371775429923e-02
   &ENTROPYS [&Type "Double"]       4.0917681443869147e-02
   &FREEENERGYG [&Type "Double"]      -8.7432170026938115e+02
   &ISLINEAR [&Type "Boolean"] false
$End
$Hessian
   &GeometryIndex 1
   &ListStatus       OUT
   &HESSIAN [&Type "ArrayOfDoubles", &Dim (36,36)] "The Hessian"
                                                         0                           1                           2                           3                           4                           5                           6                           7

0                                      6.1114696128948287e-01         1.7554657244799318e-02         9.8097005750237728e-08        -2.1076757971330101e-01         2.2743120254444041e-02         6.0345479736739103e-06        -5.1455910396314655e-02        -3.4877732695561145e-02
1                                      1.7554657244799318e-02         8.2906437394601096e-01         5.3572607044947704e-05         4.0957249919511635e-02        -1.1141070395840183e-01        -8.1415332985065335e-07        -5.4949729488531600e-02        -2.8481410504399979e-03
2                                      9.8097005750237728e-08         5.3572607044947704e-05         9.2640256587802450e-02         8.9993534122742021e-06        -1.0453224463474015e-05        -6.9755532955413257e-02         5.5889299437791058e-06         5.9916947007832272e-06
3                                     -2.1076757971330101e-01         4.0957249919511635e-02         8.9993534122742021e-06         7.3263049352902720e-01         2.1026297904941282e-01        -2.6676087344985513e-05        -3.2993837807990772e-01        -2.7093277820990513e-01
4                                      2.2743120254444041e-02        -1.1141070395840183e-01        -1.0453224463474015e-05         2.1026297904941282e-01         7.1204833153540337e-01        -5.4283229116009065e-05        -2.7113220393829451e-01        -4.3139579775132997e-01
5                                      6.0345479736739103e-06        -8.1415332985065335e-07        -6.9755532955413257e-02        -2.6676087344985513e-05        -5.4283229116009065e-05         1.9547099205800000e-01         3.3909256691326828e-05         4.6343262228063550e-05
6                                     -5.1455910396314655e-02        -5.4949729488531600e-02         5.5889299437791058e-06        -3.2993837807990772e-01        -2.7113220393829451e-01         3.3909256691326828e-05         3.5253964622293743e-01         3.3253625878688675e-01
7                                     -3.4877732695561145e-02        -2.8481410504399979e-03         5.9916947007832272e-06        -2.7093277820990513e-01        -4.3139579775132997e-01         4.6343262228063550e-05         3.3253625878688675e-01         5.2627285949899971e-01
8                                      6.1105227927595318e-06         4.6493607340195461e-06         2.0800506416575885e-02         3.5762927571347043e-05         5.0871500320121854e-05        -7.4739473991452282e-02        -4.5057951495349198e-05        -6.7186357539228940e-05
9                                     -1.7257386557456796e-02         4.1524948746760812e-02        -3.7626888658492472e-06        -1.7965415959098480e-01         5.8582945560448796e-02        -1.6309764426810841e-05         3.1511427563044689e-02        -3.7042399600274785e-02
10                                     3.5699766717765702e-02         6.2532430254807793e-03         5.8679274079057774e-06         1.9744702799877736e-02        -1.5274774313648887e-01         2.7896224658887717e-05        -9.5996318002316144e-03        -9.8728405547398396e-02
11                                     9.5605580353810216e-07        -3.1426356402467838e-08         8.9066623421774314e-03        -1.3298153422361736e-05         1.4259073891842481e-05        -4.9356122099854349e-02         5.7409497763774198e-06         1.1144239423842704e-05
12                                    -2.6144140382372845e-02        -2.0470654852208978e-02        -5.1744125630866505e-06         7.1302114194694816e-02        -4.3208978948103938e-02         1.2699276310762260e-05        -1.0049727426104573e-02         1.9829895118869949e-02
13                                    -1.2363883610295584e-02        -4.0803594504677469e-03        -1.5480196571441403e-06         1.1894508426208209e-02        -5.5793015559781667e-02        -1.9761824379673374e-06         1.1726268433980662e-03         1.2053227335012726e-02
14                                    -2.8786285283449652e-06        -1.2195355878559179e-06         1.3283660659693607e-03         1.0735675159238072e-05        -1.7730481637259014e-05        -1.3494730255385209e-02         3.4918931930160375e-07         1.4215288482965806e-05
15                                     4.5583879350227074e-03         4.6285729806121280e-03         5.3487014313471716e-07        -1.2359245523752170e-02         6.2975662330483550e-03        -3.7474026347558155e-06         2.5190325230210839e-03        -2.8506209453003223e-03
16                                     6.0733790938037931e-03        -2.9103569552034730e-04         2.7460782516649300e-06        -1.3509022151487634e-02         1.8308139805327441e-02        -8.0652949627527224e-06        -8.1310488397128705e-04        -1.0431531449176549e-02
17                                     1.3782436851354030e-06         4.6961158714372489e-07        -1.3397873938010411e-03        -6.4371998266495226e-06        -2.6071559197548974e-07         7.4425748200358677e-03         6.3947558615857064e-07        -2.8922500949428449e-06
18                                     3.6270307145320840e-02        -3.3931613109327088e-03         1.7001315611498474e-06        -3.1098150396101358e-02         2.4565375633987908e-02        -1.2944093059732227e-06         7.1476552697020412e-03        -7.3523318689830783e-03
19                                    -3.8346220393147383e-03        -6.0306125791748585e-02        -9.3550788911657620e-06         2.7633610796708737e-02        -1.0735606289256589e-02         1.7733579734270879e-06        -8.6973281268763712e-03        -2.0230787150752562e-03
20                                     3.4326961862980232e-06        -6.6340318060238490e-06         1.2033504711539359e-02         3.5168137277043421e-07         3.7995306074370719e-06        -2.5879155778844335e-03        -8.7269470951708322e-07        -2.7187065881933709e-06
21                                    -1.9141555097498056e-01        -1.4983823342508357e-01        -1.8868167427404934e-05        -3.3653101559531884e-02        -3.5812748150238334e-02        -8.1260903513840509e-07        -5.9135119216316250e-04         7.2411727335439761e-03
22                                    -1.2868719608942539e-01        -3.5903738706410943e-01        -3.0364898713008878e-05        -6.5219410469269282e-02         2.6998117935679754e-02        -1.2611343183826603e-06         1.9461832326993372e-02         4.1926493995961354e-03
23                                    -2.2560077446305399e-05        -3.7412167818719208e-05        -5.4314184518746034e-02        -1.3864890133131142e-06         2.9071308965276684e-06        -2.1047672900239931e-03         1.4353085820119875e-06        -3.8701775794605088e-07
24                                    -4.4104423102835313e-02        -3.0638185998371342e-03        -1.2057369779818818e-06         1.1795456246428642e-02        -7.0254561632158300e-03        -2.6233691117550685e-06        -5.9804353030014851e-03        -1.8875714805957934e-03
25                                    -2.6651300545781666e-02         5.5449577136467698e-03        -7.5891221496787331e-07         4.0561202375133136e-03        -4.9920222590988071e-03        -1.5807411086635455e-06        -2.7924217315986656e-03        -2.0186629087031198e-04
26                                    -2.9952981090705898e-06         2.0953710902079854e-06         7.8854352829995800e-03        -2.8017704487967086e-07        -8.4719058760414706e-07         9.3100696313828477e-03        -9.9163122900118527e-07        -4.5810412618195532e-07
27                                    -1.1020089737570707e-01         1.2088296534120083e-01         9.7866756509609854e-06        -6.4922052150282877e-03         2.9671555135966317e-02         7.3513325805509410e-07         2.6834737842158039e-03        -2.2288078841544738e-03
28                                     1.1768330404502880e-01        -2.9517266022163968e-01        -1.7422071708364544e-05        -1.2469404046944882e-03         2.3001154822838467e-03        -9.2871315437105227e-09         9.5912092578323560e-05         5.5765414433538510e-04
29                                     1.0909359795727627e-05        -1.5362134600264240e-05        -2.4309179980509833e-02        -2.9054195840229547e-06         1.1359753097375661e-06         1.1713358838103104e-03         7.2124696312353454e-07        -6.4403863722371619e-08
30                                     1.2073414621399277e-03         1.6387212404723088e-03        -1.7977369406650398e-08        -9.7579603876433892e-03         3.8245854181609279e-03        -2.6373024985010180e-07         7.3749465065525710e-04        -2.4925169483644601e-03
31                                     1.2445288543328353e-03        -6.3366684489700948e-03         7.0198603446144784e-07         3.6800484903802257e-02         7.7391950832622087e-03        -5.5684020255534691e-06        -5.8396618083297533e-03         1.9038621978271118e-03
32                                     2.3358902831094641e-07         1.6637279272407088e-06         3.6796667695690975e-03        -7.6373652884544105e-06         5.1833637407807920e-06         4.7733230055159188e-04        -5.9894376158309782e-07        -2.4078638617973701e-06
33                                    -1.8371093289981282e-03         4.7929293126389317e-03         6.2373318308302516e-07        -2.0072835039001060e-03         1.2293302871547781e-03         8.1747385680183467e-07         8.7707238391515965e-04         4.5140042527808469e-05
34                                     5.1515316608020546e-03        -1.3794930038409335e-03         5.8447290302350489e-08        -4.3957527044952236e-04        -3.1901088759887005e-04         1.2508218251489700e-06         5.6974467928788512e-04         6.4856822851928030e-04
35                                     9.7808411612441366e-07        -1.3763966383573919e-08         2.4442866718369901e-03         3.0293802768621302e-07         1.7130243750701269e-06        -1.8337625237671059e-03        -4.0878070836566848e-07        -9.0398257020443969e-07
                                                         8                           9                          10                          11                          12                          13                          14                          15

0                                      6.1105227927595318e-06        -1.7257386557456796e-02         3.5699766717765702e-02         9.5605580353810216e-07        -2.6144140382372845e-02        -1.2363883610295584e-02        -2.8786285283449652e-06         4.5583879350227074e-03
1                                      4.6493607340195461e-06         4.1524948746760812e-02         6.2532430254807793e-03        -3.1426356402467838e-08        -2.0470654852208978e-02        -4.0803594504677469e-03        -1.2195355878559179e-06         4.6285729806121280e-03
2                                      2.0800506416575885e-02        -3.7626888658492472e-06         5.8679274079057774e-06         8.9066623421774314e-03        -5.1744125630866505e-06        -1.5480196571441403e-06         1.3283660659693607e-03         5.3487014313471716e-07
3                                      3.5762927571347043e-05        -1.7965415959098480e-01         1.9744702799877736e-02        -1.3298153422361736e-05         7.1302114194694816e-02         1.1894508426208209e-02         1.0735675159238072e-05        -1.2359245523752170e-02
4                                      5.0871500320121854e-05         5.8582945560448796e-02        -1.5274774313648887e-01         1.4259073891842481e-05        -4.3208978948103938e-02        -5.5793015559781667e-02        -1.7730481637259014e-05         6.2975662330483550e-03
5                                     -7.4739473991452282e-02        -1.6309764426810841e-05         2.7896224658887717e-05        -4.9356122099854349e-02         1.2699276310762260e-05        -1.9761824379673374e-06        -1.3494730255385209e-02        -3.7474026347558155e-06
6                                     -4.5057951495349198e-05         3.1511427563044689e-02        -9.5996318002316144e-03         5.7409497763774198e-06        -1.0049727426104573e-02         1.1726268433980662e-03         3.4918931930160375e-07         2.5190325230210839e-03
7                                     -6.7186357539228940e-05        -3.7042399600274785e-02        -9.8728405547398396e-02         1.1144239423842704e-05         1.9829895118869949e-02         1.2053227335012726e-02         1.4215288482965806e-05        -2.8506209453003223e-03
8                                      3.4680023485389018e-02         5.3065613715626610e-06         1.3914962723558983e-05         1.8231557139538192e-02        -3.7729321074041444e-06        -5.6557642957501026e-06         7.0685735341413794e-03         5.1664210483763767e-07
9                                      5.3065613715626610e-06         8.3080685092410866e-01         8.8053346701455308e-03        -1.6605592881503536e-06        -1.9894901894219444e-01        -7.4044794957925500e-02        -3.2265990665144363e-05         3.1737681174089594e-02
10                                     1.3914962723558983e-05         8.8053346701455308e-03         6.3038991262829824e-01         3.7360383255881514e-05        -2.8677554623858389e-02        -2.0830986371821458e-01        -4.8979263725256294e-05        -2.0409709004289553e-02
11                                     1.8231557139538192e-02        -1.6605592881503536e-06         3.7360383255881514e-05         5.7603396900412225e-02        -2.2120142597026779e-05        -3.2478303065050625e-05        -5.4721074687804044e-02         1.0622446052692477e-06
12                                    -3.7729321074041444e-06        -1.9894901894219444e-01        -2.8677554623858389e-02        -2.2120142597026779e-05         6.1553959962795224e-01        -1.3811824913306051e-01         1.2274223313131855e-06        -1.9939072923035348e-01
13                                    -5.6557642957501026e-06        -7.4044794957925500e-02        -2.0830986371821458e-01        -3.2478303065050625e-05        -1.3811824913306051e-01         9.3308360679456182e-01         1.5051705088033268e-04         2.1188231230421831e-01
14                                     7.0685735341413794e-03        -3.2265990665144363e-05        -4.8979263725256294e-05        -5.4721074687804044e-02         1.2274223313131855e-06         1.5051705088033268e-04         2.0070956779911656e-01         3.8917131582557831e-05
15                                     5.1664210483763767e-07         3.1737681174089594e-02        -2.0409709004289553e-02         1.0622446052692477e-06        -1.9939072923035348e-01         2.1188231230421831e-01         3.8917131582557831e-05         2.2004620474607089e-01
16                                     3.6941783864373564e-06         1.1357904882933692e-02        -9.3696039337290912e-02        -2.2128655910290849e-05         2.0844737633158034e-01        -5.7230061819551914e-01        -9.8955268252842876e-05        -2.6519906357626788e-01
17                                    -1.8793334184022726e-03         8.0920149675868248e-06        -2.6409346639759408e-05         2.0465400683422907e-02         3.1541580646739222e-05        -7.9917367017957354e-05        -7.9723999969068510e-02        -4.3227400437515989e-05
18                                     8.6839988933602606e-07        -4.8280494197010970e-02        -4.0835877235114282e-02        -1.0748301623951977e-05        -2.0219059257794739e-01        -2.7418821075625432e-05        -8.3604371875090489e-06        -4.8613494082194300e-02
19                                     8.6447742937045633e-07        -3.7884126991544621e-02         2.2277524193166247e-02         1.8907803461144573e-06        -3.4667842379625294e-02        -1.4320343801982632e-01        -2.5115130123249699e-05         7.3698663696659283e-02
20                                    -5.5464453777201775e-04        -1.6302636044511568e-05        -2.6249939841172425e-07         8.6240925872390212e-03        -1.4490751295081362e-05        -1.8853738994336018e-05        -5.6386688403675347e-02         9.0099256344312299e-06
21                                    -9.7504624730559649e-07         1.5738175121124340e-03         7.6479465416187144e-04        -5.7384196215514158e-07        -2.6049452660306990e-02         3.4625855160667990e-02         4.9296839693789907e-06        -1.6235987438681615e-03
22                                    -1.1528670601797022e-06        -9.0531449127363248e-03        -3.5626173572388016e-02        -4.6393143301033786e-06         7.7858340196607700e-02         1.5994333436475675e-02         1.0164517314419625e-05        -1.5167942954814696e-02
23                                     4.7256651610637348e-03        -1.3237385125221141e-06        -3.1981846112032184e-06         7.9313476294756865e-04         7.0898183199751555e-06         5.1109438811471448e-06        -4.4122679568151194e-03        -1.1714211510442775e-06
24                                     8.7389317379185205e-08        -1.5680755882796862e-03         2.3511961664921012e-03        -2.5908782046164752e-07         7.1121465784204458e-03         1.2510577358721851e-03         1.4897833830681867e-06        -3.2785183234485234e-03
25                                     4.0829023489344121e-07         6.9738860873903949e-04         3.0669454034640453e-03         4.6766319857148260e-07        -5.6479007913103133e-03        -3.3824962761379133e-03        -1.3654512570437029e-06         2.3594636547043433e-03
26                                    -2.2623709867236378e-03         8.3545995119214177e-08        -1.6270314182182427e-07        -7.6253144260912296e-04         6.7603257218029876e-07        -8.3348748659824451e-07         2.9480175431093260e-03        -2.4033574420821093e-07
27                                    -3.3392784116054448e-07        -6.6165229348301349e-03        -4.0876925005540500e-05         4.7763747430603584e-07        -2.4783835491312524e-03        -1.6655730410980400e-03        -1.4865314521166911e-07         7.0749606515164857e-04
28                                    -1.1388814057137311e-07        -6.8057790236323440e-04         5.0143766214371787e-04         5.0681928765549523e-08        -2.3506182839851987e-04         3.8078586037135383e-04        -8.7794936080439120e-07         1.6314645862020027e-05
29                                    -2.2193291683710713e-03        -1.0872152288760399e-06        -1.0098882240058313e-06         2.6125363408397036e-03         1.5810951211325793e-06         4.6644887480028672e-07        -1.0794537558765475e-03        -2.5525812130453342e-07
30                                     1.6456278326234062e-06        -4.3664154029947805e-01         2.9364194173184005e-02         3.8808116113074720e-05        -1.5413711198323625e-02         5.3083304955930249e-04        -3.3833176402264237e-06         1.6624619788188112e-03
