
$orca_hessian_file

$act_atom
  0

$act_coord
  0

$act_energy
        0.000000

$multiplicity
  1

$hessian
48
                    0                  1                  2                  3                  4        
    0      7.3498200680E-01   8.4344306728E-02   6.5872208786E-04  -3.2854342809E-01  -2.0269603965E-01
    1      8.4344306728E-02   7.0896463354E-01   2.6544122738E-03  -1.8873221647E-01  -2.9385456723E-01
    2      6.5872208786E-04   2.6544122738E-03   1.0134625987E-01  -9.3145151740E-04  -1.0694405800E-03
    3     -3.2854342809E-01  -1.8873221647E-01  -9.3145151740E-04   6.7189106653E-01   1.1542345633E-01
    4     -2.0269603965E-01  -2.9385456723E-01  -1.0694405800E-03   1.1542345633E-01   7.2974895240E-01
    5     -9.3964921559E-04  -1.0277245360E-03  -4.9533759010E-02   6.2682852714E-04   2.1035066364E-03
    6     -4.3554784918E-02  -9.9967375159E-03  -2.3007079952E-05  -2.0998887522E-01   4.5127578643E-02
    7     -1.9524287283E-02   1.6390347307E-02   2.3330708658E-05   2.1952112405E-02  -1.1604036250E-01
    8     -8.3167463859E-05   4.3711085613E-05   5.5746849134E-03   8.7489563821E-05  -1.3132350479E-04
    9      1.2210065960E-03   4.8583397593E-03   2.3252788997E-05  -4.2349394628E-02  -2.9522384956E-02
   10      7.2134035877E-03   6.2464069051E-04   3.7472648205E-06  -8.5482914664E-03   8.3141807302E-03
   11      9.2079594259E-06   3.5213193795E-06   1.9677010011E-03   2.1141496331E-06   1.4652467405E-05
   12     -2.8804021674E-03   2.8520436614E-04  -8.2844894762E-06   3.9661733226E-03  -3.1057482603E-03
   13      5.0598945567E-04   1.2310798454E-03   7.2354512417E-06  -4.5194169857E-03  -4.6698168356E-03
   14      6.4060487077E-06  -1.2992506682E-06  -1.6208255326E-04   1.5817436210E-05  -2.5043486031E-06
   15      2.2650343843E-04   1.3001661205E-03   2.4140444334E-07  -3.6840824097E-03  -1.4896968380E-03
   16     -5.7642791688E-04   1.5622733317E-03  -5.2293208314E-06  -1.9530922163E-03  -1.2241024300E-03
   17      1.7968732704E-06  -8.8067586081E-07  -1.3561020006E-04   6.5839248371E-06   2.2832492151E-06
   18     -1.5411581088E-03  -3.7654089430E-03   1.0962674963E-06   1.0860060872E-02   1.7127745921E-03
   19     -1.5705748280E-03  -1.1778113479E-03  -6.1990349719E-06   1.8003274763E-03  -6.3677473871E-03
   20      8.1936013032E-06  -5.3695884055E-06  -4.6046912112E-04   1.2278779870E-05   1.2482830558E-05
   21      2.2685717754E-03   5.3234610908E-03   2.5288601619E-06  -2.3498627783E-02   3.3180507972E-02
   22     -5.4285925446E-03  -3.5338551593E-03   5.4318656968E-06   2.3663978971E-02  -5.7130010116E-04
   23     -2.1791893444E-05  -1.4166490533E-05   7.8784022653E-04   4.4186132436E-05  -2.3257582786E-05
   24     -3.0368883052E-01   8.6741869897E-02   1.9384371611E-04  -2.0261007608E-02   1.0250936286E-02
   25      9.2172391255E-02  -8.7359830099E-02  -1.8888817465E-04  -2.2990249049E-02   8.7817419405E-03
   26      2.0763005375E-04  -1.8761167735E-04  -3.0598536103E-02  -1.2044530214E-04   2.9742569582E-05
   27     -6.4053050664E-02   4.3797974407E-02   1.8582525100E-04   9.9557482946E-03  -2.4278174551E-02
   28      4.0783010086E-02  -3.2279767042E-01  -1.3250950172E-03   4.5940720249E-03  -1.9348463514E-02
   29      1.5986139662E-04  -1.3536369183E-03  -3.4308019685E-02   5.9512123839E-05  -1.0835772967E-04
   30      6.6400466052E-03  -2.6117254161E-02  -1.0336737735E-04  -6.8492303393E-02   5.8600827660E-02
   31      5.0471405585E-03  -2.0272400790E-02  -9.2959470919E-05   5.8360783584E-02  -3.0647747918E-01
   32     -5.1232932840E-06  -1.2766229276E-04   5.3702210394E-03   2.3414967303E-04  -8.3187073132E-04
   33      1.5227120594E-04   3.7401172227E-04   2.6295149395E-06   1.0268550667E-03  -2.3857622417E-03
   34     -5.9556636687E-04   4.9736195792E-04  -7.0888894470E-07   3.0376099840E-03   6.0904425503E-04
   35     -3.3470082924E-06  -2.9238892898E-06   5.0448415675E-05  -7.2765820243E-06   8.4393901582E-06
   36     -5.7864267510E-04   3.1337287714E-04   1.1878880591E-06  -4.4079848128E-04  -1.6635405247E-03
   37      1.8744900511E-05  -4.9451253936E-05   3.0625913435E-07   1.7960702862E-04   1.9996672492E-04
   38      2.6991573418E-07   4.0903892979E-07  -9.5615082937E-05   5.7728873596E-07   8.6438511286E-07
   39     -7.6554609513E-05  -9.9110996652E-05  -6.6601489223E-08   1.6156093070E-04   3.2846173685E-05
   40     -2.5495399896E-05   3.8827073976E-05  -5.8786811052E-07  -1.9457845795E-05   1.0292833418E-04
   41     -3.1573310395E-07   2.4780144612E-06   1.1120700797E-04  -5.0908937261E-06  -7.4018999652E-07
   42     -5.0202069757E-05  -3.3326431215E-05   1.1276094585E-06   3.1369612068E-04   1.7208128653E-03
   43      1.2146138062E-04   1.0036049097E-06  -7.2791853627E-07  -1.2371947190E-04  -2.9683220655E-04
   44     -6.2407528787E-07  -3.0237039496E-07   5.0286507358E-05  -2.3490077804E-06  -9.9258062921E-07
   45     -5.2335259218E-04   1.4610033944E-03  -1.1231125515E-06  -9.1664351741E-04  -9.1929566521E-04
   46      1.5488018885E-04  -2.6458105938E-04  -3.5392855859E-06  -2.1146021388E-03   1.0938569925E-03
   47     -1.2244641051E-06   1.5957693841E-05   3.5442773068E-05  -2.5149025563E-05  -1.2398507033E-05
                    5                  6                  7                  8                  9        
    0     -9.3964921559E-04  -4.3554784918E-02  -1.9524287283E-02  -8.3167463859E-05   1.2210065960E-03
    1     -1.0277245360E-03  -9.9967375159E-03   1.6390347307E-02   4.3711085613E-05   4.8583397593E-03
    2     -4.9533759010E-02  -2.3007079952E-05   2.3330708658E-05   5.5746849134E-03   2.3252788997E-05
    3      6.2682852714E-04  -2.0998887522E-01   2.1952112405E-02   8.7489563821E-05  -4.2349394628E-02
    4      2.1035066364E-03   4.5127578643E-02  -1.1604036250E-01  -1.3132350479E-04  -2.9522384956E-02
    5      1.3194672144E-01   1.5275218418E-04  -8.3636752763E-05  -6.4118175942E-02   1.6144249831E-05
    6      1.5275218418E-04   6.3508409989E-01   1.5312919041E-03  -3.1805432319E-04  -1.9131984296E-01
    7     -8.3636752763E-05   1.5312919041E-03   6.6119427689E-01   3.3208462676E-05  -5.9985397414E-02
    8     -6.4118175942E-02  -3.1805432319E-04   3.3208462676E-05   1.5973115712E-01   1.3357633162E-04
    9      1.6144249831E-05  -1.9131984296E-01  -5.9985397414E-02   1.3357633162E-04   6.7431951877E-01
   10     -5.4471934543E-06  -1.1181837539E-01  -2.3425093096E-01   9.0189291802E-05  -3.4200525237E-02
   11      4.1229193034E-03   1.4952016048E-04   3.5232519029E-05  -6.7129949810E-02  -4.2318619268E-04
   12      7.8719680740E-06  -4.4600405239E-02  -5.6309345271E-02   4.6508097180E-05  -3.2530618962E-01
   13      2.5086758345E-06  -1.5272838011E-02   4.5556805842E-02   1.3010754731E-05   2.6413587783E-03
   14      7.6687111018E-03   2.8107556072E-05   1.6933440004E-05   7.0051690030E-03   2.0462525435E-04
   15     -7.9359248869E-06   3.0289864160E-03  -1.1065877380E-02  -4.0409536805E-06  -1.1118307771E-02
   16      3.3831060501E-06  -9.2534633545E-03  -6.1214954799E-02   9.0560076390E-06   8.0807369540E-02
   17     -1.1507026466E-03  -1.1655523838E-05   3.2811536366E-05  -7.6482076987E-03   8.3249412859E-06
   18      1.1111077736E-05  -1.6173627940E-02   7.8727248094E-02   1.7549386590E-05  -5.3543642642E-02
   19     -2.4547072014E-06   3.5635231559E-02   1.3723767363E-02  -1.9869760425E-05  -2.0126345325E-02
   20      6.4461066539E-03  -1.0198486001E-05  -7.4263617111E-05   6.6747983772E-03   3.7397826458E-05
   21      3.6253531727E-06  -1.3752475043E-01   2.6247474222E-02   3.7142667039E-05   5.1911602837E-02
   22     -2.6880586141E-06   7.0930998379E-02  -2.7833214932E-01  -1.1013081092E-05  -3.6691278706E-02
   23      3.4042481460E-03   1.7317598561E-05   5.8743433046E-05  -6.8301012533E-02  -4.4231394827E-05
   24      2.9387881721E-05   1.2628709145E-04  -4.0190850332E-03  -1.3349391347E-05  -1.0420325184E-03
   25      5.5050533221E-06  -2.1258636064E-03  -2.7731940316E-03  -6.1216299733E-05  -7.7076504302E-04
   26      3.6893579994E-03   5.3079854129E-06  -6.1350934735E-05   1.1631838874E-02  -2.2433289429E-05
   27     -1.0278744794E-04   6.6554053567E-04   1.0695756581E-03   7.8027888479E-06   7.7519579361E-05
   28     -9.9248497774E-05   2.3354976646E-03   1.8469466111E-05   4.1754880448E-05  -3.2711850354E-04
   29      5.3441233601E-03  -1.1624460484E-05   3.1595335159E-05  -7.2347291645E-03   1.4357293152E-05
   30      2.1978658308E-04  -6.3410219760E-03   2.9835676454E-02   8.7458230990E-05   1.2765884982E-03
   31     -8.7170499345E-04   5.8262743697E-04  -7.8710440476E-03  -2.0335322827E-05  -2.4731474761E-03
   32     -3.9402725956E-02  -3.4004445699E-05  -2.1482455547E-05   2.7948889532E-03  -1.9451996726E-06
   33     -1.1056034049E-05   9.2726074981E-03  -1.7658282818E-02  -3.2677946070E-06  -8.9439101635E-02
   34     -6.4301054573E-06   1.0676926070E-02  -1.9982694918E-02  -4.8600980021E-06   8.6416356851E-02
   35     -4.2087160723E-03  -4.8018745502E-06   1.7056687020E-05   3.0024182299E-03   4.0826401855E-05
   36     -5.0154253582E-08  -4.9105649961E-03   2.9261788783E-03   9.4132730681E-06  -1.5107163969E-02
   37     -1.6025987022E-06   1.8338692965E-03   1.5062635886E-03  -2.3753005742E-06   4.8288284770E-03
   38      2.7459463578E-04   1.2391821166E-05   1.4212414745E-06   7.7511814057E-03   5.9761481794E-06
   39     -1.0564029688E-06   6.0255966790E-04  -4.0090829362E-04  -1.1643470502E-06   1.6408199189E-03
   40     -8.6527464597E-07  -2.5997970147E-04  -1.4205938455E-03  -2.3420183884E-07   1.2775707987E-03
   41     -1.2370322688E-03   4.2943574548E-06   1.5783367121E-06  -1.0619502085E-03   1.4956760124E-06
   42      1.9594865128E-06  -5.9211323547E-03  -1.9079031506E-04   8.1517442482E-06  -1.1719526630E-03
   43     -1.5132645025E-06   7.4697461766E-04   2.1952557167E-03   2.4947526264E-06  -7.4988489223E-04
   44      2.1338186631E-04   1.5705910287E-05  -3.1746306568E-06   8.3580769099E-03   1.1700479864E-06
   45     -4.7074026790E-06   1.1554924938E-02   6.9617553177E-03  -1.4989402091E-05  -4.9427788395E-05
   46     -2.6732625579E-06  -2.0771077121E-02  -1.8699261743E-02   2.9051976657E-05   4.0401942993E-03
   47     -3.4590526087E-03   3.0890212536E-05  -1.9252952244E-05   2.9698115677E-03  -7.5879501722E-06
                   10                 11                 12                 13                 14        
    0      7.2134035877E-03   9.2079594259E-06  -2.8804021674E-03   5.0598945567E-04   6.4060487077E-06
    1      6.2464069051E-04   3.5213193795E-06   2.8520436614E-04   1.2310798454E-03  -1.2992506682E-06
    2      3.7472648205E-06   1.9677010011E-03  -8.2844894762E-06   7.2354512417E-06  -1.6208255326E-04
    3     -8.5482914664E-03   2.1141496331E-06   3.9661733226E-03  -4.5194169857E-03   1.5817436210E-05
    4      8.3141807302E-03   1.4652467405E-05  -3.1057482603E-03  -4.6698168356E-03  -2.5043486031E-06
    5     -5.4471934543E-06   4.1229193034E-03   7.8719680740E-06   2.5086758345E-06   7.6687111018E-03
    6     -1.1181837539E-01   1.4952016048E-04  -4.4600405239E-02  -1.5272838011E-02   2.8107556072E-05
    7     -2.3425093096E-01   3.5232519029E-05  -5.6309345271E-02   4.5556805842E-02   1.6933440004E-05
    8      9.0189291802E-05  -6.7129949810E-02   4.6508097180E-05   1.3010754731E-05   7.0051690030E-03
    9     -3.4200525237E-02  -4.2318619268E-04  -3.2530618962E-01   2.6413587783E-03   2.0462525435E-04
   10      7.0414810635E-01  -3.6807666725E-05   6.1271124158E-02  -1.3318572251E-01  -3.8121398810E-05
   11     -3.6807666725E-05   1.3106616047E-01   2.1262976494E-04   7.3184384099E-06  -5.9056963462E-02
   12      6.1271124158E-02   2.1262976494E-04   6.8424717111E-01   3.9289239179E-02  -4.2945071339E-04
   13     -1.3318572251E-01   7.3184384099E-06   3.9289239179E-02   7.0231812625E-01  -1.2338715777E-04
   14     -3.8121398810E-05  -5.9056963462E-02  -4.2945071339E-04  -1.2338715777E-04   1.2894521809E-01
   15      3.7123622875E-02   4.8771349709E-06  -1.5146044958E-01   9.5280372697E-02   4.4558318514E-05
   16      1.0077951679E-02  -7.0138154383E-05   3.5603816806E-02  -3.0544047893E-01   9.9900459137E-06
   17     -3.0731426072E-05   7.4933204390E-03   5.4439664539E-05  -2.4721169716E-05  -5.9646181647E-02
   18     -1.7508522715E-02   4.3822925331E-05   5.6602822429E-02  -4.1185308170E-02  -3.1550610659E-05
   19     -7.0575561879E-03   1.6288371710E-05   9.2757514288E-04  -5.5957398210E-02   9.2772072796E-06
   20      1.6489468044E-05  -8.5635871344E-03  -3.1864458211E-05   4.3569230464E-05   8.1776435163E-03
   21     -1.7662856353E-03  -4.7988763375E-05  -3.5338966405E-02   3.0280507998E-02   1.9164434530E-05
   22     -5.1514467094E-02   5.7928020367E-05   2.9202745211E-02  -2.4526943683E-02  -2.1558573108E-05
   23      9.4271005995E-06   1.0214626398E-02   2.6114594307E-05  -2.6790468630E-05  -7.7635900937E-03
   24      7.7507787953E-04  -9.5884283068E-07  -1.7724308066E-04  -4.4203156588E-04   4.3116231831E-06
   25      6.7470943184E-04   1.3363392646E-06  -1.0225028777E-04  -2.2053791868E-04   3.8294937946E-06
   26      6.0968011534E-06   1.1916641140E-04   5.0467910232E-06  -9.5701790096E-06  -8.7291594700E-04
   27      4.2022538612E-05   1.7318031488E-06   5.6749251389E-05   2.6655760822E-04  -4.6873384519E-07
   28     -2.1635526175E-04   2.6005339334E-06   9.9922160419E-05  -1.4478005832E-05   2.7970806547E-06
   29      4.0797691710E-06  -2.8279412689E-05  -5.8312497130E-06   8.2706954337E-06   4.2190094494E-05
   30      2.5008281899E-03  -6.9588324093E-06  -2.2652766952E-04  -3.4988507451E-04  -3.5026164577E-07
   31      1.0158347337E-03   9.9675960423E-06   4.1853976909E-04   2.2190685660E-04   5.6646039146E-06
   32      2.3527343915E-06  -1.0834786918E-03   2.3704836622E-06   1.9879096205E-06  -1.0217507180E-04
   33      8.6972000763E-02   3.5479461261E-05  -6.0288812638E-03   3.0708894398E-02  -1.7389191034E-06
   34     -2.9658216716E-01  -4.0125317692E-05  -1.7412165369E-04  -1.8984402291E-03   1.0348800582E-05
   35     -3.5835449983E-05  -3.3855158795E-02   2.6840842497E-06  -2.7000206720E-05   1.9888445810E-03
   36     -2.6402619068E-02   1.7340051876E-05  -1.6898416562E-01  -1.3390622681E-01   1.1934920976E-04
   37      7.1232612642E-03  -2.8658938422E-06  -1.3401904650E-01  -2.2128432358E-01   1.2761203620E-04
   38      1.9513726158E-05   1.7904159351E-03   1.1432204065E-04   1.2037512879E-04  -3.4686004637E-02
   39      2.4382987358E-03   5.8082112752E-06  -7.3358434955E-03  -7.2247314852E-04   8.1693258901E-06
   40     -5.5304859213E-03   1.1140468656E-06   3.0389529948E-02  -6.0482545060E-05  -2.0072914134E-05
   41     -2.0089944127E-06   7.6373986405E-03  -1.6328215145E-06   4.1695224488E-06   1.9481813818E-03
   42     -7.0438728579E-04   1.4742880362E-06  -2.1722076374E-03  -3.5384073612E-03   5.6866178329E-06
   43      6.8843327339E-04   1.0762477566E-06  -4.6230283558E-03  -2.0085797590E-03   1.1034614775E-05
   44     -6.2116955243E-08  -5.4867406768E-04   5.5803488182E-06   7.3952682073E-06   6.9564235393E-03
   45      2.5894571169E-03   7.3237879907E-06  -3.6163432856E-04   9.2219074719E-04   2.4322890501E-06
   46     -4.3294330506E-03   1.3643141563E-06   8.8731985693E-04  -6.0716588621E-05   4.5193701575E-06
   47     -5.3450914047E-06   5.8543827769E-03   4.4270194216E-06   5.6505648705E-07  -4.4246789965E-04
                   15                 16                 17                 18                 19        
    0      2.2650343843E-04  -5.7642791688E-04   1.7968732704E-06  -1.5411581088E-03  -1.5705748280E-03
    1      1.3001661205E-03   1.5622733317E-03  -8.8067586081E-07  -3.7654089430E-03  -1.1778113479E-03
    2      2.4140444334E-07  -5.2293208314E-06  -1.3561020006E-04   1.0962674963E-06  -6.1990349719E-06
    3     -3.6840824097E-03  -1.9530922163E-03   6.5839248371E-06   1.0860060872E-02   1.8003274763E-03
    4     -1.4896968380E-03  -1.2241024300E-03   2.2832492151E-06   1.7127745921E-03  -6.3677473871E-03
    5     -7.9359248869E-06   3.3831060501E-06  -1.1507026466E-03   1.1111077736E-05  -2.4547072014E-06
    6      3.0289864160E-03  -9.2534633545E-03  -1.1655523838E-05  -1.6173627940E-02   3.5635231559E-02
    7     -1.1065877380E-02  -6.1214954799E-02   3.2811536366E-05   7.8727248094E-02   1.3723767363E-02
    8     -4.0409536805E-06   9.0560076390E-06  -7.6482076987E-03   1.7549386590E-05  -1.9869760425E-05
    9     -1.1118307771E-02   8.0807369540E-02   8.3249412859E-06  -5.3543642642E-02  -2.0126345325E-02
   10      3.7123622875E-02   1.0077951679E-02  -3.0731426072E-05  -1.7508522715E-02  -7.0575561879E-03
   11      4.8771349709E-06  -7.0138154383E-05   7.4933204390E-03   4.3822925331E-05   1.6288371710E-05
   12     -1.5146044958E-01   3.5603816806E-02   5.4439664539E-05   5.6602822429E-02   9.2757514288E-04
   13      9.5280372697E-02  -3.0544047893E-01  -2.4721169716E-05  -4.1185308170E-02  -5.5957398210E-02
   14      4.4558318514E-05   9.9900459137E-06  -5.9646181647E-02  -3.1550610659E-05   9.2772072796E-06
   15      7.2944252710E-01  -1.7950253026E-02  -4.4562450731E-04  -2.0680407913E-01  -1.2530009206E-01
   16     -1.7950253026E-02   6.5082329491E-01  -8.4177997394E-05  -6.5411408083E-02  -2.4131636469E-01
   17     -4.4562450731E-04  -8.4177997394E-05   1.2729387918E-01   1.1921900837E-04   1.4246812164E-04
   18     -2.0680407913E-01  -6.5411408083E-02   1.1921900837E-04   6.6567939604E-01  -2.7937345172E-02
   19     -1.2530009206E-01  -2.4131636469E-01   1.4246812164E-04  -2.7937345172E-02   7.1965918904E-01
   20      1.3491265973E-04   9.8081782274E-05  -6.0089591142E-02  -3.7144942574E-04  -1.9134358383E-04
   21     -4.5548890061E-02  -5.9542859696E-02   5.0795731096E-05  -3.3322463687E-01   6.5169295801E-02
   22     -1.6647818828E-02   4.5783568839E-02   5.9704440695E-07   5.0757497011E-03  -1.3371977246E-01
   23      5.6243764553E-05   4.6160791937E-05   7.4613199856E-03   1.9295922803E-04  -2.7268481139E-05
   24      7.0134141903E-05  -1.2508849176E-05  -2.3013400039E-06  -3.0241230085E-05   1.1172833275E-04
   25      1.1192277830E-04   2.2908160943E-05  -1.0303740996E-06  -6.2277567036E-05   4.0004717586E-04
   26      3.1947462794E-06   7.5416810401E-06   1.9480399379E-04  -7.6511703538E-06  -2.0459912748E-06
   27     -2.7926088830E-05  -1.1591246564E-06  -1.8787991487E-07   2.7725106452E-05   3.0223541811E-04
   28      1.2363637739E-04   5.5723778850E-05  -2.5650326259E-06  -4.9285873499E-05   6.0575635134E-04
   29     -1.3831361597E-06  -1.0305675192E-05  -9.2873318195E-05   9.2088623932E-06   9.7206603969E-06
   30      7.9483414185E-05  -3.0506887482E-04   1.9645519104E-06   3.8334523038E-04   1.8185271465E-03
   31     -9.9552529310E-05   3.1179021890E-04  -2.0246306260E-06  -2.6951707620E-04  -5.9841152406E-04
   32      2.5352075062E-06   4.6988143707E-06   1.9073503670E-04  -1.2475554140E-05  -4.9851724210E-06
   33     -5.9563850475E-03  -2.1100044602E-04   1.1857394272E-05  -9.9047709995E-04  -6.1076592719E-04
   34      9.8632179684E-04   2.2322631519E-03  -6.1298780210E-06  -8.1253196219E-04   4.6806869310E-04
   35      1.1944750184E-05   1.3554565168E-06   7.3992616919E-03   1.8759692560E-06   1.6769882202E-06
   36      1.0425401301E-02   9.5374767293E-03  -1.0725203716E-05   4.6545952749E-04   2.7069710870E-03
   37     -2.1541172068E-02  -1.7868284158E-02   1.3190598970E-05   3.7979858576E-03  -4.5404594788E-03
   38     -1.8452575159E-06  -7.3997597241E-06   2.1574089340E-03   3.9167942211E-06  -3.8831738831E-07
   39     -3.2435040216E-01   4.6343709735E-02   2.0211457757E-04  -1.5826444207E-02   6.4691297172E-03
   40      4.6299695331E-02  -6.6795107826E-02  -2.6490805947E-05  -2.4677000491E-02   8.5418792338E-03
   41      2.0545810017E-04  -2.5372022928E-05  -3.3433044755E-02   1.2852407938E-05  -7.9430385842E-06
   42      1.0979556474E-02  -1.9879907442E-02   3.6002718232E-06  -9.0222976726E-02   8.7134395271E-02
   43      1.1295425034E-02  -1.8467255886E-02  -6.2871486528E-06   8.7423820420E-02  -2.9957435890E-01
   44     -1.2758439297E-05   1.4079407576E-05   2.0550222398E-03   4.6513251365E-06   6.1793184708E-05
   45     -5.3020700313E-03   2.7859134283E-03   6.6425365280E-06  -1.5661525258E-02  -2.6488821195E-02
   46      1.5921625108E-03   1.4567746465E-03  -9.6494308099E-07   4.8995549449E-03   6.9111723249E-03
   47      1.2777111792E-05   2.9293686349E-06   7.9504599097E-03  -5.5152743954E-06   1.6972412933E-05
                   20                 21                 22                 23                 24        
    0      8.1936013032E-06   2.2685717754E-03  -5.4285925446E-03  -2.1791893444E-05  -3.0368883052E-01
    1     -5.3695884055E-06   5.3234610908E-03  -3.5338551593E-03  -1.4166490533E-05   8.6741869897E-02
    2     -4.6046912112E-04   2.5288601619E-06   5.4318656968E-06   7.8784022653E-04   1.9384371611E-04
    3      1.2278779870E-05  -2.3498627783E-02   2.3663978971E-02   4.4186132436E-05  -2.0261007608E-02
    4      1.2482830558E-05   3.3180507972E-02  -5.7130010116E-04  -2.3257582786E-05   1.0250936286E-02
    5      6.4461066539E-03   3.6253531727E-06  -2.6880586141E-06   3.4042481460E-03   2.9387881721E-05
    6     -1.0198486001E-05  -1.3752475043E-01   7.0930998379E-02   1.7317598561E-05   1.2628709145E-04
    7     -7.4263617111E-05   2.6247474222E-02  -2.7833214932E-01   5.8743433046E-05  -4.0190850332E-03
    8      6.6747983772E-03   3.7142667039E-05  -1.1013081092E-05  -6.8301012533E-02  -1.3349391347E-05
    9      3.7397826458E-05   5.1911602837E-02  -3.6691278706E-02  -4.4231394827E-05  -1.0420325184E-03
   10      1.6489468044E-05  -1.7662856353E-03  -5.1514467094E-02   9.4271005995E-06   7.7507787953E-04
   11     -8.5635871344E-03  -4.7988763375E-05   5.7928020367E-05   1.0214626398E-02  -9.5884283068E-07
   12     -3.1864458211E-05  -3.5338966405E-02   2.9202745211E-02   2.6114594307E-05  -1.7724308066E-04
   13      4.3569230464E-05   3.0280507998E-02  -2.4526943683E-02  -2.6790468630E-05  -4.4203156588E-04
   14      8.1776435163E-03   1.9164434530E-05  -2.1558573108E-05  -7.7635900937E-03   4.3116231831E-06
   15      1.3491265973E-04  -4.5548890061E-02  -1.6647818828E-02   5.6243764553E-05   7.0134141903E-05
   16      9.8081782274E-05  -5.9542859696E-02   4.5783568839E-02   4.6160791937E-05  -1.2508849176E-05
   17     -6.0089591142E-02   5.0795731096E-05   5.9704440695E-07   7.4613199856E-03  -2.3013400039E-06
   18     -3.7144942574E-04  -3.3322463687E-01   5.0757497011E-03   1.9295922803E-04  -3.0241230085E-05
   19     -1.9134358383E-04   6.5169295801E-02  -1.3371977246E-01  -2.7268481139E-05   1.1172833275E-04
   20      1.2960464153E-01   1.9509138745E-04   3.1039057299E-05  -5.7748179606E-02  -7.4533763850E-07
   21      1.9509138745E-04   7.0097439723E-01   4.0029726766E-02  -4.9894700984E-04   3.6399434670E-04
   22      3.1039057299E-05   4.0029726766E-02   6.7824366993E-01  -2.7220930701E-04  -3.1025426165E-04
   23     -5.7748179606E-02  -4.9894700984E-04  -2.7220930701E-04   1.3046759098E-01   1.2852161966E-06
   24     -7.4533763850E-07   3.6399434670E-04  -3.1025426165E-04   1.2852161966E-06   3.2434899716E-01
   25      1.5840834434E-06   9.0347547200E-05  -9.0362641594E-04   4.5685927607E-06  -9.1592258534E-02
   26     -2.9278899658E-05   1.2031786987E-05  -3.7083006015E-06  -3.4994348165E-04  -2.0472840673E-04
   27      2.5454703544E-06  -1.0122620833E-03  -1.1143795499E-03  -1.3471939237E-06  -6.1173627501E-04
   28      1.9507003671E-06   1.9787693247E-04   4.1698857238E-05   5.4954013073E-06  -1.4655595383E-03
   29     -3.4727686843E-04  -1.2166626951E-05  -1.5147099167E-05  -1.1653934609E-04  -8.8182244413E-06
   30     -6.6067016094E-06  -5.9859531080E-03  -1.0733361185E-03   1.2537388955E-05   1.0296199951E-03
   31      1.3418156651E-06   1.1760220634E-03   1.2523385155E-03  -1.2068904494E-05  -1.5042294614E-04
   32      2.5033174238E-05   1.5024243808E-05  -5.6500856092E-06   2.5338446964E-03   5.5679243730E-06
   33     -2.7681020873E-08  -2.2008084477E-03  -3.3047574256E-03   7.8363864454E-06   4.8648032162E-06
   34      3.3313992110E-06  -4.6427669344E-03  -2.0563190882E-03   4.7737565321E-06  -6.6700843758E-05
   35     -4.5758733146E-04   6.2123553941E-06   7.3704643058E-06   5.6111904738E-03  -1.2555536760E-06
   36      5.9916121026E-06  -4.7479107159E-04   1.1291055686E-03   2.0921916615E-06  -1.5495477988E-04
   37      2.4306821109E-06   1.0952519847E-03  -2.6524511432E-05   1.0093316033E-06   3.2195513504E-06
   38      7.4273243881E-03   9.8382947333E-08  -1.4274160441E-06  -6.1702191426E-04   6.6964905905E-07
   39      8.0169889770E-06  -4.7703753479E-04  -4.2126602032E-03   9.3084460529E-06  -7.8504661456E-06
   40      1.5689847717E-05  -3.0997356145E-03  -3.5098584433E-03   5.6714719006E-06   1.7832880200E-05
   41      1.7464342748E-03   5.0304578339E-06   6.6592523740E-06   7.1360339602E-03   5.6514002205E-07
   42      3.0856719284E-06  -6.3967971682E-03   3.0833577266E-02  -7.9299074626E-06  -5.2557092075E-05
   43      5.6635604777E-05  -2.0234544131E-04  -2.1578189847E-03   2.4578492246E-06   1.3998691105E-05
   44     -3.4898500867E-02   4.4743685843E-06  -1.8348967931E-05   1.8276037061E-03   4.0711964964E-08
   45      2.3756874835E-05  -1.6383504523E-01  -1.3210870457E-01   2.0728289682E-04   8.2556031227E-05
   46     -9.3485722312E-06  -1.3351057872E-01  -2.2446864088E-01   2.3300138660E-04   3.0199007023E-05
   47      2.4924890550E-03   2.0496592663E-04   2.4717730381E-04  -3.4548011601E-02   4.1760692750E-06
                   25                 26                 27                 28                 29        
    0      9.2172391255E-02   2.0763005375E-04  -6.4053050664E-02   4.0783010086E-02   1.5986139662E-04
    1     -8.7359830099E-02  -1.8761167735E-04   4.3797974407E-02  -3.2279767042E-01  -1.3536369183E-03
    2     -1.8888817465E-04  -3.0598536103E-02   1.8582525100E-04  -1.3250950172E-03  -3.4308019685E-02
    3     -2.2990249049E-02  -1.2044530214E-04   9.9557482946E-03   4.5940720249E-03   5.9512123839E-05
    4      8.7817419405E-03   2.9742569582E-05  -2.4278174551E-02  -1.9348463514E-02  -1.0835772967E-04
    5      5.5050533221E-06   3.6893579994E-03  -1.0278744794E-04  -9.9248497774E-05   5.3441233601E-03
    6     -2.1258636064E-03   5.3079854129E-06   6.6554053567E-04   2.3354976646E-03  -1.1624460484E-05
    7     -2.7731940316E-03  -6.1350934735E-05   1.0695756581E-03   1.8469466111E-05   3.1595335159E-05
    8     -6.1216299733E-05   1.1631838874E-02   7.8027888479E-06   4.1754880448E-05  -7.2347291645E-03
    9     -7.7076504302E-04  -2.2433289429E-05   7.7519579361E-05  -3.2711850354E-04   1.4357293152E-05
   10      6.7470943184E-04   6.0968011534E-06   4.2022538612E-05  -2.1635526175E-04   4.0797691710E-06
   11      1.3363392646E-06   1.1916641140E-04   1.7318031488E-06   2.6005339334E-06  -2.8279412689E-05
   12     -1.0225028777E-04   5.0467910232E-06   5.6749251389E-05   9.9922160419E-05  -5.8312497130E-06
   13     -2.2053791868E-04  -9.5701790096E-06   2.6655760822E-04  -1.4478005832E-05   8.2706954337E-06
   14      3.8294937946E-06  -8.7291594700E-04  -4.6873384519E-07   2.7970806547E-06   4.2190094494E-05
   15      1.1192277830E-04   3.1947462794E-06  -2.7926088830E-05   1.2363637739E-04  -1.3831361597E-06
   16      2.2908160943E-05   7.5416810401E-06  -1.1591246564E-06   5.5723778850E-05  -1.0305675192E-05
   17     -1.0303740996E-06   1.9480399379E-04  -1.8787991487E-07  -2.5650326259E-06  -9.2873318195E-05
   18     -6.2277567036E-05  -7.6511703538E-06   2.7725106452E-05  -4.9285873499E-05   9.2088623932E-06
   19      4.0004717586E-04  -2.0459912748E-06   3.0223541811E-04   6.0575635134E-04   9.7206603969E-06
   20      1.5840834434E-06  -2.9278899658E-05   2.5454703544E-06   1.9507003671E-06  -3.4727686843E-04
   21      9.0347547200E-05   1.2031786987E-05  -1.0122620833E-03   1.9787693247E-04  -1.2166626951E-05
   22     -9.0362641594E-04  -3.7083006015E-06  -1.1143795499E-03   4.1698857238E-05  -1.5147099167E-05
   23      4.5685927607E-06  -3.4994348165E-04  -1.3471939237E-06   5.4954013073E-06  -1.1653934609E-04
   24     -9.1592258534E-02  -2.0472840673E-04  -6.1173627501E-04  -1.4655595383E-03  -8.8182244413E-06
   25      8.4753167206E-02   2.1453524805E-04   2.5765987044E-02  -5.2730413891E-03  -1.4507770126E-05
   26      2.1453524805E-04   2.1878478912E-02   1.1052691298E-04  -2.5139366049E-05   2.1904172625E-03
   27      2.5765987044E-02   1.1052691298E-04   6.0085050671E-02  -4.3726688488E-02  -1.6689777404E-04
   28     -5.2730413891E-03  -2.5139366049E-05  -4.3726688488E-02   3.4665080556E-01   1.4627194853E-03
   29     -1.4507770126E-05   2.1904172625E-03  -1.6689777404E-04   1.4627194853E-03   2.1389988183E-02
   30     -1.6951659354E-04   4.6362395490E-06  -2.8888883861E-03  -3.3106519139E-03  -2.2651443611E-05
   31      1.2951442091E-03   3.2733349329E-05  -3.1099241105E-03  -7.6319285802E-04  -3.8906126617E-05
   32      3.6478107385E-05  -7.7046148578E-03  -1.9471436099E-05  -5.6750375886E-05   1.1569407897E-02
   33      3.4345419714E-05  -3.9932184602E-07   1.0625108196E-04   3.1736525543E-05   1.2377552366E-06
   34     -4.9385367868E-05   8.0433077778E-07   1.8275328887E-04   1.9949146351E-04   3.3259381134E-06
   35     -9.3448457243E-07   2.0638126776E-04  -8.8358289905E-08  -1.8297848557E-06   1.2112556991E-04
   36     -1.1020549027E-04  -1.7340312969E-06   2.6658190374E-05  -4.1054510958E-05  -6.4358317261E-08
   37      9.0747094655E-06   1.3472182102E-07   9.1533803669E-06  -1.3690722537E-05   1.9317043994E-07
   38     -1.0259790117E-07  -2.5707378510E-05   1.2889838586E-07   7.5124126942E-08   5.8834526889E-06
   39      3.7960607889E-05   6.1805671053E-07   3.2738257903E-05   5.6510943532E-05   4.0029704187E-07
   40      3.4794960190E-05   1.5819064999E-07   4.8036440737E-05   5.7644351512E-05   7.6298430396E-07
   41     -1.6411197268E-07  -7.0998767045E-05  -5.1851451017E-07  -5.3140052072E-07   2.0532151136E-04
   42     -4.0844034028E-05  -7.6029654005E-08  -5.2021712162E-06  -5.8985788904E-05  -1.3505500059E-06
   43      2.2068372096E-06  -7.9921130566E-08  -1.9021771178E-05  -6.3583190639E-06   1.3028165789E-06
   44      2.9821155471E-07  -9.3442598350E-06  -2.8754571869E-07   3.6806695322E-07   3.4396752401E-05
   45     -1.3476540010E-04   7.8414353775E-07  -2.4349153005E-03   6.4101112168E-04  -1.4299328552E-05
   46      6.0582059052E-04   2.4582006223E-07   8.8112259096E-04   8.0366065941E-04   9.6479105315E-06
   47     -3.7776588351E-06  -2.4910502567E-04  -1.5996816436E-05   2.6407554099E-06   1.2248637110E-03
                   30                 31                 32                 33                 34        
    0      6.6400466052E-03   5.0471405585E-03  -5.1232932840E-06   1.5227120594E-04  -5.9556636687E-04
    1     -2.6117254161E-02  -2.0272400790E-02  -1.2766229276E-04   3.7401172227E-04   4.9736195792E-04
    2     -1.0336737735E-04  -9.2959470919E-05   5.3702210394E-03   2.6295149395E-06  -7.0888894470E-07
    3     -6.8492303393E-02   5.8360783584E-02   2.3414967303E-04   1.0268550667E-03   3.0376099840E-03
    4      5.8600827660E-02  -3.0647747918E-01  -8.3187073132E-04  -2.3857622417E-03   6.0904425503E-04
    5      2.1978658308E-04  -8.7170499345E-04  -3.9402725956E-02  -1.1056034049E-05  -6.4301054573E-06
    6     -6.3410219760E-03   5.8262743697E-04  -3.4004445699E-05   9.2726074981E-03   1.0676926070E-02
    7      2.9835676454E-02  -7.8710440476E-03  -2.1482455547E-05  -1.7658282818E-02  -1.9982694918E-02
    8      8.7458230990E-05  -2.0335322827E-05   2.7948889532E-03  -3.2677946070E-06  -4.8600980021E-06
    9      1.2765884982E-03  -2.4731474761E-03  -1.9451996726E-06  -8.9439101635E-02   8.6416356851E-02
   10      2.5008281899E-03   1.0158347337E-03   2.3527343915E-06   8.6972000763E-02  -2.9658216716E-01
   11     -6.9588324093E-06   9.9675960423E-06  -1.0834786918E-03   3.5479461261E-05  -4.0125317692E-05
   12     -2.2652766952E-04   4.1853976909E-04   2.3704836622E-06  -6.0288812638E-03  -1.7412165369E-04
   13     -3.4988507451E-04   2.2190685660E-04   1.9879096205E-06   3.0708894398E-02  -1.8984402291E-03
   14     -3.5026164577E-07   5.6646039146E-06  -1.0217507180E-04  -1.7389191034E-06   1.0348800582E-05
   15      7.9483414185E-05  -9.9552529310E-05   2.5352075062E-06  -5.9563850475E-03   9.8632179684E-04
   16     -3.0506887482E-04   3.1179021890E-04   4.6988143707E-06  -2.1100044602E-04   2.2322631519E-03
   17      1.9645519104E-06  -2.0246306260E-06   1.9073503670E-04   1.1857394272E-05  -6.1298780210E-06
   18      3.8334523038E-04  -2.6951707620E-04  -1.2475554140E-05  -9.9047709995E-04  -8.1253196219E-04
   19      1.8185271465E-03  -5.9841152406E-04  -4.9851724210E-06  -6.1076592719E-04   4.6806869310E-04
   20     -6.6067016094E-06   1.3418156651E-06   2.5033174238E-05  -2.7681020873E-08   3.3313992110E-06
   21     -5.9859531080E-03   1.1760220634E-03   1.5024243808E-05  -2.2008084477E-03  -4.6427669344E-03
   22     -1.0733361185E-03   1.2523385155E-03  -5.6500856092E-06  -3.3047574256E-03  -2.0563190882E-03
   23      1.2537388955E-05  -1.2068904494E-05   2.5338446964E-03   7.8363864454E-06   4.7737565321E-06
   24      1.0296199951E-03  -1.5042294614E-04   5.5679243730E-06   4.8648032162E-06  -6.6700843758E-05
   25     -1.6951659354E-04   1.2951442091E-03   3.6478107385E-05   3.4345419714E-05  -4.9385367868E-05
   26      4.6362395490E-06   3.2733349329E-05  -7.7046148578E-03  -3.9932184602E-07   8.0433077778E-07
   27     -2.8888883861E-03  -3.1099241105E-03  -1.9471436099E-05   1.0625108196E-04   1.8275328887E-04
   28     -3.3106519139E-03  -7.6319285802E-04  -5.6750375886E-05   3.1736525543E-05   1.9949146351E-04
   29     -2.2651443611E-05  -3.8906126617E-05   1.1569407897E-02   1.2377552366E-06   3.3259381134E-06
   30      7.5515479184E-02  -6.0131671692E-02  -1.8892302967E-04  -5.8076525143E-04  -1.2646365007E-03
   31     -6.0131671692E-02   3.3124165927E-01   9.9629814791E-04   4.2820698176E-04   5.4615669653E-04
   32     -1.8892302967E-04   9.9629814791E-04   2.5995576482E-02   3.1538689568E-06   3.4867767359E-06
   33     -5.8076525143E-04   4.2820698176E-04   3.1538689568E-06   9.3724741769E-02  -9.4675020248E-02
   34     -1.2646365007E-03   5.4615669653E-04   3.4867767359E-06  -9.4675020248E-02   3.1671159047E-01
   35      2.4095415718E-06  -5.9503604079E-06   2.8166761361E-04  -4.2776605517E-05   3.6322608773E-05
   36     -2.5226974224E-05   6.3152431319E-05   8.6063376419E-08   1.0285869785E-03   2.4386304493E-04
   37     -1.8067398625E-06  -1.8524642546E-06  -8.8729692750E-08  -2.8068248908E-04   7.6914883423E-04
   38     -3.2800672444E-08  -2.8037570807E-07  -3.7231432541E-05  -3.2308842470E-06  -6.8235020123E-07
   39      2.4775446737E-06   1.8167935249E-05  -3.1559127979E-07  -5.3157864489E-04  -7.2622968510E-05
   40     -1.0284924769E-04   5.9579580469E-05   5.5346824886E-07   1.6080517836E-03  -2.4040570831E-04
   41     -1.3032396387E-08  -1.5799557919E-06   2.0646238992E-05   1.1239877321E-06  -9.7061571483E-07
   42     -5.2736176314E-04   1.8065812951E-04   5.1929321534E-08   8.5565510269E-05   8.2548505035E-05
   43      1.0914694892E-04  -3.2502813313E-05   6.7873545841E-07   8.3514104963E-05  -2.5897300341E-05
   44     -7.0407851586E-07   6.3102422854E-07  -3.4332394326E-04  -1.0584934765E-06   1.9197716936E-08
   45      1.4100804988E-04  -1.5295923579E-04  -3.0517913503E-07   3.2625347707E-04   6.8532994369E-04
   46      7.3566693221E-05   7.2473593205E-05  -1.2848362444E-06  -1.1222321099E-03  -1.1978157476E-03
   47      4.3935674975E-07   2.4135891082E-06  -1.0847117797E-04  -3.9158487384E-07   2.3839273236E-06
                   35                 36                 37                 38                 39        
    0     -3.3470082924E-06  -5.7864267510E-04   1.8744900511E-05   2.6991573418E-07  -7.6554609513E-05
    1     -2.9238892898E-06   3.1337287714E-04  -4.9451253936E-05   4.0903892979E-07  -9.9110996652E-05
    2      5.0448415675E-05   1.1878880591E-06   3.0625913435E-07  -9.5615082937E-05  -6.6601489223E-08
    3     -7.2765820243E-06  -4.4079848128E-04   1.7960702862E-04   5.7728873596E-07   1.6156093070E-04
    4      8.4393901582E-06  -1.6635405247E-03   1.9996672492E-04   8.6438511286E-07   3.2846173685E-05
    5     -4.2087160723E-03  -5.0154253582E-08  -1.6025987022E-06   2.7459463578E-04  -1.0564029688E-06
    6     -4.8018745502E-06  -4.9105649961E-03   1.8338692965E-03   1.2391821166E-05   6.0255966790E-04
    7      1.7056687020E-05   2.9261788783E-03   1.5062635886E-03   1.4212414745E-06  -4.0090829362E-04
    8      3.0024182299E-03   9.4132730681E-06  -2.3753005742E-06   7.7511814057E-03  -1.1643470502E-06
    9      4.0826401855E-05  -1.5107163969E-02   4.8288284770E-03   5.9761481794E-06   1.6408199189E-03
   10     -3.5835449983E-05  -2.6402619068E-02   7.1232612642E-03   1.9513726158E-05   2.4382987358E-03
   11     -3.3855158795E-02   1.7340051876E-05  -2.8658938422E-06   1.7904159351E-03   5.8082112752E-06
   12      2.6840842497E-06  -1.6898416562E-01  -1.3401904650E-01   1.1432204065E-04  -7.3358434955E-03
   13     -2.7000206720E-05  -1.3390622681E-01  -2.2128432358E-01   1.2037512879E-04  -7.2247314852E-04
   14      1.9888445810E-03   1.1934920976E-04   1.2761203620E-04  -3.4686004637E-02   8.1693258901E-06
   15      1.1944750184E-05   1.0425401301E-02  -2.1541172068E-02  -1.8452575159E-06  -3.2435040216E-01
   16      1.3554565168E-06   9.5374767293E-03  -1.7868284158E-02  -7.3997597241E-06   4.6343709735E-02
   17      7.3992616919E-03  -1.0725203716E-05   1.3190598970E-05   2.1574089340E-03   2.0211457757E-04
   18      1.8759692560E-06   4.6545952749E-04   3.7979858576E-03   3.9167942211E-06  -1.5826444207E-02
   19      1.6769882202E-06   2.7069710870E-03  -4.5404594788E-03  -3.8831738831E-07   6.4691297172E-03
   20     -4.5758733146E-04   5.9916121026E-06   2.4306821109E-06   7.4273243881E-03   8.0169889770E-06
   21      6.2123553941E-06  -4.7479107159E-04   1.0952519847E-03   9.8382947333E-08  -4.7703753479E-04
   22      7.3704643058E-06   1.1291055686E-03  -2.6524511432E-05  -1.4274160441E-06  -4.2126602032E-03
   23      5.6111904738E-03   2.0921916615E-06   1.0093316033E-06  -6.1702191426E-04   9.3084460529E-06
   24     -1.2555536760E-06  -1.5495477988E-04   3.2195513504E-06   6.6964905905E-07  -7.8504661456E-06
   25     -9.3448457243E-07  -1.1020549027E-04   9.0747094655E-06  -1.0259790117E-07   3.7960607889E-05
   26      2.0638126776E-04  -1.7340312969E-06   1.3472182102E-07  -2.5707378510E-05   6.1805671053E-07
   27     -8.8358289905E-08   2.6658190374E-05   9.1533803669E-06   1.2889838586E-07   3.2738257903E-05
   28     -1.8297848557E-06  -4.1054510958E-05  -1.3690722537E-05   7.5124126942E-08   5.6510943532E-05
   29      1.2112556991E-04  -6.4358317261E-08   1.9317043994E-07   5.8834526889E-06   4.0029704187E-07
   30      2.4095415718E-06  -2.5226974224E-05  -1.8067398625E-06  -3.2800672444E-08   2.4775446737E-06
   31     -5.9503604079E-06   6.3152431319E-05  -1.8524642546E-06  -2.8037570807E-07   1.8167935249E-05
   32      2.8166761361E-04   8.6063376419E-08  -8.8729692750E-08  -3.7231432541E-05  -3.1559127979E-07
   33     -4.2776605517E-05   1.0285869785E-03  -2.8068248908E-04  -3.2308842470E-06  -5.3157864489E-04
   34      3.6322608773E-05   2.4386304493E-04   7.6914883423E-04  -6.8235020123E-07  -7.2622968510E-05
   35      2.4123336630E-02  -3.8782602625E-06  -2.3855845003E-07  -3.8303355889E-03   6.8675713428E-07
   36     -3.8782602625E-06   1.7758070374E-01   1.4511222168E-01  -1.3398157563E-04   7.3157233287E-04
   37     -2.3855845003E-07   1.4511222168E-01   2.3421064525E-01  -1.3652393185E-04   1.8853245498E-04
   38     -3.8303355889E-03  -1.3398157563E-04  -1.3652393185E-04   2.4879918331E-02  -2.8989217706E-06
