
$orca_hessian_file

$act_atom
  0

$act_coord
  0

$act_energy
        0.000000

$multiplicity
  1

$hessian
48
                    0                  1                  2                  3                  4        
    0      7.4118230814E-01  -8.6462035031E-02  -6.1529238624E-03  -3.3271650821E-01   2.0493507475E-01
    1     -8.6462035031E-02   7.1032675681E-01   2.4325062802E-02   1.9093197436E-01  -2.9368399229E-01
    2     -6.1529238624E-03   2.4325062802E-02   1.0160904706E-01   8.9998969435E-03  -1.0156954119E-02
    3     -3.3271650821E-01   1.9093197436E-01   8.9998969435E-03   6.7888224961E-01  -1.1693130434E-01
    4      2.0493507475E-01  -2.9368399229E-01  -1.0156954119E-02  -1.1693130434E-01   7.2890459413E-01
    5      9.2629962756E-03  -9.9210793416E-03  -4.9604471780E-02  -6.4766781581E-03   2.0786756864E-02
    6     -4.3456362567E-02   9.9322256180E-03   2.8165239800E-04  -2.1262037017E-01  -4.5404185355E-02
    7      1.9458254383E-02   1.6331551840E-02   1.7890464019E-04  -2.2305201451E-02  -1.1592179307E-01
    8      7.9988335911E-04   4.3053350751E-04   5.5328883577E-03  -4.8570521718E-04  -1.0525925819E-03
    9      1.2783895378E-03  -4.8509163788E-03  -2.3277287168E-04  -4.2430274775E-02   2.9518827304E-02
   10     -7.2411523949E-03   6.1758806002E-04   6.7694597020E-05   8.5690078888E-03   8.3721958676E-03
   11     -7.5719749874E-05   5.3249712996E-05   1.9720187550E-03   8.4332550073E-05   7.2386339558E-05
   12     -2.8844731352E-03  -2.7528864950E-04   7.5922899296E-05   4.0301134002E-03   3.1156234008E-03
   13     -5.0877139590E-04   1.2274408544E-03   7.5868938994E-05   4.5260367817E-03  -4.6590930542E-03
   14     -6.0541711190E-05  -2.3516224883E-05  -1.6250149165E-04  -1.4694629252E-04   1.4112652258E-05
   15      2.4234738000E-04  -1.3006074150E-03   1.4418352240E-05  -3.6883294690E-03   1.4862406261E-03
   16      5.7644455787E-04   1.5474266364E-03  -5.5823468901E-05   1.9163547540E-03  -1.2427473636E-03
   17     -4.1990521058E-06  -1.7031799701E-05  -1.3047546262E-04  -6.4071108526E-05   1.8334482171E-05
   18     -1.5564215003E-03   3.7413601795E-03  -1.6576750779E-05   1.0844013091E-02  -1.7404830811E-03
   19      1.5529249994E-03  -1.1561490107E-03  -6.2103634879E-05  -1.7957548290E-03  -6.3546574289E-03
   20     -7.1934339840E-05  -6.1862067755E-05  -4.5139168672E-04  -1.2308271571E-04   1.5159982756E-04
   21      2.3843629076E-03  -5.3144654240E-03  -3.2303794275E-05  -2.3633019464E-02  -3.3318290202E-02
   22      5.5190696238E-03  -3.5278143919E-03   2.1908265909E-05  -2.3710855536E-02  -6.0340619297E-04
   23      2.3697459371E-04  -1.4673136106E-04   7.5106984936E-04  -3.4049734344E-04  -1.6180804781E-04
   24     -3.0622098253E-01  -8.7344917434E-02  -2.2410098637E-03  -2.0059924088E-02  -1.0248372216E-02
   25     -9.2651872093E-02  -8.7088224565E-02  -1.8210652446E-03   2.2952267117E-02   8.7565222767E-03
   26     -2.5210588158E-03  -1.8412197632E-03  -3.0339279635E-02   1.1006661603E-03   3.3459203906E-04
   27     -6.3796418322E-02  -4.3442718237E-02  -1.6886070600E-03   9.9324119349E-03   2.4471510457E-02
   28     -4.0459010530E-02  -3.2421704266E-01  -1.1631381463E-02  -4.5315247082E-03  -1.9461664604E-02
   29     -1.4389618608E-03  -1.1717942686E-02  -3.4795690178E-02  -5.0522700856E-04  -1.0653254873E-03
   30      6.5965066810E-03   2.6318721916E-02   9.9520237107E-04  -6.8712830976E-02  -5.9043985062E-02
   31     -4.9700556677E-03  -2.0620777922E-02  -9.1339276482E-04  -5.8673691540E-02  -3.0581935379E-01
   32      3.3982519377E-06  -1.2461432905E-03   5.4776700248E-03  -2.4554152587E-03  -8.9193114628E-03
   33      1.5301354346E-04  -3.7591018676E-04  -2.2302274931E-05   1.0426254263E-03   2.3714548953E-03
   34      6.0001090957E-04   4.9771667794E-04   1.0769256141E-06  -3.0475447758E-03   6.0941532644E-04
   35      3.0078216659E-05  -2.8857846303E-05   5.0002864131E-05   7.1160959277E-05   7.0649319905E-05
   36     -5.7581512872E-04  -3.1162099105E-04  -6.5150367461E-06  -4.3931107294E-04   1.6575954931E-03
   37     -1.9236251614E-05  -4.8766764224E-05   1.3426281039E-06  -1.7480002558E-04   2.0030386299E-04
   38     -2.0739571217E-06  -2.9411449704E-07  -9.7534536415E-05   4.3090329334E-06   1.6651850462E-05
   39     -7.6925791548E-05   9.7507236017E-05   3.5276336971E-06   1.6348109443E-04  -3.0777354747E-05
   40      2.4346358356E-05   3.9085774171E-05  -3.7971183571E-06   1.8446665209E-05   1.0263099403E-04
   41      4.8415653207E-06   2.1053979174E-05   1.0842178067E-04   6.8389563169E-05   2.1316747649E-06
   42     -5.2126057264E-05   3.3471112790E-05  -7.6937360288E-06   3.0917201167E-04  -1.7161600735E-03
   43     -1.2088547665E-04   9.7607909046E-07  -9.1736255322E-07   1.1918526134E-04  -3.0003541519E-04
   44      5.9153010149E-06  -2.0894671819E-06   4.7182129507E-05   3.2905156005E-05  -1.1258674472E-05
   45     -5.0089494449E-04  -1.4310581938E-03   2.5996410068E-05  -9.0349834336E-04   8.9259953667E-04
   46     -1.7882922302E-04  -2.4577512368E-04  -2.2408112131E-05   2.1220356022E-03   1.1010807446E-03
   47     -1.2585971527E-05   1.7285245124E-04   3.3043944816E-05   2.3154548132E-04  -1.0282961459E-04
                    5                  6                  7                  8                  9        
    0      9.2629962756E-03  -4.3456362567E-02   1.9458254383E-02   7.9988335911E-04   1.2783895378E-03
    1     -9.9210793416E-03   9.9322256180E-03   1.6331551840E-02   4.3053350751E-04  -4.8509163788E-03
    2     -4.9604471780E-02   2.8165239800E-04   1.7890464019E-04   5.5328883577E-03  -2.3277287168E-04
    3     -6.4766781581E-03  -2.1262037017E-01  -2.2305201451E-02  -4.8570521718E-04  -4.2430274775E-02
    4      2.0786756864E-02  -4.5404185355E-02  -1.1592179307E-01  -1.0525925819E-03   2.9518827304E-02
    5      1.3228168468E-01  -1.1348128529E-03  -7.7349734426E-04  -6.3907771431E-02  -1.4902919719E-04
    6     -1.1348128529E-03   6.3977096655E-01  -1.1215873707E-03   2.4129108427E-03  -1.9286156481E-01
    7     -7.7349734426E-04  -1.1215873707E-03   6.6580479475E-01  -8.5684304580E-04   6.1677540257E-02
    8     -6.3907771431E-02   2.4129108427E-03  -8.5684304580E-04   1.5913466706E-01  -1.1918918320E-03
    9     -1.4902919719E-04  -1.9286156481E-01   6.1677540257E-02  -1.1918918320E-03   6.7905643170E-01
   10     -6.3795023897E-05   1.1340011923E-01  -2.3571455126E-01   1.0511128554E-03   3.2732480218E-02
   11      4.0808293209E-03  -1.5479850819E-03   5.6944253274E-04  -6.7028379618E-02   3.7464062665E-03
   12     -8.7952110133E-05  -4.4596274367E-02   5.6386169082E-02  -5.3253691086E-04  -3.2851518963E-01
   13      4.8141446340E-05   1.5301749584E-02   4.5539919746E-02   1.7540111294E-06  -2.9436530172E-03
   14      7.6807243130E-03  -2.8457349707E-04   1.7223838906E-04   7.0486981976E-03  -2.0890432150E-03
   15      7.0853313419E-05   3.1006766033E-03   1.1066902457E-02  -7.4232926377E-06  -1.1242426207E-02
   16      7.7265727761E-06   9.2783001343E-03  -6.1302092874E-02   1.5874963221E-04  -8.1062439954E-02
   17     -1.1541835618E-03   1.0079858747E-04   3.1597285452E-04  -7.7259719099E-03   1.5522640720E-04
   18     -1.0567325801E-04  -1.6200768426E-02  -7.8774718635E-02  -2.2472375294E-05  -5.3723067687E-02
   19     -2.4519264983E-06  -3.5651412867E-02   1.3748249966E-02  -1.5126039666E-04   2.0137783052E-02
   20      6.4726124788E-03   1.7863816297E-04  -6.5888083992E-04   6.7577415105E-03  -4.4957152039E-04
   21      4.5890402985E-05  -1.3822828267E-01  -2.7838807789E-02  -1.6034487148E-04   5.2148843870E-02
   22     -4.3212672564E-07  -7.2588946578E-02  -2.8121935379E-01   5.3211615882E-04   3.6804319365E-02
   23      3.4478242217E-03   6.2174802220E-05   1.2590610267E-03  -6.8241411184E-02   3.0870522452E-04
   24     -2.9976218016E-04   1.6857078126E-04   3.9716528249E-03   1.6719133158E-04  -1.0311387940E-03
   25      5.5806775952E-05   2.0896885944E-03  -2.7329936392E-03  -5.5914187975E-04   7.5710548441E-04
   26      3.5966091998E-03   1.4778898209E-05  -5.9050461103E-04   1.1641151132E-02   2.3600714435E-04
   27      9.6033359337E-04   6.7169409177E-04  -1.0639773835E-03  -7.8174214204E-05   7.5600173863E-05
   28     -9.1506274252E-04  -2.3460570136E-03   4.3302083966E-05   3.1368654214E-04   3.3746964175E-04
   29      5.4599485253E-03   9.7008246555E-05   3.2544718397E-04  -7.2648072902E-03  -1.4295067301E-04
   30     -2.2077647748E-03  -6.4097569035E-03  -2.9909348687E-02  -8.7921292307E-04   1.2989127742E-03
   31     -9.0935071108E-03  -6.3175869487E-04  -7.8700519996E-03  -2.4705070508E-04   2.4790904395E-03
   32     -3.9902735553E-02   3.9709230346E-04  -1.0864099315E-04   2.8124026192E-03   2.6219802777E-05
   33      1.0881543654E-04   9.2975767135E-03   1.7722546571E-02  -1.9234580023E-05  -8.9334442389E-02
   34     -6.3156150324E-05  -1.0706158002E-02  -2.0094973104E-02   4.0941444303E-07  -8.6183850707E-02
   35     -4.2157103164E-03   4.7556066401E-05   2.0858130377E-04   3.0743499029E-03  -1.0948778457E-04
   36     -7.3008245766E-06  -4.8970870121E-03  -2.9163669146E-03  -9.2760819449E-05  -1.5151262578E-02
   37     -7.0244375446E-06  -1.8369287958E-03   1.5122619775E-03   6.0899586657E-06  -4.8382732985E-03
   38      2.8111453756E-04  -1.0584756061E-04   4.7241644869E-05   7.7685003078E-03  -7.4019687238E-05
   39      2.1304170083E-06   5.9946841639E-04   3.9694551583E-04   1.5474540863E-05   1.6395435827E-03
   40     -1.1007022955E-05   2.5857388522E-04  -1.4199249436E-03   7.3455774786E-07  -1.2913170399E-03
   41     -1.2469439502E-03  -3.2492666982E-05   1.6726244236E-05  -1.0662834757E-03  -2.1310542574E-05
   42     -1.5586235423E-05  -5.9031006064E-03   1.9914941850E-04  -7.5915932620E-05  -1.1751390342E-03
   43     -9.2445824549E-06  -7.3816550274E-04   2.2061302615E-03   3.9378636169E-05   7.5415243637E-04
   44      2.1136817229E-04  -1.4996665437E-04  -2.2848886453E-05   8.3767227878E-03  -3.1195881928E-05
   45      3.7957408519E-05   1.1564614372E-02  -7.0447534050E-03   1.4532310072E-04  -3.3215730624E-05
   46     -3.5308911187E-05   2.0860144261E-02  -1.8910475946E-02   3.3667532137E-04  -4.0476154327E-03
   47     -3.4808988565E-03  -3.3204220041E-04  -8.6752085821E-05   3.0875030312E-03   2.2907548234E-05
                   10                 11                 12                 13                 14        
    0     -7.2411523949E-03  -7.5719749874E-05  -2.8844731352E-03  -5.0877139590E-04  -6.0541711190E-05
    1      6.1758806002E-04   5.3249712996E-05  -2.7528864950E-04   1.2274408544E-03  -2.3516224883E-05
    2      6.7694597020E-05   1.9720187550E-03   7.5922899296E-05   7.5868938994E-05  -1.6250149165E-04
    3      8.5690078888E-03   8.4332550073E-05   4.0301134002E-03   4.5260367817E-03  -1.4694629252E-04
    4      8.3721958676E-03   7.2386339558E-05   3.1156234008E-03  -4.6590930542E-03   1.4112652258E-05
    5     -6.3795023897E-05   4.0808293209E-03  -8.7952110133E-05   4.8141446340E-05   7.6807243130E-03
    6      1.1340011923E-01  -1.5479850819E-03  -4.4596274367E-02   1.5301749584E-02  -2.8457349707E-04
    7     -2.3571455126E-01   5.6944253274E-04   5.6386169082E-02   4.5539919746E-02   1.7223838906E-04
    8      1.0511128554E-03  -6.7028379618E-02  -5.3253691086E-04   1.7540111294E-06   7.0486981976E-03
    9      3.2732480218E-02   3.7464062665E-03  -3.2851518963E-01  -2.9436530172E-03  -2.0890432150E-03
   10      7.0606380408E-01  -1.4901888886E-03  -6.1604516365E-02  -1.3305807980E-01  -1.7408735713E-04
   11     -1.4901888886E-03   1.3080107997E-01  -1.8785901075E-03   2.3024216075E-04  -5.8938931943E-02
   12     -6.1604516365E-02  -1.8785901075E-03   6.8803126167E-01  -3.7773154602E-02   4.3129665333E-03
   13     -1.3305807980E-01   2.3024216075E-04  -3.7773154602E-02   7.0583143706E-01  -2.1226886526E-03
   14     -1.7408735713E-04  -5.8938931943E-02   4.3129665333E-03  -2.1226886526E-03   1.2849353604E-01
   15     -3.7269908740E-02   3.2860159755E-05  -1.5189176796E-01  -9.6523897330E-02  -3.1048314771E-04
   16      1.0088374944E-02  -6.4696959105E-04  -3.6898203620E-02  -3.0836587730E-01   5.1246295203E-04
   17     -3.0606656425E-04   7.6000182864E-03  -5.5978188125E-04   1.0667889555E-04  -5.9557618347E-02
   18      1.7546104850E-02  -4.7997372549E-04   5.6742494857E-02   4.1215704665E-02   1.5380841078E-04
   19     -7.1196896226E-03   1.5049011341E-04  -9.1833824412E-04  -5.6155903169E-02   2.2538168923E-04
   20      1.5041352353E-04  -8.5973080339E-03   3.5857042835E-04   5.6781084273E-04   8.3025756927E-03
   21      1.7799886266E-03   4.4977599425E-04  -3.5553590682E-02  -3.0340526111E-02  -9.3234040000E-05
   22     -5.2002766486E-02   7.0441168658E-04  -2.9248063562E-02  -2.4580581777E-02  -1.7812093102E-04
   23      2.1083978085E-04   1.0382443338E-02  -1.7104102189E-04  -2.3689089684E-04  -7.8146348351E-03
   24     -7.6582896615E-04   1.8614312041E-05  -1.7412502714E-04   4.3724792639E-04  -1.8287895628E-05
   25      6.6866571062E-04   1.1353019880E-05   1.0282608873E-04  -2.1364720477E-04   4.4598865196E-05
   26      4.4088497348E-05   1.2392344680E-04  -4.3636474505E-05  -1.1025762842E-04  -8.7192230040E-04
   27     -3.7929027299E-05  -1.5950147311E-05   5.6979731130E-05  -2.6364755006E-04   3.2188920849E-06
   28     -2.1876442760E-04   1.7774109838E-05  -1.0451291549E-04  -1.6308838275E-05  -9.1386205453E-07
   29      3.1834222481E-05  -3.2265896892E-05   7.1189142601E-05   7.8205712159E-05   4.3508900358E-05
   30     -2.4981035870E-03   7.5788980682E-05  -2.2517548192E-04   3.5214491665E-04  -3.0437654811E-06
   31      1.0061149044E-03   9.8880453131E-05  -4.2400947638E-04   2.2406295750E-04   4.7230661953E-05
   32      1.3710299281E-05  -1.0837031524E-03  -1.3663690954E-05   2.2459525131E-05  -1.0423284449E-04
   33     -8.6693540728E-02  -1.0875784890E-04  -6.1306296389E-03  -3.0840143311E-02   7.3269312410E-05
   34     -2.9659089812E-01   2.1357961692E-04   1.4525053670E-04  -1.9595512116E-03   4.3895623948E-05
   35      2.7764389397E-04  -3.4047614252E-02  -6.9905225935E-05  -2.5824463320E-04   2.0604646829E-03
   36      2.6440299481E-02  -2.0277199851E-04  -1.6897342715E-01   1.3407141513E-01  -1.4092781748E-03
   37      7.1081628234E-03  -5.5461962567E-05   1.3417385286E-01  -2.2168367490E-01   1.5579617216E-03
   38      1.8363536150E-04   1.7792871745E-03  -1.4071124067E-03   1.5428085020E-03  -3.4696485762E-02
   39     -2.4516944195E-03  -3.7836389056E-05  -7.3863731226E-03   7.1998463093E-04  -6.2080300921E-05
   40     -5.5329788531E-03   3.1546605957E-05  -3.0460037378E-02  -4.7219100405E-05  -1.9950643847E-04
   41      1.0003932183E-05   7.6629269336E-03   2.0753375875E-05  -1.4378652087E-05   2.0002762800E-03
   42      7.1016918800E-04  -1.3904564529E-05  -2.1666771569E-03   3.5425989701E-03  -7.3918969074E-05
   43      6.9307414062E-04   4.6492900660E-06   4.6348916832E-03  -2.0232057937E-03   8.4468046119E-05
   44      6.9935579163E-06  -5.5597778040E-04  -6.3009219542E-05   9.1499118976E-05   6.9714592531E-03
   45     -2.5961976249E-03  -5.0487838309E-05  -3.6314631181E-04  -9.2942375334E-04   1.0201289671E-05
   46     -4.3802519592E-03   3.0587843246E-05  -8.9615438153E-04  -5.9718466919E-05  -1.1926709074E-06
   47     -9.8057305365E-06   5.8816534481E-03  -1.4206758958E-05  -2.5333155035E-05  -4.5491583555E-04
                   15                 16                 17                 18                 19        
    0      2.4234738000E-04   5.7644455787E-04  -4.1990521058E-06  -1.5564215003E-03   1.5529249994E-03
    1     -1.3006074150E-03   1.5474266364E-03  -1.7031799701E-05   3.7413601795E-03  -1.1561490107E-03
    2      1.4418352240E-05  -5.5823468901E-05  -1.3047546262E-04  -1.6576750779E-05  -6.2103634879E-05
    3     -3.6883294690E-03   1.9163547540E-03  -6.4071108526E-05   1.0844013091E-02  -1.7957548290E-03
    4      1.4862406261E-03  -1.2427473636E-03   1.8334482171E-05  -1.7404830811E-03  -6.3546574289E-03
    5      7.0853313419E-05   7.7265727761E-06  -1.1541835618E-03  -1.0567325801E-04  -2.4519264983E-06
    6      3.1006766033E-03   9.2783001343E-03   1.0079858747E-04  -1.6200768426E-02  -3.5651412867E-02
    7      1.1066902457E-02  -6.1302092874E-02   3.1597285452E-04  -7.8774718635E-02   1.3748249966E-02
    8     -7.4232926377E-06   1.5874963221E-04  -7.7259719099E-03  -2.2472375294E-05  -1.5126039666E-04
    9     -1.1242426207E-02  -8.1062439954E-02   1.5522640720E-04  -5.3723067687E-02   2.0137783052E-02
   10     -3.7269908740E-02   1.0088374944E-02  -3.0606656425E-04   1.7546104850E-02  -7.1196896226E-03
   11      3.2860159755E-05  -6.4696959105E-04   7.6000182864E-03  -4.7997372549E-04   1.5049011341E-04
   12     -1.5189176796E-01  -3.6898203620E-02  -5.5978188125E-04   5.6742494857E-02  -9.1833824412E-04
   13     -9.6523897330E-02  -3.0836587730E-01   1.0667889555E-04   4.1215704665E-02  -5.6155903169E-02
   14     -3.1048314771E-04   5.1246295203E-04  -5.9557618347E-02   1.5380841078E-04   2.2538168923E-04
   15      7.3178045423E-01   1.7630526788E-02   4.3472258380E-03  -2.0805485318E-01   1.2681667054E-01
   16      1.7630526788E-02   6.5572111317E-01  -1.9304204200E-03   6.7004425656E-02  -2.4309313279E-01
   17      4.3472258380E-03  -1.9304204200E-03   1.2696484485E-01  -1.2482295952E-03   1.8004314372E-03
   18     -2.0805485318E-01   6.7004425656E-02  -1.2482295952E-03   6.7078123392E-01   2.7265975554E-02
   19      1.2681667054E-01  -2.4309313279E-01   1.8004314372E-03   2.7265975554E-02   7.2192677935E-01
   20     -1.6340026693E-03   1.4559779768E-03  -6.0035459201E-02   3.8680112649E-03  -3.0644493495E-03
   21     -4.5748057134E-02   5.9787800315E-02  -7.1114331189E-04  -3.3679152386E-01  -6.5944654514E-02
   22      1.6780097299E-02   4.5861678500E-02  -9.2288380394E-05  -5.8679978944E-03  -1.3374292769E-01
   23     -5.8309694221E-04   3.9523840592E-04   7.5604836642E-03  -1.9521552989E-03  -1.1291497549E-04
   24      7.0144478915E-05   1.3118953867E-05   1.1683149725E-06  -2.9252906559E-05  -1.1252150116E-04
   25     -1.0823377367E-04   2.0477865614E-05  -1.5990630627E-05   6.0873468112E-05   3.9475589297E-04
   26     -3.5650136788E-05   7.5998834503E-05   1.9247435438E-04   7.7749854252E-05  -1.3466467095E-05
   27     -2.5397928943E-05  -3.3410193207E-07   5.7925535802E-07   2.8175574359E-05  -3.0398265032E-04
   28     -1.2036623272E-04   6.1093128350E-05  -1.5129913899E-06   5.6490981177E-05   5.9561832616E-04
   29      9.7134104323E-06  -1.0084729309E-04  -9.2899558328E-05  -1.0400807573E-04   1.0018633770E-04
   30      7.9007890338E-05   3.0164458857E-04  -1.5495897982E-05   3.7743552779E-04  -1.8127703298E-03
   31      1.0089938696E-04   3.1122151311E-04  -2.3487247038E-06   2.6565524098E-04  -5.9400904414E-04
   32     -3.1049975283E-05   5.2457413128E-05   1.8919950924E-04   1.3060861148E-04  -4.3308510025E-05
   33     -5.9689746574E-03   1.9745266340E-04  -9.5820596515E-05  -9.9441015764E-04   6.1589144124E-04
   34     -1.0004618073E-03   2.2356793807E-03   4.9000398305E-06   8.1404809809E-04   4.7502718718E-04
   35     -1.1155841120E-04   3.4939200168E-05   7.4376179993E-03   5.3945016707E-06   1.4435243044E-05
   36      1.0449839728E-02  -9.5739499275E-03   8.7662859005E-05   4.7093874798E-04  -2.7067800374E-03
   37      2.1578698619E-02  -1.7962464400E-02   2.1550908226E-04  -3.8051573750E-03  -4.5538633818E-03
   38     -2.1369793687E-06  -1.7959136873E-05   2.1963845525E-03  -5.6111747150E-05   1.8309468994E-05
   39     -3.2478276846E-01  -4.6301762391E-02  -1.8520647417E-03  -1.5861441440E-02  -6.4760528596E-03
   40     -4.6246138483E-02  -6.6796140596E-02  -1.8403456989E-04   2.4726210100E-02   8.5569452644E-03
   41     -1.8225339992E-03  -1.7852382132E-04  -3.3521039118E-02  -2.4434953922E-04  -4.3743290903E-05
   42      1.0998253252E-02   1.9931166096E-02  -5.5320312258E-05  -9.0293996431E-02  -8.7275600315E-02
   43     -1.1314496527E-02  -1.8553237575E-02   3.6967998179E-05  -8.7554613102E-02  -2.9985275310E-01
   44      1.6207063216E-04   1.7773207899E-04   2.0897561851E-03   3.3779618868E-05   1.0116578846E-03
   45     -5.3181485598E-03  -2.7812756466E-03  -8.9384484552E-05  -1.5738556125E-02   2.6565166932E-02
   46     -1.5951942742E-03   1.4686277656E-03   5.5252699369E-05  -4.9104230760E-03   6.9257092571E-03
   47     -9.6356432253E-05   5.4907256667E-05   7.9868677590E-03  -3.4354066028E-05   1.6932687340E-04
                   20                 21                 22                 23                 24        
    0     -7.1934339840E-05   2.3843629076E-03   5.5190696238E-03   2.3697459371E-04  -3.0622098253E-01
    1     -6.1862067755E-05  -5.3144654240E-03  -3.5278143919E-03  -1.4673136106E-04  -8.7344917434E-02
    2     -4.5139168672E-04  -3.2303794275E-05   2.1908265909E-05   7.5106984936E-04  -2.2410098637E-03
    3     -1.2308271571E-04  -2.3633019464E-02  -2.3710855536E-02  -3.4049734344E-04  -2.0059924088E-02
    4      1.5159982756E-04  -3.3318290202E-02  -6.0340619297E-04  -1.6180804781E-04  -1.0248372216E-02
    5      6.4726124788E-03   4.5890402985E-05  -4.3212672564E-07   3.4478242217E-03  -2.9976218016E-04
    6      1.7863816297E-04  -1.3822828267E-01  -7.2588946578E-02   6.2174802220E-05   1.6857078126E-04
    7     -6.5888083992E-04  -2.7838807789E-02  -2.8121935379E-01   1.2590610267E-03   3.9716528249E-03
    8      6.7577415105E-03  -1.6034487148E-04   5.3211615882E-04  -6.8241411184E-02   1.6719133158E-04
    9     -4.4957152039E-04   5.2148843870E-02   3.6804319365E-02   3.0870522452E-04  -1.0311387940E-03
   10      1.5041352353E-04   1.7799886266E-03  -5.2002766486E-02   2.1083978085E-04  -7.6582896615E-04
   11     -8.5973080339E-03   4.4977599425E-04   7.0441168658E-04   1.0382443338E-02   1.8614312041E-05
   12      3.5857042835E-04  -3.5553590682E-02  -2.9248063562E-02  -1.7104102189E-04  -1.7412502714E-04
   13      5.6781084273E-04  -3.0340526111E-02  -2.4580581777E-02  -2.3689089684E-04   4.3724792639E-04
   14      8.3025756927E-03  -9.3234040000E-05  -1.7812093102E-04  -7.8146348351E-03  -1.8287895628E-05
   15     -1.6340026693E-03  -4.5748057134E-02   1.6780097299E-02  -5.8309694221E-04   7.0144478915E-05
   16      1.4559779768E-03   5.9787800315E-02   4.5861678500E-02   3.9523840592E-04   1.3118953867E-05
   17     -6.0035459201E-02  -7.1114331189E-04  -9.2288380394E-05   7.5604836642E-03   1.1683149725E-06
   18      3.8680112649E-03  -3.3679152386E-01  -5.8679978944E-03  -1.9521552989E-03  -2.9252906559E-05
   19     -3.0644493495E-03  -6.5944654514E-02  -1.3374292769E-01  -1.1291497549E-04  -1.1252150116E-04
   20      1.2914753217E-01  -1.8375034820E-03   4.1612128870E-04  -5.7625574656E-02   4.3176217912E-06
   21     -1.8375034820E-03   7.0583293414E-01  -3.8100504025E-02   4.9582245460E-03   3.5340992636E-04
   22      4.1612128870E-04  -3.8100504025E-02   6.8188128044E-01  -4.1001126909E-03   3.0137603010E-04
   23     -5.7625574656E-02   4.9582245460E-03  -4.1001126909E-03   1.3015202918E-01  -2.0781695564E-05
   24      4.3176217912E-06   3.5340992636E-04   3.0137603010E-04  -2.0781695564E-05   3.2667774297E-01
   25      1.6048272399E-05  -7.5042371256E-05  -8.8627229695E-04   4.4773039822E-05   9.2300064575E-02
   26     -4.2697544948E-05  -1.2525748863E-04  -1.5105277652E-05  -3.4642764325E-04   2.3339549961E-03
   27     -2.6567809047E-05  -9.5257760808E-04   1.1105161133E-03   1.3452391321E-05  -6.4369981832E-04
   28      1.5176764172E-05  -1.5650895754E-04   5.9163305850E-05   5.9127964744E-05   1.4120864094E-03
   29     -3.4004804566E-04   1.3388199447E-04  -1.3511526373E-04  -1.0688745068E-04   7.8419550845E-05
   30      7.4098522112E-05  -5.9954875537E-03   1.0729500857E-03  -1.1539618209E-04   1.0151268057E-03
   31      1.7740024829E-05  -1.1725460145E-03   1.2550210148E-03  -1.1182460533E-04   1.4696956649E-04
   32      2.0627806079E-05  -1.2095715511E-04  -4.3402368883E-05   2.5335467120E-03  -2.4015702651E-05
   33     -7.2974406541E-06  -2.1962417866E-03   3.3253468889E-03  -7.8334790990E-05   5.0916483927E-06
   34      5.1385370067E-06   4.6739551309E-03  -2.0864969487E-03   4.1023030844E-05   6.5911223781E-05
   35     -4.6969635280E-04  -7.4085213016E-05   6.7575706633E-05   5.6429946872E-03   1.0005020202E-05
   36     -4.3573246559E-05  -4.7423626872E-04  -1.1342938543E-03  -1.2476070393E-06  -1.5254249677E-04
   37      1.7250725025E-05  -1.1024380780E-03  -2.5422090227E-05  -1.1290771549E-05  -3.3001851159E-06
   38      7.4412183941E-03  -6.4028253802E-06  -2.8268923456E-05  -6.2500050178E-04  -4.7172791484E-06
   39     -8.4368566797E-05  -4.8448460217E-04   4.2212746197E-03  -8.5239247903E-05  -7.7804412909E-06
   40      1.3176826957E-04   3.1103032973E-03  -3.5133811106E-03   7.7228424182E-05  -1.7777829117E-05
   41      1.7862806524E-03  -6.1519734877E-05   7.3713382845E-05   7.1647323706E-03  -3.9713765575E-07
   42      7.4159089885E-05  -6.4376791329E-03  -3.0904817063E-02   1.3919428428E-04  -5.2442609868E-05
   43      9.5245256754E-04   1.9376131483E-04  -2.1721781822E-03   2.6657685705E-05  -1.3834038126E-05
   44     -3.4911721632E-02  -2.6850652572E-05  -1.6924564682E-04   1.8350353279E-03   9.7211842214E-08
   45     -2.8534112995E-04  -1.6422437007E-01   1.3244483926E-01  -2.3570190817E-03   8.1802102268E-05
   46     -1.0882685928E-04   1.3379366403E-01  -2.2469654230E-01   2.7674114882E-03  -2.9419750044E-05
   47      2.5453084515E-03  -2.3520869988E-03   2.9464576222E-03  -3.4710223084E-02  -2.9268494940E-06
                   25                 26                 27                 28                 29        
    0     -9.2651872093E-02  -2.5210588158E-03  -6.3796418322E-02  -4.0459010530E-02  -1.4389618608E-03
    1     -8.7088224565E-02  -1.8412197632E-03  -4.3442718237E-02  -3.2421704266E-01  -1.1717942686E-02
    2     -1.8210652446E-03  -3.0339279635E-02  -1.6886070600E-03  -1.1631381463E-02  -3.4795690178E-02
    3      2.2952267117E-02   1.1006661603E-03   9.9324119349E-03  -4.5315247082E-03  -5.0522700856E-04
    4      8.7565222767E-03   3.3459203906E-04   2.4471510457E-02  -1.9461664604E-02  -1.0653254873E-03
    5      5.5806775952E-05   3.5966091998E-03   9.6033359337E-04  -9.1506274252E-04   5.4599485253E-03
    6      2.0896885944E-03   1.4778898209E-05   6.7169409177E-04  -2.3460570136E-03   9.7008246555E-05
    7     -2.7329936392E-03  -5.9050461103E-04  -1.0639773835E-03   4.3302083966E-05   3.2544718397E-04
    8     -5.5914187975E-04   1.1641151132E-02  -7.8174214204E-05   3.1368654214E-04  -7.2648072902E-03
    9      7.5710548441E-04   2.3600714435E-04   7.5600173863E-05   3.3746964175E-04  -1.4295067301E-04
   10      6.6866571062E-04   4.4088497348E-05  -3.7929027299E-05  -2.1876442760E-04   3.1834222481E-05
   11      1.1353019880E-05   1.2392344680E-04  -1.5950147311E-05   1.7774109838E-05  -3.2265896892E-05
   12      1.0282608873E-04  -4.3636474505E-05   5.6979731130E-05  -1.0451291549E-04   7.1189142601E-05
   13     -2.1364720477E-04  -1.1025762842E-04  -2.6364755006E-04  -1.6308838275E-05   7.8205712159E-05
   14      4.4598865196E-05  -8.7192230040E-04   3.2188920849E-06  -9.1386205453E-07   4.3508900358E-05
   15     -1.0823377367E-04  -3.5650136788E-05  -2.5397928943E-05  -1.2036623272E-04   9.7134104323E-06
   16      2.0477865614E-05   7.5998834503E-05  -3.3410193207E-07   6.1093128350E-05  -1.0084729309E-04
   17     -1.5990630627E-05   1.9247435438E-04   5.7925535802E-07  -1.5129913899E-06  -9.2899558328E-05
   18      6.0873468112E-05   7.7749854252E-05   2.8175574359E-05   5.6490981177E-05  -1.0400807573E-04
   19      3.9475589297E-04  -1.3466467095E-05  -3.0398265032E-04   5.9561832616E-04   1.0018633770E-04
   20      1.6048272399E-05  -4.2697544948E-05  -2.6567809047E-05   1.5176764172E-05  -3.4004804566E-04
   21     -7.5042371256E-05  -1.2525748863E-04  -9.5257760808E-04  -1.5650895754E-04   1.3388199447E-04
   22     -8.8627229695E-04  -1.5105277652E-05   1.1105161133E-03   5.9163305850E-05  -1.3511526373E-04
   23      4.4773039822E-05  -3.4642764325E-04   1.3452391321E-05   5.9127964744E-05  -1.0688745068E-04
   24      9.2300064575E-02   2.3339549961E-03  -6.4369981832E-04   1.4120864094E-03   7.8419550845E-05
   25      8.4575664096E-02   2.0920793847E-03  -2.5932186395E-02  -5.4066156462E-03  -1.8434114508E-04
   26      2.0920793847E-03   2.1658672102E-02  -9.8878227884E-04  -2.8041525986E-04   2.2747988707E-03
   27     -2.5932186395E-02  -9.8878227884E-04   5.9769259961E-02   4.3293040933E-02   1.4494861719E-03
   28     -5.4066156462E-03  -2.8041525986E-04   4.3293040933E-02   3.4831644814E-01   1.2968786314E-02
   29     -1.8434114508E-04   2.2747988707E-03   1.4494861719E-03   1.2968786314E-02   2.1680523743E-02
   30      1.8024972408E-04  -4.9646208410E-05  -2.8991321779E-03   3.3470563092E-03   2.2300380679E-04
   31      1.3198112306E-03   3.0748565730E-04   3.1474384269E-03  -7.6781730564E-04  -4.3390890318E-04
   32      3.4986529100E-04  -7.7506554679E-03   1.9455880187E-04  -5.0349164857E-04   1.1619622611E-02
   33     -3.3612010024E-05   1.1175900549E-06   1.0649743704E-04  -3.3391579688E-05  -1.6098262023E-05
   34     -4.8988786265E-05  -2.1434619431E-06  -1.8248482709E-04   2.0021548096E-04   2.3426132634E-05
   35     -9.5026799584E-06   2.0748616136E-04   1.5614673299E-06  -1.5732991385E-05   1.1869323335E-04
   36      1.0833767148E-04   1.4368568968E-05   2.6472545358E-05   4.1020729431E-05  -6.4373946604E-07
   37      8.9756989029E-06   2.2987672270E-06  -9.0774836451E-06  -1.3901020571E-05   1.5438178088E-06
   38      3.7066621836E-07  -2.6172050542E-05  -7.9855399295E-07  -3.1358419936E-06   7.0045823713E-06
   39     -3.7476049678E-05   5.1315827319E-07   3.2747286784E-05  -5.5437900270E-05  -2.5898787648E-06
   40      3.4146640203E-05   1.9460345207E-06  -4.7849780001E-05   5.6901226798E-05   6.6235271467E-06
   41     -6.3793741616E-08  -6.7530844181E-05   5.4860992362E-06  -1.0596920078E-05   2.0346986549E-04
   42      4.0563902564E-05  -1.5298903384E-06  -6.1762556922E-06   5.9392780114E-05   1.1002613840E-05
   43      2.3010608489E-06  -3.0635462421E-06   1.8401051670E-05  -5.5817678762E-06   6.3396934327E-06
   44      3.3978593357E-06  -8.9077774628E-06   3.1317319272E-06   2.4533003171E-06   3.6084198275E-05
   45      1.3399047841E-04  -1.5464832589E-05  -2.3764366251E-03  -6.2758957143E-04   1.4246747021E-04
   46      5.9542166576E-04  -1.8990152804E-06  -8.6887792063E-04   7.7495457937E-04   8.9476623907E-05
   47     -2.8601984666E-05  -2.4152200412E-04   1.6137874966E-04  -9.1500615760E-06   1.1889438895E-03
                   30                 31                 32                 33                 34        
    0      6.5965066810E-03  -4.9700556677E-03   3.3982519377E-06   1.5301354346E-04   6.0001090957E-04
    1      2.6318721916E-02  -2.0620777922E-02  -1.2461432905E-03  -3.7591018676E-04   4.9771667794E-04
    2      9.9520237107E-04  -9.1339276482E-04   5.4776700248E-03  -2.2302274931E-05   1.0769256141E-06
    3     -6.8712830976E-02  -5.8673691540E-02  -2.4554152587E-03   1.0426254263E-03  -3.0475447758E-03
    4     -5.9043985062E-02  -3.0581935379E-01  -8.9193114628E-03   2.3714548953E-03   6.0941532644E-04
    5     -2.2077647748E-03  -9.0935071108E-03  -3.9902735553E-02   1.0881543654E-04  -6.3156150324E-05
    6     -6.4097569035E-03  -6.3175869487E-04   3.9709230346E-04   9.2975767135E-03  -1.0706158002E-02
    7     -2.9909348687E-02  -7.8700519996E-03  -1.0864099315E-04   1.7722546571E-02  -2.0094973104E-02
    8     -8.7921292307E-04  -2.4705070508E-04   2.8124026192E-03  -1.9234580023E-05   4.0941444303E-07
    9      1.2989127742E-03   2.4790904395E-03   2.6219802777E-05  -8.9334442389E-02  -8.6183850707E-02
   10     -2.4981035870E-03   1.0061149044E-03   1.3710299281E-05  -8.6693540728E-02  -2.9659089812E-01
   11      7.5788980682E-05   9.8880453131E-05  -1.0837031524E-03  -1.0875784890E-04   2.1357961692E-04
   12     -2.2517548192E-04  -4.2400947638E-04  -1.3663690954E-05  -6.1306296389E-03   1.4525053670E-04
   13      3.5214491665E-04   2.2406295750E-04   2.2459525131E-05  -3.0840143311E-02  -1.9595512116E-03
   14     -3.0437654811E-06   4.7230661953E-05  -1.0423284449E-04   7.3269312410E-05   4.3895623948E-05
   15      7.9007890338E-05   1.0089938696E-04  -3.1049975283E-05  -5.9689746574E-03  -1.0004618073E-03
   16      3.0164458857E-04   3.1122151311E-04   5.2457413128E-05   1.9745266340E-04   2.2356793807E-03
   17     -1.5495897982E-05  -2.3487247038E-06   1.8919950924E-04  -9.5820596515E-05   4.9000398305E-06
   18      3.7743552779E-04   2.6565524098E-04   1.3060861148E-04  -9.9441015764E-04   8.1404809809E-04
   19     -1.8127703298E-03  -5.9400904414E-04  -4.3308510025E-05   6.1589144124E-04   4.7502718718E-04
   20      7.4098522112E-05   1.7740024829E-05   2.0627806079E-05  -7.2974406541E-06   5.1385370067E-06
   21     -5.9954875537E-03  -1.1725460145E-03  -1.2095715511E-04  -2.1962417866E-03   4.6739551309E-03
   22      1.0729500857E-03   1.2550210148E-03  -4.3402368883E-05   3.3253468889E-03  -2.0864969487E-03
   23     -1.1539618209E-04  -1.1182460533E-04   2.5335467120E-03  -7.8334790990E-05   4.1023030844E-05
   24      1.0151268057E-03   1.4696956649E-04  -2.4015702651E-05   5.0916483927E-06   6.5911223781E-05
   25      1.8024972408E-04   1.3198112306E-03   3.4986529100E-04  -3.3612010024E-05  -4.8988786265E-05
   26     -4.9646208410E-05   3.0748565730E-04  -7.7506554679E-03   1.1175900549E-06  -2.1434619431E-06
   27     -2.8991321779E-03   3.1474384269E-03   1.9455880187E-04   1.0649743704E-04  -1.8248482709E-04
   28      3.3470563092E-03  -7.6781730564E-04  -5.0349164857E-04  -3.3391579688E-05   2.0021548096E-04
   29      2.2300380679E-04  -4.3390890318E-04   1.1619622611E-02  -1.6098262023E-05   2.3426132634E-05
   30      7.5847799387E-02   6.0389525228E-02   1.9324220522E-03  -5.6493995963E-04   1.2653549429E-03
   31      6.0389525228E-02   3.3090357142E-01   1.0402382333E-02  -4.3839660336E-04   5.5103417451E-04
   32      1.9324220522E-03   1.0402382333E-02   2.6375841242E-02  -3.9435482348E-05   2.9464508582E-05
   33     -5.6493995963E-04  -4.3839660336E-04  -3.9435482348E-05   9.3677104659E-02   9.4481868069E-02
   34      1.2653549429E-03   5.5103417451E-04   2.9464508582E-05   9.4481868069E-02   3.1690590768E-01
   35     -2.7775695877E-05  -5.9310693703E-05   2.7490871762E-04   1.7012983636E-04  -2.8375438360E-04
   36     -2.5696025707E-05  -6.4759168170E-05  -1.8508091709E-06   1.0305507693E-03  -2.3585786103E-04
   37      1.9553603275E-06  -1.6769610779E-06  -1.4733997139E-06   2.7355118998E-04   7.8281172574E-04
   38      3.9905797112E-07  -2.3539547011E-06  -3.6629803713E-05   3.0275185670E-05  -1.7649168669E-05
   39      2.6718608181E-06  -1.8384498231E-05   2.2018349021E-06  -5.3582412736E-04   7.1562458688E-05
   40      1.0281981557E-04   5.9759778586E-05   5.0395592542E-06  -1.6079163840E-03  -2.4435616525E-04
   41      3.8656623578E-07  -1.3073017105E-05   2.1578833727E-05  -5.7188549711E-06  -2.3675844357E-06
   42     -5.2605056619E-04  -1.8031070771E-04  -3.7464449147E-07   8.5273580430E-05  -8.2809325576E-05
   43     -1.0952942704E-04  -3.2830793414E-05   2.8122695670E-06  -8.3257615343E-05  -2.6201845767E-05
   44      5.6049611219E-06   5.7448984067E-06  -3.4059877054E-04   1.0924313849E-05   8.1742119124E-08
   45      1.4160871757E-04   1.5542874181E-04   1.4581903157E-06   3.2772893907E-04  -6.8700663272E-04
   46     -6.9780454754E-05   7.5920818761E-05  -1.3984125907E-05   1.1262692671E-03  -1.2063414526E-03
   47     -9.7680006417E-06  -1.1289493384E-06  -1.0684248319E-04  -5.4603538155E-07   9.3163255442E-06
                   35                 36                 37                 38                 39        
    0      3.0078216659E-05  -5.7581512872E-04  -1.9236251614E-05  -2.0739571217E-06  -7.6925791548E-05
    1     -2.8857846303E-05  -3.1162099105E-04  -4.8766764224E-05  -2.9411449704E-07   9.7507236017E-05
    2      5.0002864131E-05  -6.5150367461E-06   1.3426281039E-06  -9.7534536415E-05   3.5276336971E-06
    3      7.1160959277E-05  -4.3931107294E-04  -1.7480002558E-04   4.3090329334E-06   1.6348109443E-04
    4      7.0649319905E-05   1.6575954931E-03   2.0030386299E-04   1.6651850462E-05  -3.0777354747E-05
    5     -4.2157103164E-03  -7.3008245766E-06  -7.0244375446E-06   2.8111453756E-04   2.1304170083E-06
    6      4.7556066401E-05  -4.8970870121E-03  -1.8369287958E-03  -1.0584756061E-04   5.9946841639E-04
    7      2.0858130377E-04  -2.9163669146E-03   1.5122619775E-03   4.7241644869E-05   3.9694551583E-04
    8      3.0743499029E-03  -9.2760819449E-05   6.0899586657E-06   7.7685003078E-03   1.5474540863E-05
    9     -1.0948778457E-04  -1.5151262578E-02  -4.8382732985E-03  -7.4019687238E-05   1.6395435827E-03
   10      2.7764389397E-04   2.6440299481E-02   7.1081628234E-03   1.8363536150E-04  -2.4516944195E-03
   11     -3.4047614252E-02  -2.0277199851E-04  -5.5461962567E-05   1.7792871745E-03  -3.7836389056E-05
   12     -6.9905225935E-05  -1.6897342715E-01   1.3417385286E-01  -1.4071124067E-03  -7.3863731226E-03
   13     -2.5824463320E-04   1.3407141513E-01  -2.2168367490E-01   1.5428085020E-03   7.1998463093E-04
   14      2.0604646829E-03  -1.4092781748E-03   1.5579617216E-03  -3.4696485762E-02  -6.2080300921E-05
   15     -1.1155841120E-04   1.0449839728E-02   2.1578698619E-02  -2.1369793687E-06  -3.2478276846E-01
   16      3.4939200168E-05  -9.5739499275E-03  -1.7962464400E-02  -1.7959136873E-05  -4.6301762391E-02
   17      7.4376179993E-03   8.7662859005E-05   2.1550908226E-04   2.1963845525E-03  -1.8520647417E-03
   18      5.3945016707E-06   4.7093874798E-04  -3.8051573750E-03  -5.6111747150E-05  -1.5861441440E-02
   19      1.4435243044E-05  -2.7067800374E-03  -4.5538633818E-03   1.8309468994E-05  -6.4760528596E-03
   20     -4.6969635280E-04  -4.3573246559E-05   1.7250725025E-05   7.4412183941E-03  -8.4368566797E-05
   21     -7.4085213016E-05  -4.7423626872E-04  -1.1024380780E-03  -6.4028253802E-06  -4.8448460217E-04
   22      6.7575706633E-05  -1.1342938543E-03  -2.5422090227E-05  -2.8268923456E-05   4.2212746197E-03
   23      5.6429946872E-03  -1.2476070393E-06  -1.1290771549E-05  -6.2500050178E-04  -8.5239247903E-05
   24      1.0005020202E-05  -1.5254249677E-04  -3.3001851159E-06  -4.7172791484E-06  -7.7804412909E-06
   25     -9.5026799584E-06   1.0833767148E-04   8.9756989029E-06   3.7066621836E-07  -3.7476049678E-05
   26      2.0748616136E-04   1.4368568968E-05   2.2987672270E-06  -2.6172050542E-05   5.1315827319E-07
   27      1.5614673299E-06   2.6472545358E-05  -9.0774836451E-06  -7.9855399295E-07   3.2747286784E-05
   28     -1.5732991385E-05   4.1020729431E-05  -1.3901020571E-05  -3.1358419936E-06  -5.5437900270E-05
   29      1.1869323335E-04  -6.4373946604E-07   1.5438178088E-06   7.0045823713E-06  -2.5898787648E-06
   30     -2.7775695877E-05  -2.5696025707E-05   1.9553603275E-06   3.9905797112E-07   2.6718608181E-06
   31     -5.9310693703E-05  -6.4759168170E-05  -1.6769610779E-06  -2.3539547011E-06  -1.8384498231E-05
   32      2.7490871762E-04  -1.8508091709E-06  -1.4733997139E-06  -3.6629803713E-05   2.2018349021E-06
   33      1.7012983636E-04   1.0305507693E-03   2.7355118998E-04   3.0275185670E-05  -5.3582412736E-04
   34     -2.8375438360E-04  -2.3585786103E-04   7.8281172574E-04  -1.7649168669E-05   7.1562458688E-05
   35      2.4165745977E-02   3.6024164579E-05  -9.7073409378E-06  -3.8544300966E-03  -5.5267583285E-06
   36      3.6024164579E-05   1.7755908608E-01  -1.4527951899E-01   1.5799272820E-03   7.3585721832E-04
   37     -9.7073409378E-06  -1.4527951899E-01   2.3470795321E-01  -1.7123665341E-03  -1.8385293373E-04
   38     -3.8544300966E-03   1.5799272820E-03  -1.7123665341E-03   2.4864627975E-02   3.4545396865E-05
