*************************************************
******************* ORCA 6.0.0 ******************
*************************************************
$Calculation_Status
   &GeometryIndex 1
   &ListStatus       OUT
   &VERSION [&Type "String"] "6.0.0"
   &PROGNAME [&Type "String"] "LeanSCF"
   &STATUS [&Type "String"] "NORMAL TERMINATION"
$End
$Geometry
   &GeometryIndex 1
   &ListStatus       OUT
   &NATOMS [&Type "Integer"] 5
   &NCORELESSECP [&Type "Integer"] 0
   &NGHOSTATOMS [&Type "Integer"] 0
   &CartesianCoordinates [&Type "Coordinates", &Dim(5,4), &Units "Bohr"] 
              C     -0.000021000338   -0.000086011074    0.941296275779
              Cl    -3.045471968601    1.012979878559   -0.125123674946
              Cl     0.646394638951   -3.143749492055   -0.125360111810
              Cl     2.399623035314    2.131065110538   -0.125808536641
              H     -0.000576294661   -0.000219725261    3.000607023876
$End
$SCF_Energy
   &GeometryIndex 1
   &ListStatus       OUT
   &SCF_ENERGY [&Type "Double"]      -1.4192377148533501e+03
$End
$DFT_Energy
   &GeometryIndex 1
   &ListStatus       OUT
   &NALPHAEL [&Type "Integer"] 29
   &NBETAEL [&Type "Integer"] 29
   &NTOTALEL [&Type "Integer"] 58
   &EEXCHANGE [&Type "Double"]      -8.8209194030824065e+01
   &ECORR [&Type "Double"]      -2.2140341359123470e+00
   &ECNL [&Type "Double"]       0.0000000000000000e+00
   &EXC [&Type "Double"]      -9.0423228166736408e+01
   &EEMBED [&Type "Double"]       0.0000000000000000e+00
   &FINALEN [&Type "Double"]      -1.4192377148533501e+03  "No Van der Waals correction"
$End
$Mulliken_Population_Analysis
   &GeometryIndex 1
   &ListStatus       OUT
   &NATOMS [&Type "Integer"] 5
   &ATNO [&Type "ArrayOfIntegers", &Dim (5,1)] 
                                                         0

0                                                        6
1                                                       17
2                                                       17
3                                                       17
4                                                        1
   &ATOMICCHARGES [&Type "ArrayOfDoubles", &Dim (5,1)] 
                                                         0

0                                      5.0558507649093976e-02
1                                     -7.0196852468168203e-02
2                                     -7.0141937611033711e-02
3                                     -7.0160808299121413e-02
4                                      1.5994109072923979e-01
$End
$Loewdin_Population_Analysis
   &GeometryIndex 1
   &ListStatus       OUT
   &NATOMS [&Type "Integer"] 5
   &ATNO [&Type "ArrayOfIntegers", &Dim (5,1)] 
                                                         0

0                                                        6
1                                                       17
2                                                       17
3                                                       17
4                                                        1
   &ATOMICCHARGES [&Type "ArrayOfDoubles", &Dim (5,1)] 
                                                         0

0                                     -1.0333427155091606e+00
1                                      3.0725897379625522e-01
2                                      3.0728722668677122e-01
3                                      3.0722198958212488e-01
4                                      1.1157452544399793e-01
$End
$Mayer_Population_Analysis
   &GeometryIndex 1
   &ListStatus       OUT
   &NATOMS [&Type "Integer"] 5 "Total number of atoms"
   &BONDTHRESH [&Type "Double"]       1.0000000000000001e-01  "The threshold for printing"
   &NBONDORDERSPRINT [&Type "Integer"] 4 "The number of bond orders larger than threshold"
   &BONDORDERS [&Type "ArrayOfDoubles", &Dim (4,1)] "The bond orders"
                                                         0

0                                      1.1090197151415953e+00
1                                      1.1090639698328788e+00
2                                      1.1090043071760887e+00
3                                      9.4415828325895435e-01
   &COMPONENTS [&Type "ArrayOfIntegers", &Dim (4,4)] "The indices and atomic numbers of the bonding atoms"
                                                         0                           1                           2                           3

0                                                        0                           6                           1                          17
1                                                        0                           6                           2                          17
2                                                        0                           6                           3                          17
3                                                        0                           6                           4                           1
   &ATNO [&Type "ArrayOfIntegers", &Dim (5,1)] "Atomic number of the elements"
                                                         0

0                                                        6
1                                                       17
2                                                       17
3                                                       17
4                                                        1
   &NA [&Type "ArrayOfDoubles", &Dim (5,1)] "Mulliken gross atomic population"
                                                         0

0                                      5.9494414923509265e+00
1                                      1.7070196852468101e+01
2                                      1.7070141937610963e+01
3                                      1.7070160808299097e+01
4                                      8.4005890927076066e-01
   &ZA [&Type "ArrayOfDoubles", &Dim (5,1)] "Total nuclear charge"
                                                         0

0                                      6.0000000000000000e+00
1                                      1.7000000000000000e+01
2                                      1.7000000000000000e+01
3                                      1.7000000000000000e+01
4                                      1.0000000000000000e+00
   &QA [&Type "ArrayOfDoubles", &Dim (5,1)] "Mulliken gross atomic charge"
                                                         0

0                                      5.0558507649073547e-02
1                                     -7.0196852468100701e-02
2                                     -7.0141937610962657e-02
3                                     -7.0160808299096544e-02
4                                      1.5994109072923934e-01
   &VA [&Type "ArrayOfDoubles", &Dim (5,1)] "Mayer's total valence"
                                                         0

0                                      4.2712462754095446e+00
1                                      1.2046478499263682e+00
2                                      1.2046955549888900e+00
3                                      1.2046068625108155e+00
4                                      9.6444679032034941e-01
   &BVA [&Type "ArrayOfDoubles", &Dim (5,1)] "Mayer's bonded valence"
                                                         0

0                                      4.2712462754095171e+00
1                                      1.2046478499264883e+00
2                                      1.2046955549891365e+00
3                                      1.2046068625108328e+00
4                                      9.6444679032034730e-01
   &FA [&Type "ArrayOfDoubles", &Dim (5,1)] "Mayer's free valence"
                                                         0

0                                      0.0000000000000000e+00
1                                      0.0000000000000000e+00
2                                      0.0000000000000000e+00
3                                      0.0000000000000000e+00
4                                      0.0000000000000000e+00
$End
$VdW_Correction
   &GeometryIndex 1
   &ListStatus       OUT
   &VDW [&Type "Double"]      -1.4741460755961877e-03
$End
$Calculation_Info
   &GeometryIndex 1
   &ListStatus       OUT
   &MULT [&Type "Integer"] 1
   &CHARGE [&Type "Integer"] 0
   &NUMOFATOMS [&Type "Integer"] 5
   &NUMOFELECTRONS [&Type "Integer"] 58
   &NUMOFFCELECTRONS [&Type "Integer"] 1
   &NUMOFCORRELECTRONS [&Type "Integer"] 0
   &NUMOFBASISFUNCTS [&Type "Integer"] 148
   &NUMOFAUXCBASISFUNCTS [&Type "Integer"] 0
   &NUMOFAUXJBASISFUNCTS [&Type "Integer"] 167
   &NUMOFAUXJKBASISFUNCTS [&Type "Integer"] 0
   &NUMOFCABSBASISFUNCTS [&Type "Integer"] 0
   &TOTALENERGY [&Type "Double"]      -1.4192319608288258e+03  "Hartrees"
$End
$SCF_Dipole_Moment
   &GeometryIndex 1
   &ListStatus       OUT
   &METHOD [&Type "String"] "SCF"
   &LEVEL [&Type "String"] "Relaxed density"
   &MULT [&Type "Integer"] 1
   &STATE [&Type "Integer"] -1
   &IRREP [&Type "Integer"] 0
   &NATOMS [&Type "Integer"] 5
   &DODIPOLEATOM [&Type "Boolean"] false
   &DIPOLEELECCONTRIB [&Type "ArrayOfDoubles", &Dim (3,1)] "Electronic contribution"
                                                         0

0                                      3.7460438897676362e-04
1                                      5.1773813095945202e-05
2                                     -1.3207817413551008e+00
   &DIPOLENUCCONTRIB [&Type "ArrayOfDoubles", &Dim (3,1)] "Nuclear contribution"
                                                         0

0                                     -4.2024288627656660e-04
1                                     -1.9271764065386299e-04
2                                      1.7705047700955303e+00
   &DIPOLETOTAL [&Type "ArrayOfDoubles", &Dim (3,1)] "Total"
                                                         0

0                                     -4.5638497299802980e-05
1                                     -1.4094382755791779e-04
2                                      4.4972302874042946e-01
   &DIPOLEMAGNITUDE [&Type "Double", &Units "a.u."]       4.4972305314215338e-01
$End
$THERMOCHEMISTRY_Energies
   &GeometryIndex 1
   &ListStatus       OUT
   &TEMPERATURE [&Type "Double"]       2.9814999999999998e+02
   &PRESSURE [&Type "Double"]       1.0000000000000000e+00
   &TOTALMASS [&Type "Double"]       1.1937800000000000e+02
   &SPINDEGENERACY [&Type "Integer"] 1
   &ELENERGY [&Type "Double"]      -1.4192319608288258e+03
   &TRANSENERGY [&Type "Double"]       1.4162714244859817e-03
   &ROTENERGY [&Type "Double"]       1.4162714244859817e-03
   &VIBENERGY [&Type "Double"]       1.7044958321902463e-03
   &NUMOFFREQS [&Type "Integer"] 15
   &FREQSCALINGFACTOR [&Type "Double"]       1.0000000000000000e+00
   &FREQ [&Type "ArrayOfDoubles", &Dim (15,1)] "In cm^-1"
                                                         0

0                                      0.0000000000000000e+00
1                                      0.0000000000000000e+00
2                                      0.0000000000000000e+00
3                                      0.0000000000000000e+00
4                                      0.0000000000000000e+00
5                                      0.0000000000000000e+00
6                                      2.5667704011701130e+02
7                                      2.5674821950530787e+02
8                                      3.5917648285725460e+02
9                                      6.6360229471932450e+02
10                                     6.8110024801400527e+02
11                                     6.8222948247959823e+02
12                                     1.2254428039361114e+03
13                                     1.2258801255298804e+03
14                                     3.1305352566837491e+03
   &ZPE [&Type "Double"]       1.9322032602662839e-02
   &INNERENERGYU [&Type "Double"]      -1.4192081017575420e+03
   &ENTHALPYH [&Type "Double"]      -1.4192071575484997e+03
   &QEL [&Type "Double"]       0.0000000000000000e+00
   &QROT [&Type "Double"]       1.3001607538388105e-02
   &QVIB [&Type "Double"]       2.6568794091750875e-03
   &QTRANS [&Type "Double"]       1.9122098832187667e-02
   &ENTROPYS [&Type "Double"]       3.4780585779750864e-02
   &FREEENERGYG [&Type "Double"]      -1.4192419381342795e+03
   &ISLINEAR [&Type "Boolean"] false
$End
$Hessian
   &GeometryIndex 1
   &ListStatus       OUT
   &HESSIAN [&Type "ArrayOfDoubles", &Dim (15,15)] "The Hessian"
                                                         0                           1                           2                           3                           4                           5                           6                           7

0                                      2.0312461207330507e-01        -2.0820124513471654e-04        -2.4386498379223642e-04        -7.7463435694489116e-02         1.5579777944375782e-02        -2.1122623945938807e-02        -3.3174457923607681e-02         1.0240446758467733e-02
1                                     -2.0820124513471654e-04         2.0365058300897898e-01        -1.5099956760880788e-05         1.5612420298167777e-02        -3.6319700870222828e-02         7.0005148791454641e-03         1.0231640613723881e-02        -8.0747967444061083e-02
2                                     -2.4386498379223642e-04        -1.5099956760880788e-05         5.0618123872145815e-01        -3.9303237113905112e-02         1.3047559446299501e-02        -5.6141541006239783e-02         8.4129037739961478e-03        -4.0571646984471188e-02
3                                     -7.7463435694489116e-02         1.5612420298167777e-02        -3.9303237113905112e-02         1.4870918175775333e-01        -3.7622261008307741e-02         4.3168123670298715e-02        -1.4243133956699450e-02         2.4789557921881582e-02
4                                      1.5579777944375782e-02        -3.6319700870222828e-02         1.3047559446299501e-02        -3.7622261008307741e-02         4.8566713145133368e-02        -1.4336130630629808e-02         2.5668134129382587e-02        -2.0248324085662520e-02
5                                     -2.1122623945938807e-02         7.0005148791454641e-03        -5.6141541006239783e-02         4.3168123670298715e-02        -1.4336130630629808e-02         4.3796574820711656e-02         2.9704093363509872e-03         1.2336151605476728e-03
6                                     -3.3174457923607681e-02         1.0231640613723881e-02         8.4129037739961478e-03        -1.4243133956699450e-02         2.5668134129382587e-02         2.9704093363509872e-03         4.1089038355423338e-02        -2.4726096957400676e-02
7                                      1.0240446758467733e-02        -8.0747967444061083e-02        -4.0571646984471188e-02         2.4789557921881582e-02        -2.0248324085662520e-02         1.2336151605476728e-03        -2.4726096957400676e-02         1.5633378097477740e-01
8                                      4.5375250624879685e-03        -2.1754089577376005e-02        -5.5934865930750838e-02         1.5728091396360385e-03         2.8059100854300476e-03         7.3508408187687741e-03        -9.2326065508243609e-03         4.4508034452984013e-02
9                                     -5.9790610408355177e-02        -2.5618032857385231e-02         3.1082797931890234e-02        -4.0664446462235604e-02        -1.0458727460101475e-02         1.6279630633701022e-03         3.0983317113712598e-03        -1.4802927328072719e-02
10                                    -2.5626423855649047e-02        -5.3889479778778199e-02         2.7508765599288464e-02        -9.5825775711754907e-03         6.1173551013976868e-03        -2.7536890349610524e-03        -1.5658249693660552e-02        -3.7652564326056591e-02
11                                     1.6753604881157447e-02         1.4777066821498791e-02        -5.6180129686036168e-02        -4.1167782694473062e-04        -3.1821260451343676e-03         7.3383163546660180e-03        -3.2097726060033227e-03        -2.5337228918519833e-05
12                                    -3.2696108046853078e-02        -7.6887787849141968e-07         7.0173090758284928e-05        -1.6338165644329165e-02         6.8224730370072236e-03        -2.6563816116055645e-02         3.2302218135125283e-03         4.4890142844382702e-03
13                                    -2.6575335529705474e-06        -3.2693434915916850e-02         1.5113891833526654e-05         6.8134637170774916e-03         1.8839567093542967e-03         8.8292127140764468e-03         4.4945772286405705e-03        -1.7684925118997209e-02
14                                     5.6586287138310853e-05         6.9158373032085254e-06        -3.3792470209843134e-01        -5.1060738771102759e-03         1.6912640558559029e-03        -2.3441909879066657e-03         1.0829946240516752e-03        -5.2537021086103489e-03
                                                         8                           9                          10                          11                          12                          13                          14

0                                      4.5375250624879685e-03        -5.9790610408355177e-02        -2.5626423855649047e-02         1.6753604881157447e-02        -3.2696108046853078e-02        -2.6575335529705474e-06         5.6586287138310853e-05
1                                     -2.1754089577376005e-02        -2.5618032857385231e-02        -5.3889479778778199e-02         1.4777066821498791e-02        -7.6887787849141968e-07        -3.2693434915916850e-02         6.9158373032085254e-06
2                                     -5.5934865930750838e-02         3.1082797931890234e-02         2.7508765599288464e-02        -5.6180129686036168e-02         7.0173090758284928e-05         1.5113891833526654e-05        -3.3792470209843134e-01
3                                      1.5728091396360385e-03        -4.0664446462235604e-02        -9.5825775711754907e-03        -4.1167782694473062e-04        -1.6338165644329165e-02         6.8134637170774916e-03        -5.1060738771102759e-03
4                                      2.8059100854300476e-03        -1.0458727460101475e-02         6.1173551013976868e-03        -3.1821260451343676e-03         6.8224730370072236e-03         1.8839567093542967e-03         1.6912640558559029e-03
5                                      7.3508408187687741e-03         1.6279630633701022e-03        -2.7536890349610524e-03         7.3383163546660180e-03        -2.6563816116055645e-02         8.8292127140764468e-03        -2.3441909879066657e-03
6                                     -9.2326065508243609e-03         3.0983317113712598e-03        -1.5658249693660552e-02        -3.2097726060033227e-03         3.2302218135125283e-03         4.4945772286405705e-03         1.0829946240516752e-03
7                                      4.4508034452984013e-02        -1.4802927328072719e-02        -3.7652564326056591e-02        -2.5337228918519833e-05         4.4890142844382702e-03        -1.7684925118997209e-02        -5.2537021086103489e-03
8                                      4.3573324449571897e-02        -2.5387477808833363e-03         1.9626877108224888e-03         7.3414423170557914e-03         5.6370915520125619e-03        -2.7413505963392173e-02        -2.3307416546456197e-03
9                                     -2.5387477808833363e-03         1.0591751505532643e-01         6.2161001910122360e-02        -3.4114798088609802e-02        -8.5607898961069066e-03        -1.1285693324318889e-02         4.0143418973268771e-03
10                                     1.9626877108224888e-03         6.2161001910122360e-02         9.1298702085497660e-02        -3.0207625049889650e-02        -1.1289371729881318e-02        -5.8740130820605441e-03         3.5604479635226970e-03
11                                     7.3414423170557914e-03        -3.4114798088609802e-02        -3.0207625049889650e-02         4.3834996686492503e-02         2.0911086617306323e-02         1.8567434313660803e-02        -2.3346256721781360e-03
12                                     5.6370915520125619e-03        -8.5607898961069066e-03        -1.1289371729881318e-02         2.0911086617306323e-02         5.4364841773776623e-02        -2.0518400765944488e-05        -5.1192037714056088e-05
13                                    -2.7413505963392173e-02        -1.1285693324318889e-02        -5.8740130820605441e-03         1.8567434313660803e-02        -2.0518400765944488e-05         5.4368416407620308e-02        -1.5903521250301873e-06
14                                    -2.3307416546456197e-03         4.0143418973268771e-03         3.5604479635226970e-03        -2.3346256721781360e-03        -5.1192037714056088e-05        -1.5903521250301873e-06         3.4493426041316178e-01
   &MODES [&Type "ArrayOfDoubles", &Dim (15,15)] "The modes of vibrations"
                                                         0                           1                           2                           3                           4                           5                           6                           7

0                                      0.0000000000000000e+00         0.0000000000000000e+00         0.0000000000000000e+00         0.0000000000000000e+00         0.0000000000000000e+00         0.0000000000000000e+00        -1.0106082283650947e-02         5.0353446381831909e-02
1                                      0.0000000000000000e+00         0.0000000000000000e+00         0.0000000000000000e+00         0.0000000000000000e+00         0.0000000000000000e+00         0.0000000000000000e+00        -5.0281719468100589e-02        -1.0040963615607962e-02
2                                      0.0000000000000000e+00         0.0000000000000000e+00         0.0000000000000000e+00         0.0000000000000000e+00         0.0000000000000000e+00         0.0000000000000000e+00         1.6303822487454190e-04         1.7804642334204730e-04
3                                      0.0000000000000000e+00         0.0000000000000000e+00         0.0000000000000000e+00         0.0000000000000000e+00         0.0000000000000000e+00         0.0000000000000000e+00         4.2201299105177489e-02         7.9092268565580187e-02
4                                      0.0000000000000000e+00         0.0000000000000000e+00         0.0000000000000000e+00         0.0000000000000000e+00         0.0000000000000000e+00         0.0000000000000000e+00         9.1949980397460260e-02        -3.9498542622864861e-02
5                                      0.0000000000000000e+00         0.0000000000000000e+00         0.0000000000000000e+00         0.0000000000000000e+00         0.0000000000000000e+00         0.0000000000000000e+00        -6.9758202749045401e-04        -5.4583465317216643e-03
6                                      0.0000000000000000e+00         0.0000000000000000e+00         0.0000000000000000e+00         0.0000000000000000e+00         0.0000000000000000e+00         0.0000000000000000e+00         5.4952499433083737e-02        -8.4564250326154555e-02
7                                      0.0000000000000000e+00         0.0000000000000000e+00         0.0000000000000000e+00         0.0000000000000000e+00         0.0000000000000000e+00         0.0000000000000000e+00        -7.1429154580970752e-02        -5.2284467503704829e-02
8                                      0.0000000000000000e+00         0.0000000000000000e+00         0.0000000000000000e+00         0.0000000000000000e+00         0.0000000000000000e+00         0.0000000000000000e+00         5.0105709230699857e-03         2.1163913407268218e-03
9                                      0.0000000000000000e+00         0.0000000000000000e+00         0.0000000000000000e+00         0.0000000000000000e+00         0.0000000000000000e+00         0.0000000000000000e+00        -9.3240495710249421e-02        -1.4028536090167659e-02
10                                     0.0000000000000000e+00         0.0000000000000000e+00         0.0000000000000000e+00         0.0000000000000000e+00         0.0000000000000000e+00         0.0000000000000000e+00        -1.0452660719245960e-03         9.5670990063703151e-02
11                                     0.0000000000000000e+00         0.0000000000000000e+00         0.0000000000000000e+00         0.0000000000000000e+00         0.0000000000000000e+00         0.0000000000000000e+00        -4.3730440799584292e-03         3.2762561441978637e-03
12                                     0.0000000000000000e+00         0.0000000000000000e+00         0.0000000000000000e+00         0.0000000000000000e+00         0.0000000000000000e+00         0.0000000000000000e+00        -1.7216439337866932e-02         8.5869657609299016e-02
13                                     0.0000000000000000e+00         0.0000000000000000e+00         0.0000000000000000e+00         0.0000000000000000e+00         0.0000000000000000e+00         0.0000000000000000e+00        -8.5846514972920396e-02        -1.7101724924725933e-02
14                                     0.0000000000000000e+00         0.0000000000000000e+00         0.0000000000000000e+00         0.0000000000000000e+00         0.0000000000000000e+00         0.0000000000000000e+00         1.6952810795355881e-04         1.8919912235331786e-04
                                                         8                           9                          10                          11                          12                          13                          14

0                                     -5.9779262042333068e-05         3.8409039847135452e-03        -2.4155863511077186e-01         9.1293958038164744e-02         4.7421671094938153e-02         4.2005896596208722e-02         1.8528991745448425e-05
1                                     -8.7782219646972073e-05         7.1725224923422347e-04        -9.1280011915379822e-02        -2.4159605095163986e-01         4.2057238234257222e-02        -4.7452229155930468e-02         1.7853766026811830e-06
2                                     -9.5122246230176205e-02         2.4317659778150480e-01         3.6521873783269760e-03        -6.6929695065087995e-04        -4.2137984844616652e-05        -1.1364732423571528e-05        -8.1751546849770859e-02
3                                     -8.5503274487219588e-02        -3.4237589977216015e-02         3.9092480219667908e-02        -2.7709472954897212e-02         2.5324058260820211e-03         6.3113764240992779e-03        -1.2789237608300120e-04
4                                      2.8579753180050963e-02         1.1298696530631498e-02        -5.9153080851923725e-03         1.7981629485626805e-02        -3.6755122146078273e-03        -4.6151968741141942e-04         4.2201065867352864e-05
5                                      1.1686436094986966e-02        -3.0106643258650260e-02         1.7003252553933743e-02        -1.4094513166352013e-02         6.5550879207530721e-03         1.1310155522394295e-02         1.7829232532822170e-04
6                                      1.8164440575738069e-02         6.9743647900820287e-03         8.8007160629913674e-03        -1.1763184627927416e-02        -3.3498352958507530e-03        -2.7600599427967927e-04         2.6675973004284133e-05
7                                     -8.8615242991514173e-02        -3.4629094817407308e-02         9.5130913550998987e-03         4.8891130773558208e-02         2.9248183044097453e-03        -6.3246363947421988e-03        -1.3122740574769031e-04
8                                      1.1688005607627741e-02        -2.9807695288766815e-02         3.1109756791368862e-03         2.2290539734061771e-02         6.5253503912047831e-03        -1.1318017833432198e-02         1.7885711948417653e-04
9                                      6.7357571298322788e-02         2.5897289183183722e-02         3.8410856904326496e-02         6.8558310373696045e-03         5.2960098809445300e-03        -2.0621969128307507e-03         9.9882073818216192e-05
10                                     6.0069883412488492e-02         2.3076530420829064e-02         2.9017460494657421e-02         1.9450490503768767e-02         4.7053831911694263e-03         2.3183885553510731e-03         8.8675382193309282e-05
11                                     1.1654359731662605e-02        -2.9523436061977815e-02        -2.1458401512467584e-02        -7.9496689125324854e-03        -1.3060724633753022e-02         1.5399392521045120e-05         1.8069947701511825e-04
12                                     5.3285853876129541e-05         2.2752295512442743e-03        -1.5711987234397590e-01         5.9357759444068812e-02        -7.2258016154634674e-01        -6.4027157213776609e-01        -1.7385490533922850e-04
13                                    -1.6369454064375273e-04         3.8240147406535158e-04        -5.9468267926086761e-02        -1.5734924734013642e-01        -6.4023322173605168e-01         7.2256397472183642e-01        -8.9302137863379783e-06
14                                    -9.8574204145622776e-02         2.4805883658057992e-01         3.7584847950152718e-03        -6.8967487572602884e-04        -1.9125962046360990e-04        -1.2967296496269902e-04         9.5520780891572044e-01
$End
