
$orca_hessian_file

$act_atom
  0

$act_coord
  0

$act_energy
        0.000000

$multiplicity
  1

$hessian
15
                    0                  1                  2                  3                  4        
    0      2.0719380128E-01   1.4954789651E-04   2.6766963601E-04  -3.1212225030E-02   2.7479650297E-03
    1      1.4954789651E-04   2.0683092881E-01  -7.1891314418E-06   2.7162417852E-03  -8.5122392452E-02
    2      2.6766963601E-04  -7.1891314418E-06   5.0543603072E-01   2.0702729671E-03  -4.1921543339E-02
    3     -3.1212225030E-02   2.7162417852E-03   2.0702729671E-03   3.6074908090E-02  -6.5993977371E-03
    4      2.7479650297E-03  -8.5122392452E-02  -4.1921543339E-02  -6.5993977371E-03   1.6367480561E-01
    5      1.0920212147E-03  -2.2856963541E-02  -5.5855378270E-02  -2.3008787385E-03   4.6309430534E-02
    6     -6.9295732885E-02  -2.4778852065E-02   3.5053522944E-02  -2.2370836541E-03  -2.0071905692E-02
    7     -2.4802560058E-02  -4.7145608835E-02   2.2815532039E-02  -2.0866760642E-02  -3.1959097466E-02
    8      1.9049165765E-02   1.2423254807E-02  -5.5665445273E-02  -3.2364910247E-03   3.9248552191E-04
    9     -7.4124046526E-02   2.1899497784E-02  -3.7399022586E-02  -6.7982607665E-03   2.2704480635E-02
   10      2.1908736412E-02  -4.2013723226E-02   1.9122486594E-02   2.3539275588E-02  -2.7440674681E-02
   11     -2.0417631407E-02   1.0464194287E-02  -5.5894960190E-02   3.1717383882E-03   7.2566845387E-04
   12     -3.2561796837E-02   4.4656216809E-06   1.4690539002E-06   4.1726613607E-03   1.2164229921E-03
   13      5.4096972442E-06  -3.2549204296E-02  -1.1033882797E-05   1.2130757789E-03  -1.9152641008E-02
   14      1.4862776150E-05  -2.1548699838E-05  -3.3802024699E-01   2.9595798895E-04  -5.6013827001E-03
                    5                  6                  7                  8                  9        
    0      1.0920212147E-03  -6.9295732885E-02  -2.4802560058E-02   1.9049165765E-02  -7.4124046526E-02
    1     -2.2856963541E-02  -2.4778852065E-02  -4.7145608835E-02   1.2423254807E-02   2.1899497784E-02
    2     -5.5855378270E-02   3.5053522944E-02   2.2815532039E-02  -5.5665445273E-02  -3.7399022586E-02
    3     -2.3008787385E-03  -2.2370836541E-03  -2.0866760642E-02  -3.2364910247E-03  -6.7982607665E-03
    4      4.6309430534E-02  -2.0071905692E-02  -3.1959097466E-02   3.9248552191E-04   2.2704480635E-02
    5      4.3685730105E-02  -2.2201626382E-03   2.3772582176E-03   7.2831762896E-03   1.9498498770E-03
    6     -2.2201626382E-03   1.2607171288E-01   5.8596775390E-02  -3.8743046753E-02  -4.2277735534E-02
    7      2.3772582176E-03   5.8596775390E-02   7.3750618566E-02  -2.5205043833E-02  -2.2190824355E-03
    8      7.2831762896E-03  -3.8743046753E-02  -2.5205043833E-02   4.3492145325E-02  -9.5346882801E-04
    9      1.9498498770E-03  -4.2277735534E-02  -2.2190824355E-03  -9.5346882801E-04   1.3756157021E-01
   10      2.6000331449E-03  -3.0396368116E-03   8.0575592265E-03  -3.1120325657E-03  -5.1879043907E-02
   11      7.2736241183E-03   1.2762837817E-03  -2.9941946594E-03   7.2820198881E-03   4.1330149698E-02
   12      1.4785707039E-03  -1.2261160802E-02  -1.0706622990E-02   2.3806572468E-02  -1.4361527387E-02
   13     -2.8334416826E-02  -1.0708130086E-02  -2.7034714914E-03   1.5449409016E-02   9.4825444649E-03
   14     -2.3871522421E-03   4.7106710371E-03   3.0583752909E-03  -2.3918962298E-03  -5.0109204885E-03
                   10                 11                 12                 13                 14        
    0      2.1908736412E-02  -2.0417631407E-02  -3.2561796837E-02   5.4096972442E-06   1.4862776150E-05
    1     -4.2013723226E-02   1.0464194287E-02   4.4656216809E-06  -3.2549204296E-02  -2.1548699838E-05
    2      1.9122486594E-02  -5.5894960190E-02   1.4690539002E-06  -1.1033882797E-05  -3.3802024699E-01
    3      2.3539275588E-02   3.1717383882E-03   4.1726613607E-03   1.2130757789E-03   2.9595798895E-04
    4     -2.7440674681E-02   7.2566845387E-04   1.2164229921E-03  -1.9152641008E-02  -5.6013827001E-03
    5      2.6000331449E-03   7.2736241183E-03   1.4785707039E-03  -2.8334416826E-02  -2.3871522421E-03
    6     -3.0396368116E-03   1.2762837817E-03  -1.2261160802E-02  -1.0708130086E-02   4.7106710371E-03
    7      8.0575592265E-03  -2.9941946594E-03  -1.0706622990E-02  -2.7034714914E-03   3.0583752909E-03
    8     -3.1120325657E-03   7.2820198881E-03   2.3806572468E-02   1.5449409016E-02  -2.3918962298E-03
    9     -5.1879043907E-02   4.1330149698E-02  -1.4361527387E-02   9.4825444649E-03  -5.0109204885E-03
   10      6.1996043515E-02  -2.1121522975E-02   9.4822721786E-03  -5.9920483470E-04   2.5514052598E-03
   11     -2.1121522975E-02   4.3733059301E-02  -2.5277128133E-02   1.2885485436E-02  -2.3937431168E-03
   12      9.4822721786E-03  -2.5277128133E-02   5.5011823666E-02   5.2811714609E-06  -1.0027703582E-05
   13     -5.9920483470E-04   1.2885485436E-02   5.2811714609E-06   5.5004521630E-02   1.1853553504E-05
   14      2.5514052598E-03  -2.3937431168E-03  -1.0027703582E-05   1.1853553504E-05   3.4519303858E-01

$vibrational_frequencies
15
    0        0.0000000000000000
    1        0.0000000000000000
    2        0.0000000000000000
    3        0.0000000000000000
    4        0.0000000000000000
    5        0.0000000000000000
    6      255.8660218087829037
    7      255.9883548885774189
    8      359.4319270014703989
    9      663.6376438037621028
   10      689.3260535541766103
   11      690.0724144114851697
   12     1232.2469941411829950
   13     1232.3963623858098799
   14     3131.5738949578585562

$normal_modes
15 15
                    0                  1                  2                  3                  4        
    0      0.0000000000E+00   0.0000000000E+00   0.0000000000E+00   0.0000000000E+00   0.0000000000E+00
    1      0.0000000000E+00   0.0000000000E+00   0.0000000000E+00   0.0000000000E+00   0.0000000000E+00
    2      0.0000000000E+00   0.0000000000E+00   0.0000000000E+00   0.0000000000E+00   0.0000000000E+00
    3      0.0000000000E+00   0.0000000000E+00   0.0000000000E+00   0.0000000000E+00   0.0000000000E+00
    4      0.0000000000E+00   0.0000000000E+00   0.0000000000E+00   0.0000000000E+00   0.0000000000E+00
    5      0.0000000000E+00   0.0000000000E+00   0.0000000000E+00   0.0000000000E+00   0.0000000000E+00
    6      0.0000000000E+00   0.0000000000E+00   0.0000000000E+00   0.0000000000E+00   0.0000000000E+00
    7      0.0000000000E+00   0.0000000000E+00   0.0000000000E+00   0.0000000000E+00   0.0000000000E+00
    8      0.0000000000E+00   0.0000000000E+00   0.0000000000E+00   0.0000000000E+00   0.0000000000E+00
    9      0.0000000000E+00   0.0000000000E+00   0.0000000000E+00   0.0000000000E+00   0.0000000000E+00
   10      0.0000000000E+00   0.0000000000E+00   0.0000000000E+00   0.0000000000E+00   0.0000000000E+00
   11      0.0000000000E+00   0.0000000000E+00   0.0000000000E+00   0.0000000000E+00   0.0000000000E+00
   12      0.0000000000E+00   0.0000000000E+00   0.0000000000E+00   0.0000000000E+00   0.0000000000E+00
   13      0.0000000000E+00   0.0000000000E+00   0.0000000000E+00   0.0000000000E+00   0.0000000000E+00
   14      0.0000000000E+00   0.0000000000E+00   0.0000000000E+00   0.0000000000E+00   0.0000000000E+00
                    5                  6                  7                  8                  9        
    0      0.0000000000E+00   1.8506602590E-01  -1.9423318486E-01   8.9477269120E-04   1.2389020629E-02
    1      0.0000000000E+00   1.9466631637E-01   1.8550107119E-01   2.9939647776E-05  -3.2025088062E-05
    2      0.0000000000E+00   4.1154797683E-04   9.5046091673E-04  -4.6089468851E-01  -6.8196378323E-01
    3      0.0000000000E+00  -3.9571055462E-01   3.4150805579E-01   2.2193356312E-02  -5.7013347318E-03
    4      0.0000000000E+00   2.9177846853E-01   3.4818936521E-01  -4.2681806813E-01   1.0137091250E-01
    5      0.0000000000E+00  -1.9331182481E-02  -2.0489401853E-02   5.6569689236E-02   8.3650536177E-02
    6      0.0000000000E+00   4.3572149246E-01   1.8842695171E-01   3.5948235008E-01  -8.6843182632E-02
    7      0.0000000000E+00   1.3841358787E-01  -4.8406655347E-01   2.3263688115E-01  -5.6142698932E-02
    8      0.0000000000E+00   2.7214953949E-02  -6.5802049474E-03   5.6660248158E-02   8.4484494096E-02
    9      0.0000000000E+00  -1.1165091188E-01  -4.5474878602E-01  -3.8198937149E-01   8.8136441745E-02
   10      0.0000000000E+00  -5.0552935293E-01   6.4077356450E-02   1.9416137988E-01  -4.5220700605E-02
   11      0.0000000000E+00  -8.0352691616E-03   2.6721028131E-02   5.6501322922E-02   8.2663506878E-02
   12      0.0000000000E+00   3.1450789936E-01  -3.3000230829E-01   3.7029181976E-04   7.4156529245E-03
   13      0.0000000000E+00   3.3015480949E-01   3.1494649929E-01   3.3989675987E-04   1.1735743138E-04
   14      0.0000000000E+00   4.2454857443E-04   9.3469590784E-04  -4.7785344069E-01  -6.9493406468E-01
                   10                 11                 12                 13                 14        
    0     -3.1584811393E-01   7.5889074373E-01   2.4888426296E-02  -5.9588026198E-02  -1.9024954258E-06
    1      7.5925215875E-01   3.1576868950E-01  -5.9530203155E-02  -2.4868543963E-02  -5.4741015298E-06
    2     -5.2736404273E-03   1.2306560699E-02   2.8719152911E-05  -3.7201776152E-05  -8.5217105342E-02
    3      1.9075581101E-02  -2.8317779304E-02  -7.1064839546E-04   3.1390877382E-03   8.6700478725E-06
    4     -1.5176645584E-01  -5.7717443640E-02  -7.1472470289E-03  -2.3770971367E-03  -1.5470943232E-04
    5     -6.5150062033E-02  -2.4938518171E-02  -1.2742607249E-02  -4.5536177117E-03   1.8024544622E-04
    6     -7.4323527960E-03  -1.3590705195E-01  -2.8448310048E-03  -5.9012511743E-03   1.3170888387E-04
    7     -4.3656969695E-02  -8.1019254727E-02   1.9070423472E-03  -4.5124544962E-03   8.4693096148E-05
    8      1.3241555203E-02   6.7168540003E-02   2.4208242243E-03   1.3311946600E-02   1.8070935989E-04
    9      1.0109624858E-01  -1.0665906346E-01   6.0558895161E-03  -3.2260829821E-03  -1.3881482355E-04
   10     -7.5567304806E-02   2.6032588895E-02  -7.6800545353E-04   4.3817114750E-03   7.0747706292E-05
   11      5.3847454661E-02  -4.6757456428E-02   1.0312706001E-02  -8.7449823983E-03   1.8087336742E-04
   12     -2.0168747779E-01   4.8473213930E-01  -3.8450588103E-01   9.2064789973E-01  -3.2342713448E-05
   13      4.8418321815E-01   2.0138994395E-01   9.2066105558E-01   3.8453029629E-01   3.9504135448E-05
   14     -5.3569665147E-03   1.2596268039E-02  -2.2954395371E-05  -2.6133498225E-05   9.9636231947E-01

#
# The atoms: label  mass x y z (in bohrs)
#
$atoms
5
 C     12.01100      0.000209759561     0.000071753879     0.910795511882
 Cl    35.45300      0.166919605746    -3.207195285554    -0.130999644170
 Cl    35.45300      2.694094515822     1.748241308974    -0.130924458014
 Cl    35.45300     -2.861088309311     1.458927759375    -0.131066813162
 H      1.00800      0.000109876953     0.000067105909     2.969386933080

$actual_temperature
  0.000000

$frequency_scale_factor
  1.000000

$dipole_derivatives
15
    1.4898076820E+00   -1.1526091025E-05    2.1265238992E-04
   -4.4990726818E-05    1.4899222544E+00   -9.2634065982E-05
   -5.4536516960E-05   -2.8237962200E-04    2.0997777774E-01
   -1.4923065633E-01    3.4580394622E-02    3.0227869522E-03
    3.3605842182E-02   -7.9775060368E-01   -5.9347950335E-02
    9.8402445328E-03   -1.8909225431E-01   -8.2555286046E-02
   -6.0665377945E-01   -2.9716543032E-01    4.9928792106E-02
   -2.9683890046E-01   -3.4174394979E-01    3.2383529592E-02
    1.5882073014E-01    1.0309273868E-01   -8.2462219485E-02
   -6.6522719559E-01    2.6323064490E-01   -5.3198024410E-02
    2.6598143423E-01   -2.8312265982E-01    2.7348858350E-02
   -1.6864906333E-01    8.5964064360E-02   -8.2587638555E-02
   -6.7434371771E-02   -5.5518434481E-05   -7.9641982608E-05
   -5.0257416232E-05   -6.7122269460E-02   -6.4828927994E-05
    5.0790239342E-05    3.2370940068E-04    3.7861402460E-02

#
# The IR spectrum
#  wavenumber eps Int TX TY TZ
#
$ir_spectrum
15
      0.00   0.00000000   0.00000000     0.000000     0.000000     0.000000
      0.00   0.00000000   0.00000000     0.000000     0.000000     0.000000
      0.00   0.00000000   0.00000000     0.000000     0.000000     0.000000
      0.00   0.00000000   0.00000000     0.000000     0.000000     0.000000
      0.00   0.00000000   0.00000000     0.000000     0.000000     0.000000
      0.00   0.00000000   0.00000000     0.000000     0.000000     0.000000
    255.87   0.00001914   0.09674022    -0.003459    -0.003373    -0.000006
    255.99   0.00001801   0.09101066     0.003458    -0.003161     0.000024
    359.43   0.00002345   0.11849456     0.000198    -0.000051    -0.004507
    663.64   0.00106924   5.40352587     0.002271    -0.000017    -0.022308
    689.33   0.03800723 192.07295999    -0.050384     0.121110    -0.000166
    690.07   0.03797816 191.92606546     0.120991     0.050355     0.000357
   1232.25   0.00412043  20.82298078     0.012471    -0.029799    -0.000003
   1232.40   0.00413954  20.91952963    -0.029883    -0.012458    -0.000025
   3131.57   0.00006963   0.35187705     0.000007     0.000045     0.002634


$end

