*************************************************
******************* ORCA 6.0.0 ******************
*************************************************
$Calculation_Status
   &GeometryIndex 1
   &ListStatus       OUT
   &VERSION [&Type "String"] "6.0.0"
   &PROGNAME [&Type "String"] "LeanSCF"
   &STATUS [&Type "String"] "NORMAL TERMINATION"
$End
$Geometry
   &GeometryIndex 1
   &ListStatus       OUT
   &NATOMS [&Type "Integer"] 5
   &NCORELESSECP [&Type "Integer"] 0
   &NGHOSTATOMS [&Type "Integer"] 0
   &CartesianCoordinates [&Type "Coordinates", &Dim(5,4), &Units "Bohr"] 
              C      0.000158835072    0.000070997767    0.921006647595
              Cl     0.166868681256   -3.207196041667   -0.120788508457
              Cl     2.694043591333    1.748240552861   -0.120713322301
              Cl    -2.861139233800    1.458927003263   -0.120855677450
              H      0.000058952463    0.000066349796    2.979598068793
$End
$SCF_Energy
   &GeometryIndex 1
   &ListStatus       OUT
   &SCF_ENERGY [&Type "Double"]      -1.4192379113002412e+03
$End
$DFT_Energy
   &GeometryIndex 1
   &ListStatus       OUT
   &NALPHAEL [&Type "Integer"] 29
   &NBETAEL [&Type "Integer"] 29
   &NTOTALEL [&Type "Integer"] 58
   &EEXCHANGE [&Type "Double"]      -8.8212259064165437e+01
   &ECORR [&Type "Double"]      -2.2142925135126386e+00
   &ECNL [&Type "Double"]       0.0000000000000000e+00
   &EXC [&Type "Double"]      -9.0426551577678069e+01
   &EEMBED [&Type "Double"]       0.0000000000000000e+00
   &FINALEN [&Type "Double"]      -1.4192379113002412e+03  "No Van der Waals correction"
$End
$Mulliken_Population_Analysis
   &GeometryIndex 1
   &ListStatus       OUT
   &NATOMS [&Type "Integer"] 5
   &ATNO [&Type "ArrayOfIntegers", &Dim (5,1)] 
                                                         0

0                                                        6
1                                                       17
2                                                       17
3                                                       17
4                                                        1
   &ATOMICCHARGES [&Type "ArrayOfDoubles", &Dim (5,1)] 
                                                         0

0                                      5.1395401916711769e-02
1                                     -6.9810705591013544e-02
2                                     -6.9703744816312252e-02
3                                     -6.9848412616590139e-02
4                                      1.5796746110726967e-01
$End
$Loewdin_Population_Analysis
   &GeometryIndex 1
   &ListStatus       OUT
   &NATOMS [&Type "Integer"] 5
   &ATNO [&Type "ArrayOfIntegers", &Dim (5,1)] 
                                                         0

0                                                        6
1                                                       17
2                                                       17
3                                                       17
4                                                        1
   &ATOMICCHARGES [&Type "ArrayOfDoubles", &Dim (5,1)] 
                                                         0

0                                     -1.0420911569109741e+00
1                                      3.1024183712590414e-01
2                                      3.1039304208153951e-01
3                                      3.1014840356398921e-01
4                                      1.1130787413958998e-01
$End
$Mayer_Population_Analysis
   &GeometryIndex 1
   &ListStatus       OUT
   &NATOMS [&Type "Integer"] 5 "Total number of atoms"
   &BONDTHRESH [&Type "Double"]       1.0000000000000001e-01  "The threshold for printing"
   &NBONDORDERSPRINT [&Type "Integer"] 4 "The number of bond orders larger than threshold"
   &BONDORDERS [&Type "ArrayOfDoubles", &Dim (4,1)] "The bond orders"
                                                         0

0                                      1.1097603469623050e+00
1                                      1.1099520269457763e+00
2                                      1.1097010000009753e+00
3                                      9.4585152367945913e-01
   &COMPONENTS [&Type "ArrayOfIntegers", &Dim (4,4)] "The indices and atomic numbers of the bonding atoms"
                                                         0                           1                           2                           3

0                                                        0                           6                           1                          17
1                                                        0                           6                           2                          17
2                                                        0                           6                           3                          17
3                                                        0                           6                           4                           1
   &ATNO [&Type "ArrayOfIntegers", &Dim (5,1)] "Atomic number of the elements"
                                                         0

0                                                        6
1                                                       17
2                                                       17
3                                                       17
4                                                        1
   &NA [&Type "ArrayOfDoubles", &Dim (5,1)] "Mulliken gross atomic population"
                                                         0

0                                      5.9486045980832722e+00
1                                      1.7069810705590978e+01
2                                      1.7069703744816366e+01
3                                      1.7069848412616651e+01
4                                      8.4203253889273177e-01
   &ZA [&Type "ArrayOfDoubles", &Dim (5,1)] "Total nuclear charge"
                                                         0

0                                      6.0000000000000000e+00
1                                      1.7000000000000000e+01
2                                      1.7000000000000000e+01
3                                      1.7000000000000000e+01
4                                      1.0000000000000000e+00
   &QA [&Type "ArrayOfDoubles", &Dim (5,1)] "Mulliken gross atomic charge"
                                                         0

0                                      5.1395401916727756e-02
1                                     -6.9810705590978017e-02
2                                     -6.9703744816365543e-02
3                                     -6.9848412616650535e-02
4                                      1.5796746110726823e-01
   &VA [&Type "ArrayOfDoubles", &Dim (5,1)] "Mayer's total valence"
                                                         0

0                                      4.2752648975884560e+00
1                                      1.2058272356487663e+00
2                                      1.2060352551093405e+00
3                                      1.2057730894506586e+00
4                                      9.6567330063629564e-01
   &BVA [&Type "ArrayOfDoubles", &Dim (5,1)] "Mayer's bonded valence"
                                                         0

0                                      4.2752648975885155e+00
1                                      1.2058272356487949e+00
2                                      1.2060352551092781e+00
3                                      1.2057730894505192e+00
4                                      9.6567330063630641e-01
   &FA [&Type "ArrayOfDoubles", &Dim (5,1)] "Mayer's free valence"
                                                         0

0                                      0.0000000000000000e+00
1                                      0.0000000000000000e+00
2                                      0.0000000000000000e+00
3                                      0.0000000000000000e+00
4                                      0.0000000000000000e+00
$End
$VdW_Correction
   &GeometryIndex 1
   &ListStatus       OUT
   &VDW [&Type "Double"]      -1.4739774985076221e-03
$End
$Calculation_Info
   &GeometryIndex 1
   &ListStatus       OUT
   &MULT [&Type "Integer"] 1
   &CHARGE [&Type "Integer"] 0
   &NUMOFATOMS [&Type "Integer"] 5
   &NUMOFELECTRONS [&Type "Integer"] 58
   &NUMOFFCELECTRONS [&Type "Integer"] 1
   &NUMOFCORRELECTRONS [&Type "Integer"] 0
   &NUMOFBASISFUNCTS [&Type "Integer"] 148
   &NUMOFAUXCBASISFUNCTS [&Type "Integer"] 0
   &NUMOFAUXJBASISFUNCTS [&Type "Integer"] 167
   &NUMOFAUXJKBASISFUNCTS [&Type "Integer"] 0
   &NUMOFCABSBASISFUNCTS [&Type "Integer"] 0
   &TOTALENERGY [&Type "Double"]      -1.4192320824835397e+03  "Hartrees"
$End
$SCF_Dipole_Moment
   &GeometryIndex 1
   &ListStatus       OUT
   &METHOD [&Type "String"] "SCF"
   &LEVEL [&Type "String"] "Relaxed density"
   &MULT [&Type "Integer"] 1
   &STATE [&Type "Integer"] -1
   &IRREP [&Type "Integer"] 0
   &NATOMS [&Type "Integer"] 5
   &DODIPOLEATOM [&Type "Boolean"] false
   &DIPOLEELECCONTRIB [&Type "ArrayOfDoubles", &Dim (3,1)] "Electronic contribution"
                                                         0

0                                      2.6518060903327938e-04
1                                      3.8521147694680622e-05
2                                     -1.3094313478670865e+00
   &DIPOLENUCCONTRIB [&Type "ArrayOfDoubles", &Dim (3,1)] "Nuclear contribution"
                                                         0

0                                      1.0724268606255404e-04
1                                      5.1936684261847432e-05
2                                      1.7533144434914942e+00
   &DIPOLETOTAL [&Type "ArrayOfDoubles", &Dim (3,1)] "Total"
                                                         0

0                                      3.7242329509583344e-04
1                                      9.0457831956528061e-05
2                                      4.4388309562440775e-01
   &DIPOLEMAGNITUDE [&Type "Double", &Units "a.u."]       4.4388326107529352e-01
$End
$THERMOCHEMISTRY_Energies
   &GeometryIndex 1
   &ListStatus       OUT
   &TEMPERATURE [&Type "Double"]       2.9814999999999998e+02
   &PRESSURE [&Type "Double"]       1.0000000000000000e+00
   &TOTALMASS [&Type "Double"]       1.1937800000000000e+02
   &SPINDEGENERACY [&Type "Integer"] 1
   &ELENERGY [&Type "Double"]      -1.4192320824835397e+03
   &TRANSENERGY [&Type "Double"]       1.4162714244859817e-03
   &ROTENERGY [&Type "Double"]       1.4162714244859817e-03
   &VIBENERGY [&Type "Double"]       1.6988148119194231e-03
   &NUMOFFREQS [&Type "Integer"] 15
   &FREQSCALINGFACTOR [&Type "Double"]       1.0000000000000000e+00
   &FREQ [&Type "ArrayOfDoubles", &Dim (15,1)] "In cm^-1"
                                                         0

0                                      0.0000000000000000e+00
1                                      0.0000000000000000e+00
2                                      0.0000000000000000e+00
3                                      0.0000000000000000e+00
4                                      0.0000000000000000e+00
5                                      0.0000000000000000e+00
6                                      2.5586602180878290e+02
7                                      2.5598835488857742e+02
8                                      3.5943192700147040e+02
9                                      6.6363764380376210e+02
10                                     6.8932605355417661e+02
11                                     6.9007241441148517e+02
12                                     1.2322469941411830e+03
13                                     1.2323963623858099e+03
14                                     3.1315738949578586e+03
   &ZPE [&Type "Double"]       1.9388435979147061e-02
   &INNERENERGYU [&Type "Double"]      -1.4192081626898996e+03
   &ENTHALPYH [&Type "Double"]      -1.4192072184808574e+03
   &QEL [&Type "Double"]       0.0000000000000000e+00
   &QROT [&Type "Double"]       1.3002272267680554e-02
   &QVIB [&Type "Double"]       2.6509231320839218e-03
   &QTRANS [&Type "Double"]       1.9122098832187667e-02
   &ENTROPYS [&Type "Double"]       3.4775294231952143e-02
   &FREEENERGYG [&Type "Double"]      -1.4192419937750892e+03
   &ISLINEAR [&Type "Boolean"] false
$End
$Hessian
   &GeometryIndex 1
   &ListStatus       OUT
   &HESSIAN [&Type "ArrayOfDoubles", &Dim (15,15)] "The Hessian"
                                                         0                           1                           2                           3                           4                           5                           6                           7

0                                      2.0719380127866471e-01         1.4954789650615310e-04         2.6766963601062047e-04        -3.1212225030169211e-02         2.7479650297430975e-03         1.0920212147289923e-03        -6.9295732885236161e-02        -2.4802560057532223e-02
1                                      1.4954789650615310e-04         2.0683092880946319e-01        -7.1891314417720014e-06         2.7162417852344698e-03        -8.5122392452493603e-02        -2.2856963540890576e-02        -2.4778852065404401e-02        -4.7145608835251457e-02
2                                      2.6766963601062047e-04        -7.1891314417720014e-06         5.0543603071953913e-01         2.0702729670535611e-03        -4.1921543339248309e-02        -5.5855378270377322e-02         3.5053522943770114e-02         2.2815532038512127e-02
3                                     -3.1212225030169211e-02         2.7162417852344698e-03         2.0702729670535611e-03         3.6074908090070815e-02        -6.5993977370654017e-03        -2.3008787384541400e-03        -2.2370836541153183e-03        -2.0866760642227325e-02
4                                      2.7479650297430975e-03        -8.5122392452493603e-02        -4.1921543339248309e-02        -6.5993977370654017e-03         1.6367480560758113e-01         4.6309430534145699e-02        -2.0071905692061839e-02        -3.1959097465854611e-02
5                                      1.0920212147289923e-03        -2.2856963540890576e-02        -5.5855378270377322e-02        -2.3008787384541400e-03         4.6309430534145699e-02         4.3685730104560026e-02        -2.2201626382182572e-03         2.3772582176395593e-03
6                                     -6.9295732885236161e-02        -2.4778852065404401e-02         3.5053522943770114e-02        -2.2370836541153183e-03        -2.0071905692061839e-02        -2.2201626382182572e-03         1.2607171287616289e-01         5.8596775390292392e-02
7                                     -2.4802560057532223e-02        -4.7145608835251457e-02         2.2815532038512127e-02        -2.0866760642227325e-02        -3.1959097465854611e-02         2.3772582176395593e-03         5.8596775390292392e-02         7.3750618565945170e-02
8                                      1.9049165765391035e-02         1.2423254806606950e-02        -5.5665445272681219e-02        -3.2364910246691280e-03         3.9248552190944593e-04         7.2831762896255134e-03        -3.8743046752790736e-02        -2.5205043832999929e-02
9                                     -7.4124046525889525e-02         2.1899497783984846e-02        -3.7399022586077961e-02        -6.7982607664721691e-03         2.2704480634544576e-02         1.9498498769708883e-03        -4.2277735534374784e-02        -2.2190824354574590e-03
10                                     2.1908736412036792e-02        -4.2013723225583069e-02         1.9122486593518524e-02         2.3539275587843800e-02        -2.7440674681203855e-02         2.6000331448791519e-03        -3.0396368115780149e-03         8.0575592265374456e-03
11                                    -2.0417631406937545e-02         1.0464194287020091e-02        -5.5894960190126297e-02         3.1717383881596679e-03         7.2566845387015376e-04         7.2736241182958170e-03         1.2762837816867496e-03        -2.9941946594493141e-03
12                                    -3.2561796837369816e-02         4.4656216809241781e-06         1.4690539001768326e-06         4.1726613606858868e-03         1.2164229921400845e-03         1.4785707039296026e-03        -1.2261160802436640e-02        -1.0706622990428533e-02
13                                     5.4096972441888975e-06        -3.2549204296135073e-02        -1.1033882797446777e-05         1.2130757789139404e-03        -1.9152641008029058e-02        -2.8334416826306628e-02        -1.0708130085894978e-02        -2.7034714913765495e-03
14                                     1.4862776150384757e-05        -2.1548699837815636e-05        -3.3802024698635436e-01         2.9595798895295242e-04        -5.6013827001441946e-03        -2.3871522421040339e-03         4.7106710371483326e-03         3.0583752909246094e-03
                                                         8                           9                          10                          11                          12                          13                          14

0                                      1.9049165765391035e-02        -7.4124046525889525e-02         2.1908736412036792e-02        -2.0417631406937545e-02        -3.2561796837369816e-02         5.4096972441888975e-06         1.4862776150384757e-05
1                                      1.2423254806606950e-02         2.1899497783984846e-02        -4.2013723225583069e-02         1.0464194287020091e-02         4.4656216809241781e-06        -3.2549204296135073e-02        -2.1548699837815636e-05
2                                     -5.5665445272681219e-02        -3.7399022586077961e-02         1.9122486593518524e-02        -5.5894960190126297e-02         1.4690539001768326e-06        -1.1033882797446777e-05        -3.3802024698635436e-01
3                                     -3.2364910246691280e-03        -6.7982607664721691e-03         2.3539275587843800e-02         3.1717383881596679e-03         4.1726613606858868e-03         1.2130757789139404e-03         2.9595798895295242e-04
4                                      3.9248552190944593e-04         2.2704480634544576e-02        -2.7440674681203855e-02         7.2566845387015376e-04         1.2164229921400845e-03        -1.9152641008029058e-02        -5.6013827001441946e-03
5                                      7.2831762896255134e-03         1.9498498769708883e-03         2.6000331448791519e-03         7.2736241182958170e-03         1.4785707039296026e-03        -2.8334416826306628e-02        -2.3871522421040339e-03
6                                     -3.8743046752790736e-02        -4.2277735534374784e-02        -3.0396368115780149e-03         1.2762837816867496e-03        -1.2261160802436640e-02        -1.0708130085894978e-02         4.7106710371483326e-03
7                                     -2.5205043832999929e-02        -2.2190824354574590e-03         8.0575592265374456e-03        -2.9941946594493141e-03        -1.0706622990428533e-02        -2.7034714913765495e-03         3.0583752909246094e-03
8                                      4.3492145324833018e-02        -9.5346882801321947e-04        -3.1120325656711851e-03         7.2820198880663200e-03         2.3806572468485842e-02         1.5449409015527667e-02        -2.3918962298436321e-03
9                                     -9.5346882801321947e-04         1.3756157021329551e-01        -5.1879043907398600e-02         4.1330149697807655e-02        -1.4361527386559044e-02         9.4825444648626942e-03        -5.0109204884757133e-03
10                                    -3.1120325656711851e-03        -5.1879043907398600e-02         6.1996043514952887e-02        -2.1121522974896837e-02         9.4822721785599549e-03        -5.9920483470341131e-04         2.5514052597653582e-03
11                                     7.2820198880663200e-03         4.1330149697807655e-02        -2.1121522974896837e-02         4.3733059300610909e-02        -2.5277128132928171e-02         1.2885485435860895e-02        -2.3937431168467504e-03
12                                     2.3806572468485842e-02        -1.4361527386559044e-02         9.4822721785599549e-03        -2.5277128132928171e-02         5.5011823665679610e-02         5.2811714608630780e-06        -1.0027703581703875e-05
13                                     1.5449409015527667e-02         9.4825444648626942e-03        -5.9920483470341131e-04         1.2885485435860895e-02         5.2811714608630780e-06         5.5004521630244094e-02         1.1853553503778438e-05
14                                    -2.3918962298436321e-03        -5.0109204884757133e-03         2.5514052597653582e-03        -2.3937431168467504e-03        -1.0027703581703875e-05         1.1853553503778438e-05         3.4519303857514877e-01
   &MODES [&Type "ArrayOfDoubles", &Dim (15,15)] "The modes of vibrations"
                                                         0                           1                           2                           3                           4                           5                           6                           7

0                                      0.0000000000000000e+00         0.0000000000000000e+00         0.0000000000000000e+00         0.0000000000000000e+00         0.0000000000000000e+00         0.0000000000000000e+00         3.5882719382699824e-02        -3.7664339835243824e-02
1                                      0.0000000000000000e+00         0.0000000000000000e+00         0.0000000000000000e+00         0.0000000000000000e+00         0.0000000000000000e+00         0.0000000000000000e+00         3.7744133585760682e-02         3.5971069466409510e-02
2                                      0.0000000000000000e+00         0.0000000000000000e+00         0.0000000000000000e+00         0.0000000000000000e+00         0.0000000000000000e+00         0.0000000000000000e+00         7.9795632361035339e-05         1.8430672901686643e-04
3                                      0.0000000000000000e+00         0.0000000000000000e+00         0.0000000000000000e+00         0.0000000000000000e+00         0.0000000000000000e+00         0.0000000000000000e+00        -7.6724891666711884e-02         6.6222852079283107e-02
4                                      0.0000000000000000e+00         0.0000000000000000e+00         0.0000000000000000e+00         0.0000000000000000e+00         0.0000000000000000e+00         0.0000000000000000e+00         5.6573349199968995e-02         6.7518444840882152e-02
5                                      0.0000000000000000e+00         0.0000000000000000e+00         0.0000000000000000e+00         0.0000000000000000e+00         0.0000000000000000e+00         0.0000000000000000e+00        -3.7481509256748697e-03        -3.9731614088151599e-03
6                                      0.0000000000000000e+00         0.0000000000000000e+00         0.0000000000000000e+00         0.0000000000000000e+00         0.0000000000000000e+00         0.0000000000000000e+00         8.4482670263147222e-02         3.6538435738255007e-02
7                                      0.0000000000000000e+00         0.0000000000000000e+00         0.0000000000000000e+00         0.0000000000000000e+00         0.0000000000000000e+00         0.0000000000000000e+00         2.6837210709845866e-02        -9.3866798230850049e-02
8                                      0.0000000000000000e+00         0.0000000000000000e+00         0.0000000000000000e+00         0.0000000000000000e+00         0.0000000000000000e+00         0.0000000000000000e+00         5.2767467763095762e-03        -1.2759872907676043e-03
9                                      0.0000000000000000e+00         0.0000000000000000e+00         0.0000000000000000e+00         0.0000000000000000e+00         0.0000000000000000e+00         0.0000000000000000e+00        -2.1648156760424590e-02        -8.8181701951367569e-02
10                                     0.0000000000000000e+00         0.0000000000000000e+00         0.0000000000000000e+00         0.0000000000000000e+00         0.0000000000000000e+00         0.0000000000000000e+00        -9.8017817278435115e-02         1.2425432506928040e-02
11                                     0.0000000000000000e+00         0.0000000000000000e+00         0.0000000000000000e+00         0.0000000000000000e+00         0.0000000000000000e+00         0.0000000000000000e+00        -1.5579699574243564e-03         5.1815547637082873e-03
12                                     0.0000000000000000e+00         0.0000000000000000e+00         0.0000000000000000e+00         0.0000000000000000e+00         0.0000000000000000e+00         0.0000000000000000e+00         6.0980391411015349e-02        -6.3991738047847829e-02
13                                     0.0000000000000000e+00         0.0000000000000000e+00         0.0000000000000000e+00         0.0000000000000000e+00         0.0000000000000000e+00         0.0000000000000000e+00         6.4014193443574854e-02         6.1072220937865081e-02
14                                     0.0000000000000000e+00         0.0000000000000000e+00         0.0000000000000000e+00         0.0000000000000000e+00         0.0000000000000000e+00         0.0000000000000000e+00         8.2316337028602525e-05         1.8124968882569521e-04
                                                         8                           9                          10                          11                          12                          13                          14

0                                      1.8818344180188891e-04         4.4048646106581400e-03        -9.9270735141426647e-02         2.3860728627755329e-01         2.4097385887691586e-02        -5.7692777600033690e-02        -1.8240103675410618e-06
1                                      6.2967343775738079e-06        -1.1386386485709261e-05         2.3863216727905551e-01         9.9282684255143930e-02        -5.7638127069579374e-02        -2.4077578460791178e-02        -5.2482743494928413e-06
2                                     -9.6932717823697445e-02        -2.4246937869486024e-01        -1.6574997253603826e-03         3.8693778730966243e-03         2.7806358740692928e-05        -3.6018541556510126e-05        -8.1701580736983040e-02
3                                      4.6675789471630020e-03        -2.0270857839495156e-03         5.9954353869944611e-03        -8.9035589497006434e-03        -6.8806152756768736e-04         3.0392463436384738e-03         8.3123759415343788e-06
4                                     -8.9765919181228893e-02         3.6042005126550841e-02        -4.7700039913011368e-02        -1.8147279712785760e-02        -6.9200827583133983e-03        -2.3014915108382833e-03        -1.4832708908208390e-04
5                                      1.1897411406001262e-02         2.9741599235908432e-02        -2.0476597033289551e-02        -7.8410656524134995e-03        -1.2337603046588182e-02        -4.4087859705764457e-03         1.7280964681516393e-04
6                                      7.5604258567100749e-02        -3.0876731366704147e-02        -2.3359807874692939e-03        -4.2731332697265548e-02        -2.7544124201956087e-03        -5.7135567879209289e-03         1.2627539936065825e-04
7                                      4.8926849707602471e-02        -1.9961302437118061e-02        -1.3721340367792574e-02        -2.5473738698770652e-02         1.8464299348603891e-03        -4.3689319867081427e-03         8.1199188884242875e-05
8                                      1.1916457237072955e-02         3.0038109495711514e-02         4.1618070883947273e-03         2.1118854309143373e-02         2.3438820440162887e-03         1.2888548649852763e-02         1.7325442231549420e-04
9                                     -8.0337805753471783e-02         3.1336544250155071e-02         3.1774446241757758e-02        -3.3535301227860102e-02         5.8634123679686236e-03        -3.1234746287507943e-03        -1.3308819242877000e-04
10                                     4.0834903758803318e-02        -1.6078031487128761e-02        -2.3750725649466981e-02         8.1850588406265270e-03        -7.4359557963516918e-04         4.2423473600851722e-03         6.7829098564647821e-05
11                                     1.1883032996286146e-02         2.9390665085328484e-02         1.6924199240070957e-02        -1.4701285901566025e-02         9.9849324782984184e-03        -8.4668406861926893e-03         1.7341166391505685e-04
12                                     7.7877644007101960e-05         2.6366044670252985e-03        -6.3390165418976449e-02         1.5240747272968788e-01        -3.7228495209186813e-01         8.9136589875818684e-01        -3.1008455443376811e-05
13                                     7.1485129974853170e-05         4.1725945234023036e-05         1.5217828408448600e-01         6.3320192539330383e-02         8.9139925780496287e-01         3.7229997836704010e-01         3.7874441977590503e-05
14                                    -1.0049938496013264e-01        -2.4708090816300435e-01        -1.6836890283490635e-03         3.9604664557663094e-03        -2.2224825165585379e-05        -2.5302299760528851e-05         9.5525864391689774e-01
$End
