
$orca_hessian_file

$act_atom
  0

$act_coord
  0

$act_energy
        0.000000

$multiplicity
  1

$hessian
45
                    0                  1                  2                  3                  4        
    0      5.2940383773E-01   5.3636782872E-02  -1.5957040416E-02  -9.7334329488E-02   4.5786269894E-02
    1      5.3636782872E-02   4.8825661938E-01   2.5614459128E-02   3.7918191082E-02  -1.3501683184E-01
    2     -1.5957040416E-02   2.5614459128E-02   5.4742560039E-01  -1.1363414399E-02   1.8905790778E-02
    3     -9.7334329488E-02   3.7918191082E-02  -1.1363414399E-02   4.7003774878E-01  -1.7204561366E-06
    4      4.5786269894E-02  -1.3501683184E-01   1.8905790778E-02  -1.7204561366E-06   4.2243272203E-01
    5     -1.3572144189E-02   2.0567491362E-02  -8.4997824359E-02   1.4482383193E-02  -8.3720545478E-06
    6      9.2747882682E-03   1.3903334159E-02   3.3638167930E-03  -9.7277405835E-02  -4.5759870712E-02
    7     -1.3871605757E-02  -3.6618711557E-02  -6.3687873078E-03  -3.7888313968E-02  -1.3505855573E-01
    8      3.3579321016E-03   6.3639435831E-03   1.7960565091E-03  -1.1350510587E-02  -1.8908682334E-02
    9     -2.7087548367E-02   1.0214460881E-02   6.4299466640E-03  -1.6440290347E-01  -2.7578568443E-05
   10      2.7815343999E-02  -1.9913218359E-03  -1.4239183054E-02  -2.6964242848E-05  -7.0006159937E-02
   11     -5.1702258972E-03  -3.4520948756E-03   5.4234493726E-03   5.2209081454E-02   1.7978697208E-05
   12     -1.3764945546E-03  -3.2357547689E-03   2.3439168439E-03  -3.2847414303E-02  -4.7857221030E-06
   13     -1.0330281313E-04  -6.5069812250E-04   4.0972535939E-04  -9.0915578957E-06   6.3817884458E-03
   14      2.4218602389E-03   2.9068043484E-04  -1.3148997919E-03   1.2641932281E-02   1.1384779375E-08
   15     -1.1503790177E-01  -1.1047494028E-01  -3.3468392223E-02   8.1450989439E-03   1.5062675705E-02
   16     -1.0886197023E-01  -2.2044830519E-01  -5.3107709980E-02  -1.3736771845E-02  -2.1081918329E-02
   17     -3.3009758410E-02  -5.3629748307E-02  -6.2966995299E-02   4.8440614187E-03   7.1097719836E-03
   18     -5.4106133711E-02   3.2723686224E-04  -4.5430091164E-02  -5.0324735790E-03   6.2019433985E-04
   19      6.9650510101E-05  -4.5768021693E-02   2.9555550852E-03   5.0903415281E-03  -2.2501253037E-03
   20     -4.5553567904E-02   3.2900840002E-03  -2.9169476802E-01  -2.3534367646E-03   9.6242343746E-04
   21     -2.3986240209E-01  -1.7524234025E-03   1.1066375302E-01  -1.6154787193E-02  -2.8404715716E-04
   22     -2.5826810286E-03  -4.5624197065E-02   5.3621440338E-04   2.4026224991E-02  -1.9650102344E-03
   23      1.1054386728E-01  -1.6687834183E-04  -1.0833647286E-01  -8.4242294638E-03   1.0638976241E-03
   24     -4.2106180396E-03   1.2113886067E-03  -1.7621894957E-02  -5.4873007510E-02   1.1641192481E-06
   25      6.3378688996E-03  -2.5640693863E-03   2.7644812114E-02   1.1029780226E-06  -4.5259881375E-02
   26     -1.5917187780E-03   8.8552270295E-04  -7.2659530361E-03  -4.2548308888E-02  -5.2244878453E-06
   27      2.9281082893E-04   1.0282762496E-03   5.3165704018E-04  -5.0331797456E-03  -6.1694009372E-04
   28     -3.1325101828E-04   2.0327066048E-03  -1.3761175538E-03  -5.1017924389E-03  -2.2473496632E-03
   29      3.0604514052E-04   7.8238940086E-04   7.2319250158E-04  -2.3542870402E-03  -9.6328053350E-04
   30      9.3483809443E-04   1.3752581978E-03  -3.9879859121E-05  -1.6137530075E-02   2.7112137172E-04
   31     -9.0899051050E-04   1.9302711815E-03   6.8122168350E-04  -2.4030264186E-02  -1.9868826126E-03
   32     -1.1673338008E-05   3.0808948653E-04  -7.7082004999E-05  -8.4250959377E-03  -1.0737251846E-03
   33     -1.8310629478E-03  -2.7301166286E-03  -6.4132172753E-04   8.1478647424E-03  -1.5044546968E-02
   34     -4.7592790514E-03  -4.2161936760E-03  -2.1285600722E-03   1.3758396284E-02  -2.1084065384E-02
   35     -8.6210582223E-04  -1.2559141253E-03   6.1151013247E-05   4.8508305117E-03  -7.1050649052E-03
   36      1.6807560978E-03  -1.0024945118E-03   6.1650443032E-04   1.9110155653E-03  -3.9144209853E-06
   37     -8.4903273286E-04   7.2557221037E-04  -4.4958036722E-04   2.7128730864E-06   1.6514531371E-03
   38     -7.2545130579E-04   4.7794222548E-04   5.3298477321E-04  -3.0487519007E-03   2.7979361033E-06
   39     -6.3946871972E-04  -4.6627036638E-04   4.3613523808E-04  -1.0677017100E-03   6.0614965562E-07
   40     -2.5890056229E-03  -3.6135234982E-04   1.1605253638E-03  -3.6835738602E-06   1.3949055444E-02
   41     -1.8707462296E-04  -3.0342693304E-06   4.5883978477E-04  -1.4633937431E-03   2.7480907570E-06
   42     -1.0107133219E-04   7.2364086338E-05   1.2587117072E-04   1.9190048805E-03   1.3697077728E-06
   43      1.1679095497E-03   3.1453334119E-04  -2.3723169009E-04   1.6353432100E-06  -8.4582386462E-03
   44      2.1489470711E-05  -7.4066296231E-05   2.3272102966E-04   2.1542160682E-03  -1.0185128440E-06
                    5                  6                  7                  8                  9        
    0     -1.3572144189E-02   9.2747882682E-03  -1.3871605757E-02   3.3579321016E-03  -2.7087548367E-02
    1      2.0567491362E-02   1.3903334159E-02  -3.6618711557E-02   6.3639435831E-03   1.0214460881E-02
    2     -8.4997824359E-02   3.3638167930E-03  -6.3687873078E-03   1.7960565091E-03   6.4299466640E-03
    3      1.4482383193E-02  -9.7277405835E-02  -3.7888313968E-02  -1.1350510587E-02  -1.6440290347E-01
    4     -8.3720545478E-06  -4.5759870712E-02  -1.3505855573E-01  -1.8908682334E-02  -2.7578568443E-05
    5      5.9628254973E-01  -1.3565526618E-02  -2.0578001316E-02  -8.4996625994E-02   5.5156901719E-02
    6     -1.3565526618E-02   5.2947078225E-01  -5.3615700558E-02  -1.5945886143E-02  -2.7064509886E-02
    7     -2.0578001316E-02  -5.3615700558E-02   4.8817461345E-01  -2.5625434097E-02  -1.0234894966E-02
    8     -8.4996625994E-02  -1.5945886143E-02  -2.5625434097E-02   5.4742469597E-01   6.4227632243E-03
    9      5.5156901719E-02  -2.7064509886E-02  -1.0234894966E-02   6.4227632243E-03   7.4363756884E-01
   10      2.2023977885E-05  -2.7826374153E-02  -2.0179458185E-03   1.4243899276E-02   4.4530369102E-05
   11     -1.2428291707E-01  -5.1718758974E-03   3.4511391813E-03   5.4268111935E-03   1.3057154963E-01
   12     -1.1091768990E-02  -1.3761326723E-03   3.2369573885E-03   2.3442595545E-03  -4.5245177681E-01
   13     -3.1502423911E-06   1.0202870856E-04  -6.5014020812E-04  -4.0803138705E-04  -4.1547402369E-06
   14      1.1430890055E-02   2.4212109998E-03  -2.8883307268E-04  -1.3138617039E-03  -1.6735478787E-01
   15      5.7107484102E-03  -1.8356988779E-03   2.7309765982E-03  -6.4233787985E-04   1.5110586767E-03
   16     -7.7287806942E-03   4.7615678389E-03  -4.2114355977E-03   2.1260678972E-03  -2.1089237460E-03
   17      6.5010682657E-04  -8.6355746908E-04   1.2564010792E-03   6.1070983611E-05   2.9170241071E-05
   18     -1.8267533648E-02   2.9229865140E-04  -1.0288084395E-03   5.3095439164E-04   1.0731652220E-03
   19      2.8064638980E-02   3.1249750028E-04   2.0317191883E-03   1.3767516082E-03  -1.2165105800E-03
   20     -9.7652125250E-03   3.0640113443E-04  -7.8141069923E-04   7.2248308605E-04   1.0624390831E-03
   21      9.1359886696E-03   9.3581489904E-04  -1.3771030571E-03  -3.8942417396E-05  -1.1759269246E-03
   22     -1.5017670681E-02   9.0815376343E-04   1.9301632338E-03  -6.8110324325E-04   1.6126076312E-03
   23      3.3957332286E-03  -1.1417418913E-05  -3.0779600526E-04  -7.6151404789E-05   1.2850058210E-04
   24     -4.4643098191E-02  -4.2083393129E-03  -1.2122960514E-03  -1.7604950652E-02   2.3154659349E-03
   25     -7.2742464318E-06  -6.3422490701E-03  -2.5661825372E-03  -2.7655481240E-02  -7.1805893668E-07
   26     -2.8538781501E-01  -1.5923694253E-03  -8.8639754248E-04  -7.2680884409E-03  -1.6700703791E-03
   27     -1.8247508810E-02  -5.4143400049E-02  -3.2188287155E-04  -4.5521526928E-02   1.0721678344E-03
   28     -2.8074885674E-02  -6.3402004526E-05  -4.5764953996E-02  -2.9161295914E-03   1.2165736159E-03
   29     -9.7658263664E-03  -4.5642278792E-02  -3.2508574502E-03  -2.9166286291E-01   1.0610191475E-03
   30      9.1304206245E-03  -2.3977538518E-01   1.5731757787E-03   1.1071766834E-01  -1.1736823121E-03
   31      1.5030484373E-02   2.4022556076E-03  -4.5622017419E-02  -4.3330613927E-04  -1.6089049136E-03
   32      3.3991905435E-03   1.1059894989E-01   2.6980768410E-04  -1.0842531583E-01   1.2885135082E-04
   33      5.6978064835E-03  -1.1523176254E-01   1.1058810509E-01  -3.3456807405E-02   1.5097129482E-03
   34      7.7232923011E-03   1.0897247963E-01  -2.2030747739E-01   5.2991755289E-02   2.1108240997E-03
   35      6.4722742257E-04  -3.2997865440E-02   5.3512236803E-02  -6.2911273166E-02   2.8945886890E-05
   36      2.6754902340E-02   1.6792368587E-03   1.0025383200E-03   6.1463108037E-04  -5.5949763562E-02
   37      9.2280599173E-06   8.5002414489E-04   7.2659875467E-04   4.4838491123E-04  -4.8397648854E-07
   38     -1.6448890526E-02  -7.2365708215E-04  -4.7793628557E-04   5.3223861727E-04  -1.6482975640E-02
   39     -4.2541765341E-03  -6.3952451186E-04   4.6569550874E-04   4.3603810821E-04  -2.1869367502E-02
   40      3.1510892731E-06   2.5893564536E-03  -3.5968573448E-04  -1.1612004289E-03   3.0805954524E-06
   41     -1.2796105154E-03  -1.8578966342E-04   2.8320075708E-06   4.5816164513E-04  -1.4923644694E-02
   42     -2.2784706624E-03  -1.0076206045E-04  -7.2344680687E-05   1.2582036388E-04   5.6339388868E-05
   43     -2.2271561467E-06  -1.1685996425E-03   3.1401136232E-04   2.3750775938E-04   1.9135769393E-07
   44      1.1190245611E-03   2.0739980027E-05   7.4095155805E-05   2.3266145330E-04  -6.5014304386E-04
                   10                 11                 12                 13                 14        
    0      2.7815343999E-02  -5.1702258972E-03  -1.3764945546E-03  -1.0330281313E-04   2.4218602389E-03
    1     -1.9913218359E-03  -3.4520948756E-03  -3.2357547689E-03  -6.5069812250E-04   2.9068043484E-04
    2     -1.4239183054E-02   5.4234493726E-03   2.3439168439E-03   4.0972535939E-04  -1.3148997919E-03
    3     -2.6964242848E-05   5.2209081454E-02  -3.2847414303E-02  -9.0915578957E-06   1.2641932281E-02
    4     -7.0006159937E-02   1.7978697208E-05  -4.7857221030E-06   6.3817884458E-03   1.1384779375E-08
    5      2.2023977885E-05  -1.2428291707E-01  -1.1091768990E-02  -3.1502423911E-06   1.1430890055E-02
    6     -2.7826374153E-02  -5.1718758974E-03  -1.3761326723E-03   1.0202870856E-04   2.4212109998E-03
    7     -2.0179458185E-03   3.4511391813E-03   3.2369573885E-03  -6.5014020812E-04  -2.8883307268E-04
    8      1.4243899276E-02   5.4268111935E-03   2.3442595545E-03  -4.0803138705E-04  -1.3138617039E-03
    9      4.4530369102E-05   1.3057154963E-01  -4.5245177681E-01  -4.1547402369E-06  -1.6735478787E-01
   10      1.6006043068E-01  -1.0043769488E-04  -4.9866093684E-06  -4.7772601321E-02   1.5534171507E-05
   11     -1.0043769488E-04   6.4288255232E-01  -1.7031538991E-01   1.5194417920E-05  -1.9561459174E-01
   12     -4.9866093684E-06  -1.7031538991E-01   7.9107511035E-01   6.0159903801E-05   7.1266901598E-02
   13     -4.7772601321E-02   1.5194417920E-05   6.0159903801E-05   1.0184949513E-01  -1.1490010759E-04
   14      1.5534171507E-05  -1.9561459174E-01   7.1266901598E-02  -1.1490010759E-04   6.6046722232E-01
   15      5.2288078013E-04   2.9921017006E-04   1.9632526408E-04  -2.8407773191E-04  -2.0590517882E-04
   16      8.4561391277E-04   1.4773903582E-04   6.9300506652E-04   5.1174225675E-04   1.4016046694E-04
   17     -3.7303978846E-04  -1.8407011990E-05   1.5904728823E-04   4.8693964205E-05   6.9591578202E-05
   18     -7.2425922519E-04  -1.8281500669E-03  -1.9461112640E-04  -1.9624940695E-05   3.0386720626E-04
   19      8.8993084585E-04   6.9748039787E-04   1.1454536704E-04  -4.1372105765E-05  -1.6421974426E-04
   20     -3.2631557820E-04   5.5840167174E-04  -2.0011282989E-04   8.1455425926E-06   4.0794526939E-04
   21      3.7597201799E-03  -2.9533267098E-03  -2.8376354077E-04   3.9312427529E-04   9.8210078889E-04
   22     -4.6649309026E-03   2.6840473344E-03   1.3204974644E-03   3.9132855462E-04  -7.1754685967E-04
   23      1.2073512676E-03   1.9946173754E-04  -3.9860778947E-04  -1.4981428811E-04   2.9345655859E-04
   24     -5.9649167393E-07   3.0204412826E-02   1.3726176310E-03  -3.8680641719E-07   1.3324506014E-03
   25     -2.6180145775E-04   1.0871507250E-05   9.8105633592E-07  -5.2648363814E-04  -4.7364379905E-08
   26      1.2146384743E-06  -2.0169866937E-02  -1.7964078155E-03  -1.2602637247E-07   1.5997563581E-03
   27      7.2473312596E-04  -1.8262412008E-03  -1.9485637361E-04   1.9509368130E-05   3.0395768479E-04
   28      8.9053034268E-04  -6.9804921103E-04  -1.1492068078E-04  -4.1279095617E-05   1.6431746739E-04
   29      3.2596991144E-04   5.5786701605E-04  -2.0028528825E-04  -8.4757942487E-06   4.0754719409E-04
   30     -3.7571314507E-03  -2.9515546997E-03  -2.8238038038E-04  -3.9403955621E-04   9.8136959854E-04
   31     -4.6673512380E-03  -2.6860102242E-03  -1.3203413135E-03   3.9060490492E-04   7.1770010843E-04
   32     -1.2078870010E-03   2.0004961122E-04  -3.9923107349E-04   1.4976041164E-04   2.9303757287E-04
   33     -5.2437951771E-04   2.9956108706E-04   1.9714317198E-04   2.8370093054E-04  -2.0568627700E-04
   34      8.4650497438E-04  -1.4703858240E-04  -6.9307751291E-04   5.1239097181E-04  -1.4024840045E-04
   35      3.7352365552E-04  -1.7795728166E-05   1.5901985381E-04  -4.8634881932E-05   6.9528449301E-05
   36     -5.1782330970E-07  -1.2192205841E-02  -3.8807875299E-04   5.9371677861E-06  -3.1259187069E-02
   37     -3.9635582580E-02   5.6590834410E-05  -2.2421078343E-06   5.9705789462E-03   3.2790543805E-07
   38      5.7479451392E-05  -3.1104278298E-01   9.6726432911E-04   4.0480714400E-06  -1.2788767394E-02
   39     -7.8616876189E-06   1.8773534002E-02  -2.4569468838E-01  -5.0771564639E-05   1.2487743801E-01
   40      1.7400837011E-03   1.4713984276E-06  -5.0776956039E-05  -3.2734287132E-02   3.9081348053E-05
   41     -3.7833782462E-06   1.0016425254E-02   1.2990871383E-01   3.8672388980E-05  -1.4116422899E-01
   42      5.7637467748E-06  -2.9886844833E-02  -5.7750999518E-02   1.5321982355E-06  -1.8568700107E-02
   43      5.7446006328E-03   1.0257370856E-06   1.9658372717E-07  -3.3591067588E-02   5.7820467308E-05
   44      3.7421912077E-06  -1.4118656706E-02  -2.2686142105E-02   5.9054365883E-05  -3.2284262574E-01
                   15                 16                 17                 18                 19        
    0     -1.1503790177E-01  -1.0886197023E-01  -3.3009758410E-02  -5.4106133711E-02   6.9650510101E-05
    1     -1.1047494028E-01  -2.2044830519E-01  -5.3629748307E-02   3.2723686224E-04  -4.5768021693E-02
    2     -3.3468392223E-02  -5.3107709980E-02  -6.2966995299E-02  -4.5430091164E-02   2.9555550852E-03
    3      8.1450989439E-03  -1.3736771845E-02   4.8440614187E-03  -5.0324735790E-03   5.0903415281E-03
    4      1.5062675705E-02  -2.1081918329E-02   7.1097719836E-03   6.2019433985E-04  -2.2501253037E-03
    5      5.7107484102E-03  -7.7287806942E-03   6.5010682657E-04  -1.8267533648E-02   2.8064638980E-02
    6     -1.8356988779E-03   4.7615678389E-03  -8.6355746908E-04   2.9229865140E-04   3.1249750028E-04
    7      2.7309765982E-03  -4.2114355977E-03   1.2564010792E-03  -1.0288084395E-03   2.0317191883E-03
    8     -6.4233787985E-04   2.1260678972E-03   6.1070983611E-05   5.3095439164E-04   1.3767516082E-03
    9      1.5110586767E-03  -2.1089237460E-03   2.9170241071E-05   1.0731652220E-03  -1.2165105800E-03
   10      5.2288078013E-04   8.4561391277E-04  -3.7303978846E-04  -7.2425922519E-04   8.8993084585E-04
   11      2.9921017006E-04   1.4773903582E-04  -1.8407011990E-05  -1.8281500669E-03   6.9748039787E-04
   12      1.9632526408E-04   6.9300506652E-04   1.5904728823E-04  -1.9461112640E-04   1.1454536704E-04
   13     -2.8407773191E-04   5.1174225675E-04   4.8693964205E-05  -1.9624940695E-05  -4.1372105765E-05
   14     -2.0590517882E-04   1.4016046694E-04   6.9591578202E-05   3.0386720626E-04  -1.6421974426E-04
   15      1.2204893250E-01   1.1777421821E-01   3.6750733087E-02  -3.5942356910E-03  -3.6090767332E-03
   16      1.1777421821E-01   2.4304362753E-01   5.7221539317E-02   1.2193531224E-03   1.1587616178E-03
   17      3.6750733087E-02   5.7221539317E-02   6.4083136329E-02  -1.6131249350E-02  -2.6306386225E-02
   18     -3.5942356910E-03   1.2193531224E-03  -1.6131249350E-02   5.6779087054E-02  -3.6862020915E-03
   19     -3.6090767332E-03   1.1587616178E-03  -2.6306386225E-02  -3.6862020915E-03   4.9823930899E-02
   20     -1.6365894699E-04   7.2019844976E-04  -6.6476238892E-03   5.2043516370E-02  -6.2583263606E-03
   21     -1.3014044328E-02   9.9525455982E-04   7.8786213713E-03   6.1645800925E-03  -1.4771850249E-04
   22     -2.2177811786E-02   6.5910747311E-04   1.4206751946E-02  -4.1272136655E-04  -1.3047987326E-03
   23     -8.3392186061E-03   3.6355757860E-04   3.6411422878E-03   2.7897721172E-02   3.5157319560E-04
   24      6.5154024247E-04  -2.4620826978E-04   5.8402388964E-04  -1.3925739845E-03   3.1311222933E-03
   25     -8.2587066809E-04   8.4054387029E-04  -8.1102288945E-05   3.2840374015E-03  -4.3444819158E-03
   26      1.8769455571E-04   4.8545943216E-04   3.0345052834E-04  -5.2458392227E-04   1.1881628668E-03
   27     -1.6041338004E-04   1.1820092885E-04   1.0160566552E-04   4.7486758401E-04  -1.4720174335E-04
   28      2.0322304111E-05   2.9935813000E-04   3.8309651678E-04   1.4704465921E-04  -3.6181017802E-04
   29      7.9170097821E-05   4.0153916902E-06   3.8580880481E-04   3.1108377874E-04  -7.6871041162E-04
   30      2.0467970309E-04   1.2597070218E-04  -3.3003258905E-04  -4.6588391806E-07  -1.0483442510E-04
   31      1.9152487784E-04   4.0126628460E-04  -2.2466365493E-04   7.4550840595E-05  -1.2484549948E-04
   32     -2.4957417280E-04   1.0822974867E-04  -2.7485317251E-05   1.5421734819E-04  -1.2566113963E-06
   33      8.6124669420E-04  -9.9619593145E-04   5.0358423309E-05  -1.6016722134E-04  -2.0585267469E-05
   34      9.9768566499E-04  -1.6149480541E-03   4.8217773084E-04  -1.1836280110E-04   2.9901068463E-04
   35      5.0477602285E-05  -4.8181828192E-04   6.6844773673E-04   1.0156168551E-04  -3.8342034746E-04
   36     -5.5117204730E-06   1.4850179256E-04  -6.3291283089E-05  -3.4730620902E-04   2.7359185908E-04
   37      9.0806606748E-06  -1.8484666286E-04  -1.0324361064E-04   2.5716779457E-04   8.2121757045E-05
   38      5.8841855860E-05  -8.4846654572E-05  -1.0089108344E-04   6.1127934877E-04  -5.7650046267E-04
   39      3.0468102835E-05   8.6823573599E-05   1.2068064931E-05  -4.2445675353E-05   1.6621427751E-05
   40      1.4095632702E-05  -2.2300074678E-04   6.7442266730E-05  -8.1501025019E-06  -2.1885534454E-05
   41     -2.1872249976E-06   4.0198926459E-05  -4.4013917273E-05   5.9835548606E-05  -7.0120421424E-05
   42     -1.5443550015E-06   2.2388595760E-05  -7.4419373644E-06   8.6414477858E-05  -8.0067658602E-05
   43      5.3102390215E-05   4.4335023973E-06  -5.6420398420E-05   7.2370462786E-05  -6.8134029681E-05
   44     -6.9959957211E-05   4.4718835048E-05  -5.7338557016E-05   1.6293263647E-04  -1.0667036391E-04
                   20                 21                 22                 23                 24        
    0     -4.5553567904E-02  -2.3986240209E-01  -2.5826810286E-03   1.1054386728E-01  -4.2106180396E-03
    1      3.2900840002E-03  -1.7524234025E-03  -4.5624197065E-02  -1.6687834183E-04   1.2113886067E-03
    2     -2.9169476802E-01   1.1066375302E-01   5.3621440338E-04  -1.0833647286E-01  -1.7621894957E-02
    3     -2.3534367646E-03  -1.6154787193E-02   2.4026224991E-02  -8.4242294638E-03  -5.4873007510E-02
    4      9.6242343746E-04  -2.8404715716E-04  -1.9650102344E-03   1.0638976241E-03   1.1641192481E-06
    5     -9.7652125250E-03   9.1359886696E-03  -1.5017670681E-02   3.3957332286E-03  -4.4643098191E-02
    6      3.0640113443E-04   9.3581489904E-04   9.0815376343E-04  -1.1417418913E-05  -4.2083393129E-03
    7     -7.8141069923E-04  -1.3771030571E-03   1.9301632338E-03  -3.0779600526E-04  -1.2122960514E-03
    8      7.2248308605E-04  -3.8942417396E-05  -6.8110324325E-04  -7.6151404789E-05  -1.7604950652E-02
    9      1.0624390831E-03  -1.1759269246E-03   1.6126076312E-03   1.2850058210E-04   2.3154659349E-03
   10     -3.2631557820E-04   3.7597201799E-03  -4.6649309026E-03   1.2073512676E-03  -5.9649167393E-07
   11      5.5840167174E-04  -2.9533267098E-03   2.6840473344E-03   1.9946173754E-04   3.0204412826E-02
   12     -2.0011282989E-04  -2.8376354077E-04   1.3204974644E-03  -3.9860778947E-04   1.3726176310E-03
   13      8.1455425926E-06   3.9312427529E-04   3.9132855462E-04  -1.4981428811E-04  -3.8680641719E-07
   14      4.0794526939E-04   9.8210078889E-04  -7.1754685967E-04   2.9345655859E-04   1.3324506014E-03
   15     -1.6365894699E-04  -1.3014044328E-02  -2.2177811786E-02  -8.3392186061E-03   6.5154024247E-04
   16      7.2019844976E-04   9.9525455982E-04   6.5910747311E-04   3.6355757860E-04  -2.4620826978E-04
   17     -6.6476238892E-03   7.8786213713E-03   1.4206751946E-02   3.6411422878E-03   5.8402388964E-04
   18      5.2043516370E-02   6.1645800925E-03  -4.1272136655E-04   2.7897721172E-02  -1.3925739845E-03
   19     -6.2583263606E-03  -1.4771850249E-04  -1.3047987326E-03   3.5157319560E-04   3.1311222933E-03
   20      3.1813445378E-01  -3.9175022143E-03  -1.4156293565E-04  -1.4132854629E-02  -9.0625021034E-04
   21     -3.9175022143E-03   2.6249418966E-01  -1.3533269480E-03  -1.2094729341E-01   1.1403200440E-04
   22     -1.4156293565E-04  -1.3533269480E-03   4.9549121898E-02  -1.4714722315E-03  -6.1774521411E-04
   23     -1.4132854629E-02  -1.2094729341E-01  -1.4714722315E-03   1.1410636525E-01  -6.2531418985E-05
   24     -9.0625021034E-04   1.1403200440E-04  -6.1774521411E-04  -6.2531418985E-05   6.5139869173E-02
   25      1.6414327699E-03  -3.1526637855E-04   1.0004569079E-03  -6.0647965334E-04   1.9817289149E-06
   26      1.3149662492E-03  -4.5859779149E-04   1.0574148770E-04   5.2583668494E-04   4.7250469642E-02
   27      3.1083910513E-04  -5.5550908690E-07  -7.4684487733E-05   1.5446681353E-04  -1.3881012197E-03
   28      7.6876295606E-04   1.0548719369E-04  -1.2477213969E-04   1.2558142617E-06  -3.1300285699E-03
   29      3.4596117979E-04  -4.2669451327E-05  -5.6246900955E-05  -1.0051367178E-04  -9.0589554217E-04
   30     -4.2934071378E-05   6.9870725279E-04  -6.0485744433E-04   8.9526921278E-05   1.1384434152E-04
   31      5.5764745271E-05   6.0640217264E-04  -5.7299121954E-04  -2.8877116570E-04   6.1724395557E-04
   32     -1.0006149598E-04   8.9154393565E-05   2.8921899955E-04   1.9573646808E-04  -6.3106826781E-05
   33      7.9012760591E-05   2.0495597641E-04  -1.9148214970E-04  -2.4948644938E-04   6.5030096493E-04
   34     -3.7203956116E-06  -1.2634160629E-04   4.0128977755E-04  -1.0830700315E-04   2.4566561129E-04
   35      3.8572923137E-04  -3.3031509782E-04   2.2416773431E-04  -2.7774188655E-05   5.8371380982E-04
   36     -7.7822524759E-04   9.9342612387E-05  -1.4690785265E-04  -3.6748398338E-04  -4.3640491412E-03
   37      3.4253429442E-05  -1.8571774946E-04  -2.5421134485E-05   1.4862703822E-04  -1.6232104822E-06
   38      4.4358653964E-04   1.1554286697E-04  -1.4916440764E-04   3.4147988634E-04   3.0925333382E-03
   39     -6.6714943927E-05  -2.1250759036E-04   3.0062331810E-04  -6.2854355864E-05   3.5204614018E-04
   40     -5.8751748653E-05  -5.3865688918E-04   6.8092968080E-04  -2.7453161524E-04   2.0067935764E-07
   41      1.0248378130E-05  -1.1056560637E-04   1.2957965299E-04  -3.4253886210E-05  -2.2753116916E-04
   42      1.8483334502E-04  -7.6353220205E-06   8.0315205506E-06   2.6148220112E-05  -2.7302722485E-04
   43      9.0471201868E-05   2.0669289823E-04  -3.3027609708E-04   2.4140723553E-04   1.0312869388E-07
   44      1.6745177559E-05  -4.3056496354E-05   5.5426251202E-05   8.8085410845E-06  -1.0155730314E-03
                   25                 26                 27                 28                 29        
    0      6.3378688996E-03  -1.5917187780E-03   2.9281082893E-04  -3.1325101828E-04   3.0604514052E-04
    1     -2.5640693863E-03   8.8552270295E-04   1.0282762496E-03   2.0327066048E-03   7.8238940086E-04
    2      2.7644812114E-02  -7.2659530361E-03   5.3165704018E-04  -1.3761175538E-03   7.2319250158E-04
    3      1.1029780226E-06  -4.2548308888E-02  -5.0331797456E-03  -5.1017924389E-03  -2.3542870402E-03
    4     -4.5259881375E-02  -5.2244878453E-06  -6.1694009372E-04  -2.2473496632E-03  -9.6328053350E-04
    5     -7.2742464318E-06  -2.8538781501E-01  -1.8247508810E-02  -2.8074885674E-02  -9.7658263664E-03
    6     -6.3422490701E-03  -1.5923694253E-03  -5.4143400049E-02  -6.3402004526E-05  -4.5642278792E-02
    7     -2.5661825372E-03  -8.8639754248E-04  -3.2188287155E-04  -4.5764953996E-02  -3.2508574502E-03
    8     -2.7655481240E-02  -7.2680884409E-03  -4.5521526928E-02  -2.9161295914E-03  -2.9166286291E-01
    9     -7.1805893668E-07  -1.6700703791E-03   1.0721678344E-03   1.2165736159E-03   1.0610191475E-03
   10     -2.6180145775E-04   1.2146384743E-06   7.2473312596E-04   8.9053034268E-04   3.2596991144E-04
   11      1.0871507250E-05  -2.0169866937E-02  -1.8262412008E-03  -6.9804921103E-04   5.5786701605E-04
   12      9.8105633592E-07  -1.7964078155E-03  -1.9485637361E-04  -1.1492068078E-04  -2.0028528825E-04
   13     -5.2648363814E-04  -1.2602637247E-07   1.9509368130E-05  -4.1279095617E-05  -8.4757942487E-06
   14     -4.7364379905E-08   1.5997563581E-03   3.0395768479E-04   1.6431746739E-04   4.0754719409E-04
   15     -8.2587066809E-04   1.8769455571E-04  -1.6041338004E-04   2.0322304111E-05   7.9170097821E-05
   16      8.4054387029E-04   4.8545943216E-04   1.1820092885E-04   2.9935813000E-04   4.0153916902E-06
   17     -8.1102288945E-05   3.0345052834E-04   1.0160566552E-04   3.8309651678E-04   3.8580880481E-04
   18      3.2840374015E-03  -5.2458392227E-04   4.7486758401E-04   1.4704465921E-04   3.1108377874E-04
   19     -4.3444819158E-03   1.1881628668E-03  -1.4720174335E-04  -3.6181017802E-04  -7.6871041162E-04
   20      1.6414327699E-03   1.3149662492E-03   3.1083910513E-04   7.6876295606E-04   3.4596117979E-04
   21     -3.1526637855E-04  -4.5859779149E-04  -5.5550908690E-07   1.0548719369E-04  -4.2669451327E-05
   22      1.0004569079E-03   1.0574148770E-04  -7.4684487733E-05  -1.2477213969E-04  -5.6246900955E-05
   23     -6.0647965334E-04   5.2583668494E-04   1.5446681353E-04   1.2558142617E-06  -1.0051367178E-04
   24      1.9817289149E-06   4.7250469642E-02  -1.3881012197E-03  -3.1300285699E-03  -9.0589554217E-04
   25      5.4805621661E-02   5.7002365014E-06  -3.2812560447E-03  -4.3488123407E-03  -1.6418479713E-03
   26      5.7002365014E-06   3.1329561023E-01  -5.2356512042E-04  -1.1891531791E-03   1.3149722754E-03
   27     -3.2812560447E-03  -5.2356512042E-04   5.6812298397E-02   3.6776392858E-03   5.2141662418E-02
   28     -4.3488123407E-03  -1.1891531791E-03   3.6776392858E-03   4.9826175682E-02   6.2171375047E-03
   29     -1.6418479713E-03   1.3149722754E-03   5.2141662418E-02   6.2171375047E-03   3.1809891088E-01
   30      3.1515636001E-04  -4.5844357107E-04   6.1737818485E-03   1.5435978658E-04  -3.9259625294E-03
   31      1.0017999405E-03  -1.0571047072E-04   4.1020950074E-04  -1.3044351688E-03   1.4226004447E-04
   32      6.0642949278E-04   5.2694353091E-04   2.7889900195E-02  -3.2675162234E-04  -1.4142003327E-02
   33      8.2580974821E-04   1.8788075094E-04  -3.6023841463E-03   3.6159502647E-03  -1.6312391323E-04
   34      8.4074779967E-04  -4.8529294844E-04  -1.2186823466E-03   1.1531520183E-03  -7.1755890418E-04
   35      8.1700385986E-05   3.0253871351E-04  -1.6152966381E-02   2.6294793076E-02  -6.6334336700E-03
   36     -1.7056928692E-06   2.6638445542E-03  -3.4695271007E-04  -2.7357143900E-04  -7.7780283391E-04
   37      1.3510861498E-03   4.1230658172E-07  -2.5747439653E-04   8.1626509066E-05  -3.4524166878E-05
   38      1.5541719144E-06  -5.0702193841E-04   6.1054856639E-04   5.7648293534E-04   4.4332553699E-04
   39      1.5139996883E-07  -5.2062374075E-05  -4.2488793935E-05  -1.6664552382E-05  -6.6665978098E-05
   40     -1.8495825747E-04   5.1247503840E-07   8.1046547046E-06  -2.1829068129E-05   5.8311000297E-05
   41     -5.1742251818E-08   5.9606478995E-04   5.9746100090E-05   7.0111093544E-05   1.0314678989E-05
   42     -9.1686398763E-09   9.2946645564E-04   8.6405434743E-05   8.0053769327E-05   1.8469950518E-04
   43      2.1641457958E-04  -7.4611948984E-07  -7.2351305378E-05  -6.8307636986E-05  -9.0109187277E-05
   44     -2.9154387150E-07   8.1860600254E-04   1.6271613265E-04   1.0665753350E-04   1.6739884323E-05
                   30                 31                 32                 33                 34        
    0      9.3483809443E-04  -9.0899051050E-04  -1.1673338008E-05  -1.8310629478E-03  -4.7592790514E-03
    1      1.3752581978E-03   1.9302711815E-03   3.0808948653E-04  -2.7301166286E-03  -4.2161936760E-03
    2     -3.9879859121E-05   6.8122168350E-04  -7.7082004999E-05  -6.4132172753E-04  -2.1285600722E-03
    3     -1.6137530075E-02  -2.4030264186E-02  -8.4250959377E-03   8.1478647424E-03   1.3758396284E-02
    4      2.7112137172E-04  -1.9868826126E-03  -1.0737251846E-03  -1.5044546968E-02  -2.1084065384E-02
    5      9.1304206245E-03   1.5030484373E-02   3.3991905435E-03   5.6978064835E-03   7.7232923011E-03
    6     -2.3977538518E-01   2.4022556076E-03   1.1059894989E-01  -1.1523176254E-01   1.0897247963E-01
    7      1.5731757787E-03  -4.5622017419E-02   2.6980768410E-04   1.1058810509E-01  -2.2030747739E-01
    8      1.1071766834E-01  -4.3330613927E-04  -1.0842531583E-01  -3.3456807405E-02   5.2991755289E-02
    9     -1.1736823121E-03  -1.6089049136E-03   1.2885135082E-04   1.5097129482E-03   2.1108240997E-03
   10     -3.7571314507E-03  -4.6673512380E-03  -1.2078870010E-03  -5.2437951771E-04   8.4650497438E-04
   11     -2.9515546997E-03  -2.6860102242E-03   2.0004961122E-04   2.9956108706E-04  -1.4703858240E-04
   12     -2.8238038038E-04  -1.3203413135E-03  -3.9923107349E-04   1.9714317198E-04  -6.9307751291E-04
   13     -3.9403955621E-04   3.9060490492E-04   1.4976041164E-04   2.8370093054E-04   5.1239097181E-04
   14      9.8136959854E-04   7.1770010843E-04   2.9303757287E-04  -2.0568627700E-04  -1.4024840045E-04
   15      2.0467970309E-04   1.9152487784E-04  -2.4957417280E-04   8.6124669420E-04   9.9768566499E-04
   16      1.2597070218E-04   4.0126628460E-04   1.0822974867E-04  -9.9619593145E-04  -1.6149480541E-03
   17     -3.3003258905E-04  -2.2466365493E-04  -2.7485317251E-05   5.0358423309E-05   4.8217773084E-04
   18     -4.6588391806E-07   7.4550840595E-05   1.5421734819E-04  -1.6016722134E-04  -1.1836280110E-04
   19     -1.0483442510E-04  -1.2484549948E-04  -1.2566113963E-06  -2.0585267469E-05   2.9901068463E-04
   20     -4.2934071378E-05   5.5764745271E-05  -1.0006149598E-04   7.9012760591E-05  -3.7203956116E-06
   21      6.9870725279E-04   6.0640217264E-04   8.9154393565E-05   2.0495597641E-04  -1.2634160629E-04
   22     -6.0485744433E-04  -5.7299121954E-04   2.8921899955E-04  -1.9148214970E-04   4.0128977755E-04
   23      8.9526921278E-05  -2.8877116570E-04   1.9573646808E-04  -2.4948644938E-04  -1.0830700315E-04
   24      1.1384434152E-04   6.1724395557E-04  -6.3106826781E-05   6.5030096493E-04   2.4566561129E-04
   25      3.1515636001E-04   1.0017999405E-03   6.0642949278E-04   8.2580974821E-04   8.4074779967E-04
   26     -4.5844357107E-04  -1.0571047072E-04   5.2694353091E-04   1.8788075094E-04  -4.8529294844E-04
   27      6.1737818485E-03   4.1020950074E-04   2.7889900195E-02  -3.6023841463E-03  -1.2186823466E-03
   28      1.5435978658E-04  -1.3044351688E-03  -3.2675162234E-04   3.6159502647E-03   1.1531520183E-03
   29     -3.9259625294E-03   1.4226004447E-04  -1.4142003327E-02  -1.6312391323E-04  -7.1755890418E-04
   30      2.6239446277E-01   1.5505706293E-03  -1.2100572960E-01  -1.3030007154E-02  -1.0082476349E-03
   31      1.5505706293E-03   4.9549243026E-02   1.3608054536E-03   2.2163576312E-02   6.7960022328E-04
   32     -1.2100572960E-01   1.3608054536E-03   1.1420437663E-01  -8.3251819277E-03  -3.7049904824E-04
   33     -1.3030007154E-02   2.2163576312E-02  -8.3251819277E-03   1.2226048483E-01  -1.1789870614E-01
   34     -1.0082476349E-03   6.7960022328E-04  -3.7049904824E-04  -1.1789870614E-01   2.4289371970E-01
   35      7.8958562318E-03  -1.4210689437E-02   3.6368746143E-03   3.6736043541E-02  -5.7094434429E-02
   36      9.8994735973E-05   1.4698527403E-04  -3.6739950975E-04  -5.3667731515E-06  -1.4845134503E-04
   37      1.8563956632E-04  -2.5087728360E-05  -1.4897224339E-04  -8.9513380302E-06  -1.8479254315E-04
   38      1.1567925982E-04   1.4939862901E-04   3.4126284466E-04   5.8701533614E-05   8.4881664188E-05
   39     -2.1223730818E-04  -3.0067196000E-04  -6.2861636246E-05   3.0562853573E-05  -8.6830175839E-05
   40      5.3822660689E-04   6.8135786480E-04   2.7469659443E-04  -1.3687760290E-05  -2.2333329390E-04
   41     -1.1022393981E-04  -1.2931146017E-04  -3.4171412861E-05  -2.1491199538E-06  -4.0295139527E-05
   42     -7.6204507996E-06  -7.9832007746E-06   2.6150732157E-05  -1.5213996914E-06  -2.2411120676E-05
   43     -2.0653157494E-04  -3.3053253941E-04  -2.4150145054E-04  -5.3152191632E-05   4.3941951112E-06
   44     -4.3130012074E-05  -5.5617195474E-05   8.6475728384E-06  -7.0019933399E-05  -4.4791364065E-05
                   35                 36                 37                 38                 39        
    0     -8.6210582223E-04   1.6807560978E-03  -8.4903273286E-04  -7.2545130579E-04  -6.3946871972E-04
    1     -1.2559141253E-03  -1.0024945118E-03   7.2557221037E-04   4.7794222548E-04  -4.6627036638E-04
    2      6.1151013247E-05   6.1650443032E-04  -4.4958036722E-04   5.3298477321E-04   4.3613523808E-04
    3      4.8508305117E-03   1.9110155653E-03   2.7128730864E-06  -3.0487519007E-03  -1.0677017100E-03
    4     -7.1050649052E-03  -3.9144209853E-06   1.6514531371E-03   2.7979361033E-06   6.0614965562E-07
    5      6.4722742257E-04   2.6754902340E-02   9.2280599173E-06  -1.6448890526E-02  -4.2541765341E-03
    6     -3.2997865440E-02   1.6792368587E-03   8.5002414489E-04  -7.2365708215E-04  -6.3952451186E-04
    7      5.3512236803E-02   1.0025383200E-03   7.2659875467E-04  -4.7793628557E-04   4.6569550874E-04
    8     -6.2911273166E-02   6.1463108037E-04   4.4838491123E-04   5.3223861727E-04   4.3603810821E-04
    9      2.8945886890E-05  -5.5949763562E-02  -4.8397648854E-07  -1.6482975640E-02  -2.1869367502E-02
   10      3.7352365552E-04  -5.1782330970E-07  -3.9635582580E-02   5.7479451392E-05  -7.8616876189E-06
   11     -1.7795728166E-05  -1.2192205841E-02   5.6590834410E-05  -3.1104278298E-01   1.8773534002E-02
   12      1.5901985381E-04  -3.8807875299E-04  -2.2421078343E-06   9.6726432911E-04  -2.4569468838E-01
   13     -4.8634881932E-05   5.9371677861E-06   5.9705789462E-03   4.0480714400E-06  -5.0771564639E-05
   14      6.9528449301E-05  -3.1259187069E-02   3.2790543805E-07  -1.2788767394E-02   1.2487743801E-01
   15      5.0477602285E-05  -5.5117204730E-06   9.0806606748E-06   5.8841855860E-05   3.0468102835E-05
   16     -4.8181828192E-04   1.4850179256E-04  -1.8484666286E-04  -8.4846654572E-05   8.6823573599E-05
   17      6.6844773673E-04  -6.3291283089E-05  -1.0324361064E-04  -1.0089108344E-04   1.2068064931E-05
   18      1.0156168551E-04  -3.4730620902E-04   2.5716779457E-04   6.1127934877E-04  -4.2445675353E-05
   19     -3.8342034746E-04   2.7359185908E-04   8.2121757045E-05  -5.7650046267E-04   1.6621427751E-05
   20      3.8572923137E-04  -7.7822524759E-04   3.4253429442E-05   4.4358653964E-04  -6.6714943927E-05
   21     -3.3031509782E-04   9.9342612387E-05  -1.8571774946E-04   1.1554286697E-04  -2.1250759036E-04
   22      2.2416773431E-04  -1.4690785265E-04  -2.5421134485E-05  -1.4916440764E-04   3.0062331810E-04
   23     -2.7774188655E-05  -3.6748398338E-04   1.4862703822E-04   3.4147988634E-04  -6.2854355864E-05
   24      5.8371380982E-04  -4.3640491412E-03  -1.6232104822E-06   3.0925333382E-03   3.5204614018E-04
   25      8.1700385986E-05  -1.7056928692E-06   1.3510861498E-03   1.5541719144E-06   1.5139996883E-07
   26      3.0253871351E-04   2.6638445542E-03   4.1230658172E-07  -5.0702193841E-04  -5.2062374075E-05
   27     -1.6152966381E-02  -3.4695271007E-04  -2.5747439653E-04   6.1054856639E-04  -4.2488793935E-05
   28      2.6294793076E-02  -2.7357143900E-04   8.1626509066E-05   5.7648293534E-04  -1.6664552382E-05
   29     -6.6334336700E-03  -7.7780283391E-04  -3.4524166878E-05   4.4332553699E-04  -6.6665978098E-05
   30      7.8958562318E-03   9.8994735973E-05   1.8563956632E-04   1.1567925982E-04  -2.1223730818E-04
   31     -1.4210689437E-02   1.4698527403E-04  -2.5087728360E-05   1.4939862901E-04  -3.0067196000E-04
   32      3.6368746143E-03  -3.6739950975E-04  -1.4897224339E-04   3.4126284466E-04  -6.2861636246E-05
   33      3.6736043541E-02  -5.3667731515E-06  -8.9513380302E-06   5.8701533614E-05   3.0562853573E-05
   34     -5.7094434429E-02  -1.4845134503E-04  -1.8479254315E-04   8.4881664188E-05  -8.6830175839E-05
   35      6.4021199177E-02  -6.3318841888E-05   1.0313558807E-04  -1.0090591770E-04   1.2056164656E-05
   36     -6.3318841888E-05   5.9166676961E-02   2.3500341548E-07   1.7690115890E-02   1.0769505970E-03
   37      1.0313558807E-04   2.3500341548E-07   2.5523279519E-02  -6.5506896463E-05   1.7685561009E-06
   38     -1.0090591770E-04   1.7690115890E-02  -6.5506896463E-05   3.3665578589E-01  -2.1637923885E-04
   39      1.2056164656E-05   1.0769505970E-03   1.7685561009E-06  -2.1637923885E-04   2.6425083051E-01
   40     -6.7308687116E-05   6.6618947138E-07  -7.7088108003E-03  -3.6379533966E-06   5.5110772513E-05
   41     -4.4094884284E-05   1.7246720154E-04  -2.3870923146E-06   1.2740856515E-03  -1.3597063554E-01
   42     -7.5215302382E-06  -4.3059445583E-03  -1.0972968738E-06  -2.2201210003E-03   4.6795719866E-03
   43      5.6367154064E-05  -8.9831111431E-07   1.1652224466E-02   3.2726151771E-06   1.8567051749E-06
   44     -5.7418803092E-05  -2.5467217082E-03   2.9892638623E-06   4.2451010002E-04  -3.9034605435E-03
                   40                 41                 42                 43                 44        
    0     -2.5890056229E-03  -1.8707462296E-04  -1.0107133219E-04   1.1679095497E-03   2.1489470711E-05
    1     -3.6135234982E-04  -3.0342693304E-06   7.2364086338E-05   3.1453334119E-04  -7.4066296231E-05
    2      1.1605253638E-03   4.5883978477E-04   1.2587117072E-04  -2.3723169009E-04   2.3272102966E-04
    3     -3.6835738602E-06  -1.4633937431E-03   1.9190048805E-03   1.6353432100E-06   2.1542160682E-03
    4      1.3949055444E-02   2.7480907570E-06   1.3697077728E-06  -8.4582386462E-03  -1.0185128440E-06
    5      3.1510892731E-06  -1.2796105154E-03  -2.2784706624E-03  -2.2271561467E-06   1.1190245611E-03
    6      2.5893564536E-03  -1.8578966342E-04  -1.0076206045E-04  -1.1685996425E-03   2.0739980027E-05
    7     -3.5968573448E-04   2.8320075708E-06  -7.2344680687E-05   3.1401136232E-04   7.4095155805E-05
    8     -1.1612004289E-03   4.5816164513E-04   1.2582036388E-04   2.3750775938E-04   2.3266145330E-04
    9      3.0805954524E-06  -1.4923644694E-02   5.6339388868E-05   1.9135769393E-07  -6.5014304386E-04
   10      1.7400837011E-03  -3.7833782462E-06   5.7637467748E-06   5.7446006328E-03   3.7421912077E-06
   11      1.4713984276E-06   1.0016425254E-02  -2.9886844833E-02   1.0257370856E-06  -1.4118656706E-02
   12     -5.0776956039E-05   1.2990871383E-01  -5.7750999518E-02   1.9658372717E-07  -2.2686142105E-02
   13     -3.2734287132E-02   3.8672388980E-05   1.5321982355E-06  -3.3591067588E-02   5.9054365883E-05
