*************************************************
******************* ORCA 6.0.0 ******************
*************************************************
$Calculation_Status
   &GeometryIndex 1
   &ListStatus       OUT
   &VERSION [&Type "String"] "6.0.0"
   &PROGNAME [&Type "String"] "LeanSCF"
   &STATUS [&Type "String"] "NORMAL TERMINATION"
$End
$Geometry
   &GeometryIndex 1
   &ListStatus       OUT
   &NATOMS [&Type "Integer"] 12
   &NCORELESSECP [&Type "Integer"] 0
   &NGHOSTATOMS [&Type "Integer"] 0
   &CartesianCoordinates [&Type "Coordinates", &Dim(12,4), &Units "Bohr"] 
              C     -3.528794242857   -1.010766928376    0.557944371883
              C     -1.875231040067    0.735075800127   -1.012669994654
              S      1.324966093216    1.205990584610    0.267036645917
              C      2.650625589122   -1.944849533876   -0.243959594017
              H     -3.764991264647   -0.285221271689    2.479221569112
              H     -5.402565031257   -1.166530191433   -0.311500160654
              H     -2.731773171872   -2.914659289758    0.672181173756
              H     -2.697445099508    2.631802147855   -1.105725405823
              H     -1.690139932279    0.042443543387   -2.955055453207
              H      1.707292560846   -3.365377098574    0.921119240690
              H      4.643187994610   -1.865374335322    0.295868564338
              H      2.518533824579   -2.470502169585   -2.239093540341
$End
$SCF_Energy
   &GeometryIndex 1
   &ListStatus       OUT
   &SCF_ENERGY [&Type "Double"]      -5.1727728085697390e+02
$End
$DFT_Energy
   &GeometryIndex 1
   &ListStatus       OUT
   &NALPHAEL [&Type "Integer"] 21
   &NBETAEL [&Type "Integer"] 21
   &NTOTALEL [&Type "Integer"] 42
   &EEXCHANGE [&Type "Double"]      -4.3465682536638376e+01
   &ECORR [&Type "Double"]      -1.4003551980879416e+00
   &ECNL [&Type "Double"]       0.0000000000000000e+00
   &EXC [&Type "Double"]      -4.4866037734726319e+01
   &EEMBED [&Type "Double"]       0.0000000000000000e+00
   &FINALEN [&Type "Double"]      -5.1727728085697390e+02  "No Van der Waals correction"
$End
$Mulliken_Population_Analysis
   &GeometryIndex 1
   &ListStatus       OUT
   &NATOMS [&Type "Integer"] 12
   &ATNO [&Type "ArrayOfIntegers", &Dim (12,1)] 
                                                         0

0                                                        6
1                                                        6
2                                                       16
3                                                        6
4                                                        1
5                                                        1
6                                                        1
7                                                        1
8                                                        1
9                                                        1
10                                                       1
11                                                       1
   &ATOMICCHARGES [&Type "ArrayOfDoubles", &Dim (12,1)] 
                                                         0

0                                     -3.0673627621414568e-01
1                                     -1.4363587484136353e-01
2                                     -1.2575694975278751e-01
3                                     -3.2776046901129519e-01
4                                      1.1034132748726244e-01
5                                      1.0203657158792800e-01
6                                      1.0246456581060193e-01
7                                      1.1483405310483386e-01
8                                      1.0161445355349541e-01
9                                      1.2058692740538368e-01
10                                     1.3386932122177231e-01
11                                     1.1814234964823167e-01
$End
$Loewdin_Population_Analysis
   &GeometryIndex 1
   &ListStatus       OUT
   &NATOMS [&Type "Integer"] 12
   &ATNO [&Type "ArrayOfIntegers", &Dim (12,1)] 
                                                         0

0                                                        6
1                                                        6
2                                                       16
3                                                        6
4                                                        1
5                                                        1
6                                                        1
7                                                        1
8                                                        1
9                                                        1
10                                                       1
11                                                       1
   &ATOMICCHARGES [&Type "ArrayOfDoubles", &Dim (12,1)] 
                                                         0

0                                     -3.3845193667214968e-01
1                                     -4.8784351395807324e-01
2                                      4.2100780581188957e-01
3                                     -5.1473383148970786e-01
4                                      1.1991173763070995e-01
5                                      1.1994286712357694e-01
6                                      1.1545012851036718e-01
7                                      1.2700548582869231e-01
8                                      1.1992534298383772e-01
9                                      1.0058084325945460e-01
10                                     1.1332512354293789e-01
11                                     1.0387994742836404e-01
$End
$Mayer_Population_Analysis
   &GeometryIndex 1
   &ListStatus       OUT
   &NATOMS [&Type "Integer"] 12 "Total number of atoms"
   &BONDTHRESH [&Type "Double"]       1.0000000000000001e-01  "The threshold for printing"
   &NBONDORDERSPRINT [&Type "Integer"] 11 "The number of bond orders larger than threshold"
   &BONDORDERS [&Type "ArrayOfDoubles", &Dim (11,1)] "The bond orders"
                                                         0

0                                      9.6396358733222276e-01
1                                      9.7017097143206987e-01
2                                      9.6046825306961647e-01
3                                      9.7584575378635507e-01
4                                      1.0319431061047195e+00
5                                      9.5584963507807930e-01
6                                      9.6733644976866651e-01
7                                      1.0613097293546652e+00
8                                      9.6007253287197092e-01
9                                      9.6165698902949959e-01
10                                     9.6053459318783418e-01
   &COMPONENTS [&Type "ArrayOfIntegers", &Dim (11,4)] "The indices and atomic numbers of the bonding atoms"
                                                         0                           1                           2                           3

0                                                        0                           6                           1                           6
1                                                        0                           6                           4                           1
2                                                        0                           6                           5                           1
3                                                        0                           6                           6                           1
4                                                        1                           6                           2                          16
5                                                        1                           6                           7                           1
6                                                        1                           6                           8                           1
7                                                        2                          16                           3                           6
8                                                        3                           6                           9                           1
9                                                        3                           6                          10                           1
10                                                       3                           6                          11                           1
   &ATNO [&Type "ArrayOfIntegers", &Dim (12,1)] "Atomic number of the elements"
                                                         0

0                                                        6
1                                                        6
2                                                       16
3                                                        6
4                                                        1
5                                                        1
6                                                        1
7                                                        1
8                                                        1
9                                                        1
10                                                       1
11                                                       1
   &NA [&Type "ArrayOfDoubles", &Dim (12,1)] "Mulliken gross atomic population"
                                                         0

0                                      6.3067362762141403e+00
1                                      6.1436358748413689e+00
2                                      1.6125756949752812e+01
3                                      6.3277604690113138e+00
4                                      8.8965867251273612e-01
5                                      8.9796342841207211e-01
6                                      8.9753543418939796e-01
7                                      8.8516594689516725e-01
8                                      8.9838554644650404e-01
9                                      8.7941307259461676e-01
10                                     8.6613067877822825e-01
11                                     8.8185765035176711e-01
   &ZA [&Type "ArrayOfDoubles", &Dim (12,1)] "Total nuclear charge"
                                                         0

0                                      6.0000000000000000e+00
1                                      6.0000000000000000e+00
2                                      1.6000000000000000e+01
3                                      6.0000000000000000e+00
4                                      1.0000000000000000e+00
5                                      1.0000000000000000e+00
6                                      1.0000000000000000e+00
7                                      1.0000000000000000e+00
8                                      1.0000000000000000e+00
9                                      1.0000000000000000e+00
10                                     1.0000000000000000e+00
11                                     1.0000000000000000e+00
   &QA [&Type "ArrayOfDoubles", &Dim (12,1)] "Mulliken gross atomic charge"
                                                         0

0                                     -3.0673627621414035e-01
1                                     -1.4363587484136886e-01
2                                     -1.2575694975281237e-01
3                                     -3.2776046901131384e-01
4                                      1.1034132748726388e-01
5                                      1.0203657158792789e-01
6                                      1.0246456581060204e-01
7                                      1.1483405310483275e-01
8                                      1.0161445355349596e-01
9                                      1.2058692740538324e-01
10                                     1.3386932122177175e-01
11                                     1.1814234964823289e-01
   &VA [&Type "ArrayOfDoubles", &Dim (12,1)] "Mayer's total valence"
                                                         0

0                                      3.8765918497219443e+00
1                                      3.9319133466373750e+00
2                                      2.1771234378539970e+00
3                                      3.9717232562120972e+00
4                                      9.9103901289325036e-01
5                                      9.8085538542725403e-01
6                                      9.7843639739363908e-01
7                                      9.7410273490787813e-01
8                                      9.7838447311741950e-01
9                                      9.6443162835156904e-01
10                                     9.7852686307479275e-01
11                                     9.7084707774924395e-01
   &BVA [&Type "ArrayOfDoubles", &Dim (12,1)] "Mayer's bonded valence"
                                                         0

0                                      3.8765918497219829e+00
1                                      3.9319133466374199e+00
2                                      2.1771234378539659e+00
3                                      3.9717232562120919e+00
4                                      9.9103901289325314e-01
5                                      9.8085538542726769e-01
6                                      9.7843639739363664e-01
7                                      9.7410273490787302e-01
8                                      9.7838447311744847e-01
9                                      9.6443162835157425e-01
10                                     9.7852686307478687e-01
11                                     9.7084707774926482e-01
   &FA [&Type "ArrayOfDoubles", &Dim (12,1)] "Mayer's free valence"
                                                         0

0                                      0.0000000000000000e+00
1                                      0.0000000000000000e+00
2                                      0.0000000000000000e+00
3                                      0.0000000000000000e+00
4                                      0.0000000000000000e+00
5                                      0.0000000000000000e+00
6                                      0.0000000000000000e+00
7                                      0.0000000000000000e+00
8                                      0.0000000000000000e+00
9                                      0.0000000000000000e+00
10                                     0.0000000000000000e+00
11                                     0.0000000000000000e+00
$End
$VdW_Correction
   &GeometryIndex 1
   &ListStatus       OUT
   &VDW [&Type "Double"]      -2.6006283599369620e-03
$End
$Calculation_Info
   &GeometryIndex 1
   &ListStatus       OUT
   &MULT [&Type "Integer"] 1
   &CHARGE [&Type "Integer"] 0
   &NUMOFATOMS [&Type "Integer"] 12
   &NUMOFELECTRONS [&Type "Integer"] 42
   &NUMOFFCELECTRONS [&Type "Integer"] 1
   &NUMOFCORRELECTRONS [&Type "Integer"] 0
   &NUMOFBASISFUNCTS [&Type "Integer"] 178
   &NUMOFAUXCBASISFUNCTS [&Type "Integer"] 0
   &NUMOFAUXJBASISFUNCTS [&Type "Integer"] 220
   &NUMOFAUXJKBASISFUNCTS [&Type "Integer"] 0
   &NUMOFCABSBASISFUNCTS [&Type "Integer"] 0
   &TOTALENERGY [&Type "Double"]      -5.1727051013813377e+02  "Hartrees"
$End
$SCF_Dipole_Moment
   &GeometryIndex 1
   &ListStatus       OUT
   &METHOD [&Type "String"] "SCF"
   &LEVEL [&Type "String"] "Relaxed density"
   &MULT [&Type "Integer"] 1
   &STATE [&Type "Integer"] -1
   &IRREP [&Type "Integer"] 0
   &NATOMS [&Type "Integer"] 12
   &DODIPOLEATOM [&Type "Boolean"] false
   &DIPOLEELECCONTRIB [&Type "ArrayOfDoubles", &Dim (3,1)] "Electronic contribution"
                                                         0

0                                      3.4855049827563027e+00
1                                      4.2796914993099442e+00
2                                      7.5705969701782883e-01
   &DIPOLENUCCONTRIB [&Type "ArrayOfDoubles", &Dim (3,1)] "Nuclear contribution"
                                                         0

0                                     -3.8032683292863214e+00
1                                     -4.8130987717937241e+00
2                                     -1.0089849618942099e+00
   &DIPOLETOTAL [&Type "ArrayOfDoubles", &Dim (3,1)] "Total"
                                                         0

0                                     -3.1776334653001870e-01
1                                     -5.3340727248377995e-01
2                                     -2.5192526487638112e-01
   &DIPOLEMAGNITUDE [&Type "Double", &Units "a.u."]       6.7004716387697438e-01
$End
$THERMOCHEMISTRY_Energies
   &GeometryIndex 1
   &ListStatus       OUT
   &TEMPERATURE [&Type "Double"]       2.9814999999999998e+02
   &PRESSURE [&Type "Double"]       1.0000000000000000e+00
   &TOTALMASS [&Type "Double"]       7.6157000000000011e+01
   &SPINDEGENERACY [&Type "Integer"] 1
   &ELENERGY [&Type "Double"]      -5.1727051013813377e+02
   &TRANSENERGY [&Type "Double"]       1.4162714244859817e-03
   &ROTENERGY [&Type "Double"]       1.4162714244859817e-03
   &VIBENERGY [&Type "Double"]       3.2255260021477427e-03
   &NUMOFFREQS [&Type "Integer"] 36
   &FREQSCALINGFACTOR [&Type "Double"]       1.0000000000000000e+00
   &FREQ [&Type "ArrayOfDoubles", &Dim (36,1)] "In cm^-1"
                                                         0

0                                      0.0000000000000000e+00
1                                      0.0000000000000000e+00
2                                      0.0000000000000000e+00
3                                      0.0000000000000000e+00
4                                      0.0000000000000000e+00
5                                      0.0000000000000000e+00
6                                      9.8500650492904470e+01
7                                      1.8782684394232038e+02
8                                      2.3259879920502806e+02
9                                      2.8676698410963121e+02
10                                     3.5295725054421848e+02
11                                     6.2253782077671769e+02
12                                     6.8905488388726462e+02
13                                     7.6573317410368941e+02
14                                     9.5918046949489474e+02
15                                     9.7177146508180829e+02
16                                     9.8087941452334508e+02
17                                     1.0631560906496545e+03
18                                     1.0826359446131596e+03
19                                     1.2795732163786438e+03
20                                     1.2867688385993272e+03
21                                     1.3430583889252025e+03
22                                     1.4014523107463533e+03
23                                     1.4548901171173175e+03
24                                     1.4615210270704811e+03
25                                     1.4766138465202218e+03
26                                     1.4888357802885012e+03
27                                     1.4944100058093813e+03
28                                     3.0049477808377860e+03
29                                     3.0098553335061006e+03
30                                     3.0186844839348714e+03
31                                     3.0702789319240997e+03
32                                     3.0780435001814562e+03
33                                     3.0959463828981266e+03
34                                     3.1030249776959922e+03
35                                     3.1128915477650366e+03
   &ZPE [&Type "Double"]       1.0359829753598990e-01
   &INNERENERGYU [&Type "Double"]      -5.1716085377174682e+02
   &ENTHALPYH [&Type "Double"]      -5.1715990956270457e+02
   &QEL [&Type "Double"]       0.0000000000000000e+00
   &QROT [&Type "Double"]       1.2086009886427392e-02
   &QVIB [&Type "Double"]       5.4747035078080847e-03
   &QTRANS [&Type "Double"]       1.8485487757962285e-02
   &ENTROPYS [&Type "Double"]       3.6046201152197761e-02
   &FREEENERGYG [&Type "Double"]      -5.1719595576385677e+02
   &ISLINEAR [&Type "Boolean"] false
$End
$Hessian
   &GeometryIndex 1
   &ListStatus       OUT
   &HESSIAN [&Type "ArrayOfDoubles", &Dim (36,36)] "The Hessian"
                                                         0                           1                           2                           3                           4                           5                           6                           7

0                                      5.1128312497381623e-01        -4.0244393696333897e-02         3.0485502896303553e-02        -1.0042282678010893e-01        -3.7732159885437350e-02         4.4305006970439945e-02        -3.0622542248879829e-02        -1.7140776989024137e-02
1                                     -4.0244393696333897e-02         5.2733543337498479e-01         3.2729305045745095e-02        -3.4026457448701135e-02        -1.2230930629255397e-01         4.1229752235156208e-02        -5.8609907840644114e-03        -1.1564740485595949e-03
2                                      3.0485502896303553e-02         3.2729305045745095e-02         5.3833288145733849e-01         3.7780743359221332e-02         3.9839585980327726e-02        -1.1553806365846447e-01        -9.9342172012341981e-03        -7.7950883035211921e-03
3                                     -1.0042282678010893e-01        -3.4026457448701135e-02         3.7780743359221332e-02         3.3517936860337705e-01        -5.5300608711534485e-02        -4.8146663870411902e-02        -8.6422309346297660e-02        -1.4723423881171701e-03
4                                     -3.7732159885437350e-02        -1.2230930629255397e-01         3.9839585980327726e-02        -5.5300608711534485e-02         5.3577949406994729e-01         3.0761656417630769e-02        -3.0989307378008556e-02        -5.3393700704596682e-02
5                                      4.4305006970439945e-02         4.1229752235156208e-02        -1.1553806365846447e-01        -4.8146663870411902e-02         3.0761656417630769e-02         4.9284548126743299e-01        -3.1122588152067442e-02        -6.4569052499292307e-03
6                                     -3.0622542248879829e-02        -5.8609907840644114e-03        -9.9342172012341981e-03        -8.6422309346297660e-02        -3.0989307378008556e-02        -3.1122588152067442e-02         1.9728337569486648e-01        -1.5292840085024666e-02
7                                     -1.7140776989024137e-02        -1.1564740485595949e-03        -7.7950883035211921e-03        -1.4723423881171701e-03        -5.3393700704596682e-02        -6.4569052499292307e-03        -1.5292840085024666e-02         2.1629275611581159e-01
8                                      5.0252593480785736e-03        -4.3524749967483595e-05         6.1302778746987665e-03        -2.2631202512458981e-02        -2.0427184048335850e-02        -4.9223353001530468e-02         4.6018177066919623e-02         4.3921392830314397e-02
9                                      1.3580420922807688e-03         6.9110018356825830e-04         2.8588643683494144e-04        -1.3035858880618853e-02         2.6162541876208513e-02         2.9614026050941954e-03        -4.7800265450427142e-02         5.5467609054119654e-04
10                                    -7.7760306462554946e-04         1.7936272895606115e-03        -5.8081306937852713e-04         1.5164888951484518e-03         2.2855754954047491e-03        -1.8512027777840834e-04         2.9851294718622245e-02        -1.1882298984000918e-01
11                                     2.8626951486880766e-04        -1.0620794747685557e-03        -2.8012546041576540e-05        -6.3049838521287973e-03         9.6250379111699931e-03         2.1646559263775447e-03         5.6554366940909043e-03        -2.5426893699405401e-02
12                                    -4.8656843415696177e-02         1.0785281192734648e-02         2.4217832266631299e-02        -4.2886255952860938e-03         6.7324749385722742e-03         1.9210197355024800e-02         1.8064073218895223e-03         8.8607761570657707e-04
13                                     1.1005116807054398e-02        -8.2235048390559451e-02        -8.9936172262500669e-02        -2.7593798174398798e-03         7.3695511469805165e-03         2.1457076238107376e-02         1.0723259438794911e-03         5.9056382481038330e-04
14                                     2.6163650798148124e-02        -8.7987658859396051e-02        -2.6941768215719220e-01         1.6804732671236756e-03        -6.2429048581426581e-03        -1.8427797551941159e-02        -3.7354342956582871e-04        -3.1405572038405681e-04
15                                    -2.5198907081790750e-01        -1.4603806531857904e-02        -9.8489833667364773e-02        -1.7421520423534068e-02        -1.2009570020969675e-03        -8.0183100833478536e-03        -2.5920781562630904e-03        -2.5695558418559646e-03
16                                    -1.4668119463496044e-02        -4.6577152189305922e-02        -7.2492510144315878e-03        -1.8093146769602698e-02        -2.5611760152823176e-03        -8.9044380805932705e-03        -3.6064070557283597e-03        -2.3320029679866371e-03
17                                    -9.8464662053070931e-02        -7.1957489269567137e-03        -9.3737358850457420e-02         1.6539498395321810e-02         1.1519392402908162e-03         6.5271172697406290e-03         3.0096581628176896e-03         2.1893835399614562e-03
18                                    -8.6962032012890711e-02         9.6437548730465977e-02        -4.8439586367392557e-03         7.5175500842245661e-03        -2.0104632021777428e-02         4.7868619941794860e-04         1.5099431670069676e-03        -2.6874691652427660e-05
19                                     9.4827530248150202e-02        -2.6418324602812338e-01         1.0207490824304952e-02         6.8826115594068302e-03        -1.9463899220610648e-02         1.0031782822206544e-03         1.2363911678145998e-03        -6.0555598043055513e-05
20                                    -4.0267871926130822e-03         9.7903575881217609e-03        -4.7535453895073562e-02        -8.2640960443934441e-03         1.7988706704160338e-02        -1.4817920011723981e-03        -5.2524813912738742e-04        -5.8403246479634893e-04
21                                     7.7909404704791171e-03        -1.9549340684948093e-02         1.7003983289066008e-03        -8.3409899805466980e-02         1.0014133547162464e-01        -3.0070631794580655e-03        -1.2828844763073187e-02         2.1299204858376945e-02
22                                     7.2592676202686141e-03        -1.8784697732718431e-02         1.1033571092248888e-03         9.5323453180672799e-02        -2.6472292196562608e-01         6.1126747244790690e-03        -1.2605690281996054e-04         4.0855591458886249e-03
23                                    -6.8501053347701114e-03         1.8439598089951673e-02        -1.4094690665069744e-03        -1.8595724973665736e-03         8.5300014604767216e-03        -4.6111787598146478e-02        -6.1852622389364275e-03         8.6822795484067482e-03
24                                    -1.8271608602349852e-03         6.5295774070304397e-03         1.8643627693773514e-02        -3.9813529433485817e-02         1.0067451076400077e-02         2.1175212640425340e-02        -1.3437994259513940e-02        -1.0278320606390667e-02
25                                    -2.9869186675851875e-03         6.8547823860024793e-03         2.0957021194650399e-02         1.0044211968874235e-02        -7.8444423552753911e-02        -8.2968433188505261e-02        -1.6081842834478680e-04        -1.0755174893694059e-03
26                                     2.8790568348897178e-03        -6.2148275507868840e-03        -1.6891921597510722e-02         3.0201632897704490e-02        -8.2187590690399978e-02        -2.7089306062388518e-01        -7.2370058949986424e-03        -4.9846931637714956e-03
27                                    -5.7520693053102244e-06         7.4010978901608432e-05         4.2770214517312598e-04         8.7682422642592316e-04         5.1847057608420035e-05        -8.3418181837892173e-04         4.0290601028203201e-03         1.3049337107872819e-02
28                                     4.9314062057407822e-04        -3.9992782167910280e-05         3.4732671814908557e-04        -1.4257531099737333e-03         1.0606737943604600e-03        -7.8227193756150691e-04        -3.8939592073658890e-03        -2.5977959373732391e-02
29                                    -3.4005869799716123e-05         4.0576339937816418e-04         4.2992832547545171e-05         6.0383747807333339e-04         9.5723199724985714e-04        -4.8380276323274629e-04        -3.8360414921176115e-03        -5.7963533028450136e-03
30                                     3.8383749446002039e-04         1.8030763675448008e-05        -3.3291754005655184e-05        -2.9788355304922673e-04         2.3403937905333815e-03         6.8614078043455554e-04        -8.7889125727954633e-03         1.2304866737639711e-03
31                                    -3.6818561065867563e-04        -5.6208284085154593e-04         1.8141961892933966e-04         1.9210403166140273e-03        -7.4834546656469278e-03        -1.5217756658340654e-03         2.4057227351406443e-02         4.0354430550947062e-04
32                                     1.3458940265072137e-04         6.2012845924644747e-05         1.9473225604322588e-04         3.4301536146418173e-04        -7.8089632801859135e-04        -9.4990471433057007e-04         4.2073913118269770e-03         4.0418442437072100e-04
33                                    -3.2971682601274483e-04        -1.4834122463247036e-04        -3.1877302611823676e-04         1.5387109038200819e-03        -1.8554042234987197e-04         2.2665730566866654e-03        -2.1358394893329627e-03         9.7084160338055357e-03
34                                     2.3088319527508352e-04        -1.3584274570764554e-04         1.5044873845683157e-04        -2.5929564650898932e-03         1.8835879103775385e-03         2.4554292956359544e-04         3.7656528816318391e-03        -1.8553223369723110e-02
35                                     1.7460584349215046e-04        -1.0758022235819210e-04        -1.4292264938113933e-04         1.0290551399161612e-04         7.9347978663492401e-04         1.5723074491522937e-03         3.0459314978212911e-04        -3.8826195917439250e-03
                                                         8                           9                          10                          11                          12                          13                          14                          15

0                                      5.0252593480785736e-03         1.3580420922807688e-03        -7.7760306462554946e-04         2.8626951486880766e-04        -4.8656843415696177e-02         1.1005116807054398e-02         2.6163650798148124e-02        -2.5198907081790750e-01
1                                     -4.3524749967483595e-05         6.9110018356825830e-04         1.7936272895606115e-03        -1.0620794747685557e-03         1.0785281192734648e-02        -8.2235048390559451e-02        -8.7987658859396051e-02        -1.4603806531857904e-02
2                                      6.1302778746987665e-03         2.8588643683494144e-04        -5.8081306937852713e-04        -2.8012546041576540e-05         2.4217832266631299e-02        -8.9936172262500669e-02        -2.6941768215719220e-01        -9.8489833667364773e-02
3                                     -2.2631202512458981e-02        -1.3035858880618853e-02         1.5164888951484518e-03        -6.3049838521287973e-03        -4.2886255952860938e-03        -2.7593798174398798e-03         1.6804732671236756e-03        -1.7421520423534068e-02
4                                     -2.0427184048335850e-02         2.6162541876208513e-02         2.2855754954047491e-03         9.6250379111699931e-03         6.7324749385722742e-03         7.3695511469805165e-03        -6.2429048581426581e-03        -1.2009570020969675e-03
5                                     -4.9223353001530468e-02         2.9614026050941954e-03        -1.8512027777840834e-04         2.1646559263775447e-03         1.9210197355024800e-02         2.1457076238107376e-02        -1.8427797551941159e-02        -8.0183100833478536e-03
6                                      4.6018177066919623e-02        -4.7800265450427142e-02         2.9851294718622245e-02         5.6554366940909043e-03         1.8064073218895223e-03         1.0723259438794911e-03        -3.7354342956582871e-04        -2.5920781562630904e-03
7                                      4.3921392830314397e-02         5.5467609054119654e-04        -1.1882298984000918e-01        -2.5426893699405401e-02         8.8607761570657707e-04         5.9056382481038330e-04        -3.1405572038405681e-04        -2.5695558418559646e-03
8                                      8.3035999379047640e-02        -5.7977262370433533e-03        -1.4135310384202926e-02        -3.9900057830562080e-02         4.4665024042265123e-04         1.4448390168047848e-05         1.8124234684372678e-03         2.2257734846606080e-03
9                                     -5.7977262370433533e-03         5.0705613211757428e-01         8.3709879847763319e-02         1.9801699962949712e-02        -3.5856393880445822e-04         1.0128544940034355e-04         1.6962905549678601e-04         5.8446697631172218e-04
10                                    -1.4135310384202926e-02         8.3709879847763319e-02         3.6943509635946747e-01        -2.6277859142628326e-02         3.4348718121041783e-04        -1.9249275388154188e-04         1.1409741084650359e-04        -6.3645460965275694e-04
11                                    -3.9900057830562080e-02         1.9801699962949712e-02        -2.6277859142628326e-02         5.3062725600250116e-01        -3.0557676176228200e-04         6.0605309312478659e-06        -1.4260583174337347e-04        -2.6632488475684929e-04
12                                     4.4665024042265123e-04        -3.5856393880445822e-04         3.4348718121041783e-04        -3.0557676176228200e-04         5.0657605703089463e-02        -9.0123301562136278e-03        -3.0678378490160203e-02         4.1716778635506706e-03
13                                     1.4448390168047848e-05         1.0128544940034355e-04        -1.9249275388154188e-04         6.0605309312478659e-06        -9.0123301562136278e-03         8.6787953530771081e-02         9.3890327126327958e-02         5.3676252970617094e-04
14                                     1.8124234684372678e-03         1.6962905549678601e-04         1.1409741084650359e-04        -1.4260583174337347e-04        -3.0678378490160203e-02         9.3890327126327958e-02         2.9448694619673177e-01         2.1209912472073336e-03
15                                     2.2257734846606080e-03         5.8446697631172218e-04        -6.3645460965275694e-04        -2.6632488475684929e-04         4.1716778635506706e-03         5.3676252970617094e-04         2.1209912472073336e-03         2.7664953330304176e-01
16                                     1.5223305082791789e-03         2.6026854157076818e-04        -2.9186563683239334e-04         1.6489968939832741e-04        -1.0881745935282554e-02        -1.7421398619051199e-03        -4.2206585368111419e-03         1.9415340278176201e-02
17                                     3.4591035817999548e-04        -1.7128824002671884e-04         5.8310765193358548e-05         8.3900046278891560e-05        -2.6873875970567500e-02        -4.9909077770625941e-04        -1.0952260166685684e-02         1.0707886743568670e-01
18                                    -1.3718615105189460e-04        -3.0486133087696083e-04        -9.7063537692143945e-06         2.3469292659141828e-04        -2.2341603954465559e-03         1.5241784393985559e-03        -6.7634726947486505e-04        -1.0919340880152001e-02
19                                    -3.1898564068071587e-05         2.1768616215726193e-04        -8.3843139075325153e-05         2.5096066056275754e-04         4.1724683155860490e-03        -9.4848182505480223e-03         1.4690390841273493e-03        -1.4084507815852673e-03
20                                    -4.9691018718165075e-05        -5.1498706294159416e-05        -1.0498622332010378e-04         3.9420840194045580e-04         1.2425358825393362e-02        -2.7393779548925606e-02         2.8333185814209010e-03        -5.0289447666325392e-03
21                                     1.6465589396826366e-04        -6.6527288907179769e-03        -1.8400566716044856e-03        -3.2283322479549274e-03         4.8631943345968398e-04         6.0838644970946220e-04        -3.5397415453348232e-04         7.9459431405419891e-04
22                                     7.3908944347689937e-04        -1.2650274965976161e-03         2.8963251225362120e-04        -9.6412489274021098e-04         1.0494517840323615e-04         1.0439406462626607e-03         2.1359610876891741e-04        -2.7195099596737798e-04
23                                    -1.0692065959420826e-03        -1.9170895972604623e-03        -9.2710895011913045e-04        -1.5560777763637700e-03        -9.2099095517922250e-04        -1.1714045944351834e-04         4.4351693120409487e-04        -1.7530672115922377e-04
24                                    -2.6988371696842105e-02         2.7899870512214171e-03        -1.9377787333532339e-03         1.7029282333435539e-04        -1.6007833091623680e-03        -3.1671071289992880e-03         2.0495390174482754e-03         3.8936787371917779e-04
25                                    -2.8540588713387846e-03        -3.4515053796472313e-05         6.0158501357736663e-04         2.3750430318292882e-03        -2.8992264544519314e-03        -2.0543997882824143e-03         3.0404730796376395e-03         5.0721098521418423e-04
26                                    -7.9384629642686860e-03         1.1879006681026348e-03         3.3602710713599086e-04         1.3100246071371794e-03         2.3968551319105032e-03         2.8016192715404060e-03        -5.1469642130231967e-04         4.9821194969951188e-04
27                                    -5.2510784359053346e-03        -1.0202072959887994e-01        -8.5357197013412295e-02         6.8403968713490096e-02        -7.2275479197136949e-05         5.3909444546963031e-05        -2.7309529621120064e-05         4.0152923160412723e-04
28                                     7.5380466087836898e-03        -9.0095867247783942e-02        -1.6010756649990759e-01         1.0686239496258595e-01        -6.0857395198591507e-05        -2.8129263794769667e-05        -1.1910700178429517e-05         2.1074784665855257e-04
29                                     5.6259810811486871e-03         7.1126154411832732e-02         1.0106653801125068e-01        -1.3522645258214488e-01         1.7733489081238850e-04        -2.4267387047156972e-04        -1.2707957823880536e-04        -4.3097864179107801e-05
30                                    -2.0855994251187089e-03        -2.9549079664817562e-01        -1.5651721135042956e-02        -6.9456916029146526e-02        -6.4909615210264390e-05         3.5733403680326611e-05         4.0165940126688296e-06        -3.7053119590294697e-06
31                                     7.3041982801721065e-03        -1.1913779300520247e-02        -4.0866694147223770e-02        -2.6366410824813225e-03        -2.4666903175917668e-07         1.0787744838914391e-04        -2.4161315317849713e-05        -3.9003054552963091e-05
