*************************************************
******************* ORCA 6.0.0 ******************
*************************************************
$Calculation_Status
   &GeometryIndex 1
   &ListStatus       OUT
   &VERSION [&Type "String"] "6.0.0"
   &PROGNAME [&Type "String"] "LeanSCF"
   &STATUS [&Type "String"] "NORMAL TERMINATION"
$End
$Geometry
   &GeometryIndex 1
   &ListStatus       OUT
   &NATOMS [&Type "Integer"] 6
   &NCORELESSECP [&Type "Integer"] 0
   &NGHOSTATOMS [&Type "Integer"] 0
   &CartesianCoordinates [&Type "Coordinates", &Dim(6,4), &Units "Bohr"] 
              C      0.000093353227    3.433850312710    0.006726788577
              C      0.000035198039    0.933622412589    0.000509720743
              Cl     2.755746293732   -0.872670108721   -0.001589088847
              Cl    -2.755759815856   -0.872542906909   -0.002031537797
              H     -1.766502231461    4.469674156222    0.006902674648
              H      1.766739801216    4.469590424913    0.007216531703
$End
$SCF_Energy
   &GeometryIndex 1
   &ListStatus       OUT
   &SCF_ENERGY [&Type "Double"]      -9.9773564829771294e+02
$End
$DFT_Energy
   &GeometryIndex 1
   &ListStatus       OUT
   &NALPHAEL [&Type "Integer"] 24
   &NBETAEL [&Type "Integer"] 24
   &NTOTALEL [&Type "Integer"] 48
   &EEXCHANGE [&Type "Double"]      -6.6203369839827090e+01
   &ECORR [&Type "Double"]      -1.7665524525833498e+00
   &ECNL [&Type "Double"]       0.0000000000000000e+00
   &EXC [&Type "Double"]      -6.7969922292410445e+01
   &EEMBED [&Type "Double"]       0.0000000000000000e+00
   &FINALEN [&Type "Double"]      -9.9773564829771294e+02  "No Van der Waals correction"
$End
$Mulliken_Population_Analysis
   &GeometryIndex 1
   &ListStatus       OUT
   &NATOMS [&Type "Integer"] 6
   &ATNO [&Type "ArrayOfIntegers", &Dim (6,1)] 
                                                         0

0                                                        6
1                                                        6
2                                                       17
3                                                       17
4                                                        1
5                                                        1
   &ATOMICCHARGES [&Type "ArrayOfDoubles", &Dim (6,1)] 
                                                         0

0                                     -2.9441129966190438e-01
1                                      1.1449118181069373e-01
2                                     -6.4189107135117496e-02
3                                     -6.4189271735024533e-02
4                                      1.5414926914368254e-01
5                                      1.5414922757762262e-01
$End
$Loewdin_Population_Analysis
   &GeometryIndex 1
   &ListStatus       OUT
   &NATOMS [&Type "Integer"] 6
   &ATNO [&Type "ArrayOfIntegers", &Dim (6,1)] 
                                                         0

0                                                        6
1                                                        6
2                                                       17
3                                                       17
4                                                        1
5                                                        1
   &ATOMICCHARGES [&Type "ArrayOfDoubles", &Dim (6,1)] 
                                                         0

0                                     -2.4312361056553389e-01
1                                     -7.9774893920840650e-01
2                                      3.8523787212499983e-01
3                                      3.8523744825238282e-01
4                                      1.3519847663239504e-01
5                                      1.3519875276410287e-01
$End
$Mayer_Population_Analysis
   &GeometryIndex 1
   &ListStatus       OUT
   &NATOMS [&Type "Integer"] 6 "Total number of atoms"
   &BONDTHRESH [&Type "Double"]       1.0000000000000001e-01  "The threshold for printing"
   &NBONDORDERSPRINT [&Type "Integer"] 5 "The number of bond orders larger than threshold"
   &BONDORDERS [&Type "ArrayOfDoubles", &Dim (5,1)] "The bond orders"
                                                         0

0                                      1.8255108706736012e+00
1                                      9.4181015421088621e-01
2                                      9.4181004367530263e-01
3                                      1.1176462970969687e+00
4                                      1.1176462011177692e+00
   &COMPONENTS [&Type "ArrayOfIntegers", &Dim (5,4)] "The indices and atomic numbers of the bonding atoms"
                                                         0                           1                           2                           3

0                                                        0                           6                           1                           6
1                                                        0                           6                           4                           1
2                                                        0                           6                           5                           1
3                                                        1                           6                           2                          17
4                                                        1                           6                           3                          17
   &ATNO [&Type "ArrayOfIntegers", &Dim (6,1)] "Atomic number of the elements"
                                                         0

0                                                        6
1                                                        6
2                                                       17
3                                                       17
4                                                        1
5                                                        1
   &NA [&Type "ArrayOfDoubles", &Dim (6,1)] "Mulliken gross atomic population"
                                                         0

0                                      6.2944112996619097e+00
1                                      5.8855088181893214e+00
2                                      1.7064189107135203e+01
3                                      1.7064189271735046e+01
4                                      8.4585073085631735e-01
5                                      8.4585077242237638e-01
   &ZA [&Type "ArrayOfDoubles", &Dim (6,1)] "Total nuclear charge"
                                                         0

0                                      6.0000000000000000e+00
1                                      6.0000000000000000e+00
2                                      1.7000000000000000e+01
3                                      1.7000000000000000e+01
4                                      1.0000000000000000e+00
5                                      1.0000000000000000e+00
   &QA [&Type "ArrayOfDoubles", &Dim (6,1)] "Mulliken gross atomic charge"
                                                         0

0                                     -2.9441129966190971e-01
1                                      1.1449118181067863e-01
2                                     -6.4189107135202761e-02
3                                     -6.4189271735045850e-02
4                                      1.5414926914368265e-01
5                                      1.5414922757762362e-01
   &VA [&Type "ArrayOfDoubles", &Dim (6,1)] "Mayer's total valence"
                                                         0

0                                      3.8400195633587013e+00
1                                      4.0671178487504935e+00
2                                      1.2549162165107315e+00
3                                      1.2549158921862131e+00
4                                      9.7359802682598751e-01
5                                      9.7359802932012651e-01
   &BVA [&Type "ArrayOfDoubles", &Dim (6,1)] "Mayer's bonded valence"
                                                         0

0                                      3.8400195633586813e+00
1                                      4.0671178487504349e+00
2                                      1.2549162165106096e+00
3                                      1.2549158921862227e+00
4                                      9.7359802682598462e-01
5                                      9.7359802932012440e-01
   &FA [&Type "ArrayOfDoubles", &Dim (6,1)] "Mayer's free valence"
                                                         0

0                                      0.0000000000000000e+00
1                                      0.0000000000000000e+00
2                                      0.0000000000000000e+00
3                                      0.0000000000000000e+00
4                                      0.0000000000000000e+00
5                                      0.0000000000000000e+00
$End
$VdW_Correction
   &GeometryIndex 1
   &ListStatus       OUT
   &VDW [&Type "Double"]      -1.5023940197545736e-03
$End
$Calculation_Info
   &GeometryIndex 1
   &ListStatus       OUT
   &MULT [&Type "Integer"] 1
   &CHARGE [&Type "Integer"] 0
   &NUMOFATOMS [&Type "Integer"] 6
   &NUMOFELECTRONS [&Type "Integer"] 48
   &NUMOFFCELECTRONS [&Type "Integer"] 1
   &NUMOFCORRELECTRONS [&Type "Integer"] 0
   &NUMOFBASISFUNCTS [&Type "Integer"] 148
   &NUMOFAUXCBASISFUNCTS [&Type "Integer"] 0
   &NUMOFAUXJBASISFUNCTS [&Type "Integer"] 166
   &NUMOFAUXJKBASISFUNCTS [&Type "Integer"] 0
   &NUMOFCABSBASISFUNCTS [&Type "Integer"] 0
   &TOTALENERGY [&Type "Double"]      -9.9773319647083270e+02  "Hartrees"
$End
$SCF_Dipole_Moment
   &GeometryIndex 1
   &ListStatus       OUT
   &METHOD [&Type "String"] "SCF"
   &LEVEL [&Type "String"] "Relaxed density"
   &MULT [&Type "Integer"] 1
   &STATE [&Type "Integer"] -1
   &IRREP [&Type "Integer"] 0
   &NATOMS [&Type "Integer"] 6
   &DODIPOLEATOM [&Type "Boolean"] false
   &DIPOLEELECCONTRIB [&Type "ArrayOfDoubles", &Dim (3,1)] "Electronic contribution"
                                                         0

0                                     -1.2090115819914614e-04
1                                     -5.1577792537754101e+00
2                                     -8.8783210088607956e-03
   &DIPOLENUCCONTRIB [&Type "ArrayOfDoubles", &Dim (3,1)] "Nuclear contribution"
                                                         0

0                                      1.3330077807194307e-04
1                                      5.6757817509522939e+00
2                                      9.4612202979313890e-03
   &DIPOLETOTAL [&Type "ArrayOfDoubles", &Dim (3,1)] "Total"
                                                         0

0                                      1.2399619872796933e-05
1                                      5.1800249717688374e-01
2                                      5.8289928907059342e-04
   &DIPOLEMAGNITUDE [&Type "Double", &Units "a.u."]       5.1800282528845265e-01
$End
$THERMOCHEMISTRY_Energies
   &GeometryIndex 1
   &ListStatus       OUT
   &TEMPERATURE [&Type "Double"]       2.9814999999999998e+02
   &PRESSURE [&Type "Double"]       1.0000000000000000e+00
   &TOTALMASS [&Type "Double"]       9.6943999999999988e+01
   &SPINDEGENERACY [&Type "Integer"] 1
   &ELENERGY [&Type "Double"]      -9.9773319647083270e+02
   &TRANSENERGY [&Type "Double"]       1.4162714244859817e-03
   &ROTENERGY [&Type "Double"]       1.4162714244859817e-03
   &VIBENERGY [&Type "Double"]       1.4667211726691188e-03
   &NUMOFFREQS [&Type "Integer"] 18
   &FREQSCALINGFACTOR [&Type "Double"]       1.0000000000000000e+00
   &FREQ [&Type "ArrayOfDoubles", &Dim (18,1)] "In cm^-1"
                                                         0

0                                      0.0000000000000000e+00
1                                      0.0000000000000000e+00
2                                      0.0000000000000000e+00
3                                      0.0000000000000000e+00
4                                      0.0000000000000000e+00
5                                      0.0000000000000000e+00
6                                      3.0162853911101377e+02
7                                      3.8004499242559478e+02
8                                      4.8083622648338678e+02
9                                      5.8304509500173515e+02
10                                     6.9855670288653585e+02
11                                     7.2876778864266100e+02
12                                     8.7415216078248989e+02
13                                     1.0839263375562959e+03
14                                     1.3990166219038417e+03
15                                     1.6509523709855057e+03
16                                     3.1490353054577490e+03
17                                     3.2474992313425460e+03
   &ZPE [&Type "Double"]       3.3209900619842955e-02
   &INNERENERGYU [&Type "Double"]      -9.9769568730619142e+02
   &ENTHALPYH [&Type "Double"]      -9.9769474309714917e+02
   &QEL [&Type "Double"]       0.0000000000000000e+00
   &QROT [&Type "Double"]       1.2431916187337145e-02
   &QVIB [&Type "Double"]       2.1240494515506439e-03
   &QTRANS [&Type "Double"]       1.8827285737040268e-02
   &ENTROPYS [&Type "Double"]       3.3383251375928062e-02
   &FREEENERGYG [&Type "Double"]      -9.9772812634852505e+02
   &ISLINEAR [&Type "Boolean"] false
$End
$Hessian
   &GeometryIndex 1
   &ListStatus       OUT
   &HESSIAN [&Type "ArrayOfDoubles", &Dim (18,18)] "The Hessian"
                                                         0                           1                           2                           3                           4                           5                           6                           7

0                                      6.5414529060618321e-01         2.6612819670757126e-06         4.9791574447339311e-05        -8.2158377393921372e-02        -1.0568257257345354e-05        -3.1900657005649801e-06        -1.5423546185824267e-02         3.8066839282927124e-02
1                                      2.6612819670757126e-06         8.3110824703281894e-01         1.2831659210062072e-03        -1.0392270058779480e-05        -5.3796888414308430e-01        -1.1448987684468690e-03         1.6510354990273660e-02        -2.2757995944937152e-02
2                                      4.9791574447339311e-05         1.2831659210062072e-03         8.9159155472863266e-02        -3.3116867813610556e-06        -1.0937854411533835e-03        -4.4649566743062696e-02         1.3667798575644065e-05        -2.7817142033151660e-05
3                                     -8.2158377393921372e-02        -1.0392270058779480e-05        -3.3116867813610556e-06         2.8293632044092465e-01         1.0274076753644459e-05         1.3528721903934793e-05        -1.0027571228517312e-01         4.2881584957059585e-02
4                                     -1.0568257257345354e-05        -5.3796888414308430e-01        -1.0937854411533835e-03         1.0274076753644459e-05         7.2209715636806515e-01         1.3321661328415182e-03         5.9289230270705956e-02        -7.8338621178473455e-02
5                                     -3.1900657005649801e-06        -1.1448987684468690e-03        -4.4649566743062696e-02         1.3528721903934793e-05         1.3321661328415182e-03         9.3665041972302396e-02         8.3747442226389415e-05        -8.2018426962818413e-05
6                                     -1.5423546185824267e-02         1.6510354990273660e-02         1.3667798575644065e-05        -1.0027571228517312e-01         5.9289230270705956e-02         8.3747442226389415e-05         1.5857951780074470e-01        -7.9241715974196214e-02
7                                      3.8066839282927124e-02        -2.2757995944937152e-02        -2.7817142033151660e-05         4.2881584957059585e-02        -7.8338621178473455e-02        -8.2018426962818413e-05        -7.9241715974196214e-02         9.6818088275073641e-02
8                                      8.0525444846159792e-05        -6.3880560429502886e-05         6.5066054705520231e-03         3.6366718777398085e-05        -4.4579866033990033e-05        -2.7926052171571694e-02        -1.0012909141238592e-04         1.2726048121715285e-04
9                                     -1.5425761143056100e-02        -1.6510655663132978e-02        -1.7253913568676497e-05        -1.0027959807622672e-01        -5.9288289197775401e-02        -9.3465518009864374e-05        -4.5585915268856171e-02        -2.6706735296125605e-03
10                                    -3.8066899435099680e-02        -2.2755362649350304e-02        -3.4130722681723248e-05        -4.2880732238393546e-02        -7.8333714059207291e-02        -8.8427207314783273e-05         2.6731308315350102e-03         7.7013962493521909e-03
11                                    -8.4089984583829981e-05        -6.5403710719562924e-05         6.5065029124971689e-03        -4.5937223695900241e-05        -5.3240747950793950e-05        -2.7925945308648788e-02         3.7425299343242727e-06         1.9725264624747338e-06
12                                    -2.7056355467469939e-01         1.2850172663135462e-01         4.6754932464474348e-05        -1.1072598763041310e-04        -3.0267325135620582e-03        -2.3578121122740944e-05         2.2037931163647068e-03        -7.3276004109425414e-04
13                                     1.2160996551394515e-01        -1.2381916131472301e-01        -5.3419498105844763e-05         2.5930225553252525e-02        -1.3728500489652330e-02        -5.9202551131051447e-06         1.0587080849795267e-03        -3.9112271880979866e-03
14                                    -1.8231441476313808e-05         7.0727350324277077e-06        -2.8761224395296693e-02         6.2792153751113178e-05        -7.1263850223418930e-05         3.4182757286872791e-03         4.3464093957439549e-07        -2.8129481124938847e-05
15                                    -2.7057405120868205e-01        -1.2849379639337519e-01        -8.9632322411381337e-05        -1.1190669797299119e-04         3.0260453573074594e-03         2.2925676889100301e-05         5.0186282274416669e-04         1.6232787737876127e-03
16                                    -1.2160189696351073e-01        -1.2380684298072424e-01        -7.5082865198677388e-05        -2.5930919814785687e-02        -1.3727436497647721e-02        -1.0332219546399719e-05        -2.1626167216923578e-04         4.8835978708277293e-04
17                                    -2.4821910258829167e-05        -1.4985868276126562e-05        -2.8761472717553079e-02        -6.3406820141438970e-05        -6.9865482937474119e-05         3.4182465222935190e-03        -1.5628069601633269e-06         8.7137277949403242e-06
                                                         8                           9                          10                          11                          12                          13                          14                          15

0                                      8.0525444846159792e-05        -1.5425761143056100e-02        -3.8066899435099680e-02        -8.4089984583829981e-05        -2.7056355467469939e-01         1.2160996551394515e-01        -1.8231441476313808e-05        -2.7057405120868205e-01
1                                     -6.3880560429502886e-05        -1.6510655663132978e-02        -2.2755362649350304e-02        -6.5403710719562924e-05         1.2850172663135462e-01        -1.2381916131472301e-01         7.0727350324277077e-06        -1.2849379639337519e-01
2                                      6.5066054705520231e-03        -1.7253913568676497e-05        -3.4130722681723248e-05         6.5065029124971689e-03         4.6754932464474348e-05        -5.3419498105844763e-05        -2.8761224395296693e-02        -8.9632322411381337e-05
3                                      3.6366718777398085e-05        -1.0027959807622672e-01        -4.2880732238393546e-02        -4.5937223695900241e-05        -1.1072598763041310e-04         2.5930225553252525e-02         6.2792153751113178e-05        -1.1190669797299119e-04
4                                     -4.4579866033990033e-05        -5.9288289197775401e-02        -7.8333714059207291e-02        -5.3240747950793950e-05        -3.0267325135620582e-03        -1.3728500489652330e-02        -7.1263850223418930e-05         3.0260453573074594e-03
5                                     -2.7926052171571694e-02        -9.3465518009864374e-05        -8.8427207314783273e-05        -2.7925945308648788e-02        -2.3578121122740944e-05        -5.9202551131051447e-06         3.4182757286872791e-03         2.2925676889100301e-05
6                                     -1.0012909141238592e-04        -4.5585915268856171e-02         2.6731308315350102e-03         3.7425299343242727e-06         2.2037931163647068e-03         1.0587080849795267e-03         4.3464093957439549e-07         5.0186282274416669e-04
7                                      1.2726048121715285e-04        -2.6706735296125605e-03         7.7013962493521909e-03         1.9725264624747338e-06        -7.3276004109425414e-04        -3.9112271880979866e-03        -2.8129481124938847e-05         1.6232787737876127e-03
8                                      1.4136979816070035e-02        -1.0990612107889638e-05         2.9450967345876590e-06         4.1098790334345037e-03        -7.9660010602055483e-07        -2.5233136657050988e-05         7.4007058276809555e-03        -4.8763733006446629e-06
9                                     -1.0990612107889638e-05         1.5858570491764484e-01         7.9238813727340179e-02         1.2065248254355992e-04         5.0179546475060711e-04         2.1625993292934478e-04         2.7674180714790661e-06         2.2037741057435436e-03
10                                     2.9450967345876590e-06         7.9238813727340179e-02         9.6810447383545176e-02         1.3908081104910746e-04        -1.6232581589193098e-03         4.8844801820980589e-04         8.8172986110860369e-06         7.3247897702035346e-04
11                                     4.1098790334345037e-03         1.2065248254355992e-04         1.3908081104910746e-04         1.4137009089627454e-02         6.0824486598634171e-06         3.2888267913224240e-06        -4.2281090657871074e-03        -5.1521269738460289e-07
12                                    -7.9660010602055483e-07         5.0179546475060711e-04        -1.6232581589193098e-03         6.0824486598634171e-06         2.8062020578112512e-01        -1.3596759913726769e-01        -3.7259847514074698e-05        -1.2651513699910660e-02
13                                    -2.5233136657050988e-05         2.1625993292934478e-04         4.8844801820980589e-04         3.2888267913224240e-06        -1.3596759913726769e-01         1.3079547638864852e-01         7.5541355830072778e-05        -1.2952054881124418e-02
14                                     7.4007058276809555e-03         2.7674180714790661e-06         8.8172986110860369e-06        -4.2281090657871074e-03        -3.7259847514074698e-05         7.5541355830072778e-05         2.0287962715812676e-02        -1.1055623111621215e-05
15                                    -4.8763733006446629e-06         2.2037741057435436e-03         7.3247897702035346e-04        -5.1521269738460289e-07        -1.2651513699910660e-02        -1.2952054881124418e-02        -1.1055623111621215e-05         2.8063183467807806e-01
16                                     3.5062998151444518e-06        -1.0589889732315902e-03        -3.9112149425495710e-03        -2.5657326864477578e-05         1.2953118152774248e-02         1.0174964585615009e-02         8.1961317278355613e-06         1.3595949871865359e-01
17                                    -4.2281179761658244e-03        -1.6448970892412808e-06        -2.8325655166344778e-05         7.4006633388767652e-03         9.3498869583415097e-06         5.5085174015414046e-06         1.8823891889028889e-03         8.2620201061631379e-05
                                                        16                          17

0                                     -1.2160189696351073e-01        -2.4821910258829167e-05
1                                     -1.2380684298072424e-01        -1.4985868276126562e-05
2                                     -7.5082865198677388e-05        -2.8761472717553079e-02
3                                     -2.5930919814785687e-02        -6.3406820141438970e-05
4                                     -1.3727436497647721e-02        -6.9865482937474119e-05
5                                     -1.0332219546399719e-05         3.4182465222935190e-03
6                                     -2.1626167216923578e-04        -1.5628069601633269e-06
7                                      4.8835978708277293e-04         8.7137277949403242e-06
8                                      3.5062998151444518e-06        -4.2281179761658244e-03
9                                     -1.0589889732315902e-03        -1.6448970892412808e-06
10                                    -3.9112149425495710e-03        -2.8325655166344778e-05
11                                    -2.5657326864477578e-05         7.4006633388767652e-03
12                                     1.2953118152774248e-02         9.3498869583415097e-06
13                                     1.0174964585615009e-02         5.5085174015414046e-06
14                                     8.1961317278355613e-06         1.8823891889028889e-03
15                                     1.3595949871865359e-01         8.2620201061631379e-05
16                                     1.3078217004822373e-01         9.9162370625019197e-05
17                                     9.9162370625019197e-05         2.0288291643645734e-02
   &MODES [&Type "ArrayOfDoubles", &Dim (18,18)] "The modes of vibrations"
                                                         0                           1                           2                           3                           4                           5                           6                           7

0                                      0.0000000000000000e+00         0.0000000000000000e+00         0.0000000000000000e+00         0.0000000000000000e+00         0.0000000000000000e+00         0.0000000000000000e+00        -2.2201691666846852e-06         1.7170876710469354e-01
1                                      0.0000000000000000e+00         0.0000000000000000e+00         0.0000000000000000e+00         0.0000000000000000e+00         0.0000000000000000e+00         0.0000000000000000e+00        -8.3358901026570689e-02        -3.7676055006793024e-06
2                                      0.0000000000000000e+00         0.0000000000000000e+00         0.0000000000000000e+00         0.0000000000000000e+00         0.0000000000000000e+00         0.0000000000000000e+00        -1.5894075721648222e-04         1.3546200053619595e-05
3                                      0.0000000000000000e+00         0.0000000000000000e+00         0.0000000000000000e+00         0.0000000000000000e+00         0.0000000000000000e+00         0.0000000000000000e+00        -1.3284511216643234e-06        -4.1149268484414497e-02
4                                      0.0000000000000000e+00         0.0000000000000000e+00         0.0000000000000000e+00         0.0000000000000000e+00         0.0000000000000000e+00         0.0000000000000000e+00        -8.0311594516711979e-02         1.1459907379384328e-06
5                                      0.0000000000000000e+00         0.0000000000000000e+00         0.0000000000000000e+00         0.0000000000000000e+00         0.0000000000000000e+00         0.0000000000000000e+00        -1.3276429455426117e-04        -2.8163889672085795e-06
6                                      0.0000000000000000e+00         0.0000000000000000e+00         0.0000000000000000e+00         0.0000000000000000e+00         0.0000000000000000e+00         0.0000000000000000e+00         1.0362380135426841e-01        -3.0766361340515157e-02
7                                      0.0000000000000000e+00         0.0000000000000000e+00         0.0000000000000000e+00         0.0000000000000000e+00         0.0000000000000000e+00         0.0000000000000000e+00         3.0059019663802245e-02         6.1745969719603028e-02
8                                      0.0000000000000000e+00         0.0000000000000000e+00         0.0000000000000000e+00         0.0000000000000000e+00         0.0000000000000000e+00         0.0000000000000000e+00         6.0785196358575946e-05         1.1850753979065039e-04
9                                      0.0000000000000000e+00         0.0000000000000000e+00         0.0000000000000000e+00         0.0000000000000000e+00         0.0000000000000000e+00         0.0000000000000000e+00        -1.0362244626500869e-01        -3.0769916792407075e-02
10                                     0.0000000000000000e+00         0.0000000000000000e+00         0.0000000000000000e+00         0.0000000000000000e+00         0.0000000000000000e+00         0.0000000000000000e+00         3.0063946530592561e-02        -6.1744705255190054e-02
11                                     0.0000000000000000e+00         0.0000000000000000e+00         0.0000000000000000e+00         0.0000000000000000e+00         0.0000000000000000e+00         0.0000000000000000e+00         4.4132130642337297e-05        -1.2350516656513841e-04
12                                     0.0000000000000000e+00         0.0000000000000000e+00         0.0000000000000000e+00         0.0000000000000000e+00         0.0000000000000000e+00         0.0000000000000000e+00         8.6920691585463006e-04         3.0431878258114031e-01
13                                     0.0000000000000000e+00         0.0000000000000000e+00         0.0000000000000000e+00         0.0000000000000000e+00         0.0000000000000000e+00         0.0000000000000000e+00        -8.2189935225717450e-02         2.2424410353282642e-01
14                                     0.0000000000000000e+00         0.0000000000000000e+00         0.0000000000000000e+00         0.0000000000000000e+00         0.0000000000000000e+00         0.0000000000000000e+00        -1.0660415561046314e-04         5.1327816955695868e-04
15                                     0.0000000000000000e+00         0.0000000000000000e+00         0.0000000000000000e+00         0.0000000000000000e+00         0.0000000000000000e+00         0.0000000000000000e+00        -8.7458340518084868e-04         3.0430773598862271e-01
16                                     0.0000000000000000e+00         0.0000000000000000e+00         0.0000000000000000e+00         0.0000000000000000e+00         0.0000000000000000e+00         0.0000000000000000e+00        -8.2188237908718043e-02        -2.2425733849504631e-01
17                                     0.0000000000000000e+00         0.0000000000000000e+00         0.0000000000000000e+00         0.0000000000000000e+00         0.0000000000000000e+00         0.0000000000000000e+00        -1.0764645683524740e-04        -4.6535644229787161e-04
                                                         8                           9                          10                          11                          12                          13                          14                          15

0                                      5.5060680332303244e-06         3.2337431311873810e-06         1.8675500155233241e-04         5.3282513142407291e-02         1.2496902448040211e-05         1.2930387803707866e-01         3.1650246479227359e-07        -4.3661560091069758e-06
1                                      3.2423232398128482e-04         1.5768360697300532e-01        -3.7568078606043405e-06        -1.1457054911502101e-06         2.2477445897810554e-04        -2.8933216056806907e-06         4.7316905366225016e-04        -1.9186357923162292e-01
2                                     -6.7415695349697519e-02         3.5343188884374207e-04        -2.3500712522271633e-06         4.6018574526097182e-06        -1.4289147837655328e-01         1.1183172318975401e-05         6.0344499640257319e-05        -4.1273965408267075e-04
3                                     -1.7720507778940778e-05         3.3204408329064946e-06         1.4767561187359771e-04         2.1918688617533635e-01        -5.0583351937642122e-06        -1.4862316874868697e-01        -2.7802774678973967e-06         4.4364058607261089e-06
4                                     -4.3649731660500864e-04         1.3061110812881060e-01        -2.3728533512353168e-06        -5.0401016928520542e-06        -6.5927877225487245e-05         3.5926835770976264e-06        -1.1000622660663176e-01         1.9305459873514172e-01
5                                      2.6016976488555432e-01         2.7888969942786382e-05         1.5406466353294412e-06         1.4371050626160884e-05         4.1029422970733802e-02        -1.1749817794124168e-05        -2.1476846663719725e-04         4.2037242653965881e-04
6                                      4.2128538801184984e-05         5.7905286907502761e-02        -4.0664856971607049e-05        -4.2704397355730270e-02         6.4923317991236220e-07         8.0142497773774447e-03        -2.3448943738472944e-03         2.5990440866862996e-03
7                                      7.7791730947131874e-06        -5.3549136647986731e-02        -5.3634612587335109e-07         2.6294668548608117e-02        -9.5912785495994139e-06        -2.9587127270991982e-04         2.4070803514612887e-03        -3.3303289771450520e-03
8                                     -2.6956440243709159e-02        -6.9916863443591961e-05         1.2762624914681752e-02         2.1013578728051935e-05         9.2492964734102969e-05         6.9184526854086224e-06         3.0740991724432798e-06        -8.5782743835132287e-07
9                                     -3.8834547910220363e-05        -5.7907673316905092e-02        -3.5899477356901359e-05        -4.2705141542628215e-02        -1.6703795394795192e-07         8.0141865635570755e-03         2.3450021856954708e-03        -2.5992065750477166e-03
10                                     7.3232223186463441e-06        -5.3546158818777313e-02         2.8846296018232521e-06        -2.6292708865629979e-02        -9.3230194871407849e-06         2.9551193948292997e-04         2.4069918892496182e-03        -3.3302089054781979e-03
11                                    -2.6956364530712752e-02        -7.9786555815040977e-05        -1.2762807829862933e-02        -2.7216424877914479e-05         9.2881410125318439e-05        -5.8029706895659426e-06         3.4317171595508918e-06        -1.2149597972578567e-06
12                                     4.0857785019375925e-05         1.0625156862040421e-03        -7.0640111280339060e-04        -1.2133954674271349e-01        -2.9466802673636539e-04        -1.6678439036478640e-01         3.1781823243278146e-01         2.0476449524823653e-01
13                                     3.9899152776604990e-04         1.6574397832715584e-01        -1.7568696949921598e-03        -2.9950341659258334e-01        -6.1211320787254303e-04        -4.8449877662765883e-01         5.6791132260192989e-01         1.1002959191044964e-01
14                                    -2.0029938377064696e-01         3.7662401395779661e-04         7.0022148302594589e-01        -1.3207281771920160e-03         6.0360731764927289e-01        -1.3898533500772093e-03         8.3436684056747859e-04         7.5134663252942727e-06
15                                    -1.1169514455266913e-05        -1.0566793082803141e-03        -5.8567304682973712e-04        -1.2132471183061516e-01         1.8907288919983392e-04        -1.6675941207372966e-01        -3.1779266680965762e-01        -2.0475961734257228e-01
16                                     4.0754577562058017e-04         1.6574579061656897e-01         1.7473157929510101e-03         2.9950819941943208e-01        -6.1540433690345658e-04         4.8450308159220029e-01         5.6793019636512665e-01         1.1004056116085763e-01
17                                    -2.0029432806228514e-01         3.4499353375201484e-04        -7.0020540476107329e-01         1.3128173692723440e-03         6.0362787061204315e-01         1.3573719965091025e-03         7.7687875584329762e-04        -2.5559799774570660e-05
                                                        16                          17

0                                      5.6133724700971782e-06        -9.4649331937730036e-02
1                                      6.5701922422553932e-02         5.0885545758287700e-06
2                                      5.4343626848541950e-05        -8.3909664655391200e-06
3                                     -5.4438412383983838e-08        -2.2581061955517529e-03
4                                     -7.8052317590036040e-03        -2.7106243715874498e-07
5                                     -2.4535569570101157e-05        -1.9264652365792922e-07
6                                      1.0319567164243008e-04         1.9985814996135884e-04
7                                     -8.8401020450809716e-05        -1.1431471466278367e-04
8                                     -1.3559262438938102e-07        -1.0028737312804029e-06
9                                     -1.0321810543701479e-04         1.9985238208952152e-04
10                                    -8.8402383198214654e-05         1.1429872989973128e-04
11                                    -8.1007168921693283e-08         1.0344068316201068e-06
12                                     5.9419113560241443e-01         5.7034692940653742e-01
13                                    -3.4182919339460521e-01        -3.4259293949528163e-01
14                                    -1.2294401800728652e-04        -1.2612079409856733e-04
15                                    -5.9425658501873169e-01         5.7031210028200197e-01
16                                    -3.4183046979025039e-01         3.4253609803667745e-01
17                                    -2.2462092594011313e-04         2.2729126295472219e-04
$End
