*************************************************
******************* ORCA 6.0.0 ******************
*************************************************
$Calculation_Status
   &GeometryIndex 1
   &ListStatus       OUT
   &VERSION [&Type "String"] "6.0.0"
   &PROGNAME [&Type "String"] "LeanSCF"
   &STATUS [&Type "String"] "NORMAL TERMINATION"
$End
$Geometry
   &GeometryIndex 1
   &ListStatus       OUT
   &NATOMS [&Type "Integer"] 6
   &NCORELESSECP [&Type "Integer"] 0
   &NGHOSTATOMS [&Type "Integer"] 0
   &CartesianCoordinates [&Type "Coordinates", &Dim(6,4), &Units "Bohr"] 
              C      0.000100157375    3.424120314858    0.000069113899
              C      0.000036077895    0.919388738723    0.000266002575
              Cl     2.756491052376   -0.869463781477   -0.000069131473
              Cl    -2.756522451120   -0.869315884329   -0.000112630512
              H     -1.766863623253    4.454297453914   -0.000028005930
              H      1.767117516085    4.454206094537    0.000001878766
$End
$SCF_Energy
   &GeometryIndex 1
   &ListStatus       OUT
   &SCF_ENERGY [&Type "Double"]      -9.9773579933487133e+02
$End
$DFT_Energy
   &GeometryIndex 1
   &ListStatus       OUT
   &NALPHAEL [&Type "Integer"] 24
   &NBETAEL [&Type "Integer"] 24
   &NTOTALEL [&Type "Integer"] 48
   &EEXCHANGE [&Type "Double"]      -6.6206391627371318e+01
   &ECORR [&Type "Double"]      -1.7668491969212101e+00
   &ECNL [&Type "Double"]       0.0000000000000000e+00
   &EXC [&Type "Double"]      -6.7973240824292532e+01
   &EEMBED [&Type "Double"]       0.0000000000000000e+00
   &FINALEN [&Type "Double"]      -9.9773579933487133e+02  "No Van der Waals correction"
$End
$Mulliken_Population_Analysis
   &GeometryIndex 1
   &ListStatus       OUT
   &NATOMS [&Type "Integer"] 6
   &ATNO [&Type "ArrayOfIntegers", &Dim (6,1)] 
                                                         0

0                                                        6
1                                                        6
2                                                       17
3                                                       17
4                                                        1
5                                                        1
   &ATOMICCHARGES [&Type "ArrayOfDoubles", &Dim (6,1)] 
                                                         0

0                                     -2.9497923438178120e-01
1                                      1.1296725677642527e-01
2                                     -6.2533982488808704e-02
3                                     -6.2536140040275967e-02
4                                      1.5354118225303637e-01
5                                      1.5354091788145163e-01
$End
$Loewdin_Population_Analysis
   &GeometryIndex 1
   &ListStatus       OUT
   &NATOMS [&Type "Integer"] 6
   &ATNO [&Type "ArrayOfIntegers", &Dim (6,1)] 
                                                         0

0                                                        6
1                                                        6
2                                                       17
3                                                       17
4                                                        1
5                                                        1
   &ATOMICCHARGES [&Type "ArrayOfDoubles", &Dim (6,1)] 
                                                         0

0                                     -2.4358928393441026e-01
1                                     -8.0564566422552186e-01
2                                      3.9032763928318914e-01
3                                      3.9032350159541096e-01
4                                      1.3429190587731399e-01
5                                      1.3429190140406289e-01
$End
$Mayer_Population_Analysis
   &GeometryIndex 1
   &ListStatus       OUT
   &NATOMS [&Type "Integer"] 6 "Total number of atoms"
   &BONDTHRESH [&Type "Double"]       1.0000000000000001e-01  "The threshold for printing"
   &NBONDORDERSPRINT [&Type "Integer"] 5 "The number of bond orders larger than threshold"
   &BONDORDERS [&Type "ArrayOfDoubles", &Dim (5,1)] "The bond orders"
                                                         0

0                                      1.8216446967753237e+00
1                                      9.4281546007228323e-01
2                                      9.4281533762892655e-01
3                                      1.1204463756577190e+00
4                                      1.1204435438563949e+00
   &COMPONENTS [&Type "ArrayOfIntegers", &Dim (5,4)] "The indices and atomic numbers of the bonding atoms"
                                                         0                           1                           2                           3

0                                                        0                           6                           1                           6
1                                                        0                           6                           4                           1
2                                                        0                           6                           5                           1
3                                                        1                           6                           2                          17
4                                                        1                           6                           3                          17
   &ATNO [&Type "ArrayOfIntegers", &Dim (6,1)] "Atomic number of the elements"
                                                         0

0                                                        6
1                                                        6
2                                                       17
3                                                       17
4                                                        1
5                                                        1
   &NA [&Type "ArrayOfDoubles", &Dim (6,1)] "Mulliken gross atomic population"
                                                         0

0                                      6.2949792343817608e+00
1                                      5.8870327432235641e+00
2                                      1.7062533982488823e+01
3                                      1.7062536140040205e+01
4                                      8.4645881774696397e-01
5                                      8.4645908211854881e-01
   &ZA [&Type "ArrayOfDoubles", &Dim (6,1)] "Total nuclear charge"
                                                         0

0                                      6.0000000000000000e+00
1                                      6.0000000000000000e+00
2                                      1.7000000000000000e+01
3                                      1.7000000000000000e+01
4                                      1.0000000000000000e+00
5                                      1.0000000000000000e+00
   &QA [&Type "ArrayOfDoubles", &Dim (6,1)] "Mulliken gross atomic charge"
                                                         0

0                                     -2.9497923438176077e-01
1                                      1.1296725677643593e-01
2                                     -6.2533982488822915e-02
3                                     -6.2536140040204913e-02
4                                      1.5354118225303603e-01
5                                      1.5354091788145119e-01
   &VA [&Type "ArrayOfDoubles", &Dim (6,1)] "Mayer's total valence"
                                                         0

0                                      3.8394477043605271e+00
1                                      4.0678069926909544e+00
2                                      1.2582053056034923e+00
3                                      1.2582018596301356e+00
4                                      9.7402416397232716e-01
5                                      9.7402418120594692e-01
   &BVA [&Type "ArrayOfDoubles", &Dim (6,1)] "Mayer's bonded valence"
                                                         0

0                                      3.8394477043604445e+00
1                                      4.0678069926908806e+00
2                                      1.2582053056034994e+00
3                                      1.2582018596302653e+00
4                                      9.7402416397233349e-01
5                                      9.7402418120594780e-01
   &FA [&Type "ArrayOfDoubles", &Dim (6,1)] "Mayer's free valence"
                                                         0

0                                      0.0000000000000000e+00
1                                      0.0000000000000000e+00
2                                      0.0000000000000000e+00
3                                      0.0000000000000000e+00
4                                      0.0000000000000000e+00
5                                      0.0000000000000000e+00
$End
$VdW_Correction
   &GeometryIndex 1
   &ListStatus       OUT
   &VDW [&Type "Double"]      -1.5033449832653001e-03
$End
$Calculation_Info
   &GeometryIndex 1
   &ListStatus       OUT
   &MULT [&Type "Integer"] 1
   &CHARGE [&Type "Integer"] 0
   &NUMOFATOMS [&Type "Integer"] 6
   &NUMOFELECTRONS [&Type "Integer"] 48
   &NUMOFFCELECTRONS [&Type "Integer"] 1
   &NUMOFCORRELECTRONS [&Type "Integer"] 0
   &NUMOFBASISFUNCTS [&Type "Integer"] 148
   &NUMOFAUXCBASISFUNCTS [&Type "Integer"] 0
   &NUMOFAUXJBASISFUNCTS [&Type "Integer"] 166
   &NUMOFAUXJKBASISFUNCTS [&Type "Integer"] 0
   &NUMOFCABSBASISFUNCTS [&Type "Integer"] 0
   &TOTALENERGY [&Type "Double"]      -9.9773333018245455e+02  "Hartrees"
$End
$SCF_Dipole_Moment
   &GeometryIndex 1
   &ListStatus       OUT
   &METHOD [&Type "String"] "SCF"
   &LEVEL [&Type "String"] "Relaxed density"
   &MULT [&Type "Integer"] 1
   &STATE [&Type "Integer"] -1
   &IRREP [&Type "Integer"] 0
   &NATOMS [&Type "Integer"] 6
   &DODIPOLEATOM [&Type "Boolean"] false
   &DIPOLEELECCONTRIB [&Type "ArrayOfDoubles", &Dim (3,1)] "Electronic contribution"
                                                         0

0                                     -1.3285096653266088e-04
1                                     -5.1498143772513840e+00
2                                     -1.5348135237206169e-04
   &DIPOLENUCCONTRIB [&Type "ArrayOfDoubles", &Dim (3,1)] "Nuclear contribution"
                                                         0

0                                      1.5178584811992302e-04
1                                      5.6555403918456069e+00
2                                      1.0534241052570159e-04
   &DIPOLETOTAL [&Type "ArrayOfDoubles", &Dim (3,1)] "Total"
                                                         0

0                                      1.8934881587262141e-05
1                                      5.0572601459422284e-01
2                                     -4.8138941846360105e-05
   &DIPOLEMAGNITUDE [&Type "Double", &Units "a.u."]       5.0572601723981292e-01
$End
$THERMOCHEMISTRY_Energies
   &GeometryIndex 1
   &ListStatus       OUT
   &TEMPERATURE [&Type "Double"]       2.9814999999999998e+02
   &PRESSURE [&Type "Double"]       1.0000000000000000e+00
   &TOTALMASS [&Type "Double"]       9.6943999999999988e+01
   &SPINDEGENERACY [&Type "Integer"] 1
   &ELENERGY [&Type "Double"]      -9.9773333018245455e+02
   &TRANSENERGY [&Type "Double"]       1.4162714244859817e-03
   &ROTENERGY [&Type "Double"]       1.4162714244859817e-03
   &VIBENERGY [&Type "Double"]       1.4624342713325216e-03
   &NUMOFFREQS [&Type "Integer"] 18
   &FREQSCALINGFACTOR [&Type "Double"]       1.0000000000000000e+00
   &FREQ [&Type "ArrayOfDoubles", &Dim (18,1)] "In cm^-1"
                                                         0

0                                      0.0000000000000000e+00
1                                      0.0000000000000000e+00
2                                      0.0000000000000000e+00
3                                      0.0000000000000000e+00
4                                      0.0000000000000000e+00
5                                      0.0000000000000000e+00
6                                      3.0123627319176120e+02
7                                      3.8179703552026444e+02
8                                      4.8159544396104440e+02
9                                      5.8822628671314590e+02
10                                     6.9248209781890432e+02
11                                     7.3839396483556266e+02
12                                     8.6645296066970991e+02
13                                     1.0871294782404532e+03
14                                     1.3967324570814378e+03
15                                     1.6423383765829344e+03
16                                     3.1599141518460556e+03
17                                     3.2610932320004272e+03
   &ZPE [&Type "Double"]       3.3255305379804305e-02
   &INNERENERGYU [&Type "Double"]      -9.9769577989995446e+02
   &ENTHALPYH [&Type "Double"]      -9.9769483569091221e+02
   &QEL [&Type "Double"]       0.0000000000000000e+00
   &QROT [&Type "Double"]       1.2427829301915945e-02
   &QVIB [&Type "Double"]       2.1170849754754387e-03
   &QTRANS [&Type "Double"]       1.8827285737040268e-02
   &ENTROPYS [&Type "Double"]       3.3372200014431655e-02
   &FREEENERGYG [&Type "Double"]      -9.9772820789092668e+02
   &ISLINEAR [&Type "Boolean"] false
$End
$Hessian
   &GeometryIndex 1
   &ListStatus       OUT
   &HESSIAN [&Type "ArrayOfDoubles", &Dim (18,18)] "The Hessian"
                                                         0                           1                           2                           3                           4                           5                           6                           7

0                                      6.6125768804249541e-01         3.6200521187496060e-06         4.8125806112433360e-06        -8.3135495585148322e-02        -1.1557795464292788e-05        -3.0158876832491635e-07        -1.5715618680546897e-02         3.8458984566541746e-02
1                                      3.6200521187496060e-06         8.2381542411288744e-01        -4.4414847026872543e-05        -1.1296704056552779e-05        -5.3035528409324129e-01         2.8132897930375482e-05         1.6729922519276866e-02        -2.2909021871218186e-02
2                                      4.8125806112433360e-06        -4.4414847026872543e-05         8.8994171116457479e-02        -3.1040801258077425e-07         3.2248755437842964e-05        -4.5663793136707639e-02         2.5402607544535652e-06        -2.7887497461157436e-06
3                                     -8.3135495585148322e-02        -1.1296704056552779e-05        -3.1040801258077425e-07         2.9108645847363646e-01         9.4951262482913246e-06         1.3432978873832496e-06        -1.0388273148699263e-01         4.5115391120244763e-02
4                                     -1.1557795464292788e-05        -5.3035528409324129e-01         3.2248755437842964e-05         9.4951262482913246e-06         7.1653567078768543e-01        -1.7370519701008510e-05         6.1578730558637301e-02        -7.9431471117847860e-02
5                                     -3.0158876832491635e-07         2.8132897930375482e-05        -4.5663793136707639e-02         1.3432978873832496e-06        -1.7370519701008510e-05         9.3945820977799036e-02         3.9378641970885222e-06        -4.8885024336175291e-06
6                                     -1.5715618680546897e-02         1.6729922519276866e-02         2.5402607544535652e-06        -1.0388273148699263e-01         6.1578730558637301e-02         3.9378641970885222e-06         1.6228977574636910e-01        -8.1890001486152775e-02
7                                      3.8458984566541746e-02        -2.2909021871218186e-02        -2.7887497461157436e-06         4.5115391120244763e-02        -7.9431471117847860e-02        -4.8885024336175291e-06        -8.1890001486152775e-02         9.8173413247981373e-02
8                                      7.9637464923292173e-07         2.0767583730673661e-06         6.6364602604444788e-03         7.4325382480766559e-06        -9.9275086150878363e-06        -2.7569059713097473e-02        -6.7647685310837041e-06         7.1469321473093533e-06
9                                     -1.5718306116083523e-02        -1.6730366869118912e-02        -2.8973467562517322e-06        -1.0388535305946583e-01        -6.1575967067122886e-02        -4.9201438659218004e-06        -4.5389808837540749e-02        -2.7490938166011905e-03
10                                    -3.8459040592254634e-02        -2.2906115890576614e-02        -3.4085817190095466e-06        -4.5112771871452455e-02        -7.9424508456183970e-02        -5.5434064794473372e-06         2.7519577573424901e-03         7.7260453919010992e-03
11                                    -1.1526600485492809e-06         1.9328848258552967e-06         6.6364509348524094e-03        -8.4056148040139307e-06        -1.0805609128624862e-05        -2.7568914993643237e-02         4.8274366946442177e-07         1.9324932662631448e-07
12                                    -2.7333787601908205e-01         1.2949781464191781e-01        -1.2595112502997899e-05        -9.0799228985640260e-05        -3.0606877407476640e-03         1.3389226291344400e-06         2.1934245169674994e-03        -6.8437411998966812e-04
13                                     1.2245121342312965e-01        -1.2382905592452703e-01         1.0215817621732118e-05         2.6034115322227755e-02        -1.3662791969903125e-02         8.1392793006431716e-09         1.1122640078224271e-03        -3.9886313497322521e-03
14                                    -1.2051311487163798e-05         7.1952270646219747e-06        -2.8301606048153329e-02        -2.5051699914175303e-06         2.9024408904086200e-06         3.4279480701412297e-03         3.9944314822863661e-07         6.1750828265107515e-08
15                                    -2.7335039164163460e-01        -1.2948981998573011e-01         8.4514734263393445e-06        -9.2079113044042996e-05         3.0599348915457888e-03        -1.4002724240532630e-06         5.0495874174370271e-04         1.6725096641513710e-03
16                                    -1.2244309330847908e-01        -1.2381594633332432e-01         8.1377153773657728e-06        -2.6034880966308342e-02        -1.3661615150509131e-02        -4.1896290906089633e-07        -2.0628928512053668e-04         4.2966569891581853e-04
17                                     7.8951575233558974e-06         5.0869688880094067e-06        -2.8301683126893403e-02         2.4472770172460980e-06         3.0327954299277724e-06         3.4279987955080880e-03        -5.0681894137878112e-07         2.2808832003134061e-07
                                                         8                           9                          10                          11                          12                          13                          14                          15

0                                      7.9637464923292173e-07        -1.5718306116083523e-02        -3.8459040592254634e-02        -1.1526600485492809e-06        -2.7333787601908205e-01         1.2245121342312965e-01        -1.2051311487163798e-05        -2.7335039164163460e-01
1                                      2.0767583730673661e-06        -1.6730366869118912e-02        -2.2906115890576614e-02         1.9328848258552967e-06         1.2949781464191781e-01        -1.2382905592452703e-01         7.1952270646219747e-06        -1.2948981998573011e-01
2                                      6.6364602604444788e-03        -2.8973467562517322e-06        -3.4085817190095466e-06         6.6364509348524094e-03        -1.2595112502997899e-05         1.0215817621732118e-05        -2.8301606048153329e-02         8.4514734263393445e-06
3                                      7.4325382480766559e-06        -1.0388535305946583e-01        -4.5112771871452455e-02        -8.4056148040139307e-06        -9.0799228985640260e-05         2.6034115322227755e-02        -2.5051699914175303e-06        -9.2079113044042996e-05
4                                     -9.9275086150878363e-06        -6.1575967067122886e-02        -7.9424508456183970e-02        -1.0805609128624862e-05        -3.0606877407476640e-03        -1.3662791969903125e-02         2.9024408904086200e-06         3.0599348915457888e-03
5                                     -2.7569059713097473e-02        -4.9201438659218004e-06        -5.5434064794473372e-06        -2.7568914993643237e-02         1.3389226291344400e-06         8.1392793006431716e-09         3.4279480701412297e-03        -1.4002724240532630e-06
6                                     -6.7647685310837041e-06        -4.5389808837540749e-02         2.7519577573424901e-03         4.8274366946442177e-07         2.1934245169674994e-03         1.1122640078224271e-03         3.9944314822863661e-07         5.0495874174370271e-04
7                                      7.1469321473093533e-06        -2.7490938166011905e-03         7.7260453919010992e-03         1.9324932662631448e-07        -6.8437411998966812e-04        -3.9886313497322521e-03         6.1750828265107515e-08         1.6725096641513710e-03
8                                      1.3679737132396636e-02        -1.1873153472102983e-06         2.9185613305098982e-07         4.0558306995096783e-03        -4.5362707259962514e-07         8.1941991118763999e-07         7.4141875693602014e-03         8.8073756811389946e-08
9                                     -1.1873153472102983e-06         1.6229518422665712e-01         8.1885048576409158e-02         8.8101394801694750e-06         5.0487622759963317e-04         2.0628694687007884e-04         6.2525522513805839e-07         2.1934075588333833e-03
10                                     2.9185613305098982e-07         8.1885048576409158e-02         9.8163446968637325e-02         8.3344909792810032e-06        -1.6725371831375641e-03         4.2973620146015239e-04         2.3835233420084465e-07         6.8403504183165700e-04
11                                     4.0558306995096783e-03         8.8101394801694750e-06         8.3344909792810032e-06         1.3679608733200510e-02         3.0158606596000042e-08        -3.8269346026066904e-07        -4.2171561610499951e-03         3.2597226360723877e-07
12                                    -4.5362707259962514e-07         5.0487622759963317e-04        -1.6725371831375641e-03         3.0158606596000042e-08         2.8318817498455234e-01        -1.3694262489264403e-01         1.2684364636100535e-05        -1.2457800481051835e-02
13                                     8.1941991118763999e-07         2.0628694687007884e-04         4.2973620146015239e-04        -3.8269346026066904e-07        -1.3694262489264403e-01         1.3084688973781977e-01        -9.8116925164784592e-06        -1.2965127167826062e-02
14                                     7.4141875693602014e-03         6.2525522513805839e-07         2.3835233420084465e-07        -4.2171561610499951e-03         1.2684364636100535e-05        -9.8116925164784592e-06         1.9878076553627940e-02         8.6213601019622719e-07
15                                     8.8073756811389946e-08         2.1934075588333833e-03         6.8403504183165700e-04         3.2597226360723877e-07        -1.2457800481051835e-02        -1.2965127167826062e-02         8.6213601019622719e-07         2.8320190493515335e-01
16                                    -3.6022639202635371e-07        -1.1125994991749099e-03        -3.9886042152379887e-03         7.7632621542068241e-07         1.2966281655021280e-02         1.0203853304882531e-02        -5.8776543059870541e-07         1.3693452448004445e-01
17                                    -4.2171559486135213e-03        -5.2132790319762622e-07         3.8639993626282147e-08         7.4141807871306344e-03        -1.0194238373155787e-06        -8.4730400590065558e-07         1.7985500160739533e-03        -8.3111234458054734e-06
                                                        16                          17

0                                     -1.2244309330847908e-01         7.8951575233558974e-06
1                                     -1.2381594633332432e-01         5.0869688880094067e-06
2                                      8.1377153773657728e-06        -2.8301683126893403e-02
3                                     -2.6034880966308342e-02         2.4472770172460980e-06
4                                     -1.3661615150509131e-02         3.0327954299277724e-06
5                                     -4.1896290906089633e-07         3.4279987955080880e-03
6                                     -2.0628928512053668e-04        -5.0681894137878112e-07
7                                      4.2966569891581853e-04         2.2808832003134061e-07
8                                     -3.6022639202635371e-07        -4.2171559486135213e-03
9                                     -1.1125994991749099e-03        -5.2132790319762622e-07
10                                    -3.9886042152379887e-03         3.8639993626282147e-08
11                                     7.7632621542068241e-07         7.4141807871306344e-03
12                                     1.2966281655021280e-02        -1.0194238373155787e-06
13                                     1.0203853304882531e-02        -8.4730400590065558e-07
14                                    -5.8776543059870541e-07         1.7985500160739533e-03
15                                     1.3693452448004445e-01        -8.3111234458054734e-06
16                                     1.3083264669527311e-01        -7.5431377433973229e-06
17                                    -7.5431377433973229e-06         1.9878109476794248e-02
   &MODES [&Type "ArrayOfDoubles", &Dim (18,18)] "The modes of vibrations"
                                                         0                           1                           2                           3                           4                           5                           6                           7

0                                      0.0000000000000000e+00         0.0000000000000000e+00         0.0000000000000000e+00         0.0000000000000000e+00         0.0000000000000000e+00         0.0000000000000000e+00        -2.2499899240274095e-06         1.7124736624063117e-01
1                                      0.0000000000000000e+00         0.0000000000000000e+00         0.0000000000000000e+00         0.0000000000000000e+00         0.0000000000000000e+00         0.0000000000000000e+00        -8.4134127822832930e-02        -3.9075705458663435e-06
2                                      0.0000000000000000e+00         0.0000000000000000e+00         0.0000000000000000e+00         0.0000000000000000e+00         0.0000000000000000e+00         0.0000000000000000e+00        -8.4906089877319467e-06         1.3395206086271632e-06
3                                      0.0000000000000000e+00         0.0000000000000000e+00         0.0000000000000000e+00         0.0000000000000000e+00         0.0000000000000000e+00         0.0000000000000000e+00        -1.4600032885377152e-06        -4.2142443762669922e-02
4                                      0.0000000000000000e+00         0.0000000000000000e+00         0.0000000000000000e+00         0.0000000000000000e+00         0.0000000000000000e+00         0.0000000000000000e+00        -8.1118962010799836e-02         1.5552643198186487e-06
5                                      0.0000000000000000e+00         0.0000000000000000e+00         0.0000000000000000e+00         0.0000000000000000e+00         0.0000000000000000e+00         0.0000000000000000e+00         3.1435656922885247e-06        -3.0846014105964714e-07
6                                      0.0000000000000000e+00         0.0000000000000000e+00         0.0000000000000000e+00         0.0000000000000000e+00         0.0000000000000000e+00         0.0000000000000000e+00         1.0331320393563027e-01        -3.0547370227256555e-02
7                                      0.0000000000000000e+00         0.0000000000000000e+00         0.0000000000000000e+00         0.0000000000000000e+00         0.0000000000000000e+00         0.0000000000000000e+00         3.0344692135116098e-02         6.1464002217557261e-02
8                                      0.0000000000000000e+00         0.0000000000000000e+00         0.0000000000000000e+00         0.0000000000000000e+00         0.0000000000000000e+00         0.0000000000000000e+00         2.1244831200056932e-06         6.8488454331595953e-07
9                                      0.0000000000000000e+00         0.0000000000000000e+00         0.0000000000000000e+00         0.0000000000000000e+00         0.0000000000000000e+00         0.0000000000000000e+00        -1.0331180259058684e-01        -3.0551188959106187e-02
10                                     0.0000000000000000e+00         0.0000000000000000e+00         0.0000000000000000e+00         0.0000000000000000e+00         0.0000000000000000e+00         0.0000000000000000e+00         3.0350085200457854e-02        -6.1462780576582630e-02
11                                     0.0000000000000000e+00         0.0000000000000000e+00         0.0000000000000000e+00         0.0000000000000000e+00         0.0000000000000000e+00         0.0000000000000000e+00         4.9276851039405220e-07        -1.1691979483535189e-06
12                                     0.0000000000000000e+00         0.0000000000000000e+00         0.0000000000000000e+00         0.0000000000000000e+00         0.0000000000000000e+00         0.0000000000000000e+00         9.4457600326430943e-04         3.0528759089588287e-01
13                                     0.0000000000000000e+00         0.0000000000000000e+00         0.0000000000000000e+00         0.0000000000000000e+00         0.0000000000000000e+00         0.0000000000000000e+00        -8.2816601555075392e-02         2.2768196045525219e-01
14                                     0.0000000000000000e+00         0.0000000000000000e+00         0.0000000000000000e+00         0.0000000000000000e+00         0.0000000000000000e+00         0.0000000000000000e+00        -1.4124310506542437e-05        -1.8762891121388321e-06
15                                     0.0000000000000000e+00         0.0000000000000000e+00         0.0000000000000000e+00         0.0000000000000000e+00         0.0000000000000000e+00         0.0000000000000000e+00        -9.4965651650599683e-04         3.0527589615900447e-01
16                                     0.0000000000000000e+00         0.0000000000000000e+00         0.0000000000000000e+00         0.0000000000000000e+00         0.0000000000000000e+00         0.0000000000000000e+00        -8.2815421149626950e-02        -2.2769689824036335e-01
17                                     0.0000000000000000e+00         0.0000000000000000e+00         0.0000000000000000e+00         0.0000000000000000e+00         0.0000000000000000e+00         0.0000000000000000e+00        -1.4215059563797557e-05         6.6245985096317321e-06
                                                         8                           9                          10                          11                          12                          13                          14                          15

0                                     -5.4645917588215168e-07         4.2120976005011806e-06         5.6924042398672751e-07         5.6617418178890253e-02         1.1818756247466032e-06         1.2857631073765527e-01         8.4325515137840806e-08        -4.8595040237288885e-06
1                                      3.9509524071959919e-05         1.5768490279612626e-01         4.2284907510127410e-07        -3.9855919721194864e-06        -9.8589996748815108e-06        -2.8467528890652670e-06         1.5564701896063349e-03        -1.9166111486755172e-01
2                                      6.5790819679567181e-02        -4.5998950956089890e-06         2.3102203311766670e-07         4.6928892937533107e-07        -1.4328198677001699e-01         1.0541325782026046e-06         2.6158881502219089e-06         1.2246366857768928e-05
3                                      1.6966998307931674e-06         7.2692267779400878e-06        -1.5670849460188477e-05         2.1652506925876960e-01        -5.0757580086593735e-07        -1.5230032911420457e-01        -2.5943157783881767e-06         4.5718397316170036e-06
4                                      1.8615682817827301e-05         1.2961259972418701e-01         2.8358595853751982e-07        -7.1440961092356201e-06        -4.6091094207461898e-06         3.8481455558517482e-06        -1.1143327590222783e-01         1.9258076907061383e-01
5                                     -2.5998148491315598e-01         6.2346604652029823e-05         1.3396376475408801e-07         1.3537280349642199e-06         4.3088934168802898e-02        -1.1523294543921139e-06         2.2708706114841204e-06        -7.4059928605535833e-06
6                                      1.4861021232933337e-05         5.8444352018359902e-02         2.3866170806065191e-06        -4.2822628608700626e-02        -8.9081885415957053e-07         8.6557195162745709e-03        -2.4834964788614253e-03         2.7481009910452817e-03
7                                     -1.1235240911036798e-05        -5.3378388181689732e-02        -1.4115276733210173e-06         2.6506132469028190e-02         9.3773761162905833e-07        -5.1536175483731341e-04         2.4784791066009160e-03        -3.4253492442303992e-03
8                                      2.7085250051562339e-02        -8.7110557770883027e-06        -1.2761912517612235e-02         4.4012533191525365e-06        -1.5003334848114920e-04        -1.4325464707674377e-06         6.6214850207791311e-07        -8.0819179323716322e-07
9                                     -1.5165844441353764e-05        -5.8448335495290264e-02         1.8744361994281192e-06        -4.2821686913224098e-02         9.4676075552236239e-07         8.6554036116280493e-03         2.4835132778414934e-03        -2.7481686111397990e-03
10                                    -1.1168821365943911e-05        -5.3375522248472314e-02         1.1412516912560136e-06        -2.6502372727135064e-02         9.6725268661638517e-07         5.1476674125754086e-04         2.4782479903300799e-03        -3.4251175155916693e-03
11                                     2.7085158418475013e-02        -9.6993048319621776e-06         1.2761880120469818e-02        -5.0019075236225190e-06        -1.4996923672015470e-04         1.5503070191424489e-06         6.9881325606963003e-07        -8.4654289958127609e-07
12                                    -1.8109068685938536e-06         1.0393370516136346e-03         2.0798209757629228e-05        -1.2122160188226105e-01        -3.2137418307353230e-06        -1.6309875013109268e-01         3.1559781997485359e-01         2.0570861276730001e-01
13                                     4.8089494171413127e-05         1.6567777324625166e-01        -2.8522499359243713e-05        -3.0613106213089103e-01         5.2905731849455193e-05        -4.7968467810070947e-01         5.6745180612900359e-01         1.1498631282190037e-01
14                                     2.0432500229812731e-01        -1.8470294981602242e-05        -7.0021834347024092e-01        -2.8086071528197165e-05         6.0220810357281562e-01         3.7769008991373120e-05        -5.0310571862781343e-05         1.8641220688077951e-06
15                                    -1.1738583077074470e-06        -1.0360394122259833e-03         9.2794729770227500e-06        -1.2120547987858797e-01        -6.7885631431097377e-06        -1.6307393194509490e-01        -3.1556850259508029e-01        -2.0570280674445918e-01
16                                     4.7296775622692371e-05         1.6568738916352221e-01         2.9610895394039908e-05         3.0613144363308192e-01         5.2489940078899604e-05         4.7969367342722008e-01         5.6746830066345932e-01         1.1499744849059158e-01
17                                     2.0432637531338127e-01        -2.2098369511774610e-05         7.0021513387844703e-01         2.7489580211041031e-05         6.0221128774298238e-01        -4.0740757048713329e-05        -5.5785694703051319e-05        -1.3407322039483736e-06
                                                        16                          17

0                                      2.8208826170467959e-06        -9.4795100642299554e-02
1                                      6.5286243000898400e-02         3.2514929537330112e-06
2                                     -5.1334111114772396e-06        -8.0183634185755426e-07
3                                     -1.3900514969638377e-07        -2.2123800236977355e-03
4                                     -7.5723499361276432e-03        -3.4657234866755321e-08
5                                      9.7348276952467862e-07        -1.8167675062665890e-08
6                                      1.0073257002611944e-04         1.9761838057606788e-04
7                                     -8.5526154458511798e-05        -1.1877367753905585e-04
8                                     -4.8474222158914716e-08        -4.0970813246813245e-08
9                                     -1.0074317772620507e-04         1.9762006966229391e-04
10                                    -8.5521306573111146e-05         1.1876032625103498e-04
11                                    -4.3431341089963144e-08         4.4133143965558815e-08
12                                     5.9506588442845754e-01         5.7100267495847101e-01
13                                    -3.4085309980023348e-01        -3.4121848024852253e-01
14                                     3.1250328152379877e-05         3.1148933755470461e-05
15                                    -5.9509746771761352e-01         5.7100571938973588e-01
16                                    -3.4083085254600426e-01         3.4118061906736669e-01
17                                     2.1550492531308963e-05        -2.1489257033028481e-05
$End
