
$orca_hessian_file

$act_atom
  0

$act_coord
  0

$act_energy
        0.000000

$multiplicity
  1

$hessian
18
                    0                  1                  2                  3                  4        
    0      6.6125768804E-01   3.6200521187E-06   4.8125806112E-06  -8.3135495585E-02  -1.1557795464E-05
    1      3.6200521187E-06   8.2381542411E-01  -4.4414847027E-05  -1.1296704057E-05  -5.3035528409E-01
    2      4.8125806112E-06  -4.4414847027E-05   8.8994171116E-02  -3.1040801258E-07   3.2248755438E-05
    3     -8.3135495585E-02  -1.1296704057E-05  -3.1040801258E-07   2.9108645847E-01   9.4951262483E-06
    4     -1.1557795464E-05  -5.3035528409E-01   3.2248755438E-05   9.4951262483E-06   7.1653567079E-01
    5     -3.0158876832E-07   2.8132897930E-05  -4.5663793137E-02   1.3432978874E-06  -1.7370519701E-05
    6     -1.5715618681E-02   1.6729922519E-02   2.5402607545E-06  -1.0388273149E-01   6.1578730559E-02
    7      3.8458984567E-02  -2.2909021871E-02  -2.7887497461E-06   4.5115391120E-02  -7.9431471118E-02
    8      7.9637464923E-07   2.0767583731E-06   6.6364602604E-03   7.4325382481E-06  -9.9275086151E-06
    9     -1.5718306116E-02  -1.6730366869E-02  -2.8973467563E-06  -1.0388535306E-01  -6.1575967067E-02
   10     -3.8459040592E-02  -2.2906115891E-02  -3.4085817190E-06  -4.5112771871E-02  -7.9424508456E-02
   11     -1.1526600485E-06   1.9328848259E-06   6.6364509349E-03  -8.4056148040E-06  -1.0805609129E-05
   12     -2.7333787602E-01   1.2949781464E-01  -1.2595112503E-05  -9.0799228986E-05  -3.0606877407E-03
   13      1.2245121342E-01  -1.2382905592E-01   1.0215817622E-05   2.6034115322E-02  -1.3662791970E-02
   14     -1.2051311487E-05   7.1952270646E-06  -2.8301606048E-02  -2.5051699914E-06   2.9024408904E-06
   15     -2.7335039164E-01  -1.2948981999E-01   8.4514734263E-06  -9.2079113044E-05   3.0599348915E-03
   16     -1.2244309331E-01  -1.2381594633E-01   8.1377153774E-06  -2.6034880966E-02  -1.3661615151E-02
   17      7.8951575234E-06   5.0869688880E-06  -2.8301683127E-02   2.4472770172E-06   3.0327954299E-06
                    5                  6                  7                  8                  9        
    0     -3.0158876832E-07  -1.5715618681E-02   3.8458984567E-02   7.9637464923E-07  -1.5718306116E-02
    1      2.8132897930E-05   1.6729922519E-02  -2.2909021871E-02   2.0767583731E-06  -1.6730366869E-02
    2     -4.5663793137E-02   2.5402607545E-06  -2.7887497461E-06   6.6364602604E-03  -2.8973467563E-06
    3      1.3432978874E-06  -1.0388273149E-01   4.5115391120E-02   7.4325382481E-06  -1.0388535306E-01
    4     -1.7370519701E-05   6.1578730559E-02  -7.9431471118E-02  -9.9275086151E-06  -6.1575967067E-02
    5      9.3945820978E-02   3.9378641971E-06  -4.8885024336E-06  -2.7569059713E-02  -4.9201438659E-06
    6      3.9378641971E-06   1.6228977575E-01  -8.1890001486E-02  -6.7647685311E-06  -4.5389808838E-02
    7     -4.8885024336E-06  -8.1890001486E-02   9.8173413248E-02   7.1469321473E-06  -2.7490938166E-03
    8     -2.7569059713E-02  -6.7647685311E-06   7.1469321473E-06   1.3679737132E-02  -1.1873153472E-06
    9     -4.9201438659E-06  -4.5389808838E-02  -2.7490938166E-03  -1.1873153472E-06   1.6229518423E-01
   10     -5.5434064794E-06   2.7519577573E-03   7.7260453919E-03   2.9185613305E-07   8.1885048576E-02
   11     -2.7568914994E-02   4.8274366946E-07   1.9324932663E-07   4.0558306995E-03   8.8101394802E-06
   12      1.3389226291E-06   2.1934245170E-03  -6.8437411999E-04  -4.5362707260E-07   5.0487622760E-04
   13      8.1392793006E-09   1.1122640078E-03  -3.9886313497E-03   8.1941991119E-07   2.0628694687E-04
   14      3.4279480701E-03   3.9944314823E-07   6.1750828265E-08   7.4141875694E-03   6.2525522514E-07
   15     -1.4002724241E-06   5.0495874174E-04   1.6725096642E-03   8.8073756811E-08   2.1934075588E-03
   16     -4.1896290906E-07  -2.0628928512E-04   4.2966569892E-04  -3.6022639203E-07  -1.1125994992E-03
   17      3.4279987955E-03  -5.0681894138E-07   2.2808832003E-07  -4.2171559486E-03  -5.2132790320E-07
                   10                 11                 12                 13                 14        
    0     -3.8459040592E-02  -1.1526600485E-06  -2.7333787602E-01   1.2245121342E-01  -1.2051311487E-05
    1     -2.2906115891E-02   1.9328848259E-06   1.2949781464E-01  -1.2382905592E-01   7.1952270646E-06
    2     -3.4085817190E-06   6.6364509349E-03  -1.2595112503E-05   1.0215817622E-05  -2.8301606048E-02
    3     -4.5112771871E-02  -8.4056148040E-06  -9.0799228986E-05   2.6034115322E-02  -2.5051699914E-06
    4     -7.9424508456E-02  -1.0805609129E-05  -3.0606877407E-03  -1.3662791970E-02   2.9024408904E-06
    5     -5.5434064794E-06  -2.7568914994E-02   1.3389226291E-06   8.1392793006E-09   3.4279480701E-03
    6      2.7519577573E-03   4.8274366946E-07   2.1934245170E-03   1.1122640078E-03   3.9944314823E-07
    7      7.7260453919E-03   1.9324932663E-07  -6.8437411999E-04  -3.9886313497E-03   6.1750828265E-08
    8      2.9185613305E-07   4.0558306995E-03  -4.5362707260E-07   8.1941991119E-07   7.4141875694E-03
    9      8.1885048576E-02   8.8101394802E-06   5.0487622760E-04   2.0628694687E-04   6.2525522514E-07
   10      9.8163446969E-02   8.3344909793E-06  -1.6725371831E-03   4.2973620146E-04   2.3835233420E-07
   11      8.3344909793E-06   1.3679608733E-02   3.0158606596E-08  -3.8269346026E-07  -4.2171561610E-03
   12     -1.6725371831E-03   3.0158606596E-08   2.8318817498E-01  -1.3694262489E-01   1.2684364636E-05
   13      4.2973620146E-04  -3.8269346026E-07  -1.3694262489E-01   1.3084688974E-01  -9.8116925165E-06
   14      2.3835233420E-07  -4.2171561610E-03   1.2684364636E-05  -9.8116925165E-06   1.9878076554E-02
   15      6.8403504183E-04   3.2597226361E-07  -1.2457800481E-02  -1.2965127168E-02   8.6213601020E-07
   16     -3.9886042152E-03   7.7632621542E-07   1.2966281655E-02   1.0203853305E-02  -5.8776543060E-07
   17      3.8639993626E-08   7.4141807871E-03  -1.0194238373E-06  -8.4730400590E-07   1.7985500161E-03
                   15                 16                 17        
     0     -2.7335039164E-01  -1.2244309331E-01   7.8951575234E-06
     1     -1.2948981999E-01  -1.2381594633E-01   5.0869688880E-06
     2      8.4514734263E-06   8.1377153774E-06  -2.8301683127E-02
     3     -9.2079113044E-05  -2.6034880966E-02   2.4472770172E-06
     4      3.0599348915E-03  -1.3661615151E-02   3.0327954299E-06
     5     -1.4002724241E-06  -4.1896290906E-07   3.4279987955E-03
     6      5.0495874174E-04  -2.0628928512E-04  -5.0681894138E-07
     7      1.6725096642E-03   4.2966569892E-04   2.2808832003E-07
     8      8.8073756811E-08  -3.6022639203E-07  -4.2171559486E-03
     9      2.1934075588E-03  -1.1125994992E-03  -5.2132790320E-07
    10      6.8403504183E-04  -3.9886042152E-03   3.8639993626E-08
    11      3.2597226361E-07   7.7632621542E-07   7.4141807871E-03
    12     -1.2457800481E-02   1.2966281655E-02  -1.0194238373E-06
    13     -1.2965127168E-02   1.0203853305E-02  -8.4730400590E-07
    14      8.6213601020E-07  -5.8776543060E-07   1.7985500161E-03
    15      2.8320190494E-01   1.3693452448E-01  -8.3111234458E-06
    16      1.3693452448E-01   1.3083264670E-01  -7.5431377434E-06
    17     -8.3111234458E-06  -7.5431377434E-06   1.9878109477E-02

$vibrational_frequencies
18
    0        0.0000000000000000
    1        0.0000000000000000
    2        0.0000000000000000
    3        0.0000000000000000
    4        0.0000000000000000
    5        0.0000000000000000
    6      301.2362731917611995
    7      381.7970355202644441
    8      481.5954439610443956
    9      588.2262867131458961
   10      692.4820978189043217
   11      738.3939648355626559
   12      866.4529606697099098
   13     1087.1294782404531816
   14     1396.7324570814378148
   15     1642.3383765829344156
   16     3159.9141518460555744
   17     3261.0932320004271787

$normal_modes
18 18
                    0                  1                  2                  3                  4        
    0      0.0000000000E+00   0.0000000000E+00   0.0000000000E+00   0.0000000000E+00   0.0000000000E+00
    1      0.0000000000E+00   0.0000000000E+00   0.0000000000E+00   0.0000000000E+00   0.0000000000E+00
    2      0.0000000000E+00   0.0000000000E+00   0.0000000000E+00   0.0000000000E+00   0.0000000000E+00
    3      0.0000000000E+00   0.0000000000E+00   0.0000000000E+00   0.0000000000E+00   0.0000000000E+00
    4      0.0000000000E+00   0.0000000000E+00   0.0000000000E+00   0.0000000000E+00   0.0000000000E+00
    5      0.0000000000E+00   0.0000000000E+00   0.0000000000E+00   0.0000000000E+00   0.0000000000E+00
    6      0.0000000000E+00   0.0000000000E+00   0.0000000000E+00   0.0000000000E+00   0.0000000000E+00
    7      0.0000000000E+00   0.0000000000E+00   0.0000000000E+00   0.0000000000E+00   0.0000000000E+00
    8      0.0000000000E+00   0.0000000000E+00   0.0000000000E+00   0.0000000000E+00   0.0000000000E+00
    9      0.0000000000E+00   0.0000000000E+00   0.0000000000E+00   0.0000000000E+00   0.0000000000E+00
   10      0.0000000000E+00   0.0000000000E+00   0.0000000000E+00   0.0000000000E+00   0.0000000000E+00
   11      0.0000000000E+00   0.0000000000E+00   0.0000000000E+00   0.0000000000E+00   0.0000000000E+00
   12      0.0000000000E+00   0.0000000000E+00   0.0000000000E+00   0.0000000000E+00   0.0000000000E+00
   13      0.0000000000E+00   0.0000000000E+00   0.0000000000E+00   0.0000000000E+00   0.0000000000E+00
   14      0.0000000000E+00   0.0000000000E+00   0.0000000000E+00   0.0000000000E+00   0.0000000000E+00
   15      0.0000000000E+00   0.0000000000E+00   0.0000000000E+00   0.0000000000E+00   0.0000000000E+00
   16      0.0000000000E+00   0.0000000000E+00   0.0000000000E+00   0.0000000000E+00   0.0000000000E+00
   17      0.0000000000E+00   0.0000000000E+00   0.0000000000E+00   0.0000000000E+00   0.0000000000E+00
                    5                  6                  7                  8                  9        
    0      0.0000000000E+00  -1.0005738954E-05   2.9783164150E-01  -1.3796483078E-06   1.2752362025E-05
    1      0.0000000000E+00  -3.7414572888E-01  -6.7960061254E-06   9.9749899777E-05   4.7739989834E-01
    2      0.0000000000E+00  -3.7757865572E-05   2.3296803358E-06   1.6610242273E-01  -1.3926440719E-05
    3      0.0000000000E+00  -6.4926565319E-06  -7.3293700674E-02   4.2836668385E-06   2.2007992289E-05
    4      0.0000000000E+00  -3.6073724128E-01   2.7048995585E-06   4.6999110695E-05   3.9240942433E-01
    5      0.0000000000E+00   1.3979483804E-05  -5.3647067493E-07  -6.5637659964E-01   1.8875784679E-04
    6      0.0000000000E+00   4.5943536815E-01  -5.3127669160E-02   3.7519697171E-05   1.7694355780E-01
    7      0.0000000000E+00   1.3494330126E-01   1.0689755454E-01  -2.8365670839E-05  -1.6160606779E-01
    8      0.0000000000E+00   9.4476083131E-06   1.1911440873E-06   6.8382270896E-02  -2.6373210553E-05
    9      0.0000000000E+00  -4.5942913634E-01  -5.3134310659E-02  -3.8289285902E-05  -1.7695561800E-01
   10      0.0000000000E+00   1.3496728430E-01  -1.0689542988E-01  -2.8197981070E-05  -1.6159739102E-01
   11      0.0000000000E+00   2.1913489599E-06  -2.0334569333E-06   6.8382039550E-02  -2.9365190063E-05
   12      0.0000000000E+00   4.2005436601E-03   5.3095300863E-01  -4.5720059376E-06   3.1466512899E-03
   13      0.0000000000E+00  -3.6828666980E-01   3.9598210186E-01   1.2141179466E-04   5.0159876248E-01
   14      0.0000000000E+00  -6.2811020762E-05  -3.2632225444E-06   5.1586039012E-01  -5.5919855295E-05
   15      0.0000000000E+00  -4.2231367788E-03   5.3093266926E-01  -2.9636461409E-06  -3.1366675015E-03
   16      0.0000000000E+00  -3.6828142052E-01  -3.9600808150E-01   1.1941041404E-04   5.0162787521E-01
   17      0.0000000000E+00  -6.3214583181E-05   1.1521432952E-05   5.1586385658E-01  -6.6904054677E-05
                   10                 11                 12                 13                 14        
    0      5.7474622580E-07   1.0856309525E-01   1.3668102891E-06   1.7285832476E-01   9.1161296097E-08
    1      4.2693895190E-07  -7.6423160013E-06  -1.1401692287E-05  -3.8271819480E-06   1.6826442102E-03
    2      2.3325652223E-07   8.9985485701E-07  -1.6570211759E-01   1.4171785650E-06   2.8279430470E-06
    3     -1.5822420901E-05   4.1518374511E-01  -5.8699901459E-07  -2.0475295643E-01  -2.8046219280E-06
    4      2.8632885595E-07  -1.3698702826E-05  -5.3303224534E-06   5.1734568396E-06  -1.2046652597E-01
    5      1.3525948781E-07   2.5957542808E-06   4.9831299786E-02  -1.5491946993E-06   2.4549569353E-06
    6      2.4097008956E-06  -8.2111782170E-02  -1.0302102438E-06   1.1636771708E-02  -2.6848191499E-03
    7     -1.4251802379E-06   5.0825132557E-02   1.0844706407E-06  -6.9285367634E-04   2.6793950483E-03
    8     -1.2885348166E-02   8.4393407308E-06  -1.7350990249E-04  -1.9259191810E-06   7.1582504488E-07
    9      1.8925661034E-06  -8.2109976482E-02   1.0949056862E-06   1.1636347005E-02   2.6848373107E-03
   10      1.1522900950E-06  -5.0817923305E-02   1.1186041039E-06   6.9205373854E-04   2.6791451968E-03
   11      1.2885315456E-02  -9.5910866371E-06  -1.7343575880E-04   2.0842367669E-06   7.5546199806E-07
   12      2.0999374004E-05  -2.3244069996E-01  -3.7166139217E-06  -2.1927038158E-01   3.4118150678E-01
   13     -2.8798374406E-05  -5.8700196382E-01   6.1184186498E-05  -6.4488932208E-01   6.1345183643E-01
   14     -7.0699098867E-01  -5.3854643264E-05   6.9643896099E-01   5.0776753389E-05  -5.4388958442E-05
   15      9.3692258073E-06  -2.3240978625E-01  -7.8508074434E-06  -2.1923701595E-01  -3.4114981281E-01
   16      2.9897297615E-05   5.8700269534E-01   6.0703333472E-05   6.4490141542E-01   6.1346966808E-01
   17      7.0698774803E-01   5.2710879635E-05   6.9644264340E-01  -5.4771979164E-05  -6.0307917770E-05
                   15                 16                 17        
     0     -1.1300076781E-05   2.9019482200E-06  -1.0026221665E-01
     1     -4.4568032114E-01   6.7162417720E-02   3.4390162440E-06
     2      2.8477162505E-05  -5.2809334027E-06  -8.4808063371E-07
     3      1.0631154896E-05  -1.4299983427E-07  -2.3399745741E-03
     4      4.4781884454E-01  -7.7899616544E-03  -3.6656020904E-08
     5     -1.7221569846E-05   1.0014583993E-06  -1.9215459036E-08
     6      6.3903130953E-03   1.0362738971E-04   2.0901562162E-04
     7     -7.9651563763E-03  -8.7983977140E-05  -1.2562370955E-04
     8     -1.8793336259E-06  -4.9867258517E-08  -4.3333722168E-08
     9     -6.3904703361E-03  -1.0363830225E-04   2.0901740812E-04
    10     -7.9646175247E-03  -8.7978989938E-05   1.2560958825E-04
    11     -1.9685136007E-06  -4.4679456779E-08   4.6678433925E-08
    12      4.7834575449E-01   6.1216669338E-01   6.0393410120E-01
    13      2.6738411107E-01  -3.5064842481E-01  -3.6089756707E-01
    14      4.3347474152E-06   3.2148389872E-05   3.2945385610E-05
    15     -4.7833225342E-01  -6.1219918430E-01   6.0393732121E-01
    16      2.6741000546E-01  -3.5062553822E-01   3.6085752232E-01
    17     -3.1176796588E-06   2.2169803544E-05  -2.2728606539E-05

#
# The atoms: label  mass x y z (in bohrs)
#
$atoms
6
 C     12.01100      0.000092121126     3.429229415704     0.000094337326
 C     12.01100      0.000028041647     0.924497839569     0.000291226002
 Cl    35.45300      2.756483016127    -0.864354680631    -0.000043908046
 Cl    35.45300     -2.756530487369    -0.864206783483    -0.000087407085
 H      1.00800     -1.766871659502     4.459406554760    -0.000002782504
 H      1.00800      1.767109479836     4.459315195383     0.000027102192

$actual_temperature
  0.000000

$frequency_scale_factor
  1.000000

$dipole_derivatives
18
   -2.4354212834E-01   -2.1177712866E-05    9.0673544486E-08
   -6.1995635014E-06   -4.9765437221E-01   -6.2164901443E-05
    7.7408000641E-08   -9.7059172798E-05   -2.4540099344E-01
    1.4918267882E+00   -1.1189349974E-05    1.2542685935E-05
   -1.4951789296E-05    9.4901710625E-01    8.2080202775E-05
    1.3072973559E-05    2.9345844541E-04   -9.9301461861E-02
   -6.4253258311E-01    3.0961621783E-01    1.2679513618E-05
    2.5431207259E-01   -2.8925217972E-01   -1.3804160917E-05
    8.8917678070E-05   -1.0037115747E-04    6.5696720706E-03
   -6.4256503660E-01   -3.0959625558E-01   -2.2995545670E-05
   -2.5429293860E-01   -2.8922225098E-01   -1.7812925895E-05
   -9.9690365436E-05   -1.0193677708E-04    6.5675367864E-03
    1.5910504138E-02    3.1242778059E-02   -3.5439773099E-07
    2.9244755797E-02    6.4945129017E-02    5.7253969255E-06
   -2.0120286653E-05   -7.3755992655E-06    1.6259874759E-01
    1.5906702091E-02   -3.1240756444E-02   -2.0075393211E-06
   -2.9242803123E-02    6.4947772988E-02    5.3190629237E-06
    1.7693243670E-05    1.2652683317E-06    1.6259864695E-01

#
# The IR spectrum
#  wavenumber eps Int TX TY TZ
#
$ir_spectrum
18
      0.00   0.00000000   0.00000000     0.000000     0.000000     0.000000
      0.00   0.00000000   0.00000000     0.000000     0.000000     0.000000
      0.00   0.00000000   0.00000000     0.000000     0.000000     0.000000
      0.00   0.00000000   0.00000000     0.000000     0.000000     0.000000
      0.00   0.00000000   0.00000000     0.000000     0.000000     0.000000
      0.00   0.00000000   0.00000000     0.000000     0.000000     0.000000
    301.24   0.00000007   0.00035755     0.000001     0.000271    -0.000001
    381.80   0.00002345   0.11850950    -0.004378    -0.000001    -0.000000
    481.60   0.00112816   5.70128257    -0.000000    -0.000025     0.027037
    588.23   0.00342190  17.29285803     0.000003     0.042607    -0.000002
    692.48   0.00000000   0.00000006    -0.000001     0.000002    -0.000000
    738.39   0.02444549 123.53747466     0.101643    -0.000003     0.000001
    866.45   0.00991568  50.10977924    -0.000001     0.000008     0.059760
   1087.13   0.01772821  89.59109760    -0.071337     0.000001    -0.000001
   1396.73   0.00004982   0.25176988     0.000000    -0.003336    -0.000004
   1642.34   0.01849265  93.45425360     0.000001     0.059277     0.000005
   3159.91   0.00041989   2.12197176    -0.000000    -0.006440     0.000000
   3261.09   0.00006032   0.30485366     0.002403    -0.000000     0.000000


$end

