*************************************************
******************* ORCA 6.0.0 ******************
*************************************************
$Calculation_Status
   &GeometryIndex 1
   &ListStatus       OUT
   &VERSION [&Type "String"] "6.0.0"
   &PROGNAME [&Type "String"] "LeanSCF"
   &STATUS [&Type "String"] "NORMAL TERMINATION"
$End
$Geometry
   &GeometryIndex 1
   &ListStatus       OUT
   &NATOMS [&Type "Integer"] 11
   &NCORELESSECP [&Type "Integer"] 0
   &NGHOSTATOMS [&Type "Integer"] 0
   &CartesianCoordinates [&Type "Coordinates", &Dim(11,4), &Units "Bohr"] 
              C     -3.167361184327    2.222279762157    0.000737723193
              C     -4.366355367652   -0.119340243135    0.000573796254
              C     -2.886811364396   -2.280526816106    0.000443701271
              N     -0.344266680126   -2.228079808251    0.000109697657
              C      0.722405552439    0.021225169988    0.000053213176
              C     -0.545146356410    2.321033031724    0.000540813541
              Cl     4.072290133437    0.073904866813    0.000235718391
              H     -4.253547576304    3.960866110492    0.000896214146
              H     -6.408946309867   -0.269101266204    0.000600967682
              H     -3.747393954419   -4.144602607217    0.000049512525
              H      0.468742411444    4.098592272459    0.000683405850
$End
$SCF_Energy
   &GeometryIndex 1
   &ListStatus       OUT
   &SCF_ENERGY [&Type "Double"]      -7.0782563382537364e+02
$End
$DFT_Energy
   &GeometryIndex 1
   &ListStatus       OUT
   &NALPHAEL [&Type "Integer"] 29
   &NBETAEL [&Type "Integer"] 29
   &NTOTALEL [&Type "Integer"] 58
   &EEXCHANGE [&Type "Double"]      -6.1648630885071242e+01
   &ECORR [&Type "Double"]      -1.9934221515011565e+00
   &ECNL [&Type "Double"]       0.0000000000000000e+00
   &EXC [&Type "Double"]      -6.3642053036572399e+01
   &EEMBED [&Type "Double"]       0.0000000000000000e+00
   &FINALEN [&Type "Double"]      -7.0782563382537364e+02  "No Van der Waals correction"
$End
$Mulliken_Population_Analysis
   &GeometryIndex 1
   &ListStatus       OUT
   &NATOMS [&Type "Integer"] 11
   &ATNO [&Type "ArrayOfIntegers", &Dim (11,1)] 
                                                         0

0                                                        6
1                                                        6
2                                                        6
3                                                        7
4                                                        6
5                                                        6
6                                                       17
7                                                        1
8                                                        1
9                                                        1
10                                                       1
   &ATOMICCHARGES [&Type "ArrayOfDoubles", &Dim (11,1)] 
                                                         0

0                                     -7.7739418617844613e-02
1                                     -1.0744574168597421e-01
2                                     -1.2260569308715219e-03
3                                     -2.2308338482686896e-01
4                                      2.0675577329423778e-01
5                                     -1.9178189502784182e-01
6                                     -1.1257899431634044e-01
7                                      1.2714167269871091e-01
8                                      1.2273923366851092e-01
9                                      1.2435306264401857e-01
10                                     1.3286574910036242e-01
$End
$Loewdin_Population_Analysis
   &GeometryIndex 1
   &ListStatus       OUT
   &NATOMS [&Type "Integer"] 11
   &ATNO [&Type "ArrayOfIntegers", &Dim (11,1)] 
                                                         0

0                                                        6
1                                                        6
2                                                        6
3                                                        7
4                                                        6
5                                                        6
6                                                       17
7                                                        1
8                                                        1
9                                                        1
10                                                       1
   &ATOMICCHARGES [&Type "ArrayOfDoubles", &Dim (11,1)] 
                                                         0

0                                     -1.1214719446798771e-01
1                                     -1.5016308404306145e-01
2                                     -1.8627230142143425e-01
3                                      1.4004491614145120e-01
4                                     -4.8943632655011715e-01
5                                     -1.4963390630907814e-01
6                                      3.6005490770553905e-01
7                                      1.4953496951826506e-01
8                                      1.4775808317914241e-01
9                                      1.3985839996722316e-01
10                                     1.5040153628019060e-01
$End
$Mayer_Population_Analysis
   &GeometryIndex 1
   &ListStatus       OUT
   &NATOMS [&Type "Integer"] 11 "Total number of atoms"
   &BONDTHRESH [&Type "Double"]       1.0000000000000001e-01  "The threshold for printing"
   &NBONDORDERSPRINT [&Type "Integer"] 11 "The number of bond orders larger than threshold"
   &BONDORDERS [&Type "ArrayOfDoubles", &Dim (11,1)] "The bond orders"
                                                         0

0                                      1.3861345618680139e+00
1                                      1.4072917566319145e+00
2                                      9.6102319011690063e-01
3                                      1.4028028181051237e+00
4                                      9.6101996323326833e-01
5                                      1.4015015904809662e+00
6                                      9.7733329127032986e-01
7                                      1.4754571819656597e+00
8                                      1.3799864523858640e+00
9                                      1.0541659369508005e+00
10                                     9.5897189847640552e-01
   &COMPONENTS [&Type "ArrayOfIntegers", &Dim (11,4)] "The indices and atomic numbers of the bonding atoms"
                                                         0                           1                           2                           3

0                                                        0                           6                           1                           6
1                                                        0                           6                           5                           6
2                                                        0                           6                           7                           1
3                                                        1                           6                           2                           6
4                                                        1                           6                           8                           1
5                                                        2                           6                           3                           7
6                                                        2                           6                           9                           1
7                                                        3                           7                           4                           6
8                                                        4                           6                           5                           6
9                                                        4                           6                           6                          17
10                                                       5                           6                          10                           1
   &ATNO [&Type "ArrayOfIntegers", &Dim (11,1)] "Atomic number of the elements"
                                                         0

0                                                        6
1                                                        6
2                                                        6
3                                                        7
4                                                        6
5                                                        6
6                                                       17
7                                                        1
8                                                        1
9                                                        1
10                                                       1
   &NA [&Type "ArrayOfDoubles", &Dim (11,1)] "Mulliken gross atomic population"
                                                         0

0                                      6.0777394186178544e+00
1                                      6.1074457416859804e+00
2                                      6.0012260569308653e+00
3                                      7.2230833848268592e+00
4                                      5.7932442267057507e+00
5                                      6.1917818950278587e+00
6                                      1.7112578994316447e+01
7                                      8.7285832730129020e-01
8                                      8.7726076633148919e-01
9                                      8.7564693735598242e-01
10                                     8.6713425089963847e-01
   &ZA [&Type "ArrayOfDoubles", &Dim (11,1)] "Total nuclear charge"
                                                         0

0                                      6.0000000000000000e+00
1                                      6.0000000000000000e+00
2                                      6.0000000000000000e+00
3                                      7.0000000000000000e+00
4                                      6.0000000000000000e+00
5                                      6.0000000000000000e+00
6                                      1.7000000000000000e+01
7                                      1.0000000000000000e+00
8                                      1.0000000000000000e+00
9                                      1.0000000000000000e+00
10                                     1.0000000000000000e+00
   &QA [&Type "ArrayOfDoubles", &Dim (11,1)] "Mulliken gross atomic charge"
                                                         0

0                                     -7.7739418617854383e-02
1                                     -1.0744574168598042e-01
2                                     -1.2260569308653047e-03
3                                     -2.2308338482685919e-01
4                                      2.0675577329424932e-01
5                                     -1.9178189502785870e-01
6                                     -1.1257899431644702e-01
7                                      1.2714167269870980e-01
8                                      1.2273923366851081e-01
9                                      1.2435306264401758e-01
10                                     1.3286574910036153e-01
   &VA [&Type "ArrayOfDoubles", &Dim (11,1)] "Mayer's total valence"
                                                         0

0                                      3.9073790471300680e+00
1                                      3.8451504399172598e+00
2                                      3.9718666533093931e+00
3                                      2.9886211567740726e+00
4                                      4.0724042610760920e+00
5                                      3.9141011610795053e+00
6                                      1.2043462010980979e+00
7                                      9.7479976327858942e-01
8                                      9.7579645685107752e-01
9                                      9.7858718981453219e-01
10                                     9.8231892080744132e-01
   &BVA [&Type "ArrayOfDoubles", &Dim (11,1)] "Mayer's bonded valence"
                                                         0

0                                      3.9073790471298619e+00
1                                      3.8451504399172736e+00
2                                      3.9718666533094953e+00
3                                      2.9886211567740935e+00
4                                      4.0724042610760955e+00
5                                      3.9141011610793508e+00
6                                      1.2043462010979138e+00
7                                      9.7479976327854867e-01
8                                      9.7579645685108007e-01
9                                      9.7858718981452064e-01
10                                     9.8231892080743288e-01
   &FA [&Type "ArrayOfDoubles", &Dim (11,1)] "Mayer's free valence"
                                                         0

0                                      0.0000000000000000e+00
1                                      0.0000000000000000e+00
2                                      0.0000000000000000e+00
3                                      0.0000000000000000e+00
4                                      0.0000000000000000e+00
5                                      0.0000000000000000e+00
6                                      0.0000000000000000e+00
7                                      0.0000000000000000e+00
8                                      0.0000000000000000e+00
9                                      0.0000000000000000e+00
10                                     0.0000000000000000e+00
$End
$VdW_Correction
   &GeometryIndex 1
   &ListStatus       OUT
   &VDW [&Type "Double"]      -3.6292274872672336e-03
$End
$Calculation_Info
   &GeometryIndex 1
   &ListStatus       OUT
   &MULT [&Type "Integer"] 1
   &CHARGE [&Type "Integer"] 0
   &NUMOFATOMS [&Type "Integer"] 11
   &NUMOFELECTRONS [&Type "Integer"] 58
   &NUMOFFCELECTRONS [&Type "Integer"] 1
   &NUMOFCORRELECTRONS [&Type "Integer"] 0
   &NUMOFBASISFUNCTS [&Type "Integer"] 247
   &NUMOFAUXCBASISFUNCTS [&Type "Integer"] 0
   &NUMOFAUXJBASISFUNCTS [&Type "Integer"] 266
   &NUMOFAUXJKBASISFUNCTS [&Type "Integer"] 0
   &NUMOFCABSBASISFUNCTS [&Type "Integer"] 0
   &TOTALENERGY [&Type "Double"]      -7.0782347530426091e+02  "Hartrees"
$End
$SCF_Dipole_Moment
   &GeometryIndex 1
   &ListStatus       OUT
   &METHOD [&Type "String"] "SCF"
   &LEVEL [&Type "String"] "Relaxed density"
   &MULT [&Type "Integer"] 1
   &STATE [&Type "Integer"] -1
   &IRREP [&Type "Integer"] 0
   &NATOMS [&Type "Integer"] 11
   &DODIPOLEATOM [&Type "Boolean"] false
   &DIPOLEELECCONTRIB [&Type "ArrayOfDoubles", &Dim (3,1)] "Electronic contribution"
                                                         0

0                                      8.6755032205623692e+00
1                                     -1.0493055013854597e+00
2                                     -4.0711038553189316e-04
   &DIPOLENUCCONTRIB [&Type "ArrayOfDoubles", &Dim (3,1)] "Nuclear contribution"
                                                         0

0                                     -9.8424445676873056e+00
1                                      1.7387619437746480e+00
2                                      4.8563842158162675e-04
   &DIPOLETOTAL [&Type "ArrayOfDoubles", &Dim (3,1)] "Total"
                                                         0

0                                     -1.1669413471249364e+00
1                                      6.8945644238918824e-01
2                                      7.8528036049733583e-05
   &DIPOLEMAGNITUDE [&Type "Double", &Units "a.u."]       1.3553974692865447e+00
$End
$THERMOCHEMISTRY_Energies
   &GeometryIndex 1
   &ListStatus       OUT
   &TEMPERATURE [&Type "Double"]       2.9814999999999998e+02
   &PRESSURE [&Type "Double"]       1.0000000000000000e+00
   &TOTALMASS [&Type "Double"]       1.1354699999999998e+02
   &SPINDEGENERACY [&Type "Integer"] 1
   &ELENERGY [&Type "Double"]      -7.0782347530426091e+02
   &TRANSENERGY [&Type "Double"]       1.4162714244859817e-03
   &ROTENERGY [&Type "Double"]       1.4162714244859817e-03
   &VIBENERGY [&Type "Double"]       2.5641969489269894e-03
   &NUMOFFREQS [&Type "Integer"] 33
   &FREQSCALINGFACTOR [&Type "Double"]       1.0000000000000000e+00
   &FREQ [&Type "ArrayOfDoubles", &Dim (33,1)] "In cm^-1"
                                                         0

0                                      0.0000000000000000e+00
1                                      0.0000000000000000e+00
2                                      0.0000000000000000e+00
3                                      0.0000000000000000e+00
4                                      0.0000000000000000e+00
5                                      0.0000000000000000e+00
6                                      1.7700647736493644e+02
7                                      3.1499382102678538e+02
8                                      4.0602498115892701e+02
9                                      4.1636574248727374e+02
10                                     4.8950326031334140e+02
11                                     6.2841689556107349e+02
12                                     7.2762254170165272e+02
13                                     7.5067698067477943e+02
14                                     7.7126568028975066e+02
15                                     8.8764846700146427e+02
16                                     9.6867904414930592e+02
17                                     9.9454446365719389e+02
18                                     1.0026399155076115e+03
19                                     1.0648042756570671e+03
20                                     1.0952095800770899e+03
21                                     1.1297413866590748e+03
22                                     1.1724995432855089e+03
23                                     1.2914659581427698e+03
24                                     1.3158755195744127e+03
25                                     1.4435173726070095e+03
26                                     1.4741377009860580e+03
27                                     1.5929096004097755e+03
28                                     1.6124376727999725e+03
29                                     3.1583279407443865e+03
30                                     3.1753927286819126e+03
31                                     3.1932494367349318e+03
32                                     3.2041708584911648e+03
   &ZPE [&Type "Double"]       7.8503669600269582e-02
   &INNERENERGYU [&Type "Double"]      -7.0773957489486281e+02
   &ENTHALPYH [&Type "Double"]      -7.0773863068582057e+02
   &QEL [&Type "Double"]       0.0000000000000000e+00
   &QROT [&Type "Double"]       1.3155742931701438e-02
   &QVIB [&Type "Double"]       3.8799973590930917e-03
   &QTRANS [&Type "Double"]       1.9051174676717544e-02
   &ENTROPYS [&Type "Double"]       3.6086914967512075e-02
   &FREEENERGYG [&Type "Double"]      -7.0777471760078811e+02
   &ISLINEAR [&Type "Boolean"] false
$End
$Hessian
   &GeometryIndex 1
   &ListStatus       OUT
   &HESSIAN [&Type "ArrayOfDoubles", &Dim (33,33)] "The Hessian"
                                                         0                           1                           2                           3                           4                           5                           6                           7

0                                      6.8244033266009418e-01        -3.9172142487822671e-02        -3.6949249735610055e-05        -1.7105810863891388e-01        -5.2788743907655165e-02        -2.1517613669112932e-06         6.7565462623378369e-02        -1.4816972372759467e-02
1                                     -3.9172142487822671e-02         7.1994580278842846e-01         4.7509216687985231e-05        -1.1112232920755077e-01        -2.9156750183217933e-01        -1.4064775018469641e-05         3.0758108577430710e-02        -6.1134879764303304e-02
2                                     -3.6949249735610055e-05         4.7509216687985231e-05         1.3805330894964957e-01        -4.8227502270028094e-06        -1.8574398824954269e-05        -6.1861794060510455e-02        -2.4565878235674882e-06        -3.5876731631708158e-07
3                                     -1.7105810863891388e-01        -1.1112232920755077e-01        -4.8227502270028094e-06         7.5202202356749204e-01         8.5152264477876133e-03        -1.3861291525418723e-05        -1.8611206047939180e-01         1.2050368401751588e-01
4                                     -5.2788743907655165e-02        -2.9156750183217933e-01        -1.8574398824954269e-05         8.5152264477876133e-03         6.5858993247461850e-01         3.6396008654636234e-05         5.6577685424902539e-02        -2.7799888722363664e-01
5                                     -2.1517613669112932e-06        -1.4064775018469641e-05        -6.1861794060510455e-02        -1.3861291525418723e-05         3.6396008654636234e-05         1.2483735689111633e-01         1.4738793947148941e-06        -1.3865060396042324e-05
6                                      6.7565462623378369e-02         3.0758108577430710e-02        -2.4565878235674882e-06        -1.8611206047939180e-01         5.6577685424902539e-02         1.4738793947148941e-06         6.3850478844315450e-01         3.7987921248378548e-02
7                                     -1.4816972372759467e-02        -6.1134879764303304e-02        -3.5876731631708158e-07         1.2050368401751588e-01        -2.7799888722363664e-01        -1.3865060396042324e-05         3.7987921248378548e-02         7.4894898780275132e-01
8                                     -3.1117228824965400e-06        -1.0617836672774208e-05         8.7475256418443371e-03         8.8704797750494397e-06        -1.4926507056138018e-05        -6.7714549277247252e-02        -1.9924065116159868e-05         7.4272758448650194e-05
9                                     -4.9971436173761541e-02        -3.6911047652187015e-02        -1.0107446298404078e-06        -5.2448497771253114e-02         7.9106225824240275e-02         1.3222313309227961e-05        -3.0895675061973826e-01        -1.6612713116200863e-02
10                                    -3.6625781692497250e-02        -1.8244312525695722e-02        -1.8230711521106029e-06         1.9642065255289387e-02         4.5025737145691552e-02         3.0461442679925279e-06         8.8596689287465252e-03        -1.1048532042118078e-01
11                                     9.4925566954718030e-07         3.9401639165607070e-06        -9.1494454402799626e-03         6.2727556972432204e-06        -7.8078699435301886e-06         2.3293239263399067e-02         3.9144121689776145e-05        -5.7068389572960904e-06
12                                    -3.3981458438427585e-02         2.5728652404946269e-02         8.2721718227666282e-06         2.5666151507318033e-03        -1.2579962091660256e-03        -6.4179164931142323e-07        -5.4774182465686543e-02        -4.9677105234568440e-02
13                                     8.2596004552526456e-02         4.0299059607303046e-02        -1.3054415188378311e-06         1.4145052993186613e-02        -7.4270905036326954e-02        -8.2934464826246605e-06        -1.0053877949913576e-01         3.0955846213497201e-03
14                                     1.1405589650726598e-05         2.9171070878466556e-06         6.9771779393857127e-03         1.4809490672510028e-08        -3.5150328423651764e-06        -1.0334248599307875e-02        -1.4178220273770234e-06         4.4693060597376960e-06
15                                    -3.4189929266619834e-01         2.1405502681445143e-02         2.2468921427931225e-05        -2.3492108442694684e-02        -7.2552103694272382e-02        -2.6461401570774949e-06        -5.1030395006577113e-02         2.3842766382649247e-02
16                                    -3.8867787420317643e-02        -1.3112794958726465e-01        -2.6886956589062765e-06        -3.5751307756098971e-02         3.1101510397342297e-02         3.2522920242596072e-06         3.6990086966472449e-02        -1.5328291560505055e-02
17                                     1.9438915891017185e-05        -1.0159406239122632e-05        -5.9619852736918749e-02        -3.1843805700155062e-06         7.7164304263215417e-06         6.5977471240027154e-03         1.0025910585445681e-05        -2.7616209212978049e-06
18                                     4.3825987736213160e-03         8.3793506899804658e-03         1.1074655510280807e-06        -3.2982318265566929e-03        -2.9516324953717163e-03         1.5431353515992238e-07         3.5378944873428993e-03         2.6633431205072564e-03
19                                    -1.1430503826437887e-03        -4.3111728652999778e-03        -9.7343341195394231e-07        -1.1631216965362198e-03         2.2845826819799038e-03         7.9371161279690289e-07         1.4629797073888711e-03        -2.0103754850760865e-03
20                                     6.1624224845767273e-07        -1.7137256776366722e-06         4.7150867658149777e-03        -3.5351160077053806e-07        -4.9392711065815702e-07        -8.2033328407337682e-04        -3.9106111803914281e-07         1.0732308686188062e-06
21                                    -1.3631681260597373e-01         1.2417630663186829e-01         1.2821191474140018e-05         1.2031281220533090e-02        -1.2987040021165748e-02        -1.5611168676064490e-06        -5.9243837568218180e-04        -3.4047094834114295e-03
22                                     1.2439425988094413e-01        -2.5787521428288884e-01        -2.1729087621106342e-05         1.7650848551633434e-02        -1.7920922160472814e-02        -1.2887473972415475e-06        -4.6065636242413697e-03        -4.1406310220777533e-03
23                                     9.1044874164021102e-06        -2.0573525701603608e-05        -3.9305322855079060e-02         1.9047399067298581e-06         1.5042173416907707e-06         4.4283196140165095e-03         1.3179367562402711e-06        -2.1799661557679205e-06
24                                    -9.4161037868913562e-03         1.5534923256009595e-03         2.0253421736609909e-06        -3.3603648713464795e-01        -1.9461761157968660e-02         3.1383865923925819e-06        -1.3317056473772786e-02        -5.9736690458934913e-03
25                                    -2.9283846100336609e-02         3.0020650753997272e-03         1.3476722538254898e-06        -1.9705874510923930e-02        -5.9883454153412674e-02        -3.6561447724228154e-07         2.6169150477552208e-02         8.5956556330773048e-03
26                                    -1.9835106810906180e-06         2.5741389688354374e-07         1.4834375977639197e-03         5.1620562630239866e-06        -1.7899944747471861e-06        -3.3818252987835695e-02         3.5307133837526890e-07         1.4518585458961953e-06
27                                    -1.7412987224157540e-03         3.2721653391593378e-03         2.7945164417159994e-07         1.1258832277916167e-02         1.6334386636098909e-02         2.3306140184680916e-06        -9.3234137172596043e-02        -9.5243531973985759e-02
28                                     4.3532349039788337e-03        -3.1611288688814625e-03        -1.9520892259082024e-06        -1.3181730395967674e-02        -1.7629873593232072e-02        -3.6788963110971317e-06        -9.5678378872422434e-02        -2.9033322629425889e-01
29                                     6.6572979737003113e-07         6.2240528800729696e-08         7.4397354668757146e-03        -1.4247867191448724e-06         1.2989131519270017e-06         6.7248691860979874e-03        -2.5492586674193254e-05        -5.6401149685086853e-05
30                                    -1.0003883024511637e-02        -2.8093334928799618e-02        -2.1458656575914275e-06        -5.4332579232149632e-03         1.3466678054870713e-03         1.2247138421577221e-06        -1.5911249604310658e-03         6.7601923614870360e-04
31                                     1.3801006525121021e-03         4.1752322553820290e-03         1.5437345540360581e-07         5.8657164874793919e-04         2.2697812996281277e-03        -8.3549822637551174e-07         2.0730878865475011e-03         7.9138371386026983e-04
32                                     2.4266779725013810e-06         2.8368495244101157e-06         2.5201427314540132e-03         7.3976038383764355e-07        -9.0395757277473147e-07         8.6676461303420195e-03         6.3304347684144186e-07        -2.2601840700120715e-07
                                                         8                           9                          10                          11                          12                          13                          14                          15

0                                     -3.1117228824965400e-06        -4.9971436173761541e-02        -3.6625781692497250e-02         9.4925566954718030e-07        -3.3981458438427585e-02         8.2596004552526456e-02         1.1405589650726598e-05        -3.4189929266619834e-01
1                                     -1.0617836672774208e-05        -3.6911047652187015e-02        -1.8244312525695722e-02         3.9401639165607070e-06         2.5728652404946269e-02         4.0299059607303046e-02         2.9171070878466556e-06         2.1405502681445143e-02
2                                      8.7475256418443371e-03        -1.0107446298404078e-06        -1.8230711521106029e-06        -9.1494454402799626e-03         8.2721718227666282e-06        -1.3054415188378311e-06         6.9771779393857127e-03         2.2468921427931225e-05
3                                      8.8704797750494397e-06        -5.2448497771253114e-02         1.9642065255289387e-02         6.2727556972432204e-06         2.5666151507318033e-03         1.4145052993186613e-02         1.4809490672510028e-08        -2.3492108442694684e-02
4                                     -1.4926507056138018e-05         7.9106225824240275e-02         4.5025737145691552e-02        -7.8078699435301886e-06        -1.2579962091660256e-03        -7.4270905036326954e-02        -3.5150328423651764e-06        -7.2552103694272382e-02
5                                     -6.7714549277247252e-02         1.3222313309227961e-05         3.0461442679925279e-06         2.3293239263399067e-02        -6.4179164931142323e-07        -8.2934464826246605e-06        -1.0334248599307875e-02        -2.6461401570774949e-06
6                                     -1.9924065116159868e-05        -3.0895675061973826e-01         8.8596689287465252e-03         3.9144121689776145e-05        -5.4774182465686543e-02        -1.0053877949913576e-01        -1.4178220273770234e-06        -5.1030395006577113e-02
7                                      7.4272758448650194e-05        -1.6612713116200863e-02        -1.1048532042118078e-01        -5.7068389572960904e-06        -4.9677105234568440e-02         3.0955846213497201e-03         4.4693060597376960e-06         2.3842766382649247e-02
8                                      1.5543546685496754e-01         2.2570615252614242e-05        -4.0959067555365895e-06        -6.4670695738764716e-02         2.4089382587912969e-06         6.5363910933498521e-06         9.5438034253528606e-04         4.8445690960988723e-06
9                                      2.2570615252614242e-05         5.6529886860726275e-01         1.1952501111076910e-01        -4.7573424436297740e-05        -1.4170987951271324e-01        -7.8045382722542633e-02         8.6562004948284454e-06         6.1067792946480515e-02
10                                    -4.0959067555365895e-06         1.1952501111076910e-01         4.5929348023659849e-01         7.2356081687240308e-06        -6.7675104988089554e-02        -2.9777980869693743e-01         8.4354918445017277e-07         2.0068720334001755e-02
11                                    -6.4670695738764716e-02        -4.7573424436297740e-05         7.2356081687240308e-06         9.1160825305628135e-02         2.8517052802370310e-06         1.9846927950953599e-07        -6.8540059670342726e-02         4.0223158576162752e-07
12                                     2.4089382587912969e-06        -1.4170987951271324e-01        -6.7675104988089554e-02         2.8517052802370310e-06         4.7561359724449259e-01        -1.0809810879111793e-02        -3.5353500532743926e-05        -1.4766846579235937e-01
13                                     6.5363910933498521e-06        -7.8045382722542633e-02        -2.9777980869693743e-01         1.9846927950953599e-07        -1.0809810879111793e-02         6.5387002687826723e-01         4.7546008733531593e-05         5.0975445349960458e-02
14                                     9.5438034253528606e-04         8.6562004948284454e-06         8.4354918445017277e-07        -6.8540059670342726e-02        -3.5353500532743926e-05         4.7546008733531593e-05         1.4647838996496898e-01         1.9522085505462252e-05
15                                     4.8445690960988723e-06         6.1067792946480515e-02         2.0068720334001755e-02         4.0223158576162752e-07        -1.4766846579235937e-01         5.0975445349960458e-02         1.9522085505462252e-05         6.8184860008594894e-01
16                                    -2.0908388407765240e-06        -3.2330551014652834e-02        -6.8793790447413683e-02        -6.0011445417784060e-06         1.1050964545769590e-01        -2.7332295811549895e-01        -4.3104915408029407e-05         5.5471117280075401e-02
17                                    -7.1370403761793454e-03        -4.2473859921937353e-06        -4.2075042620009694e-06         2.1073668290073073e-02         2.4746606446192939e-05        -4.2257707494635406e-05        -6.7582909716732975e-02        -4.0232045108676753e-05
18                                    -7.6676979522453089e-07        -4.6092235836605412e-02        -3.9697830082983311e-02        -5.3932508169281545e-07        -1.0326953205891767e-01         2.9332256154659044e-02        -6.8940155452736106e-08        -4.2630759662371301e-02
19                                    -8.3903772390333149e-07        -3.7212251900135440e-02        -5.9173132789732876e-03         1.5331720708893703e-06         1.0811542812014106e-02        -3.6480126745088437e-02        -1.8633937541178458e-06         2.5340486444591397e-02
20                                     7.4465168159001168e-03        -7.4868879594565758e-07         1.1781163231879166e-07         6.7100312183186045e-05        -4.0008659025753152e-06         2.7041892153051951e-07        -2.8698317841656166e-02         4.4751030194645101e-06
21                                    -8.7773797367182808e-08        -4.7732150510808313e-04        -8.0099954318790453e-04        -8.0748478205685514e-07        -4.6819937492198005e-03        -1.1831801965008441e-03         4.9849272047223721e-09        -1.1947019149436289e-02
22                                    -8.8771986232865666e-07        -7.4709780708954142e-04         6.1061214979972293e-04         1.3524263002024763e-06        -6.4448349217056575e-04         2.0367823845231833e-03        -1.2043633668854655e-07        -2.2063668245897936e-03
23                                     7.9977459045617091e-03        -2.1166858217369506e-06        -1.2587459530051293e-06        -3.5931382579836853e-03         1.2960974026841289e-06         2.2887529717026848e-06         9.1918606176304030e-03         3.3129895709664840e-06
24                                     7.0877009173967313e-07        -1.3147841642796761e-03         3.5091835973175009e-03         2.9420034018090278e-07         1.7733651891322973e-03         1.1064729930305337e-03        -1.0395619501825288e-06         1.1672498780600348e-03
25                                    -7.2103145862290458e-07         4.9767815975396961e-03        -3.2379982102910317e-03        -9.4597401815207419e-07        -8.0277646879349984e-04        -3.3867207968240930e-03        -2.6889194833751996e-07        -2.0686218453542940e-03
26                                     1.2286835356697598e-04         1.6030004362791368e-06        -2.0672016842557549e-06         7.8760204585971889e-03         2.0705138735687493e-07         5.0942795958753894e-07         2.8044181182283756e-04        -1.0850137007855928e-07
27                                    -1.9124429340271402e-05        -2.5487122404609423e-02        -3.0902205728576899e-02        -1.7003659188877152e-06        -4.1268493453925220e-03        -1.7886688251356649e-03        -2.6817081270232269e-07        -7.2517650852857419e-04
28                                    -4.6458577918650558e-05        -5.7401985769768779e-03         4.6410335268974208e-03         3.8890840177536117e-06         1.5336750352934214e-03         3.4591638844375292e-03        -3.5823454768955152e-06         8.1275927696155561e-04
29                                    -4.0680278683429535e-02         7.4534582246761355e-06         5.2442900264931027e-06        -4.2236375259229447e-03         2.3694525076124952e-06        -1.7936043656227612e-06         1.0851595967528964e-02        -1.8259394803696636e-06
30                                     3.4554797516907326e-07         9.1366434325384447e-05         4.4568776519259392e-03         1.7285367522489292e-06         1.0258783778360056e-02         1.4336647508032756e-02        -1.1602778138379667e-07        -1.2469042568232395e-01
31                                     6.0574662637151407e-08         3.6316194145208200e-03        -5.1123194784952926e-03        -1.5814055044454184e-07        -1.7842295867018979e-02        -1.7520097985204944e-02        -1.1865338678534947e-06        -1.2083273817848220e-01
32                                    -5.0193983775511167e-04         1.1691351623286592e-06        -5.6392921550800992e-07         6.7061230034134020e-03        -3.4955118300629089e-06        -5.8336905287696642e-06         4.2168918416750877e-04        -8.3497229933698821e-06
                                                        16                          17                          18                          19                          20                          21                          22                          23

0                                     -3.8867787420317643e-02         1.9438915891017185e-05         4.3825987736213160e-03        -1.1430503826437887e-03         6.1624224845767273e-07        -1.3631681260597373e-01         1.2439425988094413e-01         9.1044874164021102e-06
1                                     -1.3112794958726465e-01        -1.0159406239122632e-05         8.3793506899804658e-03        -4.3111728652999778e-03        -1.7137256776366722e-06         1.2417630663186829e-01        -2.5787521428288884e-01        -2.0573525701603608e-05
2                                     -2.6886956589062765e-06        -5.9619852736918749e-02         1.1074655510280807e-06        -9.7343341195394231e-07         4.7150867658149777e-03         1.2821191474140018e-05        -2.1729087621106342e-05        -3.9305322855079060e-02
3                                     -3.5751307756098971e-02        -3.1843805700155062e-06        -3.2982318265566929e-03        -1.1631216965362198e-03        -3.5351160077053806e-07         1.2031281220533090e-02         1.7650848551633434e-02         1.9047399067298581e-06
