*************************************************
******************* ORCA 6.0.0 ******************
*************************************************
$Calculation_Status
   &GeometryIndex 1
   &ListStatus       OUT
   &VERSION [&Type "String"] "6.0.0"
   &PROGNAME [&Type "String"] "LeanSCF"
   &STATUS [&Type "String"] "NORMAL TERMINATION"
$End
$Geometry
   &GeometryIndex 1
   &ListStatus       OUT
   &NATOMS [&Type "Integer"] 11
   &NCORELESSECP [&Type "Integer"] 0
   &NGHOSTATOMS [&Type "Integer"] 0
   &CartesianCoordinates [&Type "Coordinates", &Dim(11,4), &Units "Bohr"] 
              C     -3.167064518489    2.222724389583    0.000134252759
              C     -4.367475067803   -0.118943372679    0.000248239716
              C     -2.877678299661   -2.277825759867    0.000224143629
              N     -0.345440540206   -2.219093456750    0.000009281957
              C      0.734428727663    0.019552760659   -0.000141843788
              C     -0.547508200005    2.320529261729   -0.000049173887
              Cl     4.065258154846    0.075755895135   -0.000367706313
              H     -4.255652681707    3.960477188791    0.000171779885
              H     -6.410470027040   -0.268332206816    0.000377796316
              H     -3.730456847229   -4.148409991338    0.000243859331
              H      0.474314849474    4.093203534896   -0.000148039634
$End
$SCF_Energy
   &GeometryIndex 1
   &ListStatus       OUT
   &SCF_ENERGY [&Type "Double"]      -7.0782588547674391e+02
$End
$DFT_Energy
   &GeometryIndex 1
   &ListStatus       OUT
   &NALPHAEL [&Type "Integer"] 29
   &NBETAEL [&Type "Integer"] 29
   &NTOTALEL [&Type "Integer"] 58
   &EEXCHANGE [&Type "Double"]      -6.1652844464378376e+01
   &ECORR [&Type "Double"]      -1.9938029204947758e+00
   &ECNL [&Type "Double"]       0.0000000000000000e+00
   &EXC [&Type "Double"]      -6.3646647384873148e+01
   &EEMBED [&Type "Double"]       0.0000000000000000e+00
   &FINALEN [&Type "Double"]      -7.0782588547674391e+02  "No Van der Waals correction"
$End
$Mulliken_Population_Analysis
   &GeometryIndex 1
   &ListStatus       OUT
   &NATOMS [&Type "Integer"] 11
   &ATNO [&Type "ArrayOfIntegers", &Dim (11,1)] 
                                                         0

0                                                        6
1                                                        6
2                                                        6
3                                                        7
4                                                        6
5                                                        6
6                                                       17
7                                                        1
8                                                        1
9                                                        1
10                                                       1
   &ATOMICCHARGES [&Type "ArrayOfDoubles", &Dim (11,1)] 
                                                         0

0                                     -7.8978295267370768e-02
1                                     -1.0769979138686647e-01
2                                     -1.4648392821055012e-03
3                                     -2.2212226848815497e-01
4                                      2.0353896944187877e-01
5                                     -1.9130873261655790e-01
6                                     -1.0666731429611076e-01
7                                      1.2669747938047760e-01
8                                      1.2282186370404657e-01
9                                      1.2357858896383855e-01
10                                     1.3160433984677211e-01
$End
$Loewdin_Population_Analysis
   &GeometryIndex 1
   &ListStatus       OUT
   &NATOMS [&Type "Integer"] 11
   &ATNO [&Type "ArrayOfIntegers", &Dim (11,1)] 
                                                         0

0                                                        6
1                                                        6
2                                                        6
3                                                        7
4                                                        6
5                                                        6
6                                                       17
7                                                        1
8                                                        1
9                                                        1
10                                                       1
   &ATOMICCHARGES [&Type "ArrayOfDoubles", &Dim (11,1)] 
                                                         0

0                                     -1.1372285225485168e-01
1                                     -1.4927803153611219e-01
2                                     -1.8903107189984070e-01
3                                      1.4114643559725160e-01
4                                     -4.9832093642205333e-01
5                                     -1.4933676066791701e-01
6                                      3.7180862586379604e-01
7                                      1.4955681630385953e-01
8                                      1.4745712791344001e-01
9                                      1.3998467603211628e-01
10                                     1.4973597107015901e-01
$End
$Mayer_Population_Analysis
   &GeometryIndex 1
   &ListStatus       OUT
   &NATOMS [&Type "Integer"] 11 "Total number of atoms"
   &BONDTHRESH [&Type "Double"]       1.0000000000000001e-01  "The threshold for printing"
   &NBONDORDERSPRINT [&Type "Integer"] 11 "The number of bond orders larger than threshold"
   &BONDORDERS [&Type "ArrayOfDoubles", &Dim (11,1)] "The bond orders"
                                                         0

0                                      1.3864639625460871e+00
1                                      1.4106301303323585e+00
2                                      9.6121495358591436e-01
3                                      1.3996118101504891e+00
4                                      9.6130802238196056e-01
5                                      1.4069471550343744e+00
6                                      9.7730989789594114e-01
7                                      1.4734385861072210e+00
8                                      1.3754434431803801e+00
9                                      1.0623022160343609e+00
10                                     9.5937464600542299e-01
   &COMPONENTS [&Type "ArrayOfIntegers", &Dim (11,4)] "The indices and atomic numbers of the bonding atoms"
                                                         0                           1                           2                           3

0                                                        0                           6                           1                           6
1                                                        0                           6                           5                           6
2                                                        0                           6                           7                           1
3                                                        1                           6                           2                           6
4                                                        1                           6                           8                           1
5                                                        2                           6                           3                           7
6                                                        2                           6                           9                           1
7                                                        3                           7                           4                           6
8                                                        4                           6                           5                           6
9                                                        4                           6                           6                          17
10                                                       5                           6                          10                           1
   &ATNO [&Type "ArrayOfIntegers", &Dim (11,1)] "Atomic number of the elements"
                                                         0

0                                                        6
1                                                        6
2                                                        6
3                                                        7
4                                                        6
5                                                        6
6                                                       17
7                                                        1
8                                                        1
9                                                        1
10                                                       1
   &NA [&Type "ArrayOfDoubles", &Dim (11,1)] "Mulliken gross atomic population"
                                                         0

0                                      6.0789782952673708e+00
1                                      6.1076997913868558e+00
2                                      6.0014648392821046e+00
3                                      7.2221222684881710e+00
4                                      5.7964610305581212e+00
5                                      6.1913087326165543e+00
6                                      1.7106667314296146e+01
7                                      8.7330252061952152e-01
8                                      8.7717813629595442e-01
9                                      8.7642141103616145e-01
10                                     8.6839566015322778e-01
   &ZA [&Type "ArrayOfDoubles", &Dim (11,1)] "Total nuclear charge"
                                                         0

0                                      6.0000000000000000e+00
1                                      6.0000000000000000e+00
2                                      6.0000000000000000e+00
3                                      7.0000000000000000e+00
4                                      6.0000000000000000e+00
5                                      6.0000000000000000e+00
6                                      1.7000000000000000e+01
7                                      1.0000000000000000e+00
8                                      1.0000000000000000e+00
9                                      1.0000000000000000e+00
10                                     1.0000000000000000e+00
   &QA [&Type "ArrayOfDoubles", &Dim (11,1)] "Mulliken gross atomic charge"
                                                         0

0                                     -7.8978295267370768e-02
1                                     -1.0769979138685581e-01
2                                     -1.4648392821046130e-03
3                                     -2.2212226848817096e-01
4                                      2.0353896944187877e-01
5                                     -1.9130873261655434e-01
6                                     -1.0666731429614629e-01
7                                      1.2669747938047848e-01
8                                      1.2282186370404558e-01
9                                      1.2357858896383855e-01
10                                     1.3160433984677222e-01
   &VA [&Type "ArrayOfDoubles", &Dim (11,1)] "Mayer's total valence"
                                                         0

0                                      3.9098777670963178e+00
1                                      3.8438858369622544e+00
2                                      3.9730750852390551e+00
3                                      2.9901486945426701e+00
4                                      4.0753297131368038e+00
5                                      3.9124991920974272e+00
6                                      1.2121434456704556e+00
7                                      9.7488051360287697e-01
8                                      9.7583564657470789e-01
9                                      9.7835416302194733e-01
10                                     9.8253884817826287e-01
   &BVA [&Type "ArrayOfDoubles", &Dim (11,1)] "Mayer's bonded valence"
                                                         0

0                                      3.9098777670965399e+00
1                                      3.8438858369623343e+00
2                                      3.9730750852390395e+00
3                                      2.9901486945426479e+00
4                                      4.0753297131367292e+00
5                                      3.9124991920975560e+00
6                                      1.2121434456704450e+00
7                                      9.7488051360291827e-01
8                                      9.7583564657467470e-01
9                                      9.7835416302193590e-01
10                                     9.8253884817827841e-01
   &FA [&Type "ArrayOfDoubles", &Dim (11,1)] "Mayer's free valence"
                                                         0

0                                      0.0000000000000000e+00
1                                      0.0000000000000000e+00
2                                      0.0000000000000000e+00
3                                      0.0000000000000000e+00
4                                      0.0000000000000000e+00
5                                      0.0000000000000000e+00
6                                      0.0000000000000000e+00
7                                      0.0000000000000000e+00
8                                      0.0000000000000000e+00
9                                      0.0000000000000000e+00
10                                     0.0000000000000000e+00
$End
$VdW_Correction
   &GeometryIndex 1
   &ListStatus       OUT
   &VDW [&Type "Double"]      -3.6309253793274927e-03
$End
$Calculation_Info
   &GeometryIndex 1
   &ListStatus       OUT
   &MULT [&Type "Integer"] 1
   &CHARGE [&Type "Integer"] 0
   &NUMOFATOMS [&Type "Integer"] 11
   &NUMOFELECTRONS [&Type "Integer"] 58
   &NUMOFFCELECTRONS [&Type "Integer"] 1
   &NUMOFCORRELECTRONS [&Type "Integer"] 0
   &NUMOFBASISFUNCTS [&Type "Integer"] 247
   &NUMOFAUXCBASISFUNCTS [&Type "Integer"] 0
   &NUMOFAUXJBASISFUNCTS [&Type "Integer"] 266
   &NUMOFAUXJKBASISFUNCTS [&Type "Integer"] 0
   &NUMOFCABSBASISFUNCTS [&Type "Integer"] 0
   &TOTALENERGY [&Type "Double"]      -7.0782369903522317e+02  "Hartrees"
$End
$SCF_Dipole_Moment
   &GeometryIndex 1
   &ListStatus       OUT
   &METHOD [&Type "String"] "SCF"
   &LEVEL [&Type "String"] "Relaxed density"
   &MULT [&Type "Integer"] 1
   &STATE [&Type "Integer"] -1
   &IRREP [&Type "Integer"] 0
   &NATOMS [&Type "Integer"] 11
   &DODIPOLEATOM [&Type "Boolean"] false
   &DIPOLEELECCONTRIB [&Type "ArrayOfDoubles", &Dim (3,1)] "Electronic contribution"
                                                         0

0                                      8.6918357989430977e+00
1                                     -1.0466091556998882e+00
2                                     -6.0289814201845064e-04
   &DIPOLENUCCONTRIB [&Type "ArrayOfDoubles", &Dim (3,1)] "Nuclear contribution"
                                                         0

0                                     -9.8277323775679015e+00
1                                      1.7308557085497909e+00
2                                      6.6339717907574526e-04
   &DIPOLETOTAL [&Type "ArrayOfDoubles", &Dim (3,1)] "Total"
                                                         0

0                                     -1.1358965786248039e+00
1                                      6.8424655284990266e-01
2                                      6.0499037057294616e-05
   &DIPOLEMAGNITUDE [&Type "Double", &Units "a.u."]       1.3260672630295356e+00
$End
$THERMOCHEMISTRY_Energies
   &GeometryIndex 1
   &ListStatus       OUT
   &TEMPERATURE [&Type "Double"]       2.9814999999999998e+02
   &PRESSURE [&Type "Double"]       1.0000000000000000e+00
   &TOTALMASS [&Type "Double"]       1.1354699999999998e+02
   &SPINDEGENERACY [&Type "Integer"] 1
   &ELENERGY [&Type "Double"]      -7.0782369903522317e+02
   &TRANSENERGY [&Type "Double"]       1.4162714244859817e-03
   &ROTENERGY [&Type "Double"]       1.4162714244859817e-03
   &VIBENERGY [&Type "Double"]       2.5608390890814641e-03
   &NUMOFFREQS [&Type "Integer"] 33
   &FREQSCALINGFACTOR [&Type "Double"]       1.0000000000000000e+00
   &FREQ [&Type "ArrayOfDoubles", &Dim (33,1)] "In cm^-1"
                                                         0

0                                      0.0000000000000000e+00
1                                      0.0000000000000000e+00
2                                      0.0000000000000000e+00
3                                      0.0000000000000000e+00
4                                      0.0000000000000000e+00
5                                      0.0000000000000000e+00
6                                      1.7496504904358795e+02
7                                      3.1486612787108305e+02
8                                      4.1199475303544148e+02
9                                      4.1340314271599061e+02
10                                     4.8926916144745201e+02
11                                     6.2765235459374503e+02
12                                     7.3241589708995593e+02
13                                     7.4995766994824464e+02
14                                     7.7310592428690177e+02
15                                     8.8891897137564831e+02
16                                     9.7148656679068745e+02
17                                     9.9540682907962605e+02
18                                     1.0047547860146968e+03
19                                     1.0644094057923933e+03
20                                     1.1007518841287842e+03
21                                     1.1312742729830727e+03
22                                     1.1723134408381588e+03
23                                     1.3040712576086362e+03
24                                     1.3163234973197621e+03
25                                     1.4425314671015551e+03
26                                     1.4788066680943487e+03
27                                     1.5997535943968776e+03
28                                     1.6064215614166494e+03
29                                     3.1452005713865374e+03
30                                     3.1724292895239519e+03
31                                     3.1913402737459364e+03
32                                     3.2046438790820789e+03
   &ZPE [&Type "Double"]       7.8547730389602305e-02
   &INNERENERGYU [&Type "Double"]      -7.0773975792289571e+02
   &ENTHALPYH [&Type "Double"]      -7.0773881371385346e+02
   &QEL [&Type "Double"]       0.0000000000000000e+00
   &QROT [&Type "Double"]       1.3152591266417777e-02
   &QVIB [&Type "Double"]       3.8797724110303730e-03
   &QTRANS [&Type "Double"]       1.9051174676717544e-02
   &ENTROPYS [&Type "Double"]       3.6083538354165695e-02
   &FREEENERGYG [&Type "Double"]      -7.0777489725220767e+02
   &ISLINEAR [&Type "Boolean"] false
$End
$Hessian
   &GeometryIndex 1
   &ListStatus       OUT
   &HESSIAN [&Type "ArrayOfDoubles", &Dim (33,33)] "The Hessian"
                                                         0                           1                           2                           3                           4                           5                           6                           7

0                                      6.8539322409967351e-01        -3.9178524298106587e-02        -3.5826190165095007e-05        -1.7096735634473889e-01        -5.2556359658972790e-02         7.5773503878953521e-06         6.7713879012172046e-02        -1.4577291938742768e-02
1                                     -3.9178524298106587e-02         7.1811613734394419e-01        -7.6470274039485052e-06        -1.1089126678287571e-01        -2.9092961564693337e-01         1.1315962104195384e-05         3.0846083014758122e-02        -6.0977977935982725e-02
2                                     -3.5826190165095007e-05        -7.6470274039485052e-06         1.3789385511098781e-01         8.9212744406515022e-06         6.9439753586438599e-06        -6.1869756804229792e-02        -4.3435530611865328e-06         2.8686694510009296e-06
3                                     -1.7096735634473889e-01        -1.1089126678287571e-01         8.9212744406515022e-06         7.5122577719181038e-01         1.0298840622441019e-02        -3.8107746989839470e-05        -1.8545247542221155e-01         1.1799218267371077e-01
4                                     -5.2556359658972790e-02        -2.9092961564693337e-01         6.9439753586438599e-06         1.0298840622441019e-02         6.5379622104153634e-01        -1.0704210622508917e-05         5.4525219069000916e-02        -2.7395984050539463e-01
5                                      7.5773503878953521e-06         1.1315962104195384e-05        -6.1869756804229792e-02        -3.8107746989839470e-05        -1.0704210622508917e-05         1.2510592191394912e-01         3.9376269808480158e-06        -1.3024652471192955e-06
6                                      6.7713879012172046e-02         3.0846083014758122e-02        -4.3435530611865328e-06        -1.8545247542221155e-01         5.4525219069000916e-02         3.9376269808480158e-06         6.5008517811029809e-01         3.9324506152057681e-02
7                                     -1.4577291938742768e-02        -6.0977977935982725e-02         2.8686694510009296e-06         1.1799218267371077e-01        -2.7395984050539463e-01        -1.3024652471192955e-06         3.9324506152057681e-02         7.4236654607779196e-01
8                                     -3.5321333118582932e-06        -1.3069066771207525e-06         8.7863423360443841e-03         3.2010463825929106e-06         1.8283129130755228e-06        -6.8139979005596499e-02        -3.1998792407910726e-05        -7.5220398923762491e-06
9                                     -5.0339227468248780e-02        -3.6995173052346342e-02         3.1415499092989391e-06        -5.3019370525082640e-02         7.9550879164061644e-02         4.6013388360209261e-06        -3.2235344391861098e-01        -1.7923659736007378e-02
10                                    -3.6570120104444929e-02        -1.8256091142138532e-02         2.2222533767246911e-06         1.9743853490680648e-02         4.5238057845690904e-02        -1.8221839746309690e-06         7.3921356179729725e-03        -1.0944323049439331e-01
11                                     3.8150447565880933e-06         3.1900426334273141e-06        -9.1890641976617275e-03         5.3315956124194038e-06        -7.8023163094712430e-06         2.3487120772830307e-02         2.2400195474295061e-05         1.7471060501809706e-06
12                                    -3.3445558907566106e-02         2.5675785233820407e-02         2.8633280010107688e-06         3.0539142712333045e-03        -1.3862344215081410e-03        -6.3854816801611833e-07        -5.5157631427027898e-02        -4.9882098508573350e-02
13                                     8.2043445911962221e-02         4.0316065597849240e-02        -5.9320997097630895e-06         1.4346072666584157e-02        -7.4099583322957754e-02         5.9142169933885765e-07        -1.0051682237501430e-01         2.5262329168683050e-03
14                                     1.3648657970840606e-06        -1.7517417015990711e-06         6.8649211519768672e-03        -1.7618026578574515e-06         7.1159152771991412e-07        -1.0457345010519366e-02         8.4317013537576424e-06         4.0993325427994868e-06
15                                    -3.4522355516197867e-01         2.1369766398762570e-02         1.9332595738817100e-05        -2.3505613122486828e-02        -7.2766009963717918e-02         3.1638869811456846e-06        -5.1315707379051695e-02         2.3630540719611300e-02
16                                    -3.8715113781038049e-02        -1.3089095258240169e-01         4.1483222592521390e-06        -3.5864377812262455e-02         3.0862689484783604e-02         1.6234015248219703e-06         3.6920397679909192e-02        -1.5297645743713091e-02
17                                     2.1098359308754631e-05        -3.3424818898276109e-07        -5.9145605850450492e-02         2.0682762709475053e-06         4.3499668853443933e-06         6.5183108791034006e-03         3.6285927877592613e-06        -1.6975404532913259e-06
18                                     4.3858101889759932e-03         8.3163603505290035e-03         9.4963579272634241e-08        -3.3445103355341124e-03        -2.9950711191283255e-03         2.0636312546208899e-07         3.4817498727265812e-03         2.9264457849495942e-03
19                                    -1.1576037239882202e-03        -4.3628524725663450e-03         1.4362055084913930e-07        -1.1868916138024418e-03         2.3068490222358596e-03        -1.5458238392270244e-08         1.5147657973425153e-03        -1.9590245892035394e-03
20                                     5.3309693599755539e-08        -6.7160880760847176e-07         4.6923132426105732e-03         2.7821809389945436e-07        -9.3985439406103364e-08        -8.0020744295478715e-04        -3.1118377255481937e-08         3.8132250268999029e-07
21                                    -1.3646069939503977e-01         1.2398106690669936e-01         3.8647602749687968e-06         1.2028609727160617e-02        -1.2949115664013015e-02        -9.3414228064983771e-08        -5.7746474657407933e-04        -3.4060561363737024e-03
22                                     1.2416828518067456e-01        -2.5707446743991513e-01        -4.2399749724935046e-06         1.7678381265847198e-02        -1.8031981886855217e-02        -8.0116043303643045e-07        -4.6449866624507039e-03        -4.1675196843230355e-03
23                                     3.2817973627412475e-06        -4.2312119044885062e-06        -3.9390957754059555e-02        -6.0191016656264824e-07         1.7671588721701788e-06         4.4684313425844783e-03         8.4284965991629064e-07         2.5545029357976449e-07
24                                    -9.3770407912452704e-03         1.5829687512684612e-03         6.4360769274559866e-07        -3.3586736886481400e-01        -1.9479981055009359e-02         1.8736941801948960e-05        -1.3098295264461008e-02        -6.0914034708281356e-03
25                                    -2.9245029608565367e-02         3.0006037877728475e-03         1.8216688312088749e-06        -1.9565261726475169e-02        -5.9903135976163140e-02         1.9704774678646899e-06         2.5936031775586843e-02         8.7773845904251004e-03
26                                     9.3422717201100993e-07        -4.8850142205444551e-07         1.4784052941710733e-03         1.9530007566269467e-05         1.6210157039675163e-06        -3.3721953845326079e-02        -9.2163529086437224e-07         7.5907869260026076e-07
27                                    -1.7652338532019554e-03         3.2808281223976735e-03         3.9083175220977122e-07         1.1266099133438045e-02         1.6270631211482291e-02        -3.3861436566599717e-07        -9.1740910030220099e-02        -9.2710498408812778e-02
28                                     4.3795636957382608e-03        -3.1569019003181127e-03        -2.3546760969553691e-07        -1.3037185355778903e-02        -1.7578719553947401e-02         5.2490168590450923e-07        -9.3370352033422782e-02        -2.8866717142307896e-01
29                                     3.5904758252391682e-07         2.3991177131019877e-07         7.4199250732969518e-03         9.8705729291356127e-08         1.4069797357220314e-07         6.6821451266908631e-03        -6.7570769858062321e-08         6.7455515400393915e-07
30                                    -9.9142413788021640e-03        -2.8012843311359257e-02         1.1987742281199737e-06        -5.4177057087743657e-03         1.3755764361810738e-03         9.8281843764117493e-07        -1.5848788070393876e-03         6.6621851981182271e-04
31                                     1.4336969919359760e-03         4.2160523906896678e-03        -3.5980192659488895e-07         5.9727795111348854e-04         2.2990594980046865e-03        -2.5110503691352384e-08         2.1241363134565042e-03         8.0224679100407144e-04
32                                     5.9237902494169372e-07         1.9511913916855078e-06         2.4596223973139247e-03         1.0143329188123397e-06        -1.1778232585350539e-07         8.7273120734683695e-03         2.2312203232600775e-07        -2.1116253866888716e-08
                                                         8                           9                          10                          11                          12                          13                          14                          15

0                                     -3.5321333118582932e-06        -5.0339227468248780e-02        -3.6570120104444929e-02         3.8150447565880933e-06        -3.3445558907566106e-02         8.2043445911962221e-02         1.3648657970840606e-06        -3.4522355516197867e-01
1                                     -1.3069066771207525e-06        -3.6995173052346342e-02        -1.8256091142138532e-02         3.1900426334273141e-06         2.5675785233820407e-02         4.0316065597849240e-02        -1.7517417015990711e-06         2.1369766398762570e-02
2                                      8.7863423360443841e-03         3.1415499092989391e-06         2.2222533767246911e-06        -9.1890641976617275e-03         2.8633280010107688e-06        -5.9320997097630895e-06         6.8649211519768672e-03         1.9332595738817100e-05
3                                      3.2010463825929106e-06        -5.3019370525082640e-02         1.9743853490680648e-02         5.3315956124194038e-06         3.0539142712333045e-03         1.4346072666584157e-02        -1.7618026578574515e-06        -2.3505613122486828e-02
4                                      1.8283129130755228e-06         7.9550879164061644e-02         4.5238057845690904e-02        -7.8023163094712430e-06        -1.3862344215081410e-03        -7.4099583322957754e-02         7.1159152771991412e-07        -7.2766009963717918e-02
5                                     -6.8139979005596499e-02         4.6013388360209261e-06        -1.8221839746309690e-06         2.3487120772830307e-02        -6.3854816801611833e-07         5.9142169933885765e-07        -1.0457345010519366e-02         3.1638869811456846e-06
6                                     -3.1998792407910726e-05        -3.2235344391861098e-01         7.3921356179729725e-03         2.2400195474295061e-05        -5.5157631427027898e-02        -1.0051682237501430e-01         8.4317013537576424e-06        -5.1315707379051695e-02
7                                     -7.5220398923762491e-06        -1.7923659736007378e-02        -1.0944323049439331e-01         1.7471060501809706e-06        -4.9882098508573350e-02         2.5262329168683050e-03         4.0993325427994868e-06         2.3630540719611300e-02
8                                      1.5539008496774928e-01         1.9490636791468207e-05         1.0448272173546574e-06        -6.3692522929583717e-02         4.4038865992894833e-06         5.7343761125066683e-06         9.1124744782336564e-04         3.2199756948830935e-06
9                                      1.9490636791468207e-05         5.8268397820489670e-01         1.2520043792267982e-01        -4.3143210167808399e-05        -1.4428176476319646e-01        -8.1697602515080694e-02         8.7189729814751694e-06         6.1535772946817537e-02
10                                     1.0448272173546574e-06         1.2520043792267982e-01         4.6281884728695244e-01        -2.0444898353359925e-05        -7.1149545295621175e-02        -3.0159584920608112e-01         1.3852872055982855e-05         1.9728618063004886e-02
11                                    -6.3692522929583717e-02        -4.3143210167808399e-05        -2.0444898353359925e-05         8.9172531832621249e-02         8.5554370826811245e-06         1.1894588070354509e-05        -6.7957192367497338e-02        -4.0435646761112323e-06
12                                     4.4038865992894833e-06        -1.4428176476319646e-01        -7.1149545295621175e-02         8.5554370826811245e-06         4.8652754593670594e-01        -3.0163324013174411e-03        -2.9266393638356859e-05        -1.4768659496522857e-01
13                                     5.7343761125066683e-06        -8.1697602515080694e-02        -3.0159584920608112e-01         1.1894588070354509e-05        -3.0163324013174411e-03         6.4973525374768215e-01        -7.8272574314113572e-06         4.7350069578798143e-02
14                                     9.1124744782336564e-04         8.7189729814751694e-06         1.3852872055982855e-05        -6.7957192367497338e-02        -2.9266393638356859e-05        -7.8272574314113572e-06         1.4662892157917898e-01         7.7456396553087956e-06
15                                     3.2199756948830935e-06         6.1535772946817537e-02         1.9728618063004886e-02        -4.0435646761112323e-06        -1.4768659496522857e-01         4.7350069578798143e-02         7.7456396553087956e-06         6.8617891463054548e-01
16                                    -2.2401496297934643e-06        -3.2532572475932220e-02        -6.9427656877591976e-02         5.0517274542322981e-06         1.0679034116317496e-01        -2.6504814642321167e-01        -7.6553723339775945e-06         6.0130982305407282e-02
17                                    -7.1574875545793136e-03        -2.0566397541110697e-06         1.5772685717611698e-06         2.1401081036731901e-02         5.4098056384614066e-06        -4.3103060785226510e-06        -6.8891414458579533e-02        -4.2191488384081003e-05
18                                     1.5647823821631297e-07        -4.6348417615547172e-02        -4.0075356502500825e-02         5.3948725220129374e-06        -1.1236039262007190e-01         2.9337929630039374e-02         5.7749391836026969e-06        -4.2627962470307160e-02
19                                     2.6246699680212173e-07        -3.7657504032695063e-02        -5.8649952261651331e-03         3.3628801991508535e-06         1.0822136857187459e-02        -3.6342380568116651e-02        -5.6172967390999674e-07         2.5550005139229948e-02
20                                     7.5167378396562489e-03         4.1812676472709872e-06         2.9685041963381855e-06         2.2279330353466853e-05         5.5871372156015021e-06        -2.3472747438558801e-06        -2.8107407988921820e-02         3.1635658575957409e-06
21                                     3.9737073802603858e-07        -4.7502444704703448e-04        -7.9884460850751429e-04        -1.8655209612365052e-07        -4.6516125083996898e-03        -1.2180669886807400e-03         6.0779913091679696e-07        -1.1955786534392981e-02
22                                     7.0355139166426408e-07        -7.4448684732130507e-04         6.1688288917268255e-04         1.5862716823846329e-07        -7.0873618103190058e-04         2.0726003016470016e-03         6.3146432664047601e-07        -2.1447496851171380e-03
23                                     8.0088211616177549e-03        -6.2230599768727004e-07        -3.9381929274415586e-07        -3.6547742918697137e-03         1.0799224513785325e-06         5.9915722620292948e-07         9.2557499675430949e-03         1.5349728708622242e-06
24                                     9.3412771074920257e-07        -1.3615620690892267e-03         3.5300338815590169e-03         8.2588357645681899e-07         1.7581958440088061e-03         1.1058483757971991e-03        -5.4079135296490059e-07         1.1650514322655535e-03
25                                    -1.8664538005084472e-06         5.0034813211414699e-03        -3.2904265481939897e-03         1.5085439876852461e-08        -8.2601727379968048e-04        -3.3460888755022836e-03         2.0171847666315868e-07        -2.0598875199765703e-03
26                                    -1.3193785607693367e-05         7.5411643800037061e-07        -3.8899661336702345e-07         7.8803398527395076e-03         2.1676325289954143e-07         1.4479094098054766e-07         2.8110751702876491e-04         2.4957437547383120e-07
27                                     1.4957557182281185e-06        -2.6146765002597997e-02        -3.1163783202248281e-02         2.1443401367539320e-06        -4.0410859173943695e-03        -1.9346503317830503e-03         8.2919784817072866e-07        -7.4991473180589579e-04
28                                     3.1643465078014191e-06        -6.2133185440417793e-03         4.5599082475426371e-03         1.3929813152895761e-06         1.5903383307321378e-03         3.4708196413829437e-03        -3.8446149524192697e-07         8.1202022301064217e-04
29                                    -4.1124396393884939e-02         2.8359096705223974e-06         2.4449988784371442e-06        -4.1788453905110198e-03         1.4505344983479102e-06        -1.1988265424110960e-07         1.0923460912150837e-02        -4.5563955167819814e-07
30                                     1.3022946448853873e-07         1.0582465770610442e-04         4.5180096434200012e-03         7.8979009090098396e-07         1.0284985056936924e-02         1.4310774858425225e-02        -9.8784352167809932e-07        -1.2581460464437683e-01
31                                    -4.4683979607322605e-08         3.6540798895471974e-03        -5.3554467747946189e-03         4.5890483640689020e-07        -1.8020303912793370e-02        -1.7688923809560275e-02         1.8549316855046888e-06        -1.2135956695782849e-01
32                                    -4.8565408363883573e-04         2.1453133348466412e-07        -8.5554566823188548e-08         6.7090463518470721e-03        -5.7815771275588156e-07        -1.5988614107600596e-06         5.4795124981613444e-04         8.5302672369846144e-06
                                                        16                          17                          18                          19                          20                          21                          22                          23

0                                     -3.8715113781038049e-02         2.1098359308754631e-05         4.3858101889759932e-03        -1.1576037239882202e-03         5.3309693599755539e-08        -1.3646069939503977e-01         1.2416828518067456e-01         3.2817973627412475e-06
1                                     -1.3089095258240169e-01        -3.3424818898276109e-07         8.3163603505290035e-03        -4.3628524725663450e-03        -6.7160880760847176e-07         1.2398106690669936e-01        -2.5707446743991513e-01        -4.2312119044885062e-06
2                                      4.1483222592521390e-06        -5.9145605850450492e-02         9.4963579272634241e-08         1.4362055084913930e-07         4.6923132426105732e-03         3.8647602749687968e-06        -4.2399749724935046e-06        -3.9390957754059555e-02
3                                     -3.5864377812262455e-02         2.0682762709475053e-06        -3.3445103355341124e-03        -1.1868916138024418e-03         2.7821809389945436e-07         1.2028609727160617e-02         1.7678381265847198e-02        -6.0191016656264824e-07
