*************************************************
******************* ORCA 6.0.0 ******************
*************************************************
$Calculation_Status
   &GeometryIndex 1
   &ListStatus       OUT
   &VERSION [&Type "String"] "6.0.0"
   &PROGNAME [&Type "String"] "LeanSCF"
   &STATUS [&Type "String"] "NORMAL TERMINATION"
$End
$Geometry
   &GeometryIndex 1
   &ListStatus       OUT
   &NATOMS [&Type "Integer"] 8
   &NCORELESSECP [&Type "Integer"] 0
   &NGHOSTATOMS [&Type "Integer"] 0
   &CartesianCoordinates [&Type "Coordinates", &Dim(8,4), &Units "Bohr"] 
              C     -1.441307548846    0.000244641489   -0.000028456441
              C      1.441233234421   -0.000174833305   -0.000113721829
              H     -2.191575852304    0.745348640330    1.778520799154
              H     -2.191642191140    1.168265869738   -1.534322304070
              H     -2.192034367138   -1.912372539912   -0.244285103501
              H      2.191973859242    1.912431294899    0.244195064854
              H      2.191500671440   -0.745234434731   -1.778680335693
              H      2.191557590747   -1.168233229254    1.534156110404
$End
$SCF_Energy
   &GeometryIndex 1
   &ListStatus       OUT
   &SCF_ENERGY [&Type "Double"]      -7.9799418887526485e+01
$End
$DFT_Energy
   &GeometryIndex 1
   &ListStatus       OUT
   &NALPHAEL [&Type "Integer"] 9
   &NBETAEL [&Type "Integer"] 9
   &NTOTALEL [&Type "Integer"] 18
   &EEXCHANGE [&Type "Double"]      -1.2510812240370011e+01
   &ECORR [&Type "Double"]      -5.2844801511929673e-01
   &ECNL [&Type "Double"]       0.0000000000000000e+00
   &EXC [&Type "Double"]      -1.3039260255489308e+01
   &EEMBED [&Type "Double"]       0.0000000000000000e+00
   &FINALEN [&Type "Double"]      -7.9799418887526485e+01  "No Van der Waals correction"
$End
$Mulliken_Population_Analysis
   &GeometryIndex 1
   &ListStatus       OUT
   &NATOMS [&Type "Integer"] 8
   &ATNO [&Type "ArrayOfIntegers", &Dim (8,1)] 
                                                         0

0                                                        6
1                                                        6
2                                                        1
3                                                        1
4                                                        1
5                                                        1
6                                                        1
7                                                        1
   &ATOMICCHARGES [&Type "ArrayOfDoubles", &Dim (8,1)] 
                                                         0

0                                     -2.9046968888868285e-01
1                                     -2.9046996198266051e-01
2                                      9.6803114816555236e-02
3                                      9.6831195152927596e-02
4                                      9.6835500889966952e-02
5                                      9.6835487777115703e-02
6                                      9.6803255452435621e-02
7                                      9.6831096782355575e-02
$End
$Loewdin_Population_Analysis
   &GeometryIndex 1
   &ListStatus       OUT
   &NATOMS [&Type "Integer"] 8
   &ATNO [&Type "ArrayOfIntegers", &Dim (8,1)] 
                                                         0

0                                                        6
1                                                        6
2                                                        1
3                                                        1
4                                                        1
5                                                        1
6                                                        1
7                                                        1
   &ATOMICCHARGES [&Type "ArrayOfDoubles", &Dim (8,1)] 
                                                         0

0                                     -3.4196895569867181e-01
1                                     -3.4196900036491318e-01
2                                      1.1398780787492580e-01
3                                      1.1398878740460938e-01
4                                      1.1399245424281035e-01
5                                      1.1399225840686278e-01
6                                      1.1398768396292236e-01
7                                      1.1398896417149051e-01
$End
$Mayer_Population_Analysis
   &GeometryIndex 1
   &ListStatus       OUT
   &NATOMS [&Type "Integer"] 8 "Total number of atoms"
   &BONDTHRESH [&Type "Double"]       1.0000000000000001e-01  "The threshold for printing"
   &NBONDORDERSPRINT [&Type "Integer"] 7 "The number of bond orders larger than threshold"
   &BONDORDERS [&Type "ArrayOfDoubles", &Dim (7,1)] "The bond orders"
                                                         0

0                                      9.8486124740141512e-01
1                                      9.7664129233937513e-01
2                                      9.7664661735613556e-01
3                                      9.7664295914342691e-01
4                                      9.7664291059367547e-01
5                                      9.7664123860790608e-01
6                                      9.7664676274446793e-01
   &COMPONENTS [&Type "ArrayOfIntegers", &Dim (7,4)] "The indices and atomic numbers of the bonding atoms"
                                                         0                           1                           2                           3

0                                                        0                           6                           1                           6
1                                                        0                           6                           2                           1
2                                                        0                           6                           3                           1
3                                                        0                           6                           4                           1
4                                                        1                           6                           5                           1
5                                                        1                           6                           6                           1
6                                                        1                           6                           7                           1
   &ATNO [&Type "ArrayOfIntegers", &Dim (8,1)] "Atomic number of the elements"
                                                         0

0                                                        6
1                                                        6
2                                                        1
3                                                        1
4                                                        1
5                                                        1
6                                                        1
7                                                        1
   &NA [&Type "ArrayOfDoubles", &Dim (8,1)] "Mulliken gross atomic population"
                                                         0

0                                      6.2904696888886935e+00
1                                      6.2904699619826756e+00
2                                      9.0319688518344365e-01
3                                      9.0316880484707274e-01
4                                      9.0316449911003205e-01
5                                      9.0316451222288419e-01
6                                      9.0319674454756305e-01
7                                      9.0316890321764531e-01
   &ZA [&Type "ArrayOfDoubles", &Dim (8,1)] "Total nuclear charge"
                                                         0

0                                      6.0000000000000000e+00
1                                      6.0000000000000000e+00
2                                      1.0000000000000000e+00
3                                      1.0000000000000000e+00
4                                      1.0000000000000000e+00
5                                      1.0000000000000000e+00
6                                      1.0000000000000000e+00
7                                      1.0000000000000000e+00
   &QA [&Type "ArrayOfDoubles", &Dim (8,1)] "Mulliken gross atomic charge"
                                                         0

0                                     -2.9046968888869351e-01
1                                     -2.9046996198267561e-01
2                                      9.6803114816556346e-02
3                                      9.6831195152927263e-02
4                                      9.6835500889967951e-02
5                                      9.6835487777115814e-02
6                                      9.6803255452436954e-02
7                                      9.6831096782354686e-02
   &VA [&Type "ArrayOfDoubles", &Dim (8,1)] "Mayer's total valence"
                                                         0

0                                      3.9117850959096478e+00
1                                      3.9117851220502180e+00
2                                      9.7707517091894092e-01
3                                      9.7705059318364851e-01
4                                      9.7706321913353267e-01
5                                      9.7706318191948349e-01
6                                      9.7707518339214072e-01
7                                      9.7705056986643846e-01
   &BVA [&Type "ArrayOfDoubles", &Dim (8,1)] "Mayer's bonded valence"
                                                         0

0                                      3.9117850959096461e+00
1                                      3.9117851220501647e+00
2                                      9.7707517091895102e-01
3                                      9.7705059318365417e-01
4                                      9.7706321913352567e-01
5                                      9.7706318191947039e-01
6                                      9.7707518339214305e-01
7                                      9.7705056986642469e-01
   &FA [&Type "ArrayOfDoubles", &Dim (8,1)] "Mayer's free valence"
                                                         0

0                                      0.0000000000000000e+00
1                                      0.0000000000000000e+00
2                                      0.0000000000000000e+00
3                                      0.0000000000000000e+00
4                                      0.0000000000000000e+00
5                                      0.0000000000000000e+00
6                                      0.0000000000000000e+00
7                                      0.0000000000000000e+00
$End
$VdW_Correction
   &GeometryIndex 1
   &ListStatus       OUT
   &VDW [&Type "Double"]      -8.8220976842529747e-04
$End
$Calculation_Info
   &GeometryIndex 1
   &ListStatus       OUT
   &MULT [&Type "Integer"] 1
   &CHARGE [&Type "Integer"] 0
   &NUMOFATOMS [&Type "Integer"] 8
   &NUMOFELECTRONS [&Type "Integer"] 18
   &NUMOFFCELECTRONS [&Type "Integer"] 1
   &NUMOFCORRELECTRONS [&Type "Integer"] 0
   &NUMOFBASISFUNCTS [&Type "Integer"] 98
   &NUMOFAUXCBASISFUNCTS [&Type "Integer"] 0
   &NUMOFAUXJBASISFUNCTS [&Type "Integer"] 126
   &NUMOFAUXJKBASISFUNCTS [&Type "Integer"] 0
   &NUMOFCABSBASISFUNCTS [&Type "Integer"] 0
   &TOTALENERGY [&Type "Double"]      -7.9796327375994906e+01  "Hartrees"
$End
$SCF_Dipole_Moment
   &GeometryIndex 1
   &ListStatus       OUT
   &METHOD [&Type "String"] "SCF"
   &LEVEL [&Type "String"] "Relaxed density"
   &MULT [&Type "Integer"] 1
   &STATE [&Type "Integer"] -1
   &IRREP [&Type "Integer"] 0
   &NATOMS [&Type "Integer"] 8
   &DODIPOLEATOM [&Type "Boolean"] false
   &DIPOLEELECCONTRIB [&Type "ArrayOfDoubles", &Dim (3,1)] "Electronic contribution"
                                                         0

0                                     -8.9273743407057224e-07
1                                      1.2396539992959007e-06
2                                     -3.8289996647801992e-06
   &DIPOLENUCCONTRIB [&Type "ArrayOfDoubles", &Dim (3,1)] "Nuclear contribution"
                                                         0

0                                      1.0526450577863500e-06
1                                     -1.5164236015774435e-06
2                                      4.2698644098226879e-06
   &DIPOLETOTAL [&Type "ArrayOfDoubles", &Dim (3,1)] "Total"
                                                         0

0                                      1.5990762371577774e-07
1                                     -2.7676960228154284e-07
2                                      4.4086474504248865e-07
   &DIPOLEMAGNITUDE [&Type "Double", &Units "a.u."]       5.4454897327135666e-07
$End
$THERMOCHEMISTRY_Energies
   &GeometryIndex 1
   &ListStatus       OUT
   &TEMPERATURE [&Type "Double"]       2.9814999999999998e+02
   &PRESSURE [&Type "Double"]       1.0000000000000000e+00
   &TOTALMASS [&Type "Double"]       3.0069999999999997e+01
   &SPINDEGENERACY [&Type "Integer"] 1
   &ELENERGY [&Type "Double"]      -7.9796327375994906e+01
   &TRANSENERGY [&Type "Double"]       1.4162714244859817e-03
   &ROTENERGY [&Type "Double"]       1.4162714244859817e-03
   &VIBENERGY [&Type "Double"]       6.2842526670894166e-04
   &NUMOFFREQS [&Type "Integer"] 24
   &FREQSCALINGFACTOR [&Type "Double"]       1.0000000000000000e+00
   &FREQ [&Type "ArrayOfDoubles", &Dim (24,1)] "In cm^-1"
                                                         0

0                                      0.0000000000000000e+00
1                                      0.0000000000000000e+00
2                                      0.0000000000000000e+00
3                                      0.0000000000000000e+00
4                                      0.0000000000000000e+00
5                                      0.0000000000000000e+00
6                                      3.2592337127932291e+02
7                                      8.3332299739145049e+02
8                                      8.3395161047545889e+02
9                                      1.0016980875209398e+03
10                                     1.2226772145545754e+03
11                                     1.2230081789300896e+03
12                                     1.4017521026973291e+03
13                                     1.4158559385332260e+03
14                                     1.5001087397335207e+03
15                                     1.5002036201525962e+03
16                                     1.5006733832013665e+03
17                                     1.5008788868146930e+03
18                                     3.0058589765964584e+03
19                                     3.0064193576793682e+03
20                                     3.0641175898009683e+03
21                                     3.0652061725588583e+03
22                                     3.0908915326275046e+03
23                                     3.0915829669600971e+03
   &ZPE [&Type "Double"]       7.4232111860025124e-02
   &INNERENERGYU [&Type "Double"]      -7.9718634296019189e+01
   &ENTHALPYH [&Type "Double"]      -7.9717690086976930e+01
   &QEL [&Type "Double"]       0.0000000000000000e+00
   &QROT [&Type "Double"]       8.7732299204892009e-03
   &QVIB [&Type "Double"]       9.0142508800651611e-04
   &QTRANS [&Type "Double"]       1.7169390624839138e-02
   &ENTROPYS [&Type "Double"]       2.6844045633334854e-02
   &FREEENERGYG [&Type "Double"]      -7.9744534132610269e+01
   &ISLINEAR [&Type "Boolean"] false
$End
$Hessian
   &GeometryIndex 1
   &ListStatus       OUT
   &HESSIAN [&Type "ArrayOfDoubles", &Dim (24,24)] "The Hessian"
                                                         0                           1                           2                           3                           4                           5                           6                           7

0                                      4.6112402298894867e-01         2.9834938545136858e-05        -5.7169250809176739e-05        -1.9275038129795413e-01         2.8923118753145332e-05        -1.0207395576965314e-05        -7.6147141996600165e-02         3.2263863011544130e-02
1                                      2.9834938545136858e-05         5.5756837912866586e-01         7.4544162142269076e-05         2.8753837874412708e-05        -7.7347414327674863e-02        -3.0710400857887224e-05         3.1772284162529696e-02        -8.1198818445878215e-02
2                                     -5.7169250809176739e-05         7.4544162142269076e-05         5.5764314315094665e-01        -1.0145200453150540e-05        -3.0394269250895472e-05        -7.7389354302035279e-02         7.5952359688882115e-02        -8.0705761874694748e-02
3                                     -1.9275038129795413e-01         2.8753837874412708e-05        -1.0145200453150540e-05         4.6112436317610006e-01         3.1106820041176819e-05        -5.8006551297576370e-05        -1.3316895872797047e-02        -2.4510253752019640e-04
4                                      2.8923118753145332e-05        -7.7347414327674863e-02        -3.0394269250895472e-05         3.1106820041176819e-05         5.5756651188684603e-01         7.5053865348111148e-05         1.2794767134140173e-02        -4.5475687624024937e-04
5                                     -1.0207395576965314e-05        -3.0710400857887224e-05        -7.7389354302035279e-02        -5.8006551297576370e-05         7.5053865348111148e-05         5.5764545788002395e-01         3.0573353909700660e-02         8.8281290479125902e-04
6                                     -7.6147141996600165e-02         3.1772284162529696e-02         7.5952359688882115e-02        -1.3316895872797047e-02         1.2794767134140173e-02         3.0573353909700660e-02         8.7269160078467509e-02        -3.5770599071678309e-02
7                                      3.2263863011544130e-02        -8.1198818445878215e-02        -8.0705761874694748e-02        -2.4510253752019640e-04        -4.5475687624024937e-04         8.8281290479125902e-04        -3.5770599071678309e-02         8.3507228273082851e-02
8                                      7.7109575351206633e-02        -8.0681232981508394e-02        -2.3995031410307865e-01        -5.7241866710957753e-04         8.9729716457566237e-04         1.2743402352828749e-03        -8.5468601208935485e-02         8.8967554696056245e-02
9                                     -7.6126640793327788e-02         4.9860570751248376e-02        -6.5491466206708940e-02        -1.3301070075080097e-02         2.0094656830576201e-02        -2.6378874640236073e-02         3.2887059674608912e-03        -7.4031963282570577e-03
10                                     5.0640554505873549e-02        -1.3032988697723363e-01         1.0906356616445223e-01        -3.9092853962817073e-04         8.7863180098347350e-05        -1.1912619780093175e-03        -5.1394624760683107e-03         6.8892065500352241e-03
11                                    -6.6484062309165440e-02         1.0901327263708954e-01        -1.9059382240836936e-01         5.1191763893961885e-04        -1.1800328886511064e-03         7.5352606128400849e-04        -9.7118923170703489e-03         1.6681525358588564e-02
12                                    -7.6159784889715532e-02        -8.1698998612346502e-02        -1.0419760813342175e-02        -1.3322151296375252e-02        -3.2879541743687346e-02        -4.1789573885509567e-03         3.2872929395404895e-03         1.0980060199987556e-02
13                                    -8.2934506265426394e-02        -2.6994679066674976e-01        -2.8430841035141478e-02         6.0459401838264260e-04         1.6213295151084541e-03         3.3297156002432655e-04        -3.3027695979189545e-03        -1.0150669413437615e-02
14                                    -1.0581055563382258e-02        -2.8410883840241635e-02        -5.0951538765900660e-02         9.4200002808904164e-05         3.2195745857243284e-04        -7.8591167410055254e-04        -1.0474877667897023e-02        -2.6532122364123650e-02
15                                    -1.3321848784460669e-02        -3.2879319588922429e-02        -4.1793757410473207e-03        -7.6161002805771122e-02        -8.1699594981865839e-02        -1.0422183349253784e-02         1.4278633769008453e-03         1.0775696379069350e-04
16                                     6.0463881485107313e-04         1.6215111402285679e-03         3.3308761660865588e-04        -8.2934961577737193e-02        -2.6994322342004096e-01        -2.8436631750109489e-02        -4.9971329657655123e-04         4.7384230495178901e-04
17                                     9.4437388692305505e-05         3.2208597220218936e-04        -7.8594913780505142e-04        -1.0583616265886307e-02        -2.8416858685270354e-02        -5.0953139570871317e-02         2.4267577808473502e-05         6.1259816848378216e-04
18                                    -1.3316937545506460e-02         1.2794387029623485e-02         3.0573513450749813e-02        -7.6147183200010002e-02         3.1770543349027083e-02         7.5953665176520843e-02        -7.2341915608836521e-03        -2.1491293276745642e-04
19                                    -2.4484799452421241e-04        -4.5486750748457375e-04         8.8260989605989958e-04         3.2261998781073470e-02        -8.1194884017494570e-02        -8.0702304772605246e-02        -2.1477518317248256e-04         1.1018399001348962e-03
20                                    -5.7251793350839714e-04         8.9724629722393468e-04         1.2744626495855426e-03         7.7110911316469827e-02        -8.0677890465190194e-02        -2.3995540633302956e-01        -5.2759032797904202e-04         3.3366021451506213e-04
21                                    -1.3301287681383930e-02         2.0095112823146462e-02        -2.6378699703908496e-02        -7.6125678628112356e-02         4.9861759699607898e-02        -6.5489531514818233e-02         1.4252070679111315e-03         2.7368052971567377e-04
22                                    -3.9108547131507659e-04         8.7887656126544190e-05        -1.1911823082685550e-03         5.0641918970921372e-02        -1.3033542594060221e-01         1.0906570993286355e-01         3.6871849392971449e-04        -1.6787229264866345e-04
23                                     5.1174348918064244e-04        -1.1799501979573861e-03         7.5337291665690791e-04        -6.6482100519959661e-02         1.0901522845842104e-01        -1.9058951229655413e-01        -3.4917884646199025e-04        -2.4734246498007246e-04
                                                         8                           9                          10                          11                          12                          13                          14                          15

0                                      7.7109575351206633e-02        -7.6126640793327788e-02         5.0640554505873549e-02        -6.6484062309165440e-02        -7.6159784889715532e-02        -8.2934506265426394e-02        -1.0581055563382258e-02        -1.3321848784460669e-02
1                                     -8.0681232981508394e-02         4.9860570751248376e-02        -1.3032988697723363e-01         1.0901327263708954e-01        -8.1698998612346502e-02        -2.6994679066674976e-01        -2.8410883840241635e-02        -3.2879319588922429e-02
2                                     -2.3995031410307865e-01        -6.5491466206708940e-02         1.0906356616445223e-01        -1.9059382240836936e-01        -1.0419760813342175e-02        -2.8430841035141478e-02        -5.0951538765900660e-02        -4.1793757410473207e-03
3                                     -5.7241866710957753e-04        -1.3301070075080097e-02        -3.9092853962817073e-04         5.1191763893961885e-04        -1.3322151296375252e-02         6.0459401838264260e-04         9.4200002808904164e-05        -7.6161002805771122e-02
4                                      8.9729716457566237e-04         2.0094656830576201e-02         8.7863180098347350e-05        -1.1800328886511064e-03        -3.2879541743687346e-02         1.6213295151084541e-03         3.2195745857243284e-04        -8.1699594981865839e-02
5                                      1.2743402352828749e-03        -2.6378874640236073e-02        -1.1912619780093175e-03         7.5352606128400849e-04        -4.1789573885509567e-03         3.3297156002432655e-04        -7.8591167410055254e-04        -1.0422183349253784e-02
6                                     -8.5468601208935485e-02         3.2887059674608912e-03        -5.1394624760683107e-03        -9.7118923170703489e-03         3.2872929395404895e-03        -3.3027695979189545e-03        -1.0474877667897023e-02         1.4278633769008453e-03
7                                      8.8967554696056245e-02        -7.4031963282570577e-03         6.8892065500352241e-03         1.6681525358588564e-02         1.0980060199987556e-02        -1.0150669413437615e-02        -2.6532122364123650e-02         1.0775696379069350e-04
8                                      2.5854975552923393e-01         8.1070813210272312e-03        -9.7436136273745498e-03        -1.9881119972681983e-02         4.1137257392485395e-04        -1.2387657145572495e-04        -2.8108096964395979e-03         4.8743835688777690e-04
9                                      8.1070813210272312e-03         8.7249014236701644e-02        -5.6118058275333005e-02         7.3687517690501164e-02         3.2872909717873008e-03        -5.8386481210268744e-03         9.3097327438530671e-03         1.4158109106858249e-03
10                                    -9.7436136273745498e-03        -5.6118058275333005e-02         1.3775521234410518e-01        -1.2023642649064142e-01         1.0719030795177911e-02        -1.6264067633385733e-02         2.3073302786317682e-02         2.4959814300099187e-04
11                                    -1.9881119972681983e-02         7.3687517690501164e-02        -1.2023642649064142e-01         2.0415716072691914e-01         2.3764056986987463e-03        -3.3059485796265720e-03         3.1846625512272422e-03        -4.6185948301561645e-04
12                                     4.1137257392485395e-04         3.2872909717873008e-03         1.0719030795177911e-02         2.3764056986987463e-03         8.7303445389266363e-02         9.1932093279497307e-02         1.1717948716898798e-02        -7.2397864130110227e-03
13                                    -1.2387657145572495e-04        -5.8386481210268744e-03        -1.6264067633385733e-02        -3.3059485796265720e-03         9.1932093279497307e-02         2.9165573052003668e-01         3.1308647752368371e-02         5.6626900210334690e-04
14                                    -2.8108096964395979e-03         9.3097327438530671e-03         2.3073302786317682e-02         3.1846625512272422e-03         1.1717948716898798e-02         3.1308647752368371e-02         5.0213096263834918e-02         6.2864992155301207e-05
15                                     4.8743835688777690e-04         1.4158109106858249e-03         2.4959814300099187e-04        -4.6185948301561645e-04        -7.2397864130110227e-03         5.6626900210334690e-04         6.2864992155301207e-05         8.7304293008373349e-02
16                                     3.7432146005980833e-04        -5.0359481863738575e-04         7.1049084935151125e-04        -2.6834903299279879e-04         5.6627054329371580e-04         1.9001041207641534e-03         1.1120121247209150e-04         9.1932683310725738e-02
17                                     1.9620723513707615e-04        -1.4867467946840743e-04        -4.8277667107212525e-04        -3.0955146382762836e-05         6.2996313862921226e-05         1.1125317633779577e-04         9.8525799998377354e-04         1.1720407499983798e-02
18                                    -5.2752917726516229e-04         1.4253384865770395e-03         3.6872571839392842e-04        -3.4916736102623630e-04         1.4277379709819239e-03        -4.9971251072925514e-04         2.4256463100217360e-05         3.2873600531557867e-03
19                                     3.3360895506923604e-04         2.7366934883569626e-04        -1.6780934362749245e-04        -2.4735484121264206e-04         1.0775855946682043e-04         4.7374922509562864e-04         6.1257395834400544e-04         1.0980013541922415e-02
20                                     1.7798391794389891e-03         4.3523170737359580e-04        -1.6987884262351267e-05         8.4220551628337841e-04         4.8745155171901668e-04         3.7430428477712267e-04         1.9612876806822800e-04         4.1167836484929700e-04
21                                     4.3524064221634818e-04        -7.2384497048048162e-03        -3.4739189851280697e-04         4.5533444343933598e-04         1.4159553275257361e-03        -5.0356118123395712e-04        -1.4868142192494128e-04         3.2873106541270129e-03
22                                    -1.6983734058696569e-05        -3.4746736031003329e-04         1.3189910306566164e-03        -4.6126519831802816e-04         2.4956835496267311e-04         7.1061433256819784e-04        -4.8280255603312119e-04         1.0718833519790834e-02
23                                     8.4210159310740742e-04         4.5525806235714424e-04        -4.6122326364568907e-04         1.5683426717203559e-03        -4.6184491882327039e-04        -2.6838499496002581e-04        -3.0885446673354039e-05         2.3766412523104725e-03
                                                        16                          17                          18                          19                          20                          21                          22                          23

0                                      6.0463881485107313e-04         9.4437388692305505e-05        -1.3316937545506460e-02        -2.4484799452421241e-04        -5.7251793350839714e-04        -1.3301287681383930e-02        -3.9108547131507659e-04         5.1174348918064244e-04
1                                      1.6215111402285679e-03         3.2208597220218936e-04         1.2794387029623485e-02        -4.5486750748457375e-04         8.9724629722393468e-04         2.0095112823146462e-02         8.7887656126544190e-05        -1.1799501979573861e-03
2                                      3.3308761660865588e-04        -7.8594913780505142e-04         3.0573513450749813e-02         8.8260989605989958e-04         1.2744626495855426e-03        -2.6378699703908496e-02        -1.1911823082685550e-03         7.5337291665690791e-04
3                                     -8.2934961577737193e-02        -1.0583616265886307e-02        -7.6147183200010002e-02         3.2261998781073470e-02         7.7110911316469827e-02        -7.6125678628112356e-02         5.0641918970921372e-02        -6.6482100519959661e-02
4                                     -2.6994322342004096e-01        -2.8416858685270354e-02         3.1770543349027083e-02        -8.1194884017494570e-02        -8.0677890465190194e-02         4.9861759699607898e-02        -1.3033542594060221e-01         1.0901522845842104e-01
5                                     -2.8436631750109489e-02        -5.0953139570871317e-02         7.5953665176520843e-02        -8.0702304772605246e-02        -2.3995540633302956e-01        -6.5489531514818233e-02         1.0906570993286355e-01        -1.9058951229655413e-01
6                                     -4.9971329657655123e-04         2.4267577808473502e-05        -7.2341915608836521e-03        -2.1477518317248256e-04        -5.2759032797904202e-04         1.4252070679111315e-03         3.6871849392971449e-04        -3.4917884646199025e-04
7                                      4.7384230495178901e-04         6.1259816848378216e-04        -2.1491293276745642e-04         1.1018399001348962e-03         3.3366021451506213e-04         2.7368052971567377e-04        -1.6787229264866345e-04        -2.4734246498007246e-04
8                                      3.7432146005980833e-04         1.9620723513707615e-04        -5.2752917726516229e-04         3.3360895506923604e-04         1.7798391794389891e-03         4.3524064221634818e-04        -1.6983734058696569e-05         8.4210159310740742e-04
9                                     -5.0359481863738575e-04        -1.4867467946840743e-04         1.4253384865770395e-03         2.7366934883569626e-04         4.3523170737359580e-04        -7.2384497048048162e-03        -3.4746736031003329e-04         4.5525806235714424e-04
10                                     7.1049084935151125e-04        -4.8277667107212525e-04         3.6872571839392842e-04        -1.6780934362749245e-04        -1.6987884262351267e-05        -3.4739189851280697e-04         1.3189910306566164e-03        -4.6122326364568907e-04
11                                    -2.6834903299279879e-04        -3.0955146382762836e-05        -3.4916736102623630e-04        -2.4735484121264206e-04         8.4220551628337841e-04         4.5533444343933598e-04        -4.6126519831802816e-04         1.5683426717203559e-03
12                                     5.6627054329371580e-04         6.2996313862921226e-05         1.4277379709819239e-03         1.0775855946682043e-04         4.8745155171901668e-04         1.4159553275257361e-03         2.4956835496267311e-04        -4.6184491882327039e-04
13                                     1.9001041207641534e-03         1.1125317633779577e-04        -4.9971251072925514e-04         4.7374922509562864e-04         3.7430428477712267e-04        -5.0356118123395712e-04         7.1061433256819784e-04        -2.6838499496002581e-04
14                                     1.1120121247209150e-04         9.8525799998377354e-04         2.4256463100217360e-05         6.1257395834400544e-04         1.9612876806822800e-04        -1.4868142192494128e-04        -4.8280255603312119e-04        -3.0885446673354039e-05
15                                     9.1932683310725738e-02         1.1720407499983798e-02         3.2873600531557867e-03         1.0980013541922415e-02         4.1167836484929700e-04         3.2873106541270129e-03         1.0718833519790834e-02         2.3766412523104725e-03
16                                     2.9165214373619375e-01         3.1315012859356728e-02        -3.3025717057798172e-03        -1.0150076431669194e-02        -1.2409056271162067e-04        -5.8389911806852948e-03        -1.6264792299779549e-02        -3.3064252183258973e-03
17                                     3.1315012859356728e-02         5.0214923256654914e-02        -1.0475056543805377e-02        -2.6532273121371373e-02        -2.8115301822988648e-03         9.3096268159426690e-03         2.3072831716975870e-02         3.1851855455822388e-03
18                                    -3.3025717057798172e-03        -1.0475056543805377e-02         8.7269234715511054e-02        -3.5768769236383946e-02        -8.5469916250395656e-02         3.2886410801743057e-03        -5.1392396312250213e-03        -9.7119294640547887e-03
19                                    -1.0150076431669194e-02        -2.6532273121371373e-02        -3.5768769236383946e-02         8.3502943258937395e-02         8.8963848730301165e-02        -7.4034978973767564e-03         6.8891049161079222e-03         1.6682223633462317e-02
20                                    -1.2409056271162067e-04        -2.8115301822988648e-03        -8.5469916250395656e-02         8.8963848730301165e-02         2.5855506242428716e-01         8.1069152776477183e-03        -9.7430230527004759e-03        -1.9880762022334915e-02
21                                    -5.8389911806852948e-03         9.3096268159426690e-03         3.2886410801743057e-03        -7.4034978973767564e-03         8.1069152776477183e-03         8.7248301884562909e-02        -5.6119178885707832e-02         7.3685603203428512e-02
22                                    -1.6264792299779549e-02         2.3072831716975870e-02        -5.1392396312250213e-03         6.8891049161079222e-03        -9.7430230527004759e-03        -5.6119178885707832e-02         1.3776149259757117e-01        -1.2023870537623742e-01
23                                    -3.3064252183258973e-03         3.1851855455822388e-03        -9.7119294640547887e-03         1.6682223633462317e-02        -1.9880762022334915e-02         7.3685603203428512e-02        -1.2023870537623742e-01         2.0415215703849549e-01
                              

0                             
1                             
2                             
3                             
4                             
5                             
6                             
7                             
8                             
9                             
10                            
11                            
12                            
13                            
14                            
15                            
16                            
17                            
18                            
19                            
20                            
21                            
22                            
23                            
   &MODES [&Type "ArrayOfDoubles", &Dim (24,24)] "The modes of vibrations"
                                                         0                           1                           2                           3                           4                           5                           6                           7

0                                      1.0000000000000000e+00         2.0000000000000000e+00         3.0000000000000000e+00         4.0000000000000000e+00         5.0000000000000000e+00         6.0000000000000000e+00         7.0000000000000000e+00         0.0000000000000000e+00
1                                      0.0000000000000000e+00         0.0000000000000000e+00         0.0000000000000000e+00         0.0000000000000000e+00         0.0000000000000000e+00        -1.9462286784793674e-05        -6.4935229464430615e-06         1.0000000000000000e+00
2                                      0.0000000000000000e+00         0.0000000000000000e+00         0.0000000000000000e+00         0.0000000000000000e+00         0.0000000000000000e+00        -7.1649458242467549e-05         2.6148906039157791e-02         2.0000000000000000e+00
3                                      0.0000000000000000e+00         0.0000000000000000e+00         0.0000000000000000e+00         0.0000000000000000e+00         0.0000000000000000e+00        -1.8588937680458015e-05        -3.8703428845050819e-02         3.0000000000000000e+00
4                                      0.0000000000000000e+00         0.0000000000000000e+00         0.0000000000000000e+00         0.0000000000000000e+00         0.0000000000000000e+00        -2.1021592841124035e-05        -4.9230272882936816e-06         4.0000000000000000e+00
5                                      0.0000000000000000e+00         0.0000000000000000e+00         0.0000000000000000e+00         0.0000000000000000e+00         0.0000000000000000e+00        -7.1575051318569177e-05         2.6150116782040010e-02         5.0000000000000000e+00
6                                      0.0000000000000000e+00         0.0000000000000000e+00         0.0000000000000000e+00         0.0000000000000000e+00         0.0000000000000000e+00        -1.8391009226179419e-05        -3.8702706917486451e-02         6.0000000000000000e+00
