
$orca_hessian_file

$act_atom
  0

$act_coord
  0

$act_energy
        0.000000

$multiplicity
  1

$hessian
42
                    0                  1                  2                  3                  4        
    0      7.2687368656E-01  -1.8466803033E-02  -1.5719724044E-05  -1.5041429213E-01   9.1677514494E-02
    1     -1.8466803033E-02   6.5246557058E-01  -1.1231850568E-05   3.0994848360E-02  -3.0650293183E-01
    2     -1.5719724044E-05  -1.1231850568E-05   1.3565713937E-01   3.1854411642E-06   1.5974916121E-06
    3     -1.5041429213E-01   3.0994848360E-02   3.1854411642E-06   6.9199308651E-01   4.3818723649E-02
    4      9.1677514494E-02  -3.0650293183E-01   1.5974916121E-06   4.3818723649E-02   6.9916611871E-01
    5      9.7397786030E-07   4.5821705184E-06  -6.1150267344E-02  -2.0988915563E-05  -1.6020391514E-05
    6     -9.2334238332E-03   8.1553659594E-02  -3.0117684004E-06  -3.2885580628E-01   4.3558179233E-03
    7      3.8029493067E-02   9.1390513670E-03  -8.3604042969E-07   6.2600449215E-02  -1.3250982977E-01
    8     -1.0158891084E-07  -3.0086879337E-06   6.9463417704E-03   5.0748192114E-06   2.0592144936E-06
    9     -8.7062974243E-04  -9.4213276312E-03  -1.3891031369E-07  -4.6717745834E-02  -1.4357512638E-02
   10     -9.4310219181E-03  -5.6190189376E-02  -7.3273144070E-08  -5.2252939313E-02   4.1887592851E-02
   11      4.1383777942E-08  -5.3972461798E-08  -8.7968920731E-03   4.9081106148E-06  -1.3469300234E-06
   12     -4.5484887388E-02  -5.9128333041E-02   3.6960435630E-06  -3.4883820440E-02   2.9575767263E-02
   13     -1.7945873424E-02   4.7309878423E-02  -3.3571075989E-07   3.1304574642E-02  -2.4548290823E-02
   14      1.7467027566E-06  -1.1627559930E-07   7.5430614571E-03   7.9808030243E-07  -5.3393008826E-07
   15     -2.0577651301E-01  -6.2340312880E-02   4.3011836304E-06   5.7710040899E-02  -4.1065912709E-02
   16     -1.2313838355E-01  -2.4189639487E-01   8.3241636383E-06  -8.3402070540E-04  -5.3572814747E-02
   17      7.5687709389E-06   8.3871043106E-06  -6.2516194030E-02  -2.0884691919E-06   2.0895684409E-06
   18     -6.3660720638E-04  -1.7664297585E-03   3.3320802297E-08   4.3843127167E-03  -4.6700980361E-03
   19     -2.2019311719E-03  -4.7935562659E-03  -3.7774977544E-07  -6.5400707214E-03  -4.4444977629E-03
   20      1.6487742806E-07   3.4013671930E-07  -1.2689351378E-03  -4.2623124068E-08   4.0152976627E-07
   21     -3.1860416378E-04  -1.1289549449E-03   2.3747466614E-07  -4.0371139235E-03   1.2655147889E-04
   22      1.0986748581E-03   1.2521326917E-03   3.2608446499E-07  -1.5241320032E-04   1.9478595949E-03
   23     -5.3264500559E-08  -6.1396399531E-08   1.0555308243E-04   1.5164295741E-07  -7.9920055543E-08
   24     -3.2445672596E-01   4.8318517416E-02   5.9971285734E-06  -6.7633137109E-03  -7.0590039439E-04
   25      4.8228461151E-02  -6.7864642716E-02  -4.8487961712E-07   3.0335390203E-02  -3.7210140119E-04
   26      5.0611720249E-06  -4.4871634079E-07  -3.7161545645E-02   2.7723835668E-08   7.6222349533E-08
   27      1.0400312554E-02   9.4875246127E-03   8.2378164462E-09  -1.7424945213E-01  -1.3606242709E-01
   28     -2.1604277175E-02  -1.7874800515E-02   1.9825820629E-06  -1.3604766713E-01  -2.1840892480E-01
   29      1.6892713856E-07  -5.8895850172E-07   2.1699065333E-03   9.9915094931E-06   1.1523134501E-05
   30     -6.0323738862E-03  -4.7872765588E-05   2.0934187836E-07  -5.3543455814E-03   3.0456941057E-02
   31      8.9053099202E-04   1.9991160542E-03   6.3956654122E-07  -2.3587388746E-04  -1.4101578291E-03
   32      3.6919179311E-07   1.1873643135E-07   7.6047613958E-03   1.8882224179E-07  -3.8941184363E-07
   33     -5.0285057432E-03   2.4506297167E-03   8.9696517308E-07  -4.6503488612E-04   9.6688209370E-04
   34      1.9518977210E-03   9.7284081065E-04   8.3066043873E-07   7.0206329793E-04   6.7524654529E-05
   35      4.0954583021E-07  -3.3199452036E-08   7.9920503296E-03   1.6100760995E-08  -1.1268002605E-07
   36      1.0831736720E-02  -2.0326782183E-02   3.1885369202E-07  -2.2781664172E-03  -3.4948593670E-03
   37      1.0887410917E-02  -1.8361768725E-02   6.9683231820E-07  -4.3924934092E-03  -1.7440606074E-03
   38     -7.1730138792E-07   8.7035597356E-07   2.4245077683E-03   4.1489380468E-07   2.3333728208E-07
   39      1.4682723326E-04  -1.7647046746E-04   6.8911230499E-08  -6.8348794565E-05  -6.2276861183E-04
   40      2.2414080708E-05   3.4569436888E-04   1.5915245737E-07   7.0070989497E-04   4.4451375902E-04
   41      4.8298622998E-09   2.7524063178E-08   4.5051251928E-04   2.8380224504E-08   4.9134002881E-08
                    5                  6                  7                  8                  9        
    0      9.7397786030E-07  -9.2334238332E-03   3.8029493067E-02  -1.0158891084E-07  -8.7062974243E-04
    1      4.5821705184E-06   8.1553659594E-02   9.1390513670E-03  -3.0086879337E-06  -9.4213276312E-03
    2     -6.1150267344E-02  -3.0117684004E-06  -8.3604042969E-07   6.9463417704E-03  -1.3891031369E-07
    3     -2.0988915563E-05  -3.2885580628E-01   6.2600449215E-02   5.0748192114E-06  -4.6717745834E-02
    4     -1.6020391514E-05   4.3558179233E-03  -1.3250982977E-01   2.0592144936E-06  -1.4357512638E-02
    5      1.2831137717E-01   7.5575259017E-06   6.0209207770E-07  -6.0470698162E-02   2.1612035852E-06
    6      7.5575259017E-06   6.7531420048E-01  -3.3251770142E-02  -1.2506697338E-05  -1.9182211307E-01
    7      6.0209207770E-07  -3.3251770142E-02   7.0822407052E-01  -1.2772397108E-05  -1.1022590259E-01
    8     -6.0470698162E-02  -1.2506697338E-05  -1.2772397108E-05   1.3466821266E-01   6.6592728957E-06
    9      2.1612035852E-06  -1.9182211307E-01  -1.1022590259E-01   6.6592728957E-06   6.3783327267E-01
   10      1.2787911552E-06  -6.7638177656E-02  -2.4088520161E-01   5.8360827653E-06   9.0902504430E-03
   11      8.9173893963E-03   3.0147930302E-06   7.7265180279E-06  -6.3935389146E-02  -1.2634869889E-05
   12     -7.4475819280E-07   5.2070404851E-02  -2.4139488099E-03  -5.0450199767E-07  -1.3455730518E-01
   13     -3.4583562925E-07  -3.7483808488E-02  -5.1811926306E-02   2.6592297116E-06   6.6486340045E-02
   14     -7.4924845820E-03  -1.0278421854E-06   1.5296099446E-06   9.2434905917E-03  -8.6789552750E-07
   15      5.4726591813E-07  -5.4262090078E-02  -1.8938756853E-02   6.7296670196E-07  -1.6306667904E-02
   16      1.7618701608E-06  -1.8981592051E-02  -6.0591006165E-03   2.7950851668E-07   3.5529899032E-02
   17      8.0104016688E-03   3.6870899944E-06   5.9563273126E-07  -8.6755718892E-03  -3.9909041451E-07
   18      6.6914648369E-07  -3.7515251953E-02  -1.3826987748E-02   3.7006709356E-07  -1.8966398024E-01
   19      1.2156630215E-06  -3.0573699968E-02   8.1864382549E-03  -2.3191138662E-07   6.5563294175E-02
   20      9.3610355227E-03   1.5461783632E-06  -2.5049947506E-07  -4.5023830458E-04  -3.1727522313E-07
   21     -2.4382394213E-07  -2.2468836536E-04   1.0901386494E-02   1.8882837224E-07  -6.6074194841E-02
   22     -5.2957032301E-07   5.8286368126E-03   3.9828356184E-03   3.2793700571E-07  -3.4941870003E-02
   23     -2.4789931977E-03  -3.5898653551E-08  -1.1847691928E-07   3.7424794321E-03   3.0247154345E-06
   24      7.3680891015E-08   1.4176796005E-03   2.2898535133E-03   2.4693983275E-07   8.2029044856E-04
   25     -7.5247935247E-07   1.6157574354E-03  -5.6165740737E-03   2.6933954071E-07  -3.5336709676E-04
   26      3.5278357580E-03  -1.1089671254E-07   1.2863384172E-07   7.6853564588E-03  -1.2228470442E-07
   27      8.6964835566E-06  -1.5618867536E-02  -2.5860120817E-02   1.7565346385E-06  -5.2345343837E-03
   28      9.9281209103E-06   5.2165004685E-03   7.8621328267E-03   1.1390739795E-07   1.7503759426E-03
   29     -3.5126184346E-02  -4.9436774343E-07   3.0422521220E-07   1.8103074407E-03   2.4115484619E-07
   30     -3.3709448004E-07  -9.0889056523E-02   8.6252437059E-02  -4.8563839227E-07   1.1690880434E-02
   31     -4.3940260415E-07   8.7632407851E-02  -2.9738816168E-01   3.5554559898E-06   8.8574444084E-03
   32      2.8432341078E-03  -3.5264059785E-07   2.4692419241E-06  -3.4819252028E-02  -5.3834206858E-07
   33     -4.4094557843E-07  -3.1058937836E-04   2.6273607684E-03   4.7586148463E-07   1.2113604223E-02
   34     -5.8933471323E-07   3.7577278475E-03  -4.1920257809E-03   6.6139576993E-07  -2.0064853767E-02
   35     -5.3809513925E-04  -1.0601054034E-07   3.0284123441E-07   5.7966974590E-03   6.4617660142E-07
   36      5.1196442921E-07  -1.1922177136E-03  -7.2576598953E-04  -3.8573841413E-08  -6.1414857074E-03
   37     -4.6469494070E-08  -7.4159226284E-04   6.1495847697E-04   3.4446179999E-07   9.8083867488E-04
   38      6.9039751302E-03   1.3743240054E-07   9.5943657853E-08  -4.0045000718E-04   5.0630378457E-07
   39     -1.0122760198E-07   1.1218197996E-03   2.4618158794E-03  -2.2252254566E-08  -5.0693908751E-03
   40     -1.9159311048E-07  -1.2094104097E-03   4.5333276566E-04   2.2444452399E-07   1.0394687670E-03
   41     -6.1852598358E-04  -8.2935014457E-08  -9.5305806487E-08  -1.1412862797E-03   4.3760834460E-07
                   10                 11                 12                 13                 14        
    0     -9.4310219181E-03   4.1383777942E-08  -4.5484887388E-02  -1.7945873424E-02   1.7467027566E-06
    1     -5.6190189376E-02  -5.3972461798E-08  -5.9128333041E-02   4.7309878423E-02  -1.1627559930E-07
    2     -7.3273144070E-08  -8.7968920731E-03   3.6960435630E-06  -3.3571075989E-07   7.5430614571E-03
    3     -5.2252939313E-02   4.9081106148E-06  -3.4883820440E-02   3.1304574642E-02   7.9808030243E-07
    4      4.1887592851E-02  -1.3469300234E-06   2.9575767263E-02  -2.4548290823E-02  -5.3393008826E-07
    5      1.2787911552E-06   8.9173893963E-03  -7.4475819280E-07  -3.4583562925E-07  -7.4924845820E-03
    6     -6.7638177656E-02   3.0147930302E-06   5.2070404851E-02  -3.7483808488E-02  -1.0278421854E-06
    7     -2.4088520161E-01   7.7265180279E-06  -2.4139488099E-03  -5.1811926306E-02   1.5296099446E-06
    8      5.8360827653E-06  -6.3935389146E-02  -5.0450199767E-07   2.6592297116E-06   9.2434905917E-03
    9      9.0902504430E-03  -1.2634869889E-05  -1.3455730518E-01   6.6486340045E-02  -8.6789552750E-07
   10      6.8607322759E-01  -1.6440296701E-05   2.7146102244E-02  -2.8654659284E-01   5.1658820318E-06
   11     -1.6440296701E-05   1.3970090870E-01   2.0486991933E-06   5.2993291167E-06  -6.8490534413E-02
   12      2.7146102244E-02   2.0486991933E-06   7.0916568480E-01   4.2425367768E-02  -1.8296887404E-05
   13     -2.8654659284E-01   5.2993291167E-06   4.2425367768E-02   6.8186193446E-01  -1.6198524483E-05
   14      5.1658820318E-06  -6.8490534413E-02  -1.8296887404E-05  -1.6198524483E-05   1.4071241404E-01
   15      7.4393604156E-02  -3.4350380673E-06  -3.3800158867E-01   8.7200667213E-03   8.6596417486E-06
   16      1.0783361173E-02  -9.0115090325E-07   6.7272010371E-02  -1.3575265126E-01  -4.1036184864E-07
   17     -4.5308431050E-07   9.5603131518E-03   7.3902506296E-06   1.5816441977E-06  -6.2931033639E-02
   18      3.4528297769E-02   3.6689237759E-06  -2.2257386467E-02   2.7015170641E-02   5.4047486990E-07
   19     -1.2649432828E-01   1.1448924797E-06   3.2900320043E-02   3.0850249200E-03  -5.8432623983E-07
   20     -2.9503031773E-07  -7.3424671237E-02  -4.0719894339E-07  -1.3505105654E-07   2.3428882194E-03
   21     -3.6797320099E-02   1.8733385465E-06   4.7381159808E-03  -7.9629002291E-03  -2.9708932451E-07
   22      1.7815026667E-02   6.7055245410E-07   4.1199354031E-03  -8.7785039159E-03   8.6620046857E-08
   23      1.0305889503E-06   1.8198503208E-02  -2.2897283106E-07   2.3200692500E-07  -4.6541806296E-04
   24     -4.7450731328E-04   8.2947923087E-08  -8.8036378588E-04  -4.1976814949E-03   4.2199123704E-07
   25     -1.3745858940E-03   2.3968232139E-07  -3.4075611660E-03  -3.6140199544E-03   4.4611681359E-07
   26     -1.2535174453E-07  -8.4116011385E-04   4.3131960170E-07   4.9968794573E-07   7.3497564051E-03
   27      3.2410965697E-03   1.0358284889E-06  -4.2675745729E-04   1.1177710053E-03   2.2528616273E-07
   28      1.3482799738E-03   1.1993686048E-06   1.1008912159E-03  -1.4605824039E-04   3.3224047527E-07
   29      7.6960888254E-09   7.9978634935E-03   4.2291987383E-08   4.0990853954E-08  -8.4856953435E-04
   30     -1.6676554859E-02  -2.3110103555E-07  -2.6115438764E-03  -3.1992457442E-03   1.2204895987E-07
   31     -1.9907171256E-02   1.6581882620E-06  -4.4905468494E-03  -1.9459172895E-03   8.7882999675E-07
   32      1.2613037023E-06   2.4020710212E-03   4.2281693780E-07   2.9661749611E-07   6.0764705913E-03
   33      6.5530692803E-03   7.2021400026E-07  -1.7446958137E-01  -1.3636397061E-01   7.4975896134E-06
   34     -1.8902686996E-02   2.3717538389E-06  -1.3710484863E-01  -2.1883991959E-01   8.5973456866E-06
   35      1.0563054174E-07   3.7232535050E-03   6.4360724194E-06   7.6913139602E-06  -3.8765722935E-02
   36     -7.3678775137E-05   2.3727432026E-07  -6.2848557409E-03   3.0949561580E-02  -9.1657968744E-07
   37      2.0054735021E-03   1.1854075671E-06   1.2551852482E-04  -1.6810493990E-03   7.8458040183E-07
   38      2.1073614340E-07   8.2631126745E-03   6.4151016010E-07  -1.2559444389E-06   2.8151834952E-03
   39      2.8458701713E-02   1.1727969937E-08  -6.1161152563E-03  -7.9613531200E-04   2.2244151109E-07
   40     -9.6122055159E-03  -1.6822786589E-07   1.8100885647E-03   1.4080918102E-03  -4.8752725920E-08
   41     -9.4789878525E-08   1.6725231833E-02   2.4535184438E-07   4.1191747805E-08   2.9104983661E-03
                   15                 16                 17                 18                 19        
    0     -2.0577651301E-01  -1.2313838355E-01   7.5687709389E-06  -6.3660720638E-04  -2.2019311719E-03
    1     -6.2340312880E-02  -2.4189639487E-01   8.3871043106E-06  -1.7664297585E-03  -4.7935562659E-03
    2      4.3011836304E-06   8.3241636383E-06  -6.2516194030E-02   3.3320802297E-08  -3.7774977544E-07
    3      5.7710040899E-02  -8.3402070540E-04  -2.0884691919E-06   4.3843127167E-03  -6.5400707214E-03
    4     -4.1065912709E-02  -5.3572814747E-02   2.0895684409E-06  -4.6700980361E-03  -4.4444977629E-03
    5      5.4726591813E-07   1.7618701608E-06   8.0104016688E-03   6.6914648369E-07   1.2156630215E-06
    6     -5.4262090078E-02  -1.8981592051E-02   3.6870899944E-06  -3.7515251953E-02  -3.0573699968E-02
    7     -1.8938756853E-02  -6.0591006165E-03   5.9563273126E-07  -1.3826987748E-02   8.1864382549E-03
    8      6.7296670196E-07   2.7950851668E-07  -8.6755718892E-03   3.7006709356E-07  -2.3191138662E-07
    9     -1.6306667904E-02   3.5529899032E-02  -3.9909041451E-07  -1.8966398024E-01   6.5563294175E-02
   10      7.4393604156E-02   1.0783361173E-02  -4.5308431050E-07   3.4528297769E-02  -1.2649432828E-01
   11     -3.4350380673E-06  -9.0115090325E-07   9.5603131518E-03   3.6689237759E-06   1.1448924797E-06
   12     -3.3800158867E-01   6.7272010371E-02   7.3902506296E-06  -2.2257386467E-02   3.2900320043E-02
   13      8.7200667213E-03  -1.3575265126E-01   1.5816441977E-06   2.7015170641E-02   3.0850249200E-03
   14      8.6596417486E-06  -4.1036184864E-07  -6.2931033639E-02   5.4047486990E-07  -5.8432623983E-07
   15      6.6954117936E-01  -3.5100875738E-02  -1.2112656107E-05   9.6824769260E-03   5.7944837245E-03
   16     -3.5100875738E-02   7.2099758000E-01  -1.6812167338E-05   2.0154328637E-03  -7.1907532980E-03
   17     -1.2112656107E-05  -1.6812167338E-05   1.3264735743E-01  -9.3982564155E-07   4.4453513791E-07
   18      9.6824769260E-03   2.0154328637E-03  -9.3982564155E-07   6.8569905099E-01   1.3855296865E-01
   19      5.7944837245E-03  -7.1907532980E-03   4.4453513791E-07   1.3855296865E-01   7.5079323879E-01
   20     -2.2999960931E-07   3.2069180350E-07   7.7715776634E-03  -1.1613845919E-05  -7.4148969212E-06
   21     -1.4066044607E-03  -1.7444801503E-03   3.0985295230E-07  -3.7059883513E-01  -2.6374593233E-01
   22     -3.8514103956E-03   1.2797818192E-03  -1.5122498725E-07  -2.5777060490E-01  -3.7710827399E-01
   23      1.2309778783E-07  -5.0891849117E-08  -1.0183981205E-03   9.2566032921E-06   9.1499484515E-06
   24     -1.5657859291E-02   6.5422436099E-03  -4.4538250560E-07   3.0739321093E-05  -9.1636924475E-08
   25     -2.4578354669E-02   8.7270952445E-03   5.1805684999E-07  -8.7712496811E-05  -2.3518494835E-04
   26      1.0177627427E-06  -3.4718576197E-07   3.3717944781E-03   8.5935686637E-09  -2.0415389057E-07
   27      4.0378323266E-04   2.6947103404E-03  -3.9080619169E-07   4.6323533822E-04  -1.8874729944E-03
   28      3.6540579784E-03  -4.3382934496E-03  -4.8361639535E-07   3.6787824835E-04   3.3426277322E-04
   29      9.1633860098E-08   1.9089451635E-07   7.5993508841E-03   2.4468169092E-07   1.9312532598E-07
   30     -9.8823773566E-04  -5.4205090888E-04   8.2994984304E-08   2.2627016945E-04  -3.6158889546E-03
   31     -6.0022462760E-04   4.7589949993E-04  -5.2648795095E-07   4.3380898562E-03  -3.3429773338E-05
   32     -2.4111586852E-07  -1.1087047027E-07  -6.9274511790E-04  -4.6058809095E-08  -1.4231595450E-07
   33     -1.4519505957E-02  -2.4367618507E-02   2.4027014996E-07   1.0857143795E-04   6.5124618499E-05
   34      5.8053836076E-03   8.6236693156E-03  -1.3368675351E-06  -3.7334461476E-03  -8.4377371884E-04
   35      6.1972494393E-07   8.9180255385E-07   4.3975353722E-03  -8.2421572966E-08   3.2652216150E-09
   36     -9.0808262779E-02   8.8556214054E-02  -1.2258224948E-06   6.9346970540E-04   2.0676674833E-03
   37      8.8494745127E-02  -3.0151169038E-01   5.9759934931E-06  -4.9050408831E-04  -3.6149072025E-04
   38     -1.4960123622E-06   7.2208818228E-06  -3.6441665995E-02  -2.7470441850E-07  -1.5805087806E-07
   39      3.8984947115E-04   2.0802920235E-03  -9.6174089345E-08  -8.0616065612E-02   6.3679480745E-02
   40     -3.6827412488E-04  -5.6568842933E-04  -5.0814916893E-08   7.5469693494E-02  -2.4089367599E-01
   41     -9.9458333210E-08  -1.3545656770E-07  -1.0827218618E-03  -5.3547087539E-08  -1.8079065965E-06
                   20                 21                 22                 23                 24        
    0      1.6487742806E-07  -3.1860416378E-04   1.0986748581E-03  -5.3264500559E-08  -3.2445672596E-01
    1      3.4013671930E-07  -1.1289549449E-03   1.2521326917E-03  -6.1396399531E-08   4.8318517416E-02
    2     -1.2689351378E-03   2.3747466614E-07   3.2608446499E-07   1.0555308243E-04   5.9971285734E-06
    3     -4.2623124068E-08  -4.0371139235E-03  -1.5241320032E-04   1.5164295741E-07  -6.7633137109E-03
    4      4.0152976627E-07   1.2655147889E-04   1.9478595949E-03  -7.9920055543E-08  -7.0590039439E-04
    5      9.3610355227E-03  -2.4382394213E-07  -5.2957032301E-07  -2.4789931977E-03   7.3680891015E-08
    6      1.5461783632E-06  -2.2468836536E-04   5.8286368126E-03  -3.5898653551E-08   1.4176796005E-03
    7     -2.5049947506E-07   1.0901386494E-02   3.9828356184E-03  -1.1847691928E-07   2.2898535133E-03
    8     -4.5023830458E-04   1.8882837224E-07   3.2793700571E-07   3.7424794321E-03   2.4693983275E-07
    9     -3.1727522313E-07  -6.6074194841E-02  -3.4941870003E-02   3.0247154345E-06   8.2029044856E-04
   10     -2.9503031773E-07  -3.6797320099E-02   1.7815026667E-02   1.0305889503E-06  -4.7450731328E-04
   11     -7.3424671237E-02   1.8733385465E-06   6.7055245410E-07   1.8198503208E-02   8.2947923087E-08
   12     -4.0719894339E-07   4.7381159808E-03   4.1199354031E-03  -2.2897283106E-07  -8.8036378588E-04
   13     -1.3505105654E-07  -7.9629002291E-03  -8.7785039159E-03   2.3200692500E-07  -4.1976814949E-03
   14      2.3428882194E-03  -2.9708932451E-07   8.6620046857E-08  -4.6541806296E-04   4.2199123704E-07
   15     -2.2999960931E-07  -1.4066044607E-03  -3.8514103956E-03   1.2309778783E-07  -1.5657859291E-02
   16      3.2069180350E-07  -1.7444801503E-03   1.2797818192E-03  -5.0891849117E-08   6.5422436099E-03
   17      7.7715776634E-03   3.0985295230E-07  -1.5122498725E-07  -1.0183981205E-03  -4.4538250560E-07
   18     -1.1613845919E-05  -3.7059883513E-01  -2.5777060490E-01   9.2566032921E-06   3.0739321093E-05
   19     -7.4148969212E-06  -2.6374593233E-01  -3.7710827399E-01   9.1499484515E-06  -9.1636924475E-08
   20      1.8856904162E-01   9.0088457658E-06   8.7078856079E-06  -6.7799171695E-02  -1.4416368227E-08
   21      9.0088457658E-06   4.3003275862E-01   3.2106534854E-01  -1.2292604702E-05  -1.5519345725E-04
   22      8.7078856079E-06   3.2106534854E-01   3.9668038923E-01  -1.1521998601E-05   6.0028656826E-05
   23     -6.7799171695E-02  -1.2292604702E-05  -1.1521998601E-05   3.0079867515E-02   2.2338280989E-08
   24     -1.4416368227E-08  -1.5519345725E-04   6.0028656826E-05   2.2338280989E-08   3.4539361311E-01
   25     -5.4458647470E-08   6.0271085985E-05   3.0408721470E-04   4.0293127864E-09  -5.2173513305E-02
   26     -1.5473164954E-03   3.3222775484E-08   8.1106768360E-08   3.7501326509E-04  -6.2561873950E-06
   27      8.0617951270E-08  -1.2437498865E-03  -8.1829759024E-05   8.8505492390E-09   7.1821940576E-04
   28     -1.8164647723E-08   2.3144871609E-05  -7.5533665520E-05  -2.6876885339E-09   1.4103486849E-04
   29      5.3548417832E-04  -5.5480191748E-08  -4.8852433754E-08  -3.5528322824E-04  -9.1982945320E-08
   30      3.9501782354E-08   7.0528820223E-04   1.5087688937E-03  -5.8933450285E-08  -4.4819882732E-04
   31     -5.2929868679E-07  -8.2763442175E-04   4.3903485606E-04   1.3857594433E-07  -1.0926965051E-04
   32     -4.5442606049E-03   6.6549167195E-09   3.9039518190E-09   8.3597628633E-04   9.1595318059E-08
   33      1.1070106746E-07  -1.0158270298E-03   2.3881327433E-04  -6.5746941348E-08  -8.1800128567E-04
   34     -9.5582099102E-08   8.9135782816E-04   2.5165951123E-03  -5.6744110514E-08   4.0763233612E-04
   35     -3.9105380757E-03  -6.0133048819E-08  -4.5359771349E-08   1.5406355691E-05   1.5729525566E-08
   36      1.6959079706E-08  -1.7318169293E-04  -5.1686994155E-04   6.2372790697E-09   8.1571397564E-04
   37     -1.0087521349E-07   2.5510168837E-04   1.9402619339E-04   2.8585462794E-08  -9.5248294004E-05
   38      2.4542297182E-04   6.9469548941E-08   6.4884421522E-08   1.7164116075E-04  -1.6112926128E-07
   39     -1.2373037967E-07   9.7718301391E-03  -3.6622871673E-02   7.3542692496E-07  -1.6599539639E-05
   40     -2.1065048273E-06  -2.1098276379E-02  -4.0449457427E-02   1.4497349851E-06  -3.1317249304E-06
   41     -5.5880318623E-02   6.2795223715E-07   1.8866769861E-06   1.8592823999E-02   3.8326475592E-08
                   25                 26                 27                 28                 29        
    0      4.8228461151E-02   5.0611720249E-06   1.0400312554E-02  -2.1604277175E-02   1.6892713856E-07
    1     -6.7864642716E-02  -4.4871634079E-07   9.4875246127E-03  -1.7874800515E-02  -5.8895850172E-07
    2     -4.8487961712E-07  -3.7161545645E-02   8.2378164462E-09   1.9825820629E-06   2.1699065333E-03
    3      3.0335390203E-02   2.7723835668E-08  -1.7424945213E-01  -1.3604766713E-01   9.9915094931E-06
    4     -3.7210140119E-04   7.6222349533E-08  -1.3606242709E-01  -2.1840892480E-01   1.1523134501E-05
    5     -7.5247935247E-07   3.5278357580E-03   8.6964835566E-06   9.9281209103E-06  -3.5126184346E-02
    6      1.6157574354E-03  -1.1089671254E-07  -1.5618867536E-02   5.2165004685E-03  -4.9436774343E-07
    7     -5.6165740737E-03   1.2863384172E-07  -2.5860120817E-02   7.8621328267E-03   3.0422521220E-07
    8      2.6933954071E-07   7.6853564588E-03   1.7565346385E-06   1.1390739795E-07   1.8103074407E-03
    9     -3.5336709676E-04  -1.2228470442E-07  -5.2345343837E-03   1.7503759426E-03   2.4115484619E-07
   10     -1.3745858940E-03  -1.2535174453E-07   3.2410965697E-03   1.3482799738E-03   7.6960888254E-09
   11      2.3968232139E-07  -8.4116011385E-04   1.0358284889E-06   1.1993686048E-06   7.9978634935E-03
   12     -3.4075611660E-03   4.3131960170E-07  -4.2675745729E-04   1.1008912159E-03   4.2291987383E-08
   13     -3.6140199544E-03   4.9968794573E-07   1.1177710053E-03  -1.4605824039E-04   4.0990853954E-08
   14      4.4611681359E-07   7.3497564051E-03   2.2528616273E-07   3.3224047527E-07  -8.4856953435E-04
   15     -2.4578354669E-02   1.0177627427E-06   4.0378323266E-04   3.6540579784E-03   9.1633860098E-08
   16      8.7270952445E-03  -3.4718576197E-07   2.6947103404E-03  -4.3382934496E-03   1.9089451635E-07
   17      5.1805684999E-07   3.3717944781E-03  -3.9080619169E-07  -4.8361639535E-07   7.5993508841E-03
   18     -8.7712496811E-05   8.5935686637E-09   4.6323533822E-04   3.6787824835E-04   2.4468169092E-07
   19     -2.3518494835E-04  -2.0415389057E-07  -1.8874729944E-03   3.3426277322E-04   1.9312532598E-07
   20     -5.4458647470E-08  -1.5473164954E-03   8.0617951270E-08  -1.8164647723E-08   5.3548417832E-04
   21      6.0271085985E-05   3.3222775484E-08  -1.2437498865E-03   2.3144871609E-05  -5.5480191748E-08
   22      3.0408721470E-04   8.1106768360E-08  -8.1829759024E-05  -7.5533665520E-05  -4.8852433754E-08
   23      4.0293127864E-09   3.7501326509E-04   8.8505492390E-09  -2.6876885339E-09  -3.5528322824E-04
   24     -5.2173513305E-02  -6.2561873950E-06   7.1821940576E-04   1.4103486849E-04  -9.1982945320E-08
   25      6.7980112496E-02   1.2526653597E-07  -3.6842807226E-04   1.0132496760E-03  -6.9838506270E-08
   26      1.2526653597E-07   2.4936096056E-02  -8.9894832369E-08  -7.5946536129E-08  -3.8807865428E-03
   27     -3.6842807226E-04  -8.9894832369E-08   1.8333763251E-01   1.4691644853E-01  -1.0651298870E-05
   28      1.0132496760E-03  -7.5946536129E-08   1.4691644853E-01   2.3060054542E-01  -1.2245034213E-05
   29     -6.9838506270E-08  -3.8807865428E-03  -1.0651298870E-05  -1.2245034213E-05   2.5047023900E-02
   30      1.5872951848E-03  -2.0652183244E-08   1.1296941610E-03  -3.1889854011E-04  -7.7558144644E-08
   31     -2.0969638456E-04   8.3021965951E-08   1.4680494281E-04   6.8558041258E-04  -1.1533269320E-07
   32     -3.6279650873E-08  -8.2937480611E-06  -1.2329982452E-07  -8.8488658111E-08  -3.8563802198E-03
   33     -1.2172320001E-03   1.4899478436E-07   3.0250665475E-05  -7.2274736003E-05   8.3503477031E-08
   34      2.9110990581E-04   7.6290269629E-08  -8.5088186956E-05   5.5663976656E-05   8.9745596377E-08
   35      5.7782412593E-08  -2.4697632521E-04  -1.8357427065E-08   4.4891703157E-09  -1.3843910559E-03
   36      4.4306563281E-04  -1.6116854419E-07   3.7432724646E-04  -1.1062904061E-03  -1.9472340355E-09
   37      8.6939845712E-04  -7.0158688745E-08   5.6801936265E-04  -1.0577957526E-03   3.5758174621E-08
   38     -9.7122865004E-08  -3.5626353291E-03  -2.2438524129E-08   6.3249481215E-08   2.3370709803E-04
   39     -8.4038473119E-05   1.0715456271E-08  -8.4093724545E-05  -3.2608877538E-06  -1.1824187595E-08
   40      1.0175237808E-04   3.7660344482E-08   1.5532830733E-04   1.6913571309E-06  -3.4847487809E-08
   41     -1.5922064581E-09   2.8617783769E-06   5.0133300879E-09   7.2736021533E-09   5.7951398515E-05
                   30                 31                 32                 33                 34        
    0     -6.0323738862E-03   8.9053099202E-04   3.6919179311E-07  -5.0285057432E-03   1.9518977210E-03
    1     -4.7872765588E-05   1.9991160542E-03   1.1873643135E-07   2.4506297167E-03   9.7284081065E-04
    2      2.0934187836E-07   6.3956654122E-07   7.6047613958E-03   8.9696517308E-07   8.3066043873E-07
    3     -5.3543455814E-03  -2.3587388746E-04   1.8882224179E-07  -4.6503488612E-04   7.0206329793E-04
    4      3.0456941057E-02  -1.4101578291E-03  -3.8941184363E-07   9.6688209370E-04   6.7524654529E-05
    5     -3.3709448004E-07  -4.3940260415E-07   2.8432341078E-03  -4.4094557843E-07  -5.8933471323E-07
    6     -9.0889056523E-02   8.7632407851E-02  -3.5264059785E-07  -3.1058937836E-04   3.7577278475E-03
    7      8.6252437059E-02  -2.9738816168E-01   2.4692419241E-06   2.6273607684E-03  -4.1920257809E-03
    8     -4.8563839227E-07   3.5554559898E-06  -3.4819252028E-02   4.7586148463E-07   6.6139576993E-07
    9      1.1690880434E-02   8.8574444084E-03  -5.3834206858E-07   1.2113604223E-02  -2.0064853767E-02
   10     -1.6676554859E-02  -1.9907171256E-02   1.2613037023E-06   6.5530692803E-03  -1.8902686996E-02
   11     -2.3110103555E-07   1.6581882620E-06   2.4020710212E-03   7.2021400026E-07   2.3717538389E-06
   12     -2.6115438764E-03  -4.4905468494E-03   4.2281693780E-07  -1.7446958137E-01  -1.3710484863E-01
   13     -3.1992457442E-03  -1.9459172895E-03   2.9661749611E-07  -1.3636397061E-01  -2.1883991959E-01
   14      1.2204895987E-07   8.7882999675E-07   6.0764705913E-03   7.4975896134E-06   8.5973456866E-06
   15     -9.8823773566E-04  -6.0022462760E-04  -2.4111586852E-07  -1.4519505957E-02   5.8053836076E-03
   16     -5.4205090888E-04   4.7589949993E-04  -1.1087047027E-07  -2.4367618507E-02   8.6236693156E-03
   17      8.2994984304E-08  -5.2648795095E-07  -6.9274511790E-04   2.4027014996E-07  -1.3368675351E-06
   18      2.2627016945E-04   4.3380898562E-03  -4.6058809095E-08   1.0857143795E-04  -3.7334461476E-03
   19     -3.6158889546E-03  -3.3429773338E-05  -1.4231595450E-07   6.5124618499E-05  -8.4377371884E-04
   20      3.9501782354E-08  -5.2929868679E-07  -4.5442606049E-03   1.1070106746E-07  -9.5582099102E-08
   21      7.0528820223E-04  -8.2763442175E-04   6.6549167195E-09  -1.0158270298E-03   8.9135782816E-04
   22      1.5087688937E-03   4.3903485606E-04   3.9039518190E-09   2.3881327433E-04   2.5165951123E-03
   23     -5.8933450285E-08   1.3857594433E-07   8.3597628633E-04  -6.5746941348E-08  -5.6744110514E-08
   24     -4.4819882732E-04  -1.0926965051E-04   9.1595318059E-08  -8.1800128567E-04   4.0763233612E-04
   25      1.5872951848E-03  -2.0969638456E-04  -3.6279650873E-08  -1.2172320001E-03   2.9110990581E-04
   26     -2.0652183244E-08   8.3021965951E-08  -8.2937480611E-06   1.4899478436E-07   7.6290269629E-08
   27      1.1296941610E-03   1.4680494281E-04  -1.2329982452E-07   3.0250665475E-05  -8.5088186956E-05
   28     -3.1889854011E-04   6.8558041258E-04  -8.8488658111E-08  -7.2274736003E-05   5.5663976656E-05
   29     -7.7558144644E-08  -1.1533269320E-07  -3.8563802198E-03   8.3503477031E-08   8.9745596377E-08
   30      9.2628656093E-02  -9.5234854467E-02   4.8386365408E-07   3.2837048472E-04  -1.0934163812E-03
   31     -9.5234854467E-02   3.1767014799E-01  -4.4992368671E-06   7.8819772703E-04  -1.0777235540E-03
   32      4.8386365408E-07  -4.4992368671E-06   2.4672513803E-02   3.2299667233E-08   1.4461901422E-07
   33      3.2837048472E-04   7.8819772703E-04   3.2299667233E-08   1.8285155529E-01   1.4875522503E-01
   34     -1.0934163812E-03  -1.0777235540E-03   1.4461901422E-07   1.4875522503E-01   2.3048227790E-01
   35      5.6970457444E-08   8.9408212979E-08   7.4152869219E-04  -8.6282649749E-06  -9.6805834999E-06
   36      8.0336683971E-05   8.2709463369E-05  -3.3163815776E-08   1.1511524896E-03  -2.6986064848E-04
   37      6.7872379610E-05  -2.5240271903E-05  -3.9975057500E-08   8.9487454517E-05   6.7451402659E-04
   38     -8.3788855935E-08   6.3022839143E-08  -1.3482212221E-03  -1.9052812848E-07  -1.2081024075E-07
   39     -4.6573979741E-04  -1.2558479070E-03   4.1208537115E-08   4.3541063196E-05   6.6625166584E-05
   40      8.7353461592E-04   7.2771922498E-04  -5.4437889058E-08  -5.0009317463E-04   1.7193393775E-04
   41     -1.7872560069E-09   7.0282921171E-08   9.2597043796E-05  -2.0653109811E-08   1.2583960755E-08
                   35                 36                 37                 38                 39        
    0      4.0954583021E-07   1.0831736720E-02   1.0887410917E-02  -7.1730138792E-07   1.4682723326E-04
    1     -3.3199452036E-08  -2.0326782183E-02  -1.8361768725E-02   8.7035597356E-07  -1.7647046746E-04
    2      7.9920503296E-03   3.1885369202E-07   6.9683231820E-07   2.4245077683E-03   6.8911230499E-08
    3      1.6100760995E-08  -2.2781664172E-03  -4.3924934092E-03   4.1489380468E-07  -6.8348794565E-05
    4     -1.1268002605E-07  -3.4948593670E-03  -1.7440606074E-03   2.3333728208E-07  -6.2276861183E-04
    5     -5.3809513925E-04   5.1196442921E-07  -4.6469494070E-08   6.9039751302E-03  -1.0122760198E-07
    6     -1.0601054034E-07  -1.1922177136E-03  -7.4159226284E-04   1.3743240054E-07   1.1218197996E-03
    7      3.0284123441E-07  -7.2576598953E-04   6.1495847697E-04   9.5943657853E-08   2.4618158794E-03
    8      5.7966974590E-03  -3.8573841413E-08   3.4446179999E-07  -4.0045000718E-04  -2.2252254566E-08
    9      6.4617660142E-07  -6.1414857074E-03   9.8083867488E-04   5.0630378457E-07  -5.0693908751E-03
   10      1.0563054174E-07  -7.3678775137E-05   2.0054735021E-03   2.1073614340E-07   2.8458701713E-02
   11      3.7232535050E-03   2.3727432026E-07   1.1854075671E-06   8.2631126745E-03   1.1727969937E-08
   12      6.4360724194E-06  -6.2848557409E-03   1.2551852482E-04   6.4151016010E-07  -6.1161152563E-03
   13      7.6913139602E-06   3.0949561580E-02  -1.6810493990E-03  -1.2559444389E-06  -7.9613531200E-04
   14     -3.8765722935E-02  -9.1657968744E-07   7.8458040183E-07   2.8151834952E-03   2.2244151109E-07
   15      6.1972494393E-07  -9.0808262779E-02   8.8494745127E-02  -1.4960123622E-06   3.8984947115E-04
   16      8.9180255385E-07   8.8556214054E-02  -3.0151169038E-01   7.2208818228E-06   2.0802920235E-03
   17      4.3975353722E-03  -1.2258224948E-06   5.9759934931E-06  -3.6441665995E-02  -9.6174089345E-08
   18     -8.2421572966E-08   6.9346970540E-04  -4.9050408831E-04  -2.7470441850E-07  -8.0616065612E-02
   19      3.2652216150E-09   2.0676674833E-03  -3.6149072025E-04  -1.5805087806E-07   6.3679480745E-02
   20     -3.9105380757E-03   1.6959079706E-08  -1.0087521349E-07   2.4542297182E-04  -1.2373037967E-07
   21     -6.0133048819E-08  -1.7318169293E-04   2.5510168837E-04   6.9469548941E-08   9.7718301391E-03
   22     -4.5359771349E-08  -5.1686994155E-04   1.9402619339E-04   6.4884421522E-08  -3.6622871673E-02
   23      1.5406355691E-05   6.2372790697E-09   2.8585462794E-08   1.7164116075E-04   7.3542692496E-07
   24      1.5729525566E-08   8.1571397564E-04  -9.5248294004E-05  -1.6112926128E-07  -1.6599539639E-05
   25      5.7782412593E-08   4.4306563281E-04   8.6939845712E-04  -9.7122865004E-08  -8.4038473119E-05
   26     -2.4697632521E-04  -1.6116854419E-07  -7.0158688745E-08  -3.5626353291E-03   1.0715456271E-08
   27     -1.8357427065E-08   3.7432724646E-04   5.6801936265E-04  -2.2438524129E-08  -8.4093724545E-05
   28      4.4891703157E-09  -1.1062904061E-03  -1.0577957526E-03   6.3249481215E-08  -3.2608877538E-06
   29     -1.3843910559E-03  -1.9472340355E-09   3.5758174621E-08   2.3370709803E-04  -1.1824187595E-08
   30      5.6970457444E-08   8.0336683971E-05   6.7872379610E-05  -8.3788855935E-08  -4.6573979741E-04
   31      8.9408212979E-08   8.2709463369E-05  -2.5240271903E-05   6.3022839143E-08  -1.2558479070E-03
   32      7.4152869219E-04  -3.3163815776E-08  -3.9975057500E-08  -1.3482212221E-03   4.1208537115E-08
   33     -8.6282649749E-06   1.1511524896E-03   8.9487454517E-05  -1.9052812848E-07   4.3541063196E-05
   34     -9.6805834999E-06  -2.6986064848E-04   6.7451402659E-04  -1.2081024075E-07   6.6625166584E-05
   35      2.6221446125E-02  -1.4818807826E-07  -1.7678123551E-07  -4.2102765417E-03  -1.7205581090E-08
   36     -1.4818807826E-07   9.3528052081E-02  -9.5867743444E-02   1.2957343724E-06  -5.9661885048E-04
   37     -1.7678123551E-07  -9.5867743444E-02   3.2044931931E-01  -7.9047251057E-06   1.1815109727E-04
   38     -4.2102765417E-03   1.2957343724E-06  -7.9047251057E-06   2.5365116019E-02   2.3501604311E-08
   39     -1.7205581090E-08  -5.9661885048E-04   1.1815109727E-04   2.3501604311E-08   8.1559104744E-02
   40     -2.4016994771E-09   2.8306881337E-04  -6.4594108991E-05   1.9720420445E-08  -5.7239397009E-02
   41      1.6808223382E-04  -4.5222139261E-09  -1.8112936209E-08  -4.5941722302E-04  -9.3303922180E-07
                   40                 41        
     0      2.2414080708E-05   4.8298622998E-09
     1      3.4569436888E-04   2.7524063178E-08
     2      1.5915245737E-07   4.5051251928E-04
     3      7.0070989497E-04   2.8380224504E-08
     4      4.4451375902E-04   4.9134002881E-08
     5     -1.9159311048E-07  -6.1852598358E-04
     6     -1.2094104097E-03  -8.2935014457E-08
     7      4.5333276566E-04  -9.5305806487E-08
     8      2.2444452399E-07  -1.1412862797E-03
     9      1.0394687670E-03   4.3760834460E-07
    10     -9.6122055159E-03  -9.4789878525E-08
    11     -1.6822786589E-07   1.6725231833E-02
    12      1.8100885647E-03   2.4535184438E-07
    13      1.4080918102E-03   4.1191747805E-08
    14     -4.8752725920E-08   2.9104983661E-03
    15     -3.6827412488E-04  -9.9458333210E-08
    16     -5.6568842933E-04  -1.3545656770E-07
    17     -5.0814916893E-08  -1.0827218618E-03
    18      7.5469693494E-02  -5.3547087539E-08
    19     -2.4089367599E-01  -1.8079065965E-06
    20     -2.1065048273E-06  -5.5880318623E-02
    21     -2.1098276379E-02   6.2795223715E-07
    22     -4.0449457427E-02   1.8866769861E-06
    23      1.4497349851E-06   1.8592823999E-02
    24     -3.1317249304E-06   3.8326475592E-08
    25      1.0175237808E-04  -1.5922064581E-09
    26      3.7660344482E-08   2.8617783769E-06
    27      1.5532830733E-04   5.0133300879E-09
    28      1.6913571309E-06   7.2736021533E-09
    29     -3.4847487809E-08   5.7951398515E-05
    30      8.7353461592E-04  -1.7872560069E-09
    31      7.2771922498E-04   7.0282921171E-08
    32     -5.4437889058E-08   9.2597043796E-05
    33     -5.0009317463E-04  -2.0653109811E-08
    34      1.7193393775E-04   1.2583960755E-08
    35     -2.4016994771E-09   1.6808223382E-04
    36      2.8306881337E-04  -4.5222139261E-09
    37     -6.4594108991E-05  -1.8112936209E-08
    38      1.9720420445E-08  -4.5941722302E-04
    39     -5.7239397009E-02  -9.3303922180E-07
    40      2.8793089187E-01   4.1268224962E-07
    41      4.1268224962E-07   2.0181710800E-02

$vibrational_frequencies
42
    0        0.0000000000000000
    1        0.0000000000000000
    2        0.0000000000000000
    3        0.0000000000000000
    4        0.0000000000000000
    5        0.0000000000000000
    6      145.1008033962005186
    7      234.1385965944176633
    8      236.0312165039482579
    9      413.2475241504723158
   10      447.9225356030991634
   11      458.4435027710567851
   12      631.4336847344521857
   13      668.0897317122473851
   14      701.6104621734893954
   15      758.6797890803363771
   16      848.9780851504177690
   17      857.1467583351399071
   18      929.4614347029862529
   19      973.6718905991035626
   20      995.3340346101784917
   21     1011.8584076935720759
   22     1020.3822559241011732
   23     1040.9155725112730124
   24     1102.0732309872910264
   25     1184.2286221710985501
   26     1186.7003337347443903
   27     1234.8845215252370053
   28     1332.3409228305138186
   29     1358.0923239810024370
   30     1403.3852346156827480
   31     1479.8210108929199578
   32     1515.8283166583305501
   33     1608.8289033829348682
   34     1629.0703672125487174
   35     1681.4045550928001376
   36     2918.1545624452360244
   37     3156.7061959701341038
   38     3164.0106480383001326
   39     3174.2533116114200311
   40     3183.1193505151104546
   41     3188.7807571323432967

$normal_modes
42 42
                    0                  1                  2                  3                  4        
    0      0.0000000000E+00   0.0000000000E+00   0.0000000000E+00   0.0000000000E+00   0.0000000000E+00
    1      0.0000000000E+00   0.0000000000E+00   0.0000000000E+00   0.0000000000E+00   0.0000000000E+00
    2      0.0000000000E+00   0.0000000000E+00   0.0000000000E+00   0.0000000000E+00   0.0000000000E+00
    3      0.0000000000E+00   0.0000000000E+00   0.0000000000E+00   0.0000000000E+00   0.0000000000E+00
    4      0.0000000000E+00   0.0000000000E+00   0.0000000000E+00   0.0000000000E+00   0.0000000000E+00
