*************************************************
******************* ORCA 6.0.0 ******************
*************************************************
$Calculation_Status
   &GeometryIndex 1
   &ListStatus       OUT
   &VERSION [&Type "String"] "6.0.0"
   &PROGNAME [&Type "String"] "LeanSCF"
   &STATUS [&Type "String"] "NORMAL TERMINATION"
$End
$Geometry
   &GeometryIndex 1
   &ListStatus       OUT
   &NATOMS [&Type "Integer"] 14
   &NCORELESSECP [&Type "Integer"] 0
   &NGHOSTATOMS [&Type "Integer"] 0
   &CartesianCoordinates [&Type "Coordinates", &Dim(14,4), &Units "Bohr"] 
              C     -4.237960691475    0.509203353383    0.000116291479
              C     -3.360161609780   -1.972999982471    0.000131300062
              C     -0.775872483282   -2.437993932589    0.000087971665
              C      0.932072409136   -0.417258713975   -0.000015496510
              C      0.039224306290    2.077533222060   -0.000070348835
              C     -2.539921580368    2.532053942203    0.000012393769
              C      3.642643548638   -0.975816176889   -0.000059512011
              O      5.319694153389    0.623556215998   -0.000125033163
              H     -6.255941367042    0.876343581557    0.000152899631
              H     -4.688735315096   -3.534369017344    0.000232765505
              H     -0.061110307082   -4.362910958726    0.000106199774
              H      1.379409053434    3.629877404529   -0.000141379861
              H     -3.245053486367    4.457394784400   -0.000036172382
              H      4.127554385641   -3.012368571808   -0.000064403189
$End
$SCF_Energy
   &GeometryIndex 1
   &ListStatus       OUT
   &SCF_ENERGY [&Type "Double"]      -3.4551393391805703e+02
$End
$DFT_Energy
   &GeometryIndex 1
   &ListStatus       OUT
   &NALPHAEL [&Type "Integer"] 28
   &NBETAEL [&Type "Integer"] 28
   &NTOTALEL [&Type "Integer"] 56
   &EEXCHANGE [&Type "Double"]      -4.6828196620365681e+01
   &ECORR [&Type "Double"]      -1.8058584925489978e+00
   &ECNL [&Type "Double"]       0.0000000000000000e+00
   &EXC [&Type "Double"]      -4.8634055112914680e+01
   &EEMBED [&Type "Double"]       0.0000000000000000e+00
   &FINALEN [&Type "Double"]      -3.4551393391805703e+02  "No Van der Waals correction"
$End
$Mulliken_Population_Analysis
   &GeometryIndex 1
   &ListStatus       OUT
   &NATOMS [&Type "Integer"] 14
   &ATNO [&Type "ArrayOfIntegers", &Dim (14,1)] 
                                                         0

0                                                        6
1                                                        6
2                                                        6
3                                                        6
4                                                        6
5                                                        6
6                                                        6
7                                                        8
8                                                        1
9                                                        1
10                                                       1
11                                                       1
12                                                       1
13                                                       1
   &ATOMICCHARGES [&Type "ArrayOfDoubles", &Dim (14,1)] 
                                                         0

0                                     -1.0452159155925678e-01
1                                     -9.8209528870073726e-02
2                                     -1.7007805826732181e-01
3                                      1.5899595933316846e-01
4                                     -1.9157932283546852e-01
5                                     -6.3136305388830749e-02
6                                      1.2600940667644167e-01
7                                     -3.2379780768436639e-01
8                                      1.2036140366599468e-01
9                                      1.1803239524659492e-01
10                                     1.1491979469036040e-01
11                                     1.3589224999009364e-01
12                                     1.2033315356049523e-01
13                                     5.6778251442555661e-02
$End
$Loewdin_Population_Analysis
   &GeometryIndex 1
   &ListStatus       OUT
   &NATOMS [&Type "Integer"] 14
   &ATNO [&Type "ArrayOfIntegers", &Dim (14,1)] 
                                                         0

0                                                        6
1                                                        6
2                                                        6
3                                                        6
4                                                        6
5                                                        6
6                                                        6
7                                                        8
8                                                        1
9                                                        1
10                                                       1
11                                                       1
12                                                       1
13                                                       1
   &ATOMICCHARGES [&Type "ArrayOfDoubles", &Dim (14,1)] 
                                                         0

0                                     -1.1686758918205786e-01
1                                     -1.3348371409845772e-01
2                                     -9.0579708571859818e-02
3                                     -1.6165178667826030e-01
4                                     -7.0162521603481132e-02
5                                     -1.2823558537241020e-01
6                                     -2.5018238837301610e-01
7                                      9.3194392777621538e-02
8                                      1.4617035993087457e-01
9                                      1.4583990483666065e-01
10                                     1.4908461304998954e-01
11                                     1.5634381365046590e-01
12                                     1.4652376461346939e-01
13                                     1.1400644502084356e-01
$End
$Mayer_Population_Analysis
   &GeometryIndex 1
   &ListStatus       OUT
   &NATOMS [&Type "Integer"] 14 "Total number of atoms"
   &BONDTHRESH [&Type "Double"]       1.0000000000000001e-01  "The threshold for printing"
   &NBONDORDERSPRINT [&Type "Integer"] 15 "The number of bond orders larger than threshold"
   &BONDORDERS [&Type "ArrayOfDoubles", &Dim (15,1)] "The bond orders"
                                                         0

0                                      1.3985826748458403e+00
1                                      1.3566808412263387e+00
2                                      9.6410716098297045e-01
3                                      1.4108130331277744e+00
4                                      9.6838649440846669e-01
5                                      1.3094197926124855e+00
6                                      9.6322366136534177e-01
7                                      1.3104652591110930e+00
8                                      9.2019526305750632e-01
9                                     -1.0425044566544978e-01
10                                     1.4209174222796117e+00
11                                     9.6146613504243073e-01
12                                     9.7011927703997380e-01
13                                     2.0274262829310543e+00
14                                     9.9983591612137879e-01
   &COMPONENTS [&Type "ArrayOfIntegers", &Dim (15,4)] "The indices and atomic numbers of the bonding atoms"
                                                         0                           1                           2                           3

0                                                        0                           6                           1                           6
1                                                        0                           6                           5                           6
2                                                        0                           6                           8                           1
3                                                        1                           6                           2                           6
4                                                        1                           6                           9                           1
5                                                        2                           6                           3                           6
6                                                        2                           6                          10                           1
7                                                        3                           6                           4                           6
8                                                        3                           6                           6                           6
9                                                        3                           6                           7                           8
10                                                       4                           6                           5                           6
11                                                       4                           6                          11                           1
12                                                       5                           6                          12                           1
13                                                       6                           6                           7                           8
14                                                       6                           6                          13                           1
   &ATNO [&Type "ArrayOfIntegers", &Dim (14,1)] "Atomic number of the elements"
                                                         0

0                                                        6
1                                                        6
2                                                        6
3                                                        6
4                                                        6
5                                                        6
6                                                        6
7                                                        8
8                                                        1
9                                                        1
10                                                       1
11                                                       1
12                                                       1
13                                                       1
   &NA [&Type "ArrayOfDoubles", &Dim (14,1)] "Mulliken gross atomic population"
                                                         0

0                                      6.1045215915592896e+00
1                                      6.0982095288700657e+00
2                                      6.1700780582673405e+00
3                                      5.8410040406668253e+00
4                                      6.1915793228354481e+00
5                                      6.0631363053888210e+00
6                                      5.8739905933235645e+00
7                                      8.3237978076843540e+00
8                                      8.7963859633400521e-01
9                                      8.8196760475340452e-01
10                                     8.8508020530963927e-01
11                                     8.6410775000990514e-01
12                                     8.7966684643950444e-01
13                                     9.4322174855744512e-01
   &ZA [&Type "ArrayOfDoubles", &Dim (14,1)] "Total nuclear charge"
                                                         0

0                                      6.0000000000000000e+00
1                                      6.0000000000000000e+00
2                                      6.0000000000000000e+00
3                                      6.0000000000000000e+00
4                                      6.0000000000000000e+00
5                                      6.0000000000000000e+00
6                                      6.0000000000000000e+00
7                                      8.0000000000000000e+00
8                                      1.0000000000000000e+00
9                                      1.0000000000000000e+00
10                                     1.0000000000000000e+00
11                                     1.0000000000000000e+00
12                                     1.0000000000000000e+00
13                                     1.0000000000000000e+00
   &QA [&Type "ArrayOfDoubles", &Dim (14,1)] "Mulliken gross atomic charge"
                                                         0

0                                     -1.0452159155928964e-01
1                                     -9.8209528870065732e-02
2                                     -1.7007805826734046e-01
3                                      1.5899595933317467e-01
4                                     -1.9157932283544810e-01
5                                     -6.3136305388820979e-02
6                                      1.2600940667643545e-01
7                                     -3.2379780768435396e-01
8                                      1.2036140366599479e-01
9                                      1.1803239524659548e-01
10                                     1.1491979469036073e-01
11                                     1.3589224999009486e-01
12                                     1.2033315356049556e-01
13                                     5.6778251442554883e-02
   &VA [&Type "ArrayOfDoubles", &Dim (14,1)] "Mayer's total valence"
                                                         0

0                                      3.9091932502447544e+00
1                                      3.8896122113754434e+00
2                                      3.9040084582553169e+00
3                                      3.4017971881201579e+00
4                                      3.9419689092570618e+00
5                                      3.8321470461147706e+00
6                                      4.0136694379570166e+00
7                                      2.1309526090850106e+00
8                                      9.7510520718654758e-01
9                                      9.7650398822345130e-01
10                                     9.8253626213764145e-01
11                                     9.9507114345075043e-01
12                                     9.7603014376234898e-01
13                                     9.7089835542404324e-01
   &BVA [&Type "ArrayOfDoubles", &Dim (14,1)] "Mayer's bonded valence"
                                                         0

0                                      3.9091932502445528e+00
1                                      3.8896122113752152e+00
2                                      3.9040084582550025e+00
3                                      3.4017971881199651e+00
4                                      3.9419689092571297e+00
5                                      3.8321470461148057e+00
6                                      4.0136694379570610e+00
7                                      2.1309526090849849e+00
8                                      9.7510520718650828e-01
9                                      9.7650398822340689e-01
10                                     9.8253626213761236e-01
11                                     9.9507114345080450e-01
12                                     9.7603014376236263e-01
13                                     9.7089835542405367e-01
   &FA [&Type "ArrayOfDoubles", &Dim (14,1)] "Mayer's free valence"
                                                         0

0                                      0.0000000000000000e+00
1                                      0.0000000000000000e+00
2                                      0.0000000000000000e+00
3                                      0.0000000000000000e+00
4                                      0.0000000000000000e+00
5                                      0.0000000000000000e+00
6                                      0.0000000000000000e+00
7                                      0.0000000000000000e+00
8                                      0.0000000000000000e+00
9                                      0.0000000000000000e+00
10                                     0.0000000000000000e+00
11                                     0.0000000000000000e+00
12                                     0.0000000000000000e+00
13                                     0.0000000000000000e+00
$End
$VdW_Correction
   &GeometryIndex 1
   &ListStatus       OUT
   &VDW [&Type "Double"]      -4.4422625142956943e-03
$End
$Calculation_Info
   &GeometryIndex 1
   &ListStatus       OUT
   &MULT [&Type "Integer"] 1
   &CHARGE [&Type "Integer"] 0
   &NUMOFATOMS [&Type "Integer"] 14
   &NUMOFELECTRONS [&Type "Integer"] 56
   &NUMOFFCELECTRONS [&Type "Integer"] 1
   &NUMOFCORRELECTRONS [&Type "Integer"] 0
   &NUMOFBASISFUNCTS [&Type "Integer"] 284
   &NUMOFAUXCBASISFUNCTS [&Type "Integer"] 0
   &NUMOFAUXJBASISFUNCTS [&Type "Integer"] 306
   &NUMOFAUXJKBASISFUNCTS [&Type "Integer"] 0
   &NUMOFCABSBASISFUNCTS [&Type "Integer"] 0
   &TOTALENERGY [&Type "Double"]      -3.4551480474967133e+02  "Hartrees"
$End
$SCF_Dipole_Moment
   &GeometryIndex 1
   &ListStatus       OUT
   &METHOD [&Type "String"] "SCF"
   &LEVEL [&Type "String"] "Relaxed density"
   &MULT [&Type "Integer"] 1
   &STATE [&Type "Integer"] -1
   &IRREP [&Type "Integer"] 0
   &NATOMS [&Type "Integer"] 14
   &DODIPOLEATOM [&Type "Boolean"] false
   &DIPOLEELECCONTRIB [&Type "ArrayOfDoubles", &Dim (3,1)] "Electronic contribution"
                                                         0

0                                      2.9685263520831824e+00
1                                      5.1369157423747058e-01
2                                     -6.8342138953215312e-05
   &DIPOLENUCCONTRIB [&Type "ArrayOfDoubles", &Dim (3,1)] "Nuclear contribution"
                                                         0

0                                     -4.3170100341703703e+00
1                                     -9.5516596571980505e-01
2                                      1.0381635487119611e-04
   &DIPOLETOTAL [&Type "ArrayOfDoubles", &Dim (3,1)] "Total"
                                                         0

0                                     -1.3484836820871879e+00
1                                     -4.4147439148233447e-01
2                                      3.5474215917980794e-05
   &DIPOLEMAGNITUDE [&Type "Double", &Units "a.u."]       1.4189108077848085e+00
$End
$THERMOCHEMISTRY_Energies
   &GeometryIndex 1
   &ListStatus       OUT
   &TEMPERATURE [&Type "Double"]       2.9814999999999998e+02
   &PRESSURE [&Type "Double"]       1.0000000000000000e+00
   &TOTALMASS [&Type "Double"]       1.0612399999999998e+02
   &SPINDEGENERACY [&Type "Integer"] 1
   &ELENERGY [&Type "Double"]      -3.4551480474967133e+02
   &TRANSENERGY [&Type "Double"]       1.4162714244859817e-03
   &ROTENERGY [&Type "Double"]       1.4162714244859817e-03
   &VIBENERGY [&Type "Double"]       3.4345797096102314e-03
   &NUMOFFREQS [&Type "Integer"] 42
   &FREQSCALINGFACTOR [&Type "Double"]       1.0000000000000000e+00
   &FREQ [&Type "ArrayOfDoubles", &Dim (42,1)] "In cm^-1"
                                                         0

0                                      0.0000000000000000e+00
1                                      0.0000000000000000e+00
2                                      0.0000000000000000e+00
3                                      0.0000000000000000e+00
4                                      0.0000000000000000e+00
5                                      0.0000000000000000e+00
6                                      1.4510080339620052e+02
7                                      2.3413859659441766e+02
8                                      2.3603121650394826e+02
9                                      4.1324752415047232e+02
10                                     4.4792253560309916e+02
11                                     4.5844350277105679e+02
12                                     6.3143368473445219e+02
13                                     6.6808973171224739e+02
14                                     7.0161046217348940e+02
15                                     7.5867978908033638e+02
16                                     8.4897808515041777e+02
17                                     8.5714675833513991e+02
18                                     9.2946143470298625e+02
19                                     9.7367189059910356e+02
20                                     9.9533403461017849e+02
21                                     1.0118584076935721e+03
22                                     1.0203822559241012e+03
23                                     1.0409155725112730e+03
24                                     1.1020732309872910e+03
25                                     1.1842286221710986e+03
26                                     1.1867003337347444e+03
27                                     1.2348845215252370e+03
28                                     1.3323409228305138e+03
29                                     1.3580923239810024e+03
30                                     1.4033852346156827e+03
31                                     1.4798210108929200e+03
32                                     1.5158283166583306e+03
33                                     1.6088289033829349e+03
34                                     1.6290703672125487e+03
35                                     1.6814045550928001e+03
36                                     2.9181545624452360e+03
37                                     3.1567061959701341e+03
38                                     3.1640106480383001e+03
39                                     3.1742533116114200e+03
40                                     3.1831193505151105e+03
41                                     3.1887807571323433e+03
   &ZPE [&Type "Double"]       1.0906529201676725e-01
   &INNERENERGYU [&Type "Double"]      -3.4539947233509594e+02
   &ENTHALPYH [&Type "Double"]      -3.4539852812605369e+02
   &QEL [&Type "Double"]       0.0000000000000000e+00
   &QROT [&Type "Double"]       1.3243782337380784e-02
   &QVIB [&Type "Double"]       5.4037997038782421e-03
   &QTRANS [&Type "Double"]       1.8955422511117471e-02
   &ENTROPYS [&Type "Double"]       3.7603004552376494e-02
   &FREEENERGYG [&Type "Double"]      -3.4543613113060604e+02
   &ISLINEAR [&Type "Boolean"] false
$End
$Hessian
   &GeometryIndex 1
   &ListStatus       OUT
   &HESSIAN [&Type "ArrayOfDoubles", &Dim (42,42)] "The Hessian"
                                                         0                           1                           2                           3                           4                           5                           6                           7

0                                      7.2687368655621565e-01        -1.8466803033383113e-02        -1.5719724043610660e-05        -1.5041429213308782e-01         9.1677514493548842e-02         9.7397786030382930e-07        -9.2334238331528880e-03         3.8029493067448711e-02
1                                     -1.8466803033383113e-02         6.5246557057673615e-01        -1.1231850567558194e-05         3.0994848359763509e-02        -3.0650293182878735e-01         4.5821705183789210e-06         8.1553659593986333e-02         9.1390513669674534e-03
2                                     -1.5719724043610660e-05        -1.1231850567558194e-05         1.3565713937408669e-01         3.1854411641946832e-06         1.5974916121087902e-06        -6.1150267344223699e-02        -3.0117684004027238e-06        -8.3604042968559496e-07
3                                     -1.5041429213308782e-01         3.0994848359763509e-02         3.1854411641946832e-06         6.9199308650802327e-01         4.3818723648831173e-02        -2.0988915562758247e-05        -3.2885580627876715e-01         6.2600449214763931e-02
4                                      9.1677514493548842e-02        -3.0650293182878735e-01         1.5974916121087902e-06         4.3818723648831173e-02         6.9916611870801482e-01        -1.6020391514382867e-05         4.3558179233239847e-03        -1.3250982977105813e-01
5                                      9.7397786030382930e-07         4.5821705183789210e-06        -6.1150267344223699e-02        -2.0988915562758247e-05        -1.6020391514382867e-05         1.2831137717024504e-01         7.5575259017473049e-06         6.0209207769546495e-07
6                                     -9.2334238331528880e-03         8.1553659593986333e-02        -3.0117684004027238e-06        -3.2885580627876715e-01         4.3558179233239847e-03         7.5575259017473049e-06         6.7531420048313628e-01        -3.3251770141895634e-02
7                                      3.8029493067448711e-02         9.1390513669674534e-03        -8.3604042968559496e-07         6.2600449214763931e-02        -1.3250982977105813e-01         6.0209207769546495e-07        -3.3251770141895634e-02         7.0822407052086089e-01
8                                     -1.0158891084490204e-07        -3.0086879336963325e-06         6.9463417704035933e-03         5.0748192114102210e-06         2.0592144935892695e-06        -6.0470698161831815e-02        -1.2506697338077157e-05        -1.2772397108096754e-05
9                                     -8.7062974243317173e-04        -9.4213276311514976e-03        -1.3891031368543271e-07        -4.6717745833555868e-02        -1.4357512638468252e-02         2.1612035851582397e-06        -1.9182211307361480e-01        -1.1022590259195017e-01
10                                    -9.4310219181129966e-03        -5.6190189376410654e-02        -7.3273144070216798e-08        -5.2252939312965957e-02         4.1887592850816044e-02         1.2787911552422497e-06        -6.7638177656395571e-02        -2.4088520160597107e-01
11                                     4.1383777942148454e-08        -5.3972461797688599e-08        -8.7968920730899305e-03         4.9081106148179063e-06        -1.3469300233772102e-06         8.9173893962620418e-03         3.0147930302323655e-06         7.7265180278846115e-06
12                                    -4.5484887388105265e-02        -5.9128333041413364e-02         3.6960435629633421e-06        -3.4883820439972908e-02         2.9575767262645700e-02        -7.4475819279559646e-07         5.2070404850640531e-02        -2.4139488099249084e-03
13                                    -1.7945873423586285e-02         4.7309878422964191e-02        -3.3571075988773440e-07         3.1304574641552188e-02        -2.4548290823264967e-02        -3.4583562925132495e-07        -3.7483808487598178e-02        -5.1811926305685638e-02
14                                     1.7467027565654563e-06        -1.1627559929942800e-07         7.5430614571222899e-03         7.9808030243197531e-07        -5.3393008825879373e-07        -7.4924845819756523e-03        -1.0278421854448288e-06         1.5296099445503107e-06
15                                    -2.0577651300862321e-01        -6.2340312879517412e-02         4.3011836304426091e-06         5.7710040899387575e-02        -4.1065912709297984e-02         5.4726591812911076e-07        -5.4262090078164141e-02        -1.8938756853047065e-02
16                                    -1.2313838355318962e-01        -2.4189639486549025e-01         8.3241636383457685e-06        -8.3402070539851606e-04        -5.3572814746564251e-02         1.7618701607704385e-06        -1.8981592050503485e-02        -6.0591006164841237e-03
17                                     7.5687709388564372e-06         8.3871043106053510e-06        -6.2516194029772459e-02        -2.0884691918961021e-06         2.0895684408908899e-06         8.0104016688038356e-03         3.6870899944441855e-06         5.9563273126354467e-07
18                                    -6.3660720637633765e-04        -1.7664297585077832e-03         3.3320802296511117e-08         4.3843127167175217e-03        -4.6700980361323143e-03         6.6914648369035158e-07        -3.7515251953153889e-02        -1.3826987747883351e-02
19                                    -2.2019311718813176e-03        -4.7935562659464220e-03        -3.7774977544099636e-07        -6.5400707214433003e-03        -4.4444977629035974e-03         1.2156630215190604e-06        -3.0573699968178131e-02         8.1864382549469757e-03
20                                     1.6487742806392700e-07         3.4013671930171233e-07        -1.2689351378237935e-03        -4.2623124067733569e-08         4.0152976627003937e-07         9.3610355227002149e-03         1.5461783632394747e-06        -2.5049947505598049e-07
21                                    -3.1860416378044407e-04        -1.1289549448742315e-03         2.3747466613530849e-07        -4.0371139234883779e-03         1.2655147889354743e-04        -2.4382394212673384e-07        -2.2468836536497982e-04         1.0901386493596801e-02
22                                     1.0986748580767908e-03         1.2521326916770615e-03         3.2608446499261071e-07        -1.5241320032397887e-04         1.9478595949476020e-03        -5.2957032300623035e-07         5.8286368125551723e-03         3.9828356183815253e-03
23                                    -5.3264500559132914e-08        -6.1396399530641333e-08         1.0555308242998006e-04         1.5164295740509698e-07        -7.9920055542649121e-08        -2.4789931976676237e-03        -3.5898653551135442e-08        -1.1847691928198810e-07
24                                    -3.2445672595900699e-01         4.8318517415914253e-02         5.9971285733625216e-06        -6.7633137108672747e-03        -7.0590039439176466e-04         7.3680891015051840e-08         1.4176796005369681e-03         2.2898535132935905e-03
25                                     4.8228461151446383e-02        -6.7864642715669610e-02        -4.8487961712485231e-07         3.0335390202844224e-02        -3.7210140119137668e-04        -7.5247935247458669e-07         1.6157574353781639e-03        -5.6165740736934984e-03
26                                     5.0611720249192976e-06        -4.4871634078916982e-07        -3.7161545645442412e-02         2.7723835668219978e-08         7.6222349533222779e-08         3.5278357579817312e-03        -1.1089671254486845e-07         1.2863384172443670e-07
27                                     1.0400312554324017e-02         9.4875246126625498e-03         8.2378164461777201e-09        -1.7424945212508591e-01        -1.3606242709275493e-01         8.6964835565901784e-06        -1.5618867536475262e-02        -2.5860120817317468e-02
28                                    -2.1604277175139346e-02        -1.7874800515004459e-02         1.9825820628558961e-06        -1.3604766713150623e-01        -2.1840892479708734e-01         9.9281209102919008e-06         5.2165004684590760e-03         7.8621328267348047e-03
29                                     1.6892713855770975e-07        -5.8895850172325847e-07         2.1699065333148047e-03         9.9915094931123212e-06         1.1523134501029575e-05        -3.5126184345502291e-02        -4.9436774343088234e-07         3.0422521220497770e-07
30                                    -6.0323738861920899e-03        -4.7872765587824058e-05         2.0934187835744232e-07        -5.3543455814341369e-03         3.0456941056509829e-02        -3.3709448004441587e-07        -9.0889056523273448e-02         8.6252437059067877e-02
31                                     8.9053099202275523e-04         1.9991160541802571e-03         6.3956654122164973e-07        -2.3587388745632820e-04        -1.4101578290733937e-03        -4.3940260414722375e-07         8.7632407851470084e-02        -2.9738816167673188e-01
32                                     3.6919179311477358e-07         1.1873643135346361e-07         7.6047613958221717e-03         1.8882224178783497e-07        -3.8941184363141510e-07         2.8432341078483431e-03        -3.5264059785209249e-07         2.4692419241409565e-06
33                                    -5.0285057432437955e-03         2.4506297166688945e-03         8.9696517308282577e-07        -4.6503488612357444e-04         9.6688209370312519e-04        -4.4094557842703488e-07        -3.1058937835625258e-04         2.6273607684326348e-03
34                                     1.9518977209685142e-03         9.7284081065119427e-04         8.3066043872583545e-07         7.0206329793181990e-04         6.7524654528726695e-05        -5.8933471322753025e-07         3.7577278475286586e-03        -4.1920257808936920e-03
35                                     4.0954583021163444e-07        -3.3199452036129691e-08         7.9920503295846396e-03         1.6100760995121355e-08        -1.1268002605141492e-07        -5.3809513924508556e-04        -1.0601054034166178e-07         3.0284123440908976e-07
36                                     1.0831736720202215e-02        -2.0326782183201237e-02         3.1885369201775463e-07        -2.2781664171804563e-03        -3.4948593669567995e-03         5.1196442920733827e-07        -1.1922177136297451e-03        -7.2576598952991251e-04
37                                     1.0887410917171873e-02        -1.8361768724750649e-02         6.9683231819692538e-07        -4.3924934091872665e-03        -1.7440606073917068e-03        -4.6469494069705712e-08        -7.4159226284159605e-04         6.1495847697095262e-04
38                                    -7.1730138791957872e-07         8.7035597355878056e-07         2.4245077683082662e-03         4.1489380468378986e-07         2.3333728208010196e-07         6.9039751301837558e-03         1.3743240053893038e-07         9.5943657852580062e-08
39                                     1.4682723325997913e-04        -1.7647046745818449e-04         6.8911230498918249e-08        -6.8348794564857679e-05        -6.2276861183064702e-04        -1.0122760197839658e-07         1.1218197996387843e-03         2.4618158793544968e-03
40                                     2.2414080707907431e-05         3.4569436888331323e-04         1.5915245737432325e-07         7.0070989497122592e-04         4.4451375901500287e-04        -1.9159311047718595e-07        -1.2094104096984186e-03         4.5333276565552062e-04
41                                     4.8298622997791577e-09         2.7524063178399491e-08         4.5051251927985308e-04         2.8380224503931822e-08         4.9134002881082152e-08        -6.1852598357880931e-04        -8.2935014456883714e-08        -9.5305806486658694e-08
                                                         8                           9                          10                          11                          12                          13                          14                          15

0                                     -1.0158891084490204e-07        -8.7062974243317173e-04        -9.4310219181129966e-03         4.1383777942148454e-08        -4.5484887388105265e-02        -1.7945873423586285e-02         1.7467027565654563e-06        -2.0577651300862321e-01
1                                     -3.0086879336963325e-06        -9.4213276311514976e-03        -5.6190189376410654e-02        -5.3972461797688599e-08        -5.9128333041413364e-02         4.7309878422964191e-02        -1.1627559929942800e-07        -6.2340312879517412e-02
2                                      6.9463417704035933e-03        -1.3891031368543271e-07        -7.3273144070216798e-08        -8.7968920730899305e-03         3.6960435629633421e-06        -3.3571075988773440e-07         7.5430614571222899e-03         4.3011836304426091e-06
3                                      5.0748192114102210e-06        -4.6717745833555868e-02        -5.2252939312965957e-02         4.9081106148179063e-06        -3.4883820439972908e-02         3.1304574641552188e-02         7.9808030243197531e-07         5.7710040899387575e-02
4                                      2.0592144935892695e-06        -1.4357512638468252e-02         4.1887592850816044e-02        -1.3469300233772102e-06         2.9575767262645700e-02        -2.4548290823264967e-02        -5.3393008825879373e-07        -4.1065912709297984e-02
5                                     -6.0470698161831815e-02         2.1612035851582397e-06         1.2787911552422497e-06         8.9173893962620418e-03        -7.4475819279559646e-07        -3.4583562925132495e-07        -7.4924845819756523e-03         5.4726591812911076e-07
6                                     -1.2506697338077157e-05        -1.9182211307361480e-01        -6.7638177656395571e-02         3.0147930302323655e-06         5.2070404850640531e-02        -3.7483808487598178e-02        -1.0278421854448288e-06        -5.4262090078164141e-02
7                                     -1.2772397108096754e-05        -1.1022590259195017e-01        -2.4088520160597107e-01         7.7265180278846115e-06        -2.4139488099249084e-03        -5.1811926305685638e-02         1.5296099445503107e-06        -1.8938756853047065e-02
8                                      1.3466821266426496e-01         6.6592728957180472e-06         5.8360827653040069e-06        -6.3935389146147409e-02        -5.0450199766624238e-07         2.6592297116399560e-06         9.2434905917009903e-03         6.7296670196105128e-07
9                                      6.6592728957180472e-06         6.3783327266948253e-01         9.0902504429702293e-03        -1.2634869889356465e-05        -1.3455730517560535e-01         6.6486340045442460e-02        -8.6789552750031627e-07        -1.6306667903743945e-02
10                                     5.8360827653040069e-06         9.0902504429702293e-03         6.8607322759315437e-01        -1.6440296700980609e-05         2.7146102243624379e-02        -2.8654659283958617e-01         5.1658820318263947e-06         7.4393604155873871e-02
11                                    -6.3935389146147409e-02        -1.2634869889356465e-05        -1.6440296700980609e-05         1.3970090870104354e-01         2.0486991933208649e-06         5.2993291166904280e-06        -6.8490534413137641e-02        -3.4350380672945611e-06
12                                    -5.0450199766624238e-07        -1.3455730517560535e-01         2.7146102243624379e-02         2.0486991933208649e-06         7.0916568480077258e-01         4.2425367768395159e-02        -1.8296887404250135e-05        -3.3800158867399660e-01
13                                     2.6592297116399560e-06         6.6486340045442460e-02        -2.8654659283958617e-01         5.2993291166904280e-06         4.2425367768395159e-02         6.8186193446369314e-01        -1.6198524482795098e-05         8.7200667212500253e-03
14                                     9.2434905917009903e-03        -8.6789552750031627e-07         5.1658820318263947e-06        -6.8490534413137641e-02        -1.8296887404250135e-05        -1.6198524482795098e-05         1.4071241404083004e-01         8.6596417486420843e-06
15                                     6.7296670196105128e-07        -1.6306667903743945e-02         7.4393604155873871e-02        -3.4350380672945611e-06        -3.3800158867399660e-01         8.7200667212500253e-03         8.6596417486420843e-06         6.6954117935926083e-01
