
$orca_hessian_file

$act_atom
  0

$act_coord
  0

$act_energy
        0.000000

$multiplicity
  1

$hessian
42
                    0                  1                  2                  3                  4        
    0      7.2818939186E-01  -1.7700284657E-02   2.0969823508E-05  -2.0765510048E-01  -1.2474187546E-01
    1     -1.7700284657E-02   6.5528737080E-01   9.9583522789E-06  -6.4087179820E-02  -2.4263087466E-01
    2      2.0969823508E-05   9.9583522789E-06   1.3526904257E-01  -6.8522344541E-06  -8.4816476680E-06
    3     -2.0765510048E-01  -6.4087179820E-02  -6.8522344541E-06   6.6947486704E-01  -3.3440881308E-02
    4     -1.2474187546E-01  -2.4263087466E-01  -8.4816476680E-06  -3.3440881308E-02   7.2236910542E-01
    5     -7.6760670490E-06  -6.2410906679E-06  -6.2238268626E-02   1.5828764011E-05   1.1463017210E-05
    6     -4.5816458403E-02  -5.8941857486E-02  -2.2007920627E-06  -3.3716514574E-01   6.7816026250E-02
    7     -1.7554710052E-02   4.7775154323E-02   7.3014399408E-09   9.5825709093E-03  -1.3607944724E-01
    8     -2.2163021781E-06  -1.9281843953E-06   7.5486501236E-03  -6.9281944784E-06   1.3258405600E-06
    9     -9.6375507576E-04  -9.6891870532E-03   1.3611919267E-07  -1.5654006207E-02   3.5666645992E-02
   10     -9.6823951812E-03  -5.6596803018E-02  -1.7683163617E-06   7.4904551906E-02   1.0398997052E-02
   11      2.7869655104E-07  -6.5976906766E-08  -8.9114219458E-03  -8.5972795402E-07   6.1289530273E-07
   12     -8.9491246231E-03   8.1692310343E-02   1.8588242354E-07  -5.4653351785E-02  -1.8892333947E-02
   13      3.8080798387E-02   8.9865986628E-03   1.7877996385E-06  -1.8946473897E-02  -6.0682954923E-03
   14      1.1422605793E-07   2.4129375869E-06   7.0952381888E-03  -2.7286701065E-06  -1.0022995561E-06
   15     -1.5032993778E-01   3.1409343651E-02  -1.9112547552E-06   5.7671317717E-02  -1.1352726323E-03
   16      9.1972861359E-02  -3.0827201890E-01  -2.2026281804E-06  -4.1522202560E-02  -5.3739238352E-02
   17     -1.3816018182E-06  -3.8871498563E-06  -6.1180097401E-02   1.8929169621E-06  -9.0527528718E-07
   18     -4.9799907109E-04  -1.6044782811E-03  -5.5290744019E-07   9.2515298476E-03   1.8171204586E-03
   19     -2.1990157968E-03  -4.7518289126E-03  -4.2342367459E-07   5.8269206563E-03  -7.2284851168E-03
   20      2.6033383996E-07  -6.8465044198E-10  -1.2775019995E-03   2.9178555925E-07   8.6134883586E-07
   21     -3.8425658899E-04  -1.1389213666E-03   1.6359662569E-07  -1.2555608104E-03  -1.7122594325E-03
   22      1.0889405709E-03   1.2370607342E-03   3.2505988957E-07  -3.7859963797E-03   1.4437986631E-03
   23     -5.2101063950E-08   4.9751946998E-08   1.0678680192E-04  -2.4934022410E-09  -3.8624313101E-07
   24     -3.2396011039E-01   4.8763571854E-02  -9.3449500620E-06  -1.5678773023E-02   6.5943008235E-03
   25      4.8626939572E-02  -6.8084533334E-02   1.0433283991E-06  -2.4463677027E-02   8.7652317250E-03
   26     -9.2976651660E-06   7.9797130410E-07  -3.7121126603E-02  -9.3222285298E-07   5.3824000160E-07
   27      1.0809892149E-02  -2.0427672250E-02  -3.1593274899E-07  -9.0087695760E-02   8.7536407479E-02
   28      1.0813972781E-02  -1.8402106810E-02   3.1835365903E-07   8.7364850090E-02  -3.0162722090E-01
   29      5.1877914522E-07  -1.1212181928E-06   2.4529212298E-03   2.7070663395E-07  -3.2155551673E-06
   30     -4.9082777317E-03   2.5004024355E-03  -1.8789595925E-07  -1.4081369799E-02  -2.3755308541E-02
   31      2.0350676440E-03   9.4819557263E-04   9.4495904668E-08   5.9622807698E-03   8.8778086122E-03
   32     -4.3677691840E-07  -3.8792060377E-08   7.9852152942E-03  -3.1691865053E-07  -6.7242028032E-07
   33     -6.0403859824E-03  -2.4353631314E-05  -7.4389603064E-07  -1.0012018224E-03  -5.4319733523E-04
   34      9.4219739040E-04   2.0108960362E-03   3.4312717425E-07  -6.1334648986E-04   4.9037866936E-04
   35     -6.9803647899E-07  -1.3980246659E-08   7.6161628193E-03  -1.7136299946E-07  -1.1973873937E-07
   36      1.0357243138E-02   9.4213011936E-03   6.5012232630E-07   4.2966683887E-04   2.6727002903E-03
   37     -2.1719723441E-02  -1.7873373860E-02  -1.0565227602E-06   3.6382339603E-03  -4.3923834016E-03
   38     -1.3071807133E-07   2.9808627878E-07   2.2008432657E-03  -6.3733060523E-09  -1.3611345319E-07
   39      1.4887897442E-04  -1.7647517578E-04  -3.3683270983E-08   4.0482398309E-04   2.1041703135E-03
   40      4.0707124893E-05   3.6626336874E-04   2.1043852532E-07  -4.0589376406E-04  -5.7937496473E-04
   41     -2.1458765068E-07  -3.7574068336E-07   4.5355627910E-04   5.2599992904E-07   4.6843648397E-07
                    5                  6                  7                  8                  9        
    0     -7.6760670490E-06  -4.5816458403E-02  -1.7554710052E-02  -2.2163021781E-06  -9.6375507576E-04
    1     -6.2410906679E-06  -5.8941857486E-02   4.7775154323E-02  -1.9281843953E-06  -9.6891870532E-03
    2     -6.2238268626E-02  -2.2007920627E-06   7.3014399408E-09   7.5486501236E-03   1.3611919267E-07
    3      1.5828764011E-05  -3.3716514574E-01   9.5825709093E-03  -6.9281944784E-06  -1.5654006207E-02
    4      1.1463017210E-05   6.7816026250E-02  -1.3607944724E-01   1.3258405600E-06   3.5666645992E-02
    5      1.3255776888E-01  -7.2367500728E-06  -1.4020592435E-06  -6.2868519733E-02  -6.5380228371E-08
    6     -7.2367500728E-06   7.1419886227E-01   4.0425121620E-02   1.7116560791E-05  -1.3506348218E-01
    7     -1.4020592435E-06   4.0425121620E-02   6.8274654740E-01   8.3648342871E-06   6.8626645663E-02
    8     -6.2868519733E-02   1.7116560791E-05   8.3648342871E-06   1.4023816373E-01  -9.3718548614E-08
    9     -6.5380228371E-08  -1.3506348218E-01   6.8626645663E-02  -9.3718548614E-08   6.2537615336E-01
   10      3.4825712220E-06   2.8418651022E-02  -2.9155538791E-01  -2.6883695862E-06   1.6435850211E-02
   11      9.6877165429E-03   2.9667716441E-07   4.0706177555E-07  -6.8345291843E-02   1.3279347825E-05
   12     -1.8956875170E-06   5.2306788315E-02  -3.8091553919E-02   8.3004791539E-07  -1.9518035402E-01
   13     -8.2170808085E-07  -2.6623395995E-03  -5.2301561663E-02  -7.8019686826E-07  -1.1328753032E-01
   14     -8.6336780045E-03   2.0837431249E-06  -2.3780925520E-06   9.4752741769E-03  -8.1307024466E-06
   15      1.3269028432E-06  -3.4979944581E-02   3.1507290187E-02  -7.1824798434E-07  -4.6826508171E-02
   16     -1.9093636001E-06   2.9712425970E-02  -2.4904881231E-02   5.3127169633E-07  -1.4228070978E-02
   17      8.1496156265E-03  -1.3000666701E-06   1.1962791808E-06  -7.6698761796E-03  -1.3943169960E-06
   18      3.9157752474E-07  -2.2357536596E-02   2.6937215662E-02  -1.0265958050E-06  -1.7375409187E-01
   19     -8.5805096446E-07   3.2830524861E-02   3.3006885392E-03   1.8045534116E-06   6.0054278141E-02
   20      7.7916627553E-03  -4.4401026371E-07   1.2037364988E-06   2.4485751690E-03  -1.1757562861E-05
   21     -4.2420226732E-07   4.3166784601E-03  -7.9327916674E-03   5.0380574866E-07  -6.5906055577E-02
   22      1.1752616830E-07   4.2607222371E-03  -8.9498133695E-03  -4.5802451081E-07  -3.5634302662E-02
   23     -1.0341848299E-03  -2.5995673563E-07   1.4037671955E-07  -3.6327988096E-04   5.4600999808E-06
   24     -7.0214939667E-08  -9.0891852198E-04  -4.1966473931E-03  -5.3459061455E-07   8.2147349336E-04
   25     -8.7980165220E-07  -3.4360077000E-03  -3.5816411320E-03  -3.1751380068E-07  -3.6009359743E-04
   26      3.2825608468E-03  -2.9478557762E-07  -3.9536899282E-07   7.3785117820E-03  -7.5628990731E-08
   27      2.8716989696E-07  -6.1708582028E-03   3.1072955260E-02   4.0193198356E-07  -6.1402898149E-03
   28     -3.3734026767E-06   2.3648686327E-04  -1.8417036200E-03  -1.2973582230E-07   1.0318954167E-03
   29     -3.6528334422E-02  -4.4971053272E-07   9.3339574831E-07   2.7940544552E-03  -4.5837458238E-07
   30     -6.1708058849E-07  -1.7908957278E-01  -1.3739542470E-01  -6.4617078011E-06   1.1996075247E-02
   31      4.3287916297E-07  -1.3722040318E-01  -2.1392628430E-01  -6.2880599680E-06  -2.0547101764E-02
   32      4.0659328469E-03  -5.8376005860E-06  -6.7812016905E-06  -3.8749274239E-02  -1.2167069838E-06
   33      4.2026765645E-08  -2.6359862810E-03  -3.2418342926E-03  -4.4266313576E-07   1.1869251557E-02
   34     -7.8338591076E-08  -4.5237411023E-03  -1.9641126707E-03  -1.5222394246E-07   8.7310330903E-03
   35     -6.8140896176E-04  -2.4078709608E-07  -3.7776506169E-07   6.1962208340E-03   8.9679440199E-07
   36     -2.1988580582E-07  -4.1426291029E-04   1.1242911463E-03   2.0019873288E-08  -5.2541953767E-03
   37     -1.7063067320E-07   1.1151181011E-03  -1.5164426842E-04   7.7451534874E-08   1.7512901959E-03
   38      7.5549052715E-03   1.0735596550E-08   1.5991347796E-07  -8.3058768322E-04  -5.9636409286E-07
   39      3.1685253642E-07  -6.2201628552E-03  -8.1217674962E-04  -6.1635916195E-07  -5.3202153741E-03
   40     -1.1203272475E-07   1.9183204702E-03   1.4340871479E-03   2.2884074750E-07   1.4114756576E-03
   41     -1.1057681904E-03  -1.0772436832E-06  -6.6889493083E-07   2.7473792833E-03   2.6216420811E-06
                   10                 11                 12                 13                 14        
    0     -9.6823951812E-03   2.7869655104E-07  -8.9491246231E-03   3.8080798387E-02   1.1422605793E-07
    1     -5.6596803018E-02  -6.5976906766E-08   8.1692310343E-02   8.9865986628E-03   2.4129375869E-06
    2     -1.7683163617E-06  -8.9114219458E-03   1.8588242354E-07   1.7877996385E-06   7.0952381888E-03
    3      7.4904551906E-02  -8.5972795402E-07  -5.4653351785E-02  -1.8946473897E-02  -2.7286701065E-06
    4      1.0398997052E-02   6.1289530273E-07  -1.8892333947E-02  -6.0682954923E-03  -1.0022995561E-06
    5      3.4825712220E-06   9.6877165429E-03  -1.8956875170E-06  -8.2170808085E-07  -8.6336780045E-03
    6      2.8418651022E-02   2.9667716441E-07   5.2306788315E-02  -2.6623395995E-03   2.0837431249E-06
    7     -2.9155538791E-01   4.0706177555E-07  -3.8091553919E-02  -5.2301561663E-02  -2.3780925520E-06
    8     -2.6883695862E-06  -6.8345291843E-02   8.3004791539E-07  -7.8019686826E-07   9.4752741769E-03
    9      1.6435850211E-02   1.3279347825E-05  -1.9518035402E-01  -1.1328753032E-01  -8.1307024466E-06
   10      6.9441025275E-01  -1.8015932552E-06  -7.0793028321E-02  -2.4354199043E-01  -4.4309508946E-06
   11     -1.8015932552E-06   1.3931742614E-01  -7.5473592545E-06  -5.0394118524E-06  -6.3312822729E-02
   12     -7.0793028321E-02  -7.5473592545E-06   6.7483671047E-01  -2.8984023185E-02   2.2611663064E-05
   13     -2.4354199043E-01  -5.0394118524E-06  -2.8984023185E-02   7.1062689053E-01   4.2745441249E-06
   14     -4.4309508946E-06  -6.3312822729E-02   2.2611663064E-05   4.2745441249E-06   1.3439078023E-01
   15     -5.2701121125E-02  -2.6927547492E-06  -3.2807696473E-01   6.2968869861E-02  -1.1910072314E-05
   16      4.2310028698E-02  -1.4763081978E-06   4.6199134618E-03  -1.3245668377E-01   9.1520599164E-08
   17      1.4087591354E-07   8.9707344476E-03  -1.2047258672E-05   1.4996910923E-06  -6.0500965546E-02
   18      3.0947402502E-02   6.4955448661E-07  -3.5161620739E-02  -1.3457414994E-02   1.3526070819E-07
   19     -1.2553204532E-01   1.0408607709E-05  -3.0322319998E-02   8.2693770042E-03  -1.5471132049E-06
   20      6.5754189711E-07  -7.4515744740E-02  -1.0057496885E-06  -3.7717724089E-07  -8.5492133692E-04
   21     -3.7918182826E-02   2.0666207133E-06  -6.1753423011E-04   1.0933688958E-02   4.7576671383E-08
   22      1.7356276263E-02  -2.3989745670E-06   5.7010603237E-03   4.0213598511E-03   3.4140416076E-07
   23      1.8078883379E-06   1.8399497531E-02   9.5271947765E-08  -5.8634681872E-07   3.6931425902E-03
   24     -4.5434446513E-04  -2.2116239356E-07   1.4306198451E-03   2.2809912388E-03   2.6195047463E-08
   25     -1.3807599073E-03   5.7087431183E-08   1.6043993713E-03  -5.6136030634E-03  -1.9899622138E-07
   26     -2.6257626963E-07  -8.4393885976E-04  -1.2785817451E-07  -8.4965974348E-08   7.6621022480E-03
   27     -4.3148829022E-05  -2.4657080696E-07  -1.2040884993E-03  -7.3900592005E-04  -4.4318220177E-08
   28      2.0070115593E-03  -1.3106935567E-07  -7.2952814451E-04   6.3386886841E-04   1.3878865171E-07
   29     -1.3216413284E-07   8.2938426504E-03  -2.2410478111E-08   7.5307312627E-08  -4.0972143508E-04
   30      6.1372173018E-03   8.6712855695E-07  -2.6554835621E-04   2.5726066667E-03   6.4660142564E-08
   31     -1.9648115405E-02  -1.0045543861E-06   3.7000699640E-03  -4.3952672217E-03   3.8674440940E-07
   32      4.4365925611E-07   3.9904751980E-03   2.6581635887E-08   3.9628682324E-08   5.8148305541E-03
   33     -1.6865613115E-02   2.2986630162E-07  -9.0134770478E-02   8.4487442021E-02  -1.5674742694E-06
   34     -2.0144549817E-02  -2.3289414165E-07   8.6134376051E-02  -2.9644268643E-01   1.5010440680E-06
   35     -8.7633569336E-07   2.4285358201E-03  -2.0579441969E-06   6.3729662278E-07  -3.5098303024E-02
   36      3.2134319670E-03  -5.9820240511E-07  -1.5617138377E-02  -2.5712999018E-02  -8.6313450218E-07
   37      1.3271092411E-03   6.3137546215E-08   5.3100923696E-03   7.8662401954E-03   7.1140578390E-07
   38      1.8026004709E-07   7.9726130339E-03  -1.7975410838E-07  -1.1219493153E-06   1.7434382152E-03
   39      2.8437900956E-02  -4.1073617872E-06   1.2863772030E-03   2.4160579763E-03   3.4806935387E-07
   40     -9.4100237512E-03   1.6683098668E-06  -9.0010254844E-04   4.1575295988E-04  -1.8000698277E-07
   41      4.1811925506E-06   1.6868378749E-02   9.4755279153E-07   3.7655870427E-07  -1.0643941284E-03
                   15                 16                 17                 18                 19        
    0     -1.5032993778E-01   9.1972861359E-02  -1.3816018182E-06  -4.9799907109E-04  -2.1990157968E-03
    1      3.1409343651E-02  -3.0827201890E-01  -3.8871498563E-06  -1.6044782811E-03  -4.7518289126E-03
    2     -1.9112547552E-06  -2.2026281804E-06  -6.1180097401E-02  -5.5290744019E-07  -4.2342367459E-07
    3      5.7671317717E-02  -4.1522202560E-02   1.8929169621E-06   9.2515298476E-03   5.8269206563E-03
    4     -1.1352726323E-03  -5.3739238352E-02  -9.0527528718E-07   1.8171204586E-03  -7.2284851168E-03
    5      1.3269028432E-06  -1.9093636001E-06   8.1496156265E-03   3.9157752474E-07  -8.5805096446E-07
    6     -3.4979944581E-02   2.9712425970E-02  -1.3000666701E-06  -2.2357536596E-02   3.2830524861E-02
    7      3.1507290187E-02  -2.4904881231E-02   1.1962791808E-06   2.6937215662E-02   3.3006885392E-03
    8     -7.1824798434E-07   5.3127169633E-07  -7.6698761796E-03  -1.0265958050E-06   1.8045534116E-06
    9     -4.6826508171E-02  -1.4228070978E-02  -1.3943169960E-06  -1.7375409187E-01   6.0054278141E-02
   10     -5.2701121125E-02   4.2310028698E-02   1.4087591354E-07   3.0947402502E-02  -1.2553204532E-01
   11     -2.6927547492E-06  -1.4763081978E-06   8.9707344476E-03   6.4955448661E-07   1.0408607709E-05
   12     -3.2807696473E-01   4.6199134618E-03  -1.2047258672E-05  -3.5161620739E-02  -3.0322319998E-02
   13      6.2968869861E-02  -1.3245668377E-01   1.4996910923E-06  -1.3457414994E-02   8.2693770042E-03
   14     -1.1910072314E-05   9.1520599164E-08  -6.0500965546E-02   1.3526070819E-07  -1.5471132049E-06
   15      6.9168243114E-01   4.3100004040E-02   2.5110048460E-05   4.5222165653E-03  -6.4331212590E-03
   16      4.3100004040E-02   7.0054773590E-01   1.3671543264E-05  -4.4299589318E-03  -4.4361935687E-03
   17      2.5110048460E-05   1.3671543264E-05   1.2837853423E-01  -3.0857130004E-07   3.7544080968E-08
   18      4.5222165653E-03  -4.4299589318E-03  -3.0857130004E-07   6.9398257150E-01   1.8147535571E-01
   19     -6.4331212590E-03  -4.4361935687E-03   3.7544080968E-08   1.8147535571E-01   7.7177424323E-01
   20     -9.0741578558E-07  -8.7688917169E-07   9.4094716896E-03  -1.8145770779E-05  -7.0921646954E-05
   21     -4.0034565532E-03  -5.4665634866E-06  -7.3577026527E-07  -3.9550887571E-01  -2.9893968305E-01
   22     -1.1492499542E-04   1.8528389239E-03  -4.9323303179E-07  -2.9389775576E-01  -4.1373332596E-01
   23      4.1871776931E-07   4.9182726351E-07  -2.4720985747E-03   3.7131863745E-05   4.3454761616E-05
   24     -6.7532361624E-03  -6.6920243505E-04  -4.1035782565E-07   9.7983728007E-06  -3.8916350864E-05
   25      3.0382062834E-02  -4.3812314935E-04   9.4729473379E-07  -9.3631292853E-05  -2.3628085209E-04
   26      2.8078933031E-07  -1.3201145233E-07   3.4836607276E-03   3.8275788168E-08   9.2743616597E-08
   27     -2.2887457912E-03  -3.4982580300E-03  -2.8402761239E-07   7.0529346787E-04   2.0833278025E-03
   28     -4.4209259415E-03  -1.7306423488E-03  -7.1839327461E-07  -5.0664856875E-04  -3.8834106455E-04
   29     -4.5310986812E-07  -2.4572826819E-07   6.9573614498E-03   1.0931802408E-07   9.5579375673E-08
   30     -4.4329012437E-04   9.7695315011E-04  -1.3667250895E-07   1.2678664944E-04   3.5741463060E-04
   31      7.5388228885E-04   3.5976413612E-05  -2.4780617590E-07  -3.8779842976E-03  -1.1015066226E-03
   32     -1.7322324068E-08  -1.2075333780E-07  -5.4923053764E-04   7.6622535328E-07   7.1190225501E-07
   33     -5.3652780120E-03   3.0595251149E-02   3.1133939958E-07   3.6172179941E-04  -3.4861556399E-03
   34     -1.5011277642E-04  -1.6400255353E-03  -8.0302181654E-07   4.3355758589E-03   7.3744196721E-05
   35      7.0601582094E-09   1.3214114318E-06   2.8396395267E-03   5.6316796929E-09  -3.4135222211E-07
   36     -1.7473089758E-01  -1.3599152435E-01  -8.9257983299E-06   5.3484722244E-04  -1.8627969397E-03
   37     -1.3590079621E-01  -2.1756966812E-01  -9.7821103089E-06   3.7331365774E-04   3.4816616144E-04
   38     -8.8783582379E-06  -9.4542519581E-06  -3.5108167702E-02  -4.0925116719E-08  -3.6930843356E-08
   39     -7.7705943514E-05  -6.3356002680E-04  -5.7364188119E-08  -8.2214641437E-02   6.0680161112E-02
   40      7.3565682403E-04   4.4089503364E-04  -3.2900426388E-07   7.1955914391E-02  -2.2635821171E-01
   41      1.2518822697E-08  -1.6874337855E-08  -7.0858175839E-04  -1.5743461740E-05   2.1055238701E-05
                   20                 21                 22                 23                 24        
    0      2.6033383996E-07  -3.8425658899E-04   1.0889405709E-03  -5.2101063950E-08  -3.2396011039E-01
    1     -6.8465044198E-10  -1.1389213666E-03   1.2370607342E-03   4.9751946998E-08   4.8763571854E-02
    2     -1.2775019995E-03   1.6359662569E-07   3.2505988957E-07   1.0678680192E-04  -9.3449500620E-06
    3      2.9178555925E-07  -1.2555608104E-03  -3.7859963797E-03  -2.4934022410E-09  -1.5678773023E-02
    4      8.6134883586E-07  -1.7122594325E-03   1.4437986631E-03  -3.8624313101E-07   6.5943008235E-03
    5      7.7916627553E-03  -4.2420226732E-07   1.1752616830E-07  -1.0341848299E-03  -7.0214939667E-08
    6     -4.4401026371E-07   4.3166784601E-03   4.2607222371E-03  -2.5995673563E-07  -9.0891852198E-04
    7      1.2037364988E-06  -7.9327916674E-03  -8.9498133695E-03   1.4037671955E-07  -4.1966473931E-03
    8      2.4485751690E-03   5.0380574866E-07  -4.5802451081E-07  -3.6327988096E-04  -5.3459061455E-07
    9     -1.1757562861E-05  -6.5906055577E-02  -3.5634302662E-02   5.4600999808E-06   8.2147349336E-04
   10      6.5754189711E-07  -3.7918182826E-02   1.7356276263E-02   1.8078883379E-06  -4.5434446513E-04
   11     -7.4515744740E-02   2.0666207133E-06  -2.3989745670E-06   1.8399497531E-02  -2.2116239356E-07
   12     -1.0057496885E-06  -6.1753423011E-04   5.7010603237E-03   9.5271947765E-08   1.4306198451E-03
   13     -3.7717724089E-07   1.0933688958E-02   4.0213598511E-03  -5.8634681872E-07   2.2809912388E-03
   14     -8.5492133692E-04   4.7576671383E-08   3.4140416076E-07   3.6931425902E-03   2.6195047463E-08
   15     -9.0741578558E-07  -4.0034565532E-03  -1.1492499542E-04   4.1871776931E-07  -6.7532361624E-03
   16     -8.7688917169E-07  -5.4665634866E-06   1.8528389239E-03   4.9182726351E-07  -6.6920243505E-04
   17      9.4094716896E-03  -7.3577026527E-07  -4.9323303179E-07  -2.4720985747E-03  -4.1035782565E-07
   18     -1.8145770779E-05  -3.9550887571E-01  -2.9389775576E-01   3.7131863745E-05   9.7983728007E-06
   19     -7.0921646954E-05  -2.9893968305E-01  -4.1373332596E-01   4.3454761616E-05  -3.8916350864E-05
   20      1.8586075607E-01   3.7789249994E-05   4.4447847897E-05  -6.2182212996E-02  -4.0668532181E-07
   21      3.7789249994E-05   4.5426020929E-01   3.5737506635E-01  -4.6358760868E-05  -1.3730862252E-04
   22      4.4447847897E-05   3.5737506635E-01   4.3556169210E-01  -5.3265324766E-05   8.2191663618E-05
   23     -6.2182212996E-02  -4.6358760868E-05  -5.3265324766E-05   2.4011020824E-02   2.2841560881E-07
   24     -4.0668532181E-07  -1.3730862252E-04   8.2191663618E-05   2.2841560881E-07   3.4489920089E-01
   25      1.2308380465E-07   6.0982202978E-05   3.1040697330E-04  -6.3678391252E-08  -5.2717662971E-02
   26     -1.5648852252E-03   2.6268936254E-08  -2.7303207954E-09   3.7376569766E-04   1.0410603255E-05
   27     -6.1416913283E-08  -1.8324421085E-04  -5.4058536290E-04   4.3723102057E-08   8.1745233265E-04
   28     -6.4935599333E-08   2.6362170084E-04   2.0698077817E-04  -2.8346662939E-08  -9.6178603263E-05
   29      2.3252983660E-04   3.3204286565E-08  -3.2156621163E-08   1.7959310808E-04   1.5130798388E-07
   30      7.2172578268E-07  -1.0153589375E-03   1.9177413663E-04  -4.5736656041E-07  -7.9742931524E-04
   31      1.1267070731E-08   8.8047601674E-04   2.6775549255E-03  -1.2059870359E-07   4.1757058630E-04
   32     -3.9069945930E-03   1.3481606663E-09  -2.4027878031E-07  -4.3460545533E-05  -1.0284939987E-07
   33      9.8649437111E-07   6.9678958323E-04   1.5405859608E-03  -4.0851813348E-07  -4.4780383625E-04
   34     -3.6972118219E-07  -8.5673359270E-04   3.8336360917E-04   1.5751512471E-07  -1.0987900443E-04
   35     -4.5711841390E-03   3.1742480629E-07   4.2312120278E-07   8.4524893009E-04  -4.5654276528E-08
   36     -6.9311913393E-08  -1.2623109529E-03  -1.0696926215E-04   1.1166796064E-07   7.1828533979E-04
   37     -8.8281813056E-08   2.7118345064E-05  -7.6192286366E-05   9.4104624348E-09   1.3847183283E-04
   38      5.6217885417E-04  -1.2740823052E-07  -6.1443311386E-08  -3.6277536813E-04   1.6971173482E-07
   39     -1.0661141149E-05   1.1000284865E-02  -3.6135875052E-02   5.6282905783E-06  -1.3250402684E-05
   40      2.1862097705E-05  -2.1060846834E-02  -4.2292001208E-02   9.6290032015E-06   8.3045433883E-06
   41     -5.7431729341E-02   5.1181917591E-06   1.0007210393E-05   1.8848956713E-02  -7.8302910412E-08
                   25                 26                 27                 28                 29        
    0      4.8626939572E-02  -9.2976651660E-06   1.0809892149E-02   1.0813972781E-02   5.1877914522E-07
    1     -6.8084533334E-02   7.9797130410E-07  -2.0427672250E-02  -1.8402106810E-02  -1.1212181928E-06
    2      1.0433283991E-06  -3.7121126603E-02  -3.1593274899E-07   3.1835365903E-07   2.4529212298E-03
    3     -2.4463677027E-02  -9.3222285298E-07  -9.0087695760E-02   8.7364850090E-02   2.7070663395E-07
    4      8.7652317250E-03   5.3824000160E-07   8.7536407479E-02  -3.0162722090E-01  -3.2155551673E-06
    5     -8.7980165220E-07   3.2825608468E-03   2.8716989696E-07  -3.3734026767E-06  -3.6528334422E-02
    6     -3.4360077000E-03  -2.9478557762E-07  -6.1708582028E-03   2.3648686327E-04  -4.4971053272E-07
    7     -3.5816411320E-03  -3.9536899282E-07   3.1072955260E-02  -1.8417036200E-03   9.3339574831E-07
    8     -3.1751380068E-07   7.3785117820E-03   4.0193198356E-07  -1.2973582230E-07   2.7940544552E-03
    9     -3.6009359743E-04  -7.5628990731E-08  -6.1402898149E-03   1.0318954167E-03  -4.5837458238E-07
   10     -1.3807599073E-03  -2.6257626963E-07  -4.3148829022E-05   2.0070115593E-03  -1.3216413284E-07
   11      5.7087431183E-08  -8.4393885976E-04  -2.4657080696E-07  -1.3106935567E-07   8.2938426504E-03
   12      1.6043993713E-03  -1.2785817451E-07  -1.2040884993E-03  -7.2952814451E-04  -2.2410478111E-08
   13     -5.6136030634E-03  -8.4965974348E-08  -7.3900592005E-04   6.3386886841E-04   7.5307312627E-08
   14     -1.9899622138E-07   7.6621022480E-03  -4.4318220177E-08   1.3878865171E-07  -4.0972143508E-04
   15      3.0382062834E-02   2.8078933031E-07  -2.2887457912E-03  -4.4209259415E-03  -4.5310986812E-07
   16     -4.3812314935E-04  -1.3201145233E-07  -3.4982580300E-03  -1.7306423488E-03  -2.4572826819E-07
   17      9.4729473379E-07   3.4836607276E-03  -2.8402761239E-07  -7.1839327461E-07   6.9573614498E-03
   18     -9.3631292853E-05   3.8275788168E-08   7.0529346787E-04  -5.0664856875E-04   1.0931802408E-07
   19     -2.3628085209E-04   9.2743616597E-08   2.0833278025E-03  -3.8834106455E-04   9.5579375673E-08
   20      1.2308380465E-07  -1.5648852252E-03  -6.1416913283E-08  -6.4935599333E-08   2.3252983660E-04
   21      6.0982202978E-05   2.6268936254E-08  -1.8324421085E-04   2.6362170084E-04   3.3204286565E-08
   22      3.1040697330E-04  -2.7303207954E-09  -5.4058536290E-04   2.0698077817E-04  -3.2156621163E-08
   23     -6.3678391252E-08   3.7376569766E-04   4.3723102057E-08  -2.8346662939E-08   1.7959310808E-04
   24     -5.2717662971E-02   1.0410603255E-05   8.1745233265E-04  -9.6178603263E-05   1.5130798388E-07
   25      6.8183364804E-02  -9.5266765762E-07   4.4646205769E-04   8.7566776586E-04   1.1867327249E-07
   26     -9.5266765762E-07   2.4995306812E-02   1.5013492757E-07   1.1944449440E-07  -3.5904723175E-03
   27      4.4646205769E-04   1.5013492757E-07   9.2730876317E-02  -9.4807281865E-02   6.7538988102E-08
   28      8.7566776586E-04   1.1944449440E-07  -9.4807281865E-02   3.2077691540E-01   3.6104132262E-06
   29      1.1867327249E-07  -3.5904723175E-03   6.7538988102E-08   3.6104132262E-06   2.5402997538E-02
   30     -1.1946727231E-03  -1.2134988196E-07   1.1683546903E-03   8.5254559727E-05   1.0662986066E-07
   31      3.0928540076E-04   1.5967692369E-08  -3.4381975401E-04   6.4653644850E-04   5.2942883323E-08
   32     -2.2224421623E-08  -2.0956277367E-04   1.1743706190E-07   1.3880983627E-07  -4.2050258149E-03
   33      1.5896198465E-03  -2.4324690758E-09   8.1726325258E-05   6.7443482098E-05   7.8964067813E-08
   34     -2.2050329902E-04   5.9595971999E-08   8.4203437969E-05  -2.7065725994E-05  -9.1708094965E-09
   35      1.2081398619E-07   6.0885715870E-07   3.7580031879E-08   6.2323510987E-08  -1.3676614897E-03
   36     -3.6239291699E-04   1.7371639916E-07   3.7044520675E-04   5.6722045949E-04   3.7524052376E-09
   37      1.0119489746E-03   1.3463144247E-07  -1.1127920318E-03  -1.0578820621E-03  -7.4274463398E-08
   38      6.0429471058E-08  -3.8658094836E-03  -8.7285761243E-09  -6.3528005147E-08   2.3725955995E-04
   39     -8.4898976970E-05   6.8858992779E-10  -6.0911821022E-04   1.2694883549E-04   3.4815895438E-08
   40      9.9539094024E-05   3.2682593970E-08   2.9207694086E-04  -7.2018282788E-05  -6.6260049026E-08
   41      3.2145963581E-09   1.9278291939E-05  -1.3593294372E-07   1.3149390368E-07  -4.4934434886E-04
                   30                 31                 32                 33                 34        
    0     -4.9082777317E-03   2.0350676440E-03  -4.3677691840E-07  -6.0403859824E-03   9.4219739040E-04
    1      2.5004024355E-03   9.4819557263E-04  -3.8792060377E-08  -2.4353631314E-05   2.0108960362E-03
    2     -1.8789595925E-07   9.4495904668E-08   7.9852152942E-03  -7.4389603064E-07   3.4312717425E-07
    3     -1.4081369799E-02   5.9622807698E-03  -3.1691865053E-07  -1.0012018224E-03  -6.1334648986E-04
    4     -2.3755308541E-02   8.8778086122E-03  -6.7242028032E-07  -5.4319733523E-04   4.9037866936E-04
    5     -6.1708058849E-07   4.3287916297E-07   4.0659328469E-03   4.2026765645E-08  -7.8338591076E-08
    6     -1.7908957278E-01  -1.3722040318E-01  -5.8376005860E-06  -2.6359862810E-03  -4.5237411023E-03
    7     -1.3739542470E-01  -2.1392628430E-01  -6.7812016905E-06  -3.2418342926E-03  -1.9641126707E-03
    8     -6.4617078011E-06  -6.2880599680E-06  -3.8749274239E-02  -4.4266313576E-07  -1.5222394246E-07
    9      1.1996075247E-02  -2.0547101764E-02  -1.2167069838E-06   1.1869251557E-02   8.7310330903E-03
   10      6.1372173018E-03  -1.9648115405E-02   4.4365925611E-07  -1.6865613115E-02  -2.0144549817E-02
   11      8.6712855695E-07  -1.0045543861E-06   3.9904751980E-03   2.2986630162E-07  -2.3289414165E-07
   12     -2.6554835621E-04   3.7000699640E-03   2.6581635887E-08  -9.0134770478E-02   8.6134376051E-02
   13      2.5726066667E-03  -4.3952672217E-03   3.9628682324E-08   8.4487442021E-02  -2.9644268643E-01
   14      6.4660142564E-08   3.8674440940E-07   5.8148305541E-03  -1.5674742694E-06   1.5010440680E-06
   15     -4.4329012437E-04   7.5388228885E-04  -1.7322324068E-08  -5.3652780120E-03  -1.5011277642E-04
   16      9.7695315011E-04   3.5976413612E-05  -1.2075333780E-07   3.0595251149E-02  -1.6400255353E-03
   17     -1.3667250895E-07  -2.4780617590E-07  -5.4923053764E-04   3.1133939958E-07  -8.0302181654E-07
   18      1.2678664944E-04  -3.8779842976E-03   7.6622535328E-07   3.6172179941E-04   4.3355758589E-03
   19      3.5741463060E-04  -1.1015066226E-03   7.1190225501E-07  -3.4861556399E-03   7.3744196721E-05
   20      7.2172578268E-07   1.1267070731E-08  -3.9069945930E-03   9.8649437111E-07  -3.6972118219E-07
   21     -1.0153589375E-03   8.8047601674E-04   1.3481606663E-09   6.9678958323E-04  -8.5673359270E-04
   22      1.9177413663E-04   2.6775549255E-03  -2.4027878031E-07   1.5405859608E-03   3.8336360917E-04
   23     -4.5736656041E-07  -1.2059870359E-07  -4.3460545533E-05  -4.0851813348E-07   1.5751512471E-07
   24     -7.9742931524E-04   4.1757058630E-04  -1.0284939987E-07  -4.4780383625E-04  -1.0987900443E-04
   25     -1.1946727231E-03   3.0928540076E-04  -2.2224421623E-08   1.5896198465E-03  -2.2050329902E-04
   26     -1.2134988196E-07   1.5967692369E-08  -2.0956277367E-04  -2.4324690758E-09   5.9595971999E-08
   27      1.1683546903E-03  -3.4381975401E-04   1.1743706190E-07   8.1726325258E-05   8.4203437969E-05
   28      8.5254559727E-05   6.4653644850E-04   1.3880983627E-07   6.7443482098E-05  -2.7065725994E-05
   29      1.0662986066E-07   5.2942883323E-08  -4.2050258149E-03   7.8964067813E-08  -9.1708094965E-09
   30      1.8692244524E-01   1.4938249076E-01   6.7266313949E-06   3.2340848346E-04   7.8952493257E-04
   31      1.4938249076E-01   2.2642383398E-01   6.7372173639E-06  -1.1171837875E-03  -1.1028179786E-03
   32      6.7266313949E-06   6.7372173639E-06   2.6256791097E-02   5.1188701534E-09  -8.8505068455E-08
   33      3.2340848346E-04  -1.1171837875E-03   5.1188701534E-09   9.1525040648E-02  -9.3630678245E-02
   34      7.8952493257E-04  -1.1028179786E-03  -8.8505068455E-08  -9.3630678245E-02   3.1719590190E-01
   35      1.3712929082E-08  -6.6081001874E-08   7.0820077091E-04   1.6414571679E-06  -7.5843894487E-07
   36      2.6723783951E-05  -8.1069629928E-05   1.2467312996E-08   1.1317858106E-03   1.3280515099E-04
   37     -7.0786879103E-05   5.4844818585E-05  -3.0141321134E-08  -3.2372112961E-04   6.9732900961E-04
   38     -7.0196483770E-08  -9.1633626725E-08  -1.3758608281E-03   2.1233470377E-07   2.1724624560E-08
   39      3.7052946779E-05   6.4388746436E-05  -6.5607012470E-08  -3.6429779540E-04  -1.2848351881E-03
   40     -5.8611008794E-04   1.9995535809E-04  -6.8794330187E-08   9.7200520306E-04   6.9014803585E-04
   41     -1.1024679759E-07   7.9113271893E-08   2.1796357030E-04  -2.1888666757E-07   9.2495317773E-08
                   35                 36                 37                 38                 39        
    0     -6.9803647899E-07   1.0357243138E-02  -2.1719723441E-02  -1.3071807133E-07   1.4887897442E-04
    1     -1.3980246659E-08   9.4213011936E-03  -1.7873373860E-02   2.9808627878E-07  -1.7647517578E-04
    2      7.6161628193E-03   6.5012232630E-07  -1.0565227602E-06   2.2008432657E-03  -3.3683270983E-08
    3     -1.7136299946E-07   4.2966683887E-04   3.6382339603E-03  -6.3733060523E-09   4.0482398309E-04
    4     -1.1973873937E-07   2.6727002903E-03  -4.3923834016E-03  -1.3611345319E-07   2.1041703135E-03
    5     -6.8140896176E-04  -2.1988580582E-07  -1.7063067320E-07   7.5549052715E-03   3.1685253642E-07
    6     -2.4078709608E-07  -4.1426291029E-04   1.1151181011E-03   1.0735596550E-08  -6.2201628552E-03
    7     -3.7776506169E-07   1.1242911463E-03  -1.5164426842E-04   1.5991347796E-07  -8.1217674962E-04
    8      6.1962208340E-03   2.0019873288E-08   7.7451534874E-08  -8.3058768322E-04  -6.1635916195E-07
    9      8.9679440199E-07  -5.2541953767E-03   1.7512901959E-03  -5.9636409286E-07  -5.3202153741E-03
   10     -8.7633569336E-07   3.2134319670E-03   1.3271092411E-03   1.8026004709E-07   2.8437900956E-02
   11      2.4285358201E-03  -5.9820240511E-07   6.3137546215E-08   7.9726130339E-03  -4.1073617872E-06
   12     -2.0579441969E-06  -1.5617138377E-02   5.3100923696E-03  -1.7975410838E-07   1.2863772030E-03
   13      6.3729662278E-07  -2.5712999018E-02   7.8662401954E-03  -1.1219493153E-06   2.4160579763E-03
   14     -3.5098303024E-02  -8.6313450218E-07   7.1140578390E-07   1.7434382152E-03   3.4806935387E-07
   15      7.0601582094E-09  -1.7473089758E-01  -1.3590079621E-01  -8.8783582379E-06  -7.7705943514E-05
   16      1.3214114318E-06  -1.3599152435E-01  -2.1756966812E-01  -9.4542519581E-06  -6.3356002680E-04
   17      2.8396395267E-03  -8.9257983299E-06  -9.7821103089E-06  -3.5108167702E-02  -5.7364188119E-08
   18      5.6316796929E-09   5.3484722244E-04   3.7331365774E-04  -4.0925116719E-08  -8.2214641437E-02
   19     -3.4135222211E-07  -1.8627969397E-03   3.4816616144E-04  -3.6930843356E-08   6.0680161112E-02
   20     -4.5711841390E-03  -6.9311913393E-08  -8.8281813056E-08   5.6217885417E-04  -1.0661141149E-05
   21      3.1742480629E-07  -1.2623109529E-03   2.7118345064E-05  -1.2740823052E-07   1.1000284865E-02
   22      4.2312120278E-07  -1.0696926215E-04  -7.6192286366E-05  -6.1443311386E-08  -3.6135875052E-02
   23      8.4524893009E-04   1.1166796064E-07   9.4104624348E-09  -3.6277536813E-04   5.6282905783E-06
   24     -4.5654276528E-08   7.1828533979E-04   1.3847183283E-04   1.6971173482E-07  -1.3250402684E-05
   25      1.2081398619E-07  -3.6239291699E-04   1.0119489746E-03   6.0429471058E-08  -8.4898976970E-05
   26      6.0885715870E-07   1.7371639916E-07   1.3463144247E-07  -3.8658094836E-03   6.8858992779E-10
   27      3.7580031879E-08   3.7044520675E-04  -1.1127920318E-03  -8.7285761243E-09  -6.0911821022E-04
   28      6.2323510987E-08   5.6722045949E-04  -1.0578820621E-03  -6.3528005147E-08   1.2694883549E-04
   29     -1.3676614897E-03   3.7524052376E-09  -7.4274463398E-08   2.3725955995E-04   3.4815895438E-08
   30      1.3712929082E-08   2.6723783951E-05  -7.0786879103E-05  -7.0196483770E-08   3.7052946779E-05
   31     -6.6081001874E-08  -8.1069629928E-05   5.4844818585E-05  -9.1633626725E-08   6.4388746436E-05
   32      7.0820077091E-04   1.2467312996E-08  -3.0141321134E-08  -1.3758608281E-03  -6.5607012470E-08
   33      1.6414571679E-06   1.1317858106E-03  -3.2372112961E-04   2.1233470377E-07  -3.6429779540E-04
   34     -7.5843894487E-07   1.3280515099E-04   6.9732900961E-04   2.1724624560E-08  -1.2848351881E-03
   35      2.4829688708E-02   2.3302699375E-07   6.3211319810E-08  -3.8662606411E-03  -6.2634062517E-08
   36      2.3302699375E-07   1.8379846278E-01   1.4679699316E-01   9.6004135084E-06  -8.8654929854E-05
   37      6.3211319810E-08   1.4679699316E-01   2.2981206959E-01   1.0193981525E-05  -5.3751201777E-06
   38     -3.8662606411E-03   9.6004135084E-06   1.0193981525E-05   2.5082011063E-02  -2.0546789407E-08
   39     -6.2634062517E-08  -8.8654929854E-05  -5.3751201777E-06  -2.0546789407E-08   8.2030628976E-02
   40      2.4232605096E-07   1.7157193949E-04   3.4360047255E-06  -3.6881450923E-09  -5.4624755755E-02
   41      1.2051198961E-04  -6.2676353786E-08   3.8749580123E-09   5.6212443043E-05   8.8557069156E-06
                   40                 41        
     0      4.0707124893E-05  -2.1458765068E-07
     1      3.6626336874E-04  -3.7574068336E-07
     2      2.1043852532E-07   4.5355627910E-04
     3     -4.0589376406E-04   5.2599992904E-07
     4     -5.7937496473E-04   4.6843648397E-07
     5     -1.1203272475E-07  -1.1057681904E-03
     6      1.9183204702E-03  -1.0772436832E-06
     7      1.4340871479E-03  -6.6889493083E-07
     8      2.2884074750E-07   2.7473792833E-03
     9      1.4114756576E-03   2.6216420811E-06
    10     -9.4100237512E-03   4.1811925506E-06
    11      1.6683098668E-06   1.6868378749E-02
    12     -9.0010254844E-04   9.4755279153E-07
    13      4.1575295988E-04   3.7655870427E-07
    14     -1.8000698277E-07  -1.0643941284E-03
    15      7.3565682403E-04   1.2518822697E-08
    16      4.4089503364E-04  -1.6874337855E-08
    17     -3.2900426388E-07  -7.0858175839E-04
    18      7.1955914391E-02  -1.5743461740E-05
    19     -2.2635821171E-01   2.1055238701E-05
    20      2.1862097705E-05  -5.7431729341E-02
    21     -2.1060846834E-02   5.1181917591E-06
    22     -4.2292001208E-02   1.0007210393E-05
    23      9.6290032015E-06   1.8848956713E-02
    24      8.3045433883E-06  -7.8302910412E-08
    25      9.9539094024E-05   3.2145963581E-09
    26      3.2682593970E-08   1.9278291939E-05
    27      2.9207694086E-04  -1.3593294372E-07
    28     -7.2018282788E-05   1.3149390368E-07
    29     -6.6260049026E-08  -4.4934434886E-04
    30     -5.8611008794E-04  -1.1024679759E-07
    31      1.9995535809E-04   7.9113271893E-08
    32     -6.8794330187E-08   2.1796357030E-04
    33      9.7200520306E-04  -2.1888666757E-07
    34      6.9014803585E-04   9.2495317773E-08
    35      2.4232605096E-07   1.2051198961E-04
    36      1.7157193949E-04  -6.2676353786E-08
    37      3.4360047255E-06   3.8749580123E-09
    38     -3.6881450923E-09   5.6212443043E-05
    39     -5.4624755755E-02   8.8557069156E-06
    40      2.7506155291E-01  -3.4225615562E-05
    41     -3.4225615562E-05   2.1427580448E-02

$vibrational_frequencies
42
    0        0.0000000000000000
    1        0.0000000000000000
    2        0.0000000000000000
    3        0.0000000000000000
    4        0.0000000000000000
    5        0.0000000000000000
    6      120.4882065049603881
    7      226.3676428602121575
    8      233.8992239477183261
    9      412.5348059538744110
   10      443.9538508287101877
   11      458.2986406766819414
   12      632.0904056737231258
   13      664.7192910836441797
   14      702.7418089478902630
   15      759.3329195599703780
   16      842.3737507693157340
   17      859.0758454245092253
   18      931.1844604608681948
   19      974.2282217669436477
   20      996.8928473974780218
   21     1020.8168875405960989
   22     1021.9755189839124796
   23     1044.2688459920930200
   24     1100.6041404837499158
   25     1183.5962730978444597
   26     1185.5764353563595250
   27     1224.6216547380304291
   28     1333.3497960046047410
   29     1361.9172876885215828
   30     1411.5065909751806430
   31     1482.7086131027413103
   32     1515.9855904123428445
   33     1616.6297488647164755
   34     1631.5189960715101734
   35     1747.5540214596580881
   36     2851.7328885262645599
   37     3150.4747656255171933
   38     3161.7574664601429504
   39     3172.5202181931626910
   40     3181.8787221307088657
   41     3187.7074057833692677

$normal_modes
42 42
                    0                  1                  2                  3                  4        
    0      0.0000000000E+00   0.0000000000E+00   0.0000000000E+00   0.0000000000E+00   0.0000000000E+00
    1      0.0000000000E+00   0.0000000000E+00   0.0000000000E+00   0.0000000000E+00   0.0000000000E+00
    2      0.0000000000E+00   0.0000000000E+00   0.0000000000E+00   0.0000000000E+00   0.0000000000E+00
    3      0.0000000000E+00   0.0000000000E+00   0.0000000000E+00   0.0000000000E+00   0.0000000000E+00
    4      0.0000000000E+00   0.0000000000E+00   0.0000000000E+00   0.0000000000E+00   0.0000000000E+00
