*************************************************
******************* ORCA 6.0.0 ******************
*************************************************
$Calculation_Status
   &GeometryIndex 1
   &ListStatus       OUT
   &VERSION [&Type "String"] "6.0.0"
   &PROGNAME [&Type "String"] "LeanSCF"
   &STATUS [&Type "String"] "NORMAL TERMINATION"
$End
$Geometry
   &GeometryIndex 1
   &ListStatus       OUT
   &NATOMS [&Type "Integer"] 14
   &NCORELESSECP [&Type "Integer"] 0
   &NGHOSTATOMS [&Type "Integer"] 0
   &CartesianCoordinates [&Type "Coordinates", &Dim(14,4), &Units "Bohr"] 
              C     -4.244149221043    0.512546723944   -0.000041256501
              C     -2.539674561982    2.527025810117    0.000061366400
              C      0.038145921032    2.062928066965    0.000131275306
              C      0.924506617115   -0.428537744149    0.000134075124
              C     -0.787423735498   -2.438977187333    0.000053620790
              C     -3.371592707161   -1.970028332190   -0.000058641792
              C      3.662562220936   -0.956827815443    0.000206407605
              O      5.300332138095    0.646676739914   -0.000015932281
              H     -6.261713585029    0.883350416020   -0.000105462403
              H     -3.237162542210    4.455564081028    0.000083222405
              H      1.406376862849    3.590383532775    0.000191497476
              H     -0.080671769741   -4.368288201841    0.000064758458
              H     -4.704324449644   -3.528309536418   -0.000148017524
              H      4.156823631287   -3.005244153672    0.000508448013
$End
$SCF_Energy
   &GeometryIndex 1
   &ListStatus       OUT
   &SCF_ENERGY [&Type "Double"]      -3.4551439554367425e+02
$End
$DFT_Energy
   &GeometryIndex 1
   &ListStatus       OUT
   &NALPHAEL [&Type "Integer"] 28
   &NBETAEL [&Type "Integer"] 28
   &NTOTALEL [&Type "Integer"] 56
   &EEXCHANGE [&Type "Double"]      -4.6834983910137701e+01
   &ECORR [&Type "Double"]      -1.8061556155572462e+00
   &ECNL [&Type "Double"]       0.0000000000000000e+00
   &EXC [&Type "Double"]      -4.8641139525694946e+01
   &EEMBED [&Type "Double"]       0.0000000000000000e+00
   &FINALEN [&Type "Double"]      -3.4551439554367425e+02  "No Van der Waals correction"
$End
$Mulliken_Population_Analysis
   &GeometryIndex 1
   &ListStatus       OUT
   &NATOMS [&Type "Integer"] 14
   &ATNO [&Type "ArrayOfIntegers", &Dim (14,1)] 
                                                         0

0                                                        6
1                                                        6
2                                                        6
3                                                        6
4                                                        6
5                                                        6
6                                                        6
7                                                        8
8                                                        1
9                                                        1
10                                                       1
11                                                       1
12                                                       1
13                                                       1
   &ATOMICCHARGES [&Type "ArrayOfDoubles", &Dim (14,1)] 
                                                         0

0                                     -1.0249231141916315e-01
1                                     -6.9490272634713079e-02
2                                     -1.8141675443410232e-01
3                                      1.4639700478476314e-01
4                                     -1.7190790737495831e-01
5                                     -9.7927044765329541e-02
6                                      1.2488365311520688e-01
7                                     -3.0933016564328319e-01
8                                      1.2004780211813815e-01
9                                      1.1942386704450936e-01
10                                     1.3614999605886680e-01
11                                     1.1410006748964219e-01
12                                     1.1779274504073067e-01
13                                     5.3769320619978078e-02
$End
$Loewdin_Population_Analysis
   &GeometryIndex 1
   &ListStatus       OUT
   &NATOMS [&Type "Integer"] 14
   &ATNO [&Type "ArrayOfIntegers", &Dim (14,1)] 
                                                         0

0                                                        6
1                                                        6
2                                                        6
3                                                        6
4                                                        6
5                                                        6
6                                                        6
7                                                        8
8                                                        1
9                                                        1
10                                                       1
11                                                       1
12                                                       1
13                                                       1
   &ATOMICCHARGES [&Type "ArrayOfDoubles", &Dim (14,1)] 
                                                         0

0                                     -1.1810895630949680e-01
1                                     -1.2837432827829698e-01
2                                     -7.2694177569288421e-02
3                                     -1.6195976701941017e-01
4                                     -9.2932486087419441e-02
5                                     -1.3351185081232497e-01
6                                     -2.5874113592430081e-01
7                                      1.0961285700707890e-01
8                                      1.4616818687109823e-01
9                                      1.4645148866572022e-01
10                                     1.5623671409902473e-01
11                                     1.4900387075407573e-01
12                                     1.4579481437460451e-01
13                                     1.1305477022922983e-01
$End
$Mayer_Population_Analysis
   &GeometryIndex 1
   &ListStatus       OUT
   &NATOMS [&Type "Integer"] 14 "Total number of atoms"
   &BONDTHRESH [&Type "Double"]       1.0000000000000001e-01  "The threshold for printing"
   &NBONDORDERSPRINT [&Type "Integer"] 14 "The number of bond orders larger than threshold"
   &BONDORDERS [&Type "ArrayOfDoubles", &Dim (14,1)] "The bond orders"
                                                         0

0                                      1.3584565594221782e+00
1                                      1.3988137532865164e+00
2                                      9.6419844802189825e-01
3                                      1.4174198782700644e+00
4                                      9.7069910813655891e-01
5                                      1.3187240228045085e+00
6                                      9.5962913614121070e-01
7                                      1.3152625677096264e+00
8                                      9.1240909852962893e-01
9                                      1.4107956582261056e+00
10                                     9.6326692068693776e-01
11                                     9.6850564239858272e-01
12                                     2.0399015825027251e+00
13                                     9.9555078157440935e-01
   &COMPONENTS [&Type "ArrayOfIntegers", &Dim (14,4)] "The indices and atomic numbers of the bonding atoms"
                                                         0                           1                           2                           3

0                                                        0                           6                           1                           6
1                                                        0                           6                           5                           6
2                                                        0                           6                           8                           1
3                                                        1                           6                           2                           6
4                                                        1                           6                           9                           1
5                                                        2                           6                           3                           6
6                                                        2                           6                          10                           1
7                                                        3                           6                           4                           6
8                                                        3                           6                           6                           6
9                                                        4                           6                           5                           6
10                                                       4                           6                          11                           1
11                                                       5                           6                          12                           1
12                                                       6                           6                           7                           8
13                                                       6                           6                          13                           1
   &ATNO [&Type "ArrayOfIntegers", &Dim (14,1)] "Atomic number of the elements"
                                                         0

0                                                        6
1                                                        6
2                                                        6
3                                                        6
4                                                        6
5                                                        6
6                                                        6
7                                                        8
8                                                        1
9                                                        1
10                                                       1
11                                                       1
12                                                       1
13                                                       1
   &NA [&Type "ArrayOfDoubles", &Dim (14,1)] "Mulliken gross atomic population"
                                                         0

0                                      6.1024923114191552e+00
1                                      6.0694902726347317e+00
2                                      6.1814167544341059e+00
3                                      5.8536029952152449e+00
4                                      6.1719079073749654e+00
5                                      6.0979270447653535e+00
6                                      5.8751163468848038e+00
7                                      8.3093301656432992e+00
8                                      8.7995219788186130e-01
9                                      8.8057613295549075e-01
10                                     8.6385000394113320e-01
11                                     8.8589993251035648e-01
12                                     8.8220725495926999e-01
13                                     9.4623067938002259e-01
   &ZA [&Type "ArrayOfDoubles", &Dim (14,1)] "Total nuclear charge"
                                                         0

0                                      6.0000000000000000e+00
1                                      6.0000000000000000e+00
2                                      6.0000000000000000e+00
3                                      6.0000000000000000e+00
4                                      6.0000000000000000e+00
5                                      6.0000000000000000e+00
6                                      6.0000000000000000e+00
7                                      8.0000000000000000e+00
8                                      1.0000000000000000e+00
9                                      1.0000000000000000e+00
10                                     1.0000000000000000e+00
11                                     1.0000000000000000e+00
12                                     1.0000000000000000e+00
13                                     1.0000000000000000e+00
   &QA [&Type "ArrayOfDoubles", &Dim (14,1)] "Mulliken gross atomic charge"
                                                         0

0                                     -1.0249231141915516e-01
1                                     -6.9490272634731731e-02
2                                     -1.8141675443410588e-01
3                                      1.4639700478475515e-01
4                                     -1.7190790737496542e-01
5                                     -9.7927044765353521e-02
6                                      1.2488365311519622e-01
7                                     -3.0933016564329918e-01
8                                      1.2004780211813870e-01
9                                      1.1942386704450925e-01
10                                     1.3614999605886680e-01
11                                     1.1410006748964352e-01
12                                     1.1779274504073001e-01
13                                     5.3769320619977412e-02
   &VA [&Type "ArrayOfDoubles", &Dim (14,1)] "Mayer's total valence"
                                                         0

0                                      3.9076907022694902e+00
1                                      3.8344947557204696e+00
2                                      3.9359836274874436e+00
3                                      3.4205433115110573e+00
4                                      3.9049207657971876e+00
5                                      3.8904668200401420e+00
6                                      4.0118598418565909e+00
7                                      2.1454319635027268e+00
8                                      9.7515650594053782e-01
9                                      9.7650908925419067e-01
10                                     9.9503728041678130e-01
11                                     9.8236187836836553e-01
12                                     9.7643592364312393e-01
13                                     9.7087198540044084e-01
   &BVA [&Type "ArrayOfDoubles", &Dim (14,1)] "Mayer's bonded valence"
                                                         0

0                                      3.9076907022692433e+00
1                                      3.8344947557202249e+00
2                                      3.9359836274872473e+00
3                                      3.4205433115109471e+00
4                                      3.9049207657972880e+00
5                                      3.8904668200400914e+00
6                                      4.0118598418566132e+00
7                                      2.1454319635027970e+00
8                                      9.7515650594047165e-01
9                                      9.7650908925416113e-01
10                                     9.9503728041676032e-01
11                                     9.8236187836840438e-01
12                                     9.7643592364315956e-01
13                                     9.7087198540043385e-01
   &FA [&Type "ArrayOfDoubles", &Dim (14,1)] "Mayer's free valence"
                                                         0

0                                      0.0000000000000000e+00
1                                      0.0000000000000000e+00
2                                      0.0000000000000000e+00
3                                      0.0000000000000000e+00
4                                      0.0000000000000000e+00
5                                      0.0000000000000000e+00
6                                      0.0000000000000000e+00
7                                      0.0000000000000000e+00
8                                      0.0000000000000000e+00
9                                      0.0000000000000000e+00
10                                     0.0000000000000000e+00
11                                     0.0000000000000000e+00
12                                     0.0000000000000000e+00
13                                     0.0000000000000000e+00
$End
$VdW_Correction
   &GeometryIndex 1
   &ListStatus       OUT
   &VDW [&Type "Double"]      -4.4416090153028085e-03
$End
$Calculation_Info
   &GeometryIndex 1
   &ListStatus       OUT
   &MULT [&Type "Integer"] 1
   &CHARGE [&Type "Integer"] 0
   &NUMOFATOMS [&Type "Integer"] 14
   &NUMOFELECTRONS [&Type "Integer"] 56
   &NUMOFFCELECTRONS [&Type "Integer"] 1
   &NUMOFCORRELECTRONS [&Type "Integer"] 0
   &NUMOFBASISFUNCTS [&Type "Integer"] 284
   &NUMOFAUXCBASISFUNCTS [&Type "Integer"] 0
   &NUMOFAUXJBASISFUNCTS [&Type "Integer"] 306
   &NUMOFAUXJKBASISFUNCTS [&Type "Integer"] 0
   &NUMOFCABSBASISFUNCTS [&Type "Integer"] 0
   &TOTALENERGY [&Type "Double"]      -3.4551526625668959e+02  "Hartrees"
$End
$SCF_Dipole_Moment
   &GeometryIndex 1
   &ListStatus       OUT
   &METHOD [&Type "String"] "SCF"
   &LEVEL [&Type "String"] "Relaxed density"
   &MULT [&Type "Integer"] 1
   &STATE [&Type "Integer"] -1
   &IRREP [&Type "Integer"] 0
   &NATOMS [&Type "Integer"] 14
   &DODIPOLEATOM [&Type "Boolean"] false
   &DIPOLEELECCONTRIB [&Type "ArrayOfDoubles", &Dim (3,1)] "Electronic contribution"
                                                         0

0                                      2.9989266751024179e+00
1                                      5.3646423371603791e-01
2                                     -5.4662332513629471e-05
   &DIPOLENUCCONTRIB [&Type "ArrayOfDoubles", &Dim (3,1)] "Nuclear contribution"
                                                         0

0                                     -4.2916157396460966e+00
1                                     -9.7557647088822996e-01
2                                      1.2074177367777896e-04
   &DIPOLETOTAL [&Type "ArrayOfDoubles", &Dim (3,1)] "Total"
                                                         0

0                                     -1.2926890645436786e+00
1                                     -4.3911223717219205e-01
2                                      6.6079441164149485e-05
   &DIPOLEMAGNITUDE [&Type "Double", &Units "a.u."]       1.3652342578442980e+00
$End
$THERMOCHEMISTRY_Energies
   &GeometryIndex 1
   &ListStatus       OUT
   &TEMPERATURE [&Type "Double"]       2.9814999999999998e+02
   &PRESSURE [&Type "Double"]       1.0000000000000000e+00
   &TOTALMASS [&Type "Double"]       1.0612399999999998e+02
   &SPINDEGENERACY [&Type "Integer"] 1
   &ELENERGY [&Type "Double"]      -3.4551526625668959e+02
   &TRANSENERGY [&Type "Double"]       1.4162714244859817e-03
   &ROTENERGY [&Type "Double"]       1.4162714244859817e-03
   &VIBENERGY [&Type "Double"]       3.4964915878178096e-03
   &NUMOFFREQS [&Type "Integer"] 42
   &FREQSCALINGFACTOR [&Type "Double"]       1.0000000000000000e+00
   &FREQ [&Type "ArrayOfDoubles", &Dim (42,1)] "In cm^-1"
                                                         0

0                                      0.0000000000000000e+00
1                                      0.0000000000000000e+00
2                                      0.0000000000000000e+00
3                                      0.0000000000000000e+00
4                                      0.0000000000000000e+00
5                                      0.0000000000000000e+00
6                                      1.2048820650496039e+02
7                                      2.2636764286021216e+02
8                                      2.3389922394771833e+02
9                                      4.1253480595387441e+02
10                                     4.4395385082871019e+02
11                                     4.5829864067668194e+02
12                                     6.3209040567372313e+02
13                                     6.6471929108364418e+02
14                                     7.0274180894789026e+02
15                                     7.5933291955997038e+02
16                                     8.4237375076931573e+02
17                                     8.5907584542450923e+02
18                                     9.3118446046086819e+02
19                                     9.7422822176694365e+02
20                                     9.9689284739747802e+02
21                                     1.0208168875405961e+03
22                                     1.0219755189839125e+03
23                                     1.0442688459920930e+03
24                                     1.1006041404837499e+03
25                                     1.1835962730978445e+03
26                                     1.1855764353563595e+03
27                                     1.2246216547380304e+03
28                                     1.3333497960046047e+03
29                                     1.3619172876885216e+03
30                                     1.4115065909751806e+03
31                                     1.4827086131027413e+03
32                                     1.5159855904123428e+03
33                                     1.6166297488647165e+03
34                                     1.6315189960715102e+03
35                                     1.7475540214596581e+03
36                                     2.8517328885262646e+03
37                                     3.1504747656255172e+03
38                                     3.1617574664601430e+03
39                                     3.1725202181931627e+03
40                                     3.1818787221307089e+03
41                                     3.1877074057833693e+03
   &ZPE [&Type "Double"]       1.0900322182313205e-01
   &INNERENERGYU [&Type "Double"]      -3.4539993400042965e+02
   &ENTHALPYH [&Type "Double"]      -3.4539898979138741e+02
   &QEL [&Type "Double"]       0.0000000000000000e+00
   &QROT [&Type "Double"]       1.3242070285047765e-02
   &QVIB [&Type "Double"]       5.5731472559037805e-03
   &QTRANS [&Type "Double"]       1.8955422511117471e-02
   &ENTROPYS [&Type "Double"]       3.7770640052069017e-02
   &FREEENERGYG [&Type "Double"]      -3.4543676043143950e+02
   &ISLINEAR [&Type "Boolean"] false
$End
$Hessian
   &GeometryIndex 1
   &ListStatus       OUT
   &HESSIAN [&Type "ArrayOfDoubles", &Dim (42,42)] "The Hessian"
                                                         0                           1                           2                           3                           4                           5                           6                           7

0                                      7.2818939186343079e-01        -1.7700284656710294e-02         2.0969823508158362e-05        -2.0765510048184369e-01        -1.2474187545907323e-01        -7.6760670490251631e-06        -4.5816458402599174e-02        -1.7554710051996575e-02
1                                     -1.7700284656710294e-02         6.5528737079835753e-01         9.9583522788899328e-06        -6.4087179820180223e-02        -2.4263087466484040e-01        -6.2410906679426447e-06        -5.8941857486141905e-02         4.7775154323417689e-02
2                                      2.0969823508158362e-05         9.9583522788899328e-06         1.3526904257304720e-01        -6.8522344540646117e-06        -8.4816476680413538e-06        -6.2238268625941465e-02        -2.2007920627196214e-06         7.3014399407879517e-09
3                                     -2.0765510048184369e-01        -6.4087179820180223e-02        -6.8522344540646117e-06         6.6947486703808301e-01        -3.3440881308162598e-02         1.5828764010726637e-05        -3.3716514573577694e-01         9.5825709092757453e-03
4                                     -1.2474187545907323e-01        -2.4263087466484040e-01        -8.4816476680413538e-06        -3.3440881308162598e-02         7.2236910542019206e-01         1.1463017209935834e-05         6.7816026250437089e-02        -1.3607944724374182e-01
5                                     -7.6760670490251631e-06        -6.2410906679426447e-06        -6.2238268625941465e-02         1.5828764010726637e-05         1.1463017209935834e-05         1.3255776887696111e-01        -7.2367500728232924e-06        -1.4020592434734005e-06
6                                     -4.5816458402599174e-02        -5.8941857486141905e-02        -2.2007920627196214e-06        -3.3716514573577694e-01         6.7816026250437089e-02        -7.2367500728232924e-06         7.1419886226501217e-01         4.0425121620364712e-02
7                                     -1.7554710051996575e-02         4.7775154323417689e-02         7.3014399407879517e-09         9.5825709092757453e-03        -1.3607944724374182e-01        -1.4020592434734005e-06         4.0425121620364712e-02         6.8274654740286100e-01
8                                     -2.2163021780542799e-06        -1.9281843952959133e-06         7.5486501236368001e-03        -6.9281944784348384e-06         1.3258405599755712e-06        -6.2868519732756978e-02         1.7116560790830138e-05         8.3648342870720930e-06
9                                     -9.6375507575945443e-04        -9.6891870531961109e-03         1.3611919266746028e-07        -1.5654006207160797e-02         3.5666645992381708e-02        -6.5380228371332151e-08        -1.3506348217783065e-01         6.8626645662851302e-02
10                                    -9.6823951812196815e-03        -5.6596803017759587e-02        -1.7683163616773744e-06         7.4904551906477393e-02         1.0398997051579229e-02         3.4825712219873025e-06         2.8418651022147794e-02        -2.9155538791221669e-01
11                                     2.7869655104266490e-07        -6.5976906765548337e-08        -8.9114219457886255e-03        -8.5972795401633627e-07         6.1289530272814371e-07         9.6877165429348541e-03         2.9667716440740613e-07         4.0706177554926151e-07
12                                    -8.9491246230772106e-03         8.1692310342879812e-02         1.8588242354308287e-07        -5.4653351785195398e-02        -1.8892333946837453e-02        -1.8956875170114877e-06         5.2306788315431493e-02        -3.8091553919022830e-02
13                                     3.8080798387271506e-02         8.9865986627816318e-03         1.7877996385054841e-06        -1.8946473897115894e-02        -6.0682954922534477e-03        -8.2170808084687602e-07        -2.6623395995152531e-03        -5.2301561663262192e-02
14                                     1.1422605793356358e-07         2.4129375868941153e-06         7.0952381887729420e-03        -2.7286701064939367e-06        -1.0022995560828210e-06        -8.6336780045317835e-03         2.0837431248724526e-06        -2.3780925520081478e-06
15                                    -1.5032993777856291e-01         3.1409343650782684e-02        -1.9112547552045302e-06         5.7671317717076842e-02        -1.1352726322950918e-03         1.3269028432326365e-06        -3.4979944581324827e-02         3.1507290186983145e-02
16                                     9.1972861359371980e-02        -3.0827201889642264e-01        -2.2026281804186660e-06        -4.1522202560143259e-02        -5.3739238352498261e-02        -1.9093636000976853e-06         2.9712425970368134e-02        -2.4904881231180974e-02
17                                    -1.3816018181800822e-06        -3.8871498563448398e-06        -6.1180097401111001e-02         1.8929169620938100e-06        -9.0527528718261667e-07         8.1496156265461299e-03        -1.3000666700606144e-06         1.1962791808498666e-06
18                                    -4.9799907108666157e-04        -1.6044782811166242e-03        -5.5290744019386257e-07         9.2515298476241459e-03         1.8171204586082870e-03         3.9157752474401175e-07        -2.2357536596416299e-02         2.6937215661619683e-02
19                                    -2.1990157967642704e-03        -4.7518289125814458e-03        -4.2342367458679468e-07         5.8269206563371532e-03        -7.2284851167833319e-03        -8.5805096445680496e-07         3.2830524861355924e-02         3.3006885391620167e-03
20                                     2.6033383996136742e-07        -6.8465044198166957e-10        -1.2775019995274787e-03         2.9178555924765140e-07         8.6134883585809724e-07         7.7916627552581238e-03        -4.4401026370866034e-07         1.2037364988098978e-06
21                                    -3.8425658898564788e-04        -1.1389213666089316e-03         1.6359662568530222e-07        -1.2555608103899376e-03        -1.7122594324985494e-03        -4.2420226732150699e-07         4.3166784600531666e-03        -7.9327916673507075e-03
22                                     1.0889405709013549e-03         1.2370607341634044e-03         3.2505988957207737e-07        -3.7859963797097374e-03         1.4437986630645972e-03         1.1752616830005625e-07         4.2607222371007520e-03        -8.9498133694535728e-03
23                                    -5.2101063950305707e-08         4.9751946997901927e-08         1.0678680191579957e-04        -2.4934022409514493e-09        -3.8624313101278059e-07        -1.0341848299039297e-03        -2.5995673563051938e-07         1.4037671954928948e-07
24                                    -3.2396011038871608e-01         4.8763571854479840e-02        -9.3449500619854164e-06        -1.5678773023348386e-02         6.5943008235377076e-03        -7.0214939667085312e-08        -9.0891852197998863e-04        -4.1966473930968567e-03
25                                     4.8626939572482167e-02        -6.8084533334215658e-02         1.0433283990900744e-06        -2.4463677026539263e-02         8.7652317250201187e-03        -8.7980165220259608e-07        -3.4360076999649281e-03        -3.5816411320277494e-03
26                                    -9.2976651660239651e-06         7.9797130409942484e-07        -3.7121126603114826e-02        -9.3222285297767639e-07         5.3824000159563901e-07         3.2825608468013585e-03        -2.9478557762202733e-07        -3.9536899282021008e-07
27                                     1.0809892149214975e-02        -2.0427672249994328e-02        -3.1593274898718028e-07        -9.0087695759503039e-02         8.7536407479301470e-02         2.8716989696119106e-07        -6.1708582028091371e-03         3.1072955259835743e-02
28                                     1.0813972780797376e-02        -1.8402106810328379e-02         3.1835365902767503e-07         8.7364850090064422e-02        -3.0162722090492866e-01        -3.3734026767247076e-06         2.3648686326911694e-04        -1.8417036200102845e-03
29                                     5.1877914521796038e-07        -1.1212181928313178e-06         2.4529212298322473e-03         2.7070663395444968e-07        -3.2155551672827318e-06        -3.6528334421581508e-02        -4.4971053271674456e-07         9.3339574831133020e-07
30                                    -4.9082777317432241e-03         2.5004024354765273e-03        -1.8789595925094184e-07        -1.4081369799142554e-02        -2.3755308540527022e-02        -6.1708058849235599e-07        -1.7908957277528070e-01        -1.3739542469967919e-01
31                                     2.0350676440067696e-03         9.4819557262577881e-04         9.4495904668065788e-08         5.9622807698390956e-03         8.8778086121989782e-03         4.3287916297048093e-07        -1.3722040318230902e-01        -2.1392628430230512e-01
32                                    -4.3677691839797601e-07        -3.8792060376765311e-08         7.9852152942177512e-03        -3.1691865052725597e-07        -6.7242028032016405e-07         4.0659328468913951e-03        -5.8376005860223786e-06        -6.7812016905105537e-06
33                                    -6.0403859823898254e-03        -2.4353631313530494e-05        -7.4389603064210623e-07        -1.0012018223827467e-03        -5.4319733522614690e-04         4.2026765645461053e-08        -2.6359862809819511e-03        -3.2418342926266671e-03
34                                     9.4219739040096208e-04         2.0108960362254665e-03         3.4312717425004465e-07        -6.1334648986479756e-04         4.9037866935939980e-04        -7.8338591076417271e-08        -4.5237411022781048e-03        -1.9641126707055784e-03
35                                    -6.9803647899336192e-07        -1.3980246659287793e-08         7.6161628192643032e-03        -1.7136299946011258e-07        -1.1973873936839423e-07        -6.8140896175856438e-04        -2.4078709608371674e-07        -3.7776506169320145e-07
36                                     1.0357243137693154e-02         9.4213011935786531e-03         6.5012232629527306e-07         4.2966683886731414e-04         2.6727002903279840e-03        -2.1988580581759132e-07        -4.1426291028912819e-04         1.1242911462797562e-03
37                                    -2.1719723440515183e-02        -1.7873373860167664e-02        -1.0565227601838467e-06         3.6382339602839733e-03        -4.3923834016392268e-03        -1.7063067320305190e-07         1.1151181011443264e-03        -1.5164426842118956e-04
38                                    -1.3071807132720389e-07         2.9808627878381479e-07         2.2008432656948022e-03        -6.3733060523074064e-09        -1.3611345318645233e-07         7.5549052714712645e-03         1.0735596549759807e-08         1.5991347796123482e-07
39                                     1.4887897442494066e-04        -1.7647517578190731e-04        -3.3683270982824370e-08         4.0482398309217267e-04         2.1041703135213610e-03         3.1685253642354376e-07        -6.2201628552081079e-03        -8.1217674961510389e-04
40                                     4.0707124893471828e-05         3.6626336874415904e-04         2.1043852532083048e-07        -4.0589376405752390e-04        -5.7937496472917698e-04        -1.1203272475322906e-07         1.9183204701992140e-03         1.4340871478845142e-03
41                                    -2.1458765067997006e-07        -3.7574068336382473e-07         4.5355627910155700e-04         5.2599992904181334e-07         4.6843648396777366e-07        -1.1057681903900239e-03        -1.0772436832342412e-06        -6.6889493082980778e-07
                                                         8                           9                          10                          11                          12                          13                          14                          15

0                                     -2.2163021780542799e-06        -9.6375507575945443e-04        -9.6823951812196815e-03         2.7869655104266490e-07        -8.9491246230772106e-03         3.8080798387271506e-02         1.1422605793356358e-07        -1.5032993777856291e-01
1                                     -1.9281843952959133e-06        -9.6891870531961109e-03        -5.6596803017759587e-02        -6.5976906765548337e-08         8.1692310342879812e-02         8.9865986627816318e-03         2.4129375868941153e-06         3.1409343650782684e-02
2                                      7.5486501236368001e-03         1.3611919266746028e-07        -1.7683163616773744e-06        -8.9114219457886255e-03         1.8588242354308287e-07         1.7877996385054841e-06         7.0952381887729420e-03        -1.9112547552045302e-06
3                                     -6.9281944784348384e-06        -1.5654006207160797e-02         7.4904551906477393e-02        -8.5972795401633627e-07        -5.4653351785195398e-02        -1.8946473897115894e-02        -2.7286701064939367e-06         5.7671317717076842e-02
4                                      1.3258405599755712e-06         3.5666645992381708e-02         1.0398997051579229e-02         6.1289530272814371e-07        -1.8892333946837453e-02        -6.0682954922534477e-03        -1.0022995560828210e-06        -1.1352726322950918e-03
5                                     -6.2868519732756978e-02        -6.5380228371332151e-08         3.4825712219873025e-06         9.6877165429348541e-03        -1.8956875170114877e-06        -8.2170808084687602e-07        -8.6336780045317835e-03         1.3269028432326365e-06
6                                      1.7116560790830138e-05        -1.3506348217783065e-01         2.8418651022147794e-02         2.9667716440740613e-07         5.2306788315431493e-02        -2.6623395995152531e-03         2.0837431248724526e-06        -3.4979944581324827e-02
7                                      8.3648342870720930e-06         6.8626645662851302e-02        -2.9155538791221669e-01         4.0706177554926151e-07        -3.8091553919022830e-02        -5.2301561663262192e-02        -2.3780925520081478e-06         3.1507290186983145e-02
8                                      1.4023816373438822e-01        -9.3718548613523958e-08        -2.6883695862444685e-06        -6.8345291843155326e-02         8.3004791539247860e-07        -7.8019686826160341e-07         9.4752741769162478e-03        -7.1824798433631830e-07
9                                     -9.3718548613523958e-08         6.2537615336064234e-01         1.6435850211263862e-02         1.3279347825036479e-05        -1.9518035401828665e-01        -1.1328753031750034e-01        -8.1307024466373852e-06        -4.6826508171452869e-02
10                                    -2.6883695862444685e-06         1.6435850211263862e-02         6.9441025275292345e-01        -1.8015932552196816e-06        -7.0793028321060075e-02        -2.4354199043164407e-01        -4.4309508945823855e-06        -5.2701121124668834e-02
11                                    -6.8345291843155326e-02         1.3279347825036479e-05        -1.8015932552196816e-06         1.3931742614475232e-01        -7.5473592544664227e-06        -5.0394118524004592e-06        -6.3312822728638474e-02        -2.6927547492095915e-06
12                                     8.3004791539247860e-07        -1.9518035401828665e-01        -7.0793028321060075e-02        -7.5473592544664227e-06         6.7483671046828220e-01        -2.8984023185055940e-02         2.2611663064050569e-05        -3.2807696472627523e-01
13                                    -7.8019686826160341e-07        -1.1328753031750034e-01        -2.4354199043164407e-01        -5.0394118524004592e-06        -2.8984023185055940e-02         7.1062689052802908e-01         4.2745441249177541e-06         6.2968869861425428e-02
14                                     9.4752741769162478e-03        -8.1307024466373852e-06        -4.4309508945823855e-06        -6.3312822728638474e-02         2.2611663064050569e-05         4.2745441249177541e-06         1.3439078023033679e-01        -1.1910072313969990e-05
15                                    -7.1824798433631830e-07        -4.6826508171452869e-02        -5.2701121124668834e-02        -2.6927547492095915e-06        -3.2807696472627523e-01         6.2968869861425428e-02        -1.1910072313969990e-05         6.9168243113791394e-01
16                                     5.3127169632625986e-07        -1.4228070978184605e-02         4.2310028697800373e-02        -1.4763081977641751e-06         4.6199134617739106e-03        -1.3245668377127309e-01         9.1520599163929850e-08         4.3100004039599189e-02
