*************************************************
******************* ORCA 6.0.0 ******************
*************************************************
$Calculation_Status
   &GeometryIndex 1
   &ListStatus       OUT
   &VERSION [&Type "String"] "6.0.0"
   &PROGNAME [&Type "String"] "LeanSCF"
   &STATUS [&Type "String"] "NORMAL TERMINATION"
$End
$Geometry
   &GeometryIndex 1
   &ListStatus       OUT
   &NATOMS [&Type "Integer"] 12
   &NCORELESSECP [&Type "Integer"] 0
   &NGHOSTATOMS [&Type "Integer"] 0
   &CartesianCoordinates [&Type "Coordinates", &Dim(12,4), &Units "Bohr"] 
              C     -3.348882837364    1.289976322474   -0.002613601225
              C     -0.905918627032   -0.165731004519    0.004287356606
              O     -0.903096012081   -2.520871262550   -0.003360782498
              N      1.225939267649    1.221037015702    0.008201150828
              C      3.762314393501    0.158551657902   -0.002086870112
              H     -4.380361170404    0.836115340684   -1.736777736049
              H     -4.502530092810    0.656036291539    1.590762730512
              H     -3.085851856027    3.332954943706    0.113139316586
              H      1.054710611579    3.120000643459    0.011779845583
              H      4.800752092973    0.768112414565   -1.683698749162
              H      3.634511504905   -1.897397540279   -0.005670541839
              H      4.810736058112    0.761615317475    1.675612077188
$End
$SCF_Energy
   &GeometryIndex 1
   &ListStatus       OUT
   &SCF_ENERGY [&Type "Double"]      -2.4848719998226034e+02
$End
$DFT_Energy
   &GeometryIndex 1
   &ListStatus       OUT
   &NALPHAEL [&Type "Integer"] 20
   &NBETAEL [&Type "Integer"] 20
   &NTOTALEL [&Type "Integer"] 40
   &EEXCHANGE [&Type "Double"]      -3.3020144857327182e+01
   &ECORR [&Type "Double"]      -1.2760898349208882e+00
   &ECNL [&Type "Double"]       0.0000000000000000e+00
   &EXC [&Type "Double"]      -3.4296234692248071e+01
   &EEMBED [&Type "Double"]       0.0000000000000000e+00
   &FINALEN [&Type "Double"]      -2.4848719998226034e+02  "No Van der Waals correction"
$End
$Mulliken_Population_Analysis
   &GeometryIndex 1
   &ListStatus       OUT
   &NATOMS [&Type "Integer"] 12
   &ATNO [&Type "ArrayOfIntegers", &Dim (12,1)] 
                                                         0

0                                                        6
1                                                        6
2                                                        8
3                                                        7
4                                                        6
5                                                        1
6                                                        1
7                                                        1
8                                                        1
9                                                        1
10                                                       1
11                                                       1
   &ATOMICCHARGES [&Type "ArrayOfDoubles", &Dim (12,1)] 
                                                         0

0                                     -3.1433423836042262e-01
1                                      3.1140232992573758e-01
2                                     -4.4230644758113691e-01
3                                     -2.9180246125446718e-01
4                                     -2.0741790971014495e-01
5                                      1.3067623435152653e-01
6                                      1.3166084394470445e-01
7                                      7.9681202434903842e-02
8                                      2.1866518204766927e-01
9                                      1.1222815225550353e-01
10                                     1.5923756818636048e-01
11                                     1.1230954375965418e-01
$End
$Loewdin_Population_Analysis
   &GeometryIndex 1
   &ListStatus       OUT
   &NATOMS [&Type "Integer"] 12
   &ATNO [&Type "ArrayOfIntegers", &Dim (12,1)] 
                                                         0

0                                                        6
1                                                        6
2                                                        8
3                                                        7
4                                                        6
5                                                        1
6                                                        1
7                                                        1
8                                                        1
9                                                        1
10                                                       1
11                                                       1
   &ATOMICCHARGES [&Type "ArrayOfDoubles", &Dim (12,1)] 
                                                         0

0                                     -2.6561228882014021e-01
1                                     -4.8404756789173131e-01
2                                      1.6824831467151746e-02
3                                      9.9398951503625099e-02
4                                     -2.9935797143974874e-01
5                                      1.3949516872191037e-01
6                                      1.3919262265369059e-01
7                                      1.1482589577282565e-01
8                                      1.8148951455834583e-01
9                                      1.1284723909014993e-01
10                                     1.3206510635226476e-01
11                                     1.1287849803156536e-01
$End
$Mayer_Population_Analysis
   &GeometryIndex 1
   &ListStatus       OUT
   &NATOMS [&Type "Integer"] 12 "Total number of atoms"
   &BONDTHRESH [&Type "Double"]       1.0000000000000001e-01  "The threshold for printing"
   &NBONDORDERSPRINT [&Type "Integer"] 11 "The number of bond orders larger than threshold"
   &BONDORDERS [&Type "ArrayOfDoubles", &Dim (11,1)] "The bond orders"
                                                         0

0                                      9.4220670103950444e-01
1                                      9.5642176887098485e-01
2                                      9.6079335874622529e-01
3                                      9.6921701155026374e-01
4                                      1.9217073746584821e+00
5                                      1.2329563744615577e+00
6                                      8.8814435577358342e-01
7                                      9.1454096574539923e-01
8                                      9.7001732274576902e-01
9                                      9.5934483364486733e-01
10                                     9.6983243122733909e-01
   &COMPONENTS [&Type "ArrayOfIntegers", &Dim (11,4)] "The indices and atomic numbers of the bonding atoms"
                                                         0                           1                           2                           3

0                                                        0                           6                           1                           6
1                                                        0                           6                           5                           1
2                                                        0                           6                           6                           1
3                                                        0                           6                           7                           1
4                                                        1                           6                           2                           8
5                                                        1                           6                           3                           7
6                                                        3                           7                           4                           6
7                                                        3                           7                           8                           1
8                                                        4                           6                           9                           1
9                                                        4                           6                          10                           1
10                                                       4                           6                          11                           1
   &ATNO [&Type "ArrayOfIntegers", &Dim (12,1)] "Atomic number of the elements"
                                                         0

0                                                        6
1                                                        6
2                                                        8
3                                                        7
4                                                        6
5                                                        1
6                                                        1
7                                                        1
8                                                        1
9                                                        1
10                                                       1
11                                                       1
   &NA [&Type "ArrayOfDoubles", &Dim (12,1)] "Mulliken gross atomic population"
                                                         0

0                                      6.3143342383603978e+00
1                                      5.6885976700742731e+00
2                                      8.4423064475811298e+00
3                                      7.2918024612544698e+00
4                                      6.2074179097101458e+00
5                                      8.6932376564847302e-01
6                                      8.6833915605529433e-01
7                                      9.2031879756509627e-01
8                                      7.8133481795232984e-01
9                                      8.8777184774449591e-01
10                                     8.4076243181363985e-01
11                                     8.8769045624034704e-01
   &ZA [&Type "ArrayOfDoubles", &Dim (12,1)] "Total nuclear charge"
                                                         0

0                                      6.0000000000000000e+00
1                                      6.0000000000000000e+00
2                                      8.0000000000000000e+00
3                                      7.0000000000000000e+00
4                                      6.0000000000000000e+00
5                                      1.0000000000000000e+00
6                                      1.0000000000000000e+00
7                                      1.0000000000000000e+00
8                                      1.0000000000000000e+00
9                                      1.0000000000000000e+00
10                                     1.0000000000000000e+00
11                                     1.0000000000000000e+00
   &QA [&Type "ArrayOfDoubles", &Dim (12,1)] "Mulliken gross atomic charge"
                                                         0

0                                     -3.1433423836039776e-01
1                                      3.1140232992572692e-01
2                                     -4.4230644758112980e-01
3                                     -2.9180246125446985e-01
4                                     -2.0741790971014584e-01
5                                      1.3067623435152698e-01
6                                      1.3166084394470567e-01
7                                      7.9681202434903731e-02
8                                      2.1866518204767016e-01
9                                      1.1222815225550409e-01
10                                     1.5923756818636015e-01
11                                     1.1230954375965296e-01
   &VA [&Type "ArrayOfDoubles", &Dim (12,1)] "Mayer's total valence"
                                                         0

0                                      3.8431901275287959e+00
1                                      4.1351422759673140e+00
2                                      2.0670414622684881e+00
3                                      3.0917563870796809e+00
4                                      3.8299622468655414e+00
5                                      9.8558444557888725e-01
6                                      9.8814681123343506e-01
7                                      9.8420919743306023e-01
8                                      9.5577872416752430e-01
9                                      9.7350849068024337e-01
10                                     1.0033468042351510e+00
11                                     9.7335883180217098e-01
   &BVA [&Type "ArrayOfDoubles", &Dim (12,1)] "Mayer's bonded valence"
                                                         0

0                                      3.8431901275288713e+00
1                                      4.1351422759673326e+00
2                                      2.0670414622684552e+00
3                                      3.0917563870798137e+00
4                                      3.8299622468655956e+00
5                                      9.8558444557887848e-01
6                                      9.8814681123343440e-01
7                                      9.8420919743305757e-01
8                                      9.5577872416754428e-01
9                                      9.7350849068025136e-01
10                                     1.0033468042351563e+00
11                                     9.7335883180217830e-01
   &FA [&Type "ArrayOfDoubles", &Dim (12,1)] "Mayer's free valence"
                                                         0

0                                      0.0000000000000000e+00
1                                      0.0000000000000000e+00
2                                      0.0000000000000000e+00
3                                      0.0000000000000000e+00
4                                      0.0000000000000000e+00
5                                      0.0000000000000000e+00
6                                      0.0000000000000000e+00
7                                      0.0000000000000000e+00
8                                      0.0000000000000000e+00
9                                      0.0000000000000000e+00
10                                     0.0000000000000000e+00
11                                     0.0000000000000000e+00
$End
$VdW_Correction
   &GeometryIndex 1
   &ListStatus       OUT
   &VDW [&Type "Double"]      -2.3776800092614233e-03
$End
$Calculation_Info
   &GeometryIndex 1
   &ListStatus       OUT
   &MULT [&Type "Integer"] 1
   &CHARGE [&Type "Integer"] 0
   &NUMOFATOMS [&Type "Integer"] 12
   &NUMOFELECTRONS [&Type "Integer"] 40
   &NUMOFFCELECTRONS [&Type "Integer"] 1
   &NUMOFCORRELECTRONS [&Type "Integer"] 0
   &NUMOFBASISFUNCTS [&Type "Integer"] 197
   &NUMOFAUXCBASISFUNCTS [&Type "Integer"] 0
   &NUMOFAUXJBASISFUNCTS [&Type "Integer"] 227
   &NUMOFAUXJKBASISFUNCTS [&Type "Integer"] 0
   &NUMOFCABSBASISFUNCTS [&Type "Integer"] 0
   &TOTALENERGY [&Type "Double"]      -2.4847924097416958e+02  "Hartrees"
$End
$SCF_Dipole_Moment
   &GeometryIndex 1
   &ListStatus       OUT
   &METHOD [&Type "String"] "SCF"
   &LEVEL [&Type "String"] "Relaxed density"
   &MULT [&Type "Integer"] 1
   &STATE [&Type "Integer"] -1
   &IRREP [&Type "Integer"] 0
   &NATOMS [&Type "Integer"] 12
   &DODIPOLEATOM [&Type "Boolean"] false
   &DIPOLEELECCONTRIB [&Type "ArrayOfDoubles", &Dim (3,1)] "Electronic contribution"
                                                         0

0                                     -7.5574331244720905e-01
1                                     -2.2179287946970248e+00
2                                      1.6160946583856899e-02
   &DIPOLENUCCONTRIB [&Type "ArrayOfDoubles", &Dim (3,1)] "Nuclear contribution"
                                                         0

0                                      1.1943706042133249e+00
1                                      3.7544453238346995e+00
2                                     -1.8307621437372745e-02
   &DIPOLETOTAL [&Type "ArrayOfDoubles", &Dim (3,1)] "Total"
                                                         0

0                                      4.3862729176611581e-01
1                                      1.5365165291376748e+00
2                                     -2.1466748535158460e-03
   &DIPOLEMAGNITUDE [&Type "Double", &Units "a.u."]       1.5978991062042343e+00
$End
$THERMOCHEMISTRY_Energies
   &GeometryIndex 1
   &ListStatus       OUT
   &TEMPERATURE [&Type "Double"]       2.9814999999999998e+02
   &PRESSURE [&Type "Double"]       1.0000000000000000e+00
   &TOTALMASS [&Type "Double"]       7.3094999999999999e+01
   &SPINDEGENERACY [&Type "Integer"] 1
   &ELENERGY [&Type "Double"]      -2.4847924097416958e+02
   &TRANSENERGY [&Type "Double"]       1.4162714244859817e-03
   &ROTENERGY [&Type "Double"]       1.4162714244859817e-03
   &VIBENERGY [&Type "Double"]       2.7603160442534981e-03
   &NUMOFFREQS [&Type "Integer"] 36
   &FREQSCALINGFACTOR [&Type "Double"]       1.0000000000000000e+00
   &FREQ [&Type "ArrayOfDoubles", &Dim (36,1)] "In cm^-1"
                                                         0

0                                      0.0000000000000000e+00
1                                      0.0000000000000000e+00
2                                      0.0000000000000000e+00
3                                      0.0000000000000000e+00
4                                      0.0000000000000000e+00
5                                      0.0000000000000000e+00
6                                     -9.8462084073050249e+01
7                                      1.1766209972532360e+02
8                                      1.7063470515481444e+02
9                                      2.8987063222860496e+02
10                                     4.4355781480665348e+02
11                                     5.0313941610040240e+02
12                                     6.2862265998081239e+02
13                                     6.4832024649926234e+02
14                                     8.7110346022613032e+02
15                                     1.0017740784311011e+03
16                                     1.0483799359188436e+03
17                                     1.0968059343632442e+03
18                                     1.1468172936175777e+03
19                                     1.1581517151376122e+03
20                                     1.2961473388062468e+03
21                                     1.3905068764796545e+03
22                                     1.4254431909724099e+03
23                                     1.4620387783587480e+03
24                                     1.4792346567740758e+03
25                                     1.4887670136521735e+03
26                                     1.4913633139904252e+03
27                                     1.5899060295454356e+03
28                                     1.6407358627441588e+03
29                                     3.0160341801462982e+03
30                                     3.0225695870009540e+03
31                                     3.0760257995308671e+03
32                                     3.1021436021226141e+03
33                                     3.1148245075046175e+03
34                                     3.1408559325725328e+03
35                                     3.5947753480027277e+03
   &ZPE [&Type "Double"]       1.0127870313393465e-01
   &INNERENERGYU [&Type "Double"]      -2.4837236941214240e+02
   &ENTHALPYH [&Type "Double"]      -2.4837142520310016e+02
   &QEL [&Type "Double"]       0.0000000000000000e+00
   &QROT [&Type "Double"]       1.2109969818670945e-02
   &QVIB [&Type "Double"]       4.6309764849293781e-03
   &QTRANS [&Type "Double"]       1.8427368179380284e-02
   &ENTROPYS [&Type "Double"]       3.5168314482980606e-02
   &FREEENERGYG [&Type "Double"]      -2.4840659351758313e+02
   &ISLINEAR [&Type "Boolean"] false
$End
$Hessian
   &GeometryIndex 1
   &ListStatus       OUT
   &HESSIAN [&Type "ArrayOfDoubles", &Dim (36,36)] "The Hessian"
                                                         0                           1                           2                           3                           4                           5                           6                           7

0                                      4.8944756797702166e-01         4.4820957409703883e-02        -2.9471566290534936e-03        -1.6943660190237031e-01         3.5276444611844607e-02        -2.8353579338692833e-04         6.0820037229388710e-03         1.6354732482791554e-02
1                                      4.4820957409703883e-02         5.6595348263396128e-01         8.4746248566921697e-04         5.0215488844619766e-02        -1.0151782752906870e-01         9.9151311695205521e-05         3.5543766717568363e-02        -4.2523929495943490e-02
2                                     -2.9471566290534936e-03         8.4746248566921697e-04         5.2916289442481546e-01         4.6281593401790479e-04        -1.0669793284892137e-04        -8.0889195080326687e-02         4.2919660364440190e-04        -1.0899051124981104e-04
3                                     -1.6943660190237031e-01         5.0215488844619766e-02         4.6281593401790479e-04         6.4788714580504425e-01         3.0949496340748082e-02         6.0928826382162452e-04        -1.1918168163600776e-01         2.3129896890020419e-02
4                                      3.5276444611844607e-02        -1.0151782752906870e-01        -1.0669793284892137e-04         3.0949496340748082e-02         8.3341861673782980e-01         1.3527639933148474e-03         1.5033185705278548e-02        -5.3451416455517586e-01
5                                     -2.8353579338692833e-04         9.9151311695205521e-05        -8.0889195080326687e-02         6.0928826382162452e-04         1.3527639933148474e-03         2.2362583952455448e-01         1.2222261550608513e-04        -1.3924252962833521e-03
6                                      6.0820037229388710e-03         3.5543766717568363e-02         4.2919660364440190e-04        -1.1918168163600776e-01         1.5033185705278548e-02         1.2222261550608513e-04         1.1183708389908112e-01         6.9975500396192731e-03
7                                      1.6354732482791554e-02        -4.2523929495943490e-02        -1.0899051124981104e-04         2.3129896890020419e-02        -5.3451416455517586e-01        -1.3924252962833521e-03         6.9975500396192731e-03         6.5553953968676282e-01
8                                      3.7110216953175441e-04         3.5300211927745471e-04         1.4657430453744496e-02         1.5576118582859223e-04        -1.4562352783846360e-03        -8.8097388496982565e-02        -8.0143456116642335e-05         1.9172026991837836e-03
9                                     -4.2171078159327871e-02        -1.3119365958487020e-02        -6.7809691270681594e-06        -3.0889855126554483e-01        -8.1471646660337821e-02        -1.5473171774947744e-04         6.9770663457889570e-03        -4.5378959619668133e-02
10                                     1.1599137301846509e-02         1.2732683917272017e-02        -1.7472565566631278e-04        -1.0391021219713287e-01        -1.8248301079713547e-01        -3.9878953597789274e-04        -5.4846312902722842e-02        -7.7146372227537480e-02
11                                    -2.7721586544524860e-04        -2.6913559224495294e-04         1.0150390304141898e-02         1.0906157090371271e-04        -1.9010995225432904e-04        -4.0470455586399667e-02        -2.3411614952015017e-04        -3.8996967957474120e-04
12                                     1.7196115934719949e-03        -3.7497981949342011e-03         8.2747641951058716e-05        -4.1510176463294378e-02         3.2413252088166131e-03         1.1563914776863973e-04         2.1070073848217718e-03         7.8038162143148435e-03
13                                    -3.3083399362017840e-03        -1.3333975598528334e-03        -1.3589953002927102e-04        -6.1076396966016737e-03         2.6269880887641855e-02         1.3331833785114688e-04         6.4162511864332937e-04        -5.5731711955179656e-03
14                                    -8.8334044569539193e-05        -2.7104472236682197e-04         9.5684712713734830e-03        -1.3496084535825602e-04         3.9334281199630712e-05        -5.0142819723109919e-03        -1.0076455779579229e-05         6.3523972405164523e-05
15                                    -1.0566758086948139e-01        -2.7988114430992035e-02        -1.1330266520714727e-01        -1.7945513910329267e-02        -7.9525626316873203e-03        -2.6997818665166599e-02         2.1755818768137321e-03        -1.1174881424106699e-03
16                                    -2.7692259515586889e-02        -5.8415040548273317e-02        -4.9688176033723053e-02         6.4476400038405487e-03         3.1932210766539232e-03         1.6228831843192633e-02         2.2252401671777537e-04        -6.5334286736577849e-04
17                                    -1.1170917726246052e-01        -5.0046088936441163e-02        -2.3015710383299204e-01         1.0247933964980110e-03        -3.6884193591847116e-04         9.4884508130330201e-04         2.5648993986138527e-04         5.8765549156121130e-04
18                                    -1.2283197222150834e-01        -4.4555581292728186e-02         1.1715647929398429e-01        -1.9663419177038437e-02        -1.0985309310666755e-02         2.4590474751613807e-02         2.6928704280520747e-03        -1.1411794376751747e-03
19                                    -4.4897533568804618e-02        -7.1774140332956343e-02         6.4291775688658820e-02         7.5634662565064216e-03         4.9498911619817020e-03        -1.5230217992668271e-02         1.0464769718404664e-04        -4.6670155557139176e-04
20                                     1.1641211487266327e-01         6.3916790570734183e-02        -2.0213817235264586e-01        -1.9068566716837435e-03         5.4243656997776495e-04         8.7636089628059669e-04        -3.2667073460565564e-04        -9.0940901439104035e-04
21                                    -5.5018476078080698e-02        -3.7784941848044790e-02        -1.6441115097028474e-03         1.1378787600709043e-02         2.5860446444931268e-02         1.9486442062551957e-03        -6.4000806952922533e-03         6.8975054906112261e-03
22                                    -3.4068003819520937e-02        -3.0374735350639476e-01        -1.4869190147361390e-02        -1.1154995269920746e-02        -1.7430572576265999e-02        -7.1017002027684605e-04         6.4604440930519074e-03        -1.4157707069384026e-03
23                                    -1.5347645170210448e-03        -1.4945086866258617e-02        -4.6387096410168763e-02        -3.2197457707524137e-04         3.7868807417660915e-04        -4.2741062475012484e-03        -1.3581039260343489e-04         1.9702746725228510e-04
24                                    -7.6764713462740839e-04        -1.5641175039176032e-03        -2.1000632993100287e-04         1.2447215666741392e-02        -2.9943182395400468e-02        -1.7841036040857995e-05        -6.5237896146946306e-03        -5.2982289607589926e-03
25                                     1.3226630835776933e-03         8.5070739252907264e-04        -5.2103960152716380e-05         6.4589670931514548e-03        -2.1097139272261201e-02        -3.7853149622489208e-05        -4.6561300888764423e-03         2.0050705960975232e-03
26                                     3.6565837282178282e-05         2.7465163184108824e-04        -3.5559063697706635e-03         2.3975714100056241e-05        -1.1223753847705012e-04        -7.8397001060245327e-03        -9.2389414200048472e-06         4.9560109006683325e-06
27                                    -8.0576269779754871e-04        -6.2806495381274386e-04        -1.8465570846752963e-03         1.3060892157764133e-03         7.3852522054608637e-03         3.5312961040969981e-03         3.5519154975317336e-04        -2.2856318766574218e-03
28                                     2.3456132385912343e-04         2.1831523777984330e-04         1.1824815596780558e-03        -8.1323274052677369e-04        -4.3993966180278770e-03        -8.6668902731789851e-04        -1.3436102133852251e-03         2.0233333485542883e-03
29                                     1.9946756882523956e-05        -2.8027525680646495e-05        -2.7840843500231949e-04        -1.9615452539545573e-03        -7.9849308353899945e-04        -1.1489738560739420e-04         1.9527338589470740e-04         2.4146146996879315e-04
30                                     2.8883980127597823e-04        -5.5178358942212583e-04         2.4651061470825448e-05         2.3994550312616781e-03         5.1648817527679214e-03         7.2823061837520405e-06        -4.8075702557905933e-04        -3.6534488551227678e-03
31                                     2.4012749610287810e-04        -6.9382846126346456e-04        -1.7093008613690179e-05        -1.9696705573118093e-03        -1.9560316129369031e-03        -1.2578511622443969e-06        -2.8653796570648517e-03         6.9292008529042368e-04
32                                     1.1451967754140893e-05         4.0774239521429010e-07         1.8163777169658170e-04        -1.1866895165830538e-05        -8.2174435536320892e-06         1.3358083340743751e-03        -9.5914661917824808e-06         3.3523400341131012e-06
33                                    -8.3890403151501902e-04        -7.4631267200261442e-04         1.7973977889246772e-03         1.2172510350520020e-03         7.4094441596036769e-03        -3.4635158222544320e-03         3.5950376432400996e-04        -2.2539932669489553e-03
34                                     2.2538060283728331e-04         2.5032825221065445e-04        -1.1339118615392378e-03        -7.7698039875203555e-04        -4.4334669032352362e-03         8.0943744173003079e-04        -1.3468814841290791e-03         2.0325888873452091e-03
35                                    -7.0080865332859330e-06         3.2986688558143268e-05        -3.1494174486559179e-04         1.9441038174199184e-03         7.4151019183231817e-04        -8.6828961059690762e-05        -1.9461041574324333e-04        -2.1754683517615121e-04
                                                         8                           9                          10                          11                          12                          13                          14                          15

0                                      3.7110216953175441e-04        -4.2171078159327871e-02         1.1599137301846509e-02        -2.7721586544524860e-04         1.7196115934719949e-03        -3.3083399362017840e-03        -8.8334044569539193e-05        -1.0566758086948139e-01
1                                      3.5300211927745471e-04        -1.3119365958487020e-02         1.2732683917272017e-02        -2.6913559224495294e-04        -3.7497981949342011e-03        -1.3333975598528334e-03        -2.7104472236682197e-04        -2.7988114430992035e-02
2                                      1.4657430453744496e-02        -6.7809691270681594e-06        -1.7472565566631278e-04         1.0150390304141898e-02         8.2747641951058716e-05        -1.3589953002927102e-04         9.5684712713734830e-03        -1.1330266520714727e-01
3                                      1.5576118582859223e-04        -3.0889855126554483e-01        -1.0391021219713287e-01         1.0906157090371271e-04        -4.1510176463294378e-02        -6.1076396966016737e-03        -1.3496084535825602e-04        -1.7945513910329267e-02
4                                     -1.4562352783846360e-03        -8.1471646660337821e-02        -1.8248301079713547e-01        -1.9010995225432904e-04         3.2413252088166131e-03         2.6269880887641855e-02         3.9334281199630712e-05        -7.9525626316873203e-03
5                                     -8.8097388496982565e-02        -1.5473171774947744e-04        -3.9878953597789274e-04        -4.0470455586399667e-02         1.1563914776863973e-04         1.3331833785114688e-04        -5.0142819723109919e-03        -2.6997818665166599e-02
6                                     -8.0143456116642335e-05         6.9770663457889570e-03        -5.4846312902722842e-02        -2.3411614952015017e-04         2.1070073848217718e-03         6.4162511864332937e-04        -1.0076455779579229e-05         2.1755818768137321e-03
7                                      1.9172026991837836e-03        -4.5378959619668133e-02        -7.7146372227537480e-02        -3.8996967957474120e-04         7.8038162143148435e-03        -5.5731711955179656e-03         6.3523972405164523e-05        -1.1174881424106699e-03
8                                      4.5425420889887103e-02        -1.9689258401635150e-04        -3.1861190948916638e-04         1.9372946863548388e-02        -4.0253912415666671e-06        -2.0501702200668478e-05        -2.4605246729928788e-03         3.1588543952276618e-03
9                                     -1.9689258401635150e-04         6.8520302503275698e-01         4.5397581367955422e-02        -7.4751857404312268e-04        -1.9518835885868141e-01         3.0208429225612989e-02         5.7069490636721745e-04        -2.8860011873778641e-03
10                                    -3.1861190948916638e-04         4.5397581367955422e-02         8.1621349490170580e-01         1.9285337277148464e-03         3.8988207273709136e-02        -1.3013234186481429e-01        -2.6429844492099880e-04         2.9061246842258734e-03
11                                     1.9372946863548388e-02        -7.4751857404312268e-04         1.9285337277148464e-03         6.1349415109662631e-02         4.3151212180572425e-04        -2.4557423388764106e-04        -5.9281791274666228e-02         1.0493764858499955e-03
12                                    -4.0253912415666671e-06        -1.9518835885868141e-01         3.8988207273709136e-02         4.3151212180572425e-04         4.8393211996255714e-01         5.0534092309699880e-02         4.1288192930935552e-04        -6.4211245424975936e-04
13                                    -2.0501702200668478e-05         3.0208429225612989e-02        -1.3013234186481429e-01        -2.4557423388764106e-04         5.0534092309699880e-02         5.7938934306629619e-01        -5.9043965546463906e-05        -4.7605392941602173e-04
14                                    -2.4605246729928788e-03         5.7069490636721745e-04        -2.6429844492099880e-04        -5.9281791274666228e-02         4.1288192930935552e-04        -5.9043965546463906e-05         5.5485431856978940e-01         1.9075526596300772e-03
15                                     3.1588543952276618e-03        -2.8860011873778641e-03         2.9061246842258734e-03         1.0493764858499955e-03        -6.4211245424975936e-04        -4.7605392941602173e-04         1.9075526596300772e-03         1.1842403653393260e-01
16                                    -2.1270826370624711e-03         5.1513387731140850e-04        -6.7329771771574231e-04        -2.6679718779083690e-04         2.8107470884030576e-04         3.9954978688717729e-04        -5.5491650478866695e-04         2.9770128043556693e-02
17                                     1.0063301834603799e-03         5.4277443964339134e-04         4.2886552220505227e-04        -1.9378252649569902e-04         1.7489631817067721e-04        -7.7882660590427883e-05        -3.2689736747796173e-04         1.2133270807386984e-01
18                                    -3.0341667119371811e-03        -3.3540991616542613e-03         3.3913433993054106e-03        -7.6712452758860919e-04        -6.4403532774682777e-04        -5.1789914691530029e-04        -1.7397131517762838e-03         9.3500972148326741e-03
19                                     1.6614331804749281e-03         8.6678350022506481e-04        -9.3645334278106727e-04         3.7581389990462544e-04         3.5034254316801102e-04         4.7606759458953185e-04         6.3267560393241837e-04         4.4360658195606315e-03
20                                     8.8761800377225547e-04        -6.3216486498863991e-04        -3.3140651324931568e-04        -1.8434834151896586e-04        -2.8481612993788707e-04         1.3635367617049381e-04        -2.7016141727274434e-04         1.5708328864201988e-02
21                                    -2.9021337233178286e-04        -8.3817176555341230e-04        -1.0593041379253856e-03        -7.0341947675452079e-05         6.0162362138612541e-04        -3.8532821134678794e-04        -1.5656417485189154e-05        -2.4678614808638908e-03
22                                    -2.8106595739931851e-05        -7.2726303133874206e-04         1.9200583589701510e-03         1.4457177320486073e-04         7.0862820705696813e-04         5.4017331259712626e-04         5.5537926710389301e-05        -1.1039751964138714e-04
23                                     2.9239134393957348e-03         8.2448294563111581e-05         6.4664056619815691e-05        -4.4031062163176881e-04         3.9463695523085087e-05         3.7266725398456952e-05         9.9056779878271156e-07        -1.8842123526621871e-03
24                                    -3.4908741852282138e-05        -7.3546386046049586e-02         3.6091768154628223e-02         2.2581956869765994e-04         1.2409998245884761e-03         3.1705834177985948e-02         3.6457895885541608e-05         1.1692495906534279e-04
25                                    -4.1950629988840598e-06         3.0618398786176670e-02        -4.3687151995730150e-01        -9.6166164229885597e-04        -1.9151626212236678e-03        -5.2039989517937042e-03         1.3814022182408593e-05         3.5019321888897677e-04
26                                     8.0871659736149737e-03         2.0219516277782370e-04        -7.8276611293364004e-04        -5.4260999040760989e-03        -5.4194177651695143e-06        -1.2532855153286605e-04        -2.7932422632958847e-03        -8.4548996667716632e-04
27                                     1.1064465698040597e-04        -3.2261114962521056e-02        -8.9372787603863423e-03         2.3668493848508956e-02        -1.0039655881148231e-01        -3.7404696305658375e-02         9.6561700163964648e-02        -5.9264207752493829e-04
28                                    -8.6469758887670672e-04         1.3965023012202673e-02         6.3297621039878566e-03        -1.2170043523379115e-02        -4.0352389511030165e-02        -7.3848207748931388e-02         6.7831501633490221e-02         2.9838930599068909e-04
29                                    -1.4544355780180028e-04         1.9047690507282174e-03        -3.5906364970289414e-03         7.9113374506573284e-03         1.0000644128939447e-01         6.7376969884500565e-02        -2.2370713181330115e-01        -9.2046714881380363e-05
30                                    -1.3488122711345551e-05        -6.5220480790716562e-04         3.9173264538252726e-02         7.1232412775940109e-05        -4.9629591858418982e-02        -2.7363840768939090e-02        -3.5503984466289971e-05        -4.5642861071753133e-05
31                                     4.2557187335261920e-06         5.1147218999498048e-03        -1.5212179939220137e-02        -4.6593428746193353e-05        -1.5601640915379713e-02        -3.1764832782467078e-01        -4.6823886216769992e-04        -4.1335345800815049e-06
