*************************************************
******************* ORCA 6.0.0 ******************
*************************************************
$Calculation_Status
   &GeometryIndex 1
   &ListStatus       OUT
   &VERSION [&Type "String"] "6.0.0"
   &PROGNAME [&Type "String"] "LeanSCF"
   &STATUS [&Type "String"] "NORMAL TERMINATION"
$End
$Geometry
   &GeometryIndex 1
   &ListStatus       OUT
   &NATOMS [&Type "Integer"] 12
   &NCORELESSECP [&Type "Integer"] 0
   &NGHOSTATOMS [&Type "Integer"] 0
   &CartesianCoordinates [&Type "Coordinates", &Dim(12,4), &Units "Bohr"] 
              C     -3.376514428390    1.274603047185   -0.000313084157
              C     -0.896230947519   -0.157882857178    0.001334732277
              O     -0.808986815731   -2.468273073393    0.000368179311
              N      1.237944523356    1.283144335678    0.000398178713
              C      3.726579551744    0.114136957058   -0.000061722424
              H     -3.164433983428    3.329207374142    0.027131108965
              H     -4.445526618498    0.726488258319   -1.680704529126
              H     -4.472482405664    0.683271773290    1.647347549416
              H      1.095659322068    3.176571541885    0.005037963575
              H      5.164323739640    1.594424203209   -0.014874993814
              H      3.972121961474   -1.089983691197   -1.664597866053
              H      3.985007355994   -1.068844341609    1.677894219504
$End
$SCF_Energy
   &GeometryIndex 1
   &ListStatus       OUT
   &SCF_ENERGY [&Type "Double"]      -2.4848820666993521e+02
$End
$DFT_Energy
   &GeometryIndex 1
   &ListStatus       OUT
   &NALPHAEL [&Type "Integer"] 20
   &NBETAEL [&Type "Integer"] 20
   &NTOTALEL [&Type "Integer"] 40
   &EEXCHANGE [&Type "Double"]      -3.3024073012565125e+01
   &ECORR [&Type "Double"]      -1.2755295098008188e+00
   &ECNL [&Type "Double"]       0.0000000000000000e+00
   &EXC [&Type "Double"]      -3.4299602522365944e+01
   &EEMBED [&Type "Double"]       0.0000000000000000e+00
   &FINALEN [&Type "Double"]      -2.4848820666993521e+02  "No Van der Waals correction"
$End
$Mulliken_Population_Analysis
   &GeometryIndex 1
   &ListStatus       OUT
   &NATOMS [&Type "Integer"] 12
   &ATNO [&Type "ArrayOfIntegers", &Dim (12,1)] 
                                                         0

0                                                        6
1                                                        6
2                                                        8
3                                                        7
4                                                        6
5                                                        1
6                                                        1
7                                                        1
8                                                        1
9                                                        1
10                                                       1
11                                                       1
   &ATOMICCHARGES [&Type "ArrayOfDoubles", &Dim (12,1)] 
                                                         0

0                                     -3.2494518105865478e-01
1                                      3.1856195444923951e-01
2                                     -4.1139464483178934e-01
3                                     -3.2201332808257987e-01
4                                     -1.8206561371567709e-01
5                                      8.4857523715399452e-02
6                                      1.2986506582372281e-01
7                                      1.3004751417774907e-01
8                                      2.2280368911233861e-01
9                                      1.0647744649363089e-01
10                                     1.2417031526449862e-01
11                                     1.2363525865212166e-01
$End
$Loewdin_Population_Analysis
   &GeometryIndex 1
   &ListStatus       OUT
   &NATOMS [&Type "Integer"] 12
   &ATNO [&Type "ArrayOfIntegers", &Dim (12,1)] 
                                                         0

0                                                        6
1                                                        6
2                                                        8
3                                                        7
4                                                        6
5                                                        1
6                                                        1
7                                                        1
8                                                        1
9                                                        1
10                                                       1
11                                                       1
   &ATOMICCHARGES [&Type "ArrayOfDoubles", &Dim (12,1)] 
                                                         0

0                                     -2.6804590693639163e-01
1                                     -4.8911447918746642e-01
2                                      5.6204364318470645e-02
3                                      8.5571143627476864e-02
4                                     -3.0387409253212638e-01
5                                      1.1533499386053725e-01
6                                      1.3758653176705893e-01
7                                      1.3750819292213068e-01
8                                      1.7675166840099144e-01
9                                      1.1350977093741121e-01
10                                     1.1941946546416771e-01
11                                     1.1914834735770841e-01
$End
$Mayer_Population_Analysis
   &GeometryIndex 1
   &ListStatus       OUT
   &NATOMS [&Type "Integer"] 12 "Total number of atoms"
   &BONDTHRESH [&Type "Double"]       1.0000000000000001e-01  "The threshold for printing"
   &NBONDORDERSPRINT [&Type "Integer"] 11 "The number of bond orders larger than threshold"
   &BONDORDERS [&Type "ArrayOfDoubles", &Dim (11,1)] "The bond orders"
                                                         0

0                                      9.4641015488193869e-01
1                                      9.7275669079717098e-01
2                                      9.5772505703350530e-01
3                                      9.5877424460462224e-01
4                                      1.9406726774404217e+00
5                                      1.2003330179844793e+00
6                                      9.1240455214896676e-01
7                                      9.1584835858469804e-01
8                                      9.6510849552542655e-01
9                                      9.7193579498428917e-01
10                                     9.7201599858604759e-01
   &COMPONENTS [&Type "ArrayOfIntegers", &Dim (11,4)] "The indices and atomic numbers of the bonding atoms"
                                                         0                           1                           2                           3

0                                                        0                           6                           1                           6
1                                                        0                           6                           5                           1
2                                                        0                           6                           6                           1
3                                                        0                           6                           7                           1
4                                                        1                           6                           2                           8
5                                                        1                           6                           3                           7
6                                                        3                           7                           4                           6
7                                                        3                           7                           8                           1
8                                                        4                           6                           9                           1
9                                                        4                           6                          10                           1
10                                                       4                           6                          11                           1
   &ATNO [&Type "ArrayOfIntegers", &Dim (12,1)] "Atomic number of the elements"
                                                         0

0                                                        6
1                                                        6
2                                                        8
3                                                        7
4                                                        6
5                                                        1
6                                                        1
7                                                        1
8                                                        1
9                                                        1
10                                                       1
11                                                       1
   &NA [&Type "ArrayOfDoubles", &Dim (12,1)] "Mulliken gross atomic population"
                                                         0

0                                      6.3249451810586779e+00
1                                      5.6814380455507658e+00
2                                      8.4113946448318213e+00
3                                      7.3220133280825879e+00
4                                      6.1820656137156913e+00
5                                      9.1514247628460244e-01
6                                      8.7013493417627874e-01
7                                      8.6995248582225082e-01
8                                      7.7719631088766095e-01
9                                      8.9352255350636878e-01
10                                     8.7582968473550260e-01
11                                     8.7636474134787801e-01
   &ZA [&Type "ArrayOfDoubles", &Dim (12,1)] "Total nuclear charge"
                                                         0

0                                      6.0000000000000000e+00
1                                      6.0000000000000000e+00
2                                      8.0000000000000000e+00
3                                      7.0000000000000000e+00
4                                      6.0000000000000000e+00
5                                      1.0000000000000000e+00
6                                      1.0000000000000000e+00
7                                      1.0000000000000000e+00
8                                      1.0000000000000000e+00
9                                      1.0000000000000000e+00
10                                     1.0000000000000000e+00
11                                     1.0000000000000000e+00
   &QA [&Type "ArrayOfDoubles", &Dim (12,1)] "Mulliken gross atomic charge"
                                                         0

0                                     -3.2494518105867787e-01
1                                      3.1856195444923419e-01
2                                     -4.1139464483182131e-01
3                                     -3.2201332808258787e-01
4                                     -1.8206561371569130e-01
5                                      8.4857523715397565e-02
6                                      1.2986506582372126e-01
7                                      1.3004751417774918e-01
8                                      2.2280368911233905e-01
9                                      1.0647744649363122e-01
10                                     1.2417031526449740e-01
11                                     1.2363525865212199e-01
   &VA [&Type "ArrayOfDoubles", &Dim (12,1)] "Mayer's total valence"
                                                         0

0                                      3.8583186152474904e+00
1                                      4.1173413503755025e+00
2                                      2.0967172237930130e+00
3                                      3.0750657674608544e+00
4                                      3.8908089119420182e+00
5                                      9.8381366566584683e-01
6                                      9.8563088454210945e-01
7                                      9.8614945671702781e-01
8                                      9.5594099211932293e-01
9                                      9.7331901751459771e-01
10                                     9.7793883168652462e-01
11                                     9.7766794401738610e-01
   &BVA [&Type "ArrayOfDoubles", &Dim (12,1)] "Mayer's bonded valence"
                                                         0

0                                      3.8583186152474918e+00
1                                      4.1173413503754777e+00
2                                      2.0967172237929650e+00
3                                      3.0750657674608513e+00
4                                      3.8908089119419396e+00
5                                      9.8381366566585715e-01
6                                      9.8563088454213232e-01
7                                      9.8614945671703291e-01
8                                      9.5594099211932004e-01
9                                      9.7331901751460403e-01
10                                     9.7793883168651119e-01
11                                     9.7766794401736135e-01
   &FA [&Type "ArrayOfDoubles", &Dim (12,1)] "Mayer's free valence"
                                                         0

0                                      0.0000000000000000e+00
1                                      0.0000000000000000e+00
2                                      0.0000000000000000e+00
3                                      0.0000000000000000e+00
4                                      0.0000000000000000e+00
5                                      0.0000000000000000e+00
6                                      0.0000000000000000e+00
7                                      0.0000000000000000e+00
8                                      0.0000000000000000e+00
9                                      0.0000000000000000e+00
10                                     0.0000000000000000e+00
11                                     0.0000000000000000e+00
$End
$VdW_Correction
   &GeometryIndex 1
   &ListStatus       OUT
   &VDW [&Type "Double"]      -2.3828334033633514e-03
$End
$Calculation_Info
   &GeometryIndex 1
   &ListStatus       OUT
   &MULT [&Type "Integer"] 1
   &CHARGE [&Type "Integer"] 0
   &NUMOFATOMS [&Type "Integer"] 12
   &NUMOFELECTRONS [&Type "Integer"] 40
   &NUMOFFCELECTRONS [&Type "Integer"] 1
   &NUMOFCORRELECTRONS [&Type "Integer"] 0
   &NUMOFBASISFUNCTS [&Type "Integer"] 197
   &NUMOFAUXCBASISFUNCTS [&Type "Integer"] 0
   &NUMOFAUXJBASISFUNCTS [&Type "Integer"] 227
   &NUMOFAUXJKBASISFUNCTS [&Type "Integer"] 0
   &NUMOFCABSBASISFUNCTS [&Type "Integer"] 0
   &TOTALENERGY [&Type "Double"]      -2.4848037379333857e+02  "Hartrees"
$End
$SCF_Dipole_Moment
   &GeometryIndex 1
   &ListStatus       OUT
   &METHOD [&Type "String"] "SCF"
   &LEVEL [&Type "String"] "Relaxed density"
   &MULT [&Type "Integer"] 1
   &STATE [&Type "Integer"] -1
   &IRREP [&Type "Integer"] 0
   &NATOMS [&Type "Integer"] 12
   &DODIPOLEATOM [&Type "Boolean"] false
   &DIPOLEELECCONTRIB [&Type "ArrayOfDoubles", &Dim (3,1)] "Electronic contribution"
                                                         0

0                                     -6.9364107219395688e-01
1                                     -2.1163864530190466e+00
2                                      2.5073704373864787e-03
   &DIPOLENUCCONTRIB [&Type "ArrayOfDoubles", &Dim (3,1)] "Nuclear contribution"
                                                         0

0                                      1.0575983437568222e+00
1                                      3.6016974692991139e+00
2                                     -2.3332189670743908e-03
   &DIPOLETOTAL [&Type "ArrayOfDoubles", &Dim (3,1)] "Total"
                                                         0

0                                      3.6395727156286528e-01
1                                      1.4853110162800673e+00
2                                      1.7415147031208788e-04
   &DIPOLEMAGNITUDE [&Type "Double", &Units "a.u."]       1.5292526739996717e+00
$End
$THERMOCHEMISTRY_Energies
   &GeometryIndex 1
   &ListStatus       OUT
   &TEMPERATURE [&Type "Double"]       2.9814999999999998e+02
   &PRESSURE [&Type "Double"]       1.0000000000000000e+00
   &TOTALMASS [&Type "Double"]       7.3094999999999999e+01
   &SPINDEGENERACY [&Type "Integer"] 1
   &ELENERGY [&Type "Double"]      -2.4848037379333857e+02
   &TRANSENERGY [&Type "Double"]       1.4162714244859817e-03
   &ROTENERGY [&Type "Double"]       1.4162714244859817e-03
   &VIBENERGY [&Type "Double"]       3.8444832617362808e-03
   &NUMOFFREQS [&Type "Integer"] 36
   &FREQSCALINGFACTOR [&Type "Double"]       1.0000000000000000e+00
   &FREQ [&Type "ArrayOfDoubles", &Dim (36,1)] "In cm^-1"
                                                         0

0                                      0.0000000000000000e+00
1                                      0.0000000000000000e+00
2                                      0.0000000000000000e+00
3                                      0.0000000000000000e+00
4                                      0.0000000000000000e+00
5                                      0.0000000000000000e+00
6                                      4.8738424812051086e+01
7                                      9.4604128671004233e+01
8                                      1.6252443855952802e+02
9                                      2.6624393743132737e+02
10                                     3.5379689173898527e+02
11                                     4.3062939956239552e+02
12                                     6.2428884749467022e+02
13                                     6.3160544963586801e+02
14                                     8.7235987664010645e+02
15                                     9.8789844068842535e+02
16                                     1.0460643297968898e+03
17                                     1.0902080259937961e+03
18                                     1.1528424815015076e+03
19                                     1.1874643064209031e+03
20                                     1.2690978118908502e+03
21                                     1.3842595551008701e+03
22                                     1.4454233035194457e+03
23                                     1.4636395162732772e+03
24                                     1.4685501837269833e+03
25                                     1.4778975773559778e+03
26                                     1.5015318773503807e+03
27                                     1.5360462676344059e+03
28                                     1.7288975035632650e+03
29                                     3.0129836895991657e+03
30                                     3.0250105608387921e+03
31                                     3.0752176148142239e+03
32                                     3.1110089491880403e+03
33                                     3.1123491924730056e+03
34                                     3.1164321361065572e+03
35                                     3.6475378614711644e+03
   &ZPE [&Type "Double"]       1.0098012778173178e-01
   &INNERENERGYU [&Type "Double"]      -2.4837271663944614e+02
   &ENTHALPYH [&Type "Double"]      -2.4837177243040389e+02
   &QEL [&Type "Double"]       0.0000000000000000e+00
   &QROT [&Type "Double"]       1.2095343223859254e-02
   &QVIB [&Type "Double"]       6.8438879692045256e-03
   &QTRANS [&Type "Double"]       1.8427368179380284e-02
   &ENTROPYS [&Type "Double"]       3.7366599372444062e-02
   &FREEENERGYG [&Type "Double"]      -2.4840913902977633e+02
   &ISLINEAR [&Type "Boolean"] false
$End
$Hessian
   &GeometryIndex 1
   &ListStatus       OUT
   &HESSIAN [&Type "ArrayOfDoubles", &Dim (36,36)] "The Hessian"
                                                         0                           1                           2                           3                           4                           5                           6                           7

0                                      4.7530074068773354e-01         4.8450856700483158e-02        -6.5150629470767444e-04        -1.6087211079536459e-01         2.7574198924122509e-02        -5.9310038373843999e-05         5.4080578226623627e-03         1.8087872203111532e-02
1                                      4.8450856700483158e-02         5.6426003616181508e-01         1.4592005828756310e-04         4.0042367532834966e-02        -9.8271503513676001e-02        -1.5829397310610810e-05         3.7693747170843749e-02        -4.0613963046668977e-02
2                                     -6.5150629470767444e-04         1.4592005828756310e-04         5.3122234400451973e-01         6.5906048113960965e-05        -7.8279407978995043e-05        -8.1310916370414738e-02         1.1551764774445162e-04         7.2815825977625407e-06
3                                     -1.6087211079536459e-01         4.0042367532834966e-02         6.5906048113960965e-05         6.0446761354522738e-01         8.5615473876021232e-04         6.6802961842726480e-06        -1.1454953065091292e-01         3.9651895986410897e-02
4                                      2.7574198924122509e-02        -9.8271503513676001e-02        -7.8279407978995043e-05         8.5615473876021232e-04         9.1487387520904551e-01         2.3735769719472543e-04         3.2493971048352041e-02        -6.3695161109156229e-01
5                                     -5.9310038373843999e-05        -1.5829397310610810e-05        -8.1310916370414738e-02         6.6802961842726480e-06         2.3735769719472543e-04         2.2171718854634467e-01         4.2446413541484741e-05        -2.5920411077013516e-04
6                                      5.4080578226623627e-03         3.7693747170843749e-02         1.1551764774445162e-04        -1.1454953065091292e-01         3.2493971048352041e-02         4.2446413541484741e-05         1.0147984826781878e-01        -1.3649429337491024e-02
7                                      1.8087872203111532e-02        -4.0613963046668977e-02         7.2815825977625407e-06         3.9651895986410897e-02        -6.3695161109156229e-01        -2.5920411077013516e-04        -1.3649429337491024e-02         7.6302582553926601e-01
8                                      8.1984778108103672e-05         1.1522825462903047e-04         1.4744799140693562e-02         2.9203432426009942e-05        -3.0542813054759514e-04        -7.9860986019059416e-02        -8.0078785626215234e-05         2.8729984001524386e-04
9                                     -3.9410654897938741e-02        -1.3741868947188755e-02         3.7071157804281969e-05        -2.7593357271954544e-01        -6.3323722955785172e-02         1.3652791598860607e-04         9.0174719717659169e-03        -4.5231965984063038e-02
10                                     1.1071374671423280e-02         1.3600913647505937e-02        -6.2231211587427708e-05        -7.6944005519549802e-02        -1.6604432921266724e-01        -3.8405653504044725e-05        -5.4585392903087358e-02        -8.6517370701519408e-02
11                                    -6.1294992489172674e-05        -5.8042214948316481e-05         1.0849558694098170e-02         1.1135401627121162e-05        -1.7795757941351610e-04        -5.0909496982764257e-02        -4.8125510556621514e-05         4.0589450967669607e-05
12                                     1.0099043939486105e-03        -3.7494323894318666e-03         2.6244033480147655e-05        -4.5634744442022764e-02         3.3671813682361260e-03         5.2974716138448272e-06         4.8385958343357127e-03         9.9842050061036691e-03
13                                    -3.7495748109070020e-03        -2.1104927910612372e-03        -1.0450741947910428e-05        -1.0808998438304683e-02         1.8432009762205513e-02         3.4314259772696379e-05        -1.9550387976118989e-03        -1.8421446723800600e-03
14                                     7.0081703223221417e-06        -6.3598398092261653e-05         8.3511393540244387e-03         8.5798242818760346e-05         1.6397646133863169e-04         1.1262289416935790e-03         5.9518468287601535e-05        -7.7184465200303760e-05
15                                    -5.3483903652583077e-02        -3.1172942229521893e-02        -2.9525267367302619e-04         1.2199123163626816e-02         2.6306010979851652e-02         4.5955922543122464e-04        -7.0736348153537226e-03         6.6582355741401809e-03
16                                    -2.8176841737863223e-02        -3.0490153033643697e-01        -3.5128231210964436e-03        -1.0580973072187909e-02        -1.5761342411745639e-02        -1.4079198940251372e-04         6.1174120976866773e-03        -9.9456034181230005e-04
17                                    -2.7935819568896097e-04        -3.5429974236728928e-03        -4.5654594316201752e-02        -7.0679483690164180e-05         1.2541092829496578e-04        -4.5257838090955998e-03        -3.8103498260937180e-05         3.3047090966616981e-05
18                                    -1.1117917654460036e-01        -3.5661786942970924e-02        -1.1554562602090342e-01        -1.8465396157322241e-02        -9.6854448351897174e-03        -2.6293576442214979e-02         2.5074879577110317e-03        -8.9902399758694067e-04
19                                    -3.5476452949549375e-02        -6.4684136479899207e-02        -5.8796022174746734e-02         6.4224298556018562e-03         3.8437121011832011e-03         1.5396667997054882e-02         5.2314825629341913e-05        -5.2792928965555378e-04
20                                    -1.1375862769268733e-01        -5.8933028957356165e-02        -2.2075459059286964e-01         1.4750572540010061e-03        -3.9264827752484403e-04         9.7985777862428765e-04         1.8556646997746088e-04         7.7831712778983833e-04
21                                    -1.1496479266393268e-01        -3.9632625758064310e-02         1.1629884138787336e-01        -1.8877332505192874e-02        -1.0351503042096612e-02         2.5762047393607886e-02         2.6293897149022210e-03        -9.3460520052024432e-04
22                                    -3.9576563902854800e-02        -6.8059590026025685e-02         6.2315778915335865e-02         6.6800440011060471e-03         4.2438507387463345e-03        -1.5166805638631865e-02         2.0599202556745056e-05        -4.7745861391474808e-04
23                                     1.1472608782666015e-01         6.2274169233749586e-02        -2.1415535311880801e-01        -1.6604220524151937e-03         4.4097813689274873e-04         9.3513964384362141e-04        -2.0392377573569308e-04        -8.5354074964804835e-04
24                                    -5.7023916324668630e-04        -7.5826235879576306e-04        -4.3548884672351777e-05         1.4069698466804812e-02        -2.7457658955695484e-02        -8.0023579287873302e-05        -6.8352402282869599e-03        -6.2085809691987985e-03
25                                     8.8289676945381315e-04         5.8829681546029508e-04         9.3419647936219782e-06         7.7592849346585779e-03        -1.7924058284690993e-02        -4.7090037462482116e-05        -5.3996141264480175e-03         1.1804370886285328e-03
26                                     3.6925928997234286e-06         5.8121798128885141e-05        -2.9740877325189867e-03         4.9182645756474109e-05         7.5568042168578937e-05        -9.4385668143166530e-03         2.3027062489196077e-05         2.7932249139586412e-06
27                                    -9.2267655431035531e-04        -1.1396831141716130e-03        -1.2959590980524638e-05        -2.6763750678016496e-03         6.2861398998653303e-03         4.6471277938942717e-05         1.1323275294780389e-03        -2.2276968096578142e-04
28                                     5.4171622736982981e-04         5.8154631858397914e-04         1.5652967690989973e-05         2.1831679748317446e-03        -5.0955606895952358e-03        -1.6990116751572546e-05        -2.4382370844723660e-03         1.8605193797743723e-03
29                                    -2.3392645663499671e-07         9.3071939926390074e-07         4.2151992815306740e-04        -2.0700081242398851e-05        -3.6829127610222949e-05        -1.7401607456531912e-04        -2.5172766011206989e-05         1.3217321244408643e-05
30                                    -1.5254797208443872e-04        -2.1042817668231279e-04        -1.6640971792837745e-03         3.1245161825695865e-03         6.8951330230521699e-03         9.9704162000360092e-04         7.0768782105897366e-04        -3.5752559987628765e-03
31                                     2.3950621268332864e-04        -2.0419275231726812e-04         8.8696523793981475e-05        -2.5835828514441782e-03        -6.7226436435539536e-04         5.9831539846562517e-04         7.5420671147392892e-04         9.2285268668948657e-04
32                                     8.6307706165834452e-05         1.7099395919242160e-04        -3.6205420903594567e-04        -1.3542804960948703e-03        -3.0568731028172650e-03         7.3516279409403329e-04        -8.8936403421620291e-04         1.6931181316162183e-03
33                                    -1.6260066028369016e-04        -2.3044850507819453e-04         1.6675028159102551e-03         3.1481109799336880e-03         6.9495107997640535e-03        -1.0137470213330687e-03         7.3753877482057948e-04        -3.5804002314584835e-03
34                                     2.4151871027070079e-04        -1.8538399727990873e-04        -1.0643309787485697e-04        -2.5877561359548299e-03        -6.7277824288769147e-04        -5.9403902892871379e-04         8.1528382284909808e-04         9.3540306315495307e-04
35                                    -9.2842380458204969e-05        -1.6829988927391862e-04        -3.7776478163993539e-04         1.3737042594149235e-03         3.0172249802767961e-03         7.2618836561579893e-04         8.6167989587550287e-04        -1.6704691142043152e-03
                                                         8                           9                          10                          11                          12                          13                          14                          15

0                                      8.1984778108103672e-05        -3.9410654897938741e-02         1.1071374671423280e-02        -6.1294992489172674e-05         1.0099043939486105e-03        -3.7495748109070020e-03         7.0081703223221417e-06        -5.3483903652583077e-02
1                                      1.1522825462903047e-04        -1.3741868947188755e-02         1.3600913647505937e-02        -5.8042214948316481e-05        -3.7494323894318666e-03        -2.1104927910612372e-03        -6.3598398092261653e-05        -3.1172942229521893e-02
2                                      1.4744799140693562e-02         3.7071157804281969e-05        -6.2231211587427708e-05         1.0849558694098170e-02         2.6244033480147655e-05        -1.0450741947910428e-05         8.3511393540244387e-03        -2.9525267367302619e-04
3                                      2.9203432426009942e-05        -2.7593357271954544e-01        -7.6944005519549802e-02         1.1135401627121162e-05        -4.5634744442022764e-02        -1.0808998438304683e-02         8.5798242818760346e-05         1.2199123163626816e-02
4                                     -3.0542813054759514e-04        -6.3323722955785172e-02        -1.6604432921266724e-01        -1.7795757941351610e-04         3.3671813682361260e-03         1.8432009762205513e-02         1.6397646133863169e-04         2.6306010979851652e-02
5                                     -7.9860986019059416e-02         1.3652791598860607e-04        -3.8405653504044725e-05        -5.0909496982764257e-02         5.2974716138448272e-06         3.4314259772696379e-05         1.1262289416935790e-03         4.5955922543122464e-04
6                                     -8.0078785626215234e-05         9.0174719717659169e-03        -5.4585392903087358e-02        -4.8125510556621514e-05         4.8385958343357127e-03        -1.9550387976118989e-03         5.9518468287601535e-05        -7.0736348153537226e-03
7                                      2.8729984001524386e-04        -4.5231965984063038e-02        -8.6517370701519408e-02         4.0589450967669607e-05         9.9842050061036691e-03        -1.8421446723800600e-03        -7.7184465200303760e-05         6.6582355741401809e-03
8                                      3.6735020869453787e-02        -1.8106875412261350e-05        -9.1808105078502071e-06         2.0969976327127091e-02         3.5513629049550896e-05        -2.3204831136701268e-08        -5.6935762695701697e-03        -7.2718359558150632e-05
9                                     -1.8106875412261350e-05         6.3579735366244916e-01         1.1073074961096430e-02        -7.7974134803813697e-06        -1.9089566589084292e-01         4.2643637762205644e-02        -1.4979665913323272e-04        -6.2377498766778914e-04
10                                    -9.1808105078502071e-06         1.1073074961096430e-02         8.3817025622512820e-01         1.2756936918443182e-03         5.1576599580727106e-02        -1.3395443156606812e-01        -9.1643218849456871e-05        -1.8147404106539568e-03
11                                     2.0969976327127091e-02        -7.7974134803813697e-06         1.2756936918443182e-03         5.7357589754397510e-02        -4.0139750893505838e-05        -3.1650086144580466e-05        -5.6367051925243418e-02        -2.1758870706999831e-05
12                                     3.5513629049550896e-05        -1.9089566589084292e-01         5.1576599580727106e-02        -4.0139750893505838e-05         4.9572443029527152e-01         5.3954788515322635e-02        -1.6317109283233572e-06         5.8294935375525071e-04
13                                    -2.3204831136701268e-08         4.2643637762205644e-02        -1.3395443156606812e-01        -3.1650086144580466e-05         5.3954788515322635e-02         5.7141810728484221e-01         7.4089570264543325e-05         3.8916530151594721e-05
14                                    -5.6935762695701697e-03        -1.4979665913323272e-04        -9.1643218849456871e-05        -5.6367051925243418e-02        -1.6317109283233572e-06         7.4089570264543325e-05         5.5192206229288399e-01        -2.9169342622516111e-06
15                                    -7.2718359558150632e-05        -6.2377498766778914e-04        -1.8147404106539568e-03        -2.1758870706999831e-05         5.8294935375525071e-04         3.8916530151594721e-05        -2.9169342622516111e-06         5.4698695834499322e-02
16                                    -9.1601246827548708e-06        -4.4013544051892724e-04         1.8753486920103195e-03         2.2043984535360077e-05         4.7873818152214826e-04         3.0010354927814458e-04         1.9722936039368278e-05         3.1980008562430107e-02
17                                     2.9227949764702383e-03         1.8887035828527730e-05         9.3127765320506653e-06        -3.9783298345626812e-04         3.4346900110643667e-06         5.0578643422466703e-06        -1.3236895536960404e-04         4.1868661957660891e-04
18                                     3.1937417216810959e-03        -3.1689634550757127e-03         3.1531440082582657e-03         1.1467659800023671e-03        -6.8203971428447679e-04        -4.8148015497388296e-04         1.5225295668217145e-03        -2.1434328477727867e-03
19                                    -2.0013095830412166e-03         7.2631836821886392e-04        -5.8265138484469561e-04        -5.1842091717489887e-04         2.9227342761593801e-04         3.1461096088268364e-04        -1.6284892566249457e-04        -1.6060253388905401e-02
20                                     8.9064689757090165e-04         5.4198500297385297e-04         3.5561586894625012e-04        -2.2641860223853892e-04         2.2524152498052145e-04        -3.4576769447156736e-06        -2.6724762104741106e-04         2.0970980903206992e-03
21                                    -3.1624743136305796e-03        -3.2805741350292387e-03         3.2811454894785780e-03        -1.0801896717161320e-03        -7.0339837055734288e-04        -5.0113876616826895e-04        -1.4881731579443184e-03        -2.1252122321147437e-03
22                                     1.8879535312350030e-03         8.1055495135536407e-04        -6.3214428170966846e-04         5.3779796780318136e-04         3.0644037852228020e-04         3.2509031787025387e-04         1.8330572571298269e-04        -1.6398514022523583e-02
23                                     8.7005378863329926e-04        -5.5716677363084992e-04        -3.2298204004994890e-04        -2.1355388631233863e-04        -2.5356097901227566e-04         9.7861888031852348e-06        -2.5850858205918336e-04        -2.5954159424352872e-03
24                                     7.9194455715147701e-06        -7.1189099161574343e-02         2.9985336099954671e-02         9.2174666937687479e-05         1.0858331322865520e-03         2.8318253951277073e-02         1.0513622047845670e-04        -2.3994584493812077e-03
25                                     8.3005448307176239e-06         2.7928556394462428e-02        -4.5476720286085076e-01        -1.0584278935437887e-03        -3.4847573134398277e-03        -3.5763781006558550e-03        -3.3531941049522204e-05         5.3079233031387129e-04
26                                     8.1042650229661076e-03         4.7492416889782039e-05        -1.1609602162157345e-03         5.0421268443132713e-03        -8.0723838677368323e-06        -1.6605507937090007e-05        -6.8429811773156211e-03         1.3736959010757608e-05
27                                     1.6902594384197651e-06        -2.9422656713389696e-02        -2.4928975416348070e-02         1.7394946056775165e-04        -1.6967628981143251e-01        -1.2613866538635005e-01         1.2685444196312481e-03         9.2172496910233214e-05
28                                     3.7382495135959410e-06         1.9042506133346203e-02         1.3131384748173422e-02        -1.4629414255577783e-04        -1.3740629229669643e-01        -1.9282679233414529e-01         1.4315121102835044e-03        -9.2077619724451314e-05
29                                     5.8461708017357888e-04        -1.1068185855002839e-05        -3.3382041310249776e-05        -2.2843438495378076e-03         1.3314167269356000e-03         1.4205226031059255e-03        -4.7711140153998431e-02        -8.7814873264610516e-07
30                                    -2.6046251931057364e-04        -1.5243422614110968e-02         2.4267321848620398e-02         2.4715748799865093e-02        -4.7713236674594983e-02         9.0687390693312726e-03         1.4600263246400874e-02         1.4031608106937450e-04
31                                    -1.6917289173512496e-04         1.0185465323019359e-02        -1.2252141456648094e-02        -8.2689163168251402e-03         1.2053267645275575e-02        -1.2979826646208886e-01        -1.1918259083118332e-01         6.1425338431488822e-06
