
$orca_hessian_file

$act_atom
  0

$act_coord
  0

$act_energy
        0.000000

$multiplicity
  1

$hessian
9
                    0                  1                  2                  3                  4        
    0      2.7949298234E-01  -2.5201934326E-07  -1.7049424783E-09  -1.3974976905E-01   1.3174085558E-01
    1     -2.5201934326E-07   2.9529241848E-01   2.0106003665E-09   1.0304829016E-01  -1.4764297835E-01
    2     -1.7049424783E-09   2.0106003665E-09   2.4933870640E-03   1.5650282646E-09  -1.8264951380E-09
    3     -1.3974976905E-01   1.0304829016E-01   1.5650282646E-09   1.5506227880E-01  -1.1739422174E-01
    4      1.3174085558E-01  -1.4764297835E-01  -1.8264951380E-09  -1.1739422174E-01   1.3733252298E-01
    5      1.7586747597E-09  -1.6622046588E-09  -1.2466977826E-03  -1.7587538498E-09   1.6817166975E-09
    6     -1.3974321329E-01  -1.0304802796E-01   1.4395794212E-10  -1.5312509748E-02  -1.4208284418E-02
    7     -1.3174061374E-01  -1.4764944013E-01  -2.0550417232E-10   1.4207582167E-02   1.0310455368E-02
    8     -5.7776009741E-11  -3.2699676390E-10  -1.2466892814E-03   1.9517707331E-10   1.2854168689E-10
                    5                  6                  7                  8        
     0      1.7586747597E-09  -1.3974321329E-01  -1.3174061374E-01  -5.7776009741E-11
     1     -1.6622046588E-09  -1.0304802796E-01  -1.4764944013E-01  -3.2699676390E-10
     2     -1.2466977826E-03   1.4395794212E-10  -2.0550417232E-10  -1.2466892814E-03
     3     -1.7587538498E-09  -1.5312509748E-02   1.4207582167E-02   1.9517707331E-10
     4      1.6817166975E-09  -1.4208284418E-02   1.0310455368E-02   1.2854168689E-10
     5      1.5992226234E-03  -1.3723980256E-12  -3.2752851390E-12  -3.5252484080E-04
     6     -1.3723980256E-12   1.5505572304E-01   1.1739467197E-01  -1.3999330383E-10
     7     -3.2752851390E-12   1.1739467197E-01   1.3733898477E-01   2.0361726723E-10
     8     -3.5252484080E-04  -1.3999330383E-10   2.0361726723E-10   1.5992141222E-03

$vibrational_frequencies
9
    0        0.0000000000000000
    1        0.0000000000000000
    2        0.0000000000000000
    3        0.0000000000000000
    4        0.0000000000000000
    5        0.0000000000000000
    6     1223.0800992438080357
    7     2661.5689317924056922
    8     2679.5051636770176628

$normal_modes
9 9
                    0                  1                  2                  3                  4        
    0      0.0000000000E+00   0.0000000000E+00   0.0000000000E+00   0.0000000000E+00   0.0000000000E+00
    1      0.0000000000E+00   0.0000000000E+00   0.0000000000E+00   0.0000000000E+00   0.0000000000E+00
    2      0.0000000000E+00   0.0000000000E+00   0.0000000000E+00   0.0000000000E+00   0.0000000000E+00
    3      0.0000000000E+00   0.0000000000E+00   0.0000000000E+00   0.0000000000E+00   0.0000000000E+00
    4      0.0000000000E+00   0.0000000000E+00   0.0000000000E+00   0.0000000000E+00   0.0000000000E+00
    5      0.0000000000E+00   0.0000000000E+00   0.0000000000E+00   0.0000000000E+00   0.0000000000E+00
    6      0.0000000000E+00   0.0000000000E+00   0.0000000000E+00   0.0000000000E+00   0.0000000000E+00
    7      0.0000000000E+00   0.0000000000E+00   0.0000000000E+00   0.0000000000E+00   0.0000000000E+00
    8      0.0000000000E+00   0.0000000000E+00   0.0000000000E+00   0.0000000000E+00   0.0000000000E+00
                    5                  6                  7                  8        
     0      0.0000000000E+00   4.4269244894E-07   1.3577062663E-08   3.2203014348E-02
     1      0.0000000000E+00  -3.1933643414E-02  -2.9924082127E-02   7.5601042506E-08
     2      0.0000000000E+00  -2.2024830403E-10  -2.0638585822E-10  -1.9473408995E-10
     3      0.0000000000E+00   4.9151622537E-01  -5.2258444855E-01  -5.1213061747E-01
     4      0.0000000000E+00   5.0784045748E-01   4.7586283328E-01   4.8704835464E-01
     5      0.0000000000E+00   5.3032064278E-10   6.4421318149E-09   6.4560628255E-09
     6      0.0000000000E+00  -4.9153030544E-01   5.2258401673E-01  -5.1210414444E-01
     7      0.0000000000E+00   5.0782681221E-01   4.7588922325E-01  -4.8705075917E-01
     8      0.0000000000E+00   6.4747992311E-09   1.2208402059E-10  -2.6243763358E-10

#
# The atoms: label  mass x y z (in bohrs)
#
$atoms
3
 S     32.06000      0.000001424474    -0.103742492353    -0.000000000716
 H      1.00800     -1.843811239784     1.649768448303     0.000000022528
 H      1.00800      1.843765933596     1.649819155703     0.000000000229

$actual_temperature
  0.000000

$frequency_scale_factor
  1.000000

$dipole_derivatives
9
   -1.1756057772E-01   -2.0060341045E-06   -7.6990325300E-10
   -2.6817500769E-06    1.1309626970E-02    1.8029017772E-09
   -3.5445446229E-10    1.8720219380E-09   -2.6498243022E-01
    5.9063605051E-02   -2.9880619102E-03    2.3993971738E-10
    6.9977994569E-02   -6.1664795870E-03   -1.2603095730E-09
    7.4890694670E-10   -8.6753074278E-10    1.3252932539E-01
    5.9065457830E-02    2.9899651607E-03    7.4189872257E-10
   -6.9976251298E-02   -6.1683147810E-03   -4.0318588902E-10
   -6.6563259416E-10   -1.5587163415E-09    1.3252929081E-01

#
# The IR spectrum
#  wavenumber eps Int TX TY TZ
#
$ir_spectrum
9
      0.00   0.00000000   0.00000000     0.000000     0.000000     0.000000
      0.00   0.00000000   0.00000000     0.000000     0.000000     0.000000
      0.00   0.00000000   0.00000000     0.000000     0.000000     0.000000
      0.00   0.00000000   0.00000000     0.000000     0.000000     0.000000
      0.00   0.00000000   0.00000000     0.000000     0.000000     0.000000
      0.00   0.00000000   0.00000000     0.000000     0.000000     0.000000
   1223.08   0.00001697   0.08576166     0.000000    -0.002081    -0.000000
   2661.57   0.00000177   0.00895302     0.000000    -0.000456     0.000000
   2679.51   0.00000280   0.01413014     0.000571    -0.000000    -0.000000


$end

