*************************************************
******************* ORCA 6.0.0 ******************
*************************************************
$Calculation_Status
   &GeometryIndex 1
   &ListStatus       OUT
   &VERSION [&Type "String"] "6.0.0"
   &PROGNAME [&Type "String"] "LeanSCF"
   &STATUS [&Type "String"] "NORMAL TERMINATION"
$End
$Geometry
   &GeometryIndex 1
   &ListStatus       OUT
   &NATOMS [&Type "Integer"] 3
   &NCORELESSECP [&Type "Integer"] 0
   &NGHOSTATOMS [&Type "Integer"] 0
   &CartesianCoordinates [&Type "Coordinates", &Dim(3,4), &Units "Bohr"] 
              S     -0.000000016441   -0.116508027997    0.000000000000
              H     -1.843812680698    1.637002912659    0.000000023244
              H      1.843764492682    1.637053620059    0.000000000945
$End
$SCF_Energy
   &GeometryIndex 1
   &ListStatus       OUT
   &SCF_ENERGY [&Type "Double"]      -3.9937311411122715e+02
$End
$DFT_Energy
   &GeometryIndex 1
   &ListStatus       OUT
   &NALPHAEL [&Type "Integer"] 9
   &NBETAEL [&Type "Integer"] 9
   &NTOTALEL [&Type "Integer"] 18
   &EEXCHANGE [&Type "Double"]      -2.5722920288891856e+01
   &ECORR [&Type "Double"]      -6.5551353948396862e-01
   &ECNL [&Type "Double"]       0.0000000000000000e+00
   &EXC [&Type "Double"]      -2.6378433828375826e+01
   &EEMBED [&Type "Double"]       0.0000000000000000e+00
   &FINALEN [&Type "Double"]      -3.9937311411122715e+02  "No Van der Waals correction"
$End
$Mulliken_Population_Analysis
   &GeometryIndex 1
   &ListStatus       OUT
   &NATOMS [&Type "Integer"] 3
   &ATNO [&Type "ArrayOfIntegers", &Dim (3,1)] 
                                                         0

0                                                       16
1                                                        1
2                                                        1
   &ATOMICCHARGES [&Type "ArrayOfDoubles", &Dim (3,1)] 
                                                         0

0                                     -3.2757607464279914e-01
1                                      1.6378803498623273e-01
2                                      1.6378803965651456e-01
$End
$Loewdin_Population_Analysis
   &GeometryIndex 1
   &ListStatus       OUT
   &NATOMS [&Type "Integer"] 3
   &ATNO [&Type "ArrayOfIntegers", &Dim (3,1)] 
                                                         0

0                                                       16
1                                                        1
2                                                        1
   &ATOMICCHARGES [&Type "ArrayOfDoubles", &Dim (3,1)] 
                                                         0

0                                     -6.3212295382541583e-02
1                                      3.1606141540391874e-02
2                                      3.1606153842088758e-02
$End
$Mayer_Population_Analysis
   &GeometryIndex 1
   &ListStatus       OUT
   &NATOMS [&Type "Integer"] 3 "Total number of atoms"
   &BONDTHRESH [&Type "Double"]       1.0000000000000001e-01  "The threshold for printing"
   &NBONDORDERSPRINT [&Type "Integer"] 2 "The number of bond orders larger than threshold"
   &BONDORDERS [&Type "ArrayOfDoubles", &Dim (2,1)] "The bond orders"
                                                         0

0                                      9.6858740443316382e-01
1                                      9.6858740519131337e-01
   &COMPONENTS [&Type "ArrayOfIntegers", &Dim (2,4)] "The indices and atomic numbers of the bonding atoms"
                                                         0                           1                           2                           3

0                                                        0                          16                           1                           1
1                                                        0                          16                           2                           1
   &ATNO [&Type "ArrayOfIntegers", &Dim (3,1)] "Atomic number of the elements"
                                                         0

0                                                       16
1                                                        1
2                                                        1
   &NA [&Type "ArrayOfDoubles", &Dim (3,1)] "Mulliken gross atomic population"
                                                         0

0                                      1.6327576074642788e+01
1                                      8.3621196501376704e-01
2                                      8.3621196034348499e-01
   &ZA [&Type "ArrayOfDoubles", &Dim (3,1)] "Total nuclear charge"
                                                         0

0                                      1.6000000000000000e+01
1                                      1.0000000000000000e+00
2                                      1.0000000000000000e+00
   &QA [&Type "ArrayOfDoubles", &Dim (3,1)] "Mulliken gross atomic charge"
                                                         0

0                                     -3.2757607464278848e-01
1                                      1.6378803498623296e-01
2                                      1.6378803965651501e-01
   &VA [&Type "ArrayOfDoubles", &Dim (3,1)] "Mayer's total valence"
                                                         0

0                                      1.9371748096243528e+00
1                                      9.6742435750691658e-01
2                                      9.6742435826506679e-01
   &BVA [&Type "ArrayOfDoubles", &Dim (3,1)] "Mayer's bonded valence"
                                                         0

0                                      1.9371748096244772e+00
1                                      9.6742435750692357e-01
2                                      9.6742435826507311e-01
   &FA [&Type "ArrayOfDoubles", &Dim (3,1)] "Mayer's free valence"
                                                         0

0                                      0.0000000000000000e+00
1                                      0.0000000000000000e+00
2                                      0.0000000000000000e+00
$End
$VdW_Correction
   &GeometryIndex 1
   &ListStatus       OUT
   &VDW [&Type "Double"]      -1.9076946984875862e-04
$End
$Calculation_Info
   &GeometryIndex 1
   &ListStatus       OUT
   &MULT [&Type "Integer"] 1
   &CHARGE [&Type "Integer"] 0
   &NUMOFATOMS [&Type "Integer"] 3
   &NUMOFELECTRONS [&Type "Integer"] 18
   &NUMOFFCELECTRONS [&Type "Integer"] 1
   &NUMOFCORRELECTRONS [&Type "Integer"] 0
   &NUMOFBASISFUNCTS [&Type "Integer"] 49
   &NUMOFAUXCBASISFUNCTS [&Type "Integer"] 0
   &NUMOFAUXJBASISFUNCTS [&Type "Integer"] 64
   &NUMOFAUXJKBASISFUNCTS [&Type "Integer"] 0
   &NUMOFCABSBASISFUNCTS [&Type "Integer"] 0
   &TOTALENERGY [&Type "Double"]      -3.9936822440609700e+02  "Hartrees"
$End
$SCF_Dipole_Moment
   &GeometryIndex 1
   &ListStatus       OUT
   &METHOD [&Type "String"] "SCF"
   &LEVEL [&Type "String"] "Relaxed density"
   &MULT [&Type "Integer"] 1
   &STATE [&Type "Integer"] -1
   &IRREP [&Type "Integer"] 0
   &NATOMS [&Type "Integer"] 3
   &DODIPOLEATOM [&Type "Boolean"] false
   &DIPOLEELECCONTRIB [&Type "ArrayOfDoubles", &Dim (3,1)] "Electronic contribution"
                                                         0

0                                      1.6114484000013911e-05
1                                     -1.1738698730690940e+00
2                                     -8.8338498175750850e-09
   &DIPOLENUCCONTRIB [&Type "ArrayOfDoubles", &Dim (3,1)] "Nuclear contribution"
                                                         0

0                                     -2.2514603132517408e-05
1                                      1.6397077263575506e+00
2                                      1.1309134514192021e-08
   &DIPOLETOTAL [&Type "ArrayOfDoubles", &Dim (3,1)] "Total"
                                                         0

0                                     -6.4001191325034970e-06
1                                      4.6583785328845662e-01
2                                      2.4752846966169359e-09
   &DIPOLEMAGNITUDE [&Type "Double", &Units "a.u."]       4.6583785333242206e-01
$End
$THERMOCHEMISTRY_Energies
   &GeometryIndex 1
   &ListStatus       OUT
   &TEMPERATURE [&Type "Double"]       2.9814999999999998e+02
   &PRESSURE [&Type "Double"]       1.0000000000000000e+00
   &TOTALMASS [&Type "Double"]       3.4076000000000008e+01
   &SPINDEGENERACY [&Type "Integer"] 1
   &ELENERGY [&Type "Double"]      -3.9936822440609700e+02
   &TRANSENERGY [&Type "Double"]       1.4162714244859817e-03
   &ROTENERGY [&Type "Double"]       1.4162714244859817e-03
   &VIBENERGY [&Type "Double"]       1.5338520975255874e-05
   &NUMOFFREQS [&Type "Integer"] 9
   &FREQSCALINGFACTOR [&Type "Double"]       1.0000000000000000e+00
   &FREQ [&Type "ArrayOfDoubles", &Dim (9,1)] "In cm^-1"
                                                         0

0                                      0.0000000000000000e+00
1                                      0.0000000000000000e+00
2                                      0.0000000000000000e+00
3                                      0.0000000000000000e+00
4                                      0.0000000000000000e+00
5                                      0.0000000000000000e+00
6                                      1.2230800992438080e+03
7                                      2.6615689317924057e+03
8                                      2.6795051636770177e+03
   &ZPE [&Type "Double"]       1.4954243601688198e-02
   &INNERENERGYU [&Type "Double"]      -3.9935042228112536e+02
   &ENTHALPYH [&Type "Double"]      -3.9934947807208312e+02
   &QEL [&Type "Double"]       0.0000000000000000e+00
   &QROT [&Type "Double"]       5.9934247591008471e-03
   &QVIB [&Type "Double"]       1.7933743102918045e-05
   &QTRANS [&Type "Double"]       1.7346517073918384e-02
   &ENTROPYS [&Type "Double"]       2.3357875576122150e-02
   &FREEENERGYG [&Type "Double"]      -3.9937283594765921e+02
   &ISLINEAR [&Type "Boolean"] false
$End
$Hessian
   &GeometryIndex 1
   &ListStatus       OUT
   &HESSIAN [&Type "ArrayOfDoubles", &Dim (9,9)] "The Hessian"
                                                         0                           1                           2                           3                           4                           5                           6                           7

0                                      2.7949298234144954e-01        -2.5201934325536079e-07        -1.7049424783438609e-09        -1.3974976905257852e-01         1.3174085557935705e-01         1.7586747597036177e-09        -1.3974321328887102e-01        -1.3174061374128959e-01
1                                     -2.5201934325536079e-07         2.9529241848066784e-01         2.0106003665003724e-09         1.0304829015785938e-01        -1.4764297834690143e-01        -1.6622046587764071e-09        -1.0304802795724033e-01        -1.4764944013376641e-01
2                                     -1.7049424783438609e-09         2.0106003665003724e-09         2.4933870640278699e-03         1.5650282646051544e-09        -1.8264951380076413e-09        -1.2466977825914107e-03         1.4395794211953339e-10        -2.0550417231847603e-10
3                                     -1.3974976905257852e-01         1.0304829015785938e-01         1.5650282646051544e-09         1.5506227880018356e-01        -1.1739422174291089e-01        -1.7587538497959188e-09        -1.5312509747605042e-02         1.4207582167052146e-02
4                                      1.3174085557935705e-01        -1.4764297834690143e-01        -1.8264951380076413e-09        -1.1739422174291089e-01         1.3733252297863630e-01         1.6817166975161111e-09        -1.4208284418446793e-02         1.0310455368265133e-02
5                                      1.7586747597036177e-09        -1.6622046587764071e-09        -1.2466977825914107e-03        -1.7587538497959188e-09         1.6817166975161111e-09         1.5992226233927972e-03        -1.3723980255808373e-12        -3.2752851390284326e-12
6                                     -1.3974321328887102e-01        -1.0304802795724033e-01         1.4395794211953339e-10        -1.5312509747605042e-02        -1.4208284418446793e-02        -1.3723980255808373e-12         1.5505572303647605e-01         1.1739467197496228e-01
7                                     -1.3174061374128959e-01        -1.4764944013376641e-01        -2.0550417231847603e-10         1.4207582167052146e-02         1.0310455368265133e-02        -3.2752851390284326e-12         1.1739467197496228e-01         1.3733898476550127e-01
8                                     -5.7776009740583523e-11        -3.2699676389822047e-10        -1.2466892814364593e-03         1.9517707330864616e-10         1.2854168689085476e-10        -3.5252484080138652e-04        -1.3999330383100759e-10         2.0361726723243509e-10
                                                         8

0                                     -5.7776009740583523e-11
1                                     -3.2699676389822047e-10
2                                     -1.2466892814364593e-03
3                                      1.9517707330864616e-10
4                                      1.2854168689085476e-10
5                                     -3.5252484080138652e-04
6                                     -1.3999330383100759e-10
7                                      2.0361726723243509e-10
8                                      1.5992141222378458e-03
   &MODES [&Type "ArrayOfDoubles", &Dim (9,9)] "The modes of vibrations"
                                                         0                           1                           2                           3                           4                           5                           6                           7

0                                      0.0000000000000000e+00         0.0000000000000000e+00         0.0000000000000000e+00         0.0000000000000000e+00         0.0000000000000000e+00         0.0000000000000000e+00         4.3416548504781703e-07         1.3340334173878544e-08
1                                      0.0000000000000000e+00         0.0000000000000000e+00         0.0000000000000000e+00         0.0000000000000000e+00         0.0000000000000000e+00         0.0000000000000000e+00        -3.1318550418727137e-02        -2.9402328422057276e-02
2                                      0.0000000000000000e+00         0.0000000000000000e+00         0.0000000000000000e+00         0.0000000000000000e+00         0.0000000000000000e+00         0.0000000000000000e+00        -2.1600596979023516e-10        -2.0278733226735996e-10
3                                      0.0000000000000000e+00         0.0000000000000000e+00         0.0000000000000000e+00         0.0000000000000000e+00         0.0000000000000000e+00         0.0000000000000000e+00         4.8204883753054034e-01        -5.1347271136185768e-01
4                                      0.0000000000000000e+00         0.0000000000000000e+00         0.0000000000000000e+00         0.0000000000000000e+00         0.0000000000000000e+00         0.0000000000000000e+00         4.9805863885291851e-01         4.6756573012317348e-01
5                                      0.0000000000000000e+00         0.0000000000000000e+00         0.0000000000000000e+00         0.0000000000000000e+00         0.0000000000000000e+00         0.0000000000000000e+00         5.2010581986163705e-10         6.3298073624481493e-09
6                                      0.0000000000000000e+00         0.0000000000000000e+00         0.0000000000000000e+00         0.0000000000000000e+00         0.0000000000000000e+00         0.0000000000000000e+00        -4.8206264640499535e-01         5.1347228706511794e-01
7                                      0.0000000000000000e+00         0.0000000000000000e+00         0.0000000000000000e+00         0.0000000000000000e+00         0.0000000000000000e+00         0.0000000000000000e+00         4.9804525640937491e-01         4.6759165996725938e-01
8                                      0.0000000000000000e+00         0.0000000000000000e+00         0.0000000000000000e+00         0.0000000000000000e+00         0.0000000000000000e+00         0.0000000000000000e+00         6.3500842526545774e-09         1.1995537417964721e-10
                                                         8

0                                      3.1574587583981899e-02
1                                      7.4125723518592017e-08
2                                     -1.9093394525594062e-10
3                                     -5.0213662798381486e-01
4                                      4.7754383377786752e-01
5                                      6.3300757788040159e-09
6                                     -5.0211067156227607e-01
7                                     -4.7754619138768489e-01
8                                     -2.5731628590160711e-10
$End
