*************************************************
******************* ORCA 6.0.0 ******************
*************************************************
$Calculation_Status
   &GeometryIndex 1
   &ListStatus       OUT
   &VERSION [&Type "String"] "6.0.0"
   &PROGNAME [&Type "String"] "LeanSCF"
   &STATUS [&Type "String"] "NORMAL TERMINATION"
$End
$Geometry
   &GeometryIndex 1
   &ListStatus       OUT
   &NATOMS [&Type "Integer"] 3
   &NCORELESSECP [&Type "Integer"] 0
   &NGHOSTATOMS [&Type "Integer"] 0
   &CartesianCoordinates [&Type "Coordinates", &Dim(3,4), &Units "Bohr"] 
              S      0.000000006803   -0.116434498375   -0.000000000000
              H     -1.833523549544    1.640007853679   -0.000000003402
              H      1.833525244061    1.640006102470    0.000000000756
$End
$SCF_Energy
   &GeometryIndex 1
   &ListStatus       OUT
   &SCF_ENERGY [&Type "Double"]      -3.9937314730277899e+02
$End
$DFT_Energy
   &GeometryIndex 1
   &ListStatus       OUT
   &NALPHAEL [&Type "Integer"] 9
   &NBETAEL [&Type "Integer"] 9
   &NTOTALEL [&Type "Integer"] 18
   &EEXCHANGE [&Type "Double"]      -2.5724717771560663e+01
   &ECORR [&Type "Double"]      -6.5559191915897075e-01
   &ECNL [&Type "Double"]       0.0000000000000000e+00
   &EXC [&Type "Double"]      -2.6380309690719635e+01
   &EEMBED [&Type "Double"]       0.0000000000000000e+00
   &FINALEN [&Type "Double"]      -3.9937314730277899e+02  "No Van der Waals correction"
$End
$Mulliken_Population_Analysis
   &GeometryIndex 1
   &ListStatus       OUT
   &NATOMS [&Type "Integer"] 3
   &ATNO [&Type "ArrayOfIntegers", &Dim (3,1)] 
                                                         0

0                                                       16
1                                                        1
2                                                        1
   &ATOMICCHARGES [&Type "ArrayOfDoubles", &Dim (3,1)] 
                                                         0

0                                     -3.2701191422348685e-01
1                                      1.6350595703801996e-01
2                                      1.6350595718544292e-01
$End
$Loewdin_Population_Analysis
   &GeometryIndex 1
   &ListStatus       OUT
   &NATOMS [&Type "Integer"] 3
   &ATNO [&Type "ArrayOfIntegers", &Dim (3,1)] 
                                                         0

0                                                       16
1                                                        1
2                                                        1
   &ATOMICCHARGES [&Type "ArrayOfDoubles", &Dim (3,1)] 
                                                         0

0                                     -6.1517898998157960e-02
1                                      3.0758949226524113e-02
2                                      3.0758949771602317e-02
$End
$Mayer_Population_Analysis
   &GeometryIndex 1
   &ListStatus       OUT
   &NATOMS [&Type "Integer"] 3 "Total number of atoms"
   &BONDTHRESH [&Type "Double"]       1.0000000000000001e-01  "The threshold for printing"
   &NBONDORDERSPRINT [&Type "Integer"] 2 "The number of bond orders larger than threshold"
   &BONDORDERS [&Type "ArrayOfDoubles", &Dim (2,1)] "The bond orders"
                                                         0

0                                      9.6895600967721018e-01
1                                      9.6895600991366426e-01
   &COMPONENTS [&Type "ArrayOfIntegers", &Dim (2,4)] "The indices and atomic numbers of the bonding atoms"
                                                         0                           1                           2                           3

0                                                        0                          16                           1                           1
1                                                        0                          16                           2                           1
   &ATNO [&Type "ArrayOfIntegers", &Dim (3,1)] "Atomic number of the elements"
                                                         0

0                                                       16
1                                                        1
2                                                        1
   &NA [&Type "ArrayOfDoubles", &Dim (3,1)] "Mulliken gross atomic population"
                                                         0

0                                      1.6327011914223483e+01
1                                      8.3649404296197993e-01
2                                      8.3649404281455697e-01
   &ZA [&Type "ArrayOfDoubles", &Dim (3,1)] "Total nuclear charge"
                                                         0

0                                      1.6000000000000000e+01
1                                      1.0000000000000000e+00
2                                      1.0000000000000000e+00
   &QA [&Type "ArrayOfDoubles", &Dim (3,1)] "Mulliken gross atomic charge"
                                                         0

0                                     -3.2701191422348330e-01
1                                      1.6350595703802007e-01
2                                      1.6350595718544303e-01
   &VA [&Type "ArrayOfDoubles", &Dim (3,1)] "Mayer's total valence"
                                                         0

0                                      1.9379120195908410e+00
1                                      9.6752760446164687e-01
2                                      9.6752760469809851e-01
   &BVA [&Type "ArrayOfDoubles", &Dim (3,1)] "Mayer's bonded valence"
                                                         0

0                                      1.9379120195908746e+00
1                                      9.6752760446164709e-01
2                                      9.6752760469810117e-01
   &FA [&Type "ArrayOfDoubles", &Dim (3,1)] "Mayer's free valence"
                                                         0

0                                      0.0000000000000000e+00
1                                      0.0000000000000000e+00
2                                      0.0000000000000000e+00
$End
$VdW_Correction
   &GeometryIndex 1
   &ListStatus       OUT
   &VDW [&Type "Double"]      -1.9077864390592777e-04
$End
$Calculation_Info
   &GeometryIndex 1
   &ListStatus       OUT
   &MULT [&Type "Integer"] 1
   &CHARGE [&Type "Integer"] 0
   &NUMOFATOMS [&Type "Integer"] 3
   &NUMOFELECTRONS [&Type "Integer"] 18
   &NUMOFFCELECTRONS [&Type "Integer"] 1
   &NUMOFCORRELECTRONS [&Type "Integer"] 0
   &NUMOFBASISFUNCTS [&Type "Integer"] 49
   &NUMOFAUXCBASISFUNCTS [&Type "Integer"] 0
   &NUMOFAUXJBASISFUNCTS [&Type "Integer"] 64
   &NUMOFAUXJKBASISFUNCTS [&Type "Integer"] 0
   &NUMOFCABSBASISFUNCTS [&Type "Integer"] 0
   &TOTALENERGY [&Type "Double"]      -3.9936826613072287e+02  "Hartrees"
$End
$SCF_Dipole_Moment
   &GeometryIndex 1
   &ListStatus       OUT
   &METHOD [&Type "String"] "SCF"
   &LEVEL [&Type "String"] "Relaxed density"
   &MULT [&Type "Integer"] 1
   &STATE [&Type "Integer"] -1
   &IRREP [&Type "Integer"] 0
   &NATOMS [&Type "Integer"] 3
   &DODIPOLEATOM [&Type "Boolean"] false
   &DIPOLEELECCONTRIB [&Type "ArrayOfDoubles", &Dim (3,1)] "Electronic contribution"
                                                         0

0                                     -5.6269332622516620e-07
1                                     -1.1766999212877440e+00
2                                      1.2746973424360677e-09
   &DIPOLENUCCONTRIB [&Type "ArrayOfDoubles", &Dim (3,1)] "Nuclear contribution"
                                                         0

0                                      7.8589854957122895e-07
1                                      1.6424243222676995e+00
2                                     -1.2369365874897517e-09
   &DIPOLETOTAL [&Type "ArrayOfDoubles", &Dim (3,1)] "Total"
                                                         0

0                                      2.2320522334606276e-07
1                                      4.6572440097995549e-01
2                                      3.7760754946316014e-11
   &DIPOLEMAGNITUDE [&Type "Double", &Units "a.u."]       4.6572440098000895e-01
$End
$THERMOCHEMISTRY_Energies
   &GeometryIndex 1
   &ListStatus       OUT
   &TEMPERATURE [&Type "Double"]       2.9814999999999998e+02
   &PRESSURE [&Type "Double"]       1.0000000000000000e+00
   &TOTALMASS [&Type "Double"]       3.4076000000000008e+01
   &SPINDEGENERACY [&Type "Integer"] 1
   &ELENERGY [&Type "Double"]      -3.9936826613072287e+02
   &TRANSENERGY [&Type "Double"]       1.4162714244859817e-03
   &ROTENERGY [&Type "Double"]       1.4162714244859817e-03
   &VIBENERGY [&Type "Double"]       1.5432803850348763e-05
   &NUMOFFREQS [&Type "Integer"] 9
   &FREQSCALINGFACTOR [&Type "Double"]       1.0000000000000000e+00
   &FREQ [&Type "ArrayOfDoubles", &Dim (9,1)] "In cm^-1"
                                                         0

0                                      0.0000000000000000e+00
1                                      0.0000000000000000e+00
2                                      0.0000000000000000e+00
3                                      0.0000000000000000e+00
4                                      0.0000000000000000e+00
5                                      0.0000000000000000e+00
6                                      1.2214634571811741e+03
7                                      2.6825873377084176e+03
8                                      2.6991369231075300e+03
   &ZPE [&Type "Double"]       1.5043168510900352e-02
   &INNERENERGYU [&Type "Double"]      -3.9935037498655913e+02
   &ENTHALPYH [&Type "Double"]      -3.9934943077751689e+02
   &QEL [&Type "Double"]       0.0000000000000000e+00
   &QROT [&Type "Double"]       5.9876001723512748e-03
   &QVIB [&Type "Double"]       1.8047914604079360e-05
   &QTRANS [&Type "Double"]       1.7346517073918384e-02
   &ENTROPYS [&Type "Double"]       2.3352165160873739e-02
   &FREEENERGYG [&Type "Double"]      -3.9937278294267776e+02
   &ISLINEAR [&Type "Boolean"] false
$End
$Hessian
   &GeometryIndex 1
   &ListStatus       OUT
   &HESSIAN [&Type "ArrayOfDoubles", &Dim (9,9)] "The Hessian"
                                                         0                           1                           2                           3                           4                           5                           6                           7

0                                      2.8154107714726095e-01         8.5581323069905402e-09         3.1518415752978094e-10        -1.4077042352447328e-01         1.3404693551418176e-01        -2.6433481887811858e-10        -1.4077065362278768e-01        -1.3404694370971509e-01
1                                      8.5581323069905402e-09         2.9966141665344992e-01        -2.4849699298258287e-10         1.0521188659197499e-01        -1.4983082343280135e-01         2.6814029047051219e-10        -1.0521189551270627e-01        -1.4983059322064854e-01
2                                      3.1518415752978094e-10        -2.4849699298258287e-10         1.7426299773448065e-03        -2.7594784263684516e-10         2.7079039279807075e-10        -8.7131474743291351e-04        -3.9237307301380899e-11        -3.4866799687354026e-11
3                                     -1.4077042352447328e-01         1.0521188659197499e-01        -2.7594784263684516e-10         1.5647707788920551e-01        -1.1962942344956742e-01         2.7874605485522478e-10        -1.5706654364732228e-02         1.4272036038231416e-02
4                                      1.3404693551418176e-01        -1.4983082343280135e-01         2.7079039279807075e-10        -1.1962942344956742e-01         1.3959544623599718e-01        -2.6506801174912833e-10        -1.4272011245253315e-02         1.0235377196804160e-02
5                                     -2.6433481887811858e-10         2.6814029047051219e-10        -8.7131474743291351e-04         2.7874605485522478e-10        -2.6506801174912833e-10         1.0159022782246158e-03        -1.9499922072365305e-11         0.0000000000000000e+00
6                                     -1.4077065362278768e-01        -1.0521189551270627e-01        -3.9237307301380899e-11        -1.5706654364732228e-02        -1.4272011245253315e-02        -1.9499922072365305e-11         1.5647730798751991e-01         1.1962940721472162e-01
7                                     -1.3404694370971509e-01        -1.4983059322064854e-01        -3.4866799687354026e-11         1.4272036038231416e-02         1.0235377196804160e-02         0.0000000000000000e+00         1.1962940721472162e-01         1.3959521602384439e-01
8                                     -5.0848346243217181e-11        -7.0698976160631239e-12        -8.7131522991189302e-04         2.2904738768795634e-12        -8.3817397272165367e-12        -1.4458753079170232e-04         5.3647550870041904e-11         2.5365678536871713e-11
                                                         8

0                                     -5.0848346243217181e-11
1                                     -7.0698976160631239e-12
2                                     -8.7131522991189302e-04
3                                      2.2904738768795634e-12
4                                     -8.3817397272165367e-12
5                                     -1.4458753079170232e-04
6                                      5.3647550870041904e-11
7                                      2.5365678536871713e-11
8                                      1.0159027607035953e-03
   &MODES [&Type "ArrayOfDoubles", &Dim (9,9)] "The modes of vibrations"
                                                         0                           1                           2                           3                           4                           5                           6                           7

0                                      0.0000000000000000e+00         0.0000000000000000e+00         0.0000000000000000e+00         0.0000000000000000e+00         0.0000000000000000e+00         0.0000000000000000e+00         1.5063998830847965e-08         1.4359890919335359e-08
1                                      0.0000000000000000e+00         0.0000000000000000e+00         0.0000000000000000e+00         0.0000000000000000e+00         0.0000000000000000e+00         0.0000000000000000e+00         3.1265080218378552e-02         2.9459179826876371e-02
2                                      0.0000000000000000e+00         0.0000000000000000e+00         0.0000000000000000e+00         0.0000000000000000e+00         0.0000000000000000e+00         0.0000000000000000e+00        -2.3546321680179164e-11        -2.2186229003702920e-11
3                                      0.0000000000000000e+00         0.0000000000000000e+00         0.0000000000000000e+00         0.0000000000000000e+00         0.0000000000000000e+00         0.0000000000000000e+00        -4.8298806919372200e-01         5.1259561873064741e-01
4                                      0.0000000000000000e+00         0.0000000000000000e+00         0.0000000000000000e+00         0.0000000000000000e+00         0.0000000000000000e+00         0.0000000000000000e+00        -4.9720139068554059e-01        -4.6848303107671002e-01
5                                      0.0000000000000000e+00         0.0000000000000000e+00         0.0000000000000000e+00         0.0000000000000000e+00         0.0000000000000000e+00         0.0000000000000000e+00        -1.7312018914798364e-10         9.3396180693965398e-10
6                                      0.0000000000000000e+00         0.0000000000000000e+00         0.0000000000000000e+00         0.0000000000000000e+00         0.0000000000000000e+00         0.0000000000000000e+00         4.8298759007487035e-01        -5.1259607545495556e-01
7                                      0.0000000000000000e+00         0.0000000000000000e+00         0.0000000000000000e+00         0.0000000000000000e+00         0.0000000000000000e+00         0.0000000000000000e+00        -4.9720185514899995e-01        -4.6848254952810814e-01
8                                      0.0000000000000000e+00         0.0000000000000000e+00         0.0000000000000000e+00         0.0000000000000000e+00         0.0000000000000000e+00         0.0000000000000000e+00         9.2202331712001849e-10        -2.2831599911322584e-10
                                                         8

0                                     -3.1469285696943065e-02
1                                      1.5407893664073424e-08
2                                     -3.5677270056732209e-11
3                                      5.0044883102442417e-01
4                                     -4.7940999957604041e-01
5                                      9.2842008808164695e-10
6                                      5.0044928350334816e-01
7                                      4.7940950951942263e-01
8                                      2.0631549505270917e-10
$End
