
$orca_hessian_file

$act_atom
  0

$act_coord
  0

$act_energy
        0.000000

$multiplicity
  1

$hessian
9
                    0                  1                  2                  3                  4        
    0      2.8154107715E-01   8.5581323070E-09   3.1518415753E-10  -1.4077042352E-01   1.3404693551E-01
    1      8.5581323070E-09   2.9966141665E-01  -2.4849699298E-10   1.0521188659E-01  -1.4983082343E-01
    2      3.1518415753E-10  -2.4849699298E-10   1.7426299773E-03  -2.7594784264E-10   2.7079039280E-10
    3     -1.4077042352E-01   1.0521188659E-01  -2.7594784264E-10   1.5647707789E-01  -1.1962942345E-01
    4      1.3404693551E-01  -1.4983082343E-01   2.7079039280E-10  -1.1962942345E-01   1.3959544624E-01
    5     -2.6433481888E-10   2.6814029047E-10  -8.7131474743E-04   2.7874605486E-10  -2.6506801175E-10
    6     -1.4077065362E-01  -1.0521189551E-01  -3.9237307301E-11  -1.5706654365E-02  -1.4272011245E-02
    7     -1.3404694371E-01  -1.4983059322E-01  -3.4866799687E-11   1.4272036038E-02   1.0235377197E-02
    8     -5.0848346243E-11  -7.0698976161E-12  -8.7131522991E-04   2.2904738769E-12  -8.3817397272E-12
                    5                  6                  7                  8        
     0     -2.6433481888E-10  -1.4077065362E-01  -1.3404694371E-01  -5.0848346243E-11
     1      2.6814029047E-10  -1.0521189551E-01  -1.4983059322E-01  -7.0698976161E-12
     2     -8.7131474743E-04  -3.9237307301E-11  -3.4866799687E-11  -8.7131522991E-04
     3      2.7874605486E-10  -1.5706654365E-02   1.4272036038E-02   2.2904738769E-12
     4     -2.6506801175E-10  -1.4272011245E-02   1.0235377197E-02  -8.3817397272E-12
     5      1.0159022782E-03  -1.9499922072E-11  -4.1292004311E-13  -1.4458753079E-04
     6     -1.9499922072E-11   1.5647730799E-01   1.1962940721E-01   5.3647550870E-11
     7     -4.1292004311E-13   1.1962940721E-01   1.3959521602E-01   2.5365678537E-11
     8     -1.4458753079E-04   5.3647550870E-11   2.5365678537E-11   1.0159027607E-03

$vibrational_frequencies
9
    0        0.0000000000000000
    1        0.0000000000000000
    2        0.0000000000000000
    3        0.0000000000000000
    4        0.0000000000000000
    5        0.0000000000000000
    6     1221.4634571811741353
    7     2682.5873377084176354
    8     2699.1369231075300377

$normal_modes
9 9
                    0                  1                  2                  3                  4        
    0      0.0000000000E+00   0.0000000000E+00   0.0000000000E+00   0.0000000000E+00   0.0000000000E+00
    1      0.0000000000E+00   0.0000000000E+00   0.0000000000E+00   0.0000000000E+00   0.0000000000E+00
    2      0.0000000000E+00   0.0000000000E+00   0.0000000000E+00   0.0000000000E+00   0.0000000000E+00
    3      0.0000000000E+00   0.0000000000E+00   0.0000000000E+00   0.0000000000E+00   0.0000000000E+00
    4      0.0000000000E+00   0.0000000000E+00   0.0000000000E+00   0.0000000000E+00   0.0000000000E+00
    5      0.0000000000E+00   0.0000000000E+00   0.0000000000E+00   0.0000000000E+00   0.0000000000E+00
    6      0.0000000000E+00   0.0000000000E+00   0.0000000000E+00   0.0000000000E+00   0.0000000000E+00
    7      0.0000000000E+00   0.0000000000E+00   0.0000000000E+00   0.0000000000E+00   0.0000000000E+00
    8      0.0000000000E+00   0.0000000000E+00   0.0000000000E+00   0.0000000000E+00   0.0000000000E+00
                    5                  6                  7                  8        
     0      0.0000000000E+00   1.5359031130E-08   1.4615492092E-08  -3.2092203363E-02
     1      0.0000000000E+00   3.1877414872E-02   2.9983543205E-02   1.5712884672E-08
     2      0.0000000000E+00  -2.4007482459E-11  -2.2581136332E-11  -3.6383482521E-11
     3      0.0000000000E+00  -4.9244751501E-01   5.2171964634E-01   5.1035494776E-01
     4      0.0000000000E+00  -5.0693920806E-01  -4.7682186964E-01  -4.8889966391E-01
     5      0.0000000000E+00  -1.7651079267E-10   9.5058600934E-10   9.4679766678E-10
     6      0.0000000000E+00   4.9244702650E-01  -5.2172011120E-01   5.1035540920E-01
     7      0.0000000000E+00  -5.0693968162E-01  -4.7682137952E-01   4.8889916415E-01
     8      0.0000000000E+00   9.4008138141E-10  -2.3237994622E-10   2.1039939984E-10

#
# The atoms: label  mass x y z (in bohrs)
#
$atoms
3
 S     32.06000     -0.000000049723    -0.103914368368     0.000000000078
 H      1.00800     -1.833523606070     1.652527983686    -0.000000003323
 H      1.00800      1.833525187535     1.652526232477     0.000000000834

$actual_temperature
  0.000000

$frequency_scale_factor
  1.000000

$dipole_derivatives
9
   -1.1703702986E-01    6.8271293646E-08    4.4602024911E-10
    9.0676187862E-08    9.5331567412E-03   -3.9598513062E-10
   -1.6367709787E-10   -8.0102144606E-10   -2.6448939165E-01
    5.8801770818E-02   -3.9508123156E-03    2.9525250337E-11
    7.0496698401E-02   -5.5589304286E-03    2.9184976923E-10
    4.3727072696E-10    4.2150315229E-10    1.3229777042E-01
    5.8801707761E-02    3.9507473991E-03   -3.7899216009E-10
   -7.0496758502E-02   -5.5588672569E-03   -1.0030704025E-10
   -1.5744800503E-10    8.8495515402E-13    1.3229777134E-01

#
# The IR spectrum
#  wavenumber eps Int TX TY TZ
#
$ir_spectrum
9
      0.00   0.00000000   0.00000000     0.000000     0.000000     0.000000
      0.00   0.00000000   0.00000000     0.000000     0.000000     0.000000
      0.00   0.00000000   0.00000000     0.000000     0.000000     0.000000
      0.00   0.00000000   0.00000000     0.000000     0.000000     0.000000
      0.00   0.00000000   0.00000000     0.000000     0.000000     0.000000
      0.00   0.00000000   0.00000000     0.000000     0.000000     0.000000
   1221.46   0.00001794   0.09063656     0.000000     0.002141    -0.000000
   2682.59   0.00000040   0.00201879     0.000000     0.000216     0.000000
   2699.14   0.00000493   0.02492116    -0.000755     0.000000    -0.000000


$end

