
$orca_hessian_file

$act_atom
  0

$act_coord
  0

$act_energy
        0.000000

$multiplicity
  1

$hessian
48
                    0                  1                  2                  3                  4        
    0      4.6517432986E-01   6.2903640465E-02   2.8017106078E-02  -1.5568259892E-01  -1.0476073206E-03
    1      6.2903640465E-02   5.3097969581E-01   2.4932870183E-02   9.6333792871E-04  -7.8697574052E-02
    2      2.8017106078E-02   2.4932870183E-02   5.5109975952E-01   3.9109696685E-02   1.5010715132E-03
    3     -1.5568259892E-01   9.6333792871E-04   3.9109696685E-02   4.6532772539E-01  -6.2971164180E-02
    4     -1.0476073206E-03  -7.8697574052E-02   1.5010715132E-03  -6.2971164180E-02   5.3082531632E-01
    5      3.9111804585E-02  -1.4585859652E-03  -9.8388255466E-02   2.8049622557E-02  -2.4896755217E-02
    6     -2.4124884920E-02  -2.8738377577E-02  -6.7252043220E-03  -1.0642440752E-01  -3.8837678001E-02
    7     -9.8814862760E-03  -1.0910762447E-03   2.6433942319E-03  -3.9865920320E-02  -1.4015093935E-01
    8      8.7047546260E-03   1.3779278270E-02   4.7382306637E-03  -1.7115809620E-02  -2.6105014681E-02
    9     -1.4525758303E-05   2.0934127698E-03  -1.2224834989E-04   1.4490464951E-02  -1.2710661766E-02
   10      4.4545519281E-04   2.6810129604E-03  -5.6717173546E-04   1.1061046443E-02  -3.4881653634E-02
   11      1.2396796111E-03   7.7278588460E-04   6.0932822377E-04   5.4352582728E-03  -8.4326649422E-03
   12      1.4488944777E-02   1.2766610572E-02   1.0613650110E-03  -1.1601114202E-05  -2.0974699767E-03
   13     -1.1005984749E-02  -3.4881508122E-02  -1.3691368172E-03  -4.4859089596E-04   2.6791352437E-03
   14      5.4277014571E-03   8.4415706782E-03   4.7489718020E-04   1.2404730677E-03  -7.7148244567E-04
   15     -1.0650628062E-01   3.8868216888E-02  -1.5795197793E-02  -2.4170989890E-02   2.8714844159E-02
   16      3.9896058477E-02  -1.4005726698E-01   2.6509074777E-02   9.8579174994E-03  -1.0491729206E-03
   17     -1.7147076590E-02   2.6088319701E-02  -8.7371423946E-02   8.7187645636E-03  -1.3767526321E-02
   18     -4.8391357704E-02  -2.7883806310E-03  -2.7836415489E-02   9.5125377678E-04   2.5947473304E-04
   19     -2.6099601445E-03  -4.8637415758E-02  -8.8239653416E-03  -4.4239055326E-04  -6.0866072310E-04
   20     -2.8256106641E-02  -7.1161019044E-03  -2.8990894156E-01   2.1631996158E-04  -5.0364216540E-04
   21     -1.0843335510E-01  -1.0578613594E-01  -3.0243420021E-02  -1.5609062487E-02  -2.5575932833E-02
   22     -1.0547155132E-01  -2.2305449171E-01  -5.1162330775E-02   9.3362679960E-04   1.1480722255E-03
   23     -3.0956563963E-02  -5.2741349889E-02  -6.3143436103E-02   7.7942907186E-03   1.3178941144E-02
   24     -1.5636900334E-02   2.5556256042E-02  -9.2159146791E-03  -1.0867386980E-01   1.0591186674E-01
   25     -9.5187495432E-04   1.1746005941E-03  -6.2330845188E-04   1.0559711036E-01  -2.2280186719E-01
   26      7.8091222222E-03  -1.3170299064E-02   3.0162109529E-03  -3.1023668797E-02   5.2718180588E-02
   27      9.5073528823E-04  -2.5463916085E-04   3.2641073431E-02  -4.8397562739E-02   2.7866416034E-03
   28      4.4410291682E-04  -6.0840022278E-04   8.5983096134E-04   2.6080968090E-03  -4.8629896543E-02
   29      2.1539279483E-04   5.0300338913E-04  -1.6917492790E-02  -2.8263578910E-02   7.0636127509E-03
   30      9.1724935176E-04   6.1715492815E-04  -1.3510944232E-03  -5.9580977606E-03   1.6627967783E-03
   31      1.7569196457E-03   3.5825117996E-04  -5.7701982381E-04  -9.2667227995E-03   1.2969993620E-03
   32      1.9958499005E-04   2.2385877168E-04   3.7143191915E-04  -2.3376588112E-03  -1.1823440530E-04
   33     -6.6577315387E-04  -3.7056347819E-03  -1.7651183037E-03  -1.3819180467E-02  -1.3513597568E-03
   34     -1.8018874883E-03  -5.1187369607E-03  -2.4653429148E-03  -2.2180068956E-02  -2.3693921844E-03
   35     -1.0985580129E-03  -1.8137847418E-03  -2.6155690457E-04  -1.0522304350E-02  -1.4478036616E-03
   36     -1.4747782369E-04   5.9013555038E-04  -1.0958943866E-04  -2.1239976899E-03   2.7988540466E-03
   37      6.8549553876E-04   5.3580326387E-04  -1.9312640452E-04   4.7430325863E-03  -2.5379382172E-03
   38     -4.7047783653E-04  -3.4163667518E-04  -1.6951049824E-04   3.6728633078E-05  -3.6713152165E-04
   39     -2.1152779582E-03  -2.7984745576E-03  -6.9581755269E-04  -1.4610223803E-04  -5.9088982815E-04
   40     -4.7424400876E-03  -2.5462443090E-03  -1.7332655811E-03  -6.8615087527E-04   5.3429711000E-04
   41      3.5743703621E-05   3.6753861807E-04   1.2601104996E-03  -4.7066825736E-04   3.4098465470E-04
   42     -1.3846979088E-02   1.3392149532E-03   8.9762435575E-03  -6.7210960201E-04   3.7108366789E-03
   43      2.2169238579E-02  -2.3435559246E-03  -1.5920326683E-02   1.8075092502E-03  -5.1125907507E-03
   44     -1.0526809652E-02   1.4361639242E-03   5.1055411711E-03  -1.1006404446E-03   1.8129472571E-03
   45     -5.9658478984E-03  -1.6712794159E-03  -1.5912406927E-02   9.2013610268E-04  -6.1674174778E-04
   46      9.2568234978E-03   1.3069064720E-03   2.6970461634E-02  -1.7564784238E-03   3.5586529929E-04
   47     -2.3383548350E-03   1.1466004630E-04  -1.0514892863E-02   2.0028348722E-04  -2.2396218002E-04
                    5                  6                  7                  8                  9        
    0      3.9111804585E-02  -2.4124884920E-02  -9.8814862760E-03   8.7047546260E-03  -1.4525758303E-05
    1     -1.4585859652E-03  -2.8738377577E-02  -1.0910762447E-03   1.3779278270E-02   2.0934127698E-03
    2     -9.8388255466E-02  -6.7252043220E-03   2.6433942319E-03   4.7382306637E-03  -1.2224834989E-04
    3      2.8049622557E-02  -1.0642440752E-01  -3.9865920320E-02  -1.7115809620E-02   1.4490464951E-02
    4     -2.4896755217E-02  -3.8837678001E-02  -1.4015093935E-01  -2.6105014681E-02  -1.2710661766E-02
    5      5.5110128804E-01  -1.5764313169E-02  -2.6523248101E-02  -8.7367372416E-02   1.0597039943E-03
    6     -1.5764313169E-02   5.3582873284E-01   5.9163300116E-03  -1.9457540535E-02  -1.2070495168E-01
    7     -2.6523248101E-02   5.9163300116E-03   4.4669740087E-01  -1.6777997704E-02   5.1135835660E-02
    8     -8.7367372416E-02  -1.9457540535E-02  -1.6777997704E-02   5.3551605064E-01  -7.0505785896E-04
    9      1.0597039943E-03  -1.2070495168E-01   5.1135835660E-02  -7.0505785896E-04   7.9899563551E-01
   10      1.3705082625E-03   4.7907774110E-02  -1.7000207942E-01  -1.1564548799E-03   5.4293043343E-02
   11      4.7509145202E-04  -3.0230061561E-03   4.7381591047E-03  -7.1734830462E-02   6.6184812217E-02
   12     -1.2253590570E-04  -2.2372327280E-02   1.2396234982E-02  -3.4962574423E-03  -5.0819833265E-01
   13      5.6666941311E-04   3.1335911941E-02   3.5504386383E-03   4.6347389870E-03   2.2670541323E-03
   14      6.0878691786E-04  -5.2101531885E-03   1.1526950255E-03   6.1121646570E-03  -4.5219258807E-02
   15     -6.7249523343E-03   3.3676656137E-03  -8.2381773194E-04  -1.0614972944E-03  -2.2323628778E-02
   16     -2.6498454996E-03   8.3046647270E-04  -2.1572077891E-03  -6.0994983863E-04  -1.2427211926E-02
   17      4.7395638504E-03  -1.0621037702E-03   6.0882791923E-04  -8.0330572461E-03  -3.4920238075E-03
   18      3.2642424612E-02   1.9845969087E-03   7.9610487297E-04   4.7341252403E-04   2.9300741958E-04
   19     -8.2443448320E-04  -2.5296111099E-04   2.7013308367E-04   1.0854535977E-03  -1.4958474879E-04
   20     -1.6917293435E-02  -1.0850498601E-03  -3.4837744374E-04   7.7277818343E-04   5.0674818115E-04
   21     -9.2145665442E-03  -5.2247366734E-03   1.4196426815E-03   4.8097262768E-03  -1.5972442221E-04
   22      6.1327169102E-04   5.6271899523E-04   1.3095411109E-03   2.6434942547E-04   5.1044364291E-04
   23      3.0148347593E-03   2.5667082165E-03  -5.5586421965E-04  -8.5817636327E-04   3.6265904943E-05
   24     -3.0308921014E-02   9.6510723395E-03  -1.6217277034E-02   4.0832338186E-03  -2.2684396863E-03
   25      5.1140214531E-02   1.3734228250E-02  -2.2419626015E-02   5.6757553536E-03  -5.0052112633E-03
   26     -6.3151959532E-02   5.1130436785E-03  -1.0315824648E-02   6.7866133115E-04  -1.8634887206E-03
   27     -2.7845632513E-02  -4.5918755648E-03  -9.2041264349E-04  -1.8913174253E-02  -2.7548155171E-04
   28      8.7722266836E-03  -4.2565340629E-03  -1.0504460660E-03  -2.7339899660E-02  -1.0365341087E-03
   29     -2.8990814739E-01  -1.8830879177E-03   4.2058962591E-05  -9.8228762817E-03  -3.9119214896E-04
   30     -1.5881573997E-02  -6.8776562475E-02   7.4869223313E-03  -7.5368152978E-02  -1.1792044380E-02
   31     -2.6987888040E-02   1.0466511944E-02  -4.8960896397E-02   3.4817702439E-02   1.1963997312E-02
   32     -1.0511562328E-02  -7.3840323600E-02   2.9646077130E-02  -2.5552467976E-01  -1.9837851143E-03
   33      8.9591652736E-03  -2.0516068869E-01  -2.4719404458E-02   1.1801024081E-01  -1.8912752566E-02
   34      1.5931994773E-02  -2.3772177693E-02  -4.8844280306E-02   1.5682832105E-02   2.6111247235E-02
   35      5.1045064280E-03   1.1900746257E-01   1.6201489779E-02  -1.2955422701E-01  -3.0349187761E-03
   36     -6.9757055311E-04   1.0057499315E-02   1.5433335851E-02   2.0141102325E-03  -1.1655034798E-01
   37      1.7319984171E-03  -1.4084203078E-02  -1.8264936453E-02  -2.9673446321E-03  -1.1485765943E-01
   38      1.2605057167E-03   2.5132553073E-03   6.1824534928E-04   1.7807904344E-03  -1.0529770494E-02
   39     -1.0972755487E-04  -3.7971728995E-03  -2.5172699924E-03  -1.5486592516E-03  -1.4808250776E-02
   40      1.9294284164E-04  -6.9253910972E-04   1.7044891525E-03  -2.9564170801E-05  -1.7932116743E-03
   41     -1.6955876919E-04  -1.8050284415E-03  -1.1187281716E-03   1.2811613517E-02  -1.1826043605E-03
   42     -1.7682171872E-03   6.7389727026E-04   3.7424453132E-04   6.5548571538E-04   1.1612109477E-03
   43      2.4639355833E-03  -3.4006219277E-04  -3.4664296830E-04   4.0655108271E-04  -5.7324101761E-04
   44     -2.6206772317E-04   3.4918818668E-04  -8.7910981284E-05   2.9044270775E-04  -5.8394370730E-04
   45     -1.3518190063E-03  -3.8585659129E-04   6.4652259200E-05  -1.1000867191E-03   1.0681614034E-03
   46      5.7547474210E-04   1.4287637472E-04  -2.4387184270E-04  -1.3704424358E-03   1.4232639381E-04
   47      3.7163989405E-04   3.2142494131E-04   8.7010508841E-05   1.9448740391E-04   1.3129432251E-03
                   10                 11                 12                 13                 14        
    0      4.4545519281E-04   1.2396796111E-03   1.4488944777E-02  -1.1005984749E-02   5.4277014571E-03
    1      2.6810129604E-03   7.7278588460E-04   1.2766610572E-02  -3.4881508122E-02   8.4415706782E-03
    2     -5.6717173546E-04   6.0932822377E-04   1.0613650110E-03  -1.3691368172E-03   4.7489718020E-04
    3      1.1061046443E-02   5.4352582728E-03  -1.1601114202E-05  -4.4859089596E-04   1.2404730677E-03
    4     -3.4881653634E-02  -8.4326649422E-03  -2.0974699767E-03   2.6791352437E-03  -7.7148244567E-04
    5      1.3705082625E-03   4.7509145202E-04  -1.2253590570E-04   5.6666941311E-04   6.0878691786E-04
    6      4.7907774110E-02  -3.0230061561E-03  -2.2372327280E-02   3.1335911941E-02  -5.2101531885E-03
    7     -1.7000207942E-01   4.7381591047E-03   1.2396234982E-02   3.5504386383E-03   1.1526950255E-03
    8     -1.1564548799E-03  -7.1734830462E-02  -3.4962574423E-03   4.6347389870E-03   6.1121646570E-03
    9      5.4293043343E-02   6.6184812217E-02  -5.0819833265E-01   2.2670541323E-03  -4.5219258807E-02
   10      5.8247314345E-01   1.1725393251E-02  -2.7139928027E-03  -1.1575305541E-01   1.9055640640E-04
   11      1.1725393251E-02   1.5012408045E-01  -4.5218814463E-02  -2.4636067865E-04  -5.5826927429E-02
   12     -2.7139928027E-03  -4.5218814463E-02   7.9912239050E-01  -5.4018928185E-02   6.6200911858E-02
   13     -1.1575305541E-01  -2.4636067865E-04  -5.4018928185E-02   5.8240879726E-01  -1.1633776394E-02
   14      1.9055640640E-04  -5.5826927429E-02   6.6200911858E-02  -1.1633776394E-02   1.5011841633E-01
   15     -3.1366551419E-02  -5.2102527760E-03  -1.2060806669E-01  -4.7879786260E-02  -3.0229117691E-03
   16      3.4999327489E-03  -1.1588225773E-03  -5.1105519424E-02  -1.7014358114E-01  -4.7486945733E-03
   17     -4.6386971073E-03   6.1104751218E-03  -7.1090503521E-04   1.1500490285E-03  -7.1730479199E-02
   18     -7.5874450630E-05  -1.6882081347E-04  -2.7527362103E-04  -1.0551101496E-03   7.7813459428E-04
   19      1.8521867075E-05  -3.0163495774E-04   1.0346267142E-03   1.5437751750E-03   5.0212320561E-04
   20      5.0590539705E-04   3.6814069028E-05  -3.9061636415E-04  -5.9128142223E-04   4.4840705277E-04
   21      9.9001139065E-04   2.4265750589E-05  -2.2771163039E-03   2.5550122079E-03  -1.0529273374E-03
   22      2.7777643254E-04  -6.3113159319E-05   5.0057339533E-03  -3.1028884504E-03   1.6245753049E-03
   23     -1.2373450511E-04   8.1005858948E-06  -1.8661702660E-03   1.7107795075E-03   4.0331021052E-04
   24     -2.5541173389E-03  -1.0505729269E-03  -1.5794782703E-04  -9.9049126830E-04   2.4192963656E-05
   25     -3.1114709085E-03  -1.6251380108E-03  -5.1097352311E-04   2.7624452920E-04   6.3157343108E-05
   26     -1.7126886455E-03   4.0373453663E-04   3.5973184433E-05   1.2373585857E-04   7.9350361039E-06
   27      1.0527785444E-03   7.7845928817E-04   2.9264641048E-04   7.6273813022E-05  -1.6919209984E-04
   28      1.5433949514E-03  -5.0095083840E-04   1.4988044306E-04   1.8617327946E-05   3.0125349656E-04
   29      5.9037273533E-04   4.4819033895E-04   5.0724551355E-04  -5.0524542241E-04   3.6684587994E-05
   30      6.1734685659E-03  -1.8020340028E-02   1.0651747428E-03   2.8695593372E-03   2.0784574517E-04
   31     -4.0119028346E-03   2.5748488722E-02  -1.3704940737E-04  -2.9147617377E-03  -4.3609318517E-04
   32      2.1186759849E-03   1.5823442702E-03   1.3121987611E-03   5.4912449049E-04   2.8580490320E-04
   33      5.9675527496E-05   9.5102820712E-03   1.1570045440E-03   3.1717222630E-03   5.5511820078E-04
   34      2.3122644040E-03  -1.7364260075E-02   5.7935557326E-04  -4.5637117967E-03   1.2639776341E-04
   35      5.2553024626E-04   1.5367302330E-03  -5.8359134781E-04  -5.2928435970E-04  -2.8029166779E-04
   36     -1.1030605853E-01  -9.5546313091E-03  -1.4773188394E-02  -3.1115907146E-02  -1.6820295168E-03
   37     -2.5899799549E-01  -1.3455102994E-02   1.7753577292E-03   1.4051330824E-03   1.1853313377E-04
   38     -1.2152082719E-02  -3.7105803591E-02  -1.1783801144E-03  -3.3178758833E-03   3.3251119722E-03
   39      3.1099727875E-02  -1.6812275112E-03  -1.1679891308E-01   1.1046947905E-01  -9.5669927272E-03
   40      1.4376592891E-03  -1.2044229567E-04   1.1502251370E-01  -2.5877081132E-01   1.3439443646E-02
   41      3.3164787545E-03   3.3266766339E-03  -1.0540775752E-02   1.2135233410E-02  -3.7102606286E-02
   42     -3.1656203382E-03   5.5538494078E-04  -1.8883807358E-02  -8.3689069260E-05   9.4888496946E-03
   43     -4.5682186164E-03  -1.2584729598E-04  -2.6138595222E-02   2.2826585992E-03   1.7373422659E-02
   44      5.2841704322E-04  -2.8011695023E-04  -3.0357111400E-03  -5.2914808513E-04   1.5367192741E-03
   45     -2.8648106605E-03   2.0734245476E-04  -1.1769586648E-02  -6.1834988208E-03  -1.7991840836E-02
   46     -2.9173297952E-03   4.3609821767E-04  -1.1970811329E-02  -4.0344818747E-03  -2.5770302777E-02
   47     -5.4759584453E-04   2.8611251719E-04  -1.9818577966E-03  -2.1216009191E-03   1.5820664631E-03
                   15                 16                 17                 18                 19        
    0     -1.0650628062E-01   3.9896058477E-02  -1.7147076590E-02  -4.8391357704E-02  -2.6099601445E-03
    1      3.8868216888E-02  -1.4005726698E-01   2.6088319701E-02  -2.7883806310E-03  -4.8637415758E-02
    2     -1.5795197793E-02   2.6509074777E-02  -8.7371423946E-02  -2.7836415489E-02  -8.8239653416E-03
    3     -2.4170989890E-02   9.8579174994E-03   8.7187645636E-03   9.5125377678E-04  -4.4239055326E-04
    4      2.8714844159E-02  -1.0491729206E-03  -1.3767526321E-02   2.5947473304E-04  -6.0866072310E-04
    5     -6.7249523343E-03  -2.6498454996E-03   4.7395638504E-03   3.2642424612E-02  -8.2443448320E-04
    6      3.3676656137E-03   8.3046647270E-04  -1.0621037702E-03   1.9845969087E-03  -2.5296111099E-04
    7     -8.2381773194E-04  -2.1572077891E-03   6.0882791923E-04   7.9610487297E-04   2.7013308367E-04
    8     -1.0614972944E-03  -6.0994983863E-04  -8.0330572461E-03   4.7341252403E-04   1.0854535977E-03
    9     -2.2323628778E-02  -1.2427211926E-02  -3.4920238075E-03   2.9300741958E-04  -1.4958474879E-04
   10     -3.1366551419E-02   3.4999327489E-03  -4.6386971073E-03  -7.5874450630E-05   1.8521867075E-05
   11     -5.2102527760E-03  -1.1588225773E-03   6.1104751218E-03  -1.6882081347E-04  -3.0163495774E-04
   12     -1.2060806669E-01  -5.1105519424E-02  -7.1090503521E-04  -2.7527362103E-04   1.0346267142E-03
   13     -4.7879786260E-02  -1.7014358114E-01   1.1500490285E-03  -1.0551101496E-03   1.5437751750E-03
   14     -3.0229117691E-03  -4.7486945733E-03  -7.1730479199E-02   7.7813459428E-04   5.0212320561E-04
   15      5.3587628879E-01  -5.7812896952E-03  -1.9483536632E-02  -4.5969945539E-03   4.2512404373E-03
   16     -5.7812896952E-03   4.4670500660E-01   1.6775581547E-02   9.1425930064E-04  -1.0422244885E-03
   17     -1.9483536632E-02   1.6775581547E-02   5.3553154163E-01  -1.8943795738E-02   2.7317241239E-02
   18     -4.5969945539E-03   9.1425930064E-04  -1.8943795738E-02   5.7647920924E-02  -1.6555288566E-03
   19      4.2512404373E-03  -1.0422244885E-03   2.7317241239E-02  -1.6555288566E-03   5.0674717915E-02
   20     -1.8831802939E-03  -4.4790825741E-05  -9.8247985752E-03   2.8388071189E-02   6.3809363142E-03
   21      9.6482734688E-03   1.6253380239E-02   4.0890564415E-03  -2.0795755069E-03  -2.1807215610E-03
   22     -1.3697665126E-02  -2.2414483067E-02  -5.6699038684E-03   5.9925790834E-05  -5.7570573654E-04
   23      5.1031610896E-03   1.0323446229E-02   6.7821515288E-04  -1.5736786876E-02  -2.6786727714E-02
   24     -5.2231477989E-03  -1.4264933782E-03   4.8102184976E-03   1.0533139591E-03  -1.0280569107E-04
   25     -5.6970190481E-04   1.3074347628E-03  -2.5926660729E-04   2.4294758335E-04  -1.2023076581E-05
   26      2.5664034113E-03   5.5841582977E-04  -8.5808357714E-04  -5.9467597820E-04  -3.0069155459E-04
   27      1.9851491941E-03  -7.9423068384E-04   4.7502270447E-04  -5.5884992938E-03   2.8534263464E-04
   28      2.5496611187E-04   2.6947779928E-04  -1.0849274416E-03  -2.9226743781E-04   7.7024235826E-04
   29     -1.0854018722E-03   3.4706666267E-04   7.7279911779E-04   3.2662264058E-03   4.7364719129E-04
   30     -3.8546921057E-04  -6.4931383546E-05  -1.1016905366E-03  -4.0645444289E-04  -1.6805261331E-04
   31     -1.4309264569E-04  -2.4434847762E-04   1.3691449328E-03  -1.7432166670E-04   2.1344636281E-04
   32      3.2151471755E-04  -8.6574117700E-05   1.9464936306E-04  -6.0518458837E-04   7.4580185614E-05
   33      6.7386172881E-04  -3.7298742499E-04   6.5615660062E-04   3.0158941797E-04   2.9100442892E-05
   34      3.4116630252E-04  -3.4643450404E-04  -4.0582588311E-04   4.0462128427E-04   3.9045249157E-05
   35      3.4901071561E-04   8.8506223718E-05   2.9054558715E-04  -2.5810270705E-04  -4.2006450006E-05
   36     -3.8005897725E-03   2.5111917954E-03  -1.5484997604E-03   1.1152534240E-04  -6.3139177089E-05
   37      6.8627854485E-04   1.7078575220E-03   2.7530990626E-05  -3.5535701561E-05   2.1344706135E-05
   38     -1.8066773790E-03   1.1165789926E-03   1.2811680070E-02  -1.4539805281E-04  -1.0355466008E-04
   39      1.0059021891E-02  -1.5401343609E-02   2.0104776512E-03  -7.0321695570E-05   5.5398956645E-05
   40      1.4116099117E-02  -1.8264303917E-02   2.9696060560E-03   2.4550148356E-06   3.2497837846E-05
   41      2.5150355658E-03  -6.1623031370E-04   1.7807743476E-03   1.8555965927E-04  -3.5499940275E-04
   42     -2.0525307892E-01   2.4545367735E-02   1.1803243424E-01   3.0757874711E-04  -4.1633022431E-04
   43      2.3599797043E-02  -4.8788112961E-02  -1.5550338797E-02  -4.5901650912E-04   1.2254519840E-03
   44      1.1903039514E-01  -1.6066612834E-02  -1.2953871681E-01  -2.2530213800E-04  -3.2986661739E-04
   45     -6.8742014446E-02  -7.5130697436E-03  -7.5318022114E-02  -1.2423096768E-03   2.3899517846E-03
   46     -1.0492268070E-02  -4.8982573189E-02  -3.4920460086E-02   3.8520605336E-03  -3.9331467561E-03
   47     -7.3796389211E-02  -2.9746504983E-02  -2.5555368489E-01  -1.2148310203E-03   2.0319040140E-03
                   20                 21                 22                 23                 24        
    0     -2.8256106641E-02  -1.0843335510E-01  -1.0547155132E-01  -3.0956563963E-02  -1.5636900334E-02
    1     -7.1161019044E-03  -1.0578613594E-01  -2.2305449171E-01  -5.2741349889E-02   2.5556256042E-02
    2     -2.8990894156E-01  -3.0243420021E-02  -5.1162330775E-02  -6.3143436103E-02  -9.2159146791E-03
    3      2.1631996158E-04  -1.5609062487E-02   9.3362679960E-04   7.7942907186E-03  -1.0867386980E-01
    4     -5.0364216540E-04  -2.5575932833E-02   1.1480722255E-03   1.3178941144E-02   1.0591186674E-01
    5     -1.6917293435E-02  -9.2145665442E-03   6.1327169102E-04   3.0148347593E-03  -3.0308921014E-02
    6     -1.0850498601E-03  -5.2247366734E-03   5.6271899523E-04   2.5667082165E-03   9.6510723395E-03
    7     -3.4837744374E-04   1.4196426815E-03   1.3095411109E-03  -5.5586421965E-04  -1.6217277034E-02
    8      7.7277818343E-04   4.8097262768E-03   2.6434942547E-04  -8.5817636327E-04   4.0832338186E-03
    9      5.0674818115E-04  -1.5972442221E-04   5.1044364291E-04   3.6265904943E-05  -2.2684396863E-03
   10      5.0590539705E-04   9.9001139065E-04   2.7777643254E-04  -1.2373450511E-04  -2.5541173389E-03
   11      3.6814069028E-05   2.4265750589E-05  -6.3113159319E-05   8.1005858948E-06  -1.0505729269E-03
   12     -3.9061636415E-04  -2.2771163039E-03   5.0057339533E-03  -1.8661702660E-03  -1.5794782703E-04
   13     -5.9128142223E-04   2.5550122079E-03  -3.1028884504E-03   1.7107795075E-03  -9.9049126830E-04
   14      4.4840705277E-04  -1.0529273374E-03   1.6245753049E-03   4.0331021052E-04   2.4192963656E-05
   15     -1.8831802939E-03   9.6482734688E-03  -1.3697665126E-02   5.1031610896E-03  -5.2231477989E-03
   16     -4.4790825741E-05   1.6253380239E-02  -2.2414483067E-02   1.0323446229E-02  -1.4264933782E-03
   17     -9.8247985752E-03   4.0890564415E-03  -5.6699038684E-03   6.7821515288E-04   4.8102184976E-03
   18      2.8388071189E-02  -2.0795755069E-03   5.9925790834E-05  -1.5736786876E-02   1.0533139591E-03
   19      6.3809363142E-03  -2.1807215610E-03  -5.7570573654E-04  -2.6786727714E-02  -1.0280569107E-04
   20      3.1897015278E-01  -5.7590333342E-04  -1.0996107898E-04  -7.0231336648E-03   2.9211210142E-04
   21     -5.7590333342E-04   1.2128330815E-01   1.1377687610E-01   3.2637141609E-02   7.7585117126E-04
   22     -1.0996107898E-04   1.1377687610E-01   2.4530445269E-01   5.4062528532E-02  -3.6217185395E-04
   23     -7.0231336648E-03   3.2637141609E-02   5.4062528532E-02   6.4692394841E-02  -7.8868482333E-04
   24      2.9211210142E-04   7.7585117126E-04  -3.6217185395E-04  -7.8868482333E-04   1.2154299240E-01
   25     -3.9357438708E-04   3.6210502635E-04   8.9026384335E-04  -2.0698180496E-04  -1.1391269999E-01
   26      4.0696651063E-04  -7.8899678175E-04   2.0609053985E-04   4.9829119245E-04   3.2707208867E-02
   27      3.2666237551E-03   1.0534897495E-03  -2.4173547285E-04  -5.9495170860E-04  -2.0820898797E-03
   28     -4.7004520014E-04   1.0403666598E-04  -1.2054400313E-05   3.0012245381E-04   2.1790050807E-03
   29      3.3795119956E-04   2.9166712124E-04   3.9391967656E-04   4.0689198004E-04  -5.7628239478E-04
   30      6.5188161215E-04   1.4293110787E-04  -9.8404515432E-05   3.6291884579E-04   9.9179988513E-04
   31      5.6132042962E-04   1.8062393768E-04   6.6130715013E-06   1.1085028062E-04   4.9402713478E-04
   32      4.0891799907E-04  -2.6182743490E-05  -5.8844425023E-05   9.9457491714E-05   2.2810300666E-04
   33     -4.4104351729E-05  -1.1754218551E-03   2.3617243809E-04   4.8637576143E-04   3.1907618279E-04
   34     -1.3782718391E-04  -1.9311948592E-03   1.1484156108E-04   5.1611577532E-04   5.5166360619E-04
   35      3.9117546932E-04  -5.0114885443E-04  -1.2599885517E-04   4.9349682852E-04   4.3535660757E-04
   36      7.4127678668E-05   1.4964979937E-04  -1.0107157868E-04   1.7867911515E-05   5.9314175718E-04
   37      9.1561478152E-05  -1.1646943217E-04   5.8348290256E-05  -2.7857054443E-06  -9.9292659465E-04
   38     -1.4081216615E-04   2.9702046020E-05  -1.7418572524E-04  -1.0557217450E-04  -1.3289427356E-04
   39      5.4078727716E-05   5.9320249461E-04  -1.0332420396E-03   3.3455992976E-04   1.4942864589E-04
   40      1.4358894564E-04   9.9509390060E-04  -1.2958080442E-03   5.8602014786E-04   1.1659480258E-04
   41      6.3730445975E-05  -1.3307709764E-04   2.2593517884E-04   1.4986356476E-04   2.9461324755E-05
   42     -4.2579435643E-04   3.1953818205E-04   3.0358363690E-04   2.0958037117E-05  -1.1774080140E-03
   43      1.7377132458E-04  -5.5151480916E-04   1.4657970607E-04  -4.8313827366E-04   1.9298659864E-03
   44      1.0028581187E-03   4.3600444720E-04  -4.9495072781E-04  -1.0352506936E-05  -5.0147257913E-04
   45     -7.9372358884E-04   9.9274822364E-04  -3.8349191438E-04   5.7381860934E-04   1.4312699043E-04
   46      1.8605131566E-03  -4.9456024104E-04   1.1989424850E-03   1.0811359787E-04  -1.8061355541E-04
   47      9.7522757150E-04   2.2775002538E-04   4.7228270859E-04   6.9581420568E-04  -2.6192141502E-05
                   25                 26                 27                 28                 29        
    0     -9.5187495432E-04   7.8091222222E-03   9.5073528823E-04   4.4410291682E-04   2.1539279483E-04
    1      1.1746005941E-03  -1.3170299064E-02  -2.5463916085E-04  -6.0840022278E-04   5.0300338913E-04
    2     -6.2330845188E-04   3.0162109529E-03   3.2641073431E-02   8.5983096134E-04  -1.6917492790E-02
    3      1.0559711036E-01  -3.1023668797E-02  -4.8397562739E-02   2.6080968090E-03  -2.8263578910E-02
    4     -2.2280186719E-01   5.2718180588E-02   2.7866416034E-03  -4.8629896543E-02   7.0636127509E-03
    5      5.1140214531E-02  -6.3151959532E-02  -2.7845632513E-02   8.7722266836E-03  -2.8990814739E-01
    6      1.3734228250E-02   5.1130436785E-03  -4.5918755648E-03  -4.2565340629E-03  -1.8830879177E-03
    7     -2.2419626015E-02  -1.0315824648E-02  -9.2041264349E-04  -1.0504460660E-03   4.2058962591E-05
    8      5.6757553536E-03   6.7866133115E-04  -1.8913174253E-02  -2.7339899660E-02  -9.8228762817E-03
    9     -5.0052112633E-03  -1.8634887206E-03  -2.7548155171E-04  -1.0365341087E-03  -3.9119214896E-04
   10     -3.1114709085E-03  -1.7126886455E-03   1.0527785444E-03   1.5433949514E-03   5.9037273533E-04
   11     -1.6251380108E-03   4.0373453663E-04   7.7845928817E-04  -5.0095083840E-04   4.4819033895E-04
   12     -5.1097352311E-04   3.5973184433E-05   2.9264641048E-04   1.4988044306E-04   5.0724551355E-04
   13      2.7624452920E-04   1.2373585857E-04   7.6273813022E-05   1.8617327946E-05  -5.0524542241E-04
   14      6.3157343108E-05   7.9350361039E-06  -1.6919209984E-04   3.0125349656E-04   3.6684587994E-05
   15     -5.6970190481E-04   2.5664034113E-03   1.9851491941E-03   2.5496611187E-04  -1.0854018722E-03
   16      1.3074347628E-03   5.5841582977E-04  -7.9423068384E-04   2.6947779928E-04   3.4706666267E-04
   17     -2.5926660729E-04  -8.5808357714E-04   4.7502270447E-04  -1.0849274416E-03   7.7279911779E-04
   18      2.4294758335E-04  -5.9467597820E-04  -5.5884992938E-03  -2.9226743781E-04   3.2662264058E-03
   19     -1.2023076581E-05  -3.0069155459E-04   2.8534263464E-04   7.7024235826E-04   4.7364719129E-04
   20     -3.9357438708E-04   4.0696651063E-04   3.2666237551E-03  -4.7004520014E-04   3.3795119956E-04
   21      3.6210502635E-04  -7.8899678175E-04   1.0534897495E-03   1.0403666598E-04   2.9166712124E-04
   22      8.9026384335E-04   2.0609053985E-04  -2.4173547285E-04  -1.2054400313E-05   3.9391967656E-04
   23     -2.0698180496E-04   4.9829119245E-04  -5.9495170860E-04   3.0012245381E-04   4.0689198004E-04
   24     -1.1391269999E-01   3.2707208867E-02  -2.0820898797E-03   2.1790050807E-03  -5.7628239478E-04
   25      2.4503476443E-01  -5.4038552538E-02  -6.3135230064E-05  -5.7098214535E-04   1.0860186085E-04
   26     -5.4038552538E-02   6.4700481262E-02  -1.5767073042E-02   2.6768430512E-02  -7.0250276704E-03
   27     -6.3135230064E-05  -1.5767073042E-02   5.7645777336E-02   1.6664079595E-03   2.8394975675E-02
   28     -5.7098214535E-04   2.6768430512E-02   1.6664079595E-03   5.0677682175E-02  -6.3259807169E-03
   29      1.0860186085E-04  -7.0250276704E-03   2.8394975675E-02  -6.3259807169E-03   3.1896892447E-01
   30      3.8325932745E-04   5.7385451949E-04  -1.2353009967E-03  -2.3869466106E-03  -7.9129976702E-04
   31      1.2000792992E-03  -1.0773090765E-04  -3.8492054731E-03  -3.9403147289E-03  -1.8609544771E-03
   32     -4.7197651638E-04   6.9598110597E-04  -1.2123790085E-03  -2.0328094150E-03   9.7565641814E-04
   33     -3.0334644924E-04   2.0385572012E-05   3.0660776486E-04   4.1516765884E-04  -4.2565426518E-04
   34      1.4670228816E-04   4.8303632751E-04   4.5775573281E-04   1.2265084373E-03  -1.7420763724E-04
   35      4.9527587681E-04  -1.0482395461E-05  -2.2583047695E-04   3.2946087771E-04   1.0031875097E-03
   36      1.0354671022E-03   3.3509436659E-04  -7.0227906576E-05  -5.5464548232E-05   5.4260664412E-05
   37     -1.2959261297E-03  -5.8553822427E-04  -2.5556204063E-06   3.2352309664E-05  -1.4353371270E-04
   38     -2.2608420326E-04   1.4978142738E-04   1.8515334681E-04   3.5524585539E-04   6.3738194182E-05
   39      1.0120016334E-04   1.7866071029E-05   1.1142336943E-04   6.3226883265E-05   7.4220321830E-05
   40      5.8583170187E-05   2.8096928009E-06   3.5603538255E-05   2.1470958974E-05  -9.1464635359E-05
   41      1.7417423561E-04  -1.0566418013E-04  -1.4548362655E-04   1.0336340347E-04  -1.4080837479E-04
   42     -2.3757846266E-04   4.8702546795E-04   3.0212126984E-04  -2.8830226838E-05  -4.4297876529E-05
   43      1.1662582464E-04  -5.1560557311E-04  -4.0437615501E-04   3.8580714675E-05   1.3787734558E-04
   44      1.2545613149E-04   4.9364782301E-04  -2.5806995942E-04   4.1758309015E-05   3.9124605074E-04
   45      9.8521280179E-05   3.6297360445E-04  -4.0691245056E-04   1.6749820376E-04   6.5235155525E-04
   46      6.5967220212E-06  -1.1035227591E-04   1.7367487596E-04   2.1376707390E-04  -5.6059381843E-04
   47      5.8831269005E-05   9.9526177143E-05  -6.0506641370E-04  -7.5259435294E-05   4.0908263955E-04
                   30                 31                 32                 33                 34        
    0      9.1724935176E-04   1.7569196457E-03   1.9958499005E-04  -6.6577315387E-04  -1.8018874883E-03
    1      6.1715492815E-04   3.5825117996E-04   2.2385877168E-04  -3.7056347819E-03  -5.1187369607E-03
    2     -1.3510944232E-03  -5.7701982381E-04   3.7143191915E-04  -1.7651183037E-03  -2.4653429148E-03
    3     -5.9580977606E-03  -9.2667227995E-03  -2.3376588112E-03  -1.3819180467E-02  -2.2180068956E-02
    4      1.6627967783E-03   1.2969993620E-03  -1.1823440530E-04  -1.3513597568E-03  -2.3693921844E-03
    5     -1.5881573997E-02  -2.6987888040E-02  -1.0511562328E-02   8.9591652736E-03   1.5931994773E-02
    6     -6.8776562475E-02   1.0466511944E-02  -7.3840323600E-02  -2.0516068869E-01  -2.3772177693E-02
    7      7.4869223313E-03  -4.8960896397E-02   2.9646077130E-02  -2.4719404458E-02  -4.8844280306E-02
    8     -7.5368152978E-02   3.4817702439E-02  -2.5552467976E-01   1.1801024081E-01   1.5682832105E-02
    9     -1.1792044380E-02   1.1963997312E-02  -1.9837851143E-03  -1.8912752566E-02   2.6111247235E-02
   10      6.1734685659E-03  -4.0119028346E-03   2.1186759849E-03   5.9675527496E-05   2.3122644040E-03
   11     -1.8020340028E-02   2.5748488722E-02   1.5823442702E-03   9.5102820712E-03  -1.7364260075E-02
   12      1.0651747428E-03  -1.3704940737E-04   1.3121987611E-03   1.1570045440E-03   5.7935557326E-04
   13      2.8695593372E-03  -2.9147617377E-03   5.4912449049E-04   3.1717222630E-03  -4.5637117967E-03
   14      2.0784574517E-04  -4.3609318517E-04   2.8580490320E-04   5.5511820078E-04   1.2639776341E-04
   15     -3.8546921057E-04  -1.4309264569E-04   3.2151471755E-04   6.7386172881E-04   3.4116630252E-04
   16     -6.4931383546E-05  -2.4434847762E-04  -8.6574117700E-05  -3.7298742499E-04  -3.4643450404E-04
   17     -1.1016905366E-03   1.3691449328E-03   1.9464936306E-04   6.5615660062E-04  -4.0582588311E-04
   18     -4.0645444289E-04  -1.7432166670E-04  -6.0518458837E-04   3.0158941797E-04   4.0462128427E-04
   19     -1.6805261331E-04   2.1344636281E-04   7.4580185614E-05   2.9100442892E-05   3.9045249157E-05
   20      6.5188161215E-04   5.6132042962E-04   4.0891799907E-04  -4.4104351729E-05  -1.3782718391E-04
   21      1.4293110787E-04   1.8062393768E-04  -2.6182743490E-05  -1.1754218551E-03  -1.9311948592E-03
   22     -9.8404515432E-05   6.6130715013E-06  -5.8844425023E-05   2.3617243809E-04   1.1484156108E-04
   23      3.6291884579E-04   1.1085028062E-04   9.9457491714E-05   4.8637576143E-04   5.1611577532E-04
   24      9.9179988513E-04   4.9402713478E-04   2.2810300666E-04   3.1907618279E-04   5.5166360619E-04
   25      3.8325932745E-04   1.2000792992E-03  -4.7197651638E-04  -3.0334644924E-04   1.4670228816E-04
   26      5.7385451949E-04  -1.0773090765E-04   6.9598110597E-04   2.0385572012E-05   4.8303632751E-04
   27     -1.2353009967E-03  -3.8492054731E-03  -1.2123790085E-03   3.0660776486E-04   4.5775573281E-04
   28     -2.3869466106E-03  -3.9403147289E-03  -2.0328094150E-03   4.1516765884E-04   1.2265084373E-03
   29     -7.9129976702E-04  -1.8609544771E-03   9.7565641814E-04  -4.2565426518E-04  -1.7420763724E-04
   30      7.8001365574E-02  -1.2692521761E-02   8.4287052643E-02   8.1208367276E-03  -4.0019703057E-03
   31     -1.2692521761E-02   5.7363947828E-02  -3.3210828296E-02   1.0378817522E-03  -8.1096202917E-04
   32      8.4287052643E-02  -3.3210828296E-02   2.8083133196E-01  -5.8779644976E-03   2.8524844546E-03
   33      8.1208367276E-03   1.0378817522E-03  -5.8779644976E-03   2.2848835328E-01   2.5104907953E-02
   34     -4.0019703057E-03  -8.1096202917E-04   2.8524844546E-03   2.5104907953E-02   5.6718222770E-02
   35      2.4453025977E-02   3.6622709411E-03  -1.9238051079E-02  -1.2827910908E-01  -1.7074080720E-02
   36      1.1600995452E-04  -4.7563595546E-04  -5.1276245379E-04   1.0136550493E-03  -6.2804161146E-04
   37      2.7792589969E-04  -2.6510613955E-04   6.5287836966E-04   2.7778167116E-04   9.8944667739E-04
   38      1.0214547773E-04  -9.1213617952E-04  -1.9323878030E-04  -5.8271173759E-04   8.7356279756E-05
   39     -6.7271687191E-04   7.3271372086E-04  -1.0986373817E-04  -6.8636336547E-04   7.5777701852E-04
   40      1.2939038129E-04  -5.3487994646E-05  -3.6858275483E-05   4.6929814078E-05   4.8074386552E-05
   41      1.6367942349E-03  -2.3088130962E-03  -5.2423503967E-05  -1.2237954601E-03   2.0614029407E-03
   42      9.0213865546E-05  -5.4099696383E-05  -5.7677703035E-06  -5.0917807685E-05  -3.0781663989E-05
   43     -2.6818178251E-05   2.4464882590E-04   4.4022839689E-05   3.0473164676E-05   2.1372279267E-04
   44      9.6468234637E-05  -1.4037309444E-05   1.1162529721E-05  -4.4268743063E-06  -7.1755037345E-05
   45     -2.1893507224E-04   1.5269861076E-04   1.5287697345E-04   9.0113204835E-05   2.6675326459E-05
   46     -1.5355683401E-04   5.1779440987E-04  -1.3770976279E-04   5.3872730990E-05   2.4468921484E-04
   47      1.5270567375E-04   1.3785655654E-04   6.3217490765E-05  -5.6953857149E-06  -4.4010640789E-05
                   35                 36                 37                 38                 39        
    0     -1.0985580129E-03  -1.4747782369E-04   6.8549553876E-04  -4.7047783653E-04  -2.1152779582E-03
    1     -1.8137847418E-03   5.9013555038E-04   5.3580326387E-04  -3.4163667518E-04  -2.7984745576E-03
    2     -2.6155690457E-04  -1.0958943866E-04  -1.9312640452E-04  -1.6951049824E-04  -6.9581755269E-04
    3     -1.0522304350E-02  -2.1239976899E-03   4.7430325863E-03   3.6728633078E-05  -1.4610223803E-04
    4     -1.4478036616E-03   2.7988540466E-03  -2.5379382172E-03  -3.6713152165E-04  -5.9088982815E-04
    5      5.1045064280E-03  -6.9757055311E-04   1.7319984171E-03   1.2605057167E-03  -1.0972755487E-04
    6      1.1900746257E-01   1.0057499315E-02  -1.4084203078E-02   2.5132553073E-03  -3.7971728995E-03
    7      1.6201489779E-02   1.5433335851E-02  -1.8264936453E-02   6.1824534928E-04  -2.5172699924E-03
    8     -1.2955422701E-01   2.0141102325E-03  -2.9673446321E-03   1.7807904344E-03  -1.5486592516E-03
    9     -3.0349187761E-03  -1.1655034798E-01  -1.1485765943E-01  -1.0529770494E-02  -1.4808250776E-02
   10      5.2553024626E-04  -1.1030605853E-01  -2.5899799549E-01  -1.2152082719E-02   3.1099727875E-02
   11      1.5367302330E-03  -9.5546313091E-03  -1.3455102994E-02  -3.7105803591E-02  -1.6812275112E-03
   12     -5.8359134781E-04  -1.4773188394E-02   1.7753577292E-03  -1.1783801144E-03  -1.1679891308E-01
   13     -5.2928435970E-04  -3.1115907146E-02   1.4051330824E-03  -3.3178758833E-03   1.1046947905E-01
   14     -2.8029166779E-04  -1.6820295168E-03   1.1853313377E-04   3.3251119722E-03  -9.5669927272E-03
   15      3.4901071561E-04  -3.8005897725E-03   6.8627854485E-04  -1.8066773790E-03   1.0059021891E-02
   16      8.8506223718E-05   2.5111917954E-03   1.7078575220E-03   1.1165789926E-03  -1.5401343609E-02
   17      2.9054558715E-04  -1.5484997604E-03   2.7530990626E-05   1.2811680070E-02   2.0104776512E-03
   18     -2.5810270705E-04   1.1152534240E-04  -3.5535701561E-05  -1.4539805281E-04  -7.0321695570E-05
   19     -4.2006450006E-05  -6.3139177089E-05   2.1344706135E-05  -1.0355466008E-04   5.5398956645E-05
   20      3.9117546932E-04   7.4127678668E-05   9.1561478152E-05  -1.4081216615E-04   5.4078727716E-05
   21     -5.0114885443E-04   1.4964979937E-04  -1.1646943217E-04   2.9702046020E-05   5.9320249461E-04
   22     -1.2599885517E-04  -1.0107157868E-04   5.8348290256E-05  -1.7418572524E-04  -1.0332420396E-03
   23      4.9349682852E-04   1.7867911515E-05  -2.7857054443E-06  -1.0557217450E-04   3.3455992976E-04
   24      4.3535660757E-04   5.9314175718E-04  -9.9292659465E-04  -1.3289427356E-04   1.4942864589E-04
   25      4.9527587681E-04   1.0354671022E-03  -1.2959261297E-03  -2.2608420326E-04   1.0120016334E-04
   26     -1.0482395461E-05   3.3509436659E-04  -5.8553822427E-04   1.4978142738E-04   1.7866071029E-05
   27     -2.2583047695E-04  -7.0227906576E-05  -2.5556204063E-06   1.8515334681E-04   1.1142336943E-04
   28      3.2946087771E-04  -5.5464548232E-05   3.2352309664E-05   3.5524585539E-04   6.3226883265E-05
   29      1.0031875097E-03   5.4260664412E-05  -1.4353371270E-04   6.3738194182E-05   7.4220321830E-05
   30      2.4453025977E-02   1.1600995452E-04   2.7792589969E-04   1.0214547773E-04  -6.7271687191E-04
   31      3.6622709411E-03  -4.7563595546E-04  -2.6510613955E-04  -9.1213617952E-04   7.3271372086E-04
   32     -1.9238051079E-02  -5.1276245379E-04   6.5287836966E-04  -1.9323878030E-04  -1.0986373817E-04
   33     -1.2827910908E-01   1.0136550493E-03   2.7778167116E-04  -5.8271173759E-04  -6.8636336547E-04
   34     -1.7074080720E-02  -6.2804161146E-04   9.8944667739E-04   8.7356279756E-05   7.5777701852E-04
   35      1.4012873409E-01   2.7656769554E-04  -5.0249086550E-04   5.1982709809E-04  -9.8950413650E-05
   36      2.7656769554E-04   1.2602629863E-01   1.2184554218E-01   1.0760332565E-02   7.5516801892E-04
   37     -5.0249086550E-04   1.2184554218E-01   2.7521211715E-01   1.5250816314E-02  -1.3488534616E-04
   38      5.1982709809E-04   1.0760332565E-02   1.5250816314E-02   2.5405342255E-02   7.9382967753E-04
