
$orca_hessian_file

$act_atom
  0

$act_coord
  0

$act_energy
        0.000000

$multiplicity
  1

$hessian
48
                    0                  1                  2                  3                  4        
    0      4.6477466849E-01   6.3233212447E-02   2.7826588221E-02  -1.5533916133E-01  -9.5322728204E-04
    1      6.3233212447E-02   5.3071220289E-01   2.5004006563E-02   1.0878873030E-03  -7.8710234183E-02
    2      2.7826588221E-02   2.5004006563E-02   5.5107127547E-01   3.8978883609E-02   1.4697604161E-03
    3     -1.5533916133E-01   1.0878873030E-03   3.8978883609E-02   4.6454748156E-01  -6.3113370958E-02
    4     -9.5322728204E-04  -7.8710234183E-02   1.4697604161E-03  -6.3113370958E-02   5.3093451184E-01
    5      3.8976401563E-02  -1.5366781728E-03  -9.8357239635E-02   2.7772351694E-02  -2.5059005513E-02
    6     -2.4203828074E-02  -2.8683621611E-02  -6.7277262163E-03  -1.0643110156E-01  -3.8612342328E-02
    7     -9.8548840275E-03  -1.0677451261E-03   2.6482699434E-03  -3.9675350759E-02  -1.3963848475E-01
    8      8.7580150218E-03   1.3745603654E-02   4.7409835075E-03  -1.7159265582E-02  -2.5956041802E-02
    9     -5.9546327115E-06   2.0931855031E-03  -1.2447698429E-04   1.4474829057E-02  -1.2774743525E-02
   10      4.3279231262E-04   2.6681365154E-03  -5.6647387450E-04   1.1014322516E-02  -3.4903507958E-02
   11      1.2398616631E-03   7.7055106563E-04   6.0252044244E-04   5.4217589456E-03  -8.4663472896E-03
   12      1.4477600737E-02   1.2688458425E-02   1.0837639710E-03  -1.0771917135E-05  -2.0869379594E-03
   13     -1.1099874810E-02  -3.4908702974E-02  -1.3664681636E-03  -4.2910073406E-04   2.6721781708E-03
   14      5.4350143882E-03   8.4546771426E-03   4.8152754966E-04   1.2383767292E-03  -7.7264896964E-04
   15     -1.0629872153E-01   3.8550275454E-02  -1.5760227482E-02  -2.4132204392E-02   2.8720690457E-02
   16      3.9614538472E-02  -1.3976497415E-01   2.6447005764E-02   9.8917539113E-03  -1.1340499902E-03
   17     -1.7109919254E-02   2.5977511264E-02  -8.7303838390E-02   8.7349661389E-03  -1.3762689431E-02
   18     -4.8360532476E-02  -2.8569457513E-03  -2.7917097219E-02   9.8011877098E-04   2.9317460645E-04
   19     -2.6848839968E-03  -4.8561869589E-02  -9.4079040517E-03  -4.5398023420E-04  -6.1797701057E-04
   20     -2.8338000322E-02  -7.6571758341E-03  -2.9027675977E-01   1.9130980824E-04  -5.0972456223E-04
   21     -1.0859564579E-01  -1.0584301071E-01  -2.9928443017E-02  -1.5604847112E-02  -2.5533619283E-02
   22     -1.0554508794E-01  -2.2306848715E-01  -5.0561849171E-02   9.6265568310E-04   1.2013327151E-03
   23     -3.0613621634E-02  -5.2079306663E-02  -6.2806578515E-02   7.7982637263E-03   1.3169124067E-02
   24     -1.5558717207E-02   2.5562132515E-02  -9.1725526753E-03  -1.0822694965E-01   1.0564061683E-01
   25     -9.3401370659E-04   1.1592941984E-03  -6.1109152282E-04   1.0534167164E-01  -2.2343062998E-01
   26      7.7736249847E-03  -1.3182111560E-02   2.9961769446E-03  -3.0514691792E-02   5.2121778288E-02
   27      9.8081823515E-04  -2.9889692028E-04   3.2611472031E-02  -4.8349976517E-02   2.8607513432E-03
   28      4.5089877798E-04  -6.1843623650E-04   8.2205750335E-04   2.6886861911E-03  -4.8573343957E-02
   29      1.9240533169E-04   5.0979254922E-04  -1.6883564514E-02  -2.8318452638E-02   7.7337152142E-03
   30      9.2645554626E-04   6.1659772536E-04  -1.3583280320E-03  -5.9628384219E-03   1.6783779427E-03
   31      1.7599047643E-03   3.5737359544E-04  -5.7887500695E-04  -9.2400410685E-03   1.3328965081E-03
   32      2.0854345760E-04   2.2532995455E-04   3.7421629586E-04  -2.3448114539E-03  -1.1249456054E-04
   33     -6.8386224827E-04  -3.7180609466E-03  -1.7697550428E-03  -1.3918846873E-02  -1.3826366904E-03
   34     -1.8306460662E-03  -5.1082049706E-03  -2.4608915522E-03  -2.2231091577E-02  -2.3676652970E-03
   35     -1.0943790295E-03  -1.8075299899E-03  -2.6239693187E-04  -1.0509182998E-02  -1.4388775521E-03
   36     -1.4907480141E-04   5.9000394222E-04  -1.1017989232E-04  -2.1225249004E-03   2.8053050214E-03
   37      6.8765250038E-04   5.3538611323E-04  -1.9254682249E-04   4.7350558475E-03  -2.5462698268E-03
   38     -4.7257239543E-04  -3.4488573012E-04  -1.6750524122E-04   3.4049652546E-05  -3.6488524567E-04
   39     -2.1359371635E-03  -2.8059913854E-03  -7.0272913197E-04  -1.5121172922E-04  -5.8875655633E-04
   40     -4.7357753450E-03  -2.5324737640E-03  -1.7344301501E-03  -6.8646133959E-04   5.3747360219E-04
   41      3.4566646292E-05   3.6465133366E-04   1.2501281412E-03  -4.7224284699E-04   3.4588496518E-04
   42     -1.3877522537E-02   1.4025256582E-03   8.9806856244E-03  -6.7418636855E-04   3.7096950641E-03
   43      2.2252207104E-02  -2.4091458587E-03  -1.5915644862E-02   1.8227177135E-03  -5.1179289859E-03
   44     -1.0504804934E-02   1.4568113047E-03   5.0812992056E-03  -1.0912886149E-03   1.8092308871E-03
   45     -5.9505852263E-03  -1.6644895516E-03  -1.5877955068E-02   9.2219138319E-04  -6.1748642545E-04
   46      9.2539246923E-03   1.3178806911E-03   2.6985890383E-02  -1.7608443944E-03   3.6169910224E-04
   47     -2.3436464046E-03   1.1793772408E-04  -1.0540244557E-02   2.0775616997E-04  -2.2560927618E-04
                    5                  6                  7                  8                  9        
    0      3.8976401563E-02  -2.4203828074E-02  -9.8548840275E-03   8.7580150218E-03  -5.9546327115E-06
    1     -1.5366781728E-03  -2.8683621611E-02  -1.0677451261E-03   1.3745603654E-02   2.0931855031E-03
    2     -9.8357239635E-02  -6.7277262163E-03   2.6482699434E-03   4.7409835075E-03  -1.2447698429E-04
    3      2.7772351694E-02  -1.0643110156E-01  -3.9675350759E-02  -1.7159265582E-02   1.4474829057E-02
    4     -2.5059005513E-02  -3.8612342328E-02  -1.3963848475E-01  -2.5956041802E-02  -1.2774743525E-02
    5      5.5107533333E-01  -1.5810097989E-02  -2.6427931384E-02  -8.7307518557E-02   1.0852025466E-03
    6     -1.5810097989E-02   5.3574048962E-01   5.0140023915E-03  -1.9773096448E-02  -1.2062748570E-01
    7     -2.6427931384E-02   5.0140023915E-03   4.4594216536E-01  -1.6714383417E-02   5.1002762960E-02
    8     -8.7307518557E-02  -1.9773096448E-02  -1.6714383417E-02   5.3538148845E-01  -7.1622839241E-04
    9      1.0852025466E-03  -1.2062748570E-01   5.1002762960E-02  -7.1622839241E-04   8.0697246901E-01
   10      1.3630235918E-03   4.7720380850E-02  -1.6995412698E-01  -1.0502853448E-03   5.4630956724E-02
   11      4.8130312590E-04  -2.9936089219E-03   4.8135624871E-03  -7.1890763957E-02   6.6922204458E-02
   12     -1.2387212165E-04  -2.2353489469E-02   1.2466726919E-02  -3.4934877212E-03  -5.1594029612E-01
   13      5.6670845895E-04   3.1438117503E-02   3.4551259554E-03   4.6186251787E-03   2.9223675255E-03
   14      6.0286880851E-04  -5.2461278716E-03   1.1773900516E-03   6.2109434455E-03  -4.5851000421E-02
   15     -6.7307053813E-03   3.3633934986E-03  -8.4855189598E-04  -1.0413908012E-03  -2.2434903991E-02
   16     -2.6369231006E-03   8.3909733653E-04  -2.1466796878E-03  -5.9922304804E-04  -1.2421839306E-02
   17      4.7400167205E-03  -1.0408296851E-03   6.0105351795E-04  -8.0810652814E-03  -3.5022106291E-03
   18      3.2610150775E-02   1.9906352409E-03   7.9201573819E-04   4.8282504297E-04   2.9141445203E-04
   19     -8.7829285728E-04  -2.6288902287E-04   2.7259823595E-04   1.0892791352E-03  -1.4904610364E-04
   20     -1.6884970543E-02  -1.0895238948E-03  -3.5145996283E-04   7.7624676632E-04   5.0825486953E-04
   21     -9.1728771138E-03  -5.2248661731E-03   1.4190274098E-03   4.8116720946E-03  -1.5731327651E-04
   22      6.2659781808E-04   5.7418789598E-04   1.3109802447E-03   2.5834949282E-04   5.1153189414E-04
   23      2.9973370518E-03   2.5551701327E-03  -5.6387424515E-04  -8.6351934733E-04   3.7357324165E-05
   24     -2.9832068972E-02   9.6660569868E-03  -1.6245738821E-02   4.0878671194E-03  -2.2868409576E-03
   25      5.0602271538E-02   1.3678283696E-02  -2.2269421052E-02   5.6320687395E-03  -5.0021469757E-03
   26     -6.2802417825E-02   5.1450258664E-03  -1.0332195214E-02   6.6168544927E-04  -1.8798359632E-03
   27     -2.7893468945E-02  -4.6124297721E-03  -9.0249386051E-04  -1.8980559564E-02  -2.6889393970E-04
   28      9.4843750947E-03  -4.3062262962E-03  -1.0283780765E-03  -2.7308881588E-02  -1.0252442105E-03
   29     -2.9027696044E-01  -1.9031153239E-03   3.8531683813E-05  -9.9014879563E-03  -3.8925878624E-04
   30     -1.5924738508E-02  -6.8610445222E-02   7.5497053008E-03  -7.4939301707E-02  -1.1727601500E-02
   31     -2.6957046676E-02   1.0514679941E-02  -4.9055368065E-02   3.4987945433E-02   1.1936326654E-02
   32     -1.0544192146E-02  -7.3425557615E-02   2.9831304181E-02  -2.5533452180E-01  -1.9854816190E-03
   33      9.0078859897E-03  -2.0524891311E-01  -2.4000697891E-02   1.1793836020E-01  -1.8786100840E-02
   34      1.5898670721E-02  -2.3047535055E-02  -4.8686641168E-02   1.5242116517E-02   2.6109573151E-02
   35      5.0823008843E-03   1.1895336146E-01   1.5774701474E-02  -1.2950249849E-01  -3.0929447260E-03
   36     -6.9949703902E-04   1.0074386385E-02   1.5426763856E-02   2.0016796800E-03  -1.1681954106E-01
   37      1.7355606403E-03  -1.4079249509E-02  -1.8263907451E-02  -2.9628633970E-03  -1.1566847944E-01
   38      1.2497250159E-03   2.5128448536E-03   6.2561843801E-04   1.7862941392E-03  -1.0547345893E-02
   39     -1.0990744796E-04  -3.8080390452E-03  -2.4995238342E-03  -1.5402882686E-03  -1.4905511221E-02
   40      1.9278530795E-04  -6.7527487456E-04   1.7233722181E-03  -2.9851661415E-05  -1.7685063015E-03
   41     -1.6751486335E-04  -1.8089107397E-03  -1.1081145566E-03   1.2834264841E-02  -1.1990170404E-03
   42     -1.7652068800E-03   6.7356841949E-04   3.7299240051E-04   6.5607670891E-04   1.1556703439E-03
   43      2.4635472951E-03  -3.3967828236E-04  -3.4703524007E-04   4.1422951258E-04  -5.7010521729E-04
   44     -2.6208767826E-04   3.4651951983E-04  -8.9738425115E-05   2.9374976808E-04  -5.8328152142E-04
   45     -1.3573327192E-03  -3.8793202332E-04   6.1736219337E-05  -1.1080744014E-03   1.0660603800E-03
   46      5.8116760184E-04   1.4957525772E-04  -2.4645441491E-04  -1.3740377121E-03   1.3734606265E-04
   47      3.7401675119E-04   3.2086989464E-04   8.4615736315E-05   1.9571901082E-04   1.3104513638E-03
                   10                 11                 12                 13                 14        
    0      4.3279231262E-04   1.2398616631E-03   1.4477600737E-02  -1.1099874810E-02   5.4350143882E-03
    1      2.6681365154E-03   7.7055106563E-04   1.2688458425E-02  -3.4908702974E-02   8.4546771426E-03
    2     -5.6647387450E-04   6.0252044244E-04   1.0837639710E-03  -1.3664681636E-03   4.8152754966E-04
    3      1.1014322516E-02   5.4217589456E-03  -1.0771917135E-05  -4.2910073406E-04   1.2383767292E-03
    4     -3.4903507958E-02  -8.4663472896E-03  -2.0869379594E-03   2.6721781708E-03  -7.7264896964E-04
    5      1.3630235918E-03   4.8130312590E-04  -1.2387212165E-04   5.6670845895E-04   6.0286880851E-04
    6      4.7720380850E-02  -2.9936089219E-03  -2.2353489469E-02   3.1438117503E-02  -5.2461278716E-03
    7     -1.6995412698E-01   4.8135624871E-03   1.2466726919E-02   3.4551259554E-03   1.1773900516E-03
    8     -1.0502853448E-03  -7.1890763957E-02  -3.4934877212E-03   4.6186251787E-03   6.2109434455E-03
    9      5.4630956724E-02   6.6922204458E-02  -5.1594029612E-01   2.9223675255E-03  -4.5851000421E-02
   10      5.8283542888E-01   1.1597997224E-02  -2.2240395467E-03  -1.1509066842E-01   2.4901176978E-04
   11      1.1597997224E-02   1.4950863318E-01  -4.5850118549E-02  -1.6664171193E-04  -5.5340944143E-02
   12     -2.2240395467E-03  -4.5850118549E-02   8.0678785605E-01  -5.4994430253E-02   6.6900177937E-02
   13     -1.1509066842E-01  -1.6664171193E-04  -5.4994430253E-02   5.8315289561E-01  -1.1710269821E-02
   14      2.4901176978E-04  -5.5340944143E-02   6.6900177937E-02  -1.1710269821E-02   1.4950098798E-01
   15     -3.1394463700E-02  -5.2509868282E-03  -1.2082084243E-01  -4.7842603568E-02  -3.0016063296E-03
   16      3.5320625119E-03  -1.1687218355E-03  -5.1126753015E-02  -1.6985103095E-01  -4.8118104290E-03
   17     -4.6130166631E-03   6.2111893496E-03  -7.1539041385E-04   1.0467148239E-03  -7.1887259225E-02
   18     -7.6121242534E-05  -1.6989167416E-04  -2.6912715993E-04  -1.0546629477E-03   7.8462356466E-04
   19      2.0740566660E-05  -2.9901094837E-04   1.0286060706E-03   1.5464651393E-03   5.0173059217E-04
   20      5.0708088266E-04   3.7575251927E-05  -3.9028671619E-04  -5.9680924676E-04   4.5221217163E-04
   21      9.9155815377E-04   2.3127360004E-05  -2.2738629302E-03   2.5596827418E-03  -1.0590029194E-03
   22      2.7634032607E-04  -6.3816615254E-05   5.0007101075E-03  -3.1063918554E-03   1.6289996239E-03
   23     -1.2252977526E-04   9.4138451533E-06  -1.8764526263E-03   1.7152210110E-03   3.9557757236E-04
   24     -2.5608621594E-03  -1.0620598621E-03  -1.6005088637E-04  -9.9091782724E-04   2.3147058117E-05
   25     -3.0927700588E-03  -1.6276164333E-03  -5.1056768660E-04   2.7875704616E-04   6.3752029760E-05
   26     -1.7122884433E-03   3.9541645243E-04   3.7719923443E-05   1.2237277035E-04   9.4770009558E-06
   27      1.0577436407E-03   7.8400367526E-04   2.9186725442E-04   7.5501199264E-05  -1.6932491677E-04
   28      1.5462608612E-03  -5.0298213902E-04   1.4844768087E-04   2.0499185414E-05   2.9947725311E-04
   29      5.9777532558E-04   4.5239967087E-04   5.0739085399E-04  -5.0809514984E-04   3.7546885405E-05
   30      6.1416098019E-03  -1.7979292482E-02   1.0703581168E-03   2.8611155517E-03   2.2092389213E-04
   31     -4.0189613969E-03   2.5778646975E-02  -1.4476564845E-04  -2.9109370991E-03  -4.5677100230E-04
   32      2.1081636569E-03   1.5583708754E-03   1.3111653389E-03   5.5101023887E-04   2.8300837144E-04
   33      2.5986902591E-05   9.4262043526E-03   1.1618313736E-03   3.1673914105E-03   5.5117334098E-04
   34      2.3207440235E-03  -1.7366512040E-02   5.6004849269E-04  -4.5781983345E-03   1.4175359304E-04
   35      5.1501490903E-04   1.5545421282E-03  -5.8398835123E-04  -5.1972447389E-04  -2.8344576711E-04
   36     -1.1093123342E-01  -9.5651754175E-03  -1.4953104093E-02  -3.1220632645E-02  -1.7108989052E-03
   37     -2.6000030839E-01  -1.3473666987E-02   1.8004268433E-03   1.3924160777E-03   1.1551506254E-04
   38     -1.2176179073E-02  -3.7014275984E-02  -1.2042989525E-03  -3.3061607851E-03   3.4327034182E-03
   39      3.1252804346E-02  -1.7109763578E-03  -1.1641155849E-01   1.1069197654E-01  -9.5405269344E-03
   40      1.3388255024E-03  -1.1211319179E-04   1.1542886544E-01  -2.6045177331E-01   1.3489108542E-02
   41      3.3088188648E-03   3.4351135504E-03  -1.0525088928E-02   1.2194181232E-02  -3.7008479659E-02
   42     -3.1771473704E-03   5.5116437426E-04  -1.8834697154E-02   9.1201487204E-06   9.4588069973E-03
   43     -4.5717562350E-03  -1.4264675921E-04  -2.6075111206E-02   2.3650339456E-03   1.7353406730E-02
   44      5.2072961622E-04  -2.8352207091E-04  -3.0950571824E-03  -5.0932190763E-04   1.5560364051E-03
   45     -2.8682272053E-03   2.2139667802E-04  -1.1761712876E-02  -6.1274590209E-03  -1.8026307985E-02
   46     -2.9064397491E-03   4.5581674429E-04  -1.1925275481E-02  -3.9856681917E-03  -2.5749685217E-02
   47     -5.5334121235E-04   2.8302828062E-04  -1.9896240877E-03  -2.1049794070E-03   1.5572391890E-03
                   15                 16                 17                 18                 19        
    0     -1.0629872153E-01   3.9614538472E-02  -1.7109919254E-02  -4.8360532476E-02  -2.6848839968E-03
    1      3.8550275454E-02  -1.3976497415E-01   2.5977511264E-02  -2.8569457513E-03  -4.8561869589E-02
    2     -1.5760227482E-02   2.6447005764E-02  -8.7303838390E-02  -2.7917097219E-02  -9.4079040517E-03
    3     -2.4132204392E-02   9.8917539113E-03   8.7349661389E-03   9.8011877098E-04  -4.5398023420E-04
    4      2.8720690457E-02  -1.1340499902E-03  -1.3762689431E-02   2.9317460645E-04  -6.1797701057E-04
    5     -6.7307053813E-03  -2.6369231006E-03   4.7400167205E-03   3.2610150775E-02  -8.7829285728E-04
    6      3.3633934986E-03   8.3909733653E-04  -1.0408296851E-03   1.9906352409E-03  -2.6288902287E-04
    7     -8.4855189598E-04  -2.1466796878E-03   6.0105351795E-04   7.9201573819E-04   2.7259823595E-04
    8     -1.0413908012E-03  -5.9922304804E-04  -8.0810652814E-03   4.8282504297E-04   1.0892791352E-03
    9     -2.2434903991E-02  -1.2421839306E-02  -3.5022106291E-03   2.9141445203E-04  -1.4904610364E-04
   10     -3.1394463700E-02   3.5320625119E-03  -4.6130166631E-03  -7.6121242534E-05   2.0740566660E-05
   11     -5.2509868282E-03  -1.1687218355E-03   6.2111893496E-03  -1.6989167416E-04  -2.9901094837E-04
   12     -1.2082084243E-01  -5.1126753015E-02  -7.1539041385E-04  -2.6912715993E-04   1.0286060706E-03
   13     -4.7842603568E-02  -1.6985103095E-01   1.0467148239E-03  -1.0546629477E-03   1.5464651393E-03
   14     -3.0016063296E-03  -4.8118104290E-03  -7.1887259225E-02   7.8462356466E-04   5.0173059217E-04
   15      5.3577828040E-01  -5.1157794143E-03  -1.9752527626E-02  -4.6036892433E-03   4.3128772008E-03
   16     -5.1157794143E-03   4.4600038747E-01   1.6754775577E-02   9.1001700909E-04  -1.0398647098E-03
   17     -1.9752527626E-02   1.6754775577E-02   5.3544635942E-01  -1.8931484735E-02   2.7342066495E-02
   18     -4.6036892433E-03   9.1001700909E-04  -1.8931484735E-02   5.7605419758E-02  -1.5705395410E-03
   19      4.3128772008E-03  -1.0398647098E-03   2.7342066495E-02  -1.5705395410E-03   5.0712767590E-02
   20     -1.9023769467E-03  -3.5197428058E-05  -9.8972940411E-03   2.8541087446E-02   6.9693686223E-03
   21      9.6704750840E-03   1.6189955616E-02   4.0791595188E-03  -2.0952009506E-03  -2.2303663291E-03
   22     -1.3734601273E-02  -2.2272187699E-02  -5.6406180624E-03   1.0059016433E-06  -6.6191915399E-04
   23      5.1623235543E-03   1.0321075892E-02   6.6189425850E-04  -1.5784530967E-02  -2.6803330975E-02
   24     -5.2275636111E-03  -1.4081049231E-03   4.8108598928E-03   1.0437059181E-03  -1.0503365955E-04
   25     -5.6308726106E-04   1.3144638109E-03  -2.6652114671E-04   2.4363563980E-04  -1.6666831286E-05
   26      2.5556970561E-03   5.5959763526E-04  -8.6350305117E-04  -5.9672166238E-04  -2.9568530835E-04
   27      1.9898586267E-03  -7.9499605089E-04   4.8031403885E-04  -5.5876461671E-03   2.8933010796E-04
   28      2.5978925592E-04   2.7375108703E-04  -1.0900052875E-03  -2.7839734143E-04   7.5841462082E-04
   29     -1.0889048360E-03   3.5339331244E-04   7.7618733092E-04   3.2602598204E-03   4.7879820213E-04
   30     -3.8825258527E-04  -6.1417966426E-05  -1.1056586338E-03  -4.0815083414E-04  -1.6612493000E-04
   31     -1.4932861839E-04  -2.4581285755E-04   1.3761173912E-03  -1.7211940071E-04   2.1499862985E-04
   32      3.2082867415E-04  -8.5208265484E-05   1.9577834765E-04  -6.0647162335E-04   7.6050770824E-05
   33      6.7354887221E-04  -3.7487429737E-04   6.5525626978E-04   3.0448431240E-04   2.8775750131E-05
   34      3.3781121951E-04  -3.4705170401E-04  -4.1541384739E-04   4.0712926049E-04   3.6154065810E-05
   35      3.4671207611E-04   8.9075794676E-05   2.9365736462E-04  -2.5711153394E-04  -4.0339463959E-05
   36     -3.8022246529E-03   2.5096241360E-03  -1.5398924708E-03   1.1197855867E-04  -6.3188062524E-05
   37      6.8508541628E-04   1.7176161968E-03   3.2462628559E-05  -3.5454124771E-05   2.1882249236E-05
   38     -1.8071609533E-03   1.1107709103E-03   1.2834590295E-02  -1.4673553933E-04  -1.0423516120E-04
   39      1.0073468728E-02  -1.5477513336E-02   2.0065739968E-03  -7.0903457451E-05   5.7095075387E-05
   40      1.4029580877E-02  -1.8261609262E-02   2.9588968843E-03   1.2095736542E-06   3.6054632574E-05
   41      2.5126266925E-03  -6.3134617017E-04   1.7857085822E-03   1.8554388176E-04  -3.5244244007E-04
   42     -2.0518973515E-01   2.4264923499E-02   1.1794770031E-01   3.0237834776E-04  -4.1714263461E-04
   43      2.3310947591E-02  -4.8759574245E-02  -1.5444059668E-02  -4.5667609721E-04   1.2226565104E-03
   44      1.1896106032E-01  -1.5978324218E-02  -1.2953144883E-01  -2.3337408871E-04  -3.2179955744E-04
   45     -6.8650887622E-02  -7.5163386754E-03  -7.5031799675E-02  -1.2348850702E-03   2.3906347029E-03
   46     -1.0480934736E-02  -4.9015445816E-02  -3.4848962601E-02   3.8486043237E-03  -3.9444349461E-03
   47     -7.3508478223E-02  -2.9697252264E-02  -2.5538097285E-01  -1.2162555737E-03   2.0427407518E-03
                   20                 21                 22                 23                 24        
    0     -2.8338000322E-02  -1.0859564579E-01  -1.0554508794E-01  -3.0613621634E-02  -1.5558717207E-02
    1     -7.6571758341E-03  -1.0584301071E-01  -2.2306848715E-01  -5.2079306663E-02   2.5562132515E-02
    2     -2.9027675977E-01  -2.9928443017E-02  -5.0561849171E-02  -6.2806578515E-02  -9.1725526753E-03
    3      1.9130980824E-04  -1.5604847112E-02   9.6265568310E-04   7.7982637263E-03  -1.0822694965E-01
    4     -5.0972456223E-04  -2.5533619283E-02   1.2013327151E-03   1.3169124067E-02   1.0564061683E-01
    5     -1.6884970543E-02  -9.1728771138E-03   6.2659781808E-04   2.9973370518E-03  -2.9832068972E-02
    6     -1.0895238948E-03  -5.2248661731E-03   5.7418789598E-04   2.5551701327E-03   9.6660569868E-03
    7     -3.5145996283E-04   1.4190274098E-03   1.3109802447E-03  -5.6387424515E-04  -1.6245738821E-02
    8      7.7624676632E-04   4.8116720946E-03   2.5834949282E-04  -8.6351934733E-04   4.0878671194E-03
    9      5.0825486953E-04  -1.5731327651E-04   5.1153189414E-04   3.7357324165E-05  -2.2868409576E-03
   10      5.0708088266E-04   9.9155815377E-04   2.7634032607E-04  -1.2252977526E-04  -2.5608621594E-03
   11      3.7575251927E-05   2.3127360004E-05  -6.3816615254E-05   9.4138451533E-06  -1.0620598621E-03
   12     -3.9028671619E-04  -2.2738629302E-03   5.0007101075E-03  -1.8764526263E-03  -1.6005088637E-04
   13     -5.9680924676E-04   2.5596827418E-03  -3.1063918554E-03   1.7152210110E-03  -9.9091782724E-04
   14      4.5221217163E-04  -1.0590029194E-03   1.6289996239E-03   3.9557757236E-04   2.3147058117E-05
   15     -1.9023769467E-03   9.6704750840E-03  -1.3734601273E-02   5.1623235543E-03  -5.2275636111E-03
   16     -3.5197428058E-05   1.6189955616E-02  -2.2272187699E-02   1.0321075892E-02  -1.4081049231E-03
   17     -9.8972940411E-03   4.0791595188E-03  -5.6406180624E-03   6.6189425850E-04   4.8108598928E-03
   18      2.8541087446E-02  -2.0952009506E-03   1.0059016433E-06  -1.5784530967E-02   1.0437059181E-03
   19      6.9693686223E-03  -2.2303663291E-03  -6.6191915399E-04  -2.6803330975E-02  -1.0503365955E-04
   20      3.1932670776E-01  -5.8821644480E-04  -1.4100245741E-04  -6.9709217003E-03   2.9427951328E-04
   21     -5.8821644480E-04   1.2143638629E-01   1.1391491749E-01   3.2292500519E-02   7.7518646491E-04
   22     -1.4100245741E-04   1.1391491749E-01   2.4519978294E-01   5.3457011727E-02  -3.6190303217E-04
   23     -6.9709217003E-03   3.2292500519E-02   5.3457011727E-02   6.4350489527E-02  -7.8650865253E-04
   24      2.9427951328E-04   7.7518646491E-04  -3.6190303217E-04  -7.8650865253E-04   1.2103464877E-01
   25     -3.9115708084E-04   3.6198826526E-04   8.9744572122E-04  -2.0665342528E-04  -1.1369417313E-01
   26      3.9603509021E-04  -7.8605865597E-04   2.0792588344E-04   5.0616523899E-04   3.2190888769E-02
   27      3.2595453237E-03   1.0435661827E-03  -2.4546196500E-04  -5.9633816988E-04  -2.0909712997E-03
   28     -4.8472583863E-04   1.0320387477E-04  -1.6650881002E-05   2.9662975713E-04   2.2321792280E-03
   29      3.3548536515E-04   2.9487940851E-04   3.9060716956E-04   3.9617840400E-04  -5.8754071089E-04
   30      6.5434698331E-04   1.4559977482E-04  -9.7486490964E-05   3.6279017643E-04   9.9140638499E-04
   31      5.6179270750E-04   1.8271230373E-04   6.9750049953E-06   1.0920370975E-04   5.0659137426E-04
   32      4.1231267524E-04  -2.4209357417E-05  -5.8889338410E-05   1.0088372816E-04   2.2877429640E-04
   33     -4.5993631896E-05  -1.1808207766E-03   2.3869439755E-04   4.8471472639E-04   3.2467308605E-04
   34     -1.4114267660E-04  -1.9323318854E-03   1.1614371030E-04   5.1427894983E-04   5.5341684436E-04
   35      3.9414530338E-04  -4.9908175647E-04  -1.2461563101E-04   4.9429654181E-04   4.3642513571E-04
   36      7.4492720835E-05   1.5010848946E-04  -1.0225039738E-04   1.8523097669E-05   5.9706790858E-04
   37      9.1840999433E-05  -1.1691966862E-04   5.8994088926E-05  -2.7592993872E-06  -9.9579745156E-04
   38     -1.4155947492E-04   3.0564203524E-05  -1.7514286966E-04  -1.0522085307E-04  -1.3136549666E-04
   39      5.4361439957E-05   5.9706777711E-04  -1.0378164614E-03   3.3902889175E-04   1.5056140359E-04
   40      1.4271715950E-04   9.9247550701E-04  -1.2905114606E-03   5.8567496168E-04   1.1680863681E-04
   41      6.4891392485E-05  -1.3097462520E-04   2.2474598187E-04   1.5120520164E-04   3.0901218387E-05
   42     -4.2646293720E-04   3.2431418479E-04   3.0395251816E-04   2.1608452153E-05  -1.1776179623E-03
   43      1.7065266749E-04  -5.5374728001E-04   1.5045286572E-04  -4.8563500260E-04   1.9345110574E-03
   44      1.0029522100E-03   4.3555017838E-04  -4.9639617116E-04  -7.9263338055E-06  -4.9876798209E-04
   45     -8.0163312528E-04   9.8985276051E-04  -3.8227459476E-04   5.7723161736E-04   1.4540465263E-04
   46      1.8679482426E-03  -5.0629994775E-04   1.1977005908E-03   9.3300457345E-05  -1.8284229548E-04
   47      9.7294154552E-04   2.2935043831E-04   4.7066147220E-04   6.9072538021E-04  -2.4106245480E-05
                   25                 26                 27                 28                 29        
    0     -9.3401370659E-04   7.7736249847E-03   9.8081823515E-04   4.5089877798E-04   1.9240533169E-04
    1      1.1592941984E-03  -1.3182111560E-02  -2.9889692028E-04  -6.1843623650E-04   5.0979254922E-04
    2     -6.1109152282E-04   2.9961769446E-03   3.2611472031E-02   8.2205750335E-04  -1.6883564514E-02
    3      1.0534167164E-01  -3.0514691792E-02  -4.8349976517E-02   2.6886861911E-03  -2.8318452638E-02
    4     -2.2343062998E-01   5.2121778288E-02   2.8607513432E-03  -4.8573343957E-02   7.7337152142E-03
    5      5.0602271538E-02  -6.2802417825E-02  -2.7893468945E-02   9.4843750947E-03  -2.9027696044E-01
    6      1.3678283696E-02   5.1450258664E-03  -4.6124297721E-03  -4.3062262962E-03  -1.9031153239E-03
    7     -2.2269421052E-02  -1.0332195214E-02  -9.0249386051E-04  -1.0283780765E-03   3.8531683813E-05
    8      5.6320687395E-03   6.6168544927E-04  -1.8980559564E-02  -2.7308881588E-02  -9.9014879563E-03
    9     -5.0021469757E-03  -1.8798359632E-03  -2.6889393970E-04  -1.0252442105E-03  -3.8925878624E-04
   10     -3.0927700588E-03  -1.7122884433E-03   1.0577436407E-03   1.5462608612E-03   5.9777532558E-04
   11     -1.6276164333E-03   3.9541645243E-04   7.8400367526E-04  -5.0298213902E-04   4.5239967087E-04
   12     -5.1056768660E-04   3.7719923443E-05   2.9186725442E-04   1.4844768087E-04   5.0739085399E-04
   13      2.7875704616E-04   1.2237277035E-04   7.5501199264E-05   2.0499185414E-05  -5.0809514984E-04
   14      6.3752029760E-05   9.4770009558E-06  -1.6932491677E-04   2.9947725311E-04   3.7546885405E-05
   15     -5.6308726106E-04   2.5556970561E-03   1.9898586267E-03   2.5978925592E-04  -1.0889048360E-03
   16      1.3144638109E-03   5.5959763526E-04  -7.9499605089E-04   2.7375108703E-04   3.5339331244E-04
   17     -2.6652114671E-04  -8.6350305117E-04   4.8031403885E-04  -1.0900052875E-03   7.7618733092E-04
   18      2.4363563980E-04  -5.9672166238E-04  -5.5876461671E-03  -2.7839734143E-04   3.2602598204E-03
   19     -1.6666831286E-05  -2.9568530835E-04   2.8933010796E-04   7.5841462082E-04   4.7879820213E-04
   20     -3.9115708084E-04   3.9603509021E-04   3.2595453237E-03  -4.8472583863E-04   3.3548536515E-04
   21      3.6198826526E-04  -7.8605865597E-04   1.0435661827E-03   1.0320387477E-04   2.9487940851E-04
   22      8.9744572122E-04   2.0792588344E-04  -2.4546196500E-04  -1.6650881002E-05   3.9060716956E-04
   23     -2.0665342528E-04   5.0616523899E-04  -5.9633816988E-04   2.9662975713E-04   3.9617840400E-04
   24     -1.1369417313E-01   3.2190888769E-02  -2.0909712997E-03   2.2321792280E-03  -5.8754071089E-04
   25      2.4559294600E-01  -5.3499769266E-02   2.2931537336E-06  -6.6784100167E-04   1.4229949747E-04
   26     -5.3499769266E-02   6.4345409749E-02  -1.5736408317E-02   2.6830813691E-02  -6.9682923989E-03
   27      2.2931537336E-06  -1.5736408317E-02   5.7608535218E-02   1.5552506812E-03   2.8522967762E-02
   28     -6.6784100167E-04   2.6830813691E-02   1.5552506812E-03   5.0708537875E-02  -7.0465051442E-03
   29      1.4229949747E-04  -6.9682923989E-03   2.8522967762E-02  -7.0465051442E-03   3.1932731504E-01
   30      3.8246259363E-04   5.7714339221E-04  -1.2458342662E-03  -2.3954084275E-03  -8.0523807245E-04
   31      1.1962251432E-03  -9.4380710329E-05  -3.8532665885E-03  -3.9331458200E-03  -1.8672325302E-03
   32     -4.7124125213E-04   6.9078563477E-04  -1.2204242448E-03  -2.0415312609E-03   9.7257694725E-04
   33     -3.0449144395E-04   2.2420310932E-05   3.0390222802E-04   4.1876297758E-04  -4.2657482866E-04
   34      1.4991818552E-04   4.8557066831E-04   4.5839124037E-04   1.2210354872E-03  -1.6980267477E-04
   35      4.9565375217E-04  -7.8609532931E-06  -2.3266318182E-04   3.2232175055E-04   1.0030058749E-03
   36      1.0344014393E-03   3.3807319436E-04  -7.1062630899E-05  -5.6959570470E-05   5.4051188085E-05
   37     -1.2906367930E-03  -5.8638727023E-04  -1.0246979390E-06   3.6268696213E-05  -1.4277253802E-04
   38     -2.2458052262E-04   1.5114691600E-04   1.8608387196E-04   3.5198842355E-04   6.4884127841E-05
   39      1.0204033360E-04   1.8568423441E-05   1.1212500336E-04   6.3035592555E-05   7.4361887153E-05
   40      5.8646960998E-05   2.7099256534E-06   3.5385682602E-05   2.1676643856E-05  -9.1968986494E-05
   41      1.7523814421E-04  -1.0523081143E-04  -1.4659219797E-04   1.0451744445E-04  -1.4156524025E-04
   42     -2.3644508436E-04   4.8373656626E-04   3.0365041462E-04  -2.9216331763E-05  -4.5711365862E-05
   43      1.1321052825E-04  -5.1509801601E-04  -4.0761002113E-04   3.6871388412E-05   1.4112809586E-04
   44      1.2544616849E-04   4.9418334415E-04  -2.5707644986E-04   4.0712319763E-05   3.9407796922E-04
   45      9.7265330781E-05   3.6264549820E-04  -4.0750857010E-04   1.6707885831E-04   6.5359588422E-04
   46      7.0581185735E-06  -1.0987111431E-04   1.7322211466E-04   2.1448012778E-04  -5.6294153702E-04
   47      5.8918821708E-05   1.0082321897E-04  -6.0664629090E-04  -7.4984469068E-05   4.1221293381E-04
                   30                 31                 32                 33                 34        
    0      9.2645554626E-04   1.7599047643E-03   2.0854345760E-04  -6.8386224827E-04  -1.8306460662E-03
    1      6.1659772536E-04   3.5737359544E-04   2.2532995455E-04  -3.7180609466E-03  -5.1082049706E-03
    2     -1.3583280320E-03  -5.7887500695E-04   3.7421629586E-04  -1.7697550428E-03  -2.4608915522E-03
    3     -5.9628384219E-03  -9.2400410685E-03  -2.3448114539E-03  -1.3918846873E-02  -2.2231091577E-02
    4      1.6783779427E-03   1.3328965081E-03  -1.1249456054E-04  -1.3826366904E-03  -2.3676652970E-03
    5     -1.5924738508E-02  -2.6957046676E-02  -1.0544192146E-02   9.0078859897E-03   1.5898670721E-02
    6     -6.8610445222E-02   1.0514679941E-02  -7.3425557615E-02  -2.0524891311E-01  -2.3047535055E-02
    7      7.5497053008E-03  -4.9055368065E-02   2.9831304181E-02  -2.4000697891E-02  -4.8686641168E-02
    8     -7.4939301707E-02   3.4987945433E-02  -2.5533452180E-01   1.1793836020E-01   1.5242116517E-02
    9     -1.1727601500E-02   1.1936326654E-02  -1.9854816190E-03  -1.8786100840E-02   2.6109573151E-02
   10      6.1416098019E-03  -4.0189613969E-03   2.1081636569E-03   2.5986902591E-05   2.3207440235E-03
   11     -1.7979292482E-02   2.5778646975E-02   1.5583708754E-03   9.4262043526E-03  -1.7366512040E-02
   12      1.0703581168E-03  -1.4476564845E-04   1.3111653389E-03   1.1618313736E-03   5.6004849269E-04
   13      2.8611155517E-03  -2.9109370991E-03   5.5101023887E-04   3.1673914105E-03  -4.5781983345E-03
   14      2.2092389213E-04  -4.5677100230E-04   2.8300837144E-04   5.5117334098E-04   1.4175359304E-04
   15     -3.8825258527E-04  -1.4932861839E-04   3.2082867415E-04   6.7354887221E-04   3.3781121951E-04
   16     -6.1417966426E-05  -2.4581285755E-04  -8.5208265484E-05  -3.7487429737E-04  -3.4705170401E-04
   17     -1.1056586338E-03   1.3761173912E-03   1.9577834765E-04   6.5525626978E-04  -4.1541384739E-04
   18     -4.0815083414E-04  -1.7211940071E-04  -6.0647162335E-04   3.0448431240E-04   4.0712926049E-04
   19     -1.6612493000E-04   2.1499862985E-04   7.6050770824E-05   2.8775750131E-05   3.6154065810E-05
   20      6.5434698331E-04   5.6179270750E-04   4.1231267524E-04  -4.5993631896E-05  -1.4114267660E-04
   21      1.4559977482E-04   1.8271230373E-04  -2.4209357417E-05  -1.1808207766E-03  -1.9323318854E-03
   22     -9.7486490964E-05   6.9750049953E-06  -5.8889338410E-05   2.3869439755E-04   1.1614371030E-04
   23      3.6279017643E-04   1.0920370975E-04   1.0088372816E-04   4.8471472639E-04   5.1427894983E-04
   24      9.9140638499E-04   5.0659137426E-04   2.2877429640E-04   3.2467308605E-04   5.5341684436E-04
   25      3.8246259363E-04   1.1962251432E-03  -4.7124125213E-04  -3.0449144395E-04   1.4991818552E-04
   26      5.7714339221E-04  -9.4380710329E-05   6.9078563477E-04   2.2420310932E-05   4.8557066831E-04
   27     -1.2458342662E-03  -3.8532665885E-03  -1.2204242448E-03   3.0390222802E-04   4.5839124037E-04
   28     -2.3954084275E-03  -3.9331458200E-03  -2.0415312609E-03   4.1876297758E-04   1.2210354872E-03
   29     -8.0523807245E-04  -1.8672325302E-03   9.7257694725E-04  -4.2657482866E-04  -1.6980267477E-04
   30      7.7788289091E-02  -1.2726024051E-02   8.3863105789E-02   8.1065760967E-03  -4.0058645880E-03
   31     -1.2726024051E-02   5.7428312154E-02  -3.3375759582E-02   1.0130069868E-03  -8.0881863172E-04
   32      8.3863105789E-02  -3.3375759582E-02   2.8064494643E-01  -5.8577626081E-03   2.8382747086E-03
   33      8.1065760967E-03   1.0130069868E-03  -5.8577626081E-03   2.2858553399E-01   2.4488154074E-02
   34     -4.0058645880E-03  -8.0881863172E-04   2.8382747086E-03   2.4488154074E-02   5.6560247948E-02
   35      2.4460982252E-02   3.6057660830E-03  -1.9184859507E-02  -1.2819041378E-01  -1.6602257690E-02
   36      1.1482231667E-04  -4.7190534056E-04  -5.1316969922E-04   1.0060738238E-03  -6.3957419742E-04
   37      2.7844188319E-04  -2.6755207366E-04   6.5263460415E-04   2.8063992308E-04   9.9236177322E-04
   38      9.8625456995E-05  -9.1073674759E-04  -1.9512505357E-04  -5.7892556202E-04   9.5633344734E-05
   39     -6.6940515081E-04   7.3435432215E-04  -1.1226131544E-04  -6.8689838967E-04   7.6270230705E-04
   40      1.3091661200E-04  -5.6603735906E-05  -3.5884679533E-05   4.9730866663E-05   4.3784663544E-05
   41      1.6342084613E-03  -2.3104638267E-03  -5.0368905756E-05  -1.2165283379E-03   2.0603033016E-03
   42      8.8842567175E-05  -5.3181974927E-05  -6.8530275602E-06  -5.0154120447E-05  -2.7997589680E-05
   43     -2.5198872570E-05   2.4206041593E-04   4.4333659044E-05   2.8471914825E-05   2.1424108488E-04
   44      9.6584714491E-05  -1.4132839667E-05   1.1651634354E-05  -4.1519618736E-06  -7.0902037381E-05
   45     -2.1982191376E-04   1.5587104147E-04   1.5410629696E-04   8.8972576201E-05   2.5424625065E-05
   46     -1.5451678080E-04   5.1835822785E-04  -1.3869428205E-04   5.3535808722E-05   2.4194916316E-04
   47      1.5432502887E-04   1.3852807041E-04   6.4536471210E-05  -6.9243139840E-06  -4.4312223718E-05
                   35                 36                 37                 38                 39        
    0     -1.0943790295E-03  -1.4907480141E-04   6.8765250038E-04  -4.7257239543E-04  -2.1359371635E-03
    1     -1.8075299899E-03   5.9000394222E-04   5.3538611323E-04  -3.4488573012E-04  -2.8059913854E-03
    2     -2.6239693187E-04  -1.1017989232E-04  -1.9254682249E-04  -1.6750524122E-04  -7.0272913197E-04
    3     -1.0509182998E-02  -2.1225249004E-03   4.7350558475E-03   3.4049652546E-05  -1.5121172922E-04
    4     -1.4388775521E-03   2.8053050214E-03  -2.5462698268E-03  -3.6488524567E-04  -5.8875655633E-04
    5      5.0823008843E-03  -6.9949703902E-04   1.7355606403E-03   1.2497250159E-03  -1.0990744796E-04
    6      1.1895336146E-01   1.0074386385E-02  -1.4079249509E-02   2.5128448536E-03  -3.8080390452E-03
    7      1.5774701474E-02   1.5426763856E-02  -1.8263907451E-02   6.2561843801E-04  -2.4995238342E-03
    8     -1.2950249849E-01   2.0016796800E-03  -2.9628633970E-03   1.7862941392E-03  -1.5402882686E-03
    9     -3.0929447260E-03  -1.1681954106E-01  -1.1566847944E-01  -1.0547345893E-02  -1.4905511221E-02
   10      5.1501490903E-04  -1.1093123342E-01  -2.6000030839E-01  -1.2176179073E-02   3.1252804346E-02
   11      1.5545421282E-03  -9.5651754175E-03  -1.3473666987E-02  -3.7014275984E-02  -1.7109763578E-03
   12     -5.8398835123E-04  -1.4953104093E-02   1.8004268433E-03  -1.2042989525E-03  -1.1641155849E-01
   13     -5.1972447389E-04  -3.1220632645E-02   1.3924160777E-03  -3.3061607851E-03   1.1069197654E-01
   14     -2.8344576711E-04  -1.7108989052E-03   1.1551506254E-04   3.4327034182E-03  -9.5405269344E-03
   15      3.4671207611E-04  -3.8022246529E-03   6.8508541628E-04  -1.8071609533E-03   1.0073468728E-02
   16      8.9075794676E-05   2.5096241360E-03   1.7176161968E-03   1.1107709103E-03  -1.5477513336E-02
   17      2.9365736462E-04  -1.5398924708E-03   3.2462628559E-05   1.2834590295E-02   2.0065739968E-03
   18     -2.5711153394E-04   1.1197855867E-04  -3.5454124771E-05  -1.4673553933E-04  -7.0903457451E-05
   19     -4.0339463959E-05  -6.3188062524E-05   2.1882249236E-05  -1.0423516120E-04   5.7095075387E-05
   20      3.9414530338E-04   7.4492720835E-05   9.1840999433E-05  -1.4155947492E-04   5.4361439957E-05
   21     -4.9908175647E-04   1.5010848946E-04  -1.1691966862E-04   3.0564203524E-05   5.9706777711E-04
   22     -1.2461563101E-04  -1.0225039738E-04   5.8994088926E-05  -1.7514286966E-04  -1.0378164614E-03
   23      4.9429654181E-04   1.8523097669E-05  -2.7592993872E-06  -1.0522085307E-04   3.3902889175E-04
   24      4.3642513571E-04   5.9706790858E-04  -9.9579745156E-04  -1.3136549666E-04   1.5056140359E-04
   25      4.9565375217E-04   1.0344014393E-03  -1.2906367930E-03  -2.2458052262E-04   1.0204033360E-04
   26     -7.8609532931E-06   3.3807319436E-04  -5.8638727023E-04   1.5114691600E-04   1.8568423441E-05
   27     -2.3266318182E-04  -7.1062630899E-05  -1.0246979390E-06   1.8608387196E-04   1.1212500336E-04
   28      3.2232175055E-04  -5.6959570470E-05   3.6268696213E-05   3.5198842355E-04   6.3035592555E-05
   29      1.0030058749E-03   5.4051188085E-05  -1.4277253802E-04   6.4884127841E-05   7.4361887153E-05
   30      2.4460982252E-02   1.1482231667E-04   2.7844188319E-04   9.8625456995E-05  -6.6940515081E-04
   31      3.6057660830E-03  -4.7190534056E-04  -2.6755207366E-04  -9.1073674759E-04   7.3435432215E-04
   32     -1.9184859507E-02  -5.1316969922E-04   6.5263460415E-04  -1.9512505357E-04  -1.1226131544E-04
   33     -1.2819041378E-01   1.0060738238E-03   2.8063992308E-04  -5.7892556202E-04  -6.8689838967E-04
   34     -1.6602257690E-02  -6.3957419742E-04   9.9236177322E-04   9.5633344734E-05   7.6270230705E-04
   35      1.4002797144E-01   2.8082048163E-04  -5.0307521366E-04   5.1712663773E-04  -1.0009666403E-04
   36      2.8082048163E-04   1.2647650643E-01   1.2261042384E-01   1.0799547822E-02   7.4582171819E-04
   37     -5.0307521366E-04   1.2261042384E-01   2.7618894881E-01   1.5259173041E-02  -1.1541111508E-04
   38      5.1712663773E-04   1.0799547822E-02   1.5259173041E-02   2.5240907790E-02   7.9643867083E-04
