
$orca_hessian_file

$act_atom
  0

$act_coord
  0

$act_energy
        0.000000

$multiplicity
  1

$hessian
48
                    0                  1                  2                  3                  4        
    0      4.8639981435E-01  -4.9260230518E-03   3.6773141589E-02  -1.6979771910E-01   9.7702994530E-03
    1     -4.9260230518E-03   5.6317665210E-01  -4.4258903243E-05   1.5187956363E-02  -7.3789381410E-02
    2      3.6773141589E-02  -4.4258903243E-05   5.5180866103E-01   5.4611763079E-02  -1.3735914303E-03
    3     -1.6979771910E-01   1.5187956363E-02   5.4611763079E-02   5.1442121945E-01  -5.0402064577E-02
    4      9.7702994530E-03  -7.3789381410E-02  -1.3735914303E-03  -5.0402064577E-02   3.7485499583E-01
    5      4.7209622985E-02  -1.3756479470E-03  -1.0378176619E-01   2.6728579861E-03  -1.5314307502E-02
    6     -2.9460695642E-04   3.2431266554E-04   3.2466820248E-02  -5.0507335368E-02   5.0064341360E-03
    7      1.4625543553E-03   2.2434421099E-03  -1.3698163504E-03   5.8627211361E-03  -4.2802389823E-02
    8      4.8741120037E-04   1.4011152661E-03  -1.4902099274E-02  -9.4332518491E-03   7.6024096289E-03
    9     -2.1527069397E-02   2.5549154802E-02  -9.4370267471E-03  -1.0369097070E-01   4.5257856201E-02
   10      3.7789827906E-03   3.5598769862E-03  -6.6618558524E-04   4.1679465377E-02  -1.1739391851E-01
   11      5.9183048381E-03  -9.9822447533E-03   3.6231474244E-03  -2.1665771705E-02   3.2440842840E-02
   12     -1.0303735998E-03   3.7234677652E-03  -1.6942975597E-03  -3.9338603583E-02   9.8946698427E-03
   13      1.4216972728E-03  -4.8571344765E-03   9.9884398394E-04   1.5062863086E-02   6.2503792729E-03
   14     -6.6608513610E-04   1.5209162760E-03  -1.1459456656E-03  -1.2834930271E-02  -2.6035532221E-03
   15     -6.7617974939E-04  -1.0217172203E-03  -1.7119909759E-03  -3.9759765622E-02  -2.4043786307E-02
   16     -1.8391988095E-03  -5.9970242459E-03  -1.6004249278E-03  -2.3657186906E-02   9.8813047768E-03
   17      1.7027189247E-03   2.7062748005E-03   4.5414662039E-04  -1.0009440714E-02  -2.2106531006E-03
   18     -2.4067586930E-02  -3.8386233195E-02  -1.1574769729E-02  -8.1476503768E-02  -2.2919037743E-02
   19     -1.0037938696E-02  -7.1563484342E-03   3.9368235812E-04   9.4208706727E-03  -1.2483268368E-01
   20      2.2150155216E-03   4.9760649086E-03   6.3354334115E-03  -1.4822265879E-02  -2.5410472090E-02
   21     -1.0779940985E-01  -1.0436065474E-01  -3.1640894429E-02  -1.1170508270E-02  -2.5737088941E-02
   22     -1.0562659180E-01  -2.2373943025E-01  -5.6509433140E-02   1.7243453609E-03  -1.3176765719E-03
   23     -3.2391714437E-02  -5.7160439124E-02  -6.4282287644E-02   4.1254337612E-03   1.1667737182E-02
   24     -1.1377071422E-01   1.0551721900E-01  -4.3840773836E-02  -1.6931479477E-02   2.6169615432E-02
   25      1.0724979743E-01  -2.0953924428E-01   6.8777781607E-02  -9.7882040379E-04  -8.6755203129E-04
   26     -4.4474969468E-02   6.9540383004E-02  -7.6356881736E-02   7.2575264770E-03  -1.3134952268E-02
   27     -4.7280624832E-02  -3.8252673841E-04  -2.0179454104E-02  -4.7755514249E-05   2.2723998533E-03
   28      5.4047235908E-04  -4.6182951757E-02  -9.4798679428E-03  -7.8716889427E-04  -1.8732289152E-03
   29     -1.8206218260E-02  -9.3036787343E-03  -3.0255203612E-01  -7.3478132179E-04  -1.6719269420E-03
   30      1.8843225744E-04   7.4746374344E-05  -7.8455097720E-05   3.6927564253E-03   1.4528428076E-02
   31     -1.3179894485E-04  -4.5864962599E-04   4.3881882044E-04  -7.0542796789E-03  -1.5157438092E-02
   32      7.4140569146E-05  -3.8498759982E-04  -3.5323595942E-04   1.6129648544E-03   8.1963550360E-03
   33      1.3274597184E-03  -6.2280757492E-04  -1.5226342457E-03   5.9216539645E-04   4.3076956778E-03
   34     -1.4019877332E-03   1.0828319659E-03   6.0015983763E-04  -2.8721332164E-03  -4.6887439369E-03
   35      1.3919040049E-03  -9.4410412640E-04   1.2901383833E-03  -4.4032438380E-04   1.3497935853E-03
   36     -2.0215349169E-04  -9.0083879584E-06  -2.5982944511E-04   1.0701188935E-03  -6.4183992973E-04
   37      1.7535780865E-05   3.6582785131E-05  -1.0315466651E-04   4.5884482603E-04  -7.0108979895E-05
   38      7.5706670351E-05  -2.8031387726E-05   3.5659515996E-04  -4.1536844283E-04  -4.0695679397E-04
   39     -5.6513467205E-04   1.5176932587E-03  -8.2151269582E-04  -4.3725580172E-03  -2.2738311153E-03
   40     -1.4648441807E-04   1.1344087327E-03  -1.5519055632E-04  -4.0874335767E-03  -4.6194013691E-03
   41      2.2417359805E-04  -1.4615671345E-05   2.6153398980E-04   9.2160651093E-04  -1.1936403732E-03
   42     -9.5235142197E-04  -2.1224470974E-03  -8.2535325879E-04  -3.3119089646E-03   4.0654077995E-03
   43     -3.9852499903E-05   4.6183547604E-04  -1.1100813141E-05   1.4301735121E-03  -1.1599211422E-03
   44     -3.8704733334E-04  -5.9147798218E-04  -3.8112629522E-04  -2.2261010304E-03  -4.6700502430E-04
   45      4.8217895151E-05  -1.5467110728E-04  -3.1122816100E-04   6.2884821473E-04   4.7820847363E-03
   46      7.5388879957E-08   2.4534319974E-05   2.3748914271E-05  -1.0253956746E-03  -2.4142354168E-03
   47      1.0039010291E-04  -2.3527923195E-04  -3.7427712639E-04   1.3867390100E-03   2.5489641901E-03
                    5                  6                  7                  8                  9        
    0      4.7209622985E-02  -2.9460695642E-04   1.4625543553E-03   4.8741120037E-04  -2.1527069397E-02
    1     -1.3756479470E-03   3.2431266554E-04   2.2434421099E-03   1.4011152661E-03   2.5549154802E-02
    2     -1.0378176619E-01   3.2466820248E-02  -1.3698163504E-03  -1.4902099274E-02  -9.4370267471E-03
    3      2.6728579861E-03  -5.0507335368E-02   5.8627211361E-03  -9.4332518491E-03  -1.0369097070E-01
    4     -1.5314307502E-02   5.0064341360E-03  -4.2802389823E-02   7.6024096289E-03   4.5257856201E-02
    5      5.8086301404E-01  -1.0442814639E-02   6.3016192320E-03  -2.8489251010E-01  -2.0509870566E-02
    6     -1.0442814639E-02   5.9667367830E-02   1.9306450552E-03   1.5512588294E-02  -4.6756841090E-04
    7      6.3016192320E-03   1.9306450552E-03   5.8446900136E-02   8.6344246919E-04   2.1930251224E-03
    8     -2.8489251010E-01   1.5512588294E-02   8.6344246919E-04   3.1154180167E-01   6.8591232409E-04
    9     -2.0509870566E-02  -4.6756841090E-04   2.1930251224E-03   6.8591232409E-04   4.0744468266E-01
   10      2.4755784216E-02   2.5239252722E-03  -2.0975773113E-03   2.1106176206E-03   4.0901909601E-02
   11     -9.5969406880E-02  -1.9110841254E-02   2.6334026108E-02  -1.1048958421E-02  -1.1544423377E-02
   12      1.2353877771E-03   1.2052453052E-03  -9.3383405825E-04   1.2786863317E-04  -1.5169538616E-01
   13     -3.7375090620E-03  -1.7090592667E-04   4.0433960971E-04  -7.4557653495E-04  -3.6214132935E-02
   14      4.9720251339E-03  -1.7331841815E-04   1.5592155380E-04   1.2487329366E-05   1.2635390559E-02
   15     -8.2140495341E-03   1.1314609184E-03   4.0446620210E-03   2.3303322456E-03  -2.4531917837E-03
   16     -4.8534947663E-03  -1.2306042320E-03  -2.4596163689E-03  -7.7059616218E-04  -1.8971931865E-02
   17     -9.6427690262E-03  -1.4562303629E-03  -2.4011114410E-03  -6.9549962160E-04  -1.5851880166E-03
   18     -1.6989375988E-02  -4.7428134649E-03  -1.6440849218E-02  -9.8353131236E-03   6.6606442312E-04
   19     -1.5604173417E-02  -1.0763309375E-02  -1.3943271020E-02  -1.2838905255E-02  -4.9977453185E-03
   20     -6.8801524208E-02  -1.8510886744E-02  -3.0692672659E-02  -2.9648545197E-03   2.9162424179E-03
   21     -1.1722806889E-02   1.0358054628E-03   4.0218486647E-04   6.8183418192E-04   1.4251036681E-03
   22     -3.7305217695E-04  -3.9090986780E-04   2.4288718902E-04   5.0473871870E-04   1.9453744414E-04
   23      2.2798191557E-03  -8.1406041520E-04  -4.4038546517E-05  -8.3665368515E-05  -1.3545986563E-04
   24     -1.1824198075E-02   1.2471266832E-03  -4.7246516104E-04   3.9534624221E-05  -4.5298480419E-03
   25     -3.7620536542E-04   2.6698492602E-04   2.0695240871E-04  -5.8465082357E-04  -2.0851566771E-05
   26      3.7639338771E-03  -6.4748471275E-04  -5.0013202814E-04   7.6403787874E-04   2.5174522606E-03
   27      3.3747724116E-02  -5.6240561516E-03   9.6687749741E-05   2.6068000786E-03   1.8259126974E-03
   28     -2.7144672015E-04   8.4499565038E-05   8.1986691065E-04   1.2579038440E-04  -3.1677035047E-04
   29     -1.8139869843E-02   3.3765265669E-03  -7.4501623510E-05   4.8560505231E-04  -9.5207822450E-04
   30      1.2921657314E-02   8.7414498426E-04  -7.2571631314E-04  -1.3470706393E-04  -4.8835608714E-02
   31     -1.3760176911E-02  -2.7329818698E-04   8.5636724290E-04   6.8273180371E-04  -2.9373285901E-02
   32      3.7646975301E-03   4.8331107632E-04   6.0416568283E-05   7.0485321912E-04  -2.0097105380E-02
   33     -2.2409261496E-02  -2.0937873962E-03   3.9555548653E-03  -1.2875657486E-03  -5.1035925516E-02
   34      2.4552489224E-02   2.3281006290E-03  -2.6884923887E-03   1.4244019582E-03  -9.2746109222E-03
   35     -1.4128788009E-02  -1.0298549859E-03   2.3862835089E-03   9.4806185363E-04   4.1456290191E-02
   36      1.3417374477E-03  -4.8488141081E-04   3.4059713214E-04  -6.1067721210E-04  -8.7168012748E-03
   37      8.8306194473E-05   2.3299390168E-04   5.0629655061E-04  -1.7295342868E-04  -5.2309933352E-03
   38     -1.5645090221E-04   2.6884035466E-04  -2.1673067750E-04   3.7320416354E-04   1.0739846353E-03
   39      1.6905509243E-03   6.9019910991E-05  -3.2069952629E-05  -2.2278628825E-04  -1.7619223272E-02
   40     -1.0681494583E-04   1.4384223739E-04  -5.9653265930E-05   2.0908564634E-04  -1.1788280615E-02
   41      4.1853012709E-04   3.5462884799E-04  -2.0538389711E-04   2.4536924580E-04   4.0659721490E-03
   42      4.5781746811E-03  -9.0797435999E-05  -1.3317516473E-04  -3.0728061723E-04  -1.0055171148E-03
   43     -4.2130677485E-04  -7.3427947809E-05  -1.1313850997E-04   2.5929362609E-05   1.2954468425E-03
   44     -8.3081699582E-05  -5.9732551071E-05  -1.2555351036E-04  -1.7180537535E-04  -6.2447488965E-04
   45     -3.2919921256E-03  -9.2432449998E-04  -1.5497054278E-03  -6.0582675614E-04   2.1534693634E-04
   46      4.7689300741E-04   5.9900140011E-05   4.3708653065E-04   2.7395103416E-04   6.6490270073E-04
   47     -4.6585300600E-04  -2.5236422689E-04  -5.8330039489E-04  -3.1602773594E-04  -4.9831775015E-04
                   10                 11                 12                 13                 14        
    0      3.7789827906E-03   5.9183048381E-03  -1.0303735998E-03   1.4216972728E-03  -6.6608513610E-04
    1      3.5598769862E-03  -9.9822447533E-03   3.7234677652E-03  -4.8571344765E-03   1.5209162760E-03
    2     -6.6618558524E-04   3.6231474244E-03  -1.6942975597E-03   9.9884398394E-04  -1.1459456656E-03
    3      4.1679465377E-02  -2.1665771705E-02  -3.9338603583E-02   1.5062863086E-02  -1.2834930271E-02
    4     -1.1739391851E-01   3.2440842840E-02   9.8946698427E-03   6.2503792729E-03  -2.6035532221E-03
    5      2.4755784216E-02  -9.5969406880E-02   1.2353877771E-03  -3.7375090620E-03   4.9720251339E-03
    6      2.5239252722E-03  -1.9110841254E-02   1.2052453052E-03  -1.7090592667E-04  -1.7331841815E-04
    7     -2.0975773113E-03   2.6334026108E-02  -9.3383405825E-04   4.0433960971E-04   1.5592155380E-04
    8      2.1106176206E-03  -1.1048958421E-02   1.2786863317E-04  -7.4557653495E-04   1.2487329366E-05
    9      4.0901909601E-02  -1.1544423377E-02  -1.5169538616E-01  -3.6214132935E-02   1.2635390559E-02
   10      5.6434440070E-01   3.8803695806E-02  -3.5826192010E-02  -8.3565890455E-02   6.5340122445E-03
   11      3.8803695806E-02   5.8375063389E-01   1.3178547196E-02   5.0238050010E-03  -8.2249249382E-02
   12     -3.5826192010E-02   1.3178547196E-02   5.2752300019E-01  -7.8975710166E-02   2.0647585848E-02
   13     -8.3565890455E-02   5.0238050010E-03  -7.8975710166E-02   4.3868501367E-01  -2.8468085286E-02
   14      6.5340122445E-03  -8.2249249382E-02   2.0647585848E-02  -2.8468085286E-02   5.8837945693E-01
   15     -2.5313935881E-02  -1.0572018438E-02  -6.7897775768E-02   1.1424401603E-02   7.8213462154E-03
   16     -3.4288807490E-02  -7.8437016349E-03   4.2061103538E-03  -1.6167703646E-01  -3.7456799664E-02
   17      3.1737891082E-03   5.3141953688E-03   4.5585691841E-03  -3.2458830060E-02  -9.5033871002E-02
   18     -2.5638018112E-03   1.5734067591E-03  -2.9121478280E-02   2.3084276037E-02  -8.0039353278E-03
   19     -4.9505688636E-02  -1.2129027568E-02   2.7089423699E-02  -1.9194069998E-02   9.2422755921E-03
   20      2.0248753594E-03   5.0678248397E-03   3.5398471894E-03   1.8015057167E-03   5.1579850852E-03
   21      2.7861454538E-04  -3.3341120383E-04   2.3665730442E-04  -3.3814643495E-04   8.6759361663E-05
   22      1.2019712779E-04  -1.2826267433E-04  -4.7055169681E-04   2.5388206243E-05  -1.7786762237E-05
   23      2.8608555550E-05   3.9598144517E-04  -2.6505730335E-04   1.1559657201E-04  -1.8367527859E-04
   24     -2.1900846006E-03   3.2675062110E-03  -8.3324528712E-04   1.4710720437E-03  -5.9514711494E-04
   25      1.2368982718E-03  -4.1443356946E-04  -2.6440725386E-04  -1.8700197645E-04   1.2346096865E-04
   26      1.4331268053E-03  -8.5295040931E-04   6.3010688992E-04  -7.0146929595E-04   8.6160850239E-04
   27     -1.3047313383E-03   1.4520074158E-03  -1.4175833731E-05   5.9081912158E-05  -2.7929942069E-05
   28      2.0761166688E-05  -1.4972887641E-03   1.2713253907E-04   6.5591920578E-05   2.2730668005E-04
   29      7.6718530191E-04   8.2080362261E-04  -1.3494860860E-04  -3.2815545710E-05   4.0845509784E-04
   30     -2.9482114322E-02  -1.9435069626E-02  -2.2981653831E-03  -2.6519574932E-02  -1.6286479617E-02
   31     -2.2747056189E-01  -1.1640139667E-01   4.6672600444E-04  -6.8324806915E-03  -3.7054681517E-03
   32     -1.1975634649E-01  -1.2362075894E-01   1.0865022619E-03   4.3941485297E-03   1.0819169586E-03
   33     -9.1141835683E-03   4.1585827606E-02  -8.0705629143E-03  -5.2781469766E-03   3.1742437682E-02
   34     -5.8339604562E-02   4.2103343638E-02  -1.3282682859E-03  -2.3080861522E-03   1.0451950792E-02
   35      4.3043448629E-02  -2.8247779649E-01   1.3976717540E-03  -1.5917055221E-04  -3.4911548343E-03
   36     -5.6447787586E-04   2.9684172686E-02  -6.5606920953E-02   4.4538037917E-03   6.1820640338E-02
   37     -1.7197912413E-03   1.5962472799E-02   4.4579654102E-03  -4.5718455522E-02  -2.9186605048E-03
   38      1.1989207516E-03  -3.9164952334E-03   6.2493353689E-02  -4.3709761215E-03  -2.8548811611E-01
   39      1.4953829927E-02  -1.4364001015E-02  -1.7112709985E-01   8.5100788850E-02  -9.9867650326E-02
   40      8.4700023677E-03  -9.6612087389E-03   8.5241136949E-02  -1.0133616742E-01   6.6006113013E-02
   41     -2.4359917306E-03   1.2618220578E-03  -1.0278336326E-01   6.7628255071E-02  -1.2777326475E-01
   42      2.4060396472E-03   4.2219664263E-04   7.7883045578E-03   4.2952826860E-03  -3.0308560894E-03
   43     -4.8649345926E-03  -2.2136862453E-03  -1.7836949788E-02  -1.6448197368E-02   1.3131793707E-02
   44     -1.5798004529E-03  -2.3396599089E-04  -6.2072670951E-03  -8.6596515571E-03   3.9168617258E-03
   45     -3.1475657446E-05  -2.3732455059E-05   2.8058025113E-04   9.2558486968E-04   6.7364724923E-03
   46      1.4946380696E-03  -3.9106418719E-04   6.2704591366E-04  -3.3061921565E-03  -3.2185736826E-02
   47      5.5838848096E-04   1.3517309620E-04   2.1851931520E-03  -6.6573127008E-04  -9.4255197496E-03
                   15                 16                 17                 18                 19        
    0     -6.7617974939E-04  -1.8391988095E-03   1.7027189247E-03  -2.4067586930E-02  -1.0037938696E-02
    1     -1.0217172203E-03  -5.9970242459E-03   2.7062748005E-03  -3.8386233195E-02  -7.1563484342E-03
    2     -1.7119909759E-03  -1.6004249278E-03   4.5414662039E-04  -1.1574769729E-02   3.9368235812E-04
    3     -3.9759765622E-02  -2.3657186906E-02  -1.0009440714E-02  -8.1476503768E-02   9.4208706727E-03
    4     -2.4043786307E-02   9.8813047768E-03  -2.2106531006E-03  -2.2919037743E-02  -1.2483268368E-01
    5     -8.2140495341E-03  -4.8534947663E-03  -9.6427690262E-03  -1.6989375988E-02  -1.5604173417E-02
    6      1.1314609184E-03  -1.2306042320E-03  -1.4562303629E-03  -4.7428134649E-03  -1.0763309375E-02
    7      4.0446620210E-03  -2.4596163689E-03  -2.4011114410E-03  -1.6440849218E-02  -1.3943271020E-02
    8      2.3303322456E-03  -7.7059616218E-04  -6.9549962160E-04  -9.8353131236E-03  -1.2838905255E-02
    9     -2.4531917837E-03  -1.8971931865E-02  -1.5851880166E-03   6.6606442312E-04  -4.9977453185E-03
   10     -2.5313935881E-02  -3.4288807490E-02   3.1737891082E-03  -2.5638018112E-03  -4.9505688636E-02
   11     -1.0572018438E-02  -7.8437016349E-03   5.3141953688E-03   1.5734067591E-03  -1.2129027568E-02
   12     -6.7897775768E-02   4.2061103538E-03   4.5585691841E-03  -2.9121478280E-02   2.7089423699E-02
   13      1.1424401603E-02  -1.6167703646E-01  -3.2458830060E-02   2.3084276037E-02  -1.9194069998E-02
   14      7.8213462154E-03  -3.7456799664E-02  -9.5033871002E-02  -8.0039353278E-03   9.2422755921E-03
   15      4.2536874827E-01   1.1181174579E-01  -3.1185441071E-02  -1.3271417756E-01   1.7045707110E-03
   16      1.1181174579E-01   5.1658356681E-01  -1.2423166637E-02   3.7089348319E-02  -9.3511231709E-02
   17     -3.1185441071E-02  -1.2423166637E-02   5.6974017099E-01  -2.7123022151E-02  -2.9036295877E-03
   18     -1.3271417756E-01   3.7089348319E-02  -2.7123022151E-02   3.2940833429E-01   2.1285437214E-03
   19      1.7045707110E-03  -9.3511231709E-02  -2.9036295877E-03   2.1285437214E-03   3.0072562161E-01
   20     -3.0609981146E-02   4.4360081051E-03  -6.6438222906E-02   8.8947123072E-02   3.9541204088E-02
   21      5.0204839353E-04  -2.0373214771E-03   1.4310701956E-03  -8.0531254067E-03   5.6052587575E-05
   22      7.2649334066E-04   3.0215214836E-05   7.4354197251E-04  -6.0148209467E-04   1.3674329550E-03
   23      5.2207310735E-04   8.5936618152E-04  -4.4417535773E-05   3.0530368236E-03  -1.7204414559E-04
   24     -3.9467750600E-04   5.6652753830E-04  -2.9814244395E-04   2.8286031317E-03   1.8013896955E-05
   25      1.3739108038E-04   1.4671151765E-05  -4.9489607058E-05   1.2114130002E-04   1.1068362156E-03
   26     -1.1672385276E-04  -2.0833858910E-04  -8.9160740910E-05  -9.6233657729E-04  -7.5658543210E-05
   27     -1.0156881642E-04   1.9821953527E-04  -5.1800470277E-06   2.9214774739E-03   7.5206790842E-04
   28     -2.9440179420E-04   1.3915924601E-04   3.9524559109E-05   6.3405708149E-04   3.5416734941E-04
   29     -6.1392297955E-05   8.3045626331E-05  -1.3391976441E-04  -5.5383457630E-04   6.2489254161E-04
   30     -7.5397936472E-03  -1.7132754529E-03   1.0264896349E-03  -7.5508427852E-04   4.9831270728E-03
   31      8.8245486388E-04  -1.5672578772E-03   1.2315962131E-03  -4.8683737907E-04  -5.1508523463E-03
   32     -3.0505539164E-04   1.7040682942E-03   5.4383452141E-04   5.5671064680E-04   4.0559497181E-03
   33      6.6033210274E-04   9.5631497183E-04   6.9363922597E-04   4.2234924169E-04  -8.5510882791E-04
   34     -3.4778013360E-05   6.0088606040E-04   7.9095842903E-04   5.8323530121E-04   4.5836384142E-04
   35     -4.3483325983E-04   9.5913397970E-05  -4.0878946310E-05   6.0170997983E-04   6.5165366294E-04
   36     -1.4372968007E-03  -1.4538064318E-03   1.7818852931E-03   2.7598652833E-04   7.4095327285E-04
   37      6.5296349036E-03  -2.8995691317E-03  -3.4226209636E-02  -4.3057632125E-04   5.8764738173E-04
   38      3.6995204151E-04  -6.5959712140E-04  -1.0646654485E-02   1.0665580220E-03   7.3055981842E-06
   39     -2.4068892616E-03  -6.6805935676E-04  -1.1752619152E-03  -6.9863748075E-04  -3.0487406516E-04
   40      2.0778310955E-02  -8.4233864030E-03   1.8283055086E-02   4.7175307694E-03  -5.0744412814E-03
   41      7.2485531384E-03  -3.5477367951E-03   3.9999172320E-03   3.1693124128E-03  -2.4530634403E-03
   42     -1.2862724381E-01  -9.7722343116E-02   6.8825760378E-02  -3.2337627968E-02  -1.9008780804E-02
   43     -1.0136580602E-01  -1.6199091281E-01   7.8018844594E-02   6.7440451193E-03   8.5929640430E-03
   44      7.2259062761E-02   8.2499740027E-02  -1.0768272264E-01  -7.4990347478E-03  -9.4435256426E-03
   45     -4.3654029353E-02  -5.4556303478E-03  -7.1316471893E-03  -2.2555779948E-02  -1.0148704305E-03
   46     -6.0441485512E-03  -5.4434960762E-02  -1.8409234879E-02   6.8156440870E-03   5.1755537058E-03
   47     -7.3904124672E-03  -2.0219545150E-02  -2.8960414807E-01  -1.6319139877E-02   1.0935312671E-03
                   20                 21                 22                 23                 24        
    0      2.2150155216E-03  -1.0779940985E-01  -1.0562659180E-01  -3.2391714437E-02  -1.1377071422E-01
    1      4.9760649086E-03  -1.0436065474E-01  -2.2373943025E-01  -5.7160439124E-02   1.0551721900E-01
    2      6.3354334115E-03  -3.1640894429E-02  -5.6509433140E-02  -6.4282287644E-02  -4.3840773836E-02
    3     -1.4822265879E-02  -1.1170508270E-02   1.7243453609E-03   4.1254337612E-03  -1.6931479477E-02
    4     -2.5410472090E-02  -2.5737088941E-02  -1.3176765719E-03   1.1667737182E-02   2.6169615432E-02
    5     -6.8801524208E-02  -1.1722806889E-02  -3.7305217695E-04   2.2798191557E-03  -1.1824198075E-02
    6     -1.8510886744E-02   1.0358054628E-03  -3.9090986780E-04  -8.1406041520E-04   1.2471266832E-03
    7     -3.0692672659E-02   4.0218486647E-04   2.4288718902E-04  -4.4038546517E-05  -4.7246516104E-04
    8     -2.9648545197E-03   6.8183418192E-04   5.0473871870E-04  -8.3665368515E-05   3.9534624221E-05
    9      2.9162424179E-03   1.4251036681E-03   1.9453744414E-04  -1.3545986563E-04  -4.5298480419E-03
   10      2.0248753594E-03   2.7861454538E-04   1.2019712779E-04   2.8608555550E-05  -2.1900846006E-03
   11      5.0678248397E-03  -3.3341120383E-04  -1.2826267433E-04   3.9598144517E-04   3.2675062110E-03
   12      3.5398471894E-03   2.3665730442E-04  -4.7055169681E-04  -2.6505730335E-04  -8.3324528712E-04
   13      1.8015057167E-03  -3.3814643495E-04   2.5388206243E-05   1.1559657201E-04   1.4710720437E-03
   14      5.1579850852E-03   8.6759361663E-05  -1.7786762237E-05  -1.8367527859E-04  -5.9514711494E-04
   15     -3.0609981146E-02   5.0204839353E-04   7.2649334066E-04   5.2207310735E-04  -3.9467750600E-04
   16      4.4360081051E-03  -2.0373214771E-03   3.0215214836E-05   8.5936618152E-04   5.6652753830E-04
   17     -6.6438222906E-02   1.4310701956E-03   7.4354197251E-04  -4.4417535773E-05  -2.9814244395E-04
   18      8.8947123072E-02  -8.0531254067E-03  -6.0148209467E-04   3.0530368236E-03   2.8286031317E-03
   19      3.9541204088E-02   5.6052587575E-05   1.3674329550E-03  -1.7204414559E-04   1.8013896955E-05
   20      1.0705195810E-01   1.4676310188E-03  -2.3738937537E-04   1.1164939052E-03   3.5342854682E-04
   21      1.4676310188E-03   1.1829080824E-01   1.1714898243E-01   3.5172936993E-02   8.7242650959E-03
   22     -2.3738937537E-04   1.1714898243E-01   2.4261704331E-01   6.2414441334E-02  -1.3369049523E-02
   23      1.1164939052E-03   3.5172936993E-02   6.2414441334E-02   6.5003872446E-02   6.1675909832E-03
   24      3.5342854682E-04   8.7242650959E-03  -1.3369049523E-02   6.1675909832E-03   1.2582590326E-01
   25     -1.9953424422E-04   1.4050708277E-02  -1.9462336285E-02   8.9994577472E-03  -1.1798256125E-01
   26     -1.7160398794E-04   5.2701437756E-03  -7.2567596304E-03   1.7590860173E-03   4.6298305054E-02
   27     -1.7206331261E-03  -1.7475406115E-03   9.9048566690E-04  -1.5687199862E-02  -1.6679627335E-03
   28      4.9772055312E-04  -4.9081651351E-04  -3.4664331544E-04  -2.6463405029E-02   7.9222978954E-04
   29      2.4861528107E-03   4.0284990474E-05   7.7321751415E-04  -6.0547427448E-03  -9.6205472393E-05
   30     -8.2788829064E-04  -4.3971395798E-04  -2.7815982390E-05  -2.8705593690E-05  -2.8188048600E-04
   31      7.7387981783E-04   5.0278764443E-04   2.5409586743E-04  -5.0197290431E-05   3.5447921885E-04
   32      1.2421583268E-03   1.5755270624E-04   2.3086614177E-05   1.7659668730E-04   1.5356712195E-04
   33      8.3006115804E-04  -1.5480863261E-04  -2.2020791420E-04  -1.1425646161E-04   1.9370126071E-04
   34     -1.3236104281E-03   1.1361888460E-04   2.5409055765E-05  -1.4608164920E-04  -3.4739135765E-04
   35      1.0645045029E-03  -2.3674315474E-04   8.0048361308E-05  -1.2927477916E-04   2.0999929372E-04
   36     -4.2915567641E-04   2.3886582574E-05   4.8153288675E-06   6.1495817263E-05  -7.4483533037E-05
   37      1.4649411138E-03   3.0619073476E-05  -4.1303296651E-06   3.3985327466E-05  -4.3646889245E-05
   38      7.1173017812E-04   6.2032229955E-06  -1.0388193177E-06  -1.5686583598E-05   4.7676953386E-05
   39     -5.2312025269E-05   9.5421239945E-05  -1.8639101294E-05  -4.2350659371E-05  -5.7175283553E-04
   40     -1.0666324150E-03   1.7501420749E-04   6.8185050489E-05  -4.7565872904E-05  -3.7237079597E-04
   41      1.1707809465E-03   1.9479607060E-05   1.0124989136E-05  -2.7856788236E-05   5.4672557333E-05
   42      2.0888336678E-03  -8.7594763785E-04  -9.7764620800E-05   2.5074825969E-04   1.5344709632E-04
   43     -3.1547315402E-03   1.9328905398E-04   1.1005443302E-04  -3.6099646630E-05  -9.9577954361E-05
   44      8.3525938298E-03  -2.4390494006E-04   3.3655389803E-05   9.7286117484E-05   3.1267060742E-05
   45     -3.5492155322E-02  -9.2941619524E-05   9.6743676418E-06   1.2073596902E-04   8.2997594038E-05
   46      6.5783758630E-03   3.5835182532E-05   9.3083339548E-06   9.8973609975E-06  -3.6990946694E-05
   47     -1.3814103118E-03  -1.5138255159E-04  -6.8351271151E-05  -7.5290516794E-06   4.5501565088E-05
                   25                 26                 27                 28                 29        
    0      1.0724979743E-01  -4.4474969468E-02  -4.7280624832E-02   5.4047235908E-04  -1.8206218260E-02
    1     -2.0953924428E-01   6.9540383004E-02  -3.8252673841E-04  -4.6182951757E-02  -9.3036787343E-03
    2      6.8777781607E-02  -7.6356881736E-02  -2.0179454104E-02  -9.4798679428E-03  -3.0255203612E-01
    3     -9.7882040379E-04   7.2575264770E-03  -4.7755514249E-05  -7.8716889427E-04  -7.3478132179E-04
    4     -8.6755203129E-04  -1.3134952268E-02   2.2723998533E-03  -1.8732289152E-03  -1.6719269420E-03
    5     -3.7620536542E-04   3.7639338771E-03   3.3747724116E-02  -2.7144672015E-04  -1.8139869843E-02
    6      2.6698492602E-04  -6.4748471275E-04  -5.6240561516E-03   8.4499565038E-05   3.3765265669E-03
    7      2.0695240871E-04  -5.0013202814E-04   9.6687749741E-05   8.1986691065E-04  -7.4501623510E-05
    8     -5.8465082357E-04   7.6403787874E-04   2.6068000786E-03   1.2579038440E-04   4.8560505231E-04
    9     -2.0851566771E-05   2.5174522606E-03   1.8259126974E-03  -3.1677035047E-04  -9.5207822450E-04
   10      1.2368982718E-03   1.4331268053E-03  -1.3047313383E-03   2.0761166688E-05   7.6718530191E-04
   11     -4.1443356946E-04  -8.5295040931E-04   1.4520074158E-03  -1.4972887641E-03   8.2080362261E-04
   12     -2.6440725386E-04   6.3010688992E-04  -1.4175833731E-05   1.2713253907E-04  -1.3494860860E-04
   13     -1.8700197645E-04  -7.0146929595E-04   5.9081912158E-05   6.5591920578E-05  -3.2815545710E-05
   14      1.2346096865E-04   8.6160850239E-04  -2.7929942069E-05   2.2730668005E-04   4.0845509784E-04
   15      1.3739108038E-04  -1.1672385276E-04  -1.0156881642E-04  -2.9440179420E-04  -6.1392297955E-05
   16      1.4671151765E-05  -2.0833858910E-04   1.9821953527E-04   1.3915924601E-04   8.3045626331E-05
   17     -4.9489607058E-05  -8.9160740910E-05  -5.1800470277E-06   3.9524559109E-05  -1.3391976441E-04
   18      1.2114130002E-04  -9.6233657729E-04   2.9214774739E-03   6.3405708149E-04  -5.5383457630E-04
   19      1.1068362156E-03  -7.5658543210E-05   7.5206790842E-04   3.5416734941E-04   6.2489254161E-04
   20     -1.9953424422E-04  -1.7160398794E-04  -1.7206331261E-03   4.9772055312E-04   2.4861528107E-03
   21      1.4050708277E-02   5.2701437756E-03  -1.7475406115E-03  -4.9081651351E-04   4.0284990474E-05
   22     -1.9462336285E-02  -7.2567596304E-03   9.9048566690E-04  -3.4664331544E-04   7.7321751415E-04
   23      8.9994577472E-03   1.7590860173E-03  -1.5687199862E-02  -2.6463405029E-02  -6.0547427448E-03
   24     -1.1798256125E-01   4.6298305054E-02  -1.6679627335E-03   7.9222978954E-04  -9.6205472393E-05
   25      2.2545264270E-01  -7.4687451321E-02  -2.2701609922E-03   1.7341190599E-03  -1.5277650452E-03
   26     -7.4687451321E-02   7.8594611636E-02  -1.5868276880E-02   2.5499607955E-02  -8.7977727255E-03
   27     -2.2701609922E-03  -1.5868276880E-02   5.1583427071E-02  -7.4530031036E-04   1.6903093410E-02
   28      1.7341190599E-03   2.5499607955E-02  -7.4530031036E-04   4.5444332780E-02   1.1021698467E-02
   29     -1.5277650452E-03  -8.7977727255E-03   1.6903093410E-02   1.1021698467E-02   3.3042127937E-01
   30     -1.8888387622E-04  -2.8729185588E-04   6.3557066878E-05   9.5838852742E-05  -1.8513094899E-04
   31      9.0188335149E-05   1.4999774333E-04  -6.3827039499E-05   2.8550750976E-05   1.1374195752E-04
   32      2.9520241177E-05   6.7584922644E-05  -9.0222722664E-05  -2.9808146494E-06   1.8220059534E-04
   33     -1.8258388156E-04   1.4507126479E-04  -5.9937093339E-05   3.3193596844E-04   6.4830933944E-04
   34      4.5381690541E-05  -2.0171687273E-04   4.4535471619E-04  -8.1132535786E-05  -7.5090547175E-04
   35     -1.4011341169E-04   4.7619299109E-04  -9.2724623704E-04   1.8890129416E-04   7.0992518800E-04
   36      5.9027300579E-05  -1.2868261191E-04   1.3246989142E-04  -6.7759869084E-05  -2.6012658255E-04
   37      4.3601716819E-05  -7.1779870743E-05   6.5458957471E-05  -1.0628414136E-04  -6.9167700526E-05
   38     -1.7993076458E-05  -3.3356728531E-05  -1.8799515041E-04   4.7549856062E-05   3.4715895818E-05
   39     -1.6728156807E-05   3.7817897136E-04  -9.1972570864E-06   1.9416619985E-05   1.1671186368E-04
   40      8.1928755007E-05   1.6749314739E-04  -5.9985558608E-05  -1.9785616406E-05   3.6955395749E-05
   41      1.5101820385E-05  -3.5925265805E-05  -9.7885219567E-05   1.4128991374E-05   5.1861451131E-06
   42      1.1656570848E-05  -3.4649910829E-05   1.2205749918E-04   4.4193446360E-05  -1.2022782360E-05
   43      4.3501960967E-05   2.9390091726E-05  -1.8629698139E-06  -2.4081910096E-05   6.3887818972E-06
   44      1.5129664943E-05   2.1765142103E-05   6.5123237381E-06   1.5025297672E-06   2.9849577301E-05
   45      3.3272045072E-05   9.0481475397E-06  -9.6082856267E-05   3.8289311461E-05   1.5942952851E-04
   46     -5.8769541230E-07   3.1090422183E-05  -5.7209153475E-05   2.7559006514E-05   2.0898072128E-05
   47      2.4353664803E-05   2.8830627193E-05   2.8269324535E-05   3.3995404656E-05   9.4167847139E-05
                   30                 31                 32                 33                 34        
    0      1.8843225744E-04  -1.3179894485E-04   7.4140569146E-05   1.3274597184E-03  -1.4019877332E-03
    1      7.4746374344E-05  -4.5864962599E-04  -3.8498759982E-04  -6.2280757492E-04   1.0828319659E-03
    2     -7.8455097720E-05   4.3881882044E-04  -3.5323595942E-04  -1.5226342457E-03   6.0015983763E-04
    3      3.6927564253E-03  -7.0542796789E-03   1.6129648544E-03   5.9216539645E-04  -2.8721332164E-03
    4      1.4528428076E-02  -1.5157438092E-02   8.1963550360E-03   4.3076956778E-03  -4.6887439369E-03
    5      1.2921657314E-02  -1.3760176911E-02   3.7646975301E-03  -2.2409261496E-02   2.4552489224E-02
    6      8.7414498426E-04  -2.7329818698E-04   4.8331107632E-04  -2.0937873962E-03   2.3281006290E-03
    7     -7.2571631314E-04   8.5636724290E-04   6.0416568283E-05   3.9555548653E-03  -2.6884923887E-03
    8     -1.3470706393E-04   6.8273180371E-04   7.0485321912E-04  -1.2875657486E-03   1.4244019582E-03
    9     -4.8835608714E-02  -2.9373285901E-02  -2.0097105380E-02  -5.1035925516E-02  -9.2746109222E-03
   10     -2.9482114322E-02  -2.2747056189E-01  -1.1975634649E-01  -9.1141835683E-03  -5.8339604562E-02
   11     -1.9435069626E-02  -1.1640139667E-01  -1.2362075894E-01   4.1585827606E-02   4.2103343638E-02
   12     -2.2981653831E-03   4.6672600444E-04   1.0865022619E-03  -8.0705629143E-03  -1.3282682859E-03
   13     -2.6519574932E-02  -6.8324806915E-03   4.3941485297E-03  -5.2781469766E-03  -2.3080861522E-03
   14     -1.6286479617E-02  -3.7054681517E-03   1.0819169586E-03   3.1742437682E-02   1.0451950792E-02
   15     -7.5397936472E-03   8.8245486388E-04  -3.0505539164E-04   6.6033210274E-04  -3.4778013360E-05
   16     -1.7132754529E-03  -1.5672578772E-03   1.7040682942E-03   9.5631497183E-04   6.0088606040E-04
   17      1.0264896349E-03   1.2315962131E-03   5.4383452141E-04   6.9363922597E-04   7.9095842903E-04
   18     -7.5508427852E-04  -4.8683737907E-04   5.5671064680E-04   4.2234924169E-04   5.8323530121E-04
   19      4.9831270728E-03  -5.1508523463E-03   4.0559497181E-03  -8.5510882791E-04   4.5836384142E-04
   20     -8.2788829064E-04   7.7387981783E-04   1.2421583268E-03   8.3006115804E-04  -1.3236104281E-03
   21     -4.3971395798E-04   5.0278764443E-04   1.5755270624E-04  -1.5480863261E-04   1.1361888460E-04
   22     -2.7815982390E-05   2.5409586743E-04   2.3086614177E-05  -2.2020791420E-04   2.5409055765E-05
   23     -2.8705593690E-05  -5.0197290431E-05   1.7659668730E-04  -1.1425646161E-04  -1.4608164920E-04
   24     -2.8188048600E-04   3.5447921885E-04   1.5356712195E-04   1.9370126071E-04  -3.4739135765E-04
   25     -1.8888387622E-04   9.0188335149E-05   2.9520241177E-05  -1.8258388156E-04   4.5381690541E-05
   26     -2.8729185588E-04   1.4999774333E-04   6.7584922644E-05   1.4507126479E-04  -2.0171687273E-04
   27      6.3557066878E-05  -6.3827039499E-05  -9.0222722664E-05  -5.9937093339E-05   4.4535471619E-04
   28      9.5838852742E-05   2.8550750976E-05  -2.9808146494E-06   3.3193596844E-04  -8.1132535786E-05
   29     -1.8513094899E-04   1.1374195752E-04   1.8220059534E-04   6.4830933944E-04  -7.5090547175E-04
   30      5.2701799719E-02   3.4378375688E-02   2.1073526042E-02   2.8266167809E-04   4.9603139519E-03
   31      3.4378375688E-02   2.4949498392E-01   1.2671781426E-01   1.1817451899E-03   6.0276610948E-03
   32      2.1073526042E-02   1.2671781426E-01   1.2973358611E-01  -4.3525001140E-03  -2.5676349265E-02
   33      2.8266167809E-04   1.1817451899E-03  -4.3525001140E-03   6.1602697156E-02   8.5595848308E-03
   34      4.9603139519E-03   6.0276610948E-03  -2.5676349265E-02   8.5595848308E-03   5.9726215143E-02
   35      2.6557466303E-03   4.0557984675E-03  -1.4772115102E-02  -4.5580885874E-02  -5.1244716639E-02
   36      1.6288080179E-03   3.6397666998E-05  -3.1620062118E-04  -5.3090926556E-03  -1.6193822619E-03
   37      8.7952605013E-04   3.1744882826E-04   4.0364869787E-04  -3.8338180277E-03  -1.9485570476E-04
   38      2.7252276143E-04   2.8963603999E-04   9.7764936216E-04   5.8082346439E-04   3.3644669426E-04
   39     -7.2747439865E-05  -3.6856342816E-04  -2.4916667926E-04   1.3833175786E-03   2.9557536967E-04
   40      2.7484540318E-04   2.3183680910E-05  -2.8656235090E-04   1.0727889875E-03   5.1750642493E-04
   41     -3.8920481066E-04   1.3389798867E-05  -1.2220208945E-04   9.4253792884E-05  -4.6285069077E-04
   42      7.6107694867E-04  -1.5371345959E-05   9.6792761180E-05  -6.2298886757E-05  -3.1591395423E-05
   43     -1.6442467835E-03  -3.8176118348E-04   8.5394024940E-05   2.2869676239E-04   9.1185514933E-05
   44     -3.1263449017E-04  -2.4895523567E-04   2.1422277267E-04  -4.4527541643E-04  -2.3211169043E-04
   45      2.9756809520E-05  -3.0606582354E-05   1.0864183791E-04   3.2172896206E-04  -3.6216253658E-04
   46      1.2132840255E-04  -7.3478013935E-05   3.9895647552E-04  -5.0093844366E-04  -2.7452551084E-04
   47      2.2166043011E-05  -2.6334259583E-04   1.7901107945E-04  -5.8501219914E-04  -2.5986819592E-04
                   35                 36                 37                 38                 39        
    0      1.3919040049E-03  -2.0215349169E-04   1.7535780865E-05   7.5706670351E-05  -5.6513467205E-04
    1     -9.4410412640E-04  -9.0083879584E-06   3.6582785131E-05  -2.8031387726E-05   1.5176932587E-03
    2      1.2901383833E-03  -2.5982944511E-04  -1.0315466651E-04   3.5659515996E-04  -8.2151269582E-04
    3     -4.4032438380E-04   1.0701188935E-03   4.5884482603E-04  -4.1536844283E-04  -4.3725580172E-03
    4      1.3497935853E-03  -6.4183992973E-04  -7.0108979895E-05  -4.0695679397E-04  -2.2738311153E-03
    5     -1.4128788009E-02   1.3417374477E-03   8.8306194473E-05  -1.5645090221E-04   1.6905509243E-03
    6     -1.0298549859E-03  -4.8488141081E-04   2.3299390168E-04   2.6884035466E-04   6.9019910991E-05
    7      2.3862835089E-03   3.4059713214E-04   5.0629655061E-04  -2.1673067750E-04  -3.2069952629E-05
    8      9.4806185363E-04  -6.1067721210E-04  -1.7295342868E-04   3.7320416354E-04  -2.2278628825E-04
    9      4.1456290191E-02  -8.7168012748E-03  -5.2309933352E-03   1.0739846353E-03  -1.7619223272E-02
   10      4.3043448629E-02  -5.6447787586E-04  -1.7197912413E-03   1.1989207516E-03   1.4953829927E-02
   11     -2.8247779649E-01   2.9684172686E-02   1.5962472799E-02  -3.9164952334E-03  -1.4364001015E-02
   12      1.3976717540E-03  -6.5606920953E-02   4.4579654102E-03   6.2493353689E-02  -1.7112709985E-01
   13     -1.5917055221E-04   4.4538037917E-03  -4.5718455522E-02  -4.3709761215E-03   8.5100788850E-02
   14     -3.4911548343E-03   6.1820640338E-02  -2.9186605048E-03  -2.8548811611E-01  -9.9867650326E-02
   15     -4.3483325983E-04  -1.4372968007E-03   6.5296349036E-03   3.6995204151E-04  -2.4068892616E-03
   16      9.5913397970E-05  -1.4538064318E-03  -2.8995691317E-03  -6.5959712140E-04  -6.6805935676E-04
   17     -4.0878946310E-05   1.7818852931E-03  -3.4226209636E-02  -1.0646654485E-02  -1.1752619152E-03
   18      6.0170997983E-04   2.7598652833E-04  -4.3057632125E-04   1.0665580220E-03  -6.9863748075E-04
   19      6.5165366294E-04   7.4095327285E-04   5.8764738173E-04   7.3055981842E-06  -3.0487406516E-04
   20      1.0645045029E-03  -4.2915567641E-04   1.4649411138E-03   7.1173017812E-04  -5.2312025269E-05
   21     -2.3674315474E-04   2.3886582574E-05   3.0619073476E-05   6.2032229955E-06   9.5421239945E-05
   22      8.0048361308E-05   4.8153288675E-06  -4.1303296651E-06  -1.0388193177E-06  -1.8639101294E-05
   23     -1.2927477916E-04   6.1495817263E-05   3.3985327466E-05  -1.5686583598E-05  -4.2350659371E-05
   24      2.0999929372E-04  -7.4483533037E-05  -4.3646889245E-05   4.7676953386E-05  -5.7175283553E-04
   25     -1.4011341169E-04   5.9027300579E-05   4.3601716819E-05  -1.7993076458E-05  -1.6728156807E-05
   26      4.7619299109E-04  -1.2868261191E-04  -7.1779870743E-05  -3.3356728531E-05   3.7817897136E-04
   27     -9.2724623704E-04   1.3246989142E-04   6.5458957471E-05  -1.8799515041E-04  -9.1972570864E-06
   28      1.8890129416E-04  -6.7759869084E-05  -1.0628414136E-04   4.7549856062E-05   1.9416619985E-05
   29      7.0992518800E-04  -2.6012658255E-04  -6.9167700526E-05   3.4715895818E-05   1.1671186368E-04
   30      2.6557466303E-03   1.6288080179E-03   8.7952605013E-04   2.7252276143E-04  -7.2747439865E-05
   31      4.0557984675E-03   3.6397666998E-05   3.1744882826E-04   2.8963603999E-04  -3.6856342816E-04
   32     -1.4772115102E-02  -3.1620062118E-04   4.0364869787E-04   9.7764936216E-04  -2.4916667926E-04
   33     -4.5580885874E-02  -5.3090926556E-03  -3.8338180277E-03   5.8082346439E-04   1.3833175786E-03
   34     -5.1244716639E-02  -1.6193822619E-03  -1.9485570476E-04   3.3644669426E-04   2.9557536967E-04
   35      3.0749334518E-01   4.6249432611E-04   1.9817613320E-04   1.6441527156E-03   3.9236832040E-04
   36      4.6249432611E-04   7.0871770533E-02   6.4355536713E-05  -7.0924122482E-02   6.5584200444E-03
   37      1.9817613320E-04   6.4355536713E-05   5.2870960437E-02   7.0981384292E-03  -4.6308398613E-03
   38      1.6441527156E-03  -7.0924122482E-02   7.0981384292E-03   3.0894519724E-01   5.0016960523E-03
