
$orca_hessian_file

$act_atom
  0

$act_coord
  0

$act_energy
        0.000000

$multiplicity
  1

$hessian
48
                    0                  1                  2                  3                  4        
    0      4.8450844298E-01  -2.8469661126E-03   3.8027635227E-02  -1.6809208954E-01   7.5172840733E-03
    1     -2.8469661126E-03   5.6693055562E-01   1.0389084196E-03   1.3515561931E-02  -7.4025483038E-02
    2      3.8027635227E-02   1.0389084196E-03   5.5180414870E-01   5.4149154734E-02  -5.9858609143E-04
    3     -1.6809208954E-01   1.3515561931E-02   5.4149154734E-02   5.1821716779E-01  -3.7249068793E-02
    4      7.5172840733E-03  -7.4025483038E-02  -5.9858609143E-04  -3.7249068793E-02   3.8669565727E-01
    5      4.5978715912E-02  -1.0734179326E-03  -1.0285486402E-01   5.1763265563E-03  -1.1067006526E-02
    6     -4.4761296360E-04  -3.8995929604E-04   3.2463093803E-02  -5.1074197771E-02   4.7826508760E-03
    7      1.4282038101E-03   2.1862391101E-03  -8.5954973230E-04   5.6182187871E-03  -4.3663049091E-02
    8      6.6432804066E-04   1.7658503953E-03  -1.5023426042E-02  -8.7959369945E-03   1.0607064024E-02
    9     -2.1234839510E-02   2.5625315922E-02  -8.8683503828E-03  -1.0235747935E-01   4.3200248518E-02
   10      3.5566399080E-03   4.0200381618E-03  -7.1600120384E-04   3.8896928086E-02  -1.1495060311E-01
   11      5.9448381070E-03  -9.7667508209E-03   3.3255543196E-03  -2.0586898005E-02   3.0745944258E-02
   12     -1.0500009849E-03   3.7973622033E-03  -1.6013934506E-03  -3.9569884935E-02   9.8329189326E-03
   13      1.3614229187E-03  -4.8868235113E-03   8.9901909784E-04   1.4674065424E-02   6.7755427385E-03
   14     -6.3553262779E-04   1.4873452568E-03  -1.1570684242E-03  -1.2880475248E-02  -2.4565219928E-03
   15     -6.6675120178E-04  -9.7355715582E-04  -1.7806987241E-03  -4.1003254208E-02  -2.5037117022E-02
   16     -1.8637913495E-03  -5.9403191919E-03  -1.7715419507E-03  -2.5121470487E-02   8.6064486909E-03
   17      1.7706768877E-03   2.6782142184E-03   4.8526378987E-04  -1.1194249385E-02  -2.1921528318E-03
   18     -2.4909788003E-02  -3.9167482784E-02  -1.2790818952E-02  -8.6338778928E-02  -3.1033142463E-02
   19     -1.0617927242E-02  -7.8864198451E-03  -1.7459222633E-04   2.4466537327E-03  -1.3800031424E-01
   20      1.9045656520E-03   4.7383656430E-03   6.6432499641E-03  -1.7304789680E-02  -3.1962995147E-02
   21     -4.6995314559E-02  -1.4809883387E-04  -2.0389758934E-02  -3.1550432144E-04   1.1353895020E-03
   22      6.5745732604E-04  -4.5798060068E-02  -1.0955769407E-03  -5.5667022363E-04  -1.7654613657E-03
   23     -1.8373542316E-02  -8.3210052865E-04  -3.0405070417E-01  -6.4235750878E-04  -1.2592212870E-03
   24     -1.1043821555E-01  -1.0435628220E-01  -3.6239361433E-02  -1.0624256558E-02  -2.4997124837E-02
   25     -1.0553501218E-01  -2.1730640231E-01  -6.2011199657E-02   1.9255404601E-03  -1.4023221589E-03
   26     -3.7127991763E-02  -6.2847282028E-02  -6.9101030682E-02   4.0749708316E-03   1.1462120071E-02
   27     -1.1046945448E-01   1.0613350570E-01  -3.9111417290E-02  -1.7149632149E-02   2.6871643917E-02
   28      1.0810717532E-01  -2.1952105144E-01   6.4490535576E-02  -9.0680965257E-04  -6.6825702269E-04
   29     -3.9580467402E-02   6.5013466060E-02  -7.0815221863E-02   7.2038318005E-03  -1.3202669553E-02
   30      1.3548816787E-04   8.3707677176E-05  -8.1344633652E-05   3.6758227682E-03   1.4050850575E-02
   31     -9.0796955329E-05  -4.6430690597E-04   4.0257049135E-04  -7.0104694906E-03  -1.4300643658E-02
   32      8.4704052047E-05  -3.7149870580E-04  -3.4916761394E-04   1.5654970374E-03   8.0107049421E-03
   33      1.3517077494E-03  -6.0344556758E-04  -1.5752986646E-03   6.1095094385E-04   4.7186031289E-03
   34     -1.4214212284E-03   1.0726494665E-03   6.0560158698E-04  -2.8781122067E-03  -5.0556456035E-03
   35      1.3663068555E-03  -9.5460068648E-04   1.2702312922E-03  -4.5690575236E-04   1.4638519742E-03
   36     -2.0300496366E-04  -8.7291506712E-06  -2.4565778261E-04   1.0889946664E-03  -6.1363408864E-04
   37      1.6898550693E-05   3.9641364923E-05  -9.6999041241E-05   4.4338222913E-04  -8.2336381337E-05
   38      7.3107646003E-05  -4.3158703056E-05   3.5474550416E-04  -4.2064837827E-04  -4.2862083775E-04
   39     -5.5279683488E-04   1.5342231192E-03  -7.9356347760E-04  -4.3404402661E-03  -2.2664132035E-03
   40     -1.4210414595E-04   1.1536755545E-03  -1.5521981569E-04  -4.1116395121E-03  -4.7370766605E-03
   41      2.1990453694E-04   6.3641771285E-07   2.5418700838E-04   8.6786254916E-04  -1.2866960963E-03
   42     -9.8773131732E-04  -2.1261224659E-03  -8.8937433791E-04  -3.3373110621E-03   4.0498743667E-03
   43     -6.0386953272E-05   4.0618301833E-04  -2.8511638181E-05   1.3394901805E-03  -9.5918314866E-04
   44     -3.8381671408E-04  -5.5286867032E-04  -3.9886867190E-04  -2.2030861049E-03  -5.5441632097E-04
   45      5.1961009058E-05  -1.3848726939E-04  -3.1007790702E-04   6.0989291793E-04   5.0467448173E-03
   46      2.7785384336E-06   1.9884004113E-05   1.6377683560E-05  -1.0353087642E-03  -2.4672732103E-03
   47      1.0380011326E-04  -2.2634289317E-04  -3.8702909322E-04   1.4614351022E-03   2.7507325061E-03
                    5                  6                  7                  8                  9        
    0      4.5978715912E-02  -4.4761296360E-04   1.4282038101E-03   6.6432804066E-04  -2.1234839510E-02
    1     -1.0734179326E-03  -3.8995929604E-04   2.1862391101E-03   1.7658503953E-03   2.5625315922E-02
    2     -1.0285486402E-01   3.2463093803E-02  -8.5954973230E-04  -1.5023426042E-02  -8.8683503828E-03
    3      5.1763265563E-03  -5.1074197771E-02   5.6182187871E-03  -8.7959369945E-03  -1.0235747935E-01
    4     -1.1067006526E-02   4.7826508760E-03  -4.3663049091E-02   1.0607064024E-02   4.3200248518E-02
    5      5.7474247882E-01  -9.7078389215E-03   9.5528196032E-03  -2.7872599198E-01  -1.9027107620E-02
    6     -9.7078389215E-03   5.9993726196E-02   2.1661382338E-03   1.5205622462E-02  -4.9162617843E-04
    7      9.5528196032E-03   2.1661382338E-03   5.9370579728E-02  -1.6132489230E-03   2.1667515885E-03
    8     -2.7872599198E-01   1.5205622462E-02  -1.6132489230E-03   3.0640406291E-01   6.6519164846E-04
    9     -1.9027107620E-02  -4.9162617843E-04   2.1667515885E-03   6.6519164846E-04   4.0295835608E-01
   10      2.2500714523E-02   2.9192170586E-03  -2.4991321117E-03   2.3849080015E-03   4.0954131063E-02
   11     -9.4595036622E-02  -1.9175757626E-02   2.6211740979E-02  -1.0775701677E-02  -1.3542797413E-02
   12      1.1159235456E-03   1.1933303874E-03  -9.4954682653E-04   1.2432384769E-04  -1.5026589221E-01
   13     -3.5500922494E-03  -1.5575384867E-04   3.8879882236E-04  -7.5417609300E-04  -3.6685585126E-02
   14      4.8545018190E-03  -1.3524430207E-04   1.6549177087E-04  -7.7134011535E-06   1.1463226528E-02
   15     -9.1977111531E-03   1.2136923246E-03   4.2569502046E-03   2.6348540957E-03  -1.4373781099E-03
   16     -4.8535325673E-03  -1.1501339182E-03  -2.3309084257E-03  -8.0632050368E-04  -1.8621680825E-02
   17     -9.9688885581E-03  -1.4428311592E-03  -2.4738786450E-03  -8.0779862575E-04  -1.8571177349E-03
   18     -2.0137640097E-02  -4.3337541796E-03  -1.6366463912E-02  -1.0490322794E-02   6.2693421384E-04
   19     -2.1291990600E-02  -1.0521180371E-02  -1.3610420003E-02  -1.3900066449E-02  -4.3926425140E-03
   20     -7.0764369647E-02  -1.8920360809E-02  -3.1817378402E-02  -3.9872524528E-03   2.7861539478E-03
   21      3.3945664444E-02  -5.6462173147E-03  -1.8472921186E-06   2.6393924386E-03   1.8776607962E-03
   22     -7.2453441819E-05   6.4353244618E-05   8.1346607197E-04   9.2742708441E-05  -2.8155454414E-04
   23     -1.8284714508E-02   3.4050137292E-03   3.4983630174E-06   4.8259119809E-04  -1.0397908703E-03
   24     -1.2854757820E-02   1.0585217997E-03   3.6285411924E-04   6.8855070741E-04   1.3768853460E-03
   25     -3.4926566798E-04  -3.6972721090E-04   2.3608208368E-04   5.1495667151E-04   7.4521539947E-05
   26      2.6644392081E-03  -8.1263986144E-04  -2.1390602757E-06  -3.5702847978E-05  -1.4024457291E-04
   27     -1.0832223646E-02   1.2453746385E-03  -4.6341431115E-04   2.1153309609E-05  -4.6025822712E-03
   28     -2.8286727173E-04   2.8203023220E-04   2.3232492227E-04  -6.0807277448E-04  -1.5135618208E-04
   29      3.2678508478E-03  -6.5129924737E-04  -4.9466019997E-04   7.0437264161E-04   2.3943677532E-03
   30      1.3401085708E-02   8.7858046982E-04  -7.3637111249E-04  -1.5818019832E-04  -4.8069980243E-02
   31     -1.3857244829E-02  -2.8178731103E-04   8.2175905246E-04   6.9082758158E-04  -2.6216421844E-02
   32      3.7846361376E-03   4.8089419255E-04   1.5119316574E-05   7.0029616215E-04  -1.8623181628E-02
   33     -2.2397786526E-02  -2.1443092672E-03   3.9531341268E-03  -1.2694517415E-03  -5.1121674102E-02
   34      2.4344129149E-02   2.3256880859E-03  -2.7080295610E-03   1.3664712301E-03  -1.0163032285E-02
   35     -1.3747393047E-02  -1.0249771441E-03   2.3496980997E-03   9.8907044345E-04   4.2034517306E-02
   36      1.3166797404E-03  -4.8682897170E-04   3.4096643546E-04  -6.1195356146E-04  -8.9202676982E-03
   37      1.0965094732E-04   2.2660873998E-04   5.2156267926E-04  -1.6307272988E-04  -5.4994360856E-03
   38     -1.9394303351E-04   2.5871931487E-04  -2.0601644161E-04   3.8352309892E-04   9.7389931030E-04
   39      1.5934230900E-03   6.5115960923E-05  -2.4540013432E-05  -2.2850586561E-04  -1.7477708798E-02
   40     -2.0909108339E-04   1.4096825244E-04  -5.4422724875E-05   2.0693785727E-04  -1.2072986333E-02
   41      4.0481117659E-04   3.5416568320E-04  -2.0822185118E-04   2.4832920173E-04   3.8340499118E-03
   42      4.9409556469E-03  -8.5245070259E-05  -1.3737021334E-04  -3.6456783921E-04  -1.0494948097E-03
   43     -3.5567393053E-04  -7.6317614406E-05  -1.3476815912E-04   2.6050784837E-05   1.3457224572E-03
   44     -1.2438270428E-04  -4.3130936444E-05  -1.0664380265E-04  -1.7538246341E-04  -5.6799909374E-04
   45     -3.3274404133E-03  -9.3855006021E-04  -1.6104454823E-03  -7.0716722968E-04   1.8908684461E-04
   46      4.2379078513E-04   3.3986704187E-05   4.2991760605E-04   2.8830807296E-04   6.0960869987E-04
   47     -4.5913388800E-04  -2.7075950414E-04  -6.1579092783E-04  -3.7327616414E-04  -5.2209011829E-04
                   10                 11                 12                 13                 14        
    0      3.5566399080E-03   5.9448381070E-03  -1.0500009849E-03   1.3614229187E-03  -6.3553262779E-04
    1      4.0200381618E-03  -9.7667508209E-03   3.7973622033E-03  -4.8868235113E-03   1.4873452568E-03
    2     -7.1600120384E-04   3.3255543196E-03  -1.6013934506E-03   8.9901909784E-04  -1.1570684242E-03
    3      3.8896928086E-02  -2.0586898005E-02  -3.9569884935E-02   1.4674065424E-02  -1.2880475248E-02
    4     -1.1495060311E-01   3.0745944258E-02   9.8329189326E-03   6.7755427385E-03  -2.4565219928E-03
    5      2.2500714523E-02  -9.4595036622E-02   1.1159235456E-03  -3.5500922494E-03   4.8545018190E-03
    6      2.9192170586E-03  -1.9175757626E-02   1.1933303874E-03  -1.5575384867E-04  -1.3524430207E-04
    7     -2.4991321117E-03   2.6211740979E-02  -9.4954682653E-04   3.8879882236E-04   1.6549177087E-04
    8      2.3849080015E-03  -1.0775701677E-02   1.2432384769E-04  -7.5417609300E-04  -7.7134011535E-06
    9      4.0954131063E-02  -1.3542797413E-02  -1.5026589221E-01  -3.6685585126E-02   1.1463226528E-02
   10      5.6324301088E-01   3.9472242011E-02  -3.6584357080E-02  -8.4630246517E-02   6.3486616133E-03
   11      3.9472242011E-02   5.8247158485E-01   1.2061163856E-02   4.8048516342E-03  -8.1706102357E-02
   12     -3.6584357080E-02   1.2061163856E-02   5.2959032574E-01  -7.8608555362E-02   1.9794559247E-02
   13     -8.4630246517E-02   4.8048516342E-03  -7.8608555362E-02   4.3266598418E-01  -3.1577666457E-02
   14      6.3486616133E-03  -8.1706102357E-02   1.9794559247E-02  -3.1577666457E-02   5.8548372572E-01
   15     -2.4401842629E-02  -1.0572562827E-02  -6.8698104035E-02   1.2516043556E-02   8.0430452094E-03
   16     -3.4762887557E-02  -8.6490959431E-03   4.7788761427E-03  -1.5559419351E-01  -3.6034978654E-02
   17      2.4359828965E-03   5.1389196582E-03   4.4491601217E-03  -3.0684271652E-02  -9.4957782667E-02
   18     -1.8504725467E-03   1.6946121813E-03  -2.9947029994E-02   2.3267179364E-02  -7.8298991095E-03
   19     -5.0137714309E-02  -1.3083703044E-02   2.7178802373E-02  -1.8857857006E-02   8.7301267371E-03
   20      1.3867078102E-03   5.1255278388E-03   3.8637456460E-03   1.6112964931E-03   5.3569165337E-03
   21     -1.3004158505E-03   1.4746933330E-03   4.1943543819E-08   4.5198519402E-05  -1.2711807166E-05
   22      4.4863926470E-05  -1.5263850881E-03   1.2341323798E-04   5.9013250029E-05   2.0095669546E-04
   23      7.4272716771E-04   8.3924467232E-04  -1.3292733502E-04  -3.4182164235E-05   4.2446690038E-04
   24      3.4000436055E-04  -3.0505083211E-04   2.1779163601E-04  -3.4278857872E-04   8.7274938675E-05
   25      6.9435957800E-05  -1.1958468117E-04  -4.5226009479E-04   3.0909020031E-05  -2.0100199076E-05
   26      2.4673755468E-05   3.3780868220E-04  -2.7002918457E-04   1.1444402568E-04  -1.7076947226E-04
   27     -2.2994659644E-03   3.2093125670E-03  -8.5631779960E-04   1.4927468154E-03  -5.8017762571E-04
   28      1.1700457486E-03  -4.1426922852E-04  -2.9236236417E-04  -1.6752518221E-04   9.0391785868E-05
   29      1.4887281381E-03  -8.3109735328E-04   6.1316854495E-04  -6.9918561453E-04   8.5402516968E-04
   30     -2.6252503514E-02  -1.7994353624E-02  -1.9016566318E-03  -2.6150989914E-02  -1.6615956516E-02
   31     -2.2488281848E-01  -1.1784476684E-01   5.3207904366E-04  -7.0641122585E-03  -3.9796363114E-03
   32     -1.2114454506E-01  -1.2670137150E-01   1.0170918909E-03   4.1270807199E-03   9.9489438324E-04
   33     -9.9368208035E-03   4.2049519072E-02  -8.2359120567E-03  -5.8149335216E-03   3.1527528314E-02
   34     -6.0096686640E-02   4.6246437621E-02  -1.4898048082E-03  -2.5281196573E-03   1.0848313218E-02
   35      4.7093679990E-02  -2.8004592643E-01   1.3393591521E-03  -1.7134280658E-04  -3.0656066095E-03
   36     -1.0355212267E-03   2.9483220961E-02  -6.6684461389E-02   3.7425643751E-03   6.3618869959E-02
   37     -1.9955926257E-03   1.6354763168E-02   3.7745907562E-03  -4.5526702433E-02  -2.2586903135E-04
   38      1.2525515770E-03  -3.4692631210E-03   6.4325856428E-02  -1.4775438968E-03  -2.8410386663E-01
   39      1.4692347801E-02  -1.4196499874E-02  -1.7204238273E-01   8.4870209781E-02  -9.9884421419E-02
   40      8.6576494474E-03  -9.8717118915E-03   8.5072973512E-02  -1.0081262456E-01   6.5404965397E-02
   41     -2.1899503459E-03   1.0608271482E-03  -1.0276505909E-01   6.6920930024E-02  -1.2714795010E-01
   42      2.4490165232E-03   4.5486889528E-04   7.9644130837E-03   4.6956848282E-03  -3.1815099939E-03
   43     -4.7102842634E-03  -2.1901673284E-03  -1.7171882318E-02  -1.6769183391E-02   1.2904902772E-02
   44     -1.6280251720E-03  -2.8607042249E-04  -6.1492096031E-03  -8.9137751287E-03   3.9306700653E-03
   45     -3.8489233301E-05   3.8964258011E-05   2.8573997177E-04   9.2990327624E-04   7.2092260402E-03
   46      1.4609214915E-03  -3.5850644022E-04   6.2134014626E-04  -3.0828599878E-03  -3.1853949696E-02
   47      5.3590593151E-04   1.1110230624E-04   2.2264647970E-03  -6.4781883647E-04  -9.5823409325E-03
                   15                 16                 17                 18                 19        
    0     -6.6675120178E-04  -1.8637913495E-03   1.7706768877E-03  -2.4909788003E-02  -1.0617927242E-02
    1     -9.7355715582E-04  -5.9403191919E-03   2.6782142184E-03  -3.9167482784E-02  -7.8864198451E-03
    2     -1.7806987241E-03  -1.7715419507E-03   4.8526378987E-04  -1.2790818952E-02  -1.7459222633E-04
    3     -4.1003254208E-02  -2.5121470487E-02  -1.1194249385E-02  -8.6338778928E-02   2.4466537327E-03
    4     -2.5037117022E-02   8.6064486909E-03  -2.1921528318E-03  -3.1033142463E-02  -1.3800031424E-01
    5     -9.1977111531E-03  -4.8535325673E-03  -9.9688885581E-03  -2.0137640097E-02  -2.1291990600E-02
    6      1.2136923246E-03  -1.1501339182E-03  -1.4428311592E-03  -4.3337541796E-03  -1.0521180371E-02
    7      4.2569502046E-03  -2.3309084257E-03  -2.4738786450E-03  -1.6366463912E-02  -1.3610420003E-02
    8      2.6348540957E-03  -8.0632050368E-04  -8.0779862575E-04  -1.0490322794E-02  -1.3900066449E-02
    9     -1.4373781099E-03  -1.8621680825E-02  -1.8571177349E-03   6.2693421384E-04  -4.3926425140E-03
   10     -2.4401842629E-02  -3.4762887557E-02   2.4359828965E-03  -1.8504725467E-03  -5.0137714309E-02
   11     -1.0572562827E-02  -8.6490959431E-03   5.1389196582E-03   1.6946121813E-03  -1.3083703044E-02
   12     -6.8698104035E-02   4.7788761427E-03   4.4491601217E-03  -2.9947029994E-02   2.7178802373E-02
   13      1.2516043556E-02  -1.5559419351E-01  -3.0684271652E-02   2.3267179364E-02  -1.8857857006E-02
   14      8.0430452094E-03  -3.6034978654E-02  -9.4957782667E-02  -7.8298991095E-03   8.7301267371E-03
   15      4.4145739675E-01   1.0716404840E-01  -2.2514465439E-02  -1.5102774975E-01   3.9561490809E-03
   16      1.0716404840E-01   5.1389897667E-01  -1.4812396626E-02   4.0522966886E-02  -9.3283360452E-02
   17     -2.2514465439E-02  -1.4812396626E-02   5.6584594767E-01  -3.1050194377E-02  -3.3491709312E-03
   18     -1.5102774975E-01   4.0522966886E-02  -3.1050194377E-02   3.5569739629E-01   7.8398625443E-03
   19      3.9561490809E-03  -9.3283360452E-02  -3.3491709312E-03   7.8398625443E-03   3.1393047081E-01
   20     -3.5577742736E-02   4.3775564258E-03  -6.7106355158E-02   9.7879929586E-02   4.9317939006E-02
   21     -1.0757954982E-04   1.8148797737E-04  -9.8039321911E-06   2.9274070804E-03   8.4056486613E-04
   22     -3.0000653651E-04   1.3146334637E-04   4.9418268332E-05   6.0883996183E-04   3.2060092531E-04
   23     -8.0739033647E-05   8.9721179796E-05  -1.5902503039E-04  -4.9458989083E-04   6.2977511136E-04
   24      5.1924570641E-04  -2.0217258591E-03   1.4301290399E-03  -8.1844333497E-03  -8.3104462933E-05
   25      7.1112294025E-04   2.0874037821E-05   7.5354037218E-04  -7.9604875599E-04   1.2916535195E-03
   26      5.7134753815E-04   8.5186765212E-04  -1.0542938994E-05   3.1642045046E-03  -9.0216708685E-05
   27     -4.1934031355E-04   5.5863788517E-04  -3.1934918023E-04   2.9687252445E-03   1.0964538523E-04
   28      1.3963049323E-04   3.1775289745E-05  -2.8340780199E-05   5.2505289528E-06   1.1606094329E-03
   29     -1.2163489045E-04  -2.0439365556E-04  -7.6889157152E-05  -1.0039510615E-03  -7.2881036251E-05
   30     -7.4925170395E-03  -1.7901924672E-03   9.0799802360E-04  -7.9914670826E-04   5.1113269609E-03
   31      8.5663410231E-04  -1.6365903750E-03   1.1722404660E-03  -4.8758028941E-04  -5.1521323066E-03
   32     -3.4464580294E-04   1.7119777889E-03   5.9432301492E-04   4.7641809148E-04   3.9779819130E-03
   33      6.2158506596E-04   9.1469351395E-04   6.7115378194E-04   4.5375686107E-04  -8.6807723660E-04
   34     -1.6962484745E-05   6.1119925528E-04   7.5901963863E-04   5.7340314116E-04   4.4344588769E-04
   35     -4.2750819946E-04   1.2206747961E-04  -5.6890461557E-05   6.3476120732E-04   6.7678996404E-04
   36     -1.5226411445E-03  -1.4959777658E-03   2.3240479725E-03   2.2028793302E-04   7.6293840329E-04
   37      6.6841045068E-03  -2.5139661767E-03  -3.3857930735E-02  -3.5117092890E-04   5.0893058976E-04
   38      4.5890846614E-04  -5.4867829171E-04  -1.0710956415E-02   1.1056554290E-03   5.3597115515E-06
   39     -2.5904684219E-03  -7.5553379806E-04  -1.3845435789E-03  -7.7833976881E-04  -2.8269042070E-04
   40      2.0259547728E-02  -7.8083654327E-03   1.8219941110E-02   4.7389040317E-03  -4.8953977035E-03
   41      7.5553406372E-03  -3.5361999990E-03   4.2499978232E-03   3.2532555503E-03  -2.4838386535E-03
   42     -1.2459984237E-01  -9.6073466593E-02   6.5988829351E-02  -3.3395041706E-02  -2.0061144844E-02
   43     -1.0007968317E-01  -1.6490448886E-01   7.8230966700E-02   6.0170264105E-03   8.6765592273E-03
   44      6.9656513540E-02   8.2832797466E-02  -1.0662921306E-01  -7.3334372741E-03  -9.7264191403E-03
   45     -4.4246293702E-02  -5.1380990174E-03  -7.6945003561E-03  -2.3180445231E-02  -1.5019804893E-03
   46     -5.8237007438E-03  -5.4525657305E-02  -1.7009032333E-02   6.5617330464E-03   5.4913454753E-03
   47     -8.3772407175E-03  -1.8660998939E-02  -2.8583010989E-01  -1.6964907586E-02   8.0997017813E-04
                   20                 21                 22                 23                 24        
    0      1.9045656520E-03  -4.6995314559E-02   6.5745732604E-04  -1.8373542316E-02  -1.1043821555E-01
    1      4.7383656430E-03  -1.4809883387E-04  -4.5798060068E-02  -8.3210052865E-04  -1.0435628220E-01
    2      6.6432499641E-03  -2.0389758934E-02  -1.0955769407E-03  -3.0405070417E-01  -3.6239361433E-02
    3     -1.7304789680E-02  -3.1550432144E-04  -5.5667022363E-04  -6.4235750878E-04  -1.0624256558E-02
    4     -3.1962995147E-02   1.1353895020E-03  -1.7654613657E-03  -1.2592212870E-03  -2.4997124837E-02
    5     -7.0764369647E-02   3.3945664444E-02  -7.2453441819E-05  -1.8284714508E-02  -1.2854757820E-02
    6     -1.8920360809E-02  -5.6462173147E-03   6.4353244618E-05   3.4050137292E-03   1.0585217997E-03
    7     -3.1817378402E-02  -1.8472921186E-06   8.1346607197E-04   3.4983630174E-06   3.6285411924E-04
    8     -3.9872524528E-03   2.6393924386E-03   9.2742708441E-05   4.8259119809E-04   6.8855070741E-04
    9      2.7861539478E-03   1.8776607962E-03  -2.8155454414E-04  -1.0397908703E-03   1.3768853460E-03
   10      1.3867078102E-03  -1.3004158505E-03   4.4863926470E-05   7.4272716771E-04   3.4000436055E-04
   11      5.1255278388E-03   1.4746933330E-03  -1.5263850881E-03   8.3924467232E-04  -3.0505083211E-04
   12      3.8637456460E-03   4.1943543819E-08   1.2341323798E-04  -1.3292733502E-04   2.1779163601E-04
   13      1.6112964931E-03   4.5198519402E-05   5.9013250029E-05  -3.4182164235E-05  -3.4278857872E-04
   14      5.3569165337E-03  -1.2711807166E-05   2.0095669546E-04   4.2446690038E-04   8.7274938675E-05
   15     -3.5577742736E-02  -1.0757954982E-04  -3.0000653651E-04  -8.0739033647E-05   5.1924570641E-04
   16      4.3775564258E-03   1.8148797737E-04   1.3146334637E-04   8.9721179796E-05  -2.0217258591E-03
   17     -6.7106355158E-02  -9.8039321911E-06   4.9418268332E-05  -1.5902503039E-04   1.4301290399E-03
   18      9.7879929586E-02   2.9274070804E-03   6.0883996183E-04  -4.9458989083E-04  -8.1844333497E-03
   19      4.9317939006E-02   8.4056486613E-04   3.2060092531E-04   6.2977511136E-04  -8.3104462933E-05
   20      1.0964474401E-01  -1.7463286994E-03   4.4695025755E-04   2.5536901074E-03   1.4254005032E-03
   21     -1.7463286994E-03   5.1511455947E-02  -1.2338418108E-03   1.6937534286E-02  -1.7378966114E-03
   22      4.4695025755E-04  -1.2338418108E-03   4.4959597826E-02   1.4047458177E-03  -4.0792697515E-04
   23      2.5536901074E-03   1.6937534286E-02   1.4047458177E-03   3.3209457191E-01   7.2700137288E-05
   24      1.4254005032E-03  -1.7378966114E-03  -4.0792697515E-04   7.2700137288E-05   1.2053433793E-01
   25     -2.9115605816E-04   1.6395801141E-03   6.0147317952E-04   1.0551756874E-03   1.1709443682E-01
   26      1.1504954993E-03  -1.5860071448E-02  -2.5983677020E-02  -6.8256364619E-03   4.0342431451E-02
   27      3.3071850887E-04  -1.6607773242E-03   8.9791107308E-04  -1.0589337323E-04   8.7424036772E-03
   28     -2.0813148223E-04  -1.5475745778E-03   7.9849225627E-04  -1.1238715150E-03   1.3440102928E-02
   29     -2.0957100753E-04  -1.5761250721E-02   2.6219055258E-02  -8.1534730285E-03   5.7774846008E-03
   30     -8.0146206278E-04   5.6109205828E-05   9.8055839542E-05  -1.7845947963E-04  -4.3868803490E-04
   31      6.7223061240E-04  -4.9329618324E-05   1.9834239787E-05   1.1245808811E-04   4.8630659641E-04
   32      1.2713684651E-03  -9.8934865538E-05  -8.0056231923E-06   1.8489242470E-04   1.5397525611E-04
   33      8.7869017047E-04  -7.0067975146E-05   3.0992062969E-04   6.7672584597E-04  -1.5544518052E-04
   34     -1.3568455355E-03   4.7019037163E-04  -6.1905922549E-05  -7.6795821795E-04   1.1266499055E-04
   35      1.0709602159E-03  -9.3518963527E-04   1.7463366298E-04   7.2510192467E-04  -2.0899482274E-04
   36     -4.6313824565E-04   1.3154669451E-04  -5.8300341815E-05  -2.6541048725E-04   1.7301281921E-05
   37      1.4547958114E-03   6.9058675234E-05  -1.0444743656E-04  -7.7290739774E-05   2.9433535643E-05
   38      6.6721535084E-04  -1.8819101229E-04   4.8038099001E-05   3.3623638918E-05   7.8005917597E-06
   39     -6.4961212248E-05  -6.2292225615E-07   1.1656256508E-05   1.1843406082E-04   8.9533035211E-05
   40     -1.0868188131E-03  -5.1319379521E-05  -2.1268137488E-05   3.6212291790E-05   1.7143572990E-04
   41      1.0631387479E-03  -9.7385066189E-05   1.5974703794E-05   5.5600771679E-06   2.2187499134E-05
   42      2.0608999641E-03   1.2337587982E-04   4.2044820749E-05   9.5829314925E-07  -8.8572418408E-04
   43     -3.2528949498E-03   5.5903618564E-06  -2.4606763418E-05   3.8357565416E-06   1.6629966609E-04
   44      8.7486954596E-03   9.8176645343E-06  -3.5190953526E-06   2.8800599742E-05  -2.3406129583E-04
   45     -3.6364395941E-02  -9.3616969872E-05   2.9179726939E-05   1.6211378770E-04  -9.1360951369E-05
   46      5.9953144970E-03  -5.9164709524E-05   2.6944672283E-05   2.3751735840E-05   3.6164881949E-05
   47     -1.2284539240E-03   3.2754110268E-05   2.9824991711E-05   1.0100974487E-04  -1.5429374710E-04
                   25                 26                 27                 28                 29        
    0     -1.0553501218E-01  -3.7127991763E-02  -1.1046945448E-01   1.0810717532E-01  -3.9580467402E-02
    1     -2.1730640231E-01  -6.2847282028E-02   1.0613350570E-01  -2.1952105144E-01   6.5013466060E-02
    2     -6.2011199657E-02  -6.9101030682E-02  -3.9111417290E-02   6.4490535576E-02  -7.0815221863E-02
    3      1.9255404601E-03   4.0749708316E-03  -1.7149632149E-02  -9.0680965257E-04   7.2038318005E-03
    4     -1.4023221589E-03   1.1462120071E-02   2.6871643917E-02  -6.6825702269E-04  -1.3202669553E-02
    5     -3.4926566798E-04   2.6644392081E-03  -1.0832223646E-02  -2.8286727173E-04   3.2678508478E-03
    6     -3.6972721090E-04  -8.1263986144E-04   1.2453746385E-03   2.8203023220E-04  -6.5129924737E-04
    7      2.3608208368E-04  -2.1390602757E-06  -4.6341431115E-04   2.3232492227E-04  -4.9466019997E-04
    8      5.1495667151E-04  -3.5702847978E-05   2.1153309609E-05  -6.0807277448E-04   7.0437264161E-04
    9      7.4521539947E-05  -1.4024457291E-04  -4.6025822712E-03  -1.5135618208E-04   2.3943677532E-03
   10      6.9435957800E-05   2.4673755468E-05  -2.2994659644E-03   1.1700457486E-03   1.4887281381E-03
   11     -1.1958468117E-04   3.3780868220E-04   3.2093125670E-03  -4.1426922852E-04  -8.3109735328E-04
   12     -4.5226009479E-04  -2.7002918457E-04  -8.5631779960E-04  -2.9236236417E-04   6.1316854495E-04
   13      3.0909020031E-05   1.1444402568E-04   1.4927468154E-03  -1.6752518221E-04  -6.9918561453E-04
   14     -2.0100199076E-05  -1.7076947226E-04  -5.8017762571E-04   9.0391785868E-05   8.5402516968E-04
   15      7.1112294025E-04   5.7134753815E-04  -4.1934031355E-04   1.3963049323E-04  -1.2163489045E-04
   16      2.0874037821E-05   8.5186765212E-04   5.5863788517E-04   3.1775289745E-05  -2.0439365556E-04
   17      7.5354037218E-04  -1.0542938994E-05  -3.1934918023E-04  -2.8340780199E-05  -7.6889157152E-05
   18     -7.9604875599E-04   3.1642045046E-03   2.9687252445E-03   5.2505289528E-06  -1.0039510615E-03
   19      1.2916535195E-03  -9.0216708685E-05   1.0964538523E-04   1.1606094329E-03  -7.2881036251E-05
   20     -2.9115605816E-04   1.1504954993E-03   3.3071850887E-04  -2.0813148223E-04  -2.0957100753E-04
   21      1.6395801141E-03  -1.5860071448E-02  -1.6607773242E-03  -1.5475745778E-03  -1.5761250721E-02
   22      6.0147317952E-04  -2.5983677020E-02   8.9791107308E-04   7.9849225627E-04   2.6219055258E-02
   23      1.0551756874E-03  -6.8256364619E-03  -1.0589337323E-04  -1.1238715150E-03  -8.1534730285E-03
   24      1.1709443682E-01   4.0342431451E-02   8.7424036772E-03   1.3440102928E-02   5.7774846008E-03
   25      2.3523928419E-01   6.8592333977E-02  -1.3973659481E-02  -1.9208666083E-02  -8.2023956066E-03
   26      6.8592333977E-02   7.0103491173E-02   5.8092844437E-03   8.0951899814E-03   1.7801038321E-03
   27     -1.3973659481E-02   5.8092844437E-03   1.2268434471E-01  -1.1877908264E-01   4.1052764546E-02
   28     -1.9208666083E-02   8.0951899814E-03  -1.1877908264E-01   2.3587263890E-01  -6.9932289762E-02
   29     -8.2023956066E-03   1.7801038321E-03   4.1052764546E-02  -6.9932289762E-02   7.2948559104E-02
   30     -1.9321374275E-05  -3.6107980174E-05  -2.8642455260E-04  -1.6624812776E-04  -2.8599012880E-04
   31      2.3482951772E-04  -4.4277919798E-05   3.4608851303E-04   7.4373931203E-05   1.4504211945E-04
   32      1.8583705801E-05   1.8305759782E-04   1.5218967582E-04   2.6195267919E-05   6.9187879202E-05
   33     -1.9915870481E-04  -1.1182122620E-04   2.0339021309E-04  -1.8322065762E-04   1.4325887146E-04
   34      1.8584141217E-05  -1.4449836835E-04  -3.4920645882E-04   5.4009656534E-05  -2.0778344655E-04
   35      8.4325232061E-05  -1.1926410645E-04   2.0900438501E-04  -1.5126715646E-04   4.7758880479E-04
   36      2.6436557605E-06   5.8119969903E-05  -7.2561449028E-05   5.9370083859E-05  -1.2812421396E-04
   37     -4.7969943069E-06   3.1866000736E-05  -4.7630727637E-05   4.6234722484E-05  -7.4836140918E-05
   38      1.6404910123E-06  -1.4333969521E-05   4.6292843372E-05  -1.4946502394E-05  -3.4811517369E-05
   39     -2.3444121054E-05  -3.8254583922E-05  -5.7557290129E-04  -3.5092644046E-05   3.7117642356E-04
   40      6.6342987941E-05  -4.5803772164E-05  -3.8664238621E-04   8.1690517352E-05   1.7319633777E-04
   41      1.1733620529E-05  -2.8219382451E-05   4.6436782516E-05   1.7716799468E-05  -2.9413634606E-05
   42     -1.1648465304E-04   2.4371047734E-04   1.6057674698E-04   1.6327330195E-05  -3.9253982579E-05
   43      1.0402193838E-04  -2.5110373666E-05  -9.4237532406E-05   4.3915059572E-05   2.9855904222E-05
   44      3.0211983152E-05   9.5465970708E-05   2.9901937955E-05   1.3615751238E-05   2.2021882896E-05
   45      6.5203376446E-06   1.2167663066E-04   8.7848010145E-05   3.2910745446E-05   5.8278390129E-06
   46      8.6969656488E-06   1.4394605835E-05  -3.7890617448E-05  -6.1071832689E-07   3.0753359335E-05
   47     -7.2684688276E-05  -9.3621009392E-06   5.2093383309E-05   2.1409149567E-05   2.6767399783E-05
                   30                 31                 32                 33                 34        
    0      1.3548816787E-04  -9.0796955329E-05   8.4704052047E-05   1.3517077494E-03  -1.4214212284E-03
    1      8.3707677176E-05  -4.6430690597E-04  -3.7149870580E-04  -6.0344556758E-04   1.0726494665E-03
    2     -8.1344633652E-05   4.0257049135E-04  -3.4916761394E-04  -1.5752986646E-03   6.0560158698E-04
    3      3.6758227682E-03  -7.0104694906E-03   1.5654970374E-03   6.1095094385E-04  -2.8781122067E-03
    4      1.4050850575E-02  -1.4300643658E-02   8.0107049421E-03   4.7186031289E-03  -5.0556456035E-03
    5      1.3401085708E-02  -1.3857244829E-02   3.7846361376E-03  -2.2397786526E-02   2.4344129149E-02
    6      8.7858046982E-04  -2.8178731103E-04   4.8089419255E-04  -2.1443092672E-03   2.3256880859E-03
    7     -7.3637111249E-04   8.2175905246E-04   1.5119316574E-05   3.9531341268E-03  -2.7080295610E-03
    8     -1.5818019832E-04   6.9082758158E-04   7.0029616215E-04  -1.2694517415E-03   1.3664712301E-03
    9     -4.8069980243E-02  -2.6216421844E-02  -1.8623181628E-02  -5.1121674102E-02  -1.0163032285E-02
   10     -2.6252503514E-02  -2.2488281848E-01  -1.2114454506E-01  -9.9368208035E-03  -6.0096686640E-02
   11     -1.7994353624E-02  -1.1784476684E-01  -1.2670137150E-01   4.2049519072E-02   4.6246437621E-02
   12     -1.9016566318E-03   5.3207904366E-04   1.0170918909E-03  -8.2359120567E-03  -1.4898048082E-03
   13     -2.6150989914E-02  -7.0641122585E-03   4.1270807199E-03  -5.8149335216E-03  -2.5281196573E-03
   14     -1.6615956516E-02  -3.9796363114E-03   9.9489438324E-04   3.1527528314E-02   1.0848313218E-02
   15     -7.4925170395E-03   8.5663410231E-04  -3.4464580294E-04   6.2158506596E-04  -1.6962484745E-05
   16     -1.7901924672E-03  -1.6365903750E-03   1.7119777889E-03   9.1469351395E-04   6.1119925528E-04
   17      9.0799802360E-04   1.1722404660E-03   5.9432301492E-04   6.7115378194E-04   7.5901963863E-04
   18     -7.9914670826E-04  -4.8758028941E-04   4.7641809148E-04   4.5375686107E-04   5.7340314116E-04
   19      5.1113269609E-03  -5.1521323066E-03   3.9779819130E-03  -8.6807723660E-04   4.4344588769E-04
   20     -8.0146206278E-04   6.7223061240E-04   1.2713684651E-03   8.7869017047E-04  -1.3568455355E-03
   21      5.6109205828E-05  -4.9329618324E-05  -9.8934865538E-05  -7.0067975146E-05   4.7019037163E-04
   22      9.8055839542E-05   1.9834239787E-05  -8.0056231923E-06   3.0992062969E-04  -6.1905922549E-05
   23     -1.7845947963E-04   1.1245808811E-04   1.8489242470E-04   6.7672584597E-04  -7.6795821795E-04
   24     -4.3868803490E-04   4.8630659641E-04   1.5397525611E-04  -1.5544518052E-04   1.1266499055E-04
   25     -1.9321374275E-05   2.3482951772E-04   1.8583705801E-05  -1.9915870481E-04   1.8584141217E-05
   26     -3.6107980174E-05  -4.4277919798E-05   1.8305759782E-04  -1.1182122620E-04  -1.4449836835E-04
   27     -2.8642455260E-04   3.4608851303E-04   1.5218967582E-04   2.0339021309E-04  -3.4920645882E-04
   28     -1.6624812776E-04   7.4373931203E-05   2.6195267919E-05  -1.8322065762E-04   5.4009656534E-05
   29     -2.8599012880E-04   1.4504211945E-04   6.9187879202E-05   1.4325887146E-04  -2.0778344655E-04
   30      5.1633994808E-02   3.1159909154E-02   1.9487739957E-02   2.9775862933E-04   4.9629657419E-03
   31      3.1159909154E-02   2.4613690195E-01   1.2845214364E-01   1.1259102868E-03   6.3594665630E-03
   32      1.9487739957E-02   1.2845214364E-01   1.3332775338E-01  -3.9767124875E-03  -2.5432604431E-02
   33      2.9775862933E-04   1.1259102868E-03  -3.9767124875E-03   6.1791264598E-02   9.6582883674E-03
   34      4.9629657419E-03   6.3594665630E-03  -2.5432604431E-02   9.6582883674E-03   6.1804990903E-02
   35      2.7814476582E-03   4.3422272788E-03  -1.5318635104E-02  -4.6182600974E-02  -5.5626817380E-02
   36      1.6407897244E-03   5.8937634703E-05  -3.1984067358E-04  -5.2640478847E-03  -1.6818575183E-03
   37      9.0241986948E-04   3.3314250346E-04   4.0401321323E-04  -3.9380119626E-03  -2.6479197198E-04
   38      2.6044873254E-04   2.8135738498E-04   1.0011175173E-03   4.9157442739E-04   3.0140002050E-04
   39     -1.2154897949E-04  -3.7311091875E-04  -2.4766261048E-04   1.3919419874E-03   3.0281986673E-04
   40      2.4332658955E-04   1.2055092778E-06  -2.8205866857E-04   1.0981025501E-03   5.4408131759E-04
   41     -3.7763954961E-04   6.9947958741E-06  -1.1833459567E-04   1.1519502429E-04  -4.6981161925E-04
   42      7.6394632386E-04  -2.2142817210E-05   9.0877220918E-05  -6.1816136170E-05  -3.8802581078E-05
   43     -1.6024631655E-03  -3.8895701237E-04   7.1810674629E-05   2.3188588566E-04   9.1969342626E-05
   44     -3.2182755865E-04  -2.5418204673E-04   2.0640890911E-04  -4.4300364646E-04  -2.3162042074E-04
   45      2.7472092143E-05  -3.1510014531E-05   9.6499403642E-05   3.3091655483E-04  -3.4820561764E-04
   46      1.0281119643E-04  -9.1952272683E-05   3.9646954918E-04  -4.8548541110E-04  -2.8521717706E-04
   47      1.7692942005E-05  -2.7135275609E-04   1.6957293701E-04  -5.7393268367E-04  -2.6823208755E-04
                   35                 36                 37                 38                 39        
    0      1.3663068555E-03  -2.0300496366E-04   1.6898550693E-05   7.3107646003E-05  -5.5279683488E-04
    1     -9.5460068648E-04  -8.7291506712E-06   3.9641364923E-05  -4.3158703056E-05   1.5342231192E-03
    2      1.2702312922E-03  -2.4565778261E-04  -9.6999041241E-05   3.5474550416E-04  -7.9356347760E-04
    3     -4.5690575236E-04   1.0889946664E-03   4.4338222913E-04  -4.2064837827E-04  -4.3404402661E-03
    4      1.4638519742E-03  -6.1363408864E-04  -8.2336381337E-05  -4.2862083775E-04  -2.2664132035E-03
    5     -1.3747393047E-02   1.3166797404E-03   1.0965094732E-04  -1.9394303351E-04   1.5934230900E-03
    6     -1.0249771441E-03  -4.8682897170E-04   2.2660873998E-04   2.5871931487E-04   6.5115960923E-05
    7      2.3496980997E-03   3.4096643546E-04   5.2156267926E-04  -2.0601644161E-04  -2.4540013432E-05
    8      9.8907044345E-04  -6.1195356146E-04  -1.6307272988E-04   3.8352309892E-04  -2.2850586561E-04
    9      4.2034517306E-02  -8.9202676982E-03  -5.4994360856E-03   9.7389931030E-04  -1.7477708798E-02
   10      4.7093679990E-02  -1.0355212267E-03  -1.9955926257E-03   1.2525515770E-03   1.4692347801E-02
   11     -2.8004592643E-01   2.9483220961E-02   1.6354763168E-02  -3.4692631210E-03  -1.4196499874E-02
   12      1.3393591521E-03  -6.6684461389E-02   3.7745907562E-03   6.4325856428E-02  -1.7204238273E-01
   13     -1.7134280658E-04   3.7425643751E-03  -4.5526702433E-02  -1.4775438968E-03   8.4870209781E-02
   14     -3.0656066095E-03   6.3618869959E-02  -2.2586903135E-04  -2.8410386663E-01  -9.9884421419E-02
   15     -4.2750819946E-04  -1.5226411445E-03   6.6841045068E-03   4.5890846614E-04  -2.5904684219E-03
   16      1.2206747961E-04  -1.4959777658E-03  -2.5139661767E-03  -5.4867829171E-04  -7.5553379806E-04
   17     -5.6890461557E-05   2.3240479725E-03  -3.3857930735E-02  -1.0710956415E-02  -1.3845435789E-03
   18      6.3476120732E-04   2.2028793302E-04  -3.5117092890E-04   1.1056554290E-03  -7.7833976881E-04
   19      6.7678996404E-04   7.6293840329E-04   5.0893058976E-04   5.3597115515E-06  -2.8269042070E-04
   20      1.0709602159E-03  -4.6313824565E-04   1.4547958114E-03   6.6721535084E-04  -6.4961212248E-05
   21     -9.3518963527E-04   1.3154669451E-04   6.9058675234E-05  -1.8819101229E-04  -6.2292225615E-07
   22      1.7463366298E-04  -5.8300341815E-05  -1.0444743656E-04   4.8038099001E-05   1.1656256508E-05
   23      7.2510192467E-04  -2.6541048725E-04  -7.7290739774E-05   3.3623638918E-05   1.1843406082E-04
   24     -2.0899482274E-04   1.7301281921E-05   2.9433535643E-05   7.8005917597E-06   8.9533035211E-05
   25      8.4325232061E-05   2.6436557605E-06  -4.7969943069E-06   1.6404910123E-06  -2.3444121054E-05
   26     -1.1926410645E-04   5.8119969903E-05   3.1866000736E-05  -1.4333969521E-05  -3.8254583922E-05
   27      2.0900438501E-04  -7.2561449028E-05  -4.7630727637E-05   4.6292843372E-05  -5.7557290129E-04
   28     -1.5126715646E-04   5.9370083859E-05   4.6234722484E-05  -1.4946502394E-05  -3.5092644046E-05
   29      4.7758880479E-04  -1.2812421396E-04  -7.4836140918E-05  -3.4811517369E-05   3.7117642356E-04
   30      2.7814476582E-03   1.6407897244E-03   9.0241986948E-04   2.6044873254E-04  -1.2154897949E-04
   31      4.3422272788E-03   5.8937634703E-05   3.3314250346E-04   2.8135738498E-04  -3.7311091875E-04
   32     -1.5318635104E-02  -3.1984067358E-04   4.0401321323E-04   1.0011175173E-03  -2.4766261048E-04
   33     -4.6182600974E-02  -5.2640478847E-03  -3.9380119626E-03   4.9157442739E-04   1.3919419874E-03
   34     -5.5626817380E-02  -1.6818575183E-03  -2.6479197198E-04   3.0140002050E-04   3.0281986673E-04
   35      3.0474264533E-01   3.8453222015E-04   1.7002592345E-04   1.6695800952E-03   4.0326285218E-04
   36      3.8453222015E-04   7.2086724275E-02   7.9495291347E-04  -7.2824280644E-02   6.7329231446E-03
   37      1.7002592345E-04   7.9495291347E-04   5.2780581349E-02   3.8479342754E-03  -4.6190953655E-03
   38      1.6695800952E-03  -7.2824280644E-02   3.8479342754E-03   3.0746443951E-01   5.0977612699E-03
