*************************************************
******************* ORCA 6.0.0 ******************
*************************************************
$Calculation_Status
   &GeometryIndex 1
   &ListStatus       OUT
   &VERSION [&Type "String"] "6.0.0"
   &PROGNAME [&Type "String"] "LeanSCF"
   &STATUS [&Type "String"] "NORMAL TERMINATION"
$End
$Geometry
   &GeometryIndex 1
   &ListStatus       OUT
   &NATOMS [&Type "Integer"] 8
   &NCORELESSECP [&Type "Integer"] 0
   &NGHOSTATOMS [&Type "Integer"] 0
   &CartesianCoordinates [&Type "Coordinates", &Dim(8,4), &Units "Bohr"] 
              C      2.615416516040    1.008275003404    0.001010403305
              O      1.129982685991   -1.288388226867    0.002807496764
              C     -1.383918639377   -0.927767494517   -0.001101650621
              O     -2.439276166762    1.086551452673   -0.005856605975
              H      2.186153428861    2.136583029969    1.676598700368
              H      2.206343961507    2.120370466643   -1.690473934382
              H      4.579277168578    0.391860690044    0.015447155644
              H     -2.331021931127   -2.782241482262    0.001173765216
$End
$SCF_Energy
   &GeometryIndex 1
   &ListStatus       OUT
   &SCF_ENERGY [&Type "Double"]      -2.2904235124741936e+02
$End
$DFT_Energy
   &GeometryIndex 1
   &ListStatus       OUT
   &NALPHAEL [&Type "Integer"] 16
   &NBETAEL [&Type "Integer"] 16
   &NTOTALEL [&Type "Integer"] 32
   &EEXCHANGE [&Type "Double"]      -2.8359530680700018e+01
   &ECORR [&Type "Double"]      -1.0373258161416381e+00
   &ECNL [&Type "Double"]       0.0000000000000000e+00
   &EXC [&Type "Double"]      -2.9396856496841657e+01
   &EEMBED [&Type "Double"]       0.0000000000000000e+00
   &FINALEN [&Type "Double"]      -2.2904235124741936e+02  "No Van der Waals correction"
$End
$Mulliken_Population_Analysis
   &GeometryIndex 1
   &ListStatus       OUT
   &NATOMS [&Type "Integer"] 8
   &ATNO [&Type "ArrayOfIntegers", &Dim (8,1)] 
                                                         0

0                                                        6
1                                                        8
2                                                        6
3                                                        8
4                                                        1
5                                                        1
6                                                        1
7                                                        1
   &ATOMICCHARGES [&Type "ArrayOfDoubles", &Dim (8,1)] 
                                                         0

0                                     -1.4944008865529312e-01
1                                     -2.4684610621011593e-01
2                                      2.5875594430550741e-01
3                                     -3.3339829494339313e-01
4                                      1.2586752106388643e-01
5                                      1.2566045478079491e-01
6                                      1.2412746226767246e-01
7                                      9.5273107390988931e-02
$End
$Loewdin_Population_Analysis
   &GeometryIndex 1
   &ListStatus       OUT
   &NATOMS [&Type "Integer"] 8
   &ATNO [&Type "ArrayOfIntegers", &Dim (8,1)] 
                                                         0

0                                                        6
1                                                        8
2                                                        6
3                                                        8
4                                                        1
5                                                        1
6                                                        1
7                                                        1
   &ATOMICCHARGES [&Type "ArrayOfDoubles", &Dim (8,1)] 
                                                         0

0                                     -2.9558077867384114e-01
1                                      2.1015629402910463e-01
2                                     -4.5161254551728991e-01
3                                      8.6562250070406854e-02
4                                      1.1310147203706755e-01
5                                      1.1306305480152679e-01
6                                      1.1227069520523636e-01
7                                      1.1203955804782784e-01
$End
$Mayer_Population_Analysis
   &GeometryIndex 1
   &ListStatus       OUT
   &NATOMS [&Type "Integer"] 8 "Total number of atoms"
   &BONDTHRESH [&Type "Double"]       1.0000000000000001e-01  "The threshold for printing"
   &NBONDORDERSPRINT [&Type "Integer"] 7 "The number of bond orders larger than threshold"
   &BONDORDERS [&Type "ArrayOfDoubles", &Dim (7,1)] "The bond orders"
                                                         0

0                                      8.8198271816198015e-01
1                                      9.7147637555040800e-01
2                                      9.7160440552700933e-01
3                                      9.6732508587437960e-01
4                                      1.1683782688279736e+00
5                                      2.0005969311190830e+00
6                                      9.5071284148647373e-01
   &COMPONENTS [&Type "ArrayOfIntegers", &Dim (7,4)] "The indices and atomic numbers of the bonding atoms"
                                                         0                           1                           2                           3

0                                                        0                           6                           1                           8
1                                                        0                           6                           4                           1
2                                                        0                           6                           5                           1
3                                                        0                           6                           6                           1
4                                                        1                           8                           2                           6
5                                                        2                           6                           3                           8
6                                                        2                           6                           7                           1
   &ATNO [&Type "ArrayOfIntegers", &Dim (8,1)] "Atomic number of the elements"
                                                         0

0                                                        6
1                                                        8
2                                                        6
3                                                        8
4                                                        1
5                                                        1
6                                                        1
7                                                        1
   &NA [&Type "ArrayOfDoubles", &Dim (8,1)] "Mulliken gross atomic population"
                                                         0

0                                      6.1494400886552993e+00
1                                      8.2468461062100857e+00
2                                      5.7412440556944926e+00
3                                      8.3333982949433683e+00
4                                      8.7413247893611468e-01
5                                      8.7433954521920609e-01
6                                      8.7587253773232820e-01
7                                      9.0472689260901096e-01
   &ZA [&Type "ArrayOfDoubles", &Dim (8,1)] "Total nuclear charge"
                                                         0

0                                      6.0000000000000000e+00
1                                      8.0000000000000000e+00
2                                      6.0000000000000000e+00
3                                      8.0000000000000000e+00
4                                      1.0000000000000000e+00
5                                      1.0000000000000000e+00
6                                      1.0000000000000000e+00
7                                      1.0000000000000000e+00
   &QA [&Type "ArrayOfDoubles", &Dim (8,1)] "Mulliken gross atomic charge"
                                                         0

0                                     -1.4944008865529934e-01
1                                     -2.4684610621008574e-01
2                                      2.5875594430550741e-01
3                                     -3.3339829494336826e-01
4                                      1.2586752106388532e-01
5                                      1.2566045478079391e-01
6                                      1.2412746226767180e-01
7                                      9.5273107390989042e-02
   &VA [&Type "ArrayOfDoubles", &Dim (8,1)] "Mayer's total valence"
                                                         0

0                                      3.8557792192446807e+00
1                                      2.0798797861649434e+00
2                                      4.1507862585483757e+00
3                                      2.1383358498486538e+00
4                                      9.7954396522623055e-01
5                                      9.7938921217596275e-01
6                                      9.7132211234671106e-01
7                                      9.7967973426331034e-01
   &BVA [&Type "ArrayOfDoubles", &Dim (8,1)] "Mayer's bonded valence"
                                                         0

0                                      3.8557792192446492e+00
1                                      2.0798797861649825e+00
2                                      4.1507862585483553e+00
3                                      2.1383358498486880e+00
4                                      9.7954396522621812e-01
5                                      9.7938921217596886e-01
6                                      9.7132211234670995e-01
7                                      9.7967973426331012e-01
   &FA [&Type "ArrayOfDoubles", &Dim (8,1)] "Mayer's free valence"
                                                         0

0                                      0.0000000000000000e+00
1                                      0.0000000000000000e+00
2                                      0.0000000000000000e+00
3                                      0.0000000000000000e+00
4                                      0.0000000000000000e+00
5                                      0.0000000000000000e+00
6                                      0.0000000000000000e+00
7                                      0.0000000000000000e+00
$End
$VdW_Correction
   &GeometryIndex 1
   &ListStatus       OUT
   &VDW [&Type "Double"]      -1.2050590674589708e-03
$End
$Calculation_Info
   &GeometryIndex 1
   &ListStatus       OUT
   &MULT [&Type "Integer"] 1
   &CHARGE [&Type "Integer"] 0
   &NUMOFATOMS [&Type "Integer"] 8
   &NUMOFELECTRONS [&Type "Integer"] 32
   &NUMOFFCELECTRONS [&Type "Integer"] 1
   &NUMOFCORRELECTRONS [&Type "Integer"] 0
   &NUMOFBASISFUNCTS [&Type "Integer"] 148
   &NUMOFAUXCBASISFUNCTS [&Type "Integer"] 0
   &NUMOFAUXJBASISFUNCTS [&Type "Integer"] 164
   &NUMOFAUXJKBASISFUNCTS [&Type "Integer"] 0
   &NUMOFCABSBASISFUNCTS [&Type "Integer"] 0
   &TOTALENERGY [&Type "Double"]      -2.2903668194818681e+02  "Hartrees"
$End
$SCF_Dipole_Moment
   &GeometryIndex 1
   &ListStatus       OUT
   &METHOD [&Type "String"] "SCF"
   &LEVEL [&Type "String"] "Relaxed density"
   &MULT [&Type "Integer"] 1
   &STATE [&Type "Integer"] -1
   &IRREP [&Type "Integer"] 0
   &NATOMS [&Type "Integer"] 8
   &DODIPOLEATOM [&Type "Boolean"] false
   &DIPOLEELECCONTRIB [&Type "ArrayOfDoubles", &Dim (3,1)] "Electronic contribution"
                                                         0

0                                     -2.5610357971558662e+00
1                                     -1.2095380646512965e+00
2                                     -1.4191453972218371e-03
   &DIPOLENUCCONTRIB [&Type "ArrayOfDoubles", &Dim (3,1)] "Nuclear contribution"
                                                         0

0                                      3.2687001097910766e+00
1                                      9.3779071932709979e-01
2                                      2.9094483258751969e-03
   &DIPOLETOTAL [&Type "ArrayOfDoubles", &Dim (3,1)] "Total"
                                                         0

0                                      7.0766431263521046e-01
1                                     -2.7174734532419675e-01
2                                      1.4903029286533597e-03
   &DIPOLEMAGNITUDE [&Type "Double", &Units "a.u."]       7.5804856049664271e-01
$End
$THERMOCHEMISTRY_Energies
   &GeometryIndex 1
   &ListStatus       OUT
   &TEMPERATURE [&Type "Double"]       2.9814999999999998e+02
   &PRESSURE [&Type "Double"]       1.0000000000000000e+00
   &TOTALMASS [&Type "Double"]       6.0052000000000000e+01
   &SPINDEGENERACY [&Type "Integer"] 1
   &ELENERGY [&Type "Double"]      -2.2903668194818681e+02
   &TRANSENERGY [&Type "Double"]       1.4162714244859817e-03
   &ROTENERGY [&Type "Double"]       1.4162714244859817e-03
   &VIBENERGY [&Type "Double"]       1.6443929728164833e-03
   &NUMOFFREQS [&Type "Integer"] 24
   &FREQSCALINGFACTOR [&Type "Double"]       1.0000000000000000e+00
   &FREQ [&Type "ArrayOfDoubles", &Dim (24,1)] "In cm^-1"
                                                         0

0                                      0.0000000000000000e+00
1                                      0.0000000000000000e+00
2                                      0.0000000000000000e+00
3                                      0.0000000000000000e+00
4                                      0.0000000000000000e+00
5                                      0.0000000000000000e+00
6                                      1.5904426948250267e+02
7                                      3.0978985048920913e+02
8                                      3.5416430174052607e+02
9                                      7.7263028293821674e+02
10                                     9.1492279083999449e+02
11                                     1.0210692947963487e+03
12                                     1.1639147029967814e+03
13                                     1.1693260279047136e+03
14                                     1.2125035513391447e+03
15                                     1.3853392542965892e+03
16                                     1.4581880149545188e+03
17                                     1.4768854754574331e+03
18                                     1.4875265412180713e+03
19                                     1.7747295069949146e+03
20                                     3.0148717394427872e+03
21                                     3.0304049803870848e+03
22                                     3.1144876372064055e+03
23                                     3.1509323646146177e+03
   &ZPE [&Type "Double"]       6.1443845368506680e-02
   &INNERENERGYU [&Type "Double"]      -2.2897076116699651e+02
   &ENTHALPYH [&Type "Double"]      -2.2896981695795427e+02
   &QEL [&Type "Double"]       0.0000000000000000e+00
   &QROT [&Type "Double"]       1.1220981193345862e-02
   &QVIB [&Type "Double"]       2.7088943285264711e-03
   &QTRANS [&Type "Double"]       1.8149001289377204e-02
   &ENTROPYS [&Type "Double"]       3.2078876811249539e-02
   &FREEENERGYG [&Type "Double"]      -2.2900189583476552e+02
   &ISLINEAR [&Type "Boolean"] false
$End
$Hessian
   &GeometryIndex 1
   &ListStatus       OUT
   &HESSIAN [&Type "ArrayOfDoubles", &Dim (24,24)] "The Hessian"
                                                         0                           1                           2                           3                           4                           5                           6                           7

0                                      5.6310596645844435e-01        -9.3329976597243763e-02         1.6336498489444211e-04        -9.7790562665716022e-02        -1.8113403408886411e-02         1.6902028871812352e-05        -5.3627469166100485e-02        -3.9335115180583476e-02
1                                     -9.3329976597243763e-02         4.6103594230603151e-01         7.3943330387712312e-05        -4.3201797417481994e-02        -1.5628527253972407e-01         1.0514718804399571e-04        -3.2171796753212696e-02         8.0848008638967836e-03
2                                      1.6336498489444211e-04         7.3943330387712312e-05         5.8023254095078602e-01         5.9025533045958161e-05         1.1881950885971894e-04        -6.8195091890403375e-02        -6.9020628263860749e-05        -2.9657695873454943e-05
3                                     -9.7790562665716022e-02        -4.3201797417481994e-02         5.9025533045958161e-05         4.8071355145447381e-01         2.8897627087117489e-02         4.1109878840241653e-04        -2.5853706872432536e-01         9.1152294900778280e-03
4                                     -1.8113403408886411e-02        -1.5628527253972407e-01         1.1881950885971894e-04         2.8897627087117489e-02         3.3834287948265263e-01        -4.0470985649286042e-04        -7.0954323231618849e-03        -1.2158020022350562e-01
5                                      1.6902028871812352e-05         1.0514718804399571e-04        -6.8195091890403375e-02         4.1109878840241653e-04        -4.0470985649286042e-04         8.0982123825565688e-02        -2.1845194071325045e-04         9.8710981030111674e-05
6                                     -5.3627469166100485e-02        -3.2171796753212696e-02        -6.9020628263860749e-05        -2.5853706872432536e-01        -7.0954323231618849e-03        -2.1845194071325045e-04         6.2528356189213308e-01        -1.0113049966630683e-01
7                                     -3.9335115180583476e-02         8.0848008638967836e-03        -2.9657695873454943e-05         9.1152294900778280e-03        -1.2158020022350562e-01         9.8710981030111674e-05        -1.0113049966630683e-01         9.8502996418288935e-01
8                                     -3.4729146634395258e-05        -4.5521411772043627e-05         3.1298312303621994e-03        -2.1604561856686114e-04         8.4948598317027515e-05        -6.3328212726561750e-02         6.9982790439547917e-04        -1.4725931349166611e-03
9                                      8.7759264963635664e-03         1.2057672116358841e-02        -3.7689442477871683e-05        -6.4287451864333559e-02         6.5657565123899475e-02        -2.4713896039773805e-04        -2.2256137858495501e-01         2.3927446170391253e-01
10                                    -7.9909025691943872e-03        -8.3732085345874993e-03        -5.1821886517428603e-05         6.7016923992982008e-02        -8.2149365603863891e-03         1.5276236873853629e-04         2.2893245195313397e-01        -6.2782819197333106e-01
11                                     2.3293877062139887e-05         8.5233376174037058e-06        -7.3441123814883538e-03        -2.4970549158799191e-04         1.3313464209722348e-04         2.9179084005305236e-02        -5.9139223080829245e-04         1.2466337851104875e-03
12                                    -6.3754003482275390e-02         3.5349068940279907e-02         5.4781097625094463e-02        -1.7974900186043669e-03        -1.7501209162488526e-02        -1.9078457828099159e-02         4.3107991699147244e-03        -4.6356965869939551e-03
13                                     3.1212088195710364e-02        -1.1644613891882297e-01        -1.0921468151836318e-01        -7.2988251853956087e-03        -2.8524679231340846e-02        -2.2673955924999746e-02         6.3464560557081016e-03        -1.7120956477263746e-03
14                                     4.9655880032061242e-02        -1.1338775972418522e-01        -2.2993705673673320e-01        -5.2683443795576070e-03        -6.8282485329237280e-04         6.3646454545471121e-03         2.8750797449562078e-03        -2.0826402473228820e-03
15                                    -6.2570077472069954e-02         3.3494069601603497e-02        -5.3074710169468853e-02        -2.0655480517416565e-03        -1.7370938688078923e-02         1.9195337528623166e-02         4.3194901234008300e-03        -4.6394739543483190e-03
16                                     2.9480561809677876e-02        -1.1422769663036411e-01         1.0842018104373397e-01        -7.5476353924643887e-03        -2.8288397792058308e-02         2.2928320259724237e-02         6.3107447733198822e-03        -1.7102784461821572e-03
17                                    -4.7955115975235572e-02         1.1262219507081023e-01        -2.3324746144398320e-01         5.2554061834389973e-03         8.0354551480397648e-04         6.4375199780379137e-03        -2.8756722168027955e-03         2.0382682255408215e-03
18                                    -2.9017336453564679e-01         8.3765709316156040e-02        -1.7873081592490172e-03        -2.3909969423715816e-02        -1.8331614850262412e-03        -8.6708252841583700e-05         1.4337264356021149e-03        -3.5380653112963567e-03
19                                     9.6287928116560464e-02        -7.6805077682441020e-02         6.7840546560622933e-04        -4.2465055656078242e-02         2.1415412218276329e-03        -2.2703325572349093e-04         6.6512955998912959e-04        -8.8016892567283518e-03
20                                    -1.8548588821098821e-03         6.1295725416746769e-04        -5.1813346841143165e-02         5.9330204694296414e-05        -2.2087627460059097e-05         1.3027473155818869e-05         3.6142904370287012e-05        -4.4698686810136884e-06
21                                    -3.9664156329992147e-03         4.0415966352100284e-03        -2.8865031985620613e-05        -3.2325460706037097e-02        -3.2739889285692436e-02         1.2970496910111033e-05        -1.0062166114566994e-01        -9.4980391408609227e-02
22                                     1.7842737922894626e-03         3.0166511360114698e-03         1.1603980285170909e-05        -4.4176247764396298e-03         2.4090656425349924e-03         7.3665223713870827e-06        -1.0198750268532186e-01        -2.3148230949931262e-01
23                                    -2.0631630499424584e-05         3.7227268117219617e-06         7.1746971126031315e-03        -5.6317080624983614e-05        -1.7434209524824610e-05         8.5469038803533542e-03         1.7154598644892360e-04         1.7523967092786588e-04
                                                         8                           9                          10                          11                          12                          13                          14                          15

0                                     -3.4729146634395258e-05         8.7759264963635664e-03        -7.9909025691943872e-03         2.3293877062139887e-05        -6.3754003482275390e-02         3.1212088195710364e-02         4.9655880032061242e-02        -6.2570077472069954e-02
1                                     -4.5521411772043627e-05         1.2057672116358841e-02        -8.3732085345874993e-03         8.5233376174037058e-06         3.5349068940279907e-02        -1.1644613891882297e-01        -1.1338775972418522e-01         3.3494069601603497e-02
2                                      3.1298312303621994e-03        -3.7689442477871683e-05        -5.1821886517428603e-05        -7.3441123814883538e-03         5.4781097625094463e-02        -1.0921468151836318e-01        -2.2993705673673320e-01        -5.3074710169468853e-02
3                                     -2.1604561856686114e-04        -6.4287451864333559e-02         6.7016923992982008e-02        -2.4970549158799191e-04        -1.7974900186043669e-03        -7.2988251853956087e-03        -5.2683443795576070e-03        -2.0655480517416565e-03
4                                      8.4948598317027515e-05         6.5657565123899475e-02        -8.2149365603863891e-03         1.3313464209722348e-04        -1.7501209162488526e-02        -2.8524679231340846e-02        -6.8282485329237280e-04        -1.7370938688078923e-02
5                                     -6.3328212726561750e-02        -2.4713896039773805e-04         1.5276236873853629e-04         2.9179084005305236e-02        -1.9078457828099159e-02        -2.2673955924999746e-02         6.3646454545471121e-03         1.9195337528623166e-02
6                                      6.9982790439547917e-04        -2.2256137858495501e-01         2.2893245195313397e-01        -5.9139223080829245e-04         4.3107991699147244e-03         6.3464560557081016e-03         2.8750797449562078e-03         4.3194901234008300e-03
7                                     -1.4725931349166611e-03         2.3927446170391253e-01        -6.2782819197333106e-01         1.2466337851104875e-03        -4.6356965869939551e-03        -1.7120956477263746e-03        -2.0826402473228820e-03        -4.6394739543483190e-03
8                                      1.9031420146681419e-01        -6.2034987933901379e-04         1.2484302196384414e-03        -7.2831201808786578e-02        -1.3843656644453560e-03        -1.6999079779862064e-04         7.8992336960346729e-04         1.4162736360265817e-03
9                                     -6.2034987933901379e-04         2.6555326227899023e-01        -3.1300961068520533e-01         8.9775891547637593e-04        -1.0477712612030482e-03        -1.7489413600113033e-03         1.9918420998044778e-04        -9.9637703680181475e-04
10                                     1.2484302196384414e-03        -3.1300961068520533e-01         6.7597000850792976e-01        -1.5207031244471600e-03         2.4590917249847693e-03         2.2542938766778146e-03         2.0458577559180780e-03         2.4820060908390942e-03
11                                    -7.2831201808786578e-02         8.9775891547637593e-04        -1.5207031244471600e-03         3.0357478537898774e-02        -2.4865809061375415e-04        -2.5524791564353203e-04         1.3219962579308527e-04         2.2807998882218235e-04
12                                    -1.3843656644453560e-03        -1.0477712612030482e-03         2.4590917249847693e-03        -2.4865809061375415e-04         6.3803650938971015e-02        -2.7747540310410684e-02        -5.3344022863543089e-02         1.9451741353686929e-03
13                                    -1.6999079779862064e-04        -1.7489413600113033e-03         2.2542938766778146e-03        -2.5524791564353203e-04        -2.7747540310410684e-02         1.3689459374221338e-01         1.2525859339439760e-01        -2.7937463049670769e-03
14                                     7.8992336960346729e-04         1.9918420998044778e-04         2.0458577559180780e-03         1.3219962579308527e-04        -5.3344022863543089e-02         1.2525859339439760e-01         2.4033416494038659e-01         7.2461642007021175e-03
15                                     1.4162736360265817e-03        -9.9637703680181475e-04         2.4820060908390942e-03         2.2807998882218235e-04         1.9451741353686929e-03        -2.7937463049670769e-03         7.2461642007021175e-03         6.2560028061280179e-02
16                                     1.9734947506565683e-04        -1.7692146284917429e-03         2.2271295794554988e-03         2.7040236524105712e-04        -2.6999332414523311e-03         1.0849184521944995e-02        -1.3946772460785996e-02        -2.5739564104179904e-02
17                                     7.6637238884379958e-04        -1.8758023077310518e-04        -2.0165567843202781e-03         1.5230026121422578e-04        -6.9659185889596898e-03         1.3624040717702342e-02        -1.9524402256958492e-02         5.1446919137533242e-02
18                                    -1.4316711470604019e-05         1.8675492487100868e-04         7.2169327510080220e-05        -3.7136650739175590e-06        -3.3447569669250938e-03         2.3380457163517838e-03        -1.0926018320018063e-03        -3.0739586358308887e-03
19                                    -3.0957421869054623e-06         1.3539137938938899e-03         3.4379596473697329e-03        -3.9742707171090298e-06         1.4447901146075293e-02        -3.1512424376973179e-03         2.7810765087627337e-03         1.4250634836624315e-02
20                                     2.5599865656788460e-04         4.0357583203136588e-06         1.6873660568990091e-05         6.0886085021773098e-04         2.4844401113442587e-02        -7.4022357577047714e-03         2.2636860391852406e-03        -2.5058832416900066e-02
21                                     1.2564595645147064e-04         1.4377035047068595e-02         1.9871660812431618e-02        -4.1505231262022095e-05        -1.1560251524653448e-04        -2.1291211706473767e-04        -1.6809750959118075e-04        -1.1873112360538478e-04
22                                     1.9098107783782991e-04        -1.6496367118382094e-03        -3.9473054543127876e-02         1.0245730278514738e-04         2.3369280008469053e-04        -1.6391590524865874e-04         1.3242230947522072e-04         2.2384992344052406e-04
23                                    -5.9096912576843207e-02        -2.2378442804128903e-05         1.4393166837730243e-04         1.9745390909845881e-02         1.2926826941176541e-03         7.1552511944273430e-04        -4.2316043582382040e-04        -1.2908780560585823e-03
                                                        16                          17                          18                          19                          20                          21                          22                          23

0                                      2.9480561809677876e-02        -4.7955115975235572e-02        -2.9017336453564679e-01         9.6287928116560464e-02        -1.8548588821098821e-03        -3.9664156329992147e-03         1.7842737922894626e-03        -2.0631630499424584e-05
1                                     -1.1422769663036411e-01         1.1262219507081023e-01         8.3765709316156040e-02        -7.6805077682441020e-02         6.1295725416746769e-04         4.0415966352100284e-03         3.0166511360114698e-03         3.7227268117219617e-06
2                                      1.0842018104373397e-01        -2.3324746144398320e-01        -1.7873081592490172e-03         6.7840546560622933e-04        -5.1813346841143165e-02        -2.8865031985620613e-05         1.1603980285170909e-05         7.1746971126031315e-03
3                                     -7.5476353924643887e-03         5.2554061834389973e-03        -2.3909969423715816e-02        -4.2465055656078242e-02         5.9330204694296414e-05        -3.2325460706037097e-02        -4.4176247764396298e-03        -5.6317080624983614e-05
4                                     -2.8288397792058308e-02         8.0354551480397648e-04        -1.8331614850262412e-03         2.1415412218276329e-03        -2.2087627460059097e-05        -3.2739889285692436e-02         2.4090656425349924e-03        -1.7434209524824610e-05
5                                      2.2928320259724237e-02         6.4375199780379137e-03        -8.6708252841583700e-05        -2.2703325572349093e-04         1.3027473155818869e-05         1.2970496910111033e-05         7.3665223713870827e-06         8.5469038803533542e-03
6                                      6.3107447733198822e-03        -2.8756722168027955e-03         1.4337264356021149e-03         6.6512955998912959e-04         3.6142904370287012e-05        -1.0062166114566994e-01        -1.0198750268532186e-01         1.7154598644892360e-04
7                                     -1.7102784461821572e-03         2.0382682255408215e-03        -3.5380653112963567e-03        -8.8016892567283518e-03        -4.4698686810136884e-06        -9.4980391408609227e-02        -2.3148230949931262e-01         1.7523967092786588e-04
8                                      1.9734947506565683e-04         7.6637238884379958e-04        -1.4316711470604019e-05        -3.0957421869054623e-06         2.5599865656788460e-04         1.2564595645147064e-04         1.9098107783782991e-04        -5.9096912576843207e-02
9                                     -1.7692146284917429e-03        -1.8758023077310518e-04         1.8675492487100868e-04         1.3539137938938899e-03         4.0357583203136588e-06         1.4377035047068595e-02        -1.6496367118382094e-03        -2.2378442804128903e-05
10                                     2.2271295794554988e-03        -2.0165567843202781e-03         7.2169327510080220e-05         3.4379596473697329e-03         1.6873660568990091e-05         1.9871660812431618e-02        -3.9473054543127876e-02         1.4393166837730243e-04
11                                     2.7040236524105712e-04         1.5230026121422578e-04        -3.7136650739175590e-06        -3.9742707171090298e-06         6.0886085021773098e-04        -4.1505231262022095e-05         1.0245730278514738e-04         1.9745390909845881e-02
12                                    -2.6999332414523311e-03        -6.9659185889596898e-03        -3.3447569669250938e-03         1.4447901146075293e-02         2.4844401113442587e-02        -1.1560251524653448e-04         2.3369280008469053e-04         1.2926826941176541e-03
13                                     1.0849184521944995e-02         1.3624040717702342e-02         2.3380457163517838e-03        -3.1512424376973179e-03        -7.4022357577047714e-03        -2.1291211706473767e-04        -1.6391590524865874e-04         7.1552511944273430e-04
14                                    -1.3946772460785996e-02        -1.9524402256958492e-02        -1.0926018320018063e-03         2.7810765087627337e-03         2.2636860391852406e-03        -1.6809750959118075e-04         1.3242230947522072e-04        -4.2316043582382040e-04
15                                    -2.5739564104179904e-02         5.1446919137533242e-02        -3.0739586358308887e-03         1.4250634836624315e-02        -2.5058832416900066e-02        -1.1873112360538478e-04         2.2384992344052406e-04        -1.2908780560585823e-03
16                                     1.3442612404505969e-01        -1.2450955426301671e-01         2.2715239287465494e-03        -3.1084438810162728e-03         7.4846049682214559e-03        -2.1332054608914821e-04        -1.6762139683934498e-04        -7.2863330548428903e-04
17                                    -1.2450955426301671e-01         2.4391200101890501e-01         1.0050456382877521e-03        -2.5486763928992875e-03         1.9355508233474068e-03         1.6856220323138195e-04        -1.2916017132048093e-04        -4.3188076940668392e-04
18                                     2.2715239287465494e-03         1.0050456382877521e-03         3.1981245139818698e-01        -8.2976310893827163e-02         1.9733188173256481e-03        -9.3088319654154126e-04         5.9146437921289013e-05         2.0215700489022231e-06
19                                    -3.1084438810162728e-03        -2.5486763928992875e-03        -8.2976310893827163e-02         8.6239330009174248e-02        -6.8682936126733887e-04        -1.7231979397736650e-03         4.7622379511344428e-05         1.1211459150723035e-05
20                                     7.4846049682214559e-03         1.9355508233474068e-03         1.9733188173256481e-03        -6.8682936126733887e-04         4.6507549951230714e-02         7.2509583144222560e-07         1.0232142971572291e-07         2.2867304743837233e-04
21                                    -2.1332054608914821e-04         1.6856220323138195e-04        -9.3088319654154126e-04        -1.7231979397736650e-03         7.2509583144222560e-07         1.2370171927303111e-01         1.0585512753472565e-01        -7.2740510106971459e-05
22                                    -1.6762139683934498e-04        -1.2916017132048093e-04         5.9146437921289013e-05         4.7622379511344428e-05         1.0232142971572291e-07         1.0585512753472565e-01         2.6581356218647068e-01        -3.0966823628261243e-04
23                                    -7.2863330548428903e-04        -4.3188076940668392e-04         2.0215700489022231e-06         1.1211459150723035e-05         2.2867304743837233e-04        -7.2740510106971459e-05        -3.0966823628261243e-04         2.4256288831832968e-02
                              

0                             
1                             
2                             
3                             
4                             
5                             
6                             
7                             
8                             
9                             
10                            
11                            
12                            
13                            
14                            
15                            
16                            
17                            
18                            
19                            
20                            
21                            
22                            
23                            
   &MODES [&Type "ArrayOfDoubles", &Dim (24,24)] "The modes of vibrations"
                                                         0                           1                           2                           3                           4                           5                           6                           7

0                                      1.0000000000000000e+00         2.0000000000000000e+00         3.0000000000000000e+00         4.0000000000000000e+00         5.0000000000000000e+00         6.0000000000000000e+00         7.0000000000000000e+00         0.0000000000000000e+00
1                                      0.0000000000000000e+00         0.0000000000000000e+00         0.0000000000000000e+00         0.0000000000000000e+00         0.0000000000000000e+00         8.3843055801256544e-04         1.5952804476384358e-01         1.0000000000000000e+00
2                                      0.0000000000000000e+00         0.0000000000000000e+00         0.0000000000000000e+00         0.0000000000000000e+00         0.0000000000000000e+00        -2.0692897256236945e-04        -3.9696210159004625e-02         2.0000000000000000e+00
3                                      0.0000000000000000e+00         0.0000000000000000e+00         0.0000000000000000e+00         0.0000000000000000e+00         0.0000000000000000e+00        -5.5900944265229830e-03         2.7179806793503820e-04         3.0000000000000000e+00
4                                      0.0000000000000000e+00         0.0000000000000000e+00         0.0000000000000000e+00         0.0000000000000000e+00         0.0000000000000000e+00         2.2119740797326445e-05        -4.4186781066967605e-03         4.0000000000000000e+00
5                                      0.0000000000000000e+00         0.0000000000000000e+00         0.0000000000000000e+00         0.0000000000000000e+00         0.0000000000000000e+00         3.1075809200707514e-04         7.3861581554261632e-02         5.0000000000000000e+00
6                                      0.0000000000000000e+00         0.0000000000000000e+00         0.0000000000000000e+00         0.0000000000000000e+00         0.0000000000000000e+00        -3.8824061884998221e-02         1.1595520141435963e-04         6.0000000000000000e+00
