*************************************************
******************* ORCA 6.0.0 ******************
*************************************************
$Calculation_Status
   &GeometryIndex 1
   &ListStatus       OUT
   &VERSION [&Type "String"] "6.0.0"
   &PROGNAME [&Type "String"] "LeanSCF"
   &STATUS [&Type "String"] "NORMAL TERMINATION"
$End
$Geometry
   &GeometryIndex 1
   &ListStatus       OUT
   &NATOMS [&Type "Integer"] 10
   &NCORELESSECP [&Type "Integer"] 0
   &NGHOSTATOMS [&Type "Integer"] 0
   &CartesianCoordinates [&Type "Coordinates", &Dim(10,4), &Units "Bohr"] 
              C      3.477166970042   -0.226502785305    0.000000555202
              C      1.143551777946    0.755785179382   -0.000093339621
              C     -1.143550761273   -0.755787004858    0.000288581590
              C     -3.477166394810    0.226500204128    0.000148973347
              H      5.142295631065    0.971786157140    0.000030484495
              H      3.772053043086   -2.260886744241    0.000234414291
              H      0.893132717334    2.800636111977   -0.000198686940
              H     -0.893131169648   -2.800637922712    0.000337180244
              H     -5.142294355121   -0.971789652756    0.000133437909
              H     -3.772053575800    2.260883983540   -0.000074771550
$End
$SCF_Energy
   &GeometryIndex 1
   &ListStatus       OUT
   &SCF_ENERGY [&Type "Double"]      -1.5594931525666885e+02
$End
$DFT_Energy
   &GeometryIndex 1
   &ListStatus       OUT
   &NALPHAEL [&Type "Integer"] 15
   &NBETAEL [&Type "Integer"] 15
   &NTOTALEL [&Type "Integer"] 30
   &EEXCHANGE [&Type "Double"]      -2.2878953766638013e+01
   &ECORR [&Type "Double"]      -9.1722256665457380e-01
   &ECNL [&Type "Double"]       0.0000000000000000e+00
   &EXC [&Type "Double"]      -2.3796176333292586e+01
   &EEMBED [&Type "Double"]       0.0000000000000000e+00
   &FINALEN [&Type "Double"]      -1.5594931525666885e+02  "No Van der Waals correction"
$End
$Mulliken_Population_Analysis
   &GeometryIndex 1
   &ListStatus       OUT
   &NATOMS [&Type "Integer"] 10
   &ATNO [&Type "ArrayOfIntegers", &Dim (10,1)] 
                                                         0

0                                                        6
1                                                        6
2                                                        6
3                                                        6
4                                                        1
5                                                        1
6                                                        1
7                                                        1
8                                                        1
9                                                        1
   &ATOMICCHARGES [&Type "ArrayOfDoubles", &Dim (10,1)] 
                                                         0

0                                     -2.6514966312092358e-01
1                                     -7.2851004158762223e-02
2                                     -7.2852380831294639e-02
3                                     -2.6514944957571007e-01
4                                      1.2517179792393052e-01
5                                      1.1565730215996406e-01
6                                      9.7172062669777404e-02
7                                      9.7172171613481018e-02
8                                      1.2517182532443150e-01
9                                      1.1565733799496836e-01
$End
$Loewdin_Population_Analysis
   &GeometryIndex 1
   &ListStatus       OUT
   &NATOMS [&Type "Integer"] 10
   &ATNO [&Type "ArrayOfIntegers", &Dim (10,1)] 
                                                         0

0                                                        6
1                                                        6
2                                                        6
3                                                        6
4                                                        1
5                                                        1
6                                                        1
7                                                        1
8                                                        1
9                                                        1
   &ATOMICCHARGES [&Type "ArrayOfDoubles", &Dim (10,1)] 
                                                         0

0                                     -1.9478142964462819e-01
1                                     -1.9310996479124931e-01
2                                     -1.9310998787342903e-01
3                                     -1.9478143456044261e-01
4                                      1.2158045881970359e-01
5                                      1.2212523107750517e-01
6                                      1.4418571522796886e-01
7                                      1.4418573673426716e-01
8                                      1.2158045688221653e-01
9                                      1.2212521812794908e-01
$End
$Mayer_Population_Analysis
   &GeometryIndex 1
   &ListStatus       OUT
   &NATOMS [&Type "Integer"] 10 "Total number of atoms"
   &BONDTHRESH [&Type "Double"]       1.0000000000000001e-01  "The threshold for printing"
   &NBONDORDERSPRINT [&Type "Integer"] 10 "The number of bond orders larger than threshold"
   &BONDORDERS [&Type "ArrayOfDoubles", &Dim (10,1)] "The bond orders"
                                                         0

0                                      1.8213148174662896e+00
1                                      1.3456230439061667e-01
2                                      9.6392134940863916e-01
3                                      9.6241704893875701e-01
4                                      1.0467707286746553e+00
5                                      9.6002961749106996e-01
6                                      1.8213138164043401e+00
7                                      9.6003013119683966e-01
8                                      9.6392135231927722e-01
9                                      9.6241720376864448e-01
   &COMPONENTS [&Type "ArrayOfIntegers", &Dim (10,4)] "The indices and atomic numbers of the bonding atoms"
                                                         0                           1                           2                           3

0                                                        0                           6                           1                           6
1                                                        0                           6                           3                           6
2                                                        0                           6                           4                           1
3                                                        0                           6                           5                           1
4                                                        1                           6                           2                           6
5                                                        1                           6                           6                           1
6                                                        2                           6                           3                           6
7                                                        2                           6                           7                           1
8                                                        3                           6                           8                           1
9                                                        3                           6                           9                           1
   &ATNO [&Type "ArrayOfIntegers", &Dim (10,1)] "Atomic number of the elements"
                                                         0

0                                                        6
1                                                        6
2                                                        6
3                                                        6
4                                                        1
5                                                        1
6                                                        1
7                                                        1
8                                                        1
9                                                        1
   &NA [&Type "ArrayOfDoubles", &Dim (10,1)] "Mulliken gross atomic population"
                                                         0

0                                      6.2651496631209254e+00
1                                      6.0728510041587622e+00
2                                      6.0728523808312840e+00
3                                      6.2651494495757207e+00
4                                      8.7482820207607104e-01
5                                      8.8434269784003616e-01
6                                      9.0282793733022226e-01
7                                      9.0282782838651887e-01
8                                      8.7482817467556773e-01
9                                      8.8434266200503164e-01
   &ZA [&Type "ArrayOfDoubles", &Dim (10,1)] "Total nuclear charge"
                                                         0

0                                      6.0000000000000000e+00
1                                      6.0000000000000000e+00
2                                      6.0000000000000000e+00
3                                      6.0000000000000000e+00
4                                      1.0000000000000000e+00
5                                      1.0000000000000000e+00
6                                      1.0000000000000000e+00
7                                      1.0000000000000000e+00
8                                      1.0000000000000000e+00
9                                      1.0000000000000000e+00
   &QA [&Type "ArrayOfDoubles", &Dim (10,1)] "Mulliken gross atomic charge"
                                                         0

0                                     -2.6514966312092536e-01
1                                     -7.2851004158762223e-02
2                                     -7.2852380831283980e-02
3                                     -2.6514944957572073e-01
4                                      1.2517179792392896e-01
5                                      1.1565730215996384e-01
6                                      9.7172062669777737e-02
7                                      9.7172171613481129e-02
8                                      1.2517182532443227e-01
9                                      1.1565733799496836e-01
   &VA [&Type "ArrayOfDoubles", &Dim (10,1)] "Mayer's total valence"
                                                         0

0                                      3.9123220065508191e+00
1                                      3.8347529585522189e+00
2                                      3.8347529604457473e+00
3                                      3.9123203629245435e+00
4                                      9.7761896297784034e-01
5                                      9.8068262732387357e-01
6                                      9.8276497805252916e-01
7                                      9.8276499352881841e-01
8                                      9.7761887732858999e-01
9                                      9.8068263666766564e-01
   &BVA [&Type "ArrayOfDoubles", &Dim (10,1)] "Mayer's bonded valence"
                                                         0

0                                      3.9123220065509146e+00
1                                      3.8347529585523064e+00
2                                      3.8347529604457491e+00
3                                      3.9123203629245213e+00
4                                      9.7761896297783557e-01
5                                      9.8068262732390610e-01
6                                      9.8276497805257379e-01
7                                      9.8276499352882085e-01
8                                      9.7761887732859276e-01
9                                      9.8068263666766364e-01
   &FA [&Type "ArrayOfDoubles", &Dim (10,1)] "Mayer's free valence"
                                                         0

0                                      0.0000000000000000e+00
1                                      0.0000000000000000e+00
2                                      0.0000000000000000e+00
3                                      0.0000000000000000e+00
4                                      0.0000000000000000e+00
5                                      0.0000000000000000e+00
6                                      0.0000000000000000e+00
7                                      0.0000000000000000e+00
8                                      0.0000000000000000e+00
9                                      0.0000000000000000e+00
$End
$VdW_Correction
   &GeometryIndex 1
   &ListStatus       OUT
   &VDW [&Type "Double"]      -1.8627196719436219e-03
$End
$Calculation_Info
   &GeometryIndex 1
   &ListStatus       OUT
   &MULT [&Type "Integer"] 1
   &CHARGE [&Type "Integer"] 0
   &NUMOFATOMS [&Type "Integer"] 10
   &NUMOFELECTRONS [&Type "Integer"] 30
   &NUMOFFCELECTRONS [&Type "Integer"] 1
   &NUMOFCORRELECTRONS [&Type "Integer"] 0
   &NUMOFBASISFUNCTS [&Type "Integer"] 160
   &NUMOFAUXCBASISFUNCTS [&Type "Integer"] 0
   &NUMOFAUXJBASISFUNCTS [&Type "Integer"] 186
   &NUMOFAUXJKBASISFUNCTS [&Type "Integer"] 0
   &NUMOFCABSBASISFUNCTS [&Type "Integer"] 0
   &TOTALENERGY [&Type "Double"]      -1.5594864795804079e+02  "Hartrees"
$End
$SCF_Dipole_Moment
   &GeometryIndex 1
   &ListStatus       OUT
   &METHOD [&Type "String"] "SCF"
   &LEVEL [&Type "String"] "Relaxed density"
   &MULT [&Type "Integer"] 1
   &STATE [&Type "Integer"] -1
   &IRREP [&Type "Integer"] 0
   &NATOMS [&Type "Integer"] 10
   &DODIPOLEATOM [&Type "Boolean"] false
   &DIPOLEELECCONTRIB [&Type "ArrayOfDoubles", &Dim (3,1)] "Electronic contribution"
                                                         0

0                                      1.5695110439951920e-07
1                                      6.6674611797715860e-07
2                                      2.0809571769665590e-05
   &DIPOLENUCCONTRIB [&Type "ArrayOfDoubles", &Dim (3,1)] "Nuclear contribution"
                                                         0

0                                     -4.2747241746354803e-08
1                                     -6.4249992126619304e-07
2                                     -2.4295301701472369e-05
   &DIPOLETOTAL [&Type "ArrayOfDoubles", &Dim (3,1)] "Total"
                                                         0

0                                      1.1420386265316440e-07
1                                      2.4246196710965562e-08
2                                     -3.4857299318067783e-06
   &DIPOLEMAGNITUDE [&Type "Double", &Units "a.u."]       3.4876845553738855e-06
$End
$THERMOCHEMISTRY_Energies
   &GeometryIndex 1
   &ListStatus       OUT
   &TEMPERATURE [&Type "Double"]       2.9814999999999998e+02
   &PRESSURE [&Type "Double"]       1.0000000000000000e+00
   &TOTALMASS [&Type "Double"]       5.4091999999999999e+01
   &SPINDEGENERACY [&Type "Integer"] 1
   &ELENERGY [&Type "Double"]      -1.5594864795804079e+02
   &TRANSENERGY [&Type "Double"]       1.4162714244859817e-03
   &ROTENERGY [&Type "Double"]       1.4162714244859817e-03
   &VIBENERGY [&Type "Double"]       1.7771893512026264e-03
   &NUMOFFREQS [&Type "Integer"] 30
   &FREQSCALINGFACTOR [&Type "Double"]       1.0000000000000000e+00
   &FREQ [&Type "ArrayOfDoubles", &Dim (30,1)] "In cm^-1"
                                                         0

0                                      0.0000000000000000e+00
1                                      0.0000000000000000e+00
2                                      0.0000000000000000e+00
3                                      0.0000000000000000e+00
4                                      0.0000000000000000e+00
5                                      0.0000000000000000e+00
6                                      1.8594842443440902e+02
7                                      3.1168058442893488e+02
8                                      5.2701141256740266e+02
9                                      5.4469822873700798e+02
10                                     7.8909849570998881e+02
11                                     9.0646100022783219e+02
12                                     9.2407420943555223e+02
13                                     9.2580722764562449e+02
14                                     9.9255831619719265e+02
15                                     1.0062350416266697e+03
16                                     1.0535070188352342e+03
17                                     1.2293400490673159e+03
18                                     1.3110207499648882e+03
19                                     1.3169591508498547e+03
20                                     1.4096821034306588e+03
21                                     1.4703937775374641e+03
22                                     1.6326294091922703e+03
23                                     1.6774813736684653e+03
24                                     3.1097489371630081e+03
25                                     3.1136407419018456e+03
26                                     3.1174460527386173e+03
27                                     3.1242324901916272e+03
28                                     3.2075884397529485e+03
29                                     3.2077354668614939e+03
   &ZPE [&Type "Double"]       8.4508579697656669e-02
   &INNERENERGYU [&Type "Double"]      -1.5585952964614296e+02
   &ENTHALPYH [&Type "Double"]      -1.5585858543710071e+02
   &QEL [&Type "Double"]       0.0000000000000000e+00
   &QROT [&Type "Double"]       1.1200140347915407e-02
   &QVIB [&Type "Double"]       2.7431606743220970e-03
   &QTRANS [&Type "Double"]       1.8000966151892603e-02
   &ENTROPYS [&Type "Double"]       3.1944267174130112e-02
   &FREEENERGYG [&Type "Double"]      -1.5589052970427485e+02
   &ISLINEAR [&Type "Boolean"] false
$End
$Hessian
   &GeometryIndex 1
   &ListStatus       OUT
   &HESSIAN [&Type "ArrayOfDoubles", &Dim (30,30)] "The Hessian"
                                                         0                           1                           2                           3                           4                           5                           6                           7

0                                      7.8537227585087299e-01        -5.2131141528792245e-02         2.2541587255017611e-05        -4.3828070601091673e-01         1.5133204143466444e-01        -1.1518690654148266e-05        -5.6271598955274262e-02         6.7426770279320827e-03
1                                     -5.2131141528792245e-02         6.5528003240360855e-01        -4.7264839151965228e-05         1.4007524241105818e-01        -1.8112047863539482e-01         1.2226424425962389e-05        -1.0039972523377363e-02         1.5753912471886962e-02
2                                      2.2541587255017611e-05        -4.7264839151965228e-05         1.0303490666546015e-01        -1.5884674872405815e-05         1.1731080564865441e-05        -4.9671792138825804e-02         3.9641006092640124e-06        -1.2328836346132830e-06
3                                     -4.3828070601091673e-01         1.4007524241105818e-01        -1.5884674872405815e-05         7.4584509376494190e-01        -1.0078876022224903e-01        -6.2878271280749966e-06        -1.7457452012489266e-01        -7.6766875928215780e-02
4                                      1.5133204143466444e-01        -1.8112047863539482e-01         1.1731080564865441e-05        -1.0078876022224903e-01         6.6774430696095310e-01        -4.4473333329434353e-05        -7.6766865283597552e-02        -1.6752893056151330e-01
5                                     -1.1518690654148266e-05         1.2226424425962389e-05        -4.9671792138825804e-02        -6.2878271280749966e-06        -4.4473333329434353e-05         1.3319535650976036e-01         1.9607000344996832e-05         1.7299738010886508e-05
6                                     -5.6271598955274262e-02        -1.0039972523377363e-02         3.9641006092640124e-06        -1.7457452012489266e-01        -7.6766865283597552e-02         1.9607000344996832e-05         7.4584510924104119e-01        -1.0078864602012194e-01
7                                      6.7426770279320827e-03         1.5753912471886962e-02        -1.2328836346132830e-06        -7.6766875928215780e-02        -1.6752893056151330e-01         1.7299738010886508e-05        -1.0078864602012194e-01         6.6774409700758686e-01
8                                     -2.4307438723265212e-06        -5.1355471394643649e-08         6.1510224750813067e-03         1.7913927973146601e-05         1.7003817797119259e-05        -6.6149294595901673e-02        -1.2978045513606702e-06        -3.9282767306316325e-05
9                                      6.8742406811894488e-03        -7.3111835746518736e-03         9.0984224784740511e-07        -5.6271560336974523e-02         6.7426803682850839e-03        -2.9030924567622906e-06        -4.3828065615165135e-01         1.5133188550810572e-01
10                                    -7.3111761107662095e-03        -2.0547475595736439e-03         1.0768092757462368e-06        -1.0039986616162150e-02         1.5753912036043594e-02        -4.5569064706575368e-07         1.4007506855950247e-01        -1.8112036608429002e-01
11                                     1.1080364780999107e-06         9.3032689075060665e-07         2.3683450206785188e-03         3.7653897796617058e-06        -1.2335315712237988e-06         6.1510024073061428e-03        -2.1798750661221656e-05         1.4243947629149091e-05
12                                    -2.3542383300979811e-01        -1.3110283328638794e-01        -3.7852852139880724e-06        -1.9790806119980964e-02        -2.0405374901307338e-02         2.6436308338485203e-06        -2.8178348840681919e-03         4.5153284340279168e-03
13                                    -1.3670717787312564e-01        -1.5672028721090786e-01         2.4004674428277168e-06         1.2995832904820162e-02         1.0091348382022015e-02        -2.9438537181681385e-07         1.9638899091184384e-03        -8.6965661230335419e-04
14                                    -6.3781773220547538e-06         1.6233370517291721e-07        -3.2427726776805492e-02         4.6239273962314820e-07        -9.2040061716970360e-07         4.1343686856247421e-03        -7.8448643622992434e-08         1.5807960538040233e-06
15                                    -6.1545769666073641e-02         3.1722020690110278e-02        -5.5819398500637954e-06        -5.9661216174658298e-04         3.0986753280936925e-02        -3.1444331345259105e-06         1.7642556762489442e-03         1.9584010568393772e-03
16                                     3.6149993137735918e-02        -3.2361594393489646e-01         3.2367728859459004e-05         9.6952270248051864e-04        -1.1995429127994957e-02         5.0123930225439704e-07        -2.4205990744194526e-03         1.3141835980821611e-03
17                                    -4.0016080562948830e-06         3.3922853315537755e-05        -3.3345359014067703e-02         1.1256986194701188e-07         1.5383157249306512e-06         5.1524572612894354e-03        -6.4517755276683743e-08        -1.7020848952554339e-06
18                                    -1.4476975112249334e-03         3.1489589744407923e-02        -2.1872233413239883e-06        -5.9593954395795581e-02         2.8462936971796988e-02         2.1878641027819015e-07         4.3166531919913952e-03        -2.6177737882502678e-02
19                                     2.2873767140727669e-04        -1.0337204568779399e-02         9.7555016306835427e-07         3.0268054386860626e-02        -3.1566461215683972e-01         1.5999441195407347e-05         3.8842778360633975e-03        -1.7724632048235860e-02
20                                     3.9929610921523859e-07         5.9862628218001474e-07         5.4457373003435772e-03        -5.5946855325937743e-07         1.2342354155219035e-05        -4.0591017605336802e-02        -1.3012753119855284e-07         4.2283466669732183e-06
21                                     1.5946128048683393e-03        -9.4889741360736557e-04         8.6926216099793752e-08         4.3166474568848067e-03        -2.6177738404086982e-02         1.4524154396449945e-06        -5.9593965748743087e-02         2.8462998673747950e-02
22                                     1.1691644730123761e-03         1.5774223923273765e-03        -1.6833485797996319e-09         3.8842768888332491e-03        -1.7724646662632057e-02        -4.0563050507292275e-07         3.0268104208988577e-02        -3.1566454508135361e-01
23                                    -2.3517251953889368e-07        -1.5609129110928481e-07        -1.4246218473274981e-03         4.0229051777289867e-07         4.3244654739219880e-06         2.9977335760552814e-03         5.2249429105294318e-07         4.0416269600094935e-06
24                                    -7.7931782582039283e-04        -1.4094736531475957e-03         1.2069272520447147e-07        -2.8178403643504928e-03         4.5153252366233916e-03        -2.8357582643389633e-07        -1.9790822596904491e-02        -2.0405387525396636e-02
25                                     3.0188871405721239e-04         8.4925934208511706e-04        -1.7211569271573868e-07         1.9638901806749926e-03        -8.6965496912497914e-04         1.7319918547754523e-06         1.2995821912383812e-02         1.0091344199872478e-02
26                                     6.0311530630486456e-07        -4.7487552135250502e-07        -2.4796346139268900e-04         6.8342643268667039e-08         1.6769446371011917e-06         1.2938991555730891e-02        -9.6267203557358975e-07        -1.3291769641227346e-06
27                                    -9.2206357822677837e-05        -2.8799222222051287e-04        -1.9036653962733478e-08         1.7642582928309039e-03         1.9583985485973534e-03         4.5105854051258449e-07        -5.9661964774754012e-04         3.0986753432675034e-02
28                                     1.6963441048330023e-04         3.8803529964416441e-04         7.2808156213483335e-08        -2.4205937377640612e-03         1.3141847344810432e-03        -2.3521137699610874e-06         9.6952369836857122e-04        -1.1995406889732252e-02
29                                    -2.5263184596319349e-07         1.5367418191179825e-07         1.1745177685564916e-04        -2.2821533101560353e-07        -1.7673940012648756e-06        -8.1578056557025658e-03         4.6217746373762052e-08         2.3917956167895168e-06
                                                         8                           9                          10                          11                          12                          13                          14                          15

0                                     -2.4307438723265212e-06         6.8742406811894488e-03        -7.3111761107662095e-03         1.1080364780999107e-06        -2.3542383300979811e-01        -1.3670717787312564e-01        -6.3781773220547538e-06        -6.1545769666073641e-02
1                                     -5.1355471394643649e-08        -7.3111835746518736e-03        -2.0547475595736439e-03         9.3032689075060665e-07        -1.3110283328638794e-01        -1.5672028721090786e-01         1.6233370517291721e-07         3.1722020690110278e-02
2                                      6.1510224750813067e-03         9.0984224784740511e-07         1.0768092757462368e-06         2.3683450206785188e-03        -3.7852852139880724e-06         2.4004674428277168e-06        -3.2427726776805492e-02        -5.5819398500637954e-06
3                                      1.7913927973146601e-05        -5.6271560336974523e-02        -1.0039986616162150e-02         3.7653897796617058e-06        -1.9790806119980964e-02         1.2995832904820162e-02         4.6239273962314820e-07        -5.9661216174658298e-04
4                                      1.7003817797119259e-05         6.7426803682850839e-03         1.5753912036043594e-02        -1.2335315712237988e-06        -2.0405374901307338e-02         1.0091348382022015e-02        -9.2040061716970360e-07         3.0986753280936925e-02
5                                     -6.6149294595901673e-02        -2.9030924567622906e-06        -4.5569064706575368e-07         6.1510024073061428e-03         2.6436308338485203e-06        -2.9438537181681385e-07         4.1343686856247421e-03        -3.1444331345259105e-06
6                                     -1.2978045513606702e-06        -4.3828065615165135e-01         1.4007506855950247e-01        -2.1798750661221656e-05        -2.8178348840681919e-03         1.9638899091184384e-03        -7.8448643622992434e-08         1.7642556762489442e-03
7                                     -3.9282767306316325e-05         1.5133188550810572e-01        -1.8112036608429002e-01         1.4243947629149091e-05         4.5153284340279168e-03        -8.6965661230335419e-04         1.5807960538040233e-06         1.9584010568393772e-03
8                                      1.3319538464746836e-01        -1.7625109011475839e-05         1.3971096785765887e-05        -4.9671712301172982e-02         2.4748807744826912e-07         1.7633025320876184e-06         1.2938954915866946e-02         4.9222223365463597e-07
9                                     -1.7625109011475839e-05         7.8537211396107476e-01        -5.2131057909038908e-02         2.7280649497709829e-05        -7.7932727506814644e-04         3.0188993265618672e-04         7.1671550344653710e-07        -9.2204245755396570e-05
10                                     1.3971096785765887e-05        -5.2131057909038908e-02         6.5528005820094504e-01        -4.8810249435746325e-05        -1.4094752111305127e-03         8.4926260357983221e-04        -4.6390786726593184e-07        -2.8799001722246847e-04
11                                    -4.9671712301172982e-02         2.7280649497709829e-05        -4.8810249435746325e-05         1.0303483147086968e-01         4.6509050430597516e-08        -2.2089589546947300e-07        -2.4796373993932625e-04        -3.5787272905770701e-08
12                                     2.4748807744826912e-07        -7.7932727506814644e-04        -1.4094752111305127e-03         4.6509050430597516e-08         2.5223183481656103e-01         1.4329732198501713e-01         2.5895859830550659e-06         5.8607096558519452e-03
13                                     1.7633025320876184e-06         3.0188993265618672e-04         8.4926260357983221e-04        -2.2089589546947300e-07         1.4329732198501713e-01         1.5632808994272288e-01        -1.8837472766198888e-06        -2.2260058253430397e-02
14                                     1.2938954915866946e-02         7.1671550344653710e-07        -4.6390786726593184e-07        -2.4796373993932625e-04         2.5895859830550659e-06        -1.8837472766198888e-06         2.2205817298233645e-02         2.8863720671301513e-06
15                                     4.9222223365463597e-07        -9.2204245755396570e-05        -2.8799001722246847e-04        -3.5787272905770701e-08         5.8607096558519452e-03        -2.2260058253430397e-02         2.8863720671301513e-06         5.9354955298778662e-02
16                                    -2.8099136859382457e-06         1.6963541077901455e-04         3.8803663344260959e-04         1.8504117417186112e-07         4.9601040478325434e-03        -1.1188380611639695e-02         1.9882404047415726e-06        -4.2686358091497137e-02
17                                    -8.1577930228013164e-03        -3.3787879307873840e-07         1.4388753088146731e-07         1.1745230644197043e-04        -1.2301460203152521e-06        -5.0608890109339257e-07         1.9643192843948991e-03         6.0668195599130384e-06
18                                     1.7599456183157165e-06         1.5946154206440541e-03        -9.4888932538357107e-04         3.1022220412831916e-08         1.0617553098003427e-03        -2.3001851839187084e-04        -2.6441129201345183e-07        -4.5365933529510306e-03
19                                    -4.1525425368062320e-07         1.1691616102656871e-03         1.5774232538436064e-03        -4.5720996296493270e-08         8.1011313461797074e-05         1.1931550375383262e-03        -6.0384547412694635e-07         1.7057945694073815e-03
20                                     2.9976881815320161e-03        -1.5698765652917679e-07        -2.2843592248801486e-07        -1.4246217337826857e-03         2.5740553132181600e-07        -6.2622958078027169e-07        -7.0688801458831298e-03        -4.7023073834860099e-07
21                                     9.4637926667430209e-07        -1.4477113556344207e-03         3.1489591222921644e-02        -1.8433522643312285e-06         1.2031038257002882e-04         4.1449038869383872e-04        -8.5879922315657806e-08        -3.6078765713562630e-04
22                                     9.5619238970361197e-06         2.2874353079842952e-04        -1.0337196703452131e-02         4.9683210172361806e-07        -1.1381020997892465e-04         4.1409359411647209e-04        -2.8120407766824867e-08        -9.4955079810581978e-04
23                                    -4.0591031340612233e-02        -3.9221051515987488e-07         1.4630991273794078e-06         5.4457342178980475e-03         2.4267916876368169e-09        -3.2975327025781219e-08        -2.2237237527588275e-04        -4.0407698485137389e-08
24                                     2.9280929878956569e-06        -2.3542370376810079e-01        -1.3110289990609211e-01        -2.8680335820102732e-06        -4.8644281405106366e-04         1.9594346280366179e-04        -4.8435226543078638e-08         2.3634704629820228e-05
25                                     3.2866570222996459e-08        -1.3670724730797573e-01        -1.5672044535040533e-01         3.0340563081108815e-06         1.9594510759849857e-04        -7.0807361039501669e-05        -1.6946333236624778e-07        -8.6045615484912745e-05
26                                     4.1343478532800924e-03        -3.8871652837292998e-06         1.3722960805855638e-06        -3.2427716691333527e-02        -1.0131465351742841e-07        -1.3207385178853681e-07        -1.5652114555960383e-03        -5.5367666664579505e-08
27                                    -2.7418905354055535e-06        -6.1545806929723723e-02         3.1722172716673241e-02        -5.6176112587004515e-06         2.3633938183036476e-05        -8.6044759677756755e-05        -4.9980688428651091e-08         1.2841174815289881e-04
28                                    -1.3055002206133052e-08         3.6150135027474960e-02        -3.2361593703013364e-01         3.1407608399544461e-05         9.5713542383068888e-05        -2.6817764089161894e-05         1.7229746516823847e-07        -2.3818766445146352e-04
29                                     5.1524331872595044e-03        -3.6728355194140458e-06         3.1943680467493038e-05        -3.3345350956965836e-02        -4.2003357824746961e-07        -3.0155642389238516e-07         2.8869430937963306e-04        -4.5927613287701131e-08
                                                        16                          17                          18                          19                          20                          21                          22                          23

0                                      3.6149993137735918e-02        -4.0016080562948830e-06        -1.4476975112249334e-03         2.2873767140727669e-04         3.9929610921523859e-07         1.5946128048683393e-03         1.1691644730123761e-03        -2.3517251953889368e-07
1                                     -3.2361594393489646e-01         3.3922853315537755e-05         3.1489589744407923e-02        -1.0337204568779399e-02         5.9862628218001474e-07        -9.4889741360736557e-04         1.5774223923273765e-03        -1.5609129110928481e-07
2                                      3.2367728859459004e-05        -3.3345359014067703e-02        -2.1872233413239883e-06         9.7555016306835427e-07         5.4457373003435772e-03         8.6926216099793752e-08        -1.6833485797996319e-09        -1.4246218473274981e-03
3                                      9.6952270248051864e-04         1.1256986194701188e-07        -5.9593954395795581e-02         3.0268054386860626e-02        -5.5946855325937743e-07         4.3166474568848067e-03         3.8842768888332491e-03         4.0229051777289867e-07
4                                     -1.1995429127994957e-02         1.5383157249306512e-06         2.8462936971796988e-02        -3.1566461215683972e-01         1.2342354155219035e-05        -2.6177738404086982e-02        -1.7724646662632057e-02         4.3244654739219880e-06
5                                      5.0123930225439704e-07         5.1524572612894354e-03         2.1878641027819015e-07         1.5999441195407347e-05        -4.0591017605336802e-02         1.4524154396449945e-06        -4.0563050507292275e-07         2.9977335760552814e-03
6                                     -2.4205990744194526e-03        -6.4517755276683743e-08         4.3166531919913952e-03         3.8842778360633975e-03        -1.3012753119855284e-07        -5.9593965748743087e-02         3.0268104208988577e-02         5.2249429105294318e-07
7                                      1.3141835980821611e-03        -1.7020848952554339e-06        -2.6177737882502678e-02        -1.7724632048235860e-02         4.2283466669732183e-06         2.8462998673747950e-02        -3.1566454508135361e-01         4.0416269600094935e-06
8                                     -2.8099136859382457e-06        -8.1577930228013164e-03         1.7599456183157165e-06        -4.1525425368062320e-07         2.9976881815320161e-03         9.4637926667430209e-07         9.5619238970361197e-06        -4.0591031340612233e-02
9                                      1.6963541077901455e-04        -3.3787879307873840e-07         1.5946154206440541e-03         1.1691616102656871e-03        -1.5698765652917679e-07        -1.4477113556344207e-03         2.2874353079842952e-04        -3.9221051515987488e-07
10                                     3.8803663344260959e-04         1.4388753088146731e-07        -9.4888932538357107e-04         1.5774232538436064e-03        -2.2843592248801486e-07         3.1489591222921644e-02        -1.0337196703452131e-02         1.4630991273794078e-06
11                                     1.8504117417186112e-07         1.1745230644197043e-04         3.1022220412831916e-08        -4.5720996296493270e-08        -1.4246217337826857e-03        -1.8433522643312285e-06         4.9683210172361806e-07         5.4457342178980475e-03
12                                     4.9601040478325434e-03        -1.2301460203152521e-06         1.0617553098003427e-03         8.1011313461797074e-05         2.5740553132181600e-07         1.2031038257002882e-04        -1.1381020997892465e-04         2.4267916876368169e-09
13                                    -1.1188380611639695e-02        -5.0608890109339257e-07        -2.3001851839187084e-04         1.1931550375383262e-03        -6.2622958078027169e-07         4.1449038869383872e-04         4.1409359411647209e-04        -3.2975327025781219e-08
