*************************************************
******************* ORCA 6.0.0 ******************
*************************************************
$Calculation_Status
   &GeometryIndex 1
   &ListStatus       OUT
   &VERSION [&Type "String"] "6.0.0"
   &PROGNAME [&Type "String"] "LeanSCF"
   &STATUS [&Type "String"] "NORMAL TERMINATION"
$End
$Geometry
   &GeometryIndex 1
   &ListStatus       OUT
   &NATOMS [&Type "Integer"] 10
   &NCORELESSECP [&Type "Integer"] 0
   &NGHOSTATOMS [&Type "Integer"] 0
   &CartesianCoordinates [&Type "Coordinates", &Dim(10,4), &Units "Bohr"] 
              C      3.478346642353   -0.224871794804    0.000171202763
              C      1.144997758778    0.750941324319    0.000080547687
              C     -1.144998559077   -0.750972686591    0.000012506208
              C     -3.478345077093    0.224835623934    0.000059714212
              H      5.143492409176    0.969444822365    0.000048818051
              H      3.778336175935   -2.256722878592    0.000053480761
              H      0.898622828688    2.795454887886    0.000011665846
              H     -0.898605988772   -2.795481396964   -0.000018713958
              H     -5.143481898519   -0.969491304526    0.000046356683
              H     -3.778341056719    2.256684621653    0.000081894117
$End
$SCF_Energy
   &GeometryIndex 1
   &ListStatus       OUT
   &SCF_ENERGY [&Type "Double"]      -1.5594935416360164e+02
$End
$DFT_Energy
   &GeometryIndex 1
   &ListStatus       OUT
   &NALPHAEL [&Type "Integer"] 15
   &NBETAEL [&Type "Integer"] 15
   &NTOTALEL [&Type "Integer"] 30
   &EEXCHANGE [&Type "Double"]      -2.2883143819875215e+01
   &ECORR [&Type "Double"]      -9.1736755154570482e-01
   &ECNL [&Type "Double"]       0.0000000000000000e+00
   &EXC [&Type "Double"]      -2.3800511371420921e+01
   &EEMBED [&Type "Double"]       0.0000000000000000e+00
   &FINALEN [&Type "Double"]      -1.5594935416360164e+02  "No Van der Waals correction"
$End
$Mulliken_Population_Analysis
   &GeometryIndex 1
   &ListStatus       OUT
   &NATOMS [&Type "Integer"] 10
   &ATNO [&Type "ArrayOfIntegers", &Dim (10,1)] 
                                                         0

0                                                        6
1                                                        6
2                                                        6
3                                                        6
4                                                        1
5                                                        1
6                                                        1
7                                                        1
8                                                        1
9                                                        1
   &ATOMICCHARGES [&Type "ArrayOfDoubles", &Dim (10,1)] 
                                                         0

0                                     -2.6458994035488370e-01
1                                     -7.2628062280088557e-02
2                                     -7.2626521789195486e-02
3                                     -2.6458938479048832e-01
4                                      1.2538999659208394e-01
5                                      1.1522761730296671e-01
6                                      9.6599590516615819e-02
7                                      9.6599096265235218e-02
8                                      1.2538967965592196e-01
9                                      1.1522792888180700e-01
$End
$Loewdin_Population_Analysis
   &GeometryIndex 1
   &ListStatus       OUT
   &NATOMS [&Type "Integer"] 10
   &ATNO [&Type "ArrayOfIntegers", &Dim (10,1)] 
                                                         0

0                                                        6
1                                                        6
2                                                        6
3                                                        6
4                                                        1
5                                                        1
6                                                        1
7                                                        1
8                                                        1
9                                                        1
   &ATOMICCHARGES [&Type "ArrayOfDoubles", &Dim (10,1)] 
                                                         0

0                                     -1.9412737631059240e-01
1                                     -1.9351621485526493e-01
2                                     -1.9351681591972447e-01
3                                     -1.9412700631523450e-01
4                                      1.2140868998163512e-01
5                                      1.2189823654815146e-01
6                                      1.4433658386901027e-01
7                                      1.4433655083439234e-01
8                                      1.2140889379697073e-01
9                                      1.2189845837063218e-01
$End
$Mayer_Population_Analysis
   &GeometryIndex 1
   &ListStatus       OUT
   &NATOMS [&Type "Integer"] 10 "Total number of atoms"
   &BONDTHRESH [&Type "Double"]       1.0000000000000001e-01  "The threshold for printing"
   &NBONDORDERSPRINT [&Type "Integer"] 10 "The number of bond orders larger than threshold"
   &BONDORDERS [&Type "ArrayOfDoubles", &Dim (10,1)] "The bond orders"
                                                         0

0                                      1.8220659660503851e+00
1                                      1.3450491233174730e-01
2                                      9.6407901858806044e-01
3                                      9.6241995752711285e-01
4                                      1.0465425546576679e+00
5                                      9.6012135595494719e-01
6                                      1.8220659145331575e+00
7                                      9.6012250131608368e-01
8                                      9.6407906634921015e-01
9                                      9.6241982762266676e-01
   &COMPONENTS [&Type "ArrayOfIntegers", &Dim (10,4)] "The indices and atomic numbers of the bonding atoms"
                                                         0                           1                           2                           3

0                                                        0                           6                           1                           6
1                                                        0                           6                           3                           6
2                                                        0                           6                           4                           1
3                                                        0                           6                           5                           1
4                                                        1                           6                           2                           6
5                                                        1                           6                           6                           1
6                                                        2                           6                           3                           6
7                                                        2                           6                           7                           1
8                                                        3                           6                           8                           1
9                                                        3                           6                           9                           1
   &ATNO [&Type "ArrayOfIntegers", &Dim (10,1)] "Atomic number of the elements"
                                                         0

0                                                        6
1                                                        6
2                                                        6
3                                                        6
4                                                        1
5                                                        1
6                                                        1
7                                                        1
8                                                        1
9                                                        1
   &NA [&Type "ArrayOfDoubles", &Dim (10,1)] "Mulliken gross atomic population"
                                                         0

0                                      6.2645899403548944e+00
1                                      6.0726280622800894e+00
2                                      6.0726265217892061e+00
3                                      6.2645893847905088e+00
4                                      8.7461000340791606e-01
5                                      8.8477238269703373e-01
6                                      9.0340040948338463e-01
7                                      9.0340090373476623e-01
8                                      8.7461032034407959e-01
9                                      8.8477207111819267e-01
   &ZA [&Type "ArrayOfDoubles", &Dim (10,1)] "Total nuclear charge"
                                                         0

0                                      6.0000000000000000e+00
1                                      6.0000000000000000e+00
2                                      6.0000000000000000e+00
3                                      6.0000000000000000e+00
4                                      1.0000000000000000e+00
5                                      1.0000000000000000e+00
6                                      1.0000000000000000e+00
7                                      1.0000000000000000e+00
8                                      1.0000000000000000e+00
9                                      1.0000000000000000e+00
   &QA [&Type "ArrayOfDoubles", &Dim (10,1)] "Mulliken gross atomic charge"
                                                         0

0                                     -2.6458994035489436e-01
1                                     -7.2628062280089445e-02
2                                     -7.2626521789206144e-02
3                                     -2.6458938479050875e-01
4                                      1.2538999659208394e-01
5                                      1.1522761730296627e-01
6                                      9.6599590516615375e-02
7                                      9.6599096265233775e-02
8                                      1.2538967965592041e-01
9                                      1.1522792888180733e-01
   &VA [&Type "ArrayOfDoubles", &Dim (10,1)] "Mayer's total valence"
                                                         0

0                                      3.9131401464655999e+00
1                                      3.8352975179134967e+00
2                                      3.8353005777168097e+00
3                                      3.9131384336336859e+00
4                                      9.7752751015689232e-01
5                                      9.8076833083550752e-01
6                                      9.8270095128336465e-01
7                                      9.8270106258654555e-01
8                                      9.7752734605496061e-01
9                                      9.8076839127318083e-01
   &BVA [&Type "ArrayOfDoubles", &Dim (10,1)] "Mayer's bonded valence"
                                                         0

0                                      3.9131401464655529e+00
1                                      3.8352975179135020e+00
2                                      3.8353005777169229e+00
3                                      3.9131384336336339e+00
4                                      9.7752751015688255e-01
5                                      9.8076833083547810e-01
6                                      9.8270095128335522e-01
7                                      9.8270106258656287e-01
8                                      9.7752734605493896e-01
9                                      9.8076839127316262e-01
   &FA [&Type "ArrayOfDoubles", &Dim (10,1)] "Mayer's free valence"
                                                         0

0                                      0.0000000000000000e+00
1                                      0.0000000000000000e+00
2                                      0.0000000000000000e+00
3                                      0.0000000000000000e+00
4                                      0.0000000000000000e+00
5                                      0.0000000000000000e+00
6                                      0.0000000000000000e+00
7                                      0.0000000000000000e+00
8                                      0.0000000000000000e+00
9                                      0.0000000000000000e+00
$End
$VdW_Correction
   &GeometryIndex 1
   &ListStatus       OUT
   &VDW [&Type "Double"]      -1.8623955962051124e-03
$End
$Calculation_Info
   &GeometryIndex 1
   &ListStatus       OUT
   &MULT [&Type "Integer"] 1
   &CHARGE [&Type "Integer"] 0
   &NUMOFATOMS [&Type "Integer"] 10
   &NUMOFELECTRONS [&Type "Integer"] 30
   &NUMOFFCELECTRONS [&Type "Integer"] 1
   &NUMOFCORRELECTRONS [&Type "Integer"] 0
   &NUMOFBASISFUNCTS [&Type "Integer"] 160
   &NUMOFAUXCBASISFUNCTS [&Type "Integer"] 0
   &NUMOFAUXJBASISFUNCTS [&Type "Integer"] 186
   &NUMOFAUXJKBASISFUNCTS [&Type "Integer"] 0
   &NUMOFCABSBASISFUNCTS [&Type "Integer"] 0
   &TOTALENERGY [&Type "Double"]      -1.5594867906609784e+02  "Hartrees"
$End
$SCF_Dipole_Moment
   &GeometryIndex 1
   &ListStatus       OUT
   &METHOD [&Type "String"] "SCF"
   &LEVEL [&Type "String"] "Relaxed density"
   &MULT [&Type "Integer"] 1
   &STATE [&Type "Integer"] -1
   &IRREP [&Type "Integer"] 0
   &NATOMS [&Type "Integer"] 10
   &DODIPOLEATOM [&Type "Boolean"] false
   &DIPOLEELECCONTRIB [&Type "ArrayOfDoubles", &Dim (3,1)] "Electronic contribution"
                                                         0

0                                     -9.1566523399951374e-06
1                                      4.4108208669328512e-06
2                                      6.6309565423468793e-05
   &DIPOLENUCCONTRIB [&Type "ArrayOfDoubles", &Dim (3,1)] "Nuclear contribution"
                                                         0

0                                      9.4021410288469554e-06
1                                     -4.3867992931545530e-06
2                                     -1.1573008887832963e-04
   &DIPOLETOTAL [&Type "ArrayOfDoubles", &Dim (3,1)] "Total"
                                                         0

0                                      2.4548868885181790e-07
1                                      2.4021573778298250e-08
2                                     -4.9420523454860835e-05
   &DIPOLEMAGNITUDE [&Type "Double", &Units "a.u."]       4.9421139002301545e-05
$End
$THERMOCHEMISTRY_Energies
   &GeometryIndex 1
   &ListStatus       OUT
   &TEMPERATURE [&Type "Double"]       2.9814999999999998e+02
   &PRESSURE [&Type "Double"]       1.0000000000000000e+00
   &TOTALMASS [&Type "Double"]       5.4091999999999999e+01
   &SPINDEGENERACY [&Type "Integer"] 1
   &ELENERGY [&Type "Double"]      -1.5594867906609784e+02
   &TRANSENERGY [&Type "Double"]       1.4162714244859817e-03
   &ROTENERGY [&Type "Double"]       1.4162714244859817e-03
   &VIBENERGY [&Type "Double"]       1.8058616358493137e-03
   &NUMOFFREQS [&Type "Integer"] 30
   &FREQSCALINGFACTOR [&Type "Double"]       1.0000000000000000e+00
   &FREQ [&Type "ArrayOfDoubles", &Dim (30,1)] "In cm^-1"
                                                         0

0                                      0.0000000000000000e+00
1                                      0.0000000000000000e+00
2                                      0.0000000000000000e+00
3                                      0.0000000000000000e+00
4                                      0.0000000000000000e+00
5                                      0.0000000000000000e+00
6                                      1.7950015154449750e+02
7                                      3.0472955572758929e+02
8                                      5.2458369701454012e+02
9                                      5.3640325770597440e+02
10                                     7.8580205579978224e+02
11                                     9.0475908841763635e+02
12                                     9.2155533030682329e+02
13                                     9.2344426067075165e+02
14                                     9.9160707858910678e+02
15                                     1.0031402318803521e+03
16                                     1.0527654337133854e+03
17                                     1.2310228785103334e+03
18                                     1.3125318586481721e+03
19                                     1.3182418338447171e+03
20                                     1.4104960170780082e+03
21                                     1.4705865981632107e+03
22                                     1.6371895567646579e+03
23                                     1.6834746840061439e+03
24                                     3.1148775700979422e+03
25                                     3.1230494071422836e+03
26                                     3.1250178148545779e+03
27                                     3.1277783093987414e+03
28                                     3.2170551092639830e+03
29                                     3.2171726680276233e+03
   &ZPE [&Type "Double"]       8.4558256840063947e-02
   &INNERENERGYU [&Type "Double"]      -1.5585948240477293e+02
   &ENTHALPYH [&Type "Double"]      -1.5585853819573069e+02
   &QEL [&Type "Double"]       0.0000000000000000e+00
   &QROT [&Type "Double"]       1.0543007761235550e-02
   &QVIB [&Type "Double"]       2.8052931154140563e-03
   &QTRANS [&Type "Double"]       1.8000966151892603e-02
   &ENTROPYS [&Type "Double"]       3.1349267028542210e-02
   &FREEENERGYG [&Type "Double"]      -1.5588988746275922e+02
   &ISLINEAR [&Type "Boolean"] false
$End
$Hessian
   &GeometryIndex 1
   &ListStatus       OUT
   &HESSIAN [&Type "ArrayOfDoubles", &Dim (30,30)] "The Hessian"
                                                         0                           1                           2                           3                           4                           5                           6                           7

0                                      7.9173494151635071e-01        -5.3162615562248799e-02        -5.6264663734937068e-06        -4.4272484962981773e-01         1.5247399108153559e-01        -1.4451682312220817e-05        -5.6171437298009975e-02         6.8143423829063986e-03
1                                     -5.3162615562248799e-02         6.5682958423654170e-01         1.5629739448905334e-06         1.4111632592109827e-01        -1.8078612560569474e-01         5.7042553703989011e-06        -1.0033049408512525e-02         1.5731037326055311e-02
2                                     -5.6264663734937068e-06         1.5629739448905334e-06         1.0232279165978743e-01        -8.8807367247897347e-06         4.7770430874259223e-06        -4.9278633751845449e-02        -1.2961560891134154e-06         1.2810734137027192e-07
3                                     -4.4272484962981773e-01         1.4111632592109827e-01        -8.8807367247897347e-06         7.5226218093750852e-01        -1.0032359708869898e-01         1.7755577877380288e-05        -1.7691887681775478e-01        -7.7912687347755777e-02
4                                      1.5247399108153559e-01        -1.8078612560569474e-01         4.7770430874259223e-06        -1.0032359708869898e-01         6.6825113937526126e-01        -1.2283707486028044e-05        -7.7912499004331504e-02        -1.6765568541568307e-01
5                                     -1.4451682312220817e-05         5.7042553703989011e-06        -4.9278633751845449e-02         1.7755577877380288e-05        -1.2283707486028044e-05         1.3261661631062505e-01        -3.5685561083966762e-06        -1.9033984410076712e-06
6                                     -5.6171437298009975e-02        -1.0033049408512525e-02        -1.2961560891134154e-06        -1.7691887681775478e-01        -7.7912499004331504e-02        -3.5685561083966762e-06         7.5226863167437141e-01        -1.0032851127851394e-01
7                                      6.8143423829063986e-03         1.5731037326055311e-02         1.2810734137027192e-07        -7.7912687347755777e-02        -1.6765568541568307e-01        -1.9033984410076712e-06        -1.0032851127851394e-01         6.6825311814471211e-01
8                                     -1.7987136925270031e-06        -9.0399888569082125e-07         6.0927552866087489e-03        -2.9286439517390147e-06        -3.0492480462891029e-06        -6.5919964130433897e-02        -1.9066895225695210e-06         1.0316571957506595e-05
9                                      6.9674236183151130e-03        -7.2922132174840972e-03         7.0678875488851239e-08        -5.6171508360718721e-02         6.8142723756362128e-03         4.9769104032326157e-07        -4.4273085995632272e-01         1.5247626933299707e-01
10                                    -7.2921955487091281e-03        -2.0513341164553086e-03        -5.6347867790490873e-07        -1.0033210790084696e-02         1.5731073036539013e-02         3.1294371382217117e-07         1.4111842854936296e-01        -1.8078633397099408e-01
11                                     5.3514528213546504e-08        -1.6825627022504627e-07         2.3758689182821926e-03        -8.9845410923711886e-07         4.3242562403920722e-08         6.0928538104018225e-03         6.8940440192470635e-06        -3.6893151733832446e-06
12                                    -2.3731679279050058e-01        -1.3235822581253354e-01         1.2681930503827945e-05        -1.9699977234435707e-02        -2.0345412672088233e-02         1.2433064330102802e-06        -2.7597108221694977e-03         4.4851647793914574e-03
13                                    -1.3787402203982591e-01        -1.5704317705987528e-01         7.4690671841289444e-06         1.3072382630289876e-02         1.0083254131557993e-02         1.1987010089715381e-07         1.9609260642193121e-03        -8.7559374339267731e-04
14                                     1.7518656553412573e-05         1.0687403826141622e-05        -3.2131651300745599e-02        -2.8988713834468619e-06        -1.8426255924067933e-07         4.0764716191047032e-03        -4.0919356915142895e-07         3.8847803373091374e-07
15                                    -6.1674993781850082e-02         3.2669122864884034e-02         3.4448985909819797e-06        -6.3360389715871792e-04         3.1145791305101565e-02         7.1485541279140455e-07         1.8104429027222422e-03         1.9302949182253000e-03
16                                     3.7017559449109332e-02        -3.2495937440202038e-01        -1.3435362202417379e-05         1.0082273897186883e-03        -1.2013006345852959e-02        -7.4416490268384883e-07        -2.4043597576203133e-03         1.3286682883857379e-03
17                                     4.5071446027347801e-06        -1.8926572984239975e-05        -3.3366393278853893e-02        -2.2341079583501251e-06         1.6395040352637536e-06         5.2624312728348100e-03         5.6700056287450313e-07         1.2416451578932485e-07
18                                    -1.5708140284308794e-03         3.1729466034105258e-02        -1.9669870628471734e-07        -5.9435553656316212e-02         2.7968807938168045e-02        -1.9687459572212290e-06         4.2715897680106101e-03        -2.6376478149965851e-02
19                                     3.3330081921819493e-04        -1.0547441897168617e-02         3.2625014360032850e-08         2.9871957054043042e-02        -3.1620469167440740e-01         8.7553215913483558e-06         3.7839688867511365e-03        -1.7858668870901526e-02
20                                    -9.3240721303268316e-08         1.8307853490912553e-06         5.5509194230955287e-03        -5.8152174942023663e-07         9.5401368595382423e-06        -4.0683545293734788e-02        -8.3088895441593713e-07        -1.0314770344535575e-06
21                                     1.6206571513120314e-03        -9.2681832866154973e-04        -5.8473149571327172e-08         4.2714808698685238e-03        -2.6376665099977496e-02        -1.7466373335326625e-07        -5.9435728472070445e-02         2.7971477888201528e-02
22                                     1.1637886218419258e-03         1.5939466979041144e-03        -7.1500046460561069e-08         3.7838571430032289e-03        -1.7859115046537973e-02         1.8752601965041516e-07         2.9874408066369200e-02        -3.1620693395125649e-01
23                                    -1.6235893630183724e-07         1.4133478665864502e-07        -1.4358060759210578e-03         7.3885712727535204e-07        -4.3866721850970093e-07         3.0646720372694333e-03        -4.8990113640253563e-07        -3.9144923233668235e-06
24                                    -7.7157900965711028e-04        -1.3965341389938456e-03        -1.4026715083217642e-07        -2.7597570594884054e-03         4.4851548246838523e-03         1.5230654901206968e-07        -1.9700333233641322e-02        -2.0345646798403422e-02
25                                     3.0112770655311549e-04         8.4801510492055784e-04        -8.7279849386669541e-08         1.9609521882884891e-03        -8.7553176172238019e-04        -2.8818436021206922e-07         1.3072315477450670e-02         1.0083254060697463e-02
26                                     1.0681795957240853e-07         1.0551027502506248e-07        -2.4652991883817308e-04        -1.8159760220582911e-07        -2.6492147067505906e-07         1.2965131395352918e-02         5.8429675641060001e-07         4.3217007159027972e-07
27                                    -9.2555747711531102e-05        -2.9329222472969320e-04        -1.0589051694850418e-08         1.8104648483133019e-03         1.9302764764630130e-03        -1.1408843580706264e-07        -6.3371774513550864e-04         3.1145892753364122e-02
28                                     1.7255696269576765e-04         3.8486971579250961e-04         1.8143790034921127e-07        -2.4043272363942041e-03         1.3286893065403427e-03         1.5846030894987107e-07         1.0082539243781025e-03        -1.2012861867622786e-02
29                                    -4.1792332605524274e-08        -2.7069108405573702e-08         1.1667903843027021e-04         2.3497709015029838e-08         2.0195832097551226e-07        -8.1960332695745902e-03         5.7068463823114837e-07        -8.8031419752640811e-07
                                                         8                           9                          10                          11                          12                          13                          14                          15

0                                     -1.7987136925270031e-06         6.9674236183151130e-03        -7.2921955487091281e-03         5.3514528213546504e-08        -2.3731679279050058e-01        -1.3787402203982591e-01         1.7518656553412573e-05        -6.1674993781850082e-02
1                                     -9.0399888569082125e-07        -7.2922132174840972e-03        -2.0513341164553086e-03        -1.6825627022504627e-07        -1.3235822581253354e-01        -1.5704317705987528e-01         1.0687403826141622e-05         3.2669122864884034e-02
2                                      6.0927552866087489e-03         7.0678875488851239e-08        -5.6347867790490873e-07         2.3758689182821926e-03         1.2681930503827945e-05         7.4690671841289444e-06        -3.2131651300745599e-02         3.4448985909819797e-06
3                                     -2.9286439517390147e-06        -5.6171508360718721e-02        -1.0033210790084696e-02        -8.9845410923711886e-07        -1.9699977234435707e-02         1.3072382630289876e-02        -2.8988713834468619e-06        -6.3360389715871792e-04
4                                     -3.0492480462891029e-06         6.8142723756362128e-03         1.5731073036539013e-02         4.3242562403920722e-08        -2.0345412672088233e-02         1.0083254131557993e-02        -1.8426255924067933e-07         3.1145791305101565e-02
5                                     -6.5919964130433897e-02         4.9769104032326157e-07         3.1294371382217117e-07         6.0928538104018225e-03         1.2433064330102802e-06         1.1987010089715381e-07         4.0764716191047032e-03         7.1485541279140455e-07
6                                     -1.9066895225695210e-06        -4.4273085995632272e-01         1.4111842854936296e-01         6.8940440192470635e-06        -2.7597108221694977e-03         1.9609260642193121e-03        -4.0919356915142895e-07         1.8104429027222422e-03
7                                      1.0316571957506595e-05         1.5247626933299707e-01        -1.8078633397099408e-01        -3.6893151733832446e-06         4.4851647793914574e-03        -8.7559374339267731e-04         3.8847803373091374e-07         1.9302949182253000e-03
8                                      1.3261586407220291e-01         7.0194584602041290e-06        -3.9336431141118001e-06        -4.9278085046110753e-02        -1.0330191203680907e-07         3.1642020278602219e-07         1.2965095882743114e-02        -2.1264746241909374e-07
9                                      7.0194584602041290e-06         7.9174018235986032e-01        -5.3164613949241366e-02        -5.9546881455367991e-06        -7.7158376997091488e-04         3.0113676181795770e-04        -2.7685517394564576e-07        -9.2547171926280795e-05
10                                    -3.9336431141118001e-06        -5.3164613949241366e-02         6.5683259940233851e-01         9.3126480381166546e-06        -1.3965325852466595e-03         8.4802939431310835e-04         5.2559934070722474e-08        -2.9329672365866567e-04
11                                    -4.9278085046110753e-02        -5.9546881455367991e-06         9.3126480381166546e-06         1.0232189672395232e-01        -1.2965032892214505e-07        -2.2659961380109645e-08        -2.4654612084039568e-04        -1.3538683559933606e-09
12                                    -1.0330191203680907e-07        -7.7158376997091488e-04        -1.3965325852466595e-03        -1.2965032892214505e-07         2.5394170871875205e-01         1.4453003684433607e-01        -1.3570747911647825e-05         5.8846121961851723e-03
13                                     3.1642020278602219e-07         3.0113676181795770e-04         8.4802939431310835e-04        -2.2659961380109645e-08         1.4453003684433607e-01         1.5683969853611610e-01        -9.0886937453487213e-06        -2.2394314147810544e-02
14                                     1.2965095882743114e-02        -2.7685517394564576e-07         5.2559934070722474e-08        -2.4654612084039568e-04        -1.3570747911647825e-05        -9.0886937453487213e-06         2.1906332382387109e-02        -9.0341561972742143e-07
15                                    -2.1264746241909374e-07        -9.2547171926280795e-05        -2.9329672365866567e-04        -1.3538683559933606e-09         5.8846121961851723e-03        -2.2394314147810544e-02        -9.0341561972742143e-07         5.9459689551575011e-02
16                                     9.0876323149658557e-07         1.7256150247018168e-04         3.8488299995877205e-04         3.2611184302658986e-08         4.9545661687289619e-03        -1.1384030726467671e-02        -1.3964570589139112e-06        -4.3641455532053806e-02
17                                    -8.1960056771114616e-03         9.8572654164085642e-08         2.0329706943859438e-07         1.1668627590718664e-04         2.9917632939682353e-07         1.5665370240454728e-06         2.0641012827811878e-03        -2.8470268378456924e-06
18                                     4.1650397813975184e-07         1.6207002441567305e-03        -9.2673901510848694e-04        -4.9473430240940832e-08         1.0605966448377609e-03        -2.3319356221053293e-04         3.4115038717185688e-07        -4.5595271444678568e-03
19                                     4.9784909959103973e-07         1.1637555123562675e-03         1.5939210589387201e-03         7.6931660170952770e-10         6.7779822799846068e-05         1.2183132164694070e-03        -4.8244172705376826e-07         1.7299887144266355e-03
20                                     3.0645611894982074e-03         1.4895314492710121e-07        -8.2564936937734179e-08        -1.4357962977514500e-03        -5.5229108649388400e-07        -4.2160011255280059e-07        -7.1370732649194144e-03        -2.3704529432934470e-07
21                                     6.8647831740692715e-08        -1.5708854748521521e-03         3.1729412150304878e-02         4.4848015548963749e-07         1.1712096035392395e-04         4.1561380015562265e-04         4.4152436763031489e-08        -3.4912562043225358e-04
22                                    -4.3462474705578979e-06         3.3326041341948109e-04        -1.0547100658132164e-02        -1.7923781878970860e-07        -1.1543099598751352e-04         4.1076906219801156e-04         9.1527901646952101e-08        -9.5933412521441571e-04
23                                    -4.0683275764656718e-02         2.0383883039153378e-07        -6.9775590316322339e-07         5.5509024079009768e-03         3.4211409618090267e-08         5.3802581486656636e-08        -2.2595925471204431e-04         5.2343114948386287e-09
24                                    -1.0902082604663645e-06        -2.3731578815363508e-01        -1.3235924869464333e-01        -9.6127182644700627e-07        -4.7900299686175728e-04         1.9474165729984694e-04         1.2904324290269832e-07         2.3029986481984356e-05
25                                    -2.2556876168933858e-07        -1.3787527147442002e-01        -1.5704524851150731e-01        -1.5053031403697356e-06         1.9473773135843990e-04        -7.0472735299240575e-05         1.9110949053422839e-07        -8.5471456118039384e-05
26                                     4.0766396289854054e-03        -1.6582636687389886e-06        -1.8222503992515900e-06        -3.2131588094874479e-02         8.4742466879630310e-08        -7.2218137113579494e-08        -1.5616051116840910e-03         6.5701293387934358e-08
27                                     4.2095393495943215e-07        -6.1675133334906283e-02         3.2670163175018509e-02         5.4598022236773531e-07         2.3029093809592079e-05        -8.5471603158866164e-05         3.3462214451679308e-08         1.3202297887078692e-04
28                                     4.4860703670903893e-07         3.7018676174454306e-02        -3.2496048863499927e-01        -3.8018957718795522e-06         9.5480314128267886e-05        -2.6790075619697630e-05        -2.5679470366221674e-07        -2.3634339099231890e-04
29                                     5.2624145582744457e-03        -9.6513233855508978e-08        -2.8043586894764325e-06        -3.3366192576867418e-02         5.2429195852389820e-09         7.7045471145823962e-08         2.9083388588542784e-04        -3.7954967377208604e-08
                                                        16                          17                          18                          19                          20                          21                          22                          23

0                                      3.7017559449109332e-02         4.5071446027347801e-06        -1.5708140284308794e-03         3.3330081921819493e-04        -9.3240721303268316e-08         1.6206571513120314e-03         1.1637886218419258e-03        -1.6235893630183724e-07
1                                     -3.2495937440202038e-01        -1.8926572984239975e-05         3.1729466034105258e-02        -1.0547441897168617e-02         1.8307853490912553e-06        -9.2681832866154973e-04         1.5939466979041144e-03         1.4133478665864502e-07
2                                     -1.3435362202417379e-05        -3.3366393278853893e-02        -1.9669870628471734e-07         3.2625014360032850e-08         5.5509194230955287e-03        -5.8473149571327172e-08        -7.1500046460561069e-08        -1.4358060759210578e-03
3                                      1.0082273897186883e-03        -2.2341079583501251e-06        -5.9435553656316212e-02         2.9871957054043042e-02        -5.8152174942023663e-07         4.2714808698685238e-03         3.7838571430032289e-03         7.3885712727535204e-07
4                                     -1.2013006345852959e-02         1.6395040352637536e-06         2.7968807938168045e-02        -3.1620469167440740e-01         9.5401368595382423e-06        -2.6376665099977496e-02        -1.7859115046537973e-02        -4.3866721850970093e-07
5                                     -7.4416490268384883e-07         5.2624312728348100e-03        -1.9687459572212290e-06         8.7553215913483558e-06        -4.0683545293734788e-02        -1.7466373335326625e-07         1.8752601965041516e-07         3.0646720372694333e-03
6                                     -2.4043597576203133e-03         5.6700056287450313e-07         4.2715897680106101e-03         3.7839688867511365e-03        -8.3088895441593713e-07        -5.9435728472070445e-02         2.9874408066369200e-02        -4.8990113640253563e-07
7                                      1.3286682883857379e-03         1.2416451578932485e-07        -2.6376478149965851e-02        -1.7858668870901526e-02        -1.0314770344535575e-06         2.7971477888201528e-02        -3.1620693395125649e-01        -3.9144923233668235e-06
8                                      9.0876323149658557e-07        -8.1960056771114616e-03         4.1650397813975184e-07         4.9784909959103973e-07         3.0645611894982074e-03         6.8647831740692715e-08        -4.3462474705578979e-06        -4.0683275764656718e-02
9                                      1.7256150247018168e-04         9.8572654164085642e-08         1.6207002441567305e-03         1.1637555123562675e-03         1.4895314492710121e-07        -1.5708854748521521e-03         3.3326041341948109e-04         2.0383883039153378e-07
10                                     3.8488299995877205e-04         2.0329706943859438e-07        -9.2673901510848694e-04         1.5939210589387201e-03        -8.2564936937734179e-08         3.1729412150304878e-02        -1.0547100658132164e-02        -6.9775590316322339e-07
11                                     3.2611184302658986e-08         1.1668627590718664e-04        -4.9473430240940832e-08         7.6931660170952770e-10        -1.4357962977514500e-03         4.4848015548963749e-07        -1.7923781878970860e-07         5.5509024079009768e-03
12                                     4.9545661687289619e-03         2.9917632939682353e-07         1.0605966448377609e-03         6.7779822799846068e-05        -5.5229108649388400e-07         1.1712096035392395e-04        -1.1543099598751352e-04         3.4211409618090267e-08
13                                    -1.1384030726467671e-02         1.5665370240454728e-06        -2.3319356221053293e-04         1.2183132164694070e-03        -4.2160011255280059e-07         4.1561380015562265e-04         4.1076906219801156e-04         5.3802581486656636e-08
