*************************************************
******************* ORCA 6.0.0 ******************
*************************************************
$Calculation_Status
   &GeometryIndex 1
   &ListStatus       OUT
   &VERSION [&Type "String"] "6.0.0"
   &PROGNAME [&Type "String"] "LeanSCF"
   &STATUS [&Type "String"] "NORMAL TERMINATION"
$End
$Geometry
   &GeometryIndex 1
   &ListStatus       OUT
   &NATOMS [&Type "Integer"] 9
   &NCORELESSECP [&Type "Integer"] 0
   &NGHOSTATOMS [&Type "Integer"] 0
   &CartesianCoordinates [&Type "Coordinates", &Dim(9,4), &Units "Bohr"] 
              C     -0.887842613648   -1.380620409082    0.000006554137
              C     -0.751544451012    1.459253313424    0.000059718558
              C      1.639583783639   -0.078855154276   -0.000037409208
              H     -1.483798784574   -2.307600845325   -1.730009205500
              H     -1.483709774883   -2.307667262774    1.730012381563
              H     -1.256339658195    2.438934809279   -1.729889085626
              H     -1.256240024652    2.438870415160    1.730074256866
              H      2.739877065866   -0.131058040506   -1.730313697639
              H      2.739964942477   -0.131129310393    1.730176956867
$End
$SCF_Energy
   &GeometryIndex 1
   &ListStatus       OUT
   &SCF_ENERGY [&Type "Double"]      -1.1786257400726433e+02
$End
$DFT_Energy
   &GeometryIndex 1
   &ListStatus       OUT
   &NALPHAEL [&Type "Integer"] 12
   &NBETAEL [&Type "Integer"] 12
   &NTOTALEL [&Type "Integer"] 24
   &EEXCHANGE [&Type "Double"]      -1.7726886561951240e+01
   &ECORR [&Type "Double"]      -7.3704536882224170e-01
   &ECNL [&Type "Double"]       0.0000000000000000e+00
   &EXC [&Type "Double"]      -1.8463931930773480e+01
   &EEMBED [&Type "Double"]       0.0000000000000000e+00
   &FINALEN [&Type "Double"]      -1.1786257400726433e+02  "No Van der Waals correction"
$End
$Mulliken_Population_Analysis
   &GeometryIndex 1
   &ListStatus       OUT
   &NATOMS [&Type "Integer"] 9
   &ATNO [&Type "ArrayOfIntegers", &Dim (9,1)] 
                                                         0

0                                                        6
1                                                        6
2                                                        6
3                                                        1
4                                                        1
5                                                        1
6                                                        1
7                                                        1
8                                                        1
   &ATOMICCHARGES [&Type "ArrayOfDoubles", &Dim (9,1)] 
                                                         0

0                                     -2.0653586721288075e-01
1                                     -2.0658182216028109e-01
2                                     -2.0630792938608078e-01
3                                      1.0323722359210186e-01
4                                      1.0323746643594534e-01
5                                      1.0324973301886420e-01
6                                      1.0324986075968834e-01
7                                      1.0322582972816585e-01
8                                      1.0322550522443674e-01
$End
$Loewdin_Population_Analysis
   &GeometryIndex 1
   &ListStatus       OUT
   &NATOMS [&Type "Integer"] 9
   &ATNO [&Type "ArrayOfIntegers", &Dim (9,1)] 
                                                         0

0                                                        6
1                                                        6
2                                                        6
3                                                        1
4                                                        1
5                                                        1
6                                                        1
7                                                        1
8                                                        1
   &ATOMICCHARGES [&Type "ArrayOfDoubles", &Dim (9,1)] 
                                                         0

0                                     -2.4996604410232770e-01
1                                     -2.4995827002316950e-01
2                                     -2.4994762982416585e-01
3                                      1.2497971214861792e-01
4                                      1.2497912150329960e-01
5                                      1.2497023492388748e-01
6                                      1.2497022540701042e-01
7                                      1.2498648857239203e-01
8                                      1.2498616139439589e-01
$End
$Mayer_Population_Analysis
   &GeometryIndex 1
   &ListStatus       OUT
   &NATOMS [&Type "Integer"] 9 "Total number of atoms"
   &BONDTHRESH [&Type "Double"]       1.0000000000000001e-01  "The threshold for printing"
   &NBONDORDERSPRINT [&Type "Integer"] 9 "The number of bond orders larger than threshold"
   &BONDORDERS [&Type "ArrayOfDoubles", &Dim (9,1)] "The bond orders"
                                                         0

0                                      9.7003941865476861e-01
1                                      9.7023707732876241e-01
2                                      9.6623886980687768e-01
3                                      9.6623909293323706e-01
4                                      9.7001135951823692e-01
5                                      9.6624812931671067e-01
6                                      9.6624808448978960e-01
7                                      9.6623063699248546e-01
8                                      9.6623111042085108e-01
   &COMPONENTS [&Type "ArrayOfIntegers", &Dim (9,4)] "The indices and atomic numbers of the bonding atoms"
                                                         0                           1                           2                           3

0                                                        0                           6                           1                           6
1                                                        0                           6                           2                           6
2                                                        0                           6                           3                           1
3                                                        0                           6                           4                           1
4                                                        1                           6                           2                           6
5                                                        1                           6                           5                           1
6                                                        1                           6                           6                           1
7                                                        2                           6                           7                           1
8                                                        2                           6                           8                           1
   &ATNO [&Type "ArrayOfIntegers", &Dim (9,1)] "Atomic number of the elements"
                                                         0

0                                                        6
1                                                        6
2                                                        6
3                                                        1
4                                                        1
5                                                        1
6                                                        1
7                                                        1
8                                                        1
   &NA [&Type "ArrayOfDoubles", &Dim (9,1)] "Mulliken gross atomic population"
                                                         0

0                                      6.2065358672128701e+00
1                                      6.2065818221602616e+00
2                                      6.2063079293860977e+00
3                                      8.9676277640789814e-01
4                                      8.9676253356405244e-01
5                                      8.9675026698113569e-01
6                                      8.9675013924031099e-01
7                                      8.9677417027183348e-01
8                                      8.9677449477556248e-01
   &ZA [&Type "ArrayOfDoubles", &Dim (9,1)] "Total nuclear charge"
                                                         0

0                                      6.0000000000000000e+00
1                                      6.0000000000000000e+00
2                                      6.0000000000000000e+00
3                                      1.0000000000000000e+00
4                                      1.0000000000000000e+00
5                                      1.0000000000000000e+00
6                                      1.0000000000000000e+00
7                                      1.0000000000000000e+00
8                                      1.0000000000000000e+00
   &QA [&Type "ArrayOfDoubles", &Dim (9,1)] "Mulliken gross atomic charge"
                                                         0

0                                     -2.0653586721287009e-01
1                                     -2.0658182216026155e-01
2                                     -2.0630792938609765e-01
3                                      1.0323722359210186e-01
4                                      1.0323746643594756e-01
5                                      1.0324973301886431e-01
6                                      1.0324986075968901e-01
7                                      1.0322582972816652e-01
8                                      1.0322550522443752e-01
   &VA [&Type "ArrayOfDoubles", &Dim (9,1)] "Mayer's total valence"
                                                         0

0                                      3.8861519278202956e+00
1                                      3.8858445920756268e+00
2                                      3.8860799178728986e+00
3                                      9.8253860785613878e-01
4                                      9.8253867701315734e-01
5                                      9.8254837341451584e-01
6                                      9.8254836719734984e-01
7                                      9.8253480932077075e-01
8                                      9.8253501244980412e-01
   &BVA [&Type "ArrayOfDoubles", &Dim (9,1)] "Mayer's bonded valence"
                                                         0

0                                      3.8861519278203707e+00
1                                      3.8858445920756934e+00
2                                      3.8860799178728769e+00
3                                      9.8253860785614211e-01
4                                      9.8253867701316144e-01
5                                      9.8254837341451451e-01
6                                      9.8254836719733252e-01
7                                      9.8253480932078052e-01
8                                      9.8253501244979502e-01
   &FA [&Type "ArrayOfDoubles", &Dim (9,1)] "Mayer's free valence"
                                                         0

0                                      0.0000000000000000e+00
1                                      0.0000000000000000e+00
2                                      0.0000000000000000e+00
3                                      0.0000000000000000e+00
4                                      0.0000000000000000e+00
5                                      0.0000000000000000e+00
6                                      0.0000000000000000e+00
7                                      0.0000000000000000e+00
8                                      0.0000000000000000e+00
$End
$VdW_Correction
   &GeometryIndex 1
   &ListStatus       OUT
   &VDW [&Type "Double"]      -1.2759162549491972e-03
$End
$Calculation_Info
   &GeometryIndex 1
   &ListStatus       OUT
   &MULT [&Type "Integer"] 1
   &CHARGE [&Type "Integer"] 0
   &NUMOFATOMS [&Type "Integer"] 9
   &NUMOFELECTRONS [&Type "Integer"] 24
   &NUMOFFCELECTRONS [&Type "Integer"] 1
   &NUMOFCORRELECTRONS [&Type "Integer"] 0
   &NUMOFBASISFUNCTS [&Type "Integer"] 129
   &NUMOFAUXCBASISFUNCTS [&Type "Integer"] 0
   &NUMOFAUXJBASISFUNCTS [&Type "Integer"] 156
   &NUMOFAUXJKBASISFUNCTS [&Type "Integer"] 0
   &NUMOFCABSBASISFUNCTS [&Type "Integer"] 0
   &TOTALENERGY [&Type "Double"]      -1.1786083870281928e+02  "Hartrees"
$End
$SCF_Dipole_Moment
   &GeometryIndex 1
   &ListStatus       OUT
   &METHOD [&Type "String"] "SCF"
   &LEVEL [&Type "String"] "Relaxed density"
   &MULT [&Type "Integer"] 1
   &STATE [&Type "Integer"] -1
   &IRREP [&Type "Integer"] 0
   &NATOMS [&Type "Integer"] 9
   &DODIPOLEATOM [&Type "Boolean"] false
   &DIPOLEELECCONTRIB [&Type "ArrayOfDoubles", &Dim (3,1)] "Electronic contribution"
                                                         0

0                                      3.0972213194503315e-04
1                                     -2.8117574048433324e-04
2                                      3.1250280215661683e-06
   &DIPOLENUCCONTRIB [&Type "ArrayOfDoubles", &Dim (3,1)] "Nuclear contribution"
                                                         0

0                                     -2.7193010974402299e-04
1                                      3.3764910890426991e-04
2                                     -2.6018545489225886e-06
   &DIPOLETOTAL [&Type "ArrayOfDoubles", &Dim (3,1)] "Total"
                                                         0

0                                      3.7792022201010161e-05
1                                      5.6473368419936675e-05
2                                      5.2317347264357970e-07
   &DIPOLEMAGNITUDE [&Type "Double", &Units "a.u."]       6.7954043244078003e-05
$End
$THERMOCHEMISTRY_Energies
   &GeometryIndex 1
   &ListStatus       OUT
   &TEMPERATURE [&Type "Double"]       2.9814999999999998e+02
   &PRESSURE [&Type "Double"]       1.0000000000000000e+00
   &TOTALMASS [&Type "Double"]       4.2080999999999996e+01
   &SPINDEGENERACY [&Type "Integer"] 1
   &ELENERGY [&Type "Double"]      -1.1786083870281928e+02
   &TRANSENERGY [&Type "Double"]       1.4162714244859817e-03
   &ROTENERGY [&Type "Double"]       1.4162714244859817e-03
   &VIBENERGY [&Type "Double"]       5.2121069131467210e-04
   &NUMOFFREQS [&Type "Integer"] 27
   &FREQSCALINGFACTOR [&Type "Double"]       1.0000000000000000e+00
   &FREQ [&Type "ArrayOfDoubles", &Dim (27,1)] "In cm^-1"
                                                         0

0                                      0.0000000000000000e+00
1                                      0.0000000000000000e+00
2                                      0.0000000000000000e+00
3                                      0.0000000000000000e+00
4                                      0.0000000000000000e+00
5                                      0.0000000000000000e+00
6                                      7.5426121839344262e+02
7                                      7.5635979582082996e+02
8                                      8.7861719963427731e+02
9                                      9.0075337140319255e+02
10                                     9.0251238091794039e+02
11                                     1.0464690522703031e+03
12                                     1.0466341833856607e+03
13                                     1.0785944332829513e+03
14                                     1.1605068481963729e+03
15                                     1.2129313715976382e+03
16                                     1.2198982293689312e+03
17                                     1.2200812067750276e+03
18                                     1.4744552713802245e+03
19                                     1.4746051460794110e+03
20                                     1.5142081810611853e+03
21                                     3.1064400843763005e+03
22                                     3.1065857316240522e+03
23                                     3.1118772314734770e+03
24                                     3.1882939567806889e+03
25                                     3.1884923689183393e+03
26                                     3.2107919661402075e+03
   &ZPE [&Type "Double"]       8.0996534898228542e-02
   &INNERENERGYU [&Type "Double"]      -1.1777648841438075e+02
   &ENTHALPYH [&Type "Double"]      -1.1777554420533849e+02
   &QEL [&Type "Double"]       0.0000000000000000e+00
   &QROT [&Type "Double"]       1.0291355158591588e-02
   &QVIB [&Type "Double"]       6.4074919135648949e-04
   &QTRANS [&Type "Double"]       1.7645354604948104e-02
   &ENTROPYS [&Type "Double"]       2.8577458954896183e-02
   &FREEENERGYG [&Type "Double"]      -1.1780412166429339e+02
   &ISLINEAR [&Type "Boolean"] false
$End
$Hessian
   &GeometryIndex 1
   &ListStatus       OUT
   &HESSIAN [&Type "ArrayOfDoubles", &Dim (27,27)] "The Hessian"
                                                         0                           1                           2                           3                           4                           5                           6                           7

0                                      3.3225812654873660e-01         1.7886436833549313e-01         1.0588786165641661e-05        -1.6628247440543899e-02        -3.0306245653183756e-02        -2.1981713784880821e-06        -1.7338591797965769e-01        -6.0390061023605716e-02
1                                      1.7886436833549313e-01         4.9475749327074975e-01        -1.0141687759813479e-05         1.1333225450008474e-02        -2.1410010476182634e-01        -3.1410769278717021e-06        -1.0196887713494915e-01        -5.7795213308499224e-02
2                                      1.0588786165641661e-05        -1.0141687759813479e-05         6.5792183705352947e-01        -1.3449856575433973e-06        -1.8103448717489377e-06        -7.4349017186507299e-02         6.7789596546812036e-07         2.0192041857947019e-06
3                                     -1.6628247440543899e-02         1.1333225450008474e-02        -1.3449856575433973e-06         2.9919118604628964e-01        -1.5991873423301833e-01         7.3207628792752721e-06        -1.5638484849013684e-01         6.9677838408741172e-02
4                                     -3.0306245653183756e-02        -2.1410010476182634e-01        -1.8103448717489377e-06        -1.5991873423301833e-01         5.2744412870038093e-01         2.1450951132530489e-06         1.1127457432720059e-01        -7.4479249699328343e-02
5                                     -2.1981713784880821e-06        -3.1410769278717021e-06        -7.4349017186507299e-02         7.3207628792752721e-06         2.1450951132530489e-06         6.5808570209114603e-01         4.4715257918965602e-06        -1.8942286348354569e-06
6                                     -1.7338591797965769e-01        -1.0196887713494915e-01         6.7789596546812036e-07        -1.5638484849013684e-01         1.1127457432720059e-01         4.4715257918965602e-06         6.0895439925528383e-01        -1.8525958275163658e-02
7                                     -6.0390061023605716e-02        -5.7795213308499224e-02         2.0192041857947019e-06         6.9677838408741172e-02        -7.4479249699328343e-02        -1.8942286348354569e-06        -1.8525958275163658e-02         2.1834137198310974e-01
8                                      1.5010868643769594e-06         3.2366901527832409e-06        -7.4310614484830770e-02         3.5304113206764097e-06        -3.1135195956456440e-06        -7.4439274367628955e-02         2.5119606087004032e-06        -8.5926217345726544e-06
9                                     -5.9351196986956477e-02        -4.1082858960712489e-02        -6.5758067145052113e-02        -1.2842122739889841e-04         3.6689393571184151e-03         1.3006068652247783e-02        -8.8728888253362809e-03        -1.2832088499295659e-02
10                                    -4.1086766032943131e-02        -9.6896394756104703e-02        -1.0231042283912500e-01        -8.8281170656312677e-03        -1.3014405103655164e-02        -2.4270806238014805e-02        -3.2392616089092253e-04        -4.2996589568586648e-03
11                                    -6.8169822082004006e-02        -1.0603654086132150e-01        -2.5877365035327571e-01         1.2139263795757902e-03         2.5076608334512820e-03         2.0643286402974030e-03         1.7689901669821553e-03         2.1462986429394270e-03
12                                    -5.9344335200843715e-02        -4.1080803879500596e-02         6.5747498021602457e-02        -1.2916460295837309e-04         3.6693206555487188e-03        -1.3005837612335203e-02        -8.8713802318299301e-03        -1.2833227723423215e-02
13                                    -4.1084941695260585e-02        -9.6905081611199484e-02         1.0232095215692133e-01        -8.8268200792973629e-03        -1.3015392702258551e-02         2.4270730569630795e-02        -3.2389856798880137e-04        -4.2995162054293955e-03
14                                     6.8159255947947972e-02         1.0604713336865501e-01        -2.5877538314397397e-01        -1.2141539215871325e-03        -2.5084595575703122e-03         2.0659902512054976e-03        -1.7684847616331306e-03        -2.1459365713130899e-03
15                                     2.4423705727841336e-04        -4.9498512854671698e-03         1.5276714874738889e-02        -5.1874459811184846e-02         3.6773524704624382e-02        -5.5662428091739879e-02        -7.5754713494603550e-03         1.3147656643464772e-02
16                                     7.5685597377457212e-03        -1.3407631033648972e-02         2.2914715784503797e-02         3.6773609130599239e-02        -1.0437319517463413e-01         1.0813962780198924e-01         6.3981250973066395e-04        -5.6038450860173162e-03
17                                     9.6494530665401299e-04        -2.6007809061745595e-03         2.0679450319771460e-03        -5.7692264060499203e-02         1.1205929248803854e-01        -2.5876859099834165e-01         1.5478057316931394e-03        -2.3050555034841592e-03
18                                     2.4330914104994921e-04        -4.9490405965606742e-03        -1.5276813805088517e-02        -5.1867978610512726e-02         3.6764938105018560e-02         5.5651938621597306e-02        -7.5740337883527745e-03         1.3146737225161284e-02
19                                     7.5672994873182409e-03        -1.3406681420893306e-02        -2.2915708213664725e-02         3.6765190990371281e-02        -1.0436504209297331e-01        -1.0813596943422712e-01         6.3988299462715455e-04        -5.6039188729404329e-03
20                                    -9.6457587421566694e-04         2.6004673622389493e-03         2.0680742600625028e-03         5.7681771905705399e-02        -1.1205552818522474e-01        -2.5878323455031754e-01        -1.5472533887343817e-03         2.3040227179824801e-03
21                                    -1.2017618196736291e-02         1.9210824588408969e-03         1.4508312954494732e-02        -1.1088785054870052e-02        -9.6326862057758908e-04         1.2204809640654096e-02        -1.2313811460271508e-01         4.2942621108877123e-03
22                                    -1.0569780135531739e-02        -1.1236627720405314e-03         2.3364686278679797e-02         1.1511145281232430e-02        -2.0478747211196695e-03        -2.4639758167417862e-02         4.2989590145122375e-03        -3.3129962393174832e-02
23                                    -2.8333224551538756e-03        -1.7871736573336038e-04         2.0755443587204534e-03        -2.7991896809300108e-03         4.4746071712587019e-04         2.0612588589701232e-03         1.2600843614001253e-01        -6.0024189840061359e-03
24                                    -1.2018356942326936e-02         1.9216289897095971e-03        -1.4507560962555541e-02        -1.1089280808684055e-02        -9.6279937891376351e-04        -1.2204113832362850e-02        -1.2315174398779491e-01         4.2996798660668465e-03
25                                    -1.0571306396894185e-02        -1.1227236065371820e-03        -2.3364307302870594e-02         1.1512412853177136e-02        -2.0488644445853786e-03         2.4639028966920617e-02         4.3045925600883432e-03        -3.3130007460861505e-02
26                                     2.8336218205065530e-03         1.7850144087152436e-04         2.0752644642981098e-03         2.8003716938388139e-03        -4.4761081489790543e-04         2.0628372611763966e-03        -1.2601719549613699e-01         6.0115478826680514e-03
                                                         8                           9                          10                          11                          12                          13                          14                          15

0                                      1.5010868643769594e-06        -5.9351196986956477e-02        -4.1086766032943131e-02        -6.8169822082004006e-02        -5.9344335200843715e-02        -4.1084941695260585e-02         6.8159255947947972e-02         2.4423705727841336e-04
1                                      3.2366901527832409e-06        -4.1082858960712489e-02        -9.6896394756104703e-02        -1.0603654086132150e-01        -4.1080803879500596e-02        -9.6905081611199484e-02         1.0604713336865501e-01        -4.9498512854671698e-03
2                                     -7.4310614484830770e-02        -6.5758067145052113e-02        -1.0231042283912500e-01        -2.5877365035327571e-01         6.5747498021602457e-02         1.0232095215692133e-01        -2.5877538314397397e-01         1.5276714874738889e-02
3                                      3.5304113206764097e-06        -1.2842122739889841e-04        -8.8281170656312677e-03         1.2139263795757902e-03        -1.2916460295837309e-04        -8.8268200792973629e-03        -1.2141539215871325e-03        -5.1874459811184846e-02
4                                     -3.1135195956456440e-06         3.6689393571184151e-03        -1.3014405103655164e-02         2.5076608334512820e-03         3.6693206555487188e-03        -1.3015392702258551e-02        -2.5084595575703122e-03         3.6773524704624382e-02
5                                     -7.4439274367628955e-02         1.3006068652247783e-02        -2.4270806238014805e-02         2.0643286402974030e-03        -1.3005837612335203e-02         2.4270730569630795e-02         2.0659902512054976e-03        -5.5662428091739879e-02
6                                      2.5119606087004032e-06        -8.8728888253362809e-03        -3.2392616089092253e-04         1.7689901669821553e-03        -8.8713802318299301e-03        -3.2389856798880137e-04        -1.7684847616331306e-03        -7.5754713494603550e-03
7                                     -8.5926217345726544e-06        -1.2832088499295659e-02        -4.2996589568586648e-03         2.1462986429394270e-03        -1.2833227723423215e-02        -4.2995162054293955e-03        -2.1459365713130899e-03         1.3147656643464772e-02
8                                      6.5821506365870064e-01        -2.7470408786789881e-02         1.7941657617373094e-03         2.0583268150060428e-03         2.7470457926566470e-02        -1.7944694679330249e-03         2.0568644154236393e-03        -2.7500846170576326e-02
9                                     -2.7470408786789881e-02         6.5525279416600218e-02         4.5669297666629936e-02         7.2527439600160643e-02         2.3371040082474474e-03         5.7178142142261228e-03         7.7351133553621478e-03         3.2115646604316626e-05
10                                     1.7941657617373094e-03         4.5669297666629936e-02         1.0716857681659589e-01         1.1280521640672422e-01         5.7187745705802101e-03         7.5815734211401517e-03         1.2039552945042175e-02         2.1565953907588353e-03
11                                     2.0583268150060428e-03         7.2527439600160643e-02         1.1280521640672422e-01         2.6699618898515437e-01        -7.7359039460082792e-03        -1.2038943742525537e-02        -1.6016829984492113e-02        -4.1493778719792988e-04
12                                     2.7470457926566470e-02         2.3371040082474474e-03         5.7187745705802101e-03        -7.7359039460082792e-03         6.5517630934110602e-02         4.5667056569621042e-02        -7.2516497789529816e-02         1.2088176216214857e-03
13                                    -1.7944694679330249e-03         5.7178142142261228e-03         7.5815734211401517e-03        -1.2038943742525537e-02         4.5667056569621042e-02         1.0717807806776732e-01        -1.1281587214233760e-01        -3.5229766964808501e-03
14                                     2.0568644154236393e-03         7.7351133553621478e-03         1.2039552945042175e-02        -1.6016829984492113e-02        -7.2516497789529816e-02        -1.1281587214233760e-01         2.6699774356325551e-01        -1.1004507775878121e-04
15                                    -2.7500846170576326e-02         3.2115646604316626e-05         2.1565953907588353e-03        -4.1493778719792988e-04         1.2088176216214857e-03        -3.5229766964808501e-03        -1.1004507775878121e-04         5.7209619678710161e-02
16                                     8.3987753825627695e-04        -1.9415846906512104e-03         2.2495762646409078e-03         2.2533785954468536e-04         3.0671871150663235e-03        -3.5147779569233957e-03        -4.2640752391235291e-04        -4.0886384077431254e-02
17                                     2.0633619892480911e-03        -4.3254953775080564e-04        -1.8082691476545374e-04         1.2182221176703523e-03         6.8928979575294796e-05        -4.3832895025128996e-04         6.1093285805733245e-04         6.1393844268878194e-02
18                                     2.7501889188839473e-02         1.2088143179572897e-03        -3.5229610996136617e-03         1.0987790738833632e-04         3.2163518506373237e-05         2.1565961742086685e-03         4.1508820507005955e-04         1.2925272267806194e-03
19                                    -8.4025889785246466e-04         3.0672122003602819e-03        -3.5147939769692776e-03         4.2609139684086418e-04        -1.9416127696913936e-03         2.2495923532791506e-03        -2.2520126899129925e-04        -5.1165233447231524e-03
20                                     2.0618528953373575e-03        -6.8851541561695644e-05         4.3837635425657794e-04         6.1096532742125394e-04         4.3254551092199601e-04         1.8072039914290849e-04         1.2181668441504489e-03         6.5520326249085738e-03
21                                     1.2145445013986592e-01         1.7738751417496132e-03        -1.1442745058292932e-03         3.8072327708576527e-04        -2.5246991107787339e-03         1.3617391490521424e-03        -3.4439477814087512e-04         1.5985019783499605e-03
22                                    -5.7878621266094828e-03         2.9300919234156249e-03         5.0406939420764710e-04        -2.6840761508954708e-04        -5.1971441340592783e-03         2.2149054620920923e-04        -2.7325002558508218e-04        -3.0346180874004603e-03
23                                    -2.5885828882669271e-01         1.6552096904597600e-05        -4.7018652639029251e-04         1.2259260570155976e-03        -4.1984607663013554e-04        -1.1481178652408223e-04         6.1653796391897275e-04         4.7521861818600013e-05
24                                    -1.2146304553124879e-01        -2.5246814914672310e-03         1.3617100312616208e-03         3.4460688677330920e-04         1.7738630639248373e-03        -1.1442392143621418e-03        -3.8077828514594680e-04        -2.1358880486997498e-03
25                                     5.7970261049758616e-03        -5.1971560054133430e-03         2.2145689700320032e-04         2.7349646354506759e-04         2.9301197421399590e-03         5.0403408741499548e-04         2.6823637223249893e-04         5.4296102601735820e-03
26                                    -2.5884729209456336e-01         4.1980290372356217e-04         1.1472166642630902e-04         6.1652239520270605e-04        -1.6447908747301530e-05         4.7022736765651649e-04         1.2259772324546541e-03         3.9798375465342772e-04
                                                        16                          17                          18                          19                          20                          21                          22                          23

0                                      7.5685597377457212e-03         9.6494530665401299e-04         2.4330914104994921e-04         7.5672994873182409e-03        -9.6457587421566694e-04        -1.2017618196736291e-02        -1.0569780135531739e-02        -2.8333224551538756e-03
1                                     -1.3407631033648972e-02        -2.6007809061745595e-03        -4.9490405965606742e-03        -1.3406681420893306e-02         2.6004673622389493e-03         1.9210824588408969e-03        -1.1236627720405314e-03        -1.7871736573336038e-04
2                                      2.2914715784503797e-02         2.0679450319771460e-03        -1.5276813805088517e-02        -2.2915708213664725e-02         2.0680742600625028e-03         1.4508312954494732e-02         2.3364686278679797e-02         2.0755443587204534e-03
3                                      3.6773609130599239e-02        -5.7692264060499203e-02        -5.1867978610512726e-02         3.6765190990371281e-02         5.7681771905705399e-02        -1.1088785054870052e-02         1.1511145281232430e-02        -2.7991896809300108e-03
4                                     -1.0437319517463413e-01         1.1205929248803854e-01         3.6764938105018560e-02        -1.0436504209297331e-01        -1.1205552818522474e-01        -9.6326862057758908e-04        -2.0478747211196695e-03         4.4746071712587019e-04
5                                      1.0813962780198924e-01        -2.5876859099834165e-01         5.5651938621597306e-02        -1.0813596943422712e-01        -2.5878323455031754e-01         1.2204809640654096e-02        -2.4639758167417862e-02         2.0612588589701232e-03
6                                      6.3981250973066395e-04         1.5478057316931394e-03        -7.5740337883527745e-03         6.3988299462715455e-04        -1.5472533887343817e-03        -1.2313811460271508e-01         4.2989590145122375e-03         1.2600843614001253e-01
7                                     -5.6038450860173162e-03        -2.3050555034841592e-03         1.3146737225161284e-02        -5.6039188729404329e-03         2.3040227179824801e-03         4.2942621108877123e-03        -3.3129962393174832e-02        -6.0024189840061359e-03
8                                      8.3987753825627695e-04         2.0633619892480911e-03         2.7501889188839473e-02        -8.4025889785246466e-04         2.0618528953373575e-03         1.2145445013986592e-01        -5.7878621266094828e-03        -2.5885828882669271e-01
9                                     -1.9415846906512104e-03        -4.3254953775080564e-04         1.2088143179572897e-03         3.0672122003602819e-03        -6.8851541561695644e-05         1.7738751417496132e-03         2.9300919234156249e-03         1.6552096904597600e-05
10                                     2.2495762646409078e-03        -1.8082691476545374e-04        -3.5229610996136617e-03        -3.5147939769692776e-03         4.3837635425657794e-04        -1.1442745058292932e-03         5.0406939420764710e-04        -4.7018652639029251e-04
11                                     2.2533785954468536e-04         1.2182221176703523e-03         1.0987790738833632e-04         4.2609139684086418e-04         6.1096532742125394e-04         3.8072327708576527e-04        -2.6840761508954708e-04         1.2259260570155976e-03
12                                     3.0671871150663235e-03         6.8928979575294796e-05         3.2163518506373237e-05        -1.9416127696913936e-03         4.3254551092199601e-04        -2.5246991107787339e-03        -5.1971441340592783e-03        -4.1984607663013554e-04
13                                    -3.5147779569233957e-03        -4.3832895025128996e-04         2.1565961742086685e-03         2.2495923532791506e-03         1.8072039914290849e-04         1.3617391490521424e-03         2.2149054620920923e-04        -1.1481178652408223e-04
14                                    -4.2640752391235291e-04         6.1093285805733245e-04         4.1508820507005955e-04        -2.2520126899129925e-04         1.2181668441504489e-03        -3.4439477814087512e-04        -2.7325002558508218e-04         6.1653796391897275e-04
15                                    -4.0886384077431254e-02         6.1393844268878194e-02         1.2925272267806194e-03        -5.1165233447231524e-03         6.5520326249085738e-03         1.5985019783499605e-03        -3.0346180874004603e-03         4.7521861818600013e-05
16                                     1.1551752300580999e-01        -1.1924322715538174e-01        -5.1169832553157515e-03         8.6237595729712936e-03        -1.2721127904612009e-02         1.0374369607922315e-03         6.7845342711027410e-04         4.7342522113699628e-04
17                                    -1.1924322715538174e-01         2.6700238605972804e-01        -6.5531910416441429e-03         1.2722351866577726e-02        -1.6021715002411806e-02         4.0323196006061823e-04         2.4286958954811621e-04         1.2153978658834205e-03
18                                    -5.1169832553157515e-03        -6.5531910416441429e-03         5.7202638838563885e-02        -4.0877246898677347e-02        -6.1383349378460586e-02        -2.1359166393862769e-03         5.4296277581553252e-03        -3.9759736540874403e-04
19                                     8.6237595729712936e-03         1.2722351866577726e-02        -4.0877246898677347e-02         1.1550848320671393e-01         1.1923990039760624e-01        -1.1386643647270868e-03        -1.6987655980301092e-04         1.5699268830379190e-04
20                                    -1.2721127904612009e-02        -1.6021715002411806e-02        -6.1383349378460586e-02         1.1923990039760624e-01         2.6701838403842076e-01        -3.1929622023139405e-04         3.0120657209103290e-04         6.1211437748709147e-04
21                                     1.0374369607922315e-03         4.0323196006061823e-04        -2.1359166393862769e-03        -1.1386643647270868e-03        -3.1929622023139405e-04         1.3631183977069883e-01        -4.7709045174692622e-03        -1.3395450449184590e-01
22                                     6.7845342711027410e-04         2.4286958954811621e-04         5.4296277581553252e-03        -1.6987655980301092e-04         3.0120657209103290e-04        -4.7709045174692622e-03         3.6410463870050508e-02         6.3740787196052045e-03
23                                     4.7342522113699628e-04         1.2153978658834205e-03        -3.9759736540874403e-04         1.5699268830379190e-04         6.1211437748709147e-04        -1.3395450449184590e-01         6.3740787196052045e-03         2.6705323912022244e-01
