*************************************************
******************* ORCA 6.0.0 ******************
*************************************************
$Calculation_Status
   &GeometryIndex 1
   &ListStatus       OUT
   &VERSION [&Type "String"] "6.0.0"
   &PROGNAME [&Type "String"] "LeanSCF"
   &STATUS [&Type "String"] "NORMAL TERMINATION"
$End
$Geometry
   &GeometryIndex 1
   &ListStatus       OUT
   &NATOMS [&Type "Integer"] 9
   &NCORELESSECP [&Type "Integer"] 0
   &NGHOSTATOMS [&Type "Integer"] 0
   &CartesianCoordinates [&Type "Coordinates", &Dim(9,4), &Units "Bohr"] 
              C      0.889808305639    1.378838379952   -0.000056975621
              C      0.749214894333   -1.459922338647    0.000066483400
              C     -1.638999277362    0.081111208735   -0.000046723479
              H      1.490695721825    2.310120401306   -1.724643402598
              H      1.490577821055    2.310259540896    1.724494409409
              H      1.255217635381   -2.446071747418   -1.724463617266
              H      1.255194976053   -2.445987027216    1.724655539175
              H     -2.745682331005    0.135710285843   -1.724776541552
              H     -2.745720115134    0.135904780803    1.724650996085
$End
$SCF_Energy
   &GeometryIndex 1
   &ListStatus       OUT
   &SCF_ENERGY [&Type "Double"]      -1.1786260244555767e+02
$End
$DFT_Energy
   &GeometryIndex 1
   &ListStatus       OUT
   &NALPHAEL [&Type "Integer"] 12
   &NBETAEL [&Type "Integer"] 12
   &NTOTALEL [&Type "Integer"] 24
   &EEXCHANGE [&Type "Double"]      -1.7728393709273206e+01
   &ECORR [&Type "Double"]      -7.3707766916576678e-01
   &ECNL [&Type "Double"]       0.0000000000000000e+00
   &EXC [&Type "Double"]      -1.8465471378438973e+01
   &EEMBED [&Type "Double"]       0.0000000000000000e+00
   &FINALEN [&Type "Double"]      -1.1786260244555767e+02  "No Van der Waals correction"
$End
$Mulliken_Population_Analysis
   &GeometryIndex 1
   &ListStatus       OUT
   &NATOMS [&Type "Integer"] 9
   &ATNO [&Type "ArrayOfIntegers", &Dim (9,1)] 
                                                         0

0                                                        6
1                                                        6
2                                                        6
3                                                        1
4                                                        1
5                                                        1
6                                                        1
7                                                        1
8                                                        1
   &ATOMICCHARGES [&Type "ArrayOfDoubles", &Dim (9,1)] 
                                                         0

0                                     -2.0643603676127142e-01
1                                     -2.0637175477117697e-01
2                                     -2.0622887368991272e-01
3                                      1.0317770835603368e-01
4                                      1.0317609553306728e-01
5                                      1.0317632492701567e-01
6                                      1.0317937263028121e-01
7                                      1.0316406909614950e-01
8                                      1.0316309467981366e-01
$End
$Loewdin_Population_Analysis
   &GeometryIndex 1
   &ListStatus       OUT
   &NATOMS [&Type "Integer"] 9
   &ATNO [&Type "ArrayOfIntegers", &Dim (9,1)] 
                                                         0

0                                                        6
1                                                        6
2                                                        6
3                                                        1
4                                                        1
5                                                        1
6                                                        1
7                                                        1
8                                                        1
   &ATOMICCHARGES [&Type "ArrayOfDoubles", &Dim (9,1)] 
                                                         0

0                                     -2.4955778952610164e-01
1                                     -2.4957492940539705e-01
2                                     -2.4953971042547529e-01
3                                      1.2477629274230850e-01
4                                      1.2477708284264344e-01
5                                      1.2478038598214092e-01
6                                      1.2477914214051478e-01
7                                      1.2477957884934687e-01
8                                      1.2477994679999116e-01
$End
$Mayer_Population_Analysis
   &GeometryIndex 1
   &ListStatus       OUT
   &NATOMS [&Type "Integer"] 9 "Total number of atoms"
   &BONDTHRESH [&Type "Double"]       1.0000000000000001e-01  "The threshold for printing"
   &NBONDORDERSPRINT [&Type "Integer"] 9 "The number of bond orders larger than threshold"
   &BONDORDERS [&Type "ArrayOfDoubles", &Dim (9,1)] "The bond orders"
                                                         0

0                                      9.7022375963516116e-01
1                                      9.7039268144961299e-01
2                                      9.6626719099002778e-01
3                                      9.6626849893488076e-01
4                                      9.7019578973801557e-01
5                                      9.6627402016290775e-01
6                                      9.6627143442192021e-01
7                                      9.6625783945878208e-01
8                                      9.6625869159425826e-01
   &COMPONENTS [&Type "ArrayOfIntegers", &Dim (9,4)] "The indices and atomic numbers of the bonding atoms"
                                                         0                           1                           2                           3

0                                                        0                           6                           1                           6
1                                                        0                           6                           2                           6
2                                                        0                           6                           3                           1
3                                                        0                           6                           4                           1
4                                                        1                           6                           2                           6
5                                                        1                           6                           5                           1
6                                                        1                           6                           6                           1
7                                                        2                           6                           7                           1
8                                                        2                           6                           8                           1
   &ATNO [&Type "ArrayOfIntegers", &Dim (9,1)] "Atomic number of the elements"
                                                         0

0                                                        6
1                                                        6
2                                                        6
3                                                        1
4                                                        1
5                                                        1
6                                                        1
7                                                        1
8                                                        1
   &NA [&Type "ArrayOfDoubles", &Dim (9,1)] "Mulliken gross atomic population"
                                                         0

0                                      6.2064360367612759e+00
1                                      6.2063717547711619e+00
2                                      6.2062288736899278e+00
3                                      8.9682229164396587e-01
4                                      8.9682390446693372e-01
5                                      8.9682367507298311e-01
6                                      8.9682062736971968e-01
7                                      8.9683593090385028e-01
8                                      8.9683690532018678e-01
   &ZA [&Type "ArrayOfDoubles", &Dim (9,1)] "Total nuclear charge"
                                                         0

0                                      6.0000000000000000e+00
1                                      6.0000000000000000e+00
2                                      6.0000000000000000e+00
3                                      1.0000000000000000e+00
4                                      1.0000000000000000e+00
5                                      1.0000000000000000e+00
6                                      1.0000000000000000e+00
7                                      1.0000000000000000e+00
8                                      1.0000000000000000e+00
   &QA [&Type "ArrayOfDoubles", &Dim (9,1)] "Mulliken gross atomic charge"
                                                         0

0                                     -2.0643603676127587e-01
1                                     -2.0637175477116187e-01
2                                     -2.0622887368992782e-01
3                                      1.0317770835603413e-01
4                                      1.0317609553306628e-01
5                                      1.0317632492701689e-01
6                                      1.0317937263028032e-01
7                                      1.0316406909614972e-01
8                                      1.0316309467981322e-01
   &VA [&Type "ArrayOfDoubles", &Dim (9,1)] "Mayer's total valence"
                                                         0

0                                      3.8865707962635856e+00
1                                      3.8862861226673564e+00
2                                      3.8864940040649438e+00
3                                      9.8245604485785887e-01
4                                      9.8245669655087753e-01
5                                      9.8246894110804794e-01
6                                      9.8246793016623624e-01
7                                      9.8245270281320252e-01
8                                      9.8245315926569377e-01
   &BVA [&Type "ArrayOfDoubles", &Dim (9,1)] "Mayer's bonded valence"
                                                         0

0                                      3.8865707962635279e+00
1                                      3.8862861226673950e+00
2                                      3.8864940040649616e+00
3                                      9.8245604485786242e-01
4                                      9.8245669655086754e-01
5                                      9.8246894110805638e-01
6                                      9.8246793016623679e-01
7                                      9.8245270281320640e-01
8                                      9.8245315926569921e-01
   &FA [&Type "ArrayOfDoubles", &Dim (9,1)] "Mayer's free valence"
                                                         0

0                                      0.0000000000000000e+00
1                                      0.0000000000000000e+00
2                                      0.0000000000000000e+00
3                                      0.0000000000000000e+00
4                                      0.0000000000000000e+00
5                                      0.0000000000000000e+00
6                                      0.0000000000000000e+00
7                                      0.0000000000000000e+00
8                                      0.0000000000000000e+00
$End
$VdW_Correction
   &GeometryIndex 1
   &ListStatus       OUT
   &VDW [&Type "Double"]      -1.2757491788383903e-03
$End
$Calculation_Info
   &GeometryIndex 1
   &ListStatus       OUT
   &MULT [&Type "Integer"] 1
   &CHARGE [&Type "Integer"] 0
   &NUMOFATOMS [&Type "Integer"] 9
   &NUMOFELECTRONS [&Type "Integer"] 24
   &NUMOFFCELECTRONS [&Type "Integer"] 1
   &NUMOFCORRELECTRONS [&Type "Integer"] 0
   &NUMOFBASISFUNCTS [&Type "Integer"] 129
   &NUMOFAUXCBASISFUNCTS [&Type "Integer"] 0
   &NUMOFAUXJBASISFUNCTS [&Type "Integer"] 156
   &NUMOFAUXJKBASISFUNCTS [&Type "Integer"] 0
   &NUMOFCABSBASISFUNCTS [&Type "Integer"] 0
   &TOTALENERGY [&Type "Double"]      -1.1786086249963651e+02  "Hartrees"
$End
$SCF_Dipole_Moment
   &GeometryIndex 1
   &ListStatus       OUT
   &METHOD [&Type "String"] "SCF"
   &LEVEL [&Type "String"] "Relaxed density"
   &MULT [&Type "Integer"] 1
   &STATE [&Type "Integer"] -1
   &IRREP [&Type "Integer"] 0
   &NATOMS [&Type "Integer"] 9
   &DODIPOLEATOM [&Type "Boolean"] false
   &DIPOLEELECCONTRIB [&Type "ArrayOfDoubles", &Dim (3,1)] "Electronic contribution"
                                                         0

0                                     -1.0002220074651160e-04
1                                     -1.4034098813813965e-05
2                                      3.2766437131696554e-06
   &DIPOLENUCCONTRIB [&Type "ArrayOfDoubles", &Dim (3,1)] "Nuclear contribution"
                                                         0

0                                      1.0026739868518320e-04
1                                     -5.0275850045494730e-05
2                                     -3.4796631773748032e-06
   &DIPOLETOTAL [&Type "ArrayOfDoubles", &Dim (3,1)] "Total"
                                                         0

0                                      2.4519793867159266e-07
1                                     -6.4309948859308695e-05
2                                     -2.0301946420514787e-07
   &DIPOLEMAGNITUDE [&Type "Double", &Units "a.u."]       6.4310736749153139e-05
$End
$THERMOCHEMISTRY_Energies
   &GeometryIndex 1
   &ListStatus       OUT
   &TEMPERATURE [&Type "Double"]       2.9814999999999998e+02
   &PRESSURE [&Type "Double"]       1.0000000000000000e+00
   &TOTALMASS [&Type "Double"]       4.2080999999999996e+01
   &SPINDEGENERACY [&Type "Integer"] 1
   &ELENERGY [&Type "Double"]      -1.1786086249963651e+02
   &TRANSENERGY [&Type "Double"]       1.4162714244859817e-03
   &ROTENERGY [&Type "Double"]       1.4162714244859817e-03
   &VIBENERGY [&Type "Double"]       5.2752439710612221e-04
   &NUMOFFREQS [&Type "Integer"] 27
   &FREQSCALINGFACTOR [&Type "Double"]       1.0000000000000000e+00
   &FREQ [&Type "ArrayOfDoubles", &Dim (27,1)] "In cm^-1"
                                                         0

0                                      0.0000000000000000e+00
1                                      0.0000000000000000e+00
2                                      0.0000000000000000e+00
3                                      0.0000000000000000e+00
4                                      0.0000000000000000e+00
5                                      0.0000000000000000e+00
6                                      7.4771584368466813e+02
7                                      7.4971178045881868e+02
8                                      8.7217024085043704e+02
9                                      9.0109769385767243e+02
10                                     9.0261073383042310e+02
11                                     1.0467233778522657e+03
12                                     1.0467348264066670e+03
13                                     1.0781684890793965e+03
14                                     1.1584084321589796e+03
15                                     1.2131897716036917e+03
16                                     1.2169676866331088e+03
17                                     1.2171348305086544e+03
18                                     1.4748547745731148e+03
19                                     1.4750157648832756e+03
20                                     1.5142994685762019e+03
21                                     3.1130905038754236e+03
22                                     3.1131940390052400e+03
23                                     3.1185016521449834e+03
24                                     3.1925959797933392e+03
25                                     3.1927257163857762e+03
26                                     3.2149192930205713e+03
   &ZPE [&Type "Double"]       8.1011255666343887e-02
   &INNERENERGYU [&Type "Double"]      -1.1777649117672409e+02
   &ENTHALPYH [&Type "Double"]      -1.1777554696768183e+02
   &QEL [&Type "Double"]       0.0000000000000000e+00
   &QROT [&Type "Double"]       9.6369116868578603e-03
   &QVIB [&Type "Double"]       6.4922492370902648e-04
   &QTRANS [&Type "Double"]       1.7645354604948104e-02
   &ENTROPYS [&Type "Double"]       2.7931491215514991e-02
   &FREEENERGYG [&Type "Double"]      -1.1780347845889735e+02
   &ISLINEAR [&Type "Boolean"] false
$End
$Hessian
   &GeometryIndex 1
   &ListStatus       OUT
   &HESSIAN [&Type "ArrayOfDoubles", &Dim (27,27)] "The Hessian"
                                                         0                           1                           2                           3                           4                           5                           6                           7

0                                      3.3376541589325093e-01         1.8022423947207056e-01        -1.9965654121124280e-05        -1.6637795663058452e-02        -3.0615140726816006e-02         2.5808456916814454e-06        -1.7398902066487981e-01        -6.0416985388500155e-02
1                                      1.8022423947207056e-01         4.9637976006911549e-01         1.0998130229155495e-05         1.0969896481432158e-02        -2.1474277323691671e-01         6.8821468176545359e-06        -1.0195318824766891e-01        -5.7649445150136980e-02
2                                     -1.9965654121124280e-05         1.0998130229155495e-05         6.5725515194668693e-01         3.4104409515784922e-07         6.0889036295407007e-06        -7.4299067002102759e-02         2.9856285702318002e-06        -1.7714367646216583e-06
3                                     -1.6637795663058452e-02         1.0969896481432158e-02         3.4104409515784922e-07         2.9956125697769470e-01        -1.6057300742592401e-01         3.1436679333394363e-06        -1.5657155370231179e-01         7.0130916611424163e-02
4                                     -3.0615140726816006e-02        -2.1474277323691671e-01         6.0889036295407007e-06        -1.6057300742592401e-01         5.3037430300303823e-01        -1.0634345779933149e-06         1.1166629795197269e-01        -7.4918500672646826e-02
5                                      2.5808456916814454e-06         6.8821468176545359e-06        -7.4299067002102759e-02         3.1436679333394363e-06        -1.0634345779933149e-06         6.5737686258286399e-01        -6.7330618724193844e-06         1.4285258346512687e-06
6                                     -1.7398902066487981e-01        -1.0195318824766891e-01         2.9856285702318002e-06        -1.5657155370231179e-01         1.1166629795197269e-01        -6.7330618724193844e-06         6.1171762088735782e-01        -1.9440114468126223e-02
7                                     -6.0416985388500155e-02        -5.7649445150136980e-02        -1.7714367646216583e-06         7.0130916611424163e-02        -7.4918500672646826e-02         1.4285258346512687e-06        -1.9440114468126223e-02         2.1872322286488294e-01
8                                      6.3575073664161172e-07        -2.7511074966599533e-06        -7.4257146826263332e-02        -4.5769910707702405e-06         2.4254240836428835e-06        -7.4396557812080794e-02         1.1781477471106694e-06         2.5205240996242859e-05
9                                     -5.9809989767822168e-02        -4.1629080028175711e-02         6.6578868829935828e-02        -1.5428868754027974e-04         3.6303499170759600e-03        -1.3043078404067250e-02        -8.8444551342291965e-03        -1.2776537551217335e-02
10                                    -4.1629254445153405e-02        -9.7523265697155914e-02         1.0319951370163735e-01        -8.8326854346148058e-03        -1.2952511230659930e-02         2.4276496985633039e-02        -3.0388450632728992e-04        -4.2858216780345178e-03
11                                     6.8876485101776380e-02         1.0675087099392865e-01        -2.5857420528955466e-01        -1.2656851068606049e-03        -2.5360395674019400e-03         2.1022148974195981e-03        -1.7807850901847815e-03        -2.2010935170288879e-03
12                                    -5.9800193141008262e-02        -4.1627394272006638e-02        -6.6562053532341278e-02        -1.5492947161878726e-04         3.6316603059132774e-03         1.3042832013209582e-02        -8.8441737859457428e-03        -1.2779854536383785e-02
13                                    -4.1627989582255359e-02        -9.7540869115436413e-02        -1.0321522451854223e-01        -8.8312361687171350e-03        -1.2954309493851835e-02        -2.4276197202731130e-02        -3.0399986592100949e-04        -4.2851875006809448e-03
14                                    -6.8860110002854552e-02        -1.0676697431302275e-01        -2.5856666979914100e-01         1.2662766273931229e-03         2.5372723927522198e-03         2.1049529045998948e-03         1.7803354145632857e-03         2.2007173210658055e-03
15                                     2.3128325369170923e-04        -4.9437837978997924e-03        -1.5382943678408869e-02        -5.1985504430290493e-02         3.7103280882716298e-02         5.6012064197575887e-02        -7.5185170062850373e-03         1.3105780055658434e-02
16                                     7.5367330310983152e-03        -1.3356519434015977e-02        -2.2866527354615931e-02         3.7108192982354349e-02        -1.0535132502428468e-01        -1.0928216019212000e-01         6.3130592822512044e-04        -5.6243387084803503e-03
17                                    -1.0060492771105170e-03         2.6378128726653079e-03         2.1090865401827961e-03         5.7945703200162096e-02        -1.1302136760732616e-01        -2.5854365090630593e-01        -1.5457739447972095e-03         2.3623866996940798e-03
18                                     2.3047157996909304e-04        -4.9417302158751269e-03         1.5383137938735338e-02        -5.1984541963731923e-02         3.7098152697029943e-02        -5.6010711414069783e-02        -7.5166635299727981e-03         1.3102850762216340e-02
19                                     7.5363225090661658e-03        -1.3354060768678698e-02         2.2867008873079471e-02         3.7103026537062642e-02        -1.0533942980006360e-01         1.0927427095452946e-01         6.3119704358679217e-04        -5.6248128520577940e-03
20                                     1.0057240038617154e-03        -2.6370394110169955e-03         2.1082793637974160e-03        -5.7943780258528185e-02         1.1301238920200445e-01        -2.5855471356363441e-01         1.5454623719819878e-03        -2.3618486519711435e-03
21                                    -1.1994590608129704e-02         1.9542427958630379e-03        -1.4490390558575957e-02        -1.1036384211270537e-02        -9.7115392453432994e-04        -1.2104267230569291e-02        -1.2421359237290068e-01         4.5214301027265355e-03
22                                    -1.0507232988520347e-02        -1.1075488725895673e-03        -2.3397290392790135e-02         1.1462153694781655e-02        -2.0564994737133071e-03         2.4706413941404860e-02         4.5369039184543396e-03        -3.3167008944154967e-02
23                                     2.8829511308815503e-03         1.4766726442743110e-04         2.1134645896124312e-03         2.8547878899137496e-03        -4.3106890016135404e-04         2.1035034153201329e-03        -1.2698222790532315e-01         6.2840727562763106e-03
24                                    -1.1995580882013343e-02         1.9553115685596693e-03         1.4490026571572039e-02        -1.1036258847872474e-02        -9.7013544182927153e-04         1.2104135530119148e-02        -1.2421964469083267e-01         4.5359955097532961e-03
25                                    -1.0509205637289016e-02        -1.1052777941852397e-03         2.3397240154879432e-02         1.1462438486596473e-02        -2.0589540709012475e-03        -2.4706021289105849e-02         4.5520011482532204e-03        -3.3168107358690579e-02
26                                    -2.8822584883231462e-03        -1.4750263727383080e-04         2.1111064767820866e-03        -2.8561762169887987e-03         4.3131315131290319e-04         2.1064554839202035e-03         1.2698555451582599e-01        -6.3090804804131467e-03
                                                         8                           9                          10                          11                          12                          13                          14                          15

0                                      6.3575073664161172e-07        -5.9809989767822168e-02        -4.1629254445153405e-02         6.8876485101776380e-02        -5.9800193141008262e-02        -4.1627989582255359e-02        -6.8860110002854552e-02         2.3128325369170923e-04
1                                     -2.7511074966599533e-06        -4.1629080028175711e-02        -9.7523265697155914e-02         1.0675087099392865e-01        -4.1627394272006638e-02        -9.7540869115436413e-02        -1.0676697431302275e-01        -4.9437837978997924e-03
2                                     -7.4257146826263332e-02         6.6578868829935828e-02         1.0319951370163735e-01        -2.5857420528955466e-01        -6.6562053532341278e-02        -1.0321522451854223e-01        -2.5856666979914100e-01        -1.5382943678408869e-02
3                                     -4.5769910707702405e-06        -1.5428868754027974e-04        -8.8326854346148058e-03        -1.2656851068606049e-03        -1.5492947161878726e-04        -8.8312361687171350e-03         1.2662766273931229e-03        -5.1985504430290493e-02
4                                      2.4254240836428835e-06         3.6303499170759600e-03        -1.2952511230659930e-02        -2.5360395674019400e-03         3.6316603059132774e-03        -1.2954309493851835e-02         2.5372723927522198e-03         3.7103280882716298e-02
5                                     -7.4396557812080794e-02        -1.3043078404067250e-02         2.4276496985633039e-02         2.1022148974195981e-03         1.3042832013209582e-02        -2.4276197202731130e-02         2.1049529045998948e-03         5.6012064197575887e-02
6                                      1.1781477471106694e-06        -8.8444551342291965e-03        -3.0388450632728992e-04        -1.7807850901847815e-03        -8.8441737859457428e-03        -3.0399986592100949e-04         1.7803354145632857e-03        -7.5185170062850373e-03
7                                      2.5205240996242859e-05        -1.2776537551217335e-02        -4.2858216780345178e-03        -2.2010935170288879e-03        -1.2779854536383785e-02        -4.2851875006809448e-03         2.2007173210658055e-03         1.3105780055658434e-02
8                                      6.5747575032937100e-01         2.7476646611310201e-02        -1.9119604332614752e-03         2.0991134260275827e-03        -2.7476392733983841e-02         1.9121854683582656e-03         2.0970080383751998e-03         2.7524749016252081e-02
9                                      2.7476646611310201e-02         6.5836333191168259e-02         4.6228796497536404e-02        -7.3244141823297193e-02         2.4432186626537778e-03         5.6680838346659127e-03        -7.7893619626863385e-03         2.2210251084674691e-05
10                                    -1.9119604332614752e-03         4.6228796497536404e-02         1.0763849857988494e-01        -1.1350919720606285e-01         5.6694678956831536e-03         7.5992043875500129e-03        -1.2083161484500879e-02         2.1717108763274159e-03
11                                     2.0991134260275827e-03        -7.3244141823297193e-02        -1.1350919720606285e-01         2.6710870824057636e-01         7.7900656987928869e-03         1.2081605826548193e-02        -1.6371339836238629e-02         4.2051556425920771e-04
12                                    -2.7476392733983841e-02         2.4432186626537778e-03         5.6694678956831536e-03         7.7900656987928869e-03         6.5827099782770723e-02         4.6227709393156527e-02         7.3226843744631398e-02         1.2226335009711297e-03
13                                     1.9121854683582656e-03         5.6680838346659127e-03         7.5992043875500129e-03         1.2081605826548193e-02         4.6227709393156527e-02         1.0765758618560720e-01         1.1352551603949124e-01        -3.5438222574120304e-03
14                                     2.0970080383751998e-03        -7.7893619626863385e-03        -1.2083161484500879e-02        -1.6371339836238629e-02         7.3226843744631398e-02         1.1352551603949124e-01         2.6710037186116498e-01         1.0922286533174112e-04
15                                     2.7524749016252081e-02         2.2210251084674691e-05         2.1717108763274159e-03         4.2051556425920771e-04         1.2226335009711297e-03        -3.5438222574120304e-03         1.0922286533174112e-04         5.7152252592749399e-02
16                                    -8.1039851672825040e-04        -1.9456301516865202e-03         2.2827742039090507e-03        -2.0964806745361279e-04         3.0735369550783298e-03        -3.5016282285056720e-03         4.2904403690728274e-04        -4.1223562294550251e-02
17                                     2.0997406321290545e-03         4.3732498068772222e-04         1.6263140214859296e-04         1.2062762986816012e-03        -6.6574968285589096e-05         4.4147304090946804e-04         6.0517015568774517e-04        -6.1634143805129757e-02
18                                    -2.7525247385781267e-02         1.2227024790649088e-03        -3.5437520735783793e-03        -1.0884688999410587e-04         2.2268048472461922e-05         2.1716512670633052e-03        -4.2080869649681676e-04         1.3753203223889655e-03
19                                     8.1052879941238777e-04         3.0734884821233552e-03        -3.5013931002582576e-03        -4.2850575310288044e-04        -1.9456685901221753e-03         2.2828493520861762e-03         2.0941714605607776e-04        -5.0543074493516462e-03
20                                     2.0994510151367473e-03         6.6288361530632105e-05        -4.4122174142229693e-04         6.0512959720967260e-04        -4.3720302534524299e-04        -1.6254361869328868e-04         1.2061679275241315e-03        -6.5620150480455632e-03
21                                    -1.2264247710262555e-01         1.8012284146071084e-03        -1.1377382063832223e-03        -3.6668099968028590e-04        -2.5170085969962184e-03         1.3779576688084027e-03         3.4816804206866218e-04         1.6156469167058537e-03
22                                     6.0793635374153309e-03         2.9562523427060297e-03         4.9978039308200045e-04         2.8194701448247013e-04        -5.2063400385086592e-03         2.4272657264363294e-04         2.7305136071317240e-04        -3.0661636077410292e-03
23                                    -2.5861178768655974e-01        -3.3618259759866410e-05         4.6690393769485260e-04         1.2135444116142067e-03         4.2178741269376698e-04         1.1681993740682338e-04         6.1056798786230434e-04        -6.6466447933936738e-05
24                                     1.2264548861090434e-01        -2.5169594089870990e-03         1.3779455316500799e-03        -3.4845651732035932e-04         1.8010850007009133e-03        -1.1377517356634566e-03         3.6693204801271397e-04        -2.1153254010162054e-03
25                                    -6.1046148704687747e-03        -5.2063294781680425e-03         2.4273414168260758e-04        -2.7323948055817668e-04         2.9562803334648117e-03         4.9962784058784162e-04        -2.8162105900056590e-04         5.4476819252458784e-03
26                                    -2.5860557111613575e-01        -4.2139827114487973e-04        -1.1670540521730539e-04         6.1055825426429254e-04         3.3197310665112126e-05        -4.6689641320889989e-04         1.2137707601653745e-03        -3.9985450768620378e-04
                                                        16                          17                          18                          19                          20                          21                          22                          23

0                                      7.5367330310983152e-03        -1.0060492771105170e-03         2.3047157996909304e-04         7.5363225090661658e-03         1.0057240038617154e-03        -1.1994590608129704e-02        -1.0507232988520347e-02         2.8829511308815503e-03
1                                     -1.3356519434015977e-02         2.6378128726653079e-03        -4.9417302158751269e-03        -1.3354060768678698e-02        -2.6370394110169955e-03         1.9542427958630379e-03        -1.1075488725895673e-03         1.4766726442743110e-04
2                                     -2.2866527354615931e-02         2.1090865401827961e-03         1.5383137938735338e-02         2.2867008873079471e-02         2.1082793637974160e-03        -1.4490390558575957e-02        -2.3397290392790135e-02         2.1134645896124312e-03
3                                      3.7108192982354349e-02         5.7945703200162096e-02        -5.1984541963731923e-02         3.7103026537062642e-02        -5.7943780258528185e-02        -1.1036384211270537e-02         1.1462153694781655e-02         2.8547878899137496e-03
4                                     -1.0535132502428468e-01        -1.1302136760732616e-01         3.7098152697029943e-02        -1.0533942980006360e-01         1.1301238920200445e-01        -9.7115392453432994e-04        -2.0564994737133071e-03        -4.3106890016135404e-04
5                                     -1.0928216019212000e-01        -2.5854365090630593e-01        -5.6010711414069783e-02         1.0927427095452946e-01        -2.5855471356363441e-01        -1.2104267230569291e-02         2.4706413941404860e-02         2.1035034153201329e-03
6                                      6.3130592822512044e-04        -1.5457739447972095e-03        -7.5166635299727981e-03         6.3119704358679217e-04         1.5454623719819878e-03        -1.2421359237290068e-01         4.5369039184543396e-03        -1.2698222790532315e-01
7                                     -5.6243387084803503e-03         2.3623866996940798e-03         1.3102850762216340e-02        -5.6248128520577940e-03        -2.3618486519711435e-03         4.5214301027265355e-03        -3.3167008944154967e-02         6.2840727562763106e-03
8                                     -8.1039851672825040e-04         2.0997406321290545e-03        -2.7525247385781267e-02         8.1052879941238777e-04         2.0994510151367473e-03        -1.2264247710262555e-01         6.0793635374153309e-03        -2.5861178768655974e-01
9                                     -1.9456301516865202e-03         4.3732498068772222e-04         1.2227024790649088e-03         3.0734884821233552e-03         6.6288361530632105e-05         1.8012284146071084e-03         2.9562523427060297e-03        -3.3618259759866410e-05
10                                     2.2827742039090507e-03         1.6263140214859296e-04        -3.5437520735783793e-03        -3.5013931002582576e-03        -4.4122174142229693e-04        -1.1377382063832223e-03         4.9978039308200045e-04         4.6690393769485260e-04
11                                    -2.0964806745361279e-04         1.2062762986816012e-03        -1.0884688999410587e-04        -4.2850575310288044e-04         6.0512959720967260e-04        -3.6668099968028590e-04         2.8194701448247013e-04         1.2135444116142067e-03
12                                     3.0735369550783298e-03        -6.6574968285589096e-05         2.2268048472461922e-05        -1.9456685901221753e-03        -4.3720302534524299e-04        -2.5170085969962184e-03        -5.2063400385086592e-03         4.2178741269376698e-04
13                                    -3.5016282285056720e-03         4.4147304090946804e-04         2.1716512670633052e-03         2.2828493520861762e-03        -1.6254361869328868e-04         1.3779576688084027e-03         2.4272657264363294e-04         1.1681993740682338e-04
14                                     4.2904403690728274e-04         6.0517015568774517e-04        -4.2080869649681676e-04         2.0941714605607776e-04         1.2061679275241315e-03         3.4816804206866218e-04         2.7305136071317240e-04         6.1056798786230434e-04
15                                    -4.1223562294550251e-02        -6.1634143805129757e-02         1.3753203223889655e-03        -5.0543074493516462e-03        -6.5620150480455632e-03         1.6156469167058537e-03        -3.0661636077410292e-03        -6.6466447933936738e-05
16                                     1.1636370868004867e-01         1.2020976170486072e-01        -5.0541643411875252e-03         8.6656976168640685e-03         1.2789488779211738e-02         1.0250957588614114e-03         6.8435762570058696e-04        -4.6824205235793375e-04
17                                     1.2020976170486072e-01         2.6709044224882389e-01         6.5625676110658369e-03        -1.2790880668778998e-02        -1.6376096352506496e-02        -3.9215063130498655e-04        -2.5584444317890576e-04         1.2029574549059733e-03
18                                    -5.0541643411875252e-03         6.5625676110658369e-03         5.7149890463192798e-02        -4.1217589295054799e-02         6.1632672087782656e-02        -2.1151592717079336e-03         5.4475669828273048e-03         3.9920222262133682e-04
19                                     8.6656976168640685e-03        -1.2790880668778998e-02        -4.1217589295054799e-02         1.1634929165405941e-01        -1.2020146241634021e-01        -1.1483378378857848e-03        -1.6262885790260085e-04        -1.6054657102127249e-04
20                                     1.2789488779211738e-02        -1.6376096352506496e-02         6.1632672087782656e-02        -1.2020146241634021e-01         2.6710294453396438e-01         3.2205235144481875e-04        -3.0181734266160158e-04         6.0604335216238748e-04
21                                     1.0250957588614114e-03        -3.9215063130498655e-04        -2.1151592717079336e-03        -1.1483378378857848e-03         3.2205235144481875e-04         1.3724322843576178e-01        -5.0096455136105517e-03         1.3492430962402088e-01
22                                     6.8435762570058696e-04        -2.5584444317890576e-04         5.4475669828273048e-03        -1.6262885790260085e-04        -3.0181734266160158e-04        -5.0096455136105517e-03         3.6280046561629906e-02        -6.6699107001866563e-03
23                                    -4.6824205235793375e-04         1.2029574549059733e-03         3.9920222262133682e-04        -1.6054657102127249e-04         6.0604335216238748e-04         1.3492430962402088e-01        -6.6699107001866563e-03         2.6712627223782109e-01
