*************************************************
******************* ORCA 6.0.0 ******************
*************************************************
$Calculation_Status
   &GeometryIndex 1
   &ListStatus       OUT
   &VERSION [&Type "String"] "6.0.0"
   &PROGNAME [&Type "String"] "LeanSCF"
   &STATUS [&Type "String"] "NORMAL TERMINATION"
$End
$Geometry
   &GeometryIndex 1
   &ListStatus       OUT
   &NATOMS [&Type "Integer"] 10
   &NCORELESSECP [&Type "Integer"] 0
   &NGHOSTATOMS [&Type "Integer"] 0
   &CartesianCoordinates [&Type "Coordinates", &Dim(10,4), &Units "Bohr"] 
              C     -2.278331199246   -0.434586995042    0.162269524184
              N     -0.009750960773    1.165934935259    0.187836481883
              C      2.249743275839   -0.392751934778   -0.223833656556
              H     -2.561171137650   -1.210706502380   -1.735992540667
              H     -3.947553457018    0.689155832451    0.639479771979
              H     -2.171690349613   -2.038534092890    1.490389770439
              H      0.134869841861    1.890328475812    1.960927293021
              H      3.953016072669    0.766649717971   -0.061560869949
              H      2.206568729880   -1.189765602571   -2.133417970186
              H      2.412483003191   -1.980943198910    1.116908287110
$End
$SCF_Energy
   &GeometryIndex 1
   &ListStatus       OUT
   &SCF_ENERGY [&Type "Double"]      -1.3512782145520157e+02
$End
$DFT_Energy
   &GeometryIndex 1
   &ListStatus       OUT
   &NALPHAEL [&Type "Integer"] 13
   &NBETAEL [&Type "Integer"] 13
   &NTOTALEL [&Type "Integer"] 26
   &EEXCHANGE [&Type "Double"]      -1.9508857124230108e+01
   &ECORR [&Type "Double"]      -7.9519036527531328e-01
   &ECNL [&Type "Double"]       0.0000000000000000e+00
   &EXC [&Type "Double"]      -2.0304047489505422e+01
   &EEMBED [&Type "Double"]       0.0000000000000000e+00
   &FINALEN [&Type "Double"]      -1.3512782145520157e+02  "No Van der Waals correction"
$End
$Mulliken_Population_Analysis
   &GeometryIndex 1
   &ListStatus       OUT
   &NATOMS [&Type "Integer"] 10
   &ATNO [&Type "ArrayOfIntegers", &Dim (10,1)] 
                                                         0

0                                                        6
1                                                        7
2                                                        6
3                                                        1
4                                                        1
5                                                        1
6                                                        1
7                                                        1
8                                                        1
9                                                        1
   &ATOMICCHARGES [&Type "ArrayOfDoubles", &Dim (10,1)] 
                                                         0

0                                     -2.2122464388429819e-01
1                                     -3.2692568197301419e-01
2                                     -2.2139577051397108e-01
3                                      1.0364905509819589e-01
4                                      1.0995366252461547e-01
5                                      7.9125418817870941e-02
6                                      1.8391907145559117e-01
7                                      1.1004873474250843e-01
8                                      1.0343889122180727e-01
9                                      7.9411262510610481e-02
$End
$Loewdin_Population_Analysis
   &GeometryIndex 1
   &ListStatus       OUT
   &NATOMS [&Type "Integer"] 10
   &ATNO [&Type "ArrayOfIntegers", &Dim (10,1)] 
                                                         0

0                                                        6
1                                                        7
2                                                        6
3                                                        1
4                                                        1
5                                                        1
6                                                        1
7                                                        1
8                                                        1
9                                                        1
   &ATOMICCHARGES [&Type "ArrayOfDoubles", &Dim (10,1)] 
                                                         0

0                                     -3.5114342887464467e-01
1                                     -8.4905101565411201e-02
2                                     -3.5121053231556765e-01
3                                      1.1093299032605819e-01
4                                      1.0978141888690751e-01
5                                      9.2309729350866010e-02
6                                      1.6131946261069408e-01
7                                      1.0965914568756296e-01
8                                      1.1097593709242326e-01
9                                      9.2280378801037344e-02
$End
$Mayer_Population_Analysis
   &GeometryIndex 1
   &ListStatus       OUT
   &NATOMS [&Type "Integer"] 10 "Total number of atoms"
   &BONDTHRESH [&Type "Double"]       1.0000000000000001e-01  "The threshold for printing"
   &NBONDORDERSPRINT [&Type "Integer"] 9 "The number of bond orders larger than threshold"
   &BONDORDERS [&Type "ArrayOfDoubles", &Dim (9,1)] "The bond orders"
                                                         0

0                                      9.8718656628633850e-01
1                                      9.7573482839968573e-01
2                                      9.7665526740121489e-01
3                                      9.6368954953272601e-01
4                                      9.8722162976094763e-01
5                                      9.3405394880916393e-01
6                                      9.7664658033003016e-01
7                                      9.7563268486094923e-01
8                                      9.6406988401180627e-01
   &COMPONENTS [&Type "ArrayOfIntegers", &Dim (9,4)] "The indices and atomic numbers of the bonding atoms"
                                                         0                           1                           2                           3

0                                                        0                           6                           1                           7
1                                                        0                           6                           3                           1
2                                                        0                           6                           4                           1
3                                                        0                           6                           5                           1
4                                                        1                           7                           2                           6
5                                                        1                           7                           6                           1
6                                                        2                           6                           7                           1
7                                                        2                           6                           8                           1
8                                                        2                           6                           9                           1
   &ATNO [&Type "ArrayOfIntegers", &Dim (10,1)] "Atomic number of the elements"
                                                         0

0                                                        6
1                                                        7
2                                                        6
3                                                        1
4                                                        1
5                                                        1
6                                                        1
7                                                        1
8                                                        1
9                                                        1
   &NA [&Type "ArrayOfDoubles", &Dim (10,1)] "Mulliken gross atomic population"
                                                         0

0                                      6.2212246438842849e+00
1                                      7.3269256819730053e+00
2                                      6.2213957705139844e+00
3                                      8.9635094490180400e-01
4                                      8.9004633747538497e-01
5                                      9.2087458118212928e-01
6                                      8.1608092854440939e-01
7                                      8.8995126525749213e-01
8                                      8.9656110877819306e-01
9                                      9.2058873748939019e-01
   &ZA [&Type "ArrayOfDoubles", &Dim (10,1)] "Total nuclear charge"
                                                         0

0                                      6.0000000000000000e+00
1                                      7.0000000000000000e+00
2                                      6.0000000000000000e+00
3                                      1.0000000000000000e+00
4                                      1.0000000000000000e+00
5                                      1.0000000000000000e+00
6                                      1.0000000000000000e+00
7                                      1.0000000000000000e+00
8                                      1.0000000000000000e+00
9                                      1.0000000000000000e+00
   &QA [&Type "ArrayOfDoubles", &Dim (10,1)] "Mulliken gross atomic charge"
                                                         0

0                                     -2.2122464388428487e-01
1                                     -3.2692568197300531e-01
2                                     -2.2139577051398440e-01
3                                      1.0364905509819600e-01
4                                      1.0995366252461503e-01
5                                      7.9125418817870719e-02
6                                      1.8391907145559061e-01
7                                      1.1004873474250787e-01
8                                      1.0343889122180694e-01
9                                      7.9411262510609815e-02
   &VA [&Type "ArrayOfDoubles", &Dim (10,1)] "Mayer's total valence"
                                                         0

0                                      3.9206329724450222e+00
1                                      2.9052280602764289e+00
2                                      3.9210085833795172e+00
3                                      9.7525726096201271e-01
4                                      9.7901250658607242e-01
5                                      9.7091962584739955e-01
6                                      9.5454330564962830e-01
7                                      9.7901398322334499e-01
8                                      9.7525497461155120e-01
9                                      9.7091313269138146e-01
   &BVA [&Type "ArrayOfDoubles", &Dim (10,1)] "Mayer's bonded valence"
                                                         0

0                                      3.9206329724450373e+00
1                                      2.9052280602765426e+00
2                                      3.9210085833795363e+00
3                                      9.7525726096200294e-01
4                                      9.7901250658607675e-01
5                                      9.7091962584740110e-01
6                                      9.5454330564963963e-01
7                                      9.7901398322333733e-01
8                                      9.7525497461156896e-01
9                                      9.7091313269138757e-01
   &FA [&Type "ArrayOfDoubles", &Dim (10,1)] "Mayer's free valence"
                                                         0

0                                      0.0000000000000000e+00
1                                      0.0000000000000000e+00
2                                      0.0000000000000000e+00
3                                      0.0000000000000000e+00
4                                      0.0000000000000000e+00
5                                      0.0000000000000000e+00
6                                      0.0000000000000000e+00
7                                      0.0000000000000000e+00
8                                      0.0000000000000000e+00
9                                      0.0000000000000000e+00
$End
$VdW_Correction
   &GeometryIndex 1
   &ListStatus       OUT
   &VDW [&Type "Double"]      -1.4919478483117611e-03
$End
$Calculation_Info
   &GeometryIndex 1
   &ListStatus       OUT
   &MULT [&Type "Integer"] 1
   &CHARGE [&Type "Integer"] 0
   &NUMOFATOMS [&Type "Integer"] 10
   &NUMOFELECTRONS [&Type "Integer"] 26
   &NUMOFFCELECTRONS [&Type "Integer"] 1
   &NUMOFCORRELECTRONS [&Type "Integer"] 0
   &NUMOFBASISFUNCTS [&Type "Integer"] 135
   &NUMOFAUXCBASISFUNCTS [&Type "Integer"] 0
   &NUMOFAUXJBASISFUNCTS [&Type "Integer"] 167
   &NUMOFAUXJKBASISFUNCTS [&Type "Integer"] 0
   &NUMOFCABSBASISFUNCTS [&Type "Integer"] 0
   &TOTALENERGY [&Type "Double"]      -1.3511930755314987e+02  "Hartrees"
$End
$SCF_Dipole_Moment
   &GeometryIndex 1
   &ListStatus       OUT
   &METHOD [&Type "String"] "SCF"
   &LEVEL [&Type "String"] "Relaxed density"
   &MULT [&Type "Integer"] 1
   &STATE [&Type "Integer"] -1
   &IRREP [&Type "Integer"] 0
   &NATOMS [&Type "Integer"] 10
   &DODIPOLEATOM [&Type "Boolean"] false
   &DIPOLEELECCONTRIB [&Type "ArrayOfDoubles", &Dim (3,1)] "Electronic contribution"
                                                         0

0                                     -1.5853224038679298e-02
1                                      1.5186761490461991e+00
2                                     -3.6865346010455671e-02
   &DIPOLENUCCONTRIB [&Type "ArrayOfDoubles", &Dim (3,1)] "Nuclear contribution"
                                                         0

0                                      4.8103096150458491e-02
1                                     -1.7768832719649978e+00
2                                      3.8918475971293565e-01
   &DIPOLETOTAL [&Type "ArrayOfDoubles", &Dim (3,1)] "Total"
                                                         0

0                                      3.2249872111779196e-02
1                                     -2.5820712291879877e-01
2                                      3.5231941370247999e-01
   &DIPOLEMAGNITUDE [&Type "Double", &Units "a.u."]       4.3799536738290856e-01
$End
$THERMOCHEMISTRY_Energies
   &GeometryIndex 1
   &ListStatus       OUT
   &TEMPERATURE [&Type "Double"]       2.9814999999999998e+02
   &PRESSURE [&Type "Double"]       1.0000000000000000e+00
   &TOTALMASS [&Type "Double"]       4.5085000000000001e+01
   &SPINDEGENERACY [&Type "Integer"] 1
   &ELENERGY [&Type "Double"]      -1.3511930755314987e+02
   &TRANSENERGY [&Type "Double"]       1.4162714244859817e-03
   &ROTENERGY [&Type "Double"]       1.4162714244859817e-03
   &VIBENERGY [&Type "Double"]       1.5449690603420781e-03
   &NUMOFFREQS [&Type "Integer"] 30
   &FREQSCALINGFACTOR [&Type "Double"]       1.0000000000000000e+00
   &FREQ [&Type "ArrayOfDoubles", &Dim (30,1)] "In cm^-1"
                                                         0

0                                      0.0000000000000000e+00
1                                      0.0000000000000000e+00
2                                      0.0000000000000000e+00
3                                      0.0000000000000000e+00
4                                      0.0000000000000000e+00
5                                      0.0000000000000000e+00
6                                      2.2118015554217638e+02
7                                      2.8067334150771381e+02
8                                      4.0578964196029523e+02
9                                      8.2485950028966158e+02
10                                     9.4556990636764829e+02
11                                     1.0215591742669717e+03
12                                     1.0860682051859264e+03
13                                     1.1225200687769975e+03
14                                     1.1931958345482424e+03
15                                     1.2700595485433521e+03
16                                     1.4292323000736724e+03
17                                     1.4583468927940987e+03
18                                     1.4658206204169039e+03
19                                     1.4793188679586995e+03
20                                     1.4917415033469299e+03
21                                     1.5065049936402011e+03
22                                     1.5079634904087281e+03
23                                     2.9311071401548465e+03
24                                     2.9346578603196967e+03
25                                     3.0382392741510566e+03
26                                     3.0418046320759145e+03
27                                     3.0853063839307756e+03
28                                     3.0906230169735909e+03
29                                     3.4728123334164052e+03
   &ZPE [&Type "Double"]       9.1821443077101203e-02
   &INNERENERGYU [&Type "Double"]      -1.3502310859816345e+02
   &ENTHALPYH [&Type "Double"]      -1.3502216438912120e+02
   &QEL [&Type "Double"]       0.0000000000000000e+00
   &QROT [&Type "Double"]       1.0614746925431179e-02
   &QVIB [&Type "Double"]       2.4280800149012742e-03
   &QTRANS [&Type "Double"]       1.7743011143149946e-02
   &ENTROPYS [&Type "Double"]       3.0785838083482397e-02
   &FREEENERGYG [&Type "Double"]      -1.3505295022720469e+02
   &ISLINEAR [&Type "Boolean"] false
$End
$Hessian
   &GeometryIndex 1
   &ListStatus       OUT
   &HESSIAN [&Type "ArrayOfDoubles", &Dim (30,30)] "The Hessian"
                                                         0                           1                           2                           3                           4                           5                           6                           7

0                                      5.0770444854153129e-01        -6.8305338950588768e-02        -2.4360956695422716e-03        -1.5065039431127836e-01        -3.3384746860803803e-02        -1.1044323317733938e-02        -4.5452837568643899e-02        -1.8789857669326435e-02
1                                     -6.8305338950588768e-02         5.1357686645106093e-01         2.7827910344299517e-02        -7.0590862437612770e-02        -1.1809837494850237e-01        -2.8680471433663285e-02         1.9014067724381589e-02         6.2018347998749196e-03
2                                     -2.4360956695422716e-03         2.7827910344299517e-02         5.6226945911243387e-01         2.0614848612377966e-02        -7.5182750569419230e-03        -8.1199260400911161e-02         3.4376857206851789e-03         9.0067571932250651e-03
3                                     -1.5065039431127836e-01        -7.0590862437612770e-02         2.0614848612377966e-02         4.4553650362746183e-01         1.5862337192855014e-02         3.5974271851227880e-03        -1.5290239077197157e-01         6.4880413032602682e-02
4                                     -3.3384746860803803e-02        -1.1809837494850237e-01        -7.5182750569419230e-03         1.5862337192855014e-02         3.4898746401749015e-01         1.8383837205513140e-01         3.1559408622108334e-02        -1.1665114507098841e-01
5                                     -1.1044323317733938e-02        -2.8680471433663285e-02        -8.1199260400911161e-02         3.5974271851227880e-03         1.8383837205513140e-01         5.0773057208713090e-01         2.3761514308408428e-02        -3.9997075470119665e-02
6                                     -4.5452837568643899e-02         1.9014067724381589e-02         3.4376857206851789e-03        -1.5290239077197157e-01         3.1559408622108334e-02         2.3761514308408428e-02         5.0917379626955239e-01         7.2147305644206960e-02
7                                     -1.8789857669326435e-02         6.2018347998749196e-03         9.0067571932250651e-03         6.4880413032602682e-02        -1.1665114507098841e-01        -3.9997075470119665e-02         7.2147305644206960e-02         5.1742057870342140e-01
8                                      4.2285448460547288e-03         5.8536050497520597e-03        -1.1238502493938918e-03        -8.3836641908167867e-03        -1.3401079754501357e-02        -8.1360351391061625e-02         1.1046974146070303e-02         1.6387519437951865e-02
9                                     -5.0120106929799429e-02        -7.3525678398050588e-03        -2.1746747995401466e-02        -7.4458896221811094e-03        -1.6024939432652353e-02        -2.7216489093446372e-02         1.9307746733024911e-03        -8.9704409246892753e-04
10                                    -9.5263344085652589e-03        -7.8527733967649310e-02        -8.0998395615532265e-02        -5.7435080520410985e-03        -1.2682220828143995e-02        -2.1191393364625645e-02         1.2926113395770426e-03         3.9033236748439054e-04
11                                    -2.6489636406346193e-02        -8.5415453118649079e-02        -2.6795965572559205e-01        -2.5895051013449036e-03        -2.7911997990118925e-03         2.3915621789647769e-03         7.9039567838263126e-04         3.7744550911317579e-05
12                                    -2.0639794613755966e-01         1.1253579296694793e-01         4.6636548155738193e-02        -2.6014066439596410e-02         1.3960728588423094e-02         8.5496991537040053e-03        -4.1684741378898577e-03        -5.6171897040118782e-03
13                                     1.1961588019314967e-01        -1.3366399979113269e-01        -3.6019324082073520e-02        -1.9823742533009149e-02         1.2911667598183612e-02         7.0254740285514965e-03        -3.1100913020401929e-03        -1.8723568483463582e-03
14                                     4.8403441775827963e-02        -3.3943611904109681e-02        -6.1890903723211786e-02        -1.2693529050931719e-03         5.6766082643366000e-04        -6.6527839080245251e-04        -6.4695803106913034e-04         2.3590513208134370e-04
15                                    -5.1539429029815412e-02         1.8652710886225644e-02        -1.5112646093913280e-02        -9.0763143532085581e-03        -2.7764208378980235e-02         1.8712004226895972e-02         4.9785905735488254e-03        -5.7611114078344079e-03
16                                     2.0113938628928858e-02        -1.7518449444892642e-01         1.1157493235582651e-01        -1.3154999879581540e-02        -2.3680496219906866e-02         1.2558110966858906e-02         3.2328701805032474e-03         1.0616533786631951e-03
17                                    -1.5945766284801148e-02         1.1064817799959284e-01        -1.4844243853124761e-01         4.3084765768986073e-03         2.1858407238419895e-03         5.1099233987518880e-03        -5.6720233221403986e-04        -6.6213154730213313e-04
18                                    -6.4614013041261811e-03        -1.5947138082541893e-02        -3.3207181887264639e-02        -5.6920043623170047e-02        -1.3308435961467240e-02        -2.4701344410894589e-02        -1.6607707414320666e-03         1.7024516110192317e-02
19                                    -8.0968045893993652e-03        -1.4081844987914378e-02        -2.1723386354175887e-02        -8.8799142015405039e-03        -6.8624554663606258e-02        -1.0544434534868070e-01         4.5746675987569253e-03        -1.3724227498992709e-02
20                                     3.0210455626562237e-03         6.2354204924407290e-03        -3.5696877020155579e-03        -2.4254150907815741e-02        -1.5801885814809857e-01        -3.5746901887923893e-01        -3.4881652476579823e-03         3.3897186017018480e-03
21                                    -3.8386718155202400e-03         5.5026802757131704e-03         2.2224682769383147e-03        -2.6731533484448421e-02        -1.4371710426817005e-02        -3.9402352860836024e-03        -2.1430782333602527e-01        -1.1930969633894062e-01
22                                     2.9828512466252063e-03        -1.6984980945858555e-03        -9.3712000077612846e-04         2.0039730280196330e-02         1.3109422860291197e-02         3.2724880477999060e-03        -1.2661323351977599e-01        -1.3918928645871248e-01
23                                     1.3220640613045371e-03        -6.7963374687266952e-04        -8.8301728866823715e-05         5.6194028931784400e-03         3.0269045494427196e-03        -1.5549990555277591e-04        -1.8892225313453165e-02        -1.3142339643056042e-02
24                                     2.1651037689274090e-03         9.0701521426377898e-04         2.1121426173958818e-03        -2.3029864818709641e-03         1.5712019931371366e-02         2.8388630983217051e-02        -4.8298863028609376e-02        -7.4231501599665147e-03
25                                    -1.1935326186993224e-03         4.0124342864830166e-04         6.0319799868914850e-04         2.0710332142725510e-03        -1.2447740034391945e-02        -2.1291992766754128e-02        -4.4374299753667783e-03        -8.0615033485287674e-02
26                                    -9.7921521573888040e-04        -1.4806304827021978e-04         6.9927026839821521e-04         3.4563839172491381e-03        -5.3889914469439359e-03        -3.0069264190101287e-03        -1.1333923726027836e-02        -8.7751578340228190e-02
27                                     4.5912347862845744e-03         5.6680060892865284e-03        -2.5706027088931082e-03        -1.3492884539736483e-02         2.7727501063847963e-02        -1.6037266646451422e-02        -4.9292001931831725e-02         3.7206886401716880e-03
28                                    -3.5004208175909513e-03         1.0750015591268452e-03        -1.8826037091150686e-03         1.5371559045973345e-02        -2.2824022710425142e-02         9.9337183689777297e-03         2.3649496330239816e-03        -1.7302234988711623e-01
29                                    -3.0478379801787465e-05        -1.6315737079456508e-03         1.3053686804069221e-03        -1.1694831824946572e-03        -2.5232590328280744e-03         8.6242777217294137e-03        -4.1861042284700913e-03         1.1249902704772489e-01
                                                         8                           9                          10                          11                          12                          13                          14                          15

0                                      4.2285448460547288e-03        -5.0120106929799429e-02        -9.5263344085652589e-03        -2.6489636406346193e-02        -2.0639794613755966e-01         1.1961588019314967e-01         4.8403441775827963e-02        -5.1539429029815412e-02
1                                      5.8536050497520597e-03        -7.3525678398050588e-03        -7.8527733967649310e-02        -8.5415453118649079e-02         1.1253579296694793e-01        -1.3366399979113269e-01        -3.3943611904109681e-02         1.8652710886225644e-02
2                                     -1.1238502493938918e-03        -2.1746747995401466e-02        -8.0998395615532265e-02        -2.6795965572559205e-01         4.6636548155738193e-02        -3.6019324082073520e-02        -6.1890903723211786e-02        -1.5112646093913280e-02
3                                     -8.3836641908167867e-03        -7.4458896221811094e-03        -5.7435080520410985e-03        -2.5895051013449036e-03        -2.6014066439596410e-02        -1.9823742533009149e-02        -1.2693529050931719e-03        -9.0763143532085581e-03
4                                     -1.3401079754501357e-02        -1.6024939432652353e-02        -1.2682220828143995e-02        -2.7911997990118925e-03         1.3960728588423094e-02         1.2911667598183612e-02         5.6766082643366000e-04        -2.7764208378980235e-02
5                                     -8.1360351391061625e-02        -2.7216489093446372e-02        -2.1191393364625645e-02         2.3915621789647769e-03         8.5496991537040053e-03         7.0254740285514965e-03        -6.6527839080245251e-04         1.8712004226895972e-02
6                                      1.1046974146070303e-02         1.9307746733024911e-03         1.2926113395770426e-03         7.9039567838263126e-04        -4.1684741378898577e-03        -3.1100913020401929e-03        -6.4695803106913034e-04         4.9785905735488254e-03
7                                      1.6387519437951865e-02        -8.9704409246892753e-04         3.9033236748439054e-04         3.7744550911317579e-05        -5.6171897040118782e-03        -1.8723568483463582e-03         2.3590513208134370e-04        -5.7611114078344079e-03
8                                      5.5947754358727086e-01        -2.3231606757439108e-03         3.5816011977196399e-04         9.4659724764717835e-04        -1.3839982808666069e-03        -4.4111074312389443e-04         3.8820840527157619e-04         2.0021255556684275e-03
9                                     -2.3231606757439108e-03         5.7173530684747363e-02         1.8603314013863413e-02         3.1326325978824281e-02         4.2683271858122828e-03         8.2082242992793791e-03         2.3859471756151950e-02        -7.0118987559185560e-05
10                                     3.5816011977196399e-04         1.8603314013863413e-02         8.8630469492236214e-02         9.4603040600244992e-02        -2.4694968386167020e-03        -6.2498248487181749e-03        -1.6324273023682702e-02         2.9542413029471949e-03
11                                     9.4659724764717835e-04         3.1326325978824281e-02         9.4603040600244992e-02         2.8741816077022153e-01        -9.4332696624345111e-04        -7.2907330887982125e-04        -5.4154179342418927e-03        -1.2163294735916892e-03
12                                    -1.3839982808666069e-03         4.2683271858122828e-03        -2.4694968386167020e-03        -9.4332696624345111e-04         2.3430951280599588e-01        -1.2210920206021009e-01        -5.3123206164155237e-02        -1.2215324056022844e-03
13                                    -4.4111074312389443e-04         8.2082242992793791e-03        -6.2498248487181749e-03        -7.2907330887982125e-04        -1.2210920206021009e-01         1.3950494567338262e-01         3.6920206037729102e-02         1.7858539372388856e-02
14                                     3.8820840527157619e-04         2.3859471756151950e-02        -1.6324273023682702e-02        -5.4154179342418927e-03        -5.3123206164155237e-02         3.6920206037729102e-02         6.1142704474300841e-02        -1.7107511791713298e-02
15                                     2.0021255556684275e-03        -7.0118987559185560e-05         2.9542413029471949e-03        -1.2163294735916892e-03        -1.2215324056022844e-03         1.7858539372388856e-02        -1.7107511791713298e-02         5.5518783898544283e-02
16                                    -2.4508162255031910e-03        -1.7226471743612970e-04         8.9314664589064952e-03        -7.2660680438326603e-03         2.1515409110722250e-03        -1.2650230605976216e-02         1.2432426396570455e-02        -9.6675433629622165e-03
17                                     9.8577883669992601e-04        -3.9722790710371384e-03         2.3076856219736375e-02        -1.9230435235242010e-02         5.2545880543539494e-04        -6.7794350065559714e-03         5.0576093852329456e-03         1.3684186681698889e-02
18                                     3.3245083095367320e-02        -5.6994019150213137e-03        -4.4888983204729657e-03         9.9858504709965205e-05         2.5977984704439201e-04         8.5112979120131795e-04        -2.4227845720753015e-04         8.0233817220765578e-04
19                                    -2.2278990926434310e-02        -3.0891164041728790e-03        -1.0300260954134357e-03         1.0237765752725532e-03         6.4655101752114294e-04         9.9644045156158188e-04         3.6465001124241401e-04         9.3640822419273221e-04
20                                    -8.7144440891387745e-03        -1.1819256765134151e-03        -1.1795967518496040e-04         2.0774790958610644e-03        -6.1252944366671329e-04        -4.8729927970094823e-05         2.3944766953086548e-04         1.0652828469306316e-03
21                                    -1.7158391676138102e-02         3.3513370702018176e-04         1.0909667304345315e-04        -1.1493968811670478e-04        -1.6458899072669111e-03        -1.1488934442217542e-03        -5.3921720098697862e-06         2.3345058413695708e-04
22                                    -1.3890888838311147e-02         6.6210949099476749e-05        -8.4098318695513671e-05         3.0263903161686532e-04         1.1000535081374819e-03         8.5415448802679908e-04        -1.0833175786269819e-04         3.4636724341543981e-04
23                                    -4.9506092066651193e-02         2.3851954391467870e-04         1.9619959239015154e-04         3.6819157696811941e-04         3.8597119062964486e-04         7.7892035658404078e-05         5.9718241962111566e-04        -3.3438321328649019e-04
24                                    -1.6123776330557203e-02        -4.8868266949081201e-05        -3.7683942508782173e-04        -8.7214061892377354e-04         3.2693692975674133e-04        -8.7340675502399121e-06        -2.2898980434260134e-04        -3.6275726787452243e-04
25                                    -8.3866390306358451e-02         4.0689270928078992e-04         5.6067437014238738e-04         9.3757104762228274e-05        -6.7516262262832865e-05        -8.5149124843170599e-05         2.1465440147733900e-04         3.5359258103087246e-04
26                                    -2.6809703952475439e-01         8.5554266402550823e-04         1.7663532873436055e-04        -4.9920715831524437e-05         1.1096043843608974e-04         3.2072198038669364e-04         3.8217352195713526e-04        -8.3045827337514377e-05
27                                    -5.0717274636924645e-03        -3.2338052937219989e-04        -3.4519827538925221e-04         4.7655654566631763e-05         2.8335225930585213e-04        -4.0542006407028313e-04         3.3042706407561667e-04         7.3698881562224558e-04
28                                     1.1372644522386616e-01         2.4230250575428981e-04         6.0961369850938939e-05         1.8267753090902075e-04        -5.8952311917890091e-05         2.5435300786200458e-04        -3.6050237284962245e-04         2.0448588090406232e-03
29                                    -1.5299635075588969e-01         1.2238500730909390e-04         1.7928869480421166e-04        -5.4656125875520746e-04        -1.1522815947602070e-04        -3.2540476075199314e-04         1.6427417234165034e-04        -1.5758297765312256e-03
                                                        16                          17                          18                          19                          20                          21                          22                          23

0                                      2.0113938628928858e-02        -1.5945766284801148e-02        -6.4614013041261811e-03        -8.0968045893993652e-03         3.0210455626562237e-03        -3.8386718155202400e-03         2.9828512466252063e-03         1.3220640613045371e-03
1                                     -1.7518449444892642e-01         1.1064817799959284e-01        -1.5947138082541893e-02        -1.4081844987914378e-02         6.2354204924407290e-03         5.5026802757131704e-03        -1.6984980945858555e-03        -6.7963374687266952e-04
2                                      1.1157493235582651e-01        -1.4844243853124761e-01        -3.3207181887264639e-02        -2.1723386354175887e-02        -3.5696877020155579e-03         2.2224682769383147e-03        -9.3712000077612846e-04        -8.8301728866823715e-05
3                                     -1.3154999879581540e-02         4.3084765768986073e-03        -5.6920043623170047e-02        -8.8799142015405039e-03        -2.4254150907815741e-02        -2.6731533484448421e-02         2.0039730280196330e-02         5.6194028931784400e-03
4                                     -2.3680496219906866e-02         2.1858407238419895e-03        -1.3308435961467240e-02        -6.8624554663606258e-02        -1.5801885814809857e-01        -1.4371710426817005e-02         1.3109422860291197e-02         3.0269045494427196e-03
5                                      1.2558110966858906e-02         5.1099233987518880e-03        -2.4701344410894589e-02        -1.0544434534868070e-01        -3.5746901887923893e-01        -3.9402352860836024e-03         3.2724880477999060e-03        -1.5549990555277591e-04
6                                      3.2328701805032474e-03        -5.6720233221403986e-04        -1.6607707414320666e-03         4.5746675987569253e-03        -3.4881652476579823e-03        -2.1430782333602527e-01        -1.2661323351977599e-01        -1.8892225313453165e-02
7                                      1.0616533786631951e-03        -6.6213154730213313e-04         1.7024516110192317e-02        -1.3724227498992709e-02         3.3897186017018480e-03        -1.1930969633894062e-01        -1.3918928645871248e-01        -1.3142339643056042e-02
8                                     -2.4508162255031910e-03         9.8577883669992601e-04         3.3245083095367320e-02        -2.2278990926434310e-02        -8.7144440891387745e-03        -1.7158391676138102e-02        -1.3890888838311147e-02        -4.9506092066651193e-02
9                                     -1.7226471743612970e-04        -3.9722790710371384e-03        -5.6994019150213137e-03        -3.0891164041728790e-03        -1.1819256765134151e-03         3.3513370702018176e-04         6.6210949099476749e-05         2.3851954391467870e-04
10                                     8.9314664589064952e-03         2.3076856219736375e-02        -4.4888983204729657e-03        -1.0300260954134357e-03        -1.1795967518496040e-04         1.0909667304345315e-04        -8.4098318695513671e-05         1.9619959239015154e-04
11                                    -7.2660680438326603e-03        -1.9230435235242010e-02         9.9858504709965205e-05         1.0237765752725532e-03         2.0774790958610644e-03        -1.1493968811670478e-04         3.0263903161686532e-04         3.6819157696811941e-04
12                                     2.1515409110722250e-03         5.2545880543539494e-04         2.5977984704439201e-04         6.4655101752114294e-04        -6.1252944366671329e-04        -1.6458899072669111e-03         1.1000535081374819e-03         3.8597119062964486e-04
13                                    -1.2650230605976216e-02        -6.7794350065559714e-03         8.5112979120131795e-04         9.9644045156158188e-04        -4.8729927970094823e-05        -1.1488934442217542e-03         8.5415448802679908e-04         7.7892035658404078e-05
14                                     1.2432426396570455e-02         5.0576093852329456e-03        -2.4227845720753015e-04         3.6465001124241401e-04         2.3944766953086548e-04        -5.3921720098697862e-06        -1.0833175786269819e-04         5.9718241962111566e-04
