*************************************************
******************* ORCA 6.0.0 ******************
*************************************************
$Calculation_Status
   &GeometryIndex 1
   &ListStatus       OUT
   &VERSION [&Type "String"] "6.0.0"
   &PROGNAME [&Type "String"] "LeanSCF"
   &STATUS [&Type "String"] "NORMAL TERMINATION"
$End
$Geometry
   &GeometryIndex 1
   &ListStatus       OUT
   &NATOMS [&Type "Integer"] 10
   &NCORELESSECP [&Type "Integer"] 0
   &NGHOSTATOMS [&Type "Integer"] 0
   &CartesianCoordinates [&Type "Coordinates", &Dim(10,4), &Units "Bohr"] 
              C     -2.286294568292    0.472429542654    0.034351562227
              N     -0.000000647987   -1.058939832273   -0.201419103900
              C      2.286298491930    0.472422761750    0.034342458471
              H     -3.957730387951   -0.743645444149   -0.044132852537
              H     -2.393338053936    1.788614078714   -1.562011832209
              H     -2.374773341689    1.604309518030    1.789812854833
              H      0.000000202390   -2.390409161354    1.176261290428
              H      2.374799433326    1.604282724359    1.789815476450
              H      2.393324882923    1.788625302176   -1.562007015297
              H      3.957731655201   -0.743653762346   -0.044175620063
$End
$SCF_Energy
   &GeometryIndex 1
   &ListStatus       OUT
   &SCF_ENERGY [&Type "Double"]      -1.3512837251706571e+02
$End
$DFT_Energy
   &GeometryIndex 1
   &ListStatus       OUT
   &NALPHAEL [&Type "Integer"] 13
   &NBETAEL [&Type "Integer"] 13
   &NTOTALEL [&Type "Integer"] 26
   &EEXCHANGE [&Type "Double"]      -1.9510560108583203e+01
   &ECORR [&Type "Double"]      -7.9529762627953327e-01
   &ECNL [&Type "Double"]       0.0000000000000000e+00
   &EXC [&Type "Double"]      -2.0305857734862737e+01
   &EEMBED [&Type "Double"]       0.0000000000000000e+00
   &FINALEN [&Type "Double"]      -1.3512837251706571e+02  "No Van der Waals correction"
$End
$Mulliken_Population_Analysis
   &GeometryIndex 1
   &ListStatus       OUT
   &NATOMS [&Type "Integer"] 10
   &ATNO [&Type "ArrayOfIntegers", &Dim (10,1)] 
                                                         0

0                                                        6
1                                                        7
2                                                        6
3                                                        1
4                                                        1
5                                                        1
6                                                        1
7                                                        1
8                                                        1
9                                                        1
   &ATOMICCHARGES [&Type "ArrayOfDoubles", &Dim (10,1)] 
                                                         0

0                                     -2.1241342215722625e-01
1                                     -3.4075417043736422e-01
2                                     -2.1241392362284639e-01
3                                      1.0938385525150385e-01
4                                      1.0245602876519300e-01
5                                      7.7597945220301501e-02
6                                      1.8670549967841121e-01
7                                      7.7598283047828787e-02
8                                      1.0245598112640608e-01
9                                      1.0938392312785172e-01
$End
$Loewdin_Population_Analysis
   &GeometryIndex 1
   &ListStatus       OUT
   &NATOMS [&Type "Integer"] 10
   &ATNO [&Type "ArrayOfIntegers", &Dim (10,1)] 
                                                         0

0                                                        6
1                                                        7
2                                                        6
3                                                        1
4                                                        1
5                                                        1
6                                                        1
7                                                        1
8                                                        1
9                                                        1
   &ATOMICCHARGES [&Type "ArrayOfDoubles", &Dim (10,1)] 
                                                         0

0                                     -3.5261446048017220e-01
1                                     -8.1863232281185638e-02
2                                     -3.5261449199114026e-01
3                                      1.1053883044063417e-01
4                                      1.1132215670033851e-01
5                                      9.1999612196510205e-02
6                                      1.5937091293636074e-01
7                                      9.1999612550608512e-02
8                                      1.1132224607459573e-01
9                                      1.1053881385351660e-01
$End
$Mayer_Population_Analysis
   &GeometryIndex 1
   &ListStatus       OUT
   &NATOMS [&Type "Integer"] 10 "Total number of atoms"
   &BONDTHRESH [&Type "Double"]       1.0000000000000001e-01  "The threshold for printing"
   &NBONDORDERSPRINT [&Type "Integer"] 9 "The number of bond orders larger than threshold"
   &BONDORDERS [&Type "ArrayOfDoubles", &Dim (9,1)] "The bond orders"
                                                         0

0                                      9.9029703240656664e-01
1                                      9.7650162228413628e-01
2                                      9.7518566116715777e-01
3                                      9.6216409537594250e-01
4                                      9.9029720385784537e-01
5                                      9.3379664625644010e-01
6                                      9.6216432196150392e-01
7                                      9.7518559541746697e-01
8                                      9.7650157572284568e-01
   &COMPONENTS [&Type "ArrayOfIntegers", &Dim (9,4)] "The indices and atomic numbers of the bonding atoms"
                                                         0                           1                           2                           3

0                                                        0                           6                           1                           7
1                                                        0                           6                           3                           1
2                                                        0                           6                           4                           1
3                                                        0                           6                           5                           1
4                                                        1                           7                           2                           6
5                                                        1                           7                           6                           1
6                                                        2                           6                           7                           1
7                                                        2                           6                           8                           1
8                                                        2                           6                           9                           1
   &ATNO [&Type "ArrayOfIntegers", &Dim (10,1)] "Atomic number of the elements"
                                                         0

0                                                        6
1                                                        7
2                                                        6
3                                                        1
4                                                        1
5                                                        1
6                                                        1
7                                                        1
8                                                        1
9                                                        1
   &NA [&Type "ArrayOfDoubles", &Dim (10,1)] "Mulliken gross atomic population"
                                                         0

0                                      6.2124134221572271e+00
1                                      7.3407541704373642e+00
2                                      6.2124139236228375e+00
3                                      8.9061614474849526e-01
4                                      8.9754397123480578e-01
5                                      9.2240205477969794e-01
6                                      8.1329450032158834e-01
7                                      9.2240171695217077e-01
8                                      8.9754401887359392e-01
9                                      8.9061607687214783e-01
   &ZA [&Type "ArrayOfDoubles", &Dim (10,1)] "Total nuclear charge"
                                                         0

0                                      6.0000000000000000e+00
1                                      7.0000000000000000e+00
2                                      6.0000000000000000e+00
3                                      1.0000000000000000e+00
4                                      1.0000000000000000e+00
5                                      1.0000000000000000e+00
6                                      1.0000000000000000e+00
7                                      1.0000000000000000e+00
8                                      1.0000000000000000e+00
9                                      1.0000000000000000e+00
   &QA [&Type "ArrayOfDoubles", &Dim (10,1)] "Mulliken gross atomic charge"
                                                         0

0                                     -2.1241342215722714e-01
1                                     -3.4075417043736422e-01
2                                     -2.1241392362283751e-01
3                                      1.0938385525150474e-01
4                                      1.0245602876519422e-01
5                                      7.7597945220302056e-02
6                                      1.8670549967841166e-01
7                                      7.7598283047829231e-02
8                                      1.0245598112640608e-01
9                                      1.0938392312785217e-01
   &VA [&Type "ArrayOfDoubles", &Dim (10,1)] "Mayer's total valence"
                                                         0

0                                      3.9213418724871496e+00
1                                      2.9109743976253815e+00
2                                      3.9213423274176202e+00
3                                      9.7882326108471684e-01
4                                      9.7447303455646839e-01
5                                      9.6990141147021891e-01
6                                      9.5448162397601188e-01
7                                      9.6990138852481855e-01
8                                      9.7447303460104684e-01
9                                      9.7882322050653259e-01
   &BVA [&Type "ArrayOfDoubles", &Dim (10,1)] "Mayer's bonded valence"
                                                         0

0                                      3.9213418724871434e+00
1                                      2.9109743976253726e+00
2                                      3.9213423274175883e+00
3                                      9.7882326108471451e-01
4                                      9.7447303455647361e-01
5                                      9.6990141147021258e-01
6                                      9.5448162397600955e-01
7                                      9.6990138852480312e-01
8                                      9.7447303460104717e-01
9                                      9.7882322050652315e-01
   &FA [&Type "ArrayOfDoubles", &Dim (10,1)] "Mayer's free valence"
                                                         0

0                                      0.0000000000000000e+00
1                                      0.0000000000000000e+00
2                                      0.0000000000000000e+00
3                                      0.0000000000000000e+00
4                                      0.0000000000000000e+00
5                                      0.0000000000000000e+00
6                                      0.0000000000000000e+00
7                                      0.0000000000000000e+00
8                                      0.0000000000000000e+00
9                                      0.0000000000000000e+00
$End
$VdW_Correction
   &GeometryIndex 1
   &ListStatus       OUT
   &VDW [&Type "Double"]      -1.4893399113852139e-03
$End
$Calculation_Info
   &GeometryIndex 1
   &ListStatus       OUT
   &MULT [&Type "Integer"] 1
   &CHARGE [&Type "Integer"] 0
   &NUMOFATOMS [&Type "Integer"] 10
   &NUMOFELECTRONS [&Type "Integer"] 26
   &NUMOFFCELECTRONS [&Type "Integer"] 1
   &NUMOFCORRELECTRONS [&Type "Integer"] 0
   &NUMOFBASISFUNCTS [&Type "Integer"] 135
   &NUMOFAUXCBASISFUNCTS [&Type "Integer"] 0
   &NUMOFAUXJBASISFUNCTS [&Type "Integer"] 167
   &NUMOFAUXJKBASISFUNCTS [&Type "Integer"] 0
   &NUMOFCABSBASISFUNCTS [&Type "Integer"] 0
   &TOTALENERGY [&Type "Double"]      -1.3511986225407711e+02  "Hartrees"
$End
$SCF_Dipole_Moment
   &GeometryIndex 1
   &ListStatus       OUT
   &METHOD [&Type "String"] "SCF"
   &LEVEL [&Type "String"] "Relaxed density"
   &MULT [&Type "Integer"] 1
   &STATE [&Type "Integer"] -1
   &IRREP [&Type "Integer"] 0
   &NATOMS [&Type "Integer"] 10
   &DODIPOLEATOM [&Type "Boolean"] false
   &DIPOLEELECCONTRIB [&Type "ArrayOfDoubles", &Dim (3,1)] "Electronic contribution"
                                                         0

0                                     -2.3799875884058554e-06
1                                     -1.3960254062759323e+00
2                                     -4.1797353354199973e-01
   &DIPOLENUCCONTRIB [&Type "ArrayOfDoubles", &Dim (3,1)] "Nuclear contribution"
                                                         0

0                                      3.0878309202897469e-06
1                                      1.4833137951563957e+00
2                                      7.9969866163627645e-01
   &DIPOLETOTAL [&Type "ArrayOfDoubles", &Dim (3,1)] "Total"
                                                         0

0                                      7.0784333188389156e-07
1                                      8.7288388880463419e-02
2                                      3.8172512809427672e-01
   &DIPOLEMAGNITUDE [&Type "Double", &Units "a.u."]       3.9157800787638730e-01
$End
$THERMOCHEMISTRY_Energies
   &GeometryIndex 1
   &ListStatus       OUT
   &TEMPERATURE [&Type "Double"]       2.9814999999999998e+02
   &PRESSURE [&Type "Double"]       1.0000000000000000e+00
   &TOTALMASS [&Type "Double"]       4.5085000000000001e+01
   &SPINDEGENERACY [&Type "Integer"] 1
   &ELENERGY [&Type "Double"]      -1.3511986225407711e+02
   &TRANSENERGY [&Type "Double"]       1.4162714244859817e-03
   &ROTENERGY [&Type "Double"]       1.4162714244859817e-03
   &VIBENERGY [&Type "Double"]       1.5322010478880865e-03
   &NUMOFFREQS [&Type "Integer"] 30
   &FREQSCALINGFACTOR [&Type "Double"]       1.0000000000000000e+00
   &FREQ [&Type "ArrayOfDoubles", &Dim (30,1)] "In cm^-1"
                                                         0

0                                      0.0000000000000000e+00
1                                      0.0000000000000000e+00
2                                      0.0000000000000000e+00
3                                      0.0000000000000000e+00
4                                      0.0000000000000000e+00
5                                      0.0000000000000000e+00
6                                      2.4251464438306516e+02
7                                      2.8196088290320967e+02
8                                      3.9358889107540000e+02
9                                      7.8768395988619477e+02
10                                     9.3812891724070016e+02
11                                     1.0313430587644127e+03
12                                     1.0942178280820046e+03
13                                     1.1422661956920001e+03
14                                     1.1874880014231037e+03
15                                     1.2680335794310888e+03
16                                     1.4329908733250015e+03
17                                     1.4605433332930504e+03
18                                     1.4664407682405458e+03
19                                     1.4800575067782720e+03
20                                     1.4889817038264803e+03
21                                     1.5095625544852783e+03
22                                     1.5120640649917714e+03
23                                     2.9050915430386881e+03
24                                     2.9092111180230022e+03
25                                     3.0283694184404276e+03
26                                     3.0302862454941351e+03
27                                     3.0808651776204806e+03
28                                     3.0812780549712384e+03
29                                     3.5060122573470812e+03
   &ZPE [&Type "Double"]       9.1716706352700517e-02
   &INNERENERGYU [&Type "Double"]      -1.3502378080382752e+02
   &ENTHALPYH [&Type "Double"]      -1.3502283659478528e+02
   &QEL [&Type "Double"]       0.0000000000000000e+00
   &QROT [&Type "Double"]       1.0612228080208751e-02
   &QVIB [&Type "Double"]       2.3789939213993338e-03
   &QTRANS [&Type "Double"]       1.7743011143149946e-02
   &ENTROPYS [&Type "Double"]       3.0734233144758032e-02
   &FREEENERGYG [&Type "Double"]      -1.3505357082793003e+02
   &ISLINEAR [&Type "Boolean"] false
$End
$Hessian
   &GeometryIndex 1
   &ListStatus       OUT
   &HESSIAN [&Type "ArrayOfDoubles", &Dim (30,30)] "The Hessian"
                                                         0                           1                           2                           3                           4                           5                           6                           7

0                                      5.0966785498068268e-01         6.4937035063623222e-02         1.1893921032843190e-02        -1.6224746448914817e-01         4.1364726625600222e-02        -6.6836866240687232e-03        -4.3967992968389213e-02         1.7625744783544752e-02
1                                      6.4937035063623222e-02         5.3578419939673994e-01        -2.9142283818095652e-02         6.2396609013623316e-02        -1.3040640227796529e-01         2.0390714042010653e-02        -1.7625600933243741e-02         1.0289311046281443e-02
2                                      1.1893921032843190e-02        -2.9142283818095652e-02         5.3712938362713147e-01         3.2816343160905766e-02        -2.2269339627170801e-03        -6.8835255499913289e-02        -6.5814940575333299e-03        -3.8740631678059198e-03
3                                     -1.6224746448914817e-01         6.2396609013623316e-02         3.2816343160905766e-02         4.7118513671098455e-01        -4.2918918314455157e-07        -3.3055948062653273e-07        -1.6224800943082096e-01        -6.2396494257706436e-02
4                                      4.1364726625600222e-02        -1.3040640227796529e-01        -2.2269339627170801e-03        -4.2918918314455157e-07         5.0960535935923723e-01        -2.1066701835813784e-01        -4.1364520914663097e-02        -1.3040606982667757e-01
5                                     -6.6836866240687232e-03         2.0390714042010653e-02        -6.8835255499913289e-02        -3.3055948062653273e-07        -2.1066701835813784e-01         3.5182255246703004e-01         6.6839320852612842e-03         2.0390821118731049e-02
6                                     -4.3967992968389213e-02        -1.7625600933243741e-02        -6.5814940575333299e-03        -1.6224800943082096e-01        -4.1364520914663097e-02         6.6839320852612842e-03         5.0966746950861397e-01        -6.4937098422607448e-02
7                                      1.7625744783544752e-02         1.0289311046281443e-02        -3.8740631678059198e-03        -6.2396494257706436e-02        -1.3040606982667757e-01         2.0390821118731049e-02        -6.4937098422607448e-02         5.3578482689559026e-01
8                                      6.5818356372028333e-03        -3.8740767478733134e-03        -4.7113679201101401e-03        -3.2816176987641957e-02        -2.2267002270905910e-03        -6.8835182649659044e-02        -1.1894119406468489e-02        -2.9141813417082003e-02
9                                     -2.0640200576584533e-01        -1.2103477481912726e-01        -7.8969019121791842e-03        -2.7563784683821008e-02        -1.6288648766602472e-02         1.5515633725770341e-03        -3.8389885001471752e-03         5.8330559752916289e-03
10                                    -1.2901507555935970e-01        -1.4707765110851090e-01        -5.9402736567753999e-03         1.9939016488513709e-02         1.3785951355116698e-02        -3.7496317459679261e-04         3.1232885162036511e-03        -1.7279680548293866e-03
11                                    -8.5700994682178840e-03        -7.3886941672283539e-03        -4.7843993393088050e-02         2.2840152026531732e-03         2.4794541288071280e-03        -9.2757588845760949e-04         3.1775720120032344e-06        -2.6615471444513760e-04
12                                    -4.7488664088460045e-02        -5.9951598875141506e-04        -1.2134479664777588e-03        -5.3192532790622086e-03         2.4910884358752692e-02        -2.2030879959453985e-02         2.0886515533123998e-03         1.5200586872915153e-03
13                                     3.4154065097627036e-03        -1.4287458206524450e-01         1.2035991144599958e-01         5.2338048140377208e-03        -1.9464207489687933e-02         1.4953740757809388e-02        -1.4532465050356201e-03         5.2397907997351473e-04
14                                    -4.9950453110653870e-03         1.2463893904589879e-01        -2.0378024369615982e-01        -2.1291149419398504e-03        -1.0400459701762604e-03         5.9749590385827986e-03         5.1538080830287197e-04        -3.6821951414378086e-05
15                                    -4.9994809646088031e-02        -2.3253632163318864e-03        -1.7691855151943244e-03        -1.2017332554868032e-02         2.1794133687422983e-02         2.5432060321881111e-02         5.2271666395464584e-03         4.5178814411650225e-03
16                                    -3.6401788198642377e-03        -1.0741641693225004e-01        -9.7065430351528384e-02         1.3239141953298870e-02        -1.6624232525303616e-02        -1.8219862619369975e-02        -3.0491723178236339e-03         7.3072569904112706e-05
17                                    -3.6960941035813978e-03        -9.5840227277398118e-02        -2.1306576233915558e-01         7.7176524554575590e-03        -7.0249801672521810e-03         2.2397145101469580e-03        -1.1434176068643694e-03         6.5368499978846108e-04
18                                    -3.0437276144803719e-03         2.6107324424070363e-02        -2.5772658054018863e-02        -5.6888600209379865e-02         2.2966633722584163e-07        -3.5440136539570941e-08        -3.0436604318314496e-03        -2.6107463754777023e-02
19                                     3.9485587358567519e-03        -1.7167586166746567e-02         1.6500662211248688e-02         1.8369303755397898e-07        -2.0418817087895347e-01         1.7714786062994481e-01        -3.9485653062646155e-03        -1.7167566286135850e-02
20                                     4.8644373922064436e-03        -9.1905531351601719e-03        -2.0103959428712940e-03         2.5325258560636847e-08         2.2631129240711231e-01        -2.2872631949469613e-01        -4.8644899769048275e-03        -9.1904553386875504e-03
21                                     5.2271478261808569e-03        -4.5179432679246191e-03        -3.6505107489694872e-03        -1.2017794294768369e-02        -2.1793920065755465e-02        -2.5432249455925163e-02        -4.9994747650143778e-02         2.3241420052600077e-03
22                                     3.0491422426123954e-03         7.3055940258459672e-05         1.9356121839570338e-03        -1.3239332132832755e-02        -1.6623998061631472e-02        -1.8219841913577301e-02         3.6389704506710643e-03        -1.0741415813881108e-01
23                                     1.1434141653499121e-03         6.5370801365697249e-04         2.1153988102612462e-03        -7.7176140444104140e-03        -7.0249140240458497e-03         2.2398691184530375e-03         3.6940599970863006e-03        -9.5839082002007997e-02
24                                     2.0886754206254298e-03        -1.5200430765705143e-03         1.9255438812601498e-03        -5.3190114158876032e-03        -2.4911119888780406e-02         2.2030873239620517e-02        -4.7488592518082101e-02         6.0077974544841487e-04
25                                     1.4532507813638869e-03         5.2400156980735415e-04        -6.4653094966001792e-04        -5.2335879292610930e-03        -1.9464217016304863e-02         1.4953639872567976e-02        -3.4143100745555773e-03        -1.4287757734851184e-01
26                                    -5.1538376516300946e-04        -3.6808289730157553e-05         6.7536410471718471e-04         2.1291795123207606e-03        -1.0400164425594556e-03         5.9747073266029245e-03         4.9933805787238557e-03         1.2463972970075632e-01
27                                    -3.8390136550778067e-03        -5.8330480778529138e-03         2.2830163554408883e-04        -2.7563886353228366e-02         1.6288663975171640e-02        -1.5512458339028319e-03        -2.0640129620205805e-01         1.2103471487001558e-01
28                                    -3.1232894846545661e-03        -1.7279294023698794e-03         1.5474537453767612e-04        -1.9938911941827918e-02         1.3785987362170335e-02        -3.7464225327191528e-04         1.2901493443439302e-01        -1.4707784993678369e-01
29                                    -3.2104116862257098e-06        -2.6613297524118098e-04         3.2687224918833118e-04        -2.2839802694950492e-03         2.4794145139497592e-03        -9.2746892808967790e-04         8.5735120600419282e-03        -7.3912692101148203e-03
                                                         8                           9                          10                          11                          12                          13                          14                          15

0                                      6.5818356372028333e-03        -2.0640200576584533e-01        -1.2901507555935970e-01        -8.5700994682178840e-03        -4.7488664088460045e-02         3.4154065097627036e-03        -4.9950453110653870e-03        -4.9994809646088031e-02
1                                     -3.8740767478733134e-03        -1.2103477481912726e-01        -1.4707765110851090e-01        -7.3886941672283539e-03        -5.9951598875141506e-04        -1.4287458206524450e-01         1.2463893904589879e-01        -2.3253632163318864e-03
2                                     -4.7113679201101401e-03        -7.8969019121791842e-03        -5.9402736567753999e-03        -4.7843993393088050e-02        -1.2134479664777588e-03         1.2035991144599958e-01        -2.0378024369615982e-01        -1.7691855151943244e-03
3                                     -3.2816176987641957e-02        -2.7563784683821008e-02         1.9939016488513709e-02         2.2840152026531732e-03        -5.3192532790622086e-03         5.2338048140377208e-03        -2.1291149419398504e-03        -1.2017332554868032e-02
4                                     -2.2267002270905910e-03        -1.6288648766602472e-02         1.3785951355116698e-02         2.4794541288071280e-03         2.4910884358752692e-02        -1.9464207489687933e-02        -1.0400459701762604e-03         2.1794133687422983e-02
5                                     -6.8835182649659044e-02         1.5515633725770341e-03        -3.7496317459679261e-04        -9.2757588845760949e-04        -2.2030879959453985e-02         1.4953740757809388e-02         5.9749590385827986e-03         2.5432060321881111e-02
6                                     -1.1894119406468489e-02        -3.8389885001471752e-03         3.1232885162036511e-03         3.1775720120032344e-06         2.0886515533123998e-03        -1.4532465050356201e-03         5.1538080830287197e-04         5.2271666395464584e-03
7                                     -2.9141813417082003e-02         5.8330559752916289e-03        -1.7279680548293866e-03        -2.6615471444513760e-04         1.5200586872915153e-03         5.2397907997351473e-04        -3.6821951414378086e-05         4.5178814411650225e-03
8                                      5.3712938433188651e-01        -2.2818406183619739e-04         1.5470721388082399e-04         3.2686698624473788e-04        -1.9255449996948787e-03        -6.4650824280833622e-04         6.7534320257571869e-04         3.6504990593781862e-03
9                                     -2.2818406183619739e-04         2.3518352609363932e-01         1.3201189980037181e-01         7.5284241378623367e-03         2.0804711428792609e-03         1.0820369047899667e-03         1.8070075521376197e-04         1.2113259836275762e-03
10                                     1.5470721388082399e-04         1.3201189980037181e-01         1.5340798845756598e-01         7.8235389010870883e-03        -1.4875620215161697e-02        -1.1075219319649117e-02        -2.7221872764049831e-03        -1.1832309205741555e-02
11                                     3.2686698624473788e-04         7.5284241378623367e-03         7.8235389010870883e-03         4.6247455976082957e-02         2.0503298283152154e-02         1.4526908953738347e-02         1.7014914391833389e-03        -2.1697858757578774e-02
12                                    -1.9255449996948787e-03         2.0804711428792609e-03        -1.4875620215161697e-02         2.0503298283152154e-02         5.3914369417936217e-02        -1.2657734447408881e-02         6.1767770120611486e-03         3.8903034709279142e-04
13                                    -6.4650824280833622e-04         1.0820369047899667e-03        -1.1075219319649117e-02         1.4526908953738347e-02        -1.2657734447408881e-02         1.6148348449339772e-01        -1.3560154246006889e-01        -9.5415278451800036e-04
14                                     6.7534320257571869e-04         1.8070075521376197e-04        -2.7221872764049831e-03         1.7014914391833389e-03         6.1767770120611486e-03        -1.3560154246006889e-01         2.1656928486803251e-01         3.3467010756068477e-04
15                                     3.6504990593781862e-03         1.2113259836275762e-03        -1.1832309205741555e-02        -2.1697858757578774e-02         3.8903034709279142e-04        -9.5415278451800036e-04         3.3467010756068477e-04         5.4058200093198651e-02
16                                     1.9356533642398870e-03        -3.3116249492527380e-04        -9.2441457662563991e-03        -1.7048263489744669e-02        -4.6752047598218197e-04         1.0773169703773306e-02         1.6708312173490183e-02        -7.7279964470376794e-03
17                                     2.1154282019755014e-03        -2.5790306026685778e-04         8.7275244672686131e-04        -7.5005097279505929e-04        -1.5251987410881149e-03        -1.3552185500424599e-02        -2.1887123616866282e-02        -3.8264373417630868e-03
18                                     2.5772675105111335e-02         4.4670473296140774e-04        -7.2528630422627732e-04        -4.4848407621490681e-04        -5.6652077378515553e-03         4.3578408734713464e-03         7.0159105252436691e-04         5.6975780305706502e-04
19                                     1.6500616070931218e-02        -3.2702088099548221e-04         1.0382259206024730e-03        -1.5246974232812531e-04         3.2557521677492830e-03        -1.7184782025536291e-04        -1.6529224224149683e-03        -1.1906643296195471e-03
20                                    -2.0104491156789032e-03        -7.4335512913955258e-04         2.8318037270253383e-04         1.1608812938066889e-04        -1.0697953589912301e-03         1.1345254100061496e-04         1.2806937648682159e-03         5.9492319603622807e-04
21                                     1.7671566154443962e-03         1.9304584569447249e-04         2.8260071852867518e-04         4.6004842484349481e-04        -3.8396458495734383e-04         3.0399422387154243e-04         1.3897498887322033e-04         7.4758824781030677e-04
22                                    -9.7064294866224490e-02         1.0430543332899580e-05         5.6203844052592688e-05         2.7293013772066907e-04        -2.7857851187949222e-04         1.2773772401498745e-04        -9.4600304716549108e-06        -1.6459413692010527e-03
23                                    -2.1306808527032439e-01        -1.3119358379303989e-04         2.6466319913694700e-04         3.2990217882772750e-04         9.5202663437197500e-05         1.0131173928386999e-04        -6.1465294177780704e-04        -2.0359768957341306e-03
24                                     1.2117427481792785e-03         3.5026468435826914e-04         7.4306913722201447e-05        -1.9359223393342002e-04         3.4311427051153098e-05         6.9687788815787346e-04        -7.4448498397690767e-04        -3.8397395461797768e-04
25                                     1.2036075739889093e-01         6.1355004491455301e-05         1.1588811165699460e-04        -2.9930940147676404e-04        -6.9689704166512700e-04         5.6160170397265459e-04         8.1647924613762954e-05        -3.0398480522398816e-04
26                                    -2.0377757030586571e-01         1.2792225934268441e-04        -4.0335653947062237e-04         2.0939424991368933e-04         7.4447330763472938e-04         8.1646083314073845e-05        -1.2915337073844072e-04        -1.3896502184174630e-04
27                                     7.9001942366682676e-03        -1.6605595333468062e-03         1.0832474842264080e-03         1.3656359025266004e-04         3.5025580205932678e-04        -6.1350477673997525e-05        -1.2792784118924663e-04         1.9304704124120279e-04
28                                    -5.9429165645821531e-03        -1.0832399037045363e-03         7.2072656025105766e-04         4.6999599169783899e-05        -7.4305532399354665e-05         1.1588398970474459e-04        -4.0335247977937860e-04        -2.8260562128394189e-04
29                                    -4.7844367461044313e-02        -1.3656545261182346e-04         4.6998308413573624e-05         5.9042129470760223e-04         1.9359411305607782e-04        -2.9930187111626850e-04         2.0940131229975378e-04        -4.6004420460133289e-04
                                                        16                          17                          18                          19                          20                          21                          22                          23

0                                     -3.6401788198642377e-03        -3.6960941035813978e-03        -3.0437276144803719e-03         3.9485587358567519e-03         4.8644373922064436e-03         5.2271478261808569e-03         3.0491422426123954e-03         1.1434141653499121e-03
1                                     -1.0741641693225004e-01        -9.5840227277398118e-02         2.6107324424070363e-02        -1.7167586166746567e-02        -9.1905531351601719e-03        -4.5179432679246191e-03         7.3055940258459672e-05         6.5370801365697249e-04
2                                     -9.7065430351528384e-02        -2.1306576233915558e-01        -2.5772658054018863e-02         1.6500662211248688e-02        -2.0103959428712940e-03        -3.6505107489694872e-03         1.9356121839570338e-03         2.1153988102612462e-03
3                                      1.3239141953298870e-02         7.7176524554575590e-03        -5.6888600209379865e-02         1.8369303755397898e-07         2.5325258560636847e-08        -1.2017794294768369e-02        -1.3239332132832755e-02        -7.7176140444104140e-03
4                                     -1.6624232525303616e-02        -7.0249801672521810e-03         2.2966633722584163e-07        -2.0418817087895347e-01         2.2631129240711231e-01        -2.1793920065755465e-02        -1.6623998061631472e-02        -7.0249140240458497e-03
5                                     -1.8219862619369975e-02         2.2397145101469580e-03        -3.5440136539570941e-08         1.7714786062994481e-01        -2.2872631949469613e-01        -2.5432249455925163e-02        -1.8219841913577301e-02         2.2398691184530375e-03
6                                     -3.0491723178236339e-03        -1.1434176068643694e-03        -3.0436604318314496e-03        -3.9485653062646155e-03        -4.8644899769048275e-03        -4.9994747650143778e-02         3.6389704506710643e-03         3.6940599970863006e-03
7                                      7.3072569904112706e-05         6.5368499978846108e-04        -2.6107463754777023e-02        -1.7167566286135850e-02        -9.1904553386875504e-03         2.3241420052600077e-03        -1.0741415813881108e-01        -9.5839082002007997e-02
8                                      1.9356533642398870e-03         2.1154282019755014e-03         2.5772675105111335e-02         1.6500616070931218e-02        -2.0104491156789032e-03         1.7671566154443962e-03        -9.7064294866224490e-02        -2.1306808527032439e-01
9                                     -3.3116249492527380e-04        -2.5790306026685778e-04         4.4670473296140774e-04        -3.2702088099548221e-04        -7.4335512913955258e-04         1.9304584569447249e-04         1.0430543332899580e-05        -1.3119358379303989e-04
10                                    -9.2441457662563991e-03         8.7275244672686131e-04        -7.2528630422627732e-04         1.0382259206024730e-03         2.8318037270253383e-04         2.8260071852867518e-04         5.6203844052592688e-05         2.6466319913694700e-04
11                                    -1.7048263489744669e-02        -7.5005097279505929e-04        -4.4848407621490681e-04        -1.5246974232812531e-04         1.1608812938066889e-04         4.6004842484349481e-04         2.7293013772066907e-04         3.2990217882772750e-04
12                                    -4.6752047598218197e-04        -1.5251987410881149e-03        -5.6652077378515553e-03         3.2557521677492830e-03        -1.0697953589912301e-03        -3.8396458495734383e-04        -2.7857851187949222e-04         9.5202663437197500e-05
13                                     1.0773169703773306e-02        -1.3552185500424599e-02         4.3578408734713464e-03        -1.7184782025536291e-04         1.1345254100061496e-04         3.0399422387154243e-04         1.2773772401498745e-04         1.0131173928386999e-04
14                                     1.6708312173490183e-02        -2.1887123616866282e-02         7.0159105252436691e-04        -1.6529224224149683e-03         1.2806937648682159e-03         1.3897498887322033e-04        -9.4600304716549108e-06        -6.1465294177780704e-04
