
$orca_hessian_file

$act_atom
  0

$act_coord
  0

$act_energy
        0.000000

$multiplicity
  1

$hessian
48
                    0                  1                  2                  3                  4        
    0      5.4104597649E-01  -5.0296550427E-02  -1.4042080863E-05  -1.2463569175E-01  -5.2963997788E-02
    1     -5.0296550427E-02   5.1733664768E-01  -2.0534016167E-05  -6.1242798656E-02  -1.7214909859E-01
    2     -1.4042080863E-05  -2.0534016167E-05   5.2851717066E-01   3.8342259525E-06   5.3819708297E-06
    3     -1.2463569175E-01  -6.1242798656E-02   3.8342259525E-06   6.4927127421E-01   1.1401552247E-03
    4     -5.2963997788E-02  -1.7214909859E-01   5.3819708297E-06   1.1401552247E-03   6.3598035234E-01
    5     -1.3269240945E-06  -2.6882869406E-06  -6.8981900426E-02   1.3444387398E-05  -7.1592303854E-06
    6     -2.3715958986E-02  -7.6686069429E-03   1.3757198090E-06  -3.1484898028E-01  -1.3959378426E-02
    7     -2.9304879781E-02   1.4702027998E-03   1.7266145295E-06   4.6139553259E-02  -1.2210731362E-01
    8     -2.7293792742E-06   1.5783688746E-06   5.9215111565E-03  -5.1112542533E-06   2.4100568495E-06
    9     -2.6534709857E-03   2.3559237834E-03   1.2300454012E-06  -3.6197768848E-02  -2.4469439043E-02
   10      3.5498088335E-03   9.4014611704E-04   2.7911237025E-06  -7.0931799784E-02   4.7618116269E-02
   11     -2.4598295534E-06   2.7241246555E-06   8.9416735804E-03   1.2505374530E-06  -2.6486212846E-06
   12     -1.1813289564E-03   4.2855835148E-05  -1.3273383841E-06  -3.6431584207E-02   3.2297660908E-02
   13     -1.5658781221E-03  -2.9325959681E-04  -2.1662252204E-06   2.9002586509E-02  -2.1011884992E-02
   14      3.6480360904E-07   2.2483023096E-07  -1.3581778375E-03  -1.3620930759E-06   1.3251953307E-06
   15     -1.7182595223E-03   3.7964378449E-03   6.1219027618E-07   5.5033371697E-02  -3.2797273489E-02
   16      5.1751266826E-03  -1.9502669631E-03   2.6980764483E-06   1.0992594129E-02  -5.4570063078E-02
   17      7.0532719637E-07  -3.9404768478E-07   4.8129624893E-03   3.5095227423E-07   1.1338721050E-06
   18      1.3112242131E-02  -1.2532070663E-02  -9.3432792972E-07  -1.2820871063E-01   8.5462987723E-02
   19      4.4189230711E-03  -3.1859441844E-02   1.8490404595E-06   3.2734086694E-02  -2.7106461775E-01
   20      2.3123093744E-06  -6.9083884687E-07   3.3175592993E-03  -1.6153216850E-06   6.2680724770E-06
   21     -9.3573718435E-04  -4.2330874602E-03   7.4011068743E-07  -3.4288066054E-02   5.9210520314E-03
   22      4.2013424151E-03  -1.8181243711E-03   4.1099989218E-06   2.6660901440E-02  -2.0626668692E-03
   23     -5.2008616665E-07   7.6775994543E-07  -2.8220693274E-03  -1.9493337036E-06   8.3126018079E-07
   24     -8.8607760603E-04   9.1474531896E-04   2.7614072290E-07   3.0046941011E-03  -2.8402213258E-03
   25     -1.3580825271E-03   4.5905913855E-04  -3.2896781626E-07   4.9281906782E-03  -8.6593111311E-03
   26      1.0082347390E-07  -3.6154119568E-07  -2.5738640014E-04  -1.2381104028E-07   6.8302851857E-07
   27     -1.3794375203E-01   1.2862444594E-01  -9.6637981386E-05   1.0455748481E-02  -1.7195601101E-02
   28      1.2381666347E-01  -2.2089779721E-01   1.3738433348E-04   1.6713252336E-02  -2.3701776165E-02
   29     -9.5073435572E-05   1.4268048456E-04  -4.6408717533E-02  -1.2303206355E-09  -6.9727728401E-06
   30     -1.3166763559E-01  -5.9494663214E-04   1.2604309941E-01  -1.4651203666E-02  -3.8359832282E-03
   31     -2.4215376225E-03  -4.5732871218E-02   4.2319810429E-03  -1.6728596753E-02  -1.3846436742E-03
   32      1.2500748917E-01   3.5740812472E-03  -2.1310122832E-01  -1.4839002985E-03   1.1188697222E-03
   33     -1.3135897641E-01  -6.8019986762E-04  -1.2593615076E-01  -1.4635283891E-02  -3.8487950751E-03
   34     -2.5111565934E-03  -4.5731365526E-02  -4.3641357783E-03  -1.6704890115E-02  -1.4084922830E-03
   35     -1.2489692297E-01  -3.6945002178E-03  -2.1338200454E-01   1.4749528976E-03  -1.1232720014E-03
   36      1.2866976882E-03   2.4100764268E-03  -1.1224799948E-06  -1.0475677259E-02   2.8843379524E-02
   37     -1.7325773899E-03   7.4573345796E-04  -4.4516615962E-07   7.1184383282E-04  -1.8923638220E-03
   38      1.3562903303E-06  -1.9370743477E-06  -4.8271061817E-03   2.8150088931E-07   1.5092307250E-06
   39      1.7608126337E-04   9.6439258089E-06  -4.3550167592E-07  -7.2785324917E-04   6.6768468448E-04
   40      7.5117075859E-05   7.8807327857E-05  -5.7240621248E-07   1.0759887608E-03  -1.3723015484E-04
   41     -3.1984036911E-08  -3.3478545082E-07  -5.1293402260E-04   2.9551699474E-07   5.6392247281E-08
   42      7.8041464857E-04  -7.0636971694E-04   3.5454391151E-07  -1.8882734171E-03  -3.1554322706E-03
   43      9.4052603652E-04  -7.2297120463E-04  -2.1270192050E-07  -4.2817502578E-03  -2.4473479387E-03
   44     -1.0174736713E-07  -1.3824364796E-07   1.6598897403E-04   8.0850453903E-08   7.7938518675E-09
   45      2.9547679400E-04  -1.3227438516E-04  -5.7072287136E-08  -7.7599523080E-04   3.3919673503E-04
   46     -9.0071658280E-05   1.2459999851E-04   9.3555052296E-08   1.8468761692E-04  -1.0016585409E-03
   47      6.4874126432E-08  -9.8257867383E-08  -2.5341564845E-05  -7.7719725316E-08   1.0482017434E-08
                    5                  6                  7                  8                  9        
    0     -1.3269240945E-06  -2.3715958986E-02  -2.9304879781E-02  -2.7293792742E-06  -2.6534709857E-03
    1     -2.6882869406E-06  -7.6686069429E-03   1.4702027998E-03   1.5783688746E-06   2.3559237834E-03
    2     -6.8981900426E-02   1.3757198090E-06   1.7266145295E-06   5.9215111565E-03   1.2300454012E-06
    3      1.3444387398E-05  -3.1484898028E-01   4.6139553259E-02  -5.1112542533E-06  -3.6197768848E-02
    4     -7.1592303854E-06  -1.3959378426E-02  -1.2210731362E-01   2.4100568495E-06  -2.4469439043E-02
    5      1.6841895979E-01  -3.5525714171E-06   1.3551888481E-06  -5.6696003681E-02  -5.6445058522E-07
    6     -3.5525714171E-06   6.7769284606E-01  -2.1002204209E-02   5.7094405005E-06  -1.7417398169E-01
    7      1.3551888481E-06  -2.1002204209E-02   7.0826982765E-01  -2.0943697970E-05  -1.1505807266E-01
    8     -5.6696003681E-02   5.7094405005E-06  -2.0943697970E-05   1.1408767750E-01   3.2826578761E-06
    9     -5.6445058522E-07  -1.7417398169E-01  -1.1505807266E-01   3.2826578761E-06   6.4880264138E-01
   10     -2.6317724307E-07  -4.5818671383E-02  -2.6641561745E-01   5.4568122101E-06  -7.9524681066E-03
   11     -9.9425411657E-04   1.3115762111E-06   5.5864198563E-06  -6.2409923293E-02   1.8040608941E-06
   12     -8.7143590746E-07   5.2317351294E-02   9.0590630731E-03  -4.0578744887E-07  -1.4086689734E-01
   13      1.4963486200E-06  -2.7913122175E-02  -4.9475340730E-02   1.6178434969E-06   9.0346969549E-02
   14     -1.3909764015E-03   1.2864441872E-06   1.5369863553E-06   8.4982103157E-03  -2.3528512012E-06
   15      3.0278176951E-06  -4.5071415343E-02  -2.0933684742E-02   8.5604884887E-07  -2.1433894817E-02
   16      8.4487648705E-07  -2.4246102870E-02  -1.3328429817E-02   5.6606245601E-07   3.5212878295E-02
   17      6.5129429707E-03   1.8506635535E-07   1.8461985147E-07  -2.6058568297E-03  -7.5090402082E-07
   18     -4.2949792388E-06  -2.3685655812E-02   2.9154176170E-02  -1.4660683541E-06  -2.1176881846E-04
   19      7.3592817943E-06   7.6975505650E-02   1.9333808125E-02  -9.1151865467E-07  -4.4684577918E-03
   20     -6.6194608871E-02  -2.3807460981E-06   4.4000046144E-07   7.6060844367E-03  -1.1606080096E-06
   21     -2.2577319735E-06   1.4000337021E-03   4.0018260493E-03  -6.5744649113E-07   2.5939348166E-03
   22      1.1388116861E-06  -9.0861148157E-04  -4.3709225935E-03   7.5399766035E-07  -4.6393038920E-04
   23      3.1272523231E-03   1.3491138980E-07   5.1257801417E-07   4.1112268617E-03   7.5630376011E-09
   24     -5.5355838667E-08  -4.8557586465E-02  -6.8362841136E-04  -2.4557222601E-07  -2.6813376878E-01
   25      4.3179671367E-07  -3.8581209944E-02   6.6734331553E-03  -5.2884903728E-07   2.9167831632E-02
   26      7.4163139532E-03   1.2988297839E-06   2.2817926713E-07   8.1162182016E-03  -1.9484463991E-07
   27      1.3915368784E-05   8.9868999357E-04  -1.7769355742E-03   3.2706627165E-07   5.8657577128E-05
   28      1.5400183308E-05   2.6027864629E-03   1.5860002198E-03  -1.3801906827E-06   9.4180062280E-06
   29     -2.2560995808E-03  -8.2370700368E-07  -7.0722520843E-07  -1.9895156085E-04   4.9757427491E-08
   30      1.3397785945E-02  -9.4752786623E-05  -2.4585833565E-03   1.1089115860E-04  -4.7034827748E-04
   31      2.2871272856E-02   5.8147741188E-05  -2.2835679071E-03   5.2160099650E-05  -4.6206462037E-04
   32      2.5565574906E-03  -8.1837164953E-04  -1.1786580186E-04  -3.2199622550E-04  -1.7278185455E-04
   33     -1.3414313785E-02  -9.4500744561E-05  -2.4562053855E-03  -1.0756187789E-04  -4.6941112309E-04
   34     -2.2887612524E-02   6.2730692736E-05  -2.2768486719E-03  -5.2418847354E-05  -4.6088824981E-04
   35      2.5618829426E-03   8.1942411747E-04   1.1786364272E-04  -3.2184926260E-04   1.7177910570E-04
   36     -9.4352447260E-07  -1.0351977356E-01   1.0204616346E-01  -3.9312808362E-06   7.4966155850E-03
   37      4.5332479847E-07   1.0275130060E-01  -2.7800421971E-01   1.0529269685E-05   1.7047060073E-02
   38      2.3242717175E-03  -3.9924542554E-06   1.0728113899E-05  -2.8948171565E-02  -1.2417227833E-06
   39     -1.7534085231E-07  -7.2856057665E-04   2.7873292098E-03   7.1893034044E-09   1.0247469156E-02
   40     -2.2453831459E-07   3.9802133365E-03  -3.9051289895E-03   3.4697033788E-07  -2.0856152103E-02
   41     -9.0501957329E-04  -1.9656551702E-07   6.2215308518E-08   4.7043715960E-03   1.6091640826E-07
   42     -1.4640931409E-07  -8.7328012372E-04  -5.7361021191E-04  -9.4990687395E-09  -4.9087227235E-03
   43     -3.6076973887E-08  -8.0237323628E-04   6.7172919712E-04   1.8647465523E-08  -4.3308522499E-04
   44      5.2860996275E-03  -2.4777070689E-07  -4.1314284653E-08  -8.0805121343E-04  -2.0103011226E-07
   45     -2.0817137391E-08   3.0555253139E-03   1.4212654275E-03  -1.6927266759E-07  -1.9679285107E-02
   46     -2.0328586992E-07  -5.8919761398E-03   4.1623883439E-03   2.1485234844E-07   5.3901391718E-04
   47     -7.8541816062E-04   5.3235938373E-08  -1.3639711612E-07  -7.3449643699E-04  -2.7350149203E-07
                   10                 11                 12                 13                 14        
    0      3.5498088335E-03  -2.4598295534E-06  -1.1813289564E-03  -1.5658781221E-03   3.6480360904E-07
    1      9.4014611704E-04   2.7241246555E-06   4.2855835148E-05  -2.9325959681E-04   2.2483023096E-07
    2      2.7911237025E-06   8.9416735804E-03  -1.3273383841E-06  -2.1662252204E-06  -1.3581778375E-03
    3     -7.0931799784E-02   1.2505374530E-06  -3.6431584207E-02   2.9002586509E-02  -1.3620930759E-06
    4      4.7618116269E-02  -2.6486212846E-06   3.2297660908E-02  -2.1011884992E-02   1.3251953307E-06
    5     -2.6317724307E-07  -9.9425411657E-04  -8.7143590746E-07   1.4963486200E-06  -1.3909764015E-03
    6     -4.5818671383E-02   1.3115762111E-06   5.2317351294E-02  -2.7913122175E-02   1.2864441872E-06
    7     -2.6641561745E-01   5.5864198563E-06   9.0590630731E-03  -4.9475340730E-02   1.5369863553E-06
    8      5.4568122101E-06  -6.2409923293E-02  -4.0578744887E-07   1.6178434969E-06   8.4982103157E-03
    9     -7.9524681066E-03   1.8040608941E-06  -1.4086689734E-01   9.0346969549E-02  -2.3528512012E-06
   10      7.1215169159E-01  -1.2449984574E-05   2.6038699790E-02  -2.9713530078E-01   2.0575660772E-06
   11     -1.2449984574E-05   1.5281237960E-01  -7.0321821315E-07   4.0290710104E-06  -6.5799147409E-02
   12      2.6038699790E-02  -7.0321821315E-07   7.0888835797E-01   3.6893967939E-02   5.1151244545E-06
   13     -2.9713530078E-01   4.0290710104E-06   3.6893967939E-02   7.0564796650E-01  -7.3588283160E-06
   14      2.0575660772E-06  -6.5799147409E-02   5.1151244545E-06  -7.3588283160E-06   1.1783776078E-01
   15      8.0578555882E-02  -2.0585509627E-06  -3.4247706238E-01  -1.0462351547E-02  -3.7942723532E-06
   16      2.7797363701E-02  -3.8123853639E-07   4.7304336483E-02  -1.2713289476E-01   2.1372216942E-06
   17      5.9360386675E-07   1.6905993967E-03  -5.6009269865E-06   1.3916400093E-06  -5.3688031027E-02
   18     -6.4892715382E-03  -1.3906911945E-08  -4.0940556831E-02  -1.9477445883E-02  -1.9838617166E-07
   19     -7.3141108911E-02   2.4146315382E-06  -6.8907525417E-02   3.7894730702E-02  -2.0426255679E-06
   20      2.4684363440E-06  -3.4122829748E-03   2.9893793242E-06  -2.9055543297E-06   7.1197227907E-03
   21      8.1517457895E-04  -9.5732033930E-08   2.1488352570E-03  -5.3878973228E-03   2.0723736396E-07
   22      6.6048637934E-04   1.0234985904E-07   1.6159379147E-04  -2.8621640310E-03   1.1376101233E-07
   23     -8.8393137473E-08  -6.3803441879E-04   3.6611338243E-08  -1.0072210271E-08   4.3076036978E-03
   24     -2.2663266988E-02  -5.2972624341E-08  -3.5640223559E-02   1.6267141204E-02  -2.5640158913E-07
   25     -1.0931185412E-01   9.8958875625E-07   5.4024288810E-02  -1.8219769292E-03   9.2280704208E-07
   26      1.0660705690E-06  -4.0815356046E-02  -9.5212121752E-07   1.5088697722E-07   5.8952622403E-03
   27     -1.8330927494E-04   7.4645434203E-07   1.1094359837E-04  -4.5464026117E-05   1.6562764118E-07
   28     -2.5330461724E-04  -1.0521441414E-06  -2.6110640099E-04   4.6089552511E-04   1.4768077262E-07
   29     -1.1434141868E-07  -2.5344739594E-04   9.5472245648E-07  -5.5517497300E-09   5.1467318004E-05
   30     -1.7618645746E-04  -1.2247595617E-03   1.7763270442E-04   3.8634569104E-05   1.1764851248E-04
   31     -1.9547122645E-04  -1.0521851194E-03  -4.2281876859E-04  -2.0545748589E-04   2.2890592636E-04
   32      8.9720611014E-05  -3.4269541080E-04  -1.5889193719E-05  -3.8470817560E-05  -2.2315589609E-05
   33     -1.7557721888E-04   1.2265940335E-03   1.7825806271E-04   3.7698656349E-05  -1.1780429776E-04
   34     -1.9887333082E-04   1.0521104086E-03  -4.2392005944E-04  -2.0481900304E-04  -2.2889942895E-04
   35     -9.2235466992E-05  -3.4285807522E-04   1.5921729308E-05   3.9752003684E-05  -2.2249261968E-05
   36     -1.5238197179E-02   5.2794475571E-07  -1.3702785901E-03  -3.5049355082E-03   3.0611932758E-08
   37     -2.0096131843E-02   4.8094159052E-07  -4.8801438890E-03  -2.8715900895E-03   2.5172920600E-07
   38     -2.3622695820E-07   3.4004731492E-03   1.4082609961E-07   3.7199683354E-07   4.5412316920E-03
   39      1.0712317588E-02  -2.3603450291E-07  -1.4828748092E-01  -1.3124712297E-01   7.3094356204E-07
   40     -1.8287538052E-02  -2.1530699781E-07  -1.3018265998E-01  -2.4540452332E-01   1.7358561441E-06
   41      9.8767891832E-07   4.2780217157E-03   8.8763410790E-07   1.3033789128E-06  -3.1345906755E-02
   42     -1.1399980723E-03  -2.5250559044E-07  -8.8675248291E-03   2.8818590191E-02  -6.8266987196E-07
   43      1.9871337818E-03   5.2676164443E-08  -4.2290704687E-04   1.6767590206E-03  -1.6736536119E-07
   44      4.1299070443E-07   7.6433922120E-03   4.3651569693E-07   3.0574440469E-07   2.9075134264E-03
   45      4.9019652258E-02  -3.9463436552E-07  -7.7584412704E-03  -2.0292358893E-03   1.7578943317E-07
   46     -6.1197375167E-03   8.2292822301E-08  -9.3520236150E-05   2.7388599627E-03  -3.4677789001E-07
   47      1.9260701804E-07  -3.7585405181E-03  -6.6435512190E-09  -4.6398707284E-08   2.4680320241E-03
                   15                 16                 17                 18                 19        
    0     -1.7182595223E-03   5.1751266826E-03   7.0532719637E-07   1.3112242131E-02   4.4189230711E-03
    1      3.7964378449E-03  -1.9502669631E-03  -3.9404768478E-07  -1.2532070663E-02  -3.1859441844E-02
    2      6.1219027618E-07   2.6980764483E-06   4.8129624893E-03  -9.3432792972E-07   1.8490404595E-06
    3      5.5033371697E-02   1.0992594129E-02   3.5095227423E-07  -1.2820871063E-01   3.2734086694E-02
    4     -3.2797273489E-02  -5.4570063078E-02   1.1338721050E-06   8.5462987723E-02  -2.7106461775E-01
    5      3.0278176951E-06   8.4487648705E-07   6.5129429707E-03  -4.2949792388E-06   7.3592817943E-06
    6     -4.5071415343E-02  -2.4246102870E-02   1.8506635535E-07  -2.3685655812E-02   7.6975505650E-02
    7     -2.0933684742E-02  -1.3328429817E-02   1.8461985147E-07   2.9154176170E-02   1.9333808125E-02
    8      8.5604884887E-07   5.6606245601E-07  -2.6058568297E-03  -1.4660683541E-06  -9.1151865467E-07
    9     -2.1433894817E-02   3.5212878295E-02  -7.5090402082E-07  -2.1176881846E-04  -4.4684577918E-03
   10      8.0578555882E-02   2.7797363701E-02   5.9360386675E-07  -6.4892715382E-03  -7.3141108911E-02
   11     -2.0585509627E-06  -3.8123853639E-07   1.6905993967E-03  -1.3906911945E-08   2.4146315382E-06
   12     -3.4247706238E-01   4.7304336483E-02  -5.6009269865E-06  -4.0940556831E-02  -6.8907525417E-02
   13     -1.0462351547E-02  -1.2713289476E-01   1.3916400093E-06  -1.9477445883E-02   3.7894730702E-02
   14     -3.7942723532E-06   2.1372216942E-06  -5.3688031027E-02  -1.9838617166E-07  -2.0426255679E-06
   15      6.7851067930E-01  -3.6488189423E-02   1.0606286914E-05  -1.6297475602E-01  -6.6059943958E-02
   16     -3.6488189423E-02   7.2198802937E-01  -1.2099313677E-05  -1.2228930235E-01  -2.6769318000E-01
   17      1.0606286914E-05  -1.2099313677E-05   1.2781106846E-01   2.7558639714E-07   1.9729634128E-06
   18     -1.6297475602E-01  -1.2228930235E-01   2.7558639714E-07   4.7257622234E-01   3.0906772570E-02
   19     -6.6059943958E-02  -2.6769318000E-01   1.9729634128E-06   3.0906772570E-02   6.3944470819E-01
   20     -2.2559596816E-06   1.3752897096E-06  -5.9342799825E-02   1.1113884081E-05  -1.2766324999E-05
   21     -4.2923857172E-02   2.7731073578E-03  -3.2966174715E-06  -1.2541058709E-01   9.5514816304E-03
   22     -2.2390488327E-02   5.5152869497E-03  -4.4888527390E-07   7.6252110819E-03  -4.1931374825E-02
   23     -1.0141384563E-06   4.5641840685E-07   2.7908306942E-03  -5.6786226159E-06   1.1002287628E-06
   24      3.1022780046E-03  -1.6077249014E-04  -6.7558102879E-08  -8.3451753492E-04  -4.4190667288E-04
   25     -6.1394011584E-03  -9.1062392982E-03  -4.4126561141E-08   6.4154812426E-04   6.4167381624E-03
   26      6.4767453691E-08   1.4585867264E-07   4.5431063496E-03  -5.4842248818E-08   4.4068203480E-09
   27      6.4918641497E-04  -8.1759258959E-04  -7.6250034046E-07  -3.4323540153E-03  -2.7797865454E-03
   28      1.5325352228E-03  -8.4401483210E-04  -7.1843248047E-07  -4.0834693557E-03  -2.9643885171E-03
   29     -7.2986959066E-07  -6.4463271422E-07   4.2188584857E-04   1.8415568229E-07  -3.9257485325E-07
   30     -5.7174678115E-04  -3.7217482367E-04  -2.4497580469E-04  -6.2512465537E-04   2.2653387561E-03
   31      5.9714571217E-05   4.5885458295E-04  -8.1785942673E-04  -1.9211647813E-03   2.1736594112E-04
   32     -1.0003945306E-04   1.7363797583E-04  -1.4017397308E-04   1.4004895796E-03  -3.1430459117E-04
   33     -5.7298104057E-04  -3.7270547678E-04   2.4561726286E-04  -6.2457068173E-04   2.2661427242E-03
   34      6.0239877782E-05   4.5884467153E-04   8.1912296238E-04  -1.9224930233E-03   2.1499311965E-04
   35      9.9745057775E-05  -1.7431455578E-04  -1.4027564399E-04  -1.3994346854E-03   3.1563497632E-04
   36     -1.0596027995E-03  -5.4908636093E-04  -4.4601067742E-08  -4.1023508061E-03  -1.0769340166E-03
   37     -8.9060193731E-04   5.2809164008E-04  -9.7903875964E-08   1.6183379045E-05   2.0209484780E-03
   38      2.4956750994E-07   1.9167117298E-07  -6.9892706354E-04  -8.2433856287E-08  -4.4180044876E-07
   39     -1.3622481839E-02  -2.6665189098E-02   2.0090113090E-07  -3.6134397149E-03   1.9356871611E-03
   40      3.4798660700E-03   6.1003319677E-03  -2.0993201192E-07   1.1726225016E-03   1.8293686785E-03
   41     -3.8987466310E-07  -2.9939728662E-07   1.2327728027E-03  -2.9520605725E-07   9.8672073859E-08
   42     -1.0557376915E-01   1.0862532013E-01  -3.3701651218E-06   9.0579372348E-03  -1.6790349861E-02
   43      1.0625754021E-01  -2.8773317672E-01   6.5850306566E-06   1.3955484471E-02  -1.8824306001E-02
   44     -3.7755905681E-06   6.3384439833E-06  -3.4981790949E-02  -4.9511341815E-08   7.4719197467E-07
   45      7.0431145278E-04   2.1937729389E-03  -1.1818853970E-07  -8.2009089672E-05  -5.3789706094E-04
   46      8.1024365435E-05  -4.8853741906E-04   1.6923114309E-07  -2.1090536051E-04   1.0575644489E-04
   47     -5.8143932014E-08   6.5388007215E-08   1.7816863039E-03   2.4947782604E-08  -4.7725487679E-09
                   20                 21                 22                 23                 24        
    0      2.3123093744E-06  -9.3573718435E-04   4.2013424151E-03  -5.2008616665E-07  -8.8607760603E-04
    1     -6.9083884687E-07  -4.2330874602E-03  -1.8181243711E-03   7.6775994543E-07   9.1474531896E-04
    2      3.3175592993E-03   7.4011068743E-07   4.1099989218E-06  -2.8220693274E-03   2.7614072290E-07
    3     -1.6153216850E-06  -3.4288066054E-02   2.6660901440E-02  -1.9493337036E-06   3.0046941011E-03
    4      6.2680724770E-06   5.9210520314E-03  -2.0626668692E-03   8.3126018079E-07  -2.8402213258E-03
    5     -6.6194608871E-02  -2.2577319735E-06   1.1388116861E-06   3.1272523231E-03  -5.5355838667E-08
    6     -2.3807460981E-06   1.4000337021E-03  -9.0861148157E-04   1.3491138980E-07  -4.8557586465E-02
    7      4.4000046144E-07   4.0018260493E-03  -4.3709225935E-03   5.1257801417E-07  -6.8362841136E-04
    8      7.6060844367E-03  -6.5744649113E-07   7.5399766035E-07   4.1112268617E-03  -2.4557222601E-07
    9     -1.1606080096E-06   2.5939348166E-03  -4.6393038920E-04   7.5630376011E-09  -2.6813376878E-01
   10      2.4684363440E-06   8.1517457895E-04   6.6048637934E-04  -8.8393137473E-08  -2.2663266988E-02
   11     -3.4122829748E-03  -9.5732033930E-08   1.0234985904E-07  -6.3803441879E-04  -5.2972624341E-08
   12      2.9893793242E-06   2.1488352570E-03   1.6159379147E-04   3.6611338243E-08  -3.5640223559E-02
   13     -2.9055543297E-06  -5.3878973228E-03  -2.8621640310E-03  -1.0072210271E-08   1.6267141204E-02
   14      7.1197227907E-03   2.0723736396E-07   1.1376101233E-07   4.3076036978E-03  -2.5640158913E-07
   15     -2.2559596816E-06  -4.2923857172E-02  -2.2390488327E-02  -1.0141384563E-06   3.1022780046E-03
   16      1.3752897096E-06   2.7731073578E-03   5.5152869497E-03   4.5641840685E-07  -1.6077249014E-04
   17     -5.9342799825E-02  -3.2966174715E-06  -4.4888527390E-07   2.7908306942E-03  -6.7558102879E-08
   18      1.1113884081E-05  -1.2541058709E-01   7.6252110819E-03  -5.6786226159E-06  -8.3451753492E-04
   19     -1.2766324999E-05   9.5514816304E-03  -4.1931374825E-02   1.1002287628E-06  -4.4190667288E-04
   20      1.1489276163E-01  -6.3741676688E-06   1.4137976097E-06  -2.1939282004E-02   9.1595315828E-07
   21     -6.3741676688E-06   2.0166668255E-01  -1.6271291622E-02   1.1685722649E-05  -4.1168826381E-03
   22      1.4137976097E-06  -1.6271291622E-02   4.6357781437E-02  -4.8121223533E-06   4.2966085277E-04
   23     -2.1939282004E-02   1.1685722649E-05  -4.8121223533E-06   1.3426982629E-02  -2.3061778797E-07
   24      9.1595315828E-07  -4.1168826381E-03   4.2966085277E-04  -2.3061778797E-07   4.2075091910E-01
   25     -3.1982654629E-07   3.7469353060E-04   2.4683750710E-04  -5.8966436057E-08  -1.2416258231E-01
   26     -1.4239350985E-03  -4.0983646514E-08  -1.1011395636E-07  -4.4055565952E-04   1.2092364132E-07
   27     -5.9692662526E-07   2.0957486409E-04   1.0649008232E-03   1.3456588555E-07   2.7276801952E-04
   28      1.5439219925E-06  -5.3072230451E-04   1.4432667974E-04   2.7082236875E-07  -3.0989362968E-04
   29      1.2963723201E-03  -9.4451066165E-08  -1.2362442097E-06   2.6788000889E-04   2.4180136930E-07
   30     -4.4847998754E-04   9.5998928088E-04   2.1310774861E-04  -9.3864983822E-05  -3.4740887166E-04
   31     -4.5055533566E-04   1.2052035111E-03  -5.8060352564E-04   4.7659982091E-04  -1.7711494664E-04
   32      9.6212658050E-04  -6.6487664516E-04  -3.9550626183E-04  -5.6415941422E-05  -5.6049457080E-05
   33      4.4692024275E-04   9.5994054020E-04   2.0768740718E-04   9.2368146148E-05  -3.4714218899E-04
   34      4.5118265900E-04   1.2036920663E-03  -5.7545494375E-04  -4.7569863522E-04  -1.7679668956E-04
   35      9.6130115275E-04   6.6400645535E-04   3.9497445816E-04  -5.6070078278E-05   5.5684303470E-05
   36     -5.0876138697E-07  -1.8162314643E-03   1.3265283395E-03  -1.9169403254E-07   3.6400780244E-03
   37      7.7779123953E-07  -4.1944597500E-05   1.0419718042E-04  -2.6919763151E-08   2.1044515060E-04
   38      5.9696608360E-03  -1.8737420316E-08  -1.3807649381E-07   3.8484288554E-04   2.1089291681E-07
   39     -2.9254066764E-07  -1.6964457553E-03  -7.4188736596E-04  -1.1064522915E-07   1.1491686430E-03
   40      1.0780427538E-07   3.6979357787E-04   1.3584590317E-04  -1.2922123219E-08  -4.5638587822E-04
   41      7.0292436695E-03   1.2795714797E-07  -5.5277433202E-08   4.1733304735E-04   1.1897685874E-07
   42      4.1097903174E-08   8.2204865959E-04  -9.2683225276E-04   1.8408032929E-08  -6.9224759990E-04
   43      1.1136501185E-06   5.2906984144E-04   1.0336327650E-03   1.3195770531E-08   4.9638031801E-05
   44      2.9898900902E-03   1.6485497472E-07  -2.2131183524E-07  -2.7697390026E-03  -3.0454241973E-08
   45     -2.1303062080E-07   4.2676769235E-04  -2.0395604145E-04  -2.4745355080E-08  -7.2364050646E-02
   46      2.2927223764E-07  -2.6408728838E-04   2.9163571372E-06   6.8831724603E-08   1.3421597150E-01
   47      1.6818597136E-04  -2.0886549261E-08   8.2336319094E-09  -1.1178571569E-04  -2.8252048802E-07
                   25                 26                 27                 28                 29        
    0     -1.3580825271E-03   1.0082347390E-07  -1.3794375203E-01   1.2381666347E-01  -9.5073435572E-05
    1      4.5905913855E-04  -3.6154119568E-07   1.2862444594E-01  -2.2089779721E-01   1.4268048456E-04
    2     -3.2896781626E-07  -2.5738640014E-04  -9.6637981386E-05   1.3738433348E-04  -4.6408717533E-02
    3      4.9281906782E-03  -1.2381104028E-07   1.0455748481E-02   1.6713252336E-02  -1.2303206355E-09
    4     -8.6593111311E-03   6.8302851857E-07  -1.7195601101E-02  -2.3701776165E-02  -6.9727728401E-06
    5      4.3179671367E-07   7.4163139532E-03   1.3915368784E-05   1.5400183308E-05  -2.2560995808E-03
    6     -3.8581209944E-02   1.2988297839E-06   8.9868999357E-04   2.6027864629E-03  -8.2370700368E-07
    7      6.6734331553E-03   2.2817926713E-07  -1.7769355742E-03   1.5860002198E-03  -7.0722520843E-07
    8     -5.2884903728E-07   8.1162182016E-03   3.2706627165E-07  -1.3801906827E-06  -1.9895156085E-04
    9      2.9167831632E-02  -1.9484463991E-07   5.8657577128E-05   9.4180062280E-06   4.9757427491E-08
   10     -1.0931185412E-01   1.0660705690E-06  -1.8330927494E-04  -2.5330461724E-04  -1.1434141868E-07
   11      9.8958875625E-07  -4.0815356046E-02   7.4645434203E-07  -1.0521441414E-06  -2.5344739594E-04
   12      5.4024288810E-02  -9.5212121752E-07   1.1094359837E-04  -2.6110640099E-04   9.5472245648E-07
   13     -1.8219769292E-03   1.5088697722E-07  -4.5464026117E-05   4.6089552511E-04  -5.5517497300E-09
   14      9.2280704208E-07   5.8952622403E-03   1.6562764118E-07   1.4768077262E-07   5.1467318004E-05
   15     -6.1394011584E-03   6.4767453691E-08   6.4918641497E-04   1.5325352228E-03  -7.2986959066E-07
   16     -9.1062392982E-03   1.4585867264E-07  -8.1759258959E-04  -8.4401483210E-04  -6.4463271422E-07
   17     -4.4126561141E-08   4.5431063496E-03  -7.6250034046E-07  -7.1843248047E-07   4.2188584857E-04
   18      6.4154812426E-04  -5.4842248818E-08  -3.4323540153E-03  -4.0834693557E-03   1.8415568229E-07
   19      6.4167381624E-03   4.4068203480E-09  -2.7797865454E-03  -2.9643885171E-03  -3.9257485325E-07
   20     -3.1982654629E-07  -1.4239350985E-03  -5.9692662526E-07   1.5439219925E-06   1.2963723201E-03
   21      3.7469353060E-04  -4.0983646514E-08   2.0957486409E-04  -5.3072230451E-04  -9.4451066165E-08
   22      2.4683750710E-04  -1.1011395636E-07   1.0649008232E-03   1.4432667974E-04  -1.2362442097E-06
   23     -5.8966436057E-08  -4.4055565952E-04   1.3456588555E-07   2.7082236875E-07   2.6788000889E-04
   24     -1.2416258231E-01   1.2092364132E-07   2.7276801952E-04  -3.0989362968E-04   2.4180136930E-07
   25      5.7747860716E-01  -3.4278891928E-06   1.3468135915E-04   1.7246196017E-04   2.4365743400E-07
   26     -3.4278891928E-06   2.8988346872E-02  -3.0817870334E-08   4.9405717488E-08  -5.6745233284E-05
   27      1.3468135915E-04  -3.0817870334E-08   1.4967768638E-01  -1.3473515789E-01   1.0885408150E-04
   28      1.7246196017E-04   4.9405717488E-08  -1.3473515789E-01   2.4354559300E-01  -1.5058879392E-04
   29      2.4365743400E-07  -5.6745233284E-05   1.0885408150E-04  -1.5058879392E-04   4.4427996014E-02
   30     -1.9390028589E-04   6.2716150720E-06  -1.0146430583E-02  -1.5083924164E-03   1.4026514883E-02
   31     -1.6579582658E-04   1.7861722533E-05   1.4008394543E-02   1.3078015863E-03  -2.1775491285E-02
   32     -2.6001324011E-07   6.2959179769E-05  -2.3578389924E-03  -2.2625974682E-04   1.1990004797E-03
   33     -1.9357004009E-04  -6.5466691875E-06  -1.0134023869E-02  -1.5176841469E-03  -1.4040946978E-02
   34     -1.6506983060E-04  -1.7825414730E-05   1.3985623068E-02   1.3226713321E-03   2.1792522391E-02
   35      3.3113326738E-07   6.3104690122E-05   2.3324225980E-03   2.2399216449E-04   1.1681574769E-03
   36     -1.0990237194E-03   4.6789111107E-08  -4.0740675043E-04  -1.2774958003E-03   7.9474464924E-07
   37      2.8215699194E-03  -3.4589488126E-07  -2.4494386327E-06   4.8838530935E-04   5.4905497951E-07
   38      4.7138258546E-08  -3.8501773843E-03  -3.0593844268E-07   1.0054600369E-06   4.4548928188E-04
   39     -7.5358715203E-04   2.3224062391E-09  -1.0165156739E-05  -6.1086767924E-05   1.1937866108E-07
   40      1.9878597753E-03  -1.1762363692E-07   4.2315025608E-06   7.8550736427E-05   1.2847275635E-07
   41     -1.7877542496E-07  -3.2901768689E-03  -1.9156775476E-07   1.5682159716E-07   1.3972773832E-05
   42      1.7674053501E-03   5.9386118089E-09  -1.6520712830E-04  -3.2203644619E-04  -1.7307190570E-07
   43     -1.2525189466E-04  -1.9325967811E-08  -2.7661679342E-04  -3.6147366442E-04   2.1599846966E-07
   44      1.7102135270E-08   1.5299793029E-04  -7.2265269171E-08  -9.5038665835E-08  -1.6127209719E-04
   45      8.1427684929E-02  -2.6600186161E-07  -9.3915797943E-05  -6.3651339356E-05   2.9634672471E-08
   46     -4.6690106775E-01   2.2155556916E-06  -1.3322999986E-05  -8.3931340240E-05  -7.9898409098E-08
   47      1.9668794408E-06  -5.1039767261E-03  -2.9188078577E-08   3.6813517416E-08   4.3011878641E-05
                   30                 31                 32                 33                 34        
    0     -1.3166763559E-01  -2.4215376225E-03   1.2500748917E-01  -1.3135897641E-01  -2.5111565934E-03
    1     -5.9494663214E-04  -4.5732871218E-02   3.5740812472E-03  -6.8019986762E-04  -4.5731365526E-02
    2      1.2604309941E-01   4.2319810429E-03  -2.1310122832E-01  -1.2593615076E-01  -4.3641357783E-03
    3     -1.4651203666E-02  -1.6728596753E-02  -1.4839002985E-03  -1.4635283891E-02  -1.6704890115E-02
    4     -3.8359832282E-03  -1.3846436742E-03   1.1188697222E-03  -3.8487950751E-03  -1.4084922830E-03
    5      1.3397785945E-02   2.2871272856E-02   2.5565574906E-03  -1.3414313785E-02  -2.2887612524E-02
    6     -9.4752786623E-05   5.8147741188E-05  -8.1837164953E-04  -9.4500744561E-05   6.2730692736E-05
    7     -2.4585833565E-03  -2.2835679071E-03  -1.1786580186E-04  -2.4562053855E-03  -2.2768486719E-03
    8      1.1089115860E-04   5.2160099650E-05  -3.2199622550E-04  -1.0756187789E-04  -5.2418847354E-05
    9     -4.7034827748E-04  -4.6206462037E-04  -1.7278185455E-04  -4.6941112309E-04  -4.6088824981E-04
   10     -1.7618645746E-04  -1.9547122645E-04   8.9720611014E-05  -1.7557721888E-04  -1.9887333082E-04
   11     -1.2247595617E-03  -1.0521851194E-03  -3.4269541080E-04   1.2265940335E-03   1.0521104086E-03
   12      1.7763270442E-04  -4.2281876859E-04  -1.5889193719E-05   1.7825806271E-04  -4.2392005944E-04
   13      3.8634569104E-05  -2.0545748589E-04  -3.8470817560E-05   3.7698656349E-05  -2.0481900304E-04
   14      1.1764851248E-04   2.2890592636E-04  -2.2315589609E-05  -1.1780429776E-04  -2.2889942895E-04
   15     -5.7174678115E-04   5.9714571217E-05  -1.0003945306E-04  -5.7298104057E-04   6.0239877782E-05
   16     -3.7217482367E-04   4.5885458295E-04   1.7363797583E-04  -3.7270547678E-04   4.5884467153E-04
   17     -2.4497580469E-04  -8.1785942673E-04  -1.4017397308E-04   2.4561726286E-04   8.1912296238E-04
   18     -6.2512465537E-04  -1.9211647813E-03   1.4004895796E-03  -6.2457068173E-04  -1.9224930233E-03
   19      2.2653387561E-03   2.1736594112E-04  -3.1430459117E-04   2.2661427242E-03   2.1499311965E-04
   20     -4.4847998754E-04  -4.5055533566E-04   9.6212658050E-04   4.4692024275E-04   4.5118265900E-04
   21      9.5998928088E-04   1.2052035111E-03  -6.6487664516E-04   9.5994054020E-04   1.2036920663E-03
   22      2.1310774861E-04  -5.8060352564E-04  -3.9550626183E-04   2.0768740718E-04  -5.7545494375E-04
   23     -9.3864983822E-05   4.7659982091E-04  -5.6415941422E-05   9.2368146148E-05  -4.7569863522E-04
   24     -3.4740887166E-04  -1.7711494664E-04  -5.6049457080E-05  -3.4714218899E-04  -1.7679668956E-04
   25     -1.9390028589E-04  -1.6579582658E-04  -2.6001324011E-07  -1.9357004009E-04  -1.6506983060E-04
   26      6.2716150720E-06   1.7861722533E-05   6.2959179769E-05  -6.5466691875E-06  -1.7825414730E-05
   27     -1.0146430583E-02   1.4008394543E-02  -2.3578389924E-03  -1.0134023869E-02   1.3985623068E-02
   28     -1.5083924164E-03   1.3078015863E-03  -2.2625974682E-04  -1.5176841469E-03   1.3226713321E-03
   29      1.4026514883E-02  -2.1775491285E-02   1.1990004797E-03  -1.4040946978E-02   2.1792522391E-02
   30      1.4613654707E-01   6.1443325136E-03  -1.3662823090E-01   1.1074858649E-02   6.6355365993E-04
   31      6.1443325136E-03   4.9139793944E-02  -3.9730346765E-03   6.7569317534E-04  -6.6154874187E-04
   32     -1.3662823090E-01  -3.9730346765E-03   2.3030982763E-01   1.5944026664E-02   2.8328197700E-05
   33      1.1074858649E-02   6.7569317534E-04   1.5944026664E-02   1.4579932741E-01   6.2422723553E-03
   34      6.6355365993E-04  -6.6154874187E-04   2.8328197700E-05   6.2422723553E-03   4.9139765728E-02
   35     -1.5906107108E-02  -4.2684331264E-05  -2.1244584824E-02   1.3651377454E-01   4.1162481959E-03
   36      1.1097483809E-04  -2.0926610553E-04  -6.3783452296E-05   1.1008322189E-04  -2.0903431622E-04
   37     -1.2392056092E-04   1.0688602896E-04   6.5556712906E-06  -1.2368728119E-04   1.0699274178E-04
   38      7.1635239020E-04   3.0806155636E-04   1.2139074714E-04  -7.1755482723E-04  -3.0807212307E-04
   39      4.9623331589E-06   4.1711164653E-05  -1.8779254130E-05   4.9390857036E-06   4.1650550027E-05
   40     -3.0390729963E-05   2.8803299949E-05   2.1138894095E-06  -3.0337986948E-05   2.8835864022E-05
   41      8.6724703980E-05  -3.4104011369E-05   1.8084527501E-05  -8.6837362561E-05   3.3994917811E-05
   42      2.7479929438E-05   5.3227786539E-05   4.6453157851E-05   2.7396530735E-05   5.3164549158E-05
   43     -1.7338063382E-05  -3.8710786213E-05   5.3338641082E-05  -1.7322644523E-05  -3.8855469740E-05
   44      3.7770183459E-06   1.5856624802E-05   3.4292126533E-06  -3.6893916549E-06  -1.5922261632E-05
   45      8.2206406347E-05   6.8222218418E-05  -1.5720583158E-05   8.2086449215E-05   6.8151558016E-05
   46      1.4765679913E-05  -1.0834991954E-05  -2.1411721885E-05   1.4691474869E-05  -1.0775656455E-05
   47      3.5155872805E-05  -1.6317788961E-05  -3.9655538449E-06  -3.5199639204E-05   1.6326994389E-05
                   35                 36                 37                 38                 39        
    0     -1.2489692297E-01   1.2866976882E-03  -1.7325773899E-03   1.3562903303E-06   1.7608126337E-04
    1     -3.6945002178E-03   2.4100764268E-03   7.4573345796E-04  -1.9370743477E-06   9.6439258089E-06
    2     -2.1338200454E-01  -1.1224799948E-06  -4.4516615962E-07  -4.8271061817E-03  -4.3550167592E-07
    3      1.4749528976E-03  -1.0475677259E-02   7.1184383282E-04   2.8150088931E-07  -7.2785324917E-04
    4     -1.1232720014E-03   2.8843379524E-02  -1.8923638220E-03   1.5092307250E-06   6.6768468448E-04
    5      2.5618829426E-03  -9.4352447260E-07   4.5332479847E-07   2.3242717175E-03  -1.7534085231E-07
    6      8.1942411747E-04  -1.0351977356E-01   1.0275130060E-01  -3.9924542554E-06  -7.2856057665E-04
    7      1.1786364272E-04   1.0204616346E-01  -2.7800421971E-01   1.0728113899E-05   2.7873292098E-03
    8     -3.2184926260E-04  -3.9312808362E-06   1.0529269685E-05  -2.8948171565E-02   7.1893034044E-09
    9      1.7177910570E-04   7.4966155850E-03   1.7047060073E-02  -1.2417227833E-06   1.0247469156E-02
   10     -9.2235466992E-05  -1.5238197179E-02  -2.0096131843E-02  -2.3622695820E-07   1.0712317588E-02
   11     -3.4285807522E-04   5.2794475571E-07   4.8094159052E-07   3.4004731492E-03  -2.3603450291E-07
   12      1.5921729308E-05  -1.3702785901E-03  -4.8801438890E-03   1.4082609961E-07  -1.4828748092E-01
   13      3.9752003684E-05  -3.5049355082E-03  -2.8715900895E-03   3.7199683354E-07  -1.3124712297E-01
   14     -2.2249261968E-05   3.0611932758E-08   2.5172920600E-07   4.5412316920E-03   7.3094356204E-07
   15      9.9745057775E-05  -1.0596027995E-03  -8.9060193731E-04   2.4956750994E-07  -1.3622481839E-02
   16     -1.7431455578E-04  -5.4908636093E-04   5.2809164008E-04   1.9167117298E-07  -2.6665189098E-02
   17     -1.4027564399E-04  -4.4601067742E-08  -9.7903875964E-08  -6.9892706354E-04   2.0090113090E-07
   18     -1.3994346854E-03  -4.1023508061E-03   1.6183379045E-05  -8.2433856287E-08  -3.6134397149E-03
   19      3.1563497632E-04  -1.0769340166E-03   2.0209484780E-03  -4.4180044876E-07   1.9356871611E-03
   20      9.6130115275E-04  -5.0876138697E-07   7.7779123953E-07   5.9696608360E-03  -2.9254066764E-07
   21      6.6400645535E-04  -1.8162314643E-03  -4.1944597500E-05  -1.8737420316E-08  -1.6964457553E-03
   22      3.9497445816E-04   1.3265283395E-03   1.0419718042E-04  -1.3807649381E-07  -7.4188736596E-04
   23     -5.6070078278E-05  -1.9169403254E-07  -2.6919763151E-08   3.8484288554E-04  -1.1064522915E-07
   24      5.5684303470E-05   3.6400780244E-03   2.1044515060E-04   2.1089291681E-07   1.1491686430E-03
   25      3.3113326738E-07  -1.0990237194E-03   2.8215699194E-03   4.7138258546E-08  -7.5358715203E-04
   26      6.3104690122E-05   4.6789111107E-08  -3.4589488126E-07  -3.8501773843E-03   2.3224062391E-09
   27      2.3324225980E-03  -4.0740675043E-04  -2.4494386327E-06  -3.0593844268E-07  -1.0165156739E-05
   28      2.2399216449E-04  -1.2774958003E-03   4.8838530935E-04   1.0054600369E-06  -6.1086767924E-05
   29      1.1681574769E-03   7.9474464924E-07   5.4905497951E-07   4.4548928188E-04   1.1937866108E-07
   30     -1.5906107108E-02   1.1097483809E-04  -1.2392056092E-04   7.1635239020E-04   4.9623331589E-06
   31     -4.2684331264E-05  -2.0926610553E-04   1.0688602896E-04   3.0806155636E-04   4.1711164653E-05
   32     -2.1244584824E-02  -6.3783452296E-05   6.5556712906E-06   1.2139074714E-04  -1.8779254130E-05
   33      1.3651377454E-01   1.1008322189E-04  -1.2368728119E-04  -7.1755482723E-04   4.9390857036E-06
   34      4.1162481959E-03  -2.0903431622E-04   1.0699274178E-04  -3.0807212307E-04   4.1650550027E-05
   35      2.3061716980E-01   6.4053058741E-05  -7.0172710858E-06   1.2092245824E-04   1.8720226686E-05
   36      6.4053058741E-05   1.1013041746E-01  -1.1142909481E-01   4.7888074397E-06   5.2758644627E-04
   37     -7.0172710858E-06  -1.1142909481E-01   2.9798440404E-01  -1.1630286101E-05   7.4234354081E-04
   38      1.2092245824E-04   4.7888074397E-06  -1.1630286101E-05   2.0655474432E-02  -3.8265628549E-08
