
$orca_hessian_file

$act_atom
  0

$act_coord
  0

$act_energy
        0.000000

$multiplicity
  1

$hessian
48
                    0                  1                  2                  3                  4        
    0      5.4053462142E-01  -5.2717867258E-02  -1.1446233239E-05  -1.2445253940E-01  -5.2160481684E-02
    1     -5.2717867258E-02   5.1880414097E-01  -1.8807109502E-05  -6.0225150958E-02  -1.7086238620E-01
    2     -1.1446233239E-05  -1.8807109502E-05   5.2889121724E-01   3.0461472107E-06   3.7635051717E-06
    3     -1.2445253940E-01  -6.0225150958E-02   3.0461472107E-06   6.5845517622E-01  -4.5450077266E-04
    4     -5.2160481684E-02  -1.7086238620E-01   3.7635051717E-06  -4.5450077266E-04   6.3317395213E-01
    5     -1.1950303751E-06  -2.9072597683E-06  -6.9901400551E-02   9.0967325703E-06  -1.5504541542E-06
    6     -2.3976386378E-02  -7.4431401452E-03   8.3186752426E-07  -3.2444619746E-01  -1.2257778104E-02
    7     -2.9576885811E-02   1.7748611007E-03   9.1197862618E-07   4.7814330416E-02  -1.2524881550E-01
    8     -2.6568649870E-06   1.4667533379E-06   6.3540580125E-03  -2.5453623825E-06   1.2540108313E-06
    9     -2.2660343891E-03   2.3241091478E-03   8.8079118026E-07  -3.7788742926E-02  -2.2753549455E-02
   10      3.7892418972E-03   8.5252607199E-04   2.7549554885E-06  -6.8890730929E-02   4.8121063955E-02
   11     -2.0403516003E-06   2.2628324790E-06   9.3641356024E-03   4.6529766026E-07  -1.5155066350E-06
   12     -1.2438021664E-03   3.4813652650E-05  -9.2843409998E-07  -3.7012181959E-02   3.2626336078E-02
   13     -1.6887853256E-03  -2.6718825121E-04  -1.9798978870E-06   2.7825026074E-02  -2.0362308603E-02
   14      2.0638299932E-07   1.5916003025E-07  -1.2465358901E-03  -6.3394859732E-07   6.0866550991E-07
   15     -1.6846658996E-03   3.7983150966E-03   5.0411976797E-07   5.5202322268E-02  -3.2581578980E-02
   16      5.2417780667E-03  -1.9983237925E-03   2.4260535088E-06   1.1053637546E-02  -5.4911953285E-02
   17      7.1155982474E-07  -4.4594092212E-07   4.6684339153E-03   1.5973226358E-07   6.2336443777E-07
   18      1.3043179368E-02  -1.2683678886E-02  -8.8374385408E-07  -1.2832945476E-01   8.4980998644E-02
   19      4.3578689545E-03  -3.2202892626E-02   1.0567711123E-06   3.2248434919E-02  -2.6899338518E-01
   20      2.0387684638E-06  -9.0823718875E-07   3.3901359108E-03  -6.8849348684E-07   3.0395255713E-06
   21     -9.5496886957E-04  -4.1951328041E-03   4.5924938808E-07  -3.4516448311E-02   5.7727972829E-03
   22      4.2922766641E-03  -2.0032730760E-03   3.6422482342E-06   2.6747791916E-02  -1.8742836761E-03
   23     -4.0281913384E-07   7.2599439769E-07  -2.7214421887E-03  -1.2148154054E-06   7.2469529535E-07
   24     -4.3079317766E-04   6.2033362400E-04   2.5238921176E-07   4.6916406361E-03  -1.7913494023E-03
   25     -1.4221147767E-03   5.0097511767E-04  -2.7419760363E-07   4.2235533900E-03  -9.9701615393E-03
   26      1.2435638740E-07  -2.0863029253E-07   1.8050689455E-05   1.6215018871E-08   4.3281222649E-07
   27     -1.3194860014E-01   2.3850982296E-04  -1.2663326332E-01  -1.4790198745E-02  -3.6733369400E-03
   28     -1.5471897972E-03  -4.5713878763E-02  -3.0134123876E-03  -1.6552918729E-02  -1.1661355600E-03
   29     -1.2551755587E-01  -2.5008617339E-03  -2.1330647385E-01   1.5109762443E-03  -1.0360436644E-03
   30     -1.3634561116E-01   1.2825815977E-01  -7.9512476338E-05   1.0612403387E-02  -1.7356508728E-02
   31      1.2346760824E-01  -2.2334748917E-01   1.1491608476E-04   1.6469476838E-02  -2.3528122494E-02
   32     -7.8202301637E-05   1.1934666229E-04  -4.6598884429E-02   4.8413086216E-08  -6.0669141568E-06
   33     -1.3220766263E-01   3.0993841280E-04   1.2672153113E-01  -1.4803684340E-02  -3.6625885839E-03
   34     -1.4718047115E-03  -4.5716473543E-02   2.9052603939E-03  -1.6572608733E-02  -1.1466531261E-03
   35      1.2560869451E-01   2.4027611479E-03  -2.1306959770E-01  -1.5187332046E-03   1.0323453742E-03
   36      1.3643297485E-03   2.2607971631E-03  -8.9772236245E-07  -1.0365473574E-02   2.7883747969E-02
   37     -1.6130659107E-03   8.2979021999E-04  -1.9109367611E-07   1.3459334896E-04  -6.5179058288E-04
   38      1.1198141194E-06  -1.6398713073E-06  -5.0972841625E-03   2.1604584360E-07   1.1431662638E-06
   39      1.5082009938E-04   9.8741493171E-06  -3.1525492393E-07  -8.4943579713E-04   7.2151852448E-04
   40      6.3658107658E-05   8.3963956400E-05  -4.1667298972E-07   1.1201454552E-03  -1.4678531907E-04
   41     -3.4124173073E-08  -2.6877480947E-07  -5.1880534706E-04   2.3839637036E-07   2.6946559907E-08
   42      7.8854674364E-04  -7.1941516441E-04   2.9413903230E-07  -1.9109678960E-03  -3.1254837563E-03
   43      9.7093821209E-04  -7.4777816834E-04  -1.3544445397E-07  -4.3850968412E-03  -2.5392371658E-03
   44     -9.4860436341E-08  -1.3271759612E-07   1.5325690531E-04   5.0331129405E-08  -1.2761806519E-08
   45     -3.7043315528E-04   1.9235086061E-04   9.6348937012E-08   3.0378265608E-04  -2.5280652584E-03
   46     -4.7991348017E-05   1.3426153129E-05   5.4344818663E-08  -1.9615977414E-04   1.0700214370E-04
   47      8.4068705629E-08  -1.1180698038E-07  -3.7886415986E-04   2.3186375957E-08   1.3539671516E-07
                    5                  6                  7                  8                  9        
    0     -1.1950303751E-06  -2.3976386378E-02  -2.9576885811E-02  -2.6568649870E-06  -2.2660343891E-03
    1     -2.9072597683E-06  -7.4431401452E-03   1.7748611007E-03   1.4667533379E-06   2.3241091478E-03
    2     -6.9901400551E-02   8.3186752426E-07   9.1197862618E-07   6.3540580125E-03   8.8079118026E-07
    3      9.0967325703E-06  -3.2444619746E-01   4.7814330416E-02  -2.5453623825E-06  -3.7788742926E-02
    4     -1.5504541542E-06  -1.2257778104E-02  -1.2524881550E-01   1.2540108313E-06  -2.2753549455E-02
    5      1.7065851355E-01  -2.4456452096E-06   3.4476800416E-07  -5.7935594095E-02  -3.8189652670E-07
    6     -2.4456452096E-06   6.9603527375E-01  -2.2992990880E-02   2.5833971409E-06  -1.6979953720E-01
    7      3.4476800416E-07  -2.2992990880E-02   7.1700001494E-01  -1.1241486341E-05  -1.1570068181E-01
    8     -5.7935594095E-02   2.5833971409E-06  -1.1241486341E-05   1.1999335062E-01   1.7718270741E-06
    9     -3.8189652670E-07  -1.6979953720E-01  -1.1570068181E-01   1.7718270741E-06   6.7211584870E-01
   10      2.2327912205E-08  -5.0457838976E-02  -2.6885115075E-01   2.7306332755E-06   1.2859922142E-02
   11     -1.1032230187E-03   1.1651361596E-06   3.3880527772E-06  -6.5809718568E-02  -1.0833810325E-06
   12     -3.4790937743E-07   5.2536428463E-02   9.4499604171E-03  -2.4445269957E-07  -1.4819400447E-01
   13      1.1879696031E-06  -2.7534668796E-02  -4.9961115898E-02   4.7099792625E-07   9.3365462608E-02
   14     -1.4622185982E-03   9.4760411842E-07   9.0069001364E-07   8.1066551943E-03  -9.9474540657E-07
   15      1.9098807717E-06  -4.4995163846E-02  -2.2116996582E-02   7.6067771268E-07  -1.9176800947E-02
   16      8.8818384091E-08  -2.3744612567E-02  -1.3506305379E-02   7.6315255269E-07   3.6487336475E-02
   17      6.1850514456E-03   3.2145403199E-08   9.6759319232E-08  -1.3900844781E-03  -2.3031233346E-07
   18     -2.4897059362E-06  -2.3377125272E-02   2.9840913178E-02  -8.9116470270E-07  -1.5249108004E-04
   19      3.9245846872E-06   7.6348906805E-02   2.0846438539E-02  -1.2670693726E-06  -6.5702482017E-03
   20     -6.6253609262E-02  -1.3725589219E-06   2.6860157059E-07   7.4840430258E-03  -5.7157236799E-07
   21     -1.5601652261E-06   1.6746080661E-03   4.3947851074E-03  -7.4303077786E-07   2.5507042491E-03
   22      8.2363318924E-07  -8.6635166199E-04  -4.6195460972E-03   6.0028580387E-07  -5.9423554180E-04
   23      3.1463716796E-03   1.5531625917E-07   3.3723171895E-07   3.9818104380E-03  -1.4208996865E-08
   24     -1.0765513899E-07  -4.9382775819E-02  -8.2695187462E-03   6.7260946720E-07  -2.7921801714E-01
   25     -6.0917134634E-08  -4.5965430001E-02   9.8282821964E-03   6.2109794142E-07   3.2251235582E-03
   26      4.5138907047E-03   9.6605448389E-07  -1.3970326642E-07   6.2227671137E-03   1.5767731959E-06
   27     -1.3694059140E-02  -1.2897649408E-04  -2.4602369772E-03  -9.4034135525E-05  -4.3722558754E-04
   28     -2.2946704614E-02  -8.0014289303E-05  -2.3745992555E-03  -2.2650326437E-05  -3.8921391530E-04
   29      2.4877149042E-03   7.7190242050E-04   8.6533366457E-05  -3.5331625734E-04   1.8078038463E-04
   30      1.1640372338E-05   9.4629980768E-04  -1.6823667379E-03   2.5723192786E-07  -1.8147954776E-05
   31      1.2562851181E-05   2.5427721725E-03   1.5550879237E-03  -1.2097001011E-06  -1.3855396346E-05
   32     -2.2369818407E-03  -5.9109900702E-07  -3.9719800847E-07  -2.7663335401E-04   2.5777646073E-07
   33      1.3680104029E-02  -1.2922789486E-04  -2.4621231008E-03   9.6717120467E-05  -4.3803648476E-04
   34      2.2933059325E-02  -8.3857500795E-05  -2.3801732350E-03   2.2315690113E-05  -3.9009287083E-04
   35      2.4837375700E-03  -7.7092092826E-04  -8.6414308340E-05  -3.5336622612E-04  -1.8174128112E-04
   36     -4.4190719369E-07  -1.0710102936E-01   1.0771429470E-01  -2.0871724207E-06   1.0942684162E-02
   37      3.3249421531E-07   1.0689985781E-01  -2.8238664272E-01   5.8156108918E-06   1.5824422069E-02
   38      2.7789797191E-03  -2.0216677486E-06   5.9050891320E-06  -3.2147806196E-02  -8.1047097430E-07
   39     -5.6907353710E-08  -5.8277500207E-05   2.9775784553E-03  -1.2305144024E-08   6.8393282691E-03
   40     -9.9440194577E-08   4.3573373009E-03  -4.1708039656E-03   2.3342162720E-07  -2.1764058009E-02
   41     -9.2918635257E-04  -1.4198692047E-07  -3.2943746866E-08   4.8623789133E-03  -1.8267476719E-09
   42     -1.2218586377E-07  -7.9385454515E-04  -5.6386452197E-04  -7.1764887556E-08  -5.1049333103E-03
   43     -8.6108796415E-08  -8.5836363543E-04   6.0512398772E-04   1.2821036592E-07  -3.5024706933E-04
   44      5.6040471701E-03  -2.4208342381E-07  -4.2933920170E-08  -1.1442013100E-03  -6.6878648602E-08
   45     -6.3783850188E-08  -7.0040583226E-03   3.8850690172E-03  -3.1349571870E-07  -2.9854593893E-02
   46      1.5386043118E-07   1.8849063461E-03   1.8893441072E-03  -4.9783220376E-07   4.3075859504E-03
   47      1.9639069703E-03  -1.1086646253E-08   4.8585791886E-08   2.4056571682E-03  -5.9034320273E-07
                   10                 11                 12                 13                 14        
    0      3.7892418972E-03  -2.0403516003E-06  -1.2438021664E-03  -1.6887853256E-03   2.0638299932E-07
    1      8.5252607199E-04   2.2628324790E-06   3.4813652650E-05  -2.6718825121E-04   1.5916003025E-07
    2      2.7549554885E-06   9.3641356024E-03  -9.2843409998E-07  -1.9798978870E-06  -1.2465358901E-03
    3     -6.8890730929E-02   4.6529766026E-07  -3.7012181959E-02   2.7825026074E-02  -6.3394859732E-07
    4      4.8121063955E-02  -1.5155066350E-06   3.2626336078E-02  -2.0362308603E-02   6.0866550991E-07
    5      2.2327912205E-08  -1.1032230187E-03  -3.4790937743E-07   1.1879696031E-06  -1.4622185982E-03
    6     -5.0457838976E-02   1.1651361596E-06   5.2536428463E-02  -2.7534668796E-02   9.4760411842E-07
    7     -2.6885115075E-01   3.3880527772E-06   9.4499604171E-03  -4.9961115898E-02   9.0069001364E-07
    8      2.7306332755E-06  -6.5809718568E-02  -2.4445269957E-07   4.7099792625E-07   8.1066551943E-03
    9      1.2859922142E-02  -1.0833810325E-06  -1.4819400447E-01   9.3365462608E-02  -9.9474540657E-07
   10      7.0895720653E-01  -7.0405541566E-06   2.4575098993E-02  -2.9555717731E-01   7.7969228268E-08
   11     -7.0405541566E-06   1.5182611147E-01  -1.8148051368E-07   1.1728559373E-06  -6.1731278614E-02
   12      2.4575098993E-02  -1.8148051368E-07   6.9832171548E-01   3.3314042145E-02   2.4624945106E-06
   13     -2.9555717731E-01   1.1728559373E-06   3.3314042145E-02   6.9955787110E-01  -8.9677136348E-07
   14      7.7969228268E-08  -6.1731278614E-02   2.4624945106E-06  -8.9677136348E-07   1.0933215625E-01
   15      8.2220487755E-02  -9.2091816374E-07  -3.3808647319E-01  -9.2310410702E-03  -1.7935841851E-06
   16      2.5639204837E-02  -1.0563112328E-07   4.7805753628E-02  -1.2369516648E-01   8.8605947482E-07
   17      3.0959424677E-07   5.9060512433E-04  -2.7367184349E-06   4.8004033485E-07  -4.9981763046E-02
   18     -7.7844751824E-03   2.1052952866E-08  -4.1039198584E-02  -1.9228793959E-02  -3.3851804570E-07
   19     -7.2263440866E-02   1.1909165983E-06  -6.9190948214E-02   3.6032463492E-02  -1.1498975636E-06
   20      1.4757057187E-06  -3.2588406880E-03   2.0014408614E-06  -2.0123036984E-06   6.3140668522E-03
   21      7.5537709692E-05  -1.5740482800E-08   1.9059271688E-03  -4.7316466608E-03  -1.1661499922E-08
   22      7.5307885208E-04   9.0838993987E-08   2.3382905601E-04  -2.7870518200E-03   5.2152811099E-08
   23     -1.5442256302E-07  -6.0326117157E-04  -2.3873999083E-08  -3.2501023754E-09   4.4693647263E-03
   24      5.5874226159E-02   1.3129986186E-07  -3.8282859708E-02   8.7825110731E-03  -1.8901513583E-08
   25     -1.1413512363E-01   1.5488335093E-06   4.7791324899E-02  -1.8714526270E-03  -1.7561185675E-08
   26      1.4317672470E-06  -4.0280833640E-02  -8.7692500017E-08   9.5570941474E-08   8.4124156082E-03
   27     -1.7403063789E-04   1.2949194659E-03   1.6342650301E-04   5.3520764854E-05  -1.1184040287E-04
   28      4.1354596288E-05   1.1738507623E-03  -4.2550390913E-04  -2.9388652803E-04  -2.0927995917E-04
   29     -3.7972825472E-05  -3.3678077120E-04   2.1830031095E-05   1.6798452281E-05  -2.4413602330E-05
   30     -1.3546399095E-04   6.0449813409E-07   1.1417832778E-04  -6.2351705896E-05   1.1790918431E-07
   31     -1.9790396275E-04  -8.1417525612E-07  -2.4650867189E-04   4.3599795101E-04   1.1472482857E-07
   32     -2.0861207960E-07  -1.7845689396E-04   7.4256581708E-07   3.0489194547E-08   3.3128795960E-05
   33     -1.7470570927E-04  -1.2933046421E-03   1.6288285049E-04   5.4313240512E-05   1.1166501059E-04
   34      4.4006426450E-05  -1.1739460127E-03  -4.2458998600E-04  -2.9436579746E-04   2.0927617752E-04
   35      3.5752544678E-05  -3.3664290616E-04  -2.1795204926E-05  -1.5679188512E-05  -2.4454392467E-05
   36     -1.5936020605E-02   2.9833185110E-07  -1.9392813058E-03  -3.1975339965E-03  -6.2414418405E-09
   37     -2.0193415417E-02   1.5694114729E-07  -4.4470953378E-03  -2.8073587562E-03   1.3988357110E-07
   38     -1.7595875205E-07   4.6699072882E-03   8.4984641761E-08   2.2109959426E-07   4.5983452648E-03
   39      1.0786731912E-02  -1.2443674056E-08  -1.4288739729E-01  -1.2549175417E-01  -3.5429674043E-07
   40     -1.8228103318E-02  -2.0748303985E-07  -1.2587978144E-01  -2.4325906601E-01  -3.3566869007E-07
   41      6.5750409772E-07   2.9636859172E-03  -2.3651383482E-07  -6.4466225814E-07  -2.7797304275E-02
   42     -1.3453061543E-03  -1.3404930658E-07  -8.6996850863E-03   2.8564233985E-02  -2.7937418370E-07
   43      2.0858016370E-03  -4.5060944886E-08  -5.9834997224E-04   1.6761209390E-03  -3.1161967372E-08
   44      3.0980840366E-07   7.4819943729E-03   2.9918417126E-07   1.1979728541E-07   1.9577697341E-03
   45     -4.5150454063E-02   1.3072890950E-06   4.1803249710E-03  -1.0938626838E-03   1.3928730310E-07
   46      2.9320723441E-03  -2.0163600477E-07   5.6829471458E-03   3.4536845965E-03   1.2880379006E-07
   47      2.4358892564E-07  -3.2574034983E-03  -1.0543493228E-07   5.5338889822E-09  -9.5593401170E-04
                   15                 16                 17                 18                 19        
    0     -1.6846658996E-03   5.2417780667E-03   7.1155982474E-07   1.3043179368E-02   4.3578689545E-03
    1      3.7983150966E-03  -1.9983237925E-03  -4.4594092212E-07  -1.2683678886E-02  -3.2202892626E-02
    2      5.0411976797E-07   2.4260535088E-06   4.6684339153E-03  -8.8374385408E-07   1.0567711123E-06
    3      5.5202322268E-02   1.1053637546E-02   1.5973226358E-07  -1.2832945476E-01   3.2248434919E-02
    4     -3.2581578980E-02  -5.4911953285E-02   6.2336443777E-07   8.4980998644E-02  -2.6899338518E-01
    5      1.9098807717E-06   8.8818384091E-08   6.1850514456E-03  -2.4897059362E-06   3.9245846872E-06
    6     -4.4995163846E-02  -2.3744612567E-02   3.2145403199E-08  -2.3377125272E-02   7.6348906805E-02
    7     -2.2116996582E-02  -1.3506305379E-02   9.6759319232E-08   2.9840913178E-02   2.0846438539E-02
    8      7.6067771268E-07   7.6315255269E-07  -1.3900844781E-03  -8.9116470270E-07  -1.2670693726E-06
    9     -1.9176800947E-02   3.6487336475E-02  -2.3031233346E-07  -1.5249108004E-04  -6.5702482017E-03
   10      8.2220487755E-02   2.5639204837E-02   3.0959424677E-07  -7.7844751824E-03  -7.2263440866E-02
   11     -9.2091816374E-07  -1.0563112328E-07   5.9060512433E-04   2.1052952866E-08   1.1909165983E-06
   12     -3.3808647319E-01   4.7805753628E-02  -2.7367184349E-06  -4.1039198584E-02  -6.9190948214E-02
   13     -9.2310410702E-03  -1.2369516648E-01   4.8004033485E-07  -1.9228793959E-02   3.6032463492E-02
   14     -1.7935841851E-06   8.8605947482E-07  -4.9981763046E-02  -3.3851804570E-07  -1.1498975636E-06
   15      6.7893374069E-01  -3.4443883847E-02   5.9330960492E-06  -1.6601261630E-01  -6.9191772678E-02
   16     -3.4443883847E-02   7.2352899883E-01  -4.3881720413E-06  -1.2501585401E-01  -2.6978372585E-01
   17      5.9330960492E-06  -4.3881720413E-06   1.2303513888E-01  -3.7888854670E-07   4.2061171754E-09
   18     -1.6601261630E-01  -1.2501585401E-01  -3.7888854670E-07   4.8131715716E-01   3.3433707381E-02
   19     -6.9191772678E-02  -2.6978372585E-01   4.2061171754E-09   3.3433707381E-02   6.4020323965E-01
   20     -2.2320267296E-06  -3.1870123401E-07  -5.8559173996E-02   7.8638371439E-06  -5.5889354234E-06
   21     -4.2855004384E-02   2.4731283412E-03  -2.4146310028E-06  -1.3161085300E-01   1.0153519048E-02
   22     -2.2614978568E-02   5.5529315358E-03  -2.2755912827E-07   8.1677673396E-03  -4.1943582870E-02
   23     -7.9216114164E-07   3.8697457378E-07   2.8555121365E-03  -4.2095370052E-06   6.9226276186E-07
   24      1.3672547075E-03   1.4225035124E-03  -6.8420075696E-08  -6.5181585775E-04   1.8089666877E-03
   25     -6.5187936378E-03  -8.0627423609E-03   8.3004588230E-08   6.6305343307E-04   6.2791800978E-03
   26     -6.8880615330E-08  -1.3073183074E-07   7.2149169099E-03   1.1428049561E-09   7.5462942540E-08
   27     -5.5732493709E-04  -3.7463937864E-04   2.4823919549E-04  -6.4163055607E-04   2.2291765933E-03
   28      6.0137624971E-05   4.6558307662E-04   8.0581093117E-04  -1.8955948204E-03   1.7250105378E-04
   29      1.0490475150E-04  -1.7981269472E-04  -1.2991724534E-04  -1.4211344329E-03   3.0716361274E-04
   30      6.7333625856E-04  -8.2576953627E-04  -6.4480475166E-07  -3.4936362497E-03  -2.8319211914E-03
   31      1.5000477155E-03  -8.5516703457E-04  -6.0451849586E-07  -4.0538188467E-03  -2.9453328088E-03
   32     -6.1271079868E-07  -6.0483587978E-07   4.2904268681E-04   1.2788593687E-07  -4.0693926472E-07
   33     -5.5630101454E-04  -3.7416937961E-04  -2.4769414059E-04  -6.4214985341E-04   2.2285775891E-03
   34      5.9703383801E-05   4.6564123261E-04  -8.0472114110E-04  -1.8945950480E-03   1.7451439855E-04
   35     -1.0516064825E-04   1.7922154404E-04  -1.2982929508E-04   1.4220153481E-03  -3.0609780448E-04
   36     -9.3283028890E-04  -5.8164509796E-04  -3.1556183294E-08  -4.0593282534E-03  -9.9035350519E-04
   37     -9.1318730152E-04   5.2847037110E-04  -5.1590419683E-08  -1.1195757940E-04   1.7890784113E-03
   38      2.2966111216E-07   1.4638964802E-07  -8.5615958305E-04  -2.1727307755E-08  -3.2337408932E-07
   39     -1.4164413610E-02  -2.7969964804E-02  -2.0064091026E-08  -3.6340880110E-03   1.9565979558E-03
   40      2.7554717938E-03   5.1412224518E-03  -9.7472957245E-08   1.1646422473E-03   2.0380456605E-03
   41     -1.6818809632E-07  -8.5462969253E-08   3.4233887377E-04  -1.7160034546E-07   3.7901861367E-08
   42     -1.0637878431E-01   1.0974763354E-01  -1.4281544504E-06   9.2107831328E-03  -1.6809046535E-02
   43      1.0698393970E-01  -2.8757517249E-01   2.4981306558E-06   1.4195706593E-02  -1.9250334082E-02
   44     -1.7701851679E-06   2.2608390186E-06  -3.3623391446E-02   1.0356930800E-07   5.9626767117E-07
   45     -7.7627519846E-04  -5.6758888585E-04  -1.5258123724E-07   7.3268116770E-05   8.0560683132E-04
   46     -9.9514008480E-05  -9.3349566182E-04  -5.9208132494E-08   2.3490707921E-04  -1.5276701260E-04
   47      1.6589050642E-09  -4.4029081750E-08  -6.5072087807E-04   3.3531133597E-08   7.2123133726E-08
                   20                 21                 22                 23                 24        
    0      2.0387684638E-06  -9.5496886957E-04   4.2922766641E-03  -4.0281913384E-07  -4.3079317766E-04
    1     -9.0823718875E-07  -4.1951328041E-03  -2.0032730760E-03   7.2599439769E-07   6.2033362400E-04
    2      3.3901359108E-03   4.5924938808E-07   3.6422482342E-06  -2.7214421887E-03   2.5238921176E-07
    3     -6.8849348684E-07  -3.4516448311E-02   2.6747791916E-02  -1.2148154054E-06   4.6916406361E-03
    4      3.0395255713E-06   5.7727972829E-03  -1.8742836761E-03   7.2469529535E-07  -1.7913494023E-03
    5     -6.6253609262E-02  -1.5601652261E-06   8.2363318924E-07   3.1463716796E-03  -1.0765513899E-07
    6     -1.3725589219E-06   1.6746080661E-03  -8.6635166199E-04   1.5531625917E-07  -4.9382775819E-02
    7      2.6860157059E-07   4.3947851074E-03  -4.6195460972E-03   3.3723171895E-07  -8.2695187462E-03
    8      7.4840430258E-03  -7.4303077786E-07   6.0028580387E-07   3.9818104380E-03   6.7260946720E-07
    9     -5.7157236799E-07   2.5507042491E-03  -5.9423554180E-04  -1.4208996865E-08  -2.7921801714E-01
   10      1.4757057187E-06   7.5537709692E-05   7.5307885208E-04  -1.5442256302E-07   5.5874226159E-02
   11     -3.2588406880E-03  -1.5740482800E-08   9.0838993987E-08  -6.0326117157E-04   1.3129986186E-07
   12      2.0014408614E-06   1.9059271688E-03   2.3382905601E-04  -2.3873999083E-08  -3.8282859708E-02
   13     -2.0123036984E-06  -4.7316466608E-03  -2.7870518200E-03  -3.2501023754E-09   8.7825110731E-03
   14      6.3140668522E-03  -1.1661499922E-08   5.2152811099E-08   4.4693647263E-03  -1.8901513583E-08
   15     -2.2320267296E-06  -4.2855004384E-02  -2.2614978568E-02  -7.9216114164E-07   1.3672547075E-03
   16     -3.1870123401E-07   2.4731283412E-03   5.5529315358E-03   3.8697457378E-07   1.4225035124E-03
   17     -5.8559173996E-02  -2.4146310028E-06  -2.2755912827E-07   2.8555121365E-03  -6.8420075696E-08
   18      7.8638371439E-06  -1.3161085300E-01   8.1677673396E-03  -4.2095370052E-06  -6.5181585775E-04
   19     -5.5889354234E-06   1.0153519048E-02  -4.1943582870E-02   6.9226276186E-07   1.8089666877E-03
   20      1.1420667990E-01  -4.6709810400E-06   1.0036550247E-06  -2.1543369293E-02   6.1841040137E-07
   21     -4.6709810400E-06   2.0817125321E-01  -1.6909985150E-02   8.7391463396E-06  -4.2111744141E-03
   22      1.0036550247E-06  -1.6909985150E-02   4.6555944987E-02  -3.8316680194E-06   4.0057668328E-04
   23     -2.1543369293E-02   8.7391463396E-06  -3.8316680194E-06   1.2923666793E-02  -1.5389934147E-07
   24      6.1841040137E-07  -4.2111744141E-03   4.0057668328E-04  -1.5389934147E-07   4.9253994545E-01
   25      1.0896654788E-07   4.0233172144E-04   2.3764063360E-04   7.2005081132E-08   1.4913929590E-01
   26     -1.3493654046E-03   3.7977522486E-08  -5.5637976025E-08  -4.9868683659E-04  -8.2486272243E-06
   27      4.3968528397E-04   9.5941871766E-04   2.5375056082E-04   1.2484369321E-04  -2.7450619286E-04
   28      4.3295508131E-04   1.1974704611E-03  -6.5412781448E-04  -4.9014444877E-04  -8.0539516014E-05
   29      9.3968160109E-04   6.6463473303E-04   4.0904724736E-04  -4.3172912626E-05   4.7455318984E-05
   30     -5.3665257232E-07   2.0067121190E-04   1.0678823099E-03   1.2265018890E-07   2.4191749108E-04
   31      1.2442170180E-06  -5.3838849181E-04   1.6178511152E-04   2.2185599477E-07  -2.8312862760E-04
   32      1.3170905333E-03  -5.7130877468E-08  -1.1175717643E-06   2.7354106726E-04   9.0519234762E-08
   33     -4.4092554976E-04   9.5945225155E-04   2.5857670930E-04  -1.2618012731E-04  -2.7460600874E-04
   34     -4.3234633712E-04   1.1988303349E-03  -6.5862089104E-04   4.9097717528E-04  -8.0716651969E-05
   35      9.4035524192E-04  -6.6533541969E-04  -4.0957462260E-04  -4.3446544758E-05  -4.7667369741E-05
   36     -3.9650357840E-07  -1.6937989381E-03   1.2408010223E-03  -1.1663195241E-07   1.2385242272E-03
   37      6.1597351376E-07  -1.6990869859E-04   2.0375188304E-04  -3.7730034935E-08   5.0245247868E-04
   38      6.3631189192E-03   1.0025515535E-08  -1.4622150427E-07   3.3300823802E-04   1.3504774941E-07
   39     -1.4246026084E-07  -1.8190745151E-03  -7.9107393765E-04  -9.2819836692E-08   3.8339614990E-03
   40      9.3338019391E-08   2.2287621490E-04   9.2328968852E-05  -1.8928542193E-08  -3.1593756902E-04
   41      6.8654173838E-03   1.0877459445E-07  -5.1757159525E-08   4.5869668688E-04   5.7072577335E-08
   42     -1.1329364101E-07   7.6042224653E-04  -9.8154131802E-04  -7.4583755061E-09  -1.3125233745E-03
   43      6.5735629353E-07   5.1147029298E-04   1.0358572523E-03   3.4585691155E-08  -2.6384774548E-05
   44      3.0456153805E-03   1.4504849101E-07  -1.5962031878E-07  -2.9120223287E-03  -3.8474396627E-08
   45     -2.0469721429E-07   4.7886531696E-04   7.2613688705E-05  -3.5449191432E-08  -1.2987417232E-01
   46     -2.6799535046E-07   1.6461551816E-04  -5.2832979449E-05  -4.6079727630E-08  -2.0774296361E-01
   47      9.8153895529E-05   5.6801405212E-08  -3.1655976590E-08  -7.6570489553E-05   7.1796941580E-06
                   25                 26                 27                 28                 29        
    0     -1.4221147767E-03   1.2435638740E-07  -1.3194860014E-01  -1.5471897972E-03  -1.2551755587E-01
    1      5.0097511767E-04  -2.0863029253E-07   2.3850982296E-04  -4.5713878763E-02  -2.5008617339E-03
    2     -2.7419760363E-07   1.8050689455E-05  -1.2663326332E-01  -3.0134123876E-03  -2.1330647385E-01
    3      4.2235533900E-03   1.6215018871E-08  -1.4790198745E-02  -1.6552918729E-02   1.5109762443E-03
    4     -9.9701615393E-03   4.3281222649E-07  -3.6733369400E-03  -1.1661355600E-03  -1.0360436644E-03
    5     -6.0917134634E-08   4.5138907047E-03  -1.3694059140E-02  -2.2946704614E-02   2.4877149042E-03
    6     -4.5965430001E-02   9.6605448389E-07  -1.2897649408E-04  -8.0014289303E-05   7.7190242050E-04
    7      9.8282821964E-03  -1.3970326642E-07  -2.4602369772E-03  -2.3745992555E-03   8.6533366457E-05
    8      6.2109794142E-07   6.2227671137E-03  -9.4034135525E-05  -2.2650326437E-05  -3.5331625734E-04
    9      3.2251235582E-03   1.5767731959E-06  -4.3722558754E-04  -3.8921391530E-04   1.8078038463E-04
   10     -1.1413512363E-01   1.4317672470E-06  -1.7403063789E-04   4.1354596288E-05  -3.7972825472E-05
   11      1.5488335093E-06  -4.0280833640E-02   1.2949194659E-03   1.1738507623E-03  -3.3678077120E-04
   12      4.7791324899E-02  -8.7692500017E-08   1.6342650301E-04  -4.2550390913E-04   2.1830031095E-05
   13     -1.8714526270E-03   9.5570941474E-08   5.3520764854E-05  -2.9388652803E-04   1.6798452281E-05
   14     -1.7561185675E-08   8.4124156082E-03  -1.1184040287E-04  -2.0927995917E-04  -2.4413602330E-05
   15     -6.5187936378E-03  -6.8880615330E-08  -5.5732493709E-04   6.0137624971E-05   1.0490475150E-04
   16     -8.0627423609E-03  -1.3073183074E-07  -3.7463937864E-04   4.6558307662E-04  -1.7981269472E-04
   17      8.3004588230E-08   7.2149169099E-03   2.4823919549E-04   8.0581093117E-04  -1.2991724534E-04
   18      6.6305343307E-04   1.1428049561E-09  -6.4163055607E-04  -1.8955948204E-03  -1.4211344329E-03
   19      6.2791800978E-03   7.5462942540E-08   2.2291765933E-03   1.7250105378E-04   3.0716361274E-04
   20      1.0896654788E-07  -1.3493654046E-03   4.3968528397E-04   4.3295508131E-04   9.3968160109E-04
   21      4.0233172144E-04   3.7977522486E-08   9.5941871766E-04   1.1974704611E-03   6.6463473303E-04
   22      2.3764063360E-04  -5.5637976025E-08   2.5375056082E-04  -6.5412781448E-04   4.0904724736E-04
   23      7.2005081132E-08  -4.9868683659E-04   1.2484369321E-04  -4.9014444877E-04  -4.3172912626E-05
   24      1.4913929590E-01  -8.2486272243E-06  -2.7450619286E-04  -8.0539516014E-05   4.7455318984E-05
   25      5.3325219121E-01  -1.4834967328E-05  -1.8432863808E-04  -1.8635075644E-04   7.8843526537E-06
   26     -1.4834967328E-05   2.6357154285E-02   2.1286775837E-05   2.1972658799E-05   4.1819478687E-05
   27     -1.8432863808E-04   2.1286775837E-05   1.4646466847E-01   5.2236186151E-03   1.3715807291E-01
   28     -1.8635075644E-04   2.1972658799E-05   5.2236186151E-03   4.9038641647E-02   2.7755518890E-03
   29      7.8843526537E-06   4.1819478687E-05   1.3715807291E-01   2.7755518890E-03   2.3076340106E-01
   30      1.0961841546E-04  -5.7402822236E-08  -9.9793883681E-03   1.3992336348E-02   2.3674947946E-03
   31      1.4057448359E-04  -3.3162291637E-09  -1.4908915409E-03   1.2923526713E-03   2.0164106218E-04
   32      1.2160902799E-07  -4.7134377771E-05  -1.3842054743E-02   2.1900957397E-02   1.1860815283E-03
   33     -1.8458223378E-04  -2.1400056500E-05   1.1058685013E-02   5.8609307148E-04  -1.5944250827E-02
   34     -1.8695807745E-04  -2.1913010159E-05   5.9606255020E-04  -6.7667950591E-04   5.6650686624E-05
   35     -7.7978028420E-06   4.1758213759E-05   1.5976147367E-02  -6.8640134730E-05  -2.1398619381E-02
   36      5.7226494439E-04  -1.4537573838E-08   1.4435322914E-04  -1.7663566139E-04   7.1712944642E-05
   37      1.7506441455E-03  -1.2056792039E-07  -1.4003484114E-04   1.0096396835E-04  -8.2095696325E-06
   38      2.0652383033E-08  -3.2892659410E-03  -7.3974371526E-04  -3.4211231817E-04   1.3096110634E-04
   39      4.9119881602E-04  -3.7309097926E-08  -5.2915663819E-06   2.8559039642E-05   1.5885122728E-05
   40      2.7228488037E-03  -2.4505688296E-08  -3.7888040000E-05   2.3402154811E-05  -4.0292786076E-06
   41     -9.4149323437E-08  -3.8024999346E-03  -8.3853897180E-05   2.7630606930E-05   1.8562645788E-05
   42      1.7598115501E-03   5.1609623722E-08   2.8337687021E-05   5.5888195710E-05  -4.7853884716E-05
   43     -8.4810304175E-05  -2.6748537731E-08  -1.7693312517E-05  -3.7131657941E-05  -5.4931646588E-05
   44      1.3539538951E-08   7.8679432216E-05  -7.7266980802E-06  -2.0339973248E-05   2.0536084534E-06
   45     -1.5406265457E-01   5.5645872446E-06  -5.5747030621E-05  -2.3231029541E-05   1.5389212230E-05
   46     -4.2021473740E-01   1.3519669980E-05  -1.4820289095E-05  -3.2009326895E-05  -4.4332296270E-06
   47      1.2535411238E-05  -3.6336663006E-03  -5.6862483220E-05  -6.0421190445E-05   2.2418081573E-05
                   30                 31                 32                 33                 34        
    0     -1.3634561116E-01   1.2346760824E-01  -7.8202301637E-05  -1.3220766263E-01  -1.4718047115E-03
    1      1.2825815977E-01  -2.2334748917E-01   1.1934666229E-04   3.0993841280E-04  -4.5716473543E-02
    2     -7.9512476338E-05   1.1491608476E-04  -4.6598884429E-02   1.2672153113E-01   2.9052603939E-03
    3      1.0612403387E-02   1.6469476838E-02   4.8413086216E-08  -1.4803684340E-02  -1.6572608733E-02
    4     -1.7356508728E-02  -2.3528122494E-02  -6.0669141568E-06  -3.6625885839E-03  -1.1466531261E-03
    5      1.1640372338E-05   1.2562851181E-05  -2.2369818407E-03   1.3680104029E-02   2.2933059325E-02
    6      9.4629980768E-04   2.5427721725E-03  -5.9109900702E-07  -1.2922789486E-04  -8.3857500795E-05
    7     -1.6823667379E-03   1.5550879237E-03  -3.9719800847E-07  -2.4621231008E-03  -2.3801732350E-03
    8      2.5723192786E-07  -1.2097001011E-06  -2.7663335401E-04   9.6717120467E-05   2.2315690113E-05
    9     -1.8147954776E-05  -1.3855396346E-05   2.5777646073E-07  -4.3803648476E-04  -3.9009287083E-04
   10     -1.3546399095E-04  -1.9790396275E-04  -2.0861207960E-07  -1.7470570927E-04   4.4006426450E-05
   11      6.0449813409E-07  -8.1417525612E-07  -1.7845689396E-04  -1.2933046421E-03  -1.1739460127E-03
   12      1.1417832778E-04  -2.4650867189E-04   7.4256581708E-07   1.6288285049E-04  -4.2458998600E-04
   13     -6.2351705896E-05   4.3599795101E-04   3.0489194547E-08   5.4313240512E-05  -2.9436579746E-04
   14      1.1790918431E-07   1.1472482857E-07   3.3128795960E-05   1.1166501059E-04   2.0927617752E-04
   15      6.7333625856E-04   1.5000477155E-03  -6.1271079868E-07  -5.5630101454E-04   5.9703383801E-05
   16     -8.2576953627E-04  -8.5516703457E-04  -6.0483587978E-07  -3.7416937961E-04   4.6564123261E-04
   17     -6.4480475166E-07  -6.0451849586E-07   4.2904268681E-04  -2.4769414059E-04  -8.0472114110E-04
   18     -3.4936362497E-03  -4.0538188467E-03   1.2788593687E-07  -6.4214985341E-04  -1.8945950480E-03
   19     -2.8319211914E-03  -2.9453328088E-03  -4.0693926472E-07   2.2285775891E-03   1.7451439855E-04
   20     -5.3665257232E-07   1.2442170180E-06   1.3170905333E-03  -4.4092554976E-04  -4.3234633712E-04
   21      2.0067121190E-04  -5.3838849181E-04  -5.7130877468E-08   9.5945225155E-04   1.1988303349E-03
   22      1.0678823099E-03   1.6178511152E-04  -1.1175717643E-06   2.5857670930E-04  -6.5862089104E-04
   23      1.2265018890E-07   2.2185599477E-07   2.7354106726E-04  -1.2618012731E-04   4.9097717528E-04
   24      2.4191749108E-04  -2.8312862760E-04   9.0519234762E-08  -2.7460600874E-04  -8.0716651969E-05
   25      1.0961841546E-04   1.4057448359E-04   1.2160902799E-07  -1.8458223378E-04  -1.8695807745E-04
   26     -5.7402822236E-08  -3.3162291637E-09  -4.7134377771E-05  -2.1400056500E-05  -2.1913010159E-05
   27     -9.9793883681E-03  -1.4908915409E-03  -1.3842054743E-02   1.1058685013E-02   5.9606255020E-04
   28      1.3992336348E-02   1.2923526713E-03   2.1900957397E-02   5.8609307148E-04  -6.7667950591E-04
   29      2.3674947946E-03   2.0164106218E-04   1.1860815283E-03  -1.5944250827E-02   5.6650686624E-05
   30      1.4762069731E-01  -1.3430531045E-01   8.9432508667E-05  -9.9896394086E-03   1.4011551087E-02
   31     -1.3430531045E-01   2.4580708255E-01  -1.2559207388E-04  -1.4832709779E-03   1.2799671562E-03
   32      8.9432508667E-05  -1.2559207388E-04   4.4614717849E-02   1.3830182994E-02  -2.1886650471E-02
   33     -9.9896394086E-03  -1.4832709779E-03   1.3830182994E-02   1.4674789212E-01   5.1412132475E-03
   34      1.4011551087E-02   1.2799671562E-03  -2.1886650471E-02   5.1412132475E-03   4.9040540081E-02
   35     -2.3883660521E-03  -2.0348024603E-04   1.2114204754E-03  -1.3725280941E-01  -2.6582997587E-03
   36     -4.3633626953E-04  -1.2325977099E-03   6.0651985561E-07   1.4511747094E-04  -1.7680683622E-04
   37      3.7169290030E-05   4.8871392350E-04   4.2625904088E-07  -1.4025622170E-04   1.0086907699E-04
   38     -2.5690592074E-07   8.4285814946E-07   4.3539501231E-04   7.3871589760E-04   3.4210113338E-04
   39     -3.0059074367E-06  -7.0660427455E-05   9.2366075730E-08  -5.2602890253E-06   2.8628029919E-05
   40      1.4453193406E-05   7.5311259719E-05   1.0800952672E-07  -3.7936438662E-05   2.3383069049E-05
   41     -1.4718555478E-07   1.2512899813E-07   9.9457270522E-06   8.3758647556E-05  -2.7713307883E-05
   42     -1.7208455038E-04  -3.2018553688E-04  -1.5385433158E-07   2.8409761248E-05   5.5941648333E-05
   43     -2.9098855555E-04  -3.6639801756E-04   1.7513613241E-07  -1.7704074271E-05  -3.7005354669E-05
   44     -5.9007321476E-08  -7.9165838568E-08  -1.6562219981E-04   7.8047304131E-06   2.0270675821E-05
   45      2.8346079655E-05   6.3135108308E-05  -2.9551830517E-10  -5.5871535762E-05  -2.3434601121E-05
   46     -4.9129042325E-06   3.5404539960E-06  -2.7908628380E-08  -1.4798893072E-05  -3.1991909698E-05
   47      1.1079301726E-09   2.1374756492E-08  -6.6505791447E-06   5.6747920811E-05   6.0420045196E-05
                   35                 36                 37                 38                 39        
    0      1.2560869451E-01   1.3643297485E-03  -1.6130659107E-03   1.1198141194E-06   1.5082009938E-04
    1      2.4027611479E-03   2.2607971631E-03   8.2979021999E-04  -1.6398713073E-06   9.8741493171E-06
    2     -2.1306959770E-01  -8.9772236245E-07  -1.9109367611E-07  -5.0972841625E-03  -3.1525492393E-07
    3     -1.5187332046E-03  -1.0365473574E-02   1.3459334896E-04   2.1604584360E-07  -8.4943579713E-04
    4      1.0323453742E-03   2.7883747969E-02  -6.5179058288E-04   1.1431662638E-06   7.2151852448E-04
    5      2.4837375700E-03  -4.4190719369E-07   3.3249421531E-07   2.7789797191E-03  -5.6907353710E-08
    6     -7.7092092826E-04  -1.0710102936E-01   1.0689985781E-01  -2.0216677486E-06  -5.8277500207E-05
    7     -8.6414308340E-05   1.0771429470E-01  -2.8238664272E-01   5.9050891320E-06   2.9775784553E-03
    8     -3.5336622612E-04  -2.0871724207E-06   5.8156108918E-06  -3.2147806196E-02  -1.2305144024E-08
    9     -1.8174128112E-04   1.0942684162E-02   1.5824422069E-02  -8.1047097430E-07   6.8393282691E-03
   10      3.5752544678E-05  -1.5936020605E-02  -2.0193415417E-02  -1.7595875205E-07   1.0786731912E-02
   11     -3.3664290616E-04   2.9833185110E-07   1.5694114729E-07   4.6699072882E-03  -1.2443674056E-08
   12     -2.1795204926E-05  -1.9392813058E-03  -4.4470953378E-03   8.4984641761E-08  -1.4288739729E-01
   13     -1.5679188512E-05  -3.1975339965E-03  -2.8073587562E-03   2.2109959426E-07  -1.2549175417E-01
   14     -2.4454392467E-05  -6.2414418405E-09   1.3988357110E-07   4.5983452648E-03  -3.5429674043E-07
   15     -1.0516064825E-04  -9.3283028890E-04  -9.1318730152E-04   2.2966111216E-07  -1.4164413610E-02
   16      1.7922154404E-04  -5.8164509796E-04   5.2847037110E-04   1.4638964802E-07  -2.7969964804E-02
   17     -1.2982929508E-04  -3.1556183294E-08  -5.1590419683E-08  -8.5615958305E-04  -2.0064091026E-08
   18      1.4220153481E-03  -4.0593282534E-03  -1.1195757940E-04  -2.1727307755E-08  -3.6340880110E-03
   19     -3.0609780448E-04  -9.9035350519E-04   1.7890784113E-03  -3.2337408932E-07   1.9565979558E-03
   20      9.4035524192E-04  -3.9650357840E-07   6.1597351376E-07   6.3631189192E-03  -1.4246026084E-07
   21     -6.6533541969E-04  -1.6937989381E-03  -1.6990869859E-04   1.0025515535E-08  -1.8190745151E-03
   22     -4.0957462260E-04   1.2408010223E-03   2.0375188304E-04  -1.4622150427E-07  -7.9107393765E-04
   23     -4.3446544758E-05  -1.1663195241E-07  -3.7730034935E-08   3.3300823802E-04  -9.2819836692E-08
   24     -4.7667369741E-05   1.2385242272E-03   5.0245247868E-04   1.3504774941E-07   3.8339614990E-03
   25     -7.7978028420E-06   5.7226494439E-04   1.7506441455E-03   2.0652383033E-08   4.9119881602E-04
   26      4.1758213759E-05  -1.4537573838E-08  -1.2056792039E-07  -3.2892659410E-03  -3.7309097926E-08
   27      1.5976147367E-02   1.4435322914E-04  -1.4003484114E-04  -7.3974371526E-04  -5.2915663819E-06
   28     -6.8640134730E-05  -1.7663566139E-04   1.0096396835E-04  -3.4211231817E-04   2.8559039642E-05
   29     -2.1398619381E-02   7.1712944642E-05  -8.2095696325E-06   1.3096110634E-04   1.5885122728E-05
   30     -2.3883660521E-03  -4.3633626953E-04   3.7169290030E-05  -2.5690592074E-07  -3.0059074367E-06
   31     -2.0348024603E-04  -1.2325977099E-03   4.8871392350E-04   8.4285814946E-07  -7.0660427455E-05
   32      1.2114204754E-03   6.0651985561E-07   4.2625904088E-07   4.3539501231E-04   9.2366075730E-08
   33     -1.3725280941E-01   1.4511747094E-04  -1.4025622170E-04   7.3871589760E-04  -5.2602890253E-06
   34     -2.6582997587E-03  -1.7680683622E-04   1.0086907699E-04   3.4210113338E-04   2.8628029919E-05
   35      2.3050422244E-01  -7.1469697289E-05   7.8002949099E-06   1.3135696403E-04  -1.5934211717E-05
   36     -7.1469697289E-05   1.1197676862E-01  -1.1658781304E-01   2.6155393955E-06   4.9803066083E-04
   37      7.8002949099E-06  -1.1658781304E-01   3.0101355766E-01  -6.3930205951E-06   5.3477607130E-04
   38      1.3135696403E-04   2.6155393955E-06  -6.3930205951E-06   2.2877794241E-02  -3.6998122736E-08
