*************************************************
******************* ORCA 6.0.0 ******************
*************************************************
$Calculation_Status
   &GeometryIndex 1
   &ListStatus       OUT
   &VERSION [&Type "String"] "6.0.0"
   &PROGNAME [&Type "String"] "LeanSCF"
   &STATUS [&Type "String"] "NORMAL TERMINATION"
$End
$Geometry
   &GeometryIndex 1
   &ListStatus       OUT
   &NATOMS [&Type "Integer"] 6
   &NCORELESSECP [&Type "Integer"] 0
   &NGHOSTATOMS [&Type "Integer"] 0
   &CartesianCoordinates [&Type "Coordinates", &Dim(6,4), &Units "Bohr"] 
              C      1.270271884837    0.000219513800    0.000035583732
              C     -1.270316246914   -0.000234876329    0.000035289124
              Cl    -3.009516955230    2.754525682205   -0.000073090638
              Cl    -3.008558018049   -2.755584229874   -0.000081992760
              Cl     3.009498256390   -2.754536105557   -0.000073842371
              Cl     3.008531631803    2.755569141166   -0.000082749407
$End
$SCF_Energy
   &GeometryIndex 1
   &ListStatus       OUT
   &SCF_ENERGY [&Type "Double"]      -1.9168979712915377e+03
$End
$DFT_Energy
   &GeometryIndex 1
   &ListStatus       OUT
   &NALPHAEL [&Type "Integer"] 40
   &NBETAEL [&Type "Integer"] 40
   &NTOTALEL [&Type "Integer"] 80
   &EEXCHANGE [&Type "Double"]      -1.2063964239191837e+02
   &ECORR [&Type "Double"]      -3.0630794242680270e+00
   &ECNL [&Type "Double"]       0.0000000000000000e+00
   &EXC [&Type "Double"]      -1.2370272181618640e+02
   &EEMBED [&Type "Double"]       0.0000000000000000e+00
   &FINALEN [&Type "Double"]      -1.9168979712915377e+03  "No Van der Waals correction"
$End
$Mulliken_Population_Analysis
   &GeometryIndex 1
   &ListStatus       OUT
   &NATOMS [&Type "Integer"] 6
   &ATNO [&Type "ArrayOfIntegers", &Dim (6,1)] 
                                                         0

0                                                        6
1                                                        6
2                                                       17
3                                                       17
4                                                       17
5                                                       17
   &ATOMICCHARGES [&Type "ArrayOfDoubles", &Dim (6,1)] 
                                                         0

0                                      5.8363773793520757e-02
1                                      5.8361007497356177e-02
2                                     -2.9182447434479286e-02
3                                     -2.9177507424179794e-02
4                                     -2.9184753852941725e-02
5                                     -2.9180072579208627e-02
$End
$Loewdin_Population_Analysis
   &GeometryIndex 1
   &ListStatus       OUT
   &NATOMS [&Type "Integer"] 6
   &ATNO [&Type "ArrayOfIntegers", &Dim (6,1)] 
                                                         0

0                                                        6
1                                                        6
2                                                       17
3                                                       17
4                                                       17
5                                                       17
   &ATOMICCHARGES [&Type "ArrayOfDoubles", &Dim (6,1)] 
                                                         0

0                                     -8.5890547317916877e-01
1                                     -8.5891418247572116e-01
2                                      4.2945358412692514e-01
3                                      4.2946277534058908e-01
4                                      4.2944720246454082e-01
5                                      4.2945609372285887e-01
$End
$Mayer_Population_Analysis
   &GeometryIndex 1
   &ListStatus       OUT
   &NATOMS [&Type "Integer"] 6 "Total number of atoms"
   &BONDTHRESH [&Type "Double"]       1.0000000000000001e-01  "The threshold for printing"
   &NBONDORDERSPRINT [&Type "Integer"] 5 "The number of bond orders larger than threshold"
   &BONDORDERS [&Type "ArrayOfDoubles", &Dim (5,1)] "The bond orders"
                                                         0

0                                      1.6617913823948558e+00
1                                      1.1678490119801235e+00
2                                      1.1678546537907266e+00
3                                      1.1678522269512046e+00
4                                      1.1678578364430523e+00
   &COMPONENTS [&Type "ArrayOfIntegers", &Dim (5,4)] "The indices and atomic numbers of the bonding atoms"
                                                         0                           1                           2                           3

0                                                        0                           6                           1                           6
1                                                        0                           6                           4                          17
2                                                        0                           6                           5                          17
3                                                        1                           6                           2                          17
4                                                        1                           6                           3                          17
   &ATNO [&Type "ArrayOfIntegers", &Dim (6,1)] "Atomic number of the elements"
                                                         0

0                                                        6
1                                                        6
2                                                       17
3                                                       17
4                                                       17
5                                                       17
   &NA [&Type "ArrayOfDoubles", &Dim (6,1)] "Mulliken gross atomic population"
                                                         0

0                                      5.9416362262064677e+00
1                                      5.9416389925026527e+00
2                                      1.7029182447434469e+01
3                                      1.7029177507424109e+01
4                                      1.7029184753852931e+01
5                                      1.7029180072579244e+01
   &ZA [&Type "ArrayOfDoubles", &Dim (6,1)] "Total nuclear charge"
                                                         0

0                                      6.0000000000000000e+00
1                                      6.0000000000000000e+00
2                                      1.7000000000000000e+01
3                                      1.7000000000000000e+01
4                                      1.7000000000000000e+01
5                                      1.7000000000000000e+01
   &QA [&Type "ArrayOfDoubles", &Dim (6,1)] "Mulliken gross atomic charge"
                                                         0

0                                      5.8363773793532303e-02
1                                      5.8361007497347295e-02
2                                     -2.9182447434468628e-02
3                                     -2.9177507424108740e-02
4                                     -2.9184753852931067e-02
5                                     -2.9180072579244154e-02
   &VA [&Type "ArrayOfDoubles", &Dim (6,1)] "Mayer's total valence"
                                                         0

0                                      4.0858495122957077e+00
1                                      4.0858545433788613e+00
2                                      1.3112553240368403e+00
3                                      1.3112629909942179e+00
4                                      1.3112512221703343e+00
5                                      1.3112585609385630e+00
   &BVA [&Type "ArrayOfDoubles", &Dim (6,1)] "Mayer's bonded valence"
                                                         0

0                                      4.0858495122957423e+00
1                                      4.0858545433787556e+00
2                                      1.3112553240367628e+00
3                                      1.3112629909942910e+00
4                                      1.3112512221704453e+00
5                                      1.3112585609385772e+00
   &FA [&Type "ArrayOfDoubles", &Dim (6,1)] "Mayer's free valence"
                                                         0

0                                      0.0000000000000000e+00
1                                      0.0000000000000000e+00
2                                      0.0000000000000000e+00
3                                      0.0000000000000000e+00
4                                      0.0000000000000000e+00
5                                      0.0000000000000000e+00
$End
$VdW_Correction
   &GeometryIndex 1
   &ListStatus       OUT
   &VDW [&Type "Double"]      -2.7551575640356193e-03
$End
$Calculation_Info
   &GeometryIndex 1
   &ListStatus       OUT
   &MULT [&Type "Integer"] 1
   &CHARGE [&Type "Integer"] 0
   &NUMOFATOMS [&Type "Integer"] 6
   &NUMOFELECTRONS [&Type "Integer"] 80
   &NUMOFFCELECTRONS [&Type "Integer"] 1
   &NUMOFCORRELECTRONS [&Type "Integer"] 0
   &NUMOFBASISFUNCTS [&Type "Integer"] 210
   &NUMOFAUXCBASISFUNCTS [&Type "Integer"] 0
   &NUMOFAUXJBASISFUNCTS [&Type "Integer"] 228
   &NUMOFAUXJKBASISFUNCTS [&Type "Integer"] 0
   &NUMOFCABSBASISFUNCTS [&Type "Integer"] 0
   &TOTALENERGY [&Type "Double"]      -1.9168945374535017e+03  "Hartrees"
$End
$SCF_Dipole_Moment
   &GeometryIndex 1
   &ListStatus       OUT
   &METHOD [&Type "String"] "SCF"
   &LEVEL [&Type "String"] "Relaxed density"
   &MULT [&Type "Integer"] 1
   &STATE [&Type "Integer"] -1
   &IRREP [&Type "Integer"] 0
   &NATOMS [&Type "Integer"] 6
   &DODIPOLEATOM [&Type "Boolean"] false
   &DIPOLEELECCONTRIB [&Type "ArrayOfDoubles", &Dim (3,1)] "Electronic contribution"
                                                         0

0                                     -6.9037609843893249e-06
1                                     -2.2335234061657706e-07
2                                     -5.9730214816954195e-05
   &DIPOLENUCCONTRIB [&Type "ArrayOfDoubles", &Dim (3,1)] "Nuclear contribution"
                                                         0

0                                     -4.4898498785528318e-06
1                                     -5.3634470020824665e-07
2                                      4.6650669634804281e-05
   &DIPOLETOTAL [&Type "ArrayOfDoubles", &Dim (3,1)] "Total"
                                                         0

0                                     -1.1393610862942157e-05
1                                     -7.5969704082482371e-07
2                                     -1.3079545182149914e-05
   &DIPOLEMAGNITUDE [&Type "Double", &Units "a.u."]       1.7362776571213849e-05
$End
$THERMOCHEMISTRY_Energies
   &GeometryIndex 1
   &ListStatus       OUT
   &TEMPERATURE [&Type "Double"]       2.9814999999999998e+02
   &PRESSURE [&Type "Double"]       1.0000000000000000e+00
   &TOTALMASS [&Type "Double"]       1.6583400000000000e+02
   &SPINDEGENERACY [&Type "Integer"] 1
   &ELENERGY [&Type "Double"]      -1.9168945374535017e+03
   &TRANSENERGY [&Type "Double"]       1.4162714244859817e-03
   &ROTENERGY [&Type "Double"]       1.4162714244859817e-03
   &VIBENERGY [&Type "Double"]       3.6862335180410880e-03
   &NUMOFFREQS [&Type "Integer"] 18
   &FREQSCALINGFACTOR [&Type "Double"]       1.0000000000000000e+00
   &FREQ [&Type "ArrayOfDoubles", &Dim (18,1)] "In cm^-1"
                                                         0

0                                      0.0000000000000000e+00
1                                      0.0000000000000000e+00
2                                      0.0000000000000000e+00
3                                      0.0000000000000000e+00
4                                      0.0000000000000000e+00
5                                      0.0000000000000000e+00
6                                      1.0577124214442473e+02
7                                      1.8235326286941725e+02
8                                      2.3942418953209562e+02
9                                      3.0474333055962899e+02
10                                     3.1454721788006987e+02
11                                     3.4210080330813310e+02
12                                     4.3815154814263269e+02
13                                     5.2619665509555455e+02
14                                     7.5923753602862280e+02
15                                     8.5416065359796289e+02
16                                     9.3464264336534666e+02
17                                     1.5903302896343835e+03
   &ZPE [&Type "Double"]       1.5016905006588173e-02
   &INNERENERGYU [&Type "Double"]      -1.9168730017721282e+03
   &ENTHALPYH [&Type "Double"]      -1.9168720575630859e+03
   &QEL [&Type "Double"]       0.0000000000000000e+00
   &QROT [&Type "Double"]       1.2761689257327260e-02
   &QVIB [&Type "Double"]       6.2381183368539588e-03
   &QTRANS [&Type "Double"]       1.9587616427187426e-02
   &ENTROPYS [&Type "Double"]       3.8587424021368652e-02
   &FREEENERGYG [&Type "Double"]      -1.9169106449871074e+03
   &ISLINEAR [&Type "Boolean"] false
$End
$Hessian
   &GeometryIndex 1
   &ListStatus       OUT
   &HESSIAN [&Type "ArrayOfDoubles", &Dim (18,18)] "The Hessian"
                                                         0                           1                           2                           3                           4                           5                           6                           7

0                                      6.7205879808393565e-01         6.7379955637877215e-05        -4.9574594154139402e-06        -4.7281738415135688e-01        -7.5947017774623295e-05        -2.8861834809675443e-06        -1.8646180011141659e-02         1.1564257650023307e-02
1                                      6.7379955637877215e-05         3.2205655346406664e-01        -1.8331664852369426e-07        -7.5944460338675724e-05        -5.4075709668890942e-02        -6.3752404894271674e-09         3.0697092271925755e-02        -1.6882801126987458e-02
2                                     -4.9574594154139402e-06        -1.8331664852369426e-07         7.8902971890326939e-02         2.8583201358008155e-06         6.6923777625305307e-09        -4.2803850625557971e-02        -1.3996669666726112e-06         1.5629749863440400e-06
3                                     -4.7281738415135688e-01        -7.5944460338675724e-05         2.8583201358008155e-06         6.7205975444851340e-01         6.7652717897111192e-05         4.9341423162759164e-06        -8.1003997443403100e-02         7.1460814423213781e-02
4                                     -7.5947017774623295e-05        -5.4075709668890942e-02         6.6923777625305307e-09         6.7652717897111192e-05         3.2206473755082032e-01         1.8243508424641834e-07         5.2195542869944038e-02        -1.1708503411124468e-01
5                                     -2.8861834809675443e-06        -6.3752404894271674e-09        -4.2803850625557971e-02         4.9341423162759164e-06         1.8243508424641834e-07         7.8902574037801432e-02        -2.5202515527268198e-06         2.2034739965995594e-06
6                                     -1.8646180011141659e-02         3.0697092271925755e-02        -1.3996669666726112e-06        -8.1003997443403100e-02         5.2195542869944038e-02        -2.5202515527268198e-06         1.0331087875677160e-01        -8.4693951483830882e-02
7                                      1.1564257650023307e-02        -1.6882801126987458e-02         1.5629749863440400e-06         7.1460814423213781e-02        -1.1708503411124468e-01         2.2034739965995594e-06        -8.4693951483830882e-02         1.7649065963618957e-01
8                                      6.0740124680234346e-08         8.6565526144806439e-07         4.6446142266967118e-03        -3.5797392868106908e-06         3.1496349562238526e-06        -2.2695330699477261e-02         3.3483370999080627e-06        -3.3881445828915453e-06
9                                     -1.8631200906770999e-02        -3.0696079186045288e-02        -1.4780615519167339e-06        -8.0961876501409721e-02        -5.2187080068641520e-02        -2.6871701525749105e-06         7.7519451848443235e-03         2.7985971297362598e-03
10                                    -1.1564468154184465e-02        -1.6895978820779395e-02        -1.6153939499762861e-06        -7.1453328124606155e-02        -1.1712602010446985e-01        -2.4321271033748143e-06        -2.7799216636289481e-03        -4.5755442419021811e-02
11                                     2.2497818533325106e-08        -9.1827886738791913e-07         4.6445209909493843e-03        -3.8391486676476607e-06        -3.3913785080863158e-06        -2.2692109776835848e-02         3.7282287909319706e-07        -6.1419109163833246e-08
12                                    -8.1003316238508788e-02         5.2193100806106923e-02         2.5347542648932254e-06        -1.8645666758065907e-02         3.0696548309683106e-02         1.4095986358948268e-06        -4.2154137577348084e-03         1.7278894676219458e-03
13                                     7.1458399275812073e-02        -1.1708048250153946e-01        -2.2214842444842024e-06         1.1563606445436789e-02        -1.6882322809721368e-02        -1.5654119326308949e-06         1.7278947722587530e-03        -2.9716828088871604e-04
14                                     3.6209346315533059e-06        -3.1784543949765990e-06        -2.2695739992570942e-02        -7.5612913268204412e-08        -8.6706613076610243e-07         4.6443879307453209e-03         8.9119567029314206e-08        -1.2055391731627090e-07
15                                    -8.0960716776157363e-02        -5.2184425115796282e-02         2.7018089307053901e-06        -1.8630829594277771e-02        -3.0695580775270955e-02         1.4883801889258724e-06        -7.1972327293363626e-03        -2.7265998490385640e-03
16                                    -7.1450745981004482e-02        -1.1712158134586939e-01         2.4510243452206890e-06        -1.1563937037440006e-02        -1.6895650856493465e-02         1.6171959889944821e-06         2.7223358956054173e-03         3.5297863019530754e-03
17                                     3.8797749242184741e-06         3.4202730235864985e-06        -2.2692516489844120e-02        -3.6477539177517287e-08         9.2049142727429324e-07         4.6443291333243299e-03         2.2009893531662676e-07        -4.1127271681756854e-07
                                                         8                           9                          10                          11                          12                          13                          14                          15

0                                      6.0740124680234346e-08        -1.8631200906770999e-02        -1.1564468154184465e-02         2.2497818533325106e-08        -8.1003316238508788e-02         7.1458399275812073e-02         3.6209346315533059e-06        -8.0960716776157363e-02
1                                      8.6565526144806439e-07        -3.0696079186045288e-02        -1.6895978820779395e-02        -9.1827886738791913e-07         5.2193100806106923e-02        -1.1708048250153946e-01        -3.1784543949765990e-06        -5.2184425115796282e-02
2                                      4.6446142266967118e-03        -1.4780615519167339e-06        -1.6153939499762861e-06         4.6445209909493843e-03         2.5347542648932254e-06        -2.2214842444842024e-06        -2.2695739992570942e-02         2.7018089307053901e-06
3                                     -3.5797392868106908e-06        -8.0961876501409721e-02        -7.1453328124606155e-02        -3.8391486676476607e-06        -1.8645666758065907e-02         1.1563606445436789e-02        -7.5612913268204412e-08        -1.8630829594277771e-02
4                                      3.1496349562238526e-06        -5.2187080068641520e-02        -1.1712602010446985e-01        -3.3913785080863158e-06         3.0696548309683106e-02        -1.6882322809721368e-02        -8.6706613076610243e-07        -3.0695580775270955e-02
5                                     -2.2695330699477261e-02        -2.6871701525749105e-06        -2.4321271033748143e-06        -2.2692109776835848e-02         1.4095986358948268e-06        -1.5654119326308949e-06         4.6443879307453209e-03         1.4883801889258724e-06
6                                      3.3483370999080627e-06         7.7519451848443235e-03        -2.7799216636289481e-03         3.7282287909319706e-07        -4.2154137577348084e-03         1.7278947722587530e-03         8.9119567029314206e-08        -7.1972327293363626e-03
7                                     -3.3881445828915453e-06         2.7985971297362598e-03        -4.5755442419021811e-02        -6.1419109163833246e-08         1.7278894676219458e-03        -2.9716828088871604e-04        -1.2055391731627090e-07        -2.7265998490385640e-03
8                                      1.2032353561566759e-02         3.6339023468170983e-07        -1.0498355083457361e-07         3.4198197001688484e-03        -8.7450878909942059e-08         1.1781774390129748e-07         4.4989129026779175e-03        -2.1573725549714316e-07
9                                      3.6339023468170983e-07         1.0325242930472298e-01         8.4672561978173522e-02         3.6223903871564307e-06        -7.1970694446243464e-03        -2.7265484942976363e-03         2.1762467046596750e-07        -4.2142276367622255e-03
10                                    -1.0498355083457361e-07         8.4672561978173522e-02         1.7654613471269123e-01         3.8424411358484616e-06         2.7223067780681532e-03         3.5297726028112805e-03         4.2652883790377506e-07        -1.7292888807696103e-03
11                                     3.4198197001688484e-03         3.6223903871564307e-06         3.8424411358484616e-06         1.2029199491447068e-02        -2.1813177395163626e-07         4.0983217152067179e-07        -1.9003793690659603e-03        -7.1183344475477247e-08
12                                    -8.7450878909942059e-08        -7.1970694446243464e-03         2.7223067780681532e-03        -2.1813177395163626e-07         1.0330960764682148e-01        -8.4691018183687253e-02        -3.3755636078262854e-06         7.7518585521123631e-03
13                                     1.1781774390129748e-07        -2.7265484942976363e-03         3.5297726028112805e-03         4.0983217152067179e-07        -8.4691018183687253e-02         1.7648595203982970e-01         3.4161677454451791e-06         2.7986627874823158e-03
14                                     4.4989129026779175e-03         2.1762467046596750e-07         4.2652883790377506e-07        -1.9003793690659603e-03        -3.3755636078262854e-06         3.4161677454451791e-06         1.2032938046953916e-02        -3.6536698627023572e-07
15                                    -2.1573725549714316e-07        -4.2142276367622255e-03        -1.7292888807696103e-03        -7.1183344475477247e-08         7.7518585521123631e-03         2.7986627874823158e-03        -3.6536698627023572e-07         1.0325114818442135e-01
16                                    -4.2503848460147768e-07        -1.7293132919778431e-03        -2.9846597123149235e-04        -9.6230631920287448e-08        -2.7798237807979340e-03        -4.5755751050491435e-02         1.0744677520187842e-07         8.4669358014503968e-02
17                                    -1.9003696916329756e-03         7.2579113479358475e-08         9.8568439622660845e-08         4.4989489633365069e-03        -3.7434200178405029e-07         5.9009600756089430e-08         3.4198804812597475e-03        -3.6497674827206490e-06
                                                        16                          17

0                                     -7.1450745981004482e-02         3.8797749242184741e-06
1                                     -1.1712158134586939e-01         3.4202730235864985e-06
2                                      2.4510243452206890e-06        -2.2692516489844120e-02
3                                     -1.1563937037440006e-02        -3.6477539177517287e-08
4                                     -1.6895650856493465e-02         9.2049142727429324e-07
5                                      1.6171959889944821e-06         4.6443291333243299e-03
6                                      2.7223358956054173e-03         2.2009893531662676e-07
7                                      3.5297863019530754e-03        -4.1127271681756854e-07
8                                     -4.2503848460147768e-07        -1.9003696916329756e-03
9                                     -1.7293132919778431e-03         7.2579113479358475e-08
10                                    -2.9846597123149235e-04         9.8568439622660845e-08
11                                    -9.6230631920287448e-08         4.4989489633365069e-03
12                                    -2.7798237807979340e-03        -3.7434200178405029e-07
13                                    -4.5755751050491435e-02         5.9009600756089430e-08
14                                     1.0744677520187842e-07         3.4198804812597475e-03
15                                     8.4669358014503968e-02        -3.6497674827206490e-06
16                                     1.7654166292213269e-01        -3.8707338836586285e-06
17                                    -3.8707338836586285e-06         1.2029727603556511e-02
   &MODES [&Type "ArrayOfDoubles", &Dim (18,18)] "The modes of vibrations"
                                                         0                           1                           2                           3                           4                           5                           6                           7

0                                      0.0000000000000000e+00         0.0000000000000000e+00         0.0000000000000000e+00         0.0000000000000000e+00         0.0000000000000000e+00         0.0000000000000000e+00        -2.4655327699078723e-09         1.1140927275524696e-05
1                                      0.0000000000000000e+00         0.0000000000000000e+00         0.0000000000000000e+00         0.0000000000000000e+00         0.0000000000000000e+00         0.0000000000000000e+00        -2.0569382284823391e-07        -4.5316160677019601e-02
2                                      0.0000000000000000e+00         0.0000000000000000e+00         0.0000000000000000e+00         0.0000000000000000e+00         0.0000000000000000e+00         0.0000000000000000e+00        -7.0834462520993937e-06         3.9732301091292213e-08
3                                      0.0000000000000000e+00         0.0000000000000000e+00         0.0000000000000000e+00         0.0000000000000000e+00         0.0000000000000000e+00         0.0000000000000000e+00         2.4800470194942286e-09         1.1074500058665074e-05
4                                      0.0000000000000000e+00         0.0000000000000000e+00         0.0000000000000000e+00         0.0000000000000000e+00         0.0000000000000000e+00         0.0000000000000000e+00         1.9871988690553005e-07        -4.5316018685311335e-02
5                                      0.0000000000000000e+00         0.0000000000000000e+00         0.0000000000000000e+00         0.0000000000000000e+00         0.0000000000000000e+00         0.0000000000000000e+00        -7.1481981616017737e-06        -3.9106487310314225e-08
6                                      0.0000000000000000e+00         0.0000000000000000e+00         0.0000000000000000e+00         0.0000000000000000e+00         0.0000000000000000e+00         0.0000000000000000e+00         1.3847671809484334e-06         8.1513511563697016e-02
7                                      0.0000000000000000e+00         0.0000000000000000e+00         0.0000000000000000e+00         0.0000000000000000e+00         0.0000000000000000e+00         0.0000000000000000e+00        -1.2065951169762888e-06         7.6867560400782535e-03
8                                      0.0000000000000000e+00         0.0000000000000000e+00         0.0000000000000000e+00         0.0000000000000000e+00         0.0000000000000000e+00         0.0000000000000000e+00        -8.3972552819067528e-02        -4.4210661612245686e-07
9                                      0.0000000000000000e+00         0.0000000000000000e+00         0.0000000000000000e+00         0.0000000000000000e+00         0.0000000000000000e+00         0.0000000000000000e+00        -1.4340131454965920e-06        -8.1518052935259364e-02
10                                     0.0000000000000000e+00         0.0000000000000000e+00         0.0000000000000000e+00         0.0000000000000000e+00         0.0000000000000000e+00         0.0000000000000000e+00        -1.4186015622961058e-06         7.6655357417989246e-03
11                                     0.0000000000000000e+00         0.0000000000000000e+00         0.0000000000000000e+00         0.0000000000000000e+00         0.0000000000000000e+00         0.0000000000000000e+00         8.3974860924605488e-02         2.0636936089974849e-07
12                                     0.0000000000000000e+00         0.0000000000000000e+00         0.0000000000000000e+00         0.0000000000000000e+00         0.0000000000000000e+00         0.0000000000000000e+00        -1.4028454272815727e-06         8.1514101127681080e-02
13                                     0.0000000000000000e+00         0.0000000000000000e+00         0.0000000000000000e+00         0.0000000000000000e+00         0.0000000000000000e+00         0.0000000000000000e+00         1.2076041004214742e-06         7.6874303161837392e-03
14                                     0.0000000000000000e+00         0.0000000000000000e+00         0.0000000000000000e+00         0.0000000000000000e+00         0.0000000000000000e+00         0.0000000000000000e+00        -8.3972521257495283e-02         4.2520511126565953e-07
15                                     0.0000000000000000e+00         0.0000000000000000e+00         0.0000000000000000e+00         0.0000000000000000e+00         0.0000000000000000e+00         0.0000000000000000e+00         1.4520864745959621e-06        -8.1517086044379558e-02
16                                     0.0000000000000000e+00         0.0000000000000000e+00         0.0000000000000000e+00         0.0000000000000000e+00         0.0000000000000000e+00         0.0000000000000000e+00         1.4199552546366052e-06         7.6652423991877420e-03
17                                     0.0000000000000000e+00         0.0000000000000000e+00         0.0000000000000000e+00         0.0000000000000000e+00         0.0000000000000000e+00         0.0000000000000000e+00         8.3975034641846830e-02        -1.8967987334378460e-07
                                                         8                           9                          10                          11                          12                          13                          14                          15

0                                     -4.1563929599269774e-03        -8.3272613320402167e-07         6.9004060857062927e-02        -7.3534526456281148e-06         1.2970951907779185e-02         3.4970599761462962e-06         1.7560445520883888e-01        -2.2857772791225324e-05
1                                     -1.9824987492688589e-06         3.2307070080799340e-07         1.2251123281132302e-05         4.1672973408909339e-02         2.6140956474721562e-06         1.9003551093656654e-07         2.2145136575448171e-05         1.8316779636230213e-01
2                                      1.6612500006468612e-05        -1.8867475941313458e-01         7.9553784129554885e-07         2.0546404755576600e-06         1.7727976129414523e-05         2.0101948584678206e-01        -3.8717417726676212e-06        -1.9803920832293563e-07
3                                      4.1553101882858840e-03         6.6559260445611802e-07         6.9004182776996201e-02         7.3703766829394524e-06        -1.2975066146495764e-02         3.4909304969622773e-06         1.7560380887602489e-01        -2.2936618443287760e-05
4                                      1.5423121979293206e-06        -3.2375020242188256e-07         1.2218610923032417e-05        -4.1674860108331734e-02        -2.5944986809837531e-06         1.8906534952156287e-07         2.1735114468999645e-05         1.8313716876990654e-01
5                                      1.6608593420888875e-05        -1.8867590000294859e-01        -1.1149607163895497e-06         2.0549483145594154e-06         1.7814338133204534e-05        -2.0101832614339676e-01         3.8181706612532861e-06         1.9755894164227022e-07
6                                      7.4485840115162724e-02         3.5875286110073515e-06        -1.1678681851207870e-02         6.2100728446712043e-02        -3.8570276204931205e-02        -5.7410124914768042e-07        -2.9752897027228255e-02         2.0172560000473495e-02
7                                      3.8738211187349943e-02         9.9118113975830410e-06        -7.8157513405697196e-02        -5.3860123336353219e-02         7.4399897221758673e-02         9.4233401012376240e-07         3.0708696257153029e-02        -3.1019479356184161e-02
8                                     -2.7963869961687038e-06         3.1963641828774890e-02        -4.7118748119937879e-07         1.5191622259253679e-06        -2.9038680536405618e-06         1.4374943250054464e-02        -1.3414610352156817e-06         1.2287925446095713e-06
9                                      7.4498204082842454e-02         2.2309818272568502e-06        -1.1698349391749546e-02        -6.2081851484516642e-02        -3.8544999124043848e-02        -6.2407839773949711e-07        -2.9740111689053193e-02        -2.0164810869926268e-02
10                                    -3.8712645105290280e-02        -1.1109544962043128e-05         7.8153382991390588e-02        -5.3880805493698100e-02        -7.4413856977573523e-02        -1.0065381138623639e-06        -3.0716071656916311e-02        -3.1027896902977168e-02
11                                    -2.8493803576206198e-06         3.1957337880054837e-02        -2.1874822738949767e-07        -2.2152698296767509e-06        -3.1134834782079736e-06         1.4375093984668035e-02        -1.4405551442292956e-06        -1.3168025393535755e-06
12                                    -7.4484763664045439e-02        -3.5589293916992277e-06        -1.1679208310607514e-02        -6.2101196195778210e-02         3.8571047088251695e-02        -5.5969511566435238e-07        -2.9752248233362675e-02         2.0172867505437789e-02
13                                    -3.8737028267962929e-02        -9.7879693149005565e-06        -7.8158917462398364e-02         5.3860350310191658e-02        -7.4399615444228656e-02         9.1112691275353528e-07         3.0707208753139571e-02        -3.1021666640994320e-02
14                                    -2.7780164192325532e-06         3.1963358694750164e-02         5.2546129448774219e-07         1.5331397412349479e-06        -2.9070827322494255e-06        -1.4375131029109114e-02         1.3504833697067382e-06        -1.2361169333997909e-06
15                                    -7.4498913705477496e-02        -2.2029584528924635e-06        -1.1699098902663988e-02         6.2082313499946404e-02         3.8545622089515404e-02        -6.0956250856727523e-07        -2.9739383558163392e-02        -2.0165102111597309e-02
16                                     3.8711611315191866e-02         1.0985933085373985e-05         7.8154757859568866e-02         5.3881217708271430e-02         7.4413568560854570e-02        -9.7535708636726500e-07        -3.0714699392788883e-02        -3.1030157060438886e-02
17                                    -2.8310762714341424e-06         3.1956994353777045e-02         2.7269059193221308e-07        -2.2293055969397796e-06        -3.1168242079158571e-06        -1.4375299097536820e-02         1.4496819824203214e-06         1.3242896360436112e-06
                                                        16                          17

0                                     -3.7393528047173518e-05         2.0357524272690927e-01
1                                      1.9802443028477004e-01         3.8051471563714854e-05
2                                     -1.2452697248945494e-07        -1.4871955671597299e-06
3                                      3.7012751984306493e-05        -2.0357551891181938e-01
4                                     -1.9805234131863428e-01        -3.8123095461168912e-05
5                                     -1.2364239373340436e-07        -1.4881329375284877e-06
6                                     -5.7046693702635940e-03         3.9784483668397182e-03
7                                      1.9382669322359214e-02        -3.9502537251022160e-03
8                                     -4.5480693930920064e-07         2.4268229391154319e-07
9                                      5.6987747980200669e-03         3.9772806364117529e-03
10                                     1.9384257082908998e-02         3.9520636824177426e-03
11                                     4.9678356734513358e-07         2.5701569785096648e-07
12                                     5.7017771956301613e-03        -3.9784230075557894e-03
13                                    -1.9377983534886463e-02         3.9501259880731169e-03
14                                    -4.6344390733224794e-07         2.4698228856107949e-07
15                                    -5.6957536215732213e-03        -3.9772124279593866e-03
16                                    -1.9379486987163304e-02        -3.9519116801746369e-03
17                                     5.0554372579997187e-07         2.6132103606990442e-07
$End
