*************************************************
******************* ORCA 6.0.0 ******************
*************************************************
$Calculation_Status
   &GeometryIndex 1
   &ListStatus       OUT
   &VERSION [&Type "String"] "6.0.0"
   &PROGNAME [&Type "String"] "LeanSCF"
   &STATUS [&Type "String"] "NORMAL TERMINATION"
$End
$Geometry
   &GeometryIndex 1
   &ListStatus       OUT
   &NATOMS [&Type "Integer"] 12
   &NCORELESSECP [&Type "Integer"] 0
   &NGHOSTATOMS [&Type "Integer"] 0
   &CartesianCoordinates [&Type "Coordinates", &Dim(12,4), &Units "Bohr"] 
              C     -1.031683339035    2.555795347923    0.000085573602
              C      0.300182579500    0.372242857989    0.000078273968
              C     -0.978172133420   -2.046391475322    0.000078783249
              O      0.019447991596   -4.141189349481    0.000061965254
              N     -3.611976422681   -1.821893684910    0.000020668880
              C     -5.031909282628    0.361743453228   -0.000002451542
              O     -7.350900756850    0.368935689667   -0.000064801733
              N     -3.606164507974    2.541915048687    0.000055148445
              Br     3.872045755112    0.409399719984    0.000112187182
              H     -0.159099936051    4.408093215303    0.000108665867
              H     -4.605498863848   -3.463125158937   -0.000016306447
              H     -4.561021548630    4.200862343338    0.000043683665
$End
$SCF_Energy
   &GeometryIndex 1
   &ListStatus       OUT
   &SCF_ENERGY [&Type "Double"]      -2.9883251032678245e+03
$End
$DFT_Energy
   &GeometryIndex 1
   &ListStatus       OUT
   &NALPHAEL [&Type "Integer"] 46
   &NBETAEL [&Type "Integer"] 46
   &NTOTALEL [&Type "Integer"] 92
   &EEXCHANGE [&Type "Double"]      -1.4138578112280220e+02
   &ECORR [&Type "Double"]      -3.6471785003101034e+00
   &ECNL [&Type "Double"]       0.0000000000000000e+00
   &EXC [&Type "Double"]      -1.4503295962311230e+02
   &EEMBED [&Type "Double"]       0.0000000000000000e+00
   &FINALEN [&Type "Double"]      -2.9883251032678245e+03  "No Van der Waals correction"
$End
$Mulliken_Population_Analysis
   &GeometryIndex 1
   &ListStatus       OUT
   &NATOMS [&Type "Integer"] 12
   &ATNO [&Type "ArrayOfIntegers", &Dim (12,1)] 
                                                         0

0                                                        6
1                                                        6
2                                                        6
3                                                        8
4                                                        7
5                                                        6
6                                                        8
7                                                        7
8                                                       35
9                                                        1
10                                                       1
11                                                       1
   &ATOMICCHARGES [&Type "ArrayOfDoubles", &Dim (12,1)] 
                                                         0

0                                      1.3067535534982966e-03
1                                     -8.1124346693090210e-02
2                                      2.4265995727986400e-01
3                                     -3.4223297446995105e-01
4                                     -2.2027237084639850e-01
5                                      3.2336158545257199e-01
6                                     -3.7424481560826273e-01
7                                     -2.1569422205508282e-01
8                                     -1.7856187409826418e-02
9                                      1.6270057915657510e-01
10                                     2.6162328801293822e-01
11                                     2.5977275362712215e-01
$End
$Loewdin_Population_Analysis
   &GeometryIndex 1
   &ListStatus       OUT
   &NATOMS [&Type "Integer"] 12
   &ATNO [&Type "ArrayOfIntegers", &Dim (12,1)] 
                                                         0

0                                                        6
1                                                        6
2                                                        6
3                                                        8
4                                                        7
5                                                        6
6                                                        8
7                                                        7
8                                                       35
9                                                        1
10                                                       1
11                                                       1
   &ATOMICCHARGES [&Type "ArrayOfDoubles", &Dim (12,1)] 
                                                         0

0                                     -1.7940469301319428e-01
1                                     -4.0642058829072525e-01
2                                     -4.3335579880316555e-01
3                                      8.8785730862604773e-02
4                                      2.1244662352841992e-01
5                                     -4.9870759270209231e-01
6                                      5.5524663451324230e-02
7                                      1.9373851522054064e-01
8                                      3.8599722623601451e-01
9                                      1.5342574337913051e-01
10                                     2.1541513314348593e-01
11                                     2.1255503698764910e-01
$End
$Mayer_Population_Analysis
   &GeometryIndex 1
   &ListStatus       OUT
   &NATOMS [&Type "Integer"] 12 "Total number of atoms"
   &BONDTHRESH [&Type "Double"]       1.0000000000000001e-01  "The threshold for printing"
   &NBONDORDERSPRINT [&Type "Integer"] 12 "The number of bond orders larger than threshold"
   &BONDORDERS [&Type "ArrayOfDoubles", &Dim (12,1)] "The bond orders"
                                                         0

0                                      1.6343421865910637e+00
1                                      1.1411370212462943e+00
2                                      9.2613499818073886e-01
3                                      1.0151079474530622e+00
4                                      1.1303742001346810e+00
5                                      2.0621914774404595e+00
6                                      1.1019610423662378e+00
7                                      1.1427600223932997e+00
8                                      8.7889641824124498e-01
9                                      2.0329140660981029e+00
10                                     1.0939497850649900e+00
11                                     8.9570952658156833e-01
   &COMPONENTS [&Type "ArrayOfIntegers", &Dim (12,4)] "The indices and atomic numbers of the bonding atoms"
                                                         0                           1                           2                           3

0                                                        0                           6                           1                           6
1                                                        0                           6                           7                           7
2                                                        0                           6                           9                           1
3                                                        1                           6                           2                           6
4                                                        1                           6                           8                          35
5                                                        2                           6                           3                           8
6                                                        2                           6                           4                           7
7                                                        4                           7                           5                           6
8                                                        4                           7                          10                           1
9                                                        5                           6                           6                           8
10                                                       5                           6                           7                           7
11                                                       7                           7                          11                           1
   &ATNO [&Type "ArrayOfIntegers", &Dim (12,1)] "Atomic number of the elements"
                                                         0

0                                                        6
1                                                        6
2                                                        6
3                                                        8
4                                                        7
5                                                        6
6                                                        8
7                                                        7
8                                                       35
9                                                        1
10                                                       1
11                                                       1
   &NA [&Type "ArrayOfDoubles", &Dim (12,1)] "Mulliken gross atomic population"
                                                         0

0                                      5.9986932464464697e+00
1                                      6.0811243466930680e+00
2                                      5.7573400427201156e+00
3                                      8.3422329744699546e+00
4                                      7.2202723708463790e+00
5                                      5.6766384145474182e+00
6                                      8.3742448156082094e+00
7                                      7.2156942220550722e+00
8                                      3.5017856187409741e+01
9                                      8.3729942084342290e-01
10                                     7.3837671198706234e-01
11                                     7.4022724637287718e-01
   &ZA [&Type "ArrayOfDoubles", &Dim (12,1)] "Total nuclear charge"
                                                         0

0                                      6.0000000000000000e+00
1                                      6.0000000000000000e+00
2                                      6.0000000000000000e+00
3                                      8.0000000000000000e+00
4                                      7.0000000000000000e+00
5                                      6.0000000000000000e+00
6                                      8.0000000000000000e+00
7                                      7.0000000000000000e+00
8                                      3.5000000000000000e+01
9                                      1.0000000000000000e+00
10                                     1.0000000000000000e+00
11                                     1.0000000000000000e+00
   &QA [&Type "ArrayOfDoubles", &Dim (12,1)] "Mulliken gross atomic charge"
                                                         0

0                                      1.3067535535302710e-03
1                                     -8.1124346693068006e-02
2                                      2.4265995727988443e-01
3                                     -3.4223297446995460e-01
4                                     -2.2027237084637896e-01
5                                      3.2336158545258176e-01
6                                     -3.7424481560820944e-01
7                                     -2.1569422205507216e-01
8                                     -1.7856187409741153e-02
9                                      1.6270057915657710e-01
10                                     2.6162328801293766e-01
11                                     2.5977275362712282e-01
   &VA [&Type "ArrayOfDoubles", &Dim (12,1)] "Mayer's total valence"
                                                         0

0                                      3.9072398264148847e+00
1                                      3.8064744122214504e+00
2                                      4.2859691470682142e+00
3                                      2.1783273555206679e+00
4                                      3.1314758822535138e+00
5                                      4.3921117027004168e+00
6                                      2.1434186595682894e+00
7                                      3.2097724786711388e+00
8                                      1.2403336710260411e+00
9                                      9.7844791450611857e-01
10                                     9.5777993431056363e-01
11                                     9.4766647963142225e-01
   &BVA [&Type "ArrayOfDoubles", &Dim (12,1)] "Mayer's bonded valence"
                                                         0

0                                      3.9072398264149961e+00
1                                      3.8064744122214349e+00
2                                      4.2859691470681485e+00
3                                      2.1783273555206502e+00
4                                      3.1314758822535445e+00
5                                      4.3921117027004746e+00
6                                      2.1434186595683364e+00
7                                      3.2097724786713027e+00
8                                      1.2403336710261836e+00
9                                      9.7844791450608459e-01
10                                     9.5777993431056097e-01
11                                     9.4766647963145023e-01
   &FA [&Type "ArrayOfDoubles", &Dim (12,1)] "Mayer's free valence"
                                                         0

0                                      0.0000000000000000e+00
1                                      0.0000000000000000e+00
2                                      0.0000000000000000e+00
3                                      0.0000000000000000e+00
4                                      0.0000000000000000e+00
5                                      0.0000000000000000e+00
6                                      0.0000000000000000e+00
7                                      0.0000000000000000e+00
8                                      0.0000000000000000e+00
9                                      0.0000000000000000e+00
10                                     0.0000000000000000e+00
11                                     0.0000000000000000e+00
$End
$VdW_Correction
   &GeometryIndex 1
   &ListStatus       OUT
   &VDW [&Type "Double"]      -4.5010196892143464e-03
$End
$Calculation_Info
   &GeometryIndex 1
   &ListStatus       OUT
   &MULT [&Type "Integer"] 1
   &CHARGE [&Type "Integer"] 0
   &NUMOFATOMS [&Type "Integer"] 12
   &NUMOFELECTRONS [&Type "Integer"] 92
   &NUMOFFCELECTRONS [&Type "Integer"] 1
   &NUMOFCORRELECTRONS [&Type "Integer"] 0
   &NUMOFBASISFUNCTS [&Type "Integer"] 314
   &NUMOFAUXCBASISFUNCTS [&Type "Integer"] 0
   &NUMOFAUXJBASISFUNCTS [&Type "Integer"] 331
   &NUMOFAUXJKBASISFUNCTS [&Type "Integer"] 0
   &NUMOFCABSBASISFUNCTS [&Type "Integer"] 0
   &TOTALENERGY [&Type "Double"]      -2.9883173650950134e+03  "Hartrees"
$End
$SCF_Dipole_Moment
   &GeometryIndex 1
   &ListStatus       OUT
   &METHOD [&Type "String"] "SCF"
   &LEVEL [&Type "String"] "Relaxed density"
   &MULT [&Type "Integer"] 1
   &STATE [&Type "Integer"] -1
   &IRREP [&Type "Integer"] 0
   &NATOMS [&Type "Integer"] 12
   &DODIPOLEATOM [&Type "Boolean"] false
   &DIPOLEELECCONTRIB [&Type "ArrayOfDoubles", &Dim (3,1)] "Electronic contribution"
                                                         0

0                                      2.3647386919371524e+01
1                                      1.0840459333840340e+00
2                                      2.7512992849027662e-04
   &DIPOLENUCCONTRIB [&Type "ArrayOfDoubles", &Dim (3,1)] "Nuclear contribution"
                                                         0

0                                     -2.3722444344084305e+01
1                                      5.6143982001460868e-01
2                                     -2.5183126658802796e-04
   &DIPOLETOTAL [&Type "ArrayOfDoubles", &Dim (3,1)] "Total"
                                                         0

0                                     -7.5057424712781540e-02
1                                      1.6454857533986427e+00
2                                      2.3298661902248661e-05
   &DIPOLEMAGNITUDE [&Type "Double", &Units "a.u."]       1.6471967041568658e+00
$End
$THERMOCHEMISTRY_Energies
   &GeometryIndex 1
   &ListStatus       OUT
   &TEMPERATURE [&Type "Double"]       2.9814999999999998e+02
   &PRESSURE [&Type "Double"]       1.0000000000000000e+00
   &TOTALMASS [&Type "Double"]       1.9098000000000002e+02
   &SPINDEGENERACY [&Type "Integer"] 1
   &ELENERGY [&Type "Double"]      -2.9883173650950134e+03
   &TRANSENERGY [&Type "Double"]       1.4162714244859817e-03
   &ROTENERGY [&Type "Double"]       1.4162714244859817e-03
   &VIBENERGY [&Type "Double"]       4.6313433128471601e-03
   &NUMOFFREQS [&Type "Integer"] 36
   &FREQSCALINGFACTOR [&Type "Double"]       1.0000000000000000e+00
   &FREQ [&Type "ArrayOfDoubles", &Dim (36,1)] "In cm^-1"
                                                         0

0                                      0.0000000000000000e+00
1                                      0.0000000000000000e+00
2                                      0.0000000000000000e+00
3                                      0.0000000000000000e+00
4                                      0.0000000000000000e+00
5                                      0.0000000000000000e+00
6                                      9.8596810762862319e+01
7                                      1.6806705740118025e+02
8                                      1.8958517111096839e+02
9                                      2.7154355667587555e+02
10                                     2.8365269443140966e+02
11                                     3.9977882892664229e+02
12                                     4.0959053098425608e+02
13                                     5.4444214503583112e+02
14                                     6.0137010874351427e+02
15                                     6.2588932895225844e+02
16                                     6.3761608671392116e+02
17                                     7.0689050277965748e+02
18                                     7.6177907154574586e+02
19                                     7.7438021331602738e+02
20                                     7.8528531563757963e+02
21                                     9.0974603644837885e+02
22                                     9.8657566221609000e+02
23                                     1.0631667035117212e+03
24                                     1.1885632201740170e+03
25                                     1.2141292355826652e+03
26                                     1.3481748557655897e+03
27                                     1.3939336162205659e+03
28                                     1.4209584761331732e+03
29                                     1.4994039038640492e+03
30                                     1.6423980875472723e+03
31                                     1.6909070648166366e+03
32                                     1.7393430557504525e+03
33                                     3.2045768767695163e+03
34                                     3.5470911184605657e+03
35                                     3.5719892195956099e+03
   &ZPE [&Type "Double"]       7.6727374804641174e-02
   &INNERENERGYU [&Type "Double"]      -2.9882331738340467e+03
   &ENTHALPYH [&Type "Double"]      -2.9882322296250045e+03
   &QEL [&Type "Double"]       0.0000000000000000e+00
   &QROT [&Type "Double"]       1.4320699906860898e-02
   &QVIB [&Type "Double"]       7.6533539915836614e-03
   &QTRANS [&Type "Double"]       1.9787567641541180e-02
   &ENTROPYS [&Type "Double"]       4.1761621539985742e-02
   &FREEENERGYG [&Type "Double"]      -2.9882739912465445e+03
   &ISLINEAR [&Type "Boolean"] false
$End
$Hessian
   &GeometryIndex 1
   &ListStatus       OUT
   &HESSIAN [&Type "ArrayOfDoubles", &Dim (36,36)] "The Hessian"
                                                         0                           1                           2                           3                           4                           5                           6                           7

0                                      6.8039653385309851e-01        -2.6276003704708544e-02         5.7078311652946464e-06        -1.9255425040637630e-01         1.2044077966238613e-01        -4.7746074961588581e-07         5.8399294524702480e-02         2.2765011532246922e-02
1                                     -2.6276003704708544e-02         8.2474507238029493e-01         4.7904222004901678e-06         1.3945986295470245e-01        -3.6296585728796849e-01        -4.7459275965920209e-07         6.3795522637386179e-03        -4.5904604041029688e-02
2                                      5.7078311652946464e-06         4.7904222004901678e-06         1.2797356380672695e-01        -1.9087261701861840e-07        -1.1266795073979423e-06        -5.4672173001698701e-02         3.0618943009689259e-07         5.0546121379028966e-07
3                                     -1.9255425040637630e-01         1.3945986295470245e-01        -1.9087261701861840e-07         5.1892324364591080e-01        -8.8306891775964055e-02         2.6074673774818454e-06        -1.2991379722120050e-01        -6.9694789906575391e-02
4                                      1.2044077966238613e-01        -3.6296585728796849e-01        -1.1266795073979423e-06        -8.8306891775964055e-02         6.5167448065986422e-01         1.4812684749265982e-06        -5.8005688054253990e-02        -1.7225095002165644e-01
5                                     -4.7746074961588581e-07        -4.7459275965920209e-07        -5.4672173001698701e-02         2.6074673774818454e-06         1.4812684749265982e-06         8.6736266080609276e-02         5.4767159781487254e-07        -5.1250497433369785e-07
6                                      5.8399294524702480e-02         6.3795522637386179e-03         3.0618943009689259e-07        -1.2991379722120050e-01        -5.8005688054253990e-02         5.4767159781487254e-07         5.7333734942782610e-01        -1.0060787761902559e-01
7                                      2.2765011532246922e-02        -4.5904604041029688e-02         5.0546121379028966e-07        -6.9694789906575391e-02        -1.7225095002165644e-01        -5.1250497433369785e-07        -1.0060787761902559e-01         8.4854782975486442e-01
8                                      1.2312855629145808e-06        -1.1492935183776841e-06         1.7924251803818131e-03        -1.1813134660579645e-07         7.4268993529012955e-07        -7.1202029359494448e-02         9.9187689886548390e-07         5.9938651073444071e-06
9                                     -7.8554186755232357e-03        -5.3169535416510896e-03        -3.4336871903656842e-08         1.6711165267645184e-02         1.5933080047296211e-03        -2.5442887729495067e-07        -1.8952770138320724e-01         1.8241839130183141e-01
10                                    -1.7404390618871474e-02         3.2820580250664559e-03        -2.8848435022064325e-07         1.8447063809181874e-02        -7.6727655839916725e-02        -2.7602437378506681e-07         1.8130833001197172e-01        -5.1544639116223490e-01
11                                    -2.8109509043354516e-07         1.8056945859977278e-07         3.1954255081399238e-03         5.0396767743680561e-08        -4.7055055830449373e-07         2.0638737718863737e-02         1.2767390678707174e-06        -3.4906700393087229e-06
12                                    -2.3197503733403319e-02         6.0671184543342775e-03        -2.0752284802321151e-07        -3.2580935530461708e-02        -3.3205631444219397e-02        -1.0523369738633056e-06        -2.2048877487099761e-01        -7.2082220148828036e-03
13                                     2.1868709255807955e-02        -7.0329111594835741e-03         1.1499623431850907e-07        -3.0762311428888186e-02         1.8153855970676265e-02        -2.6904234816672438e-07        -5.0193128198892115e-02        -1.4201227956319440e-01
14                                    -3.4626338338844711e-07         3.2789609994136087e-07         3.0198421110065035e-04        -6.8774217111100110e-07        -3.3320581704766082e-07         9.0902042531476428e-03        -2.8514733393736462e-06        -2.0197554458094600e-06
15                                    -3.2603571666473485e-02        -3.1533463059295122e-02        -7.9603920342796297e-07        -2.9693708032104233e-03        -4.5841551889418027e-03        -3.3869155309682062e-07        -1.7693038942968121e-02         2.9970022338194936e-02
16                                    -6.6032344500550011e-02         2.2696351045779925e-02        -5.4378905528687469e-07        -1.1461894850401562e-03        -3.8157755216302998e-02         8.5587178962157795e-08         8.3039423311091515e-02         3.8487288529963887e-02
17                                    -1.4100508601956925e-07         1.0294663170768103e-07        -1.8103537864592734e-03        -3.0325660796106979e-07        -5.2709393158906325e-07         1.8882056004308582e-04         1.5377614096438058e-06         4.6641345112992573e-07
18                                     1.2134624164130206e-04        -2.8258632381872166e-03        -1.9905949649559226e-07         1.8927841682871253e-03        -1.9424080181159372e-03         2.0816698169951480e-07         1.2239632585848946e-02         9.9321628151732150e-04
19                                     1.0746654814057463e-02        -8.5447234806472674e-03        -1.2133743642487788e-07         7.8098814324289827e-04         8.1428593156764508e-03         3.1436980251341885e-10        -1.7674658040923445e-02        -9.7885510210630172e-03
20                                    -2.6412689881399008e-07        -3.8481255850467894e-07         4.6997189659329468e-03         9.1407755557513332e-08         8.6073290866473623e-09        -1.1377738319995031e-03        -3.3106884470971774e-07         2.8754350451734851e-07
21                                    -3.3380671691694441e-01        -1.6717472072971105e-02        -3.4006048335258607e-06        -3.5362467724722665e-02         5.2060602010033548e-02        -6.5102822640585435e-08        -3.4650293326279433e-02        -3.0078319833496899e-02
22                                     2.3507586064619855e-02        -1.4349646684514586e-01        -3.9368659213130609e-07         4.2206814918269400e-02         1.5884002763874496e-02         3.4065413263010069e-07        -2.5886423106221731e-02        -9.9918792414815452e-03
23                                    -3.8312341722467472e-06        -7.4003505340538351e-07        -3.6751037942245032e-02        -4.9453505008303376e-08         7.5349866078652290e-08         1.2239726889643324e-02         2.7351630754948105e-08        -7.0489590322150450e-07
24                                    -2.9420045307861385e-02         8.0245182521122838e-04        -2.8521230481798950e-07        -1.4648165033003557e-01        -1.9840891105902259e-03        -6.6600760832664060e-07        -3.3122965509249466e-02         5.8167619279900270e-03
25                                     2.0830352369676661e-02         4.0303636518155116e-03         2.4308063169890175e-07         2.1893080301422316e-03        -3.1133924828935265e-02         2.7141886434594258e-08        -1.8961174631774519e-02         1.8588333147150551e-03
26                                     5.1292243113301842e-08        -4.8492679761255413e-08         9.7915311508335601e-04        -1.2504197254957174e-06        -1.1345613213312474e-07        -1.5554038478482227e-02        -1.9589229234608463e-07         1.8215117204784877e-07
27                                    -1.0366270202621009e-01        -1.0325553396414495e-01        -1.3544225003390203e-06         1.1898316329313723e-02         1.4908926190041551e-02         4.1295361543130562e-08        -3.8270511396798941e-03         1.1543648045351891e-03
28                                    -1.0950757627576886e-01        -2.9496380618407947e-01        -3.2103365096831428e-06        -1.2739167239675702e-02        -1.6506954998063220e-02        -1.9004126342677914e-07         4.6312737724375714e-03        -1.4928029361913099e-03
29                                    -1.3140384122153264e-06        -3.0190776634004073e-06        -3.9329816155872360e-02        -6.1230717577816634e-08         2.2673664347449444e-07         6.6890957220336542e-03        -2.4192217748438351e-07        -8.2494160903678880e-08
30                                    -1.1558282382820662e-03         6.0683259724672351e-04         9.5051839942084226e-09        -5.1532531195358092e-03         2.3163941032008570e-03        -3.1213753260048636e-07        -1.3759378203171524e-02        -3.5220686131552728e-02
31                                     7.3323400722816439e-04         7.0435631526161386e-04         3.5751791170762555e-08         8.7859341375754515e-04         5.4533185624283491e-04        -1.8845033553480212e-07        -2.3151348914577791e-03         9.7942496658257293e-03
32                                    -5.5497503938041140e-08         9.3920166191795884e-08        -8.5553596692199954e-04        -1.7665731139420406e-07         1.0310252024811734e-07         3.9054622553774372e-03         1.0180569009038320e-07        -1.1019391721468901e-06
33                                    -1.4661137648368044e-02         3.2325588496771439e-02         4.5326174694457102e-08        -4.4097842756139318e-03        -3.2714414722521457e-03        -9.8890109606839264e-08        -9.9327594162376253e-04         9.9728652606071062e-05
34                                    -1.3881296171709273e-03         7.4501675801358046e-03        -1.0134732719092883e-07        -1.3329863392070708e-03         3.3425676265089015e-03        -6.0057292992590576e-08        -2.1220961500787111e-03        -1.8007432785176747e-03
35                                     1.1953104682073188e-07         4.1649838304491844e-07        -5.5233539341682757e-03        -5.1052990104360776e-08        -3.1021517489455546e-08         3.0777011919567148e-03        -2.4519884965151794e-08        -9.5106522261599408e-08
                                                         8                           9                          10                          11                          12                          13                          14                          15

0                                      1.2312855629145808e-06        -7.8554186755232357e-03        -1.7404390618871474e-02        -2.8109509043354516e-07        -2.3197503733403319e-02         2.1868709255807955e-02        -3.4626338338844711e-07        -3.2603571666473485e-02
1                                     -1.1492935183776841e-06        -5.3169535416510896e-03         3.2820580250664559e-03         1.8056945859977278e-07         6.0671184543342775e-03        -7.0329111594835741e-03         3.2789609994136087e-07        -3.1533463059295122e-02
2                                      1.7924251803818131e-03        -3.4336871903656842e-08        -2.8848435022064325e-07         3.1954255081399238e-03        -2.0752284802321151e-07         1.1499623431850907e-07         3.0198421110065035e-04        -7.9603920342796297e-07
3                                     -1.1813134660579645e-07         1.6711165267645184e-02         1.8447063809181874e-02         5.0396767743680561e-08        -3.2580935530461708e-02        -3.0762311428888186e-02        -6.8774217111100110e-07        -2.9693708032104233e-03
4                                      7.4268993529012955e-07         1.5933080047296211e-03        -7.6727655839916725e-02        -4.7055055830449373e-07        -3.3205631444219397e-02         1.8153855970676265e-02        -3.3320581704766082e-07        -4.5841551889418027e-03
5                                     -7.1202029359494448e-02        -2.5442887729495067e-07        -2.7602437378506681e-07         2.0638737718863737e-02        -1.0523369738633056e-06        -2.6904234816672438e-07         9.0902042531476428e-03        -3.3869155309682062e-07
6                                      9.9187689886548390e-07        -1.8952770138320724e-01         1.8130833001197172e-01         1.2767390678707174e-06        -2.2048877487099761e-01        -5.0193128198892115e-02        -2.8514733393736462e-06        -1.7693038942968121e-02
7                                      5.9938651073444071e-06         1.8241839130183141e-01        -5.1544639116223490e-01        -3.4906700393087229e-06        -7.2082220148828036e-03        -1.4201227956319440e-01        -2.0197554458094600e-06         2.9970022338194936e-02
8                                      1.9672081493737603e-01         1.4055854112393061e-06        -3.4658376043540030e-06        -8.0632503463677979e-02        -3.1570227818249745e-06        -2.0297359226539610e-06        -4.8830584588094236e-02         3.0979441574452719e-07
9                                      1.4055854112393061e-06         2.2472705243395907e-01        -2.4687746131464527e-01        -6.4042486185394655e-08        -5.3654584564677692e-02         7.8938835849220068e-02        -9.2294857341656636e-07        -4.9698729582832446e-04
10                                    -3.4658376043540030e-06        -2.4687746131464527e-01         6.0438249138033662e-01         2.4709540707982982e-06         5.0559888773685335e-02        -1.4672394990609586e-02         1.0775891651108515e-06        -4.9697510635304080e-03
11                                    -8.0632503463677979e-02        -6.4042486185394655e-08         2.4709540707982982e-06         4.0766419204249116e-02        -9.4856632248662247e-07         1.1551116843490504e-06         1.8547496249348164e-02        -3.3306757097203397e-07
12                                    -3.1570227818249745e-06        -5.3654584564677692e-02         5.0559888773685335e-02        -9.4856632248662247e-07         6.8923181801051014e-01         6.1527054032635808e-02         1.4534345983984921e-05        -1.6403854639992987e-01
13                                    -2.0297359226539610e-06         7.8938835849220068e-02        -1.4672394990609586e-02         1.1551116843490504e-06         6.1527054032635808e-02         7.9331680326185161e-01         6.7415212281184526e-06         5.8254384450108415e-02
14                                    -4.8830584588094236e-02        -9.2294857341656636e-07         1.0775891651108515e-06         1.8547496249348164e-02         1.4534345983984921e-05         6.7415212281184526e-06         5.9930409053880737e-02        -4.0317727089192863e-06
15                                     3.0979441574452719e-07        -4.9698729582832446e-04        -4.9697510635304080e-03        -3.3306757097203397e-07        -1.6403854639992987e-01         5.8254384450108415e-02        -4.0317727089192863e-06         9.3088657654903861e-01
16                                     1.7599775005905529e-06        -2.2568946789862498e-02         1.9764930963522510e-03        -3.4187134082755465e-07         1.6178459740404508e-02        -2.4580055228760145e-01        -4.5730180055442511e-07        -1.9250823440304602e-03
17                                    -1.4356597220464258e-02        -4.3769848939284057e-07         6.3588048741110434e-08         7.4973498082545713e-03        -2.2402686166620986e-06         7.1233539877451932e-07        -5.4803151275325396e-02         1.7796346190956165e-05
18                                     1.5691092878484964e-07        -5.7685706125104094e-03         4.8604800492861207e-03         5.3013949731575105e-08        -6.7445599725688005e-02         3.5532528057261620e-02        -1.6917463158895801e-06        -5.9710972832672427e-01
19                                    -4.0341879114860558e-07         6.4924530135098595e-03        -1.1989780998972370e-03         7.7679988400491009e-08         6.6564808894063202e-02         4.7801388288321728e-03         1.6255838249131876e-06         1.6499463065618881e-03
20                                     7.4111952744226866e-03        -1.0688913109100305e-08         8.1135917690387236e-09        -1.8521572025830644e-03        -2.2617012766163510e-06         6.7863602691569066e-07         2.0650914169215894e-02        -1.1979017968034563e-05
21                                    -8.4898892100625511e-07         4.8521693219784308e-03         9.7146885713203079e-03         2.0533972613818784e-07         3.9215106089070313e-02        -3.5334831213160792e-03         1.1768251042367573e-06        -1.5952900314070217e-01
22                                    -3.9815548613969537e-07         8.3081842648209114e-03         3.1147131593848264e-04         1.0866752990467211e-07         5.1934534099331436e-04        -6.8238150659650290e-02        -8.3285623753767424e-07        -4.9870978858340825e-02
23                                    -3.9426190462794053e-03        -3.4963689896771931e-08         3.1606974391217017e-07         1.4457249910094898e-04         8.7160899448013645e-07        -2.6473308592463497e-07         8.5072775132876872e-03        -3.7811643836098396e-06
24                                    -4.6678296775335276e-07         4.5951107253109687e-03        -4.8434512681799768e-06         3.5792681518497655e-08         1.7837983518985533e-03        -6.1605420614283899e-03        -3.0932959484239008e-08         3.8887840384664524e-03
25                                    -2.2584261764937784e-07        -2.7539819232278587e-03         8.2234483887010231e-04        -1.0019441017211382e-08        -8.6143479510495053e-04        -3.6310453602599923e-03        -4.4684261673447692e-08         6.8105717547741916e-04
26                                     1.9081216832332413e-03         4.8327023432738542e-08        -7.3421795003112083e-09        -1.2796962291117047e-03        -7.6181654851493160e-09        -4.8320378928877810e-08         1.6949063256619340e-03         6.3258928632236576e-08
27                                    -1.9171444239606176e-07         9.0478678999765592e-04         1.6209303386184419e-03         5.5223595938514231e-08         1.1634741456777295e-03        -4.6468830851097896e-04         7.9921893443563654e-08        -3.0005672581846863e-03
28                                    -3.3703506262627439e-07        -6.9849377483747425e-04        -1.6221055102730135e-03         4.9875901165776869e-08         3.7923129806447312e-04         7.3116197942473828e-04         1.6006313260303187e-07         7.6802753376177361e-04
29                                     1.0207551421779835e-02         5.8821958634391528e-08         2.2616149263677896e-08        -2.5398558227150399e-03         4.6136359562173241e-08        -6.8047945748556871e-08        -5.4396799207811000e-04        -4.0938518254235211e-08
30                                    -5.3592434702897026e-07         5.0409920077984696e-03         2.9830387815561916e-03         2.3054244094840530e-07        -1.6677964879967844e-01        -1.6035730386537397e-01        -5.3312332605702910e-06         2.0990528324107496e-02
