*************************************************
******************* ORCA 6.0.0 ******************
*************************************************
$Calculation_Status
   &GeometryIndex 1
   &ListStatus       OUT
   &VERSION [&Type "String"] "6.0.0"
   &PROGNAME [&Type "String"] "LeanSCF"
   &STATUS [&Type "String"] "NORMAL TERMINATION"
$End
$Geometry
   &GeometryIndex 1
   &ListStatus       OUT
   &NATOMS [&Type "Integer"] 12
   &NCORELESSECP [&Type "Integer"] 0
   &NGHOSTATOMS [&Type "Integer"] 0
   &CartesianCoordinates [&Type "Coordinates", &Dim(12,4), &Units "Bohr"] 
              C     -1.014993516681    2.557128776289   -0.000979864196
              C      0.322510725940    0.384518151214   -0.000643111220
              C     -0.955469168682   -2.063833804575   -0.000046467232
              O      0.036552214261   -4.129511653044   -0.000032033882
              N     -3.610754069961   -1.822874409688    0.000455906256
              C     -5.063387271171    0.353949203711    0.000119420865
              O     -7.356581611869    0.381136900525    0.000520524308
              N     -3.604678642015    2.545475187088   -0.000719482990
              Br     3.882309935078    0.402906587918   -0.001007489347
              H     -0.117297298573    4.398434958447   -0.001489469856
              H     -4.592206431956   -3.463924352087    0.000899699368
              H     -4.586097029191    4.178228830760   -0.000911536613
$End
$SCF_Energy
   &GeometryIndex 1
   &ListStatus       OUT
   &SCF_ENERGY [&Type "Double"]      -2.9883261301006482e+03
$End
$DFT_Energy
   &GeometryIndex 1
   &ListStatus       OUT
   &NALPHAEL [&Type "Integer"] 46
   &NBETAEL [&Type "Integer"] 46
   &NTOTALEL [&Type "Integer"] 92
   &EEXCHANGE [&Type "Double"]      -1.4138828185304985e+02
   &ECORR [&Type "Double"]      -3.6468270883582403e+00
   &ECNL [&Type "Double"]       0.0000000000000000e+00
   &EXC [&Type "Double"]      -1.4503510894140808e+02
   &EEMBED [&Type "Double"]       0.0000000000000000e+00
   &FINALEN [&Type "Double"]      -2.9883261301006482e+03  "No Van der Waals correction"
$End
$Mulliken_Population_Analysis
   &GeometryIndex 1
   &ListStatus       OUT
   &NATOMS [&Type "Integer"] 12
   &ATNO [&Type "ArrayOfIntegers", &Dim (12,1)] 
                                                         0

0                                                        6
1                                                        6
2                                                        6
3                                                        8
4                                                        7
5                                                        6
6                                                        8
7                                                        7
8                                                       35
9                                                        1
10                                                       1
11                                                       1
   &ATOMICCHARGES [&Type "ArrayOfDoubles", &Dim (12,1)] 
                                                         0

0                                     -2.2881645943506612e-03
1                                     -8.3903609001330537e-02
2                                      2.3991218123345703e-01
3                                     -3.2210132812599568e-01
4                                     -2.3088956977798158e-01
5                                      3.1997977583408854e-01
6                                     -3.5528482418230567e-01
7                                     -2.2375496647505067e-01
8                                     -1.7307796847724433e-02
9                                      1.6165772058733241e-01
10                                     2.5736661481988743e-01
11                                     2.5661396652995927e-01
$End
$Loewdin_Population_Analysis
   &GeometryIndex 1
   &ListStatus       OUT
   &NATOMS [&Type "Integer"] 12
   &ATNO [&Type "ArrayOfIntegers", &Dim (12,1)] 
                                                         0

0                                                        6
1                                                        6
2                                                        6
3                                                        8
4                                                        7
5                                                        6
6                                                        8
7                                                        7
8                                                       35
9                                                        1
10                                                       1
11                                                       1
   &ATOMICCHARGES [&Type "ArrayOfDoubles", &Dim (12,1)] 
                                                         0

0                                     -1.8109600013830551e-01
1                                     -4.1339772308949740e-01
2                                     -4.3703934162744495e-01
3                                      1.1022244147040006e-01
4                                      2.0320157041192388e-01
5                                     -5.0365447257217877e-01
6                                      7.6022504631378496e-02
7                                      1.8555566182600813e-01
8                                      3.8904614260383852e-01
9                                      1.5338123846158391e-01
10                                     2.1055362919966947e-01
11                                     2.0720434882266192e-01
$End
$Mayer_Population_Analysis
   &GeometryIndex 1
   &ListStatus       OUT
   &NATOMS [&Type "Integer"] 12 "Total number of atoms"
   &BONDTHRESH [&Type "Double"]       1.0000000000000001e-01  "The threshold for printing"
   &NBONDORDERSPRINT [&Type "Integer"] 12 "The number of bond orders larger than threshold"
   &BONDORDERS [&Type "ArrayOfDoubles", &Dim (12,1)] "The bond orders"
                                                         0

0                                      1.6449690229787226e+00
1                                      1.1395804087316055e+00
2                                      9.2686868114053145e-01
3                                      1.0040904737883747e+00
4                                      1.1316589194763946e+00
5                                      2.0796747018144326e+00
6                                      1.0905970925753059e+00
7                                      1.1372926222866309e+00
8                                      8.8210596575706646e-01
9                                      2.0483691321678945e+00
10                                     1.0829433063189895e+00
11                                     8.9770543300156869e-01
   &COMPONENTS [&Type "ArrayOfIntegers", &Dim (12,4)] "The indices and atomic numbers of the bonding atoms"
                                                         0                           1                           2                           3

0                                                        0                           6                           1                           6
1                                                        0                           6                           7                           7
2                                                        0                           6                           9                           1
3                                                        1                           6                           2                           6
4                                                        1                           6                           8                          35
5                                                        2                           6                           3                           8
6                                                        2                           6                           4                           7
7                                                        4                           7                           5                           6
8                                                        4                           7                          10                           1
9                                                        5                           6                           6                           8
10                                                       5                           6                           7                           7
11                                                       7                           7                          11                           1
   &ATNO [&Type "ArrayOfIntegers", &Dim (12,1)] "Atomic number of the elements"
                                                         0

0                                                        6
1                                                        6
2                                                        6
3                                                        8
4                                                        7
5                                                        6
6                                                        8
7                                                        7
8                                                       35
9                                                        1
10                                                       1
11                                                       1
   &NA [&Type "ArrayOfDoubles", &Dim (12,1)] "Mulliken gross atomic population"
                                                         0

0                                      6.0022881645943515e+00
1                                      6.0839036090013705e+00
2                                      5.7600878187665421e+00
3                                      8.3221013281260028e+00
4                                      7.2308895697779434e+00
5                                      5.6800202241659017e+00
6                                      8.3552848241823021e+00
7                                      7.2237549664750098e+00
8                                      3.5017307796847469e+01
9                                      8.3834227941266948e-01
10                                     7.4263338518011179e-01
11                                     7.4338603347004328e-01
   &ZA [&Type "ArrayOfDoubles", &Dim (12,1)] "Total nuclear charge"
                                                         0

0                                      6.0000000000000000e+00
1                                      6.0000000000000000e+00
2                                      6.0000000000000000e+00
3                                      8.0000000000000000e+00
4                                      7.0000000000000000e+00
5                                      6.0000000000000000e+00
6                                      8.0000000000000000e+00
7                                      7.0000000000000000e+00
8                                      3.5000000000000000e+01
9                                      1.0000000000000000e+00
10                                     1.0000000000000000e+00
11                                     1.0000000000000000e+00
   &QA [&Type "ArrayOfDoubles", &Dim (12,1)] "Mulliken gross atomic charge"
                                                         0

0                                     -2.2881645943515494e-03
1                                     -8.3903609001370505e-02
2                                      2.3991218123345792e-01
3                                     -3.2210132812600278e-01
4                                     -2.3088956977794339e-01
5                                      3.1997977583409831e-01
6                                     -3.5528482418230212e-01
7                                     -2.2375496647500981e-01
8                                     -1.7307796847468637e-02
9                                      1.6165772058733052e-01
10                                     2.5736661481988821e-01
11                                     2.5661396652995672e-01
   &VA [&Type "ArrayOfDoubles", &Dim (12,1)] "Mayer's total valence"
                                                         0

0                                      3.9162422322013537e+00
1                                      3.8068108370150799e+00
2                                      4.2840794016051627e+00
3                                      2.1979929781201117e+00
4                                      3.1205587665949377e+00
5                                      4.3922296100219160e+00
6                                      2.1626617341576941e+00
7                                      3.1998114460312239e+00
8                                      1.2444275171445782e+00
9                                      9.7907389407637857e-01
10                                     9.5949727375019478e-01
11                                     9.4973181201294732e-01
   &BVA [&Type "ArrayOfDoubles", &Dim (12,1)] "Mayer's bonded valence"
                                                         0

0                                      3.9162422322013741e+00
1                                      3.8068108370149267e+00
2                                      4.2840794016052230e+00
3                                      2.1979929781201677e+00
4                                      3.1205587665949559e+00
5                                      4.3922296100218823e+00
6                                      2.1626617341578434e+00
7                                      3.1998114460312910e+00
8                                      1.2444275171450057e+00
9                                      9.7907389407637235e-01
10                                     9.5949727375017624e-01
11                                     9.4973181201292678e-01
   &FA [&Type "ArrayOfDoubles", &Dim (12,1)] "Mayer's free valence"
                                                         0

0                                      0.0000000000000000e+00
1                                      0.0000000000000000e+00
2                                      0.0000000000000000e+00
3                                      0.0000000000000000e+00
4                                      0.0000000000000000e+00
5                                      0.0000000000000000e+00
6                                      0.0000000000000000e+00
7                                      0.0000000000000000e+00
8                                      0.0000000000000000e+00
9                                      0.0000000000000000e+00
10                                     0.0000000000000000e+00
11                                     0.0000000000000000e+00
$End
$VdW_Correction
   &GeometryIndex 1
   &ListStatus       OUT
   &VDW [&Type "Double"]      -4.4942294014721253e-03
$End
$Calculation_Info
   &GeometryIndex 1
   &ListStatus       OUT
   &MULT [&Type "Integer"] 1
   &CHARGE [&Type "Integer"] 0
   &NUMOFATOMS [&Type "Integer"] 12
   &NUMOFELECTRONS [&Type "Integer"] 92
   &NUMOFFCELECTRONS [&Type "Integer"] 1
   &NUMOFCORRELECTRONS [&Type "Integer"] 0
   &NUMOFBASISFUNCTS [&Type "Integer"] 314
   &NUMOFAUXCBASISFUNCTS [&Type "Integer"] 0
   &NUMOFAUXJBASISFUNCTS [&Type "Integer"] 331
   &NUMOFAUXJKBASISFUNCTS [&Type "Integer"] 0
   &NUMOFCABSBASISFUNCTS [&Type "Integer"] 0
   &TOTALENERGY [&Type "Double"]      -2.9883184839855498e+03  "Hartrees"
$End
$SCF_Dipole_Moment
   &GeometryIndex 1
   &ListStatus       OUT
   &METHOD [&Type "String"] "SCF"
   &LEVEL [&Type "String"] "Relaxed density"
   &MULT [&Type "Integer"] 1
   &STATE [&Type "Integer"] -1
   &IRREP [&Type "Integer"] 0
   &NATOMS [&Type "Integer"] 12
   &DODIPOLEATOM [&Type "Boolean"] false
   &DIPOLEELECCONTRIB [&Type "ArrayOfDoubles", &Dim (3,1)] "Electronic contribution"
                                                         0

0                                      2.3637254605674162e+01
1                                      9.9164529141814362e-01
2                                     -2.7649810482127070e-03
   &DIPOLENUCCONTRIB [&Type "ArrayOfDoubles", &Dim (3,1)] "Nuclear contribution"
                                                         0

0                                     -2.3732321564305440e+01
1                                      5.7223383392742866e-01
2                                      2.4885567890628409e-03
   &DIPOLETOTAL [&Type "ArrayOfDoubles", &Dim (3,1)] "Total"
                                                         0

0                                     -9.5066958631278453e-02
1                                      1.5638791253455722e+00
2                                     -2.7642425914986600e-04
   &DIPOLEMAGNITUDE [&Type "Double", &Units "a.u."]       1.5667660073301961e+00
$End
$THERMOCHEMISTRY_Energies
   &GeometryIndex 1
   &ListStatus       OUT
   &TEMPERATURE [&Type "Double"]       2.9814999999999998e+02
   &PRESSURE [&Type "Double"]       1.0000000000000000e+00
   &TOTALMASS [&Type "Double"]       1.9098000000000002e+02
   &SPINDEGENERACY [&Type "Integer"] 1
   &ELENERGY [&Type "Double"]      -2.9883184839855498e+03
   &TRANSENERGY [&Type "Double"]       1.4162714244859817e-03
   &ROTENERGY [&Type "Double"]       1.4162714244859817e-03
   &VIBENERGY [&Type "Double"]       4.7579666948257158e-03
   &NUMOFFREQS [&Type "Integer"] 36
   &FREQSCALINGFACTOR [&Type "Double"]       1.0000000000000000e+00
   &FREQ [&Type "ArrayOfDoubles", &Dim (36,1)] "In cm^-1"
                                                         0

0                                      0.0000000000000000e+00
1                                      0.0000000000000000e+00
2                                      0.0000000000000000e+00
3                                      0.0000000000000000e+00
4                                      0.0000000000000000e+00
5                                      0.0000000000000000e+00
6                                      9.4372627922398891e+01
7                                      1.5484282507955990e+02
8                                      1.8742925409974904e+02
9                                      2.7355479652608619e+02
10                                     2.8367384364758902e+02
11                                     3.8774771310016075e+02
12                                     3.9746350778158416e+02
13                                     5.3610456589144997e+02
14                                     5.7119674520334308e+02
15                                     5.9873339875970032e+02
16                                     6.2974357481198535e+02
17                                     6.7959150864968933e+02
18                                     7.5359359710371155e+02
19                                     7.6717605741003831e+02
20                                     7.7159365958559249e+02
21                                     9.0825027243808199e+02
22                                     9.6873650427637722e+02
23                                     1.0529755486714494e+03
24                                     1.1460582277524484e+03
25                                     1.1866798023251467e+03
26                                     1.3351490455841652e+03
27                                     1.3878060106136145e+03
28                                     1.4001743009508464e+03
29                                     1.4806087833973206e+03
30                                     1.6468269281049829e+03
31                                     1.7552486312307922e+03
32                                     1.7900562324748998e+03
33                                     3.1998347945959940e+03
34                                     3.5838705892583712e+03
35                                     3.6272237168659562e+03
   &ZPE [&Type "Double"]       7.6446915301957824e-02
   &INNERENERGYU [&Type "Double"]      -2.9882344465607039e+03
   &ENTHALPYH [&Type "Double"]      -2.9882335023516616e+03
   &QEL [&Type "Double"]       0.0000000000000000e+00
   &QROT [&Type "Double"]       1.4323236828943131e-02
   &QVIB [&Type "Double"]       7.8849763246598044e-03
   &QTRANS [&Type "Double"]       1.9787567641541180e-02
   &ENTROPYS [&Type "Double"]       4.1995780795144114e-02
   &FREEENERGYG [&Type "Double"]      -2.9882754981324570e+03
   &ISLINEAR [&Type "Boolean"] false
$End
$Hessian
   &GeometryIndex 1
   &ListStatus       OUT
   &HESSIAN [&Type "ArrayOfDoubles", &Dim (36,36)] "The Hessian"
                                                         0                           1                           2                           3                           4                           5                           6                           7

0                                      6.6379112553515285e-01        -3.1630590631927621e-02        -5.2025707087699533e-05        -1.9558929689969479e-01         1.2609563140267849e-01        -9.8118497087273905e-06         5.7943377704227403e-02         2.2688932253205514e-02
1                                     -3.1630590631927621e-02         8.2608682188107352e-01        -1.5315674513416305e-04         1.4594356037811712e-01        -3.6913581155271541e-01         5.2336343694846876e-05         6.7739558547966899e-03        -4.4722071422612295e-02
2                                     -5.2025707087699533e-05        -1.5315674513416305e-04         1.2795168302919230e-01        -1.8062415436398008e-05         5.8658004735822309e-05        -5.3459203053839208e-02        -7.9226493241904477e-06         3.2436469656853256e-06
3                                     -1.9558929689969479e-01         1.4594356037811712e-01        -1.8062415436398008e-05         5.2046394229377679e-01        -1.0530046976989593e-01        -2.5069305443552541e-05        -1.2479306285904475e-01        -6.0172258159973360e-02
4                                      1.2609563140267849e-01        -3.6913581155271541e-01         5.8658004735822309e-05        -1.0530046976989593e-01         6.4121051162951914e-01        -1.0215707827088685e-04        -4.6622327259596641e-02        -1.5559095733367262e-01
5                                     -9.8118497087273905e-06         5.2336343694846876e-05        -5.3459203053839208e-02        -2.5069305443552541e-05        -1.0215707827088685e-04         8.6963453452090569e-02         1.8153881447967625e-05         2.4418162558044969e-05
6                                      5.7943377704227403e-02         6.7739558547966899e-03        -7.9226493241904477e-06        -1.2479306285904475e-01        -4.6622327259596641e-02         1.8153881447967625e-05         5.5048748252982360e-01        -1.3854788245179589e-01
7                                      2.2688932253205514e-02        -4.4722071422612295e-02         3.2436469656853256e-06        -6.0172258159973360e-02        -1.5559095733367262e-01         2.4418162558044969e-05        -1.3854788245179589e-01         8.8909669834343108e-01
8                                     -1.5473972633583817e-05         1.3040368915303080e-05         1.7993963478239137e-03         1.7206191865834517e-05         2.6451916356587461e-05        -7.3308466876083334e-02        -6.2478937062106601e-05        -6.1700276346074871e-05
9                                     -7.8951916395404945e-03        -5.1847893333721255e-03         2.1094442445285308e-06         1.6890466795747655e-02         1.1791055958731839e-03        -6.9100576026580017e-07        -1.9880155216006901e-01         2.1430986598689508e-01
10                                    -1.7660650750220514e-02         2.9508167712523512e-03         2.3126214356028359e-06         1.9214424141741140e-02        -7.6944769094544896e-02         1.0166199536797686e-05         2.1113499953575054e-01        -5.7449012042030545e-01
11                                     4.5211711248185784e-06         2.2954033750068179e-07         3.0825571197723796e-03        -1.8606878941685788e-06         1.1964787750410185e-05         2.1082358237051443e-02         5.5252227914182812e-06         8.2296162229081893e-06
12                                    -2.2986728716093092e-02         5.8534198548756992e-03         2.1603548464543188e-06        -3.1495717535755939e-02        -3.2140884291304420e-02         1.4715220467280863e-05        -1.9529169290538090e-01        -8.7129784918188943e-03
13                                     2.1579741857101046e-02        -7.1456373049737301e-03        -2.0538406674832855e-07        -2.9889546835561543e-02         1.8402647826375670e-02         3.4006762098035597e-06        -5.3857764841587684e-02        -1.4131923336380753e-01
14                                    -3.1601619779454115e-06         3.8697700125523068e-07         5.1746228580424399e-04         1.2782458499282466e-05         2.5236374718004300e-06         8.6847487003815921e-03         3.3477191612816934e-05         2.6670036589252326e-05
15                                    -3.1321698078739718e-02        -2.9405006598729761e-02         1.0481689335997623e-05        -2.7255521277849675e-03        -4.7985530011068998e-03        -1.1115213941853615e-06        -1.5784734950142699e-02         2.8265862776753428e-02
16                                    -6.4197292853299226e-02         2.3678734926851710e-02         2.4794363585159154e-06        -1.0135152152406842e-03        -3.7332026877879287e-02         5.0559404857228676e-06         8.3060520363414950e-02         3.8121032508761449e-02
17                                     2.2745226813794183e-05        -4.4137944892804355e-06        -2.7657944534950508e-03        -1.7283804881623506e-07         3.5307268485773088e-06         3.3593841242705738e-04        -8.2121437855046974e-06        -2.1468080755801492e-05
18                                     2.4884700387732550e-04        -3.4240990217362204e-03         2.7288990332551424e-06         1.8843171332594798e-03        -1.9172044355459973e-03         9.0633076409174628e-07         1.2561000611911469e-02         7.6606357867538624e-04
19                                     1.0582110181136559e-02        -8.6583463817841572e-03         2.5419587317797564e-06         7.7428745871903218e-04         8.0378435498982843e-03        -1.4842085204699742e-06        -1.8387598038570482e-02        -9.6929887296096223e-03
20                                     5.3284836832961643e-08         4.7181604503727685e-06         4.7746783557939465e-03        -8.3738860539257084e-07        -2.4277752482723802e-06        -1.1175465723719143e-03         6.5795904392478361e-06         3.0445955378163660e-06
21                                    -3.1468359921009798e-01        -1.5954757820988541e-02         2.9902084522248371e-05        -3.5259863048022991e-02         5.1158089667093218e-02        -6.4845684769154742e-06        -3.4277131007960641e-02        -3.0078026577926194e-02
22                                     2.3803038061811218e-02        -1.4432418121028009e-01         2.0385826028902765e-05         4.1549477995363404e-02         1.5768200716380451e-02        -4.0548836883111279e-06        -2.5431704413101518e-02        -9.6866798882202874e-03
23                                     2.5418178063879464e-05         2.7041144365223485e-05        -3.6506936089327424e-02        -4.3028970598808401e-06        -2.9108076682327706e-06         1.1753931409530294e-02         6.2577194164923476e-06         3.9900086468217830e-06
24                                    -2.8980942486024258e-02         8.1666475477087247e-04         4.6501509106225743e-06        -1.5179743128756640e-01        -1.5752578710967746e-03         1.0923347119677735e-05        -3.3615981575855526e-02         6.1234409498231585e-03
25                                     2.0959500376284551e-02         3.9512042087618202e-03        -2.9091190927325870e-06         2.4958929479937074e-03        -3.0816673809034561e-02         2.5539164389073298e-06        -1.9031369367676000e-02         1.8198776222184375e-03
26                                    -2.4486869553702594e-06         2.8342723176286488e-07         9.9826255296029884e-04         1.3618152201845044e-05         2.9392520917742134e-06        -1.4938952492851352e-02         7.5079330639370843e-06        -1.2132388817659092e-06
27                                    -1.0579927786275052e-01        -1.0603548745550861e-01         3.0501437651373717e-05         1.1865099994326051e-02         1.5037038425004312e-02        -2.8730739366976417e-06        -3.8891384224614758e-03         1.0809041444557483e-03
28                                    -1.1070118622754385e-01        -2.9148072109396050e-01         6.8340650935844831e-05        -1.3056453835712984e-02        -1.7402668413308113e-02         9.9251423791258053e-06         4.8243114175614520e-03        -1.3903008336839488e-03
29                                     3.1043292982536284e-05         6.8518144714758077e-05        -3.9094716476952444e-02         3.2803754447843900e-06         2.0441028504159105e-08         7.0531661544763697e-03         2.5879287444362342e-06         2.5509582534914162e-06
30                                    -1.2836602686455444e-03         6.5171850326012294e-04        -3.9456231145393351e-07        -5.1619001633226858e-03         2.2591119081772464e-03         1.8877712943702036e-06        -1.3515792169149709e-02        -3.5485770606020831e-02
31                                     8.4182534131348446e-04         6.7708859071363182e-04        -7.2053976522870362e-07         8.8806241272118341e-04         6.1619556589009427e-04         3.6941715455202681e-07        -2.0530132367252846e-03         9.6570893165256362e-03
32                                     2.3342207149623306e-07        -1.3181901360751576e-06        -8.4680816074226358e-04         2.2339202786082713e-06        -7.2541653666293386e-07         3.8824427477757526e-03        -1.3127693571580649e-06         8.8611851839096178e-06
33                                    -1.3442955081671190e-02         3.1323830898864438e-02        -5.3730553584528877e-06        -4.2810022959175343e-03        -3.3592818201065881e-03        -2.0448215226141656e-07        -1.0227747958977715e-03         1.2998131887166295e-04
34                                    -2.0894783929616689e-03         8.1221025876731957e-03        -2.8623498710389862e-06        -1.4484600684443220e-03         3.1875077930911301e-03         2.8301117398569578e-06        -2.2302622836149069e-03        -1.8023457990248518e-03
35                                     1.5013144368323062e-07        -5.7733842137465069e-06        -6.4505814569907147e-03         8.4368997707153535e-07        -1.2274282774112953e-06         3.0681298814127260e-03         1.7324245654075624e-06         3.8211273487782698e-07
                                                         8                           9                          10                          11                          12                          13                          14                          15

0                                     -1.5473972633583817e-05        -7.8951916395404945e-03        -1.7660650750220514e-02         4.5211711248185784e-06        -2.2986728716093092e-02         2.1579741857101046e-02        -3.1601619779454115e-06        -3.1321698078739718e-02
1                                      1.3040368915303080e-05        -5.1847893333721255e-03         2.9508167712523512e-03         2.2954033750068179e-07         5.8534198548756992e-03        -7.1456373049737301e-03         3.8697700125523068e-07        -2.9405006598729761e-02
2                                      1.7993963478239137e-03         2.1094442445285308e-06         2.3126214356028359e-06         3.0825571197723796e-03         2.1603548464543188e-06        -2.0538406674832855e-07         5.1746228580424399e-04         1.0481689335997623e-05
3                                      1.7206191865834517e-05         1.6890466795747655e-02         1.9214424141741140e-02        -1.8606878941685788e-06        -3.1495717535755939e-02        -2.9889546835561543e-02         1.2782458499282466e-05        -2.7255521277849675e-03
4                                      2.6451916356587461e-05         1.1791055958731839e-03        -7.6944769094544896e-02         1.1964787750410185e-05        -3.2140884291304420e-02         1.8402647826375670e-02         2.5236374718004300e-06        -4.7985530011068998e-03
5                                     -7.3308466876083334e-02        -6.9100576026580017e-07         1.0166199536797686e-05         2.1082358237051443e-02         1.4715220467280863e-05         3.4006762098035597e-06         8.6847487003815921e-03        -1.1115213941853615e-06
6                                     -6.2478937062106601e-05        -1.9880155216006901e-01         2.1113499953575054e-01         5.5252227914182812e-06        -1.9529169290538090e-01        -5.3857764841587684e-02         3.3477191612816934e-05        -1.5784734950142699e-02
7                                     -6.1700276346074871e-05         2.1430986598689508e-01        -5.7449012042030545e-01         8.2296162229081893e-06        -8.7129784918188943e-03        -1.4131923336380753e-01         2.6670036589252326e-05         2.8265862776753428e-02
8                                      1.9320173534045068e-01         3.5687611298908309e-06         1.0918387882656617e-05        -7.4392139701056959e-02         3.1835875992772592e-05         2.7430147093460018e-05        -4.8641524783006464e-02        -1.7384924600870112e-06
9                                      3.5687611298908309e-06         2.3477284297679599e-01        -2.7808745483114905e-01        -1.0126125273230067e-05        -5.4647424264915027e-02         7.9062553933332683e-02         4.8368809687612910e-06        -5.2008490055000141e-04
10                                     1.0918387882656617e-05        -2.7808745483114905e-01         6.6328423796865310e-01        -1.2816256657439697e-05         5.1223460141089985e-02        -1.4146487913304570e-02        -9.9790588930497358e-06        -4.9247663987239086e-03
11                                    -7.4392139701056959e-02        -1.0126125273230067e-05        -1.2816256657439697e-05         3.4458442562909156e-02         8.2327443574887209e-06        -1.2143997379355004e-05         1.8116809928433959e-02         4.6089864924449106e-07
12                                     3.1835875992772592e-05        -5.4647424264915027e-02         5.1223460141089985e-02         8.2327443574887209e-06         6.6000931640329163e-01         7.2797283367886267e-02        -1.1640849106412501e-04        -1.6136185944168752e-01
13                                     2.7430147093460018e-05         7.9062553933332683e-02        -1.4146487913304570e-02        -1.2143997379355004e-05         7.2797283367886267e-02         7.8911665768548889e-01        -1.6126554784175014e-04         5.3860077221617952e-02
14                                    -4.8641524783006464e-02         4.8368809687612910e-06        -9.9790588930497358e-06         1.8116809928433959e-02        -1.1640849106412501e-04        -1.6126554784175014e-04         5.9459967234658170e-02         1.3960164664754632e-05
15                                    -1.7384924600870112e-06        -5.2008490055000141e-04        -4.9247663987239086e-03         4.6089864924449106e-07        -1.6136185944168752e-01         5.3860077221617952e-02         1.3960164664754632e-05         9.8176753394690786e-01
16                                    -2.3005472295781783e-05        -2.3326448034779384e-02         2.3172967123990433e-03         6.8971194209475352e-06         8.5995277635583095e-03        -2.3374395768220199e-01         3.8743876553835726e-05        -1.5919208790915657e-02
17                                    -1.5591311913419580e-02         6.1768149542905312e-06         3.8355530858843068e-06         7.6254221871245890e-03         1.3365971267287395e-05         4.3666109290477762e-05        -5.4510625249659862e-02        -1.4339534761770881e-04
18                                    -3.5131016325725632e-06        -5.9023105788393506e-03         4.9503650534597071e-03         8.5776854179379003e-07        -6.6249433539605468e-02         3.5465193934770836e-02         6.1800509778762419e-07        -6.6322222521092211e-01
19                                     7.0075344912525752e-06         6.8036112503846759e-03        -1.3105388240386832e-03        -1.8864777381757038e-06         6.6536846110270859e-02         4.8064287036236816e-03        -7.1441441814059177e-06         6.1373069467768448e-03
20                                     7.5657695331772775e-03        -2.2476547093155359e-06         1.5913931022597946e-07        -1.8975645356608568e-03        -1.0057803986264359e-06        -1.6806330214437664e-06         2.0099111451083979e-02         9.1928292570534780e-05
21                                     9.6875103899479860e-06         4.9545314126517538e-03         9.6704910934909422e-03        -2.3115270258944930e-06         3.9276362326418651e-02        -3.4404616004232863e-03        -5.1977503707612215e-06        -1.5078248919996784e-01
22                                     4.2520771332459524e-06         8.2853501144526907e-03         2.6000425242577504e-04        -1.7419879486273735e-06         5.9995566979495485e-04        -6.8385334019325561e-02         2.1258218519483269e-05        -3.6714862386411085e-02
23                                    -3.8828371651668954e-03        -2.2262082731149299e-06        -1.5107863397462150e-06         1.9628369538738733e-04        -5.1835827857068976e-06         1.9131638803775234e-05         8.4520137896105726e-03         2.7789895319448531e-05
24                                     7.9821544905615984e-06         4.7749358776306150e-03        -2.0187234698777062e-04        -9.9227399341839130e-07         1.6621867820533157e-03        -6.3039556912665769e-03         5.1435672538079016e-07         3.9201829699896289e-03
25                                     1.8880914393909484e-06        -2.7856824751885233e-03         8.2189897448590110e-04         2.5774615309072756e-07        -9.7442316235657293e-04        -3.6016439379317252e-03         1.0252281127035232e-06         6.7629328453064797e-04
26                                     1.9927332582043832e-03        -2.4702652569613943e-07        -2.5943838742812859e-07        -1.2628093902708588e-03         1.6484397195446409e-07         1.9862618638746125e-06         1.6693327978212482e-03        -7.1289247693515615e-07
27                                     2.6665915998414079e-07         9.3784567059003151e-04         1.6642948680018017e-03        -2.7711913349078689e-07         1.2621573520002600e-03        -5.3043385052812706e-04        -3.3507880190087602e-07        -2.6375279993905935e-03
28                                    -4.6976828841908733e-07        -7.3672295626024762e-04        -1.7435656894041057e-03         1.6241534043622216e-07         2.8856629717839612e-04         7.4028850430693678e-04        -1.0264742229862349e-06         9.0202502378929419e-04
29                                     1.0306550632537752e-02        -9.1173814914385880e-07         9.7886783630358578e-07        -2.5951433260417941e-03        -5.8272662207725518e-07         4.4870302687990826e-07        -5.2403706873757280e-04        -3.8783208015053070e-07
30                                     8.3308316363753736e-06         4.9611928574985927e-03         3.2694700358110555e-03        -2.4752673023292286e-06        -1.6703764232545637e-01        -1.6400463860681017e-01         5.4893007926442839e-05         2.0867575772664765e-02
