*************************************************
******************* ORCA 6.0.0 ******************
*************************************************
$Calculation_Status
   &GeometryIndex 1
   &ListStatus       OUT
   &VERSION [&Type "String"] "6.0.0"
   &PROGNAME [&Type "String"] "LeanSCF"
   &STATUS [&Type "String"] "NORMAL TERMINATION"
$End
$Geometry
   &GeometryIndex 1
   &ListStatus       OUT
   &NATOMS [&Type "Integer"] 12
   &NCORELESSECP [&Type "Integer"] 0
   &NGHOSTATOMS [&Type "Integer"] 0
   &CartesianCoordinates [&Type "Coordinates", &Dim(12,4), &Units "Bohr"] 
              C      1.947818149824    2.538286830068    0.000420114088
              C      0.634929172553    0.349255405942    0.000214492042
              C      1.954020734419   -2.075182007418   -0.000080158592
              O      0.996206725897   -4.159134034080   -0.000031432571
              N      4.605911977067   -1.802123144652   -0.000486771909
              C      6.026965811596    0.393789183721   -0.000221991231
              O      8.319532792131    0.453858591287   -0.000407612793
              N      4.537216160751    2.564746297861    0.000277424269
              I     -3.308390608742    0.292524748179    0.000496230366
              H      1.034380067234    4.372263509861    0.000732009984
              H      5.609252305170   -3.429962644897   -0.000678141829
              H      5.495740409234    4.211253183710    0.000350097845
$End
$SCF_Energy
   &GeometryIndex 1
   &ListStatus       OUT
   &SCF_ENERGY [&Type "Double"]      -7.1200884627975813e+02
$End
$DFT_Energy
   &GeometryIndex 1
   &ListStatus       OUT
   &NALPHAEL [&Type "Integer"] 41
   &NBETAEL [&Type "Integer"] 41
   &NTOTALEL [&Type "Integer"] 82
   &EEXCHANGE [&Type "Double"]      -7.3076947916646475e+01
   &ECORR [&Type "Double"]      -2.9869238528815023e+00
   &ECNL [&Type "Double"]       0.0000000000000000e+00
   &EXC [&Type "Double"]      -7.6063871769527978e+01
   &EEMBED [&Type "Double"]       0.0000000000000000e+00
   &FINALEN [&Type "Double"]      -7.1200884627975813e+02  "No Van der Waals correction"
$End
$Mulliken_Population_Analysis
   &GeometryIndex 1
   &ListStatus       OUT
   &NATOMS [&Type "Integer"] 12
   &ATNO [&Type "ArrayOfIntegers", &Dim (12,1)] 
                                                         0

0                                                        6
1                                                        6
2                                                        6
3                                                        8
4                                                        7
5                                                        6
6                                                        8
7                                                        7
8                                                       53
9                                                        1
10                                                       1
11                                                       1
   &ATOMICCHARGES [&Type "ArrayOfDoubles", &Dim (12,1)] 
                                                         0

0                                     -3.4107637571050731e-02
1                                     -9.3281785409966567e-02
2                                      2.2403540137307054e-01
3                                     -3.2829821040395402e-01
4                                     -2.2825891307318269e-01
5                                      3.2328762395316613e-01
6                                     -3.5542894408387404e-01
7                                     -2.1925609183422790e-01
8                                      3.6679804660753490e-02
9                                      1.6208336956651914e-01
10                                     2.5640535597495018e-01
11                                     2.5614002684753079e-01
$End
$Loewdin_Population_Analysis
   &GeometryIndex 1
   &ListStatus       OUT
   &NATOMS [&Type "Integer"] 12
   &ATNO [&Type "ArrayOfIntegers", &Dim (12,1)] 
                                                         0

0                                                        6
1                                                        6
2                                                        6
3                                                        8
4                                                        7
5                                                        6
6                                                        8
7                                                        7
8                                                       53
9                                                        1
10                                                       1
11                                                       1
   &ATOMICCHARGES [&Type "ArrayOfDoubles", &Dim (12,1)] 
                                                         0

0                                     -1.9026539120991970e-01
1                                     -4.0074009600603766e-01
2                                     -4.4431035985662160e-01
3                                      1.0763403760119949e-01
4                                      2.0326495131132383e-01
5                                     -5.0328980990601302e-01
6                                      7.5984009123867047e-02
7                                      1.8551952721425469e-01
8                                      3.9566771291962510e-01
9                                      1.5289266791015255e-01
10                                     2.1050360033135584e-01
11                                     2.0713915056655607e-01
$End
$Mayer_Population_Analysis
   &GeometryIndex 1
   &ListStatus       OUT
   &NATOMS [&Type "Integer"] 12 "Total number of atoms"
   &BONDTHRESH [&Type "Double"]       1.0000000000000001e-01  "The threshold for printing"
   &NBONDORDERSPRINT [&Type "Integer"] 12 "The number of bond orders larger than threshold"
   &BONDORDERS [&Type "ArrayOfDoubles", &Dim (12,1)] "The bond orders"
                                                         0

0                                      1.6327352932494832e+00
1                                      1.1418225123305137e+00
2                                      9.2619454000915014e-01
3                                      1.0099799488625156e+00
4                                      1.1176701770522679e+00
5                                      2.0618626717095916e+00
6                                      1.0890628929995703e+00
7                                      1.1376664881866747e+00
8                                      8.8249732097956501e-01
9                                      2.0488067363470961e+00
10                                     1.0800032037488190e+00
11                                     8.9744139783681820e-01
   &COMPONENTS [&Type "ArrayOfIntegers", &Dim (12,4)] "The indices and atomic numbers of the bonding atoms"
                                                         0                           1                           2                           3

0                                                        0                           6                           1                           6
1                                                        0                           6                           7                           7
2                                                        0                           6                           9                           1
3                                                        1                           6                           2                           6
4                                                        1                           6                           8                          53
5                                                        2                           6                           3                           8
6                                                        2                           6                           4                           7
7                                                        4                           7                           5                           6
8                                                        4                           7                          10                           1
9                                                        5                           6                           6                           8
10                                                       5                           6                           7                           7
11                                                       7                           7                          11                           1
   &ATNO [&Type "ArrayOfIntegers", &Dim (12,1)] "Atomic number of the elements"
                                                         0

0                                                        6
1                                                        6
2                                                        6
3                                                        8
4                                                        7
5                                                        6
6                                                        8
7                                                        7
8                                                       53
9                                                        1
10                                                       1
11                                                       1
   &NA [&Type "ArrayOfDoubles", &Dim (12,1)] "Mulliken gross atomic population"
                                                         0

0                                      6.0341076375710498e+00
1                                      6.0932817854099843e+00
2                                      5.7759645986269428e+00
3                                      8.3282982104038865e+00
4                                      7.2282589130731827e+00
5                                      5.6767123760468303e+00
6                                      8.3554289440838421e+00
7                                      7.2192560918342012e+00
8                                      2.4963320195339211e+01
9                                      8.3791663043348041e-01
10                                     7.4359464402504927e-01
11                                     7.4385997315246999e-01
   &ZA [&Type "ArrayOfDoubles", &Dim (12,1)] "Total nuclear charge"
                                                         0

0                                      6.0000000000000000e+00
1                                      6.0000000000000000e+00
2                                      6.0000000000000000e+00
3                                      8.0000000000000000e+00
4                                      7.0000000000000000e+00
5                                      6.0000000000000000e+00
6                                      8.0000000000000000e+00
7                                      7.0000000000000000e+00
8                                      2.5000000000000000e+01
9                                      1.0000000000000000e+00
10                                     1.0000000000000000e+00
11                                     1.0000000000000000e+00
   &QA [&Type "ArrayOfDoubles", &Dim (12,1)] "Mulliken gross atomic charge"
                                                         0

0                                     -3.4107637571049843e-02
1                                     -9.3281785409984330e-02
2                                      2.2403540137305722e-01
3                                     -3.2829821040388651e-01
4                                     -2.2825891307318269e-01
5                                      3.2328762395316968e-01
6                                     -3.5542894408384207e-01
7                                     -2.1925609183420125e-01
8                                      3.6679804660789017e-02
9                                      1.6208336956651959e-01
10                                     2.5640535597495073e-01
11                                     2.5614002684753001e-01
   &VA [&Type "ArrayOfDoubles", &Dim (12,1)] "Mayer's total valence"
                                                         0

0                                      3.9028766251257876e+00
1                                      3.7813047018678052e+00
2                                      4.2564259745818482e+00
3                                      2.1926814547502400e+00
4                                      3.1210219627131388e+00
5                                      4.3888024666659593e+00
6                                      2.1627075722654969e+00
7                                      3.1964517975383568e+00
8                                      1.2212873065043479e+00
9                                      9.7856093589959126e-01
10                                     9.6026120550185023e-01
11                                     9.5004214046018520e-01
   &BVA [&Type "ArrayOfDoubles", &Dim (12,1)] "Mayer's bonded valence"
                                                         0

0                                      3.9028766251259284e+00
1                                      3.7813047018680566e+00
2                                      4.2564259745818713e+00
3                                      2.1926814547504834e+00
4                                      3.1210219627129971e+00
5                                      4.3888024666660401e+00
6                                      2.1627075722656519e+00
7                                      3.1964517975384421e+00
8                                      1.2212873065043404e+00
9                                      9.7856093589957249e-01
10                                     9.6026120550181449e-01
11                                     9.5004214046018332e-01
   &FA [&Type "ArrayOfDoubles", &Dim (12,1)] "Mayer's free valence"
                                                         0

0                                      0.0000000000000000e+00
1                                      0.0000000000000000e+00
2                                      0.0000000000000000e+00
3                                      0.0000000000000000e+00
4                                      0.0000000000000000e+00
5                                      0.0000000000000000e+00
6                                      0.0000000000000000e+00
7                                      0.0000000000000000e+00
8                                      0.0000000000000000e+00
9                                      0.0000000000000000e+00
10                                     0.0000000000000000e+00
11                                     0.0000000000000000e+00
$End
$VdW_Correction
   &GeometryIndex 1
   &ListStatus       OUT
   &VDW [&Type "Double"]      -4.7029527653933857e-03
$End
$Calculation_Info
   &GeometryIndex 1
   &ListStatus       OUT
   &MULT [&Type "Integer"] 1
   &CHARGE [&Type "Integer"] 0
   &NUMOFATOMS [&Type "Integer"] 12
   &NUMOFELECTRONS [&Type "Integer"] 82
   &NUMOFFCELECTRONS [&Type "Integer"] 1
   &NUMOFCORRELECTRONS [&Type "Integer"] 0
   &NUMOFBASISFUNCTS [&Type "Integer"] 316
   &NUMOFAUXCBASISFUNCTS [&Type "Integer"] 0
   &NUMOFAUXJBASISFUNCTS [&Type "Integer"] 331
   &NUMOFAUXJKBASISFUNCTS [&Type "Integer"] 0
   &NUMOFCABSBASISFUNCTS [&Type "Integer"] 0
   &TOTALENERGY [&Type "Double"]      -7.1200162567222344e+02  "Hartrees"
$End
$SCF_Dipole_Moment
   &GeometryIndex 1
   &ListStatus       OUT
   &METHOD [&Type "String"] "SCF"
   &LEVEL [&Type "String"] "Relaxed density"
   &MULT [&Type "Integer"] 1
   &STATE [&Type "Integer"] -1
   &IRREP [&Type "Integer"] 0
   &NATOMS [&Type "Integer"] 12
   &DODIPOLEATOM [&Type "Boolean"] false
   &DIPOLEELECCONTRIB [&Type "ArrayOfDoubles", &Dim (3,1)] "Electronic contribution"
                                                         0

0                                     -1.3260983313130674e+02
1                                      8.9567834567034055e+00
2                                      1.0090997695894631e-02
   &DIPOLENUCCONTRIB [&Type "ArrayOfDoubles", &Dim (3,1)] "Nuclear contribution"
                                                         0

0                                      1.3258266265280412e+02
1                                     -7.4273028073997791e+00
2                                     -9.9567533030950651e-03
   &DIPOLETOTAL [&Type "ArrayOfDoubles", &Dim (3,1)] "Total"
                                                         0

0                                     -2.7170478502625883e-02
1                                      1.5294806493036264e+00
2                                      1.3424439279956582e-04
   &DIPOLEMAGNITUDE [&Type "Double", &Units "a.u."]       1.5297219713130426e+00
$End
$THERMOCHEMISTRY_Energies
   &GeometryIndex 1
   &ListStatus       OUT
   &TEMPERATURE [&Type "Double"]       2.9814999999999998e+02
   &PRESSURE [&Type "Double"]       1.0000000000000000e+00
   &TOTALMASS [&Type "Double"]       2.3798000000000002e+02
   &SPINDEGENERACY [&Type "Integer"] 1
   &ELENERGY [&Type "Double"]      -7.1200162567222344e+02
   &TRANSENERGY [&Type "Double"]       1.4162714244859817e-03
   &ROTENERGY [&Type "Double"]       1.4162714244859817e-03
   &VIBENERGY [&Type "Double"]       4.9168481946337949e-03
   &NUMOFFREQS [&Type "Integer"] 36
   &FREQSCALINGFACTOR [&Type "Double"]       1.0000000000000000e+00
   &FREQ [&Type "ArrayOfDoubles", &Dim (36,1)] "In cm^-1"
                                                         0

0                                      0.0000000000000000e+00
1                                      0.0000000000000000e+00
2                                      0.0000000000000000e+00
3                                      0.0000000000000000e+00
4                                      0.0000000000000000e+00
5                                      0.0000000000000000e+00
6                                      8.8625332992264873e+01
7                                      1.5329467555770739e+02
8                                      1.6160309616040732e+02
9                                      2.3847389084016496e+02
10                                     2.5438498716153785e+02
11                                     3.8705175332518701e+02
12                                     3.9711290329926521e+02
13                                     5.3566695859635036e+02
14                                     5.7385711832975119e+02
15                                     5.9205909407862725e+02
16                                     6.1420305609994989e+02
17                                     6.7957406095103443e+02
18                                     7.5458694760547871e+02
19                                     7.6535132639378639e+02
20                                     7.7051040728761359e+02
21                                     9.0996630347894086e+02
22                                     9.6915137839232409e+02
23                                     1.0357621159966088e+03
24                                     1.1422096980392000e+03
25                                     1.1863492103877732e+03
26                                     1.3369733000246795e+03
27                                     1.3863492057283338e+03
28                                     1.3983001572000521e+03
29                                     1.4775629551457341e+03
30                                     1.6385195346279086e+03
31                                     1.7479396595113683e+03
32                                     1.7898073625593927e+03
33                                     3.1959281000316892e+03
34                                     3.5830501317346252e+03
35                                     3.6257663983166826e+03
   &ZPE [&Type "Double"]       7.6067996919795516e-02
   &INNERENERGYU [&Type "Double"]      -7.1191780828426010e+02
   &ENTHALPYH [&Type "Double"]      -7.1191686407521786e+02
   &QEL [&Type "Double"]       0.0000000000000000e+00
   &QROT [&Type "Double"]       1.4562625472450529e-02
   &QVIB [&Type "Double"]       8.2633631752825829e-03
   &QTRANS [&Type "Double"]       2.0099172743016668e-02
   &ENTROPYS [&Type "Double"]       4.2925161390749776e-02
   &FREEENERGYG [&Type "Double"]      -7.1195978923660857e+02
   &ISLINEAR [&Type "Boolean"] false
$End
$Hessian
   &GeometryIndex 1
   &ListStatus       OUT
   &HESSIAN [&Type "ArrayOfDoubles", &Dim (36,36)] "The Hessian"
                                                         0                           1                           2                           3                           4                           5                           6                           7

0                                      6.5314974345349397e-01         2.7775242278155976e-02        -3.0324734191585050e-05        -1.8971332403242971e-01        -1.2783818375190698e-01        -5.9662960469165144e-06         5.7704315943897737e-02        -2.0531418219560948e-02
1                                      2.7775242278155976e-02         8.2421734395780499e-01         9.2284271361242205e-05        -1.4141112974608785e-01        -3.6906746319787709e-01        -3.1132547412216460e-05        -5.7885970203105097e-03        -4.5174459018341787e-02
2                                     -3.0324734191585050e-05         9.2284271361242205e-05         1.2888881621107021e-01        -9.9652918450378286e-06        -3.3960370673780421e-05        -5.2341827598353249e-02        -4.9024402073776078e-06        -4.5290366883852283e-06
3                                     -1.8971332403242971e-01        -1.4141112974608785e-01        -9.9652918450378286e-06         4.8651426747271964e-01         1.0231599431195207e-01        -1.4582152911304700e-05        -1.2813061979467974e-01         5.8400641121091515e-02
4                                     -1.2783818375190698e-01        -3.6906746319787709e-01        -3.3960370673780421e-05         1.0231599431195207e-01         6.3460452589641136e-01         5.5762496749524082e-05         5.0896228974134497e-02        -1.5406030864781350e-01
5                                     -5.9662960469165144e-06        -3.1132547412216460e-05        -5.2341827598353249e-02        -1.4582152911304700e-05         5.5762496749524082e-05         8.0344865066219573e-02         8.3949427957340296e-06        -1.2352699495073680e-05
6                                      5.7704315943897737e-02        -5.7885970203105097e-03        -4.9024402073776078e-06        -1.2813061979467974e-01         5.0896228974134497e-02         8.3949427957340296e-06         5.4179433478819683e-01         1.3072887170656416e-01
7                                     -2.0531418219560948e-02        -4.5174459018341787e-02        -4.5290366883852283e-06         5.8400641121091515e-02        -1.5406030864781350e-01        -1.2352699495073680e-05         1.3072887170656416e-01         8.8688468299618306e-01
8                                     -9.9846964633671429e-06        -8.4752953244855044e-06         1.1107464797768061e-03         8.7111967886320834e-06        -1.3072918330818696e-05        -7.2359298130510966e-02        -4.4887599020219772e-05         2.0497010936960061e-05
9                                     -7.9007524379859830e-03         4.8155503052400633e-03         1.3363400579865894e-06         1.8645222345087566e-02         1.1439974224042027e-03         4.4205604628755369e-07        -1.9019046298104222e-01        -2.0483848855291531e-01
10                                     1.7334655790264674e-02         2.6904502532491326e-03        -5.9796466831798293e-07        -1.6396484799944669e-02        -7.6985326336393184e-02        -2.9141277118078780e-06        -2.0272336537063895e-01        -5.7656569252085821e-01
11                                     2.4761955623815357e-06        -6.6301341572567378e-08         3.2469086076351095e-03        -6.1955147343868642e-07        -4.7856369797102024e-06         2.0838459410036994e-02         9.6169272376343123e-06         9.1756072007125594e-06
12                                    -2.2627396104015037e-02        -6.2897496658678095e-03         6.3776570131607791e-07        -3.1803484864089009e-02         3.2136301110894105e-02         9.6850762905786836e-06        -1.9544380387030999e-01         7.8362301104001192e-03
13                                    -2.1514204878322580e-02        -7.4054811010000367e-03         6.4739783595837947e-07         2.9745545424518145e-02         1.7740531734736775e-02        -2.8577382078715020e-06         5.3363438417183898e-02        -1.3869280095672976e-01
14                                    -1.3359305778619486e-06        -3.2074113921534786e-07         4.5343662354632329e-04         7.2286390080574616e-06        -2.0240986057858761e-06         9.2035490364337259e-03         2.3538353834078225e-05        -1.4453459662349068e-05
15                                    -3.3096133990558989e-02         2.8219736592693445e-02         9.1527132176286514e-06        -1.4409905710312714e-03         5.1346341498790535e-03         3.6301077211700761e-07        -1.4319608568479296e-02        -2.8404455387774585e-02
16                                     6.4131331892334609e-02         2.5706413817988320e-02        -1.7763426687881045e-07        -3.6008037675700280e-04        -3.7865157949671706e-02        -3.8340788973312562e-06        -8.3814553145557635e-02         3.5966312838003542e-02
17                                     1.3396361409463844e-05         3.1349579089662980e-06        -2.5790818577406272e-03        -8.7949224519311116e-08        -2.1733954279846070e-06         8.5068372306135349e-06        -6.3836173512418263e-06         1.3334659383743798e-05
18                                     7.2165919968528516e-04         4.0099350296221008e-03         3.0042814873404188e-07         9.4490754183374111e-04         1.6650441831860263e-03         3.8099471665001915e-07         1.2192703310178851e-02        -9.3630935283621139e-04
19                                    -1.0589405876522509e-02        -8.9282846373556126e-03        -1.7259582861782250e-06        -4.5591064217421345e-04         8.2413539009140030e-03         1.1296256718715590e-06         1.8601256473908569e-02        -9.3624117439157530e-03
20                                    -1.8159086462121467e-06        -2.4494575356598965e-06         4.7267988418283865e-03        -1.7790770668541718e-07         4.8940587385877457e-07        -1.1250765149579496e-03         1.5090501194791116e-06        -3.2084094891832959e-06
21                                    -3.1153634834914762e-01         1.5176127205950974e-02         1.6452315384174686e-05        -3.6753249720419955e-02        -5.2384027867820426e-02        -4.6005243830188984e-06        -3.5452800350142227e-02         2.9009688294325500e-02
22                                    -2.6368880716538715e-02        -1.4467138190122403e-01        -1.2570445835135037e-05        -4.1713358592359084e-02         1.3757509510329504e-02         1.8873837660514256e-06         2.4665675345880878e-02        -8.6933625615274387e-03
23                                     1.5559599469364148e-05        -1.4954362335216085e-05        -3.7285459345296104e-02        -2.9251702976225943e-06         7.5080760672609764e-07         1.3258862178101211e-02         4.1877257065040503e-06        -1.6663719890930120e-06
24                                    -2.5082030887759843e-02        -1.6762727097423512e-03         1.1749369582168849e-06        -1.2012010335619862e-01         1.1177999287875981e-03         6.2179831144977335e-06        -2.9360727790650777e-02        -5.4196679388460924e-03
25                                    -1.6160688700397472e-02         2.5496785373773315e-03         1.3783951462583039e-06        -3.3519792020274830e-03        -2.2741920668722573e-02        -6.8994425559838100e-07         1.5225281627095648e-02         3.0056102585460879e-03
26                                    -1.1982481411010678e-06        -3.9731120168150605e-07         4.1448582901396774e-04         7.9179616571861867e-06        -1.2825458549829785e-06        -1.1055087826253805e-02         3.7079175372196379e-06         1.1369449496823875e-06
27                                    -1.0747324327081209e-01         1.0777567850064962e-01         1.8803037805945460e-05         1.1672320063863937e-02        -1.5156989786668941e-02        -2.0319133373578498e-06        -3.6538568129325893e-03        -1.0649605819080775e-03
28                                     1.1259182402719646e-01        -2.8811417950689588e-01        -4.1646060537172064e-05         1.2704123390592081e-02        -1.7592534028476429e-02        -4.7989528782839615e-06        -4.7206023414960371e-03        -1.5615143524966707e-03
29                                     1.9440544962240055e-05        -4.1904842917424137e-05        -3.9455490108612060e-02         2.1397845962528790e-06        -9.9237995131828515e-08         5.9454885652141598e-03         1.1710317217741611e-06        -1.3495173437109006e-06
30                                    -1.2773388506491581e-03        -7.4498845524647163e-04         8.9443323595177781e-09        -5.2727680158417469e-03        -2.0316099001994915e-03         1.4290479740709146e-06        -1.4076411375537659e-02         3.4939362389860104e-02
31                                    -8.5998050471455291e-04         6.4992922081109298e-04         1.0359883879939337e-07        -9.9210079723530847e-04         7.3135615941151682e-04        -1.2706410174097349e-07         1.6625951380019738e-03         9.8796867323828492e-03
32                                     1.9734593422214908e-07         8.2639721022500052e-07        -8.1429712525739307e-04         1.6437811857788496e-06         4.7435525199338589e-07         3.8458868553118025e-03         2.0982383464445217e-06        -5.9951899341821103e-06
33                                    -1.2869150673718549e-02        -3.1609967455469415e-02        -2.4520704963439813e-06        -4.5421770688148840e-03         3.0408766316956624e-03         4.3349922648002904e-07        -1.0630624984989023e-03        -1.2028087800330933e-04
34                                     1.7781438004242853e-03         7.5474335754634938e-03         1.5559293347879885e-06         1.4746745020944383e-03         3.2374336271513496e-03        -8.0713426570455519e-07         2.3045574848366214e-03        -1.6257430234325292e-03
35                                    -6.6617813664530968e-07         2.6931111658394857e-06        -6.3650365576113643e-03         5.5093596488307198e-07         6.5591942427384034e-07         3.4356721215279022e-03         7.7450922982374396e-07        -2.3546103959014890e-07
                                                         8                           9                          10                          11                          12                          13                          14                          15

0                                     -9.9846964633671429e-06        -7.9007524379859830e-03         1.7334655790264674e-02         2.4761955623815357e-06        -2.2627396104015037e-02        -2.1514204878322580e-02        -1.3359305778619486e-06        -3.3096133990558989e-02
1                                     -8.4752953244855044e-06         4.8155503052400633e-03         2.6904502532491326e-03        -6.6301341572567378e-08        -6.2897496658678095e-03        -7.4054811010000367e-03        -3.2074113921534786e-07         2.8219736592693445e-02
2                                      1.1107464797768061e-03         1.3363400579865894e-06        -5.9796466831798293e-07         3.2469086076351095e-03         6.3776570131607791e-07         6.4739783595837947e-07         4.5343662354632329e-04         9.1527132176286514e-06
3                                      8.7111967886320834e-06         1.8645222345087566e-02        -1.6396484799944669e-02        -6.1955147343868642e-07        -3.1803484864089009e-02         2.9745545424518145e-02         7.2286390080574616e-06        -1.4409905710312714e-03
4                                     -1.3072918330818696e-05         1.1439974224042027e-03        -7.6985326336393184e-02        -4.7856369797102024e-06         3.2136301110894105e-02         1.7740531734736775e-02        -2.0240986057858761e-06         5.1346341498790535e-03
5                                     -7.2359298130510966e-02         4.4205604628755369e-07        -2.9141277118078780e-06         2.0838459410036994e-02         9.6850762905786836e-06        -2.8577382078715020e-06         9.2035490364337259e-03         3.6301077211700761e-07
6                                     -4.4887599020219772e-05        -1.9019046298104222e-01        -2.0272336537063895e-01         9.6169272376343123e-06        -1.9544380387030999e-01         5.3363438417183898e-02         2.3538353834078225e-05        -1.4319608568479296e-02
7                                      2.0497010936960061e-05        -2.0483848855291531e-01        -5.7656569252085821e-01         9.1756072007125594e-06         7.8362301104001192e-03        -1.3869280095672976e-01        -1.4453459662349068e-05        -2.8404455387774585e-02
8                                      1.9376259032656051e-01         9.1025319845751731e-06         8.3671432913490228e-06        -7.4467114995799943e-02         2.6011949964570310e-05        -1.5356751965298294e-05        -4.8941474145542244e-02        -2.0704463337253922e-06
9                                      9.1025319845751731e-06         2.2466568910822038e-01         2.6786573617108789e-01        -1.6996101174498854e-05        -5.3693509862259972e-02        -8.0047835065156642e-02         5.8225858474872582e-06        -9.4954976891453366e-04
10                                     8.3671432913490228e-06         2.6786573617108789e-01         6.6925820079213516e-01        -1.2634635049125748e-05        -5.1646930548482156e-02        -1.6797425024010919e-02         8.3368460796722176e-06         4.5860256483551774e-03
11                                    -7.4467114995799943e-02        -1.6996101174498854e-05        -1.2634635049125748e-05         3.4299227311142828e-02         7.9719986305056291e-06         1.0500464484333125e-05         1.8293730318870053e-02         8.8241899356495688e-08
12                                     2.6011949964570310e-05        -5.3693509862259972e-02        -5.1646930548482156e-02         7.9719986305056291e-06         6.6150743408868173e-01        -7.3495208704077469e-02        -6.4357126032537238e-05        -1.6077079690189727e-01
13                                    -1.5356751965298294e-05        -8.0047835065156642e-02        -1.6797425024010919e-02         1.0500464484333125e-05        -7.3495208704077469e-02         7.8843365199340976e-01         8.1264250199879749e-05        -5.3552582614385696e-02
14                                    -4.8941474145542244e-02         5.8225858474872582e-06         8.3368460796722176e-06         1.8293730318870053e-02        -6.4357126032537238e-05         8.1264250199879749e-05         5.9352328449228567e-02         5.8802140109467895e-06
15                                    -2.0704463337253922e-06        -9.4954976891453366e-04         4.5860256483551774e-03         8.8241899356495688e-08        -1.6077079690189727e-01        -5.3552582614385696e-02         5.8802140109467895e-06         9.8151288691195349e-01
16                                     1.5032294060865325e-05         2.3579498242335049e-02         2.9270532237425976e-03        -5.0961883202144065e-06        -8.3389466738904711e-03        -2.3610384821709290e-01        -2.5561027219114022e-05         2.2776638351385853e-02
17                                    -1.5496038418853199e-02         5.2267361525887024e-06        -1.4168577364613013e-06         7.6273914182221911e-03         4.4002802024663594e-06        -3.1212227962242567e-05        -5.4627556228872956e-02        -7.5362780545629136e-05
18                                    -3.0929932504061643e-06        -5.7460231163310935e-03        -4.8679866454447232e-03         1.0795893935906358e-06        -6.4947848523405668e-02        -3.6216641108565241e-02        -1.6420924647985879e-06        -6.6277237940048850e-01
19                                    -5.1941704435448825e-06        -6.9332254782475643e-03        -1.5072439982688562e-03         1.4990815276750346e-06        -6.7565948932146680e-02         3.4564210677342083e-03         3.5970727942763534e-06        -1.4063018235536764e-02
20                                     7.5985475145610749e-03        -1.0673376587649497e-06         3.7825900404436101e-07        -1.9107058134921549e-03        -4.7453317463072789e-06         1.5518572786450255e-06         2.0187773352934014e-02         5.1682749706149948e-05
21                                     6.1597758000374289e-06         5.4339567953734201e-03        -9.2940032238207158e-03        -1.4006168622969470e-06         3.9298024058939937e-02         4.8665644307213304e-03        -2.0824258510924524e-06        -1.5054512936222000e-01
22                                    -2.3868367928091479e-06        -8.1120823531567951e-03        -4.6302620312793988e-05         1.2202800325487151e-06         1.1570872958436632e-03        -6.8265552452703604e-02        -1.2734217383345005e-05         3.7387584403845361e-02
23                                    -4.2229523670682979e-03        -1.7866364772536557e-06         2.6550283063303562e-07         1.5204729247703547e-04        -2.3640181714499859e-06        -1.2360106146030422e-05         8.5670677722860210e-03         1.4792683920404827e-05
24                                     6.1129658307169987e-06         3.3344392370788551e-03        -3.9127446610175663e-04        -4.1828764591669363e-07         1.6327373668086429e-03         5.4393321613097553e-03        -1.9911044936154482e-07         2.2257819879154643e-03
25                                    -1.2907055901221906e-06         2.2111896217495829e-03        -2.9744676185704082e-04        -1.6916219173227845e-07         3.5280521294559462e-04        -2.9818709120193196e-03        -2.9902571496185018e-07        -4.9409711189413478e-04
26                                     1.3980775056296347e-03        -2.7126312125155915e-07         2.2982145853891330e-08        -1.0740718968429651e-03        -4.9432358800888039e-08        -1.0752932547490740e-06         1.3978614858767783e-03        -4.5130830442262187e-07
27                                     1.2184598933149895e-07         8.5553380331255678e-04        -1.6739236737056511e-03        -7.9923177370676852e-08         1.2743185191773057e-03         4.9598968659400025e-04        -1.6826853150872622e-07        -2.4856069773398111e-03
28                                     1.4468037433286704e-07         7.5038994609909031e-04        -1.6931385849788001e-03        -4.3223416347327081e-08        -2.9707255310360134e-04         7.4335382421668588e-04         4.9532495829357532e-07        -8.9943803134523437e-04
29                                     1.0630511532434500e-02        -4.2545385362387766e-07        -6.3201418614094676e-07        -2.5852568183620697e-03        -3.2591883345181738e-07        -1.4453308219840227e-07        -5.6509023176762590e-04        -1.7878754773548180e-07
30                                     3.3598042031755502e-06         5.0359507709014130e-03        -3.0498897633114176e-03        -1.4630810349900024e-06        -1.7112929171500652e-01         1.6615864374536665e-01         2.5784384947285730e-05         2.0821320074548830e-02
