
$orca_hessian_file

$act_atom
  0

$act_coord
  0

$act_energy
        0.000000

$multiplicity
  1

$hessian
48
                    0                  1                  2                  3                  4        
    0      4.7469035471E-01   7.4266656367E-03   3.3020021341E-04  -2.0922155394E-01   3.1355162483E-03
    1      7.4266656367E-03   5.7324489515E-01  -1.8714499768E-05  -2.9802384469E-03  -8.7665331033E-02
    2      3.3020021341E-04  -1.8714499768E-05   5.2687170063E-01  -2.6794475125E-05  -5.1097436059E-06
    3     -2.0922155394E-01  -2.9802384469E-03  -2.6794475125E-05   6.4072434291E-01  -7.8394406846E-03
    4      3.1355162483E-03  -8.7665331033E-02  -5.1097436059E-06  -7.8394406846E-03   6.5035211017E-01
    5      1.1514660696E-04   4.6049358777E-06  -6.5551500540E-02  -1.3515727197E-04   6.6724818208E-05
    6     -2.1848363865E-02   2.8490874859E-02  -4.8377564835E-05  -1.7313789046E-01   5.1667374631E-02
    7      4.6704523227E-03   2.4406420475E-03   1.5182259642E-06   1.1341032052E-01  -2.6357313689E-01
    8      8.6834082405E-06  -3.7934244793E-05   3.4332358916E-03   6.1055835318E-06  -8.0213210129E-05
    9      1.2092468218E-03   1.3898076791E-03  -6.7193941323E-06  -2.8808139098E-02   7.0927683778E-02
   10      4.0501402189E-04  -3.4837961156E-03   2.9408488362E-05   2.8619615395E-02   2.9549126356E-02
   11     -1.7382687715E-05  -4.2294807184E-05   7.6914977223E-03   8.6055994796E-06   1.5334159046E-05
   12     -1.1223035573E-03  -1.5919013779E-04  -2.1290218732E-05   4.5287814363E-03   1.4560797417E-03
   13      1.9694371440E-03  -1.4219769236E-03  -1.1500752658E-05  -7.8622877415E-04  -7.3306924056E-02
   14     -1.5449487876E-05  -6.7420443445E-07  -8.5066541027E-04   1.8404768496E-05  -6.8244885237E-06
   15      4.4565591762E-03  -2.1994441913E-03  -2.0754812613E-05  -3.0643959186E-02  -7.1112915473E-02
   16     -2.0920594203E-03  -5.4428875575E-03  -2.4426697348E-05  -2.8490019545E-02   3.2306498587E-02
   17     -1.5335579096E-05   3.9109783789E-05   4.8490124294E-03   3.2149025557E-06  -9.4128116724E-06
   18     -2.4989090901E-02  -3.1445930876E-02  -3.9651775788E-05  -1.6711964997E-01  -4.6712245686E-02
   19     -6.3431416848E-03   3.6074395968E-03   1.6313740212E-06  -1.0615218793E-01  -2.5822777236E-01
   20      5.5025645463E-06   3.9089629600E-05   1.5479772347E-03  -2.4406783405E-05   2.6080514665E-05
   21      1.8686791316E-04   1.1241933872E-03   4.4074645367E-05  -2.7701381812E-03  -1.5190398491E-03
   22     -2.1102857220E-04   3.7998150877E-04  -1.2569602372E-06  -9.9941415349E-05   6.5603814994E-03
   23      6.5259970854E-06   3.3193611951E-06  -6.9763468393E-04  -6.1347293621E-06   1.2436978760E-06
   24     -7.3480557692E-02   4.1583352755E-02  -7.2950384215E-02  -1.5585634484E-02   1.7097407562E-02
   25      4.0649677016E-02  -1.0567077255E-01   1.0080449624E-01   1.6923398038E-03  -3.6068444840E-04
   26     -7.1655378019E-02   1.0120594364E-01  -2.1046753618E-01   3.3185419139E-04  -1.8459138483E-03
   27     -7.8695197125E-02  -8.3877089253E-02  -9.9075939089E-04  -1.1977100701E-02  -3.2139866284E-02
   28     -8.7794329584E-02  -2.7753911809E-01  -2.5892678298E-03   5.5359662130E-04   9.8911377828E-06
   29     -1.0552397949E-03  -2.6045776054E-03  -4.5776778109E-02   7.8788859926E-05   8.7176142460E-05
   30     -7.3181843356E-02   3.9779897203E-02   7.3723648499E-02  -1.5658979573E-02   1.6445345329E-02
   31      3.8798561646E-02  -1.0089513173E-01  -9.8198236681E-02   1.6878490174E-03  -3.5123844827E-04
   32      7.2242965542E-02  -9.8584842483E-02  -2.1519037752E-01  -1.8095842851E-04   1.7603933420E-03
   33      1.4861493884E-03   1.4280859367E-03   1.1159108446E-05   9.2586306846E-03   1.2671826107E-02
   34     -2.1552550969E-03   8.9416864141E-04  -1.4929541975E-05  -1.6118992137E-02  -2.0115268272E-02
   35      1.6536135313E-05   3.0063190996E-05  -4.4517622387E-03  -2.8147227465E-05   3.6397031829E-06
   36     -2.2774975432E-04   1.4477520003E-03  -5.7798215081E-06  -5.3669364178E-03  -1.8817361953E-03
   37     -5.7267189967E-05  -4.8585419262E-05   9.6972704438E-07  -7.5192465905E-04   2.4581945613E-03
   38      6.4065540682E-06   1.1517980013E-06   5.6718848837E-04  -9.4058817872E-06   3.5522320334E-06
   39     -2.1400381039E-04  -1.5406113630E-03  -5.6873139097E-06  -5.2597584078E-03   1.7793995460E-03
   40      1.2064205829E-05   2.8449762526E-05  -9.3341241284E-07   8.8467441204E-04   2.2181822744E-03
   41      5.9503039444E-06  -2.5757269049E-06   4.0991124800E-04  -8.8830225430E-06  -2.8895606251E-06
   42      9.3587566394E-04  -2.6807852677E-04   1.1199247650E-05   1.0713243080E-02  -1.3220418801E-02
   43      1.6018955207E-03   1.4639776213E-03   1.9423872981E-05   1.6496231927E-02  -1.9948504952E-02
   44      1.7733594199E-05  -2.7730269783E-05  -2.3727159043E-03  -2.2827319786E-05  -4.8669673026E-06
   45      1.5610333272E-05  -1.9316857920E-04  -2.1431171161E-06   3.2474231636E-04  -7.7106125182E-04
   46     -2.3080298255E-05   1.0804508679E-04   5.4635470305E-06  -1.0956282888E-04   9.4475872359E-05
   47      1.1950344060E-06  -2.4738628853E-06  -1.1553047565E-05   1.7505677303E-08   3.5816538632E-08
                    5                  6                  7                  8                  9        
    0      1.1514660696E-04  -2.1848363865E-02   4.6704523227E-03   8.6834082405E-06   1.2092468218E-03
    1      4.6049358777E-06   2.8490874859E-02   2.4406420475E-03  -3.7934244793E-05   1.3898076791E-03
    2     -6.5551500540E-02  -4.8377564835E-05   1.5182259642E-06   3.4332358916E-03  -6.7193941323E-06
    3     -1.3515727197E-04  -1.7313789046E-01   1.1341032052E-01   6.1055835318E-06  -2.8808139098E-02
    4      6.6724818208E-05   5.1667374631E-02  -2.6357313689E-01  -8.0213210129E-05   7.0927683778E-02
    5      1.6337263234E-01   3.0370442610E-05  -2.4011404846E-05  -6.2758657208E-02  -2.9691470086E-05
    6      3.0370442610E-05   6.7714370946E-01   3.1934212400E-02   1.1912884607E-04  -3.3099214916E-01
    7     -2.4011404846E-05   3.1934212400E-02   6.9981059670E-01   1.9144816884E-04  -2.7210014738E-02
    8     -6.2758657208E-02   1.1912884607E-04   1.9144816884E-04   1.2581282215E-01  -4.9950955163E-05
    9     -2.9691470086E-05  -3.3099214916E-01  -2.7210014738E-02  -4.9950955163E-05   6.8834061545E-01
   10     -3.2900065087E-05   2.8249107482E-02  -1.2374710490E-01   1.9127823160E-06  -3.1302557463E-02
   11      5.3996988325E-03  -4.5447829443E-05  -2.6625433258E-05  -5.0830614628E-02   8.0587028326E-05
   12      2.5219095237E-05  -2.8289512060E-02  -3.1942421562E-02  -1.7689752740E-05  -1.6090112273E-01
   13     -1.3760752312E-06  -8.0165439772E-02   3.5707752243E-02  -4.5651037536E-05  -3.7271247363E-02
   14     -4.6198981451E-03  -3.0681432854E-05   3.5283785257E-06   6.2484620489E-04   4.8766891309E-07
   15     -4.0660957153E-05  -4.3382075228E-02   2.6522478083E-02  -2.2171464193E-05   5.3986053760E-02
   16      3.6793507810E-05   2.5112753360E-02  -1.6478867935E-02   1.3251945973E-05  -1.8998057743E-02
   17      6.0234447016E-03  -1.1293400776E-05   7.9705599528E-06  -3.5711658836E-03   3.8576000288E-06
   18      9.6822753799E-06   5.5472394079E-02  -2.0715082744E-02   3.6912960962E-05  -4.3057155850E-02
   19     -3.4622851385E-05   2.2195735632E-02  -6.0869647345E-02   8.7602032448E-06  -2.7770848834E-02
   20     -6.6340842216E-02   4.0658235949E-05  -2.8489464708E-05   8.6956160286E-03  -3.0490482378E-05
   21     -3.7831749018E-05   2.1670340338E-03  -2.6108441795E-03  -4.0916616662E-07  -4.3713986317E-02
   22      2.6918154957E-06   6.1456434133E-03  -8.2238632285E-03   2.1673969793E-06  -4.3285319279E-02
   23     -1.4643390994E-03   2.5995062589E-06  -4.7155085440E-06   7.4249174375E-03  -1.5966006650E-05
   24     -2.5273530335E-02  -2.6166703819E-03  -1.9807517139E-03  -8.2313598429E-04  -9.5550755515E-04
   25     -1.3618663724E-03   1.4328111196E-03  -1.0738485701E-04   3.3667274623E-05  -4.1597962451E-04
   26      2.9878893333E-03   3.3704014414E-04  -4.4499581815E-04  -2.3511936147E-04   2.2322290921E-04
   27     -3.3254463461E-04   2.3648757055E-03  -2.2798322285E-03   1.6395377453E-05  -3.5670254556E-04
   28      4.7710629594E-05   2.2981292005E-03   7.1896243478E-04   1.2915640787E-05  -3.7395948679E-04
   29     -1.8949009712E-03   2.2203575757E-05  -1.2964167559E-05   5.3736288330E-05  -8.1696692494E-06
   30      2.5656059385E-02  -2.4675253033E-03  -1.9764222716E-03   7.9655025657E-04  -9.7645346012E-04
   31      1.3040731100E-03   1.4701824037E-03  -1.2802577764E-04   3.8370703670E-06  -4.4279598830E-04
   32      3.0748688395E-03  -3.4188119567E-04   4.6006062359E-04  -2.3871537791E-04  -1.8457993217E-04
   33      2.6066406264E-06  -1.2134650109E-01  -1.1523712417E-01  -7.3687508660E-05  -1.1628268149E-02
   34     -1.3952220630E-05  -1.1466884377E-01  -2.6390560991E-01  -1.1158476829E-04   1.5615065387E-03
   35      3.3853492953E-03  -6.7549255909E-05  -1.2382539728E-04  -3.3094896911E-02  -2.8307938268E-07
   36      3.0908774241E-06  -1.0470759316E-02   2.9594376602E-02   8.6526929103E-06  -1.2369966214E-01
   37     -2.7954269656E-06  -1.1139257840E-03   2.8412890362E-03   3.6056775044E-06   1.1554791815E-01
   38      6.9839284834E-03  -4.5939399142E-06   5.4036136011E-06   1.6623040366E-04   2.7636948185E-05
   39      2.3521011382E-06  -8.6045110970E-04   8.3878445757E-04   1.0583914373E-07  -1.2911152495E-03
   40      5.3141470380E-07   1.2280723013E-03   2.9754583944E-04   2.0363574608E-06   4.2074517773E-03
   41      7.9138995653E-03  -8.8326262840E-07   7.7566936589E-10  -5.9360628924E-04  -1.6945319059E-06
   42     -2.3359894900E-06  -8.7291179576E-04  -3.4466383782E-03  -5.5150140606E-06  -7.6108827716E-04
   43      4.6886781808E-06  -4.4019764151E-03  -3.6405138525E-03   3.0511985984E-06  -9.3779113363E-04
   44      3.3674237843E-03   7.5809272332E-07  -6.1168885443E-06   5.7639250793E-03  -1.6607740662E-06
   45      2.9487116535E-06  -8.6320350320E-04   3.9007057715E-04  -2.3809659860E-06   3.6054345102E-03
   46     -5.2442891561E-06   1.6372596232E-04  -1.1426336164E-03   5.7267867340E-07  -5.9257120220E-03
   47      1.2100300790E-04   3.5488490833E-07  -2.9397859822E-08  -6.5255382742E-04  -1.0761583539E-06
                   10                 11                 12                 13                 14        
    0      4.0501402189E-04  -1.7382687715E-05  -1.1223035573E-03   1.9694371440E-03  -1.5449487876E-05
    1     -3.4837961156E-03  -4.2294807184E-05  -1.5919013779E-04  -1.4219769236E-03  -6.7420443445E-07
    2      2.9408488362E-05   7.6914977223E-03  -2.1290218732E-05  -1.1500752658E-05  -8.5066541027E-04
    3      2.8619615395E-02   8.6055994796E-06   4.5287814363E-03  -7.8622877415E-04   1.8404768496E-05
    4      2.9549126356E-02   1.5334159046E-05   1.4560797417E-03  -7.3306924056E-02  -6.8244885237E-06
    5     -3.2900065087E-05   5.3996988325E-03   2.5219095237E-05  -1.3760752312E-06  -4.6198981451E-03
    6      2.8249107482E-02  -4.5447829443E-05  -2.8289512060E-02  -8.0165439772E-02  -3.0681432854E-05
    7     -1.2374710490E-01  -2.6625433258E-05  -3.1942421562E-02   3.5707752243E-02   3.5283785257E-06
    8      1.9127823160E-06  -5.0830614628E-02  -1.7689752740E-05  -4.5651037536E-05   6.2484620489E-04
    9     -3.1302557463E-02   8.0587028326E-05  -1.6090112273E-01  -3.7271247363E-02   4.8766891309E-07
   10      7.0336037533E-01   1.5984172599E-04  -1.0822645098E-01  -2.8348612156E-01  -5.2109050779E-05
   11      1.5984172599E-04   1.1278081273E-01  -4.1434381108E-05  -7.3794002541E-05  -6.2438579278E-02
   12     -1.0822645098E-01  -4.1434381108E-05   6.4169333033E-01  -9.8284750523E-03   6.3023199089E-05
   13     -2.8348612156E-01  -7.3794002541E-05  -9.8284750523E-03   7.0911010939E-01   7.2652746549E-05
   14     -5.2109050779E-05  -6.2438579278E-02   6.3023199089E-05   7.2652746549E-05   1.5180474365E-01
   15      1.9149943966E-02   1.0745749662E-05  -1.5427536171E-01   3.8123072557E-02   5.2737476906E-06
   16     -5.0444794742E-02  -1.3372586052E-05   1.0442033453E-01  -2.8058917606E-01  -8.1525738530E-07
   17     -7.9271284345E-07   8.6351590838E-03  -1.4645684288E-05   1.5143084164E-05  -6.6012810200E-02
   18     -2.3895428410E-02  -1.5753248874E-05  -3.0464710015E-02   7.7417504600E-02  -7.7522406194E-06
   19     -1.6823157911E-02  -8.3200324014E-06   3.0300711202E-02   3.8488970575E-02   4.7527326219E-06
   20     -1.4076347325E-05  -4.5526696105E-03  -7.5210089466E-06   5.8029084445E-05   1.9396963273E-03
   21     -4.1431819749E-03   4.0197462151E-06  -2.5663328475E-01  -3.8257538047E-02  -2.2747744645E-05
   22      2.8010333094E-03   5.2044897698E-07   1.3836661194E-02  -1.0974711854E-01  -2.2857092429E-05
   23     -7.4851595626E-06   8.0294212837E-03   7.4111259578E-06  -1.5279516240E-05  -4.1038611168E-02
   24      2.6409912944E-04   1.4624108618E-03   7.1942640245E-04   2.9326370681E-04  -2.5146633487E-04
   25     -3.8894950393E-04  -4.0922629636E-04  -1.5341567263E-04   9.9110927147E-04  -2.5796355422E-04
   26     -1.1894406093E-04  -2.4367663827E-04   3.7552585763E-04  -3.2021270205E-04  -7.3544031226E-07
   27      6.3134172518E-05   6.6425315508E-06   3.6630859866E-04   2.4491866132E-04  -5.5071336387E-06
   28      2.6025762566E-04   1.6023484469E-05   3.1421425298E-04   1.9688340176E-04   6.0416113970E-06
   29      2.5383854369E-06  -2.4697405344E-04  -3.2881483461E-06   2.3902085483E-05   2.1325980597E-05
   30      2.1887529710E-04  -1.4765296229E-03   7.3258452540E-04   2.9864977167E-04   2.5116527703E-04
   31     -4.0582564765E-04   4.2783976005E-04  -1.4840812046E-04   1.0236295935E-03   2.5276815154E-04
   32      1.2330881900E-04  -2.4209870099E-04  -3.7984666926E-04   3.0496984370E-04   2.2620015590E-06
   33     -2.8783285188E-02  -5.5491373641E-06  -4.9447721794E-03   2.1173946470E-03  -2.2120258711E-06
   34      2.5946601990E-03   6.5043139096E-06   8.4912993048E-04   2.2501083444E-03  -5.0188905132E-06
   35     -8.8985319697E-06   1.0324401509E-03  -9.9173994834E-07   2.5171611430E-06   7.7824247808E-03
   36      1.1583620917E-01   2.4101734767E-05   6.9362047065E-03  -1.2912347638E-02  -5.3346608982E-06
   37     -2.6087155608E-01  -6.5111041516E-05   1.9840589239E-02  -1.9899146934E-02  -7.2556164170E-06
   38     -7.8410411212E-05  -2.8501521595E-02   1.3142290545E-05  -1.5239712948E-06   3.4735653178E-03
   39      3.1615005754E-03   1.5610704539E-06   1.0621328740E-02   1.3394238172E-02  -1.7262628474E-06
   40     -3.3655447405E-03   3.9040789559E-06  -1.8484422983E-02  -1.9540371452E-02   1.2572738083E-07
   41     -9.9615518840E-07   4.8049872543E-03   5.1613331372E-06   9.8815911176E-07   4.4575757024E-03
   42     -6.2718218911E-04  -1.4928687440E-06  -4.7996938922E-03  -2.0527564739E-03  -1.7164706007E-06
   43      4.4956727023E-04   4.4361347191E-06  -9.7290551620E-04   2.0922749578E-03   1.2735963926E-06
   44     -9.6403670454E-07  -5.1033664123E-04  -1.6452163329E-06  -1.4796282010E-06   8.1868825430E-03
   45      1.3105027413E-03  -5.9424723375E-07  -2.4167203843E-02   4.7361085315E-02   1.3765246742E-05
   46      4.0018311070E-03   8.1118086418E-07  -1.0475615213E-03  -1.8700022592E-03   6.0744977654E-06
   47      2.0952428311E-06  -8.0754590832E-04  -8.6561951346E-06  -1.0837663209E-06  -3.3320228709E-03
                   15                 16                 17                 18                 19        
    0      4.4565591762E-03  -2.0920594203E-03  -1.5335579096E-05  -2.4989090901E-02  -6.3431416848E-03
    1     -2.1994441913E-03  -5.4428875575E-03   3.9109783789E-05  -3.1445930876E-02   3.6074395968E-03
    2     -2.0754812613E-05  -2.4426697348E-05   4.8490124294E-03  -3.9651775788E-05   1.6313740212E-06
    3     -3.0643959186E-02  -2.8490019545E-02   3.2149025557E-06  -1.6711964997E-01  -1.0615218793E-01
    4     -7.1112915473E-02   3.2306498587E-02  -9.4128116724E-06  -4.6712245686E-02  -2.5822777236E-01
    5     -4.0660957153E-05   3.6793507810E-05   6.0234447016E-03   9.6822753799E-06  -3.4622851385E-05
    6     -4.3382075228E-02   2.5112753360E-02  -1.1293400776E-05   5.5472394079E-02   2.2195735632E-02
    7      2.6522478083E-02  -1.6478867935E-02   7.9705599528E-06  -2.0715082744E-02  -6.0869647345E-02
    8     -2.2171464193E-05   1.3251945973E-05  -3.5711658836E-03   3.6912960962E-05   8.7602032448E-06
    9      5.3986053760E-02  -1.8998057743E-02   3.8576000288E-06  -4.3057155850E-02  -2.7770848834E-02
   10      1.9149943966E-02  -5.0444794742E-02  -7.9271284345E-07  -2.3895428410E-02  -1.6823157911E-02
   11      1.0745749662E-05  -1.3372586052E-05   8.6351590838E-03  -1.5753248874E-05  -8.3200324014E-06
   12     -1.5427536171E-01   1.0442033453E-01  -1.4645684288E-05  -3.0464710015E-02   3.0300711202E-02
   13      3.8123072557E-02  -2.8058917606E-01   1.5143084164E-05   7.7417504600E-02   3.8488970575E-02
   14      5.2737476906E-06  -8.1525738530E-07  -6.6012810200E-02  -7.7522406194E-06   4.7527326219E-06
   15      6.9992887587E-01   3.5687963538E-02   7.9021508575E-05  -3.4251427066E-01   2.5652927378E-02
   16      3.5687963538E-02   7.0835506794E-01  -1.3005104434E-05  -3.0430094192E-02  -1.2741663809E-01
   17      7.9021508575E-05  -1.3005104434E-05   1.2107882219E-01  -4.6699505110E-05   2.5676207148E-06
   18     -3.4251427066E-01  -3.0430094192E-02  -4.6699505110E-05   6.8747906521E-01  -3.4842265480E-02
   19      2.5652927378E-02  -1.2741663809E-01   2.5676207148E-06  -3.4842265480E-02   6.9253049355E-01
   20     -3.4557238113E-05  -2.6470132745E-05  -5.3284007352E-02   8.5364419655E-05  -1.7504304187E-05
   21     -4.0511486977E-02   1.1390904373E-02   4.7855294218E-06   3.3872913281E-03   7.7854804400E-04
   22      4.9464260072E-02   4.5875649809E-03   4.9758159259E-06  -5.3064123364E-03  -9.5294813276E-03
   23     -1.2819651552E-06   4.7761078324E-06   5.5288962081E-03   2.6924644566E-06   3.1751261124E-07
   24     -5.3587640217E-04   3.9828454499E-04   8.9947788418E-04   1.7610603624E-03   1.5437180953E-03
   25      1.2044952632E-03  -3.2710275577E-04  -2.2112501838E-04  -1.9518970118E-03   2.8633023834E-06
   26     -5.6706979098E-04   3.0051107782E-05   1.3886568368E-04   4.7440775405E-04   5.5217644643E-04
   27      4.3568328638E-05  -1.8430144797E-03   2.1048690456E-05  -6.9386122502E-03   1.7676227612E-03
   28      3.4731480187E-04   2.3905491578E-06  -3.5595005487E-06  -1.8618273733E-04   6.9655573597E-04
   29      2.4293364262E-05  -8.8798093321E-06   4.8355964580E-04   8.5044626303E-06   6.1033277882E-06
   30     -5.5174099582E-04   4.0878930855E-04  -9.2668016359E-04   1.7214303440E-03   1.5345997901E-03
   31      1.2218013722E-03  -3.5101036850E-04   1.9198775882E-04  -1.9590573758E-03  -1.6367100635E-05
   32      5.7322958969E-04  -3.1144069252E-05   1.4320614645E-04  -4.7196486501E-04  -5.5881856260E-04
   33     -7.2733504491E-04   6.3669598446E-04  -8.6337847148E-07  -7.7216509348E-04   3.5119487104E-03
   34      1.0267025501E-03   3.4223277940E-04  -3.2665610773E-06   4.4171104384E-03  -3.7417395019E-03
   35     -1.9645014539E-06   1.0954493893E-06  -8.9444340692E-04   1.5079577369E-06   3.1712222019E-06
   36     -5.8470725916E-04  -3.4208958851E-03   1.3357595638E-06  -9.6303045742E-04  -8.2694673733E-04
   37     -4.6284255323E-03  -3.6281842995E-03  -6.2490790423E-06  -1.2266335938E-03   2.6020381437E-04
   38     -2.4232038323E-06  -2.4039189466E-06   4.9272895914E-03  -1.6833934022E-06  -5.0123594822E-07
   39     -1.2516873552E-01  -1.1906259690E-01  -2.6177252753E-06  -1.0438048980E-02  -2.8615493099E-02
   40     -1.1772791459E-01  -2.6607908195E-01   1.0275470453E-05   1.5372324947E-03   3.6541051665E-03
   41      3.7183552503E-06   2.1249344077E-05  -3.2516202028E-02  -4.3863063654E-06  -3.1085625333E-06
   42     -1.1831452543E-02   2.8979240107E-02   3.1948585256E-06  -1.2320343638E-01   1.1486769190E-01
   43     -1.6218606260E-03   2.7814168220E-03  -6.7898010139E-06   1.1530414591E-01  -2.6222140156E-01
   44     -3.2200132235E-06   8.3675844745E-06   2.0896715489E-03  -2.4319491119E-05   4.4433013487E-05
   45     -7.6880556032E-03  -2.9371530710E-03   3.0993206564E-06   6.3892923763E-04   2.4182843828E-03
   46     -8.7147368837E-04   2.3825721026E-03  -4.3637046039E-06  -2.5667131625E-05  -3.9442653001E-04
   47     -3.0789857627E-06   1.4667279595E-06   2.3807016461E-03  -1.8319972216E-07   1.9552922620E-07
                   20                 21                 22                 23                 24        
    0      5.5025645463E-06   1.8686791316E-04  -2.1102857220E-04   6.5259970854E-06  -7.3480557692E-02
    1      3.9089629600E-05   1.1241933872E-03   3.7998150877E-04   3.3193611951E-06   4.1583352755E-02
    2      1.5479772347E-03   4.4074645367E-05  -1.2569602372E-06  -6.9763468393E-04  -7.2950384215E-02
    3     -2.4406783405E-05  -2.7701381812E-03  -9.9941415349E-05  -6.1347293621E-06  -1.5585634484E-02
    4      2.6080514665E-05  -1.5190398491E-03   6.5603814994E-03   1.2436978760E-06   1.7097407562E-02
    5     -6.6340842216E-02  -3.7831749018E-05   2.6918154957E-06  -1.4643390994E-03  -2.5273530335E-02
    6      4.0658235949E-05   2.1670340338E-03   6.1456434133E-03   2.5995062589E-06  -2.6166703819E-03
    7     -2.8489464708E-05  -2.6108441795E-03  -8.2238632285E-03  -4.7155085440E-06  -1.9807517139E-03
    8      8.6956160286E-03  -4.0916616662E-07   2.1673969793E-06   7.4249174375E-03  -8.2313598429E-04
    9     -3.0490482378E-05  -4.3713986317E-02  -4.3285319279E-02  -1.5966006650E-05  -9.5550755515E-04
   10     -1.4076347325E-05  -4.1431819749E-03   2.8010333094E-03  -7.4851595626E-06   2.6409912944E-04
   11     -4.5526696105E-03   4.0197462151E-06   5.2044897698E-07   8.0294212837E-03   1.4624108618E-03
   12     -7.5210089466E-06  -2.5663328475E-01   1.3836661194E-02   7.4111259578E-06   7.1942640245E-04
   13      5.8029084445E-05  -3.8257538047E-02  -1.0974711854E-01  -1.5279516240E-05   2.9326370681E-04
   14      1.9396963273E-03  -2.2747744645E-05  -2.2857092429E-05  -4.1038611168E-02  -2.5146633487E-04
   15     -3.4557238113E-05  -4.0511486977E-02   4.9464260072E-02  -1.2819651552E-06  -5.3587640217E-04
   16     -2.6470132745E-05   1.1390904373E-02   4.5875649809E-03   4.7761078324E-06   3.9828454499E-04
   17     -5.3284007352E-02   4.7855294218E-06   4.9758159259E-06   5.5288962081E-03   8.9947788418E-04
   18      8.5364419655E-05   3.3872913281E-03  -5.3064123364E-03   2.6924644566E-06   1.7610603624E-03
   19     -1.7504304187E-05   7.7854804400E-04  -9.5294813276E-03   3.1751261124E-07   1.5437180953E-03
   20      1.3053671016E-01   1.8829452099E-06  -8.6982664624E-06   4.5880400138E-03   6.0184718067E-04
   21      1.8829452099E-06   4.3130350128E-01  -1.3296281948E-01  -4.1892133680E-05  -9.7832874359E-04
   22     -8.6982664624E-06  -1.3296281948E-01   5.5454897358E-01   1.9008630652E-04  -6.6402263954E-05
   23      4.5880400138E-03  -4.1892133680E-05   1.9008630652E-04   2.9741653089E-02  -7.7799501272E-05
   24      6.0184718067E-04  -9.7832874359E-04  -6.6402263954E-05  -7.7799501272E-05   8.4966003547E-02
   25     -1.6966296457E-04  -8.0267925901E-05  -6.9288797791E-05   1.6553699247E-04  -4.7642420793E-02
   26      1.0904418007E-03  -3.1899715020E-04   8.5959821470E-06  -1.5325028885E-05   7.8566697128E-02
   27     -2.3445048188E-05  -2.0803088217E-04   1.2761577505E-04   6.5660895241E-07   3.4573874181E-03
   28     -2.1165784227E-05  -2.3759877939E-04   5.5901833394E-05  -4.8830242664E-06  -4.8902082999E-03
   29      1.3421458726E-03  -5.2968800844E-06  -4.5323708618E-06   2.4416572632E-05   1.0205036441E-02
   30     -5.8559812744E-04  -1.0005237998E-03  -6.3164603955E-05   7.9298819711E-05   3.3873495234E-03
   31      1.3903907588E-04  -8.1870913582E-05  -7.4738202678E-05  -1.6367538297E-04  -5.8825846131E-03
   32      1.0893910800E-03   3.1444628678E-04  -7.2074782167E-06  -1.8497163245E-05   8.6218378773E-03
   33     -4.2477842398E-06  -1.6959894792E-03  -1.7448067769E-03  -2.4102919351E-06   7.5980755792E-06
   34     -6.0699614157E-06  -7.4019166360E-05  -6.4209173429E-05  -9.2352925977E-07   8.4396826290E-05
   35      6.0033156641E-03  -1.5506429507E-06  -2.1135346375E-06   1.8476672979E-04  -5.8400673338E-04
   36     -3.5291692012E-07   3.9265066165E-03  -9.3754225542E-04   6.8830083021E-07  -3.4832449880E-04
   37     -2.6316701041E-06   2.9110221262E-04   2.8092121641E-03   1.9289295541E-06   3.5812174240E-05
   38     -5.2801096628E-04  -4.0343838664E-06   1.6589925954E-06  -3.8968709473E-03   1.5698622906E-04
   39      1.4661542995E-06   1.3559925469E-03  -7.8915375613E-04   6.9641163907E-07   5.1678204014E-06
   40     -3.0459745361E-06  -3.9503225507E-04   1.8859885601E-03  -3.7428976413E-07  -3.3109251655E-05
   41      1.0949015493E-03  -3.0041426572E-06   1.0828527819E-06  -3.2593137868E-03   1.9927756998E-05
   42     -3.1963775391E-05  -9.7987424086E-04   1.8460769966E-03  -6.0073243758E-07   9.5937906969E-05
   43      3.2681564922E-05   2.0068421773E-04  -7.9714985206E-05  -4.9838197015E-08  -7.2298816659E-04
   44     -3.4889864771E-02  -1.0108902841E-06   1.2166098552E-06   2.0006972455E-04  -5.6791718698E-04
   45     -8.1660416316E-07  -9.3835550353E-02   1.1394125556E-01   4.3693664348E-05   1.0096870142E-04
   46      1.6615674846E-06   1.6668185805E-01  -4.4584062318E-01  -1.6789951557E-04  -7.8928192088E-05
   47      1.6671591858E-03   6.9388191817E-05  -1.6825366212E-04  -5.3315891816E-03  -4.9141665362E-06
                   25                 26                 27                 28                 29        
    0      4.0649677016E-02  -7.1655378019E-02  -7.8695197125E-02  -8.7794329584E-02  -1.0552397949E-03
    1     -1.0567077255E-01   1.0120594364E-01  -8.3877089253E-02  -2.7753911809E-01  -2.6045776054E-03
    2      1.0080449624E-01  -2.1046753618E-01  -9.9075939089E-04  -2.5892678298E-03  -4.5776778109E-02
    3      1.6923398038E-03   3.3185419139E-04  -1.1977100701E-02   5.5359662130E-04   7.8788859926E-05
    4     -3.6068444840E-04  -1.8459138483E-03  -3.2139866284E-02   9.8911377828E-06   8.7176142460E-05
    5     -1.3618663724E-03   2.9878893333E-03  -3.3254463461E-04   4.7710629594E-05  -1.8949009712E-03
    6      1.4328111196E-03   3.3704014414E-04   2.3648757055E-03   2.2981292005E-03   2.2203575757E-05
    7     -1.0738485701E-04  -4.4499581815E-04  -2.2798322285E-03   7.1896243478E-04  -1.2964167559E-05
    8      3.3667274623E-05  -2.3511936147E-04   1.6395377453E-05   1.2915640787E-05   5.3736288330E-05
    9     -4.1597962451E-04   2.2322290921E-04  -3.5670254556E-04  -3.7395948679E-04  -8.1696692494E-06
   10     -3.8894950393E-04  -1.1894406093E-04   6.3134172518E-05   2.6025762566E-04   2.5383854369E-06
   11     -4.0922629636E-04  -2.4367663827E-04   6.6425315508E-06   1.6023484469E-05  -2.4697405344E-04
   12     -1.5341567263E-04   3.7552585763E-04   3.6630859866E-04   3.1421425298E-04  -3.2881483461E-06
   13      9.9110927147E-04  -3.2021270205E-04   2.4491866132E-04   1.9688340176E-04   2.3902085483E-05
   14     -2.5796355422E-04  -7.3544031226E-07  -5.5071336387E-06   6.0416113970E-06   2.1325980597E-05
   15      1.2044952632E-03  -5.6706979098E-04   4.3568328638E-05   3.4731480187E-04   2.4293364262E-05
   16     -3.2710275577E-04   3.0051107782E-05  -1.8430144797E-03   2.3905491578E-06  -8.8798093321E-06
   17     -2.2112501838E-04   1.3886568368E-04   2.1048690456E-05  -3.5595005487E-06   4.8355964580E-04
   18     -1.9518970118E-03   4.7440775405E-04  -6.9386122502E-03  -1.8618273733E-04   8.5044626303E-06
   19      2.8633023834E-06   5.5217644643E-04   1.7676227612E-03   6.9655573597E-04   6.1033277882E-06
   20     -1.6966296457E-04   1.0904418007E-03  -2.3445048188E-05  -2.1165784227E-05   1.3421458726E-03
   21     -8.0267925901E-05  -3.1899715020E-04  -2.0803088217E-04  -2.3759877939E-04  -5.2968800844E-06
   22     -6.9288797791E-05   8.5959821470E-06   1.2761577505E-04   5.5901833394E-05  -4.5323708618E-06
   23      1.6553699247E-04  -1.5325028885E-05   6.5660895241E-07  -4.8830242664E-06   2.4416572632E-05
   24     -4.7642420793E-02   7.8566697128E-02   3.4573874181E-03  -4.8902082999E-03   1.0205036441E-02
   25      1.1118689810E-01  -1.1077414149E-01   1.0902762350E-02  -1.2870747864E-02   2.4397127613E-02
   26     -1.1077414149E-01   2.2752850532E-01   1.3248519004E-03  -1.7116428300E-03   1.0542753873E-03
   27      1.0902762350E-02   1.3248519004E-03   8.9247694565E-02   9.4779503966E-02   1.0560973522E-03
   28     -1.2870747864E-02  -1.7116428300E-03   9.4779503966E-02   3.0003857434E-01   2.8691396515E-03
   29      2.4397127613E-02   1.0542753873E-03   1.0560973522E-03   2.8691396515E-03   4.4623343635E-02
   30     -5.6984640869E-03  -8.7965907498E-03   3.4411288842E-03  -4.6522033631E-03  -1.0305686859E-02
   31      7.5229776364E-03   1.3808626608E-02   1.0880576116E-02  -1.2363601115E-02  -2.4747226424E-02
   32     -1.3122070950E-02  -2.1572776061E-02  -1.0620362426E-03   1.3897428509E-03   5.2933796694E-04
   33     -1.9894959709E-05   2.0261816710E-05  -2.6868129382E-04  -2.2171757252E-04  -1.2565294518E-05
   34      3.0441682370E-04  -5.5030116117E-05   1.3464664592E-03   4.2199143443E-04   5.6418896475E-06
   35      4.2213114664E-04   8.3095728767E-05  -9.2690062850E-06  -1.4177000207E-05   3.1349320302E-04
   36      6.0573814368E-05   3.9962532900E-07   5.4722898462E-05  -9.8596254640E-05  -1.9219271388E-06
   37     -3.1576625326E-05  -4.7429209362E-06  -3.8208066833E-06   1.7166803317E-05  -1.2328696809E-07
   38      7.4530385541E-05   1.8350950862E-05   1.1131431861E-06  -1.9281146057E-06  -6.3854836127E-05
   39      3.0429525928E-05  -4.5516954731E-05  -5.5879409938E-04  -5.8754343722E-05  -1.2917507103E-06
   40     -7.0166956934E-06  -1.1986071787E-07  -1.9399620447E-06   4.4278805918E-07  -3.4544236836E-06
   41      4.7028820216E-05  -1.5768648318E-05   2.4442171926E-06   2.1754088573E-07  -1.6115231774E-04
   42     -7.8139927434E-06  -3.0007899750E-04   3.9749250589E-05   2.1413806664E-04   1.0051772833E-06
   43     -1.4788512383E-04  -2.9878385992E-04   3.7951344944E-05   3.6066852173E-04  -8.7579864235E-06
   44      3.3707770452E-04  -3.3583112857E-04  -6.2013787799E-06   1.4914189014E-06  -2.9454719262E-04
   45     -5.8763255940E-06   2.8303434288E-05  -1.2316752059E-05   1.1722198735E-05  -1.1702378223E-06
   46     -2.6855915151E-05  -1.8949517444E-05  -1.0057280159E-05  -6.2195349035E-06   1.7636271649E-06
   47      2.2543702743E-05  -1.4655714897E-05  -7.8565695220E-07   4.6460703920E-07  -7.4270720614E-06
                   30                 31                 32                 33                 34        
    0     -7.3181843356E-02   3.8798561646E-02   7.2242965542E-02   1.4861493884E-03  -2.1552550969E-03
    1      3.9779897203E-02  -1.0089513173E-01  -9.8584842483E-02   1.4280859367E-03   8.9416864141E-04
    2      7.3723648499E-02  -9.8198236681E-02  -2.1519037752E-01   1.1159108446E-05  -1.4929541975E-05
    3     -1.5658979573E-02   1.6878490174E-03  -1.8095842851E-04   9.2586306846E-03  -1.6118992137E-02
    4      1.6445345329E-02  -3.5123844827E-04   1.7603933420E-03   1.2671826107E-02  -2.0115268272E-02
    5      2.5656059385E-02   1.3040731100E-03   3.0748688395E-03   2.6066406264E-06  -1.3952220630E-05
    6     -2.4675253033E-03   1.4701824037E-03  -3.4188119567E-04  -1.2134650109E-01  -1.1466884377E-01
    7     -1.9764222716E-03  -1.2802577764E-04   4.6006062359E-04  -1.1523712417E-01  -2.6390560991E-01
    8      7.9655025657E-04   3.8370703670E-06  -2.3871537791E-04  -7.3687508660E-05  -1.1158476829E-04
    9     -9.7645346012E-04  -4.4279598830E-04  -1.8457993217E-04  -1.1628268149E-02   1.5615065387E-03
   10      2.1887529710E-04  -4.0582564765E-04   1.2330881900E-04  -2.8783285188E-02   2.5946601990E-03
   11     -1.4765296229E-03   4.2783976005E-04  -2.4209870099E-04  -5.5491373641E-06   6.5043139096E-06
   12      7.3258452540E-04  -1.4840812046E-04  -3.7984666926E-04  -4.9447721794E-03   8.4912993048E-04
   13      2.9864977167E-04   1.0236295935E-03   3.0496984370E-04   2.1173946470E-03   2.2501083444E-03
   14      2.5116527703E-04   2.5276815154E-04   2.2620015590E-06  -2.2120258711E-06  -5.0188905132E-06
   15     -5.5174099582E-04   1.2218013722E-03   5.7322958969E-04  -7.2733504491E-04   1.0267025501E-03
   16      4.0878930855E-04  -3.5101036850E-04  -3.1144069252E-05   6.3669598446E-04   3.4223277940E-04
   17     -9.2668016359E-04   1.9198775882E-04   1.4320614645E-04  -8.6337847148E-07  -3.2665610773E-06
   18      1.7214303440E-03  -1.9590573758E-03  -4.7196486501E-04  -7.7216509348E-04   4.4171104384E-03
   19      1.5345997901E-03  -1.6367100635E-05  -5.5881856260E-04   3.5119487104E-03  -3.7417395019E-03
   20     -5.8559812744E-04   1.3903907588E-04   1.0893910800E-03  -4.2477842398E-06  -6.0699614157E-06
   21     -1.0005237998E-03  -8.1870913582E-05   3.1444628678E-04  -1.6959894792E-03  -7.4019166360E-05
   22     -6.3164603955E-05  -7.4738202678E-05  -7.2074782167E-06  -1.7448067769E-03  -6.4209173429E-05
   23      7.9298819711E-05  -1.6367538297E-04  -1.8497163245E-05  -2.4102919351E-06  -9.2352925977E-07
   24      3.3873495234E-03  -5.8825846131E-03   8.6218378773E-03   7.5980755792E-06   8.4396826290E-05
   25     -5.6984640869E-03   7.5229776364E-03  -1.3122070950E-02  -1.9894959709E-05   3.0441682370E-04
   26     -8.7965907498E-03   1.3808626608E-02  -2.1572776061E-02   2.0261816710E-05  -5.5030116117E-05
   27      3.4411288842E-03   1.0880576116E-02  -1.0620362426E-03  -2.6868129382E-04   1.3464664592E-03
   28     -4.6522033631E-03  -1.2363601115E-02   1.3897428509E-03  -2.2171757252E-04   4.2199143443E-04
   29     -1.0305686859E-02  -2.4747226424E-02   5.2933796694E-04  -1.2565294518E-05   5.6418896475E-06
   30      8.4685220404E-02  -4.5603574196E-02  -7.9420220265E-02   6.7423219620E-06   9.1105207405E-05
   31     -4.5603574196E-02   1.0597814055E-01   1.0788155544E-01  -1.3001317720E-05   2.8864502191E-04
   32     -7.9420220265E-02   1.0788155544E-01   2.3270533635E-01  -1.8046003446E-05   6.3046504019E-05
   33      6.7423219620E-06  -1.3001317720E-05  -1.8046003446E-05   1.2862782492E-01   1.2482643004E-01
   34      9.1105207405E-05   2.8864502191E-04   6.3046504019E-05   1.2482643004E-01   2.8124069748E-01
   35      5.9572856114E-04  -4.3396251094E-04   7.4261597281E-05   7.9011587868E-05   1.2697902133E-04
   36     -3.3799974998E-04   5.9161997905E-05   1.8725306957E-06   1.0440777692E-03  -3.0153672116E-04
   37      3.5857618147E-05  -3.2025712327E-05   4.1884898041E-06   2.5121121470E-04   7.9632221134E-04
   38     -1.5562765204E-04  -7.5670995218E-05   1.9295884080E-05   1.0448969059E-06   1.9862959555E-06
   39      2.4835168280E-06   2.8781411850E-05   4.5468722146E-05   2.7458618359E-05  -8.7949381719E-05
   40     -3.3486455665E-05  -7.6619699384E-06   5.3968486727E-07  -6.0328390947E-05   2.1056990621E-06
   41     -1.9968022916E-05  -4.3922878635E-05  -1.5128579359E-05   4.0507601164E-07   8.2066466672E-07
   42      9.7246886223E-05  -1.2137832570E-05   2.9243465873E-04   5.9147252294E-04  -8.3517595359E-04
   43     -7.0409162881E-04  -1.6162140810E-04   2.8634842682E-04   7.8261687037E-04  -1.3263492851E-03
   44      5.7435802519E-04  -3.1439041159E-04  -3.4528096130E-04   2.0703219450E-06   1.2486829076E-06
   45      1.0087983319E-04  -4.1202647925E-06  -2.8681870515E-05   3.3375803063E-04   6.0448712076E-05
   46     -8.1076262595E-05  -2.6145325304E-05   1.8126512064E-05  -1.6757559750E-04   1.7827509101E-05
   47      6.0529035376E-06  -2.0838691442E-05  -1.5085502838E-05   3.7126358622E-07   4.5599639413E-07
                   35                 36                 37                 38                 39        
    0      1.6536135313E-05  -2.2774975432E-04  -5.7267189967E-05   6.4065540682E-06  -2.1400381039E-04
    1      3.0063190996E-05   1.4477520003E-03  -4.8585419262E-05   1.1517980013E-06  -1.5406113630E-03
    2     -4.4517622387E-03  -5.7798215081E-06   9.6972704438E-07   5.6718848837E-04  -5.6873139097E-06
    3     -2.8147227465E-05  -5.3669364178E-03  -7.5192465905E-04  -9.4058817872E-06  -5.2597584078E-03
    4      3.6397031829E-06  -1.8817361953E-03   2.4581945613E-03   3.5522320334E-06   1.7793995460E-03
    5      3.3853492953E-03   3.0908774241E-06  -2.7954269656E-06   6.9839284834E-03   2.3521011382E-06
    6     -6.7549255909E-05  -1.0470759316E-02  -1.1139257840E-03  -4.5939399142E-06  -8.6045110970E-04
    7     -1.2382539728E-04   2.9594376602E-02   2.8412890362E-03   5.4036136011E-06   8.3878445757E-04
    8     -3.3094896911E-02   8.6526929103E-06   3.6056775044E-06   1.6623040366E-04   1.0583914373E-07
    9     -2.8307938268E-07  -1.2369966214E-01   1.1554791815E-01   2.7636948185E-05  -1.2911152495E-03
   10     -8.8985319697E-06   1.1583620917E-01  -2.6087155608E-01  -7.8410411212E-05   3.1615005754E-03
   11      1.0324401509E-03   2.4101734767E-05  -6.5111041516E-05  -2.8501521595E-02   1.5610704539E-06
   12     -9.9173994834E-07   6.9362047065E-03   1.9840589239E-02   1.3142290545E-05   1.0621328740E-02
   13      2.5171611430E-06  -1.2912347638E-02  -1.9899146934E-02  -1.5239712948E-06   1.3394238172E-02
   14      7.7824247808E-03  -5.3346608982E-06  -7.2556164170E-06   3.4735653178E-03  -1.7262628474E-06
   15     -1.9645014539E-06  -5.8470725916E-04  -4.6284255323E-03  -2.4232038323E-06  -1.2516873552E-01
   16      1.0954493893E-06  -3.4208958851E-03  -3.6281842995E-03  -2.4039189466E-06  -1.1906259690E-01
   17     -8.9444340692E-04   1.3357595638E-06  -6.2490790423E-06   4.9272895914E-03  -2.6177252753E-06
   18      1.5079577369E-06  -9.6303045742E-04  -1.2266335938E-03  -1.6833934022E-06  -1.0438048980E-02
   19      3.1712222019E-06  -8.2694673733E-04   2.6020381437E-04  -5.0123594822E-07  -2.8615493099E-02
   20      6.0033156641E-03  -3.5291692012E-07  -2.6316701041E-06  -5.2801096628E-04   1.4661542995E-06
   21     -1.5506429507E-06   3.9265066165E-03   2.9110221262E-04  -4.0343838664E-06   1.3559925469E-03
   22     -2.1135346375E-06  -9.3754225542E-04   2.8092121641E-03   1.6589925954E-06  -7.8915375613E-04
   23      1.8476672979E-04   6.8830083021E-07   1.9289295541E-06  -3.8968709473E-03   6.9641163907E-07
   24     -5.8400673338E-04  -3.4832449880E-04   3.5812174240E-05   1.5698622906E-04   5.1678204014E-06
   25      4.2213114664E-04   6.0573814368E-05  -3.1576625326E-05   7.4530385541E-05   3.0429525928E-05
   26      8.3095728767E-05   3.9962532900E-07  -4.7429209362E-06   1.8350950862E-05  -4.5516954731E-05
   27     -9.2690062850E-06   5.4722898462E-05  -3.8208066833E-06   1.1131431861E-06  -5.5879409938E-04
   28     -1.4177000207E-05  -9.8596254640E-05   1.7166803317E-05  -1.9281146057E-06  -5.8754343722E-05
   29      3.1349320302E-04  -1.9219271388E-06  -1.2328696809E-07  -6.3854836127E-05  -1.2917507103E-06
   30      5.9572856114E-04  -3.3799974998E-04   3.5857618147E-05  -1.5562765204E-04   2.4835168280E-06
   31     -4.3396251094E-04   5.9161997905E-05  -3.2025712327E-05  -7.5670995218E-05   2.8781411850E-05
   32      7.4261597281E-05   1.8725306957E-06   4.1884898041E-06   1.9295884080E-05   4.5468722146E-05
   33      7.9011587868E-05   1.0440777692E-03   2.5121121470E-04   1.0448969059E-06   2.7458618359E-05
   34      1.2697902133E-04  -3.0153672116E-04   7.9632221134E-04   1.9862959555E-06  -8.7949381719E-05
   35      2.3975740295E-02   7.8614053579E-07   7.2962624681E-07  -3.6738679607E-03  -1.6988063897E-07
   36      7.8614053579E-07   1.2992801881E-01  -1.2695253503E-01  -2.9217553035E-05   5.1393109878E-04
   37      7.2962624681E-07  -1.2695253503E-01   2.7755878704E-01   7.6603289248E-05   9.0822222609E-04
   38     -3.6738679607E-03  -2.9217553035E-05   7.6603289248E-05   2.0728704410E-02   4.6625325715E-07
