
$orca_hessian_file

$act_atom
  0

$act_coord
  0

$act_energy
        0.000000

$multiplicity
  1

$hessian
48
                    0                  1                  2                  3                  4        
    0      4.7327911435E-01   8.1072951999E-03  -1.1376954651E-03  -2.0719811196E-01   3.3655810603E-03
    1      8.1072951999E-03   5.7172312792E-01   4.7975342328E-05  -2.5739242020E-03  -8.7808208334E-02
    2     -1.1376954651E-03   4.7975342328E-05   5.2785117638E-01   5.3593732722E-05   1.0281919769E-05
    3     -2.0719811196E-01  -2.5739242020E-03   5.3593732722E-05   6.4059201433E-01  -9.5100670268E-03
    4      3.3655810603E-03  -8.7808208334E-02   1.0281919769E-05  -9.5100670268E-03   6.5610432486E-01
    5     -4.2342636758E-04  -2.3609043480E-05  -6.5700554571E-02   5.2889768577E-04  -2.9199819456E-05
    6     -2.1776731853E-02   2.8512574509E-02   1.7481453032E-04  -1.7439354258E-01   5.4236837900E-02
    7      4.6215398810E-03   2.5145276952E-03  -9.1927245086E-06   1.1576293641E-01  -2.6740170616E-01
    8     -3.4974357417E-05   1.3827576169E-04   3.4069928123E-03   6.7328852069E-06   1.7070800471E-04
    9      1.2325927519E-03   1.4044176989E-03   2.7182396793E-05  -2.9022833870E-02   7.1226889631E-02
   10      4.2987243892E-04  -3.4727877602E-03  -1.0061085888E-04   2.8776735280E-02   2.9350965016E-02
   11      5.3125673412E-05   1.4524184632E-04   7.7088972874E-03  -2.1526064343E-05  -7.6645442160E-05
   12     -1.1236315014E-03  -1.8957698061E-04   7.3825921194E-05   4.7125279534E-03   1.5283019954E-03
   13      1.9514809763E-03  -1.4346248071E-03   3.9753420515E-05  -7.5751785167E-04  -7.3335384711E-02
   14      4.7204120324E-05   1.0018128226E-06  -8.4312197867E-04  -7.8271117563E-05   1.0061047210E-05
   15      4.4289502601E-03  -2.1897959972E-03   7.4274474681E-05  -3.0740460391E-02  -7.1277875236E-02
   16     -2.0864784240E-03  -5.4205603584E-03   7.5059503298E-05  -2.8554904652E-02   3.2200874246E-02
   17      5.4039178989E-05  -1.4437425262E-04   4.8556433938E-03  -1.5187689404E-05   7.4441955905E-05
   18     -2.5060404992E-02  -3.1437419977E-02   1.2889150862E-04  -1.6782750449E-01  -4.8078877425E-02
   19     -6.2976232294E-03   3.5811779124E-03   4.6651081502E-06  -1.0751005627E-01  -2.5971083701E-01
   20     -2.7766355481E-05  -1.4135484202E-04   1.5251382553E-03   2.0624201584E-05  -1.6050455077E-04
   21      2.0833632170E-04   1.1289245315E-03  -1.5314665720E-04  -2.8744314500E-03  -1.7150390884E-03
   22     -2.1294729794E-04   3.8753995093E-04   1.2882984294E-06  -9.9614383273E-05   6.7058595569E-03
   23     -2.3623777135E-05  -1.2134988301E-05  -7.0363393161E-04   1.9092302520E-05  -1.8169773854E-06
   24     -7.9498093597E-02  -8.4745482291E-02   3.4579895627E-03  -1.1886954668E-02  -3.2005709231E-02
   25     -8.8538262236E-02  -2.7635266300E-01   8.9364021203E-03   6.5923867621E-04   2.0701200157E-04
   26      3.6812493358E-03   8.9828837609E-03  -4.5986050809E-02  -2.4370825276E-04  -2.9373394864E-04
   27     -7.3736085498E-02   4.3649987259E-02   7.1863768725E-02  -1.5421923135E-02   1.7880255713E-02
   28      4.2773828165E-02  -1.1124340341E-01  -1.0355476836E-01   1.6690299528E-03  -4.2958392397E-04
   29      7.0724951765E-02  -1.0397304101E-01  -2.0503982573E-01  -5.1116072926E-04   1.9441588688E-03
   30     -7.2728251975E-02   3.7492336836E-02  -7.4531374504E-02  -1.5663605696E-02   1.5635437683E-02
   31      3.6454964162E-02  -9.4921086650E-02   9.4590858070E-02   1.6558528693E-03  -3.8836325080E-04
   32     -7.2749679757E-02   9.4955983945E-02  -2.2121751871E-01  -4.7246957011E-06  -1.6460786322E-03
   33      1.4874063847E-03   1.4030528531E-03  -3.7790331551E-05   9.3181237305E-03   1.2711547198E-02
   34     -2.1491376765E-03   9.0628455034E-04   5.4155123828E-05  -1.6160683766E-02  -2.0191213886E-02
   35     -5.6797323958E-05  -1.0108150025E-04  -4.4516313061E-03   8.7425570413E-05  -1.4611734809E-05
   36     -2.2729839443E-04   1.4496764418E-03   1.8831128452E-05  -5.4328416579E-03  -1.8152105410E-03
   37     -5.6520641389E-05  -6.3379970117E-05  -3.2714278830E-06  -6.8384535187E-04   2.4898630272E-03
   38     -2.1853451827E-05  -4.8678719122E-06   5.6764874841E-04   3.0880033606E-05  -1.2073293038E-05
   39     -2.1535999705E-04  -1.5320886888E-03   1.7439400665E-05  -5.2125575882E-03   1.8113907070E-03
   40      1.3252511180E-05   3.2282781921E-05   2.6242850070E-06   9.1494678296E-04   2.2337058400E-03
   41     -2.1134055372E-05   9.4031452816E-06   4.2028193422E-04   3.1328772986E-05   8.8528215321E-06
   42      9.1342229577E-04  -2.7070021199E-04  -3.8881875050E-05   1.0722191219E-02  -1.3208498456E-02
   43      1.6242307405E-03   1.4626703682E-03  -6.5318959053E-05   1.6528157230E-02  -2.0096600428E-02
   44     -5.8794018398E-05   9.7162641594E-05  -2.3801855792E-03   8.4561933833E-05   5.7158833599E-06
   45      1.4147403393E-05  -1.9195353411E-04   5.9228375536E-06   3.2991024532E-04  -7.8084284332E-04
   46     -1.8399074602E-05   1.0910311087E-04  -1.6526741356E-05  -1.2040573548E-04   6.9293152834E-05
   47     -2.4705294410E-06   9.1611286712E-06  -1.3256198295E-05   2.8719592499E-06   1.1915778098E-06
                    5                  6                  7                  8                  9        
    0     -4.2342636758E-04  -2.1776731853E-02   4.6215398810E-03  -3.4974357417E-05   1.2325927519E-03
    1     -2.3609043480E-05   2.8512574509E-02   2.5145276952E-03   1.3827576169E-04   1.4044176989E-03
    2     -6.5700554571E-02   1.7481453032E-04  -9.1927245086E-06   3.4069928123E-03   2.7182396793E-05
    3      5.2889768577E-04  -1.7439354258E-01   1.1576293641E-01   6.7328852069E-06  -2.9022833870E-02
    4     -2.9199819456E-05   5.4236837900E-02  -2.6740170616E-01   1.7070800471E-04   7.1226889631E-02
    5      1.6275620586E-01  -1.1384541217E-04   1.1674043588E-05  -6.2534033774E-02   1.2196508018E-04
    6     -1.1384541217E-04   6.8057211234E-01   2.9244891811E-02  -2.8162705301E-04  -3.3333011090E-01
    7      1.1674043588E-05   2.9244891811E-02   7.0409213915E-01  -3.1438087114E-04  -2.7453869288E-02
    8     -6.2534033774E-02  -2.8162705301E-04  -3.1438087114E-04   1.2541501315E-01   1.1880064072E-04
    9      1.2196508018E-04  -3.3333011090E-01  -2.7453869288E-02   1.1880064072E-04   6.8925313954E-01
   10      1.2366322099E-04   2.8043452187E-02  -1.2331270856E-01  -4.8376602740E-05  -2.8875853220E-02
   11      5.6412868777E-03   1.6797239941E-04   3.6181666119E-05  -5.0796368519E-02  -3.2162290396E-04
   12     -7.4681894633E-05  -2.7940732836E-02  -3.2106566027E-02   3.0293319267E-05  -1.6220773460E-01
   13     -1.7864530862E-05  -7.9988687913E-02   3.5788428779E-02   1.5916656598E-04  -3.7026289253E-02
   14     -4.6934520129E-03   7.7515375027E-05  -5.1319904156E-06   4.6454613950E-04   2.7353786332E-05
   15      1.0808968152E-04  -4.3475815798E-02   2.6613501464E-02   9.7081260112E-05   5.4108436811E-02
   16     -1.1611899193E-04   2.4949188228E-02  -1.6455008892E-02  -5.1060790953E-05  -1.8973149551E-02
   17      6.1251197416E-03   3.1453856852E-05  -2.8636373095E-05  -3.6657361349E-03  -2.2718457885E-05
   18     -8.8920812468E-05   5.5555139587E-02  -2.0819839207E-02  -1.2468935938E-04  -4.3262330881E-02
   19      1.8083945920E-05   2.2223698236E-02  -6.1194932484E-02  -5.5066385931E-05  -2.7816982832E-02
   20     -6.6201791246E-02  -1.2789187343E-04   6.7627335811E-05   8.8605518417E-03   1.0452558305E-04
   21      1.2979014261E-04   2.0215333719E-03  -2.3319631114E-03   5.1347633073E-06  -4.3307008606E-02
   22     -9.7356359959E-06   6.2995256117E-03  -8.3732772000E-03  -1.0905433329E-05  -4.4067835761E-02
   23     -1.4756627378E-03  -1.0881365746E-05   1.1242388541E-05   7.5307846113E-03   5.0271722208E-05
   24      1.1380362450E-03   2.4225440038E-03  -2.2532112428E-03  -5.8442482429E-05  -3.5914267534E-04
   25     -1.7377426554E-04   2.2243307958E-03   7.1011718627E-04  -4.3993571665E-05  -3.8045218525E-04
   26     -1.9310152698E-03  -6.5226031342E-05   3.5492107365E-05   5.9555707123E-05   3.4730881879E-05
   27      2.4726454330E-02  -2.7996591716E-03  -1.9955316552E-03   8.4873789159E-04  -9.3670962177E-04
   28      1.3673938923E-03   1.3932078824E-03  -8.0202840557E-05  -7.9603085318E-05  -3.8511155446E-04
   29      2.9072452591E-03  -3.2720268699E-04   4.2831367787E-04  -2.2498853394E-04  -2.6602702595E-04
   30     -2.6033659243E-02  -2.2820569720E-03  -1.9794049791E-03  -7.6247783585E-04  -1.0096932968E-03
   31     -1.1671337108E-03   1.5202706694E-03  -1.5009989010E-04  -4.8455989688E-05  -4.7770455008E-04
   32      3.2068982856E-03   3.4446380163E-04  -4.7961187527E-04  -2.4087761861E-04   1.3204460507E-04
   33      2.3142757666E-06  -1.2118551590E-01  -1.1510562986E-01   1.5374984441E-04  -1.1639046670E-02
   34      3.0411038833E-05  -1.1456933861E-01  -2.6417324316E-01   2.0676237429E-04   1.6007138714E-03
   35      3.4324528016E-03   1.2620374408E-04   2.3675308979E-04  -3.3117557987E-02   5.6428175749E-06
   36     -8.8389237028E-06  -1.0792572077E-02   2.9941239194E-02  -1.6831129393E-05  -1.2129252745E-01
   37      2.7324583050E-07  -1.0213901066E-03   2.5484449970E-03  -2.7818758022E-06   1.1351990371E-01
   38      6.9766226364E-03   8.1455665572E-06  -1.4316092188E-05   3.3036036645E-04  -1.8282815427E-05
   39     -3.6945806868E-06  -8.4789918496E-04   8.3346481758E-04   3.3461478283E-07  -1.2734192445E-03
   40      1.1022160533E-06   1.2446940556E-03   2.8933157128E-04  -4.6561929016E-06   4.2317889480E-03
   41      7.9621769053E-03   5.6469349437E-06  -2.1797444957E-06  -5.8701624640E-04   4.2260253302E-06
   42      8.9292621779E-06  -8.7483292298E-04  -3.4579761812E-03   1.1496499168E-05  -7.6210044189E-04
   43     -2.6055377578E-05  -4.4244557396E-03  -3.6705647419E-03  -7.5295908953E-06  -9.4226287651E-04
   44      3.4077681556E-03  -6.5232824559E-06   1.8075163790E-05   5.7537678266E-03   5.6222269423E-06
   45     -8.8399978129E-06  -8.7185910209E-04   4.3233626775E-04   2.9619135708E-06   3.8084891519E-03
   46      2.0142091489E-05   1.6528218687E-04  -1.1312454503E-03  -5.1961674760E-07  -5.8704766953E-03
   47      1.2073308424E-04   7.0008168563E-07   5.0749869275E-07  -6.5499364031E-04  -3.2556087139E-06
                   10                 11                 12                 13                 14        
    0      4.2987243892E-04   5.3125673412E-05  -1.1236315014E-03   1.9514809763E-03   4.7204120324E-05
    1     -3.4727877602E-03   1.4524184632E-04  -1.8957698061E-04  -1.4346248071E-03   1.0018128226E-06
    2     -1.0061085888E-04   7.7088972874E-03   7.3825921194E-05   3.9753420515E-05  -8.4312197867E-04
    3      2.8776735280E-02  -2.1526064343E-05   4.7125279534E-03  -7.5751785167E-04  -7.8271117563E-05
    4      2.9350965016E-02  -7.6645442160E-05   1.5283019954E-03  -7.3335384711E-02   1.0061047210E-05
    5      1.2366322099E-04   5.6412868777E-03  -7.4681894633E-05  -1.7864530862E-05  -4.6934520129E-03
    6      2.8043452187E-02   1.6797239941E-04  -2.7940732836E-02  -7.9988687913E-02   7.7515375027E-05
    7     -1.2331270856E-01   3.6181666119E-05  -3.2106566027E-02   3.5788428779E-02  -5.1319904156E-06
    8     -4.8376602740E-05  -5.0796368519E-02   3.0293319267E-05   1.5916656598E-04   4.6454613950E-04
    9     -2.8875853220E-02  -3.2162290396E-04  -1.6220773460E-01  -3.7026289253E-02   2.7353786332E-05
   10      7.0299752861E-01  -2.6998574167E-04  -1.0786727978E-01  -2.8258320260E-01   1.1042128183E-04
   11     -2.6998574167E-04   1.1279732445E-01   8.9047694840E-05   1.0343877416E-04  -6.2584614270E-02
   12     -1.0786727978E-01   8.9047694840E-05   6.6768625209E-01  -9.2935008498E-03  -2.8841449176E-04
   13     -2.8258320260E-01   1.0343877416E-04  -9.2935008498E-03   7.0755905112E-01  -3.1908978658E-05
   14      1.1042128183E-04  -6.2584614270E-02  -2.8841449176E-04  -3.1908978658E-05   1.5100676906E-01
   15      1.9043058207E-02  -1.5124525444E-05  -1.5497092960E-01   3.8343183199E-02   1.1440165939E-05
   16     -5.0622192140E-02   2.4596343849E-05   1.0529889095E-01  -2.8056148692E-01  -6.7108122239E-05
   17     -1.4929863025E-05   8.8041870421E-03   7.3280820291E-05  -5.7035347141E-05  -6.6687515174E-02
   18     -2.3708565420E-02   3.4482222357E-05  -3.0504551095E-02   7.7294212377E-02   6.7094287382E-05
   19     -1.6914069084E-02   3.0660201813E-05   3.0406238853E-02   3.8708471195E-02  -2.3860942885E-06
   20      5.0259616203E-05  -4.5632668463E-03   2.8352933291E-05  -1.7391395448E-04   1.9745863801E-03
   21     -4.3717173188E-03   5.0136779017E-06  -2.8001167068E-01  -3.9966829807E-02   9.8785936997E-05
   22      2.9049642381E-03   2.2325007734E-05   1.2464508872E-02  -1.0948353505E-01  -4.8740135834E-06
   23      2.0765071390E-05   8.1397343942E-03   9.3995443219E-05   1.0731895517E-05  -3.9646379947E-02
   24      5.8692636343E-05  -2.2416200834E-05   3.7386929620E-04   2.4342739487E-04   1.8643169085E-05
   25      2.6487270366E-04  -5.4141888567E-05   3.1544715974E-04   1.9692259650E-04  -2.2892355724E-05
   26      1.8052977986E-06  -2.4339211165E-04  -7.2295619242E-06  -7.4492545746E-05   1.8506955410E-05
   27      3.1286836119E-04  -1.4500616055E-03   7.2454901799E-04   2.9680603162E-04   2.5434541393E-04
   28     -3.6581727977E-04   3.8367467531E-04  -1.5496621003E-04   9.4620126219E-04   2.6549918015E-04
   29      1.1167620051E-04  -2.4525077101E-04  -3.7597741997E-04   3.3442844073E-04  -3.4163937541E-06
   30      1.5642911088E-04   1.4965207366E-03   7.7148093062E-04   3.1555213744E-04  -2.5407471430E-04
   31     -4.2276593190E-04  -4.4608707671E-04  -1.3825367012E-04   1.0586094596E-03  -2.4554917666E-04
   32     -1.2737953172E-04  -2.4443869958E-04   3.9036951909E-04  -2.8085969694E-04   3.9577316285E-06
   33     -2.8732227042E-02   4.9875419231E-06  -4.9554504242E-03   2.1288167759E-03  -1.3387360449E-06
   34      2.5507078136E-03  -4.9529665405E-06   8.7209881681E-04   2.2631240295E-03   2.9077808907E-06
   35      2.7471643150E-05   1.0266055819E-03   3.5449743702E-06  -5.9491240289E-06   7.7596328873E-03
   36      1.1331079793E-01  -1.9091045887E-05   7.0535973292E-03  -1.3008261293E-02   7.7018795000E-06
   37     -2.6143097376E-01   1.0349741730E-04   1.9815695888E-02  -1.9658778812E-02   9.9031838666E-06
   38      1.2060542139E-04  -2.8849257267E-02  -2.6683336925E-05   2.6251107034E-06   3.4377088253E-03
   39      3.1407750228E-03   3.4870865017E-06   1.0547219865E-02   1.3461276654E-02   2.4672533909E-06
   40     -3.4558204728E-03   4.5801360304E-07  -1.8703241370E-02  -1.9958492878E-02  -7.6927920747E-06
   41     -1.7399398284E-06   4.7592071937E-03  -2.3134212571E-05  -5.5678736999E-06   4.7157051791E-03
   42     -6.4466010045E-04  -2.9715877144E-06  -4.8019826677E-03  -2.0293779727E-03   2.9215331923E-06
   43      4.6329539836E-04   2.0437381150E-06  -9.9828850158E-04   2.1151800640E-03  -4.6064527267E-06
   44      3.5949365772E-06  -5.0617523700E-04   8.8321383805E-06   9.1512207227E-07   8.2592346695E-03
   45      1.2138956069E-03  -2.2820533883E-06  -2.5352813074E-02   4.7994807985E-02   7.6091277547E-06
   46      4.0480038128E-03  -2.3980943106E-06  -1.2086077322E-03  -1.6204827353E-03   1.4342804384E-06
   47     -5.1466263579E-06  -8.4447910148E-04   3.5951646582E-06  -1.2545868949E-05  -3.1821480527E-03
                   15                 16                 17                 18                 19        
    0      4.4289502601E-03  -2.0864784240E-03   5.4039178989E-05  -2.5060404992E-02  -6.2976232294E-03
    1     -2.1897959972E-03  -5.4205603584E-03  -1.4437425262E-04  -3.1437419977E-02   3.5811779124E-03
    2      7.4274474681E-05   7.5059503298E-05   4.8556433938E-03   1.2889150862E-04   4.6651081502E-06
    3     -3.0740460391E-02  -2.8554904652E-02  -1.5187689404E-05  -1.6782750449E-01  -1.0751005627E-01
    4     -7.1277875236E-02   3.2200874246E-02   7.4441955905E-05  -4.8078877425E-02  -2.5971083701E-01
    5      1.0808968152E-04  -1.1611899193E-04   6.1251197416E-03  -8.8920812468E-05   1.8083945920E-05
    6     -4.3475815798E-02   2.4949188228E-02   3.1453856852E-05   5.5555139587E-02   2.2223698236E-02
    7      2.6613501464E-02  -1.6455008892E-02  -2.8636373095E-05  -2.0819839207E-02  -6.1194932484E-02
    8      9.7081260112E-05  -5.1060790953E-05  -3.6657361349E-03  -1.2468935938E-04  -5.5066385931E-05
    9      5.4108436811E-02  -1.8973149551E-02  -2.2718457885E-05  -4.3262330881E-02  -2.7816982832E-02
   10      1.9043058207E-02  -5.0622192140E-02  -1.4929863025E-05  -2.3708565420E-02  -1.6914069084E-02
   11     -1.5124525444E-05   2.4596343849E-05   8.8041870421E-03   3.4482222357E-05   3.0660201813E-05
   12     -1.5497092960E-01   1.0529889095E-01   7.3280820291E-05  -3.0504551095E-02   3.0406238853E-02
   13      3.8343183199E-02  -2.8056148692E-01  -5.7035347141E-05   7.7294212377E-02   3.8708471195E-02
   14      1.1440165939E-05  -6.7108122239E-05  -6.6687515174E-02   6.7094287382E-05  -2.3860942885E-06
   15      7.1018446224E-01   3.6002955703E-02  -3.7589137874E-04  -3.4843160475E-01   2.5255261261E-02
   16      3.6002955703E-02   7.0800595751E-01   1.4004427986E-04  -3.0495675226E-02  -1.2732994376E-01
   17     -3.7589137874E-04   1.4004427986E-04   1.2047594489E-01   1.9604524842E-04  -2.2096000736E-05
   18     -3.4843160475E-01  -3.0495675226E-02   1.9604524842E-04   6.9414325047E-01  -3.3247253715E-02
   19      2.5255261261E-02  -1.2732994376E-01  -2.2096000736E-05  -3.3247253715E-02   6.9374326810E-01
   20      1.4528145976E-04   7.0207987709E-05  -5.2910281102E-02  -3.0381168827E-04   2.5435709311E-04
   21     -4.2407110272E-02   1.1882104489E-02   7.0905803571E-06   3.4767269766E-03   8.5959460833E-04
   22      5.0530305398E-02   4.5756006347E-03  -2.3982603375E-05  -5.3894414825E-03  -9.6383608948E-03
   23      3.3862963003E-05  -1.6040076106E-05   5.9457869367E-03  -6.6590287414E-06  -5.3867404976E-06
   24      4.0111149375E-05  -1.8354549324E-03  -7.5189800846E-05  -6.9325529047E-03   1.7730371304E-03
   25      3.4635411583E-04   1.6714816950E-05   1.2539097069E-05  -1.5858168352E-04   6.7135391990E-04
   26     -8.7722618090E-05   1.8909993340E-05   4.8147533298E-04  -2.3874448601E-05  -1.6038312020E-05
   27     -5.2128029008E-04   3.8031901644E-04  -8.6563730456E-04   1.8215734449E-03   1.5739636708E-03
   28      1.1732237299E-03  -2.9668127763E-04   2.5440792317E-04  -1.9267423642E-03   3.7862893309E-05
   29      5.6054903939E-04  -2.4316581182E-05   1.2925974471E-04  -4.7540071555E-04  -5.4644710435E-04
   30     -5.7644189130E-04   4.1502269853E-04   9.6377561311E-04   1.6821508097E-03   1.5426003003E-03
   31      1.2333607854E-03  -3.7991214919E-04  -1.5560085697E-04  -1.9512637460E-03  -2.8434445913E-05
   32     -5.8023053952E-04   2.9080088533E-05   1.4705066610E-04   4.6392338885E-04   5.6596719792E-04
   33     -7.2295738815E-04   6.3691413761E-04  -1.2548551132E-06  -7.6060033044E-04   3.5151437286E-03
   34      1.0339405120E-03   3.4321793843E-04  -1.3889403537E-06   4.4275661625E-03  -3.7649352613E-03
   35      6.2274040195E-06  -2.8593362000E-06  -8.9142511221E-04  -1.4129283326E-06  -1.4882886628E-05
   36     -5.9193025210E-04  -3.4422758326E-03   3.1548553550E-06  -9.7823479495E-04  -8.4724933114E-04
   37     -4.6621986283E-03  -3.6010294893E-03   2.0898104478E-06  -1.2294417785E-03   2.7005572997E-04
   38      4.9447669954E-06   5.4123606825E-06   4.9659248050E-03   5.9076817140E-06   7.9381627238E-07
   39     -1.2673342074E-01  -1.2054672053E-01   1.2794258817E-05  -1.0330637786E-02  -2.8527126181E-02
   40     -1.1882629508E-01  -2.6570511839E-01  -4.0869315290E-05   1.6011046502E-03   3.7712950620E-03
   41      1.1091862301E-05  -5.8502468407E-05  -3.2411193856E-02   9.4610678671E-06   1.2222331120E-05
   42     -1.1927052276E-02   2.9157953328E-02   3.0190538425E-06  -1.2322894189E-01   1.1468010281E-01
   43     -1.5484737982E-03   2.7575952996E-03   6.3792622559E-06   1.1509043912E-01  -2.6179435029E-01
   44      5.4360584109E-06  -2.5548140632E-05   2.1733163566E-03   1.1707268686E-04  -2.1584125508E-04
   45     -7.6629568061E-03  -3.0129066848E-03   2.7588998879E-06   6.3852263575E-04   2.4405629666E-03
   46     -8.4628835149E-04   2.4719729292E-03   9.6866274493E-07   5.8677138663E-06  -4.0762158296E-04
   47      9.1570462712E-06  -3.7134884795E-06   2.4624424704E-03  -2.2465699947E-06  -2.8189297918E-06
                   20                 21                 22                 23                 24        
    0     -2.7766355481E-05   2.0833632170E-04  -2.1294729794E-04  -2.3623777135E-05  -7.9498093597E-02
    1     -1.4135484202E-04   1.1289245315E-03   3.8753995093E-04  -1.2134988301E-05  -8.4745482291E-02
    2      1.5251382553E-03  -1.5314665720E-04   1.2882984294E-06  -7.0363393161E-04   3.4579895627E-03
    3      2.0624201584E-05  -2.8744314500E-03  -9.9614383273E-05   1.9092302520E-05  -1.1886954668E-02
    4     -1.6050455077E-04  -1.7150390884E-03   6.7058595569E-03  -1.8169773854E-06  -3.2005709231E-02
    5     -6.6201791246E-02   1.2979014261E-04  -9.7356359959E-06  -1.4756627378E-03   1.1380362450E-03
    6     -1.2789187343E-04   2.0215333719E-03   6.2995256117E-03  -1.0881365746E-05   2.4225440038E-03
    7      6.7627335811E-05  -2.3319631114E-03  -8.3732772000E-03   1.1242388541E-05  -2.2532112428E-03
    8      8.8605518417E-03   5.1347633073E-06  -1.0905433329E-05   7.5307846113E-03  -5.8442482429E-05
    9      1.0452558305E-04  -4.3307008606E-02  -4.4067835761E-02   5.0271722208E-05  -3.5914267534E-04
   10      5.0259616203E-05  -4.3717173188E-03   2.9049642381E-03   2.0765071390E-05   5.8692636343E-05
   11     -4.5632668463E-03   5.0136779017E-06   2.2325007734E-05   8.1397343942E-03  -2.2416200834E-05
   12      2.8352933291E-05  -2.8001167068E-01   1.2464508872E-02   9.3995443219E-05   3.7386929620E-04
   13     -1.7391395448E-04  -3.9966829807E-02  -1.0948353505E-01   1.0731895517E-05   2.4342739487E-04
   14      1.9745863801E-03   9.8785936997E-05  -4.8740135834E-06  -3.9646379947E-02   1.8643169085E-05
   15      1.4528145976E-04  -4.2407110272E-02   5.0530305398E-02   3.3862963003E-05   4.0111149375E-05
   16      7.0207987709E-05   1.1882104489E-02   4.5756006347E-03  -1.6040076106E-05  -1.8354549324E-03
   17     -5.2910281102E-02   7.0905803571E-06  -2.3982603375E-05   5.9457869367E-03  -7.5189800846E-05
   18     -3.0381168827E-04   3.4767269766E-03  -5.3894414825E-03  -6.6590287414E-06  -6.9325529047E-03
   19      2.5435709311E-04   8.5959460833E-04  -9.6383608948E-03  -5.3867404976E-06   1.7730371304E-03
   20      1.3012215760E-01  -2.2855752569E-06   2.0263307104E-05   4.5851521796E-03   8.0742325614E-05
   21     -2.2855752569E-06   4.6010618914E-01  -1.4080465595E-01  -1.9532257784E-04  -2.2057785882E-04
   22      2.0263307104E-05  -1.4080465595E-01   5.6167569094E-01   5.9428721609E-05   1.2528727630E-04
   23      4.5851521796E-03  -1.9532257784E-04   5.9428721609E-05   2.6231691871E-02  -2.2236716594E-06
   24      8.0742325614E-05  -2.2057785882E-04   1.2528727630E-04  -2.2236716594E-06   8.9842803058E-02
   25      7.1342003673E-05  -2.3911456744E-04   5.3570461607E-05   1.6819199674E-05   9.5600694622E-02
   26      1.3243666222E-03   2.6191844505E-05   9.1978708810E-06   2.3972594179E-05  -3.6885631516E-03
   27     -6.1612324809E-04  -9.7049714060E-04  -7.6992481207E-05   7.7019923778E-05   3.5099740330E-03
   28      2.0385010843E-04  -7.5768717900E-05  -6.4640130154E-05  -1.6714213257E-04   1.0876351411E-02
   29      1.0842142329E-03   3.2790253918E-04  -8.4517610295E-06  -1.1054660756E-05  -1.6031600041E-03
   30      5.5996042797E-04  -1.0482198810E-03  -6.5988959373E-05  -8.2047895974E-05   3.4523298966E-03
   31     -9.8095523079E-05  -8.0001869164E-05  -8.3673512615E-05   1.6125261203E-04   1.0797685141E-02
   32      1.0791267868E-03  -3.1271886658E-04   3.6223541725E-06  -2.2368500566E-05   7.0791410631E-04
   33      9.8365200637E-06  -1.6672126937E-03  -1.7694883158E-03   8.4471839760E-06  -2.5977384131E-04
   34      8.1016869856E-06  -8.6579339848E-05  -6.8691278827E-05   1.9313137571E-06   1.3382764506E-03
   35      6.0208420974E-03   3.9785009680E-06   4.8909172205E-06   1.8912598751E-04   3.3534252430E-05
   36      1.0758252327E-06   4.0080329801E-03  -7.6619511811E-04  -5.0222041953E-06   5.2887912734E-05
   37      6.3319114156E-06   1.8695675656E-04   2.7963561435E-03  -4.8657343943E-06  -2.6789471037E-06
   38     -5.2379021436E-04   6.4379963365E-06  -3.3759381973E-06  -3.8970652596E-03  -4.0123427450E-06
   39     -1.2363723507E-05   1.3646663879E-03  -6.9999738355E-04  -3.9344840742E-06  -5.5730753903E-04
   40      3.2032409748E-06  -4.0951229908E-04   1.9290405785E-03   1.8346148857E-06  -7.7597221923E-07
   41      1.0054932224E-03   7.6037938171E-06  -1.8379753412E-06  -3.2895817711E-03  -8.4303456078E-06
   42      1.4302797358E-04  -9.8505770288E-04   1.8274449844E-03   3.5759019005E-06   3.0295040171E-05
   43     -1.8314393379E-04   2.3196227681E-04  -9.1428656849E-05  -1.7742169536E-07   4.0326067901E-05
   44     -3.5081643772E-02   2.1272572963E-06  -2.8096098635E-06   1.8972956696E-04   2.1787863982E-05
   45      9.5267315418E-07  -9.7693698892E-02   1.2258289654E-01   4.2535586006E-05  -1.0411305454E-05
   46     -4.3174722405E-06   1.7591482785E-01  -4.5322501578E-01  -7.8458592491E-05  -1.0240015215E-05
   47      1.6991439652E-03   4.4330622354E-05  -5.3026660397E-05  -3.7902313327E-03   2.8257365380E-06
                   25                 26                 27                 28                 29        
    0     -8.8538262236E-02   3.6812493358E-03  -7.3736085498E-02   4.2773828165E-02   7.0724951765E-02
    1     -2.7635266300E-01   8.9828837609E-03   4.3649987259E-02  -1.1124340341E-01  -1.0397304101E-01
    2      8.9364021203E-03  -4.5986050809E-02   7.1863768725E-02  -1.0355476836E-01  -2.0503982573E-01
    3      6.5923867621E-04  -2.4370825276E-04  -1.5421923135E-02   1.6690299528E-03  -5.1116072926E-04
    4      2.0701200157E-04  -2.9373394864E-04   1.7880255713E-02  -4.2958392397E-04   1.9441588688E-03
    5     -1.7377426554E-04  -1.9310152698E-03   2.4726454330E-02   1.3673938923E-03   2.9072452591E-03
    6      2.2243307958E-03  -6.5226031342E-05  -2.7996591716E-03   1.3932078824E-03  -3.2720268699E-04
    7      7.1011718627E-04   3.5492107365E-05  -1.9955316552E-03  -8.0202840557E-05   4.2831367787E-04
    8     -4.3993571665E-05   5.9555707123E-05   8.4873789159E-04  -7.9603085318E-05  -2.2498853394E-04
    9     -3.8045218525E-04   3.4730881879E-05  -9.3670962177E-04  -3.8511155446E-04  -2.6602702595E-04
   10      2.6487270366E-04   1.8052977986E-06   3.1286836119E-04  -3.6581727977E-04   1.1167620051E-04
   11     -5.4141888567E-05  -2.4339211165E-04  -1.4500616055E-03   3.8367467531E-04  -2.4525077101E-04
   12      3.1544715974E-04  -7.2295619242E-06   7.2454901799E-04  -1.5496621003E-04  -3.7597741997E-04
   13      1.9692259650E-04  -7.4492545746E-05   2.9680603162E-04   9.4620126219E-04   3.3442844073E-04
   14     -2.2892355724E-05   1.8506955410E-05   2.5434541393E-04   2.6549918015E-04  -3.4163937541E-06
   15      3.4635411583E-04  -8.7722618090E-05  -5.2128029008E-04   1.1732237299E-03   5.6054903939E-04
   16      1.6714816950E-05   1.8909993340E-05   3.8031901644E-04  -2.9668127763E-04  -2.4316581182E-05
   17      1.2539097069E-05   4.8147533298E-04  -8.6563730456E-04   2.5440792317E-04   1.2925974471E-04
   18     -1.5858168352E-04  -2.3874448601E-05   1.8215734449E-03  -1.9267423642E-03  -4.7540071555E-04
   19      6.7135391990E-04  -1.6038312020E-05   1.5739636708E-03   3.7862893309E-05  -5.4644710435E-04
   20      7.1342003673E-05   1.3243666222E-03  -6.1612324809E-04   2.0385010843E-04   1.0842142329E-03
   21     -2.3911456744E-04   2.6191844505E-05  -9.7049714060E-04  -7.5768717900E-05   3.2790253918E-04
   22      5.3570461607E-05   9.1978708810E-06  -7.6992481207E-05  -6.4640130154E-05  -8.4517610295E-06
   23      1.6819199674E-05   2.3972594179E-05   7.7019923778E-05  -1.6714213257E-04  -1.1054660756E-05
   24      9.5600694622E-02  -3.6885631516E-03   3.5099740330E-03   1.0876351411E-02  -1.6031600041E-03
   25      2.9891011545E-01  -9.8943005979E-03  -5.2356737692E-03  -1.3626417607E-02   2.0767151762E-03
   26     -9.8943005979E-03   4.5032171001E-02  -1.0108551969E-02  -2.3993819046E-02   1.6469291621E-03
   27     -5.2356737692E-03  -1.0108551969E-02   8.5129920540E-02  -4.9894992318E-02  -7.7316730898E-02
   28     -1.3626417607E-02  -2.3993819046E-02  -4.9894992318E-02   1.1749131536E-01   1.1392347136E-01
   29      2.0767151762E-03   1.6469291621E-03  -7.7316730898E-02   1.1392347136E-01   2.2134808814E-01
   30     -4.4094240563E-03   1.0441541307E-02   3.3444642207E-03  -5.5072245079E-03   8.9708412206E-03
   31     -1.1847945315E-02   2.5220310751E-02  -6.1387403547E-03   7.5050983225E-03  -1.4670078651E-02
   32     -9.7405316728E-04  -2.1285560337E-04  -8.3700788734E-03   1.2327687479E-02  -2.1344828779E-02
   33     -2.3407147999E-04   3.9487052318E-05   7.5504377302E-06  -2.9153234817E-05  -2.3214720924E-05
   34      4.1702678915E-04  -2.3830294900E-05   7.6026470426E-05   3.2053442617E-04   4.5698508071E-05
   35      4.8460436973E-05   3.0482021863E-04   5.7286029708E-04  -4.0296578177E-04   9.1848483400E-05
   36     -1.0156266775E-04   4.1185466688E-06  -3.6132813370E-04   6.2020396742E-05  -2.0484039197E-06
   37      1.7321383832E-05   1.4499544244E-06   4.0788144465E-05  -3.1862157055E-05   5.4123892176E-06
   38      6.8920195200E-06  -6.2015958542E-05  -1.5827810299E-04  -7.2713087011E-05   1.6259991722E-05
   39     -5.5809478048E-05  -5.6437147722E-07   6.9448769645E-06   3.1884760571E-05   4.5812528709E-05
   40      5.3838298335E-07   4.3656134161E-06  -3.2443608422E-05  -5.9408030177E-06  -7.7685831153E-07
   41     -5.7289848840E-07  -1.5747658928E-04  -2.1840521838E-05  -5.1591827329E-05  -1.7049190730E-05
   42      1.9441756699E-04  -1.3151663594E-06   9.9687171526E-05  -5.3428573410E-06   3.0136285251E-04
   43      3.6745847171E-04   2.3350652678E-05  -7.5155560050E-04  -1.2880732519E-04   3.1450897903E-04
   44     -4.9541802144E-06  -2.9200227456E-04   5.5790088352E-04  -3.5934592715E-04  -3.2260016356E-04
   45      1.2243688252E-05   4.0134007902E-07   1.0281924772E-04  -7.8864693628E-06  -2.8264651675E-05
   46     -5.9982393719E-06  -7.3046114669E-07  -7.7442942822E-05  -2.7655513112E-05   1.9834031747E-05
   47     -1.3079235185E-06  -6.9889767450E-06   3.9823685025E-06  -2.5141048505E-05  -1.4830789912E-05
                   30                 31                 32                 33                 34        
    0     -7.2728251975E-02   3.6454964162E-02  -7.2749679757E-02   1.4874063847E-03  -2.1491376765E-03
    1      3.7492336836E-02  -9.4921086650E-02   9.4955983945E-02   1.4030528531E-03   9.0628455034E-04
    2     -7.4531374504E-02   9.4590858070E-02  -2.2121751871E-01  -3.7790331551E-05   5.4155123828E-05
    3     -1.5663605696E-02   1.6558528693E-03  -4.7246957011E-06   9.3181237305E-03  -1.6160683766E-02
    4      1.5635437683E-02  -3.8836325080E-04  -1.6460786322E-03   1.2711547198E-02  -2.0191213886E-02
    5     -2.6033659243E-02  -1.1671337108E-03   3.2068982856E-03   2.3142757666E-06   3.0411038833E-05
    6     -2.2820569720E-03   1.5202706694E-03   3.4446380163E-04  -1.2118551590E-01  -1.1456933861E-01
    7     -1.9794049791E-03  -1.5009989010E-04  -4.7961187527E-04  -1.1510562986E-01  -2.6417324316E-01
    8     -7.6247783585E-04  -4.8455989688E-05  -2.4087761861E-04   1.5374984441E-04   2.0676237429E-04
    9     -1.0096932968E-03  -4.7770455008E-04   1.3204460507E-04  -1.1639046670E-02   1.6007138714E-03
   10      1.5642911088E-04  -4.2276593190E-04  -1.2737953172E-04  -2.8732227042E-02   2.5507078136E-03
   11      1.4965207366E-03  -4.4608707671E-04  -2.4443869958E-04   4.9875419231E-06  -4.9529665405E-06
   12      7.7148093062E-04  -1.3825367012E-04   3.9036951909E-04  -4.9554504242E-03   8.7209881681E-04
   13      3.1555213744E-04   1.0586094596E-03  -2.8085969694E-04   2.1288167759E-03   2.2631240295E-03
   14     -2.5407471430E-04  -2.4554917666E-04   3.9577316285E-06  -1.3387360449E-06   2.9077808907E-06
   15     -5.7644189130E-04   1.2333607854E-03  -5.8023053952E-04  -7.2295738815E-04   1.0339405120E-03
   16      4.1502269853E-04  -3.7991214919E-04   2.9080088533E-05   6.3691413761E-04   3.4321793843E-04
   17      9.6377561311E-04  -1.5560085697E-04   1.4705066610E-04  -1.2548551132E-06  -1.3889403537E-06
   18      1.6821508097E-03  -1.9512637460E-03   4.6392338885E-04  -7.6060033044E-04   4.4275661625E-03
   19      1.5426003003E-03  -2.8434445913E-05   5.6596719792E-04   3.5151437286E-03  -3.7649352613E-03
   20      5.5996042797E-04  -9.8095523079E-05   1.0791267868E-03   9.8365200637E-06   8.1016869856E-06
   21     -1.0482198810E-03  -8.0001869164E-05  -3.1271886658E-04  -1.6672126937E-03  -8.6579339848E-05
   22     -6.5988959373E-05  -8.3673512615E-05   3.6223541725E-06  -1.7694883158E-03  -6.8691278827E-05
   23     -8.2047895974E-05   1.6125261203E-04  -2.2368500566E-05   8.4471839760E-06   1.9313137571E-06
   24      3.4523298966E-03   1.0797685141E-02   7.0791410631E-04  -2.5977384131E-04   1.3382764506E-03
   25     -4.4094240563E-03  -1.1847945315E-02  -9.7405316728E-04  -2.3407147999E-04   4.1702678915E-04
   26      1.0441541307E-02   2.5220310751E-02  -2.1285560337E-04   3.9487052318E-05  -2.3830294900E-05
   27      3.3444642207E-03  -6.1387403547E-03  -8.3700788734E-03   7.5504377302E-06   7.6026470426E-05
   28     -5.5072245079E-03   7.5050983225E-03   1.2327687479E-02  -2.9153234817E-05   3.2053442617E-04
   29      8.9708412206E-03  -1.4670078651E-02  -2.1344828779E-02  -2.3214720924E-05   4.5698508071E-05
   30      8.4174988045E-02  -4.2932921563E-02   8.0258204642E-02   5.3053606348E-06   1.0068259102E-04
   31     -4.2932921563E-02   9.9636815478E-02  -1.0400583294E-01  -5.1114162432E-06   2.6501218863E-04
   32      8.0258204642E-02  -1.0400583294E-01   2.3914820567E-01   1.5385702702E-05  -7.2930732986E-05
   33      5.3053606348E-06  -5.1114162432E-06   1.5385702702E-05   1.2839498034E-01   1.2469622674E-01
   34      1.0068259102E-04   2.6501218863E-04  -7.2930732986E-05   1.2469622674E-01   2.8160477379E-01
   35     -6.1268941105E-04   4.4395182920E-04   6.2139505264E-05  -1.5707465805E-04  -2.3062916352E-04
   36     -3.2575688653E-04   5.6938188411E-05  -5.5575248582E-06   1.0265026991E-03  -2.8746842702E-04
   37      4.0470771737E-05  -3.3401101706E-05  -3.4300062654E-06   2.0859380654E-04   8.3957868796E-04
   38      1.5399989111E-04   7.6425583365E-05   2.0038573231E-05  -2.3334431127E-06  -4.3116534761E-06
   39     -2.8368714834E-06   2.6138968242E-05  -4.5512086923E-05   2.6739024840E-05  -9.0094311812E-05
   40     -3.3594490023E-05  -8.2358947721E-06  -7.5023741896E-07  -5.8284583349E-05   2.3507146189E-06
   41      2.2223618381E-05   4.0662571629E-05  -1.4678015078E-05  -9.3534158045E-07  -1.9649118015E-06
   42      1.0333516857E-04  -1.8656098829E-05  -2.7565768517E-04   5.8617730896E-04  -8.4676022422E-04
   43     -6.8548077164E-04  -1.7654219651E-04  -2.7100011377E-04   7.8228452823E-04  -1.3323882969E-03
   44     -5.8063934859E-04   2.8128747585E-04  -3.5439619181E-04  -7.0377011129E-06  -4.7542470476E-06
   45      1.0280903863E-04  -1.9549983620E-06   2.9601839991E-05   3.3777196553E-04   6.0656720997E-05
   46     -8.5095318373E-05  -2.5075109199E-05  -1.6974919550E-05  -1.6473982420E-04   1.7860947202E-05
   47     -7.8520806867E-06   1.8645812379E-05  -1.5455106121E-05  -1.3299726503E-06  -7.0258173923E-07
                   35                 36                 37                 38                 39        
    0     -5.6797323958E-05  -2.2729839443E-04  -5.6520641389E-05  -2.1853451827E-05  -2.1535999705E-04
    1     -1.0108150025E-04   1.4496764418E-03  -6.3379970117E-05  -4.8678719122E-06  -1.5320886888E-03
    2     -4.4516313061E-03   1.8831128452E-05  -3.2714278830E-06   5.6764874841E-04   1.7439400665E-05
    3      8.7425570413E-05  -5.4328416579E-03  -6.8384535187E-04   3.0880033606E-05  -5.2125575882E-03
    4     -1.4611734809E-05  -1.8152105410E-03   2.4898630272E-03  -1.2073293038E-05   1.8113907070E-03
    5      3.4324528016E-03  -8.8389237028E-06   2.7324583050E-07   6.9766226364E-03  -3.6945806868E-06
    6      1.2620374408E-04  -1.0792572077E-02  -1.0213901066E-03   8.1455665572E-06  -8.4789918496E-04
    7      2.3675308979E-04   2.9941239194E-02   2.5484449970E-03  -1.4316092188E-05   8.3346481758E-04
    8     -3.3117557987E-02  -1.6831129393E-05  -2.7818758022E-06   3.3036036645E-04   3.3461478283E-07
    9      5.6428175749E-06  -1.2129252745E-01   1.1351990371E-01  -1.8282815427E-05  -1.2734192445E-03
   10      2.7471643150E-05   1.1331079793E-01  -2.6143097376E-01   1.2060542139E-04   3.1407750228E-03
   11      1.0266055819E-03  -1.9091045887E-05   1.0349741730E-04  -2.8849257267E-02   3.4870865017E-06
   12      3.5449743702E-06   7.0535973292E-03   1.9815695888E-02  -2.6683336925E-05   1.0547219865E-02
   13     -5.9491240289E-06  -1.3008261293E-02  -1.9658778812E-02   2.6251107034E-06   1.3461276654E-02
   14      7.7596328873E-03   7.7018795000E-06   9.9031838666E-06   3.4377088253E-03   2.4672533909E-06
   15      6.2274040195E-06  -5.9193025210E-04  -4.6621986283E-03   4.9447669954E-06  -1.2673342074E-01
   16     -2.8593362000E-06  -3.4422758326E-03  -3.6010294893E-03   5.4123606825E-06  -1.2054672053E-01
   17     -8.9142511221E-04   3.1548553550E-06   2.0898104478E-06   4.9659248050E-03   1.2794258817E-05
   18     -1.4129283326E-06  -9.7823479495E-04  -1.2294417785E-03   5.9076817140E-06  -1.0330637786E-02
   19     -1.4882886628E-05  -8.4724933114E-04   2.7005572997E-04   7.9381627238E-07  -2.8527126181E-02
   20      6.0208420974E-03   1.0758252327E-06   6.3319114156E-06  -5.2379021436E-04  -1.2363723507E-05
   21      3.9785009680E-06   4.0080329801E-03   1.8695675656E-04   6.4379963365E-06   1.3646663879E-03
   22      4.8909172205E-06  -7.6619511811E-04   2.7963561435E-03  -3.3759381973E-06  -6.9999738355E-04
   23      1.8912598751E-04  -5.0222041953E-06  -4.8657343943E-06  -3.8970652596E-03  -3.9344840742E-06
   24      3.3534252430E-05   5.2887912734E-05  -2.6789471037E-06  -4.0123427450E-06  -5.5730753903E-04
   25      4.8460436973E-05  -1.0156266775E-04   1.7321383832E-05   6.8920195200E-06  -5.5809478048E-05
   26      3.0482021863E-04   4.1185466688E-06   1.4499544244E-06  -6.2015958542E-05  -5.6437147722E-07
   27      5.7286029708E-04  -3.6132813370E-04   4.0788144465E-05  -1.5827810299E-04   6.9448769645E-06
   28     -4.0296578177E-04   6.2020396742E-05  -3.1862157055E-05  -7.2713087011E-05   3.1884760571E-05
   29      9.1848483400E-05  -2.0484039197E-06   5.4123892176E-06   1.6259991722E-05   4.5812528709E-05
   30     -6.1268941105E-04  -3.2575688653E-04   4.0470771737E-05   1.5399989111E-04  -2.8368714834E-06
   31      4.4395182920E-04   5.6938188411E-05  -3.3401101706E-05   7.6425583365E-05   2.6138968242E-05
   32      6.2139505264E-05  -5.5575248582E-06  -3.4300062654E-06   2.0038573231E-05  -4.5512086923E-05
   33     -1.5707465805E-04   1.0265026991E-03   2.0859380654E-04  -2.3334431127E-06   2.6739024840E-05
   34     -2.3062916352E-04  -2.8746842702E-04   8.3957868796E-04  -4.3116534761E-06  -9.0094311812E-05
   35      2.3984153722E-02  -2.3784789586E-06  -4.4494883446E-07  -3.6883969499E-03  -7.3541597049E-07
   36     -2.3784789586E-06   1.2774172633E-01  -1.2494405828E-01   2.4531208234E-05   5.1540854357E-04
   37     -4.4494883446E-07  -1.2494405828E-01   2.7810631931E-01  -1.1240114857E-04   9.0609409572E-04
   38     -3.6883969499E-03   2.4531208234E-05  -1.1240114857E-04   2.0996886710E-02  -1.3714724112E-06
