*************************************************
******************* ORCA 6.0.0 ******************
*************************************************
$Calculation_Status
   &GeometryIndex 1
   &ListStatus       OUT
   &VERSION [&Type "String"] "6.0.0"
   &PROGNAME [&Type "String"] "LeanSCF"
   &STATUS [&Type "String"] "NORMAL TERMINATION"
$End
$Geometry
   &GeometryIndex 1
   &ListStatus       OUT
   &NATOMS [&Type "Integer"] 14
   &NCORELESSECP [&Type "Integer"] 0
   &NGHOSTATOMS [&Type "Integer"] 0
   &CartesianCoordinates [&Type "Coordinates", &Dim(14,4), &Units "Bohr"] 
              C     -4.647561917114   -0.000684126403    0.013154867010
              C     -1.818834590953   -0.000391094697   -0.021575472301
              C     -0.435880682467    2.247508346629   -0.014935572576
              C      2.185282778363    2.154380381881    0.006059257182
              N      3.525155991492    0.000662187627    0.018132255981
              C      2.186159599572   -2.153530752696    0.006455039723
              C     -0.435029906219   -2.247691068973   -0.014902258783
              H     -5.406625316671   -1.688211872862   -0.904274659215
              H     -5.332125987369    0.006833778068    1.968979562531
              H     -5.406936716704    1.679907048446   -0.916773763667
              H     -1.395160234644    4.061509450879   -0.030807724604
              H      3.269813795569    3.901338865920    0.010119052212
              H      3.271355136706   -3.900083004198    0.009782079649
              H     -1.393573861522   -4.062072531063   -0.030919678783
$End
$SCF_Energy
   &GeometryIndex 1
   &ListStatus       OUT
   &SCF_ENERGY [&Type "Double"]      -2.8754308165809624e+02
$End
$DFT_Energy
   &GeometryIndex 1
   &ListStatus       OUT
   &NALPHAEL [&Type "Integer"] 25
   &NBETAEL [&Type "Integer"] 25
   &NTOTALEL [&Type "Integer"] 50
   &EEXCHANGE [&Type "Double"]      -4.0351907557866646e+01
   &ECORR [&Type "Double"]      -1.5969290475780420e+00
   &ECNL [&Type "Double"]       0.0000000000000000e+00
   &EXC [&Type "Double"]      -4.1948836605444690e+01
   &EEMBED [&Type "Double"]       0.0000000000000000e+00
   &FINALEN [&Type "Double"]      -2.8754308165809624e+02  "No Van der Waals correction"
$End
$Mulliken_Population_Analysis
   &GeometryIndex 1
   &ListStatus       OUT
   &NATOMS [&Type "Integer"] 14
   &ATNO [&Type "ArrayOfIntegers", &Dim (14,1)] 
                                                         0

0                                                        6
1                                                        6
2                                                        6
3                                                        6
4                                                        7
5                                                        6
6                                                        6
7                                                        1
8                                                        1
9                                                        1
10                                                       1
11                                                       1
12                                                       1
13                                                       1
   &ATOMICCHARGES [&Type "ArrayOfDoubles", &Dim (14,1)] 
                                                         0

0                                     -3.4689009103482160e-01
1                                      9.7983394096211818e-02
2                                     -1.2883687005149014e-01
3                                     -1.3572941534960137e-02
4                                     -2.6399952185996689e-01
5                                     -1.3534267839676595e-02
6                                     -1.2879588757235716e-01
7                                      1.1801016826203770e-01
8                                      1.2826321521364115e-01
9                                      1.1811278533966330e-01
10                                     1.0515738449093615e-01
11                                     1.1148629962236889e-01
12                                     1.1149463477515509e-01
13                                     1.0512169809360183e-01
$End
$Loewdin_Population_Analysis
   &GeometryIndex 1
   &ListStatus       OUT
   &NATOMS [&Type "Integer"] 14
   &ATNO [&Type "ArrayOfIntegers", &Dim (14,1)] 
                                                         0

0                                                        6
1                                                        6
2                                                        6
3                                                        6
4                                                        7
5                                                        6
6                                                        6
7                                                        1
8                                                        1
9                                                        1
10                                                       1
11                                                       1
12                                                       1
13                                                       1
   &ATOMICCHARGES [&Type "ArrayOfDoubles", &Dim (14,1)] 
                                                         0

0                                     -2.4701104621715064e-01
1                                     -1.6230600339628154e-01
2                                     -1.2924797655178377e-01
3                                     -2.0289446104765219e-01
4                                      1.1380710164553509e-01
5                                     -2.0288882207783576e-01
6                                     -1.2928484128818951e-01
7                                      1.2979728520069012e-01
8                                      1.3667362808509065e-01
9                                      1.2985544762211620e-01
10                                     1.4602704931044408e-01
11                                     1.3572909197023375e-01
12                                     1.3572900728441617e-01
13                                     1.4601453946072740e-01
$End
$Mayer_Population_Analysis
   &GeometryIndex 1
   &ListStatus       OUT
   &NATOMS [&Type "Integer"] 14 "Total number of atoms"
   &BONDTHRESH [&Type "Double"]       1.0000000000000001e-01  "The threshold for printing"
   &NBONDORDERSPRINT [&Type "Integer"] 14 "The number of bond orders larger than threshold"
   &BONDORDERS [&Type "ArrayOfDoubles", &Dim (14,1)] "The bond orders"
                                                         0

0                                      9.2742682868830817e-01
1                                      9.8104478647205584e-01
2                                      9.4975160440027173e-01
3                                      9.8085509896130596e-01
4                                      1.3414759400175453e+00
5                                      1.3419938756085779e+00
6                                      1.4056544215934956e+00
7                                      9.6996321198312052e-01
8                                      1.4500404073222120e+00
9                                      9.8100228626787844e-01
10                                     1.4502371531642084e+00
11                                     1.4054646696686905e+00
12                                     9.8098346565911476e-01
13                                     9.6988021790255741e-01
   &COMPONENTS [&Type "ArrayOfIntegers", &Dim (14,4)] "The indices and atomic numbers of the bonding atoms"
                                                         0                           1                           2                           3

0                                                        0                           6                           1                           6
1                                                        0                           6                           7                           1
2                                                        0                           6                           8                           1
3                                                        0                           6                           9                           1
4                                                        1                           6                           2                           6
5                                                        1                           6                           6                           6
6                                                        2                           6                           3                           6
7                                                        2                           6                          10                           1
8                                                        3                           6                           4                           7
9                                                        3                           6                          11                           1
10                                                       4                           7                           5                           6
11                                                       5                           6                           6                           6
12                                                       5                           6                          12                           1
13                                                       6                           6                          13                           1
   &ATNO [&Type "ArrayOfIntegers", &Dim (14,1)] "Atomic number of the elements"
                                                         0

0                                                        6
1                                                        6
2                                                        6
3                                                        6
4                                                        7
5                                                        6
6                                                        6
7                                                        1
8                                                        1
9                                                        1
10                                                       1
11                                                       1
12                                                       1
13                                                       1
   &NA [&Type "ArrayOfDoubles", &Dim (14,1)] "Mulliken gross atomic population"
                                                         0

0                                      6.3468900910347896e+00
1                                      5.9020166059037482e+00
2                                      6.1288368700514875e+00
3                                      6.0135729415349495e+00
4                                      7.2639995218599829e+00
5                                      6.0135342678396366e+00
6                                      6.1287958875723376e+00
7                                      8.8198983173796353e-01
8                                      8.7173678478635741e-01
9                                      8.8188721466033781e-01
10                                     8.9484261550906419e-01
11                                     8.8851370037763033e-01
12                                     8.8850536522484502e-01
13                                     8.9487830190639694e-01
   &ZA [&Type "ArrayOfDoubles", &Dim (14,1)] "Total nuclear charge"
                                                         0

0                                      6.0000000000000000e+00
1                                      6.0000000000000000e+00
2                                      6.0000000000000000e+00
3                                      6.0000000000000000e+00
4                                      7.0000000000000000e+00
5                                      6.0000000000000000e+00
6                                      6.0000000000000000e+00
7                                      1.0000000000000000e+00
8                                      1.0000000000000000e+00
9                                      1.0000000000000000e+00
10                                     1.0000000000000000e+00
11                                     1.0000000000000000e+00
12                                     1.0000000000000000e+00
13                                     1.0000000000000000e+00
   &QA [&Type "ArrayOfDoubles", &Dim (14,1)] "Mulliken gross atomic charge"
                                                         0

0                                     -3.4689009103478963e-01
1                                      9.7983394096251786e-02
2                                     -1.2883687005148747e-01
3                                     -1.3572941534949479e-02
4                                     -2.6399952185998288e-01
5                                     -1.3534267839636627e-02
6                                     -1.2879588757233762e-01
7                                      1.1801016826203647e-01
8                                      1.2826321521364259e-01
9                                      1.1811278533966219e-01
10                                     1.0515738449093581e-01
11                                     1.1148629962236967e-01
12                                     1.1149463477515498e-01
13                                     1.0512169809360306e-01
   &VA [&Type "ArrayOfDoubles", &Dim (14,1)] "Mayer's total valence"
                                                         0

0                                      3.8566401467655540e+00
1                                      3.6907179346952401e+00
2                                      3.7956780936003716e+00
3                                      4.0214379134711518e+00
4                                      3.0235818418750751e+00
5                                      4.0214097452975492e+00
6                                      3.7961307125788419e+00
7                                      9.7904655149111652e-01
8                                      9.7068439627835557e-01
9                                      9.7893577277733024e-01
10                                     9.7669629448358164e-01
11                                     9.8122104310543035e-01
12                                     9.8121872044701464e-01
13                                     9.7670685447937522e-01
   &BVA [&Type "ArrayOfDoubles", &Dim (14,1)] "Mayer's bonded valence"
                                                         0

0                                      3.8566401467655957e+00
1                                      3.6907179346950905e+00
2                                      3.7956780936001699e+00
3                                      4.0214379134711198e+00
4                                      3.0235818418750000e+00
5                                      4.0214097452975723e+00
6                                      3.7961307125788299e+00
7                                      9.7904655149111020e-01
8                                      9.7068439627835579e-01
9                                      9.7893577277732569e-01
10                                     9.7669629448357398e-01
11                                     9.8122104310542424e-01
12                                     9.8121872044699843e-01
13                                     9.7670685447937611e-01
   &FA [&Type "ArrayOfDoubles", &Dim (14,1)] "Mayer's free valence"
                                                         0

0                                      0.0000000000000000e+00
1                                      0.0000000000000000e+00
2                                      0.0000000000000000e+00
3                                      0.0000000000000000e+00
4                                      0.0000000000000000e+00
5                                      0.0000000000000000e+00
6                                      0.0000000000000000e+00
7                                      0.0000000000000000e+00
8                                      0.0000000000000000e+00
9                                      0.0000000000000000e+00
10                                     0.0000000000000000e+00
11                                     0.0000000000000000e+00
12                                     0.0000000000000000e+00
13                                     0.0000000000000000e+00
$End
$VdW_Correction
   &GeometryIndex 1
   &ListStatus       OUT
   &VDW [&Type "Double"]      -4.0826365317436983e-03
$End
$Calculation_Info
   &GeometryIndex 1
   &ListStatus       OUT
   &MULT [&Type "Integer"] 1
   &CHARGE [&Type "Integer"] 0
   &NUMOFATOMS [&Type "Integer"] 14
   &NUMOFELECTRONS [&Type "Integer"] 50
   &NUMOFFCELECTRONS [&Type "Integer"] 1
   &NUMOFCORRELECTRONS [&Type "Integer"] 0
   &NUMOFBASISFUNCTS [&Type "Integer"] 259
   &NUMOFAUXCBASISFUNCTS [&Type "Integer"] 0
   &NUMOFAUXJBASISFUNCTS [&Type "Integer"] 287
   &NUMOFAUXJKBASISFUNCTS [&Type "Integer"] 0
   &NUMOFCABSBASISFUNCTS [&Type "Integer"] 0
   &TOTALENERGY [&Type "Double"]      -2.8754084036862798e+02  "Hartrees"
$End
$SCF_Dipole_Moment
   &GeometryIndex 1
   &ListStatus       OUT
   &METHOD [&Type "String"] "SCF"
   &LEVEL [&Type "String"] "Relaxed density"
   &MULT [&Type "Integer"] 1
   &STATE [&Type "Integer"] -1
   &IRREP [&Type "Integer"] 0
   &NATOMS [&Type "Integer"] 14
   &DODIPOLEATOM [&Type "Boolean"] false
   &DIPOLEELECCONTRIB [&Type "ArrayOfDoubles", &Dim (3,1)] "Electronic contribution"
                                                         0

0                                      5.0899149088875912e+00
1                                      5.2857179441776966e-04
2                                     -3.3854298950773146e-02
   &DIPOLENUCCONTRIB [&Type "ArrayOfDoubles", &Dim (3,1)] "Nuclear contribution"
                                                         0

0                                     -6.1896142249216553e+00
1                                     -5.1839646725682087e-04
2                                      5.0798233487473282e-02
   &DIPOLETOTAL [&Type "ArrayOfDoubles", &Dim (3,1)] "Total"
                                                         0

0                                     -1.0996993160340640e+00
1                                      1.0175327160948794e-05
2                                      1.6943934536700136e-02
   &DIPOLEMAGNITUDE [&Type "Double", &Units "a.u."]       1.0998298426151698e+00
$End
$THERMOCHEMISTRY_Energies
   &GeometryIndex 1
   &ListStatus       OUT
   &TEMPERATURE [&Type "Double"]       2.9814999999999998e+02
   &PRESSURE [&Type "Double"]       1.0000000000000000e+00
   &TOTALMASS [&Type "Double"]       9.3128999999999991e+01
   &SPINDEGENERACY [&Type "Integer"] 1
   &ELENERGY [&Type "Double"]      -2.8754084036862798e+02
   &TRANSENERGY [&Type "Double"]       1.4162714244859817e-03
   &ROTENERGY [&Type "Double"]       1.4162714244859817e-03
   &VIBENERGY [&Type "Double"]       3.1810425206250104e-03
   &NUMOFFREQS [&Type "Integer"] 42
   &FREQSCALINGFACTOR [&Type "Double"]       1.0000000000000000e+00
   &FREQ [&Type "ArrayOfDoubles", &Dim (42,1)] "In cm^-1"
                                                         0

0                                      0.0000000000000000e+00
1                                      0.0000000000000000e+00
2                                      0.0000000000000000e+00
3                                      0.0000000000000000e+00
4                                      0.0000000000000000e+00
5                                      0.0000000000000000e+00
6                                      8.8413238728415507e+01
7                                      2.0485860482568262e+02
8                                      3.4671637692986008e+02
9                                      3.7791016642415161e+02
10                                     4.9381996498698618e+02
11                                     5.2447005422537256e+02
12                                     6.8753172460860003e+02
13                                     7.5334724846118229e+02
14                                     7.9756235257090907e+02
15                                     8.1825333264039921e+02
16                                     8.7618033683609735e+02
17                                     9.6717588444159003e+02
18                                     9.8967291013026249e+02
19                                     1.0035820015617259e+03
20                                     1.0078989454813450e+03
21                                     1.0551197690590700e+03
22                                     1.0887741243906655e+03
23                                     1.1144856593883590e+03
24                                     1.2346850628707227e+03
25                                     1.2491490398661360e+03
26                                     1.2753259140145581e+03
27                                     1.3538815526970745e+03
28                                     1.3993401847245939e+03
29                                     1.4395311781057576e+03
30                                     1.4764620955160108e+03
31                                     1.4800915624214317e+03
32                                     1.5153699386807232e+03
33                                     1.5846174328884890e+03
34                                     1.6330666909254626e+03
35                                     3.0094955429495958e+03
36                                     3.0772663376104147e+03
37                                     3.1109048879355128e+03
38                                     3.1364997206451694e+03
39                                     3.1381209075395473e+03
40                                     3.1634953382624981e+03
41                                     3.1660720199189113e+03
   &ZPE [&Type "Double"]       1.1536446799620755e-01
   &INNERENERGYU [&Type "Double"]      -2.8741946231526219e+02
   &ENTHALPYH [&Type "Double"]      -2.8741851810621995e+02
   &QEL [&Type "Double"]       0.0000000000000000e+00
   &QROT [&Type "Double"]       1.2777688516448064e-02
   &QVIB [&Type "Double"]       5.1171458536244342e-03
   &QTRANS [&Type "Double"]       1.8770425465345273e-02
   &ENTROPYS [&Type "Double"]       3.6665259835417768e-02
   &FREEENERGYG [&Type "Double"]      -2.8745518336605539e+02
   &ISLINEAR [&Type "Boolean"] false
$End
$Hessian
   &GeometryIndex 1
   &ListStatus       OUT
   &HESSIAN [&Type "ArrayOfDoubles", &Dim (42,42)] "The Hessian"
                                                         0                           1                           2                           3                           4                           5                           6                           7

0                                      4.8158506039011784e-01         1.1442354710404284e-04         1.3549518035681338e-02        -2.1506408862936216e-01         1.3924373556586499e-06         1.4772088425252777e-03        -2.4244176209799982e-02        -5.3452618979193678e-03
1                                      1.1442354710404284e-04         5.7976893527107198e-01        -4.8864315874788428e-06        -8.5219717548072214e-05        -8.9746490358898923e-02         3.0235292083583636e-06        -3.0140082114140071e-02         4.2066792908472903e-03
2                                      1.3549518035681338e-02        -4.8864315874788428e-06         5.2448395342990328e-01        -4.2655988733260701e-03        -2.2951819689255668e-06        -7.0806913348504849e-02         1.1620463598413684e-04         8.5521782642240200e-04
3                                     -2.1506408862936216e-01        -8.5219717548072214e-05        -4.2655988733260701e-03         6.5125312219722731e-01        -7.1330384278812421e-05        -1.3202625846482478e-03        -1.7581974801182920e-01        -1.1243969191691408e-01
4                                      1.3924373556586499e-06        -8.9746490358898923e-02        -2.2951819689255668e-06        -7.1330384278812421e-05         6.6001914774340720e-01        -2.9729753121086476e-06        -5.1655760649139716e-02        -2.6762048986835596e-01
5                                      1.4772088425252777e-03         3.0235292083583636e-06        -7.0806913348504849e-02        -1.3202625846482478e-03        -2.9729753121086476e-06         1.8068345643626807e-01        -6.3308903331329015e-04        -6.2120802818663406e-04
6                                     -2.4244176209799982e-02        -3.0140082114140071e-02         1.1620463598413684e-04        -1.7581974801182920e-01        -5.1655760649139716e-02        -6.3308903331329015e-04         6.8400157439145315e-01        -3.5633562908390037e-02
7                                     -5.3452618979193678e-03         4.2066792908472903e-03         8.5521782642240200e-04        -1.1243969191691408e-01        -2.6762048986835596e-01        -6.2120802818663406e-04        -3.5633562908390037e-02         7.1364657749637816e-01
8                                     -1.5383526539234683e-05         1.7620259576848671e-03         5.9900694331742037e-03        -3.8231358269444376e-04         1.0489887344070112e-03        -6.7940889872959709e-02         3.8563086941192865e-03        -2.7108769216206397e-03
9                                      3.2812533263914204e-03        -1.9609432424837589e-03        -1.6741795903260236e-03        -3.0030568323265346e-02        -7.8136668125521003e-02        -1.8078997391451077e-04        -3.2852096508755807e-01         3.0024507130865706e-02
10                                    -2.1603514173837773e-03        -5.3631795592722492e-03        -4.7934626437407587e-04        -3.1882613043125542e-02         4.1447650823618169e-02         5.1938610080628090e-04        -3.5907888389281876e-02        -1.3343261810868864e-01
11                                    -5.6491425673882965e-04         1.2985799949919580e-03         8.3504265905472788e-03         1.8201497311953968e-04        -7.7889023793380901e-04         7.0687791184422862e-03        -1.7284546358989226e-03         2.9947211738109742e-04
12                                    -1.3323209606395615e-03         1.4573212261348622e-05         1.1279814030963657e-03         8.6712916620338108e-03         1.2185274228234477e-05        -2.7037382202155561e-04        -3.0610266614363408e-02         3.5524836695734315e-02
13                                     1.8857951638762484e-05         1.4534051671839777e-04        -3.6523330061215486e-06        -4.5572988963076515e-07        -7.9160842272457219e-02        -2.8768255067058013e-07         9.3954184444017527e-02         2.4054016660052295e-02
14                                     2.8286762916558325e-04        -2.9318578350490511e-08        -4.0562225197010894e-03         1.3403404464012872e-04         4.0082059637249456e-06        -1.0928751022884845e-02        -5.5640046023633133e-04         1.9253002357209165e-04
15                                     3.2422289032894118e-03         1.9307329174067119e-03        -1.6684078795713279e-03        -3.0041599959188130e-02         7.8118697276856788e-02        -1.8565799424088720e-04        -5.1413388021332301e-02        -2.0676930602278178e-02
16                                     2.1441732509295962e-03        -5.3426868824428993e-03         4.8270635917482460e-04         3.1869058415960827e-02         4.1478142513998298e-02        -5.1456709663503684e-04        -3.7477775407021394e-02        -1.5563455043919743e-02
17                                    -5.6351846933700431e-04        -1.2995053806567855e-03         8.3849473727427015e-03         1.8805485787808801e-04         7.7961834401342532e-04         7.0616556240017565e-03        -3.6480980037207050e-04        -2.5428433255187300e-04
18                                    -2.4215708164912038e-02         3.0128787136891926e-02         1.0792409453780480e-04        -1.7594246000509867e-01         5.1711607537293258e-02        -6.3459917402401526e-04         6.1333903108260417e-02         1.6983780587274330e-02
19                                     5.3157971430395218e-03         4.1886119766023243e-03        -8.5101098617357913e-04         1.1253869669636361e-01        -2.6760235710270086e-01         6.2299226722642236e-04        -1.6927200822604078e-02        -5.6783576354979076e-02
20                                    -1.5757619169754508e-05        -1.7605234229311011e-03         6.0331890941038267e-03        -3.8947218641748960e-04        -1.0491722438691084e-03        -6.7920327381958148e-02         1.1393074187503488e-03         4.4958811165813121e-04
21                                    -7.8817901910076871e-02        -7.4052396154679123e-02        -4.3422240331524156e-02        -1.3284417554513112e-02        -2.9293852860929136e-02        -1.5056185615968262e-02        -5.8058799801675078e-03         2.1494491797666051e-03
22                                    -7.6098809599201858e-02        -2.2482036885045720e-01        -9.6848177347059444e-02        -8.9884985436227555e-04        -3.9337810991882990e-04         1.7757450933059472e-03        -5.1163686635472775e-04         6.9475135252149590e-04
23                                    -4.5366693259805961e-02        -9.7105663664771219e-02        -9.7330315072439694e-02         2.9360513088847202e-03         2.4722197045671346e-03        -4.3340906241485632e-04        -8.7934277220150714e-05        -2.4787867523307604e-05
24                                    -6.8004411932601816e-02         2.8278082445407375e-04         7.9795576981540453e-02        -1.5065406959518517e-02         1.3246213645589315e-04         3.2019191692290977e-02        -6.6372824997308752e-04         1.1425424816696268e-03
25                                     2.6749480094334611e-04        -4.2356719094310810e-02        -8.9641037712843107e-04         2.8273795153777774e-05        -7.7335878421957646e-04         1.1656738360230770e-05        -2.0520673877301963e-03        -2.7079483674705043e-04
26                                     7.5786791171156748e-02        -8.9889069949470126e-04        -2.7430081321015387e-01         1.9736241843503165e-03         9.0433353662178434e-06         2.2331425249438519e-03        -4.4245736985209366e-04        -7.1145478696640115e-04
27                                    -7.8806375927299138e-02         7.3756319785388602e-02        -4.4015187788412777e-02        -1.3316841050868160e-02         2.9174627922317592e-02        -1.5258953482395029e-02         1.9391354239118386e-03         1.5044622402253253e-03
28                                     7.5748497631487458e-02        -2.2331187372191852e-01         9.7747947104604785e-02         9.3191076520815139e-04        -4.0084883984926238e-04        -1.7902878437096330e-03        -2.0968542813072956e-03         6.5224351958400543e-04
29                                    -4.5956165359073223e-02         9.8004388729574371e-02        -9.8727467509686362e-02         2.9452438467000627e-03        -2.4824013961108090e-03        -3.9240046687848053e-04         1.3848872803346249e-04         1.1139617186435146e-04
30                                     1.4204706634329423e-03        -6.8579761840530302e-04         3.4384137138765425e-04         1.0328588871744555e-02        -1.4208570349690822e-02         2.2371203430948498e-07        -1.1741245801752459e-01         1.1228251337054976e-01
31                                     1.7727222894788953e-03         1.3040506766573996e-03         4.3384055861784172e-04         1.5458183679727851e-02        -2.0166018095253917e-02         2.9213297457044828e-04         1.1213807206426921e-01        -2.7032460596372171e-01
32                                     5.2932283043054425e-04        -8.0877724562796035e-04        -3.4991077601068806e-03        -6.7327460632762273e-04        -2.6123065506207304e-05         2.8885891645695373e-03        -1.3227221351358941e-03         2.2555226625694275e-03
33                                    -2.3530268306272981e-04        -1.5833298288647026e-03        -1.6381391921023770e-04        -6.0006775743733339e-03         1.8051931125931866e-03         2.3749469300518144e-06        -1.1623790059927978e-02        -2.7927869469106362e-02
34                                     9.4917130258591158e-05         1.5370935892679229e-05         3.9394077758505820e-05         7.7240115867744600e-04         1.5434290427660247e-03        -4.0522380728440503e-05         1.8854128381349047e-03         3.5253170968651288e-03
35                                     1.5799693395049163e-04        -1.1357421443548649e-04        -4.9962497284245606e-04        -3.0745958317505848e-04        -1.2596963857547876e-04         7.8002292760926501e-03        -1.2759641406015593e-04        -6.5260322435525906e-05
36                                    -2.3658031789740210e-04         1.5801339272931056e-03        -1.6408124138775454e-04        -5.9993897976217481e-03        -1.8072702740176887e-03         3.0146702309336005e-06        -4.2199780934379599e-04        -1.2360064726322927e-03
37                                    -9.4973812369249060e-05         1.4844838547945134e-05        -3.9543679362754052e-05        -7.7554281150148639e-04         1.5435579657036447e-03         3.8011281597003757e-05        -2.7255507679232777e-04         1.4287174914438643e-04
38                                     1.5772653259529525e-04         1.1381064989026893e-04        -5.0302184972103310e-04        -3.1097714378415400e-04         1.2563982665740890e-04         7.7966321822657385e-03        -3.6997696219304442e-05        -2.1381051648134944e-05
39                                     1.4278534524200847e-03         6.9924269111248613e-04         3.4491556979854797e-04         1.0312195134632676e-02         1.4215407240059152e-02         1.4559289352315038e-06        -7.3821486180548164e-04         3.7505059756254610e-03
40                                    -1.7781048211528898e-03         1.2974849609626478e-03        -4.3279535265065508e-04        -1.5442941347054359e-02        -2.0168144657838866e-02        -2.9325479493728999e-04         4.5944401618692784e-03        -2.9269169889806282e-03
41                                     5.2854804689077327e-04         8.0903354346636015e-04        -3.5190996773149606e-03        -6.7322276762075224e-04         2.8459405286646250e-05         2.8902068290169829e-03         3.7718100213949281e-05         2.3252250332321764e-04
                                                         8                           9                          10                          11                          12                          13                          14                          15

0                                     -1.5383526539234683e-05         3.2812533263914204e-03        -2.1603514173837773e-03        -5.6491425673882965e-04        -1.3323209606395615e-03         1.8857951638762484e-05         2.8286762916558325e-04         3.2422289032894118e-03
1                                      1.7620259576848671e-03        -1.9609432424837589e-03        -5.3631795592722492e-03         1.2985799949919580e-03         1.4573212261348622e-05         1.4534051671839777e-04        -2.9318578350490511e-08         1.9307329174067119e-03
2                                      5.9900694331742037e-03        -1.6741795903260236e-03        -4.7934626437407587e-04         8.3504265905472788e-03         1.1279814030963657e-03        -3.6523330061215486e-06        -4.0562225197010894e-03        -1.6684078795713279e-03
3                                     -3.8231358269444376e-04        -3.0030568323265346e-02        -3.1882613043125542e-02         1.8201497311953968e-04         8.6712916620338108e-03        -4.5572988963076515e-07         1.3403404464012872e-04        -3.0041599959188130e-02
4                                      1.0489887344070112e-03        -7.8136668125521003e-02         4.1447650823618169e-02        -7.7889023793380901e-04         1.2185274228234477e-05        -7.9160842272457219e-02         4.0082059637249456e-06         7.8118697276856788e-02
5                                     -6.7940889872959709e-02        -1.8078997391451077e-04         5.1938610080628090e-04         7.0687791184422862e-03        -2.7037382202155561e-04        -2.8768255067058013e-07        -1.0928751022884845e-02        -1.8565799424088720e-04
6                                      3.8563086941192865e-03        -3.2852096508755807e-01        -3.5907888389281876e-02        -1.7284546358989226e-03        -3.0610266614363408e-02         9.3954184444017527e-02        -5.5640046023633133e-04        -5.1413388021332301e-02
7                                     -2.7108769216206397e-03         3.0024507130865706e-02        -1.3343261810868864e-01         2.9947211738109742e-04         3.5524836695734315e-02         2.4054016660052295e-02         1.9253002357209165e-04        -2.0676930602278178e-02
8                                      1.2693392089182148e-01        -1.4108660435719553e-03        -5.3776079543919387e-04        -6.7462706839311160e-02        -4.2252222519909780e-04         1.4085449271575299e-03         2.4093871737290093e-02        -9.2969775054012945e-04
9                                     -1.4108660435719553e-03         6.8053103510757751e-01         5.7629266837409543e-02         3.7222620689107665e-03        -1.7896914952825713e-01         7.5571448779485115e-02        -6.9445869454185720e-04         5.4977679409617876e-02
10                                    -5.3776079543919387e-04         5.7629266837409543e-02         7.0753367862999561e-01        -5.9797812188910914e-04         9.5972808118968300e-02        -2.5881747481918937e-01         1.1265333299458205e-03        -2.2981812633454390e-02
11                                    -6.7462706839311160e-02         3.7222620689107665e-03        -5.9797812188910914e-04         1.5829863427535196e-01        -7.4886167271148154e-04         7.7246696482656898e-04        -6.9661312667105874e-02         3.8659651942777554e-04
12                                    -4.2252222519909780e-04        -1.7896914952825713e-01         9.5972808118968300e-02        -7.4886167271148154e-04         3.9914256689640321e-01        -3.3219271911719074e-06         2.2077706041432436e-03        -1.7893010957623517e-01
13                                     1.4085449271575299e-03         7.5571448779485115e-02        -2.5881747481918937e-01         7.7246696482656898e-04        -3.3219271911719074e-06         6.0889314297355746e-01        -3.2297054035677862e-05        -7.5579504107641943e-02
14                                     2.4093871737290093e-02        -6.9445869454185720e-04         1.1265333299458205e-03        -6.9661312667105874e-02         2.2077706041432436e-03        -3.2297054035677862e-05         9.7536746945583966e-02        -6.6326193502279124e-04
15                                    -9.2969775054012945e-04         5.4977679409617876e-02        -2.2981812633454390e-02         3.8659651942777554e-04        -1.7893010957623517e-01        -7.5579504107641943e-02        -6.6326193502279124e-04         6.8052638389269926e-01
16                                    -5.7838515245547473e-04         2.3043129170472475e-02        -9.7837330099383210e-02         3.5617243466883487e-04        -9.5978219682121335e-02        -2.5894786827554084e-01        -1.0931034206790725e-03        -5.7601498906757850e-02
