
$orca_hessian_file

$act_atom
  0

$act_coord
  0

$act_energy
        0.000000

$multiplicity
  1

$hessian
42
                    0                  1                  2                  3                  4        
    0      4.8158506039E-01   1.1442354710E-04   1.3549518036E-02  -2.1506408863E-01   1.3924373557E-06
    1      1.1442354710E-04   5.7976893527E-01  -4.8864315875E-06  -8.5219717548E-05  -8.9746490359E-02
    2      1.3549518036E-02  -4.8864315875E-06   5.2448395343E-01  -4.2655988733E-03  -2.2951819689E-06
    3     -2.1506408863E-01  -8.5219717548E-05  -4.2655988733E-03   6.5125312220E-01  -7.1330384279E-05
    4      1.3924373557E-06  -8.9746490359E-02  -2.2951819689E-06  -7.1330384279E-05   6.6001914774E-01
    5      1.4772088425E-03   3.0235292084E-06  -7.0806913349E-02  -1.3202625846E-03  -2.9729753121E-06
    6     -2.4244176210E-02  -3.0140082114E-02   1.1620463598E-04  -1.7581974801E-01  -5.1655760649E-02
    7     -5.3452618979E-03   4.2066792908E-03   8.5521782642E-04  -1.1243969192E-01  -2.6762048987E-01
    8     -1.5383526539E-05   1.7620259577E-03   5.9900694332E-03  -3.8231358269E-04   1.0489887344E-03
    9      3.2812533264E-03  -1.9609432425E-03  -1.6741795903E-03  -3.0030568323E-02  -7.8136668126E-02
   10     -2.1603514174E-03  -5.3631795593E-03  -4.7934626437E-04  -3.1882613043E-02   4.1447650824E-02
   11     -5.6491425674E-04   1.2985799950E-03   8.3504265905E-03   1.8201497312E-04  -7.7889023793E-04
   12     -1.3323209606E-03   1.4573212261E-05   1.1279814031E-03   8.6712916620E-03   1.2185274228E-05
   13      1.8857951639E-05   1.4534051672E-04  -3.6523330061E-06  -4.5572988963E-07  -7.9160842272E-02
   14      2.8286762917E-04  -2.9318578350E-08  -4.0562225197E-03   1.3403404464E-04   4.0082059637E-06
   15      3.2422289033E-03   1.9307329174E-03  -1.6684078796E-03  -3.0041599959E-02   7.8118697277E-02
   16      2.1441732509E-03  -5.3426868824E-03   4.8270635917E-04   3.1869058416E-02   4.1478142514E-02
   17     -5.6351846934E-04  -1.2995053807E-03   8.3849473727E-03   1.8805485788E-04   7.7961834401E-04
   18     -2.4215708165E-02   3.0128787137E-02   1.0792409454E-04  -1.7594246001E-01   5.1711607537E-02
   19      5.3157971430E-03   4.1886119766E-03  -8.5101098617E-04   1.1253869670E-01  -2.6760235710E-01
   20     -1.5757619170E-05  -1.7605234229E-03   6.0331890941E-03  -3.8947218642E-04  -1.0491722439E-03
   21     -7.8817901910E-02  -7.4052396155E-02  -4.3422240332E-02  -1.3284417555E-02  -2.9293852861E-02
   22     -7.6098809599E-02  -2.2482036885E-01  -9.6848177347E-02  -8.9884985436E-04  -3.9337810992E-04
   23     -4.5366693260E-02  -9.7105663665E-02  -9.7330315072E-02   2.9360513089E-03   2.4722197046E-03
   24     -6.8004411933E-02   2.8278082445E-04   7.9795576982E-02  -1.5065406960E-02   1.3246213646E-04
   25      2.6749480094E-04  -4.2356719094E-02  -8.9641037713E-04   2.8273795154E-05  -7.7335878422E-04
   26      7.5786791171E-02  -8.9889069949E-04  -2.7430081321E-01   1.9736241844E-03   9.0433353662E-06
   27     -7.8806375927E-02   7.3756319785E-02  -4.4015187788E-02  -1.3316841051E-02   2.9174627922E-02
   28      7.5748497631E-02  -2.2331187372E-01   9.7747947105E-02   9.3191076521E-04  -4.0084883985E-04
   29     -4.5956165359E-02   9.8004388730E-02  -9.8727467510E-02   2.9452438467E-03  -2.4824013961E-03
   30      1.4204706634E-03  -6.8579761841E-04   3.4384137139E-04   1.0328588872E-02  -1.4208570350E-02
   31      1.7727222895E-03   1.3040506767E-03   4.3384055862E-04   1.5458183680E-02  -2.0166018095E-02
   32      5.2932283043E-04  -8.0877724563E-04  -3.4991077601E-03  -6.7327460633E-04  -2.6123065506E-05
   33     -2.3530268306E-04  -1.5833298289E-03  -1.6381391921E-04  -6.0006775744E-03   1.8051931126E-03
   34      9.4917130259E-05   1.5370935893E-05   3.9394077759E-05   7.7240115868E-04   1.5434290428E-03
   35      1.5799693395E-04  -1.1357421444E-04  -4.9962497284E-04  -3.0745958318E-04  -1.2596963858E-04
   36     -2.3658031790E-04   1.5801339273E-03  -1.6408124139E-04  -5.9993897976E-03  -1.8072702740E-03
   37     -9.4973812369E-05   1.4844838548E-05  -3.9543679363E-05  -7.7554281150E-04   1.5435579657E-03
   38      1.5772653260E-04   1.1381064989E-04  -5.0302184972E-04  -3.1097714378E-04   1.2563982666E-04
   39      1.4278534524E-03   6.9924269111E-04   3.4491556980E-04   1.0312195135E-02   1.4215407240E-02
   40     -1.7781048212E-03   1.2974849610E-03  -4.3279535265E-04  -1.5442941347E-02  -2.0168144658E-02
   41      5.2854804689E-04   8.0903354347E-04  -3.5190996773E-03  -6.7322276762E-04   2.8459405287E-05
                    5                  6                  7                  8                  9        
    0      1.4772088425E-03  -2.4244176210E-02  -5.3452618979E-03  -1.5383526539E-05   3.2812533264E-03
    1      3.0235292084E-06  -3.0140082114E-02   4.2066792908E-03   1.7620259577E-03  -1.9609432425E-03
    2     -7.0806913349E-02   1.1620463598E-04   8.5521782642E-04   5.9900694332E-03  -1.6741795903E-03
    3     -1.3202625846E-03  -1.7581974801E-01  -1.1243969192E-01  -3.8231358269E-04  -3.0030568323E-02
    4     -2.9729753121E-06  -5.1655760649E-02  -2.6762048987E-01   1.0489887344E-03  -7.8136668126E-02
    5      1.8068345644E-01  -6.3308903331E-04  -6.2120802819E-04  -6.7940889873E-02  -1.8078997391E-04
    6     -6.3308903331E-04   6.8400157439E-01  -3.5633562908E-02   3.8563086941E-03  -3.2852096509E-01
    7     -6.2120802819E-04  -3.5633562908E-02   7.1364657750E-01  -2.7108769216E-03   3.0024507131E-02
    8     -6.7940889873E-02   3.8563086941E-03  -2.7108769216E-03   1.2693392089E-01  -1.4108660436E-03
    9     -1.8078997391E-04  -3.2852096509E-01   3.0024507131E-02  -1.4108660436E-03   6.8053103511E-01
   10      5.1938610081E-04  -3.5907888389E-02  -1.3343261811E-01  -5.3776079544E-04   5.7629266837E-02
   11      7.0687791184E-03  -1.7284546359E-03   2.9947211738E-04  -6.7462706839E-02   3.7222620689E-03
   12     -2.7037382202E-04  -3.0610266614E-02   3.5524836696E-02  -4.2252222520E-04  -1.7896914953E-01
   13     -2.8768255067E-07   9.3954184444E-02   2.4054016660E-02   1.4085449272E-03   7.5571448779E-02
   14     -1.0928751023E-02  -5.5640046024E-04   1.9253002357E-04   2.4093871737E-02  -6.9445869454E-04
   15     -1.8565799424E-04  -5.1413388021E-02  -2.0676930602E-02  -9.2969775054E-04   5.4977679410E-02
   16     -5.1456709664E-04  -3.7477775407E-02  -1.5563455044E-02  -5.7838515246E-04   2.3043129170E-02
   17      7.0616556240E-03  -3.6480980037E-04  -2.5428433255E-04  -1.0208657938E-02   3.8731484429E-04
   18     -6.3459917402E-04   6.1333903108E-02   1.6983780587E-02   1.1353354857E-03  -5.1442556362E-02
   19      6.2299226723E-04  -1.6927200823E-02  -5.6783576355E-02  -4.4971497358E-04   2.0654814174E-02
   20     -6.7920327382E-02   1.1393074188E-03   4.4958811166E-04   8.1003979054E-03  -9.3055640184E-04
   21     -1.5056185616E-02  -5.8058799802E-03   2.1494491798E-03  -2.4799754500E-04  -1.0871538015E-04
   22      1.7757450933E-03  -5.1163686635E-04   6.9475135252E-04  -5.5108856302E-04   3.8014049608E-04
   23     -4.3340906241E-04  -8.7934277220E-05  -2.4787867523E-05   7.7498036051E-04   1.0589833210E-03
   24      3.2019191692E-02  -6.6372824997E-04   1.1425424817E-03  -8.6660122992E-04  -1.2353367597E-04
   25      1.1656738360E-05  -2.0520673877E-03  -2.7079483675E-04  -7.5536922892E-04   1.2365450897E-03
   26      2.2331425249E-03  -4.4245736985E-04  -7.1145478697E-04   4.3750460234E-04   4.8502102633E-04
   27     -1.5258953482E-02   1.9391354239E-03   1.5044622402E-03   7.3314172528E-04  -7.9499429229E-05
   28     -1.7902878437E-03  -2.0968542813E-03   6.5224351958E-04  -5.7919558115E-04   7.1816331040E-04
   29     -3.9240046688E-04   1.3848872803E-04   1.1139617186E-04   4.2086887799E-04  -2.0537279985E-04
   30      2.2371203431E-07  -1.1741245802E-01   1.1228251337E-01  -1.3937512866E-03  -6.9701956915E-03
   31      2.9213297457E-04   1.1213807206E-01  -2.7032460596E-01   1.9916874113E-03  -1.8898845450E-03
   32      2.8885891646E-03  -1.3227221351E-03   2.2555226626E-03  -3.4474253637E-02   8.8010289187E-05
   33      2.3749469301E-06  -1.1623790060E-02  -2.7927869469E-02   5.3588378909E-07  -1.4175548830E-01
   34     -4.0522380728E-05   1.8854128381E-03   3.5253170969E-03   2.0372780227E-05  -1.2536812695E-01
   35      7.8002292761E-03  -1.2759641406E-04  -6.5260322436E-05   6.6496938878E-03  -5.1461729764E-04
   36      3.0146702309E-06  -4.2199780934E-04  -1.2360064726E-03  -5.1475737778E-06   5.5100306486E-04
   37      3.8011281597E-05  -2.7255507679E-04   1.4287174914E-04  -2.2126046489E-05  -3.2254687727E-03
   38      7.7966321823E-03  -3.6997696219E-05  -2.1381051648E-05  -8.8572034269E-04  -4.7830224629E-05
   39      1.4559289352E-06  -7.3821486181E-04   3.7505059756E-03  -3.8606779838E-05  -1.3402991321E-03
   40     -2.9325479494E-04   4.5944401619E-03  -2.9269169890E-03  -3.4098653973E-05   1.1991122341E-03
   41      2.8902068290E-03   3.7718100214E-05   2.3252250332E-04   7.5709209339E-03  -7.5019509280E-05
                   10                 11                 12                 13                 14        
    0     -2.1603514174E-03  -5.6491425674E-04  -1.3323209606E-03   1.8857951639E-05   2.8286762917E-04
    1     -5.3631795593E-03   1.2985799950E-03   1.4573212261E-05   1.4534051672E-04  -2.9318578350E-08
    2     -4.7934626437E-04   8.3504265905E-03   1.1279814031E-03  -3.6523330061E-06  -4.0562225197E-03
    3     -3.1882613043E-02   1.8201497312E-04   8.6712916620E-03  -4.5572988963E-07   1.3403404464E-04
    4      4.1447650824E-02  -7.7889023793E-04   1.2185274228E-05  -7.9160842272E-02   4.0082059637E-06
    5      5.1938610081E-04   7.0687791184E-03  -2.7037382202E-04  -2.8768255067E-07  -1.0928751023E-02
    6     -3.5907888389E-02  -1.7284546359E-03  -3.0610266614E-02   9.3954184444E-02  -5.5640046024E-04
    7     -1.3343261811E-01   2.9947211738E-04   3.5524836696E-02   2.4054016660E-02   1.9253002357E-04
    8     -5.3776079544E-04  -6.7462706839E-02  -4.2252222520E-04   1.4085449272E-03   2.4093871737E-02
    9      5.7629266837E-02   3.7222620689E-03  -1.7896914953E-01   7.5571448779E-02  -6.9445869454E-04
   10      7.0753367863E-01  -5.9797812189E-04   9.5972808119E-02  -2.5881747482E-01   1.1265333299E-03
   11     -5.9797812189E-04   1.5829863428E-01  -7.4886167271E-04   7.7246696483E-04  -6.9661312667E-02
   12      9.5972808119E-02  -7.4886167271E-04   3.9914256690E-01  -3.3219271912E-06   2.2077706041E-03
   13     -2.5881747482E-01   7.7246696483E-04  -3.3219271912E-06   6.0889314297E-01  -3.2297054036E-05
   14      1.1265333299E-03  -6.9661312667E-02   2.2077706041E-03  -3.2297054036E-05   9.7536746946E-02
   15     -2.2981812633E-02   3.8659651943E-04  -1.7893010958E-01  -7.5579504108E-02  -6.6326193502E-04
   16     -9.7837330099E-02   3.5617243467E-04  -9.5978219682E-02  -2.5894786828E-01  -1.0931034207E-03
   17     -3.4986878374E-04   3.7665014872E-03  -7.3611761258E-04  -7.5526030933E-04  -6.9658718194E-02
   18      3.7465424896E-02  -3.6510689184E-04  -3.0556772612E-02  -9.3982840932E-02  -5.5584519900E-04
   19     -1.5537250119E-02   2.5651281482E-04  -3.5548463037E-02   2.3997663266E-02  -1.9599533948E-04
   20      5.8053107114E-04  -1.0215599084E-02  -4.1934575205E-04  -1.4036500128E-03   2.4103144277E-02
   21     -1.7305240603E-03   1.0864318292E-03   6.6148963012E-05   4.6696222299E-04  -3.7746766312E-04
   22     -3.6487723914E-04   3.5626735332E-05   1.2458332175E-04   6.7704910950E-04  -2.8362811247E-04
   23     -2.0409332671E-04   1.6583711359E-04  -1.7493880006E-04   6.1064519054E-04   2.7535316961E-05
   24      2.6742229972E-04  -1.9092864262E-03  -3.5940457628E-04   1.0715317104E-06   8.3202241499E-04
   25     -7.2147588328E-04  -4.4581680640E-04  -2.6729715347E-06   1.2912898909E-03  -3.1971215458E-06
   26     -1.3603053901E-05   1.3235729086E-04  -3.5843005663E-04   3.4661357992E-06  -2.4492079266E-04
   27      2.3441156550E-04   5.5751453231E-04   6.2839958096E-05  -4.6156314963E-04  -3.8267013904E-04
   28     -6.8333013537E-05  -6.2831437896E-04  -1.3057791784E-04   6.7983541360E-04   2.8656830863E-04
   29      4.3697430085E-05  -8.0484733772E-05  -1.7418742248E-04  -6.1365188290E-04   2.6911847712E-05
   30      3.1074841123E-02  -1.6180028549E-05  -7.4358283325E-03   5.0835519776E-04  -1.9361690562E-04
   31      1.5097876002E-03  -6.8283056990E-05   5.6178092774E-04   2.2319347349E-03   8.6557784174E-05
   32      2.8161753327E-04   3.1032298130E-04  -1.8216739430E-04   1.0001522963E-04   8.4057411215E-03
   33     -1.2521170864E-01  -5.2884504747E-04   1.3840424730E-02   1.8017641471E-02   8.8770847821E-05
   34     -2.3638848409E-01  -4.3530274064E-04  -7.4578676718E-03  -3.3635048576E-02   1.5254843913E-05
   35     -3.8772489577E-04  -4.0884484828E-02   1.6009954882E-04   1.1504698725E-04  -4.0224994928E-03
   36     -4.8421294037E-03  -7.7751900373E-05   1.3846220329E-02  -1.7999262469E-02   8.4850441895E-05
   37     -2.3437621368E-03  -5.3376444175E-05   7.4753016945E-03  -3.3641245686E-02  -1.5820542809E-05
   38     -6.6791927809E-05   1.0717603963E-02   1.5991796011E-04  -1.0218224350E-04  -4.0257610287E-03
   39      2.1968171596E-03  -3.3200772614E-06  -7.4356403379E-03  -5.1179357108E-04  -1.9488336581E-04
   40      3.8366801357E-04   6.8617701915E-07  -5.6472574900E-04   2.2322070638E-03  -8.7329443364E-05
   41      7.3846252343E-05  -5.0587466822E-04  -1.8053637841E-04  -9.9256060355E-05   8.4042344709E-03
                   15                 16                 17                 18                 19        
    0      3.2422289033E-03   2.1441732509E-03  -5.6351846934E-04  -2.4215708165E-02   5.3157971430E-03
    1      1.9307329174E-03  -5.3426868824E-03  -1.2995053807E-03   3.0128787137E-02   4.1886119766E-03
    2     -1.6684078796E-03   4.8270635917E-04   8.3849473727E-03   1.0792409454E-04  -8.5101098617E-04
    3     -3.0041599959E-02   3.1869058416E-02   1.8805485788E-04  -1.7594246001E-01   1.1253869670E-01
    4      7.8118697277E-02   4.1478142514E-02   7.7961834401E-04   5.1711607537E-02  -2.6760235710E-01
    5     -1.8565799424E-04  -5.1456709664E-04   7.0616556240E-03  -6.3459917402E-04   6.2299226723E-04
    6     -5.1413388021E-02  -3.7477775407E-02  -3.6480980037E-04   6.1333903108E-02  -1.6927200823E-02
    7     -2.0676930602E-02  -1.5563455044E-02  -2.5428433255E-04   1.6983780587E-02  -5.6783576355E-02
    8     -9.2969775054E-04  -5.7838515246E-04  -1.0208657938E-02   1.1353354857E-03  -4.4971497358E-04
    9      5.4977679410E-02   2.3043129170E-02   3.8731484429E-04  -5.1442556362E-02   2.0654814174E-02
   10     -2.2981812633E-02  -9.7837330099E-02  -3.4986878374E-04   3.7465424896E-02  -1.5537250119E-02
   11      3.8659651943E-04   3.5617243467E-04   3.7665014872E-03  -3.6510689184E-04   2.5651281482E-04
   12     -1.7893010958E-01  -9.5978219682E-02  -7.3611761258E-04  -3.0556772612E-02  -3.5548463037E-02
   13     -7.5579504108E-02  -2.5894786828E-01  -7.5526030933E-04  -9.3982840932E-02   2.3997663266E-02
   14     -6.6326193502E-04  -1.0931034207E-03  -6.9658718194E-02  -5.5584519900E-04  -1.9599533948E-04
   15      6.8052638389E-01  -5.7601498907E-02   3.6821586349E-03  -3.2843134562E-01  -3.0095946070E-02
   16     -5.7601498907E-02   7.0754574659E-01   6.5716500924E-04   3.5837026713E-02  -1.3343062992E-01
   17      3.6821586349E-03   6.5716500924E-04   1.5830458030E-01  -1.7544940075E-03  -3.0824822789E-04
   18     -3.2843134562E-01   3.5837026713E-02  -1.7544940075E-03   6.8388702066E-01   3.5598347917E-02
   19     -3.0095946070E-02  -1.3343062992E-01  -3.0824822789E-04   3.5598347917E-02   7.1374854524E-01
   20     -1.4500332060E-03   5.3126345317E-04  -6.7480773045E-02   3.9033779766E-03   2.7299062116E-03
   21     -8.2660651932E-05  -2.3147828138E-04   5.4790213611E-04   1.9476682787E-03  -1.5122817305E-03
   22     -7.0615280323E-04  -6.4731951916E-05   6.2439117849E-04   2.0944078646E-03   6.6299986243E-04
   23     -2.0289075759E-04  -4.4297393395E-05  -8.4686667694E-05   1.3702603068E-04  -1.0859528772E-04
   24     -1.2983804528E-04  -2.6114753655E-04  -1.9140442058E-03  -6.9330522325E-04  -1.1521128202E-03
   25     -1.2268049370E-03  -7.2442309324E-04   4.5421081681E-04   2.0400272866E-03  -2.6527661291E-04
   26      4.7850013587E-04   1.3098303558E-05   1.2651337007E-04  -4.4063890671E-04   7.1264876111E-04
   27     -1.1372874289E-04   1.7171965483E-03   1.1007025355E-03  -5.7772144375E-03  -2.1499549166E-03
   28     -3.7345116966E-04  -3.6620067617E-04  -3.9902426203E-05   5.1749875950E-04   6.9034544575E-04
   29      1.0621975896E-03   2.0490059507E-04   1.5655260616E-04  -8.6436733059E-05   2.1097007628E-05
   30     -1.3394120720E-03  -2.1980794577E-03  -2.7629351300E-06  -7.3640425480E-04  -3.7490657215E-03
   31     -1.1991309270E-03   3.8325197831E-04  -1.1701838692E-06  -4.5943272062E-03  -2.9287975241E-03
   32     -7.4271093718E-05  -7.3488192150E-05  -5.0531498974E-04   3.8846611853E-05  -2.3307353783E-04
   33      5.4754762139E-04   4.8432222372E-03  -8.0387274522E-05  -4.2259695537E-04   1.2355774104E-03
   34      3.2267564877E-03  -2.3413053482E-03   5.0081440322E-05   2.7271675177E-04   1.4364901027E-04
   35     -5.4409798013E-05   6.6941156367E-05   1.0712954113E-02  -3.4157012989E-05   1.9940407118E-05
   36     -1.4185363263E-01   1.2524630678E-01  -4.8290632422E-04  -1.1631840139E-02   2.7922474504E-02
   37      1.2540281340E-01  -2.3628812673E-01   3.6179721216E-04  -1.8913759798E-03   3.5353017512E-03
   38     -4.5556153375E-04   2.9033986107E-04  -4.0883522796E-02  -1.3423972164E-04   6.9974102891E-05
   39     -6.9581245112E-03  -3.1075654251E-02  -1.5404254321E-05  -1.1731838827E-01  -1.1223285550E-01
   40      1.8859724829E-03   1.4996169372E-03   6.9441075081E-05  -1.1207890856E-01  -2.7041922892E-01
   41      8.3050943693E-05  -2.8721134887E-04   3.0796876012E-04  -1.3295971085E-03  -2.2734799018E-03
                   20                 21                 22                 23                 24        
    0     -1.5757619170E-05  -7.8817901910E-02  -7.6098809599E-02  -4.5366693260E-02  -6.8004411933E-02
    1     -1.7605234229E-03  -7.4052396155E-02  -2.2482036885E-01  -9.7105663665E-02   2.8278082445E-04
    2      6.0331890941E-03  -4.3422240332E-02  -9.6848177347E-02  -9.7330315072E-02   7.9795576982E-02
    3     -3.8947218642E-04  -1.3284417555E-02  -8.9884985436E-04   2.9360513089E-03  -1.5065406960E-02
    4     -1.0491722439E-03  -2.9293852861E-02  -3.9337810992E-04   2.4722197046E-03   1.3246213646E-04
    5     -6.7920327382E-02  -1.5056185616E-02   1.7757450933E-03  -4.3340906241E-04   3.2019191692E-02
    6      1.1393074188E-03  -5.8058799802E-03  -5.1163686635E-04  -8.7934277220E-05  -6.6372824997E-04
    7      4.4958811166E-04   2.1494491798E-03   6.9475135252E-04  -2.4787867523E-05   1.1425424817E-03
    8      8.1003979054E-03  -2.4799754500E-04  -5.5108856302E-04   7.7498036051E-04  -8.6660122992E-04
    9     -9.3055640184E-04  -1.0871538015E-04   3.8014049608E-04   1.0589833210E-03  -1.2353367597E-04
   10      5.8053107114E-04  -1.7305240603E-03  -3.6487723914E-04  -2.0409332671E-04   2.6742229972E-04
   11     -1.0215599084E-02   1.0864318292E-03   3.5626735332E-05   1.6583711359E-04  -1.9092864262E-03
   12     -4.1934575205E-04   6.6148963012E-05   1.2458332175E-04  -1.7493880006E-04  -3.5940457628E-04
   13     -1.4036500128E-03   4.6696222299E-04   6.7704910950E-04   6.1064519054E-04   1.0715317104E-06
   14      2.4103144277E-02  -3.7746766312E-04  -2.8362811247E-04   2.7535316961E-05   8.3202241499E-04
   15     -1.4500332060E-03  -8.2660651932E-05  -7.0615280323E-04  -2.0289075759E-04  -1.2983804528E-04
   16      5.3126345317E-04  -2.3147828138E-04  -6.4731951916E-05  -4.4297393395E-05  -2.6114753655E-04
   17     -6.7480773045E-02   5.4790213611E-04   6.2439117849E-04  -8.4686667694E-05  -1.9140442058E-03
   18      3.9033779766E-03   1.9476682787E-03   2.0944078646E-03   1.3702603068E-04  -6.9330522325E-04
   19      2.7299062116E-03  -1.5122817305E-03   6.6299986243E-04  -1.0859528772E-04  -1.1521128202E-03
   20      1.2692981332E-01   7.2541078534E-04   5.7731429981E-04   4.0697808003E-04  -8.6050456136E-04
   21      7.2541078534E-04   8.9467639317E-02   8.4466034871E-02   4.6488991080E-02   3.3246478388E-03
   22      5.7731429981E-04   8.4466034871E-02   2.4064819895E-01   1.0692637442E-01   7.0315846787E-04
   23      4.0697808003E-04   4.6488991080E-02   1.0692637442E-01   1.0257629681E-01  -1.1392420982E-02
   24     -8.6050456136E-04   3.3246478388E-03   7.0315846787E-04  -1.1392420982E-02   7.8533659482E-02
   25      7.6023638229E-04   9.1434755333E-03   3.0195688706E-04  -2.5559401781E-02  -3.2645528584E-04
   26      4.1914381641E-04   4.1293613340E-03   1.0627077760E-03  -1.3004894610E-02  -8.6082403007E-02
   27     -2.4780821582E-04   3.7864320412E-03  -9.3837335082E-03   6.9198467169E-03   3.3277856181E-03
   28      5.4892053807E-04   9.4379692305E-03  -1.7924082206E-02   1.2833261675E-02  -7.8561610385E-04
   29      7.5263376495E-04   6.8537586788E-03  -1.2646216911E-02   7.0621639254E-03  -1.1388585449E-02
   30     -3.7784330441E-05   2.8159006213E-05   1.6774557649E-04  -1.7334032192E-06   3.6051429002E-05
   31      3.3693375325E-05   2.3681016290E-06   4.0308456732E-04  -1.3297908931E-04  -3.0833044362E-04
   32      7.5734254569E-03  -2.5334075349E-04  -7.2790237059E-05  -5.2803163750E-05   7.0266710605E-04
   33     -5.2707443873E-06  -5.2991983014E-04  -9.1183510543E-05   4.4753683925E-05  -1.0723957664E-04
   34      2.2351737168E-05   6.7655244677E-06   6.1410971683E-06   1.3782577400E-05  -5.9002215611E-05
   35     -8.8423274335E-04  -4.1096052630E-05  -1.1315995374E-05  -1.2594649264E-04   1.6873800075E-04
   36      8.2577115262E-06   7.0180741925E-05  -5.5010204576E-05  -2.4184578889E-05  -1.0996701322E-04
   37     -2.2955958441E-05   3.6479282883E-05   2.7997595519E-06   1.3468195274E-05   5.8842234893E-05
   38      6.6528348680E-03  -4.7311247059E-05  -3.0133690242E-05  -2.0492751561E-05   1.6843621954E-04
   39     -1.4072163188E-03  -6.1380880301E-05  -1.9063198204E-04  -3.4328124635E-04   3.4690884664E-05
   40     -2.0104568603E-03   1.1109668722E-03   1.7045677090E-04   2.7937049650E-04   3.0391763125E-04
   41     -3.4470628325E-02  -3.7779147191E-04  -5.2811248749E-04   3.8756217602E-05   7.0259862263E-04
                   25                 26                 27                 28                 29        
    0      2.6749480094E-04   7.5786791171E-02  -7.8806375927E-02   7.5748497631E-02  -4.5956165359E-02
    1     -4.2356719094E-02  -8.9889069949E-04   7.3756319785E-02  -2.2331187372E-01   9.8004388730E-02
    2     -8.9641037713E-04  -2.7430081321E-01  -4.4015187788E-02   9.7747947105E-02  -9.8727467510E-02
    3      2.8273795154E-05   1.9736241844E-03  -1.3316841051E-02   9.3191076521E-04   2.9452438467E-03
    4     -7.7335878422E-04   9.0433353662E-06   2.9174627922E-02  -4.0084883985E-04  -2.4824013961E-03
    5      1.1656738360E-05   2.2331425249E-03  -1.5258953482E-02  -1.7902878437E-03  -3.9240046688E-04
    6     -2.0520673877E-03  -4.4245736985E-04   1.9391354239E-03  -2.0968542813E-03   1.3848872803E-04
    7     -2.7079483675E-04  -7.1145478697E-04   1.5044622402E-03   6.5224351958E-04   1.1139617186E-04
    8     -7.5536922892E-04   4.3750460234E-04   7.3314172528E-04  -5.7919558115E-04   4.2086887799E-04
    9      1.2365450897E-03   4.8502102633E-04  -7.9499429229E-05   7.1816331040E-04  -2.0537279985E-04
   10     -7.2147588328E-04  -1.3603053901E-05   2.3441156550E-04  -6.8333013537E-05   4.3697430085E-05
   11     -4.4581680640E-04   1.3235729086E-04   5.5751453231E-04  -6.2831437896E-04  -8.0484733772E-05
   12     -2.6729715347E-06  -3.5843005663E-04   6.2839958096E-05  -1.3057791784E-04  -1.7418742248E-04
   13      1.2912898909E-03   3.4661357992E-06  -4.6156314963E-04   6.7983541360E-04  -6.1365188290E-04
   14     -3.1971215458E-06  -2.4492079266E-04  -3.8267013904E-04   2.8656830863E-04   2.6911847712E-05
   15     -1.2268049370E-03   4.7850013587E-04  -1.1372874289E-04  -3.7345116966E-04   1.0621975896E-03
   16     -7.2442309324E-04   1.3098303558E-05   1.7171965483E-03  -3.6620067617E-04   2.0490059507E-04
   17      4.5421081681E-04   1.2651337007E-04   1.1007025355E-03  -3.9902426203E-05   1.5655260616E-04
   18      2.0400272866E-03  -4.4063890671E-04  -5.7772144375E-03   5.1749875950E-04  -8.6436733059E-05
   19     -2.6527661291E-04   7.1264876111E-04  -2.1499549166E-03   6.9034544575E-04   2.1097007628E-05
   20      7.6023638229E-04   4.1914381641E-04  -2.4780821582E-04   5.4892053807E-04   7.5263376495E-04
   21      9.1434755333E-03   4.1293613340E-03   3.7864320412E-03   9.4379692305E-03   6.8537586788E-03
   22      3.0195688706E-04   1.0627077760E-03  -9.3837335082E-03  -1.7924082206E-02  -1.2646216911E-02
   23     -2.5559401781E-02  -1.3004894610E-02   6.9198467169E-03   1.2833261675E-02   7.0621639254E-03
   24     -3.2645528584E-04  -8.6082403007E-02   3.3277856181E-03  -7.8561610385E-04  -1.1388585449E-02
   25      4.3301774610E-02   9.7611184865E-04  -9.1091883536E-03   4.8424704707E-04   2.5465472643E-02
   26      9.7611184865E-04   2.9791254645E-01   4.2019381763E-03  -1.1551029383E-03  -1.3209471421E-02
   27     -9.1091883536E-03   4.2019381763E-03   8.9465310892E-02  -8.4132547499E-02   4.7129510302E-02
   28      4.8424704707E-04  -1.1551029383E-03  -8.4132547499E-02   2.3898590347E-01  -1.0790294957E-01
   29      2.5465472643E-02  -1.3209471421E-02   4.7129510302E-02  -1.0790294957E-01   1.0414855495E-01
   30     -6.4379915937E-05   1.0556538565E-04  -5.7736370245E-05   1.8687354668E-04  -3.4531686857E-04
   31     -1.2889411209E-04  -4.4792151292E-05  -1.1057323697E-03   1.6608522402E-04  -2.8215883205E-04
   32      2.7511380637E-04  -2.8571561262E-04  -3.8232015776E-04   5.3150468579E-04   3.2957564819E-05
   33     -9.2923546520E-06   4.2579051799E-05   6.9871417031E-05   5.4803103087E-05  -2.4494871284E-05
   34     -7.6181314198E-06  -4.8163863392E-06  -3.6712338958E-05   2.5592679983E-06  -1.3558591560E-05
   35      9.3580621602E-05   3.2318446601E-05  -4.8400953340E-05   3.0381436115E-05  -2.0137291151E-05
   36      1.0620531249E-05   4.2366443802E-05  -5.2804453332E-04   9.1292667170E-05   4.4671677803E-05
   37     -7.5721763428E-06   5.0463077026E-06  -6.5126590775E-06   6.0871611952E-06  -1.3905512550E-05
   38     -9.4482669781E-05   3.3025527845E-05  -4.1931204576E-05   1.2241674387E-05  -1.2307830505E-04
   39      6.4890966899E-05   1.0279725474E-04   2.8065141499E-05  -1.6706968706E-04  -1.4100233792E-06
   40     -1.2313571080E-04   4.7950038258E-05  -1.9656214606E-06   4.0403190443E-04   1.3209322644E-04
   41     -2.8311736238E-04  -2.8073637835E-04  -2.5728334362E-04   7.6724217660E-05  -4.7603804829E-05
                   30                 31                 32                 33                 34        
    0      1.4204706634E-03   1.7727222895E-03   5.2932283043E-04  -2.3530268306E-04   9.4917130259E-05
    1     -6.8579761841E-04   1.3040506767E-03  -8.0877724563E-04  -1.5833298289E-03   1.5370935893E-05
    2      3.4384137139E-04   4.3384055862E-04  -3.4991077601E-03  -1.6381391921E-04   3.9394077759E-05
    3      1.0328588872E-02   1.5458183680E-02  -6.7327460633E-04  -6.0006775744E-03   7.7240115868E-04
    4     -1.4208570350E-02  -2.0166018095E-02  -2.6123065506E-05   1.8051931126E-03   1.5434290428E-03
    5      2.2371203431E-07   2.9213297457E-04   2.8885891646E-03   2.3749469301E-06  -4.0522380728E-05
    6     -1.1741245802E-01   1.1213807206E-01  -1.3227221351E-03  -1.1623790060E-02   1.8854128381E-03
    7      1.1228251337E-01  -2.7032460596E-01   2.2555226626E-03  -2.7927869469E-02   3.5253170969E-03
    8     -1.3937512866E-03   1.9916874113E-03  -3.4474253637E-02   5.3588378909E-07   2.0372780227E-05
    9     -6.9701956915E-03  -1.8898845450E-03   8.8010289187E-05  -1.4175548830E-01  -1.2536812695E-01
   10      3.1074841123E-02   1.5097876002E-03   2.8161753327E-04  -1.2521170864E-01  -2.3638848409E-01
   11     -1.6180028549E-05  -6.8283056990E-05   3.1032298130E-04  -5.2884504747E-04  -4.3530274064E-04
   12     -7.4358283325E-03   5.6178092774E-04  -1.8216739430E-04   1.3840424730E-02  -7.4578676718E-03
   13      5.0835519776E-04   2.2319347349E-03   1.0001522963E-04   1.8017641471E-02  -3.3635048576E-02
   14     -1.9361690562E-04   8.6557784174E-05   8.4057411215E-03   8.8770847821E-05   1.5254843913E-05
   15     -1.3394120720E-03  -1.1991309270E-03  -7.4271093718E-05   5.4754762139E-04   3.2267564877E-03
   16     -2.1980794577E-03   3.8325197831E-04  -7.3488192150E-05   4.8432222372E-03  -2.3413053482E-03
   17     -2.7629351300E-06  -1.1701838692E-06  -5.0531498974E-04  -8.0387274522E-05   5.0081440322E-05
   18     -7.3640425480E-04  -4.5943272062E-03   3.8846611853E-05  -4.2259695537E-04   2.7271675177E-04
   19     -3.7490657215E-03  -2.9287975241E-03  -2.3307353783E-04   1.2355774104E-03   1.4364901027E-04
   20     -3.7784330441E-05   3.3693375325E-05   7.5734254569E-03  -5.2707443873E-06   2.2351737168E-05
   21      2.8159006213E-05   2.3681016290E-06  -2.5334075349E-04  -5.2991983014E-04   6.7655244677E-06
   22      1.6774557649E-04   4.0308456732E-04  -7.2790237059E-05  -9.1183510543E-05   6.1410971683E-06
   23     -1.7334032192E-06  -1.3297908931E-04  -5.2803163750E-05   4.4753683925E-05   1.3782577400E-05
   24      3.6051429002E-05  -3.0833044362E-04   7.0266710605E-04  -1.0723957664E-04  -5.9002215611E-05
   25     -6.4379915937E-05  -1.2889411209E-04   2.7511380637E-04  -9.2923546520E-06  -7.6181314198E-06
   26      1.0556538565E-04  -4.4792151292E-05  -2.8571561262E-04   4.2579051799E-05  -4.8163863392E-06
   27     -5.7736370245E-05  -1.1057323697E-03  -3.8232015776E-04   6.9871417031E-05  -3.6712338958E-05
   28      1.8687354668E-04   1.6608522402E-04   5.3150468579E-04   5.4803103087E-05   2.5592679983E-06
   29     -3.4531686857E-04  -2.8215883205E-04   3.2957564819E-05  -2.4494871284E-05  -1.3558591560E-05
   30      1.2085296030E-01  -1.2224992225E-01   1.4551507134E-03   6.0876136576E-04  -4.4438569639E-04
   31     -1.2224992225E-01   2.8813402484E-01  -2.2465518939E-03   4.0205542378E-04   4.5377639691E-04
   32      1.4551507134E-03  -2.2465518939E-03   2.4335245765E-02   2.4339988429E-05  -8.3566392088E-06
   33      6.0876136576E-04   4.0205542378E-04   2.4339988429E-05   1.4513946937E-01   1.2798171045E-01
   34     -4.4438569639E-04   4.5377639691E-04  -8.3566392088E-06   1.2798171045E-01   2.6762311493E-01
   35      4.0369608978E-05  -2.7901028025E-05  -3.2121569551E-03   5.8216282033E-04   3.6853206528E-04
   36      1.0335044375E-04   1.1323879084E-04   1.0502776873E-05   3.6565977489E-04  -6.5279766348E-04
   37      2.7874420673E-04   4.2355147316E-06   9.0818925204E-06   6.5328471323E-04  -9.4497050114E-04
   38      9.1305964945E-06  -1.7924530616E-05  -1.8967167338E-03   7.3921920932E-06  -1.4690921660E-05
   39      5.7369265754E-04   9.1499099706E-04   3.7929219631E-05   1.0328069800E-04  -2.7868520484E-04
   40     -9.1495654584E-04  -1.0419158414E-03   1.3364809564E-05  -1.1320671585E-04   4.0688702621E-06
   41      3.8190975107E-05  -1.3211146381E-05   3.7978679832E-04   1.0940099991E-05  -8.7741095445E-06
                   35                 36                 37                 38                 39        
    0      1.5799693395E-04  -2.3658031790E-04  -9.4973812369E-05   1.5772653260E-04   1.4278534524E-03
    1     -1.1357421444E-04   1.5801339273E-03   1.4844838548E-05   1.1381064989E-04   6.9924269111E-04
    2     -4.9962497284E-04  -1.6408124139E-04  -3.9543679363E-05  -5.0302184972E-04   3.4491556980E-04
    3     -3.0745958318E-04  -5.9993897976E-03  -7.7554281150E-04  -3.1097714378E-04   1.0312195135E-02
    4     -1.2596963858E-04  -1.8072702740E-03   1.5435579657E-03   1.2563982666E-04   1.4215407240E-02
    5      7.8002292761E-03   3.0146702309E-06   3.8011281597E-05   7.7966321823E-03   1.4559289352E-06
    6     -1.2759641406E-04  -4.2199780934E-04  -2.7255507679E-04  -3.6997696219E-05  -7.3821486181E-04
    7     -6.5260322436E-05  -1.2360064726E-03   1.4287174914E-04  -2.1381051648E-05   3.7505059756E-03
    8      6.6496938878E-03  -5.1475737778E-06  -2.2126046489E-05  -8.8572034269E-04  -3.8606779838E-05
    9     -5.1461729764E-04   5.5100306486E-04  -3.2254687727E-03  -4.7830224629E-05  -1.3402991321E-03
   10     -3.8772489577E-04  -4.8421294037E-03  -2.3437621368E-03  -6.6791927809E-05   2.1968171596E-03
   11     -4.0884484828E-02  -7.7751900373E-05  -5.3376444175E-05   1.0717603963E-02  -3.3200772614E-06
   12      1.6009954882E-04   1.3846220329E-02   7.4753016945E-03   1.5991796011E-04  -7.4356403379E-03
   13      1.1504698725E-04  -1.7999262469E-02  -3.3641245686E-02  -1.0218224350E-04  -5.1179357108E-04
   14     -4.0224994928E-03   8.4850441895E-05  -1.5820542809E-05  -4.0257610287E-03  -1.9488336581E-04
   15     -5.4409798013E-05  -1.4185363263E-01   1.2540281340E-01  -4.5556153375E-04  -6.9581245112E-03
   16      6.6941156367E-05   1.2524630678E-01  -2.3628812673E-01   2.9033986107E-04  -3.1075654251E-02
   17      1.0712954113E-02  -4.8290632422E-04   3.6179721216E-04  -4.0883522796E-02  -1.5404254321E-05
   18     -3.4157012989E-05  -1.1631840139E-02  -1.8913759798E-03  -1.3423972164E-04  -1.1731838827E-01
   19      1.9940407118E-05   2.7922474504E-02   3.5353017512E-03   6.9974102891E-05  -1.1223285550E-01
   20     -8.8423274335E-04   8.2577115262E-06  -2.2955958441E-05   6.6528348680E-03  -1.4072163188E-03
   21     -4.1096052630E-05   7.0180741925E-05   3.6479282883E-05  -4.7311247059E-05  -6.1380880301E-05
   22     -1.1315995374E-05  -5.5010204576E-05   2.7997595519E-06  -3.0133690242E-05  -1.9063198204E-04
   23     -1.2594649264E-04  -2.4184578889E-05   1.3468195274E-05  -2.0492751561E-05  -3.4328124635E-04
   24      1.6873800075E-04  -1.0996701322E-04   5.8842234893E-05   1.6843621954E-04   3.4690884664E-05
   25      9.3580621602E-05   1.0620531249E-05  -7.5721763428E-06  -9.4482669781E-05   6.4890966899E-05
   26      3.2318446601E-05   4.2366443802E-05   5.0463077026E-06   3.3025527845E-05   1.0279725474E-04
   27     -4.8400953340E-05  -5.2804453332E-04  -6.5126590775E-06  -4.1931204576E-05   2.8065141499E-05
   28      3.0381436115E-05   9.1292667170E-05   6.0871611952E-06   1.2241674387E-05  -1.6706968706E-04
   29     -2.0137291151E-05   4.4671677803E-05  -1.3905512550E-05  -1.2307830505E-04  -1.4100233792E-06
   30      4.0369608978E-05   1.0335044375E-04   2.7874420673E-04   9.1305964945E-06   5.7369265754E-04
   31     -2.7901028025E-05   1.1323879084E-04   4.2355147316E-06  -1.7924530616E-05   9.1499099706E-04
   32     -3.2121569551E-03   1.0502776873E-05   9.0818925204E-06  -1.8967167338E-03   3.7929219631E-05
   33      5.8216282033E-04   3.6565977489E-04   6.5328471323E-04   7.3921920932E-06   1.0328069800E-04
   34      3.6853206528E-04  -6.5279766348E-04  -9.4497050114E-04  -1.4690921660E-05  -2.7868520484E-04
   35      2.5846680201E-02   7.8300737582E-06   1.5464793373E-05   5.0296714077E-04   9.5024670103E-06
   36      7.8300737582E-06   1.4523656365E-01  -1.2802645653E-01   5.3014388516E-04   6.0847423535E-04
   37      1.5464793373E-05  -1.2802645653E-01   2.6752254044E-01  -2.8880878934E-04   4.4435126848E-04
   38      5.0296714077E-04   5.3014388516E-04  -2.8880878934E-04   2.5845695094E-02   4.1147770213E-05
   39      9.5024670103E-06   6.0847423535E-04   4.4435126848E-04   4.1147770213E-05   1.2076379579E-01
   40      1.8110875128E-05  -4.0206534146E-04   4.5343804622E-04   2.8101274338E-05   1.2218647461E-01
   41     -1.8957602890E-03   2.3387553031E-05   9.9557258946E-06  -3.2104449686E-03   1.4676950466E-03
                   40                 41        
     0     -1.7781048212E-03   5.2854804689E-04
     1      1.2974849610E-03   8.0903354347E-04
     2     -4.3279535265E-04  -3.5190996773E-03
     3     -1.5442941347E-02  -6.7322276762E-04
     4     -2.0168144658E-02   2.8459405287E-05
     5     -2.9325479494E-04   2.8902068290E-03
     6      4.5944401619E-03   3.7718100214E-05
     7     -2.9269169890E-03   2.3252250332E-04
     8     -3.4098653973E-05   7.5709209339E-03
     9      1.1991122341E-03  -7.5019509280E-05
    10      3.8366801357E-04   7.3846252343E-05
    11      6.8617701915E-07  -5.0587466822E-04
    12     -5.6472574900E-04  -1.8053637841E-04
    13      2.2322070638E-03  -9.9256060355E-05
    14     -8.7329443364E-05   8.4042344709E-03
    15      1.8859724829E-03   8.3050943693E-05
    16      1.4996169372E-03  -2.8721134887E-04
    17      6.9441075081E-05   3.0796876012E-04
    18     -1.1207890856E-01  -1.3295971085E-03
    19     -2.7041922892E-01  -2.2734799018E-03
    20     -2.0104568603E-03  -3.4470628325E-02
    21      1.1109668722E-03  -3.7779147191E-04
    22      1.7045677090E-04  -5.2811248749E-04
    23      2.7937049650E-04   3.8756217602E-05
    24      3.0391763125E-04   7.0259862263E-04
    25     -1.2313571080E-04  -2.8311736238E-04
    26      4.7950038258E-05  -2.8073637835E-04
    27     -1.9656214606E-06  -2.5728334362E-04
    28      4.0403190443E-04   7.6724217660E-05
    29      1.3209322644E-04  -4.7603804829E-05
    30     -9.1495654584E-04   3.8190975107E-05
    31     -1.0419158414E-03  -1.3211146381E-05
    32      1.3364809564E-05   3.7978679832E-04
    33     -1.1320671585E-04   1.0940099991E-05
    34      4.0688702621E-06  -8.7741095445E-06
    35      1.8110875128E-05  -1.8957602890E-03
    36     -4.0206534146E-04   2.3387553031E-05
    37      4.5343804622E-04   9.9557258946E-06
    38      2.8101274338E-05  -3.2104449686E-03
    39      1.2218647461E-01   1.4676950466E-03
    40      2.8823436955E-01   2.2657189508E-03
    41      2.2657189508E-03   2.4338274102E-02

$vibrational_frequencies
42
    0        0.0000000000000000
    1        0.0000000000000000
    2        0.0000000000000000
    3        0.0000000000000000
    4        0.0000000000000000
    5        0.0000000000000000
    6       88.4132387284155072
    7      204.8586048256826189
    8      346.7163769298600755
    9      377.9101664241516119
   10      493.8199649869861787
   11      524.4700542253725644
   12      687.5317246086000296
   13      753.3472484611822892
   14      797.5623525709090700
   15      818.2533326403992078
   16      876.1803368360973536
   17      967.1758844415900285
   18      989.6729101302624940
   19     1003.5820015617258605
   20     1007.8989454813449811
   21     1055.1197690590699949
   22     1088.7741243906655200
   23     1114.4856593883589539
   24     1234.6850628707227315
   25     1249.1490398661360359
   26     1275.3259140145580659
   27     1353.8815526970745395
   28     1399.3401847245938825
   29     1439.5311781057575899
   30     1476.4620955160107769
   31     1480.0915624214317177
   32     1515.3699386807231804
   33     1584.6174328884890201
   34     1633.0666909254625807
   35     3009.4955429495958015
   36     3077.2663376104146664
   37     3110.9048879355127610
   38     3136.4997206451694183
   39     3138.1209075395472610
   40     3163.4953382624980804
   41     3166.0720199189113373

$normal_modes
42 42
                    0                  1                  2                  3                  4        
    0      0.0000000000E+00   0.0000000000E+00   0.0000000000E+00   0.0000000000E+00   0.0000000000E+00
    1      0.0000000000E+00   0.0000000000E+00   0.0000000000E+00   0.0000000000E+00   0.0000000000E+00
    2      0.0000000000E+00   0.0000000000E+00   0.0000000000E+00   0.0000000000E+00   0.0000000000E+00
    3      0.0000000000E+00   0.0000000000E+00   0.0000000000E+00   0.0000000000E+00   0.0000000000E+00
    4      0.0000000000E+00   0.0000000000E+00   0.0000000000E+00   0.0000000000E+00   0.0000000000E+00
