
$orca_hessian_file

$act_atom
  0

$act_coord
  0

$act_energy
        0.000000

$multiplicity
  1

$hessian
42
                    0                  1                  2                  3                  4        
    0      4.7734103617E-01  -2.0025745651E-04   1.2935714851E-02  -2.0962028185E-01  -3.2703064424E-05
    1     -2.0025745651E-04   5.7704647826E-01   1.4926636041E-05   1.0897138862E-04  -8.9847635286E-02
    2      1.2935714851E-02   1.4926636041E-05   5.2688325382E-01  -4.0722470899E-03   7.8127271242E-07
    3     -2.0962028185E-01   1.0897138862E-04  -4.0722470899E-03   6.4661263397E-01   1.1772631832E-04
    4     -3.2703064424E-05  -8.9847635286E-02   7.8127271242E-07   1.1772631832E-04   6.6528611570E-01
    5      1.5278412933E-03  -4.2848224553E-06  -7.1364673691E-02  -1.3591101259E-03  -1.0544948396E-05
    6     -2.4079816766E-02  -3.0008348858E-02   6.9434793927E-05  -1.7670554131E-01  -5.3547080352E-02
    7     -5.2657017840E-03   4.1866612453E-03   7.8039972636E-04  -1.1430519875E-01  -2.7021558775E-01
    8     -1.0551640467E-05   1.7409999417E-03   6.0285328312E-03  -3.5284666398E-04   1.0284977509E-03
    9      3.1923151295E-03  -1.9291783864E-03  -1.6184082743E-03  -2.9923611620E-02  -7.8094512031E-02
   10     -2.1676558397E-03  -5.3192952755E-03  -4.6680474434E-04  -3.1841710015E-02   4.1709931165E-02
   11     -5.5442381738E-04   1.2892714543E-03   8.4291917792E-03   1.9629119761E-04  -7.3561964877E-04
   12     -1.2795516334E-03  -2.4345573105E-05   1.0817635000E-03   8.5894383369E-03   3.8327810468E-07
   13     -3.0821988962E-05   1.4710829430E-04   3.7200641232E-06   2.0952328680E-05  -7.9608410353E-02
   14      2.8135393303E-04  -4.0105287836E-07  -4.1200340777E-03   1.2683811903E-04  -3.6363111692E-07
   15      3.2533281025E-03   1.9827704270E-03  -1.6245343151E-03  -2.9956477966E-02   7.8090489999E-02
   16      2.1977643391E-03  -5.3501894365E-03   4.6392028579E-04   3.1830622351E-02   4.1712301954E-02
   17     -5.5550859856E-04  -1.2875008326E-03   8.3720831727E-03   1.9050786536E-04   7.3345984838E-04
   18     -2.4139490447E-02   3.0015235542E-02   7.6503892689E-05  -1.7658291142E-01   5.3493581227E-02
   19      5.3001769256E-03   4.2312872195E-03  -7.8352927553E-04   1.1418122088E-01  -2.7016087181E-01
   20     -1.0380900771E-05  -1.7417145275E-03   5.9574130522E-03  -3.5738898824E-04  -1.0138872525E-03
   21     -6.8833093777E-02  -4.7824868317E-04   8.0936760710E-02  -1.4849193135E-02  -2.2002550220E-04
   22     -4.5309362700E-04  -4.2240663280E-02   1.4889098355E-03  -4.7162323666E-05  -8.4005028486E-04
   23      7.6868758805E-02   1.4922320564E-03  -2.7456950867E-01   1.7795345850E-03  -1.5612922424E-05
   24     -7.9054293844E-02  -7.3824720904E-02  -4.4541871244E-02  -1.3147556092E-02  -2.8956849520E-02
   25     -7.5644835855E-02  -2.2151839669E-01  -9.8458095904E-02  -8.2183581353E-04  -3.3149958145E-04
   26     -4.6389286658E-02  -9.8773752357E-02  -9.9960473757E-02   2.9117371705E-03   2.5137919947E-03
   27     -7.9134189699E-02   7.4376962143E-02  -4.3591946488E-02  -1.3107343994E-02   2.9148384180E-02
   28      7.6286882387E-02  -2.2397160690E-01   9.6960975527E-02   7.6252419316E-04  -3.0517865443E-04
   29     -4.5451627784E-02   9.7267133279E-02  -9.7622766693E-02   2.9054036115E-03  -2.5067827068E-03
   30      1.4214720247E-03  -7.0854233866E-04   3.4151993421E-04   1.0318092846E-02  -1.4221476468E-02
   31      1.7861370247E-03   1.2907317123E-03   4.3328503801E-04   1.5478338935E-02  -2.0227373071E-02
   32      5.1494898095E-04  -8.0175842127E-04  -3.5382596006E-03  -6.6417267981E-04  -3.2582704355E-05
   33     -2.3946067527E-04  -1.5738665652E-03  -1.5950400174E-04  -5.9860701698E-03   1.8251635697E-03
   34      1.0173046837E-04   2.1522148836E-05   3.7707594151E-05   7.8107124607E-04   1.5268755896E-03
   35      1.5649602546E-04  -1.0940000771E-04  -4.9748578998E-04  -3.0356927843E-04  -1.2363102791E-04
   36     -2.3799446811E-04   1.5788404400E-03  -1.5949863073E-04  -5.9869082700E-03  -1.8252683808E-03
   37     -1.0181839234E-04   2.3078216306E-05  -3.7681538142E-05  -7.7952417389E-04   1.5254590426E-03
   38      1.5666166643E-04   1.0947651226E-04  -4.9207085034E-04  -3.0123871088E-04   1.2419509120E-04
   39      1.4100217391E-03   6.8595948882E-04   3.4049273585E-04   1.0345730685E-02   1.4225009714E-02
   40     -1.7770338020E-03   1.3009197613E-03  -4.3492743981E-04  -1.5488819540E-02  -2.0224076657E-02
   41      5.1582347058E-04   8.0118506397E-04  -3.5052015309E-03  -6.6303231369E-04   3.2289323775E-05
                    5                  6                  7                  8                  9        
    0      1.5278412933E-03  -2.4079816766E-02  -5.2657017840E-03  -1.0551640467E-05   3.1923151295E-03
    1     -4.2848224553E-06  -3.0008348858E-02   4.1866612453E-03   1.7409999417E-03  -1.9291783864E-03
    2     -7.1364673691E-02   6.9434793927E-05   7.8039972636E-04   6.0285328312E-03  -1.6184082743E-03
    3     -1.3591101259E-03  -1.7670554131E-01  -1.1430519875E-01  -3.5284666398E-04  -2.9923611620E-02
    4     -1.0544948396E-05  -5.3547080352E-02  -2.7021558775E-01   1.0284977509E-03  -7.8094512031E-02
    5      1.8019649870E-01  -5.6493241128E-04  -5.7980137783E-04  -6.7497481732E-02  -1.7601894550E-04
    6     -5.6493241128E-04   6.7869560975E-01  -3.4188937960E-02   3.6204997493E-03  -3.2253377934E-01
    7     -5.7980137783E-04  -3.4188937960E-02   7.1649049830E-01  -2.6407489663E-03   2.9721344848E-02
    8     -6.7497481732E-02   3.6204997493E-03  -2.6407489663E-03   1.2718478832E-01  -1.3247199294E-03
    9     -1.7601894550E-04  -3.2253377934E-01   2.9721344848E-02  -1.3247199294E-03   6.7774084019E-01
   10      5.3238533459E-04  -3.5572535655E-02  -1.3403004236E-01  -5.2704088208E-04   5.0289375716E-02
   11      7.1427775183E-03  -1.6388909847E-03   2.8460809353E-04  -6.8098853178E-02   3.5048536014E-03
   12     -2.7280557663E-04  -3.0696057971E-02   3.5992493637E-02  -3.9453013034E-04  -1.8138569520E-01
   13      1.9792257385E-06   9.4639308073E-02   2.4006942588E-02   1.3689197392E-03   8.2067059989E-02
   14     -1.1043355014E-02  -5.3546105212E-04   1.9342350256E-04   2.4343145340E-02  -6.6770229072E-04
   15     -1.7707824691E-04  -5.1496842769E-02  -2.0606709077E-02  -9.0564270368E-04   5.4661363369E-02
   16     -5.3714064301E-04  -3.7779640510E-02  -1.5587885514E-02  -5.6204194675E-04   2.3278786423E-02
   17      7.1543914419E-03  -3.4368005668E-04  -2.3901658718E-04  -1.0253185080E-02   3.5000449238E-04
   18     -5.6950590090E-04   6.1379046760E-02   1.6998758050E-02   1.1105140790E-03  -5.1476467346E-02
   19      5.9430844575E-04  -1.7035314072E-02  -5.7020293377E-02  -4.3594799266E-04   2.0625108163E-02
   20     -6.7532775722E-02   1.1093181555E-03   4.4105515393E-04   8.0672427109E-03  -9.0744241601E-04
   21      3.1744023275E-02  -7.0979197707E-04   1.1834104997E-03  -8.5006433469E-04  -1.3662970907E-04
   22     -1.4065605716E-05  -2.0112081225E-03  -2.5468863834E-04  -7.5163863140E-04   1.1977507086E-03
   23      2.4304125612E-03  -4.1268181179E-04  -6.8749060612E-04   3.9392016142E-04   4.5292362798E-04
   24     -1.5262474130E-02  -5.7696139433E-03   2.1452493986E-03  -2.3761237521E-04  -1.1348507089E-04
   25      1.8780626020E-03  -5.2183703304E-04   6.5798395326E-04  -5.3406620026E-04   3.7843787170E-04
   26     -3.7271940318E-04  -7.0652821481E-05  -8.4175269142E-06   7.2527302716E-04   1.0508369890E-03
   27     -1.4928079883E-02   1.9762796092E-03   1.5041098721E-03   7.2023851096E-04  -8.3777251162E-05
   28     -1.8590867921E-03  -2.0285094418E-03   6.4874383818E-04  -5.5892208699E-04   6.9276215619E-04
   29     -4.4865016241E-04   1.5785335813E-04   1.1009397605E-04   4.0347808108E-04  -2.2905063639E-04
   30     -5.3462538736E-06  -1.1742177948E-01   1.1213161986E-01  -1.3516951232E-03  -6.6835181110E-03
   31      2.8227387155E-04   1.1176071924E-01  -2.6969248476E-01   1.9226575981E-03  -1.8969506581E-03
   32      2.9102572229E-03  -1.2561403354E-03   2.1907537976E-03  -3.4564862478E-02   7.3178701871E-05
   33      7.2100207105E-06  -1.1493560283E-02  -2.7705056282E-02   1.4180683948E-05  -1.4258830172E-01
   34     -3.8676068773E-05   1.8767573998E-03   3.6221266502E-03   2.2693779596E-05  -1.2454761043E-01
   35      7.7560510678E-03  -1.3248369273E-04  -6.4677124343E-05   6.5399856117E-03  -3.9829650352E-04
   36      7.0748748815E-06  -4.2043402821E-04  -1.2548291689E-03  -5.7459336636E-06   6.6673736081E-04
   37      4.0417652103E-05  -2.8057372875E-04   1.2335934332E-04  -2.2094508828E-05  -3.0940499320E-03
   38      7.7620207699E-03  -3.3581610140E-05  -2.0273595542E-05  -8.6881048607E-04  -4.8823374800E-05
   39     -7.5046881255E-06  -7.2371824959E-04   3.7441721040E-03  -3.6427864543E-05  -1.3359906766E-03
   40     -2.7981731288E-04   4.6024757714E-03  -2.9353335080E-03  -3.4580475985E-05   1.1941070235E-03
   41      2.9072464400E-03   3.5802395527E-05   2.2340441600E-04   7.5968268666E-03  -6.5632770424E-05
                   10                 11                 12                 13                 14        
    0     -2.1676558397E-03  -5.5442381738E-04  -1.2795516334E-03  -3.0821988962E-05   2.8135393303E-04
    1     -5.3192952755E-03   1.2892714543E-03  -2.4345573105E-05   1.4710829430E-04  -4.0105287836E-07
    2     -4.6680474434E-04   8.4291917792E-03   1.0817635000E-03   3.7200641232E-06  -4.1200340777E-03
    3     -3.1841710015E-02   1.9629119761E-04   8.5894383369E-03   2.0952328680E-05   1.2683811903E-04
    4      4.1709931165E-02  -7.3561964877E-04   3.8327810468E-07  -7.9608410353E-02  -3.6363111692E-07
    5      5.3238533459E-04   7.1427775183E-03  -2.7280557663E-04   1.9792257385E-06  -1.1043355014E-02
    6     -3.5572535655E-02  -1.6388909847E-03  -3.0696057971E-02   9.4639308073E-02  -5.3546105212E-04
    7     -1.3403004236E-01   2.8460809353E-04   3.5992493637E-02   2.4006942588E-02   1.9342350256E-04
    8     -5.2704088208E-04  -6.8098853178E-02  -3.9453013034E-04   1.3689197392E-03   2.4343145340E-02
    9      5.0289375716E-02   3.5048536014E-03  -1.8138569520E-01   8.2067059989E-02  -6.6770229072E-04
   10      7.1732829526E-01  -7.9877363003E-04   1.0261795092E-01  -2.6996123352E-01   1.1314203766E-03
   11     -7.9877363003E-04   1.5807901719E-01  -7.3977067397E-04   8.1363222723E-04  -6.8748341710E-02
   12      1.0261795092E-01  -7.3977067397E-04   4.0426416847E-01  -3.9440330201E-05   2.1635632022E-03
   13     -2.6996123352E-01   8.1363222723E-04  -3.9440330201E-05   6.3304353455E-01  -2.6736964595E-06
   14      1.1314203766E-03  -6.8748341710E-02   2.1635632022E-03  -2.6736964595E-06   9.5156545297E-02
   15     -2.3307589948E-02   3.5158410754E-04  -1.8137267956E-01  -8.2020124173E-02  -6.8143741224E-04
   16     -9.9336426767E-02   3.4633038442E-04  -1.0257511041E-01  -2.6983028539E-01  -1.1394524956E-03
   17     -3.4356174392E-04   4.0152505741E-03  -7.4120834126E-04  -8.1159292730E-04  -6.8752565868E-02
   18      3.7782728480E-02  -3.4564859847E-04  -3.0723378872E-02  -9.4618237331E-02  -5.2953844268E-04
   19     -1.5603556584E-02   2.3797941040E-04  -3.5979610915E-02   2.4037309859E-02  -1.9112112065E-04
   20      5.6130548225E-04  -1.0241824617E-02  -3.9310172669E-04  -1.3725378733E-03   2.4327965056E-02
   21      2.3061108936E-04  -1.9196673098E-03  -3.4234634838E-04  -1.4513932318E-06   8.4819907851E-04
   22     -7.1791873656E-04  -4.5829525849E-04   3.8760281800E-06   1.2725686771E-03   5.3319785169E-06
   23     -1.1030158340E-05   1.0677659692E-04  -3.4445167952E-04  -5.8613890445E-06  -2.3504073727E-04
   24     -1.7144072979E-03   1.1080039984E-03   6.2253792201E-05   4.6385559757E-04  -3.9286505961E-04
   25     -3.6158070633E-04   3.3538184305E-05   1.2555311313E-04   6.8006785644E-04  -2.8185644469E-04
   26     -2.0143098539E-04   1.4918639683E-04  -1.6599602507E-04   6.1194670437E-04   2.5489606091E-05
   27      2.3250818853E-04   5.5502474213E-04   6.7936869110E-05  -4.7344766796E-04  -3.8398022713E-04
   28     -5.6275287285E-05  -6.0645861646E-04  -1.1612688476E-04   6.7572759897E-04   2.7673149584E-04
   29      5.6296823207E-05  -8.1494585033E-05  -1.4929926540E-04  -5.9587434294E-04   2.7069152711E-05
   30      3.0962062069E-02  -5.0036885978E-06  -7.5251700477E-03   5.3982930820E-04  -1.9209986946E-04
   31      1.5682089937E-03  -6.8537552070E-05   5.7134643105E-04   2.2085872251E-03   8.5448576693E-05
   32      2.7791475473E-04   1.8879546650E-04  -1.7510464235E-04   8.8316967396E-05   8.4257751851E-03
   33     -1.2479145933E-01  -4.3192506146E-04   1.3935219230E-02   1.8083636749E-02   7.6434021526E-05
   34     -2.3327895716E-01  -2.9150958289E-04  -7.3985003543E-03  -3.4442381460E-02   2.4665648511E-05
   35     -2.1590327733E-04  -4.1214187814E-02   1.5277067017E-04   9.9328370335E-05  -3.9201837213E-03
   36     -4.8352222610E-03  -7.5125382130E-05   1.3930861522E-02  -1.8091735943E-02   7.9845451954E-05
   37     -2.3313455764E-03  -4.7642779345E-05   7.3922918111E-03  -3.4437073908E-02  -2.2394043528E-05
   38     -6.3183135024E-05   1.0773016045E-02   1.5209479866E-04  -1.0530587632E-04  -3.9146743411E-03
   39      2.2329124172E-03  -1.0044021941E-06  -7.5249985884E-03  -5.3895487807E-04  -1.9128329778E-04
   40      3.9019656372E-04   1.1189070483E-06  -5.7118909053E-04   2.2075379842E-03  -8.4386881587E-05
   41      6.8764191968E-05  -4.9930966634E-04  -1.7579026428E-04  -8.8369405268E-05   8.4282058322E-03
                   15                 16                 17                 18                 19        
    0      3.2533281025E-03   2.1977643391E-03  -5.5550859856E-04  -2.4139490447E-02   5.3001769256E-03
    1      1.9827704270E-03  -5.3501894365E-03  -1.2875008326E-03   3.0015235542E-02   4.2312872195E-03
    2     -1.6245343151E-03   4.6392028579E-04   8.3720831727E-03   7.6503892689E-05  -7.8352927553E-04
    3     -2.9956477966E-02   3.1830622351E-02   1.9050786536E-04  -1.7658291142E-01   1.1418122088E-01
    4      7.8090489999E-02   4.1712301954E-02   7.3345984838E-04   5.3493581227E-02  -2.7016087181E-01
    5     -1.7707824691E-04  -5.3714064301E-04   7.1543914419E-03  -5.6950590090E-04   5.9430844575E-04
    6     -5.1496842769E-02  -3.7779640510E-02  -3.4368005668E-04   6.1379046760E-02  -1.7035314072E-02
    7     -2.0606709077E-02  -1.5587885514E-02  -2.3901658718E-04   1.6998758050E-02  -5.7020293377E-02
    8     -9.0564270368E-04  -5.6204194675E-04  -1.0253185080E-02   1.1105140790E-03  -4.3594799266E-04
    9      5.4661363369E-02   2.3278786423E-02   3.5000449238E-04  -5.1476467346E-02   2.0625108163E-02
   10     -2.3307589948E-02  -9.9336426767E-02  -3.4356174392E-04   3.7782728480E-02  -1.5603556584E-02
   11      3.5158410754E-04   3.4633038442E-04   4.0152505741E-03  -3.4564859847E-04   2.3797941040E-04
   12     -1.8137267956E-01  -1.0257511041E-01  -7.4120834126E-04  -3.0723378872E-02  -3.5979610915E-02
   13     -8.2020124173E-02  -2.6983028539E-01  -8.1159292730E-04  -9.4618237331E-02   2.4037309859E-02
   14     -6.8143741224E-04  -1.1394524956E-03  -6.8752565868E-02  -5.2953844268E-04  -1.9112112065E-04
   15      6.7780505078E-01  -5.0341215414E-02   3.5514983361E-03  -3.2268009077E-01  -2.9697552953E-02
   16     -5.0341215414E-02   7.1725363821E-01   7.3336002960E-04   3.5594267228E-02  -1.3403081077E-01
   17      3.5514983361E-03   7.3336002960E-04   1.5807155646E-01  -1.6244165532E-03  -2.7481469565E-04
   18     -3.2268009077E-01   3.5594267228E-02  -1.6244165532E-03   6.7884176288E-01   3.4237619012E-02
   19     -2.9697552953E-02  -1.3403081077E-01  -2.7481469565E-04   3.4237619012E-02   7.1634891166E-01
   20     -1.2981874541E-03   5.3600541507E-04  -6.8069759090E-02   3.5828913156E-03   2.5969131189E-03
   21     -1.2669415992E-04  -2.4158531856E-04  -1.9120130040E-03  -6.5932298756E-04  -1.1687394344E-03
   22     -1.2129424075E-03  -7.1396694543E-04   4.4396825129E-04   2.0295138344E-03  -2.6253443493E-04
   23      4.6378028538E-04   1.2087130265E-05   1.1628763501E-04  -4.1567715421E-04   6.8544448665E-04
   24     -7.7991661598E-05  -2.3700798180E-04   5.7095987599E-04   1.9617358566E-03  -1.4902528760E-03
   25     -7.1205223397E-04  -6.2591577695E-05   6.1259756367E-04   2.0321572689E-03   6.3187576346E-04
   26     -2.0967763742E-04  -3.9440409031E-05  -7.4680342278E-05   1.3248130969E-04  -1.2354567787E-04
   27     -1.0569470356E-04   1.7367806316E-03   1.0845151195E-03  -5.8168919866E-03  -2.1471783443E-03
   28     -3.8959116222E-04  -3.5891099008E-04  -2.6006783230E-05   5.0897602910E-04   6.6494009810E-04
   29      9.7930516534E-04   1.7628805967E-04   1.6347719938E-04  -3.8676988747E-05  -1.7728844496E-06
   30     -1.3358225083E-03  -2.2317091387E-03  -1.2173593461E-06  -7.2276993104E-04  -3.7455451002E-03
   31     -1.1949266023E-03   3.8927062339E-04  -8.9804741548E-07  -4.6017077037E-03  -2.9362208518E-03
   32     -6.5870560874E-05  -6.9116896742E-05  -5.0023897418E-04   3.5413859243E-05  -2.2236600604E-04
   33      6.6861744442E-04   4.8348763539E-03  -7.3883503074E-05  -4.2015064632E-04   1.2552429250E-03
   34      3.0933347305E-03  -2.3316993867E-03   5.0423006340E-05   2.8007940632E-04   1.2278580871E-04
   35     -4.5020680016E-05   6.4215874554E-05   1.0780642503E-02  -3.5364469446E-05   2.1085048172E-05
   36     -1.4254656266E-01   1.2477922006E-01  -4.6660295516E-04  -1.1492837923E-02   2.7706525020E-02
   37      1.2453537611E-01  -2.3332342242E-01   3.4632265024E-04  -1.8742964873E-03   3.6184136403E-03
   38     -4.4031433302E-04   2.8505268925E-04  -4.1215949754E-02  -1.2868756510E-04   6.1824881041E-05
   39     -6.6895029476E-03  -3.0964506012E-02  -3.0223128235E-06  -1.1746823317E-01  -1.1213755256E-01
   40      1.8991901064E-03   1.5709784179E-03   6.7696785114E-05  -1.1178282123E-01  -2.6964123622E-01
   41      7.5662443890E-05  -2.7450399487E-04   1.9269012215E-04  -1.2421222456E-03  -2.1600534033E-03
                   20                 21                 22                 23                 24        
    0     -1.0380900771E-05  -6.8833093777E-02  -4.5309362700E-04   7.6868758805E-02  -7.9054293844E-02
    1     -1.7417145275E-03  -4.7824868317E-04  -4.2240663280E-02   1.4922320564E-03  -7.3824720904E-02
    2      5.9574130522E-03   8.0936760710E-02   1.4889098355E-03  -2.7456950867E-01  -4.4541871244E-02
    3     -3.5738898824E-04  -1.4849193135E-02  -4.7162323666E-05   1.7795345850E-03  -1.3147556092E-02
    4     -1.0138872525E-03  -2.2002550220E-04  -8.4005028486E-04  -1.5612922424E-05  -2.8956849520E-02
    5     -6.7532775722E-02   3.1744023275E-02  -1.4065605716E-05   2.4304125612E-03  -1.5262474130E-02
    6      1.1093181555E-03  -7.0979197707E-04  -2.0112081225E-03  -4.1268181179E-04  -5.7696139433E-03
    7      4.4105515393E-04   1.1834104997E-03  -2.5468863834E-04  -6.8749060612E-04   2.1452493986E-03
    8      8.0672427109E-03  -8.5006433469E-04  -7.5163863140E-04   3.9392016142E-04  -2.3761237521E-04
    9     -9.0744241601E-04  -1.3662970907E-04   1.1977507086E-03   4.5292362798E-04  -1.1348507089E-04
   10      5.6130548225E-04   2.3061108936E-04  -7.1791873656E-04  -1.1030158340E-05  -1.7144072979E-03
   11     -1.0241824617E-02  -1.9196673098E-03  -4.5829525849E-04   1.0677659692E-04   1.1080039984E-03
   12     -3.9310172669E-04  -3.4234634838E-04   3.8760281800E-06  -3.4445167952E-04   6.2253792201E-05
   13     -1.3725378733E-03  -1.4513932318E-06   1.2725686771E-03  -5.8613890445E-06   4.6385559757E-04
   14      2.4327965056E-02   8.4819907851E-04   5.3319785169E-06  -2.3504073727E-04  -3.9286505961E-04
   15     -1.2981874541E-03  -1.2669415992E-04  -1.2129424075E-03   4.6378028538E-04  -7.7991661598E-05
   16      5.3600541507E-04  -2.4158531856E-04  -7.1396694543E-04   1.2087130265E-05  -2.3700798180E-04
   17     -6.8069759090E-02  -1.9120130040E-03   4.4396825129E-04   1.1628763501E-04   5.7095987599E-04
   18      3.5828913156E-03  -6.5932298756E-04   2.0295138344E-03  -4.1567715421E-04   1.9617358566E-03
   19      2.5969131189E-03  -1.1687394344E-03  -2.6253443493E-04   6.8544448665E-04  -1.4902528760E-03
   20      1.2719430566E-01  -8.6037244154E-04   7.4356863120E-04   4.2346816175E-04   7.3328244544E-04
   21     -8.6037244154E-04   7.9109553760E-02   5.5016195340E-04  -8.7053504692E-02   3.3535422364E-03
   22      7.4356863120E-04   5.5016195340E-04   4.3172734236E-02  -1.6250013405E-03   9.1635430792E-03
   23      4.2346816175E-04  -8.7053504692E-02  -1.6250013405E-03   2.9806714110E-01   4.2552510795E-03
   24      7.3328244544E-04   3.3535422364E-03   9.1635430792E-03   4.2552510795E-03   8.9474060747E-02
   25      5.6202751227E-04   8.3887290167E-04   5.7691119694E-04   1.2475757767E-03   8.3933903296E-02
   26      4.2456845195E-04  -1.1339317292E-02  -2.5419061994E-02  -1.3294622289E-02   4.7662038360E-02
   27     -2.3868669359E-04   3.3529311892E-03  -9.2182410564E-03   4.1356261681E-03   3.8013988190E-03
   28      5.3771556045E-04  -6.9996288853E-04   2.7028129570E-04  -1.0890557372E-03   9.3635499000E-03
   29      7.6406977860E-04  -1.1358736082E-02   2.5573762479E-02  -1.2957310389E-02   6.8566628916E-03
   30     -3.6663679995E-05   3.3825577419E-05  -6.5187649573E-05   1.0318301135E-04   2.2357791506E-05
   31      3.5585867245E-05  -3.0540738706E-04  -1.1911055206E-04  -5.0463696406E-05   5.6287530347E-06
   32      7.5927225069E-03   7.0570267405E-04   2.8443361945E-04  -2.6981836610E-04  -2.6453139407E-04
   33     -5.6609614621E-06  -1.1659778384E-04  -1.1911071490E-05   4.1374134697E-05  -5.2786118823E-04
   34      2.1937086504E-05  -5.7478672059E-05  -7.5933338352E-06  -4.6349411669E-06   8.0960021370E-06
   35     -8.7110446805E-04   1.6452693675E-04   9.3840888183E-05   3.3603165820E-05  -4.0798146621E-05
   36      7.9405354975E-06  -1.1200626928E-04   9.7169960368E-06   4.1735891085E-05   6.8695722879E-05
   37     -2.0943032564E-05   5.7751890610E-05  -7.6102459222E-06   4.2689312120E-06   3.8050510580E-05
   38      6.5349578063E-03   1.6506624246E-04  -9.2303723411E-05   3.2519018795E-05  -4.8633923205E-05
   39     -1.3337137274E-03   3.5823384407E-05   6.4450527561E-05   1.0770553890E-04  -5.3243165536E-05
   40     -1.8914354766E-03   3.1282407524E-04  -1.2835895437E-04   4.5271044621E-05   1.0991905035E-03
   41     -3.4571249283E-02   7.0583845054E-04  -2.7117776370E-04  -2.7782795679E-04  -3.8750558966E-04
                   25                 26                 27                 28                 29        
    0     -7.5644835855E-02  -4.6389286658E-02  -7.9134189699E-02   7.6286882387E-02  -4.5451627784E-02
    1     -2.2151839669E-01  -9.8773752357E-02   7.4376962143E-02  -2.2397160690E-01   9.7267133279E-02
    2     -9.8458095904E-02  -9.9960473757E-02  -4.3591946488E-02   9.6960975527E-02  -9.7622766693E-02
    3     -8.2183581353E-04   2.9117371705E-03  -1.3107343994E-02   7.6252419316E-04   2.9054036115E-03
    4     -3.3149958145E-04   2.5137919947E-03   2.9148384180E-02  -3.0517865443E-04  -2.5067827068E-03
    5      1.8780626020E-03  -3.7271940318E-04  -1.4928079883E-02  -1.8590867921E-03  -4.4865016241E-04
    6     -5.2183703304E-04  -7.0652821481E-05   1.9762796092E-03  -2.0285094418E-03   1.5785335813E-04
    7      6.5798395326E-04  -8.4175269142E-06   1.5041098721E-03   6.4874383818E-04   1.1009397605E-04
    8     -5.3406620026E-04   7.2527302716E-04   7.2023851096E-04  -5.5892208699E-04   4.0347808108E-04
    9      3.7843787170E-04   1.0508369890E-03  -8.3777251162E-05   6.9276215619E-04  -2.2905063639E-04
   10     -3.6158070633E-04  -2.0143098539E-04   2.3250818853E-04  -5.6275287285E-05   5.6296823207E-05
   11      3.3538184305E-05   1.4918639683E-04   5.5502474213E-04  -6.0645861646E-04  -8.1494585033E-05
   12      1.2555311313E-04  -1.6599602507E-04   6.7936869110E-05  -1.1612688476E-04  -1.4929926540E-04
   13      6.8006785644E-04   6.1194670437E-04  -4.7344766796E-04   6.7572759897E-04  -5.9587434294E-04
   14     -2.8185644469E-04   2.5489606091E-05  -3.8398022713E-04   2.7673149584E-04   2.7069152711E-05
   15     -7.1205223397E-04  -2.0967763742E-04  -1.0569470356E-04  -3.8959116222E-04   9.7930516534E-04
   16     -6.2591577695E-05  -3.9440409031E-05   1.7367806316E-03  -3.5891099008E-04   1.7628805967E-04
   17      6.1259756367E-04  -7.4680342278E-05   1.0845151195E-03  -2.6006783230E-05   1.6347719938E-04
   18      2.0321572689E-03   1.3248130969E-04  -5.8168919866E-03   5.0897602910E-04  -3.8676988747E-05
   19      6.3187576346E-04  -1.2354567787E-04  -2.1471783443E-03   6.6494009810E-04  -1.7728844496E-06
   20      5.6202751227E-04   4.2456845195E-04  -2.3868669359E-04   5.3771556045E-04   7.6406977860E-04
   21      8.3887290167E-04  -1.1339317292E-02   3.3529311892E-03  -6.9996288853E-04  -1.1358736082E-02
   22      5.7691119694E-04  -2.5419061994E-02  -9.2182410564E-03   2.7028129570E-04   2.5573762479E-02
   23      1.2475757767E-03  -1.3294622289E-02   4.1356261681E-03  -1.0890557372E-03  -1.2957310389E-02
   24      8.3933903296E-02   4.7662038360E-02   3.8013988190E-03   9.3635499000E-03   6.8566628916E-03
   25      2.3749519936E-01   1.0857346838E-01  -9.4439811117E-03  -1.8349848829E-02  -1.2965640114E-02
   26      1.0857346838E-01   1.0544045865E-01   6.7372586294E-03   1.2653076918E-02   7.0955921317E-03
   27     -9.4439811117E-03   6.7372586294E-03   8.9547538426E-02  -8.4551139885E-02   4.6640842863E-02
   28     -1.8349848829E-02   1.2653076918E-02  -8.4551139885E-02   2.4019429994E-01  -1.0693867345E-01
   29     -1.2965640114E-02   7.0955921317E-03   4.6640842863E-02  -1.0693867345E-01   1.0281739541E-01
   30      1.6504579093E-04   7.0536088105E-07  -5.9026305396E-05   1.8800629151E-04  -3.5017585863E-04
   31      4.0781664841E-04  -1.2795143689E-04  -1.1079984219E-03   1.7204484946E-04  -2.6865969640E-04
   32     -7.5472907199E-05  -4.5413107051E-05  -3.8008042602E-04   5.1415314772E-04   3.6552069040E-05
   33     -9.0128235803E-05   4.4368128692E-05   6.9267964351E-05   5.5524232619E-05  -2.4913525330E-05
   34      5.6248290656E-06   1.3685071920E-05  -3.7645085314E-05   3.8330789980E-06  -1.5929406718E-05
   35     -1.3167607666E-05  -1.1988159911E-04  -4.6920385446E-05   2.8535506247E-05  -2.0082445750E-05
   36     -5.5112967561E-05  -2.5611271508E-05  -5.3106928148E-04   8.9723261552E-05   4.5872285533E-05
   37      3.4263710054E-06   1.3555078546E-05  -8.8032621240E-06   5.7568264150E-06  -1.1152552481E-05
   38     -2.8861572645E-05  -1.9584679700E-05  -3.9591453377E-05   1.1703660999E-05  -1.2432934739E-04
   39     -1.8201545249E-04  -3.4879103124E-04   2.2640344016E-05  -1.6639590797E-04   1.0253855479E-05
   40      1.6501140321E-04   2.8372643028E-04  -6.5324605627E-06   4.0619313299E-04   1.4740432756E-04
   41     -5.1975945046E-04   2.6806912794E-05  -2.5793436534E-04   6.8817860533E-05  -5.3000195324E-05
                   30                 31                 32                 33                 34        
    0      1.4214720247E-03   1.7861370247E-03   5.1494898095E-04  -2.3946067527E-04   1.0173046837E-04
    1     -7.0854233866E-04   1.2907317123E-03  -8.0175842127E-04  -1.5738665652E-03   2.1522148836E-05
    2      3.4151993421E-04   4.3328503801E-04  -3.5382596006E-03  -1.5950400174E-04   3.7707594151E-05
    3      1.0318092846E-02   1.5478338935E-02  -6.6417267981E-04  -5.9860701698E-03   7.8107124607E-04
    4     -1.4221476468E-02  -2.0227373071E-02  -3.2582704355E-05   1.8251635697E-03   1.5268755896E-03
    5     -5.3462538736E-06   2.8227387155E-04   2.9102572229E-03   7.2100207105E-06  -3.8676068773E-05
    6     -1.1742177948E-01   1.1176071924E-01  -1.2561403354E-03  -1.1493560283E-02   1.8767573998E-03
    7      1.1213161986E-01  -2.6969248476E-01   2.1907537976E-03  -2.7705056282E-02   3.6221266502E-03
    8     -1.3516951232E-03   1.9226575981E-03  -3.4564862478E-02   1.4180683948E-05   2.2693779596E-05
    9     -6.6835181110E-03  -1.8969506581E-03   7.3178701871E-05  -1.4258830172E-01  -1.2454761043E-01
   10      3.0962062069E-02   1.5682089937E-03   2.7791475473E-04  -1.2479145933E-01  -2.3327895716E-01
   11     -5.0036885978E-06  -6.8537552070E-05   1.8879546650E-04  -4.3192506146E-04  -2.9150958289E-04
   12     -7.5251700477E-03   5.7134643105E-04  -1.7510464235E-04   1.3935219230E-02  -7.3985003543E-03
   13      5.3982930820E-04   2.2085872251E-03   8.8316967396E-05   1.8083636749E-02  -3.4442381460E-02
   14     -1.9209986946E-04   8.5448576693E-05   8.4257751851E-03   7.6434021526E-05   2.4665648511E-05
   15     -1.3358225083E-03  -1.1949266023E-03  -6.5870560874E-05   6.6861744442E-04   3.0933347305E-03
   16     -2.2317091387E-03   3.8927062339E-04  -6.9116896742E-05   4.8348763539E-03  -2.3316993867E-03
   17     -1.2173593461E-06  -8.9804741548E-07  -5.0023897418E-04  -7.3883503074E-05   5.0423006340E-05
   18     -7.2276993104E-04  -4.6017077037E-03   3.5413859243E-05  -4.2015064632E-04   2.8007940632E-04
   19     -3.7455451002E-03  -2.9362208518E-03  -2.2236600604E-04   1.2552429250E-03   1.2278580871E-04
   20     -3.6663679995E-05   3.5585867245E-05   7.5927225069E-03  -5.6609614621E-06   2.1937086504E-05
   21      3.3825577419E-05  -3.0540738706E-04   7.0570267405E-04  -1.1659778384E-04  -5.7478672059E-05
   22     -6.5187649573E-05  -1.1911055206E-04   2.8443361945E-04  -1.1911071490E-05  -7.5933338352E-06
   23      1.0318301135E-04  -5.0463696406E-05  -2.6981836610E-04   4.1374134697E-05  -4.6349411669E-06
   24      2.2357791506E-05   5.6287530347E-06  -2.6453139407E-04  -5.2786118823E-04   8.0960021370E-06
   25      1.6504579093E-04   4.0781664841E-04  -7.5472907199E-05  -9.0128235803E-05   5.6248290656E-06
   26      7.0536088105E-07  -1.2795143689E-04  -4.5413107051E-05   4.4368128692E-05   1.3685071920E-05
   27     -5.9026305396E-05  -1.1079984219E-03  -3.8008042602E-04   6.9267964351E-05  -3.7645085314E-05
   28      1.8800629151E-04   1.7204484946E-04   5.1415314772E-04   5.5524232619E-05   3.8330789980E-06
   29     -3.5017585863E-04  -2.6865969640E-04   3.6552069040E-05  -2.4913525330E-05  -1.5929406718E-05
   30      1.2067334633E-01  -1.2192784985E-01   1.4101151753E-03   6.0560982570E-04  -4.6774678991E-04
   31     -1.2192784985E-01   2.8755685505E-01  -2.1757283048E-03   4.1834861961E-04   4.2093257532E-04
   32      1.4101151753E-03  -2.1757283048E-03   2.4448973557E-02   2.1069280287E-05  -1.0123977922E-05
   33      6.0560982570E-04   4.1834861961E-04   2.1069280287E-05   1.4564604692E-01   1.2723143607E-01
   34     -4.6774678991E-04   4.2093257532E-04  -1.0123977922E-05   1.2723143607E-01   2.6526789554E-01
   35      3.9042690288E-05  -2.6615846908E-05  -3.1583842700E-03   4.7345732661E-04   2.1412074671E-04
   36      1.0354245440E-04   1.1176456893E-04   1.0431589334E-05   3.4339897043E-04  -6.2974934089E-04
   37      2.8331413807E-04   2.6301700738E-06   8.8454937810E-06   6.2955044641E-04  -9.3366787008E-04
   38      9.0601456613E-06  -1.7681137081E-05  -1.9038392562E-03   7.5603999955E-06  -1.4516880300E-05
   39      5.6983953981E-04   9.1555828647E-04   3.6846143482E-05   1.0384211684E-04  -2.8336688394E-04
   40     -9.1482136123E-04  -1.0418886152E-03   1.3621800604E-05  -1.1176524515E-04   2.7029896921E-06
   41      3.6769149390E-05  -1.3605596449E-05   3.7774004480E-04   1.0189053771E-05  -9.1467211365E-06
                   35                 36                 37                 38                 39        
    0      1.5649602546E-04  -2.3799446811E-04  -1.0181839234E-04   1.5666166643E-04   1.4100217391E-03
    1     -1.0940000771E-04   1.5788404400E-03   2.3078216306E-05   1.0947651226E-04   6.8595948882E-04
    2     -4.9748578998E-04  -1.5949863073E-04  -3.7681538142E-05  -4.9207085034E-04   3.4049273585E-04
    3     -3.0356927843E-04  -5.9869082700E-03  -7.7952417389E-04  -3.0123871088E-04   1.0345730685E-02
    4     -1.2363102791E-04  -1.8252683808E-03   1.5254590426E-03   1.2419509120E-04   1.4225009714E-02
    5      7.7560510678E-03   7.0748748815E-06   4.0417652103E-05   7.7620207699E-03  -7.5046881255E-06
    6     -1.3248369273E-04  -4.2043402821E-04  -2.8057372875E-04  -3.3581610140E-05  -7.2371824959E-04
    7     -6.4677124343E-05  -1.2548291689E-03   1.2335934332E-04  -2.0273595542E-05   3.7441721040E-03
    8      6.5399856117E-03  -5.7459336636E-06  -2.2094508828E-05  -8.6881048607E-04  -3.6427864543E-05
    9     -3.9829650352E-04   6.6673736081E-04  -3.0940499320E-03  -4.8823374800E-05  -1.3359906766E-03
   10     -2.1590327733E-04  -4.8352222610E-03  -2.3313455764E-03  -6.3183135024E-05   2.2329124172E-03
   11     -4.1214187814E-02  -7.5125382130E-05  -4.7642779345E-05   1.0773016045E-02  -1.0044021941E-06
   12      1.5277067017E-04   1.3930861522E-02   7.3922918111E-03   1.5209479866E-04  -7.5249985884E-03
   13      9.9328370335E-05  -1.8091735943E-02  -3.4437073908E-02  -1.0530587632E-04  -5.3895487807E-04
   14     -3.9201837213E-03   7.9845451954E-05  -2.2394043528E-05  -3.9146743411E-03  -1.9128329778E-04
   15     -4.5020680016E-05  -1.4254656266E-01   1.2453537611E-01  -4.4031433302E-04  -6.6895029476E-03
   16      6.4215874554E-05   1.2477922006E-01  -2.3332342242E-01   2.8505268925E-04  -3.0964506012E-02
   17      1.0780642503E-02  -4.6660295516E-04   3.4632265024E-04  -4.1215949754E-02  -3.0223128235E-06
   18     -3.5364469446E-05  -1.1492837923E-02  -1.8742964873E-03  -1.2868756510E-04  -1.1746823317E-01
   19      2.1085048172E-05   2.7706525020E-02   3.6184136403E-03   6.1824881041E-05  -1.1213755256E-01
   20     -8.7110446805E-04   7.9405354975E-06  -2.0943032564E-05   6.5349578063E-03  -1.3337137274E-03
   21      1.6452693675E-04  -1.1200626928E-04   5.7751890610E-05   1.6506624246E-04   3.5823384407E-05
   22      9.3840888183E-05   9.7169960368E-06  -7.6102459222E-06  -9.2303723411E-05   6.4450527561E-05
   23      3.3603165820E-05   4.1735891085E-05   4.2689312120E-06   3.2519018795E-05   1.0770553890E-04
   24     -4.0798146621E-05   6.8695722879E-05   3.8050510580E-05  -4.8633923205E-05  -5.3243165536E-05
   25     -1.3167607666E-05  -5.5112967561E-05   3.4263710054E-06  -2.8861572645E-05  -1.8201545249E-04
   26     -1.1988159911E-04  -2.5611271508E-05   1.3555078546E-05  -1.9584679700E-05  -3.4879103124E-04
   27     -4.6920385446E-05  -5.3106928148E-04  -8.8032621240E-06  -3.9591453377E-05   2.2640344016E-05
   28      2.8535506247E-05   8.9723261552E-05   5.7568264150E-06   1.1703660999E-05  -1.6639590797E-04
   29     -2.0082445750E-05   4.5872285533E-05  -1.1152552481E-05  -1.2432934739E-04   1.0253855479E-05
   30      3.9042690288E-05   1.0354245440E-04   2.8331413807E-04   9.0601456613E-06   5.6983953981E-04
   31     -2.6615846908E-05   1.1176456893E-04   2.6301700738E-06  -1.7681137081E-05   9.1555828647E-04
   32     -3.1583842700E-03   1.0431589334E-05   8.8454937810E-06  -1.9038392562E-03   3.6846143482E-05
   33      4.7345732661E-04   3.4339897043E-04   6.2955044641E-04   7.5603999955E-06   1.0384211684E-04
   34      2.1412074671E-04  -6.2974934089E-04  -9.3366787008E-04  -1.4516880300E-05  -2.8336688394E-04
   35      2.6094614415E-02   7.3609619668E-06   1.4159532319E-05   5.0179783597E-04   8.8425477972E-06
   36      7.3609619668E-06   1.4560843184E-01  -1.2721538122E-01   5.1127037216E-04   6.0614502547E-04
   37      1.4159532319E-05  -1.2721538122E-01   2.6530958929E-01  -2.7545866302E-04   4.6774855200E-04
   38      5.0179783597E-04   5.1127037216E-04  -2.7545866302E-04   2.6096113543E-02   3.8514888918E-05
   39      8.8425477972E-06   6.0614502547E-04   4.6774855200E-04   3.8514888918E-05   1.2070164396E-01
   40      1.7413570527E-05  -4.1812733160E-04   4.2140712130E-04   2.6210508805E-05   1.2195015159E-01
   41     -1.9053844906E-03   2.1694667021E-05   8.9190194777E-06  -3.1611663045E-03   1.3846647660E-03
                   40                 41        
     0     -1.7770338020E-03   5.1582347058E-04
     1      1.3009197613E-03   8.0118506397E-04
     2     -4.3492743981E-04  -3.5052015309E-03
     3     -1.5488819540E-02  -6.6303231369E-04
     4     -2.0224076657E-02   3.2289323775E-05
     5     -2.7981731288E-04   2.9072464400E-03
     6      4.6024757714E-03   3.5802395527E-05
     7     -2.9353335080E-03   2.2340441600E-04
     8     -3.4580475985E-05   7.5968268666E-03
     9      1.1941070235E-03  -6.5632770424E-05
    10      3.9019656372E-04   6.8764191968E-05
    11      1.1189070483E-06  -4.9930966634E-04
    12     -5.7118909053E-04  -1.7579026428E-04
    13      2.2075379842E-03  -8.8369405268E-05
    14     -8.4386881587E-05   8.4282058322E-03
    15      1.8991901064E-03   7.5662443890E-05
    16      1.5709784179E-03  -2.7450399487E-04
    17      6.7696785114E-05   1.9269012215E-04
    18     -1.1178282123E-01  -1.2421222456E-03
    19     -2.6964123622E-01  -2.1600534033E-03
    20     -1.8914354766E-03  -3.4571249283E-02
    21      3.1282407524E-04   7.0583845054E-04
    22     -1.2835895437E-04  -2.7117776370E-04
    23      4.5271044621E-05  -2.7782795679E-04
    24      1.0991905035E-03  -3.8750558966E-04
    25      1.6501140321E-04  -5.1975945046E-04
    26      2.8372643028E-04   2.6806912794E-05
    27     -6.5324605627E-06  -2.5793436534E-04
    28      4.0619313299E-04   6.8817860533E-05
    29      1.4740432756E-04  -5.3000195324E-05
    30     -9.1482136123E-04   3.6769149390E-05
    31     -1.0418886152E-03  -1.3605596449E-05
    32      1.3621800604E-05   3.7774004480E-04
    33     -1.1176524515E-04   1.0189053771E-05
    34      2.7029896921E-06  -9.1467211365E-06
    35      1.7413570527E-05  -1.9053844906E-03
    36     -4.1812733160E-04   2.1694667021E-05
    37      4.2140712130E-04   8.9190194777E-06
    38      2.6210508805E-05  -3.1611663045E-03
    39      1.2195015159E-01   1.3846647660E-03
    40      2.8750594658E-01   2.1279603359E-03
    41      2.1279603359E-03   2.4443623209E-02

$vibrational_frequencies
42
    0        0.0000000000000000
    1        0.0000000000000000
    2        0.0000000000000000
    3        0.0000000000000000
    4        0.0000000000000000
    5        0.0000000000000000
    6       68.3980808516271992
    7      206.3988190812455343
    8      346.9329162118428940
    9      379.1852876997485282
   10      491.7585902880986168
   11      522.7432342866138697
   12      688.6609102825226500
   13      752.8795286134834441
   14      799.7711291672652578
   15      815.8071458188892393
   16      879.2917927606264357
   17      969.2626269941171131
   18      992.0842607758576150
   19     1001.8261618826712720
   20     1012.3696952572528289
   21     1054.8323777074292593
   22     1094.0672448779212118
   23     1111.9590381461880497
   24     1236.5167844185066315
   25     1245.7096706072761663
   26     1291.3608593651144929
   27     1355.7298503023105241
   28     1399.0367936972706957
   29     1439.3831665319669355
   30     1476.5970925609415190
   31     1481.5422364716296215
   32     1520.5661325861390196
   33     1595.2129573312740831
   34     1630.6108426194889489
   35     3011.7302456545307905
   36     3079.7003519915979268
   37     3108.7487446414038459
   38     3126.8344847706430301
   39     3128.9050535057003799
   40     3159.5608901096679801
   41     3161.7907957400257146

$normal_modes
42 42
                    0                  1                  2                  3                  4        
    0      0.0000000000E+00   0.0000000000E+00   0.0000000000E+00   0.0000000000E+00   0.0000000000E+00
    1      0.0000000000E+00   0.0000000000E+00   0.0000000000E+00   0.0000000000E+00   0.0000000000E+00
    2      0.0000000000E+00   0.0000000000E+00   0.0000000000E+00   0.0000000000E+00   0.0000000000E+00
    3      0.0000000000E+00   0.0000000000E+00   0.0000000000E+00   0.0000000000E+00   0.0000000000E+00
    4      0.0000000000E+00   0.0000000000E+00   0.0000000000E+00   0.0000000000E+00   0.0000000000E+00
