*************************************************
******************* ORCA 6.0.0 ******************
*************************************************
$Calculation_Status
   &GeometryIndex 1
   &ListStatus       OUT
   &VERSION [&Type "String"] "6.0.0"
   &PROGNAME [&Type "String"] "LeanSCF"
   &STATUS [&Type "String"] "NORMAL TERMINATION"
$End
$Geometry
   &GeometryIndex 1
   &ListStatus       OUT
   &NATOMS [&Type "Integer"] 14
   &NCORELESSECP [&Type "Integer"] 0
   &NGHOSTATOMS [&Type "Integer"] 0
   &CartesianCoordinates [&Type "Coordinates", &Dim(14,4), &Units "Bohr"] 
              C      4.653231578152   -0.000084359075   -0.015482580639
              C      1.817003972429   -0.000250769682    0.021170093353
              C      0.436102799176   -2.245873742027    0.014917957683
              C     -2.189561422387   -2.148333941010   -0.005680534333
              N     -3.517663678638    0.000211223005   -0.016842301710
              C     -2.189143435564    2.148614034139   -0.005584918159
              C      0.436431172729    2.245704155736    0.014774537485
              H      5.345988525069    0.012360675020   -1.967692728387
              H      5.416271565262    1.672534889103    0.926049927536
              H      5.416464318272   -1.684045036563    0.905287468708
              H      1.396451515125   -4.060157576896    0.030290044334
              H     -3.283968676736   -3.891442817455   -0.008402089943
              H     -3.283291306482    3.891880332708   -0.008848381462
              H      1.397122754729    4.059824591845    0.029904633177
$End
$SCF_Energy
   &GeometryIndex 1
   &ListStatus       OUT
   &SCF_ENERGY [&Type "Double"]      -2.8754320530184043e+02
$End
$DFT_Energy
   &GeometryIndex 1
   &ListStatus       OUT
   &NALPHAEL [&Type "Integer"] 25
   &NBETAEL [&Type "Integer"] 25
   &NTOTALEL [&Type "Integer"] 50
   &EEXCHANGE [&Type "Double"]      -4.0355018367191491e+01
   &ECORR [&Type "Double"]      -1.5970779741157490e+00
   &ECNL [&Type "Double"]       0.0000000000000000e+00
   &EXC [&Type "Double"]      -4.1952096341307239e+01
   &EEMBED [&Type "Double"]       0.0000000000000000e+00
   &FINALEN [&Type "Double"]      -2.8754320530184043e+02  "No Van der Waals correction"
$End
$Mulliken_Population_Analysis
   &GeometryIndex 1
   &ListStatus       OUT
   &NATOMS [&Type "Integer"] 14
   &ATNO [&Type "ArrayOfIntegers", &Dim (14,1)] 
                                                         0

0                                                        6
1                                                        6
2                                                        6
3                                                        6
4                                                        7
5                                                        6
6                                                        6
7                                                        1
8                                                        1
9                                                        1
10                                                       1
11                                                       1
12                                                       1
13                                                       1
   &ATOMICCHARGES [&Type "ArrayOfDoubles", &Dim (14,1)] 
                                                         0

0                                     -3.4836318228064034e-01
1                                      9.6650057112811716e-02
2                                     -1.2874292501023366e-01
3                                     -1.3365016740359614e-02
4                                     -2.6189534978612716e-01
5                                     -1.3423129649973831e-02
6                                     -1.2880930557921744e-01
7                                      1.2837746137336248e-01
8                                      1.1818063056349271e-01
9                                      1.1800626429863825e-01
10                                     1.0546575418626203e-01
11                                     1.1120057244524406e-01
12                                     1.1118813472028743e-01
13                                     1.0553003434585984e-01
$End
$Loewdin_Population_Analysis
   &GeometryIndex 1
   &ListStatus       OUT
   &NATOMS [&Type "Integer"] 14
   &ATNO [&Type "ArrayOfIntegers", &Dim (14,1)] 
                                                         0

0                                                        6
1                                                        6
2                                                        6
3                                                        6
4                                                        7
5                                                        6
6                                                        6
7                                                        1
8                                                        1
9                                                        1
10                                                       1
11                                                       1
12                                                       1
13                                                       1
   &ATOMICCHARGES [&Type "ArrayOfDoubles", &Dim (14,1)] 
                                                         0

0                                     -2.4701298860079390e-01
1                                     -1.6253157226905746e-01
2                                     -1.2849210620071094e-01
3                                     -2.0438184460296860e-01
4                                      1.1664132361905111e-01
5                                     -2.0439234351492530e-01
6                                     -1.2843071896461922e-01
7                                      1.3594957834401655e-01
8                                      1.2949837251243523e-01
9                                      1.2940345234905259e-01
10                                     1.4600818188748144e-01
11                                     1.3585544608500311e-01
12                                     1.3585598413143551e-01
13                                     1.4602923522399325e-01
$End
$Mayer_Population_Analysis
   &GeometryIndex 1
   &ListStatus       OUT
   &NATOMS [&Type "Integer"] 14 "Total number of atoms"
   &BONDTHRESH [&Type "Double"]       1.0000000000000001e-01  "The threshold for printing"
   &NBONDORDERSPRINT [&Type "Integer"] 14 "The number of bond orders larger than threshold"
   &BONDORDERS [&Type "ArrayOfDoubles", &Dim (14,1)] "The bond orders"
                                                         0

0                                      9.2807786428778816e-01
1                                      9.4992611784371461e-01
2                                      9.8083192699335009e-01
3                                      9.8115092619521049e-01
4                                      1.3449986859152505e+00
5                                      1.3441525383858985e+00
6                                      1.4015058455829223e+00
7                                      9.7000023881613151e-01
8                                      1.4529874856495801e+00
9                                      9.8086588579658207e-01
10                                     1.4526724698285340e+00
11                                     1.4018330009436784e+00
12                                     9.8089556735949934e-01
13                                     9.7012859000896445e-01
   &COMPONENTS [&Type "ArrayOfIntegers", &Dim (14,4)] "The indices and atomic numbers of the bonding atoms"
                                                         0                           1                           2                           3

0                                                        0                           6                           1                           6
1                                                        0                           6                           7                           1
2                                                        0                           6                           8                           1
3                                                        0                           6                           9                           1
4                                                        1                           6                           2                           6
5                                                        1                           6                           6                           6
6                                                        2                           6                           3                           6
7                                                        2                           6                          10                           1
8                                                        3                           6                           4                           7
9                                                        3                           6                          11                           1
10                                                       4                           7                           5                           6
11                                                       5                           6                           6                           6
12                                                       5                           6                          12                           1
13                                                       6                           6                          13                           1
   &ATNO [&Type "ArrayOfIntegers", &Dim (14,1)] "Atomic number of the elements"
                                                         0

0                                                        6
1                                                        6
2                                                        6
3                                                        6
4                                                        7
5                                                        6
6                                                        6
7                                                        1
8                                                        1
9                                                        1
10                                                       1
11                                                       1
12                                                       1
13                                                       1
   &NA [&Type "ArrayOfDoubles", &Dim (14,1)] "Mulliken gross atomic population"
                                                         0

0                                      6.3483631822806528e+00
1                                      5.9033499428871901e+00
2                                      6.1287429250102523e+00
3                                      6.0133650167403809e+00
4                                      7.2618953497861130e+00
5                                      6.0134231296499721e+00
6                                      6.1288093055791961e+00
7                                      8.7162253862663697e-01
8                                      8.8181936943650707e-01
9                                      8.8199373570136264e-01
10                                     8.9453424581373775e-01
11                                     8.8879942755475427e-01
12                                     8.8881186527971245e-01
13                                     8.9446996565414005e-01
   &ZA [&Type "ArrayOfDoubles", &Dim (14,1)] "Total nuclear charge"
                                                         0

0                                      6.0000000000000000e+00
1                                      6.0000000000000000e+00
2                                      6.0000000000000000e+00
3                                      6.0000000000000000e+00
4                                      7.0000000000000000e+00
5                                      6.0000000000000000e+00
6                                      6.0000000000000000e+00
7                                      1.0000000000000000e+00
8                                      1.0000000000000000e+00
9                                      1.0000000000000000e+00
10                                     1.0000000000000000e+00
11                                     1.0000000000000000e+00
12                                     1.0000000000000000e+00
13                                     1.0000000000000000e+00
   &QA [&Type "ArrayOfDoubles", &Dim (14,1)] "Mulliken gross atomic charge"
                                                         0

0                                     -3.4836318228065277e-01
1                                      9.6650057112809939e-02
2                                     -1.2874292501025231e-01
3                                     -1.3365016740380931e-02
4                                     -2.6189534978611295e-01
5                                     -1.3423129649972054e-02
6                                     -1.2880930557919612e-01
7                                      1.2837746137336303e-01
8                                      1.1818063056349293e-01
9                                      1.1800626429863736e-01
10                                     1.0546575418626225e-01
11                                     1.1120057244524573e-01
12                                     1.1118813472028755e-01
13                                     1.0553003434585995e-01
   &VA [&Type "ArrayOfDoubles", &Dim (14,1)] "Mayer's total valence"
                                                         0

0                                      3.8571498370110948e+00
1                                      3.6974849631319744e+00
2                                      3.7952314756232588e+00
3                                      4.0212894900338370e+00
4                                      3.0268181642963818e+00
5                                      4.0213548921668192e+00
6                                      3.7944997073398405e+00
7                                      9.7080904165623705e-01
8                                      9.7876837268654793e-01
9                                      9.7894978368324514e-01
10                                     9.7659252562023802e-01
11                                     9.8095316032990953e-01
12                                     9.8095666914305468e-01
13                                     9.7657650263862483e-01
   &BVA [&Type "ArrayOfDoubles", &Dim (14,1)] "Mayer's bonded valence"
                                                         0

0                                      3.8571498370111730e+00
1                                      3.6974849631321809e+00
2                                      3.7952314756233121e+00
3                                      4.0212894900340359e+00
4                                      3.0268181642963867e+00
5                                      4.0213548921670013e+00
6                                      3.7944997073401132e+00
7                                      9.7080904165624504e-01
8                                      9.7876837268657713e-01
9                                      9.7894978368326457e-01
10                                     9.7659252562025733e-01
11                                     9.8095316032996416e-01
12                                     9.8095666914307200e-01
13                                     9.7657650263865148e-01
   &FA [&Type "ArrayOfDoubles", &Dim (14,1)] "Mayer's free valence"
                                                         0

0                                      0.0000000000000000e+00
1                                      0.0000000000000000e+00
2                                      0.0000000000000000e+00
3                                      0.0000000000000000e+00
4                                      0.0000000000000000e+00
5                                      0.0000000000000000e+00
6                                      0.0000000000000000e+00
7                                      0.0000000000000000e+00
8                                      0.0000000000000000e+00
9                                      0.0000000000000000e+00
10                                     0.0000000000000000e+00
11                                     0.0000000000000000e+00
12                                     0.0000000000000000e+00
13                                     0.0000000000000000e+00
$End
$VdW_Correction
   &GeometryIndex 1
   &ListStatus       OUT
   &VDW [&Type "Double"]      -4.0818552979732404e-03
$End
$Calculation_Info
   &GeometryIndex 1
   &ListStatus       OUT
   &MULT [&Type "Integer"] 1
   &CHARGE [&Type "Integer"] 0
   &NUMOFATOMS [&Type "Integer"] 14
   &NUMOFELECTRONS [&Type "Integer"] 50
   &NUMOFFCELECTRONS [&Type "Integer"] 1
   &NUMOFCORRELECTRONS [&Type "Integer"] 0
   &NUMOFBASISFUNCTS [&Type "Integer"] 259
   &NUMOFAUXCBASISFUNCTS [&Type "Integer"] 0
   &NUMOFAUXJBASISFUNCTS [&Type "Integer"] 287
   &NUMOFAUXJKBASISFUNCTS [&Type "Integer"] 0
   &NUMOFCABSBASISFUNCTS [&Type "Integer"] 0
   &TOTALENERGY [&Type "Double"]      -2.8754094899083839e+02  "Hartrees"
$End
$SCF_Dipole_Moment
   &GeometryIndex 1
   &ListStatus       OUT
   &METHOD [&Type "String"] "SCF"
   &LEVEL [&Type "String"] "Relaxed density"
   &MULT [&Type "Integer"] 1
   &STATE [&Type "Integer"] -1
   &IRREP [&Type "Integer"] 0
   &NATOMS [&Type "Integer"] 14
   &DODIPOLEATOM [&Type "Boolean"] false
   &DIPOLEELECCONTRIB [&Type "ArrayOfDoubles", &Dim (3,1)] "Electronic contribution"
                                                         0

0                                     -5.1035664769557094e+00
1                                     -1.7745691272615192e-04
2                                      2.9090952494740020e-02
   &DIPOLENUCCONTRIB [&Type "ArrayOfDoubles", &Dim (3,1)] "Nuclear contribution"
                                                         0

0                                      6.1919314630478048e+00
1                                      4.2907523421842342e-04
2                                     -4.4914201584642904e-02
   &DIPOLETOTAL [&Type "ArrayOfDoubles", &Dim (3,1)] "Total"
                                                         0

0                                      1.0883649860920954e+00
1                                      2.5161832149227150e-04
2                                     -1.5823249089902885e-02
   &DIPOLEMAGNITUDE [&Type "Double", &Units "a.u."]       1.0884800326486417e+00
$End
$THERMOCHEMISTRY_Energies
   &GeometryIndex 1
   &ListStatus       OUT
   &TEMPERATURE [&Type "Double"]       2.9814999999999998e+02
   &PRESSURE [&Type "Double"]       1.0000000000000000e+00
   &TOTALMASS [&Type "Double"]       9.3128999999999991e+01
   &SPINDEGENERACY [&Type "Integer"] 1
   &ELENERGY [&Type "Double"]      -2.8754094899083839e+02
   &TRANSENERGY [&Type "Double"]       1.4162714244859817e-03
   &ROTENERGY [&Type "Double"]       1.4162714244859817e-03
   &VIBENERGY [&Type "Double"]       3.2164295925919328e-03
   &NUMOFFREQS [&Type "Integer"] 42
   &FREQSCALINGFACTOR [&Type "Double"]       1.0000000000000000e+00
   &FREQ [&Type "ArrayOfDoubles", &Dim (42,1)] "In cm^-1"
                                                         0

0                                      0.0000000000000000e+00
1                                      0.0000000000000000e+00
2                                      0.0000000000000000e+00
3                                      0.0000000000000000e+00
4                                      0.0000000000000000e+00
5                                      0.0000000000000000e+00
6                                      6.8398080851627199e+01
7                                      2.0639881908124553e+02
8                                      3.4693291621184289e+02
9                                      3.7918528769974853e+02
10                                     4.9175859028809862e+02
11                                     5.2274323428661387e+02
12                                     6.8866091028252265e+02
13                                     7.5287952861348344e+02
14                                     7.9977112916726526e+02
15                                     8.1580714581888924e+02
16                                     8.7929179276062644e+02
17                                     9.6926262699411711e+02
18                                     9.9208426077585762e+02
19                                     1.0018261618826713e+03
20                                     1.0123696952572528e+03
21                                     1.0548323777074293e+03
22                                     1.0940672448779212e+03
23                                     1.1119590381461880e+03
24                                     1.2365167844185066e+03
25                                     1.2457096706072762e+03
26                                     1.2913608593651145e+03
27                                     1.3557298503023105e+03
28                                     1.3990367936972707e+03
29                                     1.4393831665319669e+03
30                                     1.4765970925609415e+03
31                                     1.4815422364716296e+03
32                                     1.5205661325861390e+03
33                                     1.5952129573312741e+03
34                                     1.6306108426194889e+03
35                                     3.0117302456545308e+03
36                                     3.0797003519915979e+03
37                                     3.1087487446414038e+03
38                                     3.1268344847706430e+03
39                                     3.1289050535057004e+03
40                                     3.1595608901096680e+03
41                                     3.1617907957400257e+03
   &ZPE [&Type "Double"]       1.1536131886309887e-01
   &INNERENERGYU [&Type "Double"]      -2.8741953869953369e+02
   &ENTHALPYH [&Type "Double"]      -2.8741859449049144e+02
   &QEL [&Type "Double"]       0.0000000000000000e+00
   &QROT [&Type "Double"]       1.2776630228833690e-02
   &QVIB [&Type "Double"]       5.1822161067188004e-03
   &QTRANS [&Type "Double"]       1.8770425465345273e-02
   &ENTROPYS [&Type "Double"]       3.6729271800897759e-02
   &FREEENERGYG [&Type "Double"]      -2.8745532376229232e+02
   &ISLINEAR [&Type "Boolean"] false
$End
$Hessian
   &GeometryIndex 1
   &ListStatus       OUT
   &HESSIAN [&Type "ArrayOfDoubles", &Dim (42,42)] "The Hessian"
                                                         0                           1                           2                           3                           4                           5                           6                           7

0                                      4.7734103616974222e-01        -2.0025745651304483e-04         1.2935714850893842e-02        -2.0962028185454665e-01        -3.2703064423933475e-05         1.5278412933069092e-03        -2.4079816766303611e-02        -5.2657017840018888e-03
1                                     -2.0025745651304483e-04         5.7704647826430577e-01         1.4926636040704059e-05         1.0897138861778452e-04        -8.9847635286206248e-02        -4.2848224552765502e-06        -3.0008348858102288e-02         4.1866612453467797e-03
2                                      1.2935714850893842e-02         1.4926636040704059e-05         5.2688325382115109e-01        -4.0722470898789352e-03         7.8127271241882110e-07        -7.1364673690597152e-02         6.9434793927213630e-05         7.8039972636124869e-04
3                                     -2.0962028185454665e-01         1.0897138861778452e-04        -4.0722470898789352e-03         6.4661263396732793e-01         1.1772631831857751e-04        -1.3591101259203659e-03        -1.7670554131318716e-01        -1.1430519874540460e-01
4                                     -3.2703064423933475e-05        -8.9847635286206248e-02         7.8127271241882110e-07         1.1772631831857751e-04         6.6528611570293661e-01        -1.0544948395961237e-05        -5.3547080351765648e-02        -2.7021558775368282e-01
5                                      1.5278412933069092e-03        -4.2848224552765502e-06        -7.1364673690597152e-02        -1.3591101259203659e-03        -1.0544948395961237e-05         1.8019649870242599e-01        -5.6493241127759182e-04        -5.7980137783082740e-04
6                                     -2.4079816766303611e-02        -3.0008348858102288e-02         6.9434793927213630e-05        -1.7670554131318716e-01        -5.3547080351765648e-02        -5.6493241127759182e-04         6.7869560975314280e-01        -3.4188937960268270e-02
7                                     -5.2657017840018888e-03         4.1866612453467797e-03         7.8039972636124869e-04        -1.1430519874540460e-01        -2.7021558775368282e-01        -5.7980137783082740e-04        -3.4188937960268270e-02         7.1649049829607758e-01
8                                     -1.0551640466807547e-05         1.7409999416858706e-03         6.0285328312128534e-03        -3.5284666398193896e-04         1.0284977508604760e-03        -6.7497481732027326e-02         3.6204997492555986e-03        -2.6407489662783048e-03
9                                      3.1923151295132606e-03        -1.9291783864227546e-03        -1.6184082743316822e-03        -2.9923611619819247e-02        -7.8094512031394767e-02        -1.7601894549571558e-04        -3.2253377933748184e-01         2.9721344847792746e-02
10                                    -2.1676558397023022e-03        -5.3192952755481355e-03        -4.6680474434282270e-04        -3.1841710014665500e-02         4.1709931164729208e-02         5.3238533459251409e-04        -3.5572535655278008e-02        -1.3403004236412885e-01
11                                    -5.5442381737623838e-04         1.2892714542724222e-03         8.4291917792007828e-03         1.9629119761407606e-04        -7.3561964876610504e-04         7.1427775182667510e-03        -1.6388909847280992e-03         2.8460809353055873e-04
12                                    -1.2795516334360964e-03        -2.4345573105433483e-05         1.0817635000369796e-03         8.5894383368770033e-03         3.8327810468449662e-07        -2.7280557663172120e-04        -3.0696057971302652e-02         3.5992493637212436e-02
13                                    -3.0821988961745262e-05         1.4710829430268917e-04         3.7200641232364630e-06         2.0952328680387606e-05        -7.9608410352954351e-02         1.9792257384518468e-06         9.4639308072556938e-02         2.4006942587981330e-02
14                                     2.8135393302630100e-04        -4.0105287836342914e-07        -4.1200340777253633e-03         1.2683811902814996e-04        -3.6363111691982495e-07        -1.1043355013680339e-02        -5.3546105212021579e-04         1.9342350256086447e-04
15                                     3.2533281024666027e-03         1.9827704269939589e-03        -1.6245343151366028e-03        -2.9956477965677138e-02         7.8090489998986878e-02        -1.7707824690652680e-04        -5.1496842768914738e-02        -2.0606709076646218e-02
16                                     2.1977643390763478e-03        -5.3501894365291583e-03         4.6392028578934579e-04         3.1830622350663182e-02         4.1712301953829641e-02        -5.3714064300736802e-04        -3.7779640509574289e-02        -1.5587885514413830e-02
17                                    -5.5550859856022907e-04        -1.2875008325573113e-03         8.3720831726967759e-03         1.9050786535590165e-04         7.3345984837577425e-04         7.1543914418653780e-03        -3.4368005667569264e-04        -2.3901658718081752e-04
18                                    -2.4139490447363507e-02         3.0015235542016374e-02         7.6503892689231030e-05        -1.7658291142107829e-01         5.3493581226785311e-02        -5.6950590089998774e-04         6.1379046760318731e-02         1.6998758049606672e-02
19                                     5.3001769255721851e-03         4.2312872195240494e-03        -7.8352927552733254e-04         1.1418122088350406e-01        -2.7016087181124249e-01         5.9430844575284435e-04        -1.7035314072058549e-02        -5.7020293377108171e-02
20                                    -1.0380900771202683e-05        -1.7417145275399016e-03         5.9574130522025859e-03        -3.5738898823902473e-04        -1.0138872525138022e-03        -6.7532775722442942e-02         1.1093181555168704e-03         4.4105515392589480e-04
21                                    -6.8833093777431520e-02        -4.7824868316799572e-04         8.0936760709527850e-02        -1.4849193135184400e-02        -2.2002550220281839e-04         3.1744023275434720e-02        -7.0979197706574080e-04         1.1834104997211295e-03
22                                    -4.5309362699862750e-04        -4.2240663279756473e-02         1.4889098355041486e-03        -4.7162323665565304e-05        -8.4005028486108238e-04        -1.4065605715511346e-05        -2.0112081225399465e-03        -2.5468863834303412e-04
23                                     7.6868758804915838e-02         1.4922320564313618e-03        -2.7456950866598756e-01         1.7795345849933846e-03        -1.5612922423572030e-05         2.4304125612406909e-03        -4.1268181178784704e-04        -6.8749060612391258e-04
24                                    -7.9054293844400131e-02        -7.3824720903595931e-02        -4.4541871243570501e-02        -1.3147556092058778e-02        -2.8956849520104678e-02        -1.5262474129930476e-02        -5.7696139432574971e-03         2.1452493985967052e-03
25                                    -7.5644835854744547e-02        -2.2151839668665946e-01        -9.8458095904082388e-02        -8.2183581353117291e-04        -3.3149958144840274e-04         1.8780626020165193e-03        -5.2183703303855522e-04         6.5798395325591171e-04
26                                    -4.6389286657604112e-02        -9.8773752356551336e-02        -9.9960473757033708e-02         2.9117371704809637e-03         2.5137919947257666e-03        -3.7271940317612669e-04        -7.0652821481346313e-05        -8.4175269142107607e-06
27                                    -7.9134189698630925e-02         7.4376962142855260e-02        -4.3591946488328204e-02        -1.3107343993834718e-02         2.9148384179612449e-02        -1.4928079883409870e-02         1.9762796092124618e-03         1.5041098721466696e-03
28                                     7.6286882387480714e-02        -2.2397160689746445e-01         9.6960975526526869e-02         7.6252419316125489e-04        -3.0517865442715231e-04        -1.8590867920693782e-03        -2.0285094417741350e-03         6.4874383817784464e-04
29                                    -4.5451627784185537e-02         9.7267133278983869e-02        -9.7622766693310076e-02         2.9054036114974542e-03        -2.5067827067857141e-03        -4.4865016241395564e-04         1.5785335812931386e-04         1.1009397605379802e-04
30                                     1.4214720246750216e-03        -7.0854233865760971e-04         3.4151993420740944e-04         1.0318092846013868e-02        -1.4221476467950838e-02        -5.3462538736363460e-06        -1.1742177948451982e-01         1.1213161986169065e-01
31                                     1.7861370246565237e-03         1.2907317122760704e-03         4.3328503801169909e-04         1.5478338934952110e-02        -2.0227373071462343e-02         2.8227387154840331e-04         1.1176071923601077e-01        -2.6969248475866603e-01
32                                     5.1494898094541798e-04        -8.0175842126615224e-04        -3.5382596005744523e-03        -6.6417267980554832e-04        -3.2582704355374557e-05         2.9102572228754953e-03        -1.2561403354098204e-03         2.1907537975568224e-03
33                                    -2.3946067527370364e-04        -1.5738665652006898e-03        -1.5950400173732722e-04        -5.9860701698130157e-03         1.8251635696525683e-03         7.2100207105034691e-06        -1.1493560282840435e-02        -2.7705056282220687e-02
34                                     1.0173046837427813e-04         2.1522148835528701e-05         3.7707594151054199e-05         7.8107124607389774e-04         1.5268755896020421e-03        -3.8676068773139060e-05         1.8767573997770723e-03         3.6221266501887959e-03
35                                     1.5649602546198468e-04        -1.0940000771260977e-04        -4.9748578997501432e-04        -3.0356927843436200e-04        -1.2363102791495320e-04         7.7560510678171858e-03        -1.3248369272544065e-04        -6.4677124343469079e-05
36                                    -2.3799446810677865e-04         1.5788404400266692e-03        -1.5949863073266447e-04        -5.9869082700413460e-03        -1.8252683807879193e-03         7.0748748814527997e-06        -4.2043402821313378e-04        -1.2548291688756613e-03
37                                    -1.0181839234231060e-04         2.3078216306121504e-05        -3.7681538141653113e-05        -7.7952417389481801e-04         1.5254590425868111e-03         4.0417652103390766e-05        -2.8057372874599009e-04         1.2335934332436153e-04
38                                     1.5666166642512702e-04         1.0947651226003645e-04        -4.9207085034177816e-04        -3.0123871087858045e-04         1.2419509120126763e-04         7.7620207698818966e-03        -3.3581610140353574e-05        -2.0273595541548863e-05
39                                     1.4100217390958601e-03         6.8595948881928570e-04         3.4049273584628209e-04         1.0345730685022005e-02         1.4225009714217286e-02        -7.5046881254830014e-06        -7.2371824958731516e-04         3.7441721040465167e-03
40                                    -1.7770338020352276e-03         1.3009197612668909e-03        -4.3492743980961179e-04        -1.5488819539856716e-02        -2.0224076657399385e-02        -2.7981731288278903e-04         4.6024757714047040e-03        -2.9353335080098408e-03
41                                     5.1582347057581345e-04         8.0118506396976226e-04        -3.5052015309190946e-03        -6.6303231369338662e-04         3.2289323774825976e-05         2.9072464399644490e-03         3.5802395526786115e-05         2.2340441600114040e-04
                                                         8                           9                          10                          11                          12                          13                          14                          15

0                                     -1.0551640466807547e-05         3.1923151295132606e-03        -2.1676558397023022e-03        -5.5442381737623838e-04        -1.2795516334360964e-03        -3.0821988961745262e-05         2.8135393302630100e-04         3.2533281024666027e-03
1                                      1.7409999416858706e-03        -1.9291783864227546e-03        -5.3192952755481355e-03         1.2892714542724222e-03        -2.4345573105433483e-05         1.4710829430268917e-04        -4.0105287836342914e-07         1.9827704269939589e-03
2                                      6.0285328312128534e-03        -1.6184082743316822e-03        -4.6680474434282270e-04         8.4291917792007828e-03         1.0817635000369796e-03         3.7200641232364630e-06        -4.1200340777253633e-03        -1.6245343151366028e-03
3                                     -3.5284666398193896e-04        -2.9923611619819247e-02        -3.1841710014665500e-02         1.9629119761407606e-04         8.5894383368770033e-03         2.0952328680387606e-05         1.2683811902814996e-04        -2.9956477965677138e-02
4                                      1.0284977508604760e-03        -7.8094512031394767e-02         4.1709931164729208e-02        -7.3561964876610504e-04         3.8327810468449662e-07        -7.9608410352954351e-02        -3.6363111691982495e-07         7.8090489998986878e-02
5                                     -6.7497481732027326e-02        -1.7601894549571558e-04         5.3238533459251409e-04         7.1427775182667510e-03        -2.7280557663172120e-04         1.9792257384518468e-06        -1.1043355013680339e-02        -1.7707824690652680e-04
6                                      3.6204997492555986e-03        -3.2253377933748184e-01        -3.5572535655278008e-02        -1.6388909847280992e-03        -3.0696057971302652e-02         9.4639308072556938e-02        -5.3546105212021579e-04        -5.1496842768914738e-02
7                                     -2.6407489662783048e-03         2.9721344847792746e-02        -1.3403004236412885e-01         2.8460809353055873e-04         3.5992493637212436e-02         2.4006942587981330e-02         1.9342350256086447e-04        -2.0606709076646218e-02
8                                      1.2718478832301197e-01        -1.3247199293814902e-03        -5.2704088207918562e-04        -6.8098853178169286e-02        -3.9453013033832052e-04         1.3689197392271644e-03         2.4343145340329969e-02        -9.0564270367543835e-04
9                                     -1.3247199293814902e-03         6.7774084018567071e-01         5.0289375715874260e-02         3.5048536014401152e-03        -1.8138569519877037e-01         8.2067059988504262e-02        -6.6770229072039204e-04         5.4661363368990551e-02
10                                    -5.2704088207918562e-04         5.0289375715874260e-02         7.1732829525692055e-01        -7.9877363003185223e-04         1.0261795092416859e-01        -2.6996123352321200e-01         1.1314203765562783e-03        -2.3307589948426025e-02
11                                    -6.8098853178169286e-02         3.5048536014401152e-03        -7.9877363003185223e-04         1.5807901719406828e-01        -7.3977067397085531e-04         8.1363222722545840e-04        -6.8748341710282879e-02         3.5158410754157141e-04
12                                    -3.9453013033832052e-04        -1.8138569519877037e-01         1.0261795092416859e-01        -7.3977067397085531e-04         4.0426416846865376e-01        -3.9440330201029566e-05         2.1635632021640384e-03        -1.8137267955860545e-01
13                                     1.3689197392271644e-03         8.2067059988504262e-02        -2.6996123352321200e-01         8.1363222722545840e-04        -3.9440330201029566e-05         6.3304353454931594e-01        -2.6736964595221334e-06        -8.2020124172758974e-02
14                                     2.4343145340329969e-02        -6.6770229072039204e-04         1.1314203765562783e-03        -6.8748341710282879e-02         2.1635632021640384e-03        -2.6736964595221334e-06         9.5156545296959952e-02        -6.8143741224110824e-04
15                                    -9.0564270367543835e-04         5.4661363368990551e-02        -2.3307589948426025e-02         3.5158410754157141e-04        -1.8137267955860545e-01        -8.2020124172758974e-02        -6.8143741224110824e-04         6.7780505078152431e-01
16                                    -5.6204194675219140e-04         2.3278786423369946e-02        -9.9336426766626906e-02         3.4633038442174644e-04        -1.0257511041438913e-01        -2.6983028538928350e-01        -1.1394524955887959e-03        -5.0341215414340501e-02
