*************************************************
******************* ORCA 6.0.0 ******************
*************************************************
$Calculation_Status
   &GeometryIndex 1
   &ListStatus       OUT
   &VERSION [&Type "String"] "6.0.0"
   &PROGNAME [&Type "String"] "LeanSCF"
   &STATUS [&Type "String"] "NORMAL TERMINATION"
$End
$Geometry
   &GeometryIndex 1
   &ListStatus       OUT
   &NATOMS [&Type "Integer"] 10
   &NCORELESSECP [&Type "Integer"] 0
   &NGHOSTATOMS [&Type "Integer"] 0
   &CartesianCoordinates [&Type "Coordinates", &Dim(10,4), &Units "Bohr"] 
              C     -1.343348498292   -1.115573330523   -0.529277985535
              C      1.321806159504   -1.221356819158    0.505748176041
              O      2.604742652519    0.973217460658   -0.442777154467
              O     -2.664515638967    1.056247157726    0.345858219760
              H     -2.405447754429   -2.769765936081    0.117136854021
              H     -1.270766292752   -1.160518905137   -2.610009175257
              H      2.259125155145   -2.967023175741   -0.132014475311
              H      1.260653061841   -1.202347624048    2.582647307866
              H      4.141159257482    1.201737768607    0.499901196142
              H     -1.594191175977    2.485016021050   -0.030102128645
$End
$SCF_Energy
   &GeometryIndex 1
   &ListStatus       OUT
   &SCF_ENERGY [&Type "Double"]      -2.3022917887854288e+02
$End
$DFT_Energy
   &GeometryIndex 1
   &ListStatus       OUT
   &NALPHAEL [&Type "Integer"] 17
   &NBETAEL [&Type "Integer"] 17
   &NTOTALEL [&Type "Integer"] 34
   &EEXCHANGE [&Type "Double"]      -2.9093992645427353e+01
   &ECORR [&Type "Double"]      -1.0940167189297310e+00
   &ECNL [&Type "Double"]       0.0000000000000000e+00
   &EXC [&Type "Double"]      -3.0188009364357082e+01
   &EEMBED [&Type "Double"]       0.0000000000000000e+00
   &FINALEN [&Type "Double"]      -2.3022917887854288e+02  "No Van der Waals correction"
$End
$Mulliken_Population_Analysis
   &GeometryIndex 1
   &ListStatus       OUT
   &NATOMS [&Type "Integer"] 10
   &ATNO [&Type "ArrayOfIntegers", &Dim (10,1)] 
                                                         0

0                                                        6
1                                                        6
2                                                        8
3                                                        8
4                                                        1
5                                                        1
6                                                        1
7                                                        1
8                                                        1
9                                                        1
   &ATOMICCHARGES [&Type "ArrayOfDoubles", &Dim (10,1)] 
                                                         0

0                                      5.6386310607692280e-02
1                                     -3.5827359136082038e-02
2                                     -4.8279333080014020e-01
3                                     -4.7966845172124550e-01
4                                      8.4808455666054994e-02
5                                      7.6688765748719856e-02
6                                      7.2608454015463675e-02
7                                      8.9193782996995985e-02
8                                      3.0763848232102453e-01
9                                      3.1096489030159802e-01
$End
$Loewdin_Population_Analysis
   &GeometryIndex 1
   &ListStatus       OUT
   &NATOMS [&Type "Integer"] 10
   &ATNO [&Type "ArrayOfIntegers", &Dim (10,1)] 
                                                         0

0                                                        6
1                                                        6
2                                                        8
3                                                        8
4                                                        1
5                                                        1
6                                                        1
7                                                        1
8                                                        1
9                                                        1
   &ATOMICCHARGES [&Type "ArrayOfDoubles", &Dim (10,1)] 
                                                         0

0                                     -3.5301176858895644e-01
1                                     -3.5530637151355116e-01
2                                     -6.0093472237257473e-02
3                                     -4.8319521295441703e-02
4                                      1.2776008919963233e-01
5                                      1.1687260253062026e-01
6                                      1.1510224678180703e-01
7                                      1.1539552080398718e-01
8                                      1.6926913954230616e-01
9                                      1.7233153477693908e-01
$End
$Mayer_Population_Analysis
   &GeometryIndex 1
   &ListStatus       OUT
   &NATOMS [&Type "Integer"] 10 "Total number of atoms"
   &BONDTHRESH [&Type "Double"]       1.0000000000000001e-01  "The threshold for printing"
   &NBONDORDERSPRINT [&Type "Integer"] 9 "The number of bond orders larger than threshold"
   &BONDORDERS [&Type "ArrayOfDoubles", &Dim (9,1)] "The bond orders"
                                                         0

0                                      9.8507479743523407e-01
1                                      9.8730066244988368e-01
2                                      9.5576009819810370e-01
3                                      9.5797334312377036e-01
4                                      1.0045465670170570e+00
5                                      9.5429728603752095e-01
6                                      9.6056388856110686e-01
7                                      9.0151739069574477e-01
8                                      8.8353907847367463e-01
   &COMPONENTS [&Type "ArrayOfIntegers", &Dim (9,4)] "The indices and atomic numbers of the bonding atoms"
                                                         0                           1                           2                           3

0                                                        0                           6                           1                           6
1                                                        0                           6                           3                           8
2                                                        0                           6                           4                           1
3                                                        0                           6                           5                           1
4                                                        1                           6                           2                           8
5                                                        1                           6                           6                           1
6                                                        1                           6                           7                           1
7                                                        2                           8                           8                           1
8                                                        3                           8                           9                           1
   &ATNO [&Type "ArrayOfIntegers", &Dim (10,1)] "Atomic number of the elements"
                                                         0

0                                                        6
1                                                        6
2                                                        8
3                                                        8
4                                                        1
5                                                        1
6                                                        1
7                                                        1
8                                                        1
9                                                        1
   &NA [&Type "ArrayOfDoubles", &Dim (10,1)] "Mulliken gross atomic population"
                                                         0

0                                      5.9436136893923095e+00
1                                      6.0358273591360900e+00
2                                      8.4827933308001722e+00
3                                      8.4796684517212899e+00
4                                      9.1519154433394512e-01
5                                      9.2331123425128014e-01
6                                      9.2739154598453755e-01
7                                      9.1080621700300446e-01
8                                      6.9236151767897591e-01
9                                      6.8903510969840198e-01
   &ZA [&Type "ArrayOfDoubles", &Dim (10,1)] "Total nuclear charge"
                                                         0

0                                      6.0000000000000000e+00
1                                      6.0000000000000000e+00
2                                      8.0000000000000000e+00
3                                      8.0000000000000000e+00
4                                      1.0000000000000000e+00
5                                      1.0000000000000000e+00
6                                      1.0000000000000000e+00
7                                      1.0000000000000000e+00
8                                      1.0000000000000000e+00
9                                      1.0000000000000000e+00
   &QA [&Type "ArrayOfDoubles", &Dim (10,1)] "Mulliken gross atomic charge"
                                                         0

0                                      5.6386310607690504e-02
1                                     -3.5827359136090031e-02
2                                     -4.8279333080017217e-01
3                                     -4.7966845172128991e-01
4                                      8.4808455666054883e-02
5                                      7.6688765748719856e-02
6                                      7.2608454015462454e-02
7                                      8.9193782996995541e-02
8                                      3.0763848232102409e-01
9                                      3.1096489030159802e-01
   &VA [&Type "ArrayOfDoubles", &Dim (10,1)] "Mayer's total valence"
                                                         0

0                                      3.8644220361662920e+00
1                                      3.9698998639030809e+00
2                                      1.9068357646070719e+00
3                                      1.9296934504095384e+00
4                                      9.7205845524766732e-01
5                                      9.7594008449326153e-01
6                                      9.6932057093409563e-01
7                                      9.6915887717914639e-01
8                                      9.2312841097251830e-01
9                                      9.3287849362130382e-01
   &BVA [&Type "ArrayOfDoubles", &Dim (10,1)] "Mayer's bonded valence"
                                                         0

0                                      3.8644220361662649e+00
1                                      3.9698998639030050e+00
2                                      1.9068357646069816e+00
3                                      1.9296934504094907e+00
4                                      9.7205845524765677e-01
5                                      9.7594008449326120e-01
6                                      9.6932057093407686e-01
7                                      9.6915887717913574e-01
8                                      9.2312841097251630e-01
9                                      9.3287849362130326e-01
   &FA [&Type "ArrayOfDoubles", &Dim (10,1)] "Mayer's free valence"
                                                         0

0                                      0.0000000000000000e+00
1                                      0.0000000000000000e+00
2                                      0.0000000000000000e+00
3                                      0.0000000000000000e+00
4                                      0.0000000000000000e+00
5                                      0.0000000000000000e+00
6                                      0.0000000000000000e+00
7                                      0.0000000000000000e+00
8                                      0.0000000000000000e+00
9                                      0.0000000000000000e+00
$End
$VdW_Correction
   &GeometryIndex 1
   &ListStatus       OUT
   &VDW [&Type "Double"]      -1.5735963529024432e-03
$End
$Calculation_Info
   &GeometryIndex 1
   &ListStatus       OUT
   &MULT [&Type "Integer"] 1
   &CHARGE [&Type "Integer"] 0
   &NUMOFATOMS [&Type "Integer"] 10
   &NUMOFELECTRONS [&Type "Integer"] 34
   &NUMOFFCELECTRONS [&Type "Integer"] 1
   &NUMOFCORRELECTRONS [&Type "Integer"] 0
   &NUMOFBASISFUNCTS [&Type "Integer"] 160
   &NUMOFAUXCBASISFUNCTS [&Type "Integer"] 0
   &NUMOFAUXJBASISFUNCTS [&Type "Integer"] 186
   &NUMOFAUXJKBASISFUNCTS [&Type "Integer"] 0
   &NUMOFCABSBASISFUNCTS [&Type "Integer"] 0
   &TOTALENERGY [&Type "Double"]      -2.3022332470299577e+02  "Hartrees"
$End
$SCF_Dipole_Moment
   &GeometryIndex 1
   &ListStatus       OUT
   &METHOD [&Type "String"] "SCF"
   &LEVEL [&Type "String"] "Relaxed density"
   &MULT [&Type "Integer"] 1
   &STATE [&Type "Integer"] -1
   &IRREP [&Type "Integer"] 0
   &NATOMS [&Type "Integer"] 10
   &DODIPOLEATOM [&Type "Boolean"] false
   &DIPOLEELECCONTRIB [&Type "ArrayOfDoubles", &Dim (3,1)] "Electronic contribution"
                                                         0

0                                     -2.6178929307644816e-01
1                                      1.8448406556311672e+00
2                                     -6.2370057507937920e-02
   &DIPOLENUCCONTRIB [&Type "ArrayOfDoubles", &Dim (3,1)] "Nuclear contribution"
                                                         0

0                                      1.1287069146354649e+00
1                                     -2.1726535610902360e+00
2                                      2.7915848589866643e-01
   &DIPOLETOTAL [&Type "ArrayOfDoubles", &Dim (3,1)] "Total"
                                                         0

0                                      8.6691762155901675e-01
1                                     -3.2781290545906883e-01
2                                      2.1678842839072851e-01
   &DIPOLEMAGNITUDE [&Type "Double", &Units "a.u."]       9.5184278441304626e-01
$End
$THERMOCHEMISTRY_Energies
   &GeometryIndex 1
   &ListStatus       OUT
   &TEMPERATURE [&Type "Double"]       2.9814999999999998e+02
   &PRESSURE [&Type "Double"]       1.0000000000000000e+00
   &TOTALMASS [&Type "Double"]       6.2068000000000005e+01
   &SPINDEGENERACY [&Type "Integer"] 1
   &ELENERGY [&Type "Double"]      -2.3022332470299577e+02
   &TRANSENERGY [&Type "Double"]       1.4162714244859817e-03
   &ROTENERGY [&Type "Double"]       1.4162714244859817e-03
   &VIBENERGY [&Type "Double"]       2.2274545505626192e-03
   &NUMOFFREQS [&Type "Integer"] 30
   &FREQSCALINGFACTOR [&Type "Double"]       1.0000000000000000e+00
   &FREQ [&Type "ArrayOfDoubles", &Dim (30,1)] "In cm^-1"
                                                         0

0                                      0.0000000000000000e+00
1                                      0.0000000000000000e+00
2                                      0.0000000000000000e+00
3                                      0.0000000000000000e+00
4                                      0.0000000000000000e+00
5                                      0.0000000000000000e+00
6                                      1.7877447598311329e+02
7                                      2.5578337760865449e+02
8                                      3.3044099132915301e+02
9                                      4.2505856587587959e+02
10                                     5.2586745543607265e+02
11                                     8.6725352777822093e+02
12                                     8.8446440825966715e+02
13                                     1.0370656292919944e+03
14                                     1.0596525478076578e+03
15                                     1.1040532264087421e+03
16                                     1.1794702023073646e+03
17                                     1.2527426442860963e+03
18                                     1.2935158208509063e+03
19                                     1.3736946519531132e+03
20                                     1.4131768036521303e+03
21                                     1.4360620708672739e+03
22                                     1.4847093853515710e+03
23                                     1.4933173690152644e+03
24                                     2.9617684082360870e+03
25                                     2.9661116765250372e+03
26                                     3.0181663601477544e+03
27                                     3.0679242036905275e+03
28                                     3.7789688803204044e+03
29                                     3.8364420800587927e+03
   &ZPE [&Type "Double"]       8.4803616213371402e-02
   &INNERENERGYU [&Type "Double"]      -2.3013346108938285e+02
   &ENTHALPYH [&Type "Double"]      -2.3013251688034060e+02
   &QEL [&Type "Double"]       0.0000000000000000e+00
   &QROT [&Type "Double"]       1.1507762447902989e-02
   &QVIB [&Type "Double"]       3.5507958069590896e-03
   &QTRANS [&Type "Double"]       1.8195766153547958e-02
   &ENTROPYS [&Type "Double"]       3.3254324408410037e-02
   &FREEENERGYG [&Type "Double"]      -2.3016577120474901e+02
   &ISLINEAR [&Type "Boolean"] false
$End
$Hessian
   &GeometryIndex 1
   &ListStatus       OUT
   &HESSIAN [&Type "ArrayOfDoubles", &Dim (30,30)] "The Hessian"
                                                         0                           1                           2                           3                           4                           5                           6                           7

0                                      4.8263930081049655e-01         8.1548546612266598e-02        -2.1548484329263588e-02        -1.6299019642900175e-01        -9.2309741144902951e-03        -4.5206482953986646e-02        -3.1907653918175266e-02        -1.0316794252518732e-02
1                                      8.1548546612266598e-02         5.4277849683156276e-01        -4.0293857901615007e-02         1.3800478375919793e-02        -6.8835914306095924e-02         5.5151489156394437e-03        -4.0024144563420100e-02        -1.2915855044091519e-02
2                                     -2.1548484329263588e-02        -4.0293857901615007e-02         5.5823095718664983e-01        -4.9804453932211390e-02        -1.2290573203599213e-03        -1.0502377464052695e-01         1.5158197310998722e-02         2.0899654149349224e-03
3                                     -1.6299019642900175e-01         1.3800478375919793e-02        -4.9804453932211390e-02         4.7360954954963325e-01        -5.6921509923767065e-02         6.1228812211741278e-03        -9.9664580500923278e-02        -3.2245015204669436e-02
4                                     -9.2309741144902951e-03        -6.8835914306095924e-02        -1.2290573203599213e-03        -5.6921509923767065e-02         4.9985679988688309e-01         4.1863282124645004e-02        -5.7285603694872594e-02        -1.5385952435527972e-01
5                                     -4.5206482953986646e-02         5.5151489156394437e-03        -1.0502377464052695e-01         6.1228812211741278e-03         4.1863282124645004e-02         5.7297136090612411e-01         1.9947961125283388e-02         5.6446575217612351e-02
6                                     -3.1907653918175266e-02        -4.0024144563420100e-02         1.5158197310998722e-02        -9.9664580500923278e-02        -5.7285603694872594e-02         1.9947961125283388e-02         4.9773277242591135e-01         1.4491381630013148e-01
7                                     -1.0316794252518732e-02        -1.2915855044091519e-02         2.0899654149349224e-03        -3.2245015204669436e-02        -1.5385952435527972e-01         5.6446575217612351e-02         1.4491381630013148e-01         2.4016939087631523e-01
8                                     -5.5546113640959644e-03        -1.2190372091421242e-02         7.9473062915043288e-03        -7.6166110550915031e-03         3.2620289709715262e-02        -9.5855896954156555e-02         2.0941520406008787e-01        -5.6891464492055226e-02
9                                     -1.1224817944620323e-01         1.8671274267067356e-02         2.8799353534551528e-02        -2.7020124294428519e-02         4.0050755330543510e-02         1.4671759919162270e-02         9.3540708959394432e-04         1.0318793872929194e-03
10                                     6.4600580692480661e-02        -1.6833292316050041e-01        -4.3435926044130241e-02         1.5679935689685433e-02        -2.1649226167841016e-02        -4.6105342707798026e-03        -2.3988612396881465e-03         5.0853204890699217e-03
11                                     3.5218761173888197e-02        -2.6437869165407579e-02        -8.6202024705690300e-02        -1.8672201879534715e-03         5.7140290226047035e-03         6.2084714292222412e-03        -3.3252232673520576e-04         6.2397690987001054e-04
12                                    -1.2466311643633246e-01        -1.1108631479157471e-01         4.3760522799449739e-02        -1.0491303494739299e-02        -2.4216458887254686e-02         1.3831084375735414e-02        -7.4738966339132950e-03        -3.6701866611977326e-04
13                                    -1.0376589313701681e-01        -1.9767548647533184e-01         6.5199577727198560e-02        -1.2938821576551733e-03         5.9193830555169091e-04        -1.5935429278444014e-04         1.1403960705224161e-03         1.5750226485071422e-03
14                                     4.6878837337684880e-02         7.1264421635900577e-02        -7.9416111633636655e-02        -6.9832084557782687e-03        -1.0093208416725750e-02         2.8715600458754866e-03        -2.9050352799159440e-03        -3.7971169679501689e-04
15                                    -4.9111753788646982e-02        -3.4117196047109390e-03         3.9318977895025833e-03        -2.4254107123217782e-03         1.2905773063799089e-03        -3.4818090311487609e-02         2.8553106954623971e-03         5.8041834747080264e-04
16                                    -4.5784936059066802e-03        -4.9386988785366098e-02         1.0081861635196331e-02        -2.1215763890459179e-03         1.1779477316685456e-03         2.0140013474629183e-03         6.2714001747557100e-04         6.9381254968277014e-04
17                                     1.5114128685725283e-03         8.4900445912503182e-03        -2.8421553908031599e-01        -3.7194498278553950e-04         2.8833756135047432e-03        -1.6074519065813787e-02         5.1122769234288967e-04        -4.8244356230469927e-04
18                                    -8.5090381194621069e-03         2.5365610588596141e-02         1.4553740035278014e-02        -1.0657020978722703e-01         9.5026694738095746e-02         3.5051352409355530e-02         8.5179651488145047e-03        -2.2449011897313857e-02
19                                     2.1832756498438785e-03        -1.2956333701937463e-03        -1.8596189040144461e-03         9.3688226339950886e-02        -1.9952073177915003e-01        -6.6416535418581779e-02        -1.0647099229926828e-03        -3.6119206097249119e-02
20                                    -5.8922615682942339e-03         9.6559961259446055e-03         3.0561586002629303e-03         3.8181167441629936e-02        -6.6963662690070425e-02        -8.0518139096019042e-02        -4.9434629687989404e-03         1.5774404355760396e-02
21                                    -8.6490089830421925e-04        -2.3388754216898725e-03        -3.4741042728277986e-02        -4.9524118892539840e-02         3.6838663506135886e-03         3.8079578460876282e-03        -3.6292435944486005e-03        -9.7977397004771760e-03
22                                     1.3405083186686251e-03        -1.2555577215213765e-04        -8.9618105165637971e-04         1.9456554489141174e-03        -5.0305316912679018e-02        -1.7333471952375525e-02        -9.0503510590267226e-03        -1.1002047713236563e-02
23                                    -5.3427274211034076e-05        -3.0517208014917991e-03        -1.4951771162844095e-02         3.0066208777629541e-03        -1.2743086944788429e-02        -2.9083181062493713e-01         6.6709902264128745e-03         9.7860603107123231e-03
24                                    -2.8506592491615822e-03        -4.8803188507449274e-03         2.6996502613889951e-03        -1.6206486205126373e-02         1.5719019347836503e-03        -1.2204464757242513e-02        -3.6744798880126278e-01        -6.9812650349988181e-02
25                                    -1.9058873855563162e-03        -6.7811464522566645e-03         2.9461833343104580e-03        -3.1544158236193977e-02        -7.3405467419963861e-03        -1.8574527434687054e-02        -3.6146793727129464e-02        -3.3946962751024802e-02
26                                     1.4278179323809308e-03         2.5516542607767591e-03        -1.2344606714303039e-03         1.8295907185439164e-02         6.8178075478672866e-03         4.8871198991126789e-03        -2.4401133249012236e-01        -2.5750758852351154e-02
27                                     1.0506197474791007e-02         2.2149701222827341e-02        -2.7672519588580065e-03         1.2828807666745900e-03         6.0642866907496505e-03        -1.1027419910582185e-03         8.1908088940972103e-05        -1.5163547728087121e-03
28                                    -1.9669106612307627e-02        -3.7428993465574517e-02         7.4499139476805675e-03        -1.0216896739200726e-03        -1.1542566106115932e-04         1.2798280178020743e-03        -7.3241737199909382e-04         3.2004939730664698e-04
29                                    -6.8236906052336916e-03        -1.5556306407120919e-02         1.8092598160272099e-03         9.3564500479061119e-04         1.1058190996543270e-03         1.3656281011188978e-03         4.9305076856374680e-04        -1.1971344034747953e-03
                                                         8                           9                          10                          11                          12                          13                          14                          15

0                                     -5.5546113640959644e-03        -1.1224817944620323e-01         6.4600580692480661e-02         3.5218761173888197e-02        -1.2466311643633246e-01        -1.0376589313701681e-01         4.6878837337684880e-02        -4.9111753788646982e-02
1                                     -1.2190372091421242e-02         1.8671274267067356e-02        -1.6833292316050041e-01        -2.6437869165407579e-02        -1.1108631479157471e-01        -1.9767548647533184e-01         7.1264421635900577e-02        -3.4117196047109390e-03
2                                      7.9473062915043288e-03         2.8799353534551528e-02        -4.3435926044130241e-02        -8.6202024705690300e-02         4.3760522799449739e-02         6.5199577727198560e-02        -7.9416111633636655e-02         3.9318977895025833e-03
3                                     -7.6166110550915031e-03        -2.7020124294428519e-02         1.5679935689685433e-02        -1.8672201879534715e-03        -1.0491303494739299e-02        -1.2938821576551733e-03        -6.9832084557782687e-03        -2.4254107123217782e-03
4                                      3.2620289709715262e-02         4.0050755330543510e-02        -2.1649226167841016e-02         5.7140290226047035e-03        -2.4216458887254686e-02         5.9193830555169091e-04        -1.0093208416725750e-02         1.2905773063799089e-03
5                                     -9.5855896954156555e-02         1.4671759919162270e-02        -4.6105342707798026e-03         6.2084714292222412e-03         1.3831084375735414e-02        -1.5935429278444014e-04         2.8715600458754866e-03        -3.4818090311487609e-02
6                                      2.0941520406008787e-01         9.3540708959394432e-04        -2.3988612396881465e-03        -3.3252232673520576e-04        -7.4738966339132950e-03         1.1403960705224161e-03        -2.9050352799159440e-03         2.8553106954623971e-03
7                                     -5.6891464492055226e-02         1.0318793872929194e-03         5.0853204890699217e-03         6.2397690987001054e-04        -3.6701866611977326e-04         1.5750226485071422e-03        -3.7971169679501689e-04         5.8041834747080264e-04
8                                      2.4851309400068680e-01         6.5141650403763643e-04         6.4568505777237023e-05         1.6392622304710976e-03        -4.3175760498493703e-03         7.4793791514343516e-05        -3.2304163941078955e-04         1.6545997420304289e-03
9                                      6.5141650403763643e-04         3.3604318431380709e-01         1.2852521649510118e-01        -1.2110480600993032e-01         1.0818170634066111e-02        -1.0285581430586263e-02        -6.4990713225710301e-03        -2.6230164237287896e-03
10                                     6.4568505777237023e-05         1.2852521649510118e-01         5.3969849606464582e-01        -1.1347443203079944e-02         1.9730527584474689e-02        -3.4457474313790350e-02        -1.2777737586011523e-02         1.0213584203928823e-02
11                                     1.6392622304710976e-03        -1.2110480600993032e-01        -1.1347443203079944e-02         1.1218860244167653e-01        -4.7274044641178199e-03         3.7056344109548493e-03         5.5224369805304940e-03         2.0604333250417516e-02
12                                    -4.3175760498493703e-03         1.0818170634066111e-02         1.9730527584474689e-02        -4.7274044641178199e-03         1.3186953800456711e-01         1.1195044381890332e-01        -4.9055730435664954e-02         9.9953727309459641e-04
13                                     7.4793791514343516e-05        -1.0285581430586263e-02        -3.4457474313790350e-02         3.7056344109548493e-03         1.1195044381890332e-01         2.3194728782170015e-01        -6.7960972249933901e-02        -1.3107134439119539e-03
14                                    -3.2304163941078955e-04        -6.4990713225710301e-03        -1.2777737586011523e-02         5.5224369805304940e-03        -4.9055730435664954e-02        -6.7960972249933901e-02         7.8947170141417597e-02         1.7320839390763999e-02
15                                     1.6545997420304289e-03        -2.6230164237287896e-03         1.0213584203928823e-02         2.0604333250417516e-02         9.9953727309459641e-04        -1.3107134439119539e-03         1.7320839390763999e-02         5.4728350037723764e-02
16                                    -9.7327279434044831e-04         1.0771737519238055e-02        -1.2328273947058880e-02        -3.5483270150359243e-02         5.7747713717179287e-04         1.0515481892240924e-03         2.3875923763714994e-02        -6.3696324286890080e-03
17                                     1.7751818321418544e-03         7.5432144352240021e-03        -1.4050724147655246e-02        -7.7725452201131209e-03        -1.1089903592826911e-03         8.9100393298150588e-04        -8.9305354759431077e-03        -6.3257728606762858e-03
18                                    -2.6750940894467801e-03        -8.5597665148099029e-03         3.1269526227464383e-03        -3.3979653157229076e-03         2.8134018422001439e-04        -7.6843482090141989e-04         6.4219043115183012e-04         1.3446480935212376e-03
19                                     1.1247884683951853e-03         1.0812064704263167e-04         1.8646691590863320e-03         6.3721812229645871e-04         8.2824786198333004e-04         3.4722722363258757e-04         3.0611213007681768e-04         1.0501171765876587e-04
20                                     6.9585718654166353e-03        -2.5125099478187241e-03         7.4336845337432886e-04         1.1610246176977745e-03         5.5679000657712528e-04        -3.7824193498110347e-04         2.9493206292621722e-04         6.4560098458014666e-04
21                                     1.9681959050957498e-02         3.3130131466513838e-03        -1.1281599393226137e-03         2.3951497109532425e-03         1.2052188633335651e-03        -1.2159838823683211e-04         5.8100618062824133e-04        -6.0303108472456318e-03
22                                     3.5863806270110821e-02        -6.3388931054314979e-04         7.3672868590298542e-04         1.0048059905895729e-03         7.8198630916207488e-05        -7.6019343761044673e-06        -3.3280964214909349e-04        -6.2503630440842515e-04
23                                    -8.9284908020043630e-03         1.1169444468738590e-03         7.7344043943317455e-04         2.8988514324316907e-03        -6.2223296068980409e-04        -2.1897179851356439e-04         3.9770327600883830e-04        -2.5226255445049452e-03
24                                    -2.1172818019982620e-01         9.3192887132386142e-04        -9.3606286929120118e-04         2.0050469096826264e-04        -1.1900794861727745e-03         3.7777400262947909e-04        -5.1079939372272861e-04         6.1794845954502302e-04
25                                     2.6597504599142063e-04         1.5084619184998513e-03         7.7707950721977049e-04        -4.1362775643086441e-04        -1.5723811320030494e-03         4.7662704828819557e-04        -5.4477926603703464e-04         4.1726192877619971e-04
26                                    -1.6019201596453919e-01         3.2356943232470566e-04        -1.0307604381025503e-04        -9.1845674943419689e-05         8.2504731744766904e-04         1.5570175696217551e-04         7.5704822950278946e-04         1.1946453129734884e-04
27                                     4.8461528307932981e-04        -2.0159061737627199e-01        -2.3728160097823170e-01         7.3068424406722746e-02        -1.3554089081235661e-03         3.9711543718522323e-03         5.3993018940654209e-04        -3.5530278740383316e-04
28                                     2.1418384403527717e-05        -1.8988008708553966e-01        -3.1139439631673416e-01         6.1977818930198367e-02         4.1836135579038768e-03        -3.8490885134055824e-03        -3.4079220116411168e-03        -8.9521759507393849e-04
29                                    -1.5339708601098535e-03         7.6952874079655828e-02         8.4762790785645928e-02        -3.5552233531282999e-02         8.4953112841212788e-04        -1.2584880037974067e-03        -1.2116198727088858e-04        -5.2247874107648527e-04
                                                        16                          17                          18                          19                          20                          21                          22                          23

0                                     -4.5784936059066802e-03         1.5114128685725283e-03        -8.5090381194621069e-03         2.1832756498438785e-03        -5.8922615682942339e-03        -8.6490089830421925e-04         1.3405083186686251e-03        -5.3427274211034076e-05
1                                     -4.9386988785366098e-02         8.4900445912503182e-03         2.5365610588596141e-02        -1.2956333701937463e-03         9.6559961259446055e-03        -2.3388754216898725e-03        -1.2555577215213765e-04        -3.0517208014917991e-03
2                                      1.0081861635196331e-02        -2.8421553908031599e-01         1.4553740035278014e-02        -1.8596189040144461e-03         3.0561586002629303e-03        -3.4741042728277986e-02        -8.9618105165637971e-04        -1.4951771162844095e-02
3                                     -2.1215763890459179e-03        -3.7194498278553950e-04        -1.0657020978722703e-01         9.3688226339950886e-02         3.8181167441629936e-02        -4.9524118892539840e-02         1.9456554489141174e-03         3.0066208777629541e-03
4                                      1.1779477316685456e-03         2.8833756135047432e-03         9.5026694738095746e-02        -1.9952073177915003e-01        -6.6963662690070425e-02         3.6838663506135886e-03        -5.0305316912679018e-02        -1.2743086944788429e-02
5                                      2.0140013474629183e-03        -1.6074519065813787e-02         3.5051352409355530e-02        -6.6416535418581779e-02        -8.0518139096019042e-02         3.8079578460876282e-03        -1.7333471952375525e-02        -2.9083181062493713e-01
6                                      6.2714001747557100e-04         5.1122769234288967e-04         8.5179651488145047e-03        -1.0647099229926828e-03        -4.9434629687989404e-03        -3.6292435944486005e-03        -9.0503510590267226e-03         6.6709902264128745e-03
7                                      6.9381254968277014e-04        -4.8244356230469927e-04        -2.2449011897313857e-02        -3.6119206097249119e-02         1.5774404355760396e-02        -9.7977397004771760e-03        -1.1002047713236563e-02         9.7860603107123231e-03
8                                     -9.7327279434044831e-04         1.7751818321418544e-03        -2.6750940894467801e-03         1.1247884683951853e-03         6.9585718654166353e-03         1.9681959050957498e-02         3.5863806270110821e-02        -8.9284908020043630e-03
9                                      1.0771737519238055e-02         7.5432144352240021e-03        -8.5597665148099029e-03         1.0812064704263167e-04        -2.5125099478187241e-03         3.3130131466513838e-03        -6.3388931054314979e-04         1.1169444468738590e-03
10                                    -1.2328273947058880e-02        -1.4050724147655246e-02         3.1269526227464383e-03         1.8646691590863320e-03         7.4336845337432886e-04        -1.1281599393226137e-03         7.3672868590298542e-04         7.7344043943317455e-04
11                                    -3.5483270150359243e-02        -7.7725452201131209e-03        -3.3979653157229076e-03         6.3721812229645871e-04         1.1610246176977745e-03         2.3951497109532425e-03         1.0048059905895729e-03         2.8988514324316907e-03
12                                     5.7747713717179287e-04        -1.1089903592826911e-03         2.8134018422001439e-04         8.2824786198333004e-04         5.5679000657712528e-04         1.2052188633335651e-03         7.8198630916207488e-05        -6.2223296068980409e-04
13                                     1.0515481892240924e-03         8.9100393298150588e-04        -7.6843482090141989e-04         3.4722722363258757e-04        -3.7824193498110347e-04        -1.2159838823683211e-04        -7.6019343761044673e-06        -2.1897179851356439e-04
14                                     2.3875923763714994e-02        -8.9305354759431077e-03         6.4219043115183012e-04         3.0611213007681768e-04         2.9493206292621722e-04         5.8100618062824133e-04        -3.3280964214909349e-04         3.9770327600883830e-04
