
$orca_hessian_file

$act_atom
  0

$act_coord
  0

$act_energy
        0.000000

$multiplicity
  1

$hessian
45
                    0                  1                  2                  3                  4        
    0      5.6223104561E-01   2.5813186990E-02   6.5903633663E-03  -7.6172865374E-02   3.3032229896E-03
    1      2.5813186990E-02   4.7298119761E-01  -3.0782705482E-02   4.8585861264E-03  -1.6627786494E-01
    2      6.5903633663E-03  -3.0782705482E-02   5.5462770964E-01   8.4406240360E-03  -3.9905860549E-02
    3     -7.6172865374E-02   4.8585861264E-03   8.4406240360E-03   4.4459111639E-01   4.1457134774E-02
    4      3.3032229896E-03  -1.6627786494E-01  -3.9905860549E-02   4.1457134774E-02   4.6981793226E-01
    5      7.3684982078E-03  -3.5100725101E-02  -9.3114242785E-02  -5.9540928468E-02   6.8230943244E-03
    6      5.3981385029E-03  -3.3713581859E-03  -5.4591287059E-04  -1.3276402921E-01  -5.1071257293E-02
    7     -2.7113563300E-02  -2.7894838049E-02   7.2872073700E-03  -5.8076947981E-02  -1.2147441447E-01
    8     -7.6372909179E-03  -7.0343702392E-03   2.9819588885E-03   3.1916074463E-02   2.1035425291E-02
    9     -2.0020111335E-02   1.4933960970E-02  -1.0032767260E-02  -1.1615444819E-01   3.3605557038E-02
   10      3.6216717153E-02  -1.6602084855E-02   2.0297354613E-02   9.4345008920E-03  -9.4685249857E-02
   11      5.3961095388E-04   2.4203014260E-03   5.2465438272E-03  -1.6543978657E-02   3.5650132957E-02
   12      2.7145361307E-03   1.4691472643E-03   8.1340535799E-04  -4.8628837794E-02  -9.0991256732E-03
   13      4.2598476444E-03   1.0729529206E-03   1.2060686119E-03   7.9637368578E-03   6.6429561801E-03
   14     -9.2843376397E-04   1.0322224326E-03  -1.7742316027E-04  -1.1835248024E-02  -1.0041889278E-02
   15     -5.0020458503E-02  -4.9148996357E-04   3.2142451865E-02  -2.3531447574E-03   1.4823232949E-03
   16      2.4680014942E-04  -4.6174056750E-02  -6.9193715152E-03   3.3958470706E-03  -2.6017740988E-03
   17      3.2134335968E-02  -8.0664459308E-03  -2.9860788393E-01   7.9895893469E-04  -6.1110640115E-04
   18     -2.2366901745E-01   7.4896963235E-02  -9.5941823280E-02  -6.2838193767E-03  -1.2188491799E-04
   19      7.3449316484E-02  -7.5264075844E-02   3.8159278931E-02   2.4930499634E-02  -6.9030246835E-03
   20     -9.6255552472E-02   3.9151027047E-02  -9.6752942785E-02   8.0956192807E-03  -2.3338552294E-03
   21     -1.9712182547E-01  -1.1859044413E-01   5.3135859044E-02   4.7221642842E-03   4.0824994393E-03
   22     -1.1743040581E-01  -1.3746578341E-01   4.0028752105E-02  -2.7106650367E-02  -1.7265106868E-02
   23      5.3602288188E-02   4.0257854435E-02  -6.5279139128E-02  -9.7399465829E-03  -5.4595390547E-03
   24      1.0553429193E-03  -7.4437255673E-04   5.2518245049E-03  -5.4701417399E-02  -8.8143943700E-04
   25      5.8094447138E-03  -3.8705151590E-03  -3.2543169651E-02   5.0039266532E-04  -4.8814868739E-02
   26      3.6064367726E-03  -1.4815510089E-03  -1.0420991798E-02   4.5548040284E-02  -1.2421897960E-02
   27      5.0031273958E-04   1.0789435025E-03  -3.8282975609E-04  -1.7835983000E-02   1.2660539171E-02
   28      2.1020316275E-04   2.0495323077E-04  -1.7727667940E-04  -1.3500909125E-02   5.9548856796E-03
   29     -2.1905243701E-04   5.1446979346E-05  -8.0253237510E-05   6.6407429982E-03  -3.2013005480E-03
   30     -4.4212458433E-03  -2.0859832110E-03   1.2405085992E-03   4.2873500393E-03  -2.5764042998E-02
   31     -4.6845053519E-03  -1.4281086709E-03   2.1228371962E-03   5.7152351674E-03  -2.0048863189E-02
   32      1.2209242343E-03   7.8581394652E-04   1.7419915198E-04  -2.3089690712E-03   8.8325393755E-03
   33      6.6182498943E-04   1.6735999783E-03  -1.4563585347E-05  -5.9285905818E-03  -2.7504786375E-04
   34      4.8666294626E-04   1.3313745643E-03   1.3482985887E-03  -2.6262539803E-03  -1.2914335808E-03
   35     -5.3610669518E-04  -5.3933936724E-04   8.6654877816E-04   1.4726040887E-03   4.6069099248E-04
   36     -5.2244752177E-04   7.8475237164E-04   2.1235444646E-04   4.1829597776E-03  -3.9836708853E-03
   37     -7.5230725665E-05  -2.7609415270E-04  -1.3440566791E-04   3.6132955840E-03  -1.6161953050E-03
   38     -1.9676151649E-04  -5.4297013462E-04   4.1693413082E-04  -2.7383950450E-04  -5.8875800852E-04
   39     -1.7266122453E-04  -4.5169541586E-04  -2.5277428505E-04  -1.6451433675E-03  -3.5816547171E-03
   40     -3.0777337178E-04  -3.8424329884E-04   1.8347715123E-04  -2.7378316077E-03  -1.2112236061E-03
   41      1.8691114663E-04  -6.1571685566E-05   2.7352107667E-04   1.0798940201E-03   4.3174622109E-04
   42     -4.4056817765E-04   1.4440499482E-04  -6.9494975851E-04   4.6846885663E-03  -1.6646156362E-03
   43     -1.0212564059E-04   4.7186799405E-05  -1.5303141186E-04   2.0308270047E-03  -2.2575478072E-04
   44      5.6205853980E-04  -1.0644092675E-04  -1.5453867325E-04  -3.6441643007E-03   1.3368220095E-03
                    5                  6                  7                  8                  9        
    0      7.3684982078E-03   5.3981385029E-03  -2.7113563300E-02  -7.6372909179E-03  -2.0020111335E-02
    1     -3.5100725101E-02  -3.3713581859E-03  -2.7894838049E-02  -7.0343702392E-03   1.4933960970E-02
    2     -9.3114242785E-02  -5.4591287059E-04   7.2872073700E-03   2.9819588885E-03  -1.0032767260E-02
    3     -5.9540928468E-02  -1.3276402921E-01  -5.8076947981E-02   3.1916074463E-02  -1.1615444819E-01
    4      6.8230943244E-03  -5.1071257293E-02  -1.2147441447E-01   2.1035425291E-02   3.3605557038E-02
    5      5.7043962788E-01   2.3946709625E-02   1.8668917055E-02  -8.9562326404E-02  -4.2071060316E-02
    6      2.3946709625E-02   5.1205982836E-01  -4.6755183297E-02   2.0187164619E-02  -4.4544428098E-02
    7      1.8668917055E-02  -4.6755183297E-02   5.4084308855E-01   1.5218749807E-02   1.1976928123E-02
    8     -8.9562326404E-02   2.0187164619E-02   1.5218749807E-02   5.5678417658E-01  -1.9703092681E-02
    9     -4.2071060316E-02  -4.4544428098E-02   1.1976928123E-02  -1.9703092681E-02   4.2267699115E-01
   10      3.1040291538E-02  -1.5200141234E-02   9.2356798443E-03  -8.7301166135E-03   2.6213656797E-02
   11     -1.0103093436E-01   3.1151227041E-03  -3.3261811633E-03   4.8792807522E-03   1.1341071758E-02
   12      5.0299626652E-03  -3.4125246010E-03   2.7624810054E-03  -1.8534722356E-03  -1.5955610623E-01
   13     -8.9286073843E-03   1.9294808395E-03  -1.3371399921E-03   1.0807741739E-03  -5.2744750926E-02
   14      1.2663875880E-03  -3.4488288952E-03   1.8271733981E-03  -2.5971054127E-03   4.3045841463E-02
   15      6.2763417957E-03  -2.9116663440E-05  -2.6764701439E-04  -9.6589492799E-04   7.9858659968E-04
   16     -3.4877329990E-02   9.7619488616E-04   1.9167212982E-03  -9.0503876283E-04  -1.5672308642E-03
   17     -1.3451291330E-02   8.4156396233E-05   7.9449961163E-04   6.8662250446E-04   6.3227588531E-04
   18     -3.2722775845E-03  -2.5939824862E-04  -8.3267417754E-04  -2.7910675361E-04   3.9860303568E-05
   19      1.6655005906E-02   1.5358153163E-04   1.1043005240E-03   5.3977334260E-04   4.6265328028E-03
   20      2.5440146637E-03  -1.6847151475E-04   1.1732028472E-04   6.5734536783E-05   1.0645468096E-03
   21     -2.4301550733E-03   4.5484764573E-04   5.1348723161E-04  -3.2369447706E-04   3.4344316807E-04
   22      9.6824293670E-03   3.1218512008E-03  -5.9044946010E-03  -2.8202797340E-03   4.4364732293E-04
   23      1.2519778090E-03   6.5826622568E-04  -1.8435418844E-03  -6.7573234623E-05  -2.6775696217E-04
   24      4.6575289987E-02  -4.9034364336E-03  -2.1245158627E-04   2.6010779339E-02  -1.1892427715E-02
   25     -1.2280418279E-02  -5.1907794926E-03  -2.0707826362E-04   1.9650596938E-02   5.7371057765E-03
   26     -2.7036578523E-01   2.4225631851E-03  -4.3358501177E-04  -6.6637382203E-03  -1.3915022443E-02
   27     -1.4006215232E-02  -2.2474659658E-01   6.8838563895E-02  -9.8290267947E-02  -6.0624400053E-03
   28     -1.0710969634E-02   7.1603644614E-02  -7.4530281604E-02   4.0399292106E-02  -4.0863742198E-03
   29      1.6025005489E-03  -9.9800431638E-02   3.9661646460E-02  -9.9987683027E-02   1.8774768644E-03
   30     -9.0259334096E-03  -5.4978244474E-02   4.7126310664E-02   1.5309004987E-02   1.9749232419E-03
   31     -6.3115127076E-03   4.4412742106E-02  -2.7545936024E-01  -7.2650944200E-02   1.0289951132E-03
   32      1.0023886326E-03   1.5242677102E-02  -7.3489864212E-02  -7.0239136389E-02  -5.6630860344E-04
   33      2.8682943584E-02  -5.0596037615E-02   6.5128566286E-04   3.6787789268E-02   2.3874217504E-03
   34      2.1864757925E-02   2.4568430293E-04  -4.7020479214E-02  -5.2498265707E-03   1.3354001622E-03
   35     -1.1191002543E-02   3.8042724916E-02  -4.2194803976E-03  -2.9796630150E-01   1.4589782544E-04
   36      6.7147495517E-04  -4.7260808011E-04   4.7618782824E-04  -1.9731117531E-04  -1.6478157386E-02
   37      2.2617081897E-03  -3.2513295732E-04   2.5182301215E-04  -2.2812297098E-04  -1.7832000598E-02
   38      8.9991533148E-05  -3.9992033535E-05   6.9491383496E-05   1.9492024013E-04   2.7420757085E-03
   39      4.7834933320E-03  -1.1590237572E-03   1.1156987493E-03  -9.3226598249E-04  -3.5381804333E-02
   40      1.0669272545E-03  -6.8583765600E-04   4.8730619909E-04  -3.2630409500E-04  -1.5482596392E-02
   41     -9.1512303126E-04   3.2678215911E-04  -7.3042563218E-05   6.5029192386E-04   1.0799492825E-02
   42      6.9063724353E-03  -4.7370745040E-05  -1.5771732367E-04  -7.5594196859E-05  -1.8131302920E-02
   43      1.4018739448E-04   1.1175215585E-04  -1.0832992281E-05   8.0701992564E-06  -8.0441328529E-03
   44      1.4338170315E-03   2.4648639464E-05  -2.4698881040E-04   8.4087876075E-04   1.4913371878E-02
                   10                 11                 12                 13                 14        
    0      3.6216717153E-02   5.3961095388E-04   2.7145361307E-03   4.2598476444E-03  -9.2843376397E-04
    1     -1.6602084855E-02   2.4203014260E-03   1.4691472643E-03   1.0729529206E-03   1.0322224326E-03
    2      2.0297354613E-02   5.2465438272E-03   8.1340535799E-04   1.2060686119E-03  -1.7742316027E-04
    3      9.4345008920E-03  -1.6543978657E-02  -4.8628837794E-02   7.9637368578E-03  -1.1835248024E-02
    4     -9.4685249857E-02   3.5650132957E-02  -9.0991256732E-03   6.6429561801E-03  -1.0041889278E-02
    5      3.1040291538E-02  -1.0103093436E-01   5.0299626652E-03  -8.9286073843E-03   1.2663875880E-03
    6     -1.5200141234E-02   3.1151227041E-03  -3.4125246010E-03   1.9294808395E-03  -3.4488288952E-03
    7      9.2356798443E-03  -3.3261811633E-03   2.7624810054E-03  -1.3371399921E-03   1.8271733981E-03
    8     -8.7301166135E-03   4.8792807522E-03  -1.8534722356E-03   1.0807741739E-03  -2.5971054127E-03
    9      2.6213656797E-02   1.1341071758E-02  -1.5955610623E-01  -5.2744750926E-02   4.3045841463E-02
   10      2.0790883973E-01  -9.7481841668E-02  -2.9164290677E-02  -1.0090540542E-01   3.3576932324E-02
   11     -9.7481841668E-02   1.9167467141E-01   1.4799698790E-02   3.0714947461E-02  -8.7043464461E-02
   12     -2.9164290677E-02   1.4799698790E-02   4.7543469640E-01  -6.4011548624E-02   5.5150510439E-02
   13     -1.0090540542E-01   3.0714947461E-02  -6.4011548624E-02   5.4645886891E-01   2.6415474168E-03
   14      3.3576932324E-02  -8.7043464461E-02   5.5150510439E-02   2.6415474168E-03   5.4832799443E-01
   15     -7.8723040813E-04   1.7891482617E-04  -3.9710703423E-04  -6.9880595724E-05   1.2589879019E-04
   16      2.9428971813E-03   1.7247000444E-03   3.1539204727E-04   1.9948893752E-04  -8.8471396194E-05
   17      6.2576438606E-04   2.3412610368E-03   6.3787913185E-06  -3.3272002840E-04  -1.3825643521E-04
   18      1.4720803036E-03   1.2150210094E-03   7.0749850666E-04   2.4962987176E-04  -5.6816050914E-04
   19     -8.4791110639E-03  -1.7922794968E-03  -2.6249821217E-03  -1.5127058388E-03   3.9488260788E-04
   20     -2.2461402599E-03   1.4658123265E-03   7.0282767058E-05  -7.3018126849E-05   1.2252817664E-04
   21     -1.2796851209E-03   3.7930989555E-05  -1.3765716079E-03   6.3651390116E-04  -2.6382707827E-04
   22      2.2505028613E-03  -6.3862109702E-05  -4.4928494344E-04  -7.2800562276E-04  -3.3866144966E-05
   23      7.6750340409E-04  -7.3319237156E-05   6.2893025166E-04   7.8358904175E-04   6.0763735720E-04
   24      5.6853226823E-03  -3.4303898319E-02   4.8781937666E-03   1.7939868566E-03  -5.7926417135E-03
   25     -3.1266556724E-04   1.8756123779E-02  -1.9595973926E-03  -6.0266194925E-04  -1.6069965745E-04
   26      7.8628936838E-03  -2.1734519892E-02   3.7783139755E-03   1.3367811511E-03   9.5762879640E-04
   27     -4.3011871213E-03   2.6182421004E-03   5.9984624405E-05   7.6237385789E-04  -1.4708683077E-03
   28     -1.8717356349E-03   9.8688739214E-04  -1.0153480838E-03   8.8802821952E-04  -5.0304485367E-04
   29      8.1685337964E-04   4.8015794286E-04   5.4016850956E-04   7.2082317429E-05   8.4542716594E-04
   30      6.4466581185E-04   1.7547418818E-04  -8.1523798750E-06  -1.3049416625E-04   2.1084255791E-04
   31      1.9814483922E-03   1.8099557791E-05  -1.9749827698E-04   1.5730023745E-04   8.9042597835E-05
   32     -4.3787166291E-04  -1.7091997095E-05  -1.8831603015E-04   6.9888323489E-05  -2.4844530145E-05
   33      2.5143064045E-04  -4.0592074508E-04  -2.6966856241E-04   9.1982379029E-07   2.3475999587E-04
   34      5.6650722369E-04  -8.6064733880E-04   1.2184121657E-04  -2.7343145441E-05   8.7083466467E-05
   35     -3.8562794992E-04   1.3063762268E-03  -1.5980039727E-04  -1.8727449615E-04   3.8075121418E-04
   36     -3.5463948577E-02  -5.6988390380E-03  -4.8340451224E-02  -8.9030178196E-03  -5.7193016469E-03
   37     -1.2695786389E-02   1.9575135065E-03  -1.1506364000E-02  -2.5998099440E-01  -8.2581865800E-02
   38      1.4132303183E-02   7.1974264782E-03  -5.9685109566E-03  -8.3038429535E-02  -8.2717679770E-02
   39      1.2595965366E-02  -1.1420577523E-02  -1.7365210039E-01   1.0594178298E-01  -7.1200717794E-02
   40      1.0556738982E-02  -7.2942070504E-03   1.1434343758E-01  -1.3994314933E-01   6.2327331373E-02
   41     -6.5520987401E-03   5.3564271669E-03  -7.7442877568E-02   6.1893634674E-02  -9.1532205221E-02
   42     -6.4625547627E-03   3.4346084211E-02  -4.8153389600E-02   2.3624181892E-03   2.5193684499E-03
   43      1.0942457428E-04   1.8569686959E-02   9.7474198597E-04  -5.0382189701E-02  -8.5253733289E-03
   44      6.7344261278E-03  -1.0048627221E-02   4.7361316790E-03  -7.2802687577E-03  -2.8827737574E-01
                   15                 16                 17                 18                 19        
    0     -5.0020458503E-02   2.4680014942E-04   3.2134335968E-02  -2.2366901745E-01   7.3449316484E-02
    1     -4.9148996357E-04  -4.6174056750E-02  -8.0664459308E-03   7.4896963235E-02  -7.5264075844E-02
    2      3.2142451865E-02  -6.9193715152E-03  -2.9860788393E-01  -9.5941823280E-02   3.8159278931E-02
    3     -2.3531447574E-03   3.3958470706E-03   7.9895893469E-04  -6.2838193767E-03   2.4930499634E-02
    4      1.4823232949E-03  -2.6017740988E-03  -6.1110640115E-04  -1.2188491799E-04  -6.9030246835E-03
    5      6.2763417957E-03  -3.4877329990E-02  -1.3451291330E-02  -3.2722775845E-03   1.6655005906E-02
    6     -2.9116663440E-05   9.7619488616E-04   8.4156396233E-05  -2.5939824862E-04   1.5358153163E-04
    7     -2.6764701439E-04   1.9167212982E-03   7.9449961163E-04  -8.3267417754E-04   1.1043005240E-03
    8     -9.6589492799E-04  -9.0503876283E-04   6.8662250446E-04  -2.7910675361E-04   5.3977334260E-04
    9      7.9858659968E-04  -1.5672308642E-03   6.3227588531E-04   3.9860303568E-05   4.6265328028E-03
   10     -7.8723040813E-04   2.9428971813E-03   6.2576438606E-04   1.4720803036E-03  -8.4791110639E-03
   11      1.7891482617E-04   1.7247000444E-03   2.3412610368E-03   1.2150210094E-03  -1.7922794968E-03
   12     -3.9710703423E-04   3.1539204727E-04   6.3787913185E-06   7.0749850666E-04  -2.6249821217E-03
   13     -6.9880595724E-05   1.9948893752E-04  -3.3272002840E-04   2.4962987176E-04  -1.5127058388E-03
   14      1.2589879019E-04  -8.8471396194E-05  -1.3825643521E-04  -5.6816050914E-04   3.9488260788E-04
   15      4.9504038072E-02  -8.0439325383E-04  -3.5859949829E-02   4.2412966307E-03  -1.9036315402E-03
   16     -8.0439325383E-04   5.0570708839E-02   1.1887946105E-02  -2.5070068841E-03  -6.5828367255E-04
   17     -3.5859949829E-02   1.1887946105E-02   3.2565055716E-01   2.8515454930E-03  -8.0379465610E-04
   18      4.2412966307E-03  -2.5070068841E-03   2.8515454930E-03   2.4309387116E-01  -8.2242308348E-02
   19     -1.9036315402E-03  -6.5828367255E-04  -8.0379465610E-04  -8.2242308348E-02   8.3136094707E-02
   20     -2.6595279647E-02   1.0993863967E-02  -1.1816799374E-02   1.0552570790E-01  -4.2655624115E-02
   21     -2.5698253031E-03  -6.6163292542E-04  -3.5535435430E-04  -1.9150455763E-02  -1.5859767813E-02
   22      1.9767931715E-03   2.9386590961E-04  -6.4918168664E-04   9.2221132524E-03   6.7839723669E-03
   23      2.4552388652E-02   1.8728737032E-02  -6.3888090560E-03  -1.0845882601E-02  -9.4474844830E-03
   24      6.2537983866E-04   1.1653372549E-03   1.7881765304E-04   1.1204055869E-04  -3.2888932843E-04
   25      1.2499505633E-03  -6.1057040000E-03  -2.3424339142E-03   1.8068396725E-04   1.0349699239E-03
   26      2.8480293008E-04  -1.7993908976E-03   1.0420787160E-03   5.5933662421E-04  -7.3589757792E-04
   27     -5.7873222937E-06  -7.1374663670E-05   6.4830399732E-05   6.0888868592E-04  -7.7023868548E-04
   28     -4.7167959280E-05  -4.6904484348E-05  -8.1195081063E-05  -4.8718112763E-04  -8.2783741943E-04
   29     -1.5126948846E-04   4.4892656980E-05  -1.8376881072E-05   1.0146725060E-04  -1.8260297227E-04
   30     -1.4374470444E-04   1.1258972357E-04  -2.1838552543E-05   1.5766192990E-04  -4.2625032313E-05
   31      3.3773203263E-05   2.5775286804E-04   5.8594064304E-05   6.5568766071E-06   4.6195653293E-04
   32      1.2189829134E-04   4.1325314792E-04   3.9626711565E-04   2.6008068335E-04  -2.4528717527E-04
   33      3.5270271997E-04  -4.4437266763E-04  -5.8273832419E-04   3.3215056522E-05  -3.0538468526E-05
   34     -2.5287989916E-04  -3.6192398677E-04  -5.3038991055E-04   2.4363993156E-05  -1.2614725941E-04
   35     -6.3566954273E-05   7.7216717530E-04   4.4841271234E-04   1.1285355045E-04   4.2157849377E-05
   36     -7.9203547570E-05   5.7627124406E-05   1.3244148968E-04   3.8497783628E-04   6.6705759410E-05
   37     -6.2048880752E-05  -1.1620640885E-04  -2.6264700589E-06  -1.1421794887E-05   8.0456420531E-04
   38      1.4265481306E-04  -3.8716793189E-05  -2.2587073740E-04   1.8794316730E-04   2.3580772289E-04
   39     -1.7969689399E-05   5.7314989530E-06   3.4278612303E-05   4.2557527567E-05   2.8719650027E-04
   40      7.0524078204E-05   3.3054702127E-05  -2.8886547767E-05   1.8798843304E-04   3.0631745313E-04
   41     -2.4616209328E-05   2.6037148411E-05   1.5019687696E-05   8.2250619674E-06  -2.8585688253E-05
   42      9.4353663590E-05  -2.1727272666E-04  -8.8096508340E-05  -5.9177366301E-05   2.6617919768E-04
   43     -1.2923056593E-04  -1.4963633395E-04   7.6688257430E-05  -1.4933254917E-05   1.3901006880E-04
   44     -1.7481696455E-04   4.2010279784E-05   6.7068815974E-05   8.8743282171E-05  -1.4761673078E-04
                   20                 21                 22                 23                 24        
    0     -9.6255552472E-02  -1.9712182547E-01  -1.1743040581E-01   5.3602288188E-02   1.0553429193E-03
    1      3.9151027047E-02  -1.1859044413E-01  -1.3746578341E-01   4.0257854435E-02  -7.4437255673E-04
    2     -9.6752942785E-02   5.3135859044E-02   4.0028752105E-02  -6.5279139128E-02   5.2518245049E-03
    3      8.0956192807E-03   4.7221642842E-03  -2.7106650367E-02  -9.7399465829E-03  -5.4701417399E-02
    4     -2.3338552294E-03   4.0824994393E-03  -1.7265106868E-02  -5.4595390547E-03  -8.8143943700E-04
    5      2.5440146637E-03  -2.4301550733E-03   9.6824293670E-03   1.2519778090E-03   4.6575289987E-02
    6     -1.6847151475E-04   4.5484764573E-04   3.1218512008E-03   6.5826622568E-04  -4.9034364336E-03
    7      1.1732028472E-04   5.1348723161E-04  -5.9044946010E-03  -1.8435418844E-03  -2.1245158627E-04
    8      6.5734536783E-05  -3.2369447706E-04  -2.8202797340E-03  -6.7573234623E-05   2.6010779339E-02
    9      1.0645468096E-03   3.4344316807E-04   4.4364732293E-04  -2.6775696217E-04  -1.1892427715E-02
   10     -2.2461402599E-03  -1.2796851209E-03   2.2505028613E-03   7.6750340409E-04   5.6853226823E-03
   11      1.4658123265E-03   3.7930989555E-05  -6.3862109702E-05  -7.3319237156E-05  -3.4303898319E-02
   12      7.0282767058E-05  -1.3765716079E-03  -4.4928494344E-04   6.2893025166E-04   4.8781937666E-03
   13     -7.3018126849E-05   6.3651390116E-04  -7.2800562276E-04   7.8358904175E-04   1.7939868566E-03
   14      1.2252817664E-04  -2.6382707827E-04  -3.3866144966E-05   6.0763735720E-04  -5.7926417135E-03
   15     -2.6595279647E-02  -2.5698253031E-03   1.9767931715E-03   2.4552388652E-02   6.2537983866E-04
   16      1.0993863967E-02  -6.6163292542E-04   2.9386590961E-04   1.8728737032E-02   1.1653372549E-03
   17     -1.1816799374E-02  -3.5535435430E-04  -6.4918168664E-04  -6.3888090560E-03   1.7881765304E-04
   18      1.0552570790E-01  -1.9150455763E-02   9.2221132524E-03  -1.0845882601E-02   1.1204055869E-04
   19     -4.2655624115E-02  -1.5859767813E-02   6.7839723669E-03  -9.4474844830E-03  -3.2888932843E-04
   20      1.0113325238E-01   8.0222589761E-03  -3.7093682856E-03   3.0781207877E-03  -3.8438286886E-05
   21      8.0222589761E-03   2.1533427617E-01   1.2946097718E-01  -5.7439197161E-02   3.0612955880E-04
   22     -3.7093682856E-03   1.2946097718E-01   1.5103338170E-01  -4.2813497495E-02   4.1433305165E-04
   23      3.0781207877E-03  -5.7439197161E-02  -4.2813497495E-02   6.5722366628E-02  -5.3013750084E-04
   24     -3.8438286886E-05   3.0612955880E-04   4.1433305165E-04  -5.3013750084E-04   6.6534321215E-02
   25      6.8247865234E-04  -6.2525847705E-04   1.2457739421E-03   5.1025591529E-04  -3.8099438887E-03
   26      3.1707437847E-05  -5.7453785237E-04  -1.0135032959E-04   4.3145576488E-04  -4.0499155697E-02
   27      1.5988315029E-04   3.4279991667E-04   2.4922008218E-05   3.7180026688E-04   5.2075138666E-04
   28     -5.4258522853E-06   1.6662348393E-04   3.1202576409E-04   7.3390784107E-05   6.2266300481E-04
   29      3.9949354184E-04   2.0587376424E-04  -1.9460444964E-04  -4.5918967074E-05  -3.2781149217E-04
   30      2.5630353936E-04   2.6197712801E-04  -1.7094736876E-03  -3.1605806894E-04   9.9694838813E-04
   31      3.7320178398E-05   2.2492092398E-04  -1.3448751252E-03  -5.7611412507E-04   1.0931032377E-04
   32     -7.2763188793E-05   1.5560547320E-04   4.5502182467E-04   6.8705844532E-04  -7.5322619794E-04
   33     -1.5355909837E-04  -5.7462625348E-05   2.5611932870E-04  -2.1681686504E-04  -3.6847152036E-03
   34      6.4952048591E-05   1.6502001457E-04   2.1123931197E-04  -3.8468545687E-04  -3.4827153107E-03
   35     -2.3939497603E-05  -4.6780907546E-05  -4.0912888988E-05   3.7731878788E-04   1.4364234577E-03
   36      5.9058944662E-05  -1.7104858137E-03   1.4676114765E-03  -4.1640104641E-04  -4.7554495330E-04
   37     -1.1148903976E-05   1.6491279333E-03   1.5901309521E-04  -1.9399145371E-04  -2.6383959020E-04
   38     -2.1581112572E-04  -1.5477091447E-04   4.8119760795E-04   1.1322084047E-04   4.4172705876E-04
   39     -2.8858753339E-05   1.6772310289E-04   2.0505316585E-04  -4.9459678742E-05   1.7002926953E-04
   40     -4.1910235322E-05   2.4741937297E-04   5.1799300764E-04  -2.1148948849E-04   7.9069747200E-05
   41      4.5338469447E-06  -1.6861487069E-05  -2.4920872608E-05  -1.5114514094E-04   1.9477618869E-04
   42     -1.7174880594E-05   5.3265607807E-05   1.1220674470E-04   1.5750619526E-05   4.5840480277E-04
   43      4.1795365588E-05  -1.3961411151E-04  -9.9502332698E-05  -1.8279848341E-04  -1.4340667449E-04
   44      3.7058277255E-05   3.9883322070E-05  -2.0374559438E-04  -2.6325165666E-04   2.0705268415E-03
                   25                 26                 27                 28                 29        
    0      5.8094447138E-03   3.6064367726E-03   5.0031273958E-04   2.1020316275E-04  -2.1905243701E-04
    1     -3.8705151590E-03  -1.4815510089E-03   1.0789435025E-03   2.0495323077E-04   5.1446979346E-05
    2     -3.2543169651E-02  -1.0420991798E-02  -3.8282975609E-04  -1.7727667940E-04  -8.0253237510E-05
    3      5.0039266532E-04   4.5548040284E-02  -1.7835983000E-02  -1.3500909125E-02   6.6407429982E-03
    4     -4.8814868739E-02  -1.2421897960E-02   1.2660539171E-02   5.9548856796E-03  -3.2013005480E-03
    5     -1.2280418279E-02  -2.7036578523E-01  -1.4006215232E-02  -1.0710969634E-02   1.6025005489E-03
    6     -5.1907794926E-03   2.4225631851E-03  -2.2474659658E-01   7.1603644614E-02  -9.9800431638E-02
    7     -2.0707826362E-04  -4.3358501177E-04   6.8838563895E-02  -7.4530281604E-02   3.9661646460E-02
    8      1.9650596938E-02  -6.6637382203E-03  -9.8290267947E-02   4.0399292106E-02  -9.9987683027E-02
    9      5.7371057765E-03  -1.3915022443E-02  -6.0624400053E-03  -4.0863742198E-03   1.8774768644E-03
   10     -3.1266556724E-04   7.8628936838E-03  -4.3011871213E-03  -1.8717356349E-03   8.1685337964E-04
   11      1.8756123779E-02  -2.1734519892E-02   2.6182421004E-03   9.8688739214E-04   4.8015794286E-04
   12     -1.9595973926E-03   3.7783139755E-03   5.9984624405E-05  -1.0153480838E-03   5.4016850956E-04
   13     -6.0266194925E-04   1.3367811511E-03   7.6237385789E-04   8.8802821952E-04   7.2082317429E-05
   14     -1.6069965745E-04   9.5762879640E-04  -1.4708683077E-03  -5.0304485367E-04   8.4542716594E-04
   15      1.2499505633E-03   2.8480293008E-04  -5.7873222937E-06  -4.7167959280E-05  -1.5126948846E-04
   16     -6.1057040000E-03  -1.7993908976E-03  -7.1374663670E-05  -4.6904484348E-05   4.4892656980E-05
   17     -2.3424339142E-03   1.0420787160E-03   6.4830399732E-05  -8.1195081063E-05  -1.8376881072E-05
   18      1.8068396725E-04   5.5933662421E-04   6.0888868592E-04  -4.8718112763E-04   1.0146725060E-04
   19      1.0349699239E-03  -7.3589757792E-04  -7.7023868548E-04  -8.2783741943E-04  -1.8260297227E-04
   20      6.8247865234E-04   3.1707437847E-05   1.5988315029E-04  -5.4258522853E-06   3.9949354184E-04
   21     -6.2525847705E-04  -5.7453785237E-04   3.4279991667E-04   1.6662348393E-04   2.0587376424E-04
   22      1.2457739421E-03  -1.0135032959E-04   2.4922008218E-05   3.1202576409E-04  -1.9460444964E-04
   23      5.1025591529E-04   4.3145576488E-04   3.7180026688E-04   7.3390784107E-05  -4.5918967074E-05
   24     -3.8099438887E-03  -4.0499155697E-02   5.2075138666E-04   6.2266300481E-04  -3.2781149217E-04
   25      5.7874343898E-02   7.4949295052E-03   3.0302650259E-04   6.2470988333E-04  -5.0546066567E-04
   26      7.4949295052E-03   3.0342608698E-01   7.9701219545E-04   7.8880087662E-05   2.0614136661E-04
   27      3.0302650259E-04   7.9701219545E-04   2.4667594628E-01  -7.6234691720E-02   1.0863160870E-01
   28      6.2470988333E-04   7.8880087662E-05  -7.6234691720E-02   7.8434041789E-02  -4.4108288205E-02
   29     -5.0546066567E-04   2.0614136661E-04   1.0863160870E-01  -4.4108288205E-02   1.0526819809E-01
   30      7.9289194636E-04  -2.0537839165E-04  -4.1080874595E-03   2.4319968885E-02   9.2185622270E-03
   31      6.6276044359E-04   5.2618618726E-04   5.5244290015E-04  -7.8935514724E-03  -2.8235622136E-03
   32      2.0445143892E-04   4.1464154102E-04  -1.8591463327E-03   1.4834456617E-02   3.8039313712E-03
   33     -3.2487155026E-03   7.2289730069E-04   4.9467819690E-03  -1.2085851274E-03  -2.6746682827E-02
   34     -1.8032109332E-03   7.4962990450E-04  -2.3742308260E-03  -1.0804341263E-03   1.0335854569E-02
   35      1.2836040206E-03   1.2729162065E-03   3.0054200445E-03  -8.9708708497E-04  -1.2397865055E-02
   36      1.8849784311E-04  -3.1139170716E-04  -3.4687050249E-04   8.8956525229E-05   4.5088466386E-05
   37      1.3625002332E-04  -4.3497726480E-04  -2.4826950995E-04  -1.5600140870E-05   3.5578256635E-05
   38     -1.4492747615E-04  -1.2609320001E-04   4.1977395994E-05  -6.7798274914E-05  -2.1587430921E-05
   39     -7.4676389324E-05  -1.7005152700E-04  -4.9338278092E-04  -4.0703805571E-04   1.5723040293E-04
   40     -9.3631595331E-05  -4.8039689580E-05  -2.3513628754E-04  -1.5707613784E-04   5.5332449581E-05
   41      9.1453328611E-06   7.0016844023E-04   1.2805808720E-04   1.4537962135E-04  -5.1847140741E-05
   42      1.4401261577E-04  -1.9587214730E-03  -5.6317955799E-05   3.4384405063E-06  -1.7368064231E-04
   43      2.3152809195E-04  -6.2836543197E-04  -1.3885721371E-05   4.7764532431E-06  -6.5917290717E-05
   44     -5.7872128624E-04   8.2830309985E-04   1.9120456862E-04   4.0848334535E-05  -2.3182853041E-06
                   30                 31                 32                 33                 34        
    0     -4.4212458433E-03  -4.6845053519E-03   1.2209242343E-03   6.6182498943E-04   4.8666294626E-04
    1     -2.0859832110E-03  -1.4281086709E-03   7.8581394652E-04   1.6735999783E-03   1.3313745643E-03
    2      1.2405085992E-03   2.1228371962E-03   1.7419915198E-04  -1.4563585347E-05   1.3482985887E-03
    3      4.2873500393E-03   5.7152351674E-03  -2.3089690712E-03  -5.9285905818E-03  -2.6262539803E-03
    4     -2.5764042998E-02  -2.0048863189E-02   8.8325393755E-03  -2.7504786375E-04  -1.2914335808E-03
    5     -9.0259334096E-03  -6.3115127076E-03   1.0023886326E-03   2.8682943584E-02   2.1864757925E-02
    6     -5.4978244474E-02   4.4412742106E-02   1.5242677102E-02  -5.0596037615E-02   2.4568430293E-04
    7      4.7126310664E-02  -2.7545936024E-01  -7.3489864212E-02   6.5128566286E-04  -4.7020479214E-02
    8      1.5309004987E-02  -7.2650944200E-02  -7.0239136389E-02   3.6787789268E-02  -5.2498265707E-03
    9      1.9749232419E-03   1.0289951132E-03  -5.6630860344E-04   2.3874217504E-03   1.3354001622E-03
   10      6.4466581185E-04   1.9814483922E-03  -4.3787166291E-04   2.5143064045E-04   5.6650722369E-04
   11      1.7547418818E-04   1.8099557791E-05  -1.7091997095E-05  -4.0592074508E-04  -8.6064733880E-04
   12     -8.1523798750E-06  -1.9749827698E-04  -1.8831603015E-04  -2.6966856241E-04   1.2184121657E-04
   13     -1.3049416625E-04   1.5730023745E-04   6.9888323489E-05   9.1982379029E-07  -2.7343145441E-05
   14      2.1084255791E-04   8.9042597835E-05  -2.4844530145E-05   2.3475999587E-04   8.7083466467E-05
   15     -1.4374470444E-04   3.3773203263E-05   1.2189829134E-04   3.5270271997E-04  -2.5287989916E-04
   16      1.1258972357E-04   2.5775286804E-04   4.1325314792E-04  -4.4437266763E-04  -3.6192398677E-04
   17     -2.1838552543E-05   5.8594064304E-05   3.9626711565E-04  -5.8273832419E-04  -5.3038991055E-04
   18      1.5766192990E-04   6.5568766071E-06   2.6008068335E-04   3.3215056522E-05   2.4363993156E-05
   19     -4.2625032313E-05   4.6195653293E-04  -2.4528717527E-04  -3.0538468526E-05  -1.2614725941E-04
   20      2.5630353936E-04   3.7320178398E-05  -7.2763188793E-05  -1.5355909837E-04   6.4952048591E-05
   21      2.6197712801E-04   2.2492092398E-04   1.5560547320E-04  -5.7462625348E-05   1.6502001457E-04
   22     -1.7094736876E-03  -1.3448751252E-03   4.5502182467E-04   2.5611932870E-04   2.1123931197E-04
   23     -3.1605806894E-04  -5.7611412507E-04   6.8705844532E-04  -2.1681686504E-04  -3.8468545687E-04
   24      9.9694838813E-04   1.0931032377E-04  -7.5322619794E-04  -3.6847152036E-03  -3.4827153107E-03
   25      7.9289194636E-04   6.6276044359E-04   2.0445143892E-04  -3.2487155026E-03  -1.8032109332E-03
   26     -2.0537839165E-04   5.2618618726E-04   4.1464154102E-04   7.2289730069E-04   7.4962990450E-04
   27     -4.1080874595E-03   5.5244290015E-04  -1.8591463327E-03   4.9467819690E-03  -2.3742308260E-03
   28      2.4319968885E-02  -7.8935514724E-03   1.4834456617E-02  -1.2085851274E-03  -1.0804341263E-03
   29      9.2185622270E-03  -2.8235622136E-03   3.8039313712E-03  -2.6746682827E-02   1.0335854569E-02
   30      5.7666400698E-02  -4.7140014801E-02  -1.7204777575E-02  -1.9696869120E-03   3.7471406924E-03
   31     -4.7140014801E-02   3.0145881753E-01   7.8392142577E-02  -3.0321531383E-04   1.0057564599E-03
   32     -1.7204777575E-02   7.8392142577E-02   7.1592101163E-02   5.8376873232E-03  -2.9869643347E-02
   33     -1.9696869120E-03  -3.0321531383E-04   5.8376873232E-03   5.3928608623E-02   2.5376468302E-03
   34      3.7471406924E-03   1.0057564599E-03  -2.9869643347E-02   2.5376468302E-03   4.8629308437E-02
   35      4.2765702238E-04   1.0789369257E-03  -7.6033957620E-03  -4.3644420259E-02   2.6298767338E-03
   36      1.9225258865E-04   2.3308474938E-04   1.7672041221E-05   9.8885773251E-05  -1.9868070144E-05
   37      1.2067313214E-04   2.1659282702E-04   4.1121427720E-05   5.1296361421E-05  -2.6496713899E-05
   38     -5.3338464848E-06   5.5162862595E-05  -3.3352139122E-05  -2.6007532579E-05   4.0291572985E-06
   39      6.4629712565E-05  -2.4446224316E-05  -2.6232406377E-05  -1.0781701093E-06   2.5661599241E-05
   40      4.5740498569E-05   1.6265235213E-05  -3.3154863044E-05   2.3026773915E-05   1.4293200547E-05
   41     -1.3217969187E-06   2.1402892152E-05  -9.2259177843E-06  -1.2168034788E-04  -9.8389062623E-05
   42      2.7018047382E-05   9.1770375346E-06   4.6601952670E-05   9.7798788822E-05   7.2263483375E-05
   43     -1.3905891031E-05  -4.3891821170E-05   3.5832371229E-05   5.9412389393E-05  -2.1010238374E-05
   44     -5.3882363876E-05  -2.6291582777E-05  -7.0777496309E-05  -3.7278649278E-04  -1.0758594294E-04
                   35                 36                 37                 38                 39        
    0     -5.3610669518E-04  -5.2244752177E-04  -7.5230725665E-05  -1.9676151649E-04  -1.7266122453E-04
    1     -5.3933936724E-04   7.8475237164E-04  -2.7609415270E-04  -5.4297013462E-04  -4.5169541586E-04
    2      8.6654877816E-04   2.1235444646E-04  -1.3440566791E-04   4.1693413082E-04  -2.5277428505E-04
    3      1.4726040887E-03   4.1829597776E-03   3.6132955840E-03  -2.7383950450E-04  -1.6451433675E-03
    4      4.6069099248E-04  -3.9836708853E-03  -1.6161953050E-03  -5.8875800852E-04  -3.5816547171E-03
    5     -1.1191002543E-02   6.7147495517E-04   2.2617081897E-03   8.9991533148E-05   4.7834933320E-03
    6      3.8042724916E-02  -4.7260808011E-04  -3.2513295732E-04  -3.9992033535E-05  -1.1590237572E-03
    7     -4.2194803976E-03   4.7618782824E-04   2.5182301215E-04   6.9491383496E-05   1.1156987493E-03
    8     -2.9796630150E-01  -1.9731117531E-04  -2.2812297098E-04   1.9492024013E-04  -9.3226598249E-04
    9      1.4589782544E-04  -1.6478157386E-02  -1.7832000598E-02   2.7420757085E-03  -3.5381804333E-02
   10     -3.8562794992E-04  -3.5463948577E-02  -1.2695786389E-02   1.4132303183E-02   1.2595965366E-02
   11      1.3063762268E-03  -5.6988390380E-03   1.9575135065E-03   7.1974264782E-03  -1.1420577523E-02
   12     -1.5980039727E-04  -4.8340451224E-02  -1.1506364000E-02  -5.9685109566E-03  -1.7365210039E-01
   13     -1.8727449615E-04  -8.9030178196E-03  -2.5998099440E-01  -8.3038429535E-02   1.0594178298E-01
   14      3.8075121418E-04  -5.7193016469E-03  -8.2581865800E-02  -8.2717679770E-02  -7.1200717794E-02
   15     -6.3566954273E-05  -7.9203547570E-05  -6.2048880752E-05   1.4265481306E-04  -1.7969689399E-05
   16      7.7216717530E-04   5.7627124406E-05  -1.1620640885E-04  -3.8716793189E-05   5.7314989530E-06
   17      4.4841271234E-04   1.3244148968E-04  -2.6264700589E-06  -2.2587073740E-04   3.4278612303E-05
   18      1.1285355045E-04   3.8497783628E-04  -1.1421794887E-05   1.8794316730E-04   4.2557527567E-05
   19      4.2157849377E-05   6.6705759410E-05   8.0456420531E-04   2.3580772289E-04   2.8719650027E-04
   20     -2.3939497603E-05   5.9058944662E-05  -1.1148903976E-05  -2.1581112572E-04  -2.8858753339E-05
   21     -4.6780907546E-05  -1.7104858137E-03   1.6491279333E-03  -1.5477091447E-04   1.6772310289E-04
   22     -4.0912888988E-05   1.4676114765E-03   1.5901309521E-04   4.8119760795E-04   2.0505316585E-04
   23      3.7731878788E-04  -4.1640104641E-04  -1.9399145371E-04   1.1322084047E-04  -4.9459678742E-05
   24      1.4364234577E-03  -4.7554495330E-04  -2.6383959020E-04   4.4172705876E-04   1.7002926953E-04
   25      1.2836040206E-03   1.8849784311E-04   1.3625002332E-04  -1.4492747615E-04  -7.4676389324E-05
   26      1.2729162065E-03  -3.1139170716E-04  -4.3497726480E-04  -1.2609320001E-04  -1.7005152700E-04
   27      3.0054200445E-03  -3.4687050249E-04  -2.4826950995E-04   4.1977395994E-05  -4.9338278092E-04
   28     -8.9708708497E-04   8.8956525229E-05  -1.5600140870E-05  -6.7798274914E-05  -4.0703805571E-04
   29     -1.2397865055E-02   4.5088466386E-05   3.5578256635E-05  -2.1587430921E-05   1.5723040293E-04
   30      4.2765702238E-04   1.9225258865E-04   1.2067313214E-04  -5.3338464848E-06   6.4629712565E-05
   31      1.0789369257E-03   2.3308474938E-04   2.1659282702E-04   5.5162862595E-05  -2.4446224316E-05
   32     -7.6033957620E-03   1.7672041221E-05   4.1121427720E-05  -3.3352139122E-05  -2.6232406377E-05
   33     -4.3644420259E-02   9.8885773251E-05   5.1296361421E-05  -2.6007532579E-05  -1.0781701093E-06
   34      2.6298767338E-03  -1.9868070144E-05  -2.6496713899E-05   4.0291572985E-06   2.5661599241E-05
   35      3.2450399365E-01   1.7576118530E-05   6.4570690244E-06   1.9985292130E-06   6.9327967975E-05
   36      1.7576118530E-05   5.8333561070E-02   2.3541248619E-02   4.0260318331E-03   3.3619993706E-03
   37      6.4570690244E-06   2.3541248619E-02   2.8841985113E-01   8.7010754476E-02  -3.2777683415E-04
   38      1.9985292130E-06   4.0260318331E-03   8.7010754476E-02   8.1028263521E-02   5.3508550937E-04
   39      6.9327967975E-05   3.3619993706E-03  -3.2777683415E-04   5.3508550937E-04   2.0571723196E-01
   40      4.3868110984E-05   2.0466593328E-02  -1.5727549128E-02   1.2716892588E-02  -1.1436210508E-01
   41     -7.1864446405E-06   8.6637068500E-03  -8.0397659374E-03   5.0007049372E-03   7.8170290026E-02
   42     -2.6071117276E-04   1.8711326120E-03   1.7724870830E-03  -1.4152928134E-03   2.9989927743E-03
   43     -3.1351455732E-05   9.0319590556E-04   4.6682833775E-04  -3.0228625313E-02  -8.4730477699E-04
   44      3.1374692716E-05  -1.5391468996E-03   2.5835809819E-04  -1.0703065806E-02   2.5113538477E-04
                   40                 41                 42                 43                 44        
    0     -3.0777337178E-04   1.8691114663E-04  -4.4056817765E-04  -1.0212564059E-04   5.6205853980E-04
    1     -3.8424329884E-04  -6.1571685566E-05   1.4440499482E-04   4.7186799405E-05  -1.0644092675E-04
    2      1.8347715123E-04   2.7352107667E-04  -6.9494975851E-04  -1.5303141186E-04  -1.5453867325E-04
    3     -2.7378316077E-03   1.0798940201E-03   4.6846885663E-03   2.0308270047E-03  -3.6441643007E-03
    4     -1.2112236061E-03   4.3174622109E-04  -1.6646156362E-03  -2.2575478072E-04   1.3368220095E-03
    5      1.0669272545E-03  -9.1512303126E-04   6.9063724353E-03   1.4018739448E-04   1.4338170315E-03
    6     -6.8583765600E-04   3.2678215911E-04  -4.7370745040E-05   1.1175215585E-04   2.4648639464E-05
    7      4.8730619909E-04  -7.3042563218E-05  -1.5771732367E-04  -1.0832992281E-05  -2.4698881040E-04
    8     -3.2630409500E-04   6.5029192386E-04  -7.5594196859E-05   8.0701992564E-06   8.4087876075E-04
    9     -1.5482596392E-02   1.0799492825E-02  -1.8131302920E-02  -8.0441328529E-03   1.4913371878E-02
   10      1.0556738982E-02  -6.5520987401E-03  -6.4625547627E-03   1.0942457428E-04   6.7344261278E-03
   11     -7.2942070504E-03   5.3564271669E-03   3.4346084211E-02   1.8569686959E-02  -1.0048627221E-02
   12      1.1434343758E-01  -7.7442877568E-02  -4.8153389600E-02   9.7474198597E-04   4.7361316790E-03
   13     -1.3994314933E-01   6.1893634674E-02   2.3624181892E-03  -5.0382189701E-02  -7.2802687577E-03
