
$orca_hessian_file

$act_atom
  0

$act_coord
  0

$act_energy
        0.000000

$multiplicity
  1

$hessian
45
                    0                  1                  2                  3                  4        
    0      5.1449887511E-01   5.0962711706E-02   2.1555942291E-02  -1.3095401787E-01   4.9847900805E-02
    1      5.0962711706E-02   5.3939093176E-01  -1.5401738028E-02   5.7583912178E-02  -1.2135978169E-01
    2      2.1555942291E-02  -1.5401738028E-02   5.5852155805E-01   3.0798775904E-02  -2.0698492941E-02
    3     -1.3095401787E-01   5.7583912178E-02   3.0798775904E-02   4.5643882796E-01  -3.4879573555E-02
    4      4.9847900805E-02  -1.2135978169E-01  -2.0698492941E-02  -3.4879573555E-02   4.6687024225E-01
    5      2.2386791506E-02  -1.8116686272E-02  -8.8918308141E-02  -5.1071460856E-02  -1.5620802901E-03
    6      5.7106309303E-03   2.6591978905E-02  -7.6658207115E-03  -7.6601049057E-02  -3.0121853556E-03
    7      2.9656543826E-03  -2.7929126590E-02   7.2000794798E-03  -4.9457294989E-03  -1.6136571536E-01
    8     -6.0954684221E-04  -7.0412433271E-03   2.9434183370E-03   8.3765851302E-03   3.9168541545E-02
    9     -4.6033823942E-02  -1.1851156073E-02  -2.0490132833E-02  -1.2791589100E-01  -3.8892122741E-02
   10      1.5517134981E-02   9.1676567482E-03   8.8231990936E-03  -1.5195984035E-02  -9.6086187485E-02
   11      2.7311025502E-03   3.1941254892E-03   4.8997414193E-03  -2.1874365958E-02  -3.8154121686E-02
   12     -3.3351038614E-03  -2.7265871794E-03  -1.7898871158E-03  -5.0324192217E-02   8.5837410269E-03
   13     -1.6652129597E-03  -1.2189035468E-03  -8.6821216797E-04  -8.6379566379E-03   6.1587687062E-03
   14     -3.6271174410E-03  -1.8525010095E-03  -2.6688504505E-03  -1.2763720559E-02   9.7329122019E-03
   15     -5.6964208240E-02  -5.2936287189E-02   1.6605695833E-02   4.4058175889E-03   2.5651925596E-02
   16     -4.9989042240E-02  -2.7620055471E-01   7.2017212579E-02  -5.9165571534E-03  -2.0660344505E-02
   17      1.6455963917E-02   7.2670858305E-02  -6.9231515083E-02  -2.2343047942E-03  -8.6559510899E-03
   18     -5.0749195255E-02  -8.0446019935E-04   3.7606561714E-02  -6.1635300723E-03   4.7334206741E-04
   19     -4.1540881903E-04  -4.6502436218E-02   4.5164028798E-03   3.1055167781E-03  -1.4286720703E-03
   20      3.8967202216E-02   3.5940344426E-03  -2.9979563566E-01   1.5724763008E-03  -5.4840440464E-04
   21     -2.2561567359E-01  -6.6403209023E-02  -9.9792890978E-02  -1.7143701348E-02  -1.2516709232E-02
   22     -6.9121407269E-02  -7.2882481573E-02  -3.9399595935E-02   1.3471683513E-02   5.9781748359E-03
   23     -1.0129346369E-01  -3.8669836272E-02  -1.0161326171E-01   6.5627801500E-03   3.0758261439E-03
   24     -5.0445240246E-03   4.0032029249E-04   2.5879356056E-02  -5.5722249654E-02   7.3013129015E-04
   25      5.3531842578E-03  -3.9668977903E-04  -1.9754111010E-02  -6.9265400597E-04  -4.9210323877E-02
   26      2.4893333554E-03   3.1522738588E-04  -6.4954290439E-03   4.4317334396E-02   1.0241429266E-02
   27      4.7114812687E-04  -5.4624606566E-04  -2.7679999760E-04   4.8770356411E-03  -4.2928371760E-03
   28     -3.1870986077E-03  -5.8006964124E-03   2.8054093017E-03   2.6689591049E-02  -1.7329621716E-02
   29      7.1047196751E-04   1.9329868923E-03  -1.0998421925E-04  -9.8830650373E-03   5.9042065027E-03
   30     -5.0564683995E-05   2.5345279650E-04  -9.5571957185E-04  -2.2371039076E-03  -1.5668490346E-03
   31     -9.5127161735E-04   1.9051802961E-03   8.7867403879E-04  -2.9766491489E-03  -2.7516567401E-03
   32      8.1909905733E-05  -7.6036682235E-04   6.5347424804E-04   7.7460180570E-04   6.3992385780E-04
   33     -2.3210188141E-04   8.4197871047E-04  -3.1644016569E-04  -6.1255924464E-03   3.9779181681E-04
   34     -1.4594660276E-04   1.1391157708E-03  -5.5504967278E-04  -2.4685700751E-02  -6.0994907430E-03
   35     -1.5630959631E-04  -1.5499260280E-04   1.1957104357E-04   8.4963957056E-03   2.1772005743E-03
   36     -5.1503104645E-04  -4.7088969872E-04  -2.3792970686E-04   4.3716949264E-03   4.0529947872E-03
   37      3.5383043921E-04   2.5143464488E-04   2.2166227975E-04  -3.6540096952E-03  -1.5311648085E-03
   38     -1.4289153189E-05  -3.8348246632E-05   1.7281987739E-04  -3.7742637623E-04   5.3359333827E-04
   39     -5.0619567497E-05   1.6298056280E-04  -5.0562123042E-05   4.9088463681E-03   1.7829923699E-03
   40     -1.0711962645E-04   4.6488724326E-06  -5.1165160755E-05  -1.8686326448E-03  -2.3806505309E-04
   41      3.9524884154E-05   2.4693682365E-04   8.5921792630E-04  -3.8234767378E-03  -1.4436182214E-03
   42     -1.1357902104E-03  -1.1072593182E-03  -9.1468006857E-04  -1.8148949149E-03   3.5122401114E-03
   43      6.3085076606E-04   4.3170242541E-04   2.7907540592E-04   2.7299608304E-03  -9.4616174235E-04
   44      3.2701560636E-04   6.8193097617E-05   6.6318341148E-04   1.2231015755E-03  -4.2653973603E-04
                    5                  6                  7                  8                  9        
    0      2.2386791506E-02   5.7106309303E-03   2.9656543826E-03  -6.0954684221E-04  -4.6033823942E-02
    1     -1.8116686272E-02   2.6591978905E-02  -2.7929126590E-02  -7.0412433271E-03  -1.1851156073E-02
    2     -8.8918308141E-02  -7.6658207115E-03   7.2000794798E-03   2.9434183370E-03  -2.0490132833E-02
    3     -5.1071460856E-02  -7.6601049057E-02  -4.9457294989E-03   8.3765851302E-03  -1.2791589100E-01
    4     -1.5620802901E-03  -3.0121853556E-03  -1.6136571536E-01   3.9168541545E-02  -3.8892122741E-02
    5      5.6824609981E-01   6.8682301456E-03   3.3890794590E-02  -9.2990023166E-02  -4.8334721406E-02
    6      6.8682301456E-03   5.6223471469E-01  -2.5259722871E-02   8.7809544220E-03  -2.0534274131E-02
    7      3.3890794590E-02  -2.5259722871E-02   4.7025673363E-01   3.4203413219E-02  -1.5372310251E-02
    8     -9.2990023166E-02   8.7809544220E-03   3.4203413219E-02   5.5429983357E-01  -1.0263157874E-02
    9     -4.8334721406E-02  -2.0534274131E-02  -1.5372310251E-02  -1.0263157874E-02   4.5328468211E-01
   10     -3.4482785718E-02  -3.6867820989E-02  -1.6865748678E-02  -2.0345118234E-02  -2.2406418664E-02
   11     -1.0504763293E-01   8.3606373932E-04  -2.5086802685E-03   5.3674197727E-03   1.0376683525E-02
   12      4.8048768588E-03   3.0670975596E-03  -1.3373592796E-03   8.9460550588E-04  -1.7395545548E-01
   13      9.2373800240E-03  -4.3757773414E-03   1.1294912203E-03  -1.2409397884E-03   5.5668316070E-02
   14      1.4161691668E-03  -9.9938313918E-04  -9.0192291315E-04  -1.7725941543E-04   4.9745020016E-02
   15     -8.7997474173E-03  -4.3660240123E-03   2.1169223058E-03   1.1743172685E-03   1.9908572471E-03
   16      6.4602246326E-03   4.7123980943E-03  -1.5124609184E-03  -2.1569498466E-03  -1.1587621718E-03
   17      9.5843997399E-04   1.1231357688E-03  -7.5622162002E-04   2.2263493401E-04  -6.0813433506E-04
   18      2.8549690413E-02   7.0440439657E-04  -1.6685470780E-03  -1.9329900388E-05   2.3789766824E-03
   19     -2.2367195844E-02  -5.2402725551E-04   1.3599930658E-03  -1.3054239286E-03  -1.4257940017E-03
   20     -1.1133534990E-02  -5.4827384263E-04   5.4345196167E-04   8.8630114278E-04   1.3599927063E-04
   21     -1.3937573783E-02   4.3273086014E-04  -1.0308560638E-03  -3.2622681357E-04  -6.2923520899E-03
   22      1.1040377337E-02  -2.3904226190E-04   2.5072477463E-04   1.9788681333E-04   4.2009552602E-03
   23      1.5400989755E-03  -2.4754111576E-04  -4.1199284063E-05  -1.0654318065E-04   1.8663241256E-03
   24      4.5897417661E-02   1.0983750788E-03   8.6696464884E-04   5.5248250478E-03  -1.1411696701E-02
   25      1.0330661678E-02  -5.7436677011E-03  -3.6399101383E-03   3.2279865909E-02  -5.4577297106E-03
   26     -2.6463406157E-01   3.7269310803E-03   1.5053389019E-03  -1.0588392282E-02  -1.3931810439E-02
   27     -2.5464874791E-03  -1.9298020955E-01   1.1873008918E-01   5.3826549966E-02   4.1091671463E-04
   28     -9.8174303547E-03   1.1778562467E-01  -1.4063452526E-01  -4.2190783336E-02  -5.9634729367E-04
   29      1.3948386784E-03   5.4264711935E-02  -4.2355573510E-02  -6.6165453516E-02  -3.0332581642E-04
   30      6.5366373908E-03  -4.8514224156E-02   9.2422407983E-04   2.6634554655E-02   8.2174730164E-04
   31      3.4896840635E-02   1.3479620913E-04  -4.5602249207E-02   4.3699843809E-03   1.6869728870E-03
   32     -1.3936254943E-02   2.6809649635E-02   5.4701921965E-03  -3.0175984365E-01   5.6230172466E-04
   33     -3.1814934623E-03  -2.2917322394E-01  -7.5356076622E-02  -9.3299669954E-02   1.3757216176E-05
   34     -1.6119123902E-02  -7.3972475786E-02  -7.4776543702E-02  -3.6066146093E-02  -4.8123507962E-03
   35      2.5530774942E-03  -9.3439968959E-02  -3.6920928765E-02  -9.2453976260E-02   1.0348334720E-03
   36      8.1389350307E-04  -4.1180555656E-04  -7.9712701175E-04   2.5946249025E-04  -1.7169735283E-02
   37     -2.4251585380E-03   2.8374561483E-04  -3.2217878878E-04   1.8419174613E-04   1.8075336707E-02
   38      5.3829725171E-05  -1.6855638965E-04   4.8993132390E-04   4.0357414221E-04   3.2828650101E-03
   39      7.1891679190E-03  -4.5304951354E-04  -1.7622982720E-04  -7.3226552493E-04  -1.9030370237E-02
   40     -4.0240163772E-05   9.1332077310E-05  -1.9741144885E-05   1.0373622142E-04   7.5322517652E-03
   41      1.3241942371E-03   5.4700535651E-04   1.1975825312E-04  -1.4485289765E-04   1.5773737745E-02
   42      4.7305483580E-03  -2.1409359809E-04   4.0933737383E-04  -2.6733064046E-04  -3.6557338408E-02
   43     -9.1000287518E-04   3.2561051570E-04  -3.2874290331E-04  -1.7507068549E-04   1.4636025727E-02
   44     -8.2693232011E-04   1.5853513965E-04   7.5621841010E-05   2.6316246894E-04   1.1222591054E-02
                   10                 11                 12                 13                 14        
    0      1.5517134981E-02   2.7311025502E-03  -3.3351038614E-03  -1.6652129597E-03  -3.6271174410E-03
    1      9.1676567482E-03   3.1941254892E-03  -2.7265871794E-03  -1.2189035468E-03  -1.8525010095E-03
    2      8.8231990936E-03   4.8997414193E-03  -1.7898871158E-03  -8.6821216797E-04  -2.6688504505E-03
    3     -1.5195984035E-02  -2.1874365958E-02  -5.0324192217E-02  -8.6379566379E-03  -1.2763720559E-02
    4     -9.6086187485E-02  -3.8154121686E-02   8.5837410269E-03   6.1587687062E-03   9.7329122019E-03
    5     -3.4482785718E-02  -1.0504763293E-01   4.8048768588E-03   9.2373800240E-03   1.4161691668E-03
    6     -3.6867820989E-02   8.3606373932E-04   3.0670975596E-03  -4.3757773414E-03  -9.9938313918E-04
    7     -1.6865748678E-02  -2.5086802685E-03  -1.3373592796E-03   1.1294912203E-03  -9.0192291315E-04
    8     -2.0345118234E-02   5.3674197727E-03   8.9460550588E-04  -1.2409397884E-03  -1.7725941543E-04
    9     -2.2406418664E-02   1.0376683525E-02  -1.7395545548E-01   5.5668316070E-02   4.9745020016E-02
   10      2.0627955778E-01   1.0212508641E-01   3.2746039344E-02  -9.9544409537E-02  -3.4825121692E-02
   11      1.0212508641E-01   1.9925298840E-01   2.0322705158E-02  -3.2693173789E-02  -8.9387202600E-02
   12      3.2746039344E-02   2.0322705158E-02   4.8853657144E-01   5.5472306120E-02   5.1969015363E-02
   13     -9.9544409537E-02  -3.2693173789E-02   5.5472306120E-02   5.4681497558E-01   2.7707335690E-03
   14     -3.4825121692E-02  -8.9387202600E-02   5.1969015363E-02   2.7707335690E-03   5.4480525968E-01
   15     -5.3885505497E-04   1.9560645674E-04  -3.7711477684E-05   1.5056004815E-04   2.1789500152E-04
   16      2.1013424479E-03  -7.5800118479E-05   2.1488893403E-04   1.5027894865E-04  -8.8610193130E-05
   17      4.3619932223E-04  -3.8491663790E-05  -1.9228851643E-04  -6.9437954650E-05  -1.8306805833E-05
   18     -2.2120375029E-04  -3.9523706356E-04  -2.8063763421E-04  -4.8283643707E-05   2.4558221980E-04
   19      5.6652497704E-04   8.5234023015E-04  -1.1061166228E-04  -1.8047406346E-05  -8.2498873558E-05
   20      3.9418083734E-04   1.3286553037E-03  -1.4843092592E-04   1.8985337918E-04   3.8220649444E-04
   21      4.1712573380E-03   2.5402564819E-03   1.3297173755E-04  -6.1166171052E-04  -1.5348992956E-03
   22     -1.8266319231E-03  -1.0198054077E-03   1.0020881957E-03   8.4919336229E-04   5.3840678979E-04
   23     -8.3030983979E-04   5.4691910639E-04   5.3194571029E-04  -7.3515396730E-05   8.3861865015E-04
   24     -5.6790866647E-03  -3.4475790366E-02   5.0074742660E-03  -1.6042338828E-03  -5.9245131160E-03
   25     -2.4854353395E-04  -1.8794402393E-02   2.0449776788E-03  -5.6095929141E-04   4.2723890050E-05
   26     -7.7905570950E-03  -2.2576069388E-02   4.0515817470E-03  -1.4068044729E-03   1.0328396285E-03
   27      1.2590947156E-03   4.2515730726E-06  -1.3064219034E-03  -4.1874595113E-04  -1.9035264680E-04
   28      2.1752493044E-03   5.2485871994E-05   5.1749365072E-04  -7.5185804562E-04   3.8046542749E-05
   29     -8.0750505619E-04  -7.3841814102E-05   6.3286113415E-04  -8.0742496169E-04   5.1418387606E-04
   30      7.9864440087E-04   2.2309864874E-04  -4.1630941870E-04   8.9800243047E-05   1.1912045490E-04
   31      3.0612132814E-03  -1.6506996408E-03  -3.4100805513E-04   1.9606307786E-04   1.0298005627E-04
   32     -7.5607137855E-04   2.4451460032E-03   2.8395532130E-05   3.0326873391E-04  -1.3350171817E-04
   33     -1.4708888024E-03   1.2391381322E-03   7.5447659984E-04  -2.2232120961E-04  -5.5427634031E-04
   34     -8.5317331947E-03   1.8283432776E-03   2.6398850915E-03  -1.5589070182E-03  -4.6774917241E-04
   35      2.2456706757E-03   1.3924027621E-03   5.7874262189E-05   7.0362715828E-05   1.3328318467E-04
   36      3.6335865576E-02  -4.5296502644E-03  -4.9447577643E-02   1.1171849639E-02  -5.8573061128E-03
   37     -1.1745727127E-02  -2.5521801585E-03   1.3884645770E-02  -2.6222508094E-01   7.3267223475E-02
   38     -1.4664533307E-02   6.7608938180E-03  -5.9742448889E-03   7.4016696593E-02  -7.6035272544E-02
   39      4.7891121493E-03   3.5104899899E-02  -4.8900195459E-02  -2.4634653295E-03   4.5742451382E-03
   40      1.3421704052E-03  -1.7973341399E-02  -1.1714774671E-03  -5.1759864408E-02   1.8017263115E-02
   41     -6.3416435611E-03  -1.0808521942E-02   7.0303746999E-03   1.6610533658E-02  -2.8251121626E-01
   42     -1.3063757257E-02  -1.2367835753E-02  -1.6949498651E-01  -1.0259254560E-01  -7.5317657346E-02
   43      1.0155266536E-02   7.4208884097E-03  -1.1133165002E-01  -1.3766074070E-01  -6.6363290648E-02
   44      6.7682447064E-03   5.9375937520E-03  -8.2321036722E-02  -6.5967915280E-02  -9.8190950882E-02
                   15                 16                 17                 18                 19        
    0     -5.6964208240E-02  -4.9989042240E-02   1.6455963917E-02  -5.0749195255E-02  -4.1540881903E-04
    1     -5.2936287189E-02  -2.7620055471E-01   7.2670858305E-02  -8.0446019935E-04  -4.6502436218E-02
    2      1.6605695833E-02   7.2017212579E-02  -6.9231515083E-02   3.7606561714E-02   4.5164028798E-03
    3      4.4058175889E-03  -5.9165571534E-03  -2.2343047942E-03  -6.1635300723E-03   3.1055167781E-03
    4      2.5651925596E-02  -2.0660344505E-02  -8.6559510899E-03   4.7334206741E-04  -1.4286720703E-03
    5     -8.7997474173E-03   6.4602246326E-03   9.5843997399E-04   2.8549690413E-02  -2.2367195844E-02
    6     -4.3660240123E-03   4.7123980943E-03   1.1231357688E-03   7.0440439657E-04  -5.2402725551E-04
    7      2.1169223058E-03  -1.5124609184E-03  -7.5622162002E-04  -1.6685470780E-03   1.3599930658E-03
    8      1.1743172685E-03  -2.1569498466E-03   2.2263493401E-04  -1.9329900388E-05  -1.3054239286E-03
    9      1.9908572471E-03  -1.1587621718E-03  -6.0813433506E-04   2.3789766824E-03  -1.4257940017E-03
   10     -5.3885505497E-04   2.1013424479E-03   4.3619932223E-04  -2.2120375029E-04   5.6652497704E-04
   11      1.9560645674E-04  -7.5800118479E-05  -3.8491663790E-05  -3.9523706356E-04   8.5234023015E-04
   12     -3.7711477684E-05   2.1488893403E-04  -1.9228851643E-04  -2.8063763421E-04  -1.1061166228E-04
   13      1.5056004815E-04   1.5027894865E-04  -6.9437954650E-05  -4.8283643707E-05  -1.8047406346E-05
   14      2.1789500152E-04  -8.8610193130E-05  -1.8306805833E-05   2.4558221980E-04  -8.2498873558E-05
   15      5.9896651289E-02   5.2887151184E-02  -1.8684654200E-02  -2.0195989804E-03  -3.9423046409E-03
   16      5.2887151184E-02   3.0220470402E-01  -7.7669423853E-02   3.5577823527E-04   9.3397456725E-04
   17     -1.8684654200E-02  -7.7669423853E-02   7.0732072370E-02   6.4120368586E-03   2.9962603617E-02
   18     -2.0195989804E-03   3.5577823527E-04   6.4120368586E-03   5.4140196286E-02  -2.5738582624E-03
   19     -3.9423046409E-03   9.3397456725E-04   2.9962603617E-02  -2.5738582624E-03   4.8402208188E-02
   20      5.0022509923E-04  -1.0434864909E-03  -7.6895577028E-03  -4.4858596530E-02  -1.9520668139E-03
   21     -4.4699365431E-03  -4.8368704516E-04  -2.1183529170E-03   5.1472312088E-03   2.3660378406E-03
   22     -2.4107748485E-02  -7.2400105076E-03  -1.5049117117E-02   1.1499173686E-03  -1.1571436851E-03
   23      9.1912170843E-03   2.6038224630E-03   3.8146789823E-03  -2.6767894240E-02  -9.9155776476E-03
   24      1.0091514987E-03  -1.2513280921E-04  -7.4824338456E-04  -3.6615577711E-03   3.5481875096E-03
   25     -7.8595565702E-04   6.8497518705E-04  -2.0314360947E-04   3.2446407490E-03  -1.8613144376E-03
   26     -2.1710994551E-04  -5.2806449318E-04   3.9745883165E-04   6.7865989686E-04  -7.4114173559E-04
   27      2.5844218042E-04  -2.1465613904E-04   1.4707529945E-04  -6.3641465861E-05  -1.6840275530E-04
   28      1.6875510665E-03  -1.3703545526E-03  -4.2035753911E-04  -2.6974026947E-04   2.2684748187E-04
   29     -3.3751482315E-04   6.0829399832E-04   6.7363037377E-04  -2.0929108792E-04   3.7495462891E-04
   30     -1.3674571872E-04  -2.3231722858E-05   1.4114545497E-04   3.3372401635E-04   2.6303039467E-04
   31     -1.0362195022E-04   2.4432248702E-04  -4.2258011859E-04   4.4214755630E-04  -3.5018212889E-04
   32     -2.2178633407E-05  -5.0983379162E-05   3.8961109773E-04  -5.8536713655E-04   5.3036751183E-04
   33      1.5415225501E-04   2.9327182648E-06   2.5730280752E-04   3.3413237213E-05  -4.5891221784E-05
   34      3.7033224012E-05   4.7171910439E-04   2.2549745685E-04   4.3176992677E-05  -1.3057256584E-04
   35      2.5108288313E-04  -4.4990552101E-05  -9.0188565715E-05  -1.5938057281E-04  -6.3667797673E-05
   36      1.8970480210E-04  -2.4316008103E-04   2.3005317917E-05   1.1358560368E-04   1.5592267165E-05
   37     -1.2518900112E-04   2.2797802997E-04  -4.1208482988E-05  -5.4137970990E-05  -2.6246814507E-05
   38     -1.2447187080E-05  -4.3150818072E-05  -3.5913463843E-05  -2.3018450158E-05  -1.0422159213E-05
   39      2.2150072423E-05  -5.6498491716E-06   4.6875959181E-05   9.2713603616E-05  -7.3767067712E-05
   40      1.5082412544E-05  -5.1142016773E-05  -2.9203500128E-05  -4.2807657497E-05  -2.9339993617E-05
   41     -5.2732939764E-05   2.2204183450E-05  -7.4357117293E-05  -3.7736589481E-04   1.1604196447E-04
   42      6.7298039101E-05   2.3346852036E-05  -2.7726579950E-05  -6.0838547938E-06  -2.4369974690E-05
   43     -4.2880663818E-05   1.5572415951E-05   3.3613357749E-05  -1.9893266364E-05   1.4407040366E-05
   44     -2.4911377475E-06  -2.2425285097E-05  -1.0196161735E-05  -1.2452480975E-04   1.0378357396E-04
                   20                 21                 22                 23                 24        
    0      3.8967202216E-02  -2.2561567359E-01  -6.9121407269E-02  -1.0129346369E-01  -5.0445240246E-03
    1      3.5940344426E-03  -6.6403209023E-02  -7.2882481573E-02  -3.8669836272E-02   4.0032029249E-04
    2     -2.9979563566E-01  -9.9792890978E-02  -3.9399595935E-02  -1.0161326171E-01   2.5879356056E-02
    3      1.5724763008E-03  -1.7143701348E-02   1.3471683513E-02   6.5627801500E-03  -5.5722249654E-02
    4     -5.4840440464E-04  -1.2516709232E-02   5.9781748359E-03   3.0758261439E-03   7.3013129015E-04
    5     -1.1133534990E-02  -1.3937573783E-02   1.1040377337E-02   1.5400989755E-03   4.5897417661E-02
    6     -5.4827384263E-04   4.3273086014E-04  -2.3904226190E-04  -2.4754111576E-04   1.0983750788E-03
    7      5.4345196167E-04  -1.0308560638E-03   2.5072477463E-04  -4.1199284063E-05   8.6696464884E-04
    8      8.8630114278E-04  -3.2622681357E-04   1.9788681333E-04  -1.0654318065E-04   5.5248250478E-03
    9      1.3599927063E-04  -6.2923520899E-03   4.2009552602E-03   1.8663241256E-03  -1.1411696701E-02
   10      3.9418083734E-04   4.1712573380E-03  -1.8266319231E-03  -8.3030983979E-04  -5.6790866647E-03
   11      1.3286553037E-03   2.5402564819E-03  -1.0198054077E-03   5.4691910639E-04  -3.4475790366E-02
   12     -1.4843092592E-04   1.3297173755E-04   1.0020881957E-03   5.3194571029E-04   5.0074742660E-03
   13      1.8985337918E-04  -6.1166171052E-04   8.4919336229E-04  -7.3515396730E-05  -1.6042338828E-03
   14      3.8220649444E-04  -1.5348992956E-03   5.3840678979E-04   8.3861865015E-04  -5.9245131160E-03
   15      5.0022509923E-04  -4.4699365431E-03  -2.4107748485E-02   9.1912170843E-03   1.0091514987E-03
   16     -1.0434864909E-03  -4.8368704516E-04  -7.2400105076E-03   2.6038224630E-03  -1.2513280921E-04
   17     -7.6895577028E-03  -2.1183529170E-03  -1.5049117117E-02   3.8146789823E-03  -7.4824338456E-04
   18     -4.4858596530E-02   5.1472312088E-03   1.1499173686E-03  -2.6767894240E-02  -3.6615577711E-03
   19     -1.9520668139E-03   2.3660378406E-03  -1.1571436851E-03  -9.9155776476E-03   3.5481875096E-03
   20      3.2625008161E-01   3.1412626965E-03   8.8075875795E-04  -1.2344459120E-02   1.4282098348E-03
   21      3.1412626965E-03   2.4724816571E-01   7.3587638261E-02   1.1028493626E-01   5.0353505574E-04
   22      8.8075875795E-04   7.3587638261E-02   7.6130313863E-02   4.3022577822E-02  -6.2276690314E-04
   23     -1.2344459120E-02   1.1028493626E-01   4.3022577822E-02   1.0684033657E-01  -3.1610648128E-04
   24      1.4282098348E-03   5.0353505574E-04  -6.2276690314E-04  -3.1610648128E-04   6.7072418747E-02
   25     -1.2624029340E-03  -3.0456700831E-04   6.3910286636E-04   5.0635211860E-04   3.5448300046E-03
   26      1.2890072393E-03   8.0243751494E-04  -8.7990198476E-05   2.1763927349E-04  -3.9580699726E-02
   27     -4.2506813732E-05   3.2514194412E-04  -1.7846569650E-04   2.0026172935E-04   3.2692050595E-04
   28      4.9788081944E-05  -5.6281024816E-06   2.9380523076E-04   1.8936106169E-04  -3.9346961920E-04
   29      3.7286924738E-04   3.5825072646E-04  -9.3911580909E-05  -3.9801983867E-05  -5.4458059228E-04
   30     -5.8375987517E-05   9.1123417745E-06   5.6989121077E-05  -1.4019419624E-04   5.4836184530E-04
   31     -7.7219788942E-04   6.3776040738E-05  -4.8152181648E-05  -4.0737070828E-05  -1.2345764768E-03
   32      4.5004566127E-04   7.4006696768E-05   6.4010035234E-05   1.8539873401E-08   1.9953411125E-04
   33      1.1522482358E-04   6.1902667019E-04   4.4817102097E-04   1.0330434913E-04   9.3376126019E-05
   34     -6.4334140908E-05   7.3773934646E-04  -8.2338861993E-04   2.0330722130E-04   3.5385142762E-04
   35     -3.1208321261E-05   1.3524538357E-04   1.7798151632E-05   3.8467325300E-04  -9.9096683045E-05
   36      9.7097643377E-06  -3.6540471338E-04  -8.5120762665E-05   3.9194664011E-05  -4.9516973481E-04
   37     -4.9921414359E-06   2.5190067705E-04  -2.3627205585E-05  -3.2558339591E-05   2.4379558818E-04
   38      6.9236056402E-06   5.3156781429E-05   6.3378531833E-05  -1.8958745972E-05   4.2943156165E-04
   39     -2.6028116204E-04  -4.9247951360E-05   1.8796900168E-06  -1.7501630940E-04   5.0702046054E-04
   40      2.1690698031E-05   2.5231491207E-06   8.4650991161E-07   6.2893394844E-05   5.4976458106E-05
   41      3.8571682862E-05   1.9641457008E-04  -4.1669431579E-05  -5.1984921441E-06   2.0611974199E-03
   42      7.3629839497E-05  -4.8159929024E-04   4.0482731873E-04   1.5779739072E-04   1.6856430191E-04
   43     -4.4372950081E-05   2.0584716084E-04  -1.4072574710E-04  -5.0563473980E-05  -7.8145067269E-05
   44     -1.0266194292E-05   1.2643125693E-04  -1.4294746820E-04  -5.4760116499E-05   1.9034971122E-04
                   25                 26                 27                 28                 29        
    0      5.3531842578E-03   2.4893333554E-03   4.7114812687E-04  -3.1870986077E-03   7.1047196751E-04
    1     -3.9668977903E-04   3.1522738588E-04  -5.4624606566E-04  -5.8006964124E-03   1.9329868923E-03
    2     -1.9754111010E-02  -6.4954290439E-03  -2.7679999760E-04   2.8054093017E-03  -1.0998421925E-04
    3     -6.9265400597E-04   4.4317334396E-02   4.8770356411E-03   2.6689591049E-02  -9.8830650373E-03
    4     -4.9210323877E-02   1.0241429266E-02  -4.2928371760E-03  -1.7329621716E-02   5.9042065027E-03
    5      1.0330661678E-02  -2.6463406157E-01  -2.5464874791E-03  -9.8174303547E-03   1.3948386784E-03
    6     -5.7436677011E-03   3.7269310803E-03  -1.9298020955E-01   1.1778562467E-01   5.4264711935E-02
    7     -3.6399101383E-03   1.5053389019E-03   1.1873008918E-01  -1.4063452526E-01  -4.2355573510E-02
    8      3.2279865909E-02  -1.0588392282E-02   5.3826549966E-02  -4.2190783336E-02  -6.6165453516E-02
    9     -5.4577297106E-03  -1.3931810439E-02   4.1091671463E-04  -5.9634729367E-04  -3.0332581642E-04
   10     -2.4854353395E-04  -7.7905570950E-03   1.2590947156E-03   2.1752493044E-03  -8.0750505619E-04
   11     -1.8794402393E-02  -2.2576069388E-02   4.2515730726E-06   5.2485871994E-05  -7.3841814102E-05
   12      2.0449776788E-03   4.0515817470E-03  -1.3064219034E-03   5.1749365072E-04   6.3286113415E-04
   13     -5.6095929141E-04  -1.4068044729E-03  -4.1874595113E-04  -7.5185804562E-04  -8.0742496169E-04
   14      4.2723890050E-05   1.0328396285E-03  -1.9035264680E-04   3.8046542749E-05   5.1418387606E-04
   15     -7.8595565702E-04  -2.1710994551E-04   2.5844218042E-04   1.6875510665E-03  -3.3751482315E-04
   16      6.8497518705E-04  -5.2806449318E-04  -2.1465613904E-04  -1.3703545526E-03   6.0829399832E-04
   17     -2.0314360947E-04   3.9745883165E-04   1.4707529945E-04  -4.2035753911E-04   6.7363037377E-04
   18      3.2446407490E-03   6.7865989686E-04  -6.3641465861E-05  -2.6974026947E-04  -2.0929108792E-04
   19     -1.8613144376E-03  -7.4114173559E-04  -1.6840275530E-04   2.2684748187E-04   3.7495462891E-04
   20     -1.2624029340E-03   1.2890072393E-03  -4.2506813732E-05   4.9788081944E-05   3.7286924738E-04
   21     -3.0456700831E-04   8.0243751494E-04   3.2514194412E-04  -5.6281024816E-06   3.5825072646E-04
   22      6.3910286636E-04  -8.7990198476E-05  -1.7846569650E-04   2.9380523076E-04  -9.3911580909E-05
   23      5.0635211860E-04   2.1763927349E-04   2.0026172935E-04   1.8936106169E-04  -3.9801983867E-05
   24      3.5448300046E-03  -3.9580699726E-02   3.2692050595E-04  -3.9346961920E-04  -5.4458059228E-04
   25      5.8170623616E-02  -5.1909682628E-03   6.2399851732E-04   1.2765133999E-03  -5.1520221143E-04
   26     -5.1909682628E-03   2.9846119155E-01  -5.9223331613E-04   9.3072501679E-05   4.7329881329E-04
   27      6.2399851732E-04  -5.9223331613E-04   2.1047235164E-01  -1.2983916128E-01  -5.8423459955E-02
   28      1.2765133999E-03   9.3072501679E-05  -1.2983916128E-01   1.5432904627E-01   4.5085098149E-02
   29     -5.1520221143E-04   4.7329881329E-04  -5.8423459955E-02   4.5085098149E-02   6.6936794994E-02
   30     -1.3528845818E-03   3.1558157251E-04  -2.1644210781E-03  -1.6823747806E-03   2.4437866226E-02
   31     -6.0297431397E-03   1.7933538762E-03   3.5300352008E-04   1.6452484904E-04  -1.9135632247E-02
   32      2.4203040373E-03   9.7757123475E-04  -3.9425394124E-04   6.3091326905E-04  -6.7873612505E-03
   33     -2.0794992710E-04   5.5853630785E-04  -1.9204665066E-02  -8.9447524226E-03  -1.0308576275E-02
   34      9.5584911073E-04   7.6888475757E-04   1.6386958784E-02   6.7960995645E-03   9.1903765604E-03
   35     -6.9030108120E-04  -4.7926111427E-05   8.3863298756E-03   3.7367628417E-03   3.0335672173E-03
   36     -1.8234901709E-04  -3.3921430056E-04  -1.6492723630E-03  -1.4341939797E-03  -3.3534405933E-04
   37      1.2499244067E-04   4.5919520769E-04  -1.6315382681E-03   2.0132671994E-04   2.4006014759E-04
   38      1.7678970685E-04  -1.5061407065E-04  -1.3005882245E-04  -4.2925001215E-04   1.4814288378E-04
   39     -1.6961812175E-04  -2.0250833035E-03   6.0324268469E-05  -1.0156458917E-04  -6.8679366186E-06
   40      1.9774178510E-04   5.5568496222E-04   1.2140800866E-04  -7.5937087659E-05   1.8097881838E-04
   41      6.2662351511E-04   9.1706885383E-04   3.0727216288E-05   1.6825046578E-04  -2.3905726951E-04
   42      8.0098726696E-05  -1.7553589534E-04   1.6635040627E-04  -2.1347081862E-04  -4.5859404800E-05
   43     -1.0231420821E-04   3.3600597987E-05  -1.9695806824E-04   4.9958025252E-04   1.8704643749E-04
   44      6.9494478814E-06   7.2641704454E-04  -5.3196886431E-06   1.9880586799E-05  -1.3182603152E-04
                   30                 31                 32                 33                 34        
    0     -5.0564683995E-05  -9.5127161735E-04   8.1909905733E-05  -2.3210188141E-04  -1.4594660276E-04
    1      2.5345279650E-04   1.9051802961E-03  -7.6036682235E-04   8.4197871047E-04   1.1391157708E-03
    2     -9.5571957185E-04   8.7867403879E-04   6.5347424804E-04  -3.1644016569E-04  -5.5504967278E-04
    3     -2.2371039076E-03  -2.9766491489E-03   7.7460180570E-04  -6.1255924464E-03  -2.4685700751E-02
    4     -1.5668490346E-03  -2.7516567401E-03   6.3992385780E-04   3.9779181681E-04  -6.0994907430E-03
    5      6.5366373908E-03   3.4896840635E-02  -1.3936254943E-02  -3.1814934623E-03  -1.6119123902E-02
    6     -4.8514224156E-02   1.3479620913E-04   2.6809649635E-02  -2.2917322394E-01  -7.3972475786E-02
    7      9.2422407983E-04  -4.5602249207E-02   5.4701921965E-03  -7.5356076622E-02  -7.4776543702E-02
    8      2.6634554655E-02   4.3699843809E-03  -3.0175984365E-01  -9.3299669954E-02  -3.6066146093E-02
    9      8.2174730164E-04   1.6869728870E-03   5.6230172466E-04   1.3757216176E-05  -4.8123507962E-03
   10      7.9864440087E-04   3.0612132814E-03  -7.5607137855E-04  -1.4708888024E-03  -8.5317331947E-03
   11      2.2309864874E-04  -1.6506996408E-03   2.4451460032E-03   1.2391381322E-03   1.8283432776E-03
   12     -4.1630941870E-04  -3.4100805513E-04   2.8395532130E-05   7.5447659984E-04   2.6398850915E-03
   13      8.9800243047E-05   1.9606307786E-04   3.0326873391E-04  -2.2232120961E-04  -1.5589070182E-03
   14      1.1912045490E-04   1.0298005627E-04  -1.3350171817E-04  -5.5427634031E-04  -4.6774917241E-04
   15     -1.3674571872E-04  -1.0362195022E-04  -2.2178633407E-05   1.5415225501E-04   3.7033224012E-05
   16     -2.3231722858E-05   2.4432248702E-04  -5.0983379162E-05   2.9327182648E-06   4.7171910439E-04
   17      1.4114545497E-04  -4.2258011859E-04   3.8961109773E-04   2.5730280752E-04   2.2549745685E-04
   18      3.3372401635E-04   4.4214755630E-04  -5.8536713655E-04   3.3413237213E-05   4.3176992677E-05
   19      2.6303039467E-04  -3.5018212889E-04   5.3036751183E-04  -4.5891221784E-05  -1.3057256584E-04
   20     -5.8375987517E-05  -7.7219788942E-04   4.5004566127E-04   1.1522482358E-04  -6.4334140908E-05
   21      9.1123417745E-06   6.3776040738E-05   7.4006696768E-05   6.1902667019E-04   7.3773934646E-04
   22      5.6989121077E-05  -4.8152181648E-05   6.4010035234E-05   4.4817102097E-04  -8.2338861993E-04
   23     -1.4019419624E-04  -4.0737070828E-05   1.8539873401E-08   1.0330434913E-04   2.0330722130E-04
   24      5.4836184530E-04  -1.2345764768E-03   1.9953411125E-04   9.3376126019E-05   3.5385142762E-04
   25     -1.3528845818E-03  -6.0297431397E-03   2.4203040373E-03  -2.0794992710E-04   9.5584911073E-04
   26      3.1558157251E-04   1.7933538762E-03   9.7757123475E-04   5.5853630785E-04   7.6888475757E-04
   27     -2.1644210781E-03   3.5300352008E-04  -3.9425394124E-04  -1.9204665066E-02   1.6386958784E-02
   28     -1.6823747806E-03   1.6452484904E-04   6.3091326905E-04  -8.9447524226E-03   6.7960995645E-03
   29      2.4437866226E-02  -1.9135632247E-02  -6.7873612505E-03  -1.0308576275E-02   9.1903765604E-03
   30      4.8001938753E-02   4.4727619687E-04  -3.0142312064E-02   3.8118900932E-03   1.6926607566E-03
   31      4.4727619687E-04   5.0213929793E-02  -9.1558782975E-03   2.3058855216E-03  -7.8786153173E-04
   32     -3.0142312064E-02  -9.1558782975E-03   3.2894518883E-01   2.5552181752E-03   6.7361879017E-04
   33      3.8118900932E-03   2.3058855216E-03   2.5552181752E-03   2.4889628534E-01   8.2382903102E-02
   34      1.6926607566E-03  -7.8786153173E-04   6.7361879017E-04   8.2382903102E-02   8.2083614800E-02
   35     -2.7065694213E-02  -1.0796972943E-02  -1.1088783832E-02   1.0257074922E-01   4.0405520215E-02
   36     -8.0028378602E-05  -4.6215716747E-05   1.2243979932E-04   3.8225539364E-04  -7.2905504740E-05
   37      4.8647818578E-05  -1.1186555668E-04   1.7861151592E-05   2.6155471943E-05   8.3194383638E-04
   38      1.3351071258E-04   3.5822744190E-05  -2.3413317423E-04   1.5758644632E-04  -2.0174638538E-04
   39      8.9314144529E-05   2.2670164819E-04  -9.9265816299E-05  -5.8693548663E-05  -2.7605877573E-04
   40      1.2393856052E-04  -1.3336604902E-04  -6.5770872166E-05  -2.9717008445E-07   1.3845102034E-04
   41     -1.6447653747E-04  -6.1141811331E-05   6.3866910180E-05   9.6486219661E-05   1.5139858018E-04
   42     -1.6691154709E-05  -9.7996789618E-06   3.6315804138E-05   3.5643954288E-05  -2.9638773946E-04
   43     -7.0741184502E-05   2.9842750422E-05   3.2967729329E-05  -1.7002375441E-04   2.9170416819E-04
   44     -1.5738143233E-05  -3.6172276014E-05   1.4956041630E-05   4.3625922123E-06   3.3541306689E-05
                   35                 36                 37                 38                 39        
    0     -1.5630959631E-04  -5.1503104645E-04   3.5383043921E-04  -1.4289153189E-05  -5.0619567497E-05
    1     -1.5499260280E-04  -4.7088969872E-04   2.5143464488E-04  -3.8348246632E-05   1.6298056280E-04
    2      1.1957104357E-04  -2.3792970686E-04   2.2166227975E-04   1.7281987739E-04  -5.0562123042E-05
    3      8.4963957056E-03   4.3716949264E-03  -3.6540096952E-03  -3.7742637623E-04   4.9088463681E-03
    4      2.1772005743E-03   4.0529947872E-03  -1.5311648085E-03   5.3359333827E-04   1.7829923699E-03
    5      2.5530774942E-03   8.1389350307E-04  -2.4251585380E-03   5.3829725171E-05   7.1891679190E-03
    6     -9.3439968959E-02  -4.1180555656E-04   2.8374561483E-04  -1.6855638965E-04  -4.5304951354E-04
    7     -3.6920928765E-02  -7.9712701175E-04  -3.2217878878E-04   4.8993132390E-04  -1.7622982720E-04
    8     -9.2453976260E-02   2.5946249025E-04   1.8419174613E-04   4.0357414221E-04  -7.3226552493E-04
    9      1.0348334720E-03  -1.7169735283E-02   1.8075336707E-02   3.2828650101E-03  -1.9030370237E-02
   10      2.2456706757E-03   3.6335865576E-02  -1.1745727127E-02  -1.4664533307E-02   4.7891121493E-03
   11      1.3924027621E-03  -4.5296502644E-03  -2.5521801585E-03   6.7608938180E-03   3.5104899899E-02
   12      5.7874262189E-05  -4.9447577643E-02   1.3884645770E-02  -5.9742448889E-03  -4.8900195459E-02
   13      7.0362715828E-05   1.1171849639E-02  -2.6222508094E-01   7.4016696593E-02  -2.4634653295E-03
   14      1.3328318467E-04  -5.8573061128E-03   7.3267223475E-02  -7.6035272544E-02   4.5742451382E-03
   15      2.5108288313E-04   1.8970480210E-04  -1.2518900112E-04  -1.2447187080E-05   2.2150072423E-05
   16     -4.4990552101E-05  -2.4316008103E-04   2.2797802997E-04  -4.3150818072E-05  -5.6498491716E-06
   17     -9.0188565715E-05   2.3005317917E-05  -4.1208482988E-05  -3.5913463843E-05   4.6875959181E-05
   18     -1.5938057281E-04   1.1358560368E-04  -5.4137970990E-05  -2.3018450158E-05   9.2713603616E-05
   19     -6.3667797673E-05   1.5592267165E-05  -2.6246814507E-05  -1.0422159213E-05  -7.3767067712E-05
   20     -3.1208321261E-05   9.7097643377E-06  -4.9921414359E-06   6.9236056402E-06  -2.6028116204E-04
   21      1.3524538357E-04  -3.6540471338E-04   2.5190067705E-04   5.3156781429E-05  -4.9247951360E-05
   22      1.7798151632E-05  -8.5120762665E-05  -2.3627205585E-05   6.3378531833E-05   1.8796900168E-06
   23      3.8467325300E-04   3.9194664011E-05  -3.2558339591E-05  -1.8958745972E-05  -1.7501630940E-04
   24     -9.9096683045E-05  -4.9516973481E-04   2.4379558818E-04   4.2943156165E-04   5.0702046054E-04
   25     -6.9030108120E-04  -1.8234901709E-04   1.2499244067E-04   1.7678970685E-04  -1.6961812175E-04
   26     -4.7926111427E-05  -3.3921430056E-04   4.5919520769E-04  -1.5061407065E-04  -2.0250833035E-03
   27      8.3863298756E-03  -1.6492723630E-03  -1.6315382681E-03  -1.3005882245E-04   6.0324268469E-05
   28      3.7367628417E-03  -1.4341939797E-03   2.0132671994E-04  -4.2925001215E-04  -1.0156458917E-04
   29      3.0335672173E-03  -3.3534405933E-04   2.4006014759E-04   1.4814288378E-04  -6.8679366186E-06
   30     -2.7065694213E-02  -8.0028378602E-05   4.8647818578E-05   1.3351071258E-04   8.9314144529E-05
   31     -1.0796972943E-02  -4.6215716747E-05  -1.1186555668E-04   3.5822744190E-05   2.2670164819E-04
   32     -1.1088783832E-02   1.2243979932E-04   1.7861151592E-05  -2.3413317423E-04  -9.9265816299E-05
   33      1.0257074922E-01   3.8225539364E-04   2.6155471943E-05   1.5758644632E-04  -5.8693548663E-05
   34      4.0405520215E-02  -7.2905504740E-05   8.3194383638E-04  -2.0174638538E-04  -2.7605877573E-04
   35      9.6266794644E-02   3.1903191922E-05   5.7565350696E-06  -2.1234549038E-04  -1.7873173215E-05
   36      3.1903191922E-05   5.9540145899E-02  -2.6645048844E-02   3.6781753713E-03   1.9767011221E-03
   37      5.7565350696E-06  -2.6645048844E-02   2.9113647653E-01  -7.6876700147E-02  -1.6793237250E-03
   38     -2.1234549038E-04   3.6781753713E-03  -7.6876700147E-02   7.3984883797E-02  -1.7515306761E-03
   39     -1.7873173215E-05   1.9767011221E-03  -1.6793237250E-03  -1.7515306761E-03   5.7729723039E-02
   40     -3.1789442058E-05  -1.0673564725E-03  -9.3832728999E-04   3.0574058850E-02  -4.6919988390E-03
   41      3.8165357200E-05  -1.4751700834E-03   2.6353634756E-04  -9.6518514890E-03  -2.0308420630E-02
   42     -2.3543675232E-05   3.5599369719E-03   5.1186545647E-04   7.6569412124E-04   3.1553831979E-03
   43      3.8232674950E-05  -2.0422611219E-02  -1.5849933674E-02  -1.3670907437E-02   2.6629127750E-03
   44      2.8936255446E-06   7.7479823642E-03   7.3180983424E-03   4.8080211293E-03  -2.1400595174E-02
                   40                 41                 42                 43                 44        
    0     -1.0711962645E-04   3.9524884154E-05  -1.1357902104E-03   6.3085076606E-04   3.2701560636E-04
    1      4.6488724326E-06   2.4693682365E-04  -1.1072593182E-03   4.3170242541E-04   6.8193097617E-05
    2     -5.1165160755E-05   8.5921792630E-04  -9.1468006857E-04   2.7907540592E-04   6.6318341148E-04
    3     -1.8686326448E-03  -3.8234767378E-03  -1.8148949149E-03   2.7299608304E-03   1.2231015755E-03
    4     -2.3806505309E-04  -1.4436182214E-03   3.5122401114E-03  -9.4616174235E-04  -4.2653973603E-04
    5     -4.0240163772E-05   1.3241942371E-03   4.7305483580E-03  -9.1000287518E-04  -8.2693232011E-04
    6      9.1332077310E-05   5.4700535651E-04  -2.1409359809E-04   3.2561051570E-04   1.5853513965E-04
    7     -1.9741144885E-05   1.1975825312E-04   4.0933737383E-04  -3.2874290331E-04   7.5621841010E-05
    8      1.0373622142E-04  -1.4485289765E-04  -2.6733064046E-04  -1.7507068549E-04   2.6316246894E-04
    9      7.5322517652E-03   1.5773737745E-02  -3.6557338408E-02   1.4636025727E-02   1.1222591054E-02
   10      1.3421704052E-03  -6.3416435611E-03  -1.3063757257E-02   1.0155266536E-02   6.7682447064E-03
   11     -1.7973341399E-02  -1.0808521942E-02  -1.2367835753E-02   7.4208884097E-03   5.9375937520E-03
   12     -1.1714774671E-03   7.0303746999E-03  -1.6949498651E-01  -1.1133165002E-01  -8.2321036722E-02
   13     -5.1759864408E-02   1.6610533658E-02  -1.0259254560E-01  -1.3766074070E-01  -6.5967915280E-02
