*************************************************
******************* ORCA 6.0.0 ******************
*************************************************
$Calculation_Status
   &GeometryIndex 1
   &ListStatus       OUT
   &VERSION [&Type "String"] "6.0.0"
   &PROGNAME [&Type "String"] "LeanSCF"
   &STATUS [&Type "String"] "NORMAL TERMINATION"
$End
$Geometry
   &GeometryIndex 1
   &ListStatus       OUT
   &NATOMS [&Type "Integer"] 7
   &NCORELESSECP [&Type "Integer"] 0
   &NGHOSTATOMS [&Type "Integer"] 0
   &CartesianCoordinates [&Type "Coordinates", &Dim(7,4), &Units "Bohr"] 
              C      2.652085957951   -0.003089434833    0.004920117229
              N     -0.170004340302   -0.000171376806    0.014061243537
              O     -1.259870526816   -2.044186412667   -0.010003983008
              O     -1.253673810199    2.047281004940   -0.010098202674
              H      3.298508482834   -1.730067446671    0.915719784601
              H      3.300709618071    1.697997790167    0.962302270417
              H      3.225921639150    0.024996580715   -1.979546272723
$End
$SCF_Energy
   &GeometryIndex 1
   &ListStatus       OUT
   &SCF_ENERGY [&Type "Double"]      -2.4500252888619451e+02
$End
$DFT_Energy
   &GeometryIndex 1
   &ListStatus       OUT
   &NALPHAEL [&Type "Integer"] 16
   &NBETAEL [&Type "Integer"] 16
   &NTOTALEL [&Type "Integer"] 32
   &EEXCHANGE [&Type "Double"]      -2.9381648053734533e+01
   &ECORR [&Type "Double"]      -1.0596716062572391e+00
   &ECNL [&Type "Double"]       0.0000000000000000e+00
   &EXC [&Type "Double"]      -3.0441319659991773e+01
   &EEMBED [&Type "Double"]       0.0000000000000000e+00
   &FINALEN [&Type "Double"]      -2.4500252888619451e+02  "No Van der Waals correction"
$End
$Mulliken_Population_Analysis
   &GeometryIndex 1
   &ListStatus       OUT
   &NATOMS [&Type "Integer"] 7
   &ATNO [&Type "ArrayOfIntegers", &Dim (7,1)] 
                                                         0

0                                                        6
1                                                        7
2                                                        8
3                                                        8
4                                                        1
5                                                        1
6                                                        1
   &ATOMICCHARGES [&Type "ArrayOfDoubles", &Dim (7,1)] 
                                                         0

0                                     -2.4910405041300265e-01
1                                      4.3419862383200591e-01
2                                     -3.2132249299523430e-01
3                                     -3.2016801739387013e-01
4                                      1.5211282955327243e-01
5                                      1.5217431218288535e-01
6                                      1.5210879523402943e-01
$End
$Loewdin_Population_Analysis
   &GeometryIndex 1
   &ListStatus       OUT
   &NATOMS [&Type "Integer"] 7
   &ATNO [&Type "ArrayOfIntegers", &Dim (7,1)] 
                                                         0

0                                                        6
1                                                        7
2                                                        8
3                                                        8
4                                                        1
5                                                        1
6                                                        1
   &ATOMICCHARGES [&Type "ArrayOfDoubles", &Dim (7,1)] 
                                                         0

0                                     -2.5052266945269164e-01
1                                     -8.4884552098659860e-02
2                                     -2.8720066742515371e-02
3                                     -2.7938156814091286e-02
4                                      1.2784577475710535e-01
5                                      1.2809518824480293e-01
6                                      1.3612448210613493e-01
$End
$Mayer_Population_Analysis
   &GeometryIndex 1
   &ListStatus       OUT
   &NATOMS [&Type "Integer"] 7 "Total number of atoms"
   &BONDTHRESH [&Type "Double"]       1.0000000000000001e-01  "The threshold for printing"
   &NBONDORDERSPRINT [&Type "Integer"] 7 "The number of bond orders larger than threshold"
   &BONDORDERS [&Type "ArrayOfDoubles", &Dim (7,1)] "The bond orders"
                                                         0

0                                      8.8088192339376681e-01
1                                      9.5600067640782438e-01
2                                      9.5577173036739782e-01
3                                      9.4763965028534869e-01
4                                      1.5854979373315590e+00
5                                      1.5856498872962916e+00
6                                      2.3179344079513758e-01
   &COMPONENTS [&Type "ArrayOfIntegers", &Dim (7,4)] "The indices and atomic numbers of the bonding atoms"
                                                         0                           1                           2                           3

0                                                        0                           6                           1                           7
1                                                        0                           6                           4                           1
2                                                        0                           6                           5                           1
3                                                        0                           6                           6                           1
4                                                        1                           7                           2                           8
5                                                        1                           7                           3                           8
6                                                        2                           8                           3                           8
   &ATNO [&Type "ArrayOfIntegers", &Dim (7,1)] "Atomic number of the elements"
                                                         0

0                                                        6
1                                                        7
2                                                        8
3                                                        8
4                                                        1
5                                                        1
6                                                        1
   &NA [&Type "ArrayOfDoubles", &Dim (7,1)] "Mulliken gross atomic population"
                                                         0

0                                      6.2491040504129778e+00
1                                      6.5658013761679879e+00
2                                      8.3213224929952201e+00
3                                      8.3201680173938719e+00
4                                      8.4788717044672712e-01
5                                      8.4782568781711476e-01
6                                      8.4789120476597168e-01
   &ZA [&Type "ArrayOfDoubles", &Dim (7,1)] "Total nuclear charge"
                                                         0

0                                      6.0000000000000000e+00
1                                      7.0000000000000000e+00
2                                      8.0000000000000000e+00
3                                      8.0000000000000000e+00
4                                      1.0000000000000000e+00
5                                      1.0000000000000000e+00
6                                      1.0000000000000000e+00
   &QA [&Type "ArrayOfDoubles", &Dim (7,1)] "Mulliken gross atomic charge"
                                                         0

0                                     -2.4910405041297778e-01
1                                      4.3419862383201213e-01
2                                     -3.2132249299522009e-01
3                                     -3.2016801739387191e-01
4                                      1.5211282955327288e-01
5                                      1.5217431218288524e-01
6                                      1.5210879523402832e-01
   &VA [&Type "ArrayOfDoubles", &Dim (7,1)] "Mayer's total valence"
                                                         0

0                                      3.8345344007773319e+00
1                                      4.0515392850207581e+00
2                                      1.8970349467313110e+00
3                                      1.8971225042889459e+00
4                                      9.7609030339405245e-01
5                                      9.7602759554849172e-01
6                                      9.7632252694075294e-01
   &BVA [&Type "ArrayOfDoubles", &Dim (7,1)] "Mayer's bonded valence"
                                                         0

0                                      3.8345344007773470e+00
1                                      4.0515392850207519e+00
2                                      1.8970349467312650e+00
3                                      1.8971225042889508e+00
4                                      9.7609030339405667e-01
5                                      9.7602759554848528e-01
6                                      9.7632252694073662e-01
   &FA [&Type "ArrayOfDoubles", &Dim (7,1)] "Mayer's free valence"
                                                         0

0                                      0.0000000000000000e+00
1                                      0.0000000000000000e+00
2                                      0.0000000000000000e+00
3                                      0.0000000000000000e+00
4                                      0.0000000000000000e+00
5                                      0.0000000000000000e+00
6                                      0.0000000000000000e+00
$End
$VdW_Correction
   &GeometryIndex 1
   &ListStatus       OUT
   &VDW [&Type "Double"]      -1.0192648284306598e-03
$End
$Calculation_Info
   &GeometryIndex 1
   &ListStatus       OUT
   &MULT [&Type "Integer"] 1
   &CHARGE [&Type "Integer"] 0
   &NUMOFATOMS [&Type "Integer"] 7
   &NUMOFELECTRONS [&Type "Integer"] 32
   &NUMOFFCELECTRONS [&Type "Integer"] 1
   &NUMOFCORRELECTRONS [&Type "Integer"] 0
   &NUMOFBASISFUNCTS [&Type "Integer"] 142
   &NUMOFAUXCBASISFUNCTS [&Type "Integer"] 0
   &NUMOFAUXJBASISFUNCTS [&Type "Integer"] 153
   &NUMOFAUXJKBASISFUNCTS [&Type "Integer"] 0
   &NUMOFCABSBASISFUNCTS [&Type "Integer"] 0
   &TOTALENERGY [&Type "Double"]      -2.4499340171902296e+02  "Hartrees"
$End
$SCF_Dipole_Moment
   &GeometryIndex 1
   &ListStatus       OUT
   &METHOD [&Type "String"] "SCF"
   &LEVEL [&Type "String"] "Relaxed density"
   &MULT [&Type "Integer"] 1
   &STATE [&Type "Integer"] -1
   &IRREP [&Type "Integer"] 0
   &NATOMS [&Type "Integer"] 7
   &DODIPOLEATOM [&Type "Boolean"] false
   &DIPOLEELECCONTRIB [&Type "ArrayOfDoubles", &Dim (3,1)] "Electronic contribution"
                                                         0

0                                     -3.4542170436673336e+00
1                                      4.0757601140140902e-03
2                                      3.9081547103186627e-02
   &DIPOLENUCCONTRIB [&Type "ArrayOfDoubles", &Dim (3,1)] "Nuclear contribution"
                                                         0

0                                      4.8783274703863384e+00
1                                     -3.5587675632833514e-03
2                                     -4.6371370303300408e-02
   &DIPOLETOTAL [&Type "ArrayOfDoubles", &Dim (3,1)] "Total"
                                                         0

0                                      1.4241104267190048e+00
1                                      5.1699255073073876e-04
2                                     -7.2898232001137805e-03
   &DIPOLEMAGNITUDE [&Type "Double", &Units "a.u."]       1.4241291782325689e+00
$End
$THERMOCHEMISTRY_Energies
   &GeometryIndex 1
   &ListStatus       OUT
   &TEMPERATURE [&Type "Double"]       2.9814999999999998e+02
   &PRESSURE [&Type "Double"]       1.0000000000000000e+00
   &TOTALMASS [&Type "Double"]       6.1040000000000006e+01
   &SPINDEGENERACY [&Type "Integer"] 1
   &ELENERGY [&Type "Double"]      -2.4499340171902296e+02
   &TRANSENERGY [&Type "Double"]       1.4162714244859817e-03
   &ROTENERGY [&Type "Double"]       1.4162714244859817e-03
   &VIBENERGY [&Type "Double"]       1.4103179370426196e-03
   &NUMOFFREQS [&Type "Integer"] 21
   &FREQSCALINGFACTOR [&Type "Double"]       1.0000000000000000e+00
   &FREQ [&Type "ArrayOfDoubles", &Dim (21,1)] "In cm^-1"
                                                         0

0                                      0.0000000000000000e+00
1                                      0.0000000000000000e+00
2                                      0.0000000000000000e+00
3                                      0.0000000000000000e+00
4                                      0.0000000000000000e+00
5                                      0.0000000000000000e+00
6                                      7.9450883109969752e+01
7                                      4.8211115823405737e+02
8                                      6.2469153860393078e+02
9                                      6.6787282088321911e+02
10                                     9.3101182916576738e+02
11                                     1.1045990846250952e+03
12                                     1.1336196803298894e+03
13                                     1.3806716875172287e+03
14                                     1.4114326951426410e+03
15                                     1.4487994286893193e+03
16                                     1.4697547397643139e+03
17                                     1.5750258913586097e+03
18                                     3.0486983310721016e+03
19                                     3.1477993078574441e+03
20                                     3.1845763765240631e+03
   &ZPE [&Type "Double"]       4.9413718905676043e-02
   &INNERENERGYU [&Type "Double"]      -2.4493974513933128e+02
   &ENTHALPYH [&Type "Double"]      -2.4493880093028903e+02
   &QEL [&Type "Double"]       0.0000000000000000e+00
   &QROT [&Type "Double"]       1.1197791615850956e-02
   &QVIB [&Type "Double"]       2.4180207449143475e-03
   &QTRANS [&Type "Double"]       1.8172112761958167e-02
   &ENTROPYS [&Type "Double"]       3.1787925122723472e-02
   &FREEENERGYG [&Type "Double"]      -2.4497058885541176e+02
   &ISLINEAR [&Type "Boolean"] false
$End
$Hessian
   &GeometryIndex 1
   &ListStatus       OUT
   &HESSIAN [&Type "ArrayOfDoubles", &Dim (21,21)] "The Hessian"
                                                         0                           1                           2                           3                           4                           5                           6                           7

0                                      3.9049102609508851e-01        -3.9393786645686737e-04         1.7701349462299211e-02        -1.2887635883160062e-01         1.9692077501036486e-05         8.7310370410196604e-04        -2.8214960170442224e-02        -2.3027003959382605e-02
1                                     -3.9393786645686737e-04         6.4025577729908312e-01        -2.4483051126052667e-06         1.8576387305265776e-04        -8.0605436909821693e-02         8.8777176291420881e-06        -4.5407845831251313e-02        -1.2089615424243624e-02
2                                      1.7701349462299211e-02        -2.4483051126052667e-06         5.6591234796005518e-01        -2.9520307951423422e-03        -2.9401624029339851e-05        -9.8289088012854256e-02        -3.0980623706234464e-03         2.7212260373315079e-04
3                                     -1.2887635883160062e-01         1.8576387305265776e-04        -2.9520307951423422e-03         6.6642577891356258e-01         6.6686320760333054e-04         2.0138776615197191e-03        -2.4777711023383850e-01        -1.6742823976742727e-01
4                                      1.9692077501036486e-05        -8.0605436909821693e-02        -2.9401624029339851e-05         6.6686320760333054e-04         8.8195253174689769e-01        -4.4975667845503043e-07        -1.6872059083943369e-01        -3.9589915441905160e-01
5                                      8.7310370410196604e-04         8.8777176291420881e-06        -9.8289088012854256e-02         2.0138776615197191e-03        -4.4975667845503043e-07         2.5826772383723934e-01        -3.4456417343378923e-03        -2.4191542558393065e-03
6                                     -2.8214960170442224e-02        -4.5407845831251313e-02        -3.0980623706234464e-03        -2.4777711023383850e-01        -1.6872059083943369e-01        -3.4456417343378923e-03         2.3343468640190052e-01         2.0616327695792075e-01
7                                     -2.3027003959382605e-02        -1.2089615424243624e-02         2.7212260373315079e-04        -1.6742823976742727e-01        -3.9589915441905160e-01        -2.4191542558393065e-03         2.0616327695792075e-01         5.3060122936311538e-01
8                                     -1.1027993340787013e-03         2.1640458884157592e-03         2.1562313492508419e-02        -3.5044785502458464e-03        -4.1143776967258096e-03        -8.0902683248320006e-02         4.9154473054190528e-03         4.1174537312942475e-03
9                                     -2.8078984778154376e-02         4.5646135140079001e-02        -3.0968789137712544e-03        -2.4637693463620608e-01         1.6803389481888634e-01        -3.4341220045005657e-03         5.1252336479083477e-02        -1.3606277882316650e-02
10                                     2.3144262900775342e-02        -1.2353554599915920e-02        -2.4820230074916981e-04         1.6680952963276574e-01        -3.9625555400238999e-01         2.4116730192057859e-03         1.3031434416567969e-02        -1.2662948437889029e-01
11                                    -1.1218689551732149e-03        -2.1721005332507618e-03         2.1320113002235099e-02        -3.5037597887217988e-03         4.1357946367584098e-03        -8.0800000109928549e-02         6.8537736575187858e-04        -6.2295860711177216e-04
12                                    -7.1305407270485704e-02         6.0696396542389210e-02        -3.6028471931519153e-02        -1.2367491033710341e-02         3.2592847373710071e-02        -1.8428655838988006e-02         1.3784697450375744e-03        -8.8493527497191665e-04
13                                     7.2108305305683434e-02        -2.4899652354082089e-01         1.0626747811243176e-01         8.3716979778485079e-05        -3.4750738408995479e-03        -2.5666459929281635e-03        -2.4858858162119524e-03         1.8386568792507774e-03
14                                    -4.1789967793570561e-02         1.0470156513012976e-01        -1.0325503504652592e-01         2.7096563703910177e-03        -3.5885477075254212e-04        -9.3532645226918152e-04        -2.2503997491273280e-04        -1.4953632693138433e-03
15                                    -7.1349297742213519e-02        -5.9923475313080739e-02        -3.7953608129638029e-02        -1.2638678148906270e-02        -3.2070189793664286e-02        -1.9362931183198078e-02        -8.9291112967710105e-03        -1.6071916169128338e-03
16                                    -7.0972379120619364e-02        -2.4280111167042759e-01        -1.0994814633974018e-01        -2.4784096658670915e-04        -3.4346896754470627e-03         2.6402979577486918e-03        -1.0179795019598929e-03         2.3968303377792126e-03
17                                    -4.3885581832345082e-02        -1.0831794737928969e-01        -1.0884834645610109e-01         2.7369292504487129e-03         3.2792830041297912e-04        -6.9848529013763396e-04         1.7819444631291890e-03         1.1406575057158756e-03
18                                    -6.2666017302192054e-02        -7.9716303120183965e-04         6.5426796730949616e-02        -1.8389206029300664e-02        -4.9300373611333662e-04         4.1800436040233195e-02        -1.1443109249698624e-03         3.3515557860810908e-04
19                                    -8.8481285103108351e-04        -4.3409535153853387e-02         3.6871985815414149e-03        -9.9306067675715198e-05        -2.2826228992879655e-03        -6.6969974344924487e-05        -1.5071934211494077e-03        -2.1846235795989588e-04
20                                     6.9326670696211776e-02         3.6194067534033618e-03        -2.9840230493931741e-01         2.4837392069202002e-03         3.1732196221987457e-05         3.3578592762702228e-03        -6.1021128125203668e-04        -1.0057523986162931e-03
                                                         8                           9                          10                          11                          12                          13                          14                          15

0                                     -1.1027993340787013e-03        -2.8078984778154376e-02         2.3144262900775342e-02        -1.1218689551732149e-03        -7.1305407270485704e-02         7.2108305305683434e-02        -4.1789967793570561e-02        -7.1349297742213519e-02
1                                      2.1640458884157592e-03         4.5646135140079001e-02        -1.2353554599915920e-02        -2.1721005332507618e-03         6.0696396542389210e-02        -2.4899652354082089e-01         1.0470156513012976e-01        -5.9923475313080739e-02
2                                      2.1562313492508419e-02        -3.0968789137712544e-03        -2.4820230074916981e-04         2.1320113002235099e-02        -3.6028471931519153e-02         1.0626747811243176e-01        -1.0325503504652592e-01        -3.7953608129638029e-02
3                                     -3.5044785502458464e-03        -2.4637693463620608e-01         1.6680952963276574e-01        -3.5037597887217988e-03        -1.2367491033710341e-02         8.3716979778485079e-05         2.7096563703910177e-03        -1.2638678148906270e-02
4                                     -4.1143776967258096e-03         1.6803389481888634e-01        -3.9625555400238999e-01         4.1357946367584098e-03         3.2592847373710071e-02        -3.4750738408995479e-03        -3.5885477075254212e-04        -3.2070189793664286e-02
5                                     -8.0902683248320006e-02        -3.4341220045005657e-03         2.4116730192057859e-03        -8.0800000109928549e-02        -1.8428655838988006e-02        -2.5666459929281635e-03        -9.3532645226918152e-04        -1.9362931183198078e-02
6                                      4.9154473054190528e-03         5.1252336479083477e-02         1.3031434416567969e-02         6.8537736575187858e-04         1.3784697450375744e-03        -2.4858858162119524e-03        -2.2503997491273280e-04        -8.9291112967710105e-03
7                                      4.1174537312942475e-03        -1.3606277882316650e-02        -1.2662948437889029e-01        -6.2295860711177216e-04        -8.8493527497191665e-04         1.8386568792507774e-03        -1.4953632693138433e-03        -1.6071916169128338e-03
8                                      3.0377916023168194e-02         6.8288393324413910e-04         6.3809958535104849e-04         2.7774679024198751e-02         1.7544867731735649e-03        -6.0580908873490605e-04         2.2444023416087863e-04         1.8185820725303216e-03
9                                      6.8288393324413910e-04         2.3185429959570988e-01        -2.0508757092734342e-01         4.9159418870530960e-03        -9.0726033936207456e-03         9.7141798657697769e-04         1.7491473653363939e-03         1.3818230770571704e-03
10                                     6.3809958535104849e-04        -2.0508757092734342e-01         5.3131614612476319e-01        -4.1520348564943466e-03         1.6906877956780896e-03         2.4455621635136706e-03        -1.0884187584388185e-03         8.1605333376589401e-04
11                                     2.7774679024198751e-02         4.9159418870530960e-03        -4.1520348564943466e-03         3.0273584550325167e-02         1.7268357255048848e-03         8.7368157915703902e-04         1.2457371039919032e-03         1.8510675552446888e-03
12                                     1.7544867731735649e-03        -9.0726033936207456e-03         1.6906877956780896e-03         1.7268357255048848e-03         8.2386963437625138e-02        -7.7428417229311361e-02         4.1381932060417598e-02         4.8224166568418330e-03
13                                    -6.0580908873490605e-04         9.7141798657697769e-04         2.4455621635136706e-03         8.7368157915703902e-04        -7.7428417229311361e-02         2.6112735391255082e-01        -1.1389930555731745e-01         7.7777965995324948e-03
14                                     2.2444023416087863e-04         1.7491473653363939e-03        -1.0884187584388185e-03         1.2457371039919032e-03         4.1381932060417598e-02        -1.1389930555731745e-01         1.0508641433775523e-01         6.5551497942953531e-03
15                                     1.8185820725303216e-03         1.3818230770571704e-03         8.1605333376589401e-04         1.8510675552446888e-03         4.8224166568418330e-03         7.7777965995324948e-03         6.5551497942953531e-03         8.2541825630540203e-02
16                                    -8.5744471420462660e-04         2.4939953197348087e-03         1.7486511417160924e-03         6.1558488794945720e-04        -7.9720852736167597e-03        -1.4502731056591233e-02        -1.2854963147848408e-02         7.6411932898480764e-02
17                                     1.1058318522605656e-03        -2.1473019079767692e-04         1.5343137281834014e-03         2.5199780775869934e-04         6.3627548371507333e-03         1.2209692827823030e-02         8.2293411650739730e-03         4.3596679567691435e-02
18                                    -4.5679359732165433e-03        -9.5993634386937979e-04        -3.7611170226842022e-04        -4.5575983083643431e-03         4.1576518583122477e-03        -1.0546289434968398e-03        -1.0368256058456010e-02         4.1710218234515982e-03
19                                    -1.3289730152577710e-03         1.5201200944417138e-03        -2.7176644879667793e-04         1.3023136192741465e-03        -8.6667988164285774e-03         1.5627554829964032e-03         2.5013674908029613e-02         8.5734894488381681e-03
20                                    -1.4249737797680621e-04        -5.9823755785932443e-04         9.2428885665992583e-04        -6.6111378581071973e-05         3.2184966107593124e-03        -2.2974264149196247e-03        -1.0595571342186888e-02         3.4821900143789941e-03
                                                        16                          17                          18                          19                          20

0                                     -7.0972379120619364e-02        -4.3885581832345082e-02        -6.2666017302192054e-02        -8.8481285103108351e-04         6.9326670696211776e-02
1                                     -2.4280111167042759e-01        -1.0831794737928969e-01        -7.9716303120183965e-04        -4.3409535153853387e-02         3.6194067534033618e-03
2                                     -1.0994814633974018e-01        -1.0884834645610109e-01         6.5426796730949616e-02         3.6871985815414149e-03        -2.9840230493931741e-01
3                                     -2.4784096658670915e-04         2.7369292504487129e-03        -1.8389206029300664e-02        -9.9306067675715198e-05         2.4837392069202002e-03
4                                     -3.4346896754470627e-03         3.2792830041297912e-04        -4.9300373611333662e-04        -2.2826228992879655e-03         3.1732196221987457e-05
5                                      2.6402979577486918e-03        -6.9848529013763396e-04         4.1800436040233195e-02        -6.6969974344924487e-05         3.3578592762702228e-03
6                                     -1.0179795019598929e-03         1.7819444631291890e-03        -1.1443109249698624e-03        -1.5071934211494077e-03        -6.1021128125203668e-04
7                                      2.3968303377792126e-03         1.1406575057158756e-03         3.3515557860810908e-04        -2.1846235795989588e-04        -1.0057523986162931e-03
8                                     -8.5744471420462660e-04         1.1058318522605656e-03        -4.5679359732165433e-03        -1.3289730152577710e-03        -1.4249737797680621e-04
9                                      2.4939953197348087e-03        -2.1473019079767692e-04        -9.5993634386937979e-04         1.5201200944417138e-03        -5.9823755785932443e-04
10                                     1.7486511417160924e-03         1.5343137281834014e-03        -3.7611170226842022e-04        -2.7176644879667793e-04         9.2428885665992583e-04
11                                     6.1558488794945720e-04         2.5199780775869934e-04        -4.5575983083643431e-03         1.3023136192741465e-03        -6.6111378581071973e-05
12                                    -7.9720852736167597e-03         6.3627548371507333e-03         4.1576518583122477e-03        -8.6667988164285774e-03         3.2184966107593124e-03
13                                    -1.4502731056591233e-02         1.2209692827823030e-02        -1.0546289434968398e-03         1.5627554829964032e-03        -2.2974264149196247e-03
14                                    -1.2854963147848408e-02         8.2293411650739730e-03        -1.0368256058456010e-02         2.5013674908029613e-02        -1.0595571342186888e-02
15                                     7.6411932898480764e-02         4.3596679567691435e-02         4.1710218234515982e-03         8.5734894488381681e-03         3.4821900143789941e-03
16                                     2.5442904131531535e-01         1.1778524095373662e-01         1.3259410876077064e-03         2.1640096076552349e-03         2.6271535892949741e-03
17                                     1.1778524095373662e-01         1.1125074900376081e-01        -1.0365125786581997e-02        -2.4687609123518729e-02        -1.1291088082615319e-02
18                                     1.3259410876077064e-03        -1.0365125786581997e-02         7.4830796918568115e-02         1.0621561799347618e-03        -7.7335482166861425e-02
19                                     2.1640096076552349e-03        -2.4687609123518729e-02         1.0621561799347618e-03         4.2455621769246291e-02        -3.9095187888840395e-03
20                                     2.6271535892949741e-03        -1.1291088082615319e-02        -7.7335482166861425e-02        -3.9095187888840395e-03         3.1713971384440726e-01
   &MODES [&Type "ArrayOfDoubles", &Dim (21,21)] "The modes of vibrations"
                                                         0                           1                           2                           3                           4                           5                           6                           7

0                                      0.0000000000000000e+00         0.0000000000000000e+00         0.0000000000000000e+00         0.0000000000000000e+00         0.0000000000000000e+00         0.0000000000000000e+00         2.1988543920687218e-05        -1.3357377869806377e-04
1                                      0.0000000000000000e+00         0.0000000000000000e+00         0.0000000000000000e+00         0.0000000000000000e+00         0.0000000000000000e+00         0.0000000000000000e+00         5.4235841392662127e-03         1.1775250543281728e-01
2                                      0.0000000000000000e+00         0.0000000000000000e+00         0.0000000000000000e+00         0.0000000000000000e+00         0.0000000000000000e+00         0.0000000000000000e+00        -1.6119523743333300e-04         7.8063122290462805e-06
3                                      0.0000000000000000e+00         0.0000000000000000e+00         0.0000000000000000e+00         0.0000000000000000e+00         0.0000000000000000e+00         0.0000000000000000e+00        -1.0901547821931626e-05        -1.9518050622670466e-04
4                                      0.0000000000000000e+00         0.0000000000000000e+00         0.0000000000000000e+00         0.0000000000000000e+00         0.0000000000000000e+00         0.0000000000000000e+00        -7.5691517128676951e-03        -8.5515360802280851e-02
5                                      0.0000000000000000e+00         0.0000000000000000e+00         0.0000000000000000e+00         0.0000000000000000e+00         0.0000000000000000e+00         0.0000000000000000e+00        -5.3525452983348848e-04         1.9343309310913178e-04
6                                      0.0000000000000000e+00         0.0000000000000000e+00         0.0000000000000000e+00         0.0000000000000000e+00         0.0000000000000000e+00         0.0000000000000000e+00        -1.0631557094336179e-02        -1.1994606029963249e-01
7                                      0.0000000000000000e+00         0.0000000000000000e+00         0.0000000000000000e+00         0.0000000000000000e+00         0.0000000000000000e+00         0.0000000000000000e+00        -2.2881391823237622e-03        -2.6158492396977588e-02
8                                      0.0000000000000000e+00         0.0000000000000000e+00         0.0000000000000000e+00         0.0000000000000000e+00         0.0000000000000000e+00         0.0000000000000000e+00         4.9994978298459392e-02        -4.4739282116030583e-03
9                                      0.0000000000000000e+00         0.0000000000000000e+00         0.0000000000000000e+00         0.0000000000000000e+00         0.0000000000000000e+00         0.0000000000000000e+00         1.0614618055328501e-02         1.2024867215497631e-01
10                                     0.0000000000000000e+00         0.0000000000000000e+00         0.0000000000000000e+00         0.0000000000000000e+00         0.0000000000000000e+00         0.0000000000000000e+00        -2.3046027545298633e-03        -2.6313561155357403e-02
11                                     0.0000000000000000e+00         0.0000000000000000e+00         0.0000000000000000e+00         0.0000000000000000e+00         0.0000000000000000e+00         0.0000000000000000e+00        -4.9612848961604582e-02         4.3352077468412900e-03
12                                     0.0000000000000000e+00         0.0000000000000000e+00         0.0000000000000000e+00         0.0000000000000000e+00         0.0000000000000000e+00         0.0000000000000000e+00         2.2219903704894371e-02         2.3568613172073091e-01
13                                     0.0000000000000000e+00         0.0000000000000000e+00         0.0000000000000000e+00         0.0000000000000000e+00         0.0000000000000000e+00         0.0000000000000000e+00        -2.3281670907334107e-01         2.2964618694117753e-01
14                                     0.0000000000000000e+00         0.0000000000000000e+00         0.0000000000000000e+00         0.0000000000000000e+00         0.0000000000000000e+00         0.0000000000000000e+00        -4.7272969800692216e-01         4.8246312350191167e-02
15                                     0.0000000000000000e+00         0.0000000000000000e+00         0.0000000000000000e+00         0.0000000000000000e+00         0.0000000000000000e+00         0.0000000000000000e+00        -2.3486558655140953e-02        -2.3184994658684810e-01
16                                     0.0000000000000000e+00         0.0000000000000000e+00         0.0000000000000000e+00         0.0000000000000000e+00         0.0000000000000000e+00         0.0000000000000000e+00        -2.4595251396049544e-01         2.3139881141410312e-01
17                                     0.0000000000000000e+00         0.0000000000000000e+00         0.0000000000000000e+00         0.0000000000000000e+00         0.0000000000000000e+00         0.0000000000000000e+00         4.6733999544878246e-01        -4.8172704789407779e-02
18                                     0.0000000000000000e+00         0.0000000000000000e+00         0.0000000000000000e+00         0.0000000000000000e+00         0.0000000000000000e+00         0.0000000000000000e+00         1.4249895379394497e-03        -4.3354302400192262e-03
19                                     0.0000000000000000e+00         0.0000000000000000e+00         0.0000000000000000e+00         0.0000000000000000e+00         0.0000000000000000e+00         0.0000000000000000e+00         5.9221933929686510e-01         1.5699934766435084e-01
20                                     0.0000000000000000e+00         0.0000000000000000e+00         0.0000000000000000e+00         0.0000000000000000e+00         0.0000000000000000e+00         0.0000000000000000e+00         8.6830943595778160e-03        -6.5276454058413942e-04
                                                         8                           9                          10                          11                          12                          13                          14                          15

0                                      7.6066337274886320e-02        -1.7965579062944828e-01         1.1601637687720236e-01        -1.2003989454599706e-04        -6.9899695452452556e-03         8.3795271551626624e-02        -7.8337087841518813e-02        -8.6456301542256280e-04
1                                      1.4888247641745209e-04        -6.1139531056920930e-05         8.6589588691180249e-06         1.3432800318426913e-01         2.5750929241981390e-04         3.7667227360531027e-04        -5.8272111222770089e-05         5.6907597091040346e-02
2                                      2.3563019544676333e-03         4.3188759341598144e-03        -3.0309189758075637e-03         2.4841331641317014e-04        -1.2485783212054255e-01        -1.1348110269859704e-02        -7.9917419356751276e-04         3.4341723411710444e-04
3                                      7.1397145251111292e-03        -1.4915056253453180e-02        -1.2398677092390811e-01         2.6310032821766344e-04         4.7742733999565599e-03        -1.6104198199092989e-01        -1.1240408225367766e-01         6.6945284383586833e-04
4                                     -1.3284188783843591e-04         1.2998513659075956e-04         1.3685011044169883e-04         6.6669130966538230e-03        -9.5283376387117002e-06         5.0356002369374901e-04         5.8277225732415803e-04        -4.6805274850231914e-02
5                                     -1.8517502485101361e-01        -8.1055423660360185e-02         4.6512413616967060e-03        -1.9625527505831838e-04         1.1551456195288845e-01        -6.2932325034819074e-03         1.8762025272863251e-03         1.9653430599141070e-04
6                                     -3.9112232370442902e-02         8.8941027763925026e-02         1.1541661328603773e-03        -3.6827846041721700e-02         6.7323927309564187e-04         6.2588793369078202e-02         3.8230437618749405e-02         1.4142529606000332e-02
7                                      2.2668062756302499e-02        -6.3313746900909254e-02        -1.3607724691053352e-01        -3.8661401284096029e-02        -1.5648065491887869e-03         7.5427784609553836e-02         4.8672499925973778e-02         2.5088917347880282e-02
