*************************************************
******************* ORCA 6.0.0 ******************
*************************************************
$Calculation_Status
   &GeometryIndex 1
   &ListStatus       OUT
   &VERSION [&Type "String"] "6.0.0"
   &PROGNAME [&Type "String"] "LeanSCF"
   &STATUS [&Type "String"] "NORMAL TERMINATION"
$End
$Geometry
   &GeometryIndex 1
   &ListStatus       OUT
   &NATOMS [&Type "Integer"] 7
   &NCORELESSECP [&Type "Integer"] 0
   &NGHOSTATOMS [&Type "Integer"] 0
   &CartesianCoordinates [&Type "Coordinates", &Dim(7,4), &Units "Bohr"] 
              C      2.654775204913    0.001374837745   -0.009478624025
              N     -0.191018010441    0.000022829215   -0.015865571246
              O     -1.237617983972   -2.055990005305    0.010123239845
              O     -1.239743036189    2.054404351035    0.010093839297
              H      3.233882829908    0.003494484212    1.972252695752
              H      3.301590176593    1.716867971730   -0.943372262769
              H      3.303472008585   -1.715049421753   -0.940441090611
$End
$SCF_Energy
   &GeometryIndex 1
   &ListStatus       OUT
   &SCF_ENERGY [&Type "Double"]      -2.4500282366010549e+02
$End
$DFT_Energy
   &GeometryIndex 1
   &ListStatus       OUT
   &NALPHAEL [&Type "Integer"] 16
   &NBETAEL [&Type "Integer"] 16
   &NTOTALEL [&Type "Integer"] 32
   &EEXCHANGE [&Type "Double"]      -2.9384332668155487e+01
   &ECORR [&Type "Double"]      -1.0597633892683185e+00
   &ECNL [&Type "Double"]       0.0000000000000000e+00
   &EXC [&Type "Double"]      -3.0444096057423806e+01
   &EEMBED [&Type "Double"]       0.0000000000000000e+00
   &FINALEN [&Type "Double"]      -2.4500282366010549e+02  "No Van der Waals correction"
$End
$Mulliken_Population_Analysis
   &GeometryIndex 1
   &ListStatus       OUT
   &NATOMS [&Type "Integer"] 7
   &ATNO [&Type "ArrayOfIntegers", &Dim (7,1)] 
                                                         0

0                                                        6
1                                                        7
2                                                        8
3                                                        8
4                                                        1
5                                                        1
6                                                        1
   &ATOMICCHARGES [&Type "ArrayOfDoubles", &Dim (7,1)] 
                                                         0

0                                     -2.5291273173694329e-01
1                                      4.3951721109414166e-01
2                                     -3.1893981964309148e-01
3                                     -3.1989125931377238e-01
4                                      1.5075524240835225e-01
5                                      1.5070728651016929e-01
6                                      1.5076407068115183e-01
$End
$Loewdin_Population_Analysis
   &GeometryIndex 1
   &ListStatus       OUT
   &NATOMS [&Type "Integer"] 7
   &ATNO [&Type "ArrayOfIntegers", &Dim (7,1)] 
                                                         0

0                                                        6
1                                                        7
2                                                        8
3                                                        8
4                                                        1
5                                                        1
6                                                        1
   &ATOMICCHARGES [&Type "ArrayOfDoubles", &Dim (7,1)] 
                                                         0

0                                     -2.5071321368351640e-01
1                                     -9.0695152654467037e-02
2                                     -2.2546134232813486e-02
3                                     -2.3244876834867867e-02
4                                      1.3419111198630551e-01
5                                      1.2649339781029445e-01
6                                      1.2651486760904129e-01
$End
$Mayer_Population_Analysis
   &GeometryIndex 1
   &ListStatus       OUT
   &NATOMS [&Type "Integer"] 7 "Total number of atoms"
   &BONDTHRESH [&Type "Double"]       1.0000000000000001e-01  "The threshold for printing"
   &NBONDORDERSPRINT [&Type "Integer"] 7 "The number of bond orders larger than threshold"
   &BONDORDERS [&Type "ArrayOfDoubles", &Dim (7,1)] "The bond orders"
                                                         0

0                                      8.7897478182474587e-01
1                                      9.4920925110199483e-01
2                                      9.5660792912774995e-01
3                                      9.5662964579885523e-01
4                                      1.5912138085668681e+00
5                                      1.5904922809057207e+00
6                                      2.3321012232131097e-01
   &COMPONENTS [&Type "ArrayOfIntegers", &Dim (7,4)] "The indices and atomic numbers of the bonding atoms"
                                                         0                           1                           2                           3

0                                                        0                           6                           1                           7
1                                                        0                           6                           4                           1
2                                                        0                           6                           5                           1
3                                                        0                           6                           6                           1
4                                                        1                           7                           2                           8
5                                                        1                           7                           3                           8
6                                                        2                           8                           3                           8
   &ATNO [&Type "ArrayOfIntegers", &Dim (7,1)] "Atomic number of the elements"
                                                         0

0                                                        6
1                                                        7
2                                                        8
3                                                        8
4                                                        1
5                                                        1
6                                                        1
   &NA [&Type "ArrayOfDoubles", &Dim (7,1)] "Mulliken gross atomic population"
                                                         0

0                                      6.2529127317369433e+00
1                                      6.5604827889058726e+00
2                                      8.3189398196430666e+00
3                                      8.3198912593138044e+00
4                                      8.4924475759164764e-01
5                                      8.4929271348983060e-01
6                                      8.4923592931884895e-01
   &ZA [&Type "ArrayOfDoubles", &Dim (7,1)] "Total nuclear charge"
                                                         0

0                                      6.0000000000000000e+00
1                                      7.0000000000000000e+00
2                                      8.0000000000000000e+00
3                                      8.0000000000000000e+00
4                                      1.0000000000000000e+00
5                                      1.0000000000000000e+00
6                                      1.0000000000000000e+00
   &QA [&Type "ArrayOfDoubles", &Dim (7,1)] "Mulliken gross atomic charge"
                                                         0

0                                     -2.5291273173694329e-01
1                                      4.3951721109412745e-01
2                                     -3.1893981964306661e-01
3                                     -3.1989125931380435e-01
4                                      1.5075524240835236e-01
5                                      1.5070728651016940e-01
6                                      1.5076407068115105e-01
   &VA [&Type "ArrayOfDoubles", &Dim (7,1)] "Mayer's total valence"
                                                         0

0                                      3.8342868732894551e+00
1                                      4.0603927377492433e+00
2                                      1.9024978175670926e+00
3                                      1.9016921065524570e+00
4                                      9.7708739819309898e-01
5                                      9.7632214751098700e-01
6                                      9.7633524091156809e-01
   &BVA [&Type "ArrayOfDoubles", &Dim (7,1)] "Mayer's bonded valence"
                                                         0

0                                      3.8342868732895496e+00
1                                      4.0603927377491509e+00
2                                      1.9024978175671581e+00
3                                      1.9016921065523507e+00
4                                      9.7708739819309975e-01
5                                      9.7632214751099666e-01
6                                      9.7633524091158275e-01
   &FA [&Type "ArrayOfDoubles", &Dim (7,1)] "Mayer's free valence"
                                                         0

0                                      0.0000000000000000e+00
1                                      0.0000000000000000e+00
2                                      0.0000000000000000e+00
3                                      0.0000000000000000e+00
4                                      0.0000000000000000e+00
5                                      0.0000000000000000e+00
6                                      0.0000000000000000e+00
$End
$VdW_Correction
   &GeometryIndex 1
   &ListStatus       OUT
   &VDW [&Type "Double"]      -1.0193924916636662e-03
$End
$Calculation_Info
   &GeometryIndex 1
   &ListStatus       OUT
   &MULT [&Type "Integer"] 1
   &CHARGE [&Type "Integer"] 0
   &NUMOFATOMS [&Type "Integer"] 7
   &NUMOFELECTRONS [&Type "Integer"] 32
   &NUMOFFCELECTRONS [&Type "Integer"] 1
   &NUMOFCORRELECTRONS [&Type "Integer"] 0
   &NUMOFBASISFUNCTS [&Type "Integer"] 142
   &NUMOFAUXCBASISFUNCTS [&Type "Integer"] 0
   &NUMOFAUXJBASISFUNCTS [&Type "Integer"] 153
   &NUMOFAUXJKBASISFUNCTS [&Type "Integer"] 0
   &NUMOFCABSBASISFUNCTS [&Type "Integer"] 0
   &TOTALENERGY [&Type "Double"]      -2.4499381584009714e+02  "Hartrees"
$End
$SCF_Dipole_Moment
   &GeometryIndex 1
   &ListStatus       OUT
   &METHOD [&Type "String"] "SCF"
   &LEVEL [&Type "String"] "Relaxed density"
   &MULT [&Type "Integer"] 1
   &STATE [&Type "Integer"] -1
   &IRREP [&Type "Integer"] 0
   &NATOMS [&Type "Integer"] 7
   &DODIPOLEATOM [&Type "Boolean"] false
   &DIPOLEELECCONTRIB [&Type "ArrayOfDoubles", &Dim (3,1)] "Electronic contribution"
                                                         0

0                                     -3.4970690919458294e+00
1                                     -3.7433529331809740e-03
2                                     -3.5829833624126325e-02
   &DIPOLENUCCONTRIB [&Type "ArrayOfDoubles", &Dim (3,1)] "Nuclear contribution"
                                                         0

0                                      4.8772316418456239e+00
1                                      2.7039438397364890e-03
2                                      4.2128274996768633e-02
   &DIPOLETOTAL [&Type "ArrayOfDoubles", &Dim (3,1)] "Total"
                                                         0

0                                      1.3801625498997945e+00
1                                     -1.0394090934444850e-03
2                                      6.2984413726423077e-03
   &DIPOLEMAGNITUDE [&Type "Double", &Units "a.u."]       1.3801773128409591e+00
$End
$THERMOCHEMISTRY_Energies
   &GeometryIndex 1
   &ListStatus       OUT
   &TEMPERATURE [&Type "Double"]       2.9814999999999998e+02
   &PRESSURE [&Type "Double"]       1.0000000000000000e+00
   &TOTALMASS [&Type "Double"]       6.1040000000000006e+01
   &SPINDEGENERACY [&Type "Integer"] 1
   &ELENERGY [&Type "Double"]      -2.4499381584009714e+02
   &TRANSENERGY [&Type "Double"]       1.4162714244859817e-03
   &ROTENERGY [&Type "Double"]       1.4162714244859817e-03
   &VIBENERGY [&Type "Double"]       1.4280786182140712e-03
   &NUMOFFREQS [&Type "Integer"] 21
   &FREQSCALINGFACTOR [&Type "Double"]       1.0000000000000000e+00
   &FREQ [&Type "ArrayOfDoubles", &Dim (21,1)] "In cm^-1"
                                                         0

0                                      0.0000000000000000e+00
1                                      0.0000000000000000e+00
2                                      0.0000000000000000e+00
3                                      0.0000000000000000e+00
4                                      0.0000000000000000e+00
5                                      0.0000000000000000e+00
6                                      7.5961190464265954e+01
7                                      4.8591151714357164e+02
8                                      6.1377811023413096e+02
9                                      6.5626286190963719e+02
10                                     9.1589716514378745e+02
11                                     1.1052527194769527e+03
12                                     1.1275945529405546e+03
13                                     1.3811162297126828e+03
14                                     1.4108769834541904e+03
15                                     1.4514946483536678e+03
16                                     1.4691157562395554e+03
17                                     1.6063406685660539e+03
18                                     3.0499376352601557e+03
19                                     3.1491724071668168e+03
20                                     3.1814365662922883e+03
   &ZPE [&Type "Double"]       4.9391013683503182e-02
   &INNERENERGYU [&Type "Double"]      -2.4494016420494646e+02
   &ENTHALPYH [&Type "Double"]      -2.4493921999590421e+02
   &QEL [&Type "Double"]       0.0000000000000000e+00
   &QROT [&Type "Double"]       1.1199103006323961e-02
   &QVIB [&Type "Double"]       2.4452679614387703e-03
   &QTRANS [&Type "Double"]       1.8172112761958167e-02
   &ENTROPYS [&Type "Double"]       3.1816483729720901e-02
   &FREEENERGYG [&Type "Double"]      -2.4497103647963394e+02
   &ISLINEAR [&Type "Boolean"] false
$End
$Hessian
   &GeometryIndex 1
   &ListStatus       OUT
   &HESSIAN [&Type "ArrayOfDoubles", &Dim (21,21)] "The Hessian"
                                                         0                           1                           2                           3                           4                           5                           6                           7

0                                      3.7668373942231193e-01        -1.8184385865712555e-04        -1.6357800956065569e-02        -1.1372768941856998e-01         5.1616945143209602e-05        -7.6602625180822526e-04        -2.8834266444640263e-02        -2.4107912999260919e-02
1                                     -1.8184385865712555e-04         6.4102903833326730e-01        -3.2536962047954865e-05         4.0256966654293478e-05        -7.8549474741287428e-02         1.4292309292492806e-05        -4.6774246051163273e-02        -1.3892230526269842e-02
2                                     -1.6357800956065569e-02        -3.2536962047954865e-05         5.6682531381483514e-01         2.5825207669541179e-03        -1.5298081374084400e-05        -9.9905877959114875e-02         3.2717153512579833e-03        -1.0037194431303676e-04
3                                     -1.1372768941856998e-01         4.0256966654293478e-05         2.5825207669541179e-03         6.5135054864655795e-01        -8.3842184732611769e-04        -3.0777009846397153e-03        -2.4798595200281270e-01        -1.7514200880258662e-01
4                                      5.1616945143209602e-05        -7.8549474741287428e-02        -1.5298081374084400e-05        -8.3842184732611769e-04         9.2128287490404270e-01         1.3559322533630917e-05        -1.7487787361802293e-01        -4.1611559332382275e-01
5                                     -7.6602625180822526e-04         1.4292309292492806e-05        -9.9905877959114875e-02        -3.0777009846397153e-03         1.3559322533630917e-05         2.5342175498304464e-01         3.9115053270568755e-03         3.0007169084600815e-03
6                                     -2.8834266444640263e-02        -4.6774246051163273e-02         3.2717153512579833e-03        -2.4798595200281270e-01        -1.7487787361802293e-01         3.9115053270568755e-03         2.3399826586049999e-01         2.1430500560502486e-01
7                                     -2.4107912999260919e-02        -1.3892230526269842e-02        -1.0037194431303676e-04        -1.7514200880258662e-01        -4.1611559332382275e-01         3.0007169084600815e-03         2.1430500560502486e-01         5.4706068183523704e-01
8                                      1.2018821068934533e-03        -2.0124944566920966e-03         2.2201284928591664e-02         3.9611932176929774e-03         4.6806594621086259e-03        -7.7657626578188060e-02        -5.4546259987858781e-03        -4.8116040624848989e-03
9                                     -2.8877892427367814e-02         4.6723347465688764e-02         3.2608023618736406e-03        -2.4884128575538089e-01         1.7573548694605445e-01         3.9236408041893132e-03         5.2052215774878348e-02        -1.2325058974303707e-02
10                                     2.4048119684356703e-02        -1.3758730241731156e-02         1.2104821448395437e-04         1.7595923677837366e-01        -4.1716667816483133e-01        -3.0221806906391173e-03         1.2520688481714254e-02        -1.2114280288012452e-01
11                                     1.1854111306326494e-03         2.0054805950246186e-03         2.2172464787034597e-02         3.9709395294706658e-03        -4.6963992865255034e-03        -7.7836673371271731e-02        -7.7905015132936667e-04         6.5037661676990016e-04
12                                    -6.2956833259017131e-02        -6.2195155276132335e-05        -6.6808041956842076e-02        -1.7512412955502307e-02        -5.0473756872975660e-05        -4.1371736910180042e-02        -1.1665714551605559e-03         1.7689084970152731e-04
13                                    -6.6703085903301198e-05        -4.3288849999257452e-02        -2.7179795912230745e-04        -2.0300091594094748e-05        -2.2966318617805149e-03        -1.6164092535603528e-05        -1.5113545934176817e-03        -2.6063959549711804e-04
14                                    -7.0312602618742420e-02        -2.7092031552905505e-04        -2.9970480835627611e-01        -1.8884644625607357e-03         1.6823431874049091e-05         3.6704273713333724e-03         5.1049082246645491e-04         8.8092092422198918e-04
15                                    -7.1076623524053834e-02        -6.0156475273086846e-02         3.7027719655715274e-02        -1.1624249693380009e-02        -3.1357578364922922e-02         1.8727354785082934e-02        -9.3716334445039656e-03        -2.1010424721737463e-03
16                                    -7.1087434075674277e-02        -2.4566277018462637e-01         1.0796633194632640e-01         1.3921872802879001e-04        -3.5918538237240615e-03        -2.6249782935946642e-03        -1.1273310638216091e-03         2.4304152466303806e-03
17                                     4.2530706407262600e-02         1.0623020157062367e-01        -1.0596891949882212e-01        -2.7629222206063727e-03        -2.5820285053206266e-04        -8.3664038610973580e-04        -1.7347516921951429e-03        -1.1401165760647008e-03
18                                    -7.1210434348662949e-02         6.0402225023648837e-02         3.7027528917255900e-02        -1.1658958820911934e-02         3.1360697997064597e-02         1.8639577883185859e-02         1.3079417117391433e-03        -8.3040168800334758e-04
19                                     7.1353088272187198e-02        -2.4587698264009511e-01        -1.0766867912869067e-01        -1.6143603266724135e-04        -3.5626429885966329e-03         2.6393850796504904e-03        -2.5103602787116715e-03         1.9201692438468310e-03
20                                     4.2513986041678241e-02        -1.0593271882593398e-01        -1.0561945771624821e-01        -2.7721804991979390e-03         2.5422745874803402e-04        -8.5536405969359984e-04         2.7392955796075747e-04         1.5489768822448411e-03
                                                         8                           9                          10                          11                          12                          13                          14                          15

0                                      1.2018821068934533e-03        -2.8877892427367814e-02         2.4048119684356703e-02         1.1854111306326494e-03        -6.2956833259017131e-02        -6.6703085903301198e-05        -7.0312602618742420e-02        -7.1076623524053834e-02
1                                     -2.0124944566920966e-03         4.6723347465688764e-02        -1.3758730241731156e-02         2.0054805950246186e-03        -6.2195155276132335e-05        -4.3288849999257452e-02        -2.7092031552905505e-04        -6.0156475273086846e-02
2                                      2.2201284928591664e-02         3.2608023618736406e-03         1.2104821448395437e-04         2.2172464787034597e-02        -6.6808041956842076e-02        -2.7179795912230745e-04        -2.9970480835627611e-01         3.7027719655715274e-02
3                                      3.9611932176929774e-03        -2.4884128575538089e-01         1.7595923677837366e-01         3.9709395294706658e-03        -1.7512412955502307e-02        -2.0300091594094748e-05        -1.8884644625607357e-03        -1.1624249693380009e-02
4                                      4.6806594621086259e-03         1.7573548694605445e-01        -4.1716667816483133e-01        -4.6963992865255034e-03        -5.0473756872975660e-05        -2.2966318617805149e-03         1.6823431874049091e-05        -3.1357578364922922e-02
5                                     -7.7657626578188060e-02         3.9236408041893132e-03        -3.0221806906391173e-03        -7.7836673371271731e-02        -4.1371736910180042e-02        -1.6164092535603528e-05         3.6704273713333724e-03         1.8727354785082934e-02
6                                     -5.4546259987858781e-03         5.2052215774878348e-02         1.2520688481714254e-02        -7.7905015132936667e-04        -1.1665714551605559e-03        -1.5113545934176817e-03         5.1049082246645491e-04        -9.3716334445039656e-03
7                                     -4.8116040624848989e-03        -1.2325058974303707e-02        -1.2114280288012452e-01         6.5037661676990016e-04         1.7689084970152731e-04        -2.6063959549711804e-04         8.8092092422198918e-04        -2.1010424721737463e-03
8                                      2.8065081307808510e-02        -7.8042485179164551e-04        -6.3927968519916171e-04         2.6121534302002550e-02         4.7299134319078312e-03         1.3002932675996871e-03        -1.5362334181680964e-04        -1.8516232252864086e-03
9                                     -7.8042485179164551e-04         2.3488267537255672e-01        -2.1526581597256322e-01        -5.4601986066253154e-03        -1.1546360037216399e-03         1.5118458079187195e-03         5.1002536019445315e-04         1.3127188431782018e-03
10                                    -6.3927968519916171e-04        -2.1526581597256322e-01         5.4797505961324633e-01         4.8154389497263427e-03        -1.7104215209829982e-04        -2.6210460681294287e-04        -8.8807324080105408e-04         8.3768499755842562e-04
11                                     2.6121534302002550e-02        -5.4601986066253154e-03         4.8154389497263427e-03         2.8256285375461470e-02         4.7304979254186620e-03        -1.2951434169744893e-03        -1.5072287843369899e-04        -1.8131930595874845e-03
12                                     4.7299134319078312e-03        -1.1546360037216399e-03        -1.7104215209829982e-04         4.7304979254186620e-03         7.4409283427345263e-02         8.6445922984712520e-05         7.7997558895629371e-02         4.1862082890310936e-03
13                                     1.3002932675996871e-03         1.5118458079187195e-03        -2.6210460681294287e-04        -1.2951434169744893e-03         8.6445922984712520e-05         4.2431476890636401e-02         2.9048916787474525e-04         8.5719930441140648e-03
14                                    -1.5362334181680964e-04         5.1002536019445315e-04        -8.8807324080105408e-04        -1.5072287843369899e-04         7.7997558895629371e-02         2.9048916787474525e-04         3.1838423343448097e-01        -3.3986341282602021e-03
15                                    -1.8516232252864086e-03         1.3127188431782018e-03         8.3768499755842562e-04        -1.8131930595874845e-03         4.1862082890310936e-03         8.5719930441140648e-03        -3.3986341282602021e-03         8.1758563703414597e-02
16                                     8.5506607369905015e-04         2.4981342394946246e-03         1.9186691481859162e-03        -5.9936359734009937e-04         1.1240288179008833e-03         1.8627493142004702e-03        -2.4773286613796394e-03         7.6326075334685467e-02
17                                     1.1781815863095711e-03         2.7404553176414281e-04        -1.5496266612869854e-03         2.4638300834082079e-04         1.0332011184638831e-02         2.4956464132530748e-02        -1.1041687650828799e-02        -4.2254858709256243e-02
18                                    -1.8055278970620133e-03        -9.3737958041428971e-03         2.0839050485860558e-03        -1.8327505188920762e-03         4.1949619570252799e-03        -8.5726350504152105e-03        -3.3840988912551030e-03         4.8150158263139311e-03
19                                     5.9846065213461789e-04         1.1092836217827414e-03         2.4365871320677834e-03        -8.5509085907421864e-04        -1.1029464800269232e-03         1.8139998585111647e-03         2.4509812577062431e-03         7.8491404085145825e-03
20                                     2.4516779529257726e-04        -1.7295468486923226e-03         1.1373741121094695e-03         1.1907287768659972e-03         1.0355522451955621e-02        -2.4967033663340060e-02        -1.1003818578458929e-02        -6.4228013793255689e-03
                                                        16                          17                          18                          19                          20

0                                     -7.1087434075674277e-02         4.2530706407262600e-02        -7.1210434348662949e-02         7.1353088272187198e-02         4.2513986041678241e-02
1                                     -2.4566277018462637e-01         1.0623020157062367e-01         6.0402225023648837e-02        -2.4587698264009511e-01        -1.0593271882593398e-01
2                                      1.0796633194632640e-01        -1.0596891949882212e-01         3.7027528917255900e-02        -1.0766867912869067e-01        -1.0561945771624821e-01
3                                      1.3921872802879001e-04        -2.7629222206063727e-03        -1.1658958820911934e-02        -1.6143603266724135e-04        -2.7721804991979390e-03
4                                     -3.5918538237240615e-03        -2.5820285053206266e-04         3.1360697997064597e-02        -3.5626429885966329e-03         2.5422745874803402e-04
5                                     -2.6249782935946642e-03        -8.3664038610973580e-04         1.8639577883185859e-02         2.6393850796504904e-03        -8.5536405969359984e-04
6                                     -1.1273310638216091e-03        -1.7347516921951429e-03         1.3079417117391433e-03        -2.5103602787116715e-03         2.7392955796075747e-04
7                                      2.4304152466303806e-03        -1.1401165760647008e-03        -8.3040168800334758e-04         1.9201692438468310e-03         1.5489768822448411e-03
8                                      8.5506607369905015e-04         1.1781815863095711e-03        -1.8055278970620133e-03         5.9846065213461789e-04         2.4516779529257726e-04
9                                      2.4981342394946246e-03         2.7404553176414281e-04        -9.3737958041428971e-03         1.1092836217827414e-03        -1.7295468486923226e-03
10                                     1.9186691481859162e-03        -1.5496266612869854e-03         2.0839050485860558e-03         2.4365871320677834e-03         1.1373741121094695e-03
11                                    -5.9936359734009937e-04         2.4638300834082079e-04        -1.8327505188920762e-03        -8.5509085907421864e-04         1.1907287768659972e-03
12                                     1.1240288179008833e-03         1.0332011184638831e-02         4.1949619570252799e-03        -1.1029464800269232e-03         1.0355522451955621e-02
13                                     1.8627493142004702e-03         2.4956464132530748e-02        -8.5726350504152105e-03         1.8139998585111647e-03        -2.4967033663340060e-02
14                                    -2.4773286613796394e-03        -1.1041687650828799e-02        -3.3840988912551030e-03         2.4509812577062431e-03        -1.1003818578458929e-02
15                                     7.6326075334685467e-02        -4.2254858709256243e-02         4.8150158263139311e-03         7.8491404085145825e-03        -6.4228013793255689e-03
16                                     2.5746567468369058e-01        -1.1569816148269735e-01        -7.8424896553029120e-03        -1.4422884384356925e-02         1.2566098498664247e-02
17                                    -1.1569816148269735e-01         1.0818997608043354e-01        -6.3981944406901019e-03        -1.2528222616251267e-02         8.2327068606767324e-03
18                                    -7.8424896553029120e-03        -6.3981944406901019e-03         8.1925269478639429e-02        -7.6569035593328352e-02        -4.2232722188460622e-02
19                                    -1.4422884384356925e-02        -1.2528222616251267e-02        -7.6569035593328352e-02         2.5769175377862286e-01         1.1537812057601612e-01
20                                     1.2566098498664247e-02         8.2327068606767324e-03        -4.2232722188460622e-02         1.1537812057601612e-01         1.0781003692156545e-01
   &MODES [&Type "ArrayOfDoubles", &Dim (21,21)] "The modes of vibrations"
                                                         0                           1                           2                           3                           4                           5                           6                           7

0                                      0.0000000000000000e+00         0.0000000000000000e+00         0.0000000000000000e+00         0.0000000000000000e+00         0.0000000000000000e+00         0.0000000000000000e+00         7.0443381609244628e-06        -9.6666706658221209e-05
1                                      0.0000000000000000e+00         0.0000000000000000e+00         0.0000000000000000e+00         0.0000000000000000e+00         0.0000000000000000e+00         0.0000000000000000e+00         5.4226175513651846e-03         1.1794955867556586e-01
2                                      0.0000000000000000e+00         0.0000000000000000e+00         0.0000000000000000e+00         0.0000000000000000e+00         0.0000000000000000e+00         0.0000000000000000e+00         2.7858098454749988e-05        -4.5726059384824346e-06
3                                      0.0000000000000000e+00         0.0000000000000000e+00         0.0000000000000000e+00         0.0000000000000000e+00         0.0000000000000000e+00         0.0000000000000000e+00         1.7864914306457426e-05         7.2228176661814735e-05
4                                      0.0000000000000000e+00         0.0000000000000000e+00         0.0000000000000000e+00         0.0000000000000000e+00         0.0000000000000000e+00         0.0000000000000000e+00        -7.6943576948930942e-03        -8.4937865908820076e-02
5                                      0.0000000000000000e+00         0.0000000000000000e+00         0.0000000000000000e+00         0.0000000000000000e+00         0.0000000000000000e+00         0.0000000000000000e+00         1.0026282371764068e-04         3.2390124741942985e-05
6                                      0.0000000000000000e+00         0.0000000000000000e+00         0.0000000000000000e+00         0.0000000000000000e+00         0.0000000000000000e+00         0.0000000000000000e+00        -1.1001302563306867e-02        -1.2003713015116142e-01
7                                      0.0000000000000000e+00         0.0000000000000000e+00         0.0000000000000000e+00         0.0000000000000000e+00         0.0000000000000000e+00         0.0000000000000000e+00        -2.3712706247559123e-03        -2.6603504430197718e-02
8                                      0.0000000000000000e+00         0.0000000000000000e+00         0.0000000000000000e+00         0.0000000000000000e+00         0.0000000000000000e+00         0.0000000000000000e+00        -4.9592725115162689e-02         4.6417913330827777e-03
9                                      0.0000000000000000e+00         0.0000000000000000e+00         0.0000000000000000e+00         0.0000000000000000e+00         0.0000000000000000e+00         0.0000000000000000e+00         1.0984989931481837e-02         1.2008342202990847e-01
10                                     0.0000000000000000e+00         0.0000000000000000e+00         0.0000000000000000e+00         0.0000000000000000e+00         0.0000000000000000e+00         0.0000000000000000e+00        -2.3720024339189904e-03        -2.6503668245240211e-02
11                                     0.0000000000000000e+00         0.0000000000000000e+00         0.0000000000000000e+00         0.0000000000000000e+00         0.0000000000000000e+00         0.0000000000000000e+00         4.9513387153330174e-02        -4.6653385166294820e-03
12                                     0.0000000000000000e+00         0.0000000000000000e+00         0.0000000000000000e+00         0.0000000000000000e+00         0.0000000000000000e+00         0.0000000000000000e+00        -8.2483214594646743e-05        -3.3042804373310656e-04
13                                     0.0000000000000000e+00         0.0000000000000000e+00         0.0000000000000000e+00         0.0000000000000000e+00         0.0000000000000000e+00         0.0000000000000000e+00         5.9390811132882448e-01         1.5519271073574664e-01
14                                     0.0000000000000000e+00         0.0000000000000000e+00         0.0000000000000000e+00         0.0000000000000000e+00         0.0000000000000000e+00         0.0000000000000000e+00        -5.7145828815618810e-04         2.8621499857354272e-05
15                                     0.0000000000000000e+00         0.0000000000000000e+00         0.0000000000000000e+00         0.0000000000000000e+00         0.0000000000000000e+00         0.0000000000000000e+00        -2.4589451251874953e-02        -2.3397985594239717e-01
16                                     0.0000000000000000e+00         0.0000000000000000e+00         0.0000000000000000e+00         0.0000000000000000e+00         0.0000000000000000e+00         0.0000000000000000e+00        -2.3862851602809268e-01         2.3123434968436929e-01
17                                     0.0000000000000000e+00         0.0000000000000000e+00         0.0000000000000000e+00         0.0000000000000000e+00         0.0000000000000000e+00         0.0000000000000000e+00        -4.6981491013166948e-01         4.9764577739063065e-02
18                                     0.0000000000000000e+00         0.0000000000000000e+00         0.0000000000000000e+00         0.0000000000000000e+00         0.0000000000000000e+00         0.0000000000000000e+00         2.4598663034155588e-02         2.3372371650110652e-01
19                                     0.0000000000000000e+00         0.0000000000000000e+00         0.0000000000000000e+00         0.0000000000000000e+00         0.0000000000000000e+00         0.0000000000000000e+00        -2.3768888648261666e-01         2.3132511633281402e-01
20                                     0.0000000000000000e+00         0.0000000000000000e+00         0.0000000000000000e+00         0.0000000000000000e+00         0.0000000000000000e+00         0.0000000000000000e+00         4.6992043891487073e-01        -4.9815059871628535e-02
                                                         8                           9                          10                          11                          12                          13                          14                          15

0                                      8.1960318857889611e-02         1.8116018934860831e-01        -1.1245278098282985e-01        -1.6525458221888439e-04        -6.9789051211635988e-03         8.7763245122747940e-02        -6.9589543199390369e-02        -1.1442548119508111e-04
1                                      2.6838695187765775e-05         1.4372984537865699e-04        -1.1544321914523572e-04         1.3482822272375369e-01        -2.3210839348488651e-04         3.0047146910922848e-04         1.9090899016153184e-04         5.5832533184213169e-02
2                                     -7.8354951362423183e-04         3.4880149825112020e-03        -2.5576655939313938e-03         2.1136646637512965e-04         1.2357794432016182e-01         1.1598063251918063e-02         1.8978118936447703e-03        -8.8730754495151908e-06
3                                      5.7229399786909736e-03         9.3627090346505189e-03         1.3198219210026244e-01         1.5862395710961678e-04         4.4539586074807029e-03        -1.4027093936991988e-01        -1.3063492190700440e-01         7.3387123464701122e-04
4                                      9.7700900386664857e-06        -3.7381254820348287e-05        -8.4232563092519822e-06         1.5622565962250755e-03         1.7170312436453113e-05        -8.4275859023910519e-04        -7.6958492242423359e-04        -3.3903379900714480e-02
5                                      1.8272132412390463e-01        -8.5852680815628857e-02         3.7460359865518224e-03        -1.7288639156208099e-04        -1.1597236498306177e-01         6.5157891817936254e-03        -6.7551990261102213e-04         1.5333396876772044e-06
6                                     -4.1025579127300912e-02        -8.6940753777228777e-02        -6.8764216733569576e-03        -3.5579832329981347e-02         7.0957345483128995e-04         5.7714655837011644e-02         4.6840143762748386e-02         1.1439113493135256e-02
7                                      2.3331939250398819e-02         6.0201723237610152e-02         1.3424750685503548e-01        -3.6811098530807843e-02        -1.9586806045443681e-03         7.2417293679856623e-02         6.1533148096215948e-02         1.9968820274350898e-02
