
$orca_hessian_file

$act_atom
  0

$act_coord
  0

$act_energy
        0.000000

$multiplicity
  1

$hessian
48
                    0                  1                  2                  3                  4        
    0      7.2527545846E-01  -2.0263833942E-02  -5.8422670854E-02  -2.1291574482E-01  -1.2629886733E-01
    1     -2.0263833942E-02   6.5224044712E-01  -2.7667900571E-02  -6.7917871246E-02  -2.3793684785E-01
    2     -5.8422670854E-02  -2.7667900571E-02   1.3691099328E-01   1.8783986405E-02   2.2373486328E-02
    3     -2.1291574482E-01  -6.7917871246E-02   1.8783986405E-02   6.5695243429E-01  -2.6522454116E-02
    4     -1.2629886733E-01  -2.3793684785E-01   2.2373486328E-02  -2.6522454116E-02   7.2151541864E-01
    5      2.2004495576E-02   1.6104883004E-02  -6.4033789445E-02  -5.1031849426E-02  -3.0598262304E-02
    6     -4.6157425216E-02  -5.6868466367E-02   8.5916826207E-03  -3.2150299740E-01   6.8859116857E-02
    7     -1.4319402242E-02   4.8842477064E-02  -8.1504348034E-04   1.0077064911E-02  -1.3503759451E-01
    8      6.4575106215E-03   2.5344438949E-03   6.3886808637E-03   2.7677844171E-02  -1.3528362595E-03
    9      2.0711273492E-04  -1.2329582050E-02   2.9522324716E-04  -8.0135893248E-03   3.8480791783E-02
   10     -1.2570002689E-02  -6.2457953761E-02   4.4612258872E-03   8.0816749721E-02   8.8547223085E-03
   11     -6.2094586740E-04   5.2273933633E-03  -7.1988628614E-03  -4.7087232462E-03  -5.5610049892E-03
   12     -7.9495778116E-03   8.0694909669E-02  -3.8881082361E-03  -5.5789902577E-02  -1.9484946022E-02
   13      3.7174239948E-02   8.0729939981E-03  -3.7427801017E-03  -1.8159935802E-02  -6.4745299828E-03
   14     -7.7591462895E-04  -6.7004280665E-03   7.8316716137E-03   4.6893116703E-03   1.2933313522E-03
   15     -1.4766805830E-01   3.3013551139E-02   7.5350205659E-03   5.5446833013E-02  -1.3861236697E-03
   16      9.1399765470E-02  -3.0748324021E-01   4.9369572671E-03  -4.4291741713E-02  -5.4703410630E-02
   17      3.6071029694E-03   1.0907373102E-02  -6.1732247525E-02  -1.7740968585E-03   4.1203416390E-03
   18     -7.7245490964E-04  -5.0626337451E-04  -6.4426651104E-05   3.9279956267E-03  -7.4635674379E-04
   19     -1.1889837332E-04  -1.7040026760E-03   1.8011354725E-04   8.3915613683E-04  -6.7872449779E-03
   20      5.9116798163E-04  -1.5403829096E-03  -1.1663214552E-03   1.1622309277E-03   1.3518740627E-03
   21     -7.0073388504E-04  -6.9796480846E-04  -3.7807234933E-05   7.2649522228E-04  -1.0238493171E-03
   22      2.3161019225E-04   5.3973777841E-04  -1.7495933123E-04  -5.6303615072E-04   1.9022825951E-03
   23      2.0605407907E-05   1.1443378449E-03  -1.7028445202E-04  -1.0615560864E-03  -3.3763542012E-05
   24     -3.1900083129E-01   5.3204887540E-02   2.5775079417E-02  -1.6231995726E-02   7.0800745441E-03
   25      5.3149864384E-02  -6.9370139000E-02  -3.4049086463E-03  -2.3942250851E-02   9.0761356009E-03
   26      2.5900819934E-02  -3.3043451393E-03  -3.6462963791E-02   2.8420140095E-03  -1.2993680005E-03
   27      1.0645401485E-02  -2.0511166864E-02   2.9730067652E-04  -8.5836146023E-02   8.2201255866E-02
   28      1.0507091060E-02  -1.8161563071E-02   5.7280952343E-05   8.2178491397E-02  -3.0351011421E-01
   29     -1.4994437764E-03   3.0046402495E-03   2.2161757412E-03   5.3569824673E-04   6.9916013912E-03
   30     -4.9239954328E-03   2.7750796554E-03   1.0245264917E-03  -1.5282840779E-02  -2.4547127436E-02
   31      1.9429375902E-03   1.3116290649E-03   1.1766497456E-04   5.6854403562E-03   8.1947276505E-03
   32      1.2458095486E-03   1.7151727227E-04   7.7264366690E-03   1.2890993593E-03   2.3343604753E-03
   33     -5.8053059971E-03   7.8175836035E-05   1.4144028205E-03  -1.1048070706E-03  -5.8393467370E-04
   34      1.3211811878E-03   2.2373414779E-03   2.8714591809E-04  -7.6604541975E-04   5.4445617545E-04
   35      1.2037983145E-03   5.2329479176E-04   7.4238500888E-03  -1.3989925322E-04  -1.0092173064E-04
   36      1.0015961767E-02   8.7678976317E-03  -1.3043609602E-03   6.7971693208E-04   2.5981108868E-03
   37     -2.2112812444E-02  -1.7422823144E-02   3.5122538402E-03   3.7163019352E-03  -4.6711609226E-03
   38      5.7553382920E-04  -2.0117481405E-05   2.1509000676E-03   6.6857843940E-04   5.3420894951E-04
   39      7.9804107558E-05  -1.0034603824E-04  -1.4124206559E-04   2.1757212183E-04   1.7797873831E-03
   40     -7.9155508368E-05   5.4029202146E-04  -2.1802127378E-05  -5.3121949296E-04  -4.6223126312E-04
   41     -4.7841998758E-05  -5.7047428072E-04   1.4391987978E-04   7.9819013616E-04   2.3538952470E-05
   42     -4.9161202536E-04   1.9165231662E-04   2.6034283067E-04  -6.9654609684E-04  -4.9866396714E-04
   43      1.9178079166E-05   9.1359947335E-04  -1.4869342558E-04  -9.1953107180E-04  -3.5886583110E-04
   44     -3.7394225794E-04  -6.7014138261E-05  -1.6540073352E-05   6.0601044809E-04  -8.4742133421E-05
   45      1.6200113374E-04   4.4828346650E-04  -1.1157484584E-04  -5.7647739017E-04   1.7801650641E-04
   46      3.8162048318E-05  -1.6194828976E-04   2.8944372041E-05   2.1605084985E-04  -1.4574280121E-04
   47      1.2654097401E-04   2.7379366146E-04  -1.1618602971E-05  -3.4349818040E-04  -1.7417355014E-05
                    5                  6                  7                  8                  9        
    0      2.2004495576E-02  -4.6157425216E-02  -1.4319402242E-02   6.4575106215E-03   2.0711273492E-04
    1      1.6104883004E-02  -5.6868466367E-02   4.8842477064E-02   2.5344438949E-03  -1.2329582050E-02
    2     -6.4033789445E-02   8.5916826207E-03  -8.1504348034E-04   6.3886808637E-03   2.9522324716E-04
    3     -5.1031849426E-02  -3.2150299740E-01   1.0077064911E-02   2.7677844171E-02  -8.0135893248E-03
    4     -3.0598262304E-02   6.8859116857E-02  -1.3503759451E-01  -1.3528362595E-03   3.8480791783E-02
    5      1.3807999628E-01   2.2582329551E-02   3.9207906988E-03  -6.1666306698E-02  -7.6875674345E-04
    6      2.2582329551E-02   6.9079190984E-01   3.5049082453E-02  -6.1109282548E-02  -1.4192408698E-01
    7      3.9207906988E-03   3.5049082453E-02   6.8312157380E-01  -3.5589434486E-02   7.8676687271E-02
    8     -6.1666306698E-02  -6.1109282548E-02  -3.5589434486E-02   1.3903311168E-01   4.8303035382E-03
    9     -7.6875674345E-04  -1.4192408698E-01   7.8676687271E-02   4.8303035382E-03   6.1952675859E-01
   10     -7.7226240356E-03   2.6066814478E-02  -2.9090547988E-01   8.9725955758E-03   6.4154272845E-03
   11      6.0321769480E-03   8.4497930718E-03   4.3209219781E-03  -6.5394623131E-02  -5.1539129007E-02
   12      6.4888512999E-03   5.3582108586E-02  -4.1908563220E-02  -1.3050375635E-03  -2.0399043184E-01
   13      1.5991367953E-03  -2.0779469034E-03  -5.2875128892E-02   4.6177591115E-03  -1.1835927724E-01
   14     -8.0047000444E-03  -2.9738732889E-03   7.1303291434E-03   7.9617911027E-03   2.0384304081E-02
   15     -4.9700669123E-03  -3.5156649360E-02   3.1011727159E-02   5.8530068606E-05  -4.5857332692E-02
   16      8.2403146354E-03   3.1346001289E-02  -2.7549973912E-02  -1.7959282389E-03  -1.5293276692E-02
   17      7.7860232639E-03   4.4993692620E-04  -1.5367638345E-03  -6.6117956508E-03   7.1721288089E-03
   18      9.4620778645E-05  -1.4191685189E-02   1.3675507910E-02  -6.5599762926E-04  -1.7900111159E-01
   19     -3.6868020936E-04   3.4104452214E-02  -1.5124629231E-03  -6.4545325905E-03   3.1676923444E-02
   20      7.0721122189E-03  -1.9815552114E-03   8.7643475479E-04   1.0286689698E-03   1.4996488733E-02
   21      4.5373302217E-04   1.4172897879E-03  -1.0194858515E-03  -7.6141460789E-05  -3.2250902884E-02
   22      4.9903986599E-04   1.2156832965E-03  -3.5059244348E-03   2.7583664480E-03  -8.2781809974E-03
   23      1.9735371533E-04   1.0458394590E-03  -1.0584879324E-03   1.9918737857E-03  -4.1799305566E-03
   24      1.4533585973E-03  -5.4559039572E-04  -4.2963456826E-03   1.0469893313E-03   5.5672743889E-04
   25      2.0294224575E-03  -3.1454620247E-03  -3.3346718553E-03   8.5670971347E-04  -3.5083862225E-04
   26      1.6420082551E-03   1.2536433603E-03   8.5268601514E-04   7.1636478232E-03  -3.2384813987E-04
   27      3.6963643845E-04  -5.3447770423E-03   3.0535024246E-02  -1.1897473639E-03  -5.9997116294E-03
   28      7.0147311427E-03  -1.7084044217E-06  -2.9675820401E-03   2.4936945310E-04   1.1452585221E-03
   29     -3.5532504916E-02   8.0752817318E-04  -2.9340405506E-03   2.2113151762E-03   1.0284371779E-03
   30      3.3012931269E-03  -1.7262186875E-01  -1.3363392660E-01   2.2148154996E-02   1.1093407457E-02
   31     -1.0987242618E-03  -1.3375882510E-01  -2.1358716570E-01   2.3945936757E-02  -2.0825984845E-02
   32      1.9299577128E-03   2.2297274695E-02   2.3254998973E-02  -3.9478453137E-02  -1.8722841012E-04
   33     -4.0023423092E-05  -2.3083228024E-03  -3.3349260434E-03   1.2053305211E-03   9.8607351194E-03
   34     -7.0453982178E-05  -4.5492039026E-03  -1.8460587022E-03   1.1941136421E-03   9.3167225984E-03
   35     -7.1052804992E-04   1.3678353290E-03   5.9062378307E-04   6.4376726282E-03  -2.0053664684E-03
   36      5.3030693891E-04  -4.2777487664E-04   1.1524503839E-03  -9.8104664070E-05  -5.2678732370E-03
   37      3.8496390003E-04   1.0942382733E-03  -1.3309683684E-04  -1.6031564576E-04   2.0341818220E-03
   38      7.3757411266E-03  -2.7586239199E-04  -1.1568028141E-04  -9.0094784709E-04   1.0515230182E-03
   39      6.5313641060E-04  -5.8256980441E-03  -9.1268320466E-04   6.2044144688E-04  -8.3315902825E-03
   40     -2.1970786434E-04   1.4682686012E-03   1.0514963810E-03   3.9678526146E-04   4.1866388543E-03
   41     -4.7681446798E-05   5.4652384585E-05   5.9397522042E-04   1.0069403699E-03   5.4608570925E-03
   42     -1.3515807202E-03   3.2104675271E-04  -1.2605587315E-03  -1.8544418345E-04  -1.2602489036E-02
   43      4.7796678977E-04   1.0151527127E-03  -1.5758296306E-04   2.9862861649E-04   4.1235021701E-03
   44      5.2940388645E-05  -5.6915443268E-04   6.4082341307E-04   7.0402400001E-04   4.0845962981E-03
   45      2.3717472193E-04  -1.0547890711E-04   4.8537795894E-04   6.0637084132E-04   1.9943781498E-03
   46     -1.6722346912E-04   2.0577180309E-04   3.9717540587E-04  -4.5521974277E-04  -4.5687408735E-04
   47     -1.7279930769E-04  -2.2507821572E-05  -1.4857492596E-04   1.2440006574E-04  -1.5807365648E-04
                   10                 11                 12                 13                 14        
    0     -1.2570002689E-02  -6.2094586740E-04  -7.9495778116E-03   3.7174239948E-02  -7.7591462895E-04
    1     -6.2457953761E-02   5.2273933633E-03   8.0694909669E-02   8.0729939981E-03  -6.7004280665E-03
    2      4.4612258872E-03  -7.1988628614E-03  -3.8881082361E-03  -3.7427801017E-03   7.8316716137E-03
    3      8.0816749721E-02  -4.7087232462E-03  -5.5789902577E-02  -1.8159935802E-02   4.6893116703E-03
    4      8.8547223085E-03  -5.5610049892E-03  -1.9484946022E-02  -6.4745299828E-03   1.2933313522E-03
    5     -7.7226240356E-03   6.0321769480E-03   6.4888512999E-03   1.5991367953E-03  -8.0047000444E-03
    6      2.6066814478E-02   8.4497930718E-03   5.3582108586E-02  -2.0779469034E-03  -2.9738732889E-03
    7     -2.9090547988E-01   4.3209219781E-03  -4.1908563220E-02  -5.2875128892E-02   7.1303291434E-03
    8      8.9725955758E-03  -6.5394623131E-02  -1.3050375635E-03   4.6177591115E-03   7.9617911027E-03
    9      6.4154272845E-03  -5.1539129007E-02  -2.0399043184E-01  -1.1835927724E-01   2.0384304081E-02
   10      6.6829743034E-01  -2.4168304436E-02  -6.1867923494E-02  -2.3165356536E-01   1.8670674298E-02
   11     -2.4168304436E-02   1.7812816433E-01   1.7539967465E-02   2.2080947382E-02  -6.6269283613E-02
   12     -6.1867923494E-02   1.7539967465E-02   6.6330816673E-01  -3.1943084097E-02  -5.0280505995E-02
   13     -2.3165356536E-01   2.2080947382E-02  -3.1943084097E-02   7.0737020955E-01  -3.6037129073E-02
   14      1.8670674298E-02  -6.6269283613E-02  -5.0280505995E-02  -3.6037129073E-02   1.3530303512E-01
   15     -5.7797225522E-02   8.8036785291E-03  -3.1895196096E-01   6.7984563792E-02   2.1852493424E-02
   16      4.9062621940E-02  -5.2024665286E-04   9.4886805232E-03  -1.3403196935E-01   3.5336623954E-03
   17      2.8684890926E-03   4.1109949720E-03   2.5263696234E-02  -2.0476908725E-03  -6.1052207617E-02
   18      3.2168891823E-02   2.2386662573E-02  -2.5042602960E-02  -3.1149373634E-03   4.9310751016E-03
   19     -1.0065129068E-01  -3.9658861276E-04  -2.1198885815E-02   9.2546278270E-03   2.9505419756E-03
   20     -3.6329680013E-03  -7.5154379034E-02   5.7044039700E-03  -3.4380190030E-04   3.0200318357E-03
   21     -3.3973250741E-02  -1.8790548432E-02  -4.8441717993E-03   5.5755270703E-03  -1.9054539582E-03
   22      7.5624510379E-04  -2.9173352225E-03  -1.3864400191E-03   9.9926915527E-04  -8.4980896162E-04
   23     -9.7100964250E-04   1.8498033053E-03  -1.5466990659E-03   7.9283183519E-04   6.4477516387E-06
   24     -4.3666272138E-04  -1.6361910375E-05   1.7629542195E-03   2.2703025230E-03   4.6106841269E-04
   25     -1.4158883508E-03   9.8224178065E-05   1.1420542872E-03  -5.5382567889E-03   6.5476831718E-04
   26      3.3585850855E-05  -7.3203278520E-04   4.2115172175E-04   5.9329601887E-04   7.3943942847E-03
   27      3.4592976223E-04   1.6249320712E-03  -1.1783008099E-03  -7.1144427030E-04   6.3235420984E-05
   28      2.1501232947E-03   2.0686299054E-04  -7.0997009461E-04   6.7856579196E-04  -6.2808250580E-05
   29      3.7949880982E-04   7.8113321757E-03   8.8053994974E-05  -2.0437035912E-05  -7.1220565977E-04
   30      6.3884037051E-03  -1.4413085774E-03   1.1426906285E-04   2.6009138056E-03   4.9593519982E-04
   31     -1.8377843975E-02   3.4737777114E-03   3.6204444743E-03  -4.5384202260E-03   2.3709522274E-04
   32      2.6621435055E-04   3.1744903542E-03   4.0192782775E-04   5.4725017393E-04   6.7249775217E-03
   33     -1.8169037820E-02   3.0131629927E-04  -8.5393071225E-02   8.1199734600E-02  -1.0045935694E-03
   34     -1.9855858809E-02   5.4787755284E-04   8.1569538339E-02  -2.9882551707E-01   1.0814040861E-02
   35      3.2081265995E-03   2.8246482895E-03  -1.1868010529E-03   1.0851187276E-02  -3.4434523666E-02
   36      3.0122483557E-03   1.1244942802E-03  -1.5285165762E-02  -2.5412498070E-02   3.5473391447E-03
   37      1.4207382536E-03   1.6104267830E-04   5.4070135482E-03   7.6284727277E-03  -9.9874259786E-04
   38     -2.4916355369E-05   7.6928347864E-03   1.3409974044E-03   2.2263014642E-03   1.5942601879E-03
   39      2.9762318250E-02  -1.1094739684E-02   1.1842042083E-03   2.3204086718E-03   2.7856111294E-04
   40     -8.5104179315E-03   4.8171766152E-03  -2.7558541644E-03   4.6902115930E-04  -3.8333357967E-04
   41     -5.4523598976E-03   2.5833034112E-03   1.6075315643E-04  -1.9562027102E-04   3.0473561468E-04
   42     -2.6493592365E-04   2.9463297423E-02  -8.1646750543E-04   1.5088133670E-03  -2.7101267696E-04
   43      2.3294100032E-03  -8.6950370685E-03  -1.0060969119E-03  -6.0167878465E-04  -3.7954652490E-04
   44      1.1433420391E-03  -9.2237103563E-04   4.8613755919E-04  -7.3559301516E-04   2.2167984616E-04
   45     -5.9863688853E-05  -1.6239140014E-03  -7.1004955474E-04  -7.9592686379E-04   4.9226771788E-04
   46      9.5700750671E-04   1.3110482949E-03   2.7966982642E-04   6.5906238338E-05   1.6658226142E-04
   47      1.9816741025E-03   1.4638038932E-03   3.2697411238E-04  -2.2488656076E-04   1.0989572069E-04
                   15                 16                 17                 18                 19        
    0     -1.4766805830E-01   9.1399765470E-02   3.6071029694E-03  -7.7245490964E-04  -1.1889837332E-04
    1      3.3013551139E-02  -3.0748324021E-01   1.0907373102E-02  -5.0626337451E-04  -1.7040026760E-03
    2      7.5350205659E-03   4.9369572671E-03  -6.1732247525E-02  -6.4426651104E-05   1.8011354725E-04
    3      5.5446833013E-02  -4.4291741713E-02  -1.7740968585E-03   3.9279956267E-03   8.3915613683E-04
    4     -1.3861236697E-03  -5.4703410630E-02   4.1203416390E-03  -7.4635674379E-04  -6.7872449779E-03
    5     -4.9700669123E-03   8.2403146354E-03   7.7860232639E-03   9.4620778645E-05  -3.6868020936E-04
    6     -3.5156649360E-02   3.1346001289E-02   4.4993692620E-04  -1.4191685189E-02   3.4104452214E-02
    7      3.1011727159E-02  -2.7549973912E-02  -1.5367638345E-03   1.3675507910E-02  -1.5124629231E-03
    8      5.8530068606E-05  -1.7959282389E-03  -6.6117956508E-03  -6.5599762926E-04  -6.4545325905E-03
    9     -4.5857332692E-02  -1.5293276692E-02   7.1721288089E-03  -1.7900111159E-01   3.1676923444E-02
   10     -5.7797225522E-02   4.9062621940E-02   2.8684890926E-03   3.2168891823E-02  -1.0065129068E-01
   11      8.8036785291E-03  -5.2024665286E-04   4.1109949720E-03   2.2386662573E-02  -3.9658861276E-04
   12     -3.1895196096E-01   9.4886805232E-03   2.5263696234E-02  -2.5042602960E-02  -2.1198885815E-02
   13      6.7984563792E-02  -1.3403196935E-01  -2.0476908725E-03  -3.1149373634E-03   9.2546278270E-03
   14      2.1852493424E-02   3.5336623954E-03  -6.1052207617E-02   4.9310751016E-03   2.9505419756E-03
   15      6.8006955558E-01   3.5430360238E-02  -5.7109512403E-02   1.8546095167E-03  -4.1987942558E-03
   16      3.5430360238E-02   6.9710181308E-01  -3.8483327777E-02  -1.3242741854E-03  -3.6960580588E-03
   17     -5.7109512403E-02  -3.8483327777E-02   1.3815975712E-01  -1.4476043204E-03   2.0327539865E-03
   18      1.8546095167E-03  -1.3242741854E-03  -1.4476043204E-03   4.3599739590E-01  -3.4595198094E-02
   19     -4.1987942558E-03  -3.6960580588E-03   2.0327539865E-03  -3.4595198094E-02   5.2879772380E-01
   20     -1.1052353301E-03   1.6781823184E-03   8.2816510021E-03  -3.6008795575E-02  -5.0732454403E-02
   21     -1.5315223187E-03  -1.1994642410E-03   2.1363050649E-03  -1.0563513227E-01  -4.8697690769E-02
   22      6.9601559011E-04  -1.3519355275E-04   3.1745735041E-04  -5.7522102722E-02  -1.2868390114E-01
   23      1.1875657638E-03  -1.2098631926E-03  -3.3947205543E-06  -3.7002126557E-02  -4.6486938773E-02
   24     -6.6483785777E-03  -4.8796273588E-04   8.9892612254E-04   1.8803431449E-04  -7.1185896098E-05
   25      3.0466147416E-02  -9.9414756370E-04  -2.9872158357E-03  -6.4162370915E-05  -6.1022781726E-05
   26     -8.4671969223E-04   2.9472318011E-04   1.9403782314E-03   1.6957890533E-04  -1.2102854158E-04
   27     -2.2566305555E-03  -3.4387918635E-03   1.1229647399E-03   4.8193492258E-04   1.8081624107E-03
   28     -4.5230188586E-03  -1.6959157434E-03   1.0212224178E-03  -3.1324731088E-04  -3.8264023041E-04
   29      1.0799849533E-03   9.7420987241E-04   7.1411251489E-03   2.8133298132E-04   5.1295992530E-05
   30     -3.7504107128E-04   9.9759093309E-04  -8.1875440378E-05  -2.7590534981E-04   1.8661482022E-04
   31      1.0494677133E-03  -1.0923427313E-04  -1.1953561910E-04  -2.6372769101E-03  -4.8296008518E-04
   32      2.2876537598E-05  -2.5422243864E-04  -8.3055522550E-04   2.6020939593E-04   4.6970328529E-04
   33     -5.1649727784E-03   3.0756974017E-02  -1.1355989363E-03   8.6942558214E-04  -2.3196857437E-03
   34      2.9299054983E-05  -3.0367523949E-03   2.8570226638E-05   2.7171420163E-03   1.0459993882E-05
   35      9.0916132585E-04  -2.6506135411E-03   1.7020255874E-03   4.3976933055E-04  -6.4631745802E-04
   36     -1.7371303686E-01  -1.3302579774E-01   2.2401480317E-02   2.1590830241E-04  -1.4012606163E-03
   37     -1.3313102641E-01  -2.1245226039E-01   2.4883175769E-02   1.8517130883E-04   2.5107642636E-04
   38      2.2463860695E-02   2.5122624649E-02  -3.8491891370E-02  -8.7195181673E-05   1.0541166420E-04
   39     -7.4982180442E-05  -2.8057317258E-04   1.3064266205E-05  -5.8205761837E-02   4.6910633246E-02
   40      6.3357635505E-04   2.2756061597E-05  -1.0067007617E-03   4.9607117661E-02  -2.4143846254E-01
   41     -5.8794230363E-04  -6.4753174422E-05  -1.2450383331E-04  -2.0033533377E-02   8.8902804013E-02
   42     -5.3595385026E-04   1.4391874504E-04  -1.5185841501E-03  -6.1064706634E-02   1.1836348952E-03
   43      9.6672263164E-04  -2.2178502027E-04  -2.3505347618E-05  -4.6885438249E-04  -4.7965073841E-02
   44      3.8588526178E-04   1.3698055156E-04   1.0262926838E-04   6.0720628771E-02   9.0773708766E-03
   45      5.6352139846E-04  -2.5012290909E-04   2.0555873584E-05   6.5405656517E-04  -4.0438855892E-03
   46     -2.1652834290E-04  -7.7249986231E-05   1.2175634220E-05   2.8747507232E-03  -4.9487681123E-03
   47      3.0153030208E-04   7.4480975741E-05  -3.7798865124E-04   5.8924542099E-03   1.3928426740E-03
                   20                 21                 22                 23                 24        
    0      5.9116798163E-04  -7.0073388504E-04   2.3161019225E-04   2.0605407907E-05  -3.1900083129E-01
    1     -1.5403829096E-03  -6.9796480846E-04   5.3973777841E-04   1.1443378449E-03   5.3204887540E-02
    2     -1.1663214552E-03  -3.7807234933E-05  -1.7495933123E-04  -1.7028445202E-04   2.5775079417E-02
    3      1.1622309277E-03   7.2649522228E-04  -5.6303615072E-04  -1.0615560864E-03  -1.6231995726E-02
    4      1.3518740627E-03  -1.0238493171E-03   1.9022825951E-03  -3.3763542012E-05   7.0800745441E-03
    5      7.0721122189E-03   4.5373302217E-04   4.9903986599E-04   1.9735371533E-04   1.4533585973E-03
    6     -1.9815552114E-03   1.4172897879E-03   1.2156832965E-03   1.0458394590E-03  -5.4559039572E-04
    7      8.7643475479E-04  -1.0194858515E-03  -3.5059244348E-03  -1.0584879324E-03  -4.2963456826E-03
    8      1.0286689698E-03  -7.6141460789E-05   2.7583664480E-03   1.9918737857E-03   1.0469893313E-03
    9      1.4996488733E-02  -3.2250902884E-02  -8.2781809974E-03  -4.1799305566E-03   5.5672743889E-04
   10     -3.6329680013E-03  -3.3973250741E-02   7.5624510379E-04  -9.7100964250E-04  -4.3666272138E-04
   11     -7.5154379034E-02  -1.8790548432E-02  -2.9173352225E-03   1.8498033053E-03  -1.6361910375E-05
   12      5.7044039700E-03  -4.8441717993E-03  -1.3864400191E-03  -1.5466990659E-03   1.7629542195E-03
   13     -3.4380190030E-04   5.5755270703E-03   9.9926915527E-04   7.9283183519E-04   2.2703025230E-03
   14      3.0200318357E-03  -1.9054539582E-03  -8.4980896162E-04   6.4477516387E-06   4.6106841269E-04
   15     -1.1052353301E-03  -1.5315223187E-03   6.9601559011E-04   1.1875657638E-03  -6.6483785777E-03
   16      1.6781823184E-03  -1.1994642410E-03  -1.3519355275E-04  -1.2098631926E-03  -4.8796273588E-04
   17      8.2816510021E-03   2.1363050649E-03   3.1745735041E-04  -3.3947205543E-06   8.9892612254E-04
   18     -3.6008795575E-02  -1.0563513227E-01  -5.7522102722E-02  -3.7002126557E-02   1.8803431449E-04
   19     -5.0732454403E-02  -4.8697690769E-02  -1.2868390114E-01  -4.6486938773E-02  -7.1185896098E-05
   20      5.6384205663E-01  -5.0731915775E-03  -1.5687853781E-02  -1.0757054201E-01  -2.3573535564E-04
   21     -5.0731915775E-03   1.9203733944E-01   1.1456092684E-01  -5.9762249639E-02  -1.7542182676E-04
   22     -1.5687853781E-02   1.1456092684E-01   1.8094879420E-01   5.9225076479E-02   6.0176161666E-05
   23     -1.0757054201E-01  -5.9762249639E-02   5.9225076479E-02   5.8973880820E-01  -6.7987232465E-05
   24     -2.3573535564E-04  -1.7542182676E-04   6.0176161666E-05  -6.7987232465E-05   3.3993422238E-01
   25     -1.0160067937E-04   2.4790033371E-05   2.2988994661E-04   4.3578365891E-05  -5.7661721044E-02
   26     -1.1692833676E-03  -8.3824749778E-05  -1.4453445311E-04  -2.9269012041E-05  -2.8665061577E-02
   27     -5.7907062164E-05  -6.1725100297E-05  -3.2818455015E-04  -1.6823013657E-04   7.9604462954E-04
   28      6.8230909434E-05   1.4954186072E-04   1.0969728661E-04   9.0038920202E-05  -1.7585718529E-04
   29      1.6001995715E-04  -1.6788904261E-04  -6.4793936014E-05  -1.9233088960E-05  -4.3730811186E-04
   30     -1.6254173170E-04  -1.1007182084E-03   6.2717730022E-04   1.4906630445E-04  -9.1579603191E-04
   31     -7.4466526468E-04  -9.1933533051E-05   2.0827345539E-03   1.5432888642E-04   4.0721358444E-04
   32     -2.9991990117E-03  -2.0125440096E-04  -9.0123389435E-04  -5.6102216468E-04   8.7485006518E-05
   33     -1.3849317656E-04   2.1428059087E-04   7.3979163868E-04   2.9420443319E-04  -4.8261553543E-04
   34     -2.3813465407E-05  -2.5736767862E-04   7.2429022969E-04  -2.2523634949E-04  -6.8423829705E-05
   35     -3.8899386765E-03  -6.4947706037E-04  -3.6594672165E-04  -6.4904743569E-05   7.4551433798E-05
   36      1.2798677784E-04  -8.8001454852E-04  -2.3202180103E-04  -1.8947594319E-04   6.8793443845E-04
   37      2.4396505288E-05   6.4757161927E-05   1.8137062519E-05   1.0521096764E-05   1.7430915843E-04
   38      1.5599241578E-04   3.6775047408E-04   6.3297008741E-05   1.6591353979E-05  -4.7486214923E-04
   39     -2.0390437385E-02  -6.7404512050E-04  -2.8329464105E-02   2.9376195776E-03  -1.4938270833E-05
   40      8.5804294666E-02  -9.7221799631E-03  -2.8387224669E-02  -3.2152646993E-03   3.0409906558E-05
   41     -8.9826149619E-02  -1.6021410410E-03  -2.1192022971E-02   7.0848851584E-03   4.2525274523E-07
   42      7.2594947610E-02   2.8518260346E-03  -5.0159047969E-03  -2.6634682642E-02   4.1533382660E-05
   43      1.7169144031E-02   3.9928200897E-04  -4.0796444762E-03  -3.1289848847E-02  -5.3402183294E-06
   44     -2.8144907718E-01  -2.6037901147E-03  -7.1464262734E-03  -1.9546771166E-02   2.1307775179E-05
   45     -2.9899986350E-02  -4.9392843121E-02  -1.6527412041E-02   1.2494286378E-01   4.8116847548E-05
   46     -3.4121314268E-02  -2.4040271917E-02  -2.3519189631E-02   2.2978404617E-02  -1.1119563354E-05
   47     -2.0335642674E-02   8.8031153281E-02  -1.3367026673E-02  -4.7292034191E-01   8.3742092916E-05
                   25                 26                 27                 28                 29        
    0      5.3149864384E-02   2.5900819934E-02   1.0645401485E-02   1.0507091060E-02  -1.4994437764E-03
    1     -6.9370139000E-02  -3.3043451393E-03  -2.0511166864E-02  -1.8161563071E-02   3.0046402495E-03
    2     -3.4049086463E-03  -3.6462963791E-02   2.9730067652E-04   5.7280952343E-05   2.2161757412E-03
    3     -2.3942250851E-02   2.8420140095E-03  -8.5836146023E-02   8.2178491397E-02   5.3569824673E-04
    4      9.0761356009E-03  -1.2993680005E-03   8.2201255866E-02  -3.0351011421E-01   6.9916013912E-03
    5      2.0294224575E-03   1.6420082551E-03   3.6963643845E-04   7.0147311427E-03  -3.5532504916E-02
    6     -3.1454620247E-03   1.2536433603E-03  -5.3447770423E-03  -1.7084044217E-06   8.0752817318E-04
    7     -3.3346718553E-03   8.5268601514E-04   3.0535024246E-02  -2.9675820401E-03  -2.9340405506E-03
    8      8.5670971347E-04   7.1636478232E-03  -1.1897473639E-03   2.4936945310E-04   2.2113151762E-03
    9     -3.5083862225E-04  -3.2384813987E-04  -5.9997116294E-03   1.1452585221E-03   1.0284371779E-03
   10     -1.4158883508E-03   3.3585850855E-05   3.4592976223E-04   2.1501232947E-03   3.7949880982E-04
   11      9.8224178065E-05  -7.3203278520E-04   1.6249320712E-03   2.0686299054E-04   7.8113321757E-03
   12      1.1420542872E-03   4.2115172175E-04  -1.1783008099E-03  -7.0997009461E-04   8.8053994974E-05
   13     -5.5382567889E-03   5.9329601887E-04  -7.1144427030E-04   6.7856579196E-04  -2.0437035912E-05
   14      6.5476831718E-04   7.3943942847E-03   6.3235420984E-05  -6.2808250580E-05  -7.1220565977E-04
   15      3.0466147416E-02  -8.4671969223E-04  -2.2566305555E-03  -4.5230188586E-03   1.0799849533E-03
   16     -9.9414756370E-04   2.9472318011E-04  -3.4387918635E-03  -1.6959157434E-03   9.7420987241E-04
   17     -2.9872158357E-03   1.9403782314E-03   1.1229647399E-03   1.0212224178E-03   7.1411251489E-03
   18     -6.4162370915E-05   1.6957890533E-04   4.8193492258E-04  -3.1324731088E-04   2.8133298132E-04
   19     -6.1022781726E-05  -1.2102854158E-04   1.8081624107E-03  -3.8264023041E-04   5.1295992530E-05
   20     -1.0160067937E-04  -1.1692833676E-03  -5.7907062164E-05   6.8230909434E-05   1.6001995715E-04
   21      2.4790033371E-05  -8.3824749778E-05  -6.1725100297E-05   1.4954186072E-04  -1.6788904261E-04
   22      2.2988994661E-04  -1.4453445311E-04  -3.2818455015E-04   1.0969728661E-04  -6.4793936014E-05
   23      4.3578365891E-05  -2.9269012041E-05  -1.6823013657E-04   9.0038920202E-05  -1.9233088960E-05
   24     -5.7661721044E-02  -2.8665061577E-02   7.9604462954E-04  -1.7585718529E-04  -4.3730811186E-04
   25      6.9457622522E-02   3.3339613396E-03   4.6230492306E-04   8.7826465870E-04  -3.0551540051E-04
   26      3.3339613396E-03   2.7220839991E-02  -4.5441718579E-04  -2.4620548449E-04  -3.6407353867E-03
   27      4.6230492306E-04  -4.5441718579E-04   8.7804410503E-02  -8.9185574341E-02  -1.1401163234E-03
   28      8.7826465870E-04  -2.4620548449E-04  -8.9185574341E-02   3.2333196194E-01  -7.9355532423E-03
   29     -3.0551540051E-04  -3.6407353867E-03  -1.1401163234E-03  -7.9355532423E-03   2.5531682202E-02
   30     -1.2252641358E-03   1.3667230220E-04   1.0614113980E-03   1.4470655692E-04  -4.4755437963E-04
   31      2.6893963440E-04  -1.5355359441E-06  -3.1358803596E-04   7.5723816403E-04  -2.0105246628E-04
   32      1.4724291626E-04   1.7241728319E-04  -5.0128747781E-04  -2.8510745786E-04  -3.9322041345E-03
   33      1.6113871376E-03  -8.2326022503E-05   8.0642008840E-05   6.6426829632E-05  -1.3953608785E-04
   34     -2.8917628719E-04   1.0370244579E-04   6.9512900108E-05  -2.5087423934E-05  -8.5815027742E-05
   35     -9.1338259854E-05   2.8650466261E-04  -1.3924267500E-04  -7.9111371932E-05  -1.3388678345E-03
   36     -4.4021153338E-04  -4.5239236418E-04   3.5819963741E-04   5.6838714928E-04  -4.0281657568E-05
   37      1.0111139311E-03  -3.2146739580E-04  -1.1555638753E-03  -1.0907480066E-03   1.5862238299E-04
   38     -2.3968163878E-04  -3.7425299482E-03   6.3562218550E-05   1.9707690866E-05   2.2251038426E-04
   39     -8.3206476465E-05  -1.0824733957E-05  -5.5140829877E-04   1.4708126744E-04   6.4216712992E-05
   40      1.0023515634E-04   1.7234685435E-04   1.7198207597E-04  -4.2874752969E-05   1.2381983480E-05
   41     -3.1240533513E-05  -1.4000102475E-05   3.5093009104E-05  -3.7524830344E-05  -1.6026818236E-04
   42      1.9945407346E-05   2.0904393304E-04  -3.3452338185E-05   5.4004523392E-05   1.0851502405E-05
   43      1.7811593484E-05   3.8563694461E-05   1.1349331741E-05  -9.4802785670E-06  -3.2232356826E-05
   44     -2.1578134126E-05  -8.1445306656E-05   3.2619346670E-05  -1.1676218837E-05   1.2758313894E-05
   45      2.3868928844E-05  -1.9126807339E-05   3.4107212600E-05  -4.2983165114E-05  -2.3464192920E-05
   46     -3.6710415627E-05   1.9015100220E-05   3.0162477792E-05  -1.9845371742E-05   3.2444402338E-07
   47      1.5775891579E-05   5.2069168446E-05   4.1094132672E-05  -6.2592730437E-05   2.9100104174E-05
                   30                 31                 32                 33                 34        
    0     -4.9239954328E-03   1.9429375902E-03   1.2458095486E-03  -5.8053059971E-03   1.3211811878E-03
    1      2.7750796554E-03   1.3116290649E-03   1.7151727227E-04   7.8175836035E-05   2.2373414779E-03
    2      1.0245264917E-03   1.1766497456E-04   7.7264366690E-03   1.4144028205E-03   2.8714591809E-04
    3     -1.5282840779E-02   5.6854403562E-03   1.2890993593E-03  -1.1048070706E-03  -7.6604541975E-04
    4     -2.4547127436E-02   8.1947276505E-03   2.3343604753E-03  -5.8393467370E-04   5.4445617545E-04
    5      3.3012931269E-03  -1.0987242618E-03   1.9299577128E-03  -4.0023423092E-05  -7.0453982178E-05
    6     -1.7262186875E-01  -1.3375882510E-01   2.2297274695E-02  -2.3083228024E-03  -4.5492039026E-03
    7     -1.3363392660E-01  -2.1358716570E-01   2.3254998973E-02  -3.3349260434E-03  -1.8460587022E-03
    8      2.2148154996E-02   2.3945936757E-02  -3.9478453137E-02   1.2053305211E-03   1.1941136421E-03
    9      1.1093407457E-02  -2.0825984845E-02  -1.8722841012E-04   9.8607351194E-03   9.3167225984E-03
   10      6.3884037051E-03  -1.8377843975E-02   2.6621435055E-04  -1.8169037820E-02  -1.9855858809E-02
   11     -1.4413085774E-03   3.4737777114E-03   3.1744903542E-03   3.0131629927E-04   5.4787755284E-04
   12      1.1426906285E-04   3.6204444743E-03   4.0192782775E-04  -8.5393071225E-02   8.1569538339E-02
   13      2.6009138056E-03  -4.5384202260E-03   5.4725017393E-04   8.1199734600E-02  -2.9882551707E-01
   14      4.9593519982E-04   2.3709522274E-04   6.7249775217E-03  -1.0045935694E-03   1.0814040861E-02
   15     -3.7504107128E-04   1.0494677133E-03   2.2876537598E-05  -5.1649727784E-03   2.9299054983E-05
   16      9.9759093309E-04  -1.0923427313E-04  -2.5422243864E-04   3.0756974017E-02  -3.0367523949E-03
   17     -8.1875440378E-05  -1.1953561910E-04  -8.3055522550E-04  -1.1355989363E-03   2.8570226638E-05
   18     -2.7590534981E-04  -2.6372769101E-03   2.6020939593E-04   8.6942558214E-04   2.7171420163E-03
   19      1.8661482022E-04  -4.8296008518E-04   4.6970328529E-04  -2.3196857437E-03   1.0459993882E-05
   20     -1.6254173170E-04  -7.4466526468E-04  -2.9991990117E-03  -1.3849317656E-04  -2.3813465407E-05
   21     -1.1007182084E-03  -9.1933533051E-05  -2.0125440096E-04   2.1428059087E-04  -2.5736767862E-04
   22      6.2717730022E-04   2.0827345539E-03  -9.0123389435E-04   7.3979163868E-04   7.2429022969E-04
   23      1.4906630445E-04   1.5432888642E-04  -5.6102216468E-04   2.9420443319E-04  -2.2523634949E-04
   24     -9.1579603191E-04   4.0721358444E-04   8.7485006518E-05  -4.8261553543E-04  -6.8423829705E-05
   25     -1.2252641358E-03   2.6893963440E-04   1.4724291626E-04   1.6113871376E-03  -2.8917628719E-04
   26      1.3667230220E-04  -1.5355359441E-06   1.7241728319E-04  -8.2326022503E-05   1.0370244579E-04
   27      1.0614113980E-03  -3.1358803596E-04  -5.0128747781E-04   8.0642008840E-05   6.9512900108E-05
   28      1.4470655692E-04   7.5723816403E-04  -2.8510745786E-04   6.6426829632E-05  -2.5087423934E-05
   29     -4.4755437963E-04  -2.0105246628E-04  -3.9322041345E-03  -1.3953608785E-04  -8.5815027742E-05
   30      1.8274704261E-01   1.4537988079E-01  -2.4533018402E-02   3.6633408849E-04   7.0042110146E-04
   31      1.4537988079E-01   2.2584246699E-01  -2.6003638976E-02  -1.1196965038E-03  -1.1508328278E-03
   32     -2.4533018402E-02  -2.6003638976E-02   2.9711509985E-02   9.9454214842E-05  -3.7741060209E-05
   33      3.6633408849E-04  -1.1196965038E-03   9.9454214842E-05   8.8228166875E-02  -8.8993061893E-02
   34      7.0042110146E-04  -1.1508328278E-03  -3.7741060209E-05  -8.8993061893E-02   3.2013109703E-01
   35     -2.1271672344E-05   1.9315975241E-04   3.7123959713E-04   3.2696222130E-05  -1.2002854512E-02
   36      2.6276059102E-05  -8.6708776182E-05  -1.5479100624E-04   1.0032104666E-03   1.8273231421E-04
   37     -7.3772021036E-05   4.8324869613E-05  -6.6747112266E-05  -3.5253122723E-04   7.5199473718E-04
   38     -1.2239129960E-04  -5.8576339949E-05  -1.3304465237E-03  -4.6993662908E-04  -3.3814781914E-04
   39      8.8955741226E-05  -5.2902835548E-06  -3.2027143355E-04  -3.6386811814E-04  -1.1923503989E-03
   40     -2.8741838319E-04   2.1744347447E-04  -9.3223901018E-05   4.8976896236E-04   7.8370627965E-04
   41     -1.0925220706E-04  -8.4162184486E-05  -1.9301316282E-04  -3.1311478157E-04  -4.9584892302E-05
   42      5.5668311465E-05   4.3823289179E-04   6.5437629559E-04  -5.3373663336E-05  -2.2596927235E-04
   43     -8.1697459450E-05  -2.1311086152E-04  -1.4364698584E-04  -1.3442341575E-05   6.3901792098E-05
   44      6.4611234754E-06  -5.7627330954E-05  -3.2394178626E-04   2.2297551552E-05  -1.6311239831E-04
   45     -5.7199101288E-05   3.0732550051E-04  -4.7604811110E-04   5.3542458643E-05   1.3328879086E-04
   46      5.6778456227E-05  -2.6393645114E-04   5.7804107137E-04  -4.3358683198E-05  -2.1796420435E-04
   47     -3.2750947362E-04   2.6378798197E-04  -1.6219397689E-04  -5.2879934978E-05   2.9455845592E-05
                   35                 36                 37                 38                 39        
    0      1.2037983145E-03   1.0015961767E-02  -2.2112812444E-02   5.7553382920E-04   7.9804107558E-05
    1      5.2329479176E-04   8.7678976317E-03  -1.7422823144E-02  -2.0117481405E-05  -1.0034603824E-04
    2      7.4238500888E-03  -1.3043609602E-03   3.5122538402E-03   2.1509000676E-03  -1.4124206559E-04
    3     -1.3989925322E-04   6.7971693208E-04   3.7163019352E-03   6.6857843940E-04   2.1757212183E-04
    4     -1.0092173064E-04   2.5981108868E-03  -4.6711609226E-03   5.3420894951E-04   1.7797873831E-03
    5     -7.1052804992E-04   5.3030693891E-04   3.8496390003E-04   7.3757411266E-03   6.5313641060E-04
    6      1.3678353290E-03  -4.2777487664E-04   1.0942382733E-03  -2.7586239199E-04  -5.8256980441E-03
    7      5.9062378307E-04   1.1524503839E-03  -1.3309683684E-04  -1.1568028141E-04  -9.1268320466E-04
    8      6.4376726282E-03  -9.8104664070E-05  -1.6031564576E-04  -9.0094784709E-04   6.2044144688E-04
    9     -2.0053664684E-03  -5.2678732370E-03   2.0341818220E-03   1.0515230182E-03  -8.3315902825E-03
   10      3.2081265995E-03   3.0122483557E-03   1.4207382536E-03  -2.4916355369E-05   2.9762318250E-02
   11      2.8246482895E-03   1.1244942802E-03   1.6104267830E-04   7.6928347864E-03  -1.1094739684E-02
   12     -1.1868010529E-03  -1.5285165762E-02   5.4070135482E-03   1.3409974044E-03   1.1842042083E-03
   13      1.0851187276E-02  -2.5412498070E-02   7.6284727277E-03   2.2263014642E-03   2.3204086718E-03
   14     -3.4434523666E-02   3.5473391447E-03  -9.9874259786E-04   1.5942601879E-03   2.7856111294E-04
   15      9.0916132585E-04  -1.7371303686E-01  -1.3313102641E-01   2.2463860695E-02  -7.4982180442E-05
   16     -2.6506135411E-03  -1.3302579774E-01  -2.1245226039E-01   2.5122624649E-02  -2.8057317258E-04
   17      1.7020255874E-03   2.2401480317E-02   2.4883175769E-02  -3.8491891370E-02   1.3064266205E-05
   18      4.3976933055E-04   2.1590830241E-04   1.8517130883E-04  -8.7195181673E-05  -5.8205761837E-02
   19     -6.4631745802E-04  -1.4012606163E-03   2.5107642636E-04   1.0541166420E-04   4.6910633246E-02
   20     -3.8899386765E-03   1.2798677784E-04   2.4396505288E-05   1.5599241578E-04  -2.0390437385E-02
   21     -6.4947706037E-04  -8.8001454852E-04   6.4757161927E-05   3.6775047408E-04  -6.7404512050E-04
   22     -3.6594672165E-04  -2.3202180103E-04   1.8137062519E-05   6.3297008741E-05  -2.8329464105E-02
   23     -6.4904743569E-05  -1.8947594319E-04   1.0521096764E-05   1.6591353979E-05   2.9376195776E-03
   24      7.4551433798E-05   6.8793443845E-04   1.7430915843E-04  -4.7486214923E-04  -1.4938270833E-05
   25     -9.1338259854E-05  -4.4021153338E-04   1.0111139311E-03  -2.3968163878E-04  -8.3206476465E-05
   26      2.8650466261E-04  -4.5239236418E-04  -3.2146739580E-04  -3.7425299482E-03  -1.0824733957E-05
   27     -1.3924267500E-04   3.5819963741E-04  -1.1555638753E-03   6.3562218550E-05  -5.5140829877E-04
   28     -7.9111371932E-05   5.6838714928E-04  -1.0907480066E-03   1.9707690866E-05   1.4708126744E-04
   29     -1.3388678345E-03  -4.0281657568E-05   1.5862238299E-04   2.2251038426E-04   6.4216712992E-05
   30     -2.1271672344E-05   2.6276059102E-05  -7.3772021036E-05  -1.2239129960E-04   8.8955741226E-05
   31      1.9315975241E-04  -8.6708776182E-05   4.8324869613E-05  -5.8576339949E-05  -5.2902835548E-06
   32      3.7123959713E-04  -1.5479100624E-04  -6.6747112266E-05  -1.3304465237E-03  -3.2027143355E-04
   33      3.2696222130E-05   1.0032104666E-03  -3.5253122723E-04  -4.6993662908E-04  -3.6386811814E-04
   34     -1.2002854512E-02   1.8273231421E-04   7.5199473718E-04  -3.3814781914E-04  -1.1923503989E-03
   35      2.5137493947E-02  -4.8293860924E-04  -2.6296888680E-04  -3.7411447044E-03   3.7003084747E-06
   36     -4.8293860924E-04   1.8267559270E-01   1.4415907724E-01  -2.5134085070E-02  -9.7084598629E-06
   37     -2.6296888680E-04   1.4415907724E-01   2.2467292903E-01  -2.7331777226E-02  -1.1734752433E-05
   38     -3.7411447044E-03  -2.5134085070E-02  -2.7331777226E-02   2.9045605168E-02   1.3490058050E-05
