
$orca_hessian_file

$act_atom
  0

$act_coord
  0

$act_energy
        0.000000

$multiplicity
  1

$hessian
48
                    0                  1                  2                  3                  4        
    0      7.2659987890E-01   2.2917697286E-02   5.7883013968E-02  -1.4680118152E-01  -9.0904036762E-02
    1      2.2917697286E-02   6.5505246781E-01  -4.4035607896E-02  -3.2695722314E-02  -3.1119140284E-01
    2      5.7883013968E-02  -4.4035607896E-02   1.3893855405E-01  -6.4873523947E-03   1.2966156985E-02
    3     -1.4680118152E-01  -3.2695722314E-02  -6.4873523947E-03   6.8374329483E-01  -3.2441173127E-02
    4     -9.0904036762E-02  -3.1119140284E-01   1.2966156985E-02  -3.2441173127E-02   6.9689758550E-01
    5     -7.6319875392E-04   1.8873272007E-02  -6.2423679524E-02   5.8451284876E-02  -5.5750525196E-02
    6     -6.8086661293E-03  -8.0874218973E-02   6.5064115048E-03  -3.2018211002E-01  -1.2569487300E-02
    7     -3.7491355277E-02   6.5198626488E-03  -3.6321002748E-03  -7.0856950893E-02  -1.3472564453E-01
    8      2.0841880866E-03  -6.6292972931E-03   8.2515832991E-03  -1.9589920284E-02   5.6998808097E-03
    9     -9.7359148073E-05   1.2650737090E-02  -7.1337663563E-04  -4.6497159604E-02   1.4243832244E-02
   10      1.3119762421E-02  -6.1903501334E-02   6.1999384333E-03   5.6660719652E-02   4.9734298737E-02
   11      9.2326874940E-05   6.8754683621E-03  -7.6138220906E-03  -1.0493188807E-02  -2.2056170768E-03
   12     -4.7072492836E-02   5.5689028075E-02  -1.0320693712E-02  -3.4508468264E-02  -3.1383300758E-02
   13      1.3254738539E-02   4.9645439052E-02  -2.2998626630E-03  -3.1137421574E-02  -2.8314961460E-02
   14     -6.8842736538E-03   1.1234259681E-03   6.3509743855E-03   9.4270758993E-04  -1.1002238607E-03
   15     -2.1563496463E-01   6.8553057244E-02  -2.1363769604E-02   5.5096406268E-02   4.5463276130E-02
   16      1.2683037729E-01  -2.3584426952E-01   2.7880733214E-02   2.6686524279E-03  -5.3849410752E-02
   17     -2.6392081977E-02   2.1665053964E-02  -6.5303709406E-02   4.7080991278E-03   1.0217246990E-02
   18     -7.8022570722E-04   7.0419162080E-04  -2.5280808505E-05   1.6862477688E-03   1.4166479149E-03
   19      2.8009974125E-04  -1.6901478004E-03   2.0306362458E-04   4.0956435468E-03  -3.5434315200E-03
   20     -5.6281528137E-04  -1.4452594952E-03  -1.1093406037E-03   7.8429947178E-04   2.0533262456E-03
   21     -7.8296100589E-04   8.5249201227E-04   1.7405472312E-06  -1.6882841154E-03   8.4277830901E-04
   22     -2.6889011618E-04   5.9793172679E-04  -2.2477966604E-04  -7.3452560038E-04  -9.3225307972E-05
   23      1.0073282145E-05   1.0803545129E-03  -2.2207734295E-04  -1.0693129759E-03  -1.1885338608E-03
   24     -3.1824762658E-01  -5.6475985478E-02  -2.3772188435E-02  -6.4032043590E-03   3.8209932113E-04
   25     -5.6404174465E-02  -7.0642968359E-02  -2.5223377358E-03  -3.0572987114E-02  -1.4080649897E-03
   26     -2.3911512192E-02  -2.4180962480E-03  -3.6341096934E-02   1.8253884643E-03   4.0054354772E-04
   27      9.8907956984E-03  -8.4680171349E-03   1.5391303728E-03  -1.7677685240E-01   1.3286233734E-01
   28      2.2399477922E-02  -1.7236212729E-02   4.1346574304E-03   1.3292523814E-01  -2.0812264313E-01
   29     -1.3051898567E-03   6.2317317264E-04   2.0620985474E-03  -2.6918246331E-02   3.0221163075E-02
   30     -5.8019208589E-03  -2.1771506466E-04  -1.4028890364E-03  -4.8976950915E-03  -3.0792514018E-02
   31     -1.4459596445E-03   2.2564848032E-03   4.3653842685E-04  -1.1261415231E-04  -3.4492805567E-03
   32     -1.1497859178E-03   6.9052036686E-04   7.3874386572E-03  -8.9368029057E-04  -2.4608039742E-03
   33     -4.8385067552E-03  -2.9070585363E-03  -8.7921406447E-04  -3.4008733874E-04  -9.8510798985E-04
   34     -2.0771589004E-03   1.2603096610E-03   3.0694304389E-04  -1.0623271091E-03  -1.5141232595E-04
   35     -1.1527925314E-03   3.3820144320E-04   7.7784477960E-03   3.7536575795E-05  -2.5171514637E-04
   36      1.0559085587E-02   2.0811305874E-02  -9.8288254822E-04  -2.3292172305E-03   3.3963151974E-03
   37     -1.0199091192E-02  -1.8017870076E-02   7.3408782774E-04   4.4859602837E-03  -1.5413719189E-03
   38      1.7885631640E-03   3.6504476234E-03   2.1011621738E-03  -1.2202889960E-03   1.2436101944E-03
   39      1.0889932386E-04   1.0205260667E-04   1.2967179466E-04  -7.7475798766E-05   2.9358990337E-04
   40      5.4976958811E-05   5.2058842920E-04  -3.6916212408E-05  -6.0626906303E-04   2.4533757578E-05
   41      4.3095761304E-05  -5.4827415209E-04   1.6316075587E-04   5.7658860772E-04  -5.2546500166E-05
   42     -4.8007733082E-04  -1.5243211259E-04  -2.5877895862E-04  -6.1803320009E-04  -5.7670484450E-05
   43     -3.4466030848E-05   8.6411438986E-04  -1.7840303965E-04  -8.9203251348E-04  -1.8347246271E-04
   44      3.8976847753E-04  -1.3669481838E-04   4.0359550148E-06  -2.7185226409E-04   1.8789623488E-04
   45      1.8732300087E-04  -4.8005310714E-04   1.4045826049E-04   5.9382007413E-04   2.5755498892E-04
   46     -4.1356859383E-05  -1.9082586585E-04   3.9010541120E-05   2.5066849283E-04  -8.2096205196E-05
   47     -1.6337970137E-04   3.2219044304E-04  -2.3729719763E-05  -3.6330628380E-04   3.5964719024E-05
                    5                  6                  7                  8                  9        
    0     -7.6319875392E-04  -6.8086661293E-03  -3.7491355277E-02   2.0841880866E-03  -9.7359148073E-05
    1      1.8873272007E-02  -8.0874218973E-02   6.5198626488E-03  -6.6292972931E-03   1.2650737090E-02
    2     -6.2423679524E-02   6.5064115048E-03  -3.6321002748E-03   8.2515832991E-03  -7.1337663563E-04
    3      5.8451284876E-02  -3.2018211002E-01  -7.0856950893E-02  -1.9589920284E-02  -4.6497159604E-02
    4     -5.5750525196E-02  -1.2569487300E-02  -1.3472564453E-01   5.6998808097E-03   1.4243832244E-02
    5      1.4078566610E-01  -2.4842577905E-02   1.1915541270E-04  -6.1220081159E-02  -7.6141485771E-03
    6     -2.4842577905E-02   6.6533937486E-01   3.1522017924E-02   4.9256458472E-02  -2.0759287916E-01
    7      1.1915541270E-04   3.1522017924E-02   7.0750226183E-01  -5.3999503801E-02   1.1960730272E-01
    8     -6.1220081159E-02   4.9256458472E-02  -5.3999503801E-02   1.3804116488E-01  -2.4548231974E-02
    9     -7.6141485771E-03  -2.0759287916E-01   1.1960730272E-01  -2.4548231974E-02   6.2223594248E-01
   10      1.2386280709E-03   6.3403640661E-02  -2.3057691994E-01   2.4006614577E-02  -9.6071634496E-03
   11      4.1781790687E-03  -1.9768630318E-02   2.7415616444E-02  -6.7421577246E-02   4.9278177758E-02
   12      5.8278909810E-04   5.3093499069E-02   3.3408123546E-03   2.7917622212E-03  -1.4068000697E-01
   13     -8.1503468969E-04   4.3113840258E-02  -5.2091083266E-02   9.1412026224E-03  -7.7736154612E-02
   14     -6.5336242874E-03  -1.5573246403E-04   6.5445804067E-03   7.6924907417E-03  -2.0239019416E-03
   15      2.2170643549E-04  -5.6272355584E-02   1.7521170804E-02  -5.2716651399E-03  -7.2458046624E-03
   16      6.1158770127E-03   1.8758919677E-02  -6.0319657378E-03   1.1837380845E-03  -3.8560582395E-02
   17      7.3344772195E-03  -7.0328597510E-03   1.4231228314E-03  -8.0431799398E-03   2.0053250462E-03
   18      1.4985588688E-03  -2.4449216886E-02   2.4723608838E-03  -4.6659998951E-03  -1.7830207139E-01
   19      2.3543375706E-03   2.0861531409E-02   9.5012789312E-03   2.4464275274E-03  -3.0815132061E-02
   20      8.3456126010E-03  -6.3211540869E-03  -5.9689812670E-04   3.0534098654E-03  -1.2409764253E-02
   21     -2.2852913038E-03  -4.2786198998E-03  -5.5089194095E-03   2.1249813219E-03  -3.3069545461E-02
   22      3.7199375289E-04   1.3323774538E-03   8.6257590744E-04  -8.4969558990E-04   7.8763273666E-03
   23      8.9988471679E-05   1.5506111588E-03   8.5223598761E-04  -2.6796955312E-04   5.0576561769E-03
   24     -8.9166434972E-04   1.7882521993E-03  -2.2274775684E-03  -4.0027212802E-04   5.5164893492E-04
   25     -2.8648685243E-03  -1.0953939283E-03  -5.5302419270E-03   1.0687242950E-03   3.7694494600E-04
   26      2.0998468128E-03  -3.7856428340E-04   1.0022686310E-03   7.3881193501E-03   3.1346141681E-04
   27     -2.6862898763E-02  -1.5499258301E-02   2.5063193264E-02  -4.3316325227E-03  -5.2033630980E-03
   28      2.9991938224E-02  -5.6955508770E-03   7.8756598552E-03  -1.2363364050E-03  -2.1236280783E-03
   29     -4.0235366504E-02  -1.1728714673E-03   1.9938379237E-03   1.5929811350E-03  -1.0060751269E-03
   30      2.1223857536E-03  -8.3681824833E-02  -7.8626639708E-02   3.4321643994E-03   9.7542389545E-03
   31      2.1552404843E-04  -7.9041856388E-02  -2.9923525255E-01   1.9242527003E-02  -8.9906413243E-03
   32      1.8592079448E-03   3.7006884882E-03   1.9206223772E-02  -3.5608759556E-02   2.1870140964E-03
   33      1.1576006282E-04   2.0965718805E-04  -2.5352698225E-03  -3.8918331221E-04   1.0821558123E-02
   34     -1.3915287722E-04  -3.5857988506E-03  -4.6268818736E-03   5.8393111379E-04   2.1458282212E-02
   35     -8.3934030535E-04  -2.9199435160E-04   9.2513340261E-04   6.6750348952E-03  -6.4577848613E-04
   36     -1.2316687185E-03  -1.1978914670E-03   6.8900949569E-04  -9.3615519457E-05  -5.9765156625E-03
   37      1.2918230947E-03   6.8732632194E-04   6.9099562346E-04  -1.0469105327E-04  -1.2563830384E-03
   38      7.0876262106E-03  -1.0710046541E-04  -7.5255054144E-05  -7.1452874622E-04  -9.9204565296E-04
   39     -3.2978528631E-05   1.2936388116E-03  -2.3086670787E-03  -1.2629702243E-04  -8.0275711095E-03
   40     -9.4864694837E-04   2.6441706718E-03   4.5730858687E-04  -3.7140460459E-04  -3.9022689171E-03
   41     -1.0784288628E-04  -1.6875229426E-04  -2.6110381467E-04   2.4237007946E-04  -5.1990369490E-03
   42      1.5567086932E-03  -1.0012872066E-03  -1.6243053638E-03   2.0432717174E-04  -1.3048883071E-02
   43     -6.1501131875E-05   9.2939615251E-04  -6.2985826127E-04  -3.4466253435E-04  -3.9835066294E-03
   44      3.2091796419E-05  -5.6398223866E-04  -6.9696982065E-04   1.4763134901E-04  -3.6583077788E-03
   45     -4.3522975834E-05  -7.6031264649E-04   8.8699048900E-04  -4.5710172886E-04   2.3777708417E-03
   46     -8.6430129686E-06  -3.1418702398E-04   3.7904696933E-05   2.1320943607E-04   6.2205401405E-04
   47     -4.5276155662E-04  -2.2991214340E-04  -2.7100810816E-04   1.9131060114E-04  -1.6327751664E-04
                   10                 11                 12                 13                 14        
    0      1.3119762421E-02   9.2326874940E-05  -4.7072492836E-02   1.3254738539E-02  -6.8842736538E-03
    1     -6.1903501334E-02   6.8754683621E-03   5.5689028075E-02   4.9645439052E-02   1.1234259681E-03
    2      6.1999384333E-03  -7.6138220906E-03  -1.0320693712E-02  -2.2998626630E-03   6.3509743855E-03
    3      5.6660719652E-02  -1.0493188807E-02  -3.4508468264E-02  -3.1137421574E-02   9.4270758993E-04
    4      4.9734298737E-02  -2.2056170768E-03  -3.1383300758E-02  -2.8314961460E-02  -1.1002238607E-03
    5      1.2386280709E-03   4.1781790687E-03   5.8278909810E-04  -8.1503468969E-04  -6.5336242874E-03
    6      6.3403640661E-02  -1.9768630318E-02   5.3093499069E-02   4.3113840258E-02  -1.5573246403E-04
    7     -2.3057691994E-01   2.7415616444E-02   3.3408123546E-03  -5.2091083266E-02   6.5445804067E-03
    8      2.4006614577E-02  -6.7421577246E-02   2.7917622212E-03   9.1412026224E-03   7.6924907417E-03
    9     -9.6071634496E-03   4.9278177758E-02  -1.4068000697E-01  -7.7736154612E-02  -2.0239019416E-03
   10      6.6910192841E-01  -3.9821166294E-02  -2.5076185250E-02  -2.9255418259E-01   1.6072490373E-02
   11     -3.9821166294E-02   1.7984025731E-01  -7.1644578935E-03   1.1424994764E-02  -6.6491386105E-02
   12     -2.5076185250E-02  -7.1644578935E-03   6.9961872336E-01  -3.1750095752E-02   6.1469093789E-02
   13     -2.9255418259E-01   1.1424994764E-02  -3.1750095752E-02   6.7865694969E-01  -5.1556377894E-02
   14      1.6072490373E-02  -6.6491386105E-02   6.1469093789E-02  -5.1556377894E-02   1.4112690459E-01
   15     -8.0844802085E-02   7.1944561774E-03  -3.2458371116E-01  -1.3911486934E-02  -2.6976231189E-02
   16      7.4267957328E-03  -5.3149917662E-03  -7.2087742377E-02  -1.3599250306E-01   7.5487624612E-04
   17     -7.6010786582E-03   6.6189451048E-03  -2.0283995317E-02   5.9954412203E-03  -6.1337626249E-02
   18     -3.2040829430E-02  -2.0746616331E-02  -1.4675441700E-02  -1.4029363052E-02   1.0649096973E-03
   19     -1.0095465060E-01   5.2791624576E-04  -3.4600236175E-02  -2.1316862027E-03  -6.1149153425E-03
   20     -2.6005734902E-03  -7.4837759024E-02   2.9184445761E-03   1.1046357680E-03   1.0084547064E-03
   21      3.3809899924E-02   2.0073824970E-02   1.0759144767E-03   1.0944554648E-03   1.6978620820E-04
   22      7.5108121151E-04  -3.2679303878E-03  -1.4117544272E-03  -3.5400716270E-03   3.0533681244E-03
   23     -1.6020803575E-03   1.1429259618E-03  -1.0164566409E-03  -8.9362990123E-04   2.0982179600E-03
   24      4.5173449337E-04   1.2475510458E-05  -6.3929882047E-04   4.2857473144E-03  -1.1939567522E-03
   25     -1.4083842885E-03   1.2229195649E-04   3.1511253685E-03  -3.1935440680E-03   1.1705656973E-03
   26      5.7583783630E-05  -7.5309382681E-04  -1.3474033184E-03   1.1882675892E-03   7.0949741356E-03
   27     -3.1002798034E-03  -9.8461215291E-04  -4.0644634187E-04  -1.1481713445E-03   1.3679963402E-04
   28      1.3834502139E-03   3.5966002341E-04  -1.0941402754E-03  -1.6987787189E-04  -1.9381948177E-04
   29      1.6150526213E-04   7.6512232848E-03   3.1988168646E-04  -1.4650109297E-04  -9.1241987869E-04
   30      1.8473575526E-02  -9.5414623759E-04  -2.3892146795E-03   3.3132471604E-03  -1.3071939521E-03
   31     -1.9704984731E-02   1.2670280631E-03   4.4951435584E-03  -1.6819028151E-03   1.4196850671E-03
   32      3.9877782826E-03   2.7237607843E-03  -1.5038119828E-03   8.2345859251E-04   6.4168023498E-03
   33     -6.0126885159E-03   1.5465410224E-03  -1.7820714030E-01   1.3390081063E-01  -2.6400687339E-02
   34     -1.8517561474E-02   4.2253591254E-03   1.3346031136E-01  -2.0670058214E-01   2.8266505211E-02
   35      8.6712687754E-04   3.1987711571E-03  -2.6349061752E-02   2.7678047633E-02  -4.0915669146E-02
   36     -4.2057087350E-04  -1.5579754240E-03  -5.0403508041E-03  -3.0657093963E-02   2.1904728754E-03
   37      2.1775278736E-03   3.9485592848E-04  -1.2516436589E-04  -3.3673785549E-03   4.4983886040E-04
   38      5.4310772437E-04   7.8888418330E-03  -7.9044618359E-04  -2.7498825923E-03   2.3110251944E-03
   39     -2.9987015457E-02   1.0963609914E-02  -5.9739486903E-03   8.1181327593E-04  -7.0053097659E-04
   40     -8.4452448752E-03   4.8950994326E-03  -1.5092250533E-03   1.0573765352E-03   3.7873433150E-04
   41     -4.7416069206E-03   2.3045913480E-03   5.4893209296E-05   6.3428760007E-04   1.1081517562E-03
   42      1.1074953465E-03  -2.9144587100E-02   4.3564512394E-04   1.2404714468E-03   2.6189339811E-04
   43      2.2087521051E-03  -8.3610443412E-03  -9.7938114438E-04  -1.0276816637E-04   2.6042140382E-04
   44      1.2089252589E-03  -8.6115824480E-05   6.3049948248E-04   6.1795805361E-04   7.5897279023E-04
   45      2.0268675412E-04   1.7851124336E-03  -4.7261459811E-05  -6.1313823180E-04  -6.2932197998E-04
   46      1.2815955463E-03   1.4303009953E-03  -1.5139376180E-04   4.8077654695E-04  -5.1085839914E-04
   47      2.0549656033E-03   1.6562582608E-03   4.5129793400E-05  -1.6530172139E-04   2.2375705705E-04
                   15                 16                 17                 18                 19        
    0     -2.1563496463E-01   1.2683037729E-01  -2.6392081977E-02  -7.8022570722E-04   2.8009974125E-04
    1      6.8553057244E-02  -2.3584426952E-01   2.1665053964E-02   7.0419162080E-04  -1.6901478004E-03
    2     -2.1363769604E-02   2.7880733214E-02  -6.5303709406E-02  -2.5280808505E-05   2.0306362458E-04
    3      5.5096406268E-02   2.6686524279E-03   4.7080991278E-03   1.6862477688E-03   4.0956435468E-03
    4      4.5463276130E-02  -5.3849410752E-02   1.0217246990E-02   1.4166479149E-03  -3.5434315200E-03
    5      2.2170643549E-04   6.1158770127E-03   7.3344772195E-03   1.4985588688E-03   2.3543375706E-03
    6     -5.6272355584E-02   1.8758919677E-02  -7.0328597510E-03  -2.4449216886E-02   2.0861531409E-02
    7      1.7521170804E-02  -6.0319657378E-03   1.4231228314E-03   2.4723608838E-03   9.5012789312E-03
    8     -5.2716651399E-03   1.1837380845E-03  -8.0431799398E-03  -4.6659998951E-03   2.4464275274E-03
    9     -7.2458046624E-03  -3.8560582395E-02   2.0053250462E-03  -1.7830207139E-01  -3.0815132061E-02
   10     -8.0844802085E-02   7.4267957328E-03  -7.6010786582E-03  -3.2040829430E-02  -1.0095465060E-01
   11      7.1944561774E-03  -5.3149917662E-03   6.6189451048E-03  -2.0746616331E-02   5.2791624576E-04
   12     -3.2458371116E-01  -7.2087742377E-02  -2.0283995317E-02  -1.4675441700E-02  -3.4600236175E-02
   13     -1.3911486934E-02  -1.3599250306E-01   5.9954412203E-03  -1.4029363052E-02  -2.1316862027E-03
   14     -2.6976231189E-02   7.5487624612E-04  -6.1337626249E-02   1.0649096973E-03  -6.1149153425E-03
   15      6.6108774137E-01   2.7868949496E-02   5.0332159176E-02   4.1691717242E-03  -9.4450640025E-04
   16      2.7868949496E-02   7.2097410750E-01  -4.9234173974E-02   6.3980650359E-04  -6.9340174258E-03
   17      5.0332159176E-02  -4.9234173974E-02   1.4003953090E-01   3.2919719303E-05   3.9335201329E-05
   18      4.1691717242E-03   6.3980650359E-04   3.2919719303E-05   4.4115730233E-01   2.8638231891E-02
   19     -9.4450640025E-04  -6.9340174258E-03   3.9335201329E-05   2.8638231891E-02   5.3314459980E-01
   20     -1.0777360082E-03   1.5812676163E-03   6.8618948482E-03   3.9005732142E-02  -4.3483193459E-02
   21      8.5450154594E-04   1.0013333516E-03  -5.1934077082E-04  -1.1001867006E-01   4.8890611416E-02
   22      6.5731885761E-04   1.9343331072E-03   5.2598771282E-04   6.3393285811E-02  -1.3243828386E-01
   23      9.9455337068E-04  -9.4590250520E-05   2.0550362087E-04   3.9868236116E-02  -5.2797126002E-02
   24     -1.6426386875E-02  -7.3521548448E-03  -1.2275509970E-03   1.8580366799E-04   6.9282588267E-05
   25      2.3645839498E-02   9.2152232000E-03   1.7762052974E-03   6.0344758129E-05  -7.1690332707E-05
   26     -3.5964256414E-03  -1.5591562895E-03   1.6569137216E-03  -1.7486652708E-04  -1.4141685569E-04
   27      7.4728256612E-04  -2.5549288888E-03  -4.5006615575E-04   1.8268542324E-04   1.3889895018E-03
   28     -3.6698985091E-03  -4.6895189509E-03   7.8089637575E-04  -1.8986383474E-04   2.6966494235E-04
   29     -5.4475943167E-04   9.1938304176E-04   7.3574547678E-03   1.2408372997E-04   1.2312366065E-04
   30     -1.1192474464E-03   5.6544071745E-04   2.1620981414E-05   9.9366312366E-04   2.3276241692E-03
   31      7.5688115842E-04   5.4824010405E-04  -1.1064345920E-04  -2.6941796842E-03   1.1807876424E-05
   32      1.2206540440E-04  -1.3614427435E-04  -6.9907523388E-04  -3.9301872294E-04  -7.2215038405E-04
   33     -1.5156436437E-02   2.3973951736E-02  -3.9349026350E-03  -3.3040942867E-04  -2.9819839001E-04
   34     -6.0120001350E-03   8.5604060607E-03  -1.3587745356E-03   2.5749638047E-03  -5.2910283662E-04
   35     -1.1071969791E-03   2.0377873760E-03   1.7873887197E-03  -3.3143461675E-04   4.0108801666E-04
   36     -8.4461085233E-02  -8.0321450332E-02   2.2361092888E-03   4.6802756345E-04  -1.8268946360E-03
   37     -8.0242402550E-02  -3.0437677896E-01   1.5847622828E-02   3.0468534971E-04  -4.0727702428E-04
   38      2.0883649037E-03   1.5846102127E-02  -3.6340287882E-02  -2.8885538092E-04   8.7093046547E-05
   39      2.1568743039E-04  -1.8416788517E-03  -5.0715076518E-04  -5.7989173397E-02  -4.4197590338E-02
   40      5.5894478196E-04  -4.5497438329E-04  -2.0049941872E-04  -4.7320850259E-02  -2.3967383993E-01
   41     -7.7115500542E-04   5.0612677511E-05  -1.2755713515E-05   1.8090379670E-02   8.4174766745E-02
   42     -6.4161119242E-04   5.3845739199E-04   1.2784280641E-03  -6.4849177996E-02  -1.0625338753E-04
   43      9.2077994829E-04  -3.2234725100E-04   4.4443149823E-04   2.0413384155E-03  -4.8196555634E-02
   44     -6.5286065598E-04  -9.1184587599E-05   4.9747621422E-05  -6.5657954438E-02   1.3149768556E-02
   45     -6.2918767944E-04  -1.8954238811E-04  -2.7350690199E-04   2.5514849615E-03   6.2063298435E-03
   46     -2.5892981716E-04  -1.6331966648E-04  -1.7447412793E-04  -5.9403034126E-03  -6.3566683809E-03
   47      4.1528805353E-04   2.4164000625E-05  -1.7522209516E-04  -7.3138499916E-03  -2.8421550919E-04
                   20                 21                 22                 23                 24        
    0     -5.6281528137E-04  -7.8296100589E-04  -2.6889011618E-04   1.0073282145E-05  -3.1824762658E-01
    1     -1.4452594952E-03   8.5249201227E-04   5.9793172679E-04   1.0803545129E-03  -5.6475985478E-02
    2     -1.1093406037E-03   1.7405472312E-06  -2.2477966604E-04  -2.2207734295E-04  -2.3772188435E-02
    3      7.8429947178E-04  -1.6882841154E-03  -7.3452560038E-04  -1.0693129759E-03  -6.4032043590E-03
    4      2.0533262456E-03   8.4277830901E-04  -9.3225307972E-05  -1.1885338608E-03   3.8209932113E-04
    5      8.3456126010E-03  -2.2852913038E-03   3.7199375289E-04   8.9988471679E-05  -8.9166434972E-04
    6     -6.3211540869E-03  -4.2786198998E-03   1.3323774538E-03   1.5506111588E-03   1.7882521993E-03
    7     -5.9689812670E-04  -5.5089194095E-03   8.6257590744E-04   8.5223598761E-04  -2.2274775684E-03
    8      3.0534098654E-03   2.1249813219E-03  -8.4969558990E-04  -2.6796955312E-04  -4.0027212802E-04
    9     -1.2409764253E-02  -3.3069545461E-02   7.8763273666E-03   5.0576561769E-03   5.5164893492E-04
   10     -2.6005734902E-03   3.3809899924E-02   7.5108121151E-04  -1.6020803575E-03   4.5173449337E-04
   11     -7.4837759024E-02   2.0073824970E-02  -3.2679303878E-03   1.1429259618E-03   1.2475510458E-05
   12      2.9184445761E-03   1.0759144767E-03  -1.4117544272E-03  -1.0164566409E-03  -6.3929882047E-04
   13      1.1046357680E-03   1.0944554648E-03  -3.5400716270E-03  -8.9362990123E-04   4.2857473144E-03
   14      1.0084547064E-03   1.6978620820E-04   3.0533681244E-03   2.0982179600E-03  -1.1939567522E-03
   15     -1.0777360082E-03   8.5450154594E-04   6.5731885761E-04   9.9455337068E-04  -1.6426386875E-02
   16      1.5812676163E-03   1.0013333516E-03   1.9343331072E-03  -9.4590250520E-05  -7.3521548448E-03
   17      6.8618948482E-03  -5.1934077082E-04   5.2598771282E-04   2.0550362087E-04  -1.2275509970E-03
   18      3.9005732142E-02  -1.1001867006E-01   6.3393285811E-02   3.9868236116E-02   1.8580366799E-04
   19     -4.3483193459E-02   4.8890611416E-02  -1.3243828386E-01  -5.2797126002E-02   6.9282588267E-05
   20      5.5936531226E-01   6.9097929329E-03  -2.5414253547E-02  -1.1049422424E-01   2.3079412672E-04
   21      6.9097929329E-03   2.2025436225E-01  -1.0649391766E-01   9.6615732677E-02  -1.6904226183E-04
   22     -2.5414253547E-02  -1.0649391766E-01   1.8453132054E-01   1.0285267296E-01  -6.4540171284E-05
   23     -1.1049422424E-01   9.6615732677E-02   1.0285267296E-01   5.7525356823E-01   7.6359659658E-05
   24      2.3079412672E-04  -1.6904226183E-04  -6.4540171284E-05   7.6359659658E-05   3.3917065468E-01
   25     -1.4670755443E-04  -1.9070299476E-05   2.2736918795E-04   3.8255408956E-05   6.1245033325E-02
   26     -1.1767600681E-03   9.0220101028E-05  -1.7093504535E-04  -1.4927731704E-05   2.6505090763E-02
   27     -2.0123073750E-04  -8.4946218235E-04   2.1359130268E-04   2.0057475607E-04   6.9114551803E-04
   28      1.9801873823E-05  -8.0046814104E-05   2.0154001211E-05   1.5034534149E-05  -1.5089238431E-04
   29      1.4909592673E-04  -3.6924144602E-04   6.2944906395E-05   6.2628119292E-05   4.8219202397E-04
   30      1.5313383205E-04   2.0540774774E-04  -7.2667717341E-04  -3.0305454508E-04  -4.6976725439E-04
   31     -2.0419608489E-04   2.8153670728E-04   7.0683328551E-04  -2.4592353134E-04   6.5259904138E-05
   32     -4.0271188704E-03   6.8725322167E-04  -4.2772601938E-04  -5.4666139458E-05  -7.5276584335E-05
   33      2.2088524006E-04  -1.1631145852E-03  -7.2473670399E-04  -1.0741098318E-04  -9.1123738460E-04
   34     -8.6036611379E-04   6.0784058616E-05   2.0542504209E-03   6.9448114400E-05  -4.2418300099E-04
   35     -2.8735768718E-03   2.7762762486E-04  -1.0258736323E-03  -4.9293409602E-04  -7.3418878497E-05
   36      7.6269910483E-05  -5.9192451439E-05   3.2267144429E-04   1.6887115328E-04   8.0456325245E-04
   37      7.3130563862E-05  -1.4446067187E-04   1.0675317451E-04   9.2892836102E-05   1.8736795254E-04
   38      1.6402085990E-04   1.8844090825E-04  -8.0997765963E-05  -4.2965774718E-05   4.3343043920E-04
   39      1.8098965046E-02  -3.3010812772E-04   2.7695955283E-02  -2.3211316364E-03  -1.6612590469E-05
   40      8.1502991369E-02   1.0041116419E-02  -2.8132179589E-02  -4.4500829744E-03  -2.9492047240E-05
   41     -8.6949785330E-02   1.4679714696E-03  -2.2096423523E-02   7.4018032188E-03   9.7093764814E-07
   42     -7.7428621338E-02   4.0716136054E-03   5.3344306512E-03   2.6008368210E-02   4.2177859629E-05
   43      2.1625816159E-02  -1.4267001900E-03  -4.5536744344E-03  -3.1976899358E-02   8.2967821030E-06
   44     -2.7602627896E-01   1.5498619362E-03  -8.4325608721E-03  -2.1221549142E-02  -2.2143324900E-05
   45      2.9516061195E-02  -7.4052799470E-02   3.6064200671E-03  -1.6574919132E-01   4.8930015632E-05
   46     -3.3173424367E-02   1.6790771004E-02  -2.3035167742E-02  -1.1739141479E-02   1.5833070759E-05
   47     -2.1452957100E-02  -1.2696783886E-01  -4.4888678042E-02  -4.5344332156E-01  -9.1070681151E-05
                   25                 26                 27                 28                 29        
    0     -5.6404174465E-02  -2.3911512192E-02   9.8907956984E-03   2.2399477922E-02  -1.3051898567E-03
    1     -7.0642968359E-02  -2.4180962480E-03  -8.4680171349E-03  -1.7236212729E-02   6.2317317264E-04
    2     -2.5223377358E-03  -3.6341096934E-02   1.5391303728E-03   4.1346574304E-03   2.0620985474E-03
    3     -3.0572987114E-02   1.8253884643E-03  -1.7677685240E-01   1.3292523814E-01  -2.6918246331E-02
    4     -1.4080649897E-03   4.0054354772E-04   1.3286233734E-01  -2.0812264313E-01   3.0221163075E-02
    5     -2.8648685243E-03   2.0998468128E-03  -2.6862898763E-02   2.9991938224E-02  -4.0235366504E-02
    6     -1.0953939283E-03  -3.7856428340E-04  -1.5499258301E-02  -5.6955508770E-03  -1.1728714673E-03
    7     -5.5302419270E-03   1.0022686310E-03   2.5063193264E-02   7.8756598552E-03   1.9938379237E-03
    8      1.0687242950E-03   7.3881193501E-03  -4.3316325227E-03  -1.2363364050E-03   1.5929811350E-03
    9      3.7694494600E-04   3.1346141681E-04  -5.2033630980E-03  -2.1236280783E-03  -1.0060751269E-03
   10     -1.4083842885E-03   5.7583783630E-05  -3.1002798034E-03   1.3834502139E-03   1.6150526213E-04
   11      1.2229195649E-04  -7.5309382681E-04  -9.8461215291E-04   3.5966002341E-04   7.6512232848E-03
   12      3.1511253685E-03  -1.3474033184E-03  -4.0644634187E-04  -1.0941402754E-03   3.1988168646E-04
   13     -3.1935440680E-03   1.1882675892E-03  -1.1481713445E-03  -1.6987787189E-04  -1.4650109297E-04
   14      1.1705656973E-03   7.0949741356E-03   1.3679963402E-04  -1.9381948177E-04  -9.1241987869E-04
   15      2.3645839498E-02  -3.5964256414E-03   7.4728256612E-04  -3.6698985091E-03  -5.4475943167E-04
   16      9.2152232000E-03  -1.5591562895E-03  -2.5549288888E-03  -4.6895189509E-03   9.1938304176E-04
   17      1.7762052974E-03   1.6569137216E-03  -4.5006615575E-04   7.8089637575E-04   7.3574547678E-03
   18      6.0344758129E-05  -1.7486652708E-04   1.8268542324E-04  -1.8986383474E-04   1.2408372997E-04
   19     -7.1690332707E-05  -1.4141685569E-04   1.3889895018E-03   2.6966494235E-04   1.2312366065E-04
   20     -1.4670755443E-04  -1.1767600681E-03  -2.0123073750E-04   1.9801873823E-05   1.4909592673E-04
   21     -1.9070299476E-05   9.0220101028E-05  -8.4946218235E-04  -8.0046814104E-05  -3.6924144602E-04
   22      2.2736918795E-04  -1.7093504535E-04   2.1359130268E-04   2.0154001211E-05   6.2944906395E-05
   23      3.8255408956E-05  -1.4927731704E-05   2.0057475607E-04   1.5034534149E-05   6.2628119292E-05
   24      6.1245033325E-02   2.6505090763E-02   6.9114551803E-04  -1.5089238431E-04   4.8219202397E-04
   25      7.0885482582E-02   2.1605097584E-03   4.4315608411E-04   9.9271403931E-04  -3.9109658043E-04
   26      2.1605097584E-03   2.7008401931E-02   4.4044336505E-04  -4.6711463576E-04  -3.7449499869E-03
   27      4.4315608411E-04   4.4044336505E-04   1.8594457806E-01  -1.4392637676E-01   2.9955047056E-02
   28      9.9271403931E-04  -4.6711463576E-04  -1.4392637676E-01   2.2001153241E-01  -3.3101735362E-02
   29     -3.9109658043E-04  -3.7449499869E-03   2.9955047056E-02  -3.3101735362E-02   3.0910790763E-02
   30     -1.6090549922E-03   1.3023759597E-04   1.0055171104E-03   3.6654511325E-04   4.6255956979E-04
   31     -3.0510259764E-04   1.2088545175E-04  -1.5422068527E-04   7.3090754269E-04  -4.7452689120E-04
   32     -7.2154771337E-05   2.7935074788E-04   4.8034760723E-04  -4.0340124612E-04  -3.7176530154E-03
   33      1.2043690683E-03  -1.8139590807E-04   2.6766888811E-05   7.8244078176E-05   1.1309954205E-04
   34      2.8913689765E-04  -1.0347261499E-05   9.0712511901E-05   4.4194415743E-05  -9.9612996635E-05
   35      1.4010046610E-04   1.6985134195E-04   1.5305222233E-04  -1.0620751772E-04  -1.3265707178E-03
   36     -4.4145441483E-04   4.6805394279E-04   3.4903063385E-04   1.1635603327E-03  -1.0069172169E-04
   37      8.6065501900E-04  -3.9379502036E-04  -5.5135609218E-04  -1.0773287577E-03   6.2014927615E-05
   38     -4.4786768114E-04  -3.6253444495E-03   5.4589876845E-05   1.9982945200E-04   2.1267015070E-04
   39      8.3103051425E-05   6.3694018611E-06  -7.8482355739E-06   9.9674650981E-06  -1.7310236065E-05
   40      1.0732575522E-04   1.5612150490E-04  -7.7405495198E-05   8.0499053729E-06   1.1021411389E-05
   41     -3.1736748762E-05  -1.7676078902E-05   6.1377561413E-05   1.6907106861E-05  -2.2864288828E-05
   42     -3.0680698457E-05  -2.0892540096E-04  -1.7766173286E-04   1.8382759907E-05  -4.2100517018E-05
   43      2.1870969937E-05   5.0617343951E-05  -8.9351434181E-05  -3.0921006076E-05   6.9974613223E-05
   44     -2.7352775238E-05  -7.5527004849E-05  -8.3818532940E-05  -1.4275983401E-05   4.7784744775E-07
   45     -2.3029444983E-05   2.6056890789E-05   8.3090392979E-05  -2.2007971323E-05   1.3485383666E-05
   46     -3.9781088303E-05   2.7057657039E-05  -8.8267480337E-07  -9.8248809077E-06  -2.7841232675E-05
   47      2.4475580589E-05   5.1918040328E-05  -1.0096644414E-04  -2.6622282489E-06  -3.9596150667E-05
                   30                 31                 32                 33                 34        
    0     -5.8019208589E-03  -1.4459596445E-03  -1.1497859178E-03  -4.8385067552E-03  -2.0771589004E-03
    1     -2.1771506466E-04   2.2564848032E-03   6.9052036686E-04  -2.9070585363E-03   1.2603096610E-03
    2     -1.4028890364E-03   4.3653842685E-04   7.3874386572E-03  -8.7921406447E-04   3.0694304389E-04
    3     -4.8976950915E-03  -1.1261415231E-04  -8.9368029057E-04  -3.4008733874E-04  -1.0623271091E-03
    4     -3.0792514018E-02  -3.4492805567E-03  -2.4608039742E-03  -9.8510798985E-04  -1.5141232595E-04
    5      2.1223857536E-03   2.1552404843E-04   1.8592079448E-03   1.1576006282E-04  -1.3915287722E-04
    6     -8.3681824833E-02  -7.9041856388E-02   3.7006884882E-03   2.0965718805E-04  -3.5857988506E-03
    7     -7.8626639708E-02  -2.9923525255E-01   1.9206223772E-02  -2.5352698225E-03  -4.6268818736E-03
    8      3.4321643994E-03   1.9242527003E-02  -3.5608759556E-02  -3.8918331221E-04   5.8393111379E-04
    9      9.7542389545E-03  -8.9906413243E-03   2.1870140964E-03   1.0821558123E-02   2.1458282212E-02
   10      1.8473575526E-02  -1.9704984731E-02   3.9877782826E-03  -6.0126885159E-03  -1.8517561474E-02
   11     -9.5414623759E-04   1.2670280631E-03   2.7237607843E-03   1.5465410224E-03   4.2253591254E-03
   12     -2.3892146795E-03   4.4951435584E-03  -1.5038119828E-03  -1.7820714030E-01   1.3346031136E-01
   13      3.3132471604E-03  -1.6819028151E-03   8.2345859251E-04   1.3390081063E-01  -2.0670058214E-01
   14     -1.3071939521E-03   1.4196850671E-03   6.4168023498E-03  -2.6400687339E-02   2.8266505211E-02
   15     -1.1192474464E-03   7.5688115842E-04   1.2206540440E-04  -1.5156436437E-02  -6.0120001350E-03
   16      5.6544071745E-04   5.4824010405E-04  -1.3614427435E-04   2.3973951736E-02   8.5604060607E-03
   17      2.1620981414E-05  -1.1064345920E-04  -6.9907523388E-04  -3.9349026350E-03  -1.3587745356E-03
   18      9.9366312366E-04  -2.6941796842E-03  -3.9301872294E-04  -3.3040942867E-04   2.5749638047E-03
   19      2.3276241692E-03   1.1807876424E-05  -7.2215038405E-04  -2.9819839001E-04  -5.2910283662E-04
   20      1.5313383205E-04  -2.0419608489E-04  -4.0271188704E-03   2.2088524006E-04  -8.6036611379E-04
   21      2.0540774774E-04   2.8153670728E-04   6.8725322167E-04  -1.1631145852E-03   6.0784058616E-05
   22     -7.2667717341E-04   7.0683328551E-04  -4.2772601938E-04  -7.2473670399E-04   2.0542504209E-03
   23     -3.0305454508E-04  -2.4592353134E-04  -5.4666139458E-05  -1.0741098318E-04   6.9448114400E-05
   24     -4.6976725439E-04   6.5259904138E-05  -7.5276584335E-05  -9.1123738460E-04  -4.2418300099E-04
   25     -1.6090549922E-03  -3.0510259764E-04  -7.2154771337E-05   1.2043690683E-03   2.8913689765E-04
   26      1.3023759597E-04   1.2088545175E-04   2.7935074788E-04  -1.8139590807E-04  -1.0347261499E-05
   27      1.0055171104E-03  -1.5422068527E-04   4.8034760723E-04   2.6766888811E-05   9.0712511901E-05
   28      3.6654511325E-04   7.3090754269E-04  -4.0340124612E-04   7.8244078176E-05   4.4194415743E-05
   29      4.6255956979E-04  -4.7452689120E-04  -3.7176530154E-03   1.1309954205E-04  -9.9612996635E-05
   30      8.6318030876E-02   8.6375719922E-02  -2.6905556593E-03   3.5693622102E-04   1.1371845020E-03
   31      8.6375719922E-02   3.2062397216E-01  -2.1406073839E-02  -6.7122146772E-04  -1.1519949015E-03
   32     -2.6905556593E-03  -2.1406073839E-02   2.6348311345E-02   4.1412852067E-05   2.4148960652E-04
   33      3.5693622102E-04  -6.7122146772E-04   4.1412852067E-05   1.8834134581E-01  -1.4521767255E-01
   34      1.1371845020E-03  -1.1519949015E-03   2.4148960652E-04  -1.4521767255E-01   2.1906222859E-01
   35     -1.3167872994E-04   2.0356922452E-05   3.6156214585E-04   2.8968492418E-02  -3.1037576848E-02
   36      8.1461867027E-05  -6.5640579066E-05   1.4406522509E-04   1.0761028875E-03   3.8030187411E-04
   37     -5.9613984413E-05  -3.3415586528E-05  -1.2117690193E-04  -1.2316224292E-04   7.1650664992E-04
   38      1.4322283873E-04  -1.2469018714E-04  -1.3407330744E-03   4.3518034066E-04  -3.2925913327E-04
   39     -3.4478655862E-04   1.1967426989E-03  -6.3236010301E-05   9.9866585469E-05   2.1786659997E-05
   40     -5.6672687094E-04   8.0878480122E-04   6.0990872881E-04   2.9608386429E-04   2.2924375720E-04
   41      2.8774076653E-04  -3.6561806950E-05   1.0930061136E-04   9.5801881973E-05  -1.2017780175E-04
   42     -6.2696391645E-05   1.5790561492E-04  -6.9630450499E-04   5.9114971961E-05  -4.9183516520E-04
   43     -1.4150776681E-06   1.0764712186E-04   1.8821271076E-04   7.9310346707E-05  -2.2489317664E-04
   44      1.2342590418E-06  -1.8788759398E-04  -2.1426335954E-04  -2.8640550966E-05  -7.8955232896E-05
   45      5.1897213598E-05  -1.4652251532E-04   9.5230009450E-05  -4.4416445255E-05  -3.0503408649E-04
   46      3.4686655974E-05  -2.3274395900E-04  -5.2076160980E-06  -6.5970691092E-05  -3.1384771848E-04
   47      4.2810932379E-05   7.5205378434E-05   1.7653466306E-04   3.7157870935E-04   3.5355238436E-04
                   35                 36                 37                 38                 39        
    0     -1.1527925314E-03   1.0559085587E-02  -1.0199091192E-02   1.7885631640E-03   1.0889932386E-04
    1      3.3820144320E-04   2.0811305874E-02  -1.8017870076E-02   3.6504476234E-03   1.0205260667E-04
    2      7.7784477960E-03  -9.8288254822E-04   7.3408782774E-04   2.1011621738E-03   1.2967179466E-04
    3      3.7536575795E-05  -2.3292172305E-03   4.4859602837E-03  -1.2202889960E-03  -7.7475798766E-05
    4     -2.5171514637E-04   3.3963151974E-03  -1.5413719189E-03   1.2436101944E-03   2.9358990337E-04
    5     -8.3934030535E-04  -1.2316687185E-03   1.2918230947E-03   7.0876262106E-03  -3.2978528631E-05
    6     -2.9199435160E-04  -1.1978914670E-03   6.8732632194E-04  -1.0710046541E-04   1.2936388116E-03
    7      9.2513340261E-04   6.8900949569E-04   6.9099562346E-04  -7.5255054144E-05  -2.3086670787E-03
    8      6.6750348952E-03  -9.3615519457E-05  -1.0469105327E-04  -7.1452874622E-04  -1.2629702243E-04
    9     -6.4577848613E-04  -5.9765156625E-03  -1.2563830384E-03  -9.9204565296E-04  -8.0275711095E-03
   10      8.6712687754E-04  -4.2057087350E-04   2.1775278736E-03   5.4310772437E-04  -2.9987015457E-02
   11      3.1987711571E-03  -1.5579754240E-03   3.9485592848E-04   7.8888418330E-03   1.0963609914E-02
   12     -2.6349061752E-02  -5.0403508041E-03  -1.2516436589E-04  -7.9044618359E-04  -5.9739486903E-03
   13      2.7678047633E-02  -3.0657093963E-02  -3.3673785549E-03  -2.7498825923E-03   8.1181327593E-04
   14     -4.0915669146E-02   2.1904728754E-03   4.4983886040E-04   2.3110251944E-03  -7.0053097659E-04
   15     -1.1071969791E-03  -8.4461085233E-02  -8.0242402550E-02   2.0883649037E-03   2.1568743039E-04
   16      2.0377873760E-03  -8.0321450332E-02  -3.0437677896E-01   1.5846102127E-02  -1.8416788517E-03
   17      1.7873887197E-03   2.2361092888E-03   1.5847622828E-02  -3.6340287882E-02  -5.0715076518E-04
   18     -3.3143461675E-04   4.6802756345E-04   3.0468534971E-04  -2.8885538092E-04  -5.7989173397E-02
   19      4.0108801666E-04  -1.8268946360E-03  -4.0727702428E-04   8.7093046547E-05  -4.4197590338E-02
   20     -2.8735768718E-03   7.6269910483E-05   7.3130563862E-05   1.6402085990E-04   1.8098965046E-02
   21      2.7762762486E-04  -5.9192451439E-05  -1.4446067187E-04   1.8844090825E-04  -3.3010812772E-04
   22     -1.0258736323E-03   3.2267144429E-04   1.0675317451E-04  -8.0997765963E-05   2.7695955283E-02
   23     -4.9293409602E-04   1.6887115328E-04   9.2892836102E-05  -4.2965774718E-05  -2.3211316364E-03
   24     -7.3418878497E-05   8.0456325245E-04   1.8736795254E-04   4.3343043920E-04  -1.6612590469E-05
   25      1.4010046610E-04  -4.4145441483E-04   8.6065501900E-04  -4.4786768114E-04   8.3103051425E-05
   26      1.6985134195E-04   4.6805394279E-04  -3.9379502036E-04  -3.6253444495E-03   6.3694018611E-06
   27      1.5305222233E-04   3.4903063385E-04  -5.5135609218E-04   5.4589876845E-05  -7.8482355739E-06
   28     -1.0620751772E-04   1.1635603327E-03  -1.0773287577E-03   1.9982945200E-04   9.9674650981E-06
   29     -1.3265707178E-03  -1.0069172169E-04   6.2014927615E-05   2.1267015070E-04  -1.7310236065E-05
   30     -1.3167872994E-04   8.1461867027E-05  -5.9613984413E-05   1.4322283873E-04  -3.4478655862E-04
   31      2.0356922452E-05  -6.5640579066E-05  -3.3415586528E-05  -1.2469018714E-04   1.1967426989E-03
   32      3.6156214585E-04   1.4406522509E-04  -1.2117690193E-04  -1.3407330744E-03  -6.3236010301E-05
   33      2.8968492418E-02   1.0761028875E-03  -1.2316224292E-04   4.3518034066E-04   9.9866585469E-05
   34     -3.1037576848E-02   3.8030187411E-04   7.1650664992E-04  -3.2925913327E-04   2.1786659997E-05
   35      3.1272091600E-02   4.7975456854E-04  -4.3894307712E-04  -3.9345137036E-03   2.8786242939E-04
   36      4.7975456854E-04   8.6269699625E-02   8.7190296828E-02  -1.6982123013E-03  -5.6374201656E-04
   37     -4.3894307712E-04   8.7190296828E-02   3.2434109304E-01  -1.7761418849E-02  -1.5929202855E-04
   38     -3.9345137036E-03  -1.6982123013E-03  -1.7761418849E-02   2.6355148679E-02  -5.2619063926E-05
