*************************************************
******************* ORCA 6.0.0 ******************
*************************************************
$Calculation_Status
   &GeometryIndex 1
   &ListStatus       OUT
   &VERSION [&Type "String"] "6.0.0"
   &PROGNAME [&Type "String"] "LeanSCF"
   &STATUS [&Type "String"] "NORMAL TERMINATION"
$End
$Geometry
   &GeometryIndex 1
   &ListStatus       OUT
   &NATOMS [&Type "Integer"] 8
   &NCORELESSECP [&Type "Integer"] 0
   &NGHOSTATOMS [&Type "Integer"] 0
   &CartesianCoordinates [&Type "Coordinates", &Dim(8,4), &Units "Bohr"] 
              C     -4.839039996878   -0.846736936081    0.000003861655
              C     -2.975023471358    1.315668454688    0.000001577543
              I      0.940074048537   -0.037909141182   -0.000007967463
              H     -6.764312717283   -0.074761398223    0.000013249815
              H     -4.620914394926   -2.034273922262   -1.674450961988
              H     -4.620902548421   -2.034284148137    1.674450119170
              H     -3.105544281621    2.490870160554    1.684776718869
              H     -3.105580052813    2.490898153824   -1.684750488903
$End
$SCF_Energy
   &GeometryIndex 1
   &ListStatus       OUT
   &SCF_ENERGY [&Type "Double"]      -3.7702591099540257e+02
$End
$DFT_Energy
   &GeometryIndex 1
   &ListStatus       OUT
   &NALPHAEL [&Type "Integer"] 21
   &NBETAEL [&Type "Integer"] 21
   &NTOTALEL [&Type "Integer"] 42
   &EEXCHANGE [&Type "Double"]      -3.3426249985050703e+01
   &ECORR [&Type "Double"]      -1.5770189835243134e+00
   &ECNL [&Type "Double"]       0.0000000000000000e+00
   &EXC [&Type "Double"]      -3.5003268968575014e+01
   &EEMBED [&Type "Double"]       0.0000000000000000e+00
   &FINALEN [&Type "Double"]      -3.7702591099540257e+02  "No Van der Waals correction"
$End
$Mulliken_Population_Analysis
   &GeometryIndex 1
   &ListStatus       OUT
   &NATOMS [&Type "Integer"] 8
   &ATNO [&Type "ArrayOfIntegers", &Dim (8,1)] 
                                                         0

0                                                        6
1                                                        6
2                                                       53
3                                                        1
4                                                        1
5                                                        1
6                                                        1
7                                                        1
   &ATOMICCHARGES [&Type "ArrayOfDoubles", &Dim (8,1)] 
                                                         0

0                                     -3.0259352676403939e-01
1                                     -1.8441433998881518e-01
2                                     -1.2937787848855109e-01
3                                      1.1088457702259613e-01
4                                      1.2165769384516523e-01
5                                      1.2165772021609955e-01
6                                      1.3109288738994818e-01
7                                      1.3109286676758414e-01
$End
$Loewdin_Population_Analysis
   &GeometryIndex 1
   &ListStatus       OUT
   &NATOMS [&Type "Integer"] 8
   &ATNO [&Type "ArrayOfIntegers", &Dim (8,1)] 
                                                         0

0                                                        6
1                                                        6
2                                                       53
3                                                        1
4                                                        1
5                                                        1
6                                                        1
7                                                        1
   &ATOMICCHARGES [&Type "ArrayOfDoubles", &Dim (8,1)] 
                                                         0

0                                     -3.4166905882193621e-01
1                                     -4.5569594761438292e-01
2                                      1.7678867898571582e-01
3                                      1.2649417699904775e-01
4                                      1.2338050855776439e-01
5                                      1.2338048822994674e-01
6                                      1.2366067999061503e-01
7                                      1.2366047367323074e-01
$End
$Mayer_Population_Analysis
   &GeometryIndex 1
   &ListStatus       OUT
   &NATOMS [&Type "Integer"] 8 "Total number of atoms"
   &BONDTHRESH [&Type "Double"]       1.0000000000000001e-01  "The threshold for printing"
   &NBONDORDERSPRINT [&Type "Integer"] 7 "The number of bond orders larger than threshold"
   &BONDORDERS [&Type "ArrayOfDoubles", &Dim (7,1)] "The bond orders"
                                                         0

0                                      9.9607700954346645e-01
1                                      9.4892642465865851e-01
2                                      9.7050460095685964e-01
3                                      9.7050442353782429e-01
4                                      1.0118940018039317e+00
5                                      9.5682793769419749e-01
6                                      9.5682775694625788e-01
   &COMPONENTS [&Type "ArrayOfIntegers", &Dim (7,4)] "The indices and atomic numbers of the bonding atoms"
                                                         0                           1                           2                           3

0                                                        0                           6                           1                           6
1                                                        0                           6                           3                           1
2                                                        0                           6                           4                           1
3                                                        0                           6                           5                           1
4                                                        1                           6                           2                          53
5                                                        1                           6                           6                           1
6                                                        1                           6                           7                           1
   &ATNO [&Type "ArrayOfIntegers", &Dim (8,1)] "Atomic number of the elements"
                                                         0

0                                                        6
1                                                        6
2                                                       53
3                                                        1
4                                                        1
5                                                        1
6                                                        1
7                                                        1
   &NA [&Type "ArrayOfDoubles", &Dim (8,1)] "Mulliken gross atomic population"
                                                         0

0                                      6.3025935267640438e+00
1                                      6.1844143399888276e+00
2                                      2.5129377878488530e+01
3                                      8.8911542297740453e-01
4                                      8.7834230615483433e-01
5                                      8.7834227978390089e-01
6                                      8.6890711261005182e-01
7                                      8.6890713323241608e-01
   &ZA [&Type "ArrayOfDoubles", &Dim (8,1)] "Total nuclear charge"
                                                         0

0                                      6.0000000000000000e+00
1                                      6.0000000000000000e+00
2                                      2.5000000000000000e+01
3                                      1.0000000000000000e+00
4                                      1.0000000000000000e+00
5                                      1.0000000000000000e+00
6                                      1.0000000000000000e+00
7                                      1.0000000000000000e+00
   &QA [&Type "ArrayOfDoubles", &Dim (8,1)] "Mulliken gross atomic charge"
                                                         0

0                                     -3.0259352676404383e-01
1                                     -1.8441433998882761e-01
2                                     -1.2937787848852977e-01
3                                      1.1088457702259547e-01
4                                      1.2165769384516567e-01
5                                      1.2165772021609911e-01
6                                      1.3109288738994818e-01
7                                      1.3109286676758392e-01
   &VA [&Type "ArrayOfDoubles", &Dim (8,1)] "Mayer's total valence"
                                                         0

0                                      3.9004179582024427e+00
1                                      3.9243600384276913e+00
2                                      1.0641004262551228e+00
3                                      9.7688251482547206e-01
4                                      9.7869046720893149e-01
5                                      9.7869045870147597e-01
6                                      9.6120909755923589e-01
7                                      9.6120905244647881e-01
   &BVA [&Type "ArrayOfDoubles", &Dim (8,1)] "Mayer's bonded valence"
                                                         0

0                                      3.9004179582023863e+00
1                                      3.9243600384276709e+00
2                                      1.0641004262551914e+00
3                                      9.7688251482548794e-01
4                                      9.7869046720892927e-01
5                                      9.7869045870147331e-01
6                                      9.6120909755924366e-01
7                                      9.6120905244647969e-01
   &FA [&Type "ArrayOfDoubles", &Dim (8,1)] "Mayer's free valence"
                                                         0

0                                      0.0000000000000000e+00
1                                      0.0000000000000000e+00
2                                      0.0000000000000000e+00
3                                      0.0000000000000000e+00
4                                      0.0000000000000000e+00
5                                      0.0000000000000000e+00
6                                      0.0000000000000000e+00
7                                      0.0000000000000000e+00
$End
$VdW_Correction
   &GeometryIndex 1
   &ListStatus       OUT
   &VDW [&Type "Double"]      -1.5195994849509426e-03
$End
$Calculation_Info
   &GeometryIndex 1
   &ListStatus       OUT
   &MULT [&Type "Integer"] 1
   &CHARGE [&Type "Integer"] 0
   &NUMOFATOMS [&Type "Integer"] 8
   &NUMOFELECTRONS [&Type "Integer"] 42
   &NUMOFFCELECTRONS [&Type "Integer"] 1
   &NUMOFCORRELECTRONS [&Type "Integer"] 0
   &NUMOFBASISFUNCTS [&Type "Integer"] 142
   &NUMOFAUXCBASISFUNCTS [&Type "Integer"] 0
   &NUMOFAUXJBASISFUNCTS [&Type "Integer"] 173
   &NUMOFAUXJKBASISFUNCTS [&Type "Integer"] 0
   &NUMOFCABSBASISFUNCTS [&Type "Integer"] 0
   &TOTALENERGY [&Type "Double"]      -3.7702379488448753e+02  "Hartrees"
$End
$SCF_Dipole_Moment
   &GeometryIndex 1
   &ListStatus       OUT
   &METHOD [&Type "String"] "SCF"
   &LEVEL [&Type "String"] "Relaxed density"
   &MULT [&Type "Integer"] 1
   &STATE [&Type "Integer"] -1
   &IRREP [&Type "Integer"] 0
   &NATOMS [&Type "Integer"] 8
   &DODIPOLEATOM [&Type "Boolean"] false
   &DIPOLEELECCONTRIB [&Type "ArrayOfDoubles", &Dim (3,1)] "Electronic contribution"
                                                         0

0                                      4.5576224152983741e+01
1                                     -2.0614610126659549e+00
2                                     -1.1196507803359988e-04
   &DIPOLENUCCONTRIB [&Type "ArrayOfDoubles", &Dim (3,1)] "Nuclear contribution"
                                                         0

0                                     -4.6419976416511680e+01
1                                      2.2554400788968088e+00
2                                      1.1628212302983165e-04
   &DIPOLETOTAL [&Type "ArrayOfDoubles", &Dim (3,1)] "Total"
                                                         0

0                                     -8.4375226352793931e-01
1                                      1.9397906623085381e-01
2                                      4.3170449962317767e-06
   &DIPOLEMAGNITUDE [&Type "Double", &Units "a.u."]       8.6576310868675388e-01
$End
$THERMOCHEMISTRY_Energies
   &GeometryIndex 1
   &ListStatus       OUT
   &TEMPERATURE [&Type "Double"]       2.9814999999999998e+02
   &PRESSURE [&Type "Double"]       1.0000000000000000e+00
   &TOTALMASS [&Type "Double"]       1.5596199999999999e+02
   &SPINDEGENERACY [&Type "Integer"] 1
   &ELENERGY [&Type "Double"]      -3.7702379488448753e+02
   &TRANSENERGY [&Type "Double"]       1.4162714244859817e-03
   &ROTENERGY [&Type "Double"]       1.4162714244859817e-03
   &VIBENERGY [&Type "Double"]       1.4237520042736241e-03
   &NUMOFFREQS [&Type "Integer"] 24
   &FREQSCALINGFACTOR [&Type "Double"]       1.0000000000000000e+00
   &FREQ [&Type "ArrayOfDoubles", &Dim (24,1)] "In cm^-1"
                                                         0

0                                      0.0000000000000000e+00
1                                      0.0000000000000000e+00
2                                      0.0000000000000000e+00
3                                      0.0000000000000000e+00
4                                      0.0000000000000000e+00
5                                      0.0000000000000000e+00
6                                      2.5479587842591812e+02
7                                      2.7176210978946955e+02
8                                      4.8636729499494010e+02
9                                      7.5525689715096939e+02
10                                     9.6673927171629020e+02
11                                     9.9064952555865727e+02
12                                     1.0643243235825810e+03
13                                     1.2265678698511285e+03
14                                     1.2579379461721821e+03
15                                     1.4017425254429158e+03
16                                     1.4737825346744871e+03
17                                     1.4749974939005510e+03
18                                     1.4922286386836447e+03
19                                     3.0026804599726302e+03
20                                     3.0765195984111956e+03
21                                     3.0905331826982401e+03
22                                     3.1097526189823730e+03
23                                     3.1582362318194773e+03
   &ZPE [&Type "Double"]       6.5052790527751508e-02
   &INNERENERGYU [&Type "Double"]      -3.7695448579910652e+02
   &ENTHALPYH [&Type "Double"]      -3.7695354159006428e+02
   &QEL [&Type "Double"]       0.0000000000000000e+00
   &QROT [&Type "Double"]       1.1753326194540408e-02
   &QVIB [&Type "Double"]       2.2027464653567659e-03
   &QTRANS [&Type "Double"]       1.9500692909867921e-02
   &ENTROPYS [&Type "Double"]       3.3456765569765096e-02
   &FREEENERGYG [&Type "Double"]      -3.7698699835563406e+02
   &ISLINEAR [&Type "Boolean"] false
$End
$Hessian
   &GeometryIndex 1
   &ListStatus       OUT
   &HESSIAN [&Type "ArrayOfDoubles", &Dim (24,24)] "The Hessian"
                                                         0                           1                           2                           3                           4                           5                           6                           7

0                                      4.9161004041869949e-01        -4.6231732225294843e-02         1.9919970537310427e-07        -1.0922360156792388e-01        -7.1773658593311640e-02        -1.3889117971531359e-07        -3.0305228631204377e-02        -7.0413765607024274e-03
1                                     -4.6231732225294843e-02         5.2082695154024827e-01        -1.1538501669926260e-07        -6.4915023783260167e-02        -1.5355603469984472e-01         9.5709641469660310e-08         8.8128640833777354e-03         4.7522612759054728e-03
2                                      1.9919970537310427e-07        -1.1538501669926260e-07         5.7217506457867684e-01        -1.2622479472560072e-07         3.2245338390594448e-07        -8.2486345282943407e-02         1.7402810807140342e-07         8.4162216326117001e-08
3                                     -1.0922360156792388e-01        -6.4915023783260167e-02        -1.2622479472560072e-07         2.5654402215536354e-01         5.3692680282259958e-02         3.9386309724966789e-06        -5.3897026041088952e-02         1.7974470537541337e-02
4                                     -7.1773658593311640e-02        -1.5355603469984472e-01         3.2245338390594448e-07         5.3692680282259958e-02         4.7581912738404036e-01        -2.1649430107378853e-06         2.0179466315819392e-02        -2.7467502121541088e-02
5                                     -1.3889117971531359e-07         9.5709641469660310e-08        -8.2486345282943407e-02         3.9386309724966789e-06        -2.1649430107378853e-06         5.8074952461119533e-01         1.1775579799576229e-07        -2.9848150082377870e-08
6                                     -3.0305228631204377e-02         8.8128640833777354e-03         1.7402810807140342e-07        -5.3897026041088952e-02         2.0179466315819392e-02         1.1775579799576229e-07         1.1277259068550767e-01        -3.3625104166879249e-02
7                                     -7.0413765607024274e-03         4.7522612759054728e-03         8.4162216326117001e-08         1.7974470537541337e-02        -2.7467502121541088e-02        -2.9848150082377870e-08        -3.3625104166879249e-02         2.7975221103002074e-02
8                                      1.0995637771319036e-08        -1.8877204984815002e-08         3.5163642326997702e-04         2.3419171385040668e-07        -4.6678824813968249e-08        -2.0427983094584580e-02        -6.2864933244037753e-07         2.7348106806457731e-07
9                                     -2.5970644380793156e-01         9.0825760657447657e-02         1.0552003735583743e-06        -2.2373753676471018e-02         6.1311493995775696e-03         1.0265520215644752e-07        -1.6763138291192321e-03        -2.2036940590614718e-03
10                                     8.7974063441872336e-02        -8.3363573045678208e-02        -4.0604733176786117e-07        -2.1001413651578052e-02         7.6058782821723063e-03         1.0963465883128840e-07        -4.9420483095886881e-03        -1.6643658586994940e-04
11                                     1.0388617248263482e-06        -3.9333350091527430e-07        -4.5360688858690344e-02        -1.5648804300586940e-08        -5.3103758779065402e-09        -1.4993782912928839e-03         1.4449345924194360e-08        -6.6251925714930383e-09
12                                    -4.8569113311831100e-02         1.9537618533245746e-02         2.6971040109805521e-02        -3.8309425034575243e-04        -1.4407690881817046e-02        -2.0588556998198108e-02         1.7037095138702140e-03        -3.2922166093433286e-04
13                                     1.6775295717396332e-02        -1.3085856500303844e-01        -1.2083724285995621e-01         3.4500169433069831e-03        -1.6042086313552733e-02        -2.1686776856099862e-02        -6.7669136109434723e-05         8.0694738484387890e-04
14                                     2.4849438497148664e-02        -1.2215555263112876e-01        -2.2452518314852865e-01        -6.8033401790313849e-04         6.1220030047263833e-04         1.0892833994852211e-03        -3.7757986862342954e-05         4.1959718753774701e-04
15                                    -4.8569608696881081e-02         1.9538600976023078e-02        -2.6972157220819703e-02        -3.8281229435948964e-04        -1.4407791332591492e-02         2.0588437171622131e-02         1.7036502889442755e-03        -3.2922244731857140e-04
16                                     1.6776266802799762e-02        -1.3085995785512239e-01         1.2083759424533377e-01         3.4502809979000838e-03        -1.6042240850448856e-02         2.1686569016864689e-02        -6.7672912526957167e-05         8.0693703602355412e-04
17                                    -2.4850549393430635e-02         1.2215594988582892e-01        -2.2452329908694041e-01         6.8028899613659273e-04        -6.1225830025488093e-04         1.0892529140668365e-03         3.7754365027342640e-05        -4.1959536298219902e-04
18                                     2.3818378247099196e-03        -1.3698775296699862e-02        -1.8975986768438834e-02        -3.5141399219561983e-02         1.0369253940311966e-02         2.1363610716373240e-02        -1.5150968816683479e-02         1.2740483445517727e-02
19                                     1.6752583081083919e-03        -1.3470464055126464e-02        -2.0682451427404196e-02         3.5951261433652178e-03        -1.3515633131352117e-01        -1.2937005266770829e-01         4.8919779054330155e-03        -3.3537613342641461e-03
20                                    -7.9424793841178370e-06         1.9314976804974196e-03         2.1844574489263335e-03         1.4560983453077846e-02        -1.2663649781622727e-01        -2.3925947299399469e-01        -2.4141712266680573e-03         2.7169937829755243e-03
21                                     2.3821177723626608e-03        -1.3698986294021777e-02         1.8975802208725946e-02        -3.5142335105612481e-02         1.0372400609118249e-02        -2.1367514262581766e-02        -1.5150413170226100e-02         1.2740189882717246e-02
22                                     1.6755564583145113e-03        -1.3470618157343564e-02         2.0682210218976066e-02         3.5980527910976917e-03        -1.3516081036730410e-01         1.2937224757910018e-01         4.8916612495939274e-03        -3.3536667580997964e-03
23                                     7.9426771126250156e-06        -1.9314584093176462e-03         2.1843579262296555e-03        -1.4564966158407050e-02         1.2663845266954085e-01        -2.3925488126193184e-01         2.4144885179752801e-03        -2.7173139831771793e-03
                                                         8                           9                          10                          11                          12                          13                          14                          15

0                                      1.0995637771319036e-08        -2.5970644380793156e-01         8.7974063441872336e-02         1.0388617248263482e-06        -4.8569113311831100e-02         1.6775295717396332e-02         2.4849438497148664e-02        -4.8569608696881081e-02
1                                     -1.8877204984815002e-08         9.0825760657447657e-02        -8.3363573045678208e-02        -3.9333350091527430e-07         1.9537618533245746e-02        -1.3085856500303844e-01        -1.2215555263112876e-01         1.9538600976023078e-02
2                                      3.5163642326997702e-04         1.0552003735583743e-06        -4.0604733176786117e-07        -4.5360688858690344e-02         2.6971040109805521e-02        -1.2083724285995621e-01        -2.2452518314852865e-01        -2.6972157220819703e-02
3                                      2.3419171385040668e-07        -2.2373753676471018e-02        -2.1001413651578052e-02        -1.5648804300586940e-08        -3.8309425034575243e-04         3.4500169433069831e-03        -6.8033401790313849e-04        -3.8281229435948964e-04
4                                     -4.6678824813968249e-08         6.1311493995775696e-03         7.6058782821723063e-03        -5.3103758779065402e-09        -1.4407690881817046e-02        -1.6042086313552733e-02         6.1220030047263833e-04        -1.4407791332591492e-02
5                                     -2.0427983094584580e-02         1.0265520215644752e-07         1.0963465883128840e-07        -1.4993782912928839e-03        -2.0588556998198108e-02        -2.1686776856099862e-02         1.0892833994852211e-03         2.0588437171622131e-02
6                                     -6.2864933244037753e-07        -1.6763138291192321e-03        -4.9420483095886881e-03         1.4449345924194360e-08         1.7037095138702140e-03        -6.7669136109434723e-05        -3.7757986862342954e-05         1.7036502889442755e-03
7                                      2.7348106806457731e-07        -2.2036940590614718e-03        -1.6643658586994940e-04        -6.6251925714930383e-09        -3.2922166093433286e-04         8.0694738484387890e-04         4.1959718753774701e-04        -3.2922244731857140e-04
8                                      1.2898283567965348e-02         3.8650895553086398e-09        -1.6850950268783758e-09         9.6982092342271626e-04        -3.8514217222828328e-04         5.0109361832268557e-04         1.4916565946460102e-04         3.8513550797104272e-04
9                                      3.8650895553086398e-09         2.8714207469336217e-01        -9.5662096739576666e-02        -1.1681970250804002e-06        -2.4484763142146294e-03         6.6177628972903871e-04        -4.1178204760098855e-04        -2.4486534657159088e-03
10                                    -1.6850950268783758e-09        -9.5662096739576666e-02         8.8207938228211435e-02         4.4915844696965124e-07         1.6082606520802071e-02        -6.9621479309499440e-03         1.9259227571102877e-03         1.6082708187000028e-02
11                                     9.6982092342271626e-04        -1.1681970250804002e-06         4.4915844696965124e-07         4.3955092825209117e-02         2.4324849829100850e-02        -8.8613628717720914e-03         9.0143982424833666e-04        -2.4324726957728506e-02
12                                    -3.8514217222828328e-04        -2.4484763142146294e-03         1.6082606520802071e-02         2.4324849829100850e-02         5.2526568853865856e-02        -1.5222105813706664e-02        -2.7310210133938195e-02        -8.1148673724187707e-04
13                                     5.0109361832268557e-04         6.6177628972903871e-04        -6.9621479309499440e-03        -8.8613628717720914e-03        -1.5222105813706664e-02         1.4398414093482384e-01         1.3430444695857402e-01        -2.3685148938929522e-03
14                                     1.4916565946460102e-04        -4.1178204760098855e-04         1.9259227571102877e-03         9.0143982424833666e-04        -2.7310210133938195e-02         1.3430444695857402e-01         2.3934574811890719e-01         3.5570601655399992e-03
15                                     3.8513550797104272e-04        -2.4486534657159088e-03         1.6082708187000028e-02        -2.4324726957728506e-02        -8.1148673724187707e-04        -2.3685148938929522e-03         3.5570601655399992e-03         5.2526988739949793e-02
16                                    -5.0107980931461400e-04         6.6184283051746312e-04        -6.9621797452842950e-03         8.8613162242414337e-03        -2.3686224662326045e-03         1.1369472335586689e-02        -1.5507786203977615e-02        -1.5223247195314739e-02
17                                     1.4915310389726025e-04         4.1180876177687037e-04        -1.9260754895882824e-03         9.0164349841208693e-04        -3.5572243918449041e-03         1.5507984429275992e-02        -1.9412836513594905e-02         2.7311477936013656e-02
18                                     1.1845350748526518e-02         7.5576867092624520e-04         7.3365980618286981e-04         1.5765204140209680e-04        -2.2837824108024028e-03        -3.8112050558064526e-03         4.9825303156307999e-04         2.6568572409766794e-04
19                                    -3.1490974228649332e-03        -2.0793008881904093e-04         8.2025758608015318e-04        -3.8480487609431318e-05        -4.3385776077551228e-03        -2.8967821391052001e-03         5.2431830384710911e-04         1.0519068721598448e-03
20                                     2.9548868329592427e-03        -4.6561832653222064e-04        -3.5433125765448525e-04         6.6022824657267765e-05         1.6362010207752065e-04         9.9258349602627778e-04         1.5837679635435364e-03        -3.8291067357729375e-04
21                                    -1.1844955740769787e-02         7.5579772916399091e-04         7.3365600684149402e-04        -1.5764777306728815e-04         2.6567465669969552e-04         5.7650800794270594e-04        -4.6598102183957667e-04        -2.2837635587933743e-03
22                                     3.1488745796179928e-03        -2.0794355176993046e-04         8.2026321131850968e-04         3.8485063061945146e-05         1.0518913175384052e-03         5.9902073139187027e-04        -1.4132316532148616e-04        -4.3385437059593156e-03
23                                     2.9550365836054325e-03         4.6560148376762790e-04         3.5433111215401204e-04         6.6047254033705651e-05         3.8293716911810285e-04         9.7450578515245051e-05         8.6861469647467500e-04        -1.6362806282084518e-04
                                                        16                          17                          18                          19                          20                          21                          22                          23

0                                      1.6776266802799762e-02        -2.4850549393430635e-02         2.3818378247099196e-03         1.6752583081083919e-03        -7.9424793841178370e-06         2.3821177723626608e-03         1.6755564583145113e-03         7.9426771126250156e-06
1                                     -1.3085995785512239e-01         1.2215594988582892e-01        -1.3698775296699862e-02        -1.3470464055126464e-02         1.9314976804974196e-03        -1.3698986294021777e-02        -1.3470618157343564e-02        -1.9314584093176462e-03
2                                      1.2083759424533377e-01        -2.2452329908694041e-01        -1.8975986768438834e-02        -2.0682451427404196e-02         2.1844574489263335e-03         1.8975802208725946e-02         2.0682210218976066e-02         2.1843579262296555e-03
3                                      3.4502809979000838e-03         6.8028899613659273e-04        -3.5141399219561983e-02         3.5951261433652178e-03         1.4560983453077846e-02        -3.5142335105612481e-02         3.5980527910976917e-03        -1.4564966158407050e-02
4                                     -1.6042240850448856e-02        -6.1225830025488093e-04         1.0369253940311966e-02        -1.3515633131352117e-01        -1.2663649781622727e-01         1.0372400609118249e-02        -1.3516081036730410e-01         1.2663845266954085e-01
5                                      2.1686569016864689e-02         1.0892529140668365e-03         2.1363610716373240e-02        -1.2937005266770829e-01        -2.3925947299399469e-01        -2.1367514262581766e-02         1.2937224757910018e-01        -2.3925488126193184e-01
6                                     -6.7672912526957167e-05         3.7754365027342640e-05        -1.5150968816683479e-02         4.8919779054330155e-03        -2.4141712266680573e-03        -1.5150413170226100e-02         4.8916612495939274e-03         2.4144885179752801e-03
7                                      8.0693703602355412e-04        -4.1959536298219902e-04         1.2740483445517727e-02        -3.3537613342641461e-03         2.7169937829755243e-03         1.2740189882717246e-02        -3.3536667580997964e-03        -2.7173139831771793e-03
8                                     -5.0107980931461400e-04         1.4915310389726025e-04         1.1845350748526518e-02        -3.1490974228649332e-03         2.9548868329592427e-03        -1.1844955740769787e-02         3.1488745796179928e-03         2.9550365836054325e-03
9                                      6.6184283051746312e-04         4.1180876177687037e-04         7.5576867092624520e-04        -2.0793008881904093e-04        -4.6561832653222064e-04         7.5579772916399091e-04        -2.0794355176993046e-04         4.6560148376762790e-04
10                                    -6.9621797452842950e-03        -1.9260754895882824e-03         7.3365980618286981e-04         8.2025758608015318e-04        -3.5433125765448525e-04         7.3365600684149402e-04         8.2026321131850968e-04         3.5433111215401204e-04
11                                     8.8613162242414337e-03         9.0164349841208693e-04         1.5765204140209680e-04        -3.8480487609431318e-05         6.6022824657267765e-05        -1.5764777306728815e-04         3.8485063061945146e-05         6.6047254033705651e-05
12                                    -2.3686224662326045e-03        -3.5572243918449041e-03        -2.2837824108024028e-03        -4.3385776077551228e-03         1.6362010207752065e-04         2.6567465669969552e-04         1.0518913175384052e-03         3.8293716911810285e-04
13                                     1.1369472335586689e-02         1.5507984429275992e-02        -3.8112050558064526e-03        -2.8967821391052001e-03         9.9258349602627778e-04         5.7650800794270594e-04         5.9902073139187027e-04         9.7450578515245051e-05
14                                    -1.5507786203977615e-02        -1.9412836513594905e-02         4.9825303156307999e-04         5.2431830384710911e-04         1.5837679635435364e-03        -4.6598102183957667e-04        -1.4132316532148616e-04         8.6861469647467500e-04
15                                    -1.5223247195314739e-02         2.7311477936013656e-02         2.6568572409766794e-04         1.0519068721598448e-03        -3.8291067357729375e-04        -2.2837635587933743e-03        -4.3385437059593156e-03        -1.6362806282084518e-04
16                                     1.4398568163128564e-01        -1.3430479568970966e-01         5.7652031032917747e-04         5.9903126878693702e-04        -9.7450284014275433e-05        -3.8112648275780651e-03        -2.8967438208272705e-03        -9.9254171615941736e-04
17                                    -1.3430479568970966e-01         2.3934369893143928e-01         4.6598589101476179e-04         1.4129735311482500e-04         8.6863792260949250e-04        -4.9823003089415627e-04        -5.2433260894907505e-04         1.5837492301103459e-03
18                                     5.7652031032917747e-04         4.6598589101476179e-04         4.7482551625747389e-02        -4.4353265026171092e-03        -1.3404235545058388e-02         1.6903066015666489e-03        -2.3536110451594216e-03        -1.7770507837870319e-03
19                                     5.9903126878693702e-04         1.4129735311482500e-04        -4.4353265026171092e-03         1.4213073737755047e-01         1.3701057452747395e-01        -2.3534346319340916e-03         1.1327312609599460e-02         1.5518088846538255e-02
20                                    -9.7450284014275433e-05         8.6863792260949250e-04        -1.3404235545058388e-02         1.3701057452747395e-01         2.5008506531620645e-01         1.7766953644692677e-03        -1.5517567154464444e-02        -1.8483365314907619e-02
21                                    -3.8112648275780651e-03        -4.9823003089415627e-04         1.6903066015666489e-03        -2.3534346319340916e-03         1.7766953644692677e-03         4.7482615074838960e-02        -4.4380661333708136e-03         1.3408253206499325e-02
22                                    -2.8967438208272705e-03        -5.2433260894907505e-04        -2.3536110451594216e-03         1.1327312609599460e-02        -1.5517567154464444e-02        -4.4380661333708136e-03         1.4213524255126489e-01        -1.3701280180505765e-01
23                                    -9.9254171615941736e-04         1.5837492301103459e-03        -1.7770507837870319e-03         1.5518088846538255e-02        -1.8483365314907619e-02         1.3408253206499325e-02        -1.3701280180505765e-01         2.5008044088638565e-01
                              

0                             
1                             
2                             
3                             
4                             
5                             
6                             
7                             
8                             
9                             
10                            
11                            
12                            
13                            
14                            
15                            
16                            
17                            
18                            
19                            
20                            
21                            
22                            
23                            
   &MODES [&Type "ArrayOfDoubles", &Dim (24,24)] "The modes of vibrations"
                                                         0                           1                           2                           3                           4                           5                           6                           7

0                                      1.0000000000000000e+00         2.0000000000000000e+00         3.0000000000000000e+00         4.0000000000000000e+00         5.0000000000000000e+00         6.0000000000000000e+00         7.0000000000000000e+00         0.0000000000000000e+00
1                                      0.0000000000000000e+00         0.0000000000000000e+00         0.0000000000000000e+00         0.0000000000000000e+00         0.0000000000000000e+00        -1.9772683950584730e-01         4.9376899787139743e-06         1.0000000000000000e+00
2                                      0.0000000000000000e+00         0.0000000000000000e+00         0.0000000000000000e+00         0.0000000000000000e+00         0.0000000000000000e+00         1.9686485956952215e-02        -4.6239136805834134e-07         2.0000000000000000e+00
3                                      0.0000000000000000e+00         0.0000000000000000e+00         0.0000000000000000e+00         0.0000000000000000e+00         0.0000000000000000e+00         7.3948789891661460e-07         9.9193079522665664e-03         3.0000000000000000e+00
4                                      0.0000000000000000e+00         0.0000000000000000e+00         0.0000000000000000e+00         0.0000000000000000e+00         0.0000000000000000e+00        -6.6314012564893679e-02         1.4460558494375860e-06         4.0000000000000000e+00
5                                      0.0000000000000000e+00         0.0000000000000000e+00         0.0000000000000000e+00         0.0000000000000000e+00         0.0000000000000000e+00        -8.7288560532621143e-02         2.0975086211405059e-06         5.0000000000000000e+00
6                                      0.0000000000000000e+00         0.0000000000000000e+00         0.0000000000000000e+00         0.0000000000000000e+00         0.0000000000000000e+00        -1.7767259903970669e-06        -6.9479192860623359e-02         6.0000000000000000e+00
