*************************************************
******************* ORCA 6.0.0 ******************
*************************************************
$Calculation_Status
   &GeometryIndex 1
   &ListStatus       OUT
   &VERSION [&Type "String"] "6.0.0"
   &PROGNAME [&Type "String"] "LeanSCF"
   &STATUS [&Type "String"] "NORMAL TERMINATION"
$End
$Geometry
   &GeometryIndex 1
   &ListStatus       OUT
   &NATOMS [&Type "Integer"] 11
   &NCORELESSECP [&Type "Integer"] 0
   &NGHOSTATOMS [&Type "Integer"] 0
   &CartesianCoordinates [&Type "Coordinates", &Dim(11,4), &Units "Bohr"] 
              C      1.848122715530    3.974181004235   -0.724969503567
              C      0.658166374774    1.618309259106    0.383824509473
              H      0.213752831237    1.869161094972    2.382930507818
              C     -1.660336408710    0.876709326145   -1.096848223423
              Cl    -3.364662410764   -1.766994109788    0.324132439020
              Cl     2.988489649583   -0.988182433782    0.312794533483
              H      0.500467536481    5.536951119291   -0.568380694562
              H      3.556072942456    4.484391050634    0.313937484446
              H      2.322484003323    3.705412820970   -2.718058913045
              H     -2.974671891590    2.469748232541   -1.112077694711
              H     -1.200095701287    0.329771723466   -3.031355783355
$End
$SCF_Energy
   &GeometryIndex 1
   &ListStatus       OUT
   &SCF_ENERGY [&Type "Double"]      -1.0382747769932751e+03
$End
$DFT_Energy
   &GeometryIndex 1
   &ListStatus       OUT
   &NALPHAEL [&Type "Integer"] 29
   &NBETAEL [&Type "Integer"] 29
   &NTOTALEL [&Type "Integer"] 58
   &EEXCHANGE [&Type "Double"]      -7.2840549354263715e+01
   &ECORR [&Type "Double"]      -2.0650227364905214e+00
   &ECNL [&Type "Double"]       0.0000000000000000e+00
   &EXC [&Type "Double"]      -7.4905572090754234e+01
   &EEMBED [&Type "Double"]       0.0000000000000000e+00
   &FINALEN [&Type "Double"]      -1.0382747769932751e+03  "No Van der Waals correction"
$End
$Mulliken_Population_Analysis
   &GeometryIndex 1
   &ListStatus       OUT
   &NATOMS [&Type "Integer"] 11
   &ATNO [&Type "ArrayOfIntegers", &Dim (11,1)] 
                                                         0

0                                                        6
1                                                        6
2                                                        1
3                                                        6
4                                                       17
5                                                       17
6                                                        1
7                                                        1
8                                                        1
9                                                        1
10                                                       1
   &ATOMICCHARGES [&Type "ArrayOfDoubles", &Dim (11,1)] 
                                                         0

0                                     -3.2614116264639836e-01
1                                      3.9529207956583434e-02
2                                      1.1306241035366127e-01
3                                     -8.8374956825871820e-02
4                                     -1.6696618291479481e-01
5                                     -1.8759679788144368e-01
6                                      1.1027805024158210e-01
7                                      1.3351172886531715e-01
8                                      1.1806469305256417e-01
9                                      1.2259915991541614e-01
10                                     1.3203384988357070e-01
$End
$Loewdin_Population_Analysis
   &GeometryIndex 1
   &ListStatus       OUT
   &NATOMS [&Type "Integer"] 11
   &ATNO [&Type "ArrayOfIntegers", &Dim (11,1)] 
                                                         0

0                                                        6
1                                                        6
2                                                        1
3                                                        6
4                                                       17
5                                                       17
6                                                        1
7                                                        1
8                                                        1
9                                                        1
10                                                       1
   &ATOMICCHARGES [&Type "ArrayOfDoubles", &Dim (11,1)] 
                                                         0

0                                     -3.0216057310847599e-01
1                                     -5.0169054843026828e-01
2                                      1.4259230337521123e-01
3                                     -4.7162867230243322e-01
4                                      2.3974226664152098e-01
5                                      2.4439811256071664e-01
6                                      1.2873045408284844e-01
7                                      1.2981775485806957e-01
8                                      1.2717542863170783e-01
9                                      1.3290105873844349e-01
10                                     1.3012241495285937e-01
$End
$Mayer_Population_Analysis
   &GeometryIndex 1
   &ListStatus       OUT
   &NATOMS [&Type "Integer"] 11 "Total number of atoms"
   &BONDTHRESH [&Type "Double"]       1.0000000000000001e-01  "The threshold for printing"
   &NBONDORDERSPRINT [&Type "Integer"] 10 "The number of bond orders larger than threshold"
   &BONDORDERS [&Type "ArrayOfDoubles", &Dim (10,1)] "The bond orders"
                                                         0

0                                      9.7429013662110575e-01
1                                      9.5460509976680119e-01
2                                      9.6561922837623682e-01
3                                      9.6613775871279817e-01
4                                      9.5643819656939455e-01
5                                      9.8830119479743184e-01
6                                      1.0009491094187069e+00
7                                      1.0432580011764678e+00
8                                      9.4857821109904861e-01
9                                      9.5427186920486295e-01
   &COMPONENTS [&Type "ArrayOfIntegers", &Dim (10,4)] "The indices and atomic numbers of the bonding atoms"
                                                         0                           1                           2                           3

0                                                        0                           6                           1                           6
1                                                        0                           6                           6                           1
2                                                        0                           6                           7                           1
3                                                        0                           6                           8                           1
4                                                        1                           6                           2                           1
5                                                        1                           6                           3                           6
6                                                        1                           6                           5                          17
7                                                        3                           6                           4                          17
8                                                        3                           6                           9                           1
9                                                        3                           6                          10                           1
   &ATNO [&Type "ArrayOfIntegers", &Dim (11,1)] "Atomic number of the elements"
                                                         0

0                                                        6
1                                                        6
2                                                        1
3                                                        6
4                                                       17
5                                                       17
6                                                        1
7                                                        1
8                                                        1
9                                                        1
10                                                       1
   &NA [&Type "ArrayOfDoubles", &Dim (11,1)] "Mulliken gross atomic population"
                                                         0

0                                      6.3261411626463824e+00
1                                      5.9604707920434405e+00
2                                      8.8693758964633906e-01
3                                      6.0883749568258709e+00
4                                      1.7166966182914798e+01
5                                      1.7187596797881454e+01
6                                      8.8972194975841934e-01
7                                      8.6648827113468418e-01
8                                      8.8193530694743627e-01
9                                      8.7740084008458452e-01
10                                     8.6796615011642997e-01
   &ZA [&Type "ArrayOfDoubles", &Dim (11,1)] "Total nuclear charge"
                                                         0

0                                      6.0000000000000000e+00
1                                      6.0000000000000000e+00
2                                      1.0000000000000000e+00
3                                      6.0000000000000000e+00
4                                      1.7000000000000000e+01
5                                      1.7000000000000000e+01
6                                      1.0000000000000000e+00
7                                      1.0000000000000000e+00
8                                      1.0000000000000000e+00
9                                      1.0000000000000000e+00
10                                     1.0000000000000000e+00
   &QA [&Type "ArrayOfDoubles", &Dim (11,1)] "Mulliken gross atomic charge"
                                                         0

0                                     -3.2614116264638238e-01
1                                      3.9529207956559453e-02
2                                      1.1306241035366094e-01
3                                     -8.8374956825870932e-02
4                                     -1.6696618291479837e-01
5                                     -1.8759679788145434e-01
6                                      1.1027805024158066e-01
7                                      1.3351172886531582e-01
8                                      1.1806469305256373e-01
9                                      1.2259915991541548e-01
10                                     1.3203384988357003e-01
   &VA [&Type "ArrayOfDoubles", &Dim (11,1)] "Mayer's total valence"
                                                         0

0                                      3.9040969801444323e+00
1                                      3.9437393001501260e+00
2                                      9.8199008872543581e-01
3                                      3.9648330233248115e+00
4                                      1.1148123510293291e+00
5                                      1.1100915806301634e+00
6                                      9.8050799021384571e-01
7                                      9.8714493924362767e-01
8                                      9.9123005549969923e-01
9                                      9.7537259922018349e-01
10                                     9.8671577811210809e-01
   &BVA [&Type "ArrayOfDoubles", &Dim (11,1)] "Mayer's bonded valence"
                                                         0

0                                      3.9040969801444043e+00
1                                      3.9437393001499541e+00
2                                      9.8199008872544102e-01
3                                      3.9648330233247076e+00
4                                      1.1148123510293038e+00
5                                      1.1100915806300733e+00
6                                      9.8050799021384638e-01
7                                      9.8714493924362068e-01
8                                      9.9123005549968790e-01
9                                      9.7537259922018704e-01
10                                     9.8671577811208477e-01
   &FA [&Type "ArrayOfDoubles", &Dim (11,1)] "Mayer's free valence"
                                                         0

0                                      0.0000000000000000e+00
1                                      0.0000000000000000e+00
2                                      0.0000000000000000e+00
3                                      0.0000000000000000e+00
4                                      0.0000000000000000e+00
5                                      0.0000000000000000e+00
6                                      0.0000000000000000e+00
7                                      0.0000000000000000e+00
8                                      0.0000000000000000e+00
9                                      0.0000000000000000e+00
10                                     0.0000000000000000e+00
$End
$VdW_Correction
   &GeometryIndex 1
   &ListStatus       OUT
   &VDW [&Type "Double"]      -2.9388506286031242e-03
$End
$Calculation_Info
   &GeometryIndex 1
   &ListStatus       OUT
   &MULT [&Type "Integer"] 1
   &CHARGE [&Type "Integer"] 0
   &NUMOFATOMS [&Type "Integer"] 11
   &NUMOFELECTRONS [&Type "Integer"] 58
   &NUMOFFCELECTRONS [&Type "Integer"] 1
   &NUMOFCORRELECTRONS [&Type "Integer"] 0
   &NUMOFBASISFUNCTS [&Type "Integer"] 203
   &NUMOFAUXCBASISFUNCTS [&Type "Integer"] 0
   &NUMOFAUXJBASISFUNCTS [&Type "Integer"] 240
   &NUMOFAUXJKBASISFUNCTS [&Type "Integer"] 0
   &NUMOFCABSBASISFUNCTS [&Type "Integer"] 0
   &TOTALENERGY [&Type "Double"]      -1.0382687808648036e+03  "Hartrees"
$End
$SCF_Dipole_Moment
   &GeometryIndex 1
   &ListStatus       OUT
   &METHOD [&Type "String"] "SCF"
   &LEVEL [&Type "String"] "Relaxed density"
   &MULT [&Type "Integer"] 1
   &STATE [&Type "Integer"] -1
   &IRREP [&Type "Integer"] 0
   &NATOMS [&Type "Integer"] 11
   &DODIPOLEATOM [&Type "Boolean"] false
   &DIPOLEELECCONTRIB [&Type "ArrayOfDoubles", &Dim (3,1)] "Electronic contribution"
                                                         0

0                                     -1.5546231205712420e+00
1                                     -9.8522251470756341e+00
2                                      2.5083768902529173e+00
   &DIPOLENUCCONTRIB [&Type "ArrayOfDoubles", &Dim (3,1)] "Nuclear contribution"
                                                         0

0                                      1.4778144555109376e+00
1                                      1.1109326431936934e+01
2                                     -2.8095672580755124e+00
   &DIPOLETOTAL [&Type "ArrayOfDoubles", &Dim (3,1)] "Total"
                                                         0

0                                     -7.6808665060304371e-02
1                                      1.2571012848612995e+00
2                                     -3.0119036782259512e-01
   &DIPOLEMAGNITUDE [&Type "Double", &Units "a.u."]       1.2949590144469385e+00
$End
$THERMOCHEMISTRY_Energies
   &GeometryIndex 1
   &ListStatus       OUT
   &TEMPERATURE [&Type "Double"]       2.9814999999999998e+02
   &PRESSURE [&Type "Double"]       1.0000000000000000e+00
   &TOTALMASS [&Type "Double"]       1.1298699999999998e+02
   &SPINDEGENERACY [&Type "Integer"] 1
   &ELENERGY [&Type "Double"]      -1.0382687808648036e+03
   &TRANSENERGY [&Type "Double"]       1.4162714244859817e-03
   &ROTENERGY [&Type "Double"]       1.4162714244859817e-03
   &VIBENERGY [&Type "Double"]       3.3175676729314484e-03
   &NUMOFFREQS [&Type "Integer"] 33
   &FREQSCALINGFACTOR [&Type "Double"]       1.0000000000000000e+00
   &FREQ [&Type "ArrayOfDoubles", &Dim (33,1)] "In cm^-1"
                                                         0

0                                      0.0000000000000000e+00
1                                      0.0000000000000000e+00
2                                      0.0000000000000000e+00
3                                      0.0000000000000000e+00
4                                      0.0000000000000000e+00
5                                      0.0000000000000000e+00
6                                      1.2399399256024721e+02
7                                      1.9483617614220537e+02
8                                      2.5832062846888311e+02
9                                      3.1211290878770910e+02
10                                     3.8139643534598400e+02
11                                     4.0839063120356155e+02
12                                     5.7428573003148267e+02
13                                     7.0611060958722578e+02
14                                     8.9073986287497155e+02
15                                     9.1979049411015785e+02
16                                     1.0120021406252671e+03
17                                     1.0900215610298794e+03
18                                     1.1292628694473831e+03
19                                     1.1836808025251642e+03
20                                     1.2738284317062246e+03
21                                     1.2851700288325026e+03
22                                     1.3488629898137754e+03
23                                     1.4019178490176973e+03
24                                     1.4543845172065567e+03
25                                     1.4781745320155214e+03
26                                     1.4884191218900223e+03
27                                     3.0171799493145850e+03
28                                     3.0581042799494976e+03
29                                     3.0880397579703340e+03
30                                     3.1002114115231529e+03
31                                     3.1220676088908785e+03
32                                     3.1341012073314432e+03
   &ZPE [&Type "Double"]       8.5284131351125711e-02
   &INNERENERGYU [&Type "Double"]      -1.0381773466229308e+03
   &ENTHALPYH [&Type "Double"]      -1.0381764024138886e+03
   &QEL [&Type "Double"]       0.0000000000000000e+00
   &QROT [&Type "Double"]       1.3170225473531827e-02
   &QVIB [&Type "Double"]       5.4963316302054140e-03
   &QTRANS [&Type "Double"]       1.9044172517101096e-02
   &ENTROPYS [&Type "Double"]       3.7710729620838337e-02
   &FREEENERGYG [&Type "Double"]      -1.0382141131435094e+03
   &ISLINEAR [&Type "Boolean"] false
$End
$Hessian
   &GeometryIndex 1
   &ListStatus       OUT
   &HESSIAN [&Type "ArrayOfDoubles", &Dim (33,33)] "The Hessian"
                                                         0                           1                           2                           3                           4                           5                           6                           7

0                                      5.6071974129283553e-01        -2.4212047642312304e-02         1.7319899363707696e-02        -9.3882403006741888e-02        -4.8968331912015023e-02         2.1709424175402711e-02        -2.2200991273814185e-03        -7.2912268938189985e-03
1                                     -2.4212047642312304e-02         4.8069098493792706e-01         3.7753919983028378e-02        -4.7596259889134525e-02        -1.4049422115592083e-01         3.8953554264299528e-02         1.5451178556757754e-04         2.7654801054565665e-03
2                                      1.7319899363707696e-02         3.7753919983028378e-02         5.5816617515843536e-01         1.9739579601205589e-02         3.6417160830521857e-02        -1.0196847525135455e-01         1.3922329867058209e-02         2.7992817850341932e-02
3                                     -9.3882403006741888e-02        -4.7596259889134525e-02         1.9739579601205589e-02         3.8021460820110931e-01         7.3675290052889170e-02        -2.1366642140256090e-02        -5.5426067643038021e-02         1.8116478316504581e-03
4                                     -4.8968331912015023e-02        -1.4049422115592083e-01         3.6417160830521857e-02         7.3675290052889170e-02         3.4960013804181450e-01         1.0793524317158496e-02         1.3225841222018709e-03        -4.4087170950170743e-02
5                                      2.1709424175402711e-02         3.8953554264299528e-02        -1.0196847525135455e-01        -2.1366642140256090e-02         1.0793524317158496e-02         5.8602572934509478e-01         5.7721095091863663e-02        -3.3421789110471181e-02
6                                     -2.2200991273814185e-03         1.5451178556757754e-04         1.3922329867058209e-02        -5.5426067643038021e-02         1.3225841222018709e-03         5.7721095091863663e-02         6.6736112771196010e-02        -6.2384491085194322e-03
7                                     -7.2912268938189985e-03         2.7654801054565665e-03         2.7992817850341932e-02         1.8116478316504581e-03        -4.4087170950170743e-02        -3.3421789110471181e-02        -6.2384491085194322e-03         5.7548969657662506e-02
8                                      2.0180727523266741e-03        -4.2079078670836934e-04        -9.9745025629804970e-03         5.3065870580110218e-02        -3.1545960686683361e-02        -3.0389653320777155e-01        -5.5796985884248543e-02         3.1013818255126391e-02
9                                     -1.3772983586985027e-02        -1.5730217321409209e-02        -3.1239243053099355e-03        -1.4348088695055333e-01        -2.4268165394373896e-02        -5.6524914986831987e-02         5.1248024825479317e-03        -4.0964654840758502e-04
10                                    -2.3525308122928055e-02        -1.2577691408541017e-02        -1.0171191535775023e-02        -2.5290667204229400e-02        -6.5235281980269330e-02        -2.3655941685582080e-02        -5.9101439683985658e-03        -9.6487771718714588e-04
11                                     9.0745264463715277e-03         1.3166997563136239e-03         6.6444626484218998e-03        -5.4960308450468044e-02        -2.4049028372040707e-02        -1.2099361435437946e-01        -2.8735464913840204e-02        -9.6633810656581495e-03
12                                    -5.2433502024537039e-03         7.5938520407368461e-04        -4.7278025843209993e-03        -1.4307216511548386e-02        -2.4891520503762411e-02         1.4653189266877111e-02         1.0549318828987828e-03         7.6398791913719392e-04
13                                    -4.6282383117221063e-03         1.6230740609398412e-03        -4.1890529345926259e-03        -1.0009467491060655e-02        -2.0460540032740452e-02         9.6808232622399796e-03         7.9635810636297620e-04         5.1390277179044590e-04
14                                    -6.7889068523791733e-04        -6.1964895458145900e-04         1.0608240854821616e-03        -1.2432949923050357e-03        -3.1651251669891339e-03         3.9322472975356322e-03         2.0380643687753519e-04        -3.1445480664618711e-04
15                                    -1.0839349047315101e-03         4.5886840586595503e-03        -1.0001786654852502e-03        -5.0046995454396989e-02         1.7623281943963724e-02         5.9318356567587688e-03        -1.2159703062045878e-02         1.5159753467340730e-02
16                                     2.4861709103799277e-02        -3.1663238460294556e-02        -9.2001908894165298e-04         1.9396377784480577e-02        -5.2962719969383357e-02        -6.6353853991532354e-03         1.3152486404546124e-02        -1.3657472593439432e-02
17                                    -6.4898413628913069e-03         7.3508544517351029e-03         1.6839088432009826e-03         4.8958605705821008e-03        -5.5429453801789010e-03        -3.7872176117528779e-02         1.3938099180890151e-02        -1.6034940835727651e-02
18                                    -1.5737789475174363e-01         1.2644486879359912e-01         1.4722705050938522e-02         6.5273320921957999e-03        -8.2274692607377277e-03        -1.9924448899969558e-03         6.1758585945418786e-04         5.7444874158811164e-04
19                                     1.2608598697149231e-01        -1.9055924855765832e-01        -1.5199864096634555e-02         1.7809504207792117e-02        -2.0955856599903476e-02        -3.1148883256095572e-03        -9.7766667315402154e-05         9.3131195572776124e-04
20                                     1.4558069835336619e-02        -1.5150138924491446e-02        -4.8002247711745917e-02        -8.6160875417248938e-03         8.3846292919613034e-03        -6.9169770672868058e-04        -1.9191798989352790e-04        -5.1071166454246734e-04
21                                    -2.2910564264242467e-01        -5.4200077658446782e-02        -1.1326817141135247e-01        -1.2385276794363898e-02        -1.6546045029055476e-03        -6.8031423274476626e-03         1.0159892148218965e-04         2.8267769583802788e-04
22                                    -5.1159750561909044e-02        -5.8381347276244805e-02        -3.2270316763708125e-02        -2.4825362692372233e-02        -1.0194881977971422e-02        -1.5426778673705888e-02         8.5344036187232596e-04         8.3062495601818288e-04
23                                    -1.1499604168908316e-01        -3.3581525485455746e-02        -1.1740497051561015e-01         1.3068149260337105e-02         3.7059062064949584e-03         6.8714491076927887e-03         8.1071284492445169e-05        -6.6787394006161994e-04
24                                    -5.9862609471188016e-02         7.3340916750334519e-03         5.6659479863753123e-02        -5.1668252633670364e-03         3.1759857420751002e-03         1.3843436042000090e-02        -2.5133534311536142e-04        -2.5933988137043966e-03
25                                     8.8308027895745485e-03        -5.1617874367521487e-02        -3.8727978751089853e-02        -6.8109745671202961e-03         2.5713684987162711e-03         2.9984402352171115e-02        -2.7345710798667815e-03        -4.3820452516715475e-03
26                                     5.6686731095552473e-02        -3.6316362865380231e-02        -2.9108134944458092e-01         4.0402492686713622e-03        -1.1294941245762746e-03        -1.3942835741114230e-02         9.2201950600291995e-04         2.2404799066551954e-03
27                                     6.5158192475006497e-04         8.8646816236279645e-04         2.2906436996920953e-04        -1.6749053012596996e-02         1.9755078029183373e-02         1.1543989722650081e-03         8.4064878129834790e-04        -3.9536774497611442e-04
28                                    -7.1820298319559680e-04        -1.6346545325298528e-04        -2.3045627923793874e-04        -1.8342877464144064e-03         4.0853993474329236e-03        -3.7081865313946154e-04         2.7823127581463728e-04         1.4999156977436130e-04
29                                     6.3533475441259054e-04         2.8262329189180442e-04         5.5809955673184622e-04        -1.2339431491054893e-02         1.1931310965983741e-02        -1.8059786147634621e-04         8.0347162018967397e-04         2.1467198484738525e-04
30                                     1.1775944760643413e-03         1.4408244542155723e-03        -4.2864608237824613e-04         4.7027843433014339e-03        -7.6614794936511760e-03        -2.8145202068862021e-02        -4.4184755232967764e-03        -1.6460600063879715e-03
31                                     8.5437594082604347e-04         3.7754757511047356e-04        -5.0932374991296257e-04         3.7935508906517638e-03        -1.8662332216040365e-03        -6.7432098685300031e-03        -1.5950477720053564e-03         3.5128549603903971e-04
32                                     1.1838024631665098e-04         4.8511980534937920e-04         3.1807519399983629e-04         3.5350225431299426e-03        -5.8434703613296883e-03        -1.7283495509969389e-02        -2.7471336116442098e-03        -9.9207296677092469e-04
                                                         8                           9                          10                          11                          12                          13                          14                          15

0                                      2.0180727523266741e-03        -1.3772983586985027e-02        -2.3525308122928055e-02         9.0745264463715277e-03        -5.2433502024537039e-03        -4.6282383117221063e-03        -6.7889068523791733e-04        -1.0839349047315101e-03
1                                     -4.2079078670836934e-04        -1.5730217321409209e-02        -1.2577691408541017e-02         1.3166997563136239e-03         7.5938520407368461e-04         1.6230740609398412e-03        -6.1964895458145900e-04         4.5886840586595503e-03
2                                     -9.9745025629804970e-03        -3.1239243053099355e-03        -1.0171191535775023e-02         6.6444626484218998e-03        -4.7278025843209993e-03        -4.1890529345926259e-03         1.0608240854821616e-03        -1.0001786654852502e-03
3                                      5.3065870580110218e-02        -1.4348088695055333e-01        -2.5290667204229400e-02        -5.4960308450468044e-02        -1.4307216511548386e-02        -1.0009467491060655e-02        -1.2432949923050357e-03        -5.0046995454396989e-02
4                                     -3.1545960686683361e-02        -2.4268165394373896e-02        -6.5235281980269330e-02        -2.4049028372040707e-02        -2.4891520503762411e-02        -2.0460540032740452e-02        -3.1651251669891339e-03         1.7623281943963724e-02
5                                     -3.0389653320777155e-01        -5.6524914986831987e-02        -2.3655941685582080e-02        -1.2099361435437946e-01         1.4653189266877111e-02         9.6808232622399796e-03         3.9322472975356322e-03         5.9318356567587688e-03
6                                     -5.5796985884248543e-02         5.1248024825479317e-03        -5.9101439683985658e-03        -2.8735464913840204e-02         1.0549318828987828e-03         7.9635810636297620e-04         2.0380643687753519e-04        -1.2159703062045878e-02
7                                      3.1013818255126391e-02        -4.0964654840758502e-04        -9.6487771718714588e-04        -9.6633810656581495e-03         7.6398791913719392e-04         5.1390277179044590e-04        -3.1445480664618711e-04         1.5159753467340730e-02
8                                      3.2365349055934023e-01         3.4488384500695642e-03        -1.6052833893930394e-03        -1.7095726565702039e-02         1.2372057328637054e-04        -8.1410941889584199e-07         1.5907648358626295e-03        -2.9221138246420669e-04
9                                      3.4488384500695642e-03         4.3801680183905495e-01        -1.1075584893530660e-01         7.4247086187871972e-04        -4.4100898880001044e-02        -1.9808013767386272e-02         1.3470165621922135e-02        -2.6263767419478213e-02
10                                    -1.6052833893930394e-03        -1.1075584893530660e-01         4.2283532541874780e-01         8.2807813775443384e-02        -1.8136222299820447e-02        -7.1831471142603215e-02         2.2579653326445091e-02         2.7616307602907088e-02
11                                    -1.7095726565702039e-02         7.4247086187871972e-04         8.2807813775443384e-02         5.1363649432112346e-01         1.3707296534551248e-02         2.3587448691019454e-02        -5.0591007480056446e-02        -3.4042359401904182e-04
12                                     1.2372057328637054e-04        -4.4100898880001044e-02        -1.8136222299820447e-02         1.3707296534551248e-02         6.5536687379853492e-02         5.6867795809922725e-02        -2.8300355497731439e-02        -1.8026614455114425e-03
13                                    -8.1410941889584199e-07        -1.9808013767386272e-02        -7.1831471142603215e-02         2.3587448691019454e-02         5.6867795809922725e-02         1.1614574435555977e-01        -4.8820341609666612e-02         9.2023693510139091e-04
14                                     1.5907648358626295e-03         1.3470165621922135e-02         2.2579653326445091e-02        -5.0591007480056446e-02        -2.8300355497731439e-02        -4.8820341609666612e-02         5.2915295858781179e-02        -1.2962954520645423e-04
15                                    -2.9221138246420669e-04        -2.6263767419478213e-02         2.7616307602907088e-02        -3.4042359401904182e-04        -1.8026614455114425e-03         9.2023693510139091e-04        -1.2962954520645423e-04         9.0755610219934030e-02
16                                     2.4980971237364979e-04         8.4833295877500599e-03        -8.9808348020853513e-03         2.4934239665664378e-03        -2.0279414535812673e-03         2.4932335906782161e-03        -9.0088253252192281e-04        -6.1276566722937527e-02
17                                     4.1045051591493478e-03        -9.1721492491565609e-03         1.0913097643996049e-02         1.2595102506631276e-03         6.4780189383614566e-04        -3.2947042916608418e-04         4.2891150508678297e-04        -1.1723871783660572e-03
18                                    -1.1541567457621846e-04        -5.3334718164936784e-04        -7.4900041413977856e-04        -2.5783487613975989e-04         3.9248913748253012e-04         3.4142511291360925e-04        -3.5960978611888710e-05         1.6270943891623806e-03
19                                     4.0081796927767845e-04         1.0644845713912038e-03        -1.3386054317000157e-04         1.3755958359774369e-04        -2.1284528407501668e-05         7.4068452602038580e-04        -4.4188591551596679e-05        -6.8139121810292065e-04
20                                     3.1958062043227660e-05        -7.9331515136741914e-05        -3.4559638731126953e-04         1.7393128847954179e-04        -9.6226669161227036e-05        -6.1614007989717622e-05        -1.2893757305136930e-04        -2.8050242193973594e-04
21                                     1.5358807482272578e-04         7.9560029861773865e-05        -1.6824399051587552e-03         1.9034009500282023e-03        -3.9220226420290383e-04        -6.5715416921683463e-04        -2.3286095282620519e-04         1.2760731722365410e-03
22                                     4.0773455198266258e-05         3.0006630756804469e-04        -3.2626706247436636e-03         3.2559875552035126e-03        -1.9410833009956964e-03        -1.2389453896307244e-03         2.2370332801577005e-05        -3.4624354562955758e-04
23                                     7.7436405032056416e-04         6.5891365932827656e-05         1.7067098536992051e-03        -7.1835921349680792e-04         8.7118346808816912e-04         8.9747400047244684e-04         1.9037837425646485e-04         3.3192149296007965e-04
24                                     3.5286907491135448e-04         2.1571183067511804e-04         4.1256982272590108e-04         1.4400941409897644e-03         1.3305961108511577e-04         2.0802778688997663e-04        -4.9521984349840738e-04         4.9571436684233555e-04
25                                     1.7956713800299558e-03         8.4201951858345987e-04         6.4374315311475016e-04         1.1240337420025353e-03         2.4697407287082603e-04         9.3516136673568625e-05        -4.1089738753261534e-04        -6.6662045299471697e-04
26                                     8.5886694153577492e-04        -9.7760758143919358e-04        -4.5848086249617847e-04         3.4086102396295968e-04        -1.3702156321854968e-04         2.3359159455660621e-05         2.6915913567917334e-04        -6.2075633511244569e-04
27                                    -3.6172734643444282e-04        -1.5540058358615200e-01         1.3539904731928135e-01        -1.1666833057496833e-03         4.7115601497278795e-03        -1.9052943383746263e-02         4.4874299475002148e-03        -4.4384070913844331e-03
28                                     1.2238077991706849e-04         1.3850196281079025e-01        -1.9759027220111441e-01        -6.8916950979854234e-03         1.0730363292271311e-03        -2.2073587837386440e-02         6.7442211269590838e-03        -2.4935037969344791e-03
29                                     8.1489573679430043e-05        -2.6725689955620240e-03        -5.3172630470457640e-03        -4.8293781260876245e-02        -2.2964736008673761e-03         1.4528318040093118e-02        -2.3328700821699040e-03        -2.9654818346988967e-03
30                                    -2.7170098055516335e-03        -5.9884408577320754e-02         2.2713642765687190e-02         5.8694112738224294e-02        -5.9823988573303186e-03        -4.9638680030369576e-03         1.2925288841979906e-02         1.6409772293731755e-03
31                                     9.3013813187936014e-05         2.1688092510180605e-02        -6.2902108152148389e-02        -7.4149208426679186e-02        -1.2707285873685832e-02        -6.0056110393013852e-03         2.4894874725461296e-02        -4.6170856666784992e-04
32                                    -1.2867684547709240e-04         5.4721943801806179e-02        -7.6423171799763615e-02        -2.8436277065814003e-01         5.5842098257980989e-03         4.7182894753757601e-03        -7.3347659574063053e-03         5.7833736196607859e-04
                                                        16                          17                          18                          19                          20                          21                          22                          23

0                                      2.4861709103799277e-02        -6.4898413628913069e-03        -1.5737789475174363e-01         1.2608598697149231e-01         1.4558069835336619e-02        -2.2910564264242467e-01        -5.1159750561909044e-02        -1.1499604168908316e-01
1                                     -3.1663238460294556e-02         7.3508544517351029e-03         1.2644486879359912e-01        -1.9055924855765832e-01        -1.5150138924491446e-02        -5.4200077658446782e-02        -5.8381347276244805e-02        -3.3581525485455746e-02
2                                     -9.2001908894165298e-04         1.6839088432009826e-03         1.4722705050938522e-02        -1.5199864096634555e-02        -4.8002247711745917e-02        -1.1326817141135247e-01        -3.2270316763708125e-02        -1.1740497051561015e-01
3                                      1.9396377784480577e-02         4.8958605705821008e-03         6.5273320921957999e-03         1.7809504207792117e-02        -8.6160875417248938e-03        -1.2385276794363898e-02        -2.4825362692372233e-02         1.3068149260337105e-02
4                                     -5.2962719969383357e-02        -5.5429453801789010e-03        -8.2274692607377277e-03        -2.0955856599903476e-02         8.3846292919613034e-03        -1.6546045029055476e-03        -1.0194881977971422e-02         3.7059062064949584e-03
