*************************************************
******************* ORCA 6.0.0 ******************
*************************************************
$Calculation_Status
   &GeometryIndex 1
   &ListStatus       OUT
   &VERSION [&Type "String"] "6.0.0"
   &PROGNAME [&Type "String"] "LeanSCF"
   &STATUS [&Type "String"] "NORMAL TERMINATION"
$End
$Geometry
   &GeometryIndex 1
   &ListStatus       OUT
   &NATOMS [&Type "Integer"] 11
   &NCORELESSECP [&Type "Integer"] 0
   &NGHOSTATOMS [&Type "Integer"] 0
   &CartesianCoordinates [&Type "Coordinates", &Dim(11,4), &Units "Bohr"] 
              C      0.756424311784   -3.245140200419    0.285971914751
              C      0.826363063150   -0.537888269630   -0.627627126775
              H      0.583096618411   -0.419836772475   -2.675127258311
              C     -1.014533949836    1.222639314680    0.688957965652
              Cl    -4.250525764754    0.331680220628   -0.100362687332
              Cl     3.976097320327    0.810488949208   -0.004177019844
              H     -1.105551124319   -4.052067181405   -0.108236960704
              H      2.184261634611   -4.375704574161   -0.682500582102
              H      1.103986215462   -3.338475992523    2.320816393898
              H     -0.829703096833    1.103470239725    2.740804395487
              H     -0.769523648436    3.171177789367    0.066772845175
$End
$SCF_Energy
   &GeometryIndex 1
   &ListStatus       OUT
   &SCF_ENERGY [&Type "Double"]      -1.0382781348596031e+03
$End
$DFT_Energy
   &GeometryIndex 1
   &ListStatus       OUT
   &NALPHAEL [&Type "Integer"] 29
   &NBETAEL [&Type "Integer"] 29
   &NTOTALEL [&Type "Integer"] 58
   &EEXCHANGE [&Type "Double"]      -7.2844200717670674e+01
   &ECORR [&Type "Double"]      -2.0655173486201051e+00
   &ECNL [&Type "Double"]       0.0000000000000000e+00
   &EXC [&Type "Double"]      -7.4909718066290779e+01
   &EEMBED [&Type "Double"]       0.0000000000000000e+00
   &FINALEN [&Type "Double"]      -1.0382781348596031e+03  "No Van der Waals correction"
$End
$Mulliken_Population_Analysis
   &GeometryIndex 1
   &ListStatus       OUT
   &NATOMS [&Type "Integer"] 11
   &ATNO [&Type "ArrayOfIntegers", &Dim (11,1)] 
                                                         0

0                                                        6
1                                                        6
2                                                        1
3                                                        6
4                                                       17
5                                                       17
6                                                        1
7                                                        1
8                                                        1
9                                                        1
10                                                       1
   &ATOMICCHARGES [&Type "ArrayOfDoubles", &Dim (11,1)] 
                                                         0

0                                     -3.2512671311525931e-01
1                                      3.5288143221988477e-02
2                                      1.1364159604303459e-01
3                                     -8.6221245277169345e-02
4                                     -1.8094712440459304e-01
5                                     -1.8938153072136288e-01
6                                      1.2789823497539632e-01
7                                      1.2659308747134657e-01
8                                      1.1092302937567000e-01
9                                      1.2586156725698494e-01
10                                     1.4147095517384400e-01
$End
$Loewdin_Population_Analysis
   &GeometryIndex 1
   &ListStatus       OUT
   &NATOMS [&Type "Integer"] 11
   &ATNO [&Type "ArrayOfIntegers", &Dim (11,1)] 
                                                         0

0                                                        6
1                                                        6
2                                                        1
3                                                        6
4                                                       17
5                                                       17
6                                                        1
7                                                        1
8                                                        1
9                                                        1
10                                                       1
   &ATOMICCHARGES [&Type "ArrayOfDoubles", &Dim (11,1)] 
                                                         0

0                                     -3.1051588864702762e-01
1                                     -5.0232944955044179e-01
2                                      1.4190742993716443e-01
3                                     -4.7348169585979605e-01
4                                      2.4425971153699422e-01
5                                      2.6063080584450304e-01
6                                      1.2969073688804733e-01
7                                      1.2733911254335117e-01
8                                      1.2620746968259056e-01
9                                      1.2845798612641279e-01
10                                     1.2783378149807867e-01
$End
$Mayer_Population_Analysis
   &GeometryIndex 1
   &ListStatus       OUT
   &NATOMS [&Type "Integer"] 11 "Total number of atoms"
   &BONDTHRESH [&Type "Double"]       1.0000000000000001e-01  "The threshold for printing"
   &NBONDORDERSPRINT [&Type "Integer"] 10 "The number of bond orders larger than threshold"
   &BONDORDERS [&Type "ArrayOfDoubles", &Dim (10,1)] "The bond orders"
                                                         0

0                                      9.9014763813829165e-01
1                                      9.4845300308279890e-01
2                                      9.6876721373827135e-01
3                                      9.6417529064118945e-01
4                                      9.5746167363286605e-01
5                                      9.8507921221104655e-01
6                                      9.8502571163189134e-01
7                                      9.9770667078187614e-01
8                                      9.5538315946298102e-01
9                                      9.5878247982215059e-01
   &COMPONENTS [&Type "ArrayOfIntegers", &Dim (10,4)] "The indices and atomic numbers of the bonding atoms"
                                                         0                           1                           2                           3

0                                                        0                           6                           1                           6
1                                                        0                           6                           6                           1
2                                                        0                           6                           7                           1
3                                                        0                           6                           8                           1
4                                                        1                           6                           2                           1
5                                                        1                           6                           3                           6
6                                                        1                           6                           5                          17
7                                                        3                           6                           4                          17
8                                                        3                           6                           9                           1
9                                                        3                           6                          10                           1
   &ATNO [&Type "ArrayOfIntegers", &Dim (11,1)] "Atomic number of the elements"
                                                         0

0                                                        6
1                                                        6
2                                                        1
3                                                        6
4                                                       17
5                                                       17
6                                                        1
7                                                        1
8                                                        1
9                                                        1
10                                                       1
   &NA [&Type "ArrayOfDoubles", &Dim (11,1)] "Mulliken gross atomic population"
                                                         0

0                                      6.3251267131152664e+00
1                                      5.9647118567779867e+00
2                                      8.8635840395696397e-01
3                                      6.0862212452771631e+00
4                                      1.7180947124404597e+01
5                                      1.7189381530721388e+01
6                                      8.7210176502460457e-01
7                                      8.7340691252865432e-01
8                                      8.8907697062433033e-01
9                                      8.7413843274301473e-01
10                                     8.5852904482615744e-01
   &ZA [&Type "ArrayOfDoubles", &Dim (11,1)] "Total nuclear charge"
                                                         0

0                                      6.0000000000000000e+00
1                                      6.0000000000000000e+00
2                                      1.0000000000000000e+00
3                                      6.0000000000000000e+00
4                                      1.7000000000000000e+01
5                                      1.7000000000000000e+01
6                                      1.0000000000000000e+00
7                                      1.0000000000000000e+00
8                                      1.0000000000000000e+00
9                                      1.0000000000000000e+00
10                                     1.0000000000000000e+00
   &QA [&Type "ArrayOfDoubles", &Dim (11,1)] "Mulliken gross atomic charge"
                                                         0

0                                     -3.2512671311526642e-01
1                                      3.5288143222013346e-02
2                                      1.1364159604303603e-01
3                                     -8.6221245277163128e-02
4                                     -1.8094712440459659e-01
5                                     -1.8938153072138775e-01
6                                      1.2789823497539543e-01
7                                      1.2659308747134568e-01
8                                      1.1092302937566967e-01
9                                      1.2586156725698527e-01
10                                     1.4147095517384256e-01
   &VA [&Type "ArrayOfDoubles", &Dim (11,1)] "Mayer's total valence"
                                                         0

0                                      3.8810972566889421e+00
1                                      3.9690654727489170e+00
2                                      9.8016752978026489e-01
3                                      3.9424576074953817e+00
4                                      1.1132719524885062e+00
5                                      1.1176919273849462e+00
6                                      9.9242661403517607e-01
7                                      9.8566049792976951e-01
8                                      9.9411764084002729e-01
9                                      9.8956050925052097e-01
10                                     9.8078757776709469e-01
   &BVA [&Type "ArrayOfDoubles", &Dim (11,1)] "Mayer's bonded valence"
                                                         0

0                                      3.8810972566889799e+00
1                                      3.9690654727490648e+00
2                                      9.8016752978026944e-01
3                                      3.9424576074954016e+00
4                                      1.1132719524885395e+00
5                                      1.1176919273848869e+00
6                                      9.9242661403517696e-01
7                                      9.8566049792976496e-01
8                                      9.9411764084003473e-01
9                                      9.8956050925050087e-01
10                                     9.8078757776709946e-01
   &FA [&Type "ArrayOfDoubles", &Dim (11,1)] "Mayer's free valence"
                                                         0

0                                      0.0000000000000000e+00
1                                      0.0000000000000000e+00
2                                      0.0000000000000000e+00
3                                      0.0000000000000000e+00
4                                      0.0000000000000000e+00
5                                      0.0000000000000000e+00
6                                      0.0000000000000000e+00
7                                      0.0000000000000000e+00
8                                      0.0000000000000000e+00
9                                      0.0000000000000000e+00
10                                     0.0000000000000000e+00
$End
$VdW_Correction
   &GeometryIndex 1
   &ListStatus       OUT
   &VDW [&Type "Double"]      -2.9632222082743836e-03
$End
$Calculation_Info
   &GeometryIndex 1
   &ListStatus       OUT
   &MULT [&Type "Integer"] 1
   &CHARGE [&Type "Integer"] 0
   &NUMOFATOMS [&Type "Integer"] 11
   &NUMOFELECTRONS [&Type "Integer"] 58
   &NUMOFFCELECTRONS [&Type "Integer"] 1
   &NUMOFCORRELECTRONS [&Type "Integer"] 0
   &NUMOFBASISFUNCTS [&Type "Integer"] 203
   &NUMOFAUXCBASISFUNCTS [&Type "Integer"] 0
   &NUMOFAUXJBASISFUNCTS [&Type "Integer"] 240
   &NUMOFAUXJKBASISFUNCTS [&Type "Integer"] 0
   &NUMOFCABSBASISFUNCTS [&Type "Integer"] 0
   &TOTALENERGY [&Type "Double"]      -1.0382719185587114e+03  "Hartrees"
$End
$SCF_Dipole_Moment
   &GeometryIndex 1
   &ListStatus       OUT
   &METHOD [&Type "String"] "SCF"
   &LEVEL [&Type "String"] "Relaxed density"
   &MULT [&Type "Integer"] 1
   &STATE [&Type "Integer"] -1
   &IRREP [&Type "Integer"] 0
   &NATOMS [&Type "Integer"] 11
   &DODIPOLEATOM [&Type "Boolean"] false
   &DIPOLEELECCONTRIB [&Type "ArrayOfDoubles", &Dim (3,1)] "Electronic contribution"
                                                         0

0                                     -7.9150867476232067e-01
1                                      4.5309764065551015e+00
2                                     -8.3463575436395343e-01
   &DIPOLENUCCONTRIB [&Type "ArrayOfDoubles", &Dim (3,1)] "Nuclear contribution"
                                                         0

0                                      7.9790561431983387e-01
1                                     -4.7633198514829562e+00
2                                      8.7010495785133812e-01
   &DIPOLETOTAL [&Type "ArrayOfDoubles", &Dim (3,1)] "Total"
                                                         0

0                                      6.3969395575131927e-03
1                                     -2.3234344492785475e-01
2                                      3.5469203487384693e-02
   &DIPOLEMAGNITUDE [&Type "Double", &Units "a.u."]       2.3512222700688051e-01
$End
$THERMOCHEMISTRY_Energies
   &GeometryIndex 1
   &ListStatus       OUT
   &TEMPERATURE [&Type "Double"]       2.9814999999999998e+02
   &PRESSURE [&Type "Double"]       1.0000000000000000e+00
   &TOTALMASS [&Type "Double"]       1.1298699999999998e+02
   &SPINDEGENERACY [&Type "Integer"] 1
   &ELENERGY [&Type "Double"]      -1.0382719185587114e+03
   &TRANSENERGY [&Type "Double"]       1.4162714244859817e-03
   &ROTENERGY [&Type "Double"]       1.4162714244859817e-03
   &VIBENERGY [&Type "Double"]       3.3155912311425514e-03
   &NUMOFFREQS [&Type "Integer"] 33
   &FREQSCALINGFACTOR [&Type "Double"]       1.0000000000000000e+00
   &FREQ [&Type "ArrayOfDoubles", &Dim (33,1)] "In cm^-1"
                                                         0

0                                      0.0000000000000000e+00
1                                      0.0000000000000000e+00
2                                      0.0000000000000000e+00
3                                      0.0000000000000000e+00
4                                      0.0000000000000000e+00
5                                      0.0000000000000000e+00
6                                      1.2765504562657023e+02
7                                      2.1500451860496264e+02
8                                      2.6122596728399498e+02
9                                      2.8042233970464395e+02
10                                     3.4837082393080141e+02
11                                     4.1744638543132601e+02
12                                     6.3177331012635739e+02
13                                     6.9974660852903355e+02
14                                     8.6708054757451555e+02
15                                     9.1397824280683301e+02
16                                     1.0259052634830473e+03
17                                     1.0814275861205563e+03
18                                     1.1410403452319495e+03
19                                     1.2046970795978493e+03
20                                     1.2545377720366369e+03
21                                     1.2960026642698199e+03
22                                     1.3677308629985871e+03
23                                     1.4047343710950820e+03
24                                     1.4689647563805297e+03
25                                     1.4820031453940398e+03
26                                     1.4902064652339602e+03
27                                     3.0253895504757566e+03
28                                     3.0694327247488918e+03
29                                     3.0824765677902778e+03
30                                     3.1082724440364905e+03
31                                     3.1218530952783331e+03
32                                     3.1472764779301906e+03
   &ZPE [&Type "Double"]       8.5510235919650374e-02
   &INNERENERGYU [&Type "Double"]      -1.0381802601887118e+03
   &ENTHALPYH [&Type "Double"]      -1.0381793159796696e+03
   &QEL [&Type "Double"]       0.0000000000000000e+00
   &QROT [&Type "Double"]       1.3160685240771979e-02
   &QVIB [&Type "Double"]       5.4819975702913512e-03
   &QTRANS [&Type "Double"]       1.9044172517101096e-02
   &ENTROPYS [&Type "Double"]       3.7686855328164424e-02
   &FREEENERGYG [&Type "Double"]      -1.0382170028349979e+03
   &ISLINEAR [&Type "Boolean"] false
$End
$Hessian
   &GeometryIndex 1
   &ListStatus       OUT
   &HESSIAN [&Type "ArrayOfDoubles", &Dim (33,33)] "The Hessian"
                                                         0                           1                           2                           3                           4                           5                           6                           7

0                                      5.7080539209054504e-01        -1.6404051620684867e-02        -2.6973702673862882e-04        -6.6823042254457302e-02         7.1842241490510106e-03         2.4491099340013646e-03         2.0256631446021606e-03         4.3049586698661298e-03
1                                     -1.6404051620684867e-02         4.7635481202577989e-01         3.3231637768499300e-02         6.5621642541916882e-03        -1.7849450568338202e-01         3.9461151005520709e-02         4.3398239799982219e-04        -2.7972353338026764e-03
2                                     -2.6973702673862882e-04         3.3231637768499300e-02         5.6378775559076533e-01         2.6024772209445345e-03         4.2575473325542054e-02        -9.7758495481141655e-02         1.3778523090696795e-03         3.2331113535386646e-02
3                                     -6.6823042254457302e-02         6.5621642541916882e-03         2.6024772209445345e-03         3.0019295692047732e-01        -5.8804257277400449e-02        -8.4835255038368390e-03        -4.1391563612467916e-02         6.2354767410124131e-03
4                                      7.1842241490510106e-03        -1.7849450568338202e-01         4.2575473325542054e-02        -5.8804257277400449e-02         4.3734318231549935e-01        -1.8138272873506493e-02         6.7514103520693279e-03        -4.8586717487236662e-02
5                                      2.4491099340013646e-03         3.9461151005520709e-02        -9.7758495481141655e-02        -8.4835255038368390e-03        -1.8138272873506493e-02         5.7969578313163150e-01        -3.0162478077115695e-02         1.6780339111416846e-02
6                                      2.0256631446021606e-03         4.3398239799982219e-04         1.3778523090696795e-03        -4.1391563612467916e-02         6.7514103520693279e-03        -3.0162478077115695e-02         5.6282971403385819e-02        -2.9377962964450928e-03
7                                      4.3049586698661298e-03        -2.7972353338026764e-03         3.2331113535386646e-02         6.2354767410124131e-03        -4.8586717487236662e-02         1.6780339111416846e-02        -2.9377962964450928e-03         5.7852801998567342e-02
8                                     -4.8893623409088679e-04         1.0250883928719090e-03        -8.6870730789406995e-03        -2.5641537132594851e-02         1.6908394762583580e-02        -3.1275775264497901e-01         2.7959851769897022e-02        -1.7042348557744148e-02
9                                      2.6538925210956811e-03         5.5100000988270760e-03        -1.0546772866189980e-03        -9.1199373302528072e-02         5.5217498211301792e-02         4.2108190090990663e-02         1.8537926477617574e-03        -6.0626287763010530e-04
10                                     2.4724272911502886e-02        -2.4690089452342776e-02        -1.6584956272114332e-02         5.4653868431280103e-02        -1.2427344927806624e-01        -3.2421636385247379e-02         3.9646219655831713e-04         4.2389625720797800e-04
11                                    -7.6342616928255311e-03         5.1407800989257246e-03         5.8981844695506335e-03         4.3432047820712229e-02        -3.3398458865509448e-02        -1.1242072374684886e-01         2.3237324167081613e-02        -2.2337129027908804e-02
12                                     9.1992491834960201e-04         5.1088321269242027e-04        -6.6028011166641273e-05        -3.1427986660973364e-02        -1.0522663043805945e-02        -8.9809132497819036e-03         1.4379481937591906e-03        -6.0111194862571236e-04
13                                     7.3696533203895277e-04        -2.0561186987081547e-03        -1.0976891347464933e-04         4.3998484913598257e-03         2.6269786476550601e-03         2.7760062401317172e-03         1.8446540361702736e-05         3.2159233942170981e-04
14                                    -2.4803127759919700e-04        -1.2980551342415582e-04         5.7628396385398005e-04         3.2621517380386766e-03         2.3074978487747809e-03         1.7212372727907262e-03         1.9244611836699197e-04         7.7593220669277337e-04
15                                    -1.9161600404415308e-02        -1.1812652487291360e-02        -3.1872082087930206e-03        -6.7913914632638184e-02        -1.3107751900383900e-02        -1.2892616001405063e-02        -1.9167804159873524e-02        -8.2648147693794149e-03
16                                    -3.2931275655380662e-02        -1.5232990516819832e-02        -6.5924301115467239e-03        -1.2241582121313363e-02        -3.6596443366830142e-02        -4.8258084671925668e-03        -6.9938838216069797e-03        -1.7656567969796299e-03
17                                     4.2259424726608583e-03         1.1528270239744200e-03         2.2268619781045523e-03        -1.1073385076811489e-02        -3.9998401441346480e-03        -3.9249900252385783e-02        -2.3708640359886943e-02        -9.8611693436596540e-03
18                                    -2.5859822554895073e-01        -9.1354155520894292e-02        -4.6815675111846526e-02        -2.5042780912202540e-03        -1.9695323279677081e-03         2.6091023627154795e-04         4.1101103922152118e-04        -3.5743666744977474e-04
19                                    -9.0648085399821207e-02        -8.5567107217795119e-02        -1.8654407073272719e-02        -2.6967368444877390e-02        -1.0917398031540279e-02        -7.1817492391510612e-03         3.7167088298710081e-04         9.8456964972825104e-04
20                                    -4.6304197178394776e-02        -1.8644445033274795e-02        -5.6379569598913298e-02         9.3694430855946215e-03         2.3615772668627525e-03         2.5003919201422968e-04        -8.2223543669991054e-05        -5.6386484003316799e-04
21                                    -1.7532381576819522e-01         1.0328123634145972e-01         8.9305381108379933e-02        -5.4376971790476281e-04        -3.4975736085780702e-03        -1.6105511000083874e-03        -7.8639282821353065e-05         3.3460032456742307e-04
22                                     9.9238664039272728e-02        -1.2212109064993257e-01        -6.7424368398015008e-02         2.3035244606646167e-02        -1.9260571448491637e-02        -1.6747974385424146e-02        -2.7796925230033913e-04         1.1147362807759288e-03
23                                     8.9917330206362334e-02        -6.9380212268015523e-02        -1.0847799726075430e-01        -9.2946482827295420e-03         6.2949873551903218e-03         4.8118925283958617e-03        -4.7245103172018164e-04        -5.1537999921893302e-04
24                                    -5.3458448124155705e-02         2.8340849636254179e-03        -4.4730189235380718e-02        -2.2546658056348664e-03        -1.3093523064679263e-03         1.6960256830446906e-03         1.0255113026816998e-03        -3.6121816749288692e-04
25                                     1.6396604707953591e-03        -4.6533970267592595e-02         5.2831918275798037e-03         5.6903285896796650e-03        -3.8467708836877794e-03         3.5252942030864660e-02        -2.2554947834973246e-04        -6.0863451953021754e-03
26                                    -4.3382919777181540e-02         8.2619475357775217e-03        -3.0110847802831087e-01        -2.3096772519066388e-03         1.1307221674526566e-03        -1.2776403936978036e-02         1.4704640689870531e-04         1.9969409654571812e-03
27                                     3.1829844785890649e-04        -1.3396270407542332e-03        -9.5612035131633407e-05         1.8410738450809188e-03        -3.2921808023896135e-04         2.2635569337524555e-02        -2.6676207317151168e-03         2.9026104143419838e-03
28                                    -1.1024583170860616e-03         1.5577914231688725e-03        -1.1528304833587524e-03        -1.5475641392362561e-04         7.6726004850675034e-04        -2.2473780168992787e-02         2.7704912945631967e-03        -2.0611022338410520e-03
29                                    -4.9233540596878029e-04         9.0730868147684317e-04         1.2992486582323595e-03        -1.0669655435867134e-03         9.1530966222361579e-04        -1.6762299329366348e-02         2.0283645970728841e-03        -1.7273931404979685e-03
30                                    -3.3580390222771235e-03         1.8988889719339930e-03         2.9183913988453502e-03         2.0245633122665217e-03         2.0249790038296758e-02        -7.1522670408045146e-03         2.6873005546576307e-04        -6.6567522149858186e-04
31                                     3.1363718493403647e-03        -4.1949562857300504e-04        -2.9353770711232443e-03        -2.2715410625309650e-03        -1.8761564832426341e-02         7.5019283966720517e-03        -2.9059501710370397e-04         5.9946052146099245e-04
32                                     2.2430608582114575e-03        -9.9355582643434774e-04        -1.3767212124459823e-03        -6.6383538270440353e-04        -1.6940535770570721e-02         5.2466232668671791e-03        -6.7366376501001824e-04         7.7013436991928445e-05
                                                         8                           9                          10                          11                          12                          13                          14                          15

0                                     -4.8893623409088679e-04         2.6538925210956811e-03         2.4724272911502886e-02        -7.6342616928255311e-03         9.1992491834960201e-04         7.3696533203895277e-04        -2.4803127759919700e-04        -1.9161600404415308e-02
1                                      1.0250883928719090e-03         5.5100000988270760e-03        -2.4690089452342776e-02         5.1407800989257246e-03         5.1088321269242027e-04        -2.0561186987081547e-03        -1.2980551342415582e-04        -1.1812652487291360e-02
2                                     -8.6870730789406995e-03        -1.0546772866189980e-03        -1.6584956272114332e-02         5.8981844695506335e-03        -6.6028011166641273e-05        -1.0976891347464933e-04         5.7628396385398005e-04        -3.1872082087930206e-03
3                                     -2.5641537132594851e-02        -9.1199373302528072e-02         5.4653868431280103e-02         4.3432047820712229e-02        -3.1427986660973364e-02         4.3998484913598257e-03         3.2621517380386766e-03        -6.7913914632638184e-02
4                                      1.6908394762583580e-02         5.5217498211301792e-02        -1.2427344927806624e-01        -3.3398458865509448e-02        -1.0522663043805945e-02         2.6269786476550601e-03         2.3074978487747809e-03        -1.3107751900383900e-02
5                                     -3.1275775264497901e-01         4.2108190090990663e-02        -3.2421636385247379e-02        -1.1242072374684886e-01        -8.9809132497819036e-03         2.7760062401317172e-03         1.7212372727907262e-03        -1.2892616001405063e-02
6                                      2.7959851769897022e-02         1.8537926477617574e-03         3.9646219655831713e-04         2.3237324167081613e-02         1.4379481937591906e-03         1.8446540361702736e-05         1.9244611836699197e-04        -1.9167804159873524e-02
7                                     -1.7042348557744148e-02        -6.0626287763010530e-04         4.2389625720797800e-04        -2.2337129027908804e-02        -6.0111194862571236e-04         3.2159233942170981e-04         7.7593220669277337e-04        -8.2648147693794149e-03
8                                      3.3261659738731592e-01        -1.1455293213071469e-03         1.6963473209581116e-04        -1.6227519007772230e-02         3.5475098578758267e-04         4.1725996294899041e-04         1.2083520812370945e-03        -2.8348017503127508e-03
9                                     -1.1455293213071469e-03         2.8396385696896026e-01        -2.1632658004541783e-02        -2.4004324686640120e-02        -8.4784522994332340e-02        -1.7489910189501121e-02        -1.5188218272908102e-02        -3.3602840615395611e-02
10                                     1.6963473209581116e-04        -2.1632658004541783e-02         5.3761936098097218e-01        -5.4876406592366610e-02        -1.9599704079336290e-02        -4.1423781178402848e-02        -5.0806066563923915e-03        -1.1553111968252403e-02
11                                    -1.6227519007772230e-02        -2.4004324686640120e-02        -5.4876406592366610e-02         5.5657568928516077e-01        -1.7228149216080693e-02        -4.9807682344326348e-03        -3.9892220672133494e-02        -7.6498040623594618e-03
12                                     3.5475098578758267e-04        -8.4784522994332340e-02        -1.9599704079336290e-02        -1.7228149216080693e-02         1.6228449009498272e-01         3.5297896956543118e-02         3.2695734767589968e-02        -8.1243652734028175e-03
13                                     4.1725996294899041e-04        -1.7489910189501121e-02        -4.1423781178402848e-02        -4.9807682344326348e-03         3.5297896956543118e-02         3.9625181783641952e-02         1.0672630464037866e-02         2.0898820923671260e-03
14                                     1.2083520812370945e-03        -1.5188218272908102e-02        -5.0806066563923915e-03        -3.9892220672133494e-02         3.2695734767589968e-02         1.0672630464037866e-02         3.2324424499743744e-02         2.6366374794469733e-03
15                                    -2.8348017503127508e-03        -3.3602840615395611e-02        -1.1553111968252403e-02        -7.6498040623594618e-03        -8.1243652734028175e-03         2.0898820923671260e-03         2.6366374794469733e-03         1.4272541397575073e-01
16                                    -1.3496539505029118e-03         2.0693468164456399e-03         1.2137653696676701e-03         1.0214622378249599e-03         3.6616775670806081e-03         1.6076019749491411e-03         2.6110897432798485e-04         4.4958162414898938e-02
17                                     8.6806068739137682e-04         4.1408017549871244e-03         2.1152433585557989e-03         1.2612549594132796e-03         2.6995469703090741e-03         1.9606233383438133e-04         1.5265657373466214e-03         2.2346396321381121e-02
18                                     1.8303528127502737e-04        -6.4123932538632015e-04        -5.8395695328340063e-04         1.0531727034973799e-04        -1.4789641071271181e-03         2.8545255348970651e-03         6.4958076646755075e-05         1.6882985814937876e-03
19                                     3.6194070152785127e-04        -1.2725750962807685e-03         6.2673946604605393e-04        -5.2989314500310482e-04         1.9474813753915527e-03        -3.5380482587574034e-04         2.1974776403027287e-04        -2.7420359220363183e-03
20                                     4.5093437091436352e-05        -2.7319425125659603e-04        -3.7553053429569797e-04         2.5936630054803267e-04        -6.6953874647384488e-05         3.4889719996683663e-04        -2.3819649819824533e-05         1.4769820708493897e-03
21                                    -1.9195872538732214e-04         3.1162929723200497e-05        -1.1651015732386891e-03        -1.7406188993680100e-04         1.9089765826065756e-04         7.4188607531378318e-04         4.3412754750941701e-06         1.3782069033029540e-03
22                                     1.5462006947110189e-04        -2.0103843795685251e-03        -6.0575775292303468e-03         3.3860998150584730e-03        -3.4988069156458110e-04         6.1086847545689725e-04         1.8424963825947234e-05         3.1648974179823274e-04
23                                     7.1627581839077848e-04         4.7432952463295807e-04         2.1678593312298121e-03        -3.7819694094500087e-04         1.0420029898108277e-04         8.2617313490526668e-05         4.0612453278534102e-05        -2.3544764593731466e-04
24                                     3.2804283730147361e-04         7.9532534643197631e-05        -2.3667979330778692e-04        -1.1844040452990167e-03        -4.1517128651620268e-04         1.7937603610956491e-04         2.7875232032782173e-04         8.7913140771518140e-04
25                                     1.6015609102124446e-03        -5.6303355057479810e-04         2.0645133084935966e-03         1.2748255507751983e-03        -2.2644435773918324e-04         2.2451845314267788e-05        -9.7290671416330640e-05         1.0311480049653870e-03
26                                     1.1627622746636732e-03         4.4890554655928946e-04        -7.5311871239314957e-04         1.0302588839301739e-03        -1.6099854620189782e-04         1.7921787423409849e-04        -2.7036750330906812e-05         5.9434124216930714e-04
27                                     1.6425655802910122e-03        -3.9257230426394313e-02         4.0626147520231555e-03        -2.1937028904305711e-02        -1.8535136470498058e-02        -3.4730389863941698e-03        -2.5634062426788558e-02         1.3642803910646345e-03
28                                    -1.9110942258803842e-03         4.8549278129873391e-03        -5.1767822501349765e-02         2.1875293397934568e-02        -5.6650348773874112e-03         1.6536337962833828e-04        -8.2614221088650117e-03        -7.1873387048937746e-04
29                                     3.8554307262795792e-04        -1.7808205152582676e-02         2.1319450939372493e-02        -3.1684430991796203e-01        -3.5329104866421955e-03        -9.6597103542788408e-04         1.7174430959414864e-04         5.7870414269094519e-04
30                                    -8.9118818432230200e-06        -3.9097030938147398e-02        -2.9221680496236122e-02         1.2919161856231366e-02        -2.0067114072502286e-02        -2.5341494037831824e-02         1.9363190900327076e-03        -6.4806173601837484e-05
31                                    -2.4945714446695383e-04        -2.3921274264632728e-02        -2.9373555544299557e-01         8.3404293472630092e-02        -4.4674839585126074e-03        -1.1463337430806259e-03        -6.8863765622310946e-04        -2.0919226565545290e-04
32                                     6.6965997297377226e-04         1.2420105437215985e-02         8.4339968083627231e-02        -7.9261783612941297e-02        -5.8193085267761241e-03        -8.6137628206778734e-03         2.3738567544393701e-03        -8.3341596113521732e-04
                                                        16                          17                          18                          19                          20                          21                          22                          23

0                                     -3.2931275655380662e-02         4.2259424726608583e-03        -2.5859822554895073e-01        -9.0648085399821207e-02        -4.6304197178394776e-02        -1.7532381576819522e-01         9.9238664039272728e-02         8.9917330206362334e-02
1                                     -1.5232990516819832e-02         1.1528270239744200e-03        -9.1354155520894292e-02        -8.5567107217795119e-02        -1.8644445033274795e-02         1.0328123634145972e-01        -1.2212109064993257e-01        -6.9380212268015523e-02
2                                     -6.5924301115467239e-03         2.2268619781045523e-03        -4.6815675111846526e-02        -1.8654407073272719e-02        -5.6379569598913298e-02         8.9305381108379933e-02        -6.7424368398015008e-02        -1.0847799726075430e-01
3                                     -1.2241582121313363e-02        -1.1073385076811489e-02        -2.5042780912202540e-03        -2.6967368444877390e-02         9.3694430855946215e-03        -5.4376971790476281e-04         2.3035244606646167e-02        -9.2946482827295420e-03
4                                     -3.6596443366830142e-02        -3.9998401441346480e-03        -1.9695323279677081e-03        -1.0917398031540279e-02         2.3615772668627525e-03        -3.4975736085780702e-03        -1.9260571448491637e-02         6.2949873551903218e-03
