
$orca_hessian_file

$act_atom
  0

$act_coord
  0

$act_energy
        0.000000

$multiplicity
  1

$hessian
15
                    0                  1                  2                  3                  4        
    0      2.5126992739E-01  -2.6466376074E-04   8.0645779114E-05  -8.5549338198E-02   4.3319122136E-06
    1     -2.6466376074E-04   5.6019916690E-01   2.0602773889E-04   9.8664775864E-06  -1.8728642694E-02
    2      8.0645779114E-05   2.0602773889E-04   5.6025534873E-01   3.7950635412E-06  -2.7174823049E-06
    3     -8.5549338198E-02   9.8664775864E-06   3.7950635412E-06   1.3990847682E-01   2.6432224346E-06
    4      4.3319122136E-06  -1.8728642694E-02  -2.7174823049E-06   2.6432224346E-06   1.2306228259E-02
    5      2.7426610892E-06  -2.3275729456E-06  -1.8736220746E-02  -5.1310221424E-06   2.4518729950E-06
    6     -5.5124429548E-02  -8.2275362381E-02  -1.9659771134E-02  -1.8155407671E-02  -1.4154562878E-02
    7     -7.4203101894E-02  -2.9755486924E-01  -5.9399642109E-02   3.6900590255E-03   4.0328368599E-03
    8     -1.7740776024E-02  -5.9358097068E-02  -6.3502141482E-02   8.8041766814E-04   9.6349152461E-04
    9     -5.5248765764E-02   2.4149972467E-02   8.1233639990E-02  -1.8120923160E-02   4.1504021550E-03
   10      2.1792604616E-02  -7.0661385510E-02  -7.1678368644E-02  -1.0847542700E-03   3.6237821867E-04
   11      7.3261048246E-02  -7.1731902819E-02  -2.9048897168E-01  -3.6402682271E-03   1.1661926064E-03
   12     -5.5347393881E-02   5.8383036451E-02  -6.1658598754E-02  -1.8082807790E-02   9.9952611236E-03
   13      5.2667979872E-02  -1.7325426945E-01   1.3089187478E-01  -2.6158899912E-03   2.0271993560E-03
   14     -5.5603371606E-02   1.3086912544E-01  -1.8752801482E-01   2.7595835565E-03  -2.1287543102E-03
                    5                  6                  7                  8                  9        
    0      2.7426610892E-06  -5.5124429548E-02  -7.4203101894E-02  -1.7740776024E-02  -5.5248765764E-02
    1     -2.3275729456E-06  -8.2275362381E-02  -2.9755486924E-01  -5.9358097068E-02   2.4149972467E-02
    2     -1.8736220746E-02  -1.9659771134E-02  -5.9399642109E-02  -6.3502141482E-02   8.1233639990E-02
    3     -5.1310221424E-06  -1.8155407671E-02   3.6900590255E-03   8.8041766814E-04  -1.8120923160E-02
    4      2.4518729950E-06  -1.4154562878E-02   4.0328368599E-03   9.6349152461E-04   4.1504021550E-03
    5      1.2306063710E-02  -3.3843543768E-03   9.6173653932E-04   2.4837242893E-04   1.3941132653E-02
    6     -3.3843543768E-03   6.4711495868E-02   7.8000913414E-02   1.8643647567E-02   4.2812396521E-03
    7      9.6173653932E-04   7.8000913414E-02   3.1322797203E-01   6.4066001463E-02  -1.6399345320E-03
    8      2.4837242893E-04   1.8643647567E-02   6.4066001463E-02   6.0483462121E-02  -9.2806049148E-03
    9      1.3941132653E-02   4.2812396521E-03  -1.6399345320E-03  -9.2806049148E-03   6.4794967045E-02
   10      1.1683002099E-03   9.3670593434E-03  -4.8912325950E-03  -2.6333668065E-02  -2.2909944618E-02
   11      3.9235245003E-03   1.1406387311E-03   1.2322440205E-03  -3.5281570828E-03  -7.7020681742E-02
   12     -1.0552786954E-02   4.2871016986E-03  -5.6651717734E-03   7.5353765144E-03   4.2934822267E-03
   13     -2.1308252608E-03   8.8791882616E-03  -1.4814707050E-02   2.0646574624E-02  -3.6996141718E-03
   14      2.2582601063E-03   3.2217784031E-03  -6.8446423923E-03   6.2984640148E-03  -8.6918692993E-03
                   10                 11                 12                 13                 14        
    0      2.1792604616E-02   7.3261048246E-02  -5.5347393881E-02   5.2667979872E-02  -5.5603371606E-02
    1     -7.0661385510E-02  -7.1731902819E-02   5.8383036451E-02  -1.7325426945E-01   1.3086912544E-01
    2     -7.1678368644E-02  -2.9048897168E-01  -6.1658598754E-02   1.3089187478E-01  -1.8752801482E-01
    3     -1.0847542700E-03  -3.6402682271E-03  -1.8082807790E-02  -2.6158899912E-03   2.7595835565E-03
    4      3.6237821867E-04   1.1661926064E-03   9.9952611236E-03   2.0271993560E-03  -2.1287543102E-03
    5      1.1683002099E-03   3.9235245003E-03  -1.0552786954E-02  -2.1308252608E-03   2.2582601063E-03
    6      9.3670593434E-03   1.1406387311E-03   4.2871016986E-03   8.8791882616E-03   3.2217784031E-03
    7     -4.8912325950E-03   1.2322440205E-03  -5.6651717734E-03  -1.4814707050E-02  -6.8446423923E-03
    8     -2.6333668065E-02  -3.5281570828E-03   7.5353765144E-03   2.0646574624E-02   6.2984640148E-03
    9     -2.2909944618E-02  -7.7020681742E-02   4.2934822267E-03  -3.6996141718E-03  -8.6918692993E-03
   10      6.8204208281E-02   7.7392870641E-02  -7.2158463726E-03   6.9860316058E-03   1.9455986978E-02
   11      7.7392870641E-02   3.0555649867E-01   6.0776463067E-03  -8.0645255677E-03  -1.5462894406E-02
   12     -7.2158463726E-03   6.0776463067E-03   6.4849617745E-02  -5.5364471699E-02   5.8456120916E-02
   13      6.9860316058E-03  -8.0645255677E-03  -5.5364471699E-02   1.7905574554E-01  -1.4134740714E-01
   14      1.9455986978E-02  -1.5462894406E-02   5.8456120916E-02  -1.4134740714E-01   1.9443418511E-01

$vibrational_frequencies
15
    0        0.0000000000000000
    1        0.0000000000000000
    2        0.0000000000000000
    3        0.0000000000000000
    4        0.0000000000000000
    5        0.0000000000000000
    6      512.1648392934089316
    7      897.4835717990451940
    8      898.1268262811158820
    9     1262.5487296042688286
   10     1459.9848974343180998
   11     1460.1328611856233692
   12     3066.7941605294240617
   13     3191.6763377429151660
   14     3192.5957894586640577

$normal_modes
15 15
                    0                  1                  2                  3                  4        
    0      0.0000000000E+00   0.0000000000E+00   0.0000000000E+00   0.0000000000E+00   0.0000000000E+00
    1      0.0000000000E+00   0.0000000000E+00   0.0000000000E+00   0.0000000000E+00   0.0000000000E+00
    2      0.0000000000E+00   0.0000000000E+00   0.0000000000E+00   0.0000000000E+00   0.0000000000E+00
    3      0.0000000000E+00   0.0000000000E+00   0.0000000000E+00   0.0000000000E+00   0.0000000000E+00
    4      0.0000000000E+00   0.0000000000E+00   0.0000000000E+00   0.0000000000E+00   0.0000000000E+00
    5      0.0000000000E+00   0.0000000000E+00   0.0000000000E+00   0.0000000000E+00   0.0000000000E+00
    6      0.0000000000E+00   0.0000000000E+00   0.0000000000E+00   0.0000000000E+00   0.0000000000E+00
    7      0.0000000000E+00   0.0000000000E+00   0.0000000000E+00   0.0000000000E+00   0.0000000000E+00
    8      0.0000000000E+00   0.0000000000E+00   0.0000000000E+00   0.0000000000E+00   0.0000000000E+00
    9      0.0000000000E+00   0.0000000000E+00   0.0000000000E+00   0.0000000000E+00   0.0000000000E+00
   10      0.0000000000E+00   0.0000000000E+00   0.0000000000E+00   0.0000000000E+00   0.0000000000E+00
   11      0.0000000000E+00   0.0000000000E+00   0.0000000000E+00   0.0000000000E+00   0.0000000000E+00
   12      0.0000000000E+00   0.0000000000E+00   0.0000000000E+00   0.0000000000E+00   0.0000000000E+00
   13      0.0000000000E+00   0.0000000000E+00   0.0000000000E+00   0.0000000000E+00   0.0000000000E+00
   14      0.0000000000E+00   0.0000000000E+00   0.0000000000E+00   0.0000000000E+00   0.0000000000E+00
                    5                  6                  7                  8                  9        
    0      0.0000000000E+00   5.9987913457E-01   1.5650533164E-04  -6.6453976602E-05   1.0591601349E-01
    1      0.0000000000E+00  -2.2604611410E-04   6.3993702131E-02  -7.6208495017E-02   4.8891204555E-05
    2      0.0000000000E+00   7.0331374648E-05  -7.6223780408E-02  -6.3995529728E-02   1.4901604455E-05
    3      0.0000000000E+00  -6.7706512182E-02  -1.0404031395E-05   9.0291333661E-06   3.0023838149E-03
    4      0.0000000000E+00   2.3453650594E-05  -3.2236815131E-03   3.8386907041E-03   1.9879564950E-06
    5      0.0000000000E+00  -7.9018788624E-06   3.8387452752E-03   3.2233890331E-03  -2.5351886618E-06
    6      0.0000000000E+00   4.5783607793E-01   3.4218074249E-01  -6.8416882398E-01  -5.4709260384E-01
    7      0.0000000000E+00   3.8061575860E-02  -1.0568885155E-01   8.5737581207E-02   1.7025698132E-01
    8      0.0000000000E+00   9.1710522873E-03   1.9684093397E-01   1.3166788904E-01   4.0798396095E-02
    9      0.0000000000E+00   4.5864205834E-01   4.2108471125E-01   6.3835996618E-01  -5.4698558953E-01
   10      0.0000000000E+00  -1.1268497598E-02  -1.7330529677E-01   1.5817731555E-01  -5.0275117615E-02
   11      0.0000000000E+00  -3.7552782349E-02   1.2490462400E-01   6.4308604072E-02  -1.6796535443E-01
   12      0.0000000000E+00   4.5932356070E-01  -7.6382052710E-01   4.5463998366E-02  -5.4596123531E-01
   13      0.0000000000E+00  -2.7052233404E-02  -7.7695506721E-02   1.8089699144E-01  -1.2081470491E-01
   14      0.0000000000E+00   2.8538474394E-02   1.0324159586E-01   1.6077176012E-01   1.2730855781E-01
                   10                 11                 12                 13                 14        
    0      3.4197667869E-05  -7.4955085205E-05   3.7919899246E-02   5.7569903507E-05  -5.4365984273E-05
    1     -1.7319447326E-03   7.1335518095E-02   4.7196466124E-05  -8.3579453641E-02   4.7808527467E-02
    2      7.1328160805E-02   1.7051986204E-03   8.8173069307E-05   4.7779868183E-02   8.3588690875E-02
    3     -4.3993017770E-07   1.4849544863E-06  -2.6252349100E-05  -1.0893641774E-07   1.1229207972E-07
    4     -1.4142345977E-05   5.8156395224E-04   1.1197870208E-07   3.1239158905E-05  -1.8268295046E-05
    5      5.8247246341E-04   1.4933295612E-05  -5.7987306867E-08  -1.7541019639E-05  -3.1820994836E-05
    6     -6.0463472798E-02  -2.8165499650E-01  -1.4932665658E-01   1.6310677757E-01  -1.5292488752E-01
    7      1.9772949015E-01   9.1004770858E-02  -5.4251536635E-01   5.5079496322E-01  -5.2273151538E-01
    8     -7.0669631830E-01   1.8290941949E-01  -1.2953655668E-01   1.4515224374E-01  -1.1050661228E-01
    9      2.7394654686E-01   8.9381835712E-02  -1.4926448553E-01   5.1240863089E-02   2.1828026445E-01
   10      2.5793645254E-01  -6.7197019126E-01   1.5856386071E-01  -6.8727287200E-02  -2.1257576320E-01
   11      5.6465463687E-02   2.4305415070E-01   5.3330065920E-01  -1.6583297957E-01  -7.3069228286E-01
   12     -2.1383517827E-01   1.9297935603E-01  -1.4994505505E-01  -2.1501991058E-01  -6.4721706323E-02
   13     -4.3324823249E-01  -3.4226014843E-01   3.8337503059E-01   5.0990511010E-01   1.6793626989E-01
   14     -2.7302142221E-01  -4.4816215734E-01  -4.0480744393E-01  -5.4644033695E-01  -1.5081070988E-01

#
# The atoms: label  mass x y z (in bohrs)
#
$atoms
5
 C     12.01100     -3.650914829368     0.001106108693    -0.000402022577
 I    126.90000      0.446729938754    -0.000120725513     0.000043947310
 H      1.00800     -4.244592659918    -1.911544814145    -0.457102237192
 H      1.00800     -4.245618879663     0.561087416376     1.884202102767
 H      1.00800     -4.246783710820     1.352475846247    -1.427842147836

$actual_temperature
  0.000000

$frequency_scale_factor
  1.000000

$dipole_derivatives
15
    4.3033058081E-01   -3.5452828538E-04    2.5471755002E-05
    1.5369010498E-04   -6.2534684275E-03   -1.0472821282E-03
    1.4691531475E-04   -7.1861688134E-04   -6.4334960373E-03
   -1.6556189678E-01    1.8673014258E-05    1.9591652821E-05
    1.2974760829E-04   -1.2233335934E-01   -7.1520174111E-05
   -2.6351722486E-05   -5.7473613817E-05   -1.2234280464E-01
   -8.7640385415E-02   -4.6328013514E-02   -1.0929891118E-02
   -2.2954833872E-02    3.1252566003E-03   -1.9340216698E-02
   -5.8995795780E-03   -2.0304960641E-02    8.2294299522E-02
   -8.7672441983E-02    1.3577589937E-02    4.5763492984E-02
    7.0562262570E-03    7.9822925841E-02   -2.4444980672E-02
    2.3137787706E-02   -2.4206993900E-02    4.2114913894E-03
   -8.7197963774E-02    3.3071368100E-02   -3.4876878243E-02
    1.6828769068E-02    4.4150740141E-02    4.5193691679E-02
   -1.7732038725E-02    4.5275521203E-02    3.9262124047E-02

#
# The IR spectrum
#  wavenumber eps Int TX TY TZ
#
$ir_spectrum
15
      0.00   0.00000000   0.00000000     0.000000     0.000000     0.000000
      0.00   0.00000000   0.00000000     0.000000     0.000000     0.000000
      0.00   0.00000000   0.00000000     0.000000     0.000000     0.000000
      0.00   0.00000000   0.00000000     0.000000     0.000000     0.000000
      0.00   0.00000000   0.00000000     0.000000     0.000000     0.000000
      0.00   0.00000000   0.00000000     0.000000     0.000000     0.000000
    512.16   0.00074296   3.75462869     0.021276     0.000005     0.000002
    897.48   0.00126918   6.41389618    -0.000108    -0.013529     0.016070
    898.13   0.00127290   6.43273658     0.000008     0.016108     0.013521
   1262.55   0.00527075  26.63620280     0.036094     0.000002     0.000024
   1459.98   0.00111008   5.60988578     0.000051     0.000415    -0.015398
   1460.13   0.00111015   5.61024161    -0.000020    -0.015398    -0.000388
   3066.79   0.00173215   8.75358531     0.013276    -0.000111    -0.000046
   3191.68   0.00008278   0.41831564     0.000056    -0.002400     0.001526
   3192.60   0.00007277   0.36773664    -0.000046     0.001234     0.002364


$end

