*************************************************
******************* ORCA 6.0.0 ******************
*************************************************
$Calculation_Status
   &GeometryIndex 1
   &ListStatus       OUT
   &VERSION [&Type "String"] "6.0.0"
   &PROGNAME [&Type "String"] "LeanSCF"
   &STATUS [&Type "String"] "NORMAL TERMINATION"
$End
$Geometry
   &GeometryIndex 1
   &ListStatus       OUT
   &NATOMS [&Type "Integer"] 5
   &NCORELESSECP [&Type "Integer"] 0
   &NGHOSTATOMS [&Type "Integer"] 0
   &CartesianCoordinates [&Type "Coordinates", &Dim(5,4), &Units "Bohr"] 
              C     -3.650905331517    0.000488035947   -0.000172506485
              I      0.446739436605   -0.000738798259    0.000273463403
              H     -4.244583162067   -1.912162886891   -0.456872721100
              H     -4.245609381813    0.560469343630    1.884431618859
              H     -4.246774212970    1.351857773501   -1.427612631744
$End
$SCF_Energy
   &GeometryIndex 1
   &ListStatus       OUT
   &SCF_ENERGY [&Type "Double"]      -3.3772105186325342e+02
$End
$DFT_Energy
   &GeometryIndex 1
   &ListStatus       OUT
   &NALPHAEL [&Type "Integer"] 17
   &NBETAEL [&Type "Integer"] 17
   &NTOTALEL [&Type "Integer"] 34
   &EEXCHANGE [&Type "Double"]      -2.7510294157693810e+01
   &ECORR [&Type "Double"]      -1.3281657175441612e+00
   &ECNL [&Type "Double"]       0.0000000000000000e+00
   &EXC [&Type "Double"]      -2.8838459875237973e+01
   &EEMBED [&Type "Double"]       0.0000000000000000e+00
   &FINALEN [&Type "Double"]      -3.3772105186325342e+02  "No Van der Waals correction"
$End
$Mulliken_Population_Analysis
   &GeometryIndex 1
   &ListStatus       OUT
   &NATOMS [&Type "Integer"] 5
   &ATNO [&Type "ArrayOfIntegers", &Dim (5,1)] 
                                                         0

0                                                        6
1                                                       53
2                                                        1
3                                                        1
4                                                        1
   &ATOMICCHARGES [&Type "ArrayOfDoubles", &Dim (5,1)] 
                                                         0

0                                     -3.4358216219314031e-01
1                                     -9.5936848331795943e-02
2                                      1.4652215230946397e-01
3                                      1.4650315566528638e-01
4                                      1.4649370255021887e-01
$End
$Loewdin_Population_Analysis
   &GeometryIndex 1
   &ListStatus       OUT
   &NATOMS [&Type "Integer"] 5
   &ATNO [&Type "ArrayOfIntegers", &Dim (5,1)] 
                                                         0

0                                                        6
1                                                       53
2                                                        1
3                                                        1
4                                                        1
   &ATOMICCHARGES [&Type "ArrayOfDoubles", &Dim (5,1)] 
                                                         0

0                                     -5.0098933957197112e-01
1                                      1.7436535975300060e-01
2                                      1.0889300868737239e-01
3                                      1.0887241666340008e-01
4                                      1.0885855446821446e-01
$End
$Mayer_Population_Analysis
   &GeometryIndex 1
   &ListStatus       OUT
   &NATOMS [&Type "Integer"] 5 "Total number of atoms"
   &BONDTHRESH [&Type "Double"]       1.0000000000000001e-01  "The threshold for printing"
   &NBONDORDERSPRINT [&Type "Integer"] 4 "The number of bond orders larger than threshold"
   &BONDORDERS [&Type "ArrayOfDoubles", &Dim (4,1)] "The bond orders"
                                                         0

0                                      1.0282537074264140e+00
1                                      9.6024450301934205e-01
2                                      9.6022666230378029e-01
3                                      9.6020740427945528e-01
   &COMPONENTS [&Type "ArrayOfIntegers", &Dim (4,4)] "The indices and atomic numbers of the bonding atoms"
                                                         0                           1                           2                           3

0                                                        0                           6                           1                          53
1                                                        0                           6                           2                           1
2                                                        0                           6                           3                           1
3                                                        0                           6                           4                           1
   &ATNO [&Type "ArrayOfIntegers", &Dim (5,1)] "Atomic number of the elements"
                                                         0

0                                                        6
1                                                       53
2                                                        1
3                                                        1
4                                                        1
   &NA [&Type "ArrayOfDoubles", &Dim (5,1)] "Mulliken gross atomic population"
                                                         0

0                                      6.3435821621931243e+00
1                                      2.5095936848331782e+01
2                                      8.5347784769053647e-01
3                                      8.5349684433471318e-01
4                                      8.5350629744978102e-01
   &ZA [&Type "ArrayOfDoubles", &Dim (5,1)] "Total nuclear charge"
                                                         0

0                                      6.0000000000000000e+00
1                                      2.5000000000000000e+01
2                                      1.0000000000000000e+00
3                                      1.0000000000000000e+00
4                                      1.0000000000000000e+00
   &QA [&Type "ArrayOfDoubles", &Dim (5,1)] "Mulliken gross atomic charge"
                                                         0

0                                     -3.4358216219312432e-01
1                                     -9.5936848331781732e-02
2                                      1.4652215230946353e-01
3                                      1.4650315566528682e-01
4                                      1.4649370255021898e-01
   &VA [&Type "ArrayOfDoubles", &Dim (5,1)] "Mayer's total valence"
                                                         0

0                                      3.9089322770289416e+00
1                                      1.0420262327154137e+00
2                                      9.6585866049171865e-01
3                                      9.6586002652580527e-01
4                                      9.6587128541936562e-01
   &BVA [&Type "ArrayOfDoubles", &Dim (5,1)] "Mayer's bonded valence"
                                                         0

0                                      3.9089322770289918e+00
1                                      1.0420262327154113e+00
2                                      9.6585866049171376e-01
3                                      9.6586002652580505e-01
4                                      9.6587128541937517e-01
   &FA [&Type "ArrayOfDoubles", &Dim (5,1)] "Mayer's free valence"
                                                         0

0                                      0.0000000000000000e+00
1                                      0.0000000000000000e+00
2                                      0.0000000000000000e+00
3                                      0.0000000000000000e+00
4                                      0.0000000000000000e+00
$End
$VdW_Correction
   &GeometryIndex 1
   &ListStatus       OUT
   &VDW [&Type "Double"]      -6.9173755907498183e-04
$End
$Calculation_Info
   &GeometryIndex 1
   &ListStatus       OUT
   &MULT [&Type "Integer"] 1
   &CHARGE [&Type "Integer"] 0
   &NUMOFATOMS [&Type "Integer"] 5
   &NUMOFELECTRONS [&Type "Integer"] 34
   &NUMOFFCELECTRONS [&Type "Integer"] 1
   &NUMOFCORRELECTRONS [&Type "Integer"] 0
   &NUMOFBASISFUNCTS [&Type "Integer"] 99
   &NUMOFAUXCBASISFUNCTS [&Type "Integer"] 0
   &NUMOFAUXJBASISFUNCTS [&Type "Integer"] 121
   &NUMOFAUXJKBASISFUNCTS [&Type "Integer"] 0
   &NUMOFCABSBASISFUNCTS [&Type "Integer"] 0
   &TOTALENERGY [&Type "Double"]      -3.3771931994361250e+02  "Hartrees"
$End
$SCF_Dipole_Moment
   &GeometryIndex 1
   &ListStatus       OUT
   &METHOD [&Type "String"] "SCF"
   &LEVEL [&Type "String"] "Relaxed density"
   &MULT [&Type "Integer"] 1
   &STATE [&Type "Integer"] -1
   &IRREP [&Type "Integer"] 0
   &NATOMS [&Type "Integer"] 5
   &DODIPOLEATOM [&Type "Boolean"] false
   &DIPOLEELECCONTRIB [&Type "ArrayOfDoubles", &Dim (3,1)] "Electronic contribution"
                                                         0

0                                      2.2754890438149626e+01
1                                     -5.6269583389569914e-03
2                                      2.0466153862533426e-03
   &DIPOLENUCCONTRIB [&Type "ArrayOfDoubles", &Dim (3,1)] "Nuclear contribution"
                                                         0

0                                     -2.3474235757746069e+01
1                                      5.6369628144050665e-03
2                                     -2.0557349629728439e-03
   &DIPOLETOTAL [&Type "ArrayOfDoubles", &Dim (3,1)] "Total"
                                                         0

0                                     -7.1934531959644232e-01
1                                      1.0004475448075097e-05
2                                     -9.1195767195012892e-06
   &DIPOLEMAGNITUDE [&Type "Double", &Units "a.u."]       7.1934531972381943e-01
$End
$THERMOCHEMISTRY_Energies
   &GeometryIndex 1
   &ListStatus       OUT
   &TEMPERATURE [&Type "Double"]       2.9814999999999998e+02
   &PRESSURE [&Type "Double"]       1.0000000000000000e+00
   &TOTALMASS [&Type "Double"]       1.4193500000000000e+02
   &SPINDEGENERACY [&Type "Integer"] 1
   &ELENERGY [&Type "Double"]      -3.3771931994361250e+02
   &TRANSENERGY [&Type "Double"]       1.4162714244859817e-03
   &ROTENERGY [&Type "Double"]       1.4162714244859817e-03
   &VIBENERGY [&Type "Double"]       3.4881901277793268e-04
   &NUMOFFREQS [&Type "Integer"] 15
   &FREQSCALINGFACTOR [&Type "Double"]       1.0000000000000000e+00
   &FREQ [&Type "ArrayOfDoubles", &Dim (15,1)] "In cm^-1"
                                                         0

0                                      0.0000000000000000e+00
1                                      0.0000000000000000e+00
2                                      0.0000000000000000e+00
3                                      0.0000000000000000e+00
4                                      0.0000000000000000e+00
5                                      0.0000000000000000e+00
6                                      5.1216483929340893e+02
7                                      8.9748357179904519e+02
8                                      8.9812682628111588e+02
9                                      1.2625487296042688e+03
10                                     1.4599848974343181e+03
11                                     1.4601328611856234e+03
12                                     3.0667941605294241e+03
13                                     3.1916763377429152e+03
14                                     3.1925957894586641e+03
   &ZPE [&Type "Double"]       3.6317427521977613e-02
   &INNERENERGYU [&Type "Double"]      -3.3767982115422876e+02
   &ENTHALPYH [&Type "Double"]      -3.3767887694518652e+02
   &QEL [&Type "Double"]       0.0000000000000000e+00
   &QROT [&Type "Double"]       1.0065259734850064e-02
   &QVIB [&Type "Double"]       4.6137862181286408e-04
   &QTRANS [&Type "Double"]       1.9367218984944558e-02
   &ENTROPYS [&Type "Double"]       2.9893857341607488e-02
   &FREEENERGYG [&Type "Double"]      -3.3770877080252814e+02
   &ISLINEAR [&Type "Boolean"] false
$End
$Hessian
   &GeometryIndex 1
   &ListStatus       OUT
   &HESSIAN [&Type "ArrayOfDoubles", &Dim (15,15)] "The Hessian"
                                                         0                           1                           2                           3                           4                           5                           6                           7

0                                      2.5126992739057741e-01        -2.6466376074313347e-04         8.0645779114273813e-05        -8.5549338197685384e-02         4.3319122136221272e-06         2.7426610891998166e-06        -5.5124429547681424e-02        -7.4203101893920181e-02
1                                     -2.6466376074313347e-04         5.6019916690131255e-01         2.0602773889097370e-04         9.8664775863634450e-06        -1.8728642693926146e-02        -2.3275729455718802e-06        -8.2275362380602207e-02        -2.9755486924302288e-01
2                                      8.0645779114273813e-05         2.0602773889097370e-04         5.6025534872577443e-01         3.7950635411847719e-06        -2.7174823049452591e-06        -1.8736220745667678e-02        -1.9659771134226411e-02        -5.9399642108768608e-02
3                                     -8.5549338197685384e-02         9.8664775863634450e-06         3.7950635411847719e-06         1.3990847681863822e-01         2.6432224345994751e-06        -5.1310221424018601e-06        -1.8155407671089491e-02         3.6900590254782054e-03
4                                      4.3319122136221272e-06        -1.8728642693926146e-02        -2.7174823049452591e-06         2.6432224345994751e-06         1.2306228259295138e-02         2.4518729950140546e-06        -1.4154562877627843e-02         4.0328368599460186e-03
5                                      2.7426610891998166e-06        -2.3275729455718802e-06        -1.8736220745667678e-02        -5.1310221424018601e-06         2.4518729950140546e-06         1.2306063710089906e-02        -3.3843543767940196e-03         9.6173653932291026e-04
6                                     -5.5124429547681424e-02        -8.2275362380602207e-02        -1.9659771134226411e-02        -1.8155407671089491e-02        -1.4154562877627843e-02        -3.3843543767940196e-03         6.4711495868047197e-02         7.8000913413536266e-02
7                                     -7.4203101893920181e-02        -2.9755486924302288e-01        -5.9399642108768608e-02         3.6900590254782054e-03         4.0328368599460186e-03         9.6173653932291026e-04         7.8000913413536266e-02         3.1322797202805014e-01
8                                     -1.7740776024235468e-02        -5.9358097067750054e-02        -6.3502141481621782e-02         8.8041766813501615e-04         9.6349152460750600e-04         2.4837242893294706e-04         1.8643647566684095e-02         6.4066001462717945e-02
9                                     -5.5248765764476751e-02         2.4149972467393109e-02         8.1233639989780254e-02        -1.8120923159754280e-02         4.1504021549713058e-03         1.3941132653034087e-02         4.2812396521031762e-03        -1.6399345320221928e-03
10                                     2.1792604616269050e-02        -7.0661385510300601e-02        -7.1678368644054608e-02        -1.0847542699677793e-03         3.6237821867238056e-04         1.1683002098850730e-03         9.3670593434417911e-03        -4.8912325949839672e-03
11                                     7.3261048245511634e-02        -7.1731902819200249e-02        -2.9048897167767146e-01        -3.6402682271344990e-03         1.1661926063510069e-03         3.9235245003219768e-03         1.1406387310790404e-03         1.2322440205059654e-03
12                                    -5.5347393880733856e-02         5.8383036450911911e-02        -6.1658598753983440e-02        -1.8082807790109061e-02         9.9952611236427819e-03        -1.0552786954104500e-02         4.2871016986205423e-03        -5.6651717734246404e-03
13                                     5.2667979871634608e-02        -1.7325426945406294e-01         1.3089187478214290e-01        -2.6158899911658557e-03         2.0271993560126086e-03        -2.1308252607518934e-03         8.8791882616045328e-03        -1.4814707049989329e-02
14                                    -5.5603371605705505e-02         1.3086912543509921e-01        -1.8752801482081355e-01         2.7595835565183344e-03        -2.1287543101541138e-03         2.2582601063228479e-03         3.2217784030866663e-03        -6.8446423923460495e-03
                                                         8                           9                          10                          11                          12                          13                          14

0                                     -1.7740776024235468e-02        -5.5248765764476751e-02         2.1792604616269050e-02         7.3261048245511634e-02        -5.5347393880733856e-02         5.2667979871634608e-02        -5.5603371605705505e-02
1                                     -5.9358097067750054e-02         2.4149972467393109e-02        -7.0661385510300601e-02        -7.1731902819200249e-02         5.8383036450911911e-02        -1.7325426945406294e-01         1.3086912543509921e-01
2                                     -6.3502141481621782e-02         8.1233639989780254e-02        -7.1678368644054608e-02        -2.9048897167767146e-01        -6.1658598753983440e-02         1.3089187478214290e-01        -1.8752801482081355e-01
3                                      8.8041766813501615e-04        -1.8120923159754280e-02        -1.0847542699677793e-03        -3.6402682271344990e-03        -1.8082807790109061e-02        -2.6158899911658557e-03         2.7595835565183344e-03
4                                      9.6349152460750600e-04         4.1504021549713058e-03         3.6237821867238056e-04         1.1661926063510069e-03         9.9952611236427819e-03         2.0271993560126086e-03        -2.1287543101541138e-03
5                                      2.4837242893294706e-04         1.3941132653034087e-02         1.1683002098850730e-03         3.9235245003219768e-03        -1.0552786954104500e-02        -2.1308252607518934e-03         2.2582601063228479e-03
6                                      1.8643647566684095e-02         4.2812396521031762e-03         9.3670593434417911e-03         1.1406387310790404e-03         4.2871016986205423e-03         8.8791882616045328e-03         3.2217784030866663e-03
7                                      6.4066001462717945e-02        -1.6399345320221928e-03        -4.8912325949839672e-03         1.2322440205059654e-03        -5.6651717734246404e-03        -1.4814707049989329e-02        -6.8446423923460495e-03
8                                      6.0483462120750286e-02        -9.2806049147642865e-03        -2.6333668065465773e-02        -3.5281570828442450e-03         7.5353765143512715e-03         2.0646574624458205e-02         6.2984640147828062e-03
9                                     -9.2806049147642865e-03         6.4794967045378155e-02        -2.2909944617802908e-02        -7.7020681742478073e-02         4.2934822267496897e-03        -3.6996141718399194e-03        -8.6918692992628832e-03
10                                    -2.6333668065465773e-02        -2.2909944617802908e-02         6.8204208280778000e-02         7.7392870641050118e-02        -7.2158463726395465e-03         6.9860316058341912e-03         1.9455986977566175e-02
11                                    -3.5281570828442450e-03        -7.7020681742478073e-02         7.7392870641050118e-02         3.0555649866647111e-01         6.0776463067127827e-03        -8.0645255676878268e-03        -1.5462894406277324e-02
12                                     7.5353765143512715e-03         4.2934822267496897e-03        -7.2158463726395465e-03         6.0776463067127827e-03         6.4849617745472682e-02        -5.5364471699361928e-02         5.8456120916193635e-02
13                                     2.0646574624458205e-02        -3.6996141718399194e-03         6.9860316058341912e-03        -8.0645255676878268e-03        -5.5364471699361928e-02         1.7905574554220546e-01        -1.4134740714416330e-01
14                                     6.2984640147828062e-03        -8.6918692992628832e-03         1.9455986977566175e-02        -1.5462894406277324e-02         5.8456120916193635e-02        -1.4134740714416330e-01         1.9443418510598520e-01
   &MODES [&Type "ArrayOfDoubles", &Dim (15,15)] "The modes of vibrations"
                                                         0                           1                           2                           3                           4                           5                           6                           7

0                                      0.0000000000000000e+00         0.0000000000000000e+00         0.0000000000000000e+00         0.0000000000000000e+00         0.0000000000000000e+00         0.0000000000000000e+00         2.5475858039911653e-01         1.4787365230658667e-04
1                                      0.0000000000000000e+00         0.0000000000000000e+00         0.0000000000000000e+00         0.0000000000000000e+00         0.0000000000000000e+00         0.0000000000000000e+00        -9.5997983283872913e-05         6.0464281694449555e-02
2                                      0.0000000000000000e+00         0.0000000000000000e+00         0.0000000000000000e+00         0.0000000000000000e+00         0.0000000000000000e+00         0.0000000000000000e+00         2.9868552063651923e-05        -7.2019839092471574e-02
3                                      0.0000000000000000e+00         0.0000000000000000e+00         0.0000000000000000e+00         0.0000000000000000e+00         0.0000000000000000e+00         0.0000000000000000e+00        -2.8753817116081975e-02        -9.8302217889522456e-06
4                                      0.0000000000000000e+00         0.0000000000000000e+00         0.0000000000000000e+00         0.0000000000000000e+00         0.0000000000000000e+00         0.0000000000000000e+00         9.9603709917922196e-06        -3.0458870265448893e-03
5                                      0.0000000000000000e+00         0.0000000000000000e+00         0.0000000000000000e+00         0.0000000000000000e+00         0.0000000000000000e+00         0.0000000000000000e+00        -3.3557950684457473e-06         3.6270284096989688e-03
6                                      0.0000000000000000e+00         0.0000000000000000e+00         0.0000000000000000e+00         0.0000000000000000e+00         0.0000000000000000e+00         0.0000000000000000e+00         1.9443528295438678e-01         3.2330857749023612e-01
7                                      0.0000000000000000e+00         0.0000000000000000e+00         0.0000000000000000e+00         0.0000000000000000e+00         0.0000000000000000e+00         0.0000000000000000e+00         1.6164111193183752e-02        -9.9859834317447493e-02
8                                      0.0000000000000000e+00         0.0000000000000000e+00         0.0000000000000000e+00         0.0000000000000000e+00         0.0000000000000000e+00         0.0000000000000000e+00         3.8947916785633109e-03         1.8598464043127391e-01
9                                      0.0000000000000000e+00         0.0000000000000000e+00         0.0000000000000000e+00         0.0000000000000000e+00         0.0000000000000000e+00         0.0000000000000000e+00         1.9477756927833240e-01         3.9786078551914489e-01
10                                     0.0000000000000000e+00         0.0000000000000000e+00         0.0000000000000000e+00         0.0000000000000000e+00         0.0000000000000000e+00         0.0000000000000000e+00        -4.7855414298344874e-03        -1.6374705532084821e-01
11                                     0.0000000000000000e+00         0.0000000000000000e+00         0.0000000000000000e+00         0.0000000000000000e+00         0.0000000000000000e+00         0.0000000000000000e+00        -1.5948035145444850e-02         1.1801580653693884e-01
12                                     0.0000000000000000e+00         0.0000000000000000e+00         0.0000000000000000e+00         0.0000000000000000e+00         0.0000000000000000e+00         0.0000000000000000e+00         1.9506699187146220e-01        -7.2169382262529003e-01
13                                     0.0000000000000000e+00         0.0000000000000000e+00         0.0000000000000000e+00         0.0000000000000000e+00         0.0000000000000000e+00         0.0000000000000000e+00        -1.1488628594337384e-02        -7.3410395841354226e-02
14                                     0.0000000000000000e+00         0.0000000000000000e+00         0.0000000000000000e+00         0.0000000000000000e+00         0.0000000000000000e+00         0.0000000000000000e+00         1.2119810148775681e-02         9.7547551195355631e-02
                                                         8                           9                          10                          11                          12                          13                          14

0                                     -6.2789526395312388e-05         9.9524348184714659e-02         3.3152347844598296e-05        -7.2663576281180767e-05         3.7476155063547227e-02         5.4643405517648749e-05        -5.1601258076163510e-05
1                                     -7.2006154546107273e-02         4.5940789358065806e-05        -1.6790043824366622e-03         6.9154665710448635e-02         4.6644166205426872e-05        -7.9330790916687405e-02         4.5377273989301935e-02
2                                     -6.0466644864479842e-02         1.4002344134969799e-05         6.9147873099505749e-02         1.6530676963142142e-03         8.7141255211154183e-05         4.5351035065824032e-02         7.9337873999792849e-02
3                                      8.5312427759098239e-06         2.8212003297955592e-03        -4.2648283310262868e-07         1.4395568131450198e-06        -2.5945140288674493e-05        -1.0339876372482714e-07         1.0658158153212547e-07
4                                      3.6270150201666049e-03         1.8679901920953767e-06        -1.3710056924591362e-05         5.6378451829580255e-04         1.1066831100853151e-07         2.9651153191279081e-05        -1.7339279696677621e-05
5                                      3.0456427309028871e-03        -2.3821987892447917e-06         5.6466802913805085e-04         1.4476758473313356e-05        -5.7308730959249845e-08        -1.6649342641078406e-05        -3.0202770882078461e-05
6                                     -6.4644192309442583e-01        -5.1407745628623991e-01        -5.8615285981948852e-02        -2.7304430736228358e-01        -1.4757921430256102e-01         1.5481543734864633e-01        -1.4514804970094958e-01
7                                      8.1009781408566739e-02         1.5998256100777083e-01         1.9168549334367177e-01         8.8222594786952171e-02        -5.3616677254110423e-01         5.2279595237980070e-01        -4.9614854196619823e-01
8                                      1.2440736908780228e-01         3.8336353915284921e-02        -6.8509473377433616e-01         1.7731755649839517e-01        -1.2802070102953950e-01         1.3777360102028458e-01        -1.0488691220235366e-01
9                                      6.0315908836953069e-01        -5.1397689992630158e-01         2.6557282347171024e-01         8.6649275625536384e-02        -1.4751777079104811e-01         4.8636094387321221e-02         2.0717984617716453e-01
10                                     1.4945499483693342e-01        -4.7241188048738718e-02         2.5005210966897368e-01        -6.5142687941336264e-01         1.5670832332749129e-01        -6.5233616800327326e-02        -2.0176544147048170e-01
11                                     6.0762455450471792e-02        -1.5782922588499668e-01         5.4739484005163007e-02         2.3562355738542290e-01         5.2705989723186031e-01        -1.5740305608539024e-01        -6.9353367857637160e-01
12                                     4.2956991761870247e-02        -5.1301436193990269e-01        -2.0729887893662685e-01         1.8707963734699096e-01        -1.4819037618182038e-01        -2.0408962760953492e-01        -6.1430350535682902e-02
13                                     1.7092184696298410e-01        -1.1352395507843359e-01        -4.2000513489639812e-01        -3.3179665309177964e-01         3.7888872015710473e-01         4.8398468660342236e-01         1.5939604366287352e-01
14                                     1.5190637478284783e-01         1.1962592640517818e-01        -2.6467597711156327e-01        -4.3446105113649036e-01        -4.0007032828404965e-01        -5.1866268838177887e-01        -1.4314138639049670e-01
$End
