*************************************************
******************* ORCA 6.0.0 ******************
*************************************************
$Calculation_Status
   &GeometryIndex 1
   &ListStatus       OUT
   &VERSION [&Type "String"] "6.0.0"
   &PROGNAME [&Type "String"] "LeanSCF"
   &STATUS [&Type "String"] "NORMAL TERMINATION"
$End
$Geometry
   &GeometryIndex 1
   &ListStatus       OUT
   &NATOMS [&Type "Integer"] 5
   &NCORELESSECP [&Type "Integer"] 0
   &NGHOSTATOMS [&Type "Integer"] 0
   &CartesianCoordinates [&Type "Coordinates", &Dim(5,4), &Units "Bohr"] 
              C     -3.633351156556   -0.000152689305   -0.000032784670
              I      0.460569715735    0.000245238453    0.000083557265
              H     -4.244503996337   -1.753607152094   -0.877357609167
              H     -4.243582635227    0.117025312936    1.957423369626
              H     -4.243437056773    1.636740193861   -1.079973750071
$End
$SCF_Energy
   &GeometryIndex 1
   &ListStatus       OUT
   &SCF_ENERGY [&Type "Double"]      -3.3772107000477774e+02
$End
$DFT_Energy
   &GeometryIndex 1
   &ListStatus       OUT
   &NALPHAEL [&Type "Integer"] 17
   &NBETAEL [&Type "Integer"] 17
   &NTOTALEL [&Type "Integer"] 34
   &EEXCHANGE [&Type "Double"]      -2.7510765099609486e+01
   &ECORR [&Type "Double"]      -1.3281820129132220e+00
   &ECNL [&Type "Double"]       0.0000000000000000e+00
   &EXC [&Type "Double"]      -2.8838947112522707e+01
   &EEMBED [&Type "Double"]       0.0000000000000000e+00
   &FINALEN [&Type "Double"]      -3.3772107000477774e+02  "No Van der Waals correction"
$End
$Mulliken_Population_Analysis
   &GeometryIndex 1
   &ListStatus       OUT
   &NATOMS [&Type "Integer"] 5
   &ATNO [&Type "ArrayOfIntegers", &Dim (5,1)] 
                                                         0

0                                                        6
1                                                       53
2                                                        1
3                                                        1
4                                                        1
   &ATOMICCHARGES [&Type "ArrayOfDoubles", &Dim (5,1)] 
                                                         0

0                                     -3.4483079713972309e-01
1                                     -9.2740571029931829e-02
2                                      1.4584513483938966e-01
3                                      1.4585654376430746e-01
4                                      1.4586968956596369e-01
$End
$Loewdin_Population_Analysis
   &GeometryIndex 1
   &ListStatus       OUT
   &NATOMS [&Type "Integer"] 5
   &ATNO [&Type "ArrayOfIntegers", &Dim (5,1)] 
                                                         0

0                                                        6
1                                                       53
2                                                        1
3                                                        1
4                                                        1
   &ATOMICCHARGES [&Type "ArrayOfDoubles", &Dim (5,1)] 
                                                         0

0                                     -5.0321074254902953e-01
1                                      1.7712406831756056e-01
2                                      1.0869001296197034e-01
3                                      1.0869384612525324e-01
4                                      1.0870281514424096e-01
$End
$Mayer_Population_Analysis
   &GeometryIndex 1
   &ListStatus       OUT
   &NATOMS [&Type "Integer"] 5 "Total number of atoms"
   &BONDTHRESH [&Type "Double"]       1.0000000000000001e-01  "The threshold for printing"
   &NBONDORDERSPRINT [&Type "Integer"] 4 "The number of bond orders larger than threshold"
   &BONDORDERS [&Type "ArrayOfDoubles", &Dim (4,1)] "The bond orders"
                                                         0

0                                      1.0290699891443509e+00
1                                      9.6041885245393321e-01
2                                      9.6043301054745589e-01
3                                      9.6043235713111097e-01
   &COMPONENTS [&Type "ArrayOfIntegers", &Dim (4,4)] "The indices and atomic numbers of the bonding atoms"
                                                         0                           1                           2                           3

0                                                        0                           6                           1                          53
1                                                        0                           6                           2                           1
2                                                        0                           6                           3                           1
3                                                        0                           6                           4                           1
   &ATNO [&Type "ArrayOfIntegers", &Dim (5,1)] "Atomic number of the elements"
                                                         0

0                                                        6
1                                                       53
2                                                        1
3                                                        1
4                                                        1
   &NA [&Type "ArrayOfDoubles", &Dim (5,1)] "Mulliken gross atomic population"
                                                         0

0                                      6.3448307971397346e+00
1                                      2.5092740571029939e+01
2                                      8.5415486516061023e-01
3                                      8.5414345623569354e-01
4                                      8.5413031043403598e-01
   &ZA [&Type "ArrayOfDoubles", &Dim (5,1)] "Total nuclear charge"
                                                         0

0                                      6.0000000000000000e+00
1                                      2.5000000000000000e+01
2                                      1.0000000000000000e+00
3                                      1.0000000000000000e+00
4                                      1.0000000000000000e+00
   &QA [&Type "ArrayOfDoubles", &Dim (5,1)] "Mulliken gross atomic charge"
                                                         0

0                                     -3.4483079713973463e-01
1                                     -9.2740571029938934e-02
2                                      1.4584513483938977e-01
3                                      1.4585654376430646e-01
4                                      1.4586968956596402e-01
   &VA [&Type "ArrayOfDoubles", &Dim (5,1)] "Mayer's total valence"
                                                         0

0                                      3.9103542092768961e+00
1                                      1.0436086729139376e+00
2                                      9.6588024361573799e-01
3                                      9.6588204630509400e-01
4                                      9.6587762149723932e-01
   &BVA [&Type "ArrayOfDoubles", &Dim (5,1)] "Mayer's bonded valence"
                                                         0

0                                      3.9103542092768513e+00
1                                      1.0436086729139507e+00
2                                      9.6588024361574720e-01
3                                      9.6588204630507790e-01
4                                      9.6587762149722778e-01
   &FA [&Type "ArrayOfDoubles", &Dim (5,1)] "Mayer's free valence"
                                                         0

0                                      0.0000000000000000e+00
1                                      0.0000000000000000e+00
2                                      0.0000000000000000e+00
3                                      0.0000000000000000e+00
4                                      0.0000000000000000e+00
$End
$VdW_Correction
   &GeometryIndex 1
   &ListStatus       OUT
   &VDW [&Type "Double"]      -6.9167368814952918e-04
$End
$Calculation_Info
   &GeometryIndex 1
   &ListStatus       OUT
   &MULT [&Type "Integer"] 1
   &CHARGE [&Type "Integer"] 0
   &NUMOFATOMS [&Type "Integer"] 5
   &NUMOFELECTRONS [&Type "Integer"] 34
   &NUMOFFCELECTRONS [&Type "Integer"] 1
   &NUMOFCORRELECTRONS [&Type "Integer"] 0
   &NUMOFBASISFUNCTS [&Type "Integer"] 99
   &NUMOFAUXCBASISFUNCTS [&Type "Integer"] 0
   &NUMOFAUXJBASISFUNCTS [&Type "Integer"] 121
   &NUMOFAUXJKBASISFUNCTS [&Type "Integer"] 0
   &NUMOFCABSBASISFUNCTS [&Type "Integer"] 0
   &TOTALENERGY [&Type "Double"]      -3.3771933525796589e+02  "Hartrees"
$End
$SCF_Dipole_Moment
   &GeometryIndex 1
   &ListStatus       OUT
   &METHOD [&Type "String"] "SCF"
   &LEVEL [&Type "String"] "Relaxed density"
   &MULT [&Type "Integer"] 1
   &STATE [&Type "Integer"] -1
   &IRREP [&Type "Integer"] 0
   &NATOMS [&Type "Integer"] 5
   &DODIPOLEATOM [&Type "Boolean"] false
   &DIPOLEELECCONTRIB [&Type "ArrayOfDoubles", &Dim (3,1)] "Electronic contribution"
                                                         0

0                                      2.2775083518919011e+01
1                                      1.7084638096908306e-03
2                                      4.8263377354186034e-04
   &DIPOLENUCCONTRIB [&Type "ArrayOfDoubles", &Dim (3,1)] "Nuclear contribution"
                                                         0

0                                     -2.3489950318974770e+01
1                                     -1.6806023036863849e-03
2                                     -4.8366432916524538e-04
   &DIPOLETOTAL [&Type "ArrayOfDoubles", &Dim (3,1)] "Total"
                                                         0

0                                     -7.1486680005575920e-01
1                                      2.7861506004445711e-05
2                                     -1.0305556233850379e-06
   &DIPOLEMAGNITUDE [&Type "Double", &Units "a.u."]       7.1486680059944485e-01
$End
$THERMOCHEMISTRY_Energies
   &GeometryIndex 1
   &ListStatus       OUT
   &TEMPERATURE [&Type "Double"]       2.9814999999999998e+02
   &PRESSURE [&Type "Double"]       1.0000000000000000e+00
   &TOTALMASS [&Type "Double"]       1.4193500000000000e+02
   &SPINDEGENERACY [&Type "Integer"] 1
   &ELENERGY [&Type "Double"]      -3.3771933525796589e+02
   &TRANSENERGY [&Type "Double"]       1.4162714244859817e-03
   &ROTENERGY [&Type "Double"]       1.4162714244859817e-03
   &VIBENERGY [&Type "Double"]       3.4907347464686905e-04
   &NUMOFFREQS [&Type "Integer"] 15
   &FREQSCALINGFACTOR [&Type "Double"]       1.0000000000000000e+00
   &FREQ [&Type "ArrayOfDoubles", &Dim (15,1)] "In cm^-1"
                                                         0

0                                      0.0000000000000000e+00
1                                      0.0000000000000000e+00
2                                      0.0000000000000000e+00
3                                      0.0000000000000000e+00
4                                      0.0000000000000000e+00
5                                      0.0000000000000000e+00
6                                      5.1355391092574143e+02
7                                      8.9395245784660017e+02
8                                      8.9430896617025610e+02
9                                      1.2676164537257050e+03
10                                     1.4601140822005414e+03
11                                     1.4604831865317751e+03
12                                     3.0696759191645579e+03
13                                     3.1914538188154015e+03
14                                     3.1923668372370071e+03
   &ZPE [&Type "Double"]       3.6322023996930089e-02
   &INNERENERGYU [&Type "Double"]      -3.3767983161764533e+02
   &ENTHALPYH [&Type "Double"]      -3.3767888740860309e+02
   &QEL [&Type "Double"]       0.0000000000000000e+00
   &QROT [&Type "Double"]       1.0062603959263420e-02
   &QVIB [&Type "Double"]       4.6144486603748476e-04
   &QTRANS [&Type "Double"]       1.9367218984944558e-02
   &ENTROPYS [&Type "Double"]       2.9891267810245460e-02
   &FREEENERGYG [&Type "Double"]      -3.3770877867641332e+02
   &ISLINEAR [&Type "Boolean"] false
$End
$Hessian
   &GeometryIndex 1
   &ListStatus       OUT
   &HESSIAN [&Type "ArrayOfDoubles", &Dim (15,15)] "The Hessian"
                                                         0                           1                           2                           3                           4                           5                           6                           7

0                                      2.5662760696296794e-01         1.2607012821443803e-04         1.4353874545670192e-05        -8.6556896694813312e-02        -6.9600739643713516e-06         4.1125758539741791e-06        -5.6751113304291369e-02        -6.9897663064029683e-02
1                                      1.2607012821443803e-04         5.5800996967548566e-01        -2.7865395109405444e-08        -8.4350906090424940e-06        -1.8830753619452106e-02        -5.6823526773612792e-06        -7.7620036456124308e-02        -2.5810611694358943e-01
2                                      1.4353874545670192e-05        -2.7865395109405444e-08         5.5773768658586909e-01        -1.4949968070437905e-05        -4.5551591894058382e-06        -1.8817656041970443e-02        -3.8804002309668260e-02        -1.0462831184690786e-01
3                                     -8.6556896694813312e-02        -8.4350906090424940e-06        -1.4949968070437905e-05         1.4031738696040397e-01         1.6621339545806486e-06        -1.1069650002715984e-06        -1.7898793875310945e-02         3.4839515612894462e-03
4                                     -6.9600739643713516e-06        -1.8830753619452106e-02        -4.5551591894058382e-06         1.6621339545806486e-06         1.2345822360516873e-02         5.7955302264428923e-07        -1.2921590353767295e-02         3.4724115581528719e-03
5                                      4.1125758539741791e-06        -5.6823526773612792e-06        -1.8817656041970443e-02        -1.1069650002715984e-06         5.7955302264428923e-07         1.2351348438028244e-02        -6.4675183805071642e-03         1.7514355976598615e-03
6                                     -5.6751113304291369e-02        -7.7620036456124308e-02        -3.8804002309668260e-02        -1.7898793875310945e-02        -1.2921590353767295e-02        -6.4675183805071642e-03         6.5915629826215918e-02         7.3483667020800308e-02
7                                     -6.9897663064029683e-02        -2.5810611694358943e-01        -1.0462831184690786e-01         3.4839515612894462e-03         3.4724115581528719e-03         1.7514355976598615e-03         7.3483667020800308e-02         2.7100476449372163e-01
8                                     -3.4964628583918793e-02        -1.0469124062226912e-01        -1.0125367682299397e-01         1.7433161695003720e-03         1.7527265452748730e-03         8.4744984404824721e-04         3.6765017452179659e-02         1.1310700094697024e-01
9                                     -5.6680471521280473e-02         5.1846381079898585e-03         8.6499552575823424e-02        -1.7932153034257124e-02         8.6241703995405469e-04         1.4429484542113583e-02         4.3674346358029987e-03         4.3749718054677568e-04
10                                     4.6635258928512235e-03        -4.9890378687913781e-02        -1.5535499836049566e-02        -2.3395367542257243e-04        -2.4627690526782611e-06         2.5693243327087770e-04         8.8944779708963508e-03         6.0482878707402332e-04
11                                     7.7920488288192646e-02        -1.5582432556048915e-02        -3.0944400027676855e-01        -3.8714364841556572e-03         2.6082368450081907e-04         4.3203844666288762e-03         3.3006256795739802e-03         2.0842986420052390e-03
12                                    -5.6639125442582774e-02         7.2324663999304234e-02        -4.7694050264603959e-02        -1.7929543356022606e-02         1.2066420918642360e-02        -7.9651142402147289e-03         4.3668427175834034e-03        -7.3409017190269894e-03
13                                     6.5108126428153223e-02        -2.3118272042453036e-01         1.2018251641786462e-01        -3.2451745940317404e-03         3.0149824698350392e-03        -2.0043205452162623e-03         7.9969308386150656e-03        -1.6975887895359087e-02
14                                    -4.2975230062699939e-02         1.2026526168606783e-01        -1.2822235344413610e-01         2.1443197154806023e-03        -2.0085193096686907e-03         1.2984732932650742e-03         5.1176065633729900e-03        -1.2328022085696166e-02
                                                         8                           9                          10                          11                          12                          13                          14

0                                     -3.4964628583918793e-02        -5.6680471521280473e-02         4.6635258928512235e-03         7.7920488288192646e-02        -5.6639125442582774e-02         6.5108126428153223e-02        -4.2975230062699939e-02
1                                     -1.0469124062226912e-01         5.1846381079898585e-03        -4.9890378687913781e-02        -1.5582432556048915e-02         7.2324663999304234e-02        -2.3118272042453036e-01         1.2026526168606783e-01
2                                     -1.0125367682299397e-01         8.6499552575823424e-02        -1.5535499836049566e-02        -3.0944400027676855e-01        -4.7694050264603959e-02         1.2018251641786462e-01        -1.2822235344413610e-01
3                                      1.7433161695003720e-03        -1.7932153034257124e-02        -2.3395367542257243e-04        -3.8714364841556572e-03        -1.7929543356022606e-02        -3.2451745940317404e-03         2.1443197154806023e-03
4                                      1.7527265452748730e-03         8.6241703995405469e-04        -2.4627690526782611e-06         2.6082368450081907e-04         1.2066420918642360e-02         3.0149824698350392e-03        -2.0085193096686907e-03
5                                      8.4744984404824721e-04         1.4429484542113583e-02         2.5693243327087770e-04         4.3203844666288762e-03        -7.9651142402147289e-03        -2.0043205452162623e-03         1.2984732932650742e-03
6                                      3.6765017452179659e-02         4.3674346358029987e-03         8.8944779708963508e-03         3.3006256795739802e-03         4.3668427175834034e-03         7.9969308386150656e-03         5.1176065633729900e-03
7                                      1.1310700094697024e-01         4.3749718054677568e-04         6.0482878707402332e-04         2.0842986420052390e-03        -7.3409017190269894e-03        -1.6975887895359087e-02        -1.2328022085696166e-02
8                                      1.0160470877302166e-01        -9.4883947427964830e-03        -2.5497758950314052e-02        -9.4056740864995048e-03         6.0329607000840363e-03         1.5342870826306750e-02         8.2071922924235631e-03
9                                     -9.4883947427964830e-03         6.5881796222394332e-02        -4.8969940554735511e-03        -8.1886486408548259e-02         4.3633936973402733e-03        -1.5703027984109094e-03        -9.3587847050783362e-03
10                                    -2.5497758950314052e-02        -4.8969940554735511e-03         4.6060296532355827e-02         1.6806138843095637e-02        -8.4443116074576791e-03         3.2277161375366056e-03         2.3986297925094449e-02
11                                    -9.4056740864995048e-03        -8.1886486408548259e-02         1.6806138843095637e-02         3.2659865955874151e-01         4.3414376634233441e-03        -3.5849390286501262e-03        -1.2069369662102321e-02
12                                     6.0329607000840363e-03         4.3633936973402733e-03        -8.4443116074576791e-03         4.3414376634233441e-03         6.5838432383681700e-02        -6.8447725732893788e-02         4.5178427315117994e-02
13                                     1.5342870826306750e-02        -1.5703027984109094e-03         3.2277161375366056e-03        -3.5849390286501262e-03        -6.8447725732893788e-02         2.4191590971251781e-01        -1.2992557294305121e-01
14                                     8.2071922924235631e-03        -9.3587847050783362e-03         2.3986297925094449e-02        -1.2069369662102321e-02         4.5178427315117994e-02        -1.2992557294305121e-01         1.3078605752054978e-01
   &MODES [&Type "ArrayOfDoubles", &Dim (15,15)] "The modes of vibrations"
                                                         0                           1                           2                           3                           4                           5                           6                           7

0                                      0.0000000000000000e+00         0.0000000000000000e+00         0.0000000000000000e+00         0.0000000000000000e+00         0.0000000000000000e+00         0.0000000000000000e+00        -2.5444475329868926e-01        -5.5759701968009815e-05
1                                      0.0000000000000000e+00         0.0000000000000000e+00         0.0000000000000000e+00         0.0000000000000000e+00         0.0000000000000000e+00         0.0000000000000000e+00        -3.4405069310535569e-05         9.4431735705038697e-02
2                                      0.0000000000000000e+00         0.0000000000000000e+00         0.0000000000000000e+00         0.0000000000000000e+00         0.0000000000000000e+00         0.0000000000000000e+00        -1.0688493812220100e-05         8.7002612226524997e-03
3                                      0.0000000000000000e+00         0.0000000000000000e+00         0.0000000000000000e+00         0.0000000000000000e+00         0.0000000000000000e+00         0.0000000000000000e+00         2.8761723349466792e-02         5.9346860341986064e-06
4                                      0.0000000000000000e+00         0.0000000000000000e+00         0.0000000000000000e+00         0.0000000000000000e+00         0.0000000000000000e+00         0.0000000000000000e+00         3.4061595442390948e-06        -4.7241063899397164e-03
5                                      0.0000000000000000e+00         0.0000000000000000e+00         0.0000000000000000e+00         0.0000000000000000e+00         0.0000000000000000e+00         0.0000000000000000e+00         9.9501661412585186e-07        -4.3557722783030788e-04
6                                      0.0000000000000000e+00         0.0000000000000000e+00         0.0000000000000000e+00         0.0000000000000000e+00         0.0000000000000000e+00         0.0000000000000000e+00        -1.9649922394626926e-01         6.7142367088665089e-01
7                                      0.0000000000000000e+00         0.0000000000000000e+00         0.0000000000000000e+00         0.0000000000000000e+00         0.0000000000000000e+00         0.0000000000000000e+00        -1.4876873214244595e-02        -1.4179327438991118e-01
8                                      0.0000000000000000e+00         0.0000000000000000e+00         0.0000000000000000e+00         0.0000000000000000e+00         0.0000000000000000e+00         0.0000000000000000e+00        -7.4309297119078670e-03         2.2792807517602449e-02
9                                      0.0000000000000000e+00         0.0000000000000000e+00         0.0000000000000000e+00         0.0000000000000000e+00         0.0000000000000000e+00         0.0000000000000000e+00        -1.9628362794999205e-01        -1.0892752947638751e-01
10                                     0.0000000000000000e+00         0.0000000000000000e+00         0.0000000000000000e+00         0.0000000000000000e+00         0.0000000000000000e+00         0.0000000000000000e+00         9.8992633475356506e-04        -2.2827266496742354e-01
11                                     0.0000000000000000e+00         0.0000000000000000e+00         0.0000000000000000e+00         0.0000000000000000e+00         0.0000000000000000e+00         0.0000000000000000e+00         1.6571528836222753e-02        -5.2464401787178701e-03
12                                     0.0000000000000000e+00         0.0000000000000000e+00         0.0000000000000000e+00         0.0000000000000000e+00         0.0000000000000000e+00         0.0000000000000000e+00        -1.9623179212832143e-01        -5.6257886152673353e-01
13                                     0.0000000000000000e+00         0.0000000000000000e+00         0.0000000000000000e+00         0.0000000000000000e+00         0.0000000000000000e+00         0.0000000000000000e+00         1.3868095333186239e-02        -1.6042064464055211e-01
14                                     0.0000000000000000e+00         0.0000000000000000e+00         0.0000000000000000e+00         0.0000000000000000e+00         0.0000000000000000e+00         0.0000000000000000e+00        -9.1385039945070575e-03        -6.6379787312707092e-02
                                                         8                           9                          10                          11                          12                          13                          14

0                                      4.2894558940203230e-05         9.9990482268220743e-02         3.4989502995057138e-05         2.9710552423395739e-05         3.8357489956202688e-02         3.0190070679225443e-05        -3.5179166136632957e-05
1                                      8.6940810586830890e-03         2.1696446728552706e-06         1.5707048126220386e-02        -6.7209102568266232e-02        -1.8903621635804777e-05         8.0512682209852339e-03        -9.0858162705892948e-02
2                                     -9.4450573376414534e-02         5.4990633380827699e-05        -6.7178231849044603e-02        -1.5704773680916058e-02         8.2373314309380232e-05        -9.0861697439278452e-02        -8.0432519241587317e-03
3                                     -3.6881447609222480e-07         2.7394244764005825e-03         3.9856420305701219e-07         1.8292187259259229e-06        -2.9329363960446718e-05         3.6057710556302412e-07         2.3176603352289760e-07
4                                     -4.3564346074959895e-04        -1.8658894526421752e-07         1.2528147413359047e-04        -5.3309364746877835e-04        -2.8971861911013172e-08        -3.4806711121831842e-06         3.9437906471430444e-05
5                                      4.7239519508258396e-03        -1.4307541934746441e-06        -5.3397386163421708e-04        -1.2576861484847449e-04        -2.2264711223458334e-08         3.9100050796599737e-05         3.4974859128040449e-06
6                                     -2.6203520667620256e-01        -5.1201841598544318e-01         6.4942584285295618e-02         2.7302426044626738e-01        -1.5138209983686263e-01         7.9772675162388840e-02         2.0268342802438230e-01
7                                     -5.5383786963193488e-02         1.5098461284223680e-01        -3.4338097237406756e-01        -3.9354701150722059e-02        -4.9154603755669607e-01         2.5006597629531863e-01         6.1255704443680214e-01
8                                      2.1242762643020457e-01         7.5303832604607338e-02         6.1786228112282660e-01        -2.0809067825427696e-01        -2.4594986788209608e-01         1.0576000464970467e-01         3.1416766029394738e-01
9                                      7.1220774679862997e-01        -5.1226225274295922e-01        -2.6960029305917227e-01        -8.0451813461860061e-02        -1.5084103567036580e-01        -2.1537906497041071e-01        -3.2065892608734922e-02
10                                    -2.7282775538092816e-02        -1.0227640725560953e-02        -2.1432690277851066e-01         6.9243002531380893e-01         3.2701141180972532e-02         4.6434961622846223e-02        -1.1976815614310877e-02
11                                     1.2517489520034925e-01        -1.6819800910520358e-01        -1.1387189769648060e-01        -7.9051749443337219e-02         5.4797739925244149e-01         7.3090608752865849e-01         1.0996028756888203e-01
12                                    -4.5063722662085465e-01        -5.1204735565536053e-01         2.0419060885538382e-01        -1.9315675383111144e-01        -1.5113987597825743e-01         1.3520126066752183e-01        -1.7022752960730078e-01
13                                     3.3915121601764041e-02        -1.4075933468117144e-01         3.5477575797838595e-01         2.1487915481631187e-01         4.5907379313042995e-01        -3.9199903855121798e-01         4.7709112229780215e-01
14                                     1.9312796871102891e-01         9.2419047740293414e-02         3.6370706278422588e-01         4.9010877085808463e-01        -3.0300626201153152e-01         2.4108991129096691e-01        -3.2872748367757598e-01
$End
