
$orca_hessian_file

$act_atom
  0

$act_coord
  0

$act_energy
        0.000000

$multiplicity
  1

$hessian
15
                    0                  1                  2                  3                  4        
    0      2.5662760696E-01   1.2607012821E-04   1.4353874546E-05  -8.6556896695E-02  -6.9600739644E-06
    1      1.2607012821E-04   5.5800996968E-01  -2.7865395109E-08  -8.4350906090E-06  -1.8830753619E-02
    2      1.4353874546E-05  -2.7865395109E-08   5.5773768659E-01  -1.4949968070E-05  -4.5551591894E-06
    3     -8.6556896695E-02  -8.4350906090E-06  -1.4949968070E-05   1.4031738696E-01   1.6621339546E-06
    4     -6.9600739644E-06  -1.8830753619E-02  -4.5551591894E-06   1.6621339546E-06   1.2345822361E-02
    5      4.1125758540E-06  -5.6823526774E-06  -1.8817656042E-02  -1.1069650003E-06   5.7955302264E-07
    6     -5.6751113304E-02  -7.7620036456E-02  -3.8804002310E-02  -1.7898793875E-02  -1.2921590354E-02
    7     -6.9897663064E-02  -2.5810611694E-01  -1.0462831185E-01   3.4839515613E-03   3.4724115582E-03
    8     -3.4964628584E-02  -1.0469124062E-01  -1.0125367682E-01   1.7433161695E-03   1.7527265453E-03
    9     -5.6680471521E-02   5.1846381080E-03   8.6499552576E-02  -1.7932153034E-02   8.6241703995E-04
   10      4.6635258929E-03  -4.9890378688E-02  -1.5535499836E-02  -2.3395367542E-04  -2.4627690527E-06
   11      7.7920488288E-02  -1.5582432556E-02  -3.0944400028E-01  -3.8714364842E-03   2.6082368450E-04
   12     -5.6639125443E-02   7.2324663999E-02  -4.7694050265E-02  -1.7929543356E-02   1.2066420919E-02
   13      6.5108126428E-02  -2.3118272042E-01   1.2018251642E-01  -3.2451745940E-03   3.0149824698E-03
   14     -4.2975230063E-02   1.2026526169E-01  -1.2822235344E-01   2.1443197155E-03  -2.0085193097E-03
                    5                  6                  7                  8                  9        
    0      4.1125758540E-06  -5.6751113304E-02  -6.9897663064E-02  -3.4964628584E-02  -5.6680471521E-02
    1     -5.6823526774E-06  -7.7620036456E-02  -2.5810611694E-01  -1.0469124062E-01   5.1846381080E-03
    2     -1.8817656042E-02  -3.8804002310E-02  -1.0462831185E-01  -1.0125367682E-01   8.6499552576E-02
    3     -1.1069650003E-06  -1.7898793875E-02   3.4839515613E-03   1.7433161695E-03  -1.7932153034E-02
    4      5.7955302264E-07  -1.2921590354E-02   3.4724115582E-03   1.7527265453E-03   8.6241703995E-04
    5      1.2351348438E-02  -6.4675183805E-03   1.7514355977E-03   8.4744984405E-04   1.4429484542E-02
    6     -6.4675183805E-03   6.5915629826E-02   7.3483667021E-02   3.6765017452E-02   4.3674346358E-03
    7      1.7514355977E-03   7.3483667021E-02   2.7100476449E-01   1.1310700095E-01   4.3749718055E-04
    8      8.4744984405E-04   3.6765017452E-02   1.1310700095E-01   1.0160470877E-01  -9.4883947428E-03
    9      1.4429484542E-02   4.3674346358E-03   4.3749718055E-04  -9.4883947428E-03   6.5881796222E-02
   10      2.5693243327E-04   8.8944779709E-03   6.0482878707E-04  -2.5497758950E-02  -4.8969940555E-03
   11      4.3203844666E-03   3.3006256796E-03   2.0842986420E-03  -9.4056740865E-03  -8.1886486409E-02
   12     -7.9651142402E-03   4.3668427176E-03  -7.3409017190E-03   6.0329607001E-03   4.3633936973E-03
   13     -2.0043205452E-03   7.9969308386E-03  -1.6975887895E-02   1.5342870826E-02  -1.5703027984E-03
   14      1.2984732933E-03   5.1176065634E-03  -1.2328022086E-02   8.2071922924E-03  -9.3587847051E-03
                   10                 11                 12                 13                 14        
    0      4.6635258929E-03   7.7920488288E-02  -5.6639125443E-02   6.5108126428E-02  -4.2975230063E-02
    1     -4.9890378688E-02  -1.5582432556E-02   7.2324663999E-02  -2.3118272042E-01   1.2026526169E-01
    2     -1.5535499836E-02  -3.0944400028E-01  -4.7694050265E-02   1.2018251642E-01  -1.2822235344E-01
    3     -2.3395367542E-04  -3.8714364842E-03  -1.7929543356E-02  -3.2451745940E-03   2.1443197155E-03
    4     -2.4627690527E-06   2.6082368450E-04   1.2066420919E-02   3.0149824698E-03  -2.0085193097E-03
    5      2.5693243327E-04   4.3203844666E-03  -7.9651142402E-03  -2.0043205452E-03   1.2984732933E-03
    6      8.8944779709E-03   3.3006256796E-03   4.3668427176E-03   7.9969308386E-03   5.1176065634E-03
    7      6.0482878707E-04   2.0842986420E-03  -7.3409017190E-03  -1.6975887895E-02  -1.2328022086E-02
    8     -2.5497758950E-02  -9.4056740865E-03   6.0329607001E-03   1.5342870826E-02   8.2071922924E-03
    9     -4.8969940555E-03  -8.1886486409E-02   4.3633936973E-03  -1.5703027984E-03  -9.3587847051E-03
   10      4.6060296532E-02   1.6806138843E-02  -8.4443116075E-03   3.2277161375E-03   2.3986297925E-02
   11      1.6806138843E-02   3.2659865956E-01   4.3414376634E-03  -3.5849390287E-03  -1.2069369662E-02
   12     -8.4443116075E-03   4.3414376634E-03   6.5838432384E-02  -6.8447725733E-02   4.5178427315E-02
   13      3.2277161375E-03  -3.5849390287E-03  -6.8447725733E-02   2.4191590971E-01  -1.2992557294E-01
   14      2.3986297925E-02  -1.2069369662E-02   4.5178427315E-02  -1.2992557294E-01   1.3078605752E-01

$vibrational_frequencies
15
    0        0.0000000000000000
    1        0.0000000000000000
    2        0.0000000000000000
    3        0.0000000000000000
    4        0.0000000000000000
    5        0.0000000000000000
    6      513.5539109257414339
    7      893.9524578466001685
    8      894.3089661702560988
    9     1267.6164537257050142
   10     1460.1140822005413611
   11     1460.4831865317751181
   12     3069.6759191645578539
   13     3191.4538188154015188
   14     3192.3668372370070756

$normal_modes
15 15
                    0                  1                  2                  3                  4        
    0      0.0000000000E+00   0.0000000000E+00   0.0000000000E+00   0.0000000000E+00   0.0000000000E+00
    1      0.0000000000E+00   0.0000000000E+00   0.0000000000E+00   0.0000000000E+00   0.0000000000E+00
    2      0.0000000000E+00   0.0000000000E+00   0.0000000000E+00   0.0000000000E+00   0.0000000000E+00
    3      0.0000000000E+00   0.0000000000E+00   0.0000000000E+00   0.0000000000E+00   0.0000000000E+00
    4      0.0000000000E+00   0.0000000000E+00   0.0000000000E+00   0.0000000000E+00   0.0000000000E+00
    5      0.0000000000E+00   0.0000000000E+00   0.0000000000E+00   0.0000000000E+00   0.0000000000E+00
    6      0.0000000000E+00   0.0000000000E+00   0.0000000000E+00   0.0000000000E+00   0.0000000000E+00
    7      0.0000000000E+00   0.0000000000E+00   0.0000000000E+00   0.0000000000E+00   0.0000000000E+00
    8      0.0000000000E+00   0.0000000000E+00   0.0000000000E+00   0.0000000000E+00   0.0000000000E+00
    9      0.0000000000E+00   0.0000000000E+00   0.0000000000E+00   0.0000000000E+00   0.0000000000E+00
   10      0.0000000000E+00   0.0000000000E+00   0.0000000000E+00   0.0000000000E+00   0.0000000000E+00
   11      0.0000000000E+00   0.0000000000E+00   0.0000000000E+00   0.0000000000E+00   0.0000000000E+00
   12      0.0000000000E+00   0.0000000000E+00   0.0000000000E+00   0.0000000000E+00   0.0000000000E+00
   13      0.0000000000E+00   0.0000000000E+00   0.0000000000E+00   0.0000000000E+00   0.0000000000E+00
   14      0.0000000000E+00   0.0000000000E+00   0.0000000000E+00   0.0000000000E+00   0.0000000000E+00
                    5                  6                  7                  8                  9        
    0      0.0000000000E+00  -5.9635649270E-01  -5.9069094166E-05   4.5441347936E-05   1.0646988225E-01
    1      0.0000000000E+00  -8.0637097834E-05   1.0003635048E-01   9.2102768308E-03   2.3102380108E-06
    2      0.0000000000E+00  -2.5051224674E-05   9.2166301341E-03  -1.0005841006E-01   5.8554035627E-05
    3      0.0000000000E+00   6.7410470203E-02   6.2869153856E-06  -3.9071218696E-07   2.9169396409E-03
    4      0.0000000000E+00   7.9832078793E-06  -5.0044866696E-03  -4.6150902504E-04  -1.9867994014E-07
    5      0.0000000000E+00   2.3320764546E-06  -4.6142915724E-04   5.0044282896E-03  -1.5234673047E-06
    6      0.0000000000E+00  -4.6054629341E-01   7.1127331462E-01  -2.7759308622E-01  -5.4519729503E-01
    7      0.0000000000E+00  -3.4867765271E-02  -1.5020884225E-01  -5.8672101908E-02   1.6076844102E-01
    8      0.0000000000E+00  -1.7416288302E-02   2.4145582671E-02   2.2504014314E-01   8.0183533560E-02
    9      0.0000000000E+00  -4.6004098894E-01  -1.1539248362E-01   7.5449382917E-01  -5.4545693245E-01
   10      0.0000000000E+00   2.3201460803E-03  -2.4182086824E-01  -2.8902642352E-02  -1.0890393556E-02
   11      0.0000000000E+00   3.8839625055E-02  -5.5578214735E-03   1.3260693445E-01  -1.7909726824E-01
   12      0.0000000000E+00  -4.5991949841E-01  -5.9596846063E-01  -4.7739301939E-01  -5.4522811000E-01
   13      0.0000000000E+00   3.2503435760E-02  -1.6994176493E-01   3.5928772299E-02  -1.4988056313E-01
   14      0.0000000000E+00  -2.1418426279E-02  -7.0319491839E-02   2.0459460219E-01   9.8407817501E-02
                   10                 11                 12                 13                 14        
    0      3.6087546690E-05   3.0643655286E-05   3.8826172515E-02   3.1801271894E-05  -3.7056455336E-05
    1      1.6199968108E-02  -6.9319901624E-02  -1.9134601238E-05   8.4809529765E-03  -9.5706687166E-02
    2     -6.9286425096E-02  -1.6198004809E-02   8.3379817493E-05  -9.5710857246E-02  -8.4724693168E-03
    3      4.1107198033E-07   1.8866679852E-06  -2.9687733639E-05   3.7982059382E-07   2.4413391825E-07
    4      1.2921306850E-04  -5.4983622436E-04  -2.9325863343E-08  -3.6664295884E-06   4.1542457659E-05
    5     -5.5073107685E-04  -1.2971856007E-04  -2.2536759312E-08   4.1186765002E-05   3.6841245757E-06
    6      6.6980618241E-02   2.8159898216E-01  -1.5323180768E-01   8.4030029592E-02   2.1349935836E-01
    7     -3.5415698459E-01  -4.0590692450E-02  -4.9755214106E-01   2.6341164246E-01   6.4524533270E-01
    8      6.3725209018E-01  -2.1462606692E-01  -2.4895508052E-01   1.1140426596E-01   3.3093279774E-01
    9     -2.7806091343E-01  -8.2978519003E-02  -1.5268413236E-01  -2.2687353992E-01  -3.3777046126E-02
   10     -2.2105292870E-01   7.1417679157E-01   3.3100709937E-02   4.8913129607E-02  -1.2615942378E-02
   11     -1.1744543572E-01  -8.1534483950E-02   5.5467302637E-01   7.6991350784E-01   1.1582817140E-01
   12      2.1059853670E-01  -1.9922312100E-01  -1.5298662413E-01   1.4241676002E-01  -1.7931149429E-01
   13      3.6590936237E-01   2.2162774541E-01   4.6468312472E-01  -4.1291947077E-01   5.0255045261E-01
   14      3.7512095018E-01   5.0550134554E-01  -3.0670863541E-01   2.5395653761E-01  -3.4626958664E-01

#
# The atoms: label  mass x y z (in bohrs)
#
$atoms
5
 C     12.01100     -3.647250056105    -0.000360153496    -0.000105369914
 I    126.90000      0.446670816186     0.000037774262     0.000010972020
 H      1.00800     -4.258402895886    -1.753814616285    -0.877430194412
 H      1.00800     -4.257481534776     0.116817848745     1.957350784382
 H      1.00800     -4.257335956322     1.636532729670    -1.080046335316

$actual_temperature
  0.000000

$frequency_scale_factor
  1.000000

$dipole_derivatives
15
    4.3437673066E-01    2.3210501064E-04    5.4885401094E-04
   -3.1134945138E-04   -8.0830174704E-03   -1.4874584256E-05
   -1.9744424042E-05   -4.9533328835E-04   -7.0661208421E-03
   -1.5987014607E-01   -1.9446247635E-05   -2.3444809519E-04
   -7.2337623016E-05   -1.1986070792E-01   -1.5201587593E-05
   -7.1988429649E-05   -3.0159427900E-05   -1.1984540711E-01
   -9.0697570523E-02   -4.4499467259E-02   -2.2294057858E-02
   -2.1220961859E-02    1.4107321715E-02   -3.7451723057E-02
   -1.0714186372E-02   -3.6759912353E-02    6.9086334273E-02
   -9.1103172845E-02    2.8095711758E-03    4.9429513193E-02
    1.6675597760E-04    8.9914045005E-02   -6.1227940032E-03
    2.3295153738E-02   -4.9899043562E-03   -2.9468660121E-03
   -9.0455583213E-02    4.1490995717E-02   -2.7434902723E-02
    1.9911158700E-02    2.3415287365E-02    4.3007385650E-02
   -1.3282462252E-02    4.2358579537E-02    5.9366341481E-02

#
# The IR spectrum
#  wavenumber eps Int TX TY TZ
#
$ir_spectrum
15
      0.00   0.00000000   0.00000000     0.000000     0.000000     0.000000
      0.00   0.00000000   0.00000000     0.000000     0.000000     0.000000
      0.00   0.00000000   0.00000000     0.000000     0.000000     0.000000
      0.00   0.00000000   0.00000000     0.000000     0.000000     0.000000
      0.00   0.00000000   0.00000000     0.000000     0.000000     0.000000
      0.00   0.00000000   0.00000000     0.000000     0.000000     0.000000
    513.55   0.00070585   3.56708660    -0.020710    -0.000001    -0.000014
    893.95   0.00136004   6.87310855     0.000040    -0.021703    -0.001939
    894.31   0.00133986   6.77107808    -0.000108    -0.001998     0.021530
   1267.62   0.00560526  28.32667517     0.037147     0.000005    -0.000058
   1460.11   0.00112363   5.67835752     0.000086    -0.003620     0.015068
   1460.48   0.00116187   5.87162952    -0.000166     0.015382     0.003409
   3069.68   0.00180847   9.13924966     0.013558     0.000039     0.000202
   3191.45   0.00009936   0.50211402    -0.000033     0.000362    -0.003096
   3192.37   0.00010029   0.50681083     0.000001    -0.003121    -0.000255


$end

