*************************************************
******************* ORCA 6.0.0 ******************
*************************************************
$Calculation_Status
   &GeometryIndex 1
   &ListStatus       OUT
   &VERSION [&Type "String"] "6.0.0"
   &PROGNAME [&Type "String"] "LeanSCF"
   &STATUS [&Type "String"] "NORMAL TERMINATION"
$End
$Geometry
   &GeometryIndex 1
   &ListStatus       OUT
   &NATOMS [&Type "Integer"] 14
   &NCORELESSECP [&Type "Integer"] 0
   &NGHOSTATOMS [&Type "Integer"] 0
   &CartesianCoordinates [&Type "Coordinates", &Dim(14,4), &Units "Bohr"] 
              C      4.162536445166    0.932217674274    0.230904600356
              C      2.324959622793   -1.110900950720   -0.629569258983
              C     -0.206495942921   -1.094474244007    0.711170142435
              H      0.051747469223   -1.037423909211    2.760425751314
              C     -1.925312580398   -3.242048467869   -0.055695999823
              Cl    -1.880106682970    1.949465478141    0.021357793236
              H      4.452445272481    0.849346939835    2.278669643906
              H      3.467832926318    2.820135629224   -0.243481635791
              H      6.000264352655    0.684261238240   -0.682708977510
              H      3.142017373805   -2.980111873991   -0.243317644223
              H      2.014377465773   -1.010603073247   -2.675967322457
              H     -1.008928669500   -5.027953550470    0.454775351669
              H     -3.742930592122   -3.148555459432    0.919216479793
              H     -2.252948801083   -3.239234686253   -2.096986637359
$End
$SCF_Energy
   &GeometryIndex 1
   &ListStatus       OUT
   &SCF_ENERGY [&Type "Double"]      -6.1799630552484700e+02
$End
$DFT_Energy
   &GeometryIndex 1
   &ListStatus       OUT
   &NALPHAEL [&Type "Integer"] 25
   &NBETAEL [&Type "Integer"] 25
   &NTOTALEL [&Type "Integer"] 50
   &EEXCHANGE [&Type "Double"]      -5.1548902191775348e+01
   &ECORR [&Type "Double"]      -1.6702845424031991e+00
   &ECNL [&Type "Double"]       0.0000000000000000e+00
   &EXC [&Type "Double"]      -5.3219186734178550e+01
   &EEMBED [&Type "Double"]       0.0000000000000000e+00
   &FINALEN [&Type "Double"]      -6.1799630552484700e+02  "No Van der Waals correction"
$End
$Mulliken_Population_Analysis
   &GeometryIndex 1
   &ListStatus       OUT
   &NATOMS [&Type "Integer"] 14
   &ATNO [&Type "ArrayOfIntegers", &Dim (14,1)] 
                                                         0

0                                                        6
1                                                        6
2                                                        6
3                                                        1
4                                                        6
5                                                       17
6                                                        1
7                                                        1
8                                                        1
9                                                        1
10                                                       1
11                                                       1
12                                                       1
13                                                       1
   &ATOMICCHARGES [&Type "ArrayOfDoubles", &Dim (14,1)] 
                                                         0

0                                     -3.2630743304495358e-01
1                                     -1.4207711462650785e-01
2                                      5.1928614092734193e-02
3                                      9.4590632228066407e-02
4                                     -2.9906736396652711e-01
5                                     -2.2936444930823896e-01
6                                      9.7244902722783078e-02
7                                      1.2317557258494349e-01
8                                      1.0938631264367304e-01
9                                      8.3697144648724797e-02
10                                     9.6048566233918997e-02
11                                     1.0364998679397441e-01
12                                     1.2454788939578987e-01
13                                     1.1254673960149608e-01
$End
$Loewdin_Population_Analysis
   &GeometryIndex 1
   &ListStatus       OUT
   &NATOMS [&Type "Integer"] 14
   &ATNO [&Type "ArrayOfIntegers", &Dim (14,1)] 
                                                         0

0                                                        6
1                                                        6
2                                                        6
3                                                        1
4                                                        6
5                                                       17
6                                                        1
7                                                        1
8                                                        1
9                                                        1
10                                                       1
11                                                       1
12                                                       1
13                                                       1
   &ATOMICCHARGES [&Type "ArrayOfDoubles", &Dim (14,1)] 
                                                         0

0                                     -3.1169294463478714e-01
1                                     -3.0029500191083702e-01
2                                     -4.4646990172306733e-01
3                                      1.3900450328140124e-01
4                                     -3.0877225392513097e-01
5                                      2.0766781297793102e-01
6                                      1.1896753382048830e-01
7                                      1.2045035202126320e-01
8                                      1.1978431022340963e-01
9                                      1.4406928797673546e-01
10                                     1.3951641060241915e-01
11                                     1.2728587322092000e-01
12                                     1.2488750604966814e-01
13                                     1.2559651201944921e-01
$End
$Mayer_Population_Analysis
   &GeometryIndex 1
   &ListStatus       OUT
   &NATOMS [&Type "Integer"] 14 "Total number of atoms"
   &BONDTHRESH [&Type "Double"]       1.0000000000000001e-01  "The threshold for printing"
   &NBONDORDERSPRINT [&Type "Integer"] 13 "The number of bond orders larger than threshold"
   &BONDORDERS [&Type "ArrayOfDoubles", &Dim (13,1)] "The bond orders"
                                                         0

0                                      9.8288243284727383e-01
1                                      9.7354594856691623e-01
2                                      9.6937031216474179e-01
3                                      9.7465683462533592e-01
4                                      9.8616646409939712e-01
5                                      9.4597748820021765e-01
6                                      9.5874786759623365e-01
7                                      9.6280926214377538e-01
8                                      9.8040334143656460e-01
9                                      9.5279624562319398e-01
10                                     9.5659514280302826e-01
11                                     9.7149329862831013e-01
12                                     9.6922293696541217e-01
   &COMPONENTS [&Type "ArrayOfIntegers", &Dim (13,4)] "The indices and atomic numbers of the bonding atoms"
                                                         0                           1                           2                           3

0                                                        0                           6                           1                           6
1                                                        0                           6                           6                           1
2                                                        0                           6                           7                           1
3                                                        0                           6                           8                           1
4                                                        1                           6                           2                           6
5                                                        1                           6                           9                           1
6                                                        1                           6                          10                           1
7                                                        2                           6                           3                           1
8                                                        2                           6                           4                           6
9                                                        2                           6                           5                          17
10                                                       4                           6                          11                           1
11                                                       4                           6                          12                           1
12                                                       4                           6                          13                           1
   &ATNO [&Type "ArrayOfIntegers", &Dim (14,1)] "Atomic number of the elements"
                                                         0

0                                                        6
1                                                        6
2                                                        6
3                                                        1
4                                                        6
5                                                       17
6                                                        1
7                                                        1
8                                                        1
9                                                        1
10                                                       1
11                                                       1
12                                                       1
13                                                       1
   &NA [&Type "ArrayOfDoubles", &Dim (14,1)] "Mulliken gross atomic population"
                                                         0

0                                      6.3263074330449802e+00
1                                      6.1420771146264839e+00
2                                      5.9480713859072818e+00
3                                      9.0540936777193448e-01
4                                      6.2990673639665289e+00
5                                      1.7229364449308243e+01
6                                      9.0275509727721581e-01
7                                      8.7682442741505617e-01
8                                      8.9061368735632640e-01
9                                      9.1630285535127465e-01
10                                     9.0395143376608089e-01
11                                     8.9635001320602636e-01
12                                     8.7545211060420991e-01
13                                     8.8745326039850392e-01
   &ZA [&Type "ArrayOfDoubles", &Dim (14,1)] "Total nuclear charge"
                                                         0

0                                      6.0000000000000000e+00
1                                      6.0000000000000000e+00
2                                      6.0000000000000000e+00
3                                      1.0000000000000000e+00
4                                      6.0000000000000000e+00
5                                      1.7000000000000000e+01
6                                      1.0000000000000000e+00
7                                      1.0000000000000000e+00
8                                      1.0000000000000000e+00
9                                      1.0000000000000000e+00
10                                     1.0000000000000000e+00
11                                     1.0000000000000000e+00
12                                     1.0000000000000000e+00
13                                     1.0000000000000000e+00
   &QA [&Type "ArrayOfDoubles", &Dim (14,1)] "Mulliken gross atomic charge"
                                                         0

0                                     -3.2630743304498022e-01
1                                     -1.4207711462648387e-01
2                                      5.1928614092718206e-02
3                                      9.4590632228065519e-02
4                                     -2.9906736396652889e-01
5                                     -2.2936444930824251e-01
6                                      9.7244902722784188e-02
7                                      1.2317557258494383e-01
8                                      1.0938631264367360e-01
9                                      8.3697144648725352e-02
10                                     9.6048566233919108e-02
11                                     1.0364998679397364e-01
12                                     1.2454788939579009e-01
13                                     1.1254673960149608e-01
   &VA [&Type "ArrayOfDoubles", &Dim (14,1)] "Mayer's total valence"
                                                         0

0                                      3.9231701209128511e+00
1                                      3.8757968092352049e+00
2                                      3.9095939824243913e+00
3                                      9.7871537185622848e-01
4                                      3.8894331390615275e+00
5                                      1.0768708619566327e+00
6                                      9.8234336306484893e-01
7                                      9.9418620209675335e-01
8                                      9.7730418013457176e-01
9                                      9.7925466340118750e-01
10                                     9.9035600640195420e-01
11                                     9.8147115943120777e-01
12                                     9.8755700626357812e-01
13                                     9.9327061763033286e-01
   &BVA [&Type "ArrayOfDoubles", &Dim (14,1)] "Mayer's bonded valence"
                                                         0

0                                      3.9231701209129430e+00
1                                      3.8757968092352919e+00
2                                      3.9095939824243953e+00
3                                      9.7871537185624002e-01
4                                      3.8894331390614822e+00
5                                      1.0768708619566698e+00
6                                      9.8234336306488623e-01
7                                      9.9418620209677699e-01
8                                      9.7730418013458276e-01
9                                      9.7925466340119249e-01
10                                     9.9035600640194732e-01
11                                     9.8147115943120178e-01
12                                     9.8755700626356868e-01
13                                     9.9327061763031699e-01
   &FA [&Type "ArrayOfDoubles", &Dim (14,1)] "Mayer's free valence"
                                                         0

0                                      0.0000000000000000e+00
1                                      0.0000000000000000e+00
2                                      0.0000000000000000e+00
3                                      0.0000000000000000e+00
4                                      0.0000000000000000e+00
5                                      0.0000000000000000e+00
6                                      0.0000000000000000e+00
7                                      0.0000000000000000e+00
8                                      0.0000000000000000e+00
9                                      0.0000000000000000e+00
10                                     0.0000000000000000e+00
11                                     0.0000000000000000e+00
12                                     0.0000000000000000e+00
13                                     0.0000000000000000e+00
$End
$VdW_Correction
   &GeometryIndex 1
   &ListStatus       OUT
   &VDW [&Type "Double"]      -3.3714868185069622e-03
$End
$Calculation_Info
   &GeometryIndex 1
   &ListStatus       OUT
   &MULT [&Type "Integer"] 1
   &CHARGE [&Type "Integer"] 0
   &NUMOFATOMS [&Type "Integer"] 14
   &NUMOFELECTRONS [&Type "Integer"] 50
   &NUMOFFCELECTRONS [&Type "Integer"] 1
   &NUMOFCORRELECTRONS [&Type "Integer"] 0
   &NUMOFBASISFUNCTS [&Type "Integer"] 215
   &NUMOFAUXCBASISFUNCTS [&Type "Integer"] 0
   &NUMOFAUXJBASISFUNCTS [&Type "Integer"] 261
   &NUMOFAUXJKBASISFUNCTS [&Type "Integer"] 0
   &NUMOFCABSBASISFUNCTS [&Type "Integer"] 0
   &TOTALENERGY [&Type "Double"]      -6.1799140444296552e+02  "Hartrees"
$End
$SCF_Dipole_Moment
   &GeometryIndex 1
   &ListStatus       OUT
   &METHOD [&Type "String"] "SCF"
   &LEVEL [&Type "String"] "Relaxed density"
   &MULT [&Type "Integer"] 1
   &STATE [&Type "Integer"] -1
   &IRREP [&Type "Integer"] 0
   &NATOMS [&Type "Integer"] 14
   &DODIPOLEATOM [&Type "Boolean"] false
   &DIPOLEELECCONTRIB [&Type "ArrayOfDoubles", &Dim (3,1)] "Electronic contribution"
                                                         0

0                                     -6.9637027782718528e+00
1                                      6.6834280973121203e+00
2                                      6.7164842994195784e-02
   &DIPOLENUCCONTRIB [&Type "ArrayOfDoubles", &Dim (3,1)] "Nuclear contribution"
                                                         0

0                                      7.4404113160795564e+00
1                                     -7.4963488393084425e+00
2                                      4.3262037238385176e-02
   &DIPOLETOTAL [&Type "ArrayOfDoubles", &Dim (3,1)] "Total"
                                                         0

0                                      4.7670853780770361e-01
1                                     -8.1292074199632225e-01
2                                      1.1042688023258096e-01
   &DIPOLEMAGNITUDE [&Type "Double", &Units "a.u."]       9.4883363065634996e-01
$End
$THERMOCHEMISTRY_Energies
   &GeometryIndex 1
   &ListStatus       OUT
   &TEMPERATURE [&Type "Double"]       2.9814999999999998e+02
   &PRESSURE [&Type "Double"]       1.0000000000000000e+00
   &TOTALMASS [&Type "Double"]       9.2568999999999988e+01
   &SPINDEGENERACY [&Type "Integer"] 1
   &ELENERGY [&Type "Double"]      -6.1799140444296552e+02
   &TRANSENERGY [&Type "Double"]       1.4162714244859817e-03
   &ROTENERGY [&Type "Double"]       1.4162714244859817e-03
   &VIBENERGY [&Type "Double"]       3.7274913823011333e-03
   &NUMOFFREQS [&Type "Integer"] 42
   &FREQSCALINGFACTOR [&Type "Double"]       1.0000000000000000e+00
   &FREQ [&Type "ArrayOfDoubles", &Dim (42,1)] "In cm^-1"
                                                         0

0                                      0.0000000000000000e+00
1                                      0.0000000000000000e+00
2                                      0.0000000000000000e+00
3                                      0.0000000000000000e+00
4                                      0.0000000000000000e+00
5                                      0.0000000000000000e+00
6                                      1.2530673102456966e+02
7                                      2.2675131619858985e+02
8                                      2.4443701241151675e+02
9                                      2.6432237454628631e+02
10                                     3.2613512408978102e+02
11                                     3.8349605909710215e+02
12                                     4.6557965592388302e+02
13                                     5.5246239627220257e+02
14                                     7.9522523557287479e+02
15                                     8.4968016305926528e+02
16                                     9.6986749648706075e+02
17                                     1.0036762707909459e+03
18                                     1.0351259856863508e+03
19                                     1.0867427220859522e+03
20                                     1.1282627724285985e+03
21                                     1.1769697877361148e+03
22                                     1.2467669618923155e+03
23                                     1.3078724722377183e+03
24                                     1.3190869353588978e+03
25                                     1.3851254638275916e+03
26                                     1.4030642958892565e+03
27                                     1.4071367492737202e+03
28                                     1.4594672156742179e+03
29                                     1.4780507997251909e+03
30                                     1.4881424315205672e+03
31                                     1.4906460481753827e+03
32                                     1.5003548141802696e+03
33                                     2.9969836907787012e+03
34                                     3.0111400784234852e+03
35                                     3.0117999045864763e+03
36                                     3.0443269913987156e+03
37                                     3.0696927720986505e+03
38                                     3.0867778187447107e+03
39                                     3.0899057417768031e+03
40                                     3.0996130239821705e+03
41                                     3.1123028622089150e+03
   &ZPE [&Type "Double"]       1.2220614727665675e-01
   &INNERENERGYU [&Type "Double"]      -6.1786263826145773e+02
   &ENTHALPYH [&Type "Double"]      -6.1786169405241549e+02
   &QEL [&Type "Double"]       0.0000000000000000e+00
   &QROT [&Type "Double"]       1.2765819544857273e-02
   &QVIB [&Type "Double"]       6.1110144902762871e-03
   &QTRANS [&Type "Double"]       1.8761883484258252e-02
   &ENTROPYS [&Type "Double"]       3.7638717519391816e-02
   &FREEENERGYG [&Type "Double"]      -6.1789933276993486e+02
   &ISLINEAR [&Type "Boolean"] false
$End
$Hessian
   &GeometryIndex 1
   &ListStatus       OUT
   &HESSIAN [&Type "ArrayOfDoubles", &Dim (42,42)] "The Hessian"
                                                         0                           1                           2                           3                           4                           5                           6                           7

0                                      5.2263873441292785e-01        -4.5491173899031942e-02        -2.2659502598993724e-02        -1.1818917173301985e-01        -4.8740540811377658e-02        -2.0776070280167341e-02        -2.7158856470847779e-02        -2.3029261254146786e-02
1                                     -4.5491173899031942e-02         5.1433457430545759e-01        -2.2198200478792653e-02        -4.9448958831401414e-02        -1.3546519462898166e-01        -2.5282356935952523e-02        -2.9640926117857104e-03         1.6083817611571840e-03
2                                     -2.2659502598993724e-02        -2.2198200478792653e-02         5.5154106262260960e-01        -2.2583959093629948e-02        -2.7064118088078900e-02        -9.0791502027635945e-02         7.9302917176439364e-03         1.3577949469387214e-02
3                                     -1.1818917173301985e-01        -4.9448958831401414e-02        -2.2583959093629948e-02         4.6124901402003643e-01        -1.9535651532963827e-02         2.4676415768861745e-02        -1.5315695197706114e-01        -9.4681907006223323e-03
4                                     -4.8740540811377658e-02        -1.3546519462898166e-01        -2.7064118088078900e-02        -1.9535651532963827e-02         5.2816409839519507e-01        -2.4954961721402706e-02        -7.4453324912376086e-03        -6.5398465941961387e-02
5                                     -2.0776070280167341e-02        -2.5282356935952523e-02        -9.0791502027635945e-02         2.4676415768861745e-02        -2.4954961721402706e-02         5.6243903499668191e-01         4.8803209790457311e-02        -4.1596680323856446e-03
6                                     -2.7158856470847779e-02        -2.9640926117857104e-03         7.9302917176439364e-03        -1.5315695197706114e-01        -7.4453324912376086e-03         4.8803209790457311e-02         4.1418356944502138e-01         8.2161754673065662e-02
7                                     -2.3029261254146786e-02         1.6083817611571840e-03         1.3577949469387214e-02        -9.4681907006223323e-03        -6.5398465941961387e-02        -4.1596680323856446e-03         8.2161754673065662e-02         3.1546613965857412e-01
8                                     -8.8177830537340771e-03         2.8176074224042520e-03         5.5853185833043360e-03         5.0346107679330419e-02        -3.5996219985491816e-03        -1.1133299529016374e-01         1.4828902452656036e-03         4.0859392118450785e-02
9                                      1.9967782702032051e-03         7.6466488622866768e-04         9.6793113994133727e-04         2.0684866911614367e-03        -1.1515503319965751e-03         3.0357471955831643e-02        -4.9859313460330013e-02        -6.4404344777946173e-03
10                                     5.9225903651029038e-04        -1.4352233327998899e-04         9.0311127614762805e-04        -8.2810068709029505e-04         1.8721824858898622e-03        -8.9318746544193894e-04        -6.0726938931531717e-03        -3.8945081266279463e-02
11                                    -1.0255707676248447e-03        -1.9011703259240714e-04         1.0083268502032571e-03        -1.2989664933046804e-03        -9.6884548676446584e-04        -1.6352688493062227e-02        -3.0109298764734060e-02        -1.1462692654143090e-02
12                                    -3.9642455517373163e-03         1.3974696745272241e-03         3.4929127740622071e-03        -2.3669016240703784e-02        -2.5537771303348600e-02        -8.2786626006811047e-03        -1.2173478147117087e-01        -6.0565430816509086e-02
13                                     1.5222261169685930e-03         3.4636438550922404e-04        -6.4118576925129814e-04        -6.5897739083269347e-03         1.5798175965134956e-03         1.5208946075476043e-03        -6.2287093132646507e-02        -1.2920724688917998e-01
14                                     2.9195583719621322e-03        -6.1995099279911112e-04        -2.2317776463168315e-03         9.9240581055251957e-03         1.3091283266872545e-02         5.7830749726982145e-03        -2.0427781937146977e-02        -3.1202592189864205e-02
15                                    -8.4145575395322566e-04         3.7616347209331680e-04         7.1985034524881821e-04        -1.6517748335496865e-02         2.8022296674194883e-02        -6.7568392469423734e-03        -3.7002467031690973e-02         7.6949041095819570e-03
16                                    -2.1716308688896585e-03         2.3557762829119321e-05        -1.0736207367677232e-04         1.2726461334563077e-02        -1.8601641359089750e-02         2.7826913678039578e-03         7.3519748835764176e-03        -4.5505905835074037e-02
17                                    -1.8374190976042505e-04         7.2126341470068306e-05         3.7101116542489056e-04         3.0620735710792102e-03        -6.6934112586449091e-03         3.0196322511751375e-03        -4.9877398531452347e-03         8.4979715475795754e-03
18                                    -5.0465018550953054e-02         2.1622808461163640e-03        -3.2721782320175030e-02        -4.8431081092816007e-03         1.1525598776063847e-03        -2.2144274230085713e-02         1.4554311894132100e-03         7.5510064545492245e-04
19                                     2.0673294274083280e-03        -4.7440198096160333e-02         1.5018512786736236e-02        -3.6836248704802911e-03         2.8550849960373714e-04        -2.5781078579581555e-02         9.5186198200150444e-04         1.1353118581520891e-03
20                                    -3.3421119257937018e-02         1.3927295973073361e-02        -2.9777022944922071e-01        -1.7091210636652476e-03         1.6358455645324767e-04        -1.0573046033352736e-02         1.0513068372990236e-03         2.6392657911306766e-04
21                                    -7.7228375102179600e-02         8.3530404186148821e-02        -2.2102246466414996e-02         7.5996457842880758e-03        -2.0194514196291376e-02         6.0619167586986305e-03         2.2138890014530219e-03        -1.0218281865621303e-03
22                                     8.1744899310183278e-02        -2.6188941304703239e-01         5.6492315140641208e-02         7.2512455787696432e-03        -2.2354675247631871e-02         5.2969274307610482e-03         1.9354562792893741e-03        -1.2861970743955897e-03
23                                    -2.1667558191201447e-02         5.6964585760035436e-02        -6.2382213845845635e-02         4.3676860905082840e-03        -1.0374518600146241e-02         1.7910164772916917e-03         1.7349567013107050e-04         6.5472584196927218e-04
24                                    -2.4984113719856385e-01         3.0138930281299381e-02         1.0311764646795962e-01        -1.8070864269930480e-02         3.7832493480190448e-03         9.8394539058099424e-03        -9.7425993992417310e-04        -3.5931612499003410e-03
25                                     3.1891056475936770e-02        -4.9851417912630321e-02        -1.6073918886749805e-02        -2.2753922592162308e-02         2.0335411858342471e-03         1.2589306038222808e-02        -2.3856501616475829e-03        -4.8008217149632859e-03
26                                     1.0419958861826355e-01        -1.5314234049110777e-02        -9.8912742764030073e-02        -1.0687865696031654e-02         1.9232798328201557e-03         4.0415337605059064e-03        -1.0797698063908854e-03        -1.3093801874497803e-03
27                                     7.4235013311329603e-03        -2.1982559108666398e-02         4.1705727420747315e-03        -8.4314930558022472e-02         9.0140634889738794e-02        -1.8597365336109135e-02        -1.3888024425053640e-02         2.5110433962596414e-02
28                                     7.7858549526563514e-03        -2.2979603931245041e-02         4.3620021730833552e-03         8.9391484614621458e-02        -2.4126758772024598e-01         4.4434700474026326e-02         3.5524983976032744e-03        -5.7246962908830447e-03
29                                     3.5384248313171415e-03        -9.6542507473223772e-03         1.3256153511732030e-03        -1.8795273722381607e-02         4.3265529956875687e-02        -5.6664229945631507e-02         6.7189807566318208e-03        -1.2382446722428213e-02
30                                    -3.9945905025598107e-03         1.1228236236996243e-03        -2.1510918742172185e-02        -5.2321790007640250e-02         2.6094296657274878e-03        -3.9664860422666148e-02         1.6095137103086070e-03        -2.2603213500992517e-03
31                                    -4.3203603877484597e-03         5.0315708188590491e-04        -2.4781653844025586e-02         1.4357590411791083e-03        -4.7409146426671503e-02         1.7360184947433924e-02         2.1792590577844528e-03        -1.8697789967571524e-03
32                                    -1.8750063080200385e-03        -6.3170238440681675e-05        -8.7817039166034269e-03        -3.7403209005526059e-02         1.5867427652264749e-02        -2.9208946887057124e-01        -1.5866253896488457e-03         1.7955334474869253e-03
33                                     2.3658523434984691e-04         3.1517009983649761e-05        -1.2593829826069622e-04         7.3193977533289817e-05         1.5488451702657096e-04         2.4052138553707671e-04         6.6817754219080164e-03        -1.4051000566927228e-02
34                                    -3.4517061997077709e-04         3.2075819940138254e-04        -2.8913174329658377e-04         1.4369156095877062e-03         4.7667826381192838e-04         1.0072119581060884e-04         1.1946951063158132e-02        -2.2649728301519321e-02
35                                     1.8624140660426281e-04        -1.2945597584187877e-04        -4.1979367772690922e-05         5.9838608324821064e-06         1.8291991065504370e-04         4.9660133641430369e-05         3.9691181247963805e-03        -6.5957706220787504e-03
36                                    -5.2987307202714547e-04         4.4592728988439474e-04         1.1288527129753956e-03        -1.0714538394188504e-03        -3.8915777394164480e-03        -2.6187408253217871e-03        -1.7949751959272658e-02         3.4242965758724229e-03
37                                    -1.5397167585458375e-03         7.5894906843404302e-04         8.1672865940740375e-04        -1.6050374539922658e-03        -4.3939395580667676e-03        -2.5410050773496400e-03        -2.4161320340255983e-02        -5.1779373592454516e-04
38                                    -4.5225887366507321e-04        -2.4516626466112700e-04         6.9845199546504167e-04        -6.8429549626357680e-04        -1.3637297475081697e-03        -3.7512684433322913e-05        -9.5168523487241547e-03         1.5715300081959333e-03
39                                    -8.2875312772341333e-05        -1.3645863744824751e-04         1.5559603522901302e-04         1.1646945975561040e-03         8.1358446723814532e-04        -1.2030038324313238e-03        -4.4197720327529746e-03         1.2347691581927711e-03
40                                     8.7291098399808675e-05        -1.2639261534449925e-04        -2.9699081978641792e-05         1.4916933653994291e-03         4.7882445580065089e-04        -3.8733553239936542e-04        -4.7152042279545985e-03        -2.3041172309455609e-03
41                                     5.5491597468418016e-05        -7.0062321022386700e-05         3.8236244924506782e-04         8.4119270387400351e-04         4.3934900806025072e-04         7.1749075285648320e-04        -2.4341124681254538e-03        -1.6762300157955809e-04
                                                         8                           9                          10                          11                          12                          13                          14                          15

0                                     -8.8177830537340771e-03         1.9967782702032051e-03         5.9225903651029038e-04        -1.0255707676248447e-03        -3.9642455517373163e-03         1.5222261169685930e-03         2.9195583719621322e-03        -8.4145575395322566e-04
1                                      2.8176074224042520e-03         7.6466488622866768e-04        -1.4352233327998899e-04        -1.9011703259240714e-04         1.3974696745272241e-03         3.4636438550922404e-04        -6.1995099279911112e-04         3.7616347209331680e-04
2                                      5.5853185833043360e-03         9.6793113994133727e-04         9.0311127614762805e-04         1.0083268502032571e-03         3.4929127740622071e-03        -6.4118576925129814e-04        -2.2317776463168315e-03         7.1985034524881821e-04
3                                      5.0346107679330419e-02         2.0684866911614367e-03        -8.2810068709029505e-04        -1.2989664933046804e-03        -2.3669016240703784e-02        -6.5897739083269347e-03         9.9240581055251957e-03        -1.6517748335496865e-02
4                                     -3.5996219985491816e-03        -1.1515503319965751e-03         1.8721824858898622e-03        -9.6884548676446584e-04        -2.5537771303348600e-02         1.5798175965134956e-03         1.3091283266872545e-02         2.8022296674194883e-02
5                                     -1.1133299529016374e-01         3.0357471955831643e-02        -8.9318746544193894e-04        -1.6352688493062227e-02        -8.2786626006811047e-03         1.5208946075476043e-03         5.7830749726982145e-03        -6.7568392469423734e-03
6                                      1.4828902452656036e-03        -4.9859313460330013e-02        -6.0726938931531717e-03        -3.0109298764734060e-02        -1.2173478147117087e-01        -6.2287093132646507e-02        -2.0427781937146977e-02        -3.7002467031690973e-02
7                                      4.0859392118450785e-02        -6.4404344777946173e-03        -3.8945081266279463e-02        -1.1462692654143090e-02        -6.0565430816509086e-02        -1.2920724688917998e-01        -3.1202592189864205e-02         7.6949041095819570e-03
8                                      5.7291441031818502e-01        -3.1371954385770992e-02        -7.8158458458144897e-03        -3.0916285087000273e-01        -2.0706861923592276e-02        -3.0501938562844458e-02        -9.3142014488471508e-02        -5.8214305900119879e-03
9                                     -3.1371954385770992e-02         5.8970062817355146e-02         2.3126002371649263e-03         3.1978891271382440e-02        -2.6561807032516112e-03        -2.0560722337233904e-03        -2.0324192597165943e-02        -5.4395508611391006e-03
10                                    -7.8158458458144897e-03         2.3126002371649263e-03         5.4079829668893312e-02         1.1631069249323910e-02        -4.9430646432668916e-03        -2.3611019206942101e-04        -2.6067646298806823e-02         1.1986454117687211e-02
11                                    -3.0916285087000273e-01         3.1978891271382440e-02         1.1631069249323910e-02         3.2931556346205254e-01        -3.6107623672496439e-04        -6.3155842801820850e-04        -6.9752378197705939e-03        -2.3509944026692230e-03
12                                    -2.0706861923592276e-02        -2.6561807032516112e-03        -4.9430646432668916e-03        -3.6107623672496439e-04         5.4799171553300496e-01        -3.8636802902616153e-02        -1.8566177993749194e-02         3.4803466793384748e-03
13                                    -3.0501938562844458e-02        -2.0560722337233904e-03        -2.3611019206942101e-04        -6.3155842801820850e-04        -3.8636802902616153e-02         4.8888707295878120e-01        -1.7538886990952497e-02        -3.3105208949874322e-03
14                                    -9.3142014488471508e-02        -2.0324192597165943e-02        -2.6067646298806823e-02        -6.9752378197705939e-03        -1.8566177993749194e-02        -1.7538886990952497e-02         5.6529959896829041e-01         1.8242479064611971e-03
15                                    -5.8214305900119879e-03        -5.4395508611391006e-03         1.1986454117687211e-02        -2.3509944026692230e-03         3.4803466793384748e-03        -3.3105208949874322e-03         1.8242479064611971e-03         6.0430092291957081e-02
16                                     9.6143275076438425e-03         9.2722500282980992e-03        -1.5849282786139188e-02         3.9950479551483405e-03         1.6887493180925479e-02        -3.7458696675594330e-02         8.8386141350361609e-03        -4.2704330968185773e-02
17                                    -3.9930594517454114e-02        -1.1968238765460543e-02         2.2823881689154848e-02        -8.4888050699437508e-04         1.5723779051820214e-03        -1.5970455517788223e-03         1.8611967687749576e-03         1.0030717918852020e-02
