
$orca_hessian_file

$act_atom
  0

$act_coord
  0

$act_energy
        0.000000

$multiplicity
  1

$hessian
42
                    0                  1                  2                  3                  4        
    0      5.2309825406E-01  -4.8164002782E-02  -2.3543663843E-02  -1.1981653715E-01  -4.7881624880E-02
    1     -4.8164002782E-02   5.1553382158E-01  -2.1940965267E-02  -4.8595117483E-02  -1.3296196092E-01
    2     -2.3543663843E-02  -2.1940965267E-02   5.5139830366E-01  -2.3308833864E-02  -2.6873724391E-02
    3     -1.1981653715E-01  -4.8595117483E-02  -2.3308833864E-02   4.5730124871E-01  -2.1604812664E-02
    4     -4.7881624880E-02  -1.3296196092E-01  -2.6873724391E-02  -2.1604812664E-02   5.3116487405E-01
    5     -2.1569690029E-02  -2.5070105946E-02  -9.0851481173E-02   2.5675763632E-02  -2.5734168050E-02
    6     -2.7270540781E-02  -2.9309384939E-03   8.6684883754E-03  -1.5053256889E-01  -4.2851868163E-03
    7     -2.2557901837E-02   2.1755627948E-03   1.3426193936E-02  -6.0428476249E-03  -6.6188702085E-02
    8     -8.7563177382E-03   3.0464346162E-03   5.4368221464E-03   4.7565800331E-02  -4.7965263847E-03
    9      2.0560131318E-03   6.6882962797E-04   8.8571137307E-04   1.8523872156E-03  -8.2974287828E-04
   10      4.8550797340E-04  -1.3711276043E-04   8.2145752631E-04  -9.7350277090E-04   1.9340675168E-03
   11     -1.0605455896E-03  -1.3918542189E-04   1.0345325683E-03  -1.0091236088E-03  -1.1371731805E-03
   12     -4.0222515919E-03   1.4338005020E-03   3.5799170902E-03  -2.4216033224E-02  -2.5276698599E-02
   13      1.6697679385E-03   3.0981157680E-04  -7.6488922145E-04  -6.0162456842E-03   2.1614718189E-03
   14      2.7619474996E-03  -5.6525430526E-04  -2.1722528603E-03   9.9488044436E-03   1.2682066971E-02
   15     -9.1270218185E-04   4.3699728357E-04   5.4533363617E-04  -1.6295505773E-02   2.8501516299E-02
   16     -2.0697304193E-03  -4.4841806850E-05  -8.9182420554E-05   1.2778202707E-02  -1.9282884077E-02
   17     -2.1581770709E-04   6.6733944954E-05   4.5286057031E-04   2.9611171010E-03  -6.5793301797E-03
   18     -2.4362962712E-01   2.6306566583E-02   1.0928514976E-01  -1.8179198230E-02   3.6759210971E-03
   19      2.7827096187E-02  -4.8896948548E-02  -1.5232033920E-02  -2.1878293155E-02   1.9184069470E-03
   20      1.1055795518E-01  -1.4508038666E-02  -1.0694657406E-01  -1.0841316103E-02   1.7746041790E-03
   21     -5.3083656156E-02   4.1556698010E-03  -4.0665324337E-02  -5.4156920276E-03   2.0159579776E-03
   22      4.1310801516E-03  -4.8685271929E-02   2.3956337726E-02  -4.3972361787E-03   1.0135968879E-03
   23     -4.1270251265E-02   2.2792432576E-02  -2.9434273081E-01  -1.8369824634E-03   4.4245581276E-04
   24     -7.8974068227E-02   8.7261667121E-02  -1.8408439816E-02   7.9434368781E-03  -2.0918846336E-02
   25      8.5417171266E-02  -2.6661416362E-01   4.6496109824E-02   7.0486576540E-03  -2.2565698550E-02
   26     -1.8077816358E-02   4.6762837195E-02  -5.7169616807E-02   4.5328475597E-03  -1.0337007646E-02
   27      7.4100561890E-03  -2.2419222406E-02   3.9101205153E-03  -8.1208713607E-02   8.6519084334E-02
   28      7.3516718773E-03  -2.2517642946E-02   3.9356877496E-03   8.6210338071E-02  -2.4567589620E-01
   29      3.3717958562E-03  -1.0098991009E-02   1.2139131962E-03  -1.6861924579E-02   4.1709238877E-02
   30     -4.4300388092E-03   1.3796508833E-03  -2.2129888475E-02  -5.1698372969E-02   3.2771500140E-03
   31     -4.3773747986E-03   9.0263162838E-04  -2.4306004910E-02   2.0567677115E-03  -4.7993522933E-02
   32     -1.9889979991E-03   1.2750856971E-04  -9.0816298515E-03  -3.6935249842E-02   1.9345897379E-02
   33     -8.6328706339E-05  -1.0313414900E-04   1.4950771281E-04   1.2224245619E-03   7.8155359713E-04
   34      9.3422764039E-05  -1.2209695872E-04  -9.8876544119E-06   1.4900782752E-03   5.1963213234E-04
   35      4.5205764704E-05  -6.9125542688E-05   3.7702382791E-04   8.3735854544E-04   4.6242192772E-04
   36      2.1288380324E-04   5.6150434208E-05  -1.4522359659E-04   2.0137563792E-04   1.1073935373E-04
   37     -3.2797093759E-04   3.0955172283E-04  -2.7097116596E-04   1.4352276583E-03   3.8160642256E-04
   38      2.0098716990E-04  -1.5141972728E-04  -2.8908993188E-05  -1.5353271945E-05   2.2639711651E-04
   39     -5.5145647330E-04   4.4965301750E-04   1.1570610017E-03  -1.1582511421E-03  -3.9184236784E-03
   40     -1.5336824437E-03   7.4866018471E-04   8.4413751282E-04  -1.6778033365E-03  -4.4249910141E-03
   41     -4.3470646913E-04  -2.4512634040E-04   6.7973857718E-04  -6.4105901887E-04  -1.2551889286E-03
                    5                  6                  7                  8                  9        
    0     -2.1569690029E-02  -2.7270540781E-02  -2.2557901837E-02  -8.7563177382E-03   2.0560131318E-03
    1     -2.5070105946E-02  -2.9309384939E-03   2.1755627948E-03   3.0464346162E-03   6.6882962797E-04
    2     -9.0851481173E-02   8.6684883754E-03   1.3426193936E-02   5.4368221464E-03   8.8571137307E-04
    3      2.5675763632E-02  -1.5053256889E-01  -6.0428476249E-03   4.7565800331E-02   1.8523872156E-03
    4     -2.5734168050E-02  -4.2851868163E-03  -6.6188702085E-02  -4.7965263847E-03  -8.2974287828E-04
    5      5.5935599044E-01   4.6379196296E-02  -5.3439237610E-03  -1.0884360385E-01   3.0415220048E-02
    6      4.6379196296E-02   4.1339666937E-01   7.0814335916E-02   3.4930492810E-03  -4.9950043098E-02
    7     -5.3439237610E-03   7.0814335916E-02   3.2475990880E-01   3.9221934396E-02  -6.1238629318E-03
    8     -1.0884360385E-01   3.4930492810E-03   3.9221934396E-02   5.6646867635E-01  -3.0538950313E-02
    9      3.0415220048E-02  -4.9950043098E-02  -6.1238629318E-03  -3.0538950313E-02   5.9129859031E-02
   10     -1.5802173087E-03  -5.7396368185E-03  -3.9542026124E-02  -1.0088537947E-02   2.0892462986E-03
   11     -1.6307661357E-02  -2.9583823209E-02  -1.3274185848E-02  -3.0544599360E-01   3.1500155683E-02
   12     -8.0253754441E-03  -1.2044510466E-01  -5.8082695345E-02  -1.9353166412E-02  -2.7321929188E-03
   13      1.6802005881E-03  -5.9455241706E-02  -1.2750997590E-01  -2.8499926399E-02  -2.4293194166E-03
   14      5.4653703334E-03  -1.9237319075E-02  -2.9495467591E-02  -9.1406654390E-02  -2.0534912423E-02
   15     -7.2287980764E-03  -4.0022883160E-02   1.3424956464E-02  -7.3840874149E-03  -5.1119193159E-03
   16      3.1060874307E-03   1.3043119892E-02  -5.6808190786E-02   1.2567925037E-02   9.0329445355E-03
   17      3.0275737381E-03  -6.7448018637E-03   1.1708245397E-02  -4.1075223465E-02  -1.2244224820E-02
   18      1.0532049401E-02  -1.0673907924E-03  -3.7809229010E-03  -2.7763414370E-03   2.1258915528E-04
   19      1.3054869600E-02  -2.3141555342E-03  -4.6957479477E-03  -2.4198065262E-03   2.0854893878E-04
   20      4.4780654823E-03  -1.2264790133E-03  -1.4256254877E-03  -5.9470250597E-04  -2.9547200720E-04
   21     -2.2236833755E-02   1.4748746368E-03   8.0735998151E-04  -2.0525152037E-03  -3.8841525605E-04
   22     -2.5398729287E-02   1.0092225158E-03   9.6588481712E-04  -4.0052239685E-04  -1.1831675116E-04
   23     -1.0606079042E-02   9.4193373767E-04   2.2809608819E-04   6.8729435707E-04  -8.9427186710E-04
   24      5.0584840445E-03   2.0898067633E-03  -9.0986230198E-04   4.2950503545E-04  -1.0741994637E-04
   25      4.3331732559E-03   1.9044773774E-03  -1.2077782995E-03   7.0434411254E-06  -1.9199308055E-04
   26      1.3964201783E-03   1.3343083660E-04   6.1153816122E-04   1.2926675094E-04  -1.1841296220E-05
   27     -1.6538775739E-02  -1.2656306887E-02   2.4880992570E-02  -6.3285625616E-03   8.8690469631E-04
   28      4.2686366274E-02   3.0533949833E-03  -5.7749395648E-03   9.0344970040E-04   1.7965868838E-04
   29     -5.5994094684E-02   6.2878045408E-03  -1.2535206369E-02   1.1134308329E-03  -8.0185225840E-04
   30     -3.8994474754E-02   1.1541829305E-03  -2.4304642820E-03   3.2170409359E-02  -5.1287159392E-03
   31      2.1103673577E-02   2.1357929714E-03  -1.7686147244E-03  -2.9421621522E-03   1.8597036170E-04
   32     -2.9190377102E-01  -1.3016487278E-03   1.8484799459E-03  -1.9859856410E-02   3.1300446909E-03
   33     -1.1831828614E-03  -4.3879835095E-03   5.2075737399E-04  -2.1949290919E-02  -1.8609250627E-03
   34     -3.6564222751E-04  -4.5507604252E-03  -2.8432633442E-03  -2.8063497892E-02  -3.6362132100E-03
   35      7.3179296862E-04  -2.3539939185E-03  -2.8576184054E-04  -1.0593319158E-02  -9.7046583888E-04
   36      2.6642960275E-04   6.5379307129E-03  -1.4273651366E-02   5.9918418159E-03   7.4851386381E-04
   37      5.5359075464E-05   1.1592960761E-02  -2.1646683529E-02   7.5749441836E-03   5.0782145643E-07
   38      5.5219757844E-06   3.7775655348E-03  -6.4433926600E-03   4.1577996102E-04   3.6002679126E-04
   39     -2.6218612271E-03  -1.8320642635E-02   3.7018921056E-03   9.4977793343E-03   3.9336444331E-04
   40     -2.4569067241E-03  -2.4225470443E-02   8.4565887102E-05   1.3957892554E-02   9.3293136998E-04
   41      4.5956011887E-05  -9.2425559526E-03   1.6904314030E-03   3.5680829752E-03  -7.2002327014E-05
                   10                 11                 12                 13                 14        
    0      4.8550797340E-04  -1.0605455896E-03  -4.0222515919E-03   1.6697679385E-03   2.7619474996E-03
    1     -1.3711276043E-04  -1.3918542189E-04   1.4338005020E-03   3.0981157680E-04  -5.6525430526E-04
    2      8.2145752631E-04   1.0345325683E-03   3.5799170902E-03  -7.6488922145E-04  -2.1722528603E-03
    3     -9.7350277090E-04  -1.0091236088E-03  -2.4216033224E-02  -6.0162456842E-03   9.9488044436E-03
    4      1.9340675168E-03  -1.1371731805E-03  -2.5276698599E-02   2.1614718189E-03   1.2682066971E-02
    5     -1.5802173087E-03  -1.6307661357E-02  -8.0253754441E-03   1.6802005881E-03   5.4653703334E-03
    6     -5.7396368185E-03  -2.9583823209E-02  -1.2044510466E-01  -5.9455241706E-02  -1.9237319075E-02
    7     -3.9542026124E-02  -1.3274185848E-02  -5.8082695345E-02  -1.2750997590E-01  -2.9495467591E-02
    8     -1.0088537947E-02  -3.0544599360E-01  -1.9353166412E-02  -2.8499926399E-02  -9.1406654390E-02
    9      2.0892462986E-03   3.1500155683E-02  -2.7321929188E-03  -2.4293194166E-03  -2.0534912423E-02
   10      5.5187859752E-02   1.3324054855E-02  -4.8565145975E-03  -7.1811798577E-04  -2.6016307484E-02
   11      1.3324054855E-02   3.2603103529E-01  -3.8062083355E-04  -8.6506045367E-04  -6.7897074430E-03
   12     -4.8565145975E-03  -3.8062083355E-04   5.4589316978E-01  -4.4038031485E-02  -1.8725043175E-02
   13     -7.1811798577E-04  -8.6506045367E-04  -4.4038031485E-02   4.9066884115E-01  -1.8091944773E-02
   14     -2.6016307484E-02  -6.7897074430E-03  -1.8725043175E-02  -1.8091944773E-02   5.6382999027E-01
   15      1.1876210948E-02  -2.6009360041E-03   3.8241698435E-03  -4.2045304929E-03   2.1361061152E-03
   16     -1.5777832798E-02   4.4699258866E-03   1.6603854013E-02  -3.7939732150E-02   9.9071179063E-03
   17      2.4070152882E-02  -1.4660874267E-03   1.3314920333E-03  -1.0539721248E-03   1.8516476075E-03
   18      3.3764966782E-05  -8.7120226378E-05  -1.1210545389E-03   6.0786359440E-04   9.0110068873E-04
   19     -2.7462781408E-05  -1.2872796837E-04  -1.3134806490E-03   4.9378080666E-04   6.8013014223E-04
   20     -1.5198566842E-04   4.1555986218E-04  -4.8867963577E-04  -8.6775365673E-05   6.3809877793E-04
   21     -1.5549807911E-04   7.7610008500E-04   2.4285025869E-05  -1.8823495446E-04   1.7390130252E-04
   22      2.1114810288E-04   6.3850178940E-04   1.0548914043E-04  -1.0260908169E-04  -6.8505411788E-05
   23     -6.7355282871E-05   4.4354655930E-04  -7.3350020713E-06   1.5676909400E-05   4.6444333624E-04
   24      3.0118783935E-05   1.1053225265E-04  -1.3609310208E-04   1.9996065882E-04  -2.0644063124E-04
   25     -4.9380696934E-05   1.0279267637E-04  -1.5712771864E-04  -3.1440245831E-05  -3.6637132194E-06
   26      9.2445667336E-05   1.7702177506E-05   6.1489883083E-05  -3.3869140363E-05  -4.2994808796E-05
   27     -3.7750735361E-04   4.0896764122E-04   7.7586942655E-04   4.9493155889E-04  -5.3544296349E-04
   28      2.2681905166E-04  -4.0591900368E-04  -1.2258515891E-03  -2.3325957841E-04   3.7309135762E-04
   29      1.6961934084E-04  -2.0205314120E-05  -3.0330494699E-04  -8.0277267769E-05   4.7248281133E-04
   30      1.4000043542E-04   2.8541088344E-03   1.5701799329E-03   1.0422375642E-03   6.0934408742E-04
   31      7.3660411142E-04  -9.4275707072E-04   2.2067719087E-04  -2.6338127338E-04   7.6823836028E-04
   32     -7.7667276381E-05   4.9857307984E-05  -7.3299318209E-04  -4.2479836661E-04   5.2572826781E-04
   33     -3.4296199973E-03  -4.4898579130E-04  -5.1700827609E-02  -5.8889875885E-04  -3.5244388391E-02
   34     -3.4590475453E-03  -1.2284417029E-03   5.5549918405E-04  -4.4931191275E-02   1.7146868200E-03
   35     -1.4122220795E-03   1.3463372317E-03  -3.6339492884E-02  -6.8534603382E-04  -3.0364395514E-01
   36      6.6124390023E-04  -4.1886057320E-05  -9.3893484036E-02   9.4137988509E-02  -3.0775002239E-02
   37      7.8860112928E-04  -6.4254969722E-04   9.3847573972E-02  -2.3520036491E-01   5.9841455450E-02
   38      4.0679055891E-04   6.1386855113E-05  -3.0557865976E-02   5.9603841280E-02  -6.4746680406E-02
   39      2.4699693638E-04  -3.6398861298E-04  -2.5382063233E-01   1.8641601175E-02   1.0873343180E-01
   40      6.2588102761E-04   3.6124492740E-05   2.2309657479E-02  -4.6703832950E-02  -1.1641429889E-02
   41      7.0237286446E-04   6.2969729061E-04   1.0993489144E-01  -1.0797073472E-02  -1.0444551636E-01
                   15                 16                 17                 18                 19        
    0     -9.1270218185E-04  -2.0697304193E-03  -2.1581770709E-04  -2.4362962712E-01   2.7827096187E-02
    1      4.3699728357E-04  -4.4841806850E-05   6.6733944954E-05   2.6306566583E-02  -4.8896948548E-02
    2      5.4533363617E-04  -8.9182420554E-05   4.5286057031E-04   1.0928514976E-01  -1.5232033920E-02
    3     -1.6295505773E-02   1.2778202707E-02   2.9611171010E-03  -1.8179198230E-02  -2.1878293155E-02
    4      2.8501516299E-02  -1.9282884077E-02  -6.5793301797E-03   3.6759210971E-03   1.9184069470E-03
    5     -7.2287980764E-03   3.1060874307E-03   3.0275737381E-03   1.0532049401E-02   1.3054869600E-02
    6     -4.0022883160E-02   1.3043119892E-02  -6.7448018637E-03  -1.0673907924E-03  -2.3141555342E-03
    7      1.3424956464E-02  -5.6808190786E-02   1.1708245397E-02  -3.7809229010E-03  -4.6957479477E-03
    8     -7.3840874149E-03   1.2567925037E-02  -4.1075223465E-02  -2.7763414370E-03  -2.4198065262E-03
    9     -5.1119193159E-03   9.0329445355E-03  -1.2244224820E-02   2.1258915528E-04   2.0854893878E-04
   10      1.1876210948E-02  -1.5777832798E-02   2.4070152882E-02   3.3764966782E-05  -2.7462781408E-05
   11     -2.6009360041E-03   4.4699258866E-03  -1.4660874267E-03  -8.7120226378E-05  -1.2872796837E-04
   12      3.8241698435E-03   1.6603854013E-02   1.3314920333E-03  -1.1210545389E-03  -1.3134806490E-03
   13     -4.2045304929E-03  -3.7939732150E-02  -1.0539721248E-03   6.0786359440E-04   4.9378080666E-04
   14      2.1361061152E-03   9.9071179063E-03   1.8516476075E-03   9.0110068873E-04   6.8013014223E-04
   15      6.2939192627E-02  -4.8157357634E-02   1.2408074616E-02   2.2931997867E-05   6.0812516197E-04
   16     -4.8157357634E-02   1.2707607315E-01  -2.5305299677E-02  -3.7575631647E-04   6.5227924860E-04
   17      1.2408074616E-02  -2.5305299677E-02   3.2810003232E-02  -3.9027871079E-05  -1.3540778604E-05
   18      2.2931997867E-05  -3.7575631647E-04  -3.9027871079E-05   2.6631781554E-01  -2.5909718548E-02
   19      6.0812516197E-04   6.5227924860E-04  -1.3540778604E-05  -2.5909718548E-02   5.2136126201E-02
   20      2.9552061319E-05  -1.0840208564E-04   7.5644500141E-05  -1.1931949028E-01   1.7256419404E-02
   21     -9.2598167272E-05   2.3546151126E-05   2.8886154874E-04   5.7277947117E-03  -3.0885087237E-03
   22      2.1967773196E-04  -8.1979250413E-05  -9.4599278965E-05  -6.5404121636E-04  -1.0442651321E-03
   23     -3.6484100742E-04   5.3777996884E-05   5.0999701109E-06  -3.3101030595E-03   1.8301342943E-03
   24     -2.5591847004E-03   3.3339744734E-04  -2.1761056865E-04  -9.1687390784E-03   2.5002147628E-02
   25      7.8722024688E-04   1.6497138038E-03  -7.1996859396E-05   2.5215734645E-04  -1.8296151442E-03
   26     -1.7542355990E-04  -3.2453975202E-05  -1.2605954518E-04   5.1358299387E-03  -1.5527202943E-02
   27     -5.4374473143E-03   3.0368616915E-03   2.0630448754E-03   8.6605213976E-04   4.8324821035E-04
   28     -1.4440322778E-04   1.6013644367E-03  -8.8061376655E-04  -2.2760463286E-04   7.3742016110E-04
   29      2.5495142067E-03  -1.7694216894E-03   5.9471040235E-04   2.5257481099E-04   6.8042334303E-04
   30      1.3765426421E-03  -1.0589242588E-03  -2.5707321216E-04   2.8720131436E-04   6.8076994412E-04
   31     -6.2652725768E-04   8.2392437641E-04  -9.1773870272E-04   5.3125844741E-04   9.1414853396E-04
   32     -3.3997806973E-04  -2.5354364367E-04   1.5116944474E-03  -4.1466641515E-04  -8.3130512327E-05
   33      3.2589785843E-04   5.5573416929E-04   8.9031431788E-04  -1.8742013123E-05   8.2264088221E-06
   34     -1.3581559811E-04   1.8933839190E-03  -1.8719917844E-04   2.2873434979E-05   1.6539074247E-05
   35      6.9895887754E-04  -2.6267078563E-04   1.0843496513E-03  -5.5929149897E-05  -5.0699788161E-05
   36      4.7738082782E-04  -4.1361716467E-03   2.3335799947E-05   6.0477943693E-05   5.3595778771E-05
   37     -2.0794328198E-03  -4.7980951464E-03  -9.2989777203E-04  -2.5711393493E-05   4.0895994292E-05
   38     -1.6043280341E-04  -2.5171713248E-03   1.3330969408E-03   3.3926995744E-05   5.5055378359E-05
   39      1.4661248165E-03   3.9343832500E-04  -2.2864243213E-04  -3.1011103938E-04  -3.7393101031E-04
   40     -5.0979576119E-04   1.0368170813E-03   1.6135760681E-04  -4.5032110044E-04  -4.1555741307E-04
   41     -1.3208439498E-04   2.6100983249E-04  -7.9310623761E-05  -1.5158196631E-04  -1.0265779861E-04
                   20                 21                 22                 23                 24        
    0      1.1055795518E-01  -5.3083656156E-02   4.1310801516E-03  -4.1270251265E-02  -7.8974068227E-02
    1     -1.4508038666E-02   4.1556698010E-03  -4.8685271929E-02   2.2792432576E-02   8.7261667121E-02
    2     -1.0694657406E-01  -4.0665324337E-02   2.3956337726E-02  -2.9434273081E-01  -1.8408439816E-02
    3     -1.0841316103E-02  -5.4156920276E-03  -4.3972361787E-03  -1.8369824634E-03   7.9434368781E-03
    4      1.7746041790E-03   2.0159579776E-03   1.0135968879E-03   4.4245581276E-04  -2.0918846336E-02
    5      4.4780654823E-03  -2.2236833755E-02  -2.5398729287E-02  -1.0606079042E-02   5.0584840445E-03
    6     -1.2264790133E-03   1.4748746368E-03   1.0092225158E-03   9.4193373767E-04   2.0898067633E-03
    7     -1.4256254877E-03   8.0735998151E-04   9.6588481712E-04   2.2809608819E-04  -9.0986230198E-04
    8     -5.9470250597E-04  -2.0525152037E-03  -4.0052239685E-04   6.8729435707E-04   4.2950503545E-04
    9     -2.9547200720E-04  -3.8841525605E-04  -1.1831675116E-04  -8.9427186710E-04  -1.0741994637E-04
   10     -1.5198566842E-04  -1.5549807911E-04   2.1114810288E-04  -6.7355282871E-05   3.0118783935E-05
   11      4.1555986218E-04   7.7610008500E-04   6.3850178940E-04   4.4354655930E-04   1.1053225265E-04
   12     -4.8867963577E-04   2.4285025869E-05   1.0548914043E-04  -7.3350020713E-06  -1.3609310208E-04
   13     -8.6775365673E-05  -1.8823495446E-04  -1.0260908169E-04   1.5676909400E-05   1.9996065882E-04
   14      6.3809877793E-04   1.7390130252E-04  -6.8505411788E-05   4.6444333624E-04  -2.0644063124E-04
   15      2.9552061319E-05  -9.2598167272E-05   2.1967773196E-04  -3.6484100742E-04  -2.5591847004E-03
   16     -1.0840208564E-04   2.3546151126E-05  -8.1979250413E-05   5.3777996884E-05   3.3339744734E-04
   17      7.5644500141E-05   2.8886154874E-04  -9.4599278965E-05   5.0999701109E-06  -2.1761056865E-04
   18     -1.1931949028E-01   5.7277947117E-03  -6.5404121636E-04  -3.3101030595E-03  -9.1687390784E-03
   19      1.7256419404E-02  -3.0885087237E-03  -1.0442651321E-03   1.8301342943E-03   2.5002147628E-02
   20      1.1259451745E-01   2.7899596627E-02  -4.1293871511E-03  -1.3907665432E-02  -6.8252451262E-03
   21      2.7899596627E-02   5.5982263230E-02  -6.6226417253E-04   4.7465015842E-02  -2.6300407721E-03
   22     -4.1293871511E-03  -6.6226417253E-04   5.0992151763E-02  -2.2670947504E-02   3.2261377244E-03
   23     -1.3907665432E-02   4.7465015842E-02  -2.2670947504E-02   3.2082849862E-01   8.8761508457E-05
   24     -6.8252451262E-03  -2.6300407721E-03   3.2261377244E-03   8.8761508457E-05   8.5565111781E-02
   25      4.7050672829E-04   1.7411292895E-04  -1.1255250946E-03  -2.4830734479E-04  -9.1650393099E-02
   26      2.4965013400E-03  -1.1502101234E-02   2.9448606498E-02  -5.0617699171E-03   2.0910229566E-02
   27      4.6660181411E-04   7.2021556730E-04   8.5476594059E-04   1.1546087734E-04  -2.8578165191E-03
   28      4.2674097140E-04   3.1738250596E-04   8.2565116079E-04  -5.2302522421E-04  -3.7135751934E-03
   29      2.3224897918E-04   7.1078204654E-04  -1.1646623536E-04   4.3078646991E-04  -1.0700017650E-03
   30      1.1420395925E-04  -2.4104299940E-03  -3.8403890191E-03  -1.0606608825E-03   8.4910570800E-04
   31      5.9171911127E-04  -3.4895017389E-03  -2.9616521249E-03  -1.9535507133E-03   7.8583200297E-04
   32      5.7474604270E-04  -1.1438743685E-03  -1.3937039314E-03   1.0609427958E-03   1.5699026978E-04
   33      7.3451635318E-05   9.7694478079E-05   8.9214286078E-05   2.1009944268E-04   4.2881573415E-05
   34      1.0496709215E-04   9.9103361348E-05   3.0017473384E-05   1.3614073047E-04  -2.6699040855E-05
   35     -5.1256534339E-06   1.8606789418E-04   1.3756033595E-04   3.7991927628E-05  -1.1606275033E-05
   36      7.9689531110E-06  -7.7006248418E-06  -1.6895558704E-06  -1.1290277841E-05   4.9627627028E-05
   37     -1.2710019596E-05  -1.1632631792E-05  -4.6950250445E-05   5.8792678373E-06   2.4073277621E-04
   38     -2.1787376703E-06  -2.1346764062E-05  -1.7550274395E-05  -5.0227676588E-05  -1.7434640566E-05
   39     -1.3901925626E-04   1.4053481426E-06   4.2582006920E-05  -5.8654804214E-05  -1.0660798470E-04
   40     -2.0126496870E-04  -1.7250109890E-06   9.8026582641E-06  -4.1589227381E-05   1.0429905409E-04
   41     -4.9136049804E-05   1.1478953766E-04   1.0958674266E-04   9.8688432982E-06   1.2595229426E-05
                   25                 26                 27                 28                 29        
    0      8.5417171266E-02  -1.8077816358E-02   7.4100561890E-03   7.3516718773E-03   3.3717958562E-03
    1     -2.6661416362E-01   4.6762837195E-02  -2.2419222406E-02  -2.2517642946E-02  -1.0098991009E-02
    2      4.6496109824E-02  -5.7169616807E-02   3.9101205153E-03   3.9356877496E-03   1.2139131962E-03
    3      7.0486576540E-03   4.5328475597E-03  -8.1208713607E-02   8.6210338071E-02  -1.6861924579E-02
    4     -2.2565698550E-02  -1.0337007646E-02   8.6519084334E-02  -2.4567589620E-01   4.1709238877E-02
    5      4.3331732559E-03   1.3964201783E-03  -1.6538775739E-02   4.2686366274E-02  -5.5994094684E-02
    6      1.9044773774E-03   1.3343083660E-04  -1.2656306887E-02   3.0533949833E-03   6.2878045408E-03
    7     -1.2077782995E-03   6.1153816122E-04   2.4880992570E-02  -5.7749395648E-03  -1.2535206369E-02
    8      7.0434411254E-06   1.2926675094E-04  -6.3285625616E-03   9.0344970040E-04   1.1134308329E-03
    9     -1.9199308055E-04  -1.1841296220E-05   8.8690469631E-04   1.7965868838E-04  -8.0185225840E-04
   10     -4.9380696934E-05   9.2445667336E-05  -3.7750735361E-04   2.2681905166E-04   1.6961934084E-04
   11      1.0279267637E-04   1.7702177506E-05   4.0896764122E-04  -4.0591900368E-04  -2.0205314120E-05
   12     -1.5712771864E-04   6.1489883083E-05   7.7586942655E-04  -1.2258515891E-03  -3.0330494699E-04
   13     -3.1440245831E-05  -3.3869140363E-05   4.9493155889E-04  -2.3325957841E-04  -8.0277267769E-05
   14     -3.6637132194E-06  -4.2994808796E-05  -5.3544296349E-04   3.7309135762E-04   4.7248281133E-04
   15      7.8722024688E-04  -1.7542355990E-04  -5.4374473143E-03  -1.4440322778E-04   2.5495142067E-03
   16      1.6497138038E-03  -3.2453975202E-05   3.0368616915E-03   1.6013644367E-03  -1.7694216894E-03
   17     -7.1996859396E-05  -1.2605954518E-04   2.0630448754E-03  -8.8061376655E-04   5.9471040235E-04
   18      2.5215734645E-04   5.1358299387E-03   8.6605213976E-04  -2.2760463286E-04   2.5257481099E-04
   19     -1.8296151442E-03  -1.5527202943E-02   4.8324821035E-04   7.3742016110E-04   6.8042334303E-04
   20      4.7050672829E-04   2.4965013400E-03   4.6660181411E-04   4.2674097140E-04   2.3224897918E-04
   21      1.7411292895E-04  -1.1502101234E-02   7.2021556730E-04   3.1738250596E-04   7.1078204654E-04
   22     -1.1255250946E-03   2.9448606498E-02   8.5476594059E-04   8.2565116079E-04  -1.1646623536E-04
   23     -2.4830734479E-04  -5.0617699171E-03   1.1546087734E-04  -5.2302522421E-04   4.3078646991E-04
   24     -9.1650393099E-02   2.0910229566E-02  -2.8578165191E-03  -3.7135751934E-03  -1.0700017650E-03
   25      2.9275849275E-01  -4.9036842208E-02  -3.6459962974E-03  -2.0138435996E-03  -1.8391108616E-03
   26     -4.9036842208E-02   5.7702682463E-02  -1.7384545465E-03  -1.9031154851E-03   3.7385922174E-04
   27     -3.6459962974E-03  -1.7384545465E-03   9.4127537994E-02  -9.1930393044E-02   1.8246991597E-02
   28     -2.0138435996E-03  -1.9031154851E-03  -9.1930393044E-02   2.7396825698E-01  -4.4470728044E-02
   29     -1.8391108616E-03   3.7385922174E-04   1.8246991597E-02  -4.4470728044E-02   5.6345974557E-02
   30      1.9000443001E-04   7.1974914983E-04  -2.1610638319E-03   7.4090742733E-04  -1.2308570502E-02
   31      7.3152181957E-04  -1.1767184369E-04   3.1616712272E-03  -2.2446140076E-03   2.8314930827E-02
   32     -1.9041122357E-04   3.2141810186E-04  -3.5553934097E-04   1.6400284315E-04  -4.7997361463E-03
   33      5.0715904509E-05  -2.3448894678E-06  -1.7640039224E-04   7.7807134974E-05  -6.0136882496E-05
   34     -2.5791782106E-05  -2.6890300221E-05   4.3792720427E-05   2.6500194124E-05   1.4199734736E-04
   35      2.5987790795E-05   2.7495698756E-06  -1.1820567809E-04  -1.1715897636E-04  -4.9642970331E-05
   36     -1.6994783705E-05   1.1120954920E-05  -8.0067397178E-04  -5.3607986037E-04   1.2666732233E-04
   37      2.7149273278E-04   2.9894104175E-05  -9.9489336354E-04   7.0549435400E-04   1.0482033654E-04
   38     -4.5864433007E-05  -3.0031304918E-05   3.3628848658E-04   2.4160406149E-05   2.8760177167E-04
   39     -1.2692940134E-04  -7.0350876564E-06   5.1178650997E-04  -1.1311558456E-04  -1.5591131382E-04
   40      5.2015922660E-05   7.0128606427E-05  -1.4747334517E-04   3.6868956014E-04  -1.9438711457E-04
   41      1.8623608631E-07  -1.0127420418E-05   8.3076889782E-05  -2.2938028319E-04  -2.0132912849E-04
                   30                 31                 32                 33                 34        
    0     -4.4300388092E-03  -4.3773747986E-03  -1.9889979991E-03  -8.6328706339E-05   9.3422764039E-05
    1      1.3796508833E-03   9.0263162838E-04   1.2750856971E-04  -1.0313414900E-04  -1.2209695872E-04
    2     -2.2129888475E-02  -2.4306004910E-02  -9.0816298515E-03   1.4950771281E-04  -9.8876544119E-06
    3     -5.1698372969E-02   2.0567677115E-03  -3.6935249842E-02   1.2224245619E-03   1.4900782752E-03
    4      3.2771500140E-03  -4.7993522933E-02   1.9345897379E-02   7.8155359713E-04   5.1963213234E-04
    5     -3.8994474754E-02   2.1103673577E-02  -2.9190377102E-01  -1.1831828614E-03  -3.6564222751E-04
    6      1.1541829305E-03   2.1357929714E-03  -1.3016487278E-03  -4.3879835095E-03  -4.5507604252E-03
    7     -2.4304642820E-03  -1.7686147244E-03   1.8484799459E-03   5.2075737399E-04  -2.8432633442E-03
    8      3.2170409359E-02  -2.9421621522E-03  -1.9859856410E-02  -2.1949290919E-02  -2.8063497892E-02
    9     -5.1287159392E-03   1.8597036170E-04   3.1300446909E-03  -1.8609250627E-03  -3.6362132100E-03
   10      1.4000043542E-04   7.3660411142E-04  -7.7667276381E-05  -3.4296199973E-03  -3.4590475453E-03
   11      2.8541088344E-03  -9.4275707072E-04   4.9857307984E-05  -4.4898579130E-04  -1.2284417029E-03
   12      1.5701799329E-03   2.2067719087E-04  -7.3299318209E-04  -5.1700827609E-02   5.5549918405E-04
   13      1.0422375642E-03  -2.6338127338E-04  -4.2479836661E-04  -5.8889875885E-04  -4.4931191275E-02
   14      6.0934408742E-04   7.6823836028E-04   5.2572826781E-04  -3.5244388391E-02   1.7146868200E-03
   15      1.3765426421E-03  -6.2652725768E-04  -3.3997806973E-04   3.2589785843E-04  -1.3581559811E-04
   16     -1.0589242588E-03   8.2392437641E-04  -2.5354364367E-04   5.5573416929E-04   1.8933839190E-03
   17     -2.5707321216E-04  -9.1773870272E-04   1.5116944474E-03   8.9031431788E-04  -1.8719917844E-04
   18      2.8720131436E-04   5.3125844741E-04  -4.1466641515E-04  -1.8742013123E-05   2.2873434979E-05
   19      6.8076994412E-04   9.1414853396E-04  -8.3130512327E-05   8.2264088221E-06   1.6539074247E-05
   20      1.1420395925E-04   5.9171911127E-04   5.7474604270E-04   7.3451635318E-05   1.0496709215E-04
   21     -2.4104299940E-03  -3.4895017389E-03  -1.1438743685E-03   9.7694478079E-05   9.9103361348E-05
   22     -3.8403890191E-03  -2.9616521249E-03  -1.3937039314E-03   8.9214286078E-05   3.0017473384E-05
   23     -1.0606608825E-03  -1.9535507133E-03   1.0609427958E-03   2.1009944268E-04   1.3614073047E-04
   24      8.4910570800E-04   7.8583200297E-04   1.5699026978E-04   4.2881573415E-05  -2.6699040855E-05
   25      1.9000443001E-04   7.3152181957E-04  -1.9041122357E-04   5.0715904509E-05  -2.5791782106E-05
   26      7.1974914983E-04  -1.1767184369E-04   3.2141810186E-04  -2.3448894678E-06  -2.6890300221E-05
   27     -2.1610638319E-03   3.1616712272E-03  -3.5553934097E-04  -1.7640039224E-04   4.3792720427E-05
   28      7.4090742733E-04  -2.2446140076E-03   1.6400284315E-04   7.7807134974E-05   2.6500194124E-05
   29     -1.2308570502E-02   2.8314930827E-02  -4.7997361463E-03  -6.0136882496E-05   1.4199734736E-04
   30      6.0787733177E-02  -4.2866573385E-05   3.9283155758E-02  -3.0420749308E-04  -2.7313990413E-04
   31     -4.2866573385E-05   5.1041376169E-02  -1.9520740321E-02  -4.5301300501E-04   1.7128441419E-04
   32      3.9283155758E-02  -1.9520740321E-02   3.2058562454E-01   5.4466337277E-04   6.1251173598E-04
   33     -3.0420749308E-04  -4.5301300501E-04   5.4466337277E-04   5.4308534499E-02   3.6438191731E-03
   34     -2.7313990413E-04   1.7128441419E-04   6.1251173598E-04   3.6438191731E-03   4.8841218620E-02
   35     -6.5618571924E-04   1.4535345696E-05   5.5390950239E-04   4.1999232211E-02   2.5288860536E-03
   36     -1.0068378082E-05  -9.9097239896E-05   4.1373314206E-05  -2.8678535758E-03   2.9967632325E-03
   37     -1.0590729477E-05  -3.2882963834E-05  -7.4979971933E-05  -9.9643250844E-04   1.1040330102E-03
   38     -1.7468646668E-05   1.3573982475E-04   1.8629484170E-05  -1.3223174021E-02   2.7468488537E-02
   39      1.1795171024E-04   4.8985916272E-06   6.5020871734E-05   5.4058353912E-03  -3.1974071397E-04
   40      2.1116617712E-04  -5.6823025673E-05  -6.6375868889E-05  -1.5971288271E-04  -1.2212179316E-03
   41     -3.3494928769E-04  -2.4126069178E-04   4.4244294240E-04   2.8251510519E-02  -2.8337595211E-03
                   35                 36                 37                 38                 39        
    0      4.5205764704E-05   2.1288380324E-04  -3.2797093759E-04   2.0098716990E-04  -5.5145647330E-04
    1     -6.9125542688E-05   5.6150434208E-05   3.0955172283E-04  -1.5141972728E-04   4.4965301750E-04
    2      3.7702382791E-04  -1.4522359659E-04  -2.7097116596E-04  -2.8908993188E-05   1.1570610017E-03
    3      8.3735854544E-04   2.0137563792E-04   1.4352276583E-03  -1.5353271945E-05  -1.1582511421E-03
    4      4.6242192772E-04   1.1073935373E-04   3.8160642256E-04   2.2639711651E-04  -3.9184236784E-03
    5      7.3179296862E-04   2.6642960275E-04   5.5359075464E-05   5.5219757844E-06  -2.6218612271E-03
    6     -2.3539939185E-03   6.5379307129E-03   1.1592960761E-02   3.7775655348E-03  -1.8320642635E-02
    7     -2.8576184054E-04  -1.4273651366E-02  -2.1646683529E-02  -6.4433926600E-03   3.7018921056E-03
    8     -1.0593319158E-02   5.9918418159E-03   7.5749441836E-03   4.1577996102E-04   9.4977793343E-03
    9     -9.7046583888E-04   7.4851386381E-04   5.0782145643E-07   3.6002679126E-04   3.9336444331E-04
   10     -1.4122220795E-03   6.6124390023E-04   7.8860112928E-04   4.0679055891E-04   2.4699693638E-04
   11      1.3463372317E-03  -4.1886057320E-05  -6.4254969722E-04   6.1386855113E-05  -3.6398861298E-04
   12     -3.6339492884E-02  -9.3893484036E-02   9.3847573972E-02  -3.0557865976E-02  -2.5382063233E-01
   13     -6.8534603382E-04   9.4137988509E-02  -2.3520036491E-01   5.9603841280E-02   1.8641601175E-02
   14     -3.0364395514E-01  -3.0775002239E-02   5.9841455450E-02  -6.4746680406E-02   1.0873343180E-01
   15      6.9895887754E-04   4.7738082782E-04  -2.0794328198E-03  -1.6043280341E-04   1.4661248165E-03
   16     -2.6267078563E-04  -4.1361716467E-03  -4.7980951464E-03  -2.5171713248E-03   3.9343832500E-04
   17      1.0843496513E-03   2.3335799947E-05  -9.2989777203E-04   1.3330969408E-03  -2.2864243213E-04
   18     -5.5929149897E-05   6.0477943693E-05  -2.5711393493E-05   3.3926995744E-05  -3.1011103938E-04
   19     -5.0699788161E-05   5.3595778771E-05   4.0895994292E-05   5.5055378359E-05  -3.7393101031E-04
   20     -5.1256534339E-06   7.9689531110E-06  -1.2710019596E-05  -2.1787376703E-06  -1.3901925626E-04
   21      1.8606789418E-04  -7.7006248418E-06  -1.1632631792E-05  -2.1346764062E-05   1.4053481426E-06
   22      1.3756033595E-04  -1.6895558704E-06  -4.6950250445E-05  -1.7550274395E-05   4.2582006920E-05
   23      3.7991927628E-05  -1.1290277841E-05   5.8792678373E-06  -5.0227676588E-05  -5.8654804214E-05
   24     -1.1606275033E-05   4.9627627028E-05   2.4073277621E-04  -1.7434640566E-05  -1.0660798470E-04
   25      2.5987790795E-05  -1.6994783705E-05   2.7149273278E-04  -4.5864433007E-05  -1.2692940134E-04
   26      2.7495698756E-06   1.1120954920E-05   2.9894104175E-05  -3.0031304918E-05  -7.0350876564E-06
   27     -1.1820567809E-04  -8.0067397178E-04  -9.9489336354E-04   3.3628848658E-04   5.1178650997E-04
   28     -1.1715897636E-04  -5.3607986037E-04   7.0549435400E-04   2.4160406149E-05  -1.1311558456E-04
   29     -4.9642970331E-05   1.2666732233E-04   1.0482033654E-04   2.8760177167E-04  -1.5591131382E-04
   30     -6.5618571924E-04  -1.0068378082E-05  -1.0590729477E-05  -1.7468646668E-05   1.1795171024E-04
   31      1.4535345696E-05  -9.9097239896E-05  -3.2882963834E-05   1.3573982475E-04   4.8985916272E-06
   32      5.5390950239E-04   4.1373314206E-05  -7.4979971933E-05   1.8629484170E-05   6.5020871734E-05
   33      4.1999232211E-02  -2.8678535758E-03  -9.9643250844E-04  -1.3223174021E-02   5.4058353912E-03
   34      2.5288860536E-03   2.9967632325E-03   1.1040330102E-03   2.7468488537E-02  -3.1974071397E-04
   35      3.2928526473E-01  -3.3561544847E-05  -7.7815735221E-04  -6.3482348385E-03  -3.2346577395E-03
   36     -3.3561544847E-05   9.9525037468E-02  -1.0265944575E-01   3.3866284984E-02  -1.0233447297E-02
   37     -7.7815735221E-04  -1.0265944575E-01   2.5947101801E-01  -6.5235684932E-02  -2.0052555395E-05
   38     -6.3482348385E-03   3.3866284984E-02  -6.5235684932E-02   6.5524276108E-02   5.4458041809E-03
   39     -3.2346577395E-03  -1.0233447297E-02  -2.0052555395E-05   5.4458041809E-03   2.7660468068E-01
   40      4.9939110499E-04   2.3715808696E-02  -1.3477165731E-03  -1.3528758529E-02  -1.8588373833E-02
   41     -1.2779141654E-02  -9.3358670514E-03   3.5196727214E-04   3.5599688605E-03  -1.1807069193E-01
                   40                 41        
     0     -1.5336824437E-03  -4.3470646913E-04
     1      7.4866018471E-04  -2.4512634040E-04
     2      8.4413751282E-04   6.7973857718E-04
     3     -1.6778033365E-03  -6.4105901887E-04
     4     -4.4249910141E-03  -1.2551889286E-03
     5     -2.4569067241E-03   4.5956011887E-05
     6     -2.4225470443E-02  -9.2425559526E-03
     7      8.4565887102E-05   1.6904314030E-03
     8      1.3957892554E-02   3.5680829752E-03
     9      9.3293136998E-04  -7.2002327014E-05
    10      6.2588102761E-04   7.0237286446E-04
    11      3.6124492740E-05   6.2969729061E-04
    12      2.2309657479E-02   1.0993489144E-01
    13     -4.6703832950E-02  -1.0797073472E-02
    14     -1.1641429889E-02  -1.0444551636E-01
    15     -5.0979576119E-04  -1.3208439498E-04
    16      1.0368170813E-03   2.6100983249E-04
    17      1.6135760681E-04  -7.9310623761E-05
    18     -4.5032110044E-04  -1.5158196631E-04
    19     -4.1555741307E-04  -1.0265779861E-04
    20     -2.0126496870E-04  -4.9136049804E-05
    21     -1.7250109890E-06   1.1478953766E-04
    22      9.8026582641E-06   1.0958674266E-04
    23     -4.1589227381E-05   9.8688432982E-06
    24      1.0429905409E-04   1.2595229426E-05
    25      5.2015922660E-05   1.8623608631E-07
    26      7.0128606427E-05  -1.0127420418E-05
    27     -1.4747334517E-04   8.3076889782E-05
    28      3.6868956014E-04  -2.2938028319E-04
    29     -1.9438711457E-04  -2.0132912849E-04
    30      2.1116617712E-04  -3.3494928769E-04
    31     -5.6823025673E-05  -2.4126069178E-04
    32     -6.6375868889E-05   4.4244294240E-04
    33     -1.5971288271E-04   2.8251510519E-02
    34     -1.2212179316E-03  -2.8337595211E-03
    35      4.9939110499E-04  -1.2779141654E-02
    36      2.3715808696E-02  -9.3358670514E-03
    37     -1.3477165731E-03   3.5196727214E-04
    38     -1.3528758529E-02   3.5599688605E-03
    39     -1.8588373833E-02  -1.1807069193E-01
    40      5.1243706586E-02   1.2575286565E-02
    41      1.2575286565E-02   1.0862880573E-01

$vibrational_frequencies
42
    0        0.0000000000000000
    1        0.0000000000000000
    2        0.0000000000000000
    3        0.0000000000000000
    4        0.0000000000000000
    5        0.0000000000000000
    6      122.9302515128978115
    7      225.3900888843553219
    8      239.3621167455627869
    9      260.4384678968437470
   10      330.1124796215159449
   11      388.9281342480367130
   12      464.6279348545507446
   13      580.8711199047547780
   14      796.3460354025362449
   15      847.0399233943596755
   16      968.5686213379127594
   17     1002.0073698963570905
   18     1031.6474615046015515
   19     1090.4980787433057685
   20     1124.4027421169819263
   21     1175.1204131203119232
   22     1254.3186231668407800
   23     1310.2999769808809560
   24     1319.4110536610260169
   25     1381.6634751265330578
   26     1401.3956066216492218
   27     1404.5788225641354074
   28     1461.2776437969316703
   29     1478.1651616576093602
   30     1488.4086478751846698
   31     1491.2069861560346453
   32     1499.2796955838089161
   33     2995.2730571746592432
   34     3013.1067865143140807
   35     3015.6146803005599395
   36     3041.5237696448143652
   37     3059.8512152333587437
   38     3089.8267294658912760
   39     3092.2638888914220843
   40     3107.3535480194909724
   41     3115.8930270772939366

$normal_modes
42 42
                    0                  1                  2                  3                  4        
    0      0.0000000000E+00   0.0000000000E+00   0.0000000000E+00   0.0000000000E+00   0.0000000000E+00
    1      0.0000000000E+00   0.0000000000E+00   0.0000000000E+00   0.0000000000E+00   0.0000000000E+00
    2      0.0000000000E+00   0.0000000000E+00   0.0000000000E+00   0.0000000000E+00   0.0000000000E+00
    3      0.0000000000E+00   0.0000000000E+00   0.0000000000E+00   0.0000000000E+00   0.0000000000E+00
    4      0.0000000000E+00   0.0000000000E+00   0.0000000000E+00   0.0000000000E+00   0.0000000000E+00
