*************************************************
******************* ORCA 6.0.0 ******************
*************************************************
$Calculation_Status
   &GeometryIndex 1
   &ListStatus       OUT
   &VERSION [&Type "String"] "6.0.0"
   &PROGNAME [&Type "String"] "LeanSCF"
   &STATUS [&Type "String"] "NORMAL TERMINATION"
$End
$Geometry
   &GeometryIndex 1
   &ListStatus       OUT
   &NATOMS [&Type "Integer"] 14
   &NCORELESSECP [&Type "Integer"] 0
   &NGHOSTATOMS [&Type "Integer"] 0
   &CartesianCoordinates [&Type "Coordinates", &Dim(14,4), &Units "Bohr"] 
              C      4.174473396533    0.862949672695    0.242837517347
              C      2.299548343757   -1.142376673671   -0.630761770849
              C     -0.248155016014   -1.054542058402    0.693641587058
              H      0.009660254863   -0.984025543301    2.745191315149
              C     -1.981142247543   -3.212665266634   -0.040853443725
              Cl    -1.854846685392    1.957534754242   -0.056990055934
              H      5.980903097410    0.646096238155   -0.736674670197
              H      4.531241524750    0.707750191667    2.275359109982
              H      3.459533268224    2.762371073758   -0.138192371389
              H      3.081583455264   -3.031765409085   -0.265883299948
              H      1.992233534749   -1.012335554513   -2.675617668509
              H     -2.288908733978   -3.238900095123   -2.084145914264
              H     -1.105070958514   -5.005988200078    0.513121629090
              H     -3.811527089157   -3.061441505586    0.899386258582
$End
$SCF_Energy
   &GeometryIndex 1
   &ListStatus       OUT
   &SCF_ENERGY [&Type "Double"]      -6.1799679622094629e+02
$End
$DFT_Energy
   &GeometryIndex 1
   &ListStatus       OUT
   &NALPHAEL [&Type "Integer"] 25
   &NBETAEL [&Type "Integer"] 25
   &NTOTALEL [&Type "Integer"] 50
   &EEXCHANGE [&Type "Double"]      -5.1552663502808500e+01
   &ECORR [&Type "Double"]      -1.6708737159213380e+00
   &ECNL [&Type "Double"]       0.0000000000000000e+00
   &EXC [&Type "Double"]      -5.3223537218729838e+01
   &EEMBED [&Type "Double"]       0.0000000000000000e+00
   &FINALEN [&Type "Double"]      -6.1799679622094629e+02  "No Van der Waals correction"
$End
$Mulliken_Population_Analysis
   &GeometryIndex 1
   &ListStatus       OUT
   &NATOMS [&Type "Integer"] 14
   &ATNO [&Type "ArrayOfIntegers", &Dim (14,1)] 
                                                         0

0                                                        6
1                                                        6
2                                                        6
3                                                        1
4                                                        6
5                                                       17
6                                                        1
7                                                        1
8                                                        1
9                                                        1
10                                                       1
11                                                       1
12                                                       1
13                                                       1
   &ATOMICCHARGES [&Type "ArrayOfDoubles", &Dim (14,1)] 
                                                         0

0                                     -3.2966399071896557e-01
1                                     -1.4316332468184534e-01
2                                      5.2169525721492249e-02
3                                      9.2108481355972938e-02
4                                     -3.0112974581378982e-01
5                                     -2.1793442942674801e-01
6                                      1.0969180423342650e-01
7                                      9.7220537140332408e-02
8                                      1.2274851730990211e-01
9                                      8.4201051415404127e-02
10                                     9.4758346408685412e-02
11                                     1.1113192921487713e-01
12                                     1.0437761586722560e-01
13                                     1.2348368197385473e-01
$End
$Loewdin_Population_Analysis
   &GeometryIndex 1
   &ListStatus       OUT
   &NATOMS [&Type "Integer"] 14
   &ATNO [&Type "ArrayOfIntegers", &Dim (14,1)] 
                                                         0

0                                                        6
1                                                        6
2                                                        6
3                                                        1
4                                                        6
5                                                       17
6                                                        1
7                                                        1
8                                                        1
9                                                        1
10                                                       1
11                                                       1
12                                                       1
13                                                       1
   &ATOMICCHARGES [&Type "ArrayOfDoubles", &Dim (14,1)] 
                                                         0

0                                     -3.1222135602320389e-01
1                                     -3.0023049044258787e-01
2                                     -4.6439245706239962e-01
3                                      1.3871113380212441e-01
4                                     -3.0911074733568977e-01
5                                      2.3244169888475597e-01
6                                      1.1969739326005147e-01
7                                      1.1836701515783565e-01
8                                      1.1996365586802882e-01
9                                      1.4266434426557939e-01
10                                     1.3890881467254612e-01
11                                     1.2495598778733763e-01
12                                     1.2623138801239131e-01
13                                     1.2401361915307008e-01
$End
$Mayer_Population_Analysis
   &GeometryIndex 1
   &ListStatus       OUT
   &NATOMS [&Type "Integer"] 14 "Total number of atoms"
   &BONDTHRESH [&Type "Double"]       1.0000000000000001e-01  "The threshold for printing"
   &NBONDORDERSPRINT [&Type "Integer"] 13 "The number of bond orders larger than threshold"
   &BONDORDERS [&Type "ArrayOfDoubles", &Dim (13,1)] "The bond orders"
                                                         0

0                                      9.8285115875066587e-01
1                                      9.7500222300253381e-01
2                                      9.7373536266634830e-01
3                                      9.6943496357318149e-01
4                                      9.8189661692535946e-01
5                                      9.4764087556005616e-01
6                                      9.5891790312075531e-01
7                                      9.6336534553731368e-01
8                                      9.7618862733310041e-01
9                                      9.6830199738249012e-01
10                                     9.6924463287284213e-01
11                                     9.5803101971339044e-01
12                                     9.7205868169126508e-01
   &COMPONENTS [&Type "ArrayOfIntegers", &Dim (13,4)] "The indices and atomic numbers of the bonding atoms"
                                                         0                           1                           2                           3

0                                                        0                           6                           1                           6
1                                                        0                           6                           6                           1
2                                                        0                           6                           7                           1
3                                                        0                           6                           8                           1
4                                                        1                           6                           2                           6
5                                                        1                           6                           9                           1
6                                                        1                           6                          10                           1
7                                                        2                           6                           3                           1
8                                                        2                           6                           4                           6
9                                                        2                           6                           5                          17
10                                                       4                           6                          11                           1
11                                                       4                           6                          12                           1
12                                                       4                           6                          13                           1
   &ATNO [&Type "ArrayOfIntegers", &Dim (14,1)] "Atomic number of the elements"
                                                         0

0                                                        6
1                                                        6
2                                                        6
3                                                        1
4                                                        6
5                                                       17
6                                                        1
7                                                        1
8                                                        1
9                                                        1
10                                                       1
11                                                       1
12                                                       1
13                                                       1
   &NA [&Type "ArrayOfDoubles", &Dim (14,1)] "Mulliken gross atomic population"
                                                         0

0                                      6.3296639907189629e+00
1                                      6.1431633246818214e+00
2                                      5.9478304742785193e+00
3                                      9.0789151864402706e-01
4                                      6.3011297458137809e+00
5                                      1.7217934429426833e+01
6                                      8.9030819576657405e-01
7                                      9.0277946285966892e-01
8                                      8.7725148269009767e-01
9                                      9.1579894858459510e-01
10                                     9.0524165359131359e-01
11                                     8.8886807078512453e-01
12                                     8.9562238413277595e-01
13                                     8.7651631802614582e-01
   &ZA [&Type "ArrayOfDoubles", &Dim (14,1)] "Total nuclear charge"
                                                         0

0                                      6.0000000000000000e+00
1                                      6.0000000000000000e+00
2                                      6.0000000000000000e+00
3                                      1.0000000000000000e+00
4                                      6.0000000000000000e+00
5                                      1.7000000000000000e+01
6                                      1.0000000000000000e+00
7                                      1.0000000000000000e+00
8                                      1.0000000000000000e+00
9                                      1.0000000000000000e+00
10                                     1.0000000000000000e+00
11                                     1.0000000000000000e+00
12                                     1.0000000000000000e+00
13                                     1.0000000000000000e+00
   &QA [&Type "ArrayOfDoubles", &Dim (14,1)] "Mulliken gross atomic charge"
                                                         0

0                                     -3.2966399071896291e-01
1                                     -1.4316332468182136e-01
2                                      5.2169525721480703e-02
3                                      9.2108481355972938e-02
4                                     -3.0112974581378094e-01
5                                     -2.1793442942683328e-01
6                                      1.0969180423342595e-01
7                                      9.7220537140331076e-02
8                                      1.2274851730990233e-01
9                                      8.4201051415404904e-02
10                                     9.4758346408686411e-02
11                                     1.1113192921487547e-01
12                                     1.0437761586722405e-01
13                                     1.2348368197385418e-01
   &VA [&Type "ArrayOfDoubles", &Dim (14,1)] "Mayer's total valence"
                                                         0

0                                      3.9240693248743552e+00
1                                      3.8709654115553049e+00
2                                      3.9152784183509439e+00
3                                      9.7864499802810145e-01
4                                      3.8842371761835119e+00
5                                      1.0893304197153866e+00
6                                      9.7779132262468338e-01
7                                      9.8196514975635152e-01
8                                      9.9427168732510784e-01
9                                      9.7892509270243766e-01
10                                     9.9155656112804014e-01
11                                     9.9352865442815264e-01
12                                     9.8164713825132632e-01
13                                     9.8789912650998979e-01
   &BVA [&Type "ArrayOfDoubles", &Dim (14,1)] "Mayer's bonded valence"
                                                         0

0                                      3.9240693248744414e+00
1                                      3.8709654115554373e+00
2                                      3.9152784183510430e+00
3                                      9.7864499802811455e-01
4                                      3.8842371761835102e+00
5                                      1.0893304197152047e+00
6                                      9.7779132262471269e-01
7                                      9.8196514975635429e-01
8                                      9.9427168732513072e-01
9                                      9.7892509270244132e-01
10                                     9.9155656112805923e-01
11                                     9.9352865442812732e-01
12                                     9.8164713825132643e-01
13                                     9.8789912650999445e-01
   &FA [&Type "ArrayOfDoubles", &Dim (14,1)] "Mayer's free valence"
                                                         0

0                                      0.0000000000000000e+00
1                                      0.0000000000000000e+00
2                                      0.0000000000000000e+00
3                                      0.0000000000000000e+00
4                                      0.0000000000000000e+00
5                                      0.0000000000000000e+00
6                                      0.0000000000000000e+00
7                                      0.0000000000000000e+00
8                                      0.0000000000000000e+00
9                                      0.0000000000000000e+00
10                                     0.0000000000000000e+00
11                                     0.0000000000000000e+00
12                                     0.0000000000000000e+00
13                                     0.0000000000000000e+00
$End
$VdW_Correction
   &GeometryIndex 1
   &ListStatus       OUT
   &VDW [&Type "Double"]      -3.3731487218089280e-03
$End
$Calculation_Info
   &GeometryIndex 1
   &ListStatus       OUT
   &MULT [&Type "Integer"] 1
   &CHARGE [&Type "Integer"] 0
   &NUMOFATOMS [&Type "Integer"] 14
   &NUMOFELECTRONS [&Type "Integer"] 50
   &NUMOFFCELECTRONS [&Type "Integer"] 1
   &NUMOFCORRELECTRONS [&Type "Integer"] 0
   &NUMOFBASISFUNCTS [&Type "Integer"] 215
   &NUMOFAUXCBASISFUNCTS [&Type "Integer"] 0
   &NUMOFAUXJBASISFUNCTS [&Type "Integer"] 261
   &NUMOFAUXJKBASISFUNCTS [&Type "Integer"] 0
   &NUMOFCABSBASISFUNCTS [&Type "Integer"] 0
   &TOTALENERGY [&Type "Double"]      -6.1799180469376813e+02  "Hartrees"
$End
$SCF_Dipole_Moment
   &GeometryIndex 1
   &ListStatus       OUT
   &METHOD [&Type "String"] "SCF"
   &LEVEL [&Type "String"] "Relaxed density"
   &MULT [&Type "Integer"] 1
   &STATE [&Type "Integer"] -1
   &IRREP [&Type "Integer"] 0
   &NATOMS [&Type "Integer"] 14
   &DODIPOLEATOM [&Type "Boolean"] false
   &DIPOLEELECCONTRIB [&Type "ArrayOfDoubles", &Dim (3,1)] "Electronic contribution"
                                                         0

0                                     -6.8735313734306320e+00
1                                      6.7775062384022178e+00
2                                     -1.1192983232105275e-01
   &DIPOLENUCCONTRIB [&Type "ArrayOfDoubles", &Dim (3,1)] "Nuclear contribution"
                                                         0

0                                      7.3152974144770742e+00
1                                     -7.5567243676208191e+00
2                                      2.3595024410590637e-01
   &DIPOLETOTAL [&Type "ArrayOfDoubles", &Dim (3,1)] "Total"
                                                         0

0                                      4.4176604104644213e-01
1                                     -7.7921812921860134e-01
2                                      1.2402041178485362e-01
   &DIPOLEMAGNITUDE [&Type "Double", &Units "a.u."]       9.0427827048097775e-01
$End
$THERMOCHEMISTRY_Energies
   &GeometryIndex 1
   &ListStatus       OUT
   &TEMPERATURE [&Type "Double"]       2.9814999999999998e+02
   &PRESSURE [&Type "Double"]       1.0000000000000000e+00
   &TOTALMASS [&Type "Double"]       9.2568999999999988e+01
   &SPINDEGENERACY [&Type "Integer"] 1
   &ELENERGY [&Type "Double"]      -6.1799180469376813e+02
   &TRANSENERGY [&Type "Double"]       1.4162714244859817e-03
   &ROTENERGY [&Type "Double"]       1.4162714244859817e-03
   &VIBENERGY [&Type "Double"]       3.7207201590516419e-03
   &NUMOFFREQS [&Type "Integer"] 42
   &FREQSCALINGFACTOR [&Type "Double"]       1.0000000000000000e+00
   &FREQ [&Type "ArrayOfDoubles", &Dim (42,1)] "In cm^-1"
                                                         0

0                                      0.0000000000000000e+00
1                                      0.0000000000000000e+00
2                                      0.0000000000000000e+00
3                                      0.0000000000000000e+00
4                                      0.0000000000000000e+00
5                                      0.0000000000000000e+00
6                                      1.2293025151289781e+02
7                                      2.2539008888435532e+02
8                                      2.3936211674556279e+02
9                                      2.6043846789684375e+02
10                                     3.3011247962151594e+02
11                                     3.8892813424803671e+02
12                                     4.6462793485455074e+02
13                                     5.8087111990475478e+02
14                                     7.9634603540253624e+02
15                                     8.4703992339435968e+02
16                                     9.6856862133791276e+02
17                                     1.0020073698963571e+03
18                                     1.0316474615046016e+03
19                                     1.0904980787433058e+03
20                                     1.1244027421169819e+03
21                                     1.1751204131203119e+03
22                                     1.2543186231668408e+03
23                                     1.3102999769808810e+03
24                                     1.3194110536610260e+03
25                                     1.3816634751265331e+03
26                                     1.4013956066216492e+03
27                                     1.4045788225641354e+03
28                                     1.4612776437969317e+03
29                                     1.4781651616576094e+03
30                                     1.4884086478751847e+03
31                                     1.4912069861560346e+03
32                                     1.4992796955838089e+03
33                                     2.9952730571746592e+03
34                                     3.0131067865143141e+03
35                                     3.0156146803005599e+03
36                                     3.0415237696448144e+03
37                                     3.0598512152333587e+03
38                                     3.0898267294658913e+03
39                                     3.0922638888914221e+03
40                                     3.1073535480194910e+03
41                                     3.1158930270772939e+03
   &ZPE [&Type "Double"]       1.2226698679009558e-01
   &INNERENERGYU [&Type "Double"]      -6.1786298444397005e+02
   &ENTHALPYH [&Type "Double"]      -6.1786204023492780e+02
   &QEL [&Type "Double"]       0.0000000000000000e+00
   &QROT [&Type "Double"]       1.2759206488551675e-02
   &QVIB [&Type "Double"]       6.1148524139299715e-03
   &QTRANS [&Type "Double"]       1.8761883484258252e-02
   &ENTROPYS [&Type "Double"]       3.7635942386739896e-02
   &FREEENERGYG [&Type "Double"]      -6.1789967617731452e+02
   &ISLINEAR [&Type "Boolean"] false
$End
$Hessian
   &GeometryIndex 1
   &ListStatus       OUT
   &HESSIAN [&Type "ArrayOfDoubles", &Dim (42,42)] "The Hessian"
                                                         0                           1                           2                           3                           4                           5                           6                           7

0                                      5.2309825406371113e-01        -4.8164002782181276e-02        -2.3543663843251399e-02        -1.1981653714519888e-01        -4.7881624880119572e-02        -2.1569690029135089e-02        -2.7270540781129789e-02        -2.2557901836555039e-02
1                                     -4.8164002782181276e-02         5.1553382157849159e-01        -2.1940965267116003e-02        -4.8595117482780628e-02        -1.3296196091703777e-01        -2.5070105946300839e-02        -2.9309384939467734e-03         2.1755627948173879e-03
2                                     -2.3543663843251399e-02        -2.1940965267116003e-02         5.5139830366374698e-01        -2.3308833863554965e-02        -2.6873724390553709e-02        -9.0851481173428450e-02         8.6684883753705890e-03         1.3426193935547717e-02
3                                     -1.1981653714519888e-01        -4.8595117482780628e-02        -2.3308833863554965e-02         4.5730124871314920e-01        -2.1604812664086058e-02         2.5675763632301125e-02        -1.5053256888913788e-01        -6.0428476249492907e-03
4                                     -4.7881624880119572e-02        -1.3296196091703777e-01        -2.6873724390553709e-02        -2.1604812664086058e-02         5.3116487404887769e-01        -2.5734168050337312e-02        -4.2851868163031326e-03        -6.6188702084566148e-02
5                                     -2.1569690029135089e-02        -2.5070105946300839e-02        -9.0851481173428450e-02         2.5675763632301125e-02        -2.5734168050337312e-02         5.5935599044043249e-01         4.6379196295502675e-02        -5.3439237609840401e-03
6                                     -2.7270540781129789e-02        -2.9309384939467734e-03         8.6684883753705890e-03        -1.5053256888913788e-01        -4.2851868163031326e-03         4.6379196295502675e-02         4.1339666936541641e-01         7.0814335915830279e-02
7                                     -2.2557901836555039e-02         2.1755627948173879e-03         1.3426193935547717e-02        -6.0428476249492907e-03        -6.6188702084566148e-02        -5.3439237609840401e-03         7.0814335915830279e-02         3.2475990880099154e-01
8                                     -8.7563177381522334e-03         3.0464346161874767e-03         5.4368221464263910e-03         4.7565800330516321e-02        -4.7965263847091939e-03        -1.0884360384986935e-01         3.4930492809906975e-03         3.9221934396015540e-02
9                                      2.0560131318445771e-03         6.6882962796516914e-04         8.8571137307379339e-04         1.8523872156322539e-03        -8.2974287828368283e-04         3.0415220048065093e-02        -4.9950043098421645e-02        -6.1238629318009340e-03
10                                     4.8550797339996104e-04        -1.3711276042752406e-04         8.2145752631381463e-04        -9.7350277089978780e-04         1.9340675168055942e-03        -1.5802173086673173e-03        -5.7396368184792022e-03        -3.9542026123545057e-02
11                                    -1.0605455896478045e-03        -1.3918542188500003e-04         1.0345325683076070e-03        -1.0091236088418179e-03        -1.1371731804769459e-03        -1.6307661356657951e-02        -2.9583823209065056e-02        -1.3274185847950468e-02
12                                    -4.0222515918533399e-03         1.4338005020493598e-03         3.5799170902199059e-03        -2.4216033223640226e-02        -2.5276698599391498e-02        -8.0253754441184551e-03        -1.2044510465610056e-01        -5.8082695344950593e-02
13                                     1.6697679384568786e-03         3.0981157680152609e-04        -7.6488922145213846e-04        -6.0162456842307033e-03         2.1614718188796081e-03         1.6802005881356389e-03        -5.9455241706445540e-02        -1.2750997589653645e-01
14                                     2.7619474995611089e-03        -5.6525430526427475e-04        -2.1722528603067533e-03         9.9488044436185467e-03         1.2682066970590858e-02         5.4653703334286846e-03        -1.9237319074927872e-02        -2.9495467590833879e-02
15                                    -9.1270218184544510e-04         4.3699728357230122e-04         5.4533363617362350e-04        -1.6295505773343377e-02         2.8501516298562218e-02        -7.2287980763846189e-03        -4.0022883159947648e-02         1.3424956463504910e-02
16                                    -2.0697304193231826e-03        -4.4841806850497330e-05        -8.9182420553984582e-05         1.2778202707420286e-02        -1.9282884077370659e-02         3.1060874307222994e-03         1.3043119892404718e-02        -5.6808190786073132e-02
17                                    -2.1581770709437305e-04         6.6733944954439485e-05         4.5286057030711601e-04         2.9611171009598560e-03        -6.5793301796749099e-03         3.0275737380951115e-03        -6.7448018637477191e-03         1.1708245396782870e-02
18                                    -2.4362962711515959e-01         2.6306566583319063e-02         1.0928514975859993e-01        -1.8179198229603937e-02         3.6759210971093713e-03         1.0532049400600938e-02        -1.0673907924499994e-03        -3.7809229010044498e-03
19                                     2.7827096187300657e-02        -4.8896948548306521e-02        -1.5232033919948183e-02        -2.1878293154784453e-02         1.9184069470166844e-03         1.3054869600249474e-02        -2.3141555342266343e-03        -4.6957479477337163e-03
20                                     1.1055795517699046e-01        -1.4508038665923758e-02        -1.0694657405543297e-01        -1.0841316102672185e-02         1.7746041790491305e-03         4.4780654822875405e-03        -1.2264790132578089e-03        -1.4256254876908131e-03
21                                    -5.3083656156465764e-02         4.1556698009521213e-03        -4.0665324337257808e-02        -5.4156920276277297e-03         2.0159579775555982e-03        -2.2236833754906971e-02         1.4748746367586572e-03         8.0735998151066886e-04
22                                     4.1310801515853238e-03        -4.8685271928698419e-02         2.3956337725791057e-02        -4.3972361786733085e-03         1.0135968878521653e-03        -2.5398729286881253e-02         1.0092225158396906e-03         9.6588481712313909e-04
23                                    -4.1270251265196012e-02         2.2792432575515283e-02        -2.9434273080920587e-01        -1.8369824633730075e-03         4.4245581275692211e-04        -1.0606079041725332e-02         9.4193373766613894e-04         2.2809608819451994e-04
24                                    -7.8974068227355185e-02         8.7261667121083908e-02        -1.8408439816168798e-02         7.9434368780638177e-03        -2.0918846336361159e-02         5.0584840445236211e-03         2.0898067632609480e-03        -9.0986230198415491e-04
25                                     8.5417171266314346e-02        -2.6661416362035728e-01         4.6496109824177081e-02         7.0486576539939942e-03        -2.2565698549591451e-02         4.3331732559363728e-03         1.9044773773876037e-03        -1.2077782995459909e-03
26                                    -1.8077816357803478e-02         4.6762837194569425e-02        -5.7169616807050884e-02         4.5328475596505486e-03        -1.0337007645546939e-02         1.3964201783291203e-03         1.3343083659777047e-04         6.1153816121873369e-04
27                                     7.4100561890102640e-03        -2.2419222406484352e-02         3.9101205153219522e-03        -8.1208713606513425e-02         8.6519084334361007e-02        -1.6538775738680841e-02        -1.2656306887274650e-02         2.4880992569814721e-02
28                                     7.3516718773497212e-03        -2.2517642945636386e-02         3.9356877496340816e-03         8.6210338070940529e-02        -2.4567589619838034e-01         4.2686366273780869e-02         3.0533949833409235e-03        -5.7749395648277781e-03
29                                     3.3717958562391984e-03        -1.0098991008518129e-02         1.2139131962456912e-03        -1.6861924578842415e-02         4.1709238876938642e-02        -5.5994094683525140e-02         6.2878045408256405e-03        -1.2535206369402342e-02
30                                    -4.4300388091606940e-03         1.3796508833080392e-03        -2.2129888475275358e-02        -5.1698372969453885e-02         3.2771500140416059e-03        -3.8994474754311337e-02         1.1541829305081229e-03        -2.4304642819538598e-03
31                                    -4.3773747985988596e-03         9.0263162838379908e-04        -2.4306004909851846e-02         2.0567677115340436e-03        -4.7993522933308309e-02         2.1103673577476133e-02         2.1357929714387915e-03        -1.7686147244478211e-03
32                                    -1.9889979991121100e-03         1.2750856971472345e-04        -9.0816298515178171e-03        -3.6935249842182771e-02         1.9345897379305498e-02        -2.9190377102365833e-01        -1.3016487277751794e-03         1.8484799459385945e-03
33                                    -8.6328706339380530e-05        -1.0313414899657989e-04         1.4950771281324132e-04         1.2224245618739941e-03         7.8155359712973622e-04        -1.1831828613507087e-03        -4.3879835095123063e-03         5.2075737398924859e-04
34                                     9.3422764038507416e-05        -1.2209695872394808e-04        -9.8876544118851639e-06         1.4900782751740668e-03         5.1963213233786095e-04        -3.6564222751120682e-04        -4.5507604251823902e-03        -2.8432633441721304e-03
35                                     4.5205764703718301e-05        -6.9125542688015795e-05         3.7702382791419660e-04         8.3735854544329455e-04         4.6242192772377039e-04         7.3179296862035600e-04        -2.3539939184611218e-03        -2.8576184054385223e-04
36                                     2.1288380324085651e-04         5.6150434208198079e-05        -1.4522359658901310e-04         2.0137563792352450e-04         1.1073935373141688e-04         2.6642960275197062e-04         6.5379307129432573e-03        -1.4273651365893980e-02
37                                    -3.2797093758653350e-04         3.0955172282970270e-04        -2.7097116595860846e-04         1.4352276583153010e-03         3.8160642255826230e-04         5.5359075464196141e-05         1.1592960760692380e-02        -2.1646683528586289e-02
38                                     2.0098716990077977e-04        -1.5141972728248453e-04        -2.8908993187549362e-05        -1.5353271945142905e-05         2.2639711651140917e-04         5.5219757844498542e-06         3.7775655347585652e-03        -6.4433926599983486e-03
39                                    -5.5145647329869502e-04         4.4965301750495880e-04         1.1570610016556648e-03        -1.1582511421234232e-03        -3.9184236783938176e-03        -2.6218612270647685e-03        -1.8320642634912968e-02         3.7018921055652840e-03
40                                    -1.5336824436544649e-03         7.4866018471426445e-04         8.4413751281937357e-04        -1.6778033365260352e-03        -4.4249910140731355e-03        -2.4569067241046070e-03        -2.4225470443473535e-02         8.4565887102429696e-05
41                                    -4.3470646913413300e-04        -2.4512634039961238e-04         6.7973857718238808e-04        -6.4105901887002775e-04        -1.2551889285556234e-03         4.5956011886813791e-05        -9.2425559525879317e-03         1.6904314030375634e-03
                                                         8                           9                          10                          11                          12                          13                          14                          15

0                                     -8.7563177381522334e-03         2.0560131318445771e-03         4.8550797339996104e-04        -1.0605455896478045e-03        -4.0222515918533399e-03         1.6697679384568786e-03         2.7619474995611089e-03        -9.1270218184544510e-04
1                                      3.0464346161874767e-03         6.6882962796516914e-04        -1.3711276042752406e-04        -1.3918542188500003e-04         1.4338005020493598e-03         3.0981157680152609e-04        -5.6525430526427475e-04         4.3699728357230122e-04
2                                      5.4368221464263910e-03         8.8571137307379339e-04         8.2145752631381463e-04         1.0345325683076070e-03         3.5799170902199059e-03        -7.6488922145213846e-04        -2.1722528603067533e-03         5.4533363617362350e-04
3                                      4.7565800330516321e-02         1.8523872156322539e-03        -9.7350277089978780e-04        -1.0091236088418179e-03        -2.4216033223640226e-02        -6.0162456842307033e-03         9.9488044436185467e-03        -1.6295505773343377e-02
4                                     -4.7965263847091939e-03        -8.2974287828368283e-04         1.9340675168055942e-03        -1.1371731804769459e-03        -2.5276698599391498e-02         2.1614718188796081e-03         1.2682066970590858e-02         2.8501516298562218e-02
5                                     -1.0884360384986935e-01         3.0415220048065093e-02        -1.5802173086673173e-03        -1.6307661356657951e-02        -8.0253754441184551e-03         1.6802005881356389e-03         5.4653703334286846e-03        -7.2287980763846189e-03
6                                      3.4930492809906975e-03        -4.9950043098421645e-02        -5.7396368184792022e-03        -2.9583823209065056e-02        -1.2044510465610056e-01        -5.9455241706445540e-02        -1.9237319074927872e-02        -4.0022883159947648e-02
7                                      3.9221934396015540e-02        -6.1238629318009340e-03        -3.9542026123545057e-02        -1.3274185847950468e-02        -5.8082695344950593e-02        -1.2750997589653645e-01        -2.9495467590833879e-02         1.3424956463504910e-02
8                                      5.6646867635350473e-01        -3.0538950312694810e-02        -1.0088537946971149e-02        -3.0544599359798713e-01        -1.9353166411680691e-02        -2.8499926398541146e-02        -9.1406654390222580e-02        -7.3840874148871499e-03
9                                     -3.0538950312694810e-02         5.9129859031243834e-02         2.0892462986002187e-03         3.1500155683286388e-02        -2.7321929187516989e-03        -2.4293194166023629e-03        -2.0534912422728698e-02        -5.1119193159212158e-03
10                                    -1.0088537946971149e-02         2.0892462986002187e-03         5.5187859751978041e-02         1.3324054854758703e-02        -4.8565145974938393e-03        -7.1811798577439342e-04        -2.6016307484293462e-02         1.1876210948212200e-02
11                                    -3.0544599359798713e-01         3.1500155683286388e-02         1.3324054854758703e-02         3.2603103528581123e-01        -3.8062083355247175e-04        -8.6506045367121254e-04        -6.7897074429690753e-03        -2.6009360041177806e-03
12                                    -1.9353166411680691e-02        -2.7321929187516989e-03        -4.8565145974938393e-03        -3.8062083355247175e-04         5.4589316977521829e-01        -4.4038031484604591e-02        -1.8725043174843456e-02         3.8241698435091918e-03
13                                    -2.8499926398541146e-02        -2.4293194166023629e-03        -7.1811798577439342e-04        -8.6506045367121254e-04        -4.4038031484604591e-02         4.9066884114823195e-01        -1.8091944772538268e-02        -4.2045304928618570e-03
14                                    -9.1406654390222580e-02        -2.0534912422728698e-02        -2.6016307484293462e-02        -6.7897074429690753e-03        -1.8725043174843456e-02        -1.8091944772538268e-02         5.6382999026972469e-01         2.1361061151507627e-03
15                                    -7.3840874148871499e-03        -5.1119193159212158e-03         1.1876210948212200e-02        -2.6009360041177806e-03         3.8241698435091918e-03        -4.2045304928618570e-03         2.1361061151507627e-03         6.2939192626834756e-02
16                                     1.2567925037194706e-02         9.0329445354561354e-03        -1.5777832798203030e-02         4.4699258865820678e-03         1.6603854012660468e-02        -3.7939732150495120e-02         9.9071179062584017e-03        -4.8157357634067741e-02
17                                    -4.1075223464635255e-02        -1.2244224819692798e-02         2.4070152881569280e-02        -1.4660874267442975e-03         1.3314920333155748e-03        -1.0539721248189419e-03         1.8516476074923321e-03         1.2408074616093568e-02
