*************************************************
******************* ORCA 6.0.0 ******************
*************************************************
$Calculation_Status
   &GeometryIndex 1
   &ListStatus       OUT
   &VERSION [&Type "String"] "6.0.0"
   &PROGNAME [&Type "String"] "LeanSCF"
   &STATUS [&Type "String"] "NORMAL TERMINATION"
$End
$Geometry
   &GeometryIndex 1
   &ListStatus       OUT
   &NATOMS [&Type "Integer"] 13
   &NCORELESSECP [&Type "Integer"] 0
   &NGHOSTATOMS [&Type "Integer"] 0
   &CartesianCoordinates [&Type "Coordinates", &Dim(13,4), &Units "Bohr"] 
              C     -4.564575553168    0.009401114451    0.000408218450
              C     -1.861021677528    1.001261660536   -0.000293546845
              C      0.063298816681   -1.179978793694   -0.000214096711
              C      2.665429066250   -0.304389675847   -0.003670224208
              C      4.807249188740    0.483537169377    0.003459031816
              H     -4.928165017873   -1.154009624794   -1.672552035344
              H     -4.927747655605   -1.152921223233    1.674195956485
              H     -5.923642192887    1.567428081728    0.000008986782
              H     -1.532395604499    2.185522044903   -1.666047476293
              H     -1.531562274391    2.186586001157    1.664544753977
              H     -0.250806513807   -2.379248702424   -1.662435614387
              H     -0.249159686268   -2.378088392625    1.663127511344
              H      6.704826268875    1.164351597227    0.000166493754
$End
$SCF_Energy
   &GeometryIndex 1
   &ListStatus       OUT
   &SCF_ENERGY [&Type "Double"]      -1.9525625811597473e+02
$End
$DFT_Energy
   &GeometryIndex 1
   &ListStatus       OUT
   &NALPHAEL [&Type "Integer"] 19
   &NBETAEL [&Type "Integer"] 19
   &NTOTALEL [&Type "Integer"] 38
   &EEXCHANGE [&Type "Double"]       0.0000000000000000e+00
   &ECORR [&Type "Double"]       0.0000000000000000e+00
   &ECNL [&Type "Double"]       0.0000000000000000e+00
   &EXC [&Type "Double"]      -1.4477245729568095e+01
   &EEMBED [&Type "Double"]       0.0000000000000000e+00
   &FINALEN [&Type "Double"]      -1.9525625811597473e+02  "No Van der Waals correction"
$End
$Mulliken_Population_Analysis
   &GeometryIndex 1
   &ListStatus       OUT
   &NATOMS [&Type "Integer"] 13
   &ATNO [&Type "ArrayOfIntegers", &Dim (13,1)] 
                                                         0

0                                                        6
1                                                        6
2                                                        6
3                                                        6
4                                                        6
5                                                        1
6                                                        1
7                                                        1
8                                                        1
9                                                        1
10                                                       1
11                                                       1
12                                                       1
   &ATOMICCHARGES [&Type "ArrayOfDoubles", &Dim (13,1)] 
                                                         0

0                                     -4.3051650607819081e-01
1                                     -2.1589297459401724e-01
2                                     -3.6159292469923177e-01
3                                     -8.7912554960547951e-02
4                                     -1.1560762382518242e-01
5                                      1.3746580076147430e-01
6                                      1.3740578364554534e-01
7                                      1.4446612759303457e-01
8                                      1.3880679451016564e-01
9                                      1.3879277997257655e-01
10                                     1.5588990171606087e-01
11                                     1.5555482008381516e-01
12                                     2.0314057587434931e-01
$End
$Loewdin_Population_Analysis
   &GeometryIndex 1
   &ListStatus       OUT
   &NATOMS [&Type "Integer"] 13
   &ATNO [&Type "ArrayOfIntegers", &Dim (13,1)] 
                                                         0

0                                                        6
1                                                        6
2                                                        6
3                                                        6
4                                                        6
5                                                        1
6                                                        1
7                                                        1
8                                                        1
9                                                        1
10                                                       1
11                                                       1
12                                                       1
   &ATOMICCHARGES [&Type "ArrayOfDoubles", &Dim (13,1)] 
                                                         0

0                                     -3.1729441551697146e-01
1                                     -2.7943390507801347e-01
2                                     -2.5190446475070782e-01
3                                     -1.2424221353850839e-01
4                                     -1.1131185120457587e-01
5                                      1.2095741796797055e-01
6                                      1.2095334155721682e-01
7                                      1.2240105792704470e-01
8                                      1.3995251681666288e-01
9                                      1.3995007042877317e-01
10                                     1.5735053555799994e-01
11                                     1.5736292043534617e-01
12                                     1.2525898939764080e-01
$End
$Mayer_Population_Analysis
   &GeometryIndex 1
   &ListStatus       OUT
   &NATOMS [&Type "Integer"] 13 "Total number of atoms"
   &BONDTHRESH [&Type "Double"]       1.0000000000000001e-01  "The threshold for printing"
   &NBONDORDERSPRINT [&Type "Integer"] 12 "The number of bond orders larger than threshold"
   &BONDORDERS [&Type "ArrayOfDoubles", &Dim (12,1)] "The bond orders"
                                                         0

0                                      9.3813866542619728e-01
1                                      9.7356250477776052e-01
2                                      9.7343334562008377e-01
3                                      9.8110616418598939e-01
4                                      9.3621054470197640e-01
5                                      9.7255970412930204e-01
6                                      9.7217680914834026e-01
7                                      1.0326221792353003e+00
8                                      9.6231353125487984e-01
9                                      9.5920356536579776e-01
10                                     3.0579990806117436e+00
11                                     8.7680503369863239e-01
   &COMPONENTS [&Type "ArrayOfIntegers", &Dim (12,4)] "The indices and atomic numbers of the bonding atoms"
                                                         0                           1                           2                           3

0                                                        0                           6                           1                           6
1                                                        0                           6                           5                           1
2                                                        0                           6                           6                           1
3                                                        0                           6                           7                           1
4                                                        1                           6                           2                           6
5                                                        1                           6                           8                           1
6                                                        1                           6                           9                           1
7                                                        2                           6                           3                           6
8                                                        2                           6                          10                           1
9                                                        2                           6                          11                           1
10                                                       3                           6                           4                           6
11                                                       4                           6                          12                           1
   &ATNO [&Type "ArrayOfIntegers", &Dim (13,1)] "Atomic number of the elements"
                                                         0

0                                                        6
1                                                        6
2                                                        6
3                                                        6
4                                                        6
5                                                        1
6                                                        1
7                                                        1
8                                                        1
9                                                        1
10                                                       1
11                                                       1
12                                                       1
   &NA [&Type "ArrayOfDoubles", &Dim (13,1)] "Mulliken gross atomic population"
                                                         0

0                                      6.4305165060782183e+00
1                                      6.2158929745940501e+00
2                                      6.3615929246992327e+00
3                                      6.0879125549605444e+00
4                                      6.1156076238251691e+00
5                                      8.6253419923852725e-01
6                                      8.6259421635445410e-01
7                                      8.5553387240696543e-01
8                                      8.6119320548983436e-01
9                                      8.6120722002742489e-01
10                                     8.4411009828393957e-01
11                                     8.4444517991618628e-01
12                                     7.9685942412565103e-01
   &ZA [&Type "ArrayOfDoubles", &Dim (13,1)] "Total nuclear charge"
                                                         0

0                                      6.0000000000000000e+00
1                                      6.0000000000000000e+00
2                                      6.0000000000000000e+00
3                                      6.0000000000000000e+00
4                                      6.0000000000000000e+00
5                                      1.0000000000000000e+00
6                                      1.0000000000000000e+00
7                                      1.0000000000000000e+00
8                                      1.0000000000000000e+00
9                                      1.0000000000000000e+00
10                                     1.0000000000000000e+00
11                                     1.0000000000000000e+00
12                                     1.0000000000000000e+00
   &QA [&Type "ArrayOfDoubles", &Dim (13,1)] "Mulliken gross atomic charge"
                                                         0

0                                     -4.3051650607821834e-01
1                                     -2.1589297459405010e-01
2                                     -3.6159292469923265e-01
3                                     -8.7912554960544398e-02
4                                     -1.1560762382516909e-01
5                                      1.3746580076147275e-01
6                                      1.3740578364554590e-01
7                                      1.4446612759303457e-01
8                                      1.3880679451016564e-01
9                                      1.3879277997257511e-01
10                                     1.5588990171606043e-01
11                                     1.5555482008381372e-01
12                                     2.0314057587434897e-01
   &VA [&Type "ArrayOfDoubles", &Dim (13,1)] "Mayer's total valence"
                                                         0

0                                      3.8443185796111141e+00
1                                      3.7516946624713681e+00
2                                      3.8775103216324118e+00
3                                      4.1169325505822334e+00
4                                      4.0120104702507122e+00
5                                      9.5518773916042232e-01
6                                      9.5521676810131007e-01
7                                      9.5939503544425642e-01
8                                      9.5470688857905328e-01
9                                      9.5463635090249610e-01
10                                     9.4500112581983731e-01
11                                     9.4494284736369849e-01
12                                     9.5844372342507822e-01
   &BVA [&Type "ArrayOfDoubles", &Dim (13,1)] "Mayer's bonded valence"
                                                         0

0                                      3.8443185796110400e+00
1                                      3.7516946624713623e+00
2                                      3.8775103216324900e+00
3                                      4.1169325505822796e+00
4                                      4.0120104702508161e+00
5                                      9.5518773916043043e-01
6                                      9.5521676810130940e-01
7                                      9.5939503544424298e-01
8                                      9.5470688857907127e-01
9                                      9.5463635090249044e-01
10                                     9.4500112581984652e-01
11                                     9.4494284736371414e-01
12                                     9.5844372342511885e-01
   &FA [&Type "ArrayOfDoubles", &Dim (13,1)] "Mayer's free valence"
                                                         0

0                                      0.0000000000000000e+00
1                                      0.0000000000000000e+00
2                                      0.0000000000000000e+00
3                                      0.0000000000000000e+00
4                                      0.0000000000000000e+00
5                                      0.0000000000000000e+00
6                                      0.0000000000000000e+00
7                                      0.0000000000000000e+00
8                                      0.0000000000000000e+00
9                                      0.0000000000000000e+00
10                                     0.0000000000000000e+00
11                                     0.0000000000000000e+00
12                                     0.0000000000000000e+00
$End
$Calculation_Info
   &GeometryIndex 1
   &ListStatus       OUT
   &MULT [&Type "Integer"] 1
   &CHARGE [&Type "Integer"] 0
   &NUMOFATOMS [&Type "Integer"] 13
   &NUMOFELECTRONS [&Type "Integer"] 38
   &NUMOFFCELECTRONS [&Type "Integer"] 1
   &NUMOFCORRELECTRONS [&Type "Integer"] 0
   &NUMOFBASISFUNCTS [&Type "Integer"] 203
   &NUMOFAUXCBASISFUNCTS [&Type "Integer"] 0
   &NUMOFAUXJBASISFUNCTS [&Type "Integer"] 333
   &NUMOFAUXJKBASISFUNCTS [&Type "Integer"] 0
   &NUMOFCABSBASISFUNCTS [&Type "Integer"] 0
   &TOTALENERGY [&Type "Double"]      -1.9525625811597473e+02  "Hartrees"
$End
$SCF_Dipole_Moment
   &GeometryIndex 1
   &ListStatus       OUT
   &METHOD [&Type "String"] "SCF"
   &LEVEL [&Type "String"] "Relaxed density"
   &MULT [&Type "Integer"] 1
   &STATE [&Type "Integer"] -1
   &IRREP [&Type "Integer"] 0
   &NATOMS [&Type "Integer"] 13
   &DODIPOLEATOM [&Type "Boolean"] false
   &DIPOLEELECCONTRIB [&Type "ArrayOfDoubles", &Dim (3,1)] "Electronic contribution"
                                                         0

0                                      5.9666276998761729e+00
1                                     -3.4487085583021312e-02
2                                     -9.6017575295514210e-04
   &DIPOLENUCCONTRIB [&Type "ArrayOfDoubles", &Dim (3,1)] "Nuclear contribution"
                                                         0

0                                     -6.3094142527402415e+00
1                                      1.0456159420723976e-02
2                                      6.5897033111936786e-04
   &DIPOLETOTAL [&Type "ArrayOfDoubles", &Dim (3,1)] "Total"
                                                         0

0                                     -3.4278655286406856e-01
1                                     -2.4030926162297336e-02
2                                     -3.0120542183577424e-04
   &DIPOLEMAGNITUDE [&Type "Double", &Units "a.u."]       3.4362799210971567e-01
$End
$THERMOCHEMISTRY_Energies
   &GeometryIndex 1
   &ListStatus       OUT
   &TEMPERATURE [&Type "Double"]       2.9814999999999998e+02
   &PRESSURE [&Type "Double"]       1.0000000000000000e+00
   &TOTALMASS [&Type "Double"]       6.8118999999999986e+01
   &SPINDEGENERACY [&Type "Integer"] 1
   &ELENERGY [&Type "Double"]      -1.9525625811597473e+02
   &TRANSENERGY [&Type "Double"]       1.4162714244859817e-03
   &ROTENERGY [&Type "Double"]       1.4162714244859817e-03
   &VIBENERGY [&Type "Double"]       3.1309080176405947e-03
   &NUMOFFREQS [&Type "Integer"] 39
   &FREQSCALINGFACTOR [&Type "Double"]       1.0000000000000000e+00
   &FREQ [&Type "ArrayOfDoubles", &Dim (39,1)] "In cm^-1"
                                                         0

0                                      0.0000000000000000e+00
1                                      0.0000000000000000e+00
2                                      0.0000000000000000e+00
3                                      0.0000000000000000e+00
4                                      0.0000000000000000e+00
5                                      0.0000000000000000e+00
6                                      1.3181690750219184e+02
7                                      1.9815321031636654e+02
8                                      2.8262630988366010e+02
9                                      3.5890696635252971e+02
10                                     3.9957252378844152e+02
11                                     5.3385309363070894e+02
12                                     7.1651896306842536e+02
13                                     7.3991354539795702e+02
14                                     7.5673252833761762e+02
15                                     8.8748816286695410e+02
16                                     8.9376223987362619e+02
17                                     9.8861228384076776e+02
18                                     1.0621932230279122e+03
19                                     1.1201601665425121e+03
20                                     1.1336067931690084e+03
21                                     1.2680080450149310e+03
22                                     1.3113627079218431e+03
23                                     1.3296426786608527e+03
24                                     1.3906804343207261e+03
25                                     1.4214332525958671e+03
26                                     1.4803725241532561e+03
27                                     1.4982866991706469e+03
28                                     1.5056171657057728e+03
29                                     1.5131028273388313e+03
30                                     2.2098925973004757e+03
31                                     3.0228464479465429e+03
32                                     3.0255345325955268e+03
33                                     3.0419609074902478e+03
34                                     3.0573501596518822e+03
35                                     3.0809454846510230e+03
36                                     3.1029375326910358e+03
37                                     3.1054601917542668e+03
38                                     3.4543290726746013e+03
   &ZPE [&Type "Double"]       1.1396232889467225e-01
   &INNERENERGYU [&Type "Double"]      -1.9513633233621343e+02
   &ENTHALPYH [&Type "Double"]      -1.9513538812717118e+02
   &QEL [&Type "Double"]       0.0000000000000000e+00
   &QROT [&Type "Double"]       1.2101887927284553e-02
   &QVIB [&Type "Double"]       5.0920022038163405e-03
   &QTRANS [&Type "Double"]       1.8327515677342771e-02
   &ENTROPYS [&Type "Double"]       3.5521405808443665e-02
   &FREEENERGYG [&Type "Double"]      -1.9517090953297964e+02
   &ISLINEAR [&Type "Boolean"] false
$End
$Hessian
   &GeometryIndex 1
   &ListStatus       OUT
   &HESSIAN [&Type "ArrayOfDoubles", &Dim (39,39)] "The Hessian"
                                                         0                           1                           2                           3                           4                           5                           6                           7

0                                      4.9440267674927341e-01        -3.4974273417240173e-02         1.3996742223005062e-05        -1.8654304738676766e-01        -4.0791260584538268e-02         3.3223241230558597e-05        -2.8715062085161142e-02        -5.0526172647935297e-03
1                                     -3.4974273417240173e-02         5.6083210913407466e-01        -3.8316283927178447e-06        -4.5412054975938046e-02        -9.6303660894090592e-02         1.5481094033292766e-05         2.6167218621437987e-02         8.1717021611693481e-03
2                                      1.3996742223005062e-05        -3.8316283927178447e-06         5.6637706022972745e-01         2.5986304253681580e-05         1.3517894752537416e-05        -8.1047365448357223e-02        -6.0883204052501153e-07        -2.2970761733698089e-06
3                                     -1.8654304738676766e-01        -4.5412054975938046e-02         2.5986304253681580e-05         4.6339997838353070e-01         3.4792712093197529e-02         1.6110247741788459e-05        -1.0925900413725122e-01         5.2260327298109838e-02
4                                     -4.0791260584538268e-02        -9.6303660894090592e-02         1.3517894752537416e-05         3.4792712093197529e-02         5.2395379002608777e-01         2.5267223798502537e-05         4.4903078458812293e-02        -1.4017743597366872e-01
5                                      3.3223241230558597e-05         1.5481094033292766e-05        -8.1047365448357223e-02         1.6110247741788459e-05         2.5267223798502537e-05         6.0157889772860407e-01         1.2437925115587675e-05         1.6817164283083839e-05
6                                     -2.8715062085161142e-02         2.6167218621437987e-02        -6.0883204052501153e-07        -1.0925900413725122e-01         4.4903078458812293e-02         1.2437925115587675e-05         5.0533801522236954e-01         5.4622683443883310e-02
7                                     -5.0526172647935297e-03         8.1717021611693481e-03        -2.2970761733698089e-06         5.2260327298109838e-02        -1.4017743597366872e-01         1.6817164283083839e-05         5.4622683443883310e-02         4.9769170194112627e-01
8                                      1.3012721360397742e-05        -1.6953108495123271e-05         2.0701618566786040e-05        -9.6733433798398350e-06         2.9479455621817002e-05        -7.7784469877683463e-02        -3.4703503171404319e-05        -8.8775702812632340e-05
9                                     -3.1443768329177391e-03         3.2077299379855741e-03        -1.5725853317374297e-06        -3.5950475899515444e-02        -6.2242337088493083e-04         6.9487795414023784e-06        -2.6314138508023738e-01        -7.1146871106666329e-02
10                                     2.8035628779072147e-03        -5.0079614219047316e-03        -2.6876472624467218e-06         2.1228919931843414e-02         1.4540598161933760e-02        -2.7995329923064948e-05        -7.1610302359520817e-02        -9.0704936305275000e-02
11                                     1.9120181954433799e-07        -4.0947020532697720e-06         3.1488875570639778e-04         1.7317244235479995e-05        -6.1046098709494718e-06        -2.1479524157279745e-03         8.8675389166631619e-05         3.3634556922245676e-05
12                                    -2.2320839023507941e-04         2.0072599448829522e-03        -7.6268732411070264e-07         2.4524329972723732e-03        -5.6078997259569122e-03        -7.4825722900611052e-06        -3.3599212893180574e-03        -4.9343787854299152e-03
13                                    -2.5990564840085856e-04         1.4415947235954648e-03        -1.3322524497799781e-06         5.3929629493546308e-04        -3.4062316088317515e-03         5.4318796112549843e-06        -4.2196317614832807e-03         4.9044165984917908e-03
14                                    -1.9434982454055098e-06         4.9527004622159970e-06         2.6124480422003485e-04         9.1225131530641747e-06        -1.0148593777496652e-05         5.1931777041905672e-04         9.0351605540295874e-05         4.8059521557354198e-06
15                                    -5.4029976685210673e-02        -2.2397764453722276e-02        -3.3337450323306261e-02        -6.3528573079592822e-03        -1.8163753727279550e-02        -2.7332039346904619e-02         1.6846196295471410e-03        -1.0625217311264908e-03
16                                    -2.2897280894138814e-02        -1.2896322493842483e-01        -1.1734089784341489e-01        -2.0014820912335248e-03        -7.7714693751120469e-03        -9.7080987886720323e-03         5.7171074170774949e-04         6.7083276300347518e-04
17                                    -3.4298131518631494e-02        -1.1760791500759116e-01        -2.2043513098126660e-01         1.9148360702262585e-04         5.9977134140974339e-04         9.5977586246812855e-04         1.0968567632462910e-04         2.4249712414402096e-04
18                                    -5.4016766176696568e-02        -2.2351787200142463e-02         3.3316622962146922e-02        -6.3418052608029025e-03        -1.8147860303155711e-02         2.7348554789287119e-02         1.6832285304541660e-03        -1.0582469396075837e-03
19                                    -2.2846431288680150e-02        -1.2881283442090513e-01         1.1729035564951987e-01        -1.9995488374562557e-03        -7.7646516127033195e-03         9.7143444134431944e-03         5.6958139251182599e-04         6.6990944906912975e-04
20                                     3.4272101905078886e-02         1.1755766536266479e-01        -2.2060324050699823e-01        -1.8724618067957055e-04        -5.9120776605930221e-04         9.4716451895108470e-04        -1.0819562725071291e-04        -2.4179485418796345e-04
21                                    -1.5819345585247074e-01         1.2979383287342516e-01        -3.4233372345069405e-05        -1.9024158230661337e-02         2.4542965146623803e-02        -5.5598240936065490e-06        -5.1011536990964515e-03        -3.9354101880661602e-03
22                                     1.3150680762808631e-01        -2.0125125594116944e-01         3.6906554871611957e-05        -9.3965906482912712e-03         1.0747174739559415e-02        -3.1335335364286523e-06        -2.5662670034490524e-03        -2.2924224630561235e-04
23                                    -3.5031061495116728e-05         3.9883238777625314e-05        -4.8243669191475359e-02         5.6283626443872666e-06        -7.0238809274193039e-06        -1.4877293805993499e-03         3.1589271712649366e-06        -1.3445949074096150e-06
24                                    -6.4363969593182347e-03        -1.8554379316232071e-02         2.6640871315807522e-02        -5.3265428219203569e-02        -2.3627784790811290e-02         3.2556140360775469e-02         7.5998647605031271e-04         1.4221403103512102e-02
25                                    -2.1301270697012056e-03        -6.1932500586150087e-03         8.2933688441939896e-03        -2.2714983517248509e-02        -1.2987356219548923e-01         1.1591553767184359e-01        -1.5019508523331782e-03        -1.6253540671508866e-02
26                                    -2.0380016723648905e-04        -1.3708852413239388e-03         1.4952009326814901e-03         3.1866471250260070e-02         1.1753460512349223e-01        -2.2152772681740074e-01        -2.4392603507086309e-04        -9.5560885776068902e-04
27                                    -6.4398203247985203e-03        -1.8562845276643845e-02        -2.6622648866909300e-02        -5.3304723264777865e-02        -2.3706924002688166e-02        -3.2622281697931743e-02         7.6791535184017948e-04         1.4227851793251502e-02
28                                    -2.1303362526851888e-03        -6.1952138265633800e-03        -8.2851569413796011e-03        -2.2796535634771679e-02        -1.3001865688991146e-01        -1.1596875466401470e-01        -1.5086250725899041e-03        -1.6266448026556173e-02
29                                     2.0903886765553242e-04         1.3852693127655198e-03         1.5099047542603628e-03        -3.1936027634264549e-02        -1.1758433877639728e-01        -2.2135212092699935e-01         2.4295031010993125e-04         9.5604685893314542e-04
30                                     1.6484010590341693e-03         4.6658183645618230e-04         1.0661464806917479e-03         1.9217641152081601e-03         1.2980405406433481e-02         1.8183514966944921e-02        -5.1008427137101894e-02        -2.3411174383042022e-02
31                                    -1.4148017112169690e-03         1.0197108229687028e-03         1.2762758906846843e-04        -1.6947723678912112e-03        -1.6743780731313142e-02        -2.1374998901773419e-02        -2.2148027272534877e-02        -1.2682946053228816e-01
32                                     4.0139914813330790e-05         3.9257752764882813e-04         1.8812821315384491e-04         2.4479965053071998e-04         2.4454186600488155e-04         6.0329339749365558e-04        -2.9553116644302171e-02        -1.1666107428573227e-01
33                                     1.6490490088567587e-03         4.6257382809178978e-04        -1.0662029088574631e-03         1.9034912262387571e-03         1.2952037442293264e-02        -1.8193991880723823e-02        -5.0942524355243303e-02        -2.3259604191952856e-02
34                                    -1.4087408926670990e-03         1.0145586310722236e-03        -1.2779944323591786e-04        -1.6643632381249593e-03        -1.6712485375810222e-02         2.1391627605218171e-02        -2.1983269135388374e-02        -1.2667915261892565e-01
35                                    -4.3939941066892599e-05        -3.9215363659077067e-04         1.8833118084457361e-04        -2.3998247268297926e-04        -2.4814404726825924e-04         6.0737022809362025e-04         2.9397214259519598e-02         1.1667440683778396e-01
36                                     4.1983876411967949e-05        -1.4577559080576358e-04         6.6902911664495971e-07         3.6383298468926992e-04         4.0662549701182132e-04         4.8849137565743942e-06         1.2937125731481737e-03        -1.6221430075706762e-03
37                                    -1.1091229348629160e-04         2.4772602879276438e-04         1.7071673805710484e-06        -1.0508418461881658e-03        -4.6962827065044534e-04        -2.6814531824212679e-06        -1.1454972415548632e-03         5.0316534616680498e-03
38                                     3.2833436908794356e-07         5.2322061639130948e-07        -2.6054361063601352e-05        -4.4494512844509496e-06         9.4038809195488865e-07         1.3154536073843798e-04         1.0262482009092651e-05         2.4344357671653616e-05
                                                         8                           9                          10                          11                          12                          13                          14                          15

0                                      1.3012721360397742e-05        -3.1443768329177391e-03         2.8035628779072147e-03         1.9120181954433799e-07        -2.2320839023507941e-04        -2.5990564840085856e-04        -1.9434982454055098e-06        -5.4029976685210673e-02
1                                     -1.6953108495123271e-05         3.2077299379855741e-03        -5.0079614219047316e-03        -4.0947020532697720e-06         2.0072599448829522e-03         1.4415947235954648e-03         4.9527004622159970e-06        -2.2397764453722276e-02
2                                      2.0701618566786040e-05        -1.5725853317374297e-06        -2.6876472624467218e-06         3.1488875570639778e-04        -7.6268732411070264e-07        -1.3322524497799781e-06         2.6124480422003485e-04        -3.3337450323306261e-02
3                                     -9.6733433798398350e-06        -3.5950475899515444e-02         2.1228919931843414e-02         1.7317244235479995e-05         2.4524329972723732e-03         5.3929629493546308e-04         9.1225131530641747e-06        -6.3528573079592822e-03
4                                      2.9479455621817002e-05        -6.2242337088493083e-04         1.4540598161933760e-02        -6.1046098709494718e-06        -5.6078997259569122e-03        -3.4062316088317515e-03        -1.0148593777496652e-05        -1.8163753727279550e-02
5                                     -7.7784469877683463e-02         6.9487795414023784e-06        -2.7995329923064948e-05        -2.1479524157279745e-03        -7.4825722900611052e-06         5.4318796112549843e-06         5.1931777041905672e-04        -2.7332039346904619e-02
6                                     -3.4703503171404319e-05        -2.6314138508023738e-01        -7.1610302359520817e-02         8.8675389166631619e-05        -3.3599212893180574e-03        -4.2196317614832807e-03         9.0351605540295874e-05         1.6846196295471410e-03
7                                     -8.8775702812632340e-05        -7.1146871106666329e-02        -9.0704936305275000e-02         3.3634556922245676e-05        -4.9343787854299152e-03         4.9044165984917908e-03         4.8059521557354198e-06        -1.0625217311264908e-03
8                                      5.5835885450076372e-01         4.8479606296891812e-04         1.6130554343064444e-04        -6.5935468218599344e-02        -2.8690618363474832e-04        -1.1760743564940842e-04         6.3562550497215028e-03        -9.3567276581470421e-04
9                                      4.8479606296891812e-04         1.2660529575578447e+00         4.1525898016956320e-01         1.9901652104511941e-03        -9.5106871113090630e-01        -3.3200622897749094e-01        -2.1255758154108996e-03         1.1062675185610511e-04
10                                     1.6130554343064444e-04         4.1525898016956320e-01         2.5983854195766232e-01         7.1720470846737161e-04        -3.3087049941283520e-01        -1.6625158657432507e-01        -7.2466389779376225e-04        -3.6645957392927387e-05
11                                    -6.5935468218599344e-02         1.9901652104511941e-03         7.1720470846737161e-04         1.0466319119550609e-01        -2.2019110671313829e-03        -7.5719380915181930e-04        -4.4693856381865377e-02         3.7941367500226382e-04
12                                    -2.8690618363474832e-04        -9.5106871113090630e-01        -3.3087049941283520e-01        -2.2019110671313829e-03         1.3264693889939665e+00         4.6102669343513636e-01         1.6380325614157461e-03         1.7547932834495027e-04
13                                    -1.1760743564940842e-04        -3.3200622897749094e-01        -1.6625158657432507e-01        -7.5719380915181930e-04         4.6102669343513636e-01         2.3038141477292118e-01         5.6536372857746717e-04         1.7946990096868098e-04
14                                     6.3562550497215028e-03        -2.1255758154108996e-03        -7.2466389779376225e-04        -4.4693856381865377e-02         1.6380325614157461e-03         5.6536372857746717e-04         6.0815678581912710e-02         3.6345691940020375e-05
15                                    -9.3567276581470421e-04         1.1062675185610511e-04        -3.6645957392927387e-05         3.7941367500226382e-04         1.7547932834495027e-04         1.7946990096868098e-04         3.6345691940020375e-05         5.9935462052925173e-02
16                                     5.9160755018336161e-04         1.8915373402860272e-04         5.6499477217721722e-05         2.7560050496260773e-04        -4.7653510621172013e-05        -7.4921785693403062e-06         3.8722466144598439e-06         2.8125552172123452e-02
17                                     1.5258078657829233e-04         2.5670565852304456e-05         2.7974160201492057e-04         2.4159129146383493e-04         6.4929275904242190e-05         2.7693830527340119e-05        -1.3354485033661680e-05         3.7803745047768927e-02
18                                     9.2670269492312420e-04         1.1452443736514363e-04        -3.7186903058931704e-05        -3.7554061981867485e-04         1.7268706710596698e-04         1.7829440984535932e-04        -3.5333503702109748e-05        -2.7477769365525512e-04
19                                    -5.9031350599102195e-04         1.8802773818856096e-04         5.6338383675158879e-05        -2.7653413811811156e-04        -4.8473075830623297e-05        -8.1741133409231337e-06        -3.6538768384941064e-06         3.4547490736490569e-03
20                                     1.5215129527811023e-04        -2.5913801869583558e-05        -2.7990988645973207e-04         2.4399108497007285e-04        -6.3474789716563840e-05        -2.6971038325739050e-05        -1.5763635015786826e-05         3.9523079562267961e-03
21                                     4.9829425933269869e-06        -7.7065505697760349e-04         1.7395742865962899e-03        -6.5534237747452923e-07        -7.3562492603854862e-04        -4.0478002934568342e-04        -1.2972762369042933e-06         3.6587537797875182e-03
22                                    -7.5942393020503456e-07        -2.7323985199263420e-04         7.7137446620224523e-04         1.4221163006186319e-06        -1.1397355672358202e-04        -1.6061175963205492e-04        -7.0935935244913358e-07         1.0655979336775166e-02
23                                     2.0180887954224236e-04        -1.6193974119819578e-06         9.7282613768039327e-08         6.3252852991953473e-04         1.7732971916788242e-06        -8.3263103949416783e-08        -5.1932768860198737e-05         1.8133663722604207e-02
24                                    -1.8969971561716353e-02         2.1658379364256942e-03         6.7086750245620719e-04        -8.9855136478106021e-04        -3.5206688470476241e-04        -5.7986321822870324e-04         3.1818853863490817e-04         1.3876151277614525e-03
