
$orca_hessian_file

$act_atom
  0

$act_coord
  0

$act_energy
        0.000000

$multiplicity
  1

$hessian
39
                    0                  1                  2                  3                  4        
    0      4.9440267675E-01  -3.4974273417E-02   1.3996742223E-05  -1.8654304739E-01  -4.0791260585E-02
    1     -3.4974273417E-02   5.6083210913E-01  -3.8316283927E-06  -4.5412054976E-02  -9.6303660894E-02
    2      1.3996742223E-05  -3.8316283927E-06   5.6637706023E-01   2.5986304254E-05   1.3517894753E-05
    3     -1.8654304739E-01  -4.5412054976E-02   2.5986304254E-05   4.6339997838E-01   3.4792712093E-02
    4     -4.0791260585E-02  -9.6303660894E-02   1.3517894753E-05   3.4792712093E-02   5.2395379003E-01
    5      3.3223241231E-05   1.5481094033E-05  -8.1047365448E-02   1.6110247742E-05   2.5267223799E-05
    6     -2.8715062085E-02   2.6167218621E-02  -6.0883204053E-07  -1.0925900414E-01   4.4903078459E-02
    7     -5.0526172648E-03   8.1717021612E-03  -2.2970761734E-06   5.2260327298E-02  -1.4017743597E-01
    8      1.3012721360E-05  -1.6953108495E-05   2.0701618567E-05  -9.6733433798E-06   2.9479455622E-05
    9     -3.1443768329E-03   3.2077299380E-03  -1.5725853317E-06  -3.5950475900E-02  -6.2242337088E-04
   10      2.8035628779E-03  -5.0079614219E-03  -2.6876472624E-06   2.1228919932E-02   1.4540598162E-02
   11      1.9120181954E-07  -4.0947020533E-06   3.1488875571E-04   1.7317244235E-05  -6.1046098709E-06
   12     -2.2320839024E-04   2.0072599449E-03  -7.6268732411E-07   2.4524329973E-03  -5.6078997260E-03
   13     -2.5990564840E-04   1.4415947236E-03  -1.3322524498E-06   5.3929629494E-04  -3.4062316088E-03
   14     -1.9434982454E-06   4.9527004622E-06   2.6124480422E-04   9.1225131531E-06  -1.0148593777E-05
   15     -5.4029976685E-02  -2.2397764454E-02  -3.3337450323E-02  -6.3528573080E-03  -1.8163753727E-02
   16     -2.2897280894E-02  -1.2896322494E-01  -1.1734089784E-01  -2.0014820912E-03  -7.7714693751E-03
   17     -3.4298131519E-02  -1.1760791501E-01  -2.2043513098E-01   1.9148360702E-04   5.9977134141E-04
   18     -5.4016766177E-02  -2.2351787200E-02   3.3316622962E-02  -6.3418052608E-03  -1.8147860303E-02
   19     -2.2846431289E-02  -1.2881283442E-01   1.1729035565E-01  -1.9995488375E-03  -7.7646516127E-03
   20      3.4272101905E-02   1.1755766536E-01  -2.2060324051E-01  -1.8724618068E-04  -5.9120776606E-04
   21     -1.5819345585E-01   1.2979383287E-01  -3.4233372345E-05  -1.9024158231E-02   2.4542965147E-02
   22      1.3150680763E-01  -2.0125125594E-01   3.6906554872E-05  -9.3965906483E-03   1.0747174740E-02
   23     -3.5031061495E-05   3.9883238778E-05  -4.8243669191E-02   5.6283626444E-06  -7.0238809274E-06
   24     -6.4363969593E-03  -1.8554379316E-02   2.6640871316E-02  -5.3265428219E-02  -2.3627784791E-02
   25     -2.1301270697E-03  -6.1932500586E-03   8.2933688442E-03  -2.2714983517E-02  -1.2987356220E-01
   26     -2.0380016724E-04  -1.3708852413E-03   1.4952009327E-03   3.1866471250E-02   1.1753460512E-01
   27     -6.4398203248E-03  -1.8562845277E-02  -2.6622648867E-02  -5.3304723265E-02  -2.3706924003E-02
   28     -2.1303362527E-03  -6.1952138266E-03  -8.2851569414E-03  -2.2796535635E-02  -1.3001865689E-01
   29      2.0903886766E-04   1.3852693128E-03   1.5099047543E-03  -3.1936027634E-02  -1.1758433878E-01
   30      1.6484010590E-03   4.6658183646E-04   1.0661464807E-03   1.9217641152E-03   1.2980405406E-02
   31     -1.4148017112E-03   1.0197108230E-03   1.2762758907E-04  -1.6947723679E-03  -1.6743780731E-02
   32      4.0139914813E-05   3.9257752765E-04   1.8812821315E-04   2.4479965053E-04   2.4454186600E-04
   33      1.6490490089E-03   4.6257382809E-04  -1.0662029089E-03   1.9034912262E-03   1.2952037442E-02
   34     -1.4087408927E-03   1.0145586311E-03  -1.2779944324E-04  -1.6643632381E-03  -1.6712485376E-02
   35     -4.3939941067E-05  -3.9215363659E-04   1.8833118084E-04  -2.3998247268E-04  -2.4814404727E-04
   36      4.1983876412E-05  -1.4577559081E-04   6.6902911664E-07   3.6383298469E-04   4.0662549701E-04
   37     -1.1091229349E-04   2.4772602879E-04   1.7071673806E-06  -1.0508418462E-03  -4.6962827065E-04
   38      3.2833436909E-07   5.2322061639E-07  -2.6054361064E-05  -4.4494512845E-06   9.4038809195E-07
                    5                  6                  7                  8                  9        
    0      3.3223241231E-05  -2.8715062085E-02  -5.0526172648E-03   1.3012721360E-05  -3.1443768329E-03
    1      1.5481094033E-05   2.6167218621E-02   8.1717021612E-03  -1.6953108495E-05   3.2077299380E-03
    2     -8.1047365448E-02  -6.0883204053E-07  -2.2970761734E-06   2.0701618567E-05  -1.5725853317E-06
    3      1.6110247742E-05  -1.0925900414E-01   5.2260327298E-02  -9.6733433798E-06  -3.5950475900E-02
    4      2.5267223799E-05   4.4903078459E-02  -1.4017743597E-01   2.9479455622E-05  -6.2242337088E-04
    5      6.0157889773E-01   1.2437925116E-05   1.6817164283E-05  -7.7784469878E-02   6.9487795414E-06
    6      1.2437925116E-05   5.0533801522E-01   5.4622683444E-02  -3.4703503171E-05  -2.6314138508E-01
    7      1.6817164283E-05   5.4622683444E-02   4.9769170194E-01  -8.8775702813E-05  -7.1146871107E-02
    8     -7.7784469878E-02  -3.4703503171E-05  -8.8775702813E-05   5.5835885450E-01   4.8479606297E-04
    9      6.9487795414E-06  -2.6314138508E-01  -7.1146871107E-02   4.8479606297E-04   1.2660529576E+00
   10     -2.7995329923E-05  -7.1610302360E-02  -9.0704936305E-02   1.6130554343E-04   4.1525898017E-01
   11     -2.1479524157E-03   8.8675389167E-05   3.3634556922E-05  -6.5935468219E-02   1.9901652105E-03
   12     -7.4825722901E-06  -3.3599212893E-03  -4.9343787854E-03  -2.8690618363E-04  -9.5106871113E-01
   13      5.4318796113E-06  -4.2196317615E-03   4.9044165985E-03  -1.1760743565E-04  -3.3200622898E-01
   14      5.1931777042E-04   9.0351605540E-05   4.8059521557E-06   6.3562550497E-03  -2.1255758154E-03
   15     -2.7332039347E-02   1.6846196295E-03  -1.0625217311E-03  -9.3567276581E-04   1.1062675186E-04
   16     -9.7080987887E-03   5.7171074171E-04   6.7083276300E-04   5.9160755018E-04   1.8915373403E-04
   17      9.5977586247E-04   1.0968567632E-04   2.4249712414E-04   1.5258078658E-04   2.5670565852E-05
   18      2.7348554789E-02   1.6832285305E-03  -1.0582469396E-03   9.2670269492E-04   1.1452443737E-04
   19      9.7143444134E-03   5.6958139251E-04   6.6990944907E-04  -5.9031350599E-04   1.8802773819E-04
   20      9.4716451895E-04  -1.0819562725E-04  -2.4179485419E-04   1.5215129528E-04  -2.5913801870E-05
   21     -5.5598240936E-06  -5.1011536991E-03  -3.9354101881E-03   4.9829425933E-06  -7.7065505698E-04
   22     -3.1335335364E-06  -2.5662670034E-03  -2.2924224631E-04  -7.5942393021E-07  -2.7323985199E-04
   23     -1.4877293806E-03   3.1589271713E-06  -1.3445949074E-06   2.0180887954E-04  -1.6193974120E-06
   24      3.2556140361E-02   7.5998647605E-04   1.4221403104E-02  -1.8969971562E-02   2.1658379364E-03
   25      1.1591553767E-01  -1.5019508523E-03  -1.6253540672E-02   2.0829998339E-02  -1.6714459942E-03
   26     -2.2152772682E-01  -2.4392603507E-04  -9.5560885776E-04   8.8701910430E-04   3.9266469391E-05
   27     -3.2622281698E-02   7.6791535184E-04   1.4227851793E-02   1.8957714445E-02   2.1767830995E-03
   28     -1.1596875466E-01  -1.5086250726E-03  -1.6266448027E-02  -2.0825730602E-02  -1.6771705275E-03
   29     -2.2135212093E-01   2.4295031011E-04   9.5604685893E-04   8.8564280376E-04  -3.7338317761E-05
   30      1.8183514967E-02  -5.1008427137E-02  -2.3411174383E-02  -3.1181056908E-02  -1.0588538223E-02
   31     -2.1374998902E-02  -2.2148027273E-02  -1.2682946053E-01  -1.1664852534E-01  -5.7723608808E-03
   32      6.0329339749E-04  -2.9553116644E-02  -1.1666107429E-01  -2.1450146798E-01  -3.5341360678E-03
   33     -1.8193991881E-02  -5.0942524355E-02  -2.3259604192E-02   3.1025651907E-02  -1.0598269319E-02
   34      2.1391627605E-02  -2.1983269135E-02  -1.2667915262E-01   1.1666182683E-01  -5.7540252342E-03
   35      6.0737022809E-04   2.9397214260E-02   1.1667440684E-01  -2.1476690405E-01   3.5166800325E-03
   36      4.8849137566E-06   1.2937125731E-03  -1.6221430076E-03  -9.0624410614E-06   4.6416817599E-03
   37     -2.6814531824E-06  -1.1454972416E-03   5.0316534617E-03   1.2789919240E-05   1.1092119096E-04
   38      1.3154536074E-04   1.0262482009E-05   2.4344357672E-05   5.9732960893E-03  -3.4555523593E-04
                   10                 11                 12                 13                 14        
    0      2.8035628779E-03   1.9120181954E-07  -2.2320839024E-04  -2.5990564840E-04  -1.9434982454E-06
    1     -5.0079614219E-03  -4.0947020533E-06   2.0072599449E-03   1.4415947236E-03   4.9527004622E-06
    2     -2.6876472624E-06   3.1488875571E-04  -7.6268732411E-07  -1.3322524498E-06   2.6124480422E-04
    3      2.1228919932E-02   1.7317244235E-05   2.4524329973E-03   5.3929629494E-04   9.1225131531E-06
    4      1.4540598162E-02  -6.1046098709E-06  -5.6078997260E-03  -3.4062316088E-03  -1.0148593777E-05
    5     -2.7995329923E-05  -2.1479524157E-03  -7.4825722901E-06   5.4318796113E-06   5.1931777042E-04
    6     -7.1610302360E-02   8.8675389167E-05  -3.3599212893E-03  -4.2196317615E-03   9.0351605540E-05
    7     -9.0704936305E-02   3.3634556922E-05  -4.9343787854E-03   4.9044165985E-03   4.8059521557E-06
    8      1.6130554343E-04  -6.5935468219E-02  -2.8690618363E-04  -1.1760743565E-04   6.3562550497E-03
    9      4.1525898017E-01   1.9901652105E-03  -9.5106871113E-01  -3.3200622898E-01  -2.1255758154E-03
   10      2.5983854196E-01   7.1720470847E-04  -3.3087049941E-01  -1.6625158657E-01  -7.2466389779E-04
   11      7.1720470847E-04   1.0466319120E-01  -2.2019110671E-03  -7.5719380915E-04  -4.4693856382E-02
   12     -3.3087049941E-01  -2.2019110671E-03   1.3264693890E+00   4.6102669344E-01   1.6380325614E-03
   13     -1.6625158657E-01  -7.5719380915E-04   4.6102669344E-01   2.3038141477E-01   5.6536372858E-04
   14     -7.2466389779E-04  -4.4693856382E-02   1.6380325614E-03   5.6536372858E-04   6.0815678582E-02
   15     -3.6645957393E-05   3.7941367500E-04   1.7547932834E-04   1.7946990097E-04   3.6345691940E-05
   16      5.6499477218E-05   2.7560050496E-04  -4.7653510621E-05  -7.4921785693E-06   3.8722466145E-06
   17      2.7974160201E-04   2.4159129146E-04   6.4929275904E-05   2.7693830527E-05  -1.3354485034E-05
   18     -3.7186903059E-05  -3.7554061982E-04   1.7268706711E-04   1.7829440985E-04  -3.5333503702E-05
   19      5.6338383675E-05  -2.7653413812E-04  -4.8473075831E-05  -8.1741133409E-06  -3.6538768385E-06
   20     -2.7990988646E-04   2.4399108497E-04  -6.3474789717E-05  -2.6971038326E-05  -1.5763635016E-05
   21      1.7395742866E-03  -6.5534237747E-07  -7.3562492604E-04  -4.0478002935E-04  -1.2972762369E-06
   22      7.7137446620E-04   1.4221163006E-06  -1.1397355672E-04  -1.6061175963E-04  -7.0935935245E-07
   23      9.7282613768E-08   6.3252852992E-04   1.7732971917E-06  -8.3263103949E-08  -5.1932768860E-05
   24      6.7086750246E-04  -8.9855136478E-04  -3.5206688470E-04  -5.7986321823E-04   3.1818853863E-04
   25      2.5349776290E-04  -1.5348516072E-04   5.9495921128E-04   4.1298662945E-04  -2.0153795733E-04
   26      9.7642011218E-05   2.4059461697E-04  -3.1392461134E-04  -2.8655135517E-04   1.6932393237E-06
   27      6.7411942027E-04   8.9951893139E-04  -3.5107902239E-04  -5.8045550477E-04  -3.2257132369E-04
   28      2.4877751632E-04   1.5787304082E-04   5.9663963368E-04   4.1635883083E-04   2.0058356591E-04
   29     -9.6986528584E-05   2.3534411247E-04   3.1363741103E-04   2.8676949386E-04   1.6496592889E-06
   30     -2.0465952778E-02  -2.7753879368E-02  -1.9344938637E-03  -5.2119137166E-05   1.4369173255E-03
   31     -8.1224483108E-03  -7.7818102815E-03   2.8937181839E-04   7.5285762834E-04   1.3305448705E-04
   32      1.1276082211E-03   2.1669669263E-03   1.5773758747E-03   2.8417812077E-04   2.0056127332E-04
   33     -2.0429597355E-02   2.7758923825E-02  -1.8419676118E-03  -9.4910184235E-06  -1.4539106427E-03
   34     -8.1114464215E-03   7.7664577702E-03   3.1645559055E-04   7.6630217244E-04  -1.1416920671E-04
   35     -1.1190172927E-03   2.1288905291E-03  -1.5757887120E-03  -2.7948436588E-04   1.9149811015E-04
   36      1.0431137501E-03   1.0451638553E-04  -3.6940291527E-01  -1.2369307750E-01   4.3402576375E-04
   37      2.4327513079E-03   2.7750950177E-05  -1.2332670281E-01  -6.9241835121E-02   1.5040679418E-04
   38     -1.3305973254E-04   1.9092899738E-03   8.3215026326E-04   2.9162988325E-04  -2.3572991218E-02
                   15                 16                 17                 18                 19        
    0     -5.4029976685E-02  -2.2897280894E-02  -3.4298131519E-02  -5.4016766177E-02  -2.2846431289E-02
    1     -2.2397764454E-02  -1.2896322494E-01  -1.1760791501E-01  -2.2351787200E-02  -1.2881283442E-01
    2     -3.3337450323E-02  -1.1734089784E-01  -2.2043513098E-01   3.3316622962E-02   1.1729035565E-01
    3     -6.3528573080E-03  -2.0014820912E-03   1.9148360702E-04  -6.3418052608E-03  -1.9995488375E-03
    4     -1.8163753727E-02  -7.7714693751E-03   5.9977134141E-04  -1.8147860303E-02  -7.7646516127E-03
    5     -2.7332039347E-02  -9.7080987887E-03   9.5977586247E-04   2.7348554789E-02   9.7143444134E-03
    6      1.6846196295E-03   5.7171074171E-04   1.0968567632E-04   1.6832285305E-03   5.6958139251E-04
    7     -1.0625217311E-03   6.7083276300E-04   2.4249712414E-04  -1.0582469396E-03   6.6990944907E-04
    8     -9.3567276581E-04   5.9160755018E-04   1.5258078658E-04   9.2670269492E-04  -5.9031350599E-04
    9      1.1062675186E-04   1.8915373403E-04   2.5670565852E-05   1.1452443737E-04   1.8802773819E-04
   10     -3.6645957393E-05   5.6499477218E-05   2.7974160201E-04  -3.7186903059E-05   5.6338383675E-05
   11      3.7941367500E-04   2.7560050496E-04   2.4159129146E-04  -3.7554061982E-04  -2.7653413812E-04
   12      1.7547932834E-04  -4.7653510621E-05   6.4929275904E-05   1.7268706711E-04  -4.8473075831E-05
   13      1.7946990097E-04  -7.4921785693E-06   2.7693830527E-05   1.7829440985E-04  -8.1741133409E-06
   14      3.6345691940E-05   3.8722466145E-06  -1.3354485034E-05  -3.5333503702E-05  -3.6538768385E-06
   15      5.9935462053E-02   2.8125552172E-02   3.7803745048E-02  -2.7477769366E-04   3.4547490736E-03
   16      2.8125552172E-02   1.3718642436E-01   1.3019496607E-01   3.4552849463E-03   1.1306528958E-02
   17      3.7803745048E-02   1.3019496607E-01   2.3632489172E-01  -3.9589551853E-03  -1.5403347799E-02
   18     -2.7477769366E-04   3.4552849463E-03  -3.9589551853E-03   5.9917213801E-02   2.8077495188E-02
   19      3.4547490736E-03   1.1306528958E-02  -1.5403347799E-02   2.8077495188E-02   1.3701766221E-01
   20      3.9523079562E-03   1.5382876206E-02  -2.0126255981E-02  -3.7785559389E-02  -1.3014300543E-01
   21      3.6587537798E-03  -4.9460775997E-03   7.5019549623E-04   3.6551640771E-03  -4.9427736760E-03
   22      1.0655979337E-02  -1.3074101284E-02   1.2333826020E-03   1.0642235250E-02  -1.3060288320E-02
   23      1.8133663723E-02  -1.9930809853E-02   7.3479155186E-04  -1.8142079276E-02   1.9939923784E-02
   24      1.3876151278E-03   3.1238638639E-04  -5.2219021512E-04  -5.9554025950E-03  -2.3801389729E-03
   25      4.1569084082E-04  -8.6330953100E-05   9.6405641398E-05  -1.9748411600E-03   1.6800867404E-04
   26      4.1009791161E-04   1.1625215406E-05   6.8396443267E-04  -4.0743758083E-04  -5.9950860681E-04
   27     -5.9536436969E-03  -2.3792458758E-03   4.2260291552E-04   1.3873725967E-03   3.1226286405E-04
   28     -1.9728958615E-03   1.6817263389E-04   1.7404905299E-04   4.1500704370E-04  -8.6418278604E-05
   29      4.1249322398E-04   6.0169002121E-04   1.5588379143E-03  -4.1115986284E-04  -1.1588254360E-05
   30     -3.1891009271E-04  -2.4703051923E-04  -5.7864453817E-04  -4.0316679425E-05  -8.8472353531E-05
   31      6.5535446492E-04   5.3458879344E-04   2.2687279036E-04   1.1700340679E-04  -5.8562831309E-06
   32      5.2903559789E-04  -6.6671455593E-05   5.9286904032E-05   3.1075690280E-06  -8.7965422003E-05
   33     -3.9669712979E-05  -8.8173175619E-05  -2.0417867242E-05  -3.1869727098E-04  -2.4777576746E-04
   34      1.1692005020E-04  -6.0743916784E-06  -1.1518192943E-04   6.5381386241E-04   5.3398811546E-04
   35     -2.9909652154E-06   8.7703154420E-05  -1.2211526350E-04  -5.2824793616E-04   6.7787110189E-05
   36      1.7278519142E-05  -1.5069423811E-05  -1.3478934225E-05   1.7575166920E-05  -1.5149297292E-05
   37     -2.2089988356E-06  -1.4353864336E-05  -3.1710076113E-05  -2.5645890820E-06  -1.4212766357E-05
   38     -2.5443751737E-05  -2.0688261826E-05  -1.8863756940E-05   2.5028071594E-05   2.0839898871E-05
                   20                 21                 22                 23                 24        
    0      3.4272101905E-02  -1.5819345585E-01   1.3150680763E-01  -3.5031061495E-05  -6.4363969593E-03
    1      1.1755766536E-01   1.2979383287E-01  -2.0125125594E-01   3.9883238778E-05  -1.8554379316E-02
    2     -2.2060324051E-01  -3.4233372345E-05   3.6906554872E-05  -4.8243669191E-02   2.6640871316E-02
    3     -1.8724618068E-04  -1.9024158231E-02  -9.3965906483E-03   5.6283626444E-06  -5.3265428219E-02
    4     -5.9120776606E-04   2.4542965147E-02   1.0747174740E-02  -7.0238809274E-06  -2.3627784791E-02
    5      9.4716451895E-04  -5.5598240936E-06  -3.1335335364E-06  -1.4877293806E-03   3.2556140361E-02
    6     -1.0819562725E-04  -5.1011536991E-03  -2.5662670034E-03   3.1589271713E-06   7.5998647605E-04
    7     -2.4179485419E-04  -3.9354101881E-03  -2.2924224631E-04  -1.3445949074E-06   1.4221403104E-02
    8      1.5215129528E-04   4.9829425933E-06  -7.5942393021E-07   2.0180887954E-04  -1.8969971562E-02
    9     -2.5913801870E-05  -7.7065505698E-04  -2.7323985199E-04  -1.6193974120E-06   2.1658379364E-03
   10     -2.7990988646E-04   1.7395742866E-03   7.7137446620E-04   9.7282613768E-08   6.7086750246E-04
   11      2.4399108497E-04  -6.5534237747E-07   1.4221163006E-06   6.3252852992E-04  -8.9855136478E-04
   12     -6.3474789717E-05  -7.3562492604E-04  -1.1397355672E-04   1.7732971917E-06  -3.5206688470E-04
   13     -2.6971038326E-05  -4.0478002935E-04  -1.6061175963E-04  -8.3263103949E-08  -5.7986321823E-04
   14     -1.5763635016E-05  -1.2972762369E-06  -7.0935935245E-07  -5.1932768860E-05   3.1818853863E-04
   15      3.9523079562E-03   3.6587537798E-03   1.0655979337E-02   1.8133663723E-02   1.3876151278E-03
   16      1.5382876206E-02  -4.9460775997E-03  -1.3074101284E-02  -1.9930809853E-02   3.1238638639E-04
   17     -2.0126255981E-02   7.5019549623E-04   1.2333826020E-03   7.3479155186E-04  -5.2219021512E-04
   18     -3.7785559389E-02   3.6551640771E-03   1.0642235250E-02  -1.8142079276E-02  -5.9554025950E-03
   19     -1.3014300543E-01  -4.9427736760E-03  -1.3060288320E-02   1.9939923784E-02  -2.3801389729E-03
   20      2.3651509769E-01  -7.4785924285E-04  -1.2264962606E-03   7.2591666494E-04  -4.1880566038E-04
   21     -7.4785924285E-04   1.7392793562E-01  -1.4151411160E-01   3.4092694249E-05   1.0648230929E-03
   22     -1.2264962606E-03  -1.4151411160E-01   2.1510664017E-01  -4.0875687612E-05   7.5884604277E-04
   23      7.2591666494E-04   3.4092694249E-05  -4.0875687612E-05   4.7010601607E-02   9.6913483234E-05
   24     -4.1880566038E-04   1.0648230929E-03   7.5884604277E-04   9.6913483234E-05   6.2687005022E-02
   25     -1.7297705656E-04   3.9481372242E-05   5.4860787804E-04  -3.5155987667E-04   2.3383556412E-02
   26      1.5602409238E-03   5.6660241708E-04   2.8674412965E-06   3.2638007469E-05  -3.5456845310E-02
   27      5.2222877896E-04   1.0633061573E-03   7.5865344019E-04  -9.7130163062E-05   1.7506026429E-04
   28     -9.5994945756E-05   3.8956048269E-05   5.4815465082E-04   3.5078602801E-04   3.0173266655E-03
   29      6.8383415848E-04  -5.6693259811E-04  -3.8836614570E-06   3.2419241473E-05  -3.9393406122E-03
   30      2.1195543268E-05   1.9400803470E-04  -1.6924563625E-04  -1.8217712475E-04   6.9412528077E-04
   31      1.1495983591E-04  -2.3655353047E-04   4.7247330951E-05   3.9179673563E-04  -9.1288889403E-04
   32     -1.2234191339E-04   1.0627932473E-04   2.2166682375E-04   2.2360395578E-04   3.7936731966E-04
   33      5.7975062498E-04   1.9313684640E-04  -1.7001689946E-04   1.8334716001E-04  -2.8985901955E-03
   34     -2.2613138449E-04  -2.3503609252E-04   4.7078610080E-05  -3.9064706183E-04   3.5800050118E-03
   35      5.7750247001E-05  -1.0652757439E-04  -2.2060184621E-04   2.2243284043E-04   2.5505356242E-04
   36      1.3767149799E-05   6.7920156687E-05   1.7794002609E-05   1.6102003571E-07  -2.6568346823E-05
   37      3.1653402678E-05  -7.6937510155E-05  -4.0778298403E-05   4.7155412031E-07   3.1954188890E-05
   38     -1.8544548469E-05   2.1071117540E-07  -4.0017031470E-07  -3.3409937672E-05   1.8900402767E-06
                   25                 26                 27                 28                 29        
    0     -2.1301270697E-03  -2.0380016724E-04  -6.4398203248E-03  -2.1303362527E-03   2.0903886766E-04
    1     -6.1932500586E-03  -1.3708852413E-03  -1.8562845277E-02  -6.1952138266E-03   1.3852693128E-03
    2      8.2933688442E-03   1.4952009327E-03  -2.6622648867E-02  -8.2851569414E-03   1.5099047543E-03
    3     -2.2714983517E-02   3.1866471250E-02  -5.3304723265E-02  -2.2796535635E-02  -3.1936027634E-02
    4     -1.2987356220E-01   1.1753460512E-01  -2.3706924003E-02  -1.3001865689E-01  -1.1758433878E-01
    5      1.1591553767E-01  -2.2152772682E-01  -3.2622281698E-02  -1.1596875466E-01  -2.2135212093E-01
    6     -1.5019508523E-03  -2.4392603507E-04   7.6791535184E-04  -1.5086250726E-03   2.4295031011E-04
    7     -1.6253540672E-02  -9.5560885776E-04   1.4227851793E-02  -1.6266448027E-02   9.5604685893E-04
    8      2.0829998339E-02   8.8701910430E-04   1.8957714445E-02  -2.0825730602E-02   8.8564280376E-04
    9     -1.6714459942E-03   3.9266469391E-05   2.1767830995E-03  -1.6771705275E-03  -3.7338317761E-05
   10      2.5349776290E-04   9.7642011218E-05   6.7411942027E-04   2.4877751632E-04  -9.6986528584E-05
   11     -1.5348516072E-04   2.4059461697E-04   8.9951893139E-04   1.5787304082E-04   2.3534411247E-04
   12      5.9495921128E-04  -3.1392461134E-04  -3.5107902239E-04   5.9663963368E-04   3.1363741103E-04
   13      4.1298662945E-04  -2.8655135517E-04  -5.8045550477E-04   4.1635883083E-04   2.8676949386E-04
   14     -2.0153795733E-04   1.6932393237E-06  -3.2257132369E-04   2.0058356591E-04   1.6496592889E-06
   15      4.1569084082E-04   4.1009791161E-04  -5.9536436969E-03  -1.9728958615E-03   4.1249322398E-04
   16     -8.6330953100E-05   1.1625215406E-05  -2.3792458758E-03   1.6817263389E-04   6.0169002121E-04
   17      9.6405641398E-05   6.8396443267E-04   4.2260291552E-04   1.7404905299E-04   1.5588379143E-03
   18     -1.9748411600E-03  -4.0743758083E-04   1.3873725967E-03   4.1500704370E-04  -4.1115986284E-04
   19      1.6800867404E-04  -5.9950860681E-04   3.1226286405E-04  -8.6418278604E-05  -1.1588254360E-05
   20     -1.7297705656E-04   1.5602409238E-03   5.2222877896E-04  -9.5994945756E-05   6.8383415848E-04
   21      3.9481372242E-05   5.6660241708E-04   1.0633061573E-03   3.8956048269E-05  -5.6693259811E-04
   22      5.4860787804E-04   2.8674412965E-06   7.5865344019E-04   5.4815465082E-04  -3.8836614570E-06
   23     -3.5155987667E-04   3.2638007469E-05  -9.7130163062E-05   3.5078602801E-04   3.2419241473E-05
   24      2.3383556412E-02  -3.5456845310E-02   1.7506026429E-04   3.0173266655E-03  -3.9393406122E-03
   25      1.4229771211E-01  -1.2892485560E-01   3.0123866308E-03   1.1252594216E-02  -1.5036007889E-02
   26     -1.2892485560E-01   2.3509566694E-01   3.9267903216E-03   1.5016858481E-02  -2.0637470862E-02
   27      3.0123866308E-03   3.9267903216E-03   6.2710919411E-02   2.3469975634E-02   3.5526753922E-02
   28      1.1252594216E-02   1.5016858481E-02   2.3469975634E-02   1.4245724393E-01   1.2897694370E-01
   29     -1.5036007889E-02  -2.0637470862E-02   3.5526753922E-02   1.2897694370E-01   2.3491199137E-01
   30     -8.8773691996E-04  -3.8838897193E-04  -2.9002000879E-03   3.4992181128E-03  -1.6991178272E-04
   31      6.3738262857E-04   2.2310088793E-04   3.5791687137E-03  -3.1480524068E-03   6.1967132054E-04
   32     -6.8793787394E-05   7.2612439349E-04  -2.5261346675E-04   3.9246830912E-04   1.4573790176E-03
   33      3.4999012388E-03   1.6971908267E-04   6.9486859485E-04  -8.8734711850E-04   3.9025465871E-04
   34     -3.1479743648E-03  -6.1776873022E-04  -9.1458746172E-04   6.4015916544E-04  -2.2241086257E-04
   35     -3.9311430647E-04   1.4565715132E-03  -3.7840241185E-04   6.9508168475E-05   7.2720404470E-04
   36      1.3819686129E-05  -7.3446721891E-06  -2.6759079200E-05   1.4011125213E-05   7.4041907437E-06
   37     -1.6131658668E-05   1.0041636016E-05   3.1415829357E-05  -1.6671514509E-05  -9.9724223522E-06
   38      2.5458737234E-05  -1.4516422102E-05  -1.7831612228E-06  -2.4635503910E-05  -1.4615291608E-05
                   30                 31                 32                 33                 34        
    0      1.6484010590E-03  -1.4148017112E-03   4.0139914813E-05   1.6490490089E-03  -1.4087408927E-03
    1      4.6658183646E-04   1.0197108230E-03   3.9257752765E-04   4.6257382809E-04   1.0145586311E-03
    2      1.0661464807E-03   1.2762758907E-04   1.8812821315E-04  -1.0662029089E-03  -1.2779944324E-04
    3      1.9217641152E-03  -1.6947723679E-03   2.4479965053E-04   1.9034912262E-03  -1.6643632381E-03
    4      1.2980405406E-02  -1.6743780731E-02   2.4454186600E-04   1.2952037442E-02  -1.6712485376E-02
    5      1.8183514967E-02  -2.1374998902E-02   6.0329339749E-04  -1.8193991881E-02   2.1391627605E-02
    6     -5.1008427137E-02  -2.2148027273E-02  -2.9553116644E-02  -5.0942524355E-02  -2.1983269135E-02
    7     -2.3411174383E-02  -1.2682946053E-01  -1.1666107429E-01  -2.3259604192E-02  -1.2667915262E-01
    8     -3.1181056908E-02  -1.1664852534E-01  -2.1450146798E-01   3.1025651907E-02   1.1666182683E-01
    9     -1.0588538223E-02  -5.7723608808E-03  -3.5341360678E-03  -1.0598269319E-02  -5.7540252342E-03
   10     -2.0465952778E-02  -8.1224483108E-03   1.1276082211E-03  -2.0429597355E-02  -8.1114464215E-03
   11     -2.7753879368E-02  -7.7818102815E-03   2.1669669263E-03   2.7758923825E-02   7.7664577702E-03
   12     -1.9344938637E-03   2.8937181839E-04   1.5773758747E-03  -1.8419676118E-03   3.1645559055E-04
   13     -5.2119137166E-05   7.5285762834E-04   2.8417812077E-04  -9.4910184235E-06   7.6630217244E-04
   14      1.4369173255E-03   1.3305448705E-04   2.0056127332E-04  -1.4539106427E-03  -1.1416920671E-04
   15     -3.1891009271E-04   6.5535446492E-04   5.2903559789E-04  -3.9669712979E-05   1.1692005020E-04
   16     -2.4703051923E-04   5.3458879344E-04  -6.6671455593E-05  -8.8173175619E-05  -6.0743916784E-06
   17     -5.7864453817E-04   2.2687279036E-04   5.9286904032E-05  -2.0417867242E-05  -1.1518192943E-04
   18     -4.0316679425E-05   1.1700340679E-04   3.1075690280E-06  -3.1869727098E-04   6.5381386241E-04
   19     -8.8472353531E-05  -5.8562831309E-06  -8.7965422003E-05  -2.4777576746E-04   5.3398811546E-04
   20      2.1195543268E-05   1.1495983591E-04  -1.2234191339E-04   5.7975062498E-04  -2.2613138449E-04
   21      1.9400803470E-04  -2.3655353047E-04   1.0627932473E-04   1.9313684640E-04  -2.3503609252E-04
   22     -1.6924563625E-04   4.7247330951E-05   2.2166682375E-04  -1.7001689946E-04   4.7078610080E-05
   23     -1.8217712475E-04   3.9179673563E-04   2.2360395578E-04   1.8334716001E-04  -3.9064706183E-04
   24      6.9412528077E-04  -9.1288889403E-04   3.7936731966E-04  -2.8985901955E-03   3.5800050118E-03
   25     -8.8773691996E-04   6.3738262857E-04  -6.8793787394E-05   3.4999012388E-03  -3.1479743648E-03
   26     -3.8838897193E-04   2.2310088793E-04   7.2612439349E-04   1.6971908267E-04  -6.1776873022E-04
   27     -2.9002000879E-03   3.5791687137E-03  -2.5261346675E-04   6.9486859485E-04  -9.1458746172E-04
   28      3.4992181128E-03  -3.1480524068E-03   3.9246830912E-04  -8.8734711850E-04   6.4015916544E-04
   29     -1.6991178272E-04   6.1967132054E-04   1.4573790176E-03   3.9025465871E-04  -2.2241086257E-04
   30      6.1954205735E-02   2.4303853426E-02   3.4477322676E-02   4.9544715755E-04   3.4257226144E-03
   31      2.4303853426E-02   1.4062216155E-01   1.2903560808E-01   3.4522650094E-03   1.1016760007E-02
   32      3.4477322676E-02   1.2903560808E-01   2.3005454479E-01  -3.9654744914E-03  -1.4843246084E-02
   33      4.9544715755E-04   3.4522650094E-03  -3.9654744914E-03   6.1815286366E-02   2.4085919625E-02
   34      3.4257226144E-03   1.1016760007E-02  -1.4843246084E-02   2.4085919625E-02   1.4042346600E-01
   35      3.9272053771E-03   1.4813654820E-02  -2.0971228428E-02  -3.4277143847E-02  -1.2902928759E-01
   36     -1.1706529838E-04  -1.1104323013E-04   2.4495355563E-05  -1.1156073434E-04  -1.1026334355E-04
   37      5.3938137898E-04   2.1888950655E-04  -1.1162289214E-04   5.3075702733E-04   2.1482047314E-04
   38      1.0651737111E-03   2.5971295451E-04  -8.4850548691E-05  -1.0518729937E-03  -2.7128308790E-04
                   35                 36                 37                 38        
     0     -4.3939941067E-05   4.1983876412E-05  -1.1091229349E-04   3.2833436909E-07
     1     -3.9215363659E-04  -1.4577559081E-04   2.4772602879E-04   5.2322061639E-07
     2      1.8833118084E-04   6.6902911664E-07   1.7071673806E-06  -2.6054361064E-05
     3     -2.3998247268E-04   3.6383298469E-04  -1.0508418462E-03  -4.4494512845E-06
     4     -2.4814404727E-04   4.0662549701E-04  -4.6962827065E-04   9.4038809195E-07
     5      6.0737022809E-04   4.8849137566E-06  -2.6814531824E-06   1.3154536074E-04
     6      2.9397214260E-02   1.2937125731E-03  -1.1454972416E-03   1.0262482009E-05
     7      1.1667440684E-01  -1.6221430076E-03   5.0316534617E-03   2.4344357672E-05
     8     -2.1476690405E-01  -9.0624410614E-06   1.2789919240E-05   5.9732960893E-03
     9      3.5166800325E-03   4.6416817599E-03   1.1092119096E-04  -3.4555523593E-04
    10     -1.1190172927E-03   1.0431137501E-03   2.4327513079E-03  -1.3305973254E-04
    11      2.1288905291E-03   1.0451638553E-04   2.7750950177E-05   1.9092899738E-03
    12     -1.5757887120E-03  -3.6940291527E-01  -1.2332670281E-01   8.3215026326E-04
    13     -2.7948436588E-04  -1.2369307750E-01  -6.9241835121E-02   2.9162988325E-04
    14      1.9149811015E-04   4.3402576375E-04   1.5040679418E-04  -2.3572991218E-02
    15     -2.9909652154E-06   1.7278519142E-05  -2.2089988356E-06  -2.5443751737E-05
    16      8.7703154420E-05  -1.5069423811E-05  -1.4353864336E-05  -2.0688261826E-05
    17     -1.2211526350E-04  -1.3478934225E-05  -3.1710076113E-05  -1.8863756940E-05
    18     -5.2824793616E-04   1.7575166920E-05  -2.5645890820E-06   2.5028071594E-05
    19      6.7787110189E-05  -1.5149297292E-05  -1.4212766357E-05   2.0839898871E-05
    20      5.7750247001E-05   1.3767149799E-05   3.1653402678E-05  -1.8544548469E-05
    21     -1.0652757439E-04   6.7920156687E-05  -7.6937510155E-05   2.1071117540E-07
    22     -2.2060184621E-04   1.7794002609E-05  -4.0778298403E-05  -4.0017031470E-07
    23      2.2243284043E-04   1.6102003571E-07   4.7155412031E-07  -3.3409937672E-05
    24      2.5505356242E-04  -2.6568346823E-05   3.1954188890E-05   1.8900402767E-06
    25     -3.9311430647E-04   1.3819686129E-05  -1.6131658668E-05   2.5458737234E-05
    26      1.4565715132E-03  -7.3446721891E-06   1.0041636016E-05  -1.4516422102E-05
    27     -3.7840241185E-04  -2.6759079200E-05   3.1415829357E-05  -1.7831612228E-06
    28      6.9508168475E-05   1.4011125213E-05  -1.6671514509E-05  -2.4635503910E-05
    29      7.2720404470E-04   7.4041907437E-06  -9.9724223522E-06  -1.4615291608E-05
    30      3.9272053771E-03  -1.1706529838E-04   5.3938137898E-04   1.0651737111E-03
    31      1.4813654820E-02  -1.1104323013E-04   2.1888950655E-04   2.5971295451E-04
    32     -2.0971228428E-02   2.4495355563E-05  -1.1162289214E-04  -8.4850548691E-05
    33     -3.4277143847E-02  -1.1156073434E-04   5.3075702733E-04  -1.0518729937E-03
    34     -1.2902928759E-01  -1.1026334355E-04   2.1482047314E-04  -2.7128308790E-04
    35      2.3036145589E-01  -2.1761998646E-05   1.0675616700E-04  -8.1256842354E-05
    36     -2.1761998646E-05   3.6324088369E-01   1.2434419650E-01  -5.2210739104E-04
    37      1.0675616700E-04   1.2434419650E-01   6.1667770716E-02  -1.7948671538E-04
    38     -8.1256842354E-05  -5.2210739104E-04  -1.7948671538E-04   1.5850971503E-02

$vibrational_frequencies
39
    0        0.0000000000000000
    1        0.0000000000000000
    2        0.0000000000000000
    3        0.0000000000000000
    4        0.0000000000000000
    5        0.0000000000000000
    6      131.8169075021918388
    7      198.1532103163665397
    8      282.6263098836600989
    9      358.9069663525297074
   10      399.5725237884415151
   11      533.8530936307089405
   12      716.5189630684253643
   13      739.9135453979570229
   14      756.7325283376176230
   15      887.4881628669540987
   16      893.7622398736261857
   17      988.6122838407677591
   18     1062.1932230279121541
   19     1120.1601665425121155
   20     1133.6067931690083697
   21     1268.0080450149309854
   22     1311.3627079218431390
   23     1329.6426786608526527
   24     1390.6804343207261354
   25     1421.4332525958670885
   26     1480.3725241532561085
   27     1498.2866991706468980
   28     1505.6171657057727771
   29     1513.1028273388312755
   30     2209.8925973004756997
   31     3022.8464479465428667
   32     3025.5345325955267981
   33     3041.9609074902477914
   34     3057.3501596518822225
   35     3080.9454846510229800
   36     3102.9375326910358126
   37     3105.4601917542668161
   38     3454.3290726746013206

$normal_modes
39 39
                    0                  1                  2                  3                  4        
    0      0.0000000000E+00   0.0000000000E+00   0.0000000000E+00   0.0000000000E+00   0.0000000000E+00
    1      0.0000000000E+00   0.0000000000E+00   0.0000000000E+00   0.0000000000E+00   0.0000000000E+00
    2      0.0000000000E+00   0.0000000000E+00   0.0000000000E+00   0.0000000000E+00   0.0000000000E+00
    3      0.0000000000E+00   0.0000000000E+00   0.0000000000E+00   0.0000000000E+00   0.0000000000E+00
    4      0.0000000000E+00   0.0000000000E+00   0.0000000000E+00   0.0000000000E+00   0.0000000000E+00
    5      0.0000000000E+00   0.0000000000E+00   0.0000000000E+00   0.0000000000E+00   0.0000000000E+00
    6      0.0000000000E+00   0.0000000000E+00   0.0000000000E+00   0.0000000000E+00   0.0000000000E+00
    7      0.0000000000E+00   0.0000000000E+00   0.0000000000E+00   0.0000000000E+00   0.0000000000E+00
    8      0.0000000000E+00   0.0000000000E+00   0.0000000000E+00   0.0000000000E+00   0.0000000000E+00
    9      0.0000000000E+00   0.0000000000E+00   0.0000000000E+00   0.0000000000E+00   0.0000000000E+00
   10      0.0000000000E+00   0.0000000000E+00   0.0000000000E+00   0.0000000000E+00   0.0000000000E+00
   11      0.0000000000E+00   0.0000000000E+00   0.0000000000E+00   0.0000000000E+00   0.0000000000E+00
   12      0.0000000000E+00   0.0000000000E+00   0.0000000000E+00   0.0000000000E+00   0.0000000000E+00
   13      0.0000000000E+00   0.0000000000E+00   0.0000000000E+00   0.0000000000E+00   0.0000000000E+00
   14      0.0000000000E+00   0.0000000000E+00   0.0000000000E+00   0.0000000000E+00   0.0000000000E+00
   15      0.0000000000E+00   0.0000000000E+00   0.0000000000E+00   0.0000000000E+00   0.0000000000E+00
   16      0.0000000000E+00   0.0000000000E+00   0.0000000000E+00   0.0000000000E+00   0.0000000000E+00
   17      0.0000000000E+00   0.0000000000E+00   0.0000000000E+00   0.0000000000E+00   0.0000000000E+00
   18      0.0000000000E+00   0.0000000000E+00   0.0000000000E+00   0.0000000000E+00   0.0000000000E+00
   19      0.0000000000E+00   0.0000000000E+00   0.0000000000E+00   0.0000000000E+00   0.0000000000E+00
   20      0.0000000000E+00   0.0000000000E+00   0.0000000000E+00   0.0000000000E+00   0.0000000000E+00
   21      0.0000000000E+00   0.0000000000E+00   0.0000000000E+00   0.0000000000E+00   0.0000000000E+00
   22      0.0000000000E+00   0.0000000000E+00   0.0000000000E+00   0.0000000000E+00   0.0000000000E+00
   23      0.0000000000E+00   0.0000000000E+00   0.0000000000E+00   0.0000000000E+00   0.0000000000E+00
   24      0.0000000000E+00   0.0000000000E+00   0.0000000000E+00   0.0000000000E+00   0.0000000000E+00
   25      0.0000000000E+00   0.0000000000E+00   0.0000000000E+00   0.0000000000E+00   0.0000000000E+00
   26      0.0000000000E+00   0.0000000000E+00   0.0000000000E+00   0.0000000000E+00   0.0000000000E+00
   27      0.0000000000E+00   0.0000000000E+00   0.0000000000E+00   0.0000000000E+00   0.0000000000E+00
   28      0.0000000000E+00   0.0000000000E+00   0.0000000000E+00   0.0000000000E+00   0.0000000000E+00
   29      0.0000000000E+00   0.0000000000E+00   0.0000000000E+00   0.0000000000E+00   0.0000000000E+00
   30      0.0000000000E+00   0.0000000000E+00   0.0000000000E+00   0.0000000000E+00   0.0000000000E+00
   31      0.0000000000E+00   0.0000000000E+00   0.0000000000E+00   0.0000000000E+00   0.0000000000E+00
   32      0.0000000000E+00   0.0000000000E+00   0.0000000000E+00   0.0000000000E+00   0.0000000000E+00
   33      0.0000000000E+00   0.0000000000E+00   0.0000000000E+00   0.0000000000E+00   0.0000000000E+00
   34      0.0000000000E+00   0.0000000000E+00   0.0000000000E+00   0.0000000000E+00   0.0000000000E+00
   35      0.0000000000E+00   0.0000000000E+00   0.0000000000E+00   0.0000000000E+00   0.0000000000E+00
   36      0.0000000000E+00   0.0000000000E+00   0.0000000000E+00   0.0000000000E+00   0.0000000000E+00
   37      0.0000000000E+00   0.0000000000E+00   0.0000000000E+00   0.0000000000E+00   0.0000000000E+00
   38      0.0000000000E+00   0.0000000000E+00   0.0000000000E+00   0.0000000000E+00   0.0000000000E+00
                    5                  6                  7                  8                  9        
    0      0.0000000000E+00  -1.5352930802E-04   2.7918036184E-02   5.5989051891E-05  -2.3013109842E-01
    1      0.0000000000E+00  -2.0774409367E-04   1.7653508495E-01   5.9081191208E-05   9.7626448701E-02
    2      0.0000000000E+00  -1.9068440454E-01  -3.1597999506E-04   1.4944522532E-02   8.7068008678E-05
    3      0.0000000000E+00  -1.6471881807E-04   1.2712758443E-01   4.4549216971E-05  -9.6705766613E-02
    4      0.0000000000E+00   1.2069685880E-04  -1.2018897651E-01  -3.7490861235E-05  -1.8291342294E-01
    5      0.0000000000E+00   1.7435209281E-01   6.3102201418E-04  -7.1791377827E-02  -3.2120577346E-04
    6      0.0000000000E+00   7.8848574555E-06   1.1458706851E-02   8.7907452591E-06   1.0695548920E-01
    7      0.0000000000E+00   2.6016476429E-04  -2.2378090029E-01  -6.0355036226E-05  -4.1977182445E-02
    8      0.0000000000E+00   1.7886343124E-01   7.0860181737E-05   3.3902892984E-02  -2.0389251169E-04
    9      0.0000000000E+00  -1.2980753659E-04  -3.4294739404E-02  -3.1549353285E-05   8.5546778929E-02
   10      0.0000000000E+00   1.0181565391E-04  -9.8569795240E-02  -5.2606547209E-05   1.5360986858E-01
   11      0.0000000000E+00  -1.7653751285E-04  -3.2705577557E-04   6.4714499254E-04   1.3674616987E-03
   12      0.0000000000E+00   4.7175165019E-04  -1.5331496987E-01  -1.0625552765E-04   1.6147450492E-01
   13      0.0000000000E+00  -2.2881083356E-04   2.2129527126E-01   7.2092491564E-05  -3.1268372281E-02
   14      0.0000000000E+00  -1.5406922538E-01  -7.6549848759E-05   1.2735330043E-02  -6.0583308063E-04
   15      0.0000000000E+00   1.6140395167E-01  -1.1072281225E-01  -2.1751608909E-01  -4.3780266334E-01
