*************************************************
******************* ORCA 6.0.0 ******************
*************************************************
$Calculation_Status
   &GeometryIndex 1
   &ListStatus       OUT
   &VERSION [&Type "String"] "6.0.0"
   &PROGNAME [&Type "String"] "LeanSCF"
   &STATUS [&Type "String"] "NORMAL TERMINATION"
$End
$Geometry
   &GeometryIndex 1
   &ListStatus       OUT
   &NATOMS [&Type "Integer"] 13
   &NCORELESSECP [&Type "Integer"] 0
   &NGHOSTATOMS [&Type "Integer"] 0
   &CartesianCoordinates [&Type "Coordinates", &Dim(13,4), &Units "Bohr"] 
              C     -4.571030411666    0.014060794727    0.000017881723
              C     -1.859012052050    0.991750459711    0.000029781328
              C      0.071807510611   -1.184959218509    0.000288655289
              C      2.672502048120   -0.305765354520    0.001024212478
              C      4.805346995894    0.489887772062   -0.004249114597
              H     -4.945749052397   -1.147390950851    1.672016568027
              H     -5.925321552062    1.575498198190   -0.000278203403
              H     -4.945593260918   -1.147901928262   -1.671660495814
              H     -1.520865099775    2.180799430322   -1.660213030002
              H     -1.520972708529    2.181022472430    1.660126992850
              H     -0.244260158549   -2.388412286236   -1.660600566723
              H     -0.244727617835   -2.388493119083    1.661033128059
              H      6.693377953066    1.175092374439    0.002542233639
$End
$SCF_Energy
   &GeometryIndex 1
   &ListStatus       OUT
   &SCF_ENERGY [&Type "Double"]      -1.9525635518029949e+02
$End
$DFT_Energy
   &GeometryIndex 1
   &ListStatus       OUT
   &NALPHAEL [&Type "Integer"] 19
   &NBETAEL [&Type "Integer"] 19
   &NTOTALEL [&Type "Integer"] 38
   &EEXCHANGE [&Type "Double"]       0.0000000000000000e+00
   &ECORR [&Type "Double"]       0.0000000000000000e+00
   &ECNL [&Type "Double"]       0.0000000000000000e+00
   &EXC [&Type "Double"]      -1.4478360190838982e+01
   &EEMBED [&Type "Double"]       0.0000000000000000e+00
   &FINALEN [&Type "Double"]      -1.9525635518029949e+02  "No Van der Waals correction"
$End
$Mulliken_Population_Analysis
   &GeometryIndex 1
   &ListStatus       OUT
   &NATOMS [&Type "Integer"] 13
   &ATNO [&Type "ArrayOfIntegers", &Dim (13,1)] 
                                                         0

0                                                        6
1                                                        6
2                                                        6
3                                                        6
4                                                        6
5                                                        1
6                                                        1
7                                                        1
8                                                        1
9                                                        1
10                                                       1
11                                                       1
12                                                       1
   &ATOMICCHARGES [&Type "ArrayOfDoubles", &Dim (13,1)] 
                                                         0

0                                     -4.3170583812941032e-01
1                                     -2.1712140498342158e-01
2                                     -3.6251776113832790e-01
3                                     -9.1466662839639667e-02
4                                     -1.1025885674960278e-01
5                                      1.3784360654439864e-01
6                                      1.4492232215707568e-01
7                                      1.3785176893631379e-01
8                                      1.3897391338377796e-01
9                                      1.3895991065793512e-01
10                                     1.5561677727575085e-01
11                                     1.5584184132286683e-01
12                                     2.0306038356265765e-01
$End
$Loewdin_Population_Analysis
   &GeometryIndex 1
   &ListStatus       OUT
   &NATOMS [&Type "Integer"] 13
   &ATNO [&Type "ArrayOfIntegers", &Dim (13,1)] 
                                                         0

0                                                        6
1                                                        6
2                                                        6
3                                                        6
4                                                        6
5                                                        1
6                                                        1
7                                                        1
8                                                        1
9                                                        1
10                                                       1
11                                                       1
12                                                       1
   &ATOMICCHARGES [&Type "ArrayOfDoubles", &Dim (13,1)] 
                                                         0

0                                     -3.1714479897234327e-01
1                                     -2.7945589561101780e-01
2                                     -2.5186555285175505e-01
3                                     -1.2435593484407104e-01
4                                     -1.0957002699233698e-01
5                                      1.2087019551389144e-01
6                                      1.2237575748429708e-01
7                                      1.2087232489432376e-01
8                                      1.3986957571975078e-01
9                                      1.3985988644901237e-01
10                                     1.5729535669148365e-01
11                                     1.5726467229887919e-01
12                                     1.2398444022026489e-01
$End
$Mayer_Population_Analysis
   &GeometryIndex 1
   &ListStatus       OUT
   &NATOMS [&Type "Integer"] 13 "Total number of atoms"
   &BONDTHRESH [&Type "Double"]       1.0000000000000001e-01  "The threshold for printing"
   &NBONDORDERSPRINT [&Type "Integer"] 12 "The number of bond orders larger than threshold"
   &BONDORDERS [&Type "ArrayOfDoubles", &Dim (12,1)] "The bond orders"
                                                         0

0                                      9.3874865298496901e-01
1                                      9.7341373330505288e-01
2                                      9.8084412598198545e-01
3                                      9.7342045027836444e-01
4                                      9.3650206197767616e-01
5                                      9.7219418321664997e-01
6                                      9.7239934831487618e-01
7                                      1.0328860220487968e+00
8                                      9.6000327246450290e-01
9                                      9.6211415371911735e-01
10                                     3.0592491836903646e+00
11                                     8.7428168581066401e-01
   &COMPONENTS [&Type "ArrayOfIntegers", &Dim (12,4)] "The indices and atomic numbers of the bonding atoms"
                                                         0                           1                           2                           3

0                                                        0                           6                           1                           6
1                                                        0                           6                           5                           1
2                                                        0                           6                           6                           1
3                                                        0                           6                           7                           1
4                                                        1                           6                           2                           6
5                                                        1                           6                           8                           1
6                                                        1                           6                           9                           1
7                                                        2                           6                           3                           6
8                                                        2                           6                          10                           1
9                                                        2                           6                          11                           1
10                                                       3                           6                           4                           6
11                                                       4                           6                          12                           1
   &ATNO [&Type "ArrayOfIntegers", &Dim (13,1)] "Atomic number of the elements"
                                                         0

0                                                        6
1                                                        6
2                                                        6
3                                                        6
4                                                        6
5                                                        1
6                                                        1
7                                                        1
8                                                        1
9                                                        1
10                                                       1
11                                                       1
12                                                       1
   &NA [&Type "ArrayOfDoubles", &Dim (13,1)] "Mulliken gross atomic population"
                                                         0

0                                      6.4317058381294112e+00
1                                      6.2171214049834118e+00
2                                      6.3625177611383341e+00
3                                      6.0914666628396086e+00
4                                      6.1102588567495948e+00
5                                      8.6215639345560147e-01
6                                      8.5507767784292432e-01
7                                      8.6214823106368765e-01
8                                      8.6102608661622348e-01
9                                      8.6104008934206566e-01
10                                     8.4438322272424859e-01
11                                     8.4415815867713406e-01
12                                     7.9693961643734124e-01
   &ZA [&Type "ArrayOfDoubles", &Dim (13,1)] "Total nuclear charge"
                                                         0

0                                      6.0000000000000000e+00
1                                      6.0000000000000000e+00
2                                      6.0000000000000000e+00
3                                      6.0000000000000000e+00
4                                      6.0000000000000000e+00
5                                      1.0000000000000000e+00
6                                      1.0000000000000000e+00
7                                      1.0000000000000000e+00
8                                      1.0000000000000000e+00
9                                      1.0000000000000000e+00
10                                     1.0000000000000000e+00
11                                     1.0000000000000000e+00
12                                     1.0000000000000000e+00
   &QA [&Type "ArrayOfDoubles", &Dim (13,1)] "Mulliken gross atomic charge"
                                                         0

0                                     -4.3170583812941121e-01
1                                     -2.1712140498341181e-01
2                                     -3.6251776113833412e-01
3                                     -9.1466662839608581e-02
4                                     -1.1025885674959479e-01
5                                      1.3784360654439853e-01
6                                      1.4492232215707568e-01
7                                      1.3785176893631235e-01
8                                      1.3897391338377652e-01
9                                      1.3895991065793434e-01
10                                     1.5561677727575141e-01
11                                     1.5584184132286594e-01
12                                     2.0306038356265876e-01
   &VA [&Type "ArrayOfDoubles", &Dim (13,1)] "Mayer's total valence"
                                                         0

0                                      3.8451470389678253e+00
1                                      3.7534162320530307e+00
2                                      3.8785126065538105e+00
3                                      4.1208713223428513e+00
4                                      4.0096374187362738e+00
5                                      9.5497136762605972e-01
6                                      9.5918224183363576e-01
7                                      9.5498870950053227e-01
8                                      9.5424425023807768e-01
9                                      9.5428426725687221e-01
10                                     9.4474774446261134e-01
11                                     9.4482506751288431e-01
12                                     9.5869338539647508e-01
   &BVA [&Type "ArrayOfDoubles", &Dim (13,1)] "Mayer's bonded valence"
                                                         0

0                                      3.8451470389677795e+00
1                                      3.7534162320530675e+00
2                                      3.8785126065535880e+00
3                                      4.1208713223428077e+00
4                                      4.0096374187360757e+00
5                                      9.5497136762605150e-01
6                                      9.5918224183361322e-01
7                                      9.5498870950053050e-01
8                                      9.5424425023808501e-01
9                                      9.5428426725688087e-01
10                                     9.4474774446257292e-01
11                                     9.4482506751284578e-01
12                                     9.5869338539636428e-01
   &FA [&Type "ArrayOfDoubles", &Dim (13,1)] "Mayer's free valence"
                                                         0

0                                      0.0000000000000000e+00
1                                      0.0000000000000000e+00
2                                      0.0000000000000000e+00
3                                      0.0000000000000000e+00
4                                      0.0000000000000000e+00
5                                      0.0000000000000000e+00
6                                      0.0000000000000000e+00
7                                      0.0000000000000000e+00
8                                      0.0000000000000000e+00
9                                      0.0000000000000000e+00
10                                     0.0000000000000000e+00
11                                     0.0000000000000000e+00
12                                     0.0000000000000000e+00
$End
$Calculation_Info
   &GeometryIndex 1
   &ListStatus       OUT
   &MULT [&Type "Integer"] 1
   &CHARGE [&Type "Integer"] 0
   &NUMOFATOMS [&Type "Integer"] 13
   &NUMOFELECTRONS [&Type "Integer"] 38
   &NUMOFFCELECTRONS [&Type "Integer"] 1
   &NUMOFCORRELECTRONS [&Type "Integer"] 0
   &NUMOFBASISFUNCTS [&Type "Integer"] 203
   &NUMOFAUXCBASISFUNCTS [&Type "Integer"] 0
   &NUMOFAUXJBASISFUNCTS [&Type "Integer"] 333
   &NUMOFAUXJKBASISFUNCTS [&Type "Integer"] 0
   &NUMOFCABSBASISFUNCTS [&Type "Integer"] 0
   &TOTALENERGY [&Type "Double"]      -1.9525635518029949e+02  "Hartrees"
$End
$SCF_Dipole_Moment
   &GeometryIndex 1
   &ListStatus       OUT
   &METHOD [&Type "String"] "SCF"
   &LEVEL [&Type "String"] "Relaxed density"
   &MULT [&Type "Integer"] 1
   &STATE [&Type "Integer"] -1
   &IRREP [&Type "Integer"] 0
   &NATOMS [&Type "Integer"] 13
   &DODIPOLEATOM [&Type "Boolean"] false
   &DIPOLEELECCONTRIB [&Type "ArrayOfDoubles", &Dim (3,1)] "Electronic contribution"
                                                         0

0                                      5.9810652139659339e+00
1                                     -3.7828507879597975e-02
2                                     -1.7893899234591778e-03
   &DIPOLENUCCONTRIB [&Type "ArrayOfDoubles", &Dim (3,1)] "Nuclear contribution"
                                                         0

0                                     -6.3226472038015000e+00
1                                      1.4117717153632192e-02
2                                      3.3213490164997021e-03
   &DIPOLETOTAL [&Type "ArrayOfDoubles", &Dim (3,1)] "Total"
                                                         0

0                                     -3.4158198983556609e-01
1                                     -2.3710790725965783e-02
2                                      1.5319590930405243e-03
   &DIPOLEMAGNITUDE [&Type "Double", &Units "a.u."]       3.4240736597733712e-01
$End
$THERMOCHEMISTRY_Energies
   &GeometryIndex 1
   &ListStatus       OUT
   &TEMPERATURE [&Type "Double"]       2.9814999999999998e+02
   &PRESSURE [&Type "Double"]       1.0000000000000000e+00
   &TOTALMASS [&Type "Double"]       6.8118999999999986e+01
   &SPINDEGENERACY [&Type "Integer"] 1
   &ELENERGY [&Type "Double"]      -1.9525635518029949e+02
   &TRANSENERGY [&Type "Double"]       1.4162714244859817e-03
   &ROTENERGY [&Type "Double"]       1.4162714244859817e-03
   &VIBENERGY [&Type "Double"]       3.1861769928894505e-03
   &NUMOFFREQS [&Type "Integer"] 39
   &FREQSCALINGFACTOR [&Type "Double"]       1.0000000000000000e+00
   &FREQ [&Type "ArrayOfDoubles", &Dim (39,1)] "In cm^-1"
                                                         0

0                                      0.0000000000000000e+00
1                                      0.0000000000000000e+00
2                                      0.0000000000000000e+00
3                                      0.0000000000000000e+00
4                                      0.0000000000000000e+00
5                                      0.0000000000000000e+00
6                                      1.3041924882648971e+02
7                                      1.9035303086456651e+02
8                                      2.7745593559689473e+02
9                                      3.5606138188532708e+02
10                                     3.9103613221033629e+02
11                                     5.2837766981619541e+02
12                                     6.9379433891347162e+02
13                                     7.1864922276413347e+02
14                                     7.5439208041251493e+02
15                                     8.8697049380837188e+02
16                                     8.9200746585659556e+02
17                                     9.8760613659882972e+02
18                                     1.0604866749578323e+03
19                                     1.1190071645524893e+03
20                                     1.1328571955958050e+03
21                                     1.2669087094845383e+03
22                                     1.3126017335109168e+03
23                                     1.3302036312463388e+03
24                                     1.3918007305070212e+03
25                                     1.4214569316269813e+03
26                                     1.4825846511502020e+03
27                                     1.4989063067471875e+03
28                                     1.5050856309091450e+03
29                                     1.5135693667825947e+03
30                                     2.2275412143352924e+03
31                                     3.0164601329917077e+03
32                                     3.0265815045979307e+03
33                                     3.0434943521640425e+03
34                                     3.0494931637177051e+03
35                                     3.0794033375409604e+03
36                                     3.1017995744549867e+03
37                                     3.1073077539470696e+03
38                                     3.4927629006781544e+03
   &ZPE [&Type "Double"]       1.1387975812098354e-01
   &INNERENERGYU [&Type "Double"]      -1.9513645670233663e+02
   &ENTHALPYH [&Type "Double"]      -1.9513551249329439e+02
   &QEL [&Type "Double"]       0.0000000000000000e+00
   &QROT [&Type "Double"]       1.2103135410518773e-02
   &QVIB [&Type "Double"]       5.2009867138993584e-03
   &QTRANS [&Type "Double"]       1.8327515677342771e-02
   &ENTROPYS [&Type "Double"]       3.5631637801760901e-02
   &FREEENERGYG [&Type "Double"]      -1.9517114413109616e+02
   &ISLINEAR [&Type "Boolean"] false
$End
$Hessian
   &GeometryIndex 1
   &ListStatus       OUT
   &HESSIAN [&Type "ArrayOfDoubles", &Dim (39,39)] "The Hessian"
                                                         0                           1                           2                           3                           4                           5                           6                           7

0                                      4.9272092451485133e-01        -3.4836455900454436e-02         1.2576792938356823e-06        -1.8527908864780268e-01        -3.9721267434948901e-02         2.3637780410213499e-06        -2.7898859156187866e-02        -5.1256121959877762e-03
1                                     -3.4836455900454436e-02         5.6074408297632383e-01         2.2629890015906937e-06        -4.4108494183323882e-02        -9.5925067225819963e-02        -1.4473954055068307e-06         2.6003543546272823e-02         8.2874765029458952e-03
2                                      1.2576792938356823e-06         2.2629890015906937e-06         5.6517398651456607e-01         2.1949967526263608e-06        -1.6183494918769106e-06        -8.1097391022890736e-02        -4.7832655715611188e-06         1.6124213625189553e-07
3                                     -1.8527908864780268e-01        -4.4108494183323882e-02         2.1949967526263608e-06         4.6264180685885814e-01         3.5200161820471573e-02        -3.2529188629173852e-06        -1.0940750974332793e-01         5.1778362133644923e-02
4                                     -3.9721267434948901e-02        -9.5925067225819963e-02        -1.6183494918769106e-06         3.5200161820471573e-02         5.2391977430190106e-01         1.2458443488368789e-05         4.4760205552249799e-02        -1.3991238748311410e-01
5                                      2.3637780410213499e-06        -1.4473954055068307e-06        -8.1097391022890736e-02        -3.2529188629173852e-06         1.2458443488368789e-05         5.9931004633137630e-01        -1.3051183344062772e-05         1.9219294627955889e-06
6                                     -2.7898859156187866e-02         2.6003543546272823e-02        -4.7832655715611188e-06        -1.0940750974332793e-01         4.4760205552249799e-02        -1.3051183344062772e-05         5.0546544628552303e-01         5.5431960149619777e-02
7                                     -5.1256121959877762e-03         8.2874765029458952e-03         1.6124213625189553e-07         5.1778362133644923e-02        -1.3991238748311410e-01         1.9219294627955889e-06         5.5431960149619777e-02         4.9787091689668572e-01
8                                     -1.0197464078235270e-06         2.6933964322739873e-06        -6.8065368937716281e-05         1.2787149215241994e-06        -5.6819853908454606e-06        -7.7531127297766803e-02        -1.5790339072362764e-05         5.4344294000577091e-06
9                                     -3.0738553183689314e-03         3.1810780224089414e-03         1.3942269728485044e-06        -3.5890719041011133e-02        -7.6735973437296046e-04        -1.2359475380378164e-06        -2.6336586671271772e-01        -7.1199411524221462e-02
10                                     2.7439879800556996e-03        -4.9989616470054003e-03         1.5119881990378663e-06         2.1133303002996012e-02         1.4525217980642501e-02         8.6371079491072867e-06        -7.1982753914239139e-02        -9.1118537168137892e-02
11                                    -3.0477904782851505e-07         3.0696631068667733e-06         3.2785878167906207e-04        -6.5383659258824066e-06        -4.2649150417984347e-06        -2.1707645626736407e-03         2.8043692230499866e-05         4.5711765588097621e-06
12                                    -1.9554231583092385e-04         1.9922757421755120e-03        -1.4208773730084773e-06         2.4922349960965137e-03        -5.5715980231121620e-03         9.0869717479854649e-06        -3.4175666628729201e-03        -5.2241067237809372e-03
13                                    -2.4833390700045727e-04         1.4500558167118852e-03         1.1831582674316364e-06         5.4649668597171741e-04        -3.4343377940718664e-03        -5.4956513513330728e-06        -4.3004145447782041e-03         4.9836155755034134e-03
14                                     1.5005901884911868e-06        -3.5960398429426497e-06         2.6182930161802243e-04        -9.9642321625998558e-06         9.9011313255677560e-06         5.2352421659339907e-04        -5.2512816552070048e-05         1.9791269908002592e-05
15                                    -5.4529635200897084e-02        -2.3184309259166421e-02         3.4419312341405946e-02        -6.3520680020350030e-03        -1.8103261037605674e-02         2.7297749867426745e-02         1.7077309438640539e-03        -1.0237485177641351e-03
16                                    -2.3593853301046391e-02        -1.2859311395218706e-01         1.1709685883849719e-01        -1.9494630255462164e-03        -7.6083830864344844e-03         9.4504386326973635e-03         5.3016190569049040e-04         6.7291258246875672e-04
17                                     3.5236792604482918e-02         1.1735259447488812e-01        -2.2010950750757002e-01        -2.0035675012822218e-04        -6.7060282118067962e-04         1.0350840993067364e-03        -7.9961057966543812e-05        -2.3895172674624765e-04
18                                    -1.5765967459223373e-01         1.3009288223433441e-01        -2.4099290286225359e-05        -1.8767925156253931e-02         2.4586329086919961e-02        -4.1504235269351745e-06        -5.0268040871872879e-03        -3.9360209249798359e-03
19                                     1.3169805075948582e-01        -2.0243177768487364e-01         2.9898376746681236e-05        -9.2838595165378457e-03         1.0710202815943044e-02        -2.4018357396823153e-06        -2.5563375402237187e-03        -2.3313997075552137e-04
20                                    -2.4995885596525042e-05         3.0943188256259843e-05        -4.7953075695137980e-02         4.5144937143317697e-07        -3.3579273428048393e-07        -1.5288753190595954e-03        -2.0700037027112440e-07         3.3939347129227466e-07
21                                    -5.4525324376082859e-02        -2.3185009044146040e-02        -3.4397853386361740e-02        -6.3482417489303094e-03        -1.8110355267061645e-02        -2.7293682637864445e-02         1.7078897530515055e-03        -1.0225652633251666e-03
22                                    -2.3593353135720654e-02        -1.2866563756619537e-01        -1.1712913756932379e-01        -1.9478073393420104e-03        -7.6087959869688138e-03        -9.4471269954191656e-03         5.2965228551381510e-04         6.7304096288295368e-04
23                                    -3.5215379653885610e-02        -1.1738638899765176e-01        -2.2004709710104536e-01         1.9871364748838202e-04         6.7094437922498619e-04         1.0348820282697004e-03         8.0572760137743657e-05         2.3892153762290237e-04
24                                    -6.4680598108192502e-03        -1.8466344958106444e-02         2.6547163769561032e-02        -5.3672937698037437e-02        -2.4418083129965296e-02         3.3424514347281387e-02         7.6678390823154384e-04         1.4264892683720845e-02
25                                    -2.0925256795595332e-03        -6.0737255564164375e-03         8.1093291870742296e-03        -2.3447977704886595e-02        -1.3034954719707265e-01         1.1624293837832715e-01        -1.4345667284524806e-03        -1.6398982497921922e-02
26                                    -2.4580468569839614e-04        -1.4699760936438180e-03         1.5772555642176249e-03         3.2626603716949462e-02         1.1775926435639650e-01        -2.2046846789363653e-01        -2.4682651249556369e-04        -9.5421266270675695e-04
27                                    -6.4653351834669179e-03        -1.8471670506722281e-02        -2.6544966681737565e-02        -5.3665925110741086e-02        -2.4416260599492572e-02        -3.3413063313527600e-02         7.6716596287187445e-04         1.4270648429902081e-02
28                                    -2.0916486090363645e-03        -6.0752862028898048e-03        -8.1093856110789394e-03        -2.3443978405556745e-02        -1.3038261248836197e-01        -1.1625808091875284e-01        -1.4329401216824252e-03        -1.6401900497124478e-02
29                                     2.4621864438895136e-04         1.4703789466882916e-03         1.5757943459013810e-03        -3.2613315336858226e-02        -1.1777643733463777e-01        -2.2044404418105901e-01         2.4962101850106895e-04         9.5951131738669648e-04
30                                     1.6669663585762943e-03         4.2090912947049023e-04         1.0478102198027239e-03         1.9403065635770853e-03         1.3029037659129102e-02         1.8216294341278361e-02        -5.1280743135430858e-02        -2.3348721880709453e-02
31                                    -1.3709465337480792e-03         1.0198377021352944e-03         1.3924066600048339e-04        -1.6662287958161062e-03        -1.6736409294006160e-02        -2.1345725284039559e-02        -2.2106609387065355e-02        -1.2669883200140819e-01
32                                     6.7232235523600158e-05         3.7431058717926364e-04         1.9241027987240049e-04         2.5916760293730884e-04         2.4344276975350569e-04         6.0586095232466677e-04        -2.9410372633738340e-02        -1.1599630022563806e-01
33                                     1.6668986039894852e-03         4.2050759033229138e-04        -1.0485626469208169e-03         1.9454431052768669e-03         1.3033112195092723e-02        -1.8216317689528947e-02        -5.1301540639419413e-02        -2.3384908313840696e-02
34                                    -1.3739940088424124e-03         1.0208290894114964e-03        -1.3893747148197803e-04        -1.6754474419698046e-03        -1.6738616855025319e-02         2.1342087129545301e-02        -2.2151780436206078e-02        -1.2670879722489242e-01
35                                    -6.5420757316192457e-05        -3.7423573525518280e-04         1.9287375710986838e-04        -2.6075362009719133e-04        -2.3927625161139499e-04         6.0173533062263642e-04         2.9454825683391840e-02         1.1598100467893524e-01
36                                     4.0585124273170847e-05        -1.4653734064949556e-04         1.3114999073843567e-07         3.6462362433086013e-04         4.0498703617696148e-04        -4.6938117717390188e-06         1.2838732836020165e-03        -1.6319359123153753e-03
37                                    -1.0642310562198037e-04         2.4128774785929941e-04        -1.3328621521638940e-06        -1.0407153535859166e-03        -4.5903768761129237e-04         4.5463239831197013e-06        -1.1389529066621064e-03         4.9846143228677864e-03
38                                    -1.8259495272909384e-08        -6.4356614758593736e-07        -2.6871849382547723e-05         5.2097158034850832e-06        -5.4349484540083781e-07         1.2953731859294219e-04        -3.6289597162405805e-06        -2.4693757547715627e-05
                                                         8                           9                          10                          11                          12                          13                          14                          15

0                                     -1.0197464078235270e-06        -3.0738553183689314e-03         2.7439879800556996e-03        -3.0477904782851505e-07        -1.9554231583092385e-04        -2.4833390700045727e-04         1.5005901884911868e-06        -5.4529635200897084e-02
1                                      2.6933964322739873e-06         3.1810780224089414e-03        -4.9989616470054003e-03         3.0696631068667733e-06         1.9922757421755120e-03         1.4500558167118852e-03        -3.5960398429426497e-06        -2.3184309259166421e-02
2                                     -6.8065368937716281e-05         1.3942269728485044e-06         1.5119881990378663e-06         3.2785878167906207e-04        -1.4208773730084773e-06         1.1831582674316364e-06         2.6182930161802243e-04         3.4419312341405946e-02
3                                      1.2787149215241994e-06        -3.5890719041011133e-02         2.1133303002996012e-02        -6.5383659258824066e-06         2.4922349960965137e-03         5.4649668597171741e-04        -9.9642321625998558e-06        -6.3520680020350030e-03
4                                     -5.6819853908454606e-06        -7.6735973437296046e-04         1.4525217980642501e-02        -4.2649150417984347e-06        -5.5715980231121620e-03        -3.4343377940718664e-03         9.9011313255677560e-06        -1.8103261037605674e-02
5                                     -7.7531127297766803e-02        -1.2359475380378164e-06         8.6371079491072867e-06        -2.1707645626736407e-03         9.0869717479854649e-06        -5.4956513513330728e-06         5.2352421659339907e-04         2.7297749867426745e-02
6                                     -1.5790339072362764e-05        -2.6336586671271772e-01        -7.1982753914239139e-02         2.8043692230499866e-05        -3.4175666628729201e-03        -4.3004145447782041e-03        -5.2512816552070048e-05         1.7077309438640539e-03
7                                      5.4344294000577091e-06        -7.1199411524221462e-02        -9.1118537168137892e-02         4.5711765588097621e-06        -5.2241067237809372e-03         4.9836155755034134e-03         1.9791269908002592e-05        -1.0237485177641351e-03
8                                      5.5486167596455027e-01        -2.4089541608751322e-04        -8.5914731823142157e-05        -6.6219688041730271e-02         2.3237273293243323e-04         1.1160226155490906e-04         6.5793441125581095e-03         9.1086711371696802e-04
9                                     -2.4089541608751322e-04         1.2798408265276664e+00         4.2569007791841268e-01        -1.5203129367429872e-03        -9.6511276052326123e-01        -3.4211475420640203e-01         1.4005611961641603e-03         1.0245261520567530e-04
10                                    -8.5914731823142157e-05         4.2569007791841268e-01         2.6364032488268990e-01        -5.3396424680378829e-04        -3.4089621961419081e-01        -1.6979362026024419e-01         4.7061271082029371e-04        -3.4340946918414014e-05
11                                    -6.6219688041730271e-02        -1.5203129367429872e-03        -5.3396424680378829e-04         1.0286542282688471e-01         1.6091831001714229e-03         5.5363899430438184e-04        -4.2930983703025116e-02        -3.8331076844142035e-04
12                                     2.3237273293243323e-04        -9.6511276052326123e-01        -3.4089621961419081e-01         1.6091831001714229e-03         1.3477496982630219e+00         4.7560726692368782e-01        -3.3978211907308674e-04         1.7134452982277325e-04
13                                     1.1160226155490906e-04        -3.4211475420640203e-01        -1.6979362026024419e-01         5.5363899430438184e-04         4.7560726692368782e-01         2.3494582087171784e-01        -1.2088223820676665e-04         1.7824681143133333e-04
14                                     6.5793441125581095e-03         1.4005611961641603e-03         4.7061271082029371e-04        -4.2930983703025116e-02        -3.3978211907308674e-04        -1.2088223820676665e-04         5.7860866355603807e-02        -3.5311950961887918e-05
15                                     9.1086711371696802e-04         1.0245261520567530e-04        -3.4340946918414014e-05        -3.8331076844142035e-04         1.7134452982277325e-04         1.7824681143133333e-04        -3.5311950961887918e-05         6.0319054848453853e-02
16                                    -5.9501217750753299e-04         1.8676659511515474e-04         5.8960249640287003e-05        -2.6399698481181821e-04        -5.1477240969497254e-05        -9.7537359588159567e-06        -3.5199632185319718e-06         2.8772534622103135e-02
17                                     1.5538097484061632e-04        -2.2138641469215958e-05        -2.7520048301096257e-04         2.3373765352951089e-04        -6.2292545775794600e-05        -2.6350472943244968e-05        -1.4254132386013992e-05        -3.8835228661468706e-02
18                                    -4.3120111227795217e-07        -7.6717829382999363e-04         1.7255742604766061e-03         7.6565216748635272e-07        -7.2477240011670045e-04        -4.0670759139602858e-04         1.6519652288328978e-07         3.7010462524011897e-03
19                                     5.1950567995180141e-07        -2.7443112004397162e-04         7.5994587585245452e-04        -1.6495611730560057e-06        -1.1220277222724617e-04        -1.6063261855530590e-04         7.2582380068153779e-07         1.0589365852174225e-02
20                                     1.9811934252423951e-04         2.0815536002139998e-06         1.1027650511190854e-07         6.1937289265323082e-04        -1.3661972465491697e-06        -1.0021702594312686e-08        -5.1386307424599380e-05        -1.8018659430817336e-02
21                                    -9.0890251507249708e-04         1.0402894007697930e-04        -3.4567269939195884e-05         3.8304480150184046e-04         1.6986603919412263e-04         1.7778930864051617e-04         3.4355043708223448e-05        -2.1358471552042346e-04
22                                     5.9440446029814637e-04         1.8650222224011331e-04         5.9375414288653262e-05         2.6508962757896192e-04        -5.1828339904731388e-05        -9.6434721271066587e-06         3.9350539705308528e-06         3.5283641385439736e-03
23                                     1.5542376736784333e-04         2.2577313389823828e-05         2.7579496293001805e-04         2.3670953363543972e-04         6.1051000647138060e-05         2.6349372693933171e-05        -1.5803593256285471e-05        -4.0335369110523975e-03
24                                    -1.8926579614485357e-02         2.1579829309702273e-03         6.9992340249476438e-04        -9.0953622213320946e-04        -3.4534202545366890e-04        -5.8377458179583721e-04         3.2357957004867412e-04        -5.9609390741568700e-03
