
$orca_hessian_file

$act_atom
  0

$act_coord
  0

$act_energy
        0.000000

$multiplicity
  1

$hessian
39
                    0                  1                  2                  3                  4        
    0      4.9272092451E-01  -3.4836455900E-02   1.2576792938E-06  -1.8527908865E-01  -3.9721267435E-02
    1     -3.4836455900E-02   5.6074408298E-01   2.2629890016E-06  -4.4108494183E-02  -9.5925067226E-02
    2      1.2576792938E-06   2.2629890016E-06   5.6517398651E-01   2.1949967526E-06  -1.6183494919E-06
    3     -1.8527908865E-01  -4.4108494183E-02   2.1949967526E-06   4.6264180686E-01   3.5200161820E-02
    4     -3.9721267435E-02  -9.5925067226E-02  -1.6183494919E-06   3.5200161820E-02   5.2391977430E-01
    5      2.3637780410E-06  -1.4473954055E-06  -8.1097391023E-02  -3.2529188629E-06   1.2458443488E-05
    6     -2.7898859156E-02   2.6003543546E-02  -4.7832655716E-06  -1.0940750974E-01   4.4760205552E-02
    7     -5.1256121960E-03   8.2874765029E-03   1.6124213625E-07   5.1778362134E-02  -1.3991238748E-01
    8     -1.0197464078E-06   2.6933964323E-06  -6.8065368938E-05   1.2787149215E-06  -5.6819853908E-06
    9     -3.0738553184E-03   3.1810780224E-03   1.3942269728E-06  -3.5890719041E-02  -7.6735973437E-04
   10      2.7439879801E-03  -4.9989616470E-03   1.5119881990E-06   2.1133303003E-02   1.4525217981E-02
   11     -3.0477904783E-07   3.0696631069E-06   3.2785878168E-04  -6.5383659259E-06  -4.2649150418E-06
   12     -1.9554231583E-04   1.9922757422E-03  -1.4208773730E-06   2.4922349961E-03  -5.5715980231E-03
   13     -2.4833390700E-04   1.4500558167E-03   1.1831582674E-06   5.4649668597E-04  -3.4343377941E-03
   14      1.5005901885E-06  -3.5960398429E-06   2.6182930162E-04  -9.9642321626E-06   9.9011313256E-06
   15     -5.4529635201E-02  -2.3184309259E-02   3.4419312341E-02  -6.3520680020E-03  -1.8103261038E-02
   16     -2.3593853301E-02  -1.2859311395E-01   1.1709685884E-01  -1.9494630255E-03  -7.6083830864E-03
   17      3.5236792604E-02   1.1735259447E-01  -2.2010950751E-01  -2.0035675013E-04  -6.7060282118E-04
   18     -1.5765967459E-01   1.3009288223E-01  -2.4099290286E-05  -1.8767925156E-02   2.4586329087E-02
   19      1.3169805076E-01  -2.0243177768E-01   2.9898376747E-05  -9.2838595165E-03   1.0710202816E-02
   20     -2.4995885597E-05   3.0943188256E-05  -4.7953075695E-02   4.5144937143E-07  -3.3579273428E-07
   21     -5.4525324376E-02  -2.3185009044E-02  -3.4397853386E-02  -6.3482417489E-03  -1.8110355267E-02
   22     -2.3593353136E-02  -1.2866563757E-01  -1.1712913757E-01  -1.9478073393E-03  -7.6087959870E-03
   23     -3.5215379654E-02  -1.1738638900E-01  -2.2004709710E-01   1.9871364749E-04   6.7094437922E-04
   24     -6.4680598108E-03  -1.8466344958E-02   2.6547163770E-02  -5.3672937698E-02  -2.4418083130E-02
   25     -2.0925256796E-03  -6.0737255564E-03   8.1093291871E-03  -2.3447977705E-02  -1.3034954720E-01
   26     -2.4580468570E-04  -1.4699760936E-03   1.5772555642E-03   3.2626603717E-02   1.1775926436E-01
   27     -6.4653351835E-03  -1.8471670507E-02  -2.6544966682E-02  -5.3665925111E-02  -2.4416260599E-02
   28     -2.0916486090E-03  -6.0752862029E-03  -8.1093856111E-03  -2.3443978406E-02  -1.3038261249E-01
   29      2.4621864439E-04   1.4703789467E-03   1.5757943459E-03  -3.2613315337E-02  -1.1777643733E-01
   30      1.6669663586E-03   4.2090912947E-04   1.0478102198E-03   1.9403065636E-03   1.3029037659E-02
   31     -1.3709465337E-03   1.0198377021E-03   1.3924066600E-04  -1.6662287958E-03  -1.6736409294E-02
   32      6.7232235524E-05   3.7431058718E-04   1.9241027987E-04   2.5916760294E-04   2.4344276975E-04
   33      1.6668986040E-03   4.2050759033E-04  -1.0485626469E-03   1.9454431053E-03   1.3033112195E-02
   34     -1.3739940088E-03   1.0208290894E-03  -1.3893747148E-04  -1.6754474420E-03  -1.6738616855E-02
   35     -6.5420757316E-05  -3.7423573526E-04   1.9287375711E-04  -2.6075362010E-04  -2.3927625161E-04
   36      4.0585124273E-05  -1.4653734065E-04   1.3114999074E-07   3.6462362433E-04   4.0498703618E-04
   37     -1.0642310562E-04   2.4128774786E-04  -1.3328621522E-06  -1.0407153536E-03  -4.5903768761E-04
   38     -1.8259495273E-08  -6.4356614759E-07  -2.6871849383E-05   5.2097158035E-06  -5.4349484540E-07
                    5                  6                  7                  8                  9        
    0      2.3637780410E-06  -2.7898859156E-02  -5.1256121960E-03  -1.0197464078E-06  -3.0738553184E-03
    1     -1.4473954055E-06   2.6003543546E-02   8.2874765029E-03   2.6933964323E-06   3.1810780224E-03
    2     -8.1097391023E-02  -4.7832655716E-06   1.6124213625E-07  -6.8065368938E-05   1.3942269728E-06
    3     -3.2529188629E-06  -1.0940750974E-01   5.1778362134E-02   1.2787149215E-06  -3.5890719041E-02
    4      1.2458443488E-05   4.4760205552E-02  -1.3991238748E-01  -5.6819853908E-06  -7.6735973437E-04
    5      5.9931004633E-01  -1.3051183344E-05   1.9219294628E-06  -7.7531127298E-02  -1.2359475380E-06
    6     -1.3051183344E-05   5.0546544629E-01   5.5431960150E-02  -1.5790339072E-05  -2.6336586671E-01
    7      1.9219294628E-06   5.5431960150E-02   4.9787091690E-01   5.4344294001E-06  -7.1199411524E-02
    8     -7.7531127298E-02  -1.5790339072E-05   5.4344294001E-06   5.5486167596E-01  -2.4089541609E-04
    9     -1.2359475380E-06  -2.6336586671E-01  -7.1199411524E-02  -2.4089541609E-04   1.2798408265E+00
   10      8.6371079491E-06  -7.1982753914E-02  -9.1118537168E-02  -8.5914731823E-05   4.2569007792E-01
   11     -2.1707645627E-03   2.8043692230E-05   4.5711765588E-06  -6.6219688042E-02  -1.5203129367E-03
   12      9.0869717480E-06  -3.4175666629E-03  -5.2241067238E-03   2.3237273293E-04  -9.6511276052E-01
   13     -5.4956513513E-06  -4.3004145448E-03   4.9836155755E-03   1.1160226155E-04  -3.4211475421E-01
   14      5.2352421659E-04  -5.2512816552E-05   1.9791269908E-05   6.5793441126E-03   1.4005611962E-03
   15      2.7297749867E-02   1.7077309439E-03  -1.0237485178E-03   9.1086711372E-04   1.0245261521E-04
   16      9.4504386327E-03   5.3016190569E-04   6.7291258247E-04  -5.9501217751E-04   1.8676659512E-04
   17      1.0350840993E-03  -7.9961057967E-05  -2.3895172675E-04   1.5538097484E-04  -2.2138641469E-05
   18     -4.1504235269E-06  -5.0268040872E-03  -3.9360209250E-03  -4.3120111228E-07  -7.6717829383E-04
   19     -2.4018357397E-06  -2.5563375402E-03  -2.3313997076E-04   5.1950567995E-07  -2.7443112004E-04
   20     -1.5288753191E-03  -2.0700037027E-07   3.3939347129E-07   1.9811934252E-04   2.0815536002E-06
   21     -2.7293682638E-02   1.7078897531E-03  -1.0225652633E-03  -9.0890251507E-04   1.0402894008E-04
   22     -9.4471269954E-03   5.2965228551E-04   6.7304096288E-04   5.9440446030E-04   1.8650222224E-04
   23      1.0348820283E-03   8.0572760138E-05   2.3892153762E-04   1.5542376737E-04   2.2577313390E-05
   24      3.3424514347E-02   7.6678390823E-04   1.4264892684E-02  -1.8926579614E-02   2.1579829310E-03
   25      1.1624293838E-01  -1.4345667285E-03  -1.6398982498E-02   2.0922722660E-02  -1.6771466366E-03
   26     -2.2046846789E-01  -2.4682651250E-04  -9.5421266271E-04   8.6940398405E-04   3.6551712394E-05
   27     -3.3413063314E-02   7.6716596287E-04   1.4270648430E-02   1.8926565555E-02   2.1539122965E-03
   28     -1.1625808092E-01  -1.4329401217E-03  -1.6401900497E-02  -2.0917734377E-02  -1.6744196066E-03
   29     -2.2044404418E-01   2.4962101850E-04   9.5951131739E-04   8.7584497365E-04  -3.7398388905E-05
   30      1.8216294341E-02  -5.1280743135E-02  -2.3348721881E-02  -3.0957116715E-02  -1.0495424626E-02
   31     -2.1345725284E-02  -2.2106609387E-02  -1.2669883200E-01  -1.1595974537E-01  -5.7285158598E-03
   32      6.0586095232E-04  -2.9410372634E-02  -1.1599630023E-01  -2.1292575929E-01  -3.4756620846E-03
   33     -1.8216317690E-02  -5.1301540639E-02  -2.3384908314E-02   3.0999514727E-02  -1.0446066087E-02
   34      2.1342087130E-02  -2.2151780436E-02  -1.2670879722E-01   1.1594919013E-01  -5.7174593699E-03
   35      6.0173533062E-04   2.9454825683E-02   1.1598100468E-01  -2.1288875830E-01   3.4854673136E-03
   36     -4.6938117717E-06   1.2838732836E-03  -1.6319359123E-03  -5.7926818306E-06   4.7926672910E-03
   37      4.5463239831E-06  -1.1389529067E-03   4.9846143229E-03  -1.9976805059E-05  -5.8573732375E-05
   38      1.2953731859E-04  -3.6289597162E-06  -2.4693757548E-05   5.9382051770E-03   3.5269027342E-04
                   10                 11                 12                 13                 14        
    0      2.7439879801E-03  -3.0477904783E-07  -1.9554231583E-04  -2.4833390700E-04   1.5005901885E-06
    1     -4.9989616470E-03   3.0696631069E-06   1.9922757422E-03   1.4500558167E-03  -3.5960398429E-06
    2      1.5119881990E-06   3.2785878168E-04  -1.4208773730E-06   1.1831582674E-06   2.6182930162E-04
    3      2.1133303003E-02  -6.5383659259E-06   2.4922349961E-03   5.4649668597E-04  -9.9642321626E-06
    4      1.4525217981E-02  -4.2649150418E-06  -5.5715980231E-03  -3.4343377941E-03   9.9011313256E-06
    5      8.6371079491E-06  -2.1707645627E-03   9.0869717480E-06  -5.4956513513E-06   5.2352421659E-04
    6     -7.1982753914E-02   2.8043692230E-05  -3.4175666629E-03  -4.3004145448E-03  -5.2512816552E-05
    7     -9.1118537168E-02   4.5711765588E-06  -5.2241067238E-03   4.9836155755E-03   1.9791269908E-05
    8     -8.5914731823E-05  -6.6219688042E-02   2.3237273293E-04   1.1160226155E-04   6.5793441126E-03
    9      4.2569007792E-01  -1.5203129367E-03  -9.6511276052E-01  -3.4211475421E-01   1.4005611962E-03
   10      2.6364032488E-01  -5.3396424680E-04  -3.4089621961E-01  -1.6979362026E-01   4.7061271082E-04
   11     -5.3396424680E-04   1.0286542283E-01   1.6091831002E-03   5.5363899430E-04  -4.2930983703E-02
   12     -3.4089621961E-01   1.6091831002E-03   1.3477496983E+00   4.7560726692E-01  -3.3978211907E-04
   13     -1.6979362026E-01   5.5363899430E-04   4.7560726692E-01   2.3494582087E-01  -1.2088223821E-04
   14      4.7061271082E-04  -4.2930983703E-02  -3.3978211907E-04  -1.2088223821E-04   5.7860866356E-02
   15     -3.4340946918E-05  -3.8331076844E-04   1.7134452982E-04   1.7824681143E-04  -3.5311950962E-05
   16      5.8960249640E-05  -2.6399698481E-04  -5.1477240969E-05  -9.7537359588E-06  -3.5199632185E-06
   17     -2.7520048301E-04   2.3373765353E-04  -6.2292545776E-05  -2.6350472943E-05  -1.4254132386E-05
   18      1.7255742605E-03   7.6565216749E-07  -7.2477240012E-04  -4.0670759140E-04   1.6519652288E-07
   19      7.5994587585E-04  -1.6495611731E-06  -1.1220277223E-04  -1.6063261856E-04   7.2582380068E-07
   20      1.1027650511E-07   6.1937289265E-04  -1.3661972465E-06  -1.0021702594E-08  -5.1386307425E-05
   21     -3.4567269939E-05   3.8304480150E-04   1.6986603919E-04   1.7778930864E-04   3.4355043708E-05
   22      5.9375414289E-05   2.6508962758E-04  -5.1828339905E-05  -9.6434721271E-06   3.9350539705E-06
   23      2.7579496293E-04   2.3670953364E-04   6.1051000647E-05   2.6349372694E-05  -1.5803593256E-05
   24      6.9992340249E-04  -9.0953622213E-04  -3.4534202545E-04  -5.8377458180E-04   3.2357957005E-04
   25      2.4634413051E-04  -1.5607167115E-04   5.9824911546E-04   4.1879138884E-04  -2.0265420735E-04
   26      1.0063020535E-04   2.3994912004E-04  -3.1612959093E-04  -2.9022403308E-04  -1.0619195751E-06
   27      6.9706329173E-04   9.0568595811E-04  -3.4694487207E-04  -5.8442949392E-04  -3.2013615652E-04
   28      2.4899129107E-04   1.5589574689E-04   5.9670446608E-04   4.1710920452E-04   2.0157654749E-04
   29     -1.0136121271E-04   2.4308292474E-04   3.1512979223E-04   2.9018166311E-04  -2.1386267124E-06
   30     -2.0411381081E-02  -2.7714836179E-02  -1.8599510501E-03  -3.0730012227E-06   1.4914747047E-03
   31     -8.1514408868E-03  -7.7582547253E-03   3.0925748229E-04   7.7525552597E-04   1.1820830657E-04
   32      1.1874614251E-03   2.1766021681E-03   1.5704513654E-03   2.7610293768E-04   1.8646241676E-04
   33     -2.0394724999E-02   2.7708349629E-02  -1.9347775041E-03  -4.6138065164E-05  -1.4648708082E-03
   34     -8.1442679281E-03   7.7664486875E-03   2.8788459225E-04   7.6107283345E-04  -1.3957756549E-04
   35     -1.1878284738E-03   2.1868353412E-03  -1.5689419219E-03  -2.8488887870E-04   1.9263056025E-04
   36      1.0317050018E-03  -1.0391375605E-04  -3.7664548647E-01  -1.2810657796E-01  -1.0551141659E-03
   37      2.6676680656E-03  -2.9153348190E-05  -1.2759980199E-01  -7.0343733336E-02  -3.6583634014E-04
   38      1.3815202785E-04   2.1918650650E-03  -1.4812857628E-03  -5.1989158127E-04  -2.2589028681E-02
                   15                 16                 17                 18                 19        
    0     -5.4529635201E-02  -2.3593853301E-02   3.5236792604E-02  -1.5765967459E-01   1.3169805076E-01
    1     -2.3184309259E-02  -1.2859311395E-01   1.1735259447E-01   1.3009288223E-01  -2.0243177768E-01
    2      3.4419312341E-02   1.1709685884E-01  -2.2010950751E-01  -2.4099290286E-05   2.9898376747E-05
    3     -6.3520680020E-03  -1.9494630255E-03  -2.0035675013E-04  -1.8767925156E-02  -9.2838595165E-03
    4     -1.8103261038E-02  -7.6083830864E-03  -6.7060282118E-04   2.4586329087E-02   1.0710202816E-02
    5      2.7297749867E-02   9.4504386327E-03   1.0350840993E-03  -4.1504235269E-06  -2.4018357397E-06
    6      1.7077309439E-03   5.3016190569E-04  -7.9961057967E-05  -5.0268040872E-03  -2.5563375402E-03
    7     -1.0237485178E-03   6.7291258247E-04  -2.3895172675E-04  -3.9360209250E-03  -2.3313997076E-04
    8      9.1086711372E-04  -5.9501217751E-04   1.5538097484E-04  -4.3120111228E-07   5.1950567995E-07
    9      1.0245261521E-04   1.8676659512E-04  -2.2138641469E-05  -7.6717829383E-04  -2.7443112004E-04
   10     -3.4340946918E-05   5.8960249640E-05  -2.7520048301E-04   1.7255742605E-03   7.5994587585E-04
   11     -3.8331076844E-04  -2.6399698481E-04   2.3373765353E-04   7.6565216749E-07  -1.6495611731E-06
   12      1.7134452982E-04  -5.1477240969E-05  -6.2292545776E-05  -7.2477240012E-04  -1.1220277223E-04
   13      1.7824681143E-04  -9.7537359588E-06  -2.6350472943E-05  -4.0670759140E-04  -1.6063261856E-04
   14     -3.5311950962E-05  -3.5199632185E-06  -1.4254132386E-05   1.6519652288E-07   7.2582380068E-07
   15      6.0319054848E-02   2.8772534622E-02  -3.8835228661E-02   3.7010462524E-03   1.0589365852E-02
   16      2.8772534622E-02   1.3679038962E-01  -1.2988828723E-01  -5.0041253302E-03  -1.3174473135E-02
   17     -3.8835228661E-02  -1.2988828723E-01   2.3613872952E-01  -7.5185224305E-04  -1.1939908010E-03
   18      3.7010462524E-03  -5.0041253302E-03  -7.5185224305E-04   1.7298145878E-01  -1.4172339955E-01
   19      1.0589365852E-02  -1.3174473135E-02  -1.1939908010E-03  -1.4172339955E-01   2.1656785771E-01
   20     -1.8018659431E-02   2.0117301275E-02   6.7650819842E-04   2.5773738108E-05  -3.3226947901E-05
   21     -2.1358471552E-04   3.5308310427E-03   4.0340627250E-03   3.6998009255E-03   1.0595667318E-02
   22      3.5283641385E-03   1.1257724184E-02   1.5379277921E-02  -5.0029445353E-03  -1.3180223706E-02
   23     -4.0335369111E-03  -1.5387895885E-02  -2.0231785632E-02   7.5392975383E-04   1.1998724492E-03
   24     -5.9609390742E-03  -2.3233920416E-03  -4.4280269357E-04   1.0600151008E-03   7.6346236839E-04
   25     -1.9332060516E-03   1.9639801568E-04  -1.9186409090E-04   3.2046909673E-05   5.4316170867E-04
   26     -4.3132321141E-04  -6.0365667276E-04   1.5411764361E-03   5.7673389653E-04   9.3107442735E-06
   27      1.3855696140E-03   2.9871089888E-04   5.2776491584E-04   1.0601358279E-03   7.6351800068E-04
   28      4.0607680586E-04  -9.2609276498E-05  -9.2160469414E-05   3.1705652295E-05   5.4296415107E-04
   29     -4.2050136369E-04  -1.1730228597E-05   6.7067157461E-04  -5.7666614718E-04  -9.5508193040E-06
   30     -4.2695687451E-05  -8.4485186954E-05   2.2061831007E-05   1.8814545265E-04  -1.6896768682E-04
   31      1.1494851443E-04  -5.0361548018E-06   1.1393461066E-04  -2.3008669207E-04   4.7736856380E-05
   32      4.7017506290E-06  -8.6456536128E-05  -1.2135077767E-04   1.0613858541E-04   2.1558241400E-04
   33     -3.0631992413E-04  -2.6612584583E-04   5.8688650918E-04   1.8835260480E-04  -1.6898414951E-04
   34      6.6102119785E-04   5.2130543243E-04  -2.1962379134E-04  -2.3077568632E-04   4.7650323592E-05
   35     -5.2788465351E-04   7.5606082701E-05   4.3576688204E-05  -1.0591620066E-04  -2.1571054769E-04
   36      1.8043800392E-05  -1.5270078439E-05   1.4588407367E-05   6.7399588330E-05   1.7838971865E-05
   37     -2.5051432009E-06  -1.4320743613E-05   3.1728975778E-05  -7.4198771756E-05  -3.9272324495E-05
   38      2.5601478707E-05   1.9846745718E-05  -1.7967090722E-05  -2.2106729041E-07   4.7861803877E-07
                   20                 21                 22                 23                 24        
    0     -2.4995885597E-05  -5.4525324376E-02  -2.3593353136E-02  -3.5215379654E-02  -6.4680598108E-03
    1      3.0943188256E-05  -2.3185009044E-02  -1.2866563757E-01  -1.1738638900E-01  -1.8466344958E-02
    2     -4.7953075695E-02  -3.4397853386E-02  -1.1712913757E-01  -2.2004709710E-01   2.6547163770E-02
    3      4.5144937143E-07  -6.3482417489E-03  -1.9478073393E-03   1.9871364749E-04  -5.3672937698E-02
    4     -3.3579273428E-07  -1.8110355267E-02  -7.6087959870E-03   6.7094437922E-04  -2.4418083130E-02
    5     -1.5288753191E-03  -2.7293682638E-02  -9.4471269954E-03   1.0348820283E-03   3.3424514347E-02
    6     -2.0700037027E-07   1.7078897531E-03   5.2965228551E-04   8.0572760138E-05   7.6678390823E-04
    7      3.3939347129E-07  -1.0225652633E-03   6.7304096288E-04   2.3892153762E-04   1.4264892684E-02
    8      1.9811934252E-04  -9.0890251507E-04   5.9440446030E-04   1.5542376737E-04  -1.8926579614E-02
    9      2.0815536002E-06   1.0402894008E-04   1.8650222224E-04   2.2577313390E-05   2.1579829310E-03
   10      1.1027650511E-07  -3.4567269939E-05   5.9375414289E-05   2.7579496293E-04   6.9992340249E-04
   11      6.1937289265E-04   3.8304480150E-04   2.6508962758E-04   2.3670953364E-04  -9.0953622213E-04
   12     -1.3661972465E-06   1.6986603919E-04  -5.1828339905E-05   6.1051000647E-05  -3.4534202545E-04
   13     -1.0021702594E-08   1.7778930864E-04  -9.6434721271E-06   2.6349372694E-05  -5.8377458180E-04
   14     -5.1386307425E-05   3.4355043708E-05   3.9350539705E-06  -1.5803593256E-05   3.2357957005E-04
   15     -1.8018659431E-02  -2.1358471552E-04   3.5283641385E-03  -4.0335369111E-03  -5.9609390742E-03
   16      2.0117301275E-02   3.5308310427E-03   1.1257724184E-02  -1.5387895885E-02  -2.3233920416E-03
   17      6.7650819842E-04   4.0340627250E-03   1.5379277921E-02  -2.0231785632E-02  -4.4280269357E-04
   18      2.5773738108E-05   3.6998009255E-03  -5.0029445353E-03   7.5392975383E-04   1.0600151008E-03
   19     -3.3226947901E-05   1.0595667318E-02  -1.3180223706E-02   1.1998724492E-03   7.6346236839E-04
   20      4.6890135030E-02   1.8016991874E-02  -2.0113868264E-02   6.8469670842E-04   9.4847845118E-05
   21      1.8016991874E-02   6.0311343258E-02   2.8771428661E-02   3.8812031441E-02   1.3851225075E-03
   22     -2.0113868264E-02   2.8771428661E-02   1.3686789286E-01   1.2992320942E-01   2.9858355087E-04
   23      6.8469670842E-04   3.8812031441E-02   1.2992320942E-01   2.3606770592E-01  -5.2833443016E-04
   24      9.4847845118E-05   1.3851225075E-03   2.9858355087E-04  -5.2833443016E-04   6.3062130791E-02
   25     -3.4403445068E-04   4.0581814765E-04  -9.2875724743E-05   9.2098207327E-05   2.3959493225E-02
   26      3.3274495220E-05   4.2054233699E-04   1.1925121144E-05   6.7050134774E-04  -3.6191503416E-02
   27     -9.4952130184E-05  -5.9606953872E-03  -2.3217149354E-03   4.4332139081E-04   2.5190546768E-04
   28      3.4399850371E-04  -1.9334280573E-03   1.9674342371E-04   1.9141905617E-04   3.0251668424E-03
   29      3.2942015975E-05   4.3099894154E-04   6.0418496792E-04   1.5404375670E-03  -3.9663395497E-03
   30     -1.8639005349E-04  -3.0576181599E-04  -2.6575788013E-04  -5.8768592388E-04   6.9288009685E-04
   31      3.8405261639E-04   6.6082538637E-04   5.2154301164E-04   2.1955965544E-04  -9.1841872428E-04
   32      2.1505341540E-04   5.2774885911E-04  -7.5674131546E-05   4.3232491061E-05   3.7665732059E-04
   33      1.8628660036E-04  -4.2849829730E-05  -8.4488179787E-05  -2.1769742473E-05  -2.9024339088E-03
   34     -3.8476162051E-04   1.1519723951E-04  -4.8544840516E-06  -1.1430090304E-04   3.5898352231E-03
   35      2.1551368519E-04  -4.8676761751E-06   8.6152355169E-05  -1.2102676838E-04   2.3612001307E-04
   36     -3.2612695586E-08   1.8406450316E-05  -1.5419409001E-05  -1.4911296308E-05  -2.7108285411E-05
   37     -3.6557541904E-07  -2.8493052976E-06  -1.4288917817E-05  -3.1635137508E-05   3.1014311368E-05
   38     -3.2278462578E-05  -2.5049156379E-05  -2.0320093728E-05  -1.7876270576E-05   1.4778173478E-06
                   25                 26                 27                 28                 29        
    0     -2.0925256796E-03  -2.4580468570E-04  -6.4653351835E-03  -2.0916486090E-03   2.4621864439E-04
    1     -6.0737255564E-03  -1.4699760936E-03  -1.8471670507E-02  -6.0752862029E-03   1.4703789467E-03
    2      8.1093291871E-03   1.5772555642E-03  -2.6544966682E-02  -8.1093856111E-03   1.5757943459E-03
    3     -2.3447977705E-02   3.2626603717E-02  -5.3665925111E-02  -2.3443978406E-02  -3.2613315337E-02
    4     -1.3034954720E-01   1.1775926436E-01  -2.4416260599E-02  -1.3038261249E-01  -1.1777643733E-01
    5      1.1624293838E-01  -2.2046846789E-01  -3.3413063314E-02  -1.1625808092E-01  -2.2044404418E-01
    6     -1.4345667285E-03  -2.4682651250E-04   7.6716596287E-04  -1.4329401217E-03   2.4962101850E-04
    7     -1.6398982498E-02  -9.5421266271E-04   1.4270648430E-02  -1.6401900497E-02   9.5951131739E-04
    8      2.0922722660E-02   8.6940398405E-04   1.8926565555E-02  -2.0917734377E-02   8.7584497365E-04
    9     -1.6771466366E-03   3.6551712394E-05   2.1539122965E-03  -1.6744196066E-03  -3.7398388905E-05
   10      2.4634413051E-04   1.0063020535E-04   6.9706329173E-04   2.4899129107E-04  -1.0136121271E-04
   11     -1.5607167115E-04   2.3994912004E-04   9.0568595811E-04   1.5589574689E-04   2.4308292474E-04
   12      5.9824911546E-04  -3.1612959093E-04  -3.4694487207E-04   5.9670446608E-04   3.1512979223E-04
   13      4.1879138884E-04  -2.9022403308E-04  -5.8442949392E-04   4.1710920452E-04   2.9018166311E-04
   14     -2.0265420735E-04  -1.0619195751E-06  -3.2013615652E-04   2.0157654749E-04  -2.1386267124E-06
   15     -1.9332060516E-03  -4.3132321141E-04   1.3855696140E-03   4.0607680586E-04  -4.2050136369E-04
   16      1.9639801568E-04  -6.0365667276E-04   2.9871089888E-04  -9.2609276498E-05  -1.1730228597E-05
   17     -1.9186409090E-04   1.5411764361E-03   5.2776491584E-04  -9.2160469414E-05   6.7067157461E-04
   18      3.2046909673E-05   5.7673389653E-04   1.0601358279E-03   3.1705652295E-05  -5.7666614718E-04
   19      5.4316170867E-04   9.3107442735E-06   7.6351800068E-04   5.4296415107E-04  -9.5508193040E-06
   20     -3.4403445068E-04   3.3274495220E-05  -9.4952130184E-05   3.4399850371E-04   3.2942015975E-05
   21      4.0581814765E-04   4.2054233699E-04  -5.9606953872E-03  -1.9334280573E-03   4.3099894154E-04
   22     -9.2875724743E-05   1.1925121144E-05  -2.3217149354E-03   1.9674342371E-04   6.0418496792E-04
   23      9.2098207327E-05   6.7050134774E-04   4.4332139081E-04   1.9141905617E-04   1.5404375670E-03
   24      2.3959493225E-02  -3.6191503416E-02   2.5190546768E-04   3.0251668424E-03  -3.9663395497E-03
   25      1.4281408518E-01  -1.2910084795E-01   3.0263267970E-03   1.1211922325E-02  -1.5064836324E-02
   26     -1.2910084795E-01   2.3437387678E-01   3.9676225851E-03   1.5060969836E-02  -2.1005594465E-02
   27      3.0263267970E-03   3.9676225851E-03   6.3057405175E-02   2.3954598068E-02   3.6178115780E-02
   28      1.1211922325E-02   1.5060969836E-02   2.3954598068E-02   1.4285021530E-01   1.2911633694E-01
   29     -1.5064836324E-02  -2.1005594465E-02   3.6178115780E-02   1.2911633694E-01   2.3434402757E-01
   30     -9.0069262686E-04  -3.8912286007E-04  -2.9025814110E-03   3.5279785621E-03  -1.6197053790E-04
   31      6.5025310427E-04   2.1880204911E-04   3.5907515329E-03  -3.1491051358E-03   6.1473963231E-04
   32     -7.0466373556E-05   7.3066292350E-04  -2.3776621674E-04   4.0047869737E-04   1.4529613641E-03
   33      3.5279089005E-03   1.6109843883E-04   6.9263977553E-04  -9.0093575597E-04   3.8921372683E-04
   34     -3.1491775016E-03  -6.1457048560E-04  -9.1799096550E-04   6.4969537325E-04  -2.1938244187E-04
   35     -3.9888094522E-04   1.4535770668E-03  -3.7721028416E-04   7.0594620270E-05   7.3005802237E-04
   36      1.3914161117E-05  -7.7071666979E-06  -2.7252155184E-05   1.3859298576E-05   7.5208781862E-06
   37     -1.6647375224E-05   1.0424495467E-05   3.1710343600E-05  -1.6127468810E-05  -1.0599461853E-05
   38      2.4728671253E-05  -1.4553435907E-05  -1.6088598803E-06  -2.5344213974E-05  -1.4043086019E-05
                   30                 31                 32                 33                 34        
    0      1.6669663586E-03  -1.3709465337E-03   6.7232235524E-05   1.6668986040E-03  -1.3739940088E-03
    1      4.2090912947E-04   1.0198377021E-03   3.7431058718E-04   4.2050759033E-04   1.0208290894E-03
    2      1.0478102198E-03   1.3924066600E-04   1.9241027987E-04  -1.0485626469E-03  -1.3893747148E-04
    3      1.9403065636E-03  -1.6662287958E-03   2.5916760294E-04   1.9454431053E-03  -1.6754474420E-03
    4      1.3029037659E-02  -1.6736409294E-02   2.4344276975E-04   1.3033112195E-02  -1.6738616855E-02
    5      1.8216294341E-02  -2.1345725284E-02   6.0586095232E-04  -1.8216317690E-02   2.1342087130E-02
    6     -5.1280743135E-02  -2.2106609387E-02  -2.9410372634E-02  -5.1301540639E-02  -2.2151780436E-02
    7     -2.3348721881E-02  -1.2669883200E-01  -1.1599630023E-01  -2.3384908314E-02  -1.2670879722E-01
    8     -3.0957116715E-02  -1.1595974537E-01  -2.1292575929E-01   3.0999514727E-02   1.1594919013E-01
    9     -1.0495424626E-02  -5.7285158598E-03  -3.4756620846E-03  -1.0446066087E-02  -5.7174593699E-03
   10     -2.0411381081E-02  -8.1514408868E-03   1.1874614251E-03  -2.0394724999E-02  -8.1442679281E-03
   11     -2.7714836179E-02  -7.7582547253E-03   2.1766021681E-03   2.7708349629E-02   7.7664486875E-03
   12     -1.8599510501E-03   3.0925748229E-04   1.5704513654E-03  -1.9347775041E-03   2.8788459225E-04
   13     -3.0730012227E-06   7.7525552597E-04   2.7610293768E-04  -4.6138065164E-05   7.6107283345E-04
   14      1.4914747047E-03   1.1820830657E-04   1.8646241676E-04  -1.4648708082E-03  -1.3957756549E-04
   15     -4.2695687451E-05   1.1494851443E-04   4.7017506290E-06  -3.0631992413E-04   6.6102119785E-04
   16     -8.4485186954E-05  -5.0361548018E-06  -8.6456536128E-05  -2.6612584583E-04   5.2130543243E-04
   17      2.2061831007E-05   1.1393461066E-04  -1.2135077767E-04   5.8688650918E-04  -2.1962379134E-04
   18      1.8814545265E-04  -2.3008669207E-04   1.0613858541E-04   1.8835260480E-04  -2.3077568632E-04
   19     -1.6896768682E-04   4.7736856380E-05   2.1558241400E-04  -1.6898414951E-04   4.7650323592E-05
   20     -1.8639005349E-04   3.8405261639E-04   2.1505341540E-04   1.8628660036E-04  -3.8476162051E-04
   21     -3.0576181599E-04   6.6082538637E-04   5.2774885911E-04  -4.2849829730E-05   1.1519723951E-04
   22     -2.6575788013E-04   5.2154301164E-04  -7.5674131546E-05  -8.4488179787E-05  -4.8544840516E-06
   23     -5.8768592388E-04   2.1955965544E-04   4.3232491061E-05  -2.1769742473E-05  -1.1430090304E-04
   24      6.9288009685E-04  -9.1841872428E-04   3.7665732059E-04  -2.9024339088E-03   3.5898352231E-03
   25     -9.0069262686E-04   6.5025310427E-04  -7.0466373556E-05   3.5279089005E-03  -3.1491775016E-03
   26     -3.8912286007E-04   2.1880204911E-04   7.3066292350E-04   1.6109843883E-04  -6.1457048560E-04
   27     -2.9025814110E-03   3.5907515329E-03  -2.3776621674E-04   6.9263977553E-04  -9.1799096550E-04
   28      3.5279785621E-03  -3.1491051358E-03   4.0047869737E-04  -9.0093575597E-04   6.4969537325E-04
   29     -1.6197053790E-04   6.1473963231E-04   1.4529613641E-03   3.8921372683E-04  -2.1938244187E-04
   30      6.1988692675E-02   2.4169803840E-02   3.4175914189E-02   5.2383372879E-04   3.4025060269E-03
   31      2.4169803840E-02   1.4053359594E-01   1.2831006098E-01   3.3939885233E-03   1.0978926390E-02
   32      3.4175914189E-02   1.2831006098E-01   2.2871665256E-01  -3.9088667012E-03  -1.4811089033E-02
   33      5.2383372879E-04   3.3939885233E-03  -3.9088667012E-03   6.2030899234E-02   2.4229351833E-02
   34      3.4025060269E-03   1.0978926390E-02  -1.4811089033E-02   2.4229351833E-02   1.4054834049E-01
   35      3.9205234847E-03   1.4813919064E-02  -2.1190535145E-02  -3.4236751972E-02  -1.2829889288E-01
   36     -1.1366715010E-04  -1.1095412926E-04   2.3725341363E-05  -1.1407915948E-04  -1.1121655977E-04
   37      5.2502896971E-04   2.1367494621E-04  -1.0766698352E-04   5.3430462227E-04   2.1789405822E-04
   38      1.0439738847E-03   2.7142126585E-04  -8.2253360530E-05  -1.0571916801E-03  -2.5770005700E-04
                   35                 36                 37                 38        
     0     -6.5420757316E-05   4.0585124273E-05  -1.0642310562E-04  -1.8259495273E-08
     1     -3.7423573526E-04  -1.4653734065E-04   2.4128774786E-04  -6.4356614759E-07
     2      1.9287375711E-04   1.3114999074E-07  -1.3328621522E-06  -2.6871849383E-05
     3     -2.6075362010E-04   3.6462362433E-04  -1.0407153536E-03   5.2097158035E-06
     4     -2.3927625161E-04   4.0498703618E-04  -4.5903768761E-04  -5.4349484540E-07
     5      6.0173533062E-04  -4.6938117717E-06   4.5463239831E-06   1.2953731859E-04
     6      2.9454825683E-02   1.2838732836E-03  -1.1389529067E-03  -3.6289597162E-06
     7      1.1598100468E-01  -1.6319359123E-03   4.9846143229E-03  -2.4693757548E-05
     8     -2.1288875830E-01  -5.7926818306E-06  -1.9976805059E-05   5.9382051770E-03
     9      3.4854673136E-03   4.7926672910E-03  -5.8573732375E-05   3.5269027342E-04
    10     -1.1878284738E-03   1.0317050018E-03   2.6676680656E-03   1.3815202785E-04
    11      2.1868353412E-03  -1.0391375605E-04  -2.9153348190E-05   2.1918650650E-03
    12     -1.5689419219E-03  -3.7664548647E-01  -1.2759980199E-01  -1.4812857628E-03
    13     -2.8488887870E-04  -1.2810657796E-01  -7.0343733336E-02  -5.1989158127E-04
    14      1.9263056025E-04  -1.0551141659E-03  -3.6583634014E-04  -2.2589028681E-02
    15     -5.2788465351E-04   1.8043800392E-05  -2.5051432009E-06   2.5601478707E-05
    16      7.5606082701E-05  -1.5270078439E-05  -1.4320743613E-05   1.9846745718E-05
    17      4.3576688204E-05   1.4588407367E-05   3.1728975778E-05  -1.7967090722E-05
    18     -1.0591620066E-04   6.7399588330E-05  -7.4198771756E-05  -2.2106729041E-07
    19     -2.1571054769E-04   1.7838971865E-05  -3.9272324495E-05   4.7861803877E-07
    20      2.1551368519E-04  -3.2612695586E-08  -3.6557541904E-07  -3.2278462578E-05
    21     -4.8676761751E-06   1.8406450316E-05  -2.8493052976E-06  -2.5049156379E-05
    22      8.6152355169E-05  -1.5419409001E-05  -1.4288917817E-05  -2.0320093728E-05
    23     -1.2102676838E-04  -1.4911296308E-05  -3.1635137508E-05  -1.7876270576E-05
    24      2.3612001307E-04  -2.7108285411E-05   3.1014311368E-05   1.4778173478E-06
    25     -3.9888094522E-04   1.3914161117E-05  -1.6647375224E-05   2.4728671253E-05
    26      1.4535770668E-03  -7.7071666979E-06   1.0424495467E-05  -1.4553435907E-05
    27     -3.7721028416E-04  -2.7252155184E-05   3.1710343600E-05  -1.6088598803E-06
    28      7.0594620270E-05   1.3859298576E-05  -1.6127468810E-05  -2.5344213974E-05
    29      7.3005802237E-04   7.5208781862E-06  -1.0599461853E-05  -1.4043086019E-05
    30      3.9205234847E-03  -1.1366715010E-04   5.2502896971E-04   1.0439738847E-03
    31      1.4813919064E-02  -1.1095412926E-04   2.1367494621E-04   2.7142126585E-04
    32     -2.1190535145E-02   2.3725341363E-05  -1.0766698352E-04  -8.2253360530E-05
    33     -3.4236751972E-02  -1.1407915948E-04   5.3430462227E-04  -1.0571916801E-03
    34     -1.2829889288E-01  -1.1121655977E-04   2.1789405822E-04  -2.5770005700E-04
    35      2.2866870592E-01  -2.6207799002E-05   1.1354721669E-04  -8.5186152574E-05
    36     -2.6207799002E-05   3.7034199406E-01   1.2877878449E-01   1.1562290445E-03
    37      1.1354721669E-04   1.2877878449E-01   6.2578288713E-02   4.0041446886E-04
    38     -8.5186152574E-05   1.1562290445E-03   4.0041446886E-04   1.4620450829E-02

$vibrational_frequencies
39
    0        0.0000000000000000
    1        0.0000000000000000
    2        0.0000000000000000
    3        0.0000000000000000
    4        0.0000000000000000
    5        0.0000000000000000
    6      130.4192488264897065
    7      190.3530308645665059
    8      277.4559355968947330
    9      356.0613818853270800
   10      391.0361322103362909
   11      528.3776698161954073
   12      693.7943389134716199
   13      718.6492227641334694
   14      754.3920804125149289
   15      886.9704938083718844
   16      892.0074658565955588
   17      987.6061365988297212
   18     1060.4866749578322924
   19     1119.0071645524892574
   20     1132.8571955958050239
   21     1266.9087094845383490
   22     1312.6017335109168016
   23     1330.2036312463387731
   24     1391.8007305070211714
   25     1421.4569316269812589
   26     1482.5846511502020348
   27     1498.9063067471875002
   28     1505.0856309091450385
   29     1513.5693667825946704
   30     2227.5412143352923522
   31     3016.4601329917077237
   32     3026.5815045979306888
   33     3043.4943521640425388
   34     3049.4931637177051016
   35     3079.4033375409603650
   36     3101.7995744549866686
   37     3107.3077539470696138
   38     3492.7629006781544376

$normal_modes
39 39
                    0                  1                  2                  3                  4        
    0      0.0000000000E+00   0.0000000000E+00   0.0000000000E+00   0.0000000000E+00   0.0000000000E+00
    1      0.0000000000E+00   0.0000000000E+00   0.0000000000E+00   0.0000000000E+00   0.0000000000E+00
    2      0.0000000000E+00   0.0000000000E+00   0.0000000000E+00   0.0000000000E+00   0.0000000000E+00
    3      0.0000000000E+00   0.0000000000E+00   0.0000000000E+00   0.0000000000E+00   0.0000000000E+00
    4      0.0000000000E+00   0.0000000000E+00   0.0000000000E+00   0.0000000000E+00   0.0000000000E+00
    5      0.0000000000E+00   0.0000000000E+00   0.0000000000E+00   0.0000000000E+00   0.0000000000E+00
    6      0.0000000000E+00   0.0000000000E+00   0.0000000000E+00   0.0000000000E+00   0.0000000000E+00
    7      0.0000000000E+00   0.0000000000E+00   0.0000000000E+00   0.0000000000E+00   0.0000000000E+00
    8      0.0000000000E+00   0.0000000000E+00   0.0000000000E+00   0.0000000000E+00   0.0000000000E+00
    9      0.0000000000E+00   0.0000000000E+00   0.0000000000E+00   0.0000000000E+00   0.0000000000E+00
   10      0.0000000000E+00   0.0000000000E+00   0.0000000000E+00   0.0000000000E+00   0.0000000000E+00
   11      0.0000000000E+00   0.0000000000E+00   0.0000000000E+00   0.0000000000E+00   0.0000000000E+00
   12      0.0000000000E+00   0.0000000000E+00   0.0000000000E+00   0.0000000000E+00   0.0000000000E+00
   13      0.0000000000E+00   0.0000000000E+00   0.0000000000E+00   0.0000000000E+00   0.0000000000E+00
   14      0.0000000000E+00   0.0000000000E+00   0.0000000000E+00   0.0000000000E+00   0.0000000000E+00
   15      0.0000000000E+00   0.0000000000E+00   0.0000000000E+00   0.0000000000E+00   0.0000000000E+00
   16      0.0000000000E+00   0.0000000000E+00   0.0000000000E+00   0.0000000000E+00   0.0000000000E+00
   17      0.0000000000E+00   0.0000000000E+00   0.0000000000E+00   0.0000000000E+00   0.0000000000E+00
   18      0.0000000000E+00   0.0000000000E+00   0.0000000000E+00   0.0000000000E+00   0.0000000000E+00
   19      0.0000000000E+00   0.0000000000E+00   0.0000000000E+00   0.0000000000E+00   0.0000000000E+00
   20      0.0000000000E+00   0.0000000000E+00   0.0000000000E+00   0.0000000000E+00   0.0000000000E+00
   21      0.0000000000E+00   0.0000000000E+00   0.0000000000E+00   0.0000000000E+00   0.0000000000E+00
   22      0.0000000000E+00   0.0000000000E+00   0.0000000000E+00   0.0000000000E+00   0.0000000000E+00
   23      0.0000000000E+00   0.0000000000E+00   0.0000000000E+00   0.0000000000E+00   0.0000000000E+00
   24      0.0000000000E+00   0.0000000000E+00   0.0000000000E+00   0.0000000000E+00   0.0000000000E+00
   25      0.0000000000E+00   0.0000000000E+00   0.0000000000E+00   0.0000000000E+00   0.0000000000E+00
   26      0.0000000000E+00   0.0000000000E+00   0.0000000000E+00   0.0000000000E+00   0.0000000000E+00
   27      0.0000000000E+00   0.0000000000E+00   0.0000000000E+00   0.0000000000E+00   0.0000000000E+00
   28      0.0000000000E+00   0.0000000000E+00   0.0000000000E+00   0.0000000000E+00   0.0000000000E+00
   29      0.0000000000E+00   0.0000000000E+00   0.0000000000E+00   0.0000000000E+00   0.0000000000E+00
   30      0.0000000000E+00   0.0000000000E+00   0.0000000000E+00   0.0000000000E+00   0.0000000000E+00
   31      0.0000000000E+00   0.0000000000E+00   0.0000000000E+00   0.0000000000E+00   0.0000000000E+00
   32      0.0000000000E+00   0.0000000000E+00   0.0000000000E+00   0.0000000000E+00   0.0000000000E+00
   33      0.0000000000E+00   0.0000000000E+00   0.0000000000E+00   0.0000000000E+00   0.0000000000E+00
   34      0.0000000000E+00   0.0000000000E+00   0.0000000000E+00   0.0000000000E+00   0.0000000000E+00
   35      0.0000000000E+00   0.0000000000E+00   0.0000000000E+00   0.0000000000E+00   0.0000000000E+00
   36      0.0000000000E+00   0.0000000000E+00   0.0000000000E+00   0.0000000000E+00   0.0000000000E+00
   37      0.0000000000E+00   0.0000000000E+00   0.0000000000E+00   0.0000000000E+00   0.0000000000E+00
   38      0.0000000000E+00   0.0000000000E+00   0.0000000000E+00   0.0000000000E+00   0.0000000000E+00
                    5                  6                  7                  8                  9        
    0      0.0000000000E+00   8.6518574419E-05  -3.1278792157E-02  -2.5495291537E-05   2.2644277661E-01
    1      0.0000000000E+00   8.7061905002E-05  -1.7356004278E-01  -2.8484964106E-05  -1.0081875614E-01
    2      0.0000000000E+00  -1.8951802230E-01  -1.4460177200E-04   1.5718950991E-02   5.2073546510E-05
    3      0.0000000000E+00   1.2600033107E-04  -1.2634916058E-01  -3.1578411658E-05   9.2665453735E-02
    4      0.0000000000E+00  -3.8981175041E-05   1.1457112164E-01  -2.7904939387E-06   1.8526175636E-01
    5      0.0000000000E+00   1.7306807321E-01   3.9099590516E-04  -7.2683196648E-02  -2.4668561174E-04
    6      0.0000000000E+00   3.6084749767E-05  -1.0092069749E-02   3.1259969900E-06  -1.0687266865E-01
    7      0.0000000000E+00  -1.1184381008E-04   2.2037204830E-01   4.1508396264E-05   4.7347440001E-02
    8      0.0000000000E+00   1.7595459926E-01  -2.0488877188E-05   3.3379385206E-02  -1.6816570920E-04
    9      0.0000000000E+00   6.5780719224E-05   3.1910738959E-02   9.3533438207E-06  -8.1542883769E-02
   10      0.0000000000E+00  -6.6833219723E-05   1.0689730216E-01   3.7736911497E-05  -1.5349103034E-01
   11      0.0000000000E+00   7.3292929967E-03  -2.2946791979E-04   2.1348023233E-03   9.2947084958E-04
   12      0.0000000000E+00  -3.7455504492E-04   1.5564041907E-01   5.5390978631E-05  -1.5605703828E-01
   13      0.0000000000E+00   1.0244322476E-04  -2.2160348688E-01  -4.0899515704E-05   2.6521568185E-02
   14      0.0000000000E+00  -1.5612225120E-01  -1.0687040509E-06   1.2428528161E-02  -3.6223541570E-04
   15      0.0000000000E+00  -1.5812212558E-01   1.0233134806E-01   2.1596095547E-01   4.3528722485E-01
