*************************************************
******************* ORCA 6.0.0 ******************
*************************************************
$Calculation_Status
   &GeometryIndex 1
   &ListStatus       OUT
   &VERSION [&Type "String"] "6.0.0"
   &PROGNAME [&Type "String"] "LeanSCF"
   &STATUS [&Type "String"] "NORMAL TERMINATION"
$End
$Geometry
   &GeometryIndex 1
   &ListStatus       OUT
   &NATOMS [&Type "Integer"] 7
   &NCORELESSECP [&Type "Integer"] 0
   &NGHOSTATOMS [&Type "Integer"] 0
   &CartesianCoordinates [&Type "Coordinates", &Dim(7,4), &Units "Bohr"] 
              C     -2.374643157699   -0.317766905608    0.000014245511
              C      0.237737108150    0.785762169606    0.000146424296
              O      2.163809370359   -0.438248515738    0.000116327194
              H     -3.411317456017    0.368528276617    1.659006399615
              H     -3.410581729697    0.367282340304   -1.659968311224
              H     -2.306554707489   -2.378116638551    0.000739410530
              H      0.313529996942    2.894176069525   -0.000275860331
$End
$SCF_Energy
   &GeometryIndex 1
   &ListStatus       OUT
   &SCF_ENERGY [&Type "Double"]      -1.5380624791532779e+02
$End
$DFT_Energy
   &GeometryIndex 1
   &ListStatus       OUT
   &NALPHAEL [&Type "Integer"] 12
   &NBETAEL [&Type "Integer"] 12
   &NTOTALEL [&Type "Integer"] 24
   &EEXCHANGE [&Type "Double"]      -2.0064638649665095e+01
   &ECORR [&Type "Double"]      -7.5494464506118930e-01
   &ECNL [&Type "Double"]       0.0000000000000000e+00
   &EXC [&Type "Double"]      -2.0819583294726286e+01
   &EEMBED [&Type "Double"]       0.0000000000000000e+00
   &FINALEN [&Type "Double"]      -1.5380624791532779e+02  "No Van der Waals correction"
$End
$Mulliken_Population_Analysis
   &GeometryIndex 1
   &ListStatus       OUT
   &NATOMS [&Type "Integer"] 7
   &ATNO [&Type "ArrayOfIntegers", &Dim (7,1)] 
                                                         0

0                                                        6
1                                                        6
2                                                        8
3                                                        1
4                                                        1
5                                                        1
6                                                        1
   &ATOMICCHARGES [&Type "ArrayOfDoubles", &Dim (7,1)] 
                                                         0

0                                     -2.5554403014636051e-01
1                                      1.4618306165055017e-01
2                                     -2.9468484145901463e-01
3                                      1.1927292018088775e-01
4                                      1.1929435392845611e-01
5                                      1.1842755039342601e-01
6                                      4.7050985451923655e-02
$End
$Loewdin_Population_Analysis
   &GeometryIndex 1
   &ListStatus       OUT
   &NATOMS [&Type "Integer"] 7
   &ATNO [&Type "ArrayOfIntegers", &Dim (7,1)] 
                                                         0

0                                                        6
1                                                        6
2                                                        8
3                                                        1
4                                                        1
5                                                        1
6                                                        1
   &ATOMICCHARGES [&Type "ArrayOfDoubles", &Dim (7,1)] 
                                                         0

0                                     -2.9445807178354322e-01
1                                     -3.2036585271362039e-01
2                                      1.0963234133158206e-01
3                                      1.3705302777787487e-01
4                                      1.3707047516674675e-01
5                                      1.2847460877646744e-01
6                                      1.0259347144434849e-01
$End
$Mayer_Population_Analysis
   &GeometryIndex 1
   &ListStatus       OUT
   &NATOMS [&Type "Integer"] 7 "Total number of atoms"
   &BONDTHRESH [&Type "Double"]       1.0000000000000001e-01  "The threshold for printing"
   &NBONDORDERSPRINT [&Type "Integer"] 6 "The number of bond orders larger than threshold"
   &BONDORDERS [&Type "ArrayOfDoubles", &Dim (6,1)] "The bond orders"
                                                         0

0                                      9.4386411981267093e-01
1                                      9.4114373466895074e-01
2                                      9.4112231867165252e-01
3                                      9.5682160540686712e-01
4                                      2.0818056325283507e+00
5                                      9.5212408942797677e-01
   &COMPONENTS [&Type "ArrayOfIntegers", &Dim (6,4)] "The indices and atomic numbers of the bonding atoms"
                                                         0                           1                           2                           3

0                                                        0                           6                           1                           6
1                                                        0                           6                           3                           1
2                                                        0                           6                           4                           1
3                                                        0                           6                           5                           1
4                                                        1                           6                           2                           8
5                                                        1                           6                           6                           1
   &ATNO [&Type "ArrayOfIntegers", &Dim (7,1)] "Atomic number of the elements"
                                                         0

0                                                        6
1                                                        6
2                                                        8
3                                                        1
4                                                        1
5                                                        1
6                                                        1
   &NA [&Type "ArrayOfDoubles", &Dim (7,1)] "Mulliken gross atomic population"
                                                         0

0                                      6.2555440301463632e+00
1                                      5.8538169383494383e+00
2                                      8.2946848414589880e+00
3                                      8.8072707981911280e-01
4                                      8.8070564607154489e-01
5                                      8.8157244960657466e-01
6                                      9.5294901454807568e-01
   &ZA [&Type "ArrayOfDoubles", &Dim (7,1)] "Total nuclear charge"
                                                         0

0                                      6.0000000000000000e+00
1                                      6.0000000000000000e+00
2                                      8.0000000000000000e+00
3                                      1.0000000000000000e+00
4                                      1.0000000000000000e+00
5                                      1.0000000000000000e+00
6                                      1.0000000000000000e+00
   &QA [&Type "ArrayOfDoubles", &Dim (7,1)] "Mulliken gross atomic charge"
                                                         0

0                                     -2.5554403014636318e-01
1                                      1.4618306165056172e-01
2                                     -2.9468484145898799e-01
3                                      1.1927292018088720e-01
4                                      1.1929435392845511e-01
5                                      1.1842755039342534e-01
6                                      4.7050985451924321e-02
   &VA [&Type "ArrayOfDoubles", &Dim (7,1)] "Mayer's total valence"
                                                         0

0                                      3.6875102841357714e+00
1                                      4.0183390691218817e+00
2                                      2.1384373191034323e+00
3                                      9.8393603070594848e-01
4                                      9.8392958680145493e-01
5                                      1.0080336970270418e+00
6                                      9.6066996475010058e-01
   &BVA [&Type "ArrayOfDoubles", &Dim (7,1)] "Mayer's bonded valence"
                                                         0

0                                      3.6875102841358789e+00
1                                      4.0183390691219856e+00
2                                      2.1384373191035557e+00
3                                      9.8393603070594260e-01
4                                      9.8392958680145515e-01
5                                      1.0080336970270514e+00
6                                      9.6066996475011646e-01
   &FA [&Type "ArrayOfDoubles", &Dim (7,1)] "Mayer's free valence"
                                                         0

0                                      0.0000000000000000e+00
1                                      0.0000000000000000e+00
2                                      0.0000000000000000e+00
3                                      0.0000000000000000e+00
4                                      0.0000000000000000e+00
5                                      0.0000000000000000e+00
6                                      0.0000000000000000e+00
$End
$VdW_Correction
   &GeometryIndex 1
   &ListStatus       OUT
   &VDW [&Type "Double"]      -8.8194897665802173e-04
$End
$Calculation_Info
   &GeometryIndex 1
   &ListStatus       OUT
   &MULT [&Type "Integer"] 1
   &CHARGE [&Type "Integer"] 0
   &NUMOFATOMS [&Type "Integer"] 7
   &NUMOFELECTRONS [&Type "Integer"] 24
   &NUMOFFCELECTRONS [&Type "Integer"] 1
   &NUMOFCORRELECTRONS [&Type "Integer"] 0
   &NUMOFBASISFUNCTS [&Type "Integer"] 117
   &NUMOFAUXCBASISFUNCTS [&Type "Integer"] 0
   &NUMOFAUXJBASISFUNCTS [&Type "Integer"] 134
   &NUMOFAUXJKBASISFUNCTS [&Type "Integer"] 0
   &NUMOFCABSBASISFUNCTS [&Type "Integer"] 0
   &TOTALENERGY [&Type "Double"]      -1.5380378831090445e+02  "Hartrees"
$End
$SCF_Dipole_Moment
   &GeometryIndex 1
   &ListStatus       OUT
   &METHOD [&Type "String"] "SCF"
   &LEVEL [&Type "String"] "Relaxed density"
   &MULT [&Type "Integer"] 1
   &STATE [&Type "Integer"] -1
   &IRREP [&Type "Integer"] 0
   &NATOMS [&Type "Integer"] 7
   &DODIPOLEATOM [&Type "Boolean"] false
   &DIPOLEELECCONTRIB [&Type "ArrayOfDoubles", &Dim (3,1)] "Electronic contribution"
                                                         0

0                                      3.3312518453457245e+00
1                                     -2.2247955996217073e-01
2                                      3.1864006923125774e-04
   &DIPOLENUCCONTRIB [&Type "ArrayOfDoubles", &Dim (3,1)] "Nuclear contribution"
                                                         0

0                                     -4.3623672506909097e+00
1                                      6.2389380060701560e-01
2                                     -3.9533541007929173e-04
   &DIPOLETOTAL [&Type "ArrayOfDoubles", &Dim (3,1)] "Total"
                                                         0

0                                     -1.0311154053451852e+00
1                                      4.0141424064484488e-01
2                                     -7.6695340848033984e-05
   &DIPOLEMAGNITUDE [&Type "Double", &Units "a.u."]       1.1064955389041649e+00
$End
$THERMOCHEMISTRY_Energies
   &GeometryIndex 1
   &ListStatus       OUT
   &TEMPERATURE [&Type "Double"]       2.9814999999999998e+02
   &PRESSURE [&Type "Double"]       1.0000000000000000e+00
   &TOTALMASS [&Type "Double"]       4.4053000000000004e+01
   &SPINDEGENERACY [&Type "Integer"] 1
   &ELENERGY [&Type "Double"]      -1.5380378831090445e+02
   &TRANSENERGY [&Type "Double"]       1.4162714244859817e-03
   &ROTENERGY [&Type "Double"]       1.4162714244859817e-03
   &VIBENERGY [&Type "Double"]       1.0380361164474910e-03
   &NUMOFFREQS [&Type "Integer"] 21
   &FREQSCALINGFACTOR [&Type "Double"]       1.0000000000000000e+00
   &FREQ [&Type "ArrayOfDoubles", &Dim (21,1)] "In cm^-1"
                                                         0

0                                      0.0000000000000000e+00
1                                      0.0000000000000000e+00
2                                      0.0000000000000000e+00
3                                      0.0000000000000000e+00
4                                      0.0000000000000000e+00
5                                      0.0000000000000000e+00
6                                      1.7443575338409516e+02
7                                      5.1371095310582245e+02
8                                      7.6361605557491362e+02
9                                      8.8028685793855254e+02
10                                     1.1238732436597331e+03
11                                     1.1268325349491670e+03
12                                     1.3612820498165306e+03
13                                     1.4143880383092171e+03
14                                     1.4505620400427654e+03
15                                     1.4595572002495687e+03
16                                     1.7860672157229901e+03
17                                     2.8351964462451638e+03
18                                     3.0029252585545064e+03
19                                     3.0688998223877365e+03
20                                     3.1325309883188656e+03
   &ZPE [&Type "Double"]       5.4890545529558986e-02
   &INNERENERGYU [&Type "Double"]      -1.5374502718640946e+02
   &ENTHALPYH [&Type "Double"]      -1.5374408297736721e+02
   &QEL [&Type "Double"]       0.0000000000000000e+00
   &QROT [&Type "Double"]       1.0281722646579632e-02
   &QVIB [&Type "Double"]       1.6996223270163955e-03
   &QTRANS [&Type "Double"]       1.7710215760279834e-02
   &ENTROPYS [&Type "Double"]       2.9691560733875858e-02
   &FREEENERGYG [&Type "Double"]      -1.5377377453810109e+02
   &ISLINEAR [&Type "Boolean"] false
$End
$Hessian
   &GeometryIndex 1
   &ListStatus       OUT
   &HESSIAN [&Type "ArrayOfDoubles", &Dim (21,21)] "The Hessian"
                                                         0                           1                           2                           3                           4                           5                           6                           7

0                                      4.6257978220941098e-01        -3.7554594432001542e-02        -2.1425028591312026e-05        -1.4984352131871698e-01        -5.4674329678065001e-02         4.9996502008459593e-06        -5.9330796332960976e-02         6.1730198916615242e-03
1                                     -3.7554594432001542e-02         5.8451567598750909e-01        -1.9860522496779441e-05        -5.4591185724388591e-02        -1.2793965043558062e-01         1.8217220121638205e-06         2.5776655608166808e-02         2.2662415042788903e-02
2                                     -2.1425028591312026e-05        -1.9860522496779441e-05         5.0168014241301329e-01         1.0635559591685690e-05        -3.8953084492699446e-06        -8.4042126099874714e-02        -5.5164028935016202e-06         4.9381157905181454e-06
3                                     -1.4984352131871698e-01        -5.4591185724388591e-02         1.0635559591685690e-05         7.9328533856646621e-01        -1.9740841334836054e-01        -8.0360175224461327e-06        -5.5220348667433106e-01         2.9070154495340300e-01
4                                     -5.4674329678065001e-02        -1.2793965043558062e-01        -3.8953084492699446e-06        -1.9740841334836054e-01         6.7893287059979524e-01        -4.2184216336602700e-05         2.8567651766060559e-01        -2.9864969440278899e-01
5                                      4.9996502008459593e-06         1.8217220121638205e-06        -8.4042126099874714e-02        -8.0360175224461327e-06        -4.2184216336602700e-05         2.0937506993614960e-01         5.6684920838737274e-07         5.8255574578075213e-06
6                                     -5.9330796332960976e-02         2.5776655608166808e-02        -5.5164028935016202e-06        -5.5220348667433106e-01         2.8567651766060559e-01         5.6684920838737274e-07         6.2042259728663463e-01        -3.3878347990293051e-01
7                                      6.1730198916615242e-03         2.2662415042788903e-02         4.9381157905181454e-06         2.9070154495340300e-01        -2.9864969440278899e-01         5.8255574578075213e-06        -3.3878347990293051e-01         2.9933007411355972e-01
8                                     -4.4874500122839493e-06         3.1547534925551735e-06         2.5809492080273132e-02         4.2848754697146147e-06         4.0895176195025218e-06        -6.4857432733158693e-02         3.3238558464567691e-06        -8.4808510179939289e-06
9                                     -1.0378708684408314e-01         4.0493412128270331e-02         1.1044072423246730e-01        -1.5942235379613295e-02         1.6267921388068884e-02         2.7007216990487252e-02        -4.7500341493480636e-03        -4.1422420845904665e-03
10                                     3.8081930771691877e-02        -7.5300315186456190e-02        -6.8926194020616380e-02        -1.7425547431000250e-03         4.6036222568012425e-03         1.3146335600132644e-02        -1.8605582299797189e-03         8.1138362329036956e-04
11                                     1.0578284326798168e-01        -6.9997097600806038e-02        -2.0626615531126252e-01        -1.6923997025936836e-03        -2.0826992343626373e-04         7.2973274745937334e-04        -1.1063428352281537e-03         7.6658813491254675e-04
12                                    -1.0368668290425787e-01         4.0382814762550859e-02        -1.1042767352338491e-01        -1.5936440506588219e-02         1.6245233619838453e-02        -2.7024118051972346e-02        -4.7430448392579531e-03        -4.1388024142557326e-03
13                                     3.7969758239595419e-02        -7.5185252695596616e-02         6.8840357747464526e-02        -1.7380370549334931e-03         4.5934153557057556e-03        -1.3148026923382548e-02        -1.8573199092326948e-03         8.1079022574297253e-04
14                                    -1.0576069954675418e-01         6.9916302671228281e-02        -2.0646044726512144e-01         1.6857366320499195e-03         2.1038630030961389e-04         7.2954638977771767e-04         1.1069330252003341e-03        -7.6909953004382532e-04
15                                    -4.7962556086094982e-02         1.3828138918310619e-02        -1.1002043222682033e-06         3.4184074535618912e-03        -3.6915481465430965e-02         1.3615982950688469e-05         3.7458706957380471e-03         4.1480655230121833e-03
16                                     1.0508457245141255e-02        -3.1731042033063622e-01         9.6538981369699036e-05         1.8394629593473473e-03        -1.7129925771254460e-02         4.6907707790743094e-06         9.5365532499659678e-04         4.3449369287616064e-03
17                                    -1.4781268208553268e-07         9.7594825123611663e-05        -4.7196275617387443e-02        -3.5617725553989220e-06        -4.0097760484121625e-06        -1.0496530565671366e-03         1.7208491759607910e-06        -1.1136374722388182e-06
18                                     2.0308612767029428e-03        -2.8352061270570703e-02         5.8739788919339163e-06        -6.2778062140778523e-02        -2.9118485991764184e-02         1.0885145930804174e-06        -3.1411059864746658e-03         4.5921804556755694e-02
19                                    -4.8742202836130066e-04        -1.1442452382028366e-02         7.7588761976948765e-06        -3.7133779226859856e-02        -2.4441063760267812e-01         3.4574121512362500e-05         3.0214618925318223e-02        -2.9309905531354565e-02
20                                    -2.6016919015916705e-06        -1.5597178138002697e-06         1.6475369800359775e-02         8.0065076147457534e-06         4.0846774166531142e-05        -6.0885137183786152e-02        -2.8104864717449657e-06         2.6006100436470665e-06
                                                         8                           9                          10                          11                          12                          13                          14                          15

0                                     -4.4874500122839493e-06        -1.0378708684408314e-01         3.8081930771691877e-02         1.0578284326798168e-01        -1.0368668290425787e-01         3.7969758239595419e-02        -1.0576069954675418e-01        -4.7962556086094982e-02
1                                      3.1547534925551735e-06         4.0493412128270331e-02        -7.5300315186456190e-02        -6.9997097600806038e-02         4.0382814762550859e-02        -7.5185252695596616e-02         6.9916302671228281e-02         1.3828138918310619e-02
2                                      2.5809492080273132e-02         1.1044072423246730e-01        -6.8926194020616380e-02        -2.0626615531126252e-01        -1.1042767352338491e-01         6.8840357747464526e-02        -2.0646044726512144e-01        -1.1002043222682033e-06
3                                      4.2848754697146147e-06        -1.5942235379613295e-02        -1.7425547431000250e-03        -1.6923997025936836e-03        -1.5936440506588219e-02        -1.7380370549334931e-03         1.6857366320499195e-03         3.4184074535618912e-03
4                                      4.0895176195025218e-06         1.6267921388068884e-02         4.6036222568012425e-03        -2.0826992343626373e-04         1.6245233619838453e-02         4.5934153557057556e-03         2.1038630030961389e-04        -3.6915481465430965e-02
5                                     -6.4857432733158693e-02         2.7007216990487252e-02         1.3146335600132644e-02         7.2973274745937334e-04        -2.7024118051972346e-02        -1.3148026923382548e-02         7.2954638977771767e-04         1.3615982950688469e-05
6                                      3.3238558464567691e-06        -4.7500341493480636e-03        -1.8605582299797189e-03        -1.1063428352281537e-03        -4.7430448392579531e-03        -1.8573199092326948e-03         1.1069330252003341e-03         3.7458706957380471e-03
7                                     -8.4808510179939289e-06        -4.1422420845904665e-03         8.1138362329036956e-04         7.6658813491254675e-04        -4.1388024142557326e-03         8.1079022574297253e-04        -7.6909953004382532e-04         4.1480655230121833e-03
8                                      2.2678628071558314e-02        -4.0857141873147842e-03        -1.8276146618660621e-03        -1.0121076029568896e-03         4.0900007563231151e-03         1.8244235691188015e-03        -1.0127139415646589e-03        -1.6878406606577997e-06
9                                     -4.0857141873147842e-03         1.1584794507699214e-01        -4.5657990456836425e-02        -1.1537018357862489e-01         8.6062325995265587e-03        -5.1179932910548351e-03        -1.3981261327083227e-02        -8.9877094786754326e-04
10                                    -1.8276146618660621e-03        -4.5657990456836425e-02         7.4488176829693081e-02         7.5826429559247399e-02        -5.1119460736437994e-03         2.2258618559368570e-03         8.4571355301457183e-03         1.5326550006120420e-02
11                                    -1.0121076029568896e-03        -1.1537018357862489e-01         7.5826429559247399e-02         2.2619200766804404e-01         1.3999240479101952e-02        -8.4766517221617228e-03        -2.0981612405837461e-02        -2.1341022416980215e-03
12                                     4.0900007563231151e-03         8.6062325995265587e-03        -5.1119460736437994e-03         1.3999240479101952e-02         1.1573639453487355e-01        -4.5537053922692868e-02         1.1535058845099128e-01        -8.9970302756617630e-04
13                                     1.8244235691188015e-03        -5.1179932910548351e-03         2.2258618559368570e-03        -8.4766517221617228e-03        -4.5537053922692868e-02         7.4369634991792388e-02        -7.5731560312285326e-02         1.5316672061772736e-02
14                                    -1.0127139415646589e-03        -1.3981261327083227e-02         8.4571355301457183e-03        -2.0981612405837461e-02         1.1535058845099128e-01        -7.5731560312285326e-02         2.2640257106698411e-01         2.1207530098681458e-03
15                                    -1.6878406606577997e-06        -8.9877094786754326e-04         1.5326550006120420e-02        -2.1341022416980215e-03        -8.9970302756617630e-04         1.5316672061772736e-02         2.1207530098681458e-03         4.8358684017210621e-02
16                                    -1.4122605073315058e-06        -6.5443588625291663e-04        -6.4581503641042860e-03         1.4744754249133157e-03        -6.5279331973639582e-04        -6.4434280062624586e-03        -1.4690550899159327e-03        -9.5315806739966324e-03
17                                    -1.6526660347121098e-03        -8.2096912986531604e-04        -2.5159740764770813e-02         1.1665332719255858e-03         8.1991426290613440e-04         2.5172809424016417e-02         1.1508236945798581e-03         3.9353405988777357e-06
18                                    -3.5948644892993443e-06         9.2394964439333760e-04         9.8956599194397442e-04         5.6648478684968981e-04         9.2324414327009331e-04         9.8891906903545161e-04        -5.6717863514075509e-04        -5.7619321049818669e-03
19                                     4.5815334900669328e-06        -1.2136690638008757e-03        -3.7057901516107227e-04         6.1806039692380819e-04        -1.2123978445502371e-03        -3.7102172731890305e-04        -6.1779393620100750e-04        -2.1186823026559283e-03
20                                     2.0046800160560908e-02        -3.2353531758548956e-03        -1.5198855118655475e-03         1.7160163262786805e-04         3.2371760169032709e-03         1.5223325839923160e-03         1.7183246118187718e-04        -1.2303577622662493e-06
                                                        16                          17                          18                          19                          20

0                                      1.0508457245141255e-02        -1.4781268208553268e-07         2.0308612767029428e-03        -4.8742202836130066e-04        -2.6016919015916705e-06
1                                     -3.1731042033063622e-01         9.7594825123611663e-05        -2.8352061270570703e-02        -1.1442452382028366e-02        -1.5597178138002697e-06
2                                      9.6538981369699036e-05        -4.7196275617387443e-02         5.8739788919339163e-06         7.7588761976948765e-06         1.6475369800359775e-02
3                                      1.8394629593473473e-03        -3.5617725553989220e-06        -6.2778062140778523e-02        -3.7133779226859856e-02         8.0065076147457534e-06
4                                     -1.7129925771254460e-02        -4.0097760484121625e-06        -2.9118485991764184e-02        -2.4441063760267812e-01         4.0846774166531142e-05
5                                      4.6907707790743094e-06        -1.0496530565671366e-03         1.0885145930804174e-06         3.4574121512362500e-05        -6.0885137183786152e-02
6                                      9.5365532499659678e-04         1.7208491759607910e-06        -3.1411059864746658e-03         3.0214618925318223e-02        -2.8104864717449657e-06
7                                      4.3449369287616064e-03        -1.1136374722388182e-06         4.5921804556755694e-02        -2.9309905531354565e-02         2.6006100436470665e-06
8                                     -1.4122605073315058e-06        -1.6526660347121098e-03        -3.5948644892993443e-06         4.5815334900669328e-06         2.0046800160560908e-02
9                                     -6.5443588625291663e-04        -8.2096912986531604e-04         9.2394964439333760e-04        -1.2136690638008757e-03        -3.2353531758548956e-03
10                                    -6.4581503641042860e-03        -2.5159740764770813e-02         9.8956599194397442e-04        -3.7057901516107227e-04        -1.5198855118655475e-03
11                                     1.4744754249133157e-03         1.1665332719255858e-03         5.6648478684968981e-04         6.1806039692380819e-04         1.7160163262786805e-04
12                                    -6.5279331973639582e-04         8.1991426290613440e-04         9.2324414327009331e-04        -1.2123978445502371e-03         3.2371760169032709e-03
13                                    -6.4434280062624586e-03         2.5172809424016417e-02         9.8891906903545161e-04        -3.7102172731890305e-04         1.5223325839923160e-03
14                                    -1.4690550899159327e-03         1.1508236945798581e-03        -5.6717863514075509e-04        -6.1779393620100750e-04         1.7183246118187718e-04
15                                    -9.5315806739966324e-03         3.9353405988777357e-06        -5.7619321049818669e-03        -2.1186823026559283e-03        -1.2303577622662493e-06
16                                     3.4264598739418622e-01        -1.0533786573329164e-04        -2.5164477166316839e-03         3.5100014930960393e-04        -4.1509184150283878e-08
17                                    -1.0533786573329164e-04         4.5025834316378563e-02        -1.0754265526707722e-06        -6.0656836655621156e-08         2.5554034257826864e-03
18                                    -2.5164477166316839e-03        -1.0754265526707722e-06         6.7803045167868684e-02         1.2019018451070711e-02        -2.3925833397485912e-06
19                                     3.5100014930960393e-04        -6.0656836655621156e-08         1.2019018451070711e-02         2.8555359610923137e-01        -4.5706782212632847e-05
20                                    -4.1509184150283878e-08         2.5554034257826864e-03        -2.3925833397485912e-06        -4.5706782212632847e-05         2.1464129703273035e-02
   &MODES [&Type "ArrayOfDoubles", &Dim (21,21)] "The modes of vibrations"
                                                         0                           1                           2                           3                           4                           5                           6                           7

0                                      0.0000000000000000e+00         0.0000000000000000e+00         0.0000000000000000e+00         0.0000000000000000e+00         0.0000000000000000e+00         0.0000000000000000e+00        -3.0179528849715416e-06         1.0489764783871801e-01
1                                      0.0000000000000000e+00         0.0000000000000000e+00         0.0000000000000000e+00         0.0000000000000000e+00         0.0000000000000000e+00         0.0000000000000000e+00        -3.0695067042565178e-06        -1.1554624244517720e-02
2                                      0.0000000000000000e+00         0.0000000000000000e+00         0.0000000000000000e+00         0.0000000000000000e+00         0.0000000000000000e+00         0.0000000000000000e+00         8.0970700814630091e-04         6.9524528397703691e-07
3                                      0.0000000000000000e+00         0.0000000000000000e+00         0.0000000000000000e+00         0.0000000000000000e+00         0.0000000000000000e+00         0.0000000000000000e+00        -1.7456034414157517e-06         6.4070039240204995e-03
4                                      0.0000000000000000e+00         0.0000000000000000e+00         0.0000000000000000e+00         0.0000000000000000e+00         0.0000000000000000e+00         0.0000000000000000e+00        -1.0907402653894101e-05         1.2922052714064255e-01
5                                      0.0000000000000000e+00         0.0000000000000000e+00         0.0000000000000000e+00         0.0000000000000000e+00         0.0000000000000000e+00         0.0000000000000000e+00        -9.6648740642085673e-02        -7.4998882060123952e-06
6                                      0.0000000000000000e+00         0.0000000000000000e+00         0.0000000000000000e+00         0.0000000000000000e+00         0.0000000000000000e+00         0.0000000000000000e+00         9.0981204631058550e-06        -1.2168964416944884e-01
7                                      0.0000000000000000e+00         0.0000000000000000e+00         0.0000000000000000e+00         0.0000000000000000e+00         0.0000000000000000e+00         0.0000000000000000e+00         5.7542689696688635e-06        -6.9296902457352108e-02
8                                      0.0000000000000000e+00         0.0000000000000000e+00         0.0000000000000000e+00         0.0000000000000000e+00         0.0000000000000000e+00         0.0000000000000000e+00         7.4170885344261889e-02         2.4382858238497353e-06
9                                      0.0000000000000000e+00         0.0000000000000000e+00         0.0000000000000000e+00         0.0000000000000000e+00         0.0000000000000000e+00         0.0000000000000000e+00         2.6843654466263850e-01        -6.0061543821860672e-03
10                                     0.0000000000000000e+00         0.0000000000000000e+00         0.0000000000000000e+00         0.0000000000000000e+00         0.0000000000000000e+00         0.0000000000000000e+00        -3.3810598489983390e-01        -2.1010319767327285e-01
11                                     0.0000000000000000e+00         0.0000000000000000e+00         0.0000000000000000e+00         0.0000000000000000e+00         0.0000000000000000e+00         0.0000000000000000e+00         3.1382071002444523e-01         1.0355761721948686e-02
12                                     0.0000000000000000e+00         0.0000000000000000e+00         0.0000000000000000e+00         0.0000000000000000e+00         0.0000000000000000e+00         0.0000000000000000e+00        -2.6861215836807195e-01        -5.8505256318973735e-03
13                                     0.0000000000000000e+00         0.0000000000000000e+00         0.0000000000000000e+00         0.0000000000000000e+00         0.0000000000000000e+00         0.0000000000000000e+00         3.3835614071467990e-01        -2.0995400859062258e-01
14                                     0.0000000000000000e+00         0.0000000000000000e+00         0.0000000000000000e+00         0.0000000000000000e+00         0.0000000000000000e+00         0.0000000000000000e+00         3.1346744628853557e-01        -1.0286899104326598e-02
15                                     0.0000000000000000e+00         0.0000000000000000e+00         0.0000000000000000e+00         0.0000000000000000e+00         0.0000000000000000e+00         0.0000000000000000e+00         9.8412014060828950e-05         4.7561248324899125e-01
16                                     0.0000000000000000e+00         0.0000000000000000e+00         0.0000000000000000e+00         0.0000000000000000e+00         0.0000000000000000e+00         0.0000000000000000e+00        -1.3098349130372439e-04        -1.3838980556133803e-04
17                                     0.0000000000000000e+00         0.0000000000000000e+00         0.0000000000000000e+00         0.0000000000000000e+00         0.0000000000000000e+00         0.0000000000000000e+00        -3.7707612199479557e-01        -2.7616960201667287e-05
18                                     0.0000000000000000e+00         0.0000000000000000e+00         0.0000000000000000e+00         0.0000000000000000e+00         0.0000000000000000e+00         0.0000000000000000e+00        -1.0442906100526561e-05         1.4143511417060903e-01
19                                     0.0000000000000000e+00         0.0000000000000000e+00         0.0000000000000000e+00         0.0000000000000000e+00         0.0000000000000000e+00         0.0000000000000000e+00        -4.3959913765031675e-05         1.1800907099983486e-01
20                                     0.0000000000000000e+00         0.0000000000000000e+00         0.0000000000000000e+00         0.0000000000000000e+00         0.0000000000000000e+00         0.0000000000000000e+00        -2.8546735341104301e-01         1.1357227788566237e-06
                                                         8                           9                          10                          11                          12                          13                          14                          15

0                                     -3.7128016889621531e-05        -1.7211660755777394e-01        -4.7745206703406058e-05        -1.2654749623168506e-02        -1.1916690282346318e-01        -3.9444742997029887e-02        -1.5496123173615308e-02         4.9155832282224624e-05
1                                     -8.2845535631622168e-07         6.0587442740231631e-03        -7.4363491199817377e-04        -1.3499877850158309e-01        -5.5153371480323780e-02         2.4954311173279883e-02        -5.2373116936299764e-02         4.8467403238206845e-05
2                                     -6.8330684887565662e-02        -3.2290882309380629e-07        -1.0516418192226401e-01         5.7719958325779593e-04        -1.6981011524915292e-05        -1.6781010372213272e-05        -3.6291860393341814e-05        -5.0409670608899823e-02
3                                      2.1168326927833927e-05         8.9174830206616679e-02         4.8992175746486377e-04         9.0990263973055971e-02         8.2088232148608900e-03         4.9751763803775169e-02        -9.0668349581174527e-03         2.0146679730165440e-06
4                                      7.1509641937278603e-06         5.9428585434317643e-02         7.5263163994007047e-04         1.3731212531715095e-01         7.7872277575606573e-03         5.6747528388233978e-02         1.1561250995553704e-02        -2.4773616176735793e-05
5                                     -5.9407743967136231e-02         3.3451277000315476e-05         1.6402945215969478e-01        -8.9575679244621525e-04        -1.2385557099896192e-05         1.0426387312166282e-06        -1.7113416173373988e-05        -2.8770070522674426e-02
6                                      1.9397586619588362e-05         7.1696683527637514e-02        -1.8908701205755789e-04        -3.2451388374462500e-02        -9.7857214986932541e-03         3.0257075748161263e-02         2.9630889944618870e-02        -2.5465037799803595e-05
7                                     -2.3265848022779073e-06        -1.8626130816008623e-02        -1.1938607301958482e-04        -2.2841550955151127e-02         1.0839078846192377e-02        -6.1009765199137235e-02        -2.1238590701640546e-02         2.0711952967375193e-05
