
$orca_hessian_file

$act_atom
  0

$act_coord
  0

$act_energy
        0.000000

$multiplicity
  1

$hessian
48
                    0                  1                  2                  3                  4        
    0      6.6611767921E-01  -1.7301919010E-02   4.1865922509E-03  -2.3925091925E-01  -8.0657760830E-02
    1     -1.7301919010E-02   7.3090384953E-01   1.0719750958E-02  -1.3601184977E-01  -2.3168889837E-01
    2      4.1865922509E-03   1.0719750958E-02   1.3083033155E-01  -3.7980012707E-03  -4.0013119228E-03
    3     -2.3925091925E-01  -1.3601184977E-01  -3.7980012707E-03   7.3563673573E-01   9.4646163483E-03
    4     -8.0657760830E-02  -2.3168889837E-01  -4.0013119228E-03   9.4646163483E-03   6.5251538280E-01
    5     -4.1175657829E-03  -4.8259136985E-03  -5.4659852089E-02   6.1063476099E-03   1.1011934407E-02
    6      5.4750750639E-02  -1.5878494057E-02   3.6941399160E-04  -1.4336610579E-01   1.5359553924E-02
    7     -5.4576086226E-02  -4.7708599711E-02  -7.1368120766E-04   7.5520559987E-02  -2.7282009437E-01
    8     -5.7284500542E-05  -1.6486096086E-03   2.9448212793E-03  -6.0602795759E-04  -2.4976035093E-03
    9     -4.9267336606E-02  -7.9878629805E-03  -5.3892744380E-04   4.1917470846E-03   6.3241276736E-02
   10     -1.7476340789E-02  -3.7695677184E-03  -1.6851501750E-04   3.5801956095E-02   1.0820785084E-03
   11     -3.7816281482E-05   1.0878146829E-04  -4.4752169099E-03   3.5494615882E-04   1.3698051677E-04
   12     -8.6592689915E-03   3.3764487179E-02   4.0156881460E-04  -5.5262833681E-03  -9.8521356554E-03
   13      7.9669557898E-02  -3.4767008378E-03   6.2980480514E-04  -1.6668612767E-02  -4.8881343744E-02
   14      9.0453287014E-04   2.0217707629E-04   5.6786786376E-03  -2.3039463475E-04  -7.0816878410E-04
   15     -3.1672551097E-01   8.2917418135E-02  -7.8199581662E-04  -5.2535624804E-02  -4.6926242753E-02
   16      2.3989001341E-02  -1.3971036889E-01  -1.1740130682E-03  -7.3651873899E-03   4.8039361509E-02
   17     -1.8406577148E-03  -7.2459613028E-04  -5.9926863511E-02  -6.4565319729E-04   3.4008185958E-04
   18      9.5110830523E-03   7.6930230763E-04  -5.8835887010E-05  -5.9569937048E-04  -5.0523501272E-04
   19      9.9587840321E-04  -9.3389141618E-03  -2.3340271589E-04  -1.6301489326E-03  -4.9698369376E-03
   20     -7.8119392534E-05  -2.2587027347E-04   9.0869540083E-03   7.1542720180E-05   5.6847344580E-06
   21     -7.8754646265E-04  -1.0417477398E-03  -3.7197667848E-05  -4.3995065899E-04  -1.5725808646E-03
   22     -2.5120685423E-03   1.5972408655E-03   8.9094483568E-06   1.4397201743E-03   1.0202776596E-03
   23      3.6886863586E-05   3.0219117653E-05  -7.5605111505E-04  -2.5411613106E-05  -1.9933829928E-05
   24     -1.7462706184E-03   2.7741250803E-03   8.4761004126E-05  -1.5792314934E-04   1.1552131418E-03
   25      2.3690837984E-03  -1.7557699467E-04  -1.8469500387E-05  -8.4828729521E-04   7.1587327157E-04
   26      2.0132895156E-05   7.7298912535E-05  -1.4541052352E-03  -2.3657844604E-05  -1.4774139574E-05
   27     -3.7374192402E-03   5.3368634281E-03   1.0162618551E-03   1.0312519582E-02  -6.2746321749E-03
   28      1.1433435141E-02   6.0087534461E-04  -3.5343236436E-04  -3.9232848237E-02  -4.9425736682E-02
   29      1.1791848494E-03   2.2385216108E-03   4.5668248191E-03   7.9324746827E-04  -5.3159359448E-03
   30     -7.5036494430E-02   6.6239510483E-02   1.0099737895E-03   9.0216165227E-03  -2.3008241798E-02
   31      6.5952770163E-02  -3.1786743636E-01  -4.6977197673E-03   7.5295463598E-03  -1.7128573327E-02
   32      1.1647810091E-03  -4.7188521693E-03  -3.5735510358E-02   1.3639718931E-04  -5.7505198019E-04
   33     -1.8324119532E-02   9.0472106178E-03  -4.6128657441E-05  -3.0682014093E-01   7.5515912337E-02
   34     -2.1830382509E-02   1.0314243722E-02  -7.4846842174E-05   7.5500692657E-02  -8.1636024207E-02
   35     -4.2434710009E-04   1.7847937326E-04   1.6326961012E-03  -1.1529884921E-03  -2.5000394563E-04
   36     -1.4105753339E-03  -5.1663846405E-04   5.0013902515E-06  -5.4053947099E-03   7.5495694241E-04
   37      1.9263968287E-04   7.9983630828E-04   4.5337125336E-06   9.5869787139E-04   1.2286861543E-03
   38     -1.0680994399E-06  -4.1930399293E-05  -7.2603493333E-04  -1.5977033320E-04  -3.9951714960E-05
   39     -1.5663926322E-02  -2.0813331739E-02  -4.9467497979E-04  -3.8290496170E-03   2.9861479198E-03
   40      8.3737078958E-03   1.0800741233E-02   2.2832608558E-04   2.5158244608E-03   3.2123004288E-04
   41     -1.3927744819E-05  -8.8361856906E-05   1.9379471917E-03  -3.7203708472E-05  -7.9850712583E-05
   42     -1.0375530125E-03  -3.5166433822E-04  -1.0696556575E-03   3.1452419391E-03   3.2373563775E-03
   43      4.9199380360E-04  -1.2430689195E-04   2.7343550644E-04  -2.4567425511E-03   1.2459195298E-03
   44      1.7554014199E-04  -7.9359225344E-05  -6.8782247420E-04  -3.1017373128E-05   1.0371293490E-03
   45      1.2674278642E-03  -9.2412760088E-04  -2.5598534968E-04  -4.3807692178E-03  -2.8650736684E-03
   46      8.6520824905E-04  -1.1564170612E-03  -4.3152141492E-04  -4.5710679780E-03   3.8169815553E-04
   47     -1.0890346295E-03  -1.1995818508E-03   1.7432030397E-03  -7.5017395962E-04   9.8895358683E-04
                    5                  6                  7                  8                  9        
    0     -4.1175657829E-03   5.4750750639E-02  -5.4576086226E-02  -5.7284500542E-05  -4.9267336606E-02
    1     -4.8259136985E-03  -1.5878494057E-02  -4.7708599711E-02  -1.6486096086E-03  -7.9878629805E-03
    2     -5.4659852089E-02   3.6941399160E-04  -7.1368120766E-04   2.9448212793E-03  -5.3892744380E-04
    3      6.1063476099E-03  -1.4336610579E-01   7.5520559987E-02  -6.0602795759E-04   4.1917470846E-03
    4      1.1011934407E-02   1.5359553924E-02  -2.7282009437E-01  -2.4976035093E-03   6.3241276736E-02
    5      1.2303295323E-01   6.2894333306E-04  -2.6709120870E-03  -6.8613797889E-02   4.8625728123E-04
    6      6.2894333306E-04   7.0473676616E-01   2.2176442375E-02   2.4688313973E-03  -2.8341135683E-01
    7     -2.6709120870E-03   2.2176442375E-02   6.8789066530E-01   4.9142418365E-03   2.5550614385E-02
    8     -6.8613797889E-02   2.4688313973E-03   4.9142418365E-03   1.6225205690E-01  -1.6340242223E-03
    9      4.8625728123E-04  -2.8341135683E-01   2.5550614385E-02  -1.6340242223E-03   6.6982961617E-01
   10      1.6407049836E-04   8.4678443854E-02  -1.4954394401E-01  -1.5423618109E-03   1.4572475572E-04
   11      7.6383587324E-03  -1.2923622809E-03   1.7416787278E-04  -6.7287834210E-02   8.5350200840E-03
   12      2.0623994070E-04  -5.3897925718E-02  -2.8397826749E-03  -9.9278958917E-04  -2.0468434694E-01
   13     -3.3516806591E-04  -4.5556126390E-02   5.3798801513E-02   9.9050425672E-04  -8.5557959075E-02
   14     -4.8718626164E-03  -5.4703969265E-04   9.3977812456E-04   3.3258676485E-04  -3.0843261100E-03
   15     -5.7721524142E-04  -2.4748563308E-02   3.5027010694E-02   9.7409850763E-04   4.0077720588E-02
   16      8.3430470161E-05   3.6983825271E-02  -3.0875442978E-02   4.1431478484E-04  -4.6092283961E-02
   17      7.6491131224E-03   4.0356216443E-05  -3.3096487030E-04  -4.8483887186E-03  -1.9904829451E-04
   18     -1.5541959428E-04   2.0621581078E-03  -1.1459887836E-02  -5.4574804283E-04  -4.5515609611E-02
   19      1.0204549984E-04  -6.5651061672E-03  -5.0499575787E-04  -4.7682990523E-05  -1.1904730986E-02
   20     -1.8327046604E-03   6.6003034907E-05  -2.8332296751E-04   9.1991987355E-03  -9.5125708297E-04
   21      3.3682715643E-05  -2.1953424816E-03   1.8408923815E-03   7.8745719945E-05  -2.3868943913E-03
   22      2.4032001200E-05  -8.5524231842E-04   1.3228111424E-03  -7.2721057084E-05   2.1556342899E-03
   23      2.2730884486E-04  -9.1262886186E-05   4.3650858457E-05  -1.1147899147E-03   3.3027151487E-05
   24      3.0523990237E-05   2.5472913013E-03   2.1437376468E-03   1.8940080324E-04  -5.5712908519E-03
   25     -8.0063467515E-05   1.4781347200E-03  -2.0169795607E-03  -1.6813365810E-04  -8.5146522996E-03
   26      2.9467980423E-04   5.9988078955E-06   6.2384418621E-05  -9.7028333567E-04  -6.1793931521E-05
   27     -2.1037610188E-04  -2.2557306868E-01  -9.7608638503E-02  -1.7464366912E-02  -5.2408627620E-02
   28     -3.5930630026E-03  -9.8315850098E-02  -2.1522818563E-01  -1.6973980933E-02  -1.5392138435E-03
   29      7.5323824405E-03   1.5219679912E-02   1.3974758901E-02  -3.9119235281E-02  -4.9578039893E-03
   30     -4.2091432442E-04  -3.2689621659E-03  -3.3642425984E-03  -2.6834285341E-04  -9.9665760205E-04
   31     -3.3629775908E-04  -3.8924856468E-03  -4.2548103300E-04  -2.2278543857E-04  -4.8288051385E-04
   32      2.2522208920E-03  -1.5056352225E-04  -9.6070973576E-05   7.7124478084E-03   3.7270782198E-06
   33     -7.7823925671E-04  -6.6196861817E-03  -1.3511038314E-03  -1.4564953319E-04   1.4617397067E-03
   34     -8.1360052501E-05   3.0157695396E-02  -3.6076007206E-03   1.2109839073E-04   6.3186868702E-04
   35     -3.2947361626E-02   5.2186281380E-04  -1.0855943273E-04   4.4428512523E-03  -3.7959958097E-05
   36     -1.8403443656E-04  -2.6989428064E-03   2.8562052358E-02   2.7197634293E-04  -7.2804913455E-02
   37      3.3571662711E-06  -3.3352474812E-04  -4.8428116515E-03  -1.4454971469E-04   6.6959631782E-02
   38      5.5864922298E-03  -1.4691279337E-04   2.5026367507E-04   5.4785215327E-03   3.8451156792E-04
   39     -1.8956543649E-05  -9.4708668324E-04   8.0295449895E-04  -5.4165895654E-05   2.9240691574E-04
   40     -9.2454283925E-05   7.1605980434E-04  -4.2800591928E-04  -2.3957756527E-05   3.4601992956E-03
   41      6.7962999676E-03   5.7098221559E-05   2.1215022984E-05  -1.0516046814E-03  -1.3695609097E-05
   42     -8.8861623463E-04  -2.7863017864E-02   6.8456328455E-03   8.8305956904E-03  -2.9762822870E-04
   43     -1.8438099883E-04  -2.4936677154E-02   1.1516206144E-02   8.8291602235E-03  -3.3346617855E-03
   44     -5.0414843372E-04  -1.2680223790E-02  -3.7511796878E-03  -4.6652526254E-03   9.7510207432E-04
   45     -1.4283811619E-04   1.0493092289E-02  -2.7301928177E-02   8.9523614675E-03   1.4914316699E-03
   46      7.9256540297E-04   4.8151239110E-03  -2.6526342767E-02   8.0685839692E-03   3.1784122880E-03
   47      2.4199180477E-03  -4.4674331848E-03  -1.2421286467E-02  -4.6912976141E-03   1.0737420445E-03
                   10                 11                 12                 13                 14        
    0     -1.7476340789E-02  -3.7816281482E-05  -8.6592689915E-03   7.9669557898E-02   9.0453287014E-04
    1     -3.7695677184E-03   1.0878146829E-04   3.3764487179E-02  -3.4767008378E-03   2.0217707629E-04
    2     -1.6851501750E-04  -4.4752169099E-03   4.0156881460E-04   6.2980480514E-04   5.6786786376E-03
    3      3.5801956095E-02   3.5494615882E-04  -5.5262833681E-03  -1.6668612767E-02  -2.3039463475E-04
    4      1.0820785084E-03   1.3698051677E-04  -9.8521356554E-03  -4.8881343744E-02  -7.0816878410E-04
    5      1.6407049836E-04   7.6383587324E-03   2.0623994070E-04  -3.3516806591E-04  -4.8718626164E-03
    6      8.4678443854E-02  -1.2923622809E-03  -5.3897925718E-02  -4.5556126390E-02  -5.4703969265E-04
    7     -1.4954394401E-01   1.7416787278E-04  -2.8397826749E-03   5.3798801513E-02   9.3977812456E-04
    8     -1.5423618109E-03  -6.7287834210E-02  -9.9278958917E-04   9.9050425672E-04   3.3258676485E-04
    9      1.4572475572E-04   8.5350200840E-03  -2.0468434694E-01  -8.5557959075E-02  -3.0843261100E-03
   10      7.4437022099E-01   8.7862485003E-03  -1.2923959706E-01  -2.4444791523E-01  -3.8078952807E-03
   11      8.7862485003E-03   1.2111939276E-01  -4.1732348006E-03  -4.5072362263E-03  -5.6377107669E-02
   12     -1.2923959706E-01  -4.1732348006E-03   5.5373644949E-01   6.1443095130E-02   5.3563947392E-03
   13     -2.4444791523E-01  -4.5072362263E-03   6.1443095130E-02   7.3441365288E-01   7.7150050564E-03
   14     -3.8078952807E-03  -5.6377107669E-02   5.3563947392E-03   7.7150050564E-03   1.4120026545E-01
   15     -9.7849005157E-03  -2.7962080813E-04  -1.1516949129E-01  -3.0994386855E-03  -5.1166282987E-04
   16     -4.5840450688E-02  -4.1071462919E-04   4.5928193785E-02  -3.1710239307E-01  -2.9277248504E-03
   17     -8.4258424426E-04   1.1059148578E-02   5.8127169690E-05  -3.6493935105E-03  -6.1819311458E-02
   18     -4.7572219343E-03  -5.0608161835E-04  -1.1329485122E-01   2.0463380656E-03  -5.1883315685E-04
   19      2.0311915805E-02   5.4314454918E-05   3.1061035232E-03  -1.0469463251E-01  -2.9425914703E-04
   20      1.8125681661E-04  -1.8994614451E-03  -3.6702466908E-04  -3.4479577869E-04  -7.9313894071E-02
   21      8.8484320157E-03  -3.9531306716E-05  -5.7909804673E-02  -3.4832807781E-02  -4.7088658259E-04
   22      1.0956370064E-03  -8.9895396576E-05  -2.2530108403E-02   8.2536032766E-03  -1.1026134686E-04
   23      5.0881733702E-06   2.9092531746E-03  -5.7345247081E-04  -2.4204485833E-04   1.8239507219E-02
   24      1.9482825855E-03  -9.7743170566E-05  -1.1349388126E-02   4.7840155140E-02  -2.8398403111E-04
   25     -4.1954488896E-03  -1.8945498746E-04   3.4100928287E-02  -3.8926301562E-02   3.0829638592E-04
   26     -3.3003019577E-05   1.6598285186E-03  -3.2665451177E-04   5.4244442510E-04   1.8615518608E-02
   27     -3.5020783517E-02  -3.5876897494E-03   2.0393774820E-03   9.5319960751E-03  -1.5861911439E-04
   28      1.3513185241E-02  -9.4448070670E-05   2.3419763519E-03  -5.5878619522E-03   9.3901431681E-04
   29      1.6155972849E-03   7.8191801701E-03   1.7786051929E-03   2.8720026035E-04   4.8935523930E-03
   30     -5.6259906767E-04   1.6029428822E-05  -5.5329785002E-03   3.1896517149E-04  -9.5190775539E-05
   31      6.2607091005E-04   2.0218466511E-05   1.7038610631E-03   1.7089502070E-03  -1.0755736579E-04
   32      7.4313029357E-05  -8.5468025010E-04  -7.0078571234E-05  -1.1532441779E-04   7.0148615145E-03
   33      1.5236742297E-03   2.8187658063E-05   9.2540986733E-04  -5.3000361742E-04  -6.8805286950E-06
   34     -6.0102976587E-03  -2.5017984592E-04  -9.1891278978E-04  -1.6949031768E-03  -2.1255222592E-05
   35     -2.2190043032E-04   5.2340984101E-03  -5.8100885531E-05   3.0147482283E-05   1.0737928755E-04
   36      6.8072503387E-02   5.6494994764E-04   1.1592015772E-02  -1.9675095224E-02  -1.8987969973E-04
   37     -3.2188148773E-01  -2.6399572941E-03   6.5208165825E-03  -1.8034547677E-02  -2.4722182940E-04
   38     -2.9979514451E-03  -3.2487930795E-02   1.3055140915E-04  -3.4396995808E-04   2.6164595641E-03
   39      2.4695039779E-03  -4.0890824920E-05   8.9528336047E-03   4.0096111783E-03   1.4862861385E-04
   40     -4.3925320854E-03  -7.4998209119E-05  -2.2938721205E-02  -1.5462666182E-02  -4.9814787301E-04
   41     -7.8041064313E-05   4.1424289939E-03  -3.3767724252E-04  -1.8541471980E-04   2.3881255726E-03
   42     -4.7078975324E-03   7.7863965566E-04  -7.8579935542E-04   9.8052259221E-04  -4.5395750329E-04
   43     -3.7981601586E-03  -2.1536343489E-04  -2.8055731475E-04   1.0525448764E-03  -2.5835385193E-04
   44     -8.6181494635E-04   2.3036542524E-03  -1.1827240616E-03  -8.0290655564E-04   1.7833144413E-03
   45     -1.8482972564E-03  -2.3535273185E-04  -4.3594804163E-04   3.3948853228E-05   1.2956422068E-04
   46      2.8806957074E-03  -8.0312585887E-04  -2.6379335975E-04  -9.1828680899E-04  -1.1335441537E-03
   47     -2.7784437031E-04  -5.0311231087E-04   1.6278375158E-04   3.4126655064E-04  -4.8807363284E-04
                   15                 16                 17                 18                 19        
    0     -3.1672551097E-01   2.3989001341E-02  -1.8406577148E-03   9.5110830523E-03   9.9587840321E-04
    1      8.2917418135E-02  -1.3971036889E-01  -7.2459613028E-04   7.6930230763E-04  -9.3389141618E-03
    2     -7.8199581662E-04  -1.1740130682E-03  -5.9926863511E-02  -5.8835887010E-05  -2.3340271589E-04
    3     -5.2535624804E-02  -7.3651873899E-03  -6.4565319729E-04  -5.9569937048E-04  -1.6301489326E-03
    4     -4.6926242753E-02   4.8039361509E-02   3.4008185958E-04  -5.0523501272E-04  -4.9698369376E-03
    5     -5.7721524142E-04   8.3430470161E-05   7.6491131224E-03  -1.5541959428E-04   1.0204549984E-04
    6     -2.4748563308E-02   3.6983825271E-02   4.0356216443E-05   2.0621581078E-03  -6.5651061672E-03
    7      3.5027010694E-02  -3.0875442978E-02  -3.3096487030E-04  -1.1459887836E-02  -5.0499575787E-04
    8      9.7409850763E-04   4.1431478484E-04  -4.8483887186E-03  -5.4574804283E-04  -4.7682990523E-05
    9      4.0077720588E-02  -4.6092283961E-02  -1.9904829451E-04  -4.5515609611E-02  -1.1904730986E-02
   10     -9.7849005157E-03  -4.5840450688E-02  -8.4258424426E-04  -4.7572219343E-03   2.0311915805E-02
   11     -2.7962080813E-04  -4.1071462919E-04   1.1059148578E-02  -5.0608161835E-04   5.4314454918E-05
   12     -1.1516949129E-01   4.5928193785E-02   5.8127169690E-05  -1.1329485122E-01   3.1061035232E-03
   13     -3.0994386855E-03  -3.1710239307E-01  -3.6493935105E-03   2.0463380656E-03  -1.0469463251E-01
   14     -5.1166282987E-04  -2.9277248504E-03  -6.1819311458E-02  -5.1883315685E-04  -2.9425914703E-04
   15      7.1166819543E-01   5.4471923579E-02   6.2354946857E-03  -2.0016547006E-02   3.6810813958E-02
   16      5.4471923579E-02   6.9337195877E-01   8.9188588749E-03   2.9394795256E-02  -4.2075027312E-03
   17      6.2354946857E-03   8.9188588749E-03   1.2281569981E-01   1.6504228477E-04   4.5953920090E-04
   18     -2.0016547006E-02   2.9394795256E-02   1.6504228477E-04   6.4697445905E-01   6.3597355666E-02
   19      3.6810813958E-02  -4.2075027312E-03   4.5953920090E-04   6.3597355666E-02   8.4233978803E-01
   20      4.6073740381E-04   4.6912333514E-05  -2.1685170470E-03   3.4580069641E-03   4.2796389487E-04
   21     -1.6110252019E-03  -3.2170500500E-03  -2.7576251254E-05  -3.2311278300E-01  -1.7133153341E-01
   22      7.5822295425E-03  -7.9209665680E-03  -9.6423082500E-05  -1.6160487070E-01  -2.8244167712E-01
   23     -4.4453306143E-05  -5.5599871960E-05   1.5535880179E-03  -1.6485418582E-03  -1.1724332598E-03
   24     -6.2270972445E-03  -4.6240099702E-03  -2.2139245286E-04  -1.5975432930E-01   9.1207723606E-02
   25      2.8092704347E-03   5.5720780421E-03   8.5745118360E-05   8.2447627107E-02  -4.4803317738E-01
   26     -1.6520321687E-04  -7.3129959978E-05   3.2546275559E-03  -8.4756384814E-04   1.0640310864E-03
   27     -1.5980588271E-03  -7.0094730616E-03   4.1055696377E-05   1.7364235358E-03  -2.6006581682E-03
   28     -7.4478209240E-03   8.9578218776E-04   7.7206099017E-05   3.8161009925E-03  -1.8730948492E-03
   29     -2.1828153168E-03  -1.5407767144E-03  -1.3227722639E-03   1.4573979352E-03  -7.1436774981E-04
   30     -3.3363677897E-03   3.0767398970E-02   5.3104319827E-04   7.3053801362E-04   1.8361153259E-03
   31      3.6847392410E-04  -4.7665963939E-03  -1.4868458088E-04  -6.8269753865E-04  -1.5565866887E-04
   32     -1.9320515147E-04   1.7494018089E-04   2.6255789682E-03  -3.8356318231E-05  -3.4331649186E-05
   33     -1.0929110745E-03  -4.4550411689E-03  -1.6875842972E-04  -7.3287847051E-05  -1.2332139872E-04
   34     -3.4853769405E-03  -2.4987412169E-03  -2.1006907275E-04  -6.3904100406E-05  -5.7008197304E-04
   35     -7.9362020372E-05  -1.8493331700E-04   7.5142194198E-03   4.7065297916E-05  -2.5065215541E-05
   36     -3.6646159680E-03  -3.4043095409E-03  -1.6166729059E-04   1.4924142897E-03  -2.2890357910E-03
   37     -4.3763010184E-03  -1.7253741987E-04  -1.1179776799E-04   1.9027284019E-03  -3.6335733869E-03
   38     -6.6708881466E-05  -9.0906273752E-05   4.5826797738E-03   7.6520130178E-05  -5.8487943271E-05
   39     -2.0565449674E-01  -1.4596009001E-01  -4.0202632755E-03   3.3461583670E-04  -3.7158720414E-04
   40     -1.4487238354E-01  -1.9547035598E-01  -3.9889194096E-03  -4.1603586806E-03  -2.3281847323E-03
   41     -4.0090833698E-03  -4.0536481814E-03  -3.0967131903E-02   3.9763173018E-05   3.0159583748E-06
   42      8.6902574427E-04   2.3427271599E-04   1.0304682415E-04  -4.9182913287E-04  -2.0590731891E-04
   43     -1.7036294754E-04  -1.8072258692E-04   1.2364120449E-04  -3.3562580209E-04  -2.7305348148E-04
   44      1.5518723105E-04   9.5482769547E-04  -6.5358068669E-06  -4.0497211672E-04  -9.2958948963E-06
   45     -2.3463153103E-04   2.0830594670E-04   1.1776830178E-04   1.3244602948E-05  -5.5542372273E-04
   46      3.2541534264E-04   8.6689801990E-04   8.8019824037E-05  -3.8098357113E-04   3.7267985837E-04
   47      1.0588906601E-03  -7.1496985661E-05   4.8654611876E-06  -5.2240321934E-04   4.4764645773E-04
                   20                 21                 22                 23                 24        
    0     -7.8119392534E-05  -7.8754646265E-04  -2.5120685423E-03   3.6886863586E-05  -1.7462706184E-03
    1     -2.2587027347E-04  -1.0417477398E-03   1.5972408655E-03   3.0219117653E-05   2.7741250803E-03
    2      9.0869540083E-03  -3.7197667848E-05   8.9094483568E-06  -7.5605111505E-04   8.4761004126E-05
    3      7.1542720180E-05  -4.3995065899E-04   1.4397201743E-03  -2.5411613106E-05  -1.5792314934E-04
    4      5.6847344580E-06  -1.5725808646E-03   1.0202776596E-03  -1.9933829928E-05   1.1552131418E-03
    5     -1.8327046604E-03   3.3682715643E-05   2.4032001200E-05   2.2730884486E-04   3.0523990237E-05
    6      6.6003034907E-05  -2.1953424816E-03  -8.5524231842E-04  -9.1262886186E-05   2.5472913013E-03
    7     -2.8332296751E-04   1.8408923815E-03   1.3228111424E-03   4.3650858457E-05   2.1437376468E-03
    8      9.1991987355E-03   7.8745719945E-05  -7.2721057084E-05  -1.1147899147E-03   1.8940080324E-04
    9     -9.5125708297E-04  -2.3868943913E-03   2.1556342899E-03   3.3027151487E-05  -5.5712908519E-03
   10      1.8125681661E-04   8.8484320157E-03   1.0956370064E-03   5.0881733702E-06   1.9482825855E-03
   11     -1.8994614451E-03  -3.9531306716E-05  -8.9895396576E-05   2.9092531746E-03  -9.7743170566E-05
   12     -3.6702466908E-04  -5.7909804673E-02  -2.2530108403E-02  -5.7345247081E-04  -1.1349388126E-02
   13     -3.4479577869E-04  -3.4832807781E-02   8.2536032766E-03  -2.4204485833E-04   4.7840155140E-02
   14     -7.9313894071E-02  -4.7088658259E-04  -1.1026134686E-04   1.8239507219E-02  -2.8398403111E-04
   15      4.6073740381E-04  -1.6110252019E-03   7.5822295425E-03  -4.4453306143E-05  -6.2270972445E-03
   16      4.6912333514E-05  -3.2170500500E-03  -7.9209665680E-03  -5.5599871960E-05  -4.6240099702E-03
   17     -2.1685170470E-03  -2.7576251254E-05  -9.6423082500E-05   1.5535880179E-03  -2.2139245286E-04
   18      3.4580069641E-03  -3.2311278300E-01  -1.6160487070E-01  -1.6485418582E-03  -1.5975432930E-01
   19      4.2796389487E-04  -1.7133153341E-01  -2.8244167712E-01  -1.1724332598E-03   9.1207723606E-02
   20      2.3728381102E-01  -1.6464992326E-03  -1.0781330588E-03  -8.0702410680E-02  -9.0489958309E-04
   21     -1.6464992326E-03   3.6076073470E-01   2.3274872969E-01   2.0754030860E-03   3.3138668474E-02
   22     -1.0781330588E-03   2.3274872969E-01   3.8418403236E-01   1.3476499373E-03  -6.1464799008E-02
   23     -8.0702410680E-02   2.0754030860E-03   1.3476499373E-03   3.1943651306E-02   1.5993683129E-04
   24     -9.0489958309E-04   3.3138668474E-02  -6.1464799008E-02   1.5993683129E-04   1.5563830296E-01
   25      1.2116657931E-03  -3.2083818520E-02  -1.1089195104E-01  -1.7990144333E-06  -8.4095843744E-02
   26     -8.0722500815E-02   1.6234005650E-04  -1.6563874641E-04   2.7558424157E-02   1.3099965727E-03
   27     -2.0190921275E-04  -2.0032268697E-03   4.9054203196E-04   6.2599151375E-05  -1.1940450261E-03
   28      2.7004228506E-05  -1.1499363961E-03   3.9591158279E-04  -5.7480339922E-05  -8.0044535459E-04
   29      6.5619026222E-04  -5.2465001802E-04   2.5333243434E-04  -3.3962080315E-04  -5.6070508054E-04
   30      1.7514890882E-05  -1.9706647276E-04  -2.1882880768E-04  -4.3511043432E-06  -9.0903540362E-04
   31     -2.9909412775E-05   2.5462403423E-04   5.9049475994E-05   4.3464354536E-06   2.8765655651E-04
   32      8.1423397242E-04   1.2766007322E-05   5.6892904679E-06   9.3353779497E-06   1.5528895274E-05
   33      1.0166295708E-05  -9.8400586042E-05   2.1340559519E-04   1.7147836597E-07  -1.4073852680E-04
   34      3.1598643633E-05   2.6608700504E-05   3.3147167048E-04  -2.6760042153E-07   1.9733807064E-04
   35     -1.2580038852E-03   5.4769365824E-06   1.6163148119E-05   1.6252836386E-05  -1.2156330027E-05
   36      1.1825732157E-04   8.6906843530E-04   1.6845775785E-03  -1.6139051198E-05  -4.6063422161E-03
   37      9.4020167820E-05  -1.5444443005E-04   6.5082614992E-04  -2.8473008983E-06   2.6592406523E-03
   38     -4.6263278528E-03   2.6698246680E-05   6.4386629476E-05   4.7452165170E-04  -5.0551059455E-05
   39      3.6870130149E-05  -4.1094849575E-03   2.6889652219E-03   7.3781102367E-06   9.8255044421E-05
   40      3.9912992585E-05   1.6188509594E-03   2.4232573601E-03   3.1438439155E-05   4.7959415545E-04
   41     -4.4017216009E-03   1.8563551597E-05   4.4859844398E-05   2.6402246530E-05  -2.3081419250E-06
   42     -5.4497836832E-05  -3.8414819798E-05  -3.8844347449E-05   1.8125834924E-05   1.0898790311E-04
   43     -1.0617820377E-04  -1.6488292702E-04   2.9725402827E-05   4.8803812988E-05   1.9934317991E-05
   44     -8.2908711354E-05   8.3500329305E-05  -4.9445335485E-05  -9.4703319498E-05   1.7209629732E-04
   45     -3.1931876785E-05   1.2146897117E-04   2.1680714590E-04   1.3482702141E-05   1.2495477701E-04
   46      3.2960102884E-05   2.1481518894E-04  -1.0924922930E-04   3.3098461222E-05   2.0756600184E-04
   47     -3.1937226811E-05   2.4576549006E-04  -9.4393869755E-05   4.9331001212E-05   1.6901143082E-04
                   25                 26                 27                 28                 29        
    0      2.3690837984E-03   2.0132895156E-05  -3.7374192402E-03   1.1433435141E-02   1.1791848494E-03
    1     -1.7557699467E-04   7.7298912535E-05   5.3368634281E-03   6.0087534461E-04   2.2385216108E-03
    2     -1.8469500387E-05  -1.4541052352E-03   1.0162618551E-03  -3.5343236436E-04   4.5668248191E-03
    3     -8.4828729521E-04  -2.3657844604E-05   1.0312519582E-02  -3.9232848237E-02   7.9324746827E-04
    4      7.1587327157E-04  -1.4774139574E-05  -6.2746321749E-03  -4.9425736682E-02  -5.3159359448E-03
    5     -8.0063467515E-05   2.9467980423E-04  -2.1037610188E-04  -3.5930630026E-03   7.5323824405E-03
    6      1.4781347200E-03   5.9988078955E-06  -2.2557306868E-01  -9.8315850098E-02   1.5219679912E-02
    7     -2.0169795607E-03   6.2384418621E-05  -9.7608638503E-02  -2.1522818563E-01   1.3974758901E-02
    8     -1.6813365810E-04  -9.7028333567E-04  -1.7464366912E-02  -1.6973980933E-02  -3.9119235281E-02
    9     -8.5146522996E-03  -6.1793931521E-05  -5.2408627620E-02  -1.5392138435E-03  -4.9578039893E-03
   10     -4.1954488896E-03  -3.3003019577E-05  -3.5020783517E-02   1.3513185241E-02   1.6155972849E-03
   11     -1.8945498746E-04   1.6598285186E-03  -3.5876897494E-03  -9.4448070670E-05   7.8191801701E-03
   12      3.4100928287E-02  -3.2665451177E-04   2.0393774820E-03   2.3419763519E-03   1.7786051929E-03
   13     -3.8926301562E-02   5.4244442510E-04   9.5319960751E-03  -5.5878619522E-03   2.8720026035E-04
   14      3.0829638592E-04   1.8615518608E-02  -1.5861911439E-04   9.3901431681E-04   4.8935523930E-03
   15      2.8092704347E-03  -1.6520321687E-04  -1.5980588271E-03  -7.4478209240E-03  -2.1828153168E-03
   16      5.5720780421E-03  -7.3129959978E-05  -7.0094730616E-03   8.9578218776E-04  -1.5407767144E-03
   17      8.5745118360E-05   3.2546275559E-03   4.1055696377E-05   7.7206099017E-05  -1.3227722639E-03
   18      8.2447627107E-02  -8.4756384814E-04   1.7364235358E-03   3.8161009925E-03   1.4573979352E-03
   19     -4.4803317738E-01   1.0640310864E-03  -2.6006581682E-03  -1.8730948492E-03  -7.1436774981E-04
   20      1.2116657931E-03  -8.0722500815E-02  -2.0190921275E-04   2.7004228506E-05   6.5619026222E-04
   21     -3.2083818520E-02   1.6234005650E-04  -2.0032268697E-03  -1.1499363961E-03  -5.2465001802E-04
   22     -1.1089195104E-01  -1.6563874641E-04   4.9054203196E-04   3.9591158279E-04   2.5333243434E-04
   23     -1.7990144333E-06   2.7558424157E-02   6.2599151375E-05  -5.7480339922E-05  -3.3962080315E-04
   24     -8.4095843744E-02   1.3099965727E-03  -1.1940450261E-03  -8.0044535459E-04  -5.6070508054E-04
   25      5.9229926103E-01  -1.5425087665E-03   1.0438860137E-03   1.6447356765E-03   6.5395312244E-04
   26     -1.5425087665E-03   3.1795435814E-02   5.3986811833E-06   3.0108234507E-05   8.0631840989E-05
   27      1.0438860137E-03   5.3986811833E-06   7.1819880248E-01  -6.3682605011E-02  -1.0164208530E-01
   28      1.6447356765E-03   3.0108234507E-05  -6.3682605011E-02   7.2783309347E-01  -9.1368179926E-02
   29      6.5395312244E-04   8.0631840989E-05  -1.0164208530E-01  -9.1368179926E-02   1.2018808089E-01
   30      5.7695827813E-04  -1.0726952559E-05   7.2809957163E-04  -9.4054187324E-04   1.8305876218E-04
   31     -2.0220106379E-04   1.4664348541E-05   5.4643104491E-04  -1.1578981622E-03   9.1107052329E-05
   32      7.8026302105E-06  -4.7006034550E-04  -7.6999847074E-05  -1.2721100794E-04   9.0078505124E-05
   33      9.4663293274E-05  -4.9704616322E-06   1.9104112699E-03  -6.8199242362E-04  -2.4960076044E-05
   34      3.9831866141E-04   2.1042651626E-06   9.4025088680E-04   1.8131577177E-03  -3.2237026033E-04
   35      3.0677409034E-05   1.2616527178E-04  -7.2322370528E-04   3.6482954746E-04  -2.6411041892E-03
   36      1.6674428145E-03  -6.5414198176E-05   2.0483046452E-03   8.0235226471E-04  -2.9251420006E-04
   37      2.5458295643E-03   4.3343978914E-05  -9.5643860170E-04   1.5831200118E-03  -1.5974276089E-04
   38      6.8582526606E-05  -7.5045482543E-05   2.9252942664E-04  -7.2077907072E-04  -3.0965113254E-03
   39     -1.2310385055E-03   6.0639078551E-06   5.6362667057E-04   1.1194806731E-04   1.9894022812E-04
   40      1.4685538562E-03  -4.8571360612E-06   7.5597164364E-05   3.8056332911E-04   1.1343057905E-04
   41      5.7798932037E-05   3.7221580862E-04  -1.2060721792E-04  -4.7007341070E-05  -3.4072436430E-04
   42     -9.2157164310E-05  -4.9194546810E-06  -3.5603622956E-01   1.0259548395E-01   1.1037283613E-01
   43     -2.6080774330E-05   1.7963280332E-05   1.0636053839E-01  -1.0574597971E-01  -2.8374404046E-02
   44     -1.0195078979E-04   1.0760635947E-05   1.4875269460E-01  -3.5439412963E-02  -5.0649623786E-02
   45      3.4233390466E-04   3.4575232875E-06  -9.4986889415E-02   9.2731560673E-02  -2.0994938891E-02
   46     -1.7693283562E-04  -3.4028395225E-05   8.8785520718E-02  -3.6964166758E-01   1.0858179944E-01
   47     -3.0854452022E-04  -7.6292800909E-05  -2.5987139850E-02   1.4732290931E-01  -4.8317329304E-02
                   30                 31                 32                 33                 34        
    0     -7.5036494430E-02   6.5952770163E-02   1.1647810091E-03  -1.8324119532E-02  -2.1830382509E-02
    1      6.6239510483E-02  -3.1786743636E-01  -4.7188521693E-03   9.0472106178E-03   1.0314243722E-02
    2      1.0099737895E-03  -4.6977197673E-03  -3.5735510358E-02  -4.6128657441E-05  -7.4846842174E-05
    3      9.0216165227E-03   7.5295463598E-03   1.3639718931E-04  -3.0682014093E-01   7.5500692657E-02
    4     -2.3008241798E-02  -1.7128573327E-02  -5.7505198019E-04   7.5515912337E-02  -8.1636024207E-02
    5     -4.2091432442E-04  -3.3629775908E-04   2.2522208920E-03  -7.7823925671E-04  -8.1360052501E-05
    6     -3.2689621659E-03  -3.8924856468E-03  -1.5056352225E-04  -6.6196861817E-03   3.0157695396E-02
    7     -3.3642425984E-03  -4.2548103300E-04  -9.6070973576E-05  -1.3511038314E-03  -3.6076007206E-03
    8     -2.6834285341E-04  -2.2278543857E-04   7.7124478084E-03  -1.4564953319E-04   1.2109839073E-04
    9     -9.9665760205E-04  -4.8288051385E-04   3.7270782198E-06   1.4617397067E-03   6.3186868702E-04
   10     -5.6259906767E-04   6.2607091005E-04   7.4313029357E-05   1.5236742297E-03  -6.0102976587E-03
   11      1.6029428822E-05   2.0218466511E-05  -8.5468025010E-04   2.8187658063E-05  -2.5017984592E-04
   12     -5.5329785002E-03   1.7038610631E-03  -7.0078571234E-05   9.2540986733E-04  -9.1891278978E-04
   13      3.1896517149E-04   1.7089502070E-03  -1.1532441779E-04  -5.3000361742E-04  -1.6949031768E-03
   14     -9.5190775539E-05  -1.0755736579E-04   7.0148615145E-03  -6.8805286950E-06  -2.1255222592E-05
   15     -3.3363677897E-03   3.6847392410E-04  -1.9320515147E-04  -1.0929110745E-03  -3.4853769405E-03
   16      3.0767398970E-02  -4.7665963939E-03   1.7494018089E-04  -4.4550411689E-03  -2.4987412169E-03
   17      5.3104319827E-04  -1.4868458088E-04   2.6255789682E-03  -1.6875842972E-04  -2.1006907275E-04
   18      7.3053801362E-04  -6.8269753865E-04  -3.8356318231E-05  -7.3287847051E-05  -6.3904100406E-05
   19      1.8361153259E-03  -1.5565866887E-04  -3.4331649186E-05  -1.2332139872E-04  -5.7008197304E-04
   20      1.7514890882E-05  -2.9909412775E-05   8.1423397242E-04   1.0166295708E-05   3.1598643633E-05
   21     -1.9706647276E-04   2.5462403423E-04   1.2766007322E-05  -9.8400586042E-05   2.6608700504E-05
   22     -2.1882880768E-04   5.9049475994E-05   5.6892904679E-06   2.1340559519E-04   3.3147167048E-04
   23     -4.3511043432E-06   4.3464354536E-06   9.3353779497E-06   1.7147836597E-07  -2.6760042153E-07
   24     -9.0903540362E-04   2.8765655651E-04   1.5528895274E-05  -1.4073852680E-04   1.9733807064E-04
   25      5.7695827813E-04  -2.0220106379E-04   7.8026302105E-06   9.4663293274E-05   3.9831866141E-04
   26     -1.0726952559E-05   1.4664348541E-05  -4.7006034550E-04  -4.9704616322E-06   2.1042651626E-06
   27      7.2809957163E-04   5.4643104491E-04  -7.6999847074E-05   1.9104112699E-03   9.4025088680E-04
   28     -9.4054187324E-04  -1.1578981622E-03  -1.2721100794E-04  -6.8199242362E-04   1.8131577177E-03
   29      1.8305876218E-04   9.1107052329E-05   9.0078505124E-05  -2.4960076044E-05  -3.2237026033E-04
   30      7.6940799618E-02  -7.1354704445E-02  -9.4852646608E-04   8.7798426952E-04   3.3230744254E-04
   31     -7.1354704445E-02   3.3796099391E-01   5.2567454714E-03  -4.2045690872E-05   8.8036256785E-04
   32     -9.4852646608E-04   5.2567454714E-03   2.5331679203E-02   5.6006535539E-05   1.0475414161E-04
   33      8.7798426952E-04  -4.2045690872E-05   5.6006535539E-05   3.2874135837E-01  -8.0871394847E-02
   34      3.3230744254E-04   8.8036256785E-04   1.0475414161E-04  -8.0871394847E-02   8.2908162683E-02
   35      4.3510362388E-05   8.1989524401E-05  -3.9543361218E-03   1.0988219785E-03   7.2271258604E-05
   36      4.9824800896E-05   1.0545748802E-05   1.9880518067E-05  -2.4019257523E-04   1.4788964999E-03
   37      3.7383010979E-05   2.6989708021E-06   2.9833238985E-06   3.2176118376E-05  -1.5786237824E-04
   38      6.7760196121E-06   1.7258617253E-05  -7.5683604560E-04  -5.8710692761E-06   2.4406338727E-05
   39      1.1383920751E-03  -2.5673912131E-05   3.2027424703E-05  -8.7123043077E-04  -9.8138314059E-04
   40     -3.5802348235E-04   6.5144980462E-04   7.5165658894E-05   5.1613827099E-04   3.9410634142E-04
   41      2.8209776633E-05   1.0421828349E-04  -3.8929724948E-03   2.9832317134E-06  -4.9146994648E-07
   42      5.6174925531E-05   8.3696534800E-05   5.2936758816E-05   1.7224533030E-04  -8.4707401293E-04
   43      2.3982437432E-05   2.2352776074E-05  -1.7363952430E-05   1.0572648131E-03  -1.1134237705E-03
   44      9.1305680805E-06   3.1592308142E-05   1.8269761137E-05   5.7714940181E-05   4.8351516011E-04
   45     -2.6586743235E-04  -2.6465238615E-04  -1.8356655526E-05   1.9155887059E-04  -2.2170158050E-04
   46     -3.1790434275E-04  -2.0808361609E-04  -1.2830783474E-05   8.9292847002E-06   2.4911173832E-04
   47     -9.5159204552E-05  -8.4542976039E-05  -2.0431038705E-04  -8.1924459980E-05   1.2685755490E-04
                   35                 36                 37                 38                 39        
    0     -4.2434710009E-04  -1.4105753339E-03   1.9263968287E-04  -1.0680994399E-06  -1.5663926322E-02
    1      1.7847937326E-04  -5.1663846405E-04   7.9983630828E-04  -4.1930399293E-05  -2.0813331739E-02
    2      1.6326961012E-03   5.0013902515E-06   4.5337125336E-06  -7.2603493333E-04  -4.9467497979E-04
    3     -1.1529884921E-03  -5.4053947099E-03   9.5869787139E-04  -1.5977033320E-04  -3.8290496170E-03
    4     -2.5000394563E-04   7.5495694241E-04   1.2286861543E-03  -3.9951714960E-05   2.9861479198E-03
    5     -3.2947361626E-02  -1.8403443656E-04   3.3571662711E-06   5.5864922298E-03  -1.8956543649E-05
    6      5.2186281380E-04  -2.6989428064E-03  -3.3352474812E-04  -1.4691279337E-04  -9.4708668324E-04
    7     -1.0855943273E-04   2.8562052358E-02  -4.8428116515E-03   2.5026367507E-04   8.0295449895E-04
    8      4.4428512523E-03   2.7197634293E-04  -1.4454971469E-04   5.4785215327E-03  -5.4165895654E-05
    9     -3.7959958097E-05  -7.2804913455E-02   6.6959631782E-02   3.8451156792E-04   2.9240691574E-04
   10     -2.2190043032E-04   6.8072503387E-02  -3.2188148773E-01  -2.9979514451E-03   2.4695039779E-03
   11      5.2340984101E-03   5.6494994764E-04  -2.6399572941E-03  -3.2487930795E-02  -4.0890824920E-05
   12     -5.8100885531E-05   1.1592015772E-02   6.5208165825E-03   1.3055140915E-04   8.9528336047E-03
   13      3.0147482283E-05  -1.9675095224E-02  -1.8034547677E-02  -3.4396995808E-04   4.0096111783E-03
   14      1.0737928755E-04  -1.8987969973E-04  -2.4722182940E-04   2.6164595641E-03   1.4862861385E-04
   15     -7.9362020372E-05  -3.6646159680E-03  -4.3763010184E-03  -6.6708881466E-05  -2.0565449674E-01
   16     -1.8493331700E-04  -3.4043095409E-03  -1.7253741987E-04  -9.0906273752E-05  -1.4596009001E-01
   17      7.5142194198E-03  -1.6166729059E-04  -1.1179776799E-04   4.5826797738E-03  -4.0202632755E-03
   18      4.7065297916E-05   1.4924142897E-03   1.9027284019E-03   7.6520130178E-05   3.3461583670E-04
   19     -2.5065215541E-05  -2.2890357910E-03  -3.6335733869E-03  -5.8487943271E-05  -3.7158720414E-04
   20     -1.2580038852E-03   1.1825732157E-04   9.4020167820E-05  -4.6263278528E-03   3.6870130149E-05
   21      5.4769365824E-06   8.6906843530E-04  -1.5444443005E-04   2.6698246680E-05  -4.1094849575E-03
   22      1.6163148119E-05   1.6845775785E-03   6.5082614992E-04   6.4386629476E-05   2.6889652219E-03
   23      1.6252836386E-05  -1.6139051198E-05  -2.8473008983E-06   4.7452165170E-04   7.3781102367E-06
   24     -1.2156330027E-05  -4.6063422161E-03   2.6592406523E-03  -5.0551059455E-05   9.8255044421E-05
   25      3.0677409034E-05   1.6674428145E-03   2.5458295643E-03   6.8582526606E-05  -1.2310385055E-03
   26      1.2616527178E-04  -6.5414198176E-05   4.3343978914E-05  -7.5045482543E-05   6.0639078551E-06
   27     -7.2322370528E-04   2.0483046452E-03  -9.5643860170E-04   2.9252942664E-04   5.6362667057E-04
   28      3.6482954746E-04   8.0235226471E-04   1.5831200118E-03  -7.2077907072E-04   1.1194806731E-04
   29     -2.6411041892E-03  -2.9251420006E-04  -1.5974276089E-04  -3.0965113254E-03   1.9894022812E-04
   30      4.3510362388E-05   4.9824800896E-05   3.7383010979E-05   6.7760196121E-06   1.1383920751E-03
   31      8.1989524401E-05   1.0545748802E-05   2.6989708021E-06   1.7258617253E-05  -2.5673912131E-05
   32     -3.9543361218E-03   1.9880518067E-05   2.9833238985E-06  -7.5683604560E-04   3.2027424703E-05
   33      1.0988219785E-03  -2.4019257523E-04   3.2176118376E-05  -5.8710692761E-06  -8.7123043077E-04
   34      7.2271258604E-05   1.4788964999E-03  -1.5786237824E-04   2.4406338727E-05  -9.8138314059E-04
   35      2.2252855365E-02   3.4931264212E-05  -1.0993956423E-05  -4.3934151111E-04  -1.7768220348E-05
   36      3.4931264212E-05   7.5047601695E-02  -7.4889709468E-02  -6.4046307905E-04   6.1984200035E-04
   37     -1.0993956423E-05  -7.4889709468E-02   3.4240840689E-01   3.0823363292E-03   4.2415768888E-04
   38     -4.3934151111E-04  -6.4046307905E-04   3.0823363292E-03   2.2377890644E-02  -4.7488795121E-06
