*************************************************
******************* ORCA 6.0.0 ******************
*************************************************
$Calculation_Status
   &GeometryIndex 1
   &ListStatus       OUT
   &VERSION [&Type "String"] "6.0.0"
   &PROGNAME [&Type "String"] "LeanSCF"
   &STATUS [&Type "String"] "NORMAL TERMINATION"
$End
$Geometry
   &GeometryIndex 1
   &ListStatus       OUT
   &NATOMS [&Type "Integer"] 12
   &NCORELESSECP [&Type "Integer"] 0
   &NGHOSTATOMS [&Type "Integer"] 0
   &CartesianCoordinates [&Type "Coordinates", &Dim(12,4), &Units "Bohr"] 
              C      4.004138706780    0.034823436291    0.000344228166
              N      1.248752387736   -0.011271419491    0.000821921831
              C     -0.255887181035   -2.133256806215    0.000164239311
              C     -2.695628116114   -1.262317902439   -0.000378615891
              N     -2.732848762035    1.347113883060   -0.000208362715
              C     -0.320076927622    2.019959636648    0.000501430137
              H      4.734926749868   -0.904762629967   -1.687659342452
              H      4.632956319257    1.997908138932    0.009178921208
              H      4.735121437391   -0.919939262055    1.679672358444
              H      0.539527174871   -4.012322689635    0.000228559163
              H     -4.415973421469   -2.363582138048   -0.000733294053
              H      0.395766954652    3.935193698704    0.000808733999
$End
$SCF_Energy
   &GeometryIndex 1
   &ListStatus       OUT
   &SCF_ENERGY [&Type "Double"]      -2.6548111424425474e+02
$End
$DFT_Energy
   &GeometryIndex 1
   &ListStatus       OUT
   &NALPHAEL [&Type "Integer"] 22
   &NBETAEL [&Type "Integer"] 22
   &NTOTALEL [&Type "Integer"] 44
   &EEXCHANGE [&Type "Double"]      -3.6231257590628026e+01
   &ECORR [&Type "Double"]      -1.4217379336610920e+00
   &ECNL [&Type "Double"]       0.0000000000000000e+00
   &EXC [&Type "Double"]      -3.7652995524289118e+01
   &EEMBED [&Type "Double"]       0.0000000000000000e+00
   &FINALEN [&Type "Double"]      -2.6548111424425474e+02  "No Van der Waals correction"
$End
$Mulliken_Population_Analysis
   &GeometryIndex 1
   &ListStatus       OUT
   &NATOMS [&Type "Integer"] 12
   &ATNO [&Type "ArrayOfIntegers", &Dim (12,1)] 
                                                         0

0                                                        6
1                                                        7
2                                                        6
3                                                        6
4                                                        7
5                                                        6
6                                                        1
7                                                        1
8                                                        1
9                                                        1
10                                                       1
11                                                       1
   &ATOMICCHARGES [&Type "ArrayOfDoubles", &Dim (12,1)] 
                                                         0

0                                     -2.5945544374667229e-01
1                                     -9.8042114767853406e-03
2                                     -1.2258737295716049e-01
3                                     -8.9946515478910527e-02
4                                     -3.2453281938812051e-01
5                                      2.4197402050281092e-02
6                                      1.3339261671006564e-01
7                                      1.2715501762162429e-01
8                                      1.3335603023354881e-01
9                                      1.3193015598205948e-01
10                                     1.1864888988061328e-01
11                                     1.3764625056935853e-01
$End
$Loewdin_Population_Analysis
   &GeometryIndex 1
   &ListStatus       OUT
   &NATOMS [&Type "Integer"] 12
   &ATNO [&Type "ArrayOfIntegers", &Dim (12,1)] 
                                                         0

0                                                        6
1                                                        7
2                                                        6
3                                                        6
4                                                        7
5                                                        6
6                                                        1
7                                                        1
8                                                        1
9                                                        1
10                                                       1
11                                                       1
   &ATOMICCHARGES [&Type "ArrayOfDoubles", &Dim (12,1)] 
                                                         0

0                                     -2.5748609401098044e-01
1                                      2.1352812054526193e-01
2                                     -2.3392654780199695e-01
3                                     -2.5688338700512059e-01
4                                      7.2173830407235684e-02
5                                     -2.9735860063291941e-01
6                                      1.2149405131328406e-01
7                                      1.2593367399869626e-01
8                                      1.2153408573436297e-01
9                                      1.3287462348928947e-01
10                                     1.2897913104149827e-01
11                                     1.2913711292128516e-01
$End
$Mayer_Population_Analysis
   &GeometryIndex 1
   &ListStatus       OUT
   &NATOMS [&Type "Integer"] 12 "Total number of atoms"
   &BONDTHRESH [&Type "Double"]       1.0000000000000001e-01  "The threshold for printing"
   &NBONDORDERSPRINT [&Type "Integer"] 12 "The number of bond orders larger than threshold"
   &BONDORDERS [&Type "ArrayOfDoubles", &Dim (12,1)] "The bond orders"
                                                         0

0                                      9.1156803788709173e-01
1                                      9.6481012444178482e-01
2                                      9.6978950672416453e-01
3                                      9.6491446196946518e-01
4                                      1.1282373296725567e+00
5                                      1.2188639272389052e+00
6                                      1.5931818551342072e+00
7                                      9.5959865416034928e-01
8                                      1.3384907537249164e+00
9                                      9.7900401074001386e-01
10                                     1.6181093833260010e+00
11                                     9.5847056776551409e-01
   &COMPONENTS [&Type "ArrayOfIntegers", &Dim (12,4)] "The indices and atomic numbers of the bonding atoms"
                                                         0                           1                           2                           3

0                                                        0                           6                           1                           7
1                                                        0                           6                           6                           1
2                                                        0                           6                           7                           1
3                                                        0                           6                           8                           1
4                                                        1                           7                           2                           6
5                                                        1                           7                           5                           6
6                                                        2                           6                           3                           6
7                                                        2                           6                           9                           1
8                                                        3                           6                           4                           7
9                                                        3                           6                          10                           1
10                                                       4                           7                           5                           6
11                                                       5                           6                          11                           1
   &ATNO [&Type "ArrayOfIntegers", &Dim (12,1)] "Atomic number of the elements"
                                                         0

0                                                        6
1                                                        7
2                                                        6
3                                                        6
4                                                        7
5                                                        6
6                                                        1
7                                                        1
8                                                        1
9                                                        1
10                                                       1
11                                                       1
   &NA [&Type "ArrayOfDoubles", &Dim (12,1)] "Mulliken gross atomic population"
                                                         0

0                                      6.2594554437466821e+00
1                                      7.0098042114767818e+00
2                                      6.1225873729571321e+00
3                                      6.0899465154789132e+00
4                                      7.3245328193881374e+00
5                                      5.9758025979496754e+00
6                                      8.6660738328993414e-01
7                                      8.7284498237837604e-01
8                                      8.6664396976645230e-01
9                                      8.6806984401793985e-01
10                                     8.8135111011938638e-01
11                                     8.6235374943064147e-01
   &ZA [&Type "ArrayOfDoubles", &Dim (12,1)] "Total nuclear charge"
                                                         0

0                                      6.0000000000000000e+00
1                                      7.0000000000000000e+00
2                                      6.0000000000000000e+00
3                                      6.0000000000000000e+00
4                                      7.0000000000000000e+00
5                                      6.0000000000000000e+00
6                                      1.0000000000000000e+00
7                                      1.0000000000000000e+00
8                                      1.0000000000000000e+00
9                                      1.0000000000000000e+00
10                                     1.0000000000000000e+00
11                                     1.0000000000000000e+00
   &QA [&Type "ArrayOfDoubles", &Dim (12,1)] "Mulliken gross atomic charge"
                                                         0

0                                     -2.5945544374668206e-01
1                                     -9.8042114767817878e-03
2                                     -1.2258737295713207e-01
3                                     -8.9946515478913192e-02
4                                     -3.2453281938813738e-01
5                                      2.4197402050324612e-02
6                                      1.3339261671006586e-01
7                                      1.2715501762162396e-01
8                                      1.3335603023354770e-01
9                                      1.3193015598206015e-01
10                                     1.1864888988061362e-01
11                                     1.3764625056935853e-01
   &VA [&Type "ArrayOfDoubles", &Dim (12,1)] "Mayer's total valence"
                                                         0

0                                      3.8685912825259510e+00
1                                      3.2790137283624752e+00
2                                      3.8197017844122660e+00
3                                      4.0059226394289080e+00
4                                      3.0656757379376764e+00
5                                      3.9634227631287668e+00
6                                      9.6524323864668349e-01
7                                      9.7828944201870227e-01
8                                      9.6533279999671162e-01
9                                      9.8331028659580921e-01
10                                     9.9167952959264549e-01
11                                     9.8365915370169010e-01
   &BVA [&Type "ArrayOfDoubles", &Dim (12,1)] "Mayer's bonded valence"
                                                         0

0                                      3.8685912825259732e+00
1                                      3.2790137283625871e+00
2                                      3.8197017844122461e+00
3                                      4.0059226394289560e+00
4                                      3.0656757379377364e+00
5                                      3.9634227631288947e+00
6                                      9.6524323864667638e-01
7                                      9.7828944201871559e-01
8                                      9.6533279999669774e-01
9                                      9.8331028659577147e-01
10                                     9.9167952959263383e-01
11                                     9.8365915370169454e-01
   &FA [&Type "ArrayOfDoubles", &Dim (12,1)] "Mayer's free valence"
                                                         0

0                                      0.0000000000000000e+00
1                                      0.0000000000000000e+00
2                                      0.0000000000000000e+00
3                                      0.0000000000000000e+00
4                                      0.0000000000000000e+00
5                                      0.0000000000000000e+00
6                                      0.0000000000000000e+00
7                                      0.0000000000000000e+00
8                                      0.0000000000000000e+00
9                                      0.0000000000000000e+00
10                                     0.0000000000000000e+00
11                                     0.0000000000000000e+00
$End
$VdW_Correction
   &GeometryIndex 1
   &ListStatus       OUT
   &VDW [&Type "Double"]      -3.0589768342590461e-03
$End
$Calculation_Info
   &GeometryIndex 1
   &ListStatus       OUT
   &MULT [&Type "Integer"] 1
   &CHARGE [&Type "Integer"] 0
   &NUMOFATOMS [&Type "Integer"] 12
   &NUMOFELECTRONS [&Type "Integer"] 44
   &NUMOFFCELECTRONS [&Type "Integer"] 1
   &NUMOFCORRELECTRONS [&Type "Integer"] 0
   &NUMOFBASISFUNCTS [&Type "Integer"] 222
   &NUMOFAUXCBASISFUNCTS [&Type "Integer"] 0
   &NUMOFAUXJBASISFUNCTS [&Type "Integer"] 246
   &NUMOFAUXJKBASISFUNCTS [&Type "Integer"] 0
   &NUMOFCABSBASISFUNCTS [&Type "Integer"] 0
   &TOTALENERGY [&Type "Double"]      -2.6547254900338902e+02  "Hartrees"
$End
$SCF_Dipole_Moment
   &GeometryIndex 1
   &ListStatus       OUT
   &METHOD [&Type "String"] "SCF"
   &LEVEL [&Type "String"] "Relaxed density"
   &MULT [&Type "Integer"] 1
   &STATE [&Type "Integer"] -1
   &IRREP [&Type "Integer"] 0
   &NATOMS [&Type "Integer"] 12
   &DODIPOLEATOM [&Type "Boolean"] false
   &DIPOLEELECCONTRIB [&Type "ArrayOfDoubles", &Dim (3,1)] "Electronic contribution"
                                                         0

0                                     -3.7302172643603626e+00
1                                      6.9915465032347224e-01
2                                      1.0940615569464906e-04
   &DIPOLENUCCONTRIB [&Type "ArrayOfDoubles", &Dim (3,1)] "Nuclear contribution"
                                                         0

0                                      5.3158464638133074e+00
1                                     -1.1335140988627810e+00
2                                      1.0162709192081945e-04
   &DIPOLETOTAL [&Type "ArrayOfDoubles", &Dim (3,1)] "Total"
                                                         0

0                                      1.5856291994529448e+00
1                                     -4.3435944853930875e-01
2                                      2.1103324761546850e-04
   &DIPOLEMAGNITUDE [&Type "Double", &Units "a.u."]       1.6440462685788959e+00
$End
$THERMOCHEMISTRY_Energies
   &GeometryIndex 1
   &ListStatus       OUT
   &TEMPERATURE [&Type "Double"]       2.9814999999999998e+02
   &PRESSURE [&Type "Double"]       1.0000000000000000e+00
   &TOTALMASS [&Type "Double"]       8.2105999999999995e+01
   &SPINDEGENERACY [&Type "Integer"] 1
   &ELENERGY [&Type "Double"]      -2.6547254900338902e+02
   &TRANSENERGY [&Type "Double"]       1.4162714244859817e-03
   &ROTENERGY [&Type "Double"]       1.4162714244859817e-03
   &VIBENERGY [&Type "Double"]       2.6008446893032865e-03
   &NUMOFFREQS [&Type "Integer"] 36
   &FREQSCALINGFACTOR [&Type "Double"]       1.0000000000000000e+00
   &FREQ [&Type "ArrayOfDoubles", &Dim (36,1)] "In cm^-1"
                                                         0

0                                      0.0000000000000000e+00
1                                      0.0000000000000000e+00
2                                      0.0000000000000000e+00
3                                      0.0000000000000000e+00
4                                      0.0000000000000000e+00
5                                      0.0000000000000000e+00
6                                      6.0077758893905930e+01
7                                      2.1665574214533962e+02
8                                      3.5305495371210458e+02
9                                      6.2729770980440321e+02
10                                     6.7174666731486775e+02
11                                     6.8105966923380777e+02
12                                     7.1185902865105027e+02
13                                     7.8942208828857395e+02
14                                     8.4745725743036462e+02
15                                     9.1671339738947347e+02
16                                     1.0433438026807542e+03
17                                     1.0753038303069784e+03
18                                     1.0874731853273900e+03
19                                     1.1217777804950458e+03
20                                     1.1398080964380188e+03
21                                     1.2431020079383195e+03
22                                     1.2929492038214073e+03
23                                     1.3487289535312129e+03
24                                     1.3883331961372301e+03
25                                     1.4330931086132725e+03
26                                     1.4752114304456720e+03
27                                     1.5007278032214504e+03
28                                     1.5147948875044917e+03
29                                     1.5386499403197122e+03
30                                     3.0264939478426777e+03
31                                     3.1003430390671260e+03
32                                     3.1320878659220621e+03
33                                     3.2262880525099645e+03
34                                     3.2279937664066165e+03
35                                     3.2510859293901563e+03
   &ZPE [&Type "Double"]       9.8059019148718812e-02
   &INNERENERGYU [&Type "Double"]      -2.6536905659670202e+02
   &ENTHALPYH [&Type "Double"]      -2.6536811238765978e+02
   &QEL [&Type "Double"]       0.0000000000000000e+00
   &QROT [&Type "Double"]       1.2220227181431011e-02
   &QVIB [&Type "Double"]       4.2806446381716563e-03
   &QTRANS [&Type "Double"]       1.8592011333475697e-02
   &ENTROPYS [&Type "Double"]       3.5092883153078361e-02
   &FREEENERGYG [&Type "Double"]      -2.6540320527081286e+02
   &ISLINEAR [&Type "Boolean"] false
$End
$Hessian
   &GeometryIndex 1
   &ListStatus       OUT
   &HESSIAN [&Type "ArrayOfDoubles", &Dim (36,36)] "The Hessian"
                                                         0                           1                           2                           3                           4                           5                           6                           7

0                                      4.5655471294264260e-01        -2.5228966452404836e-03         2.2605469036334692e-05        -2.1087871281918247e-01        -1.4244777606400531e-03         7.4827621723678556e-05        -1.7997016457087869e-02        -3.1193108898401115e-03
1                                     -2.5228966452404836e-03         6.0499311792406696e-01         9.4572838794335315e-06         1.3184984927918112e-03        -1.1051700259158379e-01        -5.8294458775606722e-06        -2.9974579201813064e-02         9.3196413750029003e-03
2                                      2.2605469036334692e-05         9.4572838794335315e-06         5.6579363181631548e-01         7.3565586880559102e-05        -1.1642837452371778e-05        -5.8031063769838374e-02        -5.2563335796378826e-05        -1.8661137558012279e-05
3                                     -2.1087871281918247e-01         1.3184984927918112e-03         7.3565586880559102e-05         7.7868975239375193e-01        -1.1409975349830388e-02        -2.0807568819360980e-05        -1.6487565993587794e-01        -8.0948832630650475e-02
4                                     -1.4244777606400531e-03        -1.1051700259158379e-01        -1.1642837452371778e-05        -1.1409975349830388e-02         6.3687419321587480e-01         4.5518317100024387e-05        -6.8932339519724106e-02        -2.3176813479880126e-01
5                                      7.4827621723678556e-05        -5.8294458775606722e-06        -5.8031063769838374e-02        -2.0807568819360980e-05         4.5518317100024387e-05         1.3230243703432792e-01         1.2668087014337584e-06        -2.7489891894010036e-05
6                                     -1.7997016457087869e-02        -2.9974579201813064e-02        -5.2563335796378826e-05        -1.6487565993587794e-01        -6.8932339519724106e-02         1.2668087014337584e-06         6.5937345179964579e-01        -1.4412105479888740e-01
7                                     -3.1193108898401115e-03         9.3196413750029003e-03        -1.8661137558012279e-05        -8.0948832630650475e-02        -2.3176813479880126e-01        -2.7489891894010036e-05        -1.4412105479888740e-01         7.8927877283216463e-01
8                                      1.9565728428716888e-07        -2.5303959883832695e-06        -4.6075843106130610e-03        -2.6414664046259042e-05        -3.8456693605375553e-05        -6.0098068510156005e-02         1.2128149562180737e-04         2.0236815076584948e-05
9                                      2.5490506886327131e-03        -3.7360341220759540e-03         1.0372846656612105e-05        -8.3901163263975981e-02        -5.7274010199275291e-02        -5.6399509588964206e-05        -3.5269093358020936e-01         8.7751732110536301e-02
10                                    -1.3688678096646493e-03        -9.5232359123216849e-03        -1.4071251590068441e-05         3.1802927448796627e-03         1.8132726441196650e-04         3.2829725900688036e-05         7.1784325620484854e-02        -1.2100739852602296e-01
11                                    -6.5366318599182759e-06         5.2504212960965269e-06         1.1559374756280965e-03        -1.9942534689576950e-05        -1.7734829124028972e-05         1.3952490901661278e-02        -6.0426404040040459e-05         1.7932028980023971e-05
12                                     3.4581280937744166e-03         9.8266520047305093e-03         2.4814387892241917e-05        -9.8540370533151803e-02         4.7916402890945752e-02        -4.9738210888597313e-05        -1.6373065459970582e-03         6.7572927500693597e-03
13                                     3.9837401620706385e-03        -2.8578668702260992e-03         1.4969321194105250e-05        -1.1252864363010089e-02        -9.8286335834661398e-03        -3.9849066996760459e-05         7.6453994832614308e-02        -5.5181087926595804e-02
14                                    -4.5436311944946294e-06        -1.2098714196170870e-05         8.8779496457726554e-03        -3.2446996036913823e-05         7.9807905383055782e-06         1.9680081441178963e-02         9.8466644550045439e-07        -2.9781085085560994e-06
15                                    -2.5944465686470942e-02         1.8296745689329014e-02        -6.6877279923561805e-05        -1.6272726237681376e-01         8.8663061621483047e-02         2.1658084610805126e-05        -3.5944743037410604e-03         2.5169162083039959e-02
16                                     2.3624402726457119e-03         1.4532434890490342e-02         2.2039947851684538e-05         9.3844922304009551e-02        -2.4833520322814148e-01        -5.2425289228160966e-07        -2.3112232821309881e-02        -1.0027113590819806e-01
17                                     6.4968343065482911e-06         9.7576011296588762e-06        -9.1394521071787582e-03        -1.0370999393032161e-05         1.2717125359017201e-05        -5.8854674301026477e-02        -1.7249597214552019e-05        -1.4004640231808249e-05
18                                    -7.1217825859075851e-02         3.5595142663561709e-02         6.6257685888381171e-02        -2.7181854961779210e-02         2.0550704295256714e-02         2.6948441250228924e-02         3.4253574930851924e-03         1.8638720788014700e-03
19                                     3.9127101640832794e-02        -1.0438893202195290e-01        -9.9318458449922653e-02         5.0436997825458948e-04         1.0636981315947352e-03         2.1368350463084693e-03        -1.8611017211587525e-04         6.5195161325448713e-04
20                                     7.0359126904549193e-02        -1.0039537209331491e-01        -2.2915234561662526e-01         2.3621465226235580e-03         2.0449051932856367e-03         6.7260689739766927e-03        -2.5715180962017532e-04        -5.7567252906105012e-04
21                                    -6.9222907187650590e-02        -6.5239409836563331e-02        -3.0873779099129851e-04        -1.8957461746119189e-02        -4.0654994758464548e-02        -1.3671294405580303e-04        -4.0211933750675024e-03         4.7340479423493686e-03
22                                    -7.6699635623394380e-02        -2.9707812633594421e-01        -1.1221359935134189e-03        -1.5952770509000784e-03         9.9723472376589579e-04         2.1239517030207071e-05         4.3785593712961784e-04         1.0933668774113113e-03
23                                    -3.5421182544561003e-04        -1.1346857722123905e-03        -4.6757336578368711e-02         7.3858988909716373e-06         3.2672317911881826e-05        -1.7040011397789576e-03         1.8811065426251805e-05         8.1618374051124754e-06
24                                    -7.1284124442054397e-02         3.6205697461373969e-02        -6.5982300412209594e-02        -2.7133547919777908e-02         2.0863820495753492e-02        -2.6794685974678330e-02         3.4241957119704736e-03         1.8466574463863209e-03
25                                     3.9815902170092989e-02        -1.0619657288011906e-01         1.0043674212512835e-01         5.0656976639392934e-04         1.0767906268893965e-03        -2.1586917192804797e-03        -1.8674739418383940e-04         6.5902449845190543e-04
26                                    -7.0098777068736670e-02         1.0152474357861874e-01        -2.2736596452230046e-01        -2.3206741463062050e-03        -2.0749523968349899e-03         6.6599091352089954e-03         2.5664748024920004e-04         5.7617004449584969e-04
27                                     1.3821884453680531e-03         5.7152321517400058e-04         6.5982039316231441e-06         1.1583215784423128e-02        -2.3974407338475705e-02         2.3628490083511053e-06        -1.0670402382314964e-01         1.1419922107961257e-01
28                                     1.6283108989523865e-03         6.2193436250239592e-04         1.8522530929381759e-06         1.2230700689296943e-02        -1.8628062977451232e-02         3.7060546116478453e-06         1.0422458208617998e-01        -3.0281104914938545e-01
29                                     3.1711800839511054e-06        -3.9551980528708633e-06        -5.2293989865485218e-04         2.6982963159917222e-06        -1.1092392505816548e-05        -4.1757337752021586e-03        -1.5056896620780307e-05         1.1465539240331334e-05
30                                     3.2719486200189071e-04        -1.2548495441090943e-03        -1.7981425279377828e-07        -4.4223585826051702e-03         2.7049915736102464e-03        -1.3265457776792021e-06        -1.0471866744338559e-02        -1.6867671589650149e-02
31                                     2.4429140492534997e-05         9.5971956846699065e-04         1.4860484337537739e-06         4.0033307883688843e-03        -6.8300241398266774e-04        -5.2619902178150974e-07         9.1557648190480206e-03         1.0738148410031815e-02
32                                     1.6856085444183154e-06         1.9352711349031493e-06         1.4865357674175175e-03        -5.0814962672905599e-06         1.2143939825917056e-06         5.4870270264820407e-03        -2.1540573347444080e-06        -3.2620478549650615e-06
33                                     2.2737774191024722e-03         9.2978251866865499e-04         6.6002236046997547e-06         8.3454239611084578e-03         2.2872750708628771e-02         5.7387224844402111e-06        -4.2305302392325137e-03         2.6716313733133965e-03
34                                    -1.8230082521351191e-03         1.3488849161826487e-04        -3.3158408947660244e-06        -1.0283262028872274e-02        -2.0433204369110169e-02        -7.2268714543146721e-06         4.5197936574968185e-03        -7.0209929731358464e-04
35                                     4.3759084986703038e-06         5.0659949344767321e-06        -1.7373679015543415e-03        -4.6824821013424510e-06         8.8797978112776141e-06        -1.9444730168339322e-03         3.9034332118123219e-07         2.2614169456234366e-06
                                                         8                           9                          10                          11                          12                          13                          14                          15

0                                      1.9565728428716888e-07         2.5490506886327131e-03        -1.3688678096646493e-03        -6.5366318599182759e-06         3.4581280937744166e-03         3.9837401620706385e-03        -4.5436311944946294e-06        -2.5944465686470942e-02
1                                     -2.5303959883832695e-06        -3.7360341220759540e-03        -9.5232359123216849e-03         5.2504212960965269e-06         9.8266520047305093e-03        -2.8578668702260992e-03        -1.2098714196170870e-05         1.8296745689329014e-02
2                                     -4.6075843106130610e-03         1.0372846656612105e-05        -1.4071251590068441e-05         1.1559374756280965e-03         2.4814387892241917e-05         1.4969321194105250e-05         8.8779496457726554e-03        -6.6877279923561805e-05
3                                     -2.6414664046259042e-05        -8.3901163263975981e-02         3.1802927448796627e-03        -1.9942534689576950e-05        -9.8540370533151803e-02        -1.1252864363010089e-02        -3.2446996036913823e-05        -1.6272726237681376e-01
4                                     -3.8456693605375553e-05        -5.7274010199275291e-02         1.8132726441196650e-04        -1.7734829124028972e-05         4.7916402890945752e-02        -9.8286335834661398e-03         7.9807905383055782e-06         8.8663061621483047e-02
5                                     -6.0098068510156005e-02        -5.6399509588964206e-05         3.2829725900688036e-05         1.3952490901661278e-02        -4.9738210888597313e-05        -3.9849066996760459e-05         1.9680081441178963e-02         2.1658084610805126e-05
6                                      1.2128149562180737e-04        -3.5269093358020936e-01         7.1784325620484854e-02        -6.0426404040040459e-05        -1.6373065459970582e-03         7.6453994832614308e-02         9.8466644550045439e-07        -3.5944743037410604e-03
7                                      2.0236815076584948e-05         8.7751732110536301e-02        -1.2100739852602296e-01         1.7932028980023971e-05         6.7572927500693597e-03        -5.5181087926595804e-02        -2.9781085085560994e-06         2.5169162083039959e-02
8                                      1.0874675362371207e-01        -4.9481594817424112e-05         7.5478232773835903e-06        -6.3531178912653405e-02        -1.2130239445733732e-05         2.0460310009992538e-05         1.8280999049150953e-02        -7.3927231931612091e-06
9                                     -4.9481594817424112e-05         8.3550548016509174e-01         1.1668494158614853e-01         1.6017801253024949e-04        -1.0052370833147256e-01         1.5917894175710233e-02         5.5690393120295367e-06        -2.6466812074503385e-02
10                                     7.5478232773835903e-06         1.1668494158614853e-01         5.7119550655452778e-01         4.5430728256346107e-05         1.3897667763909383e-03        -2.4480688367374626e-01        -1.9122548105472858e-05        -8.6254661008724837e-02
11                                    -6.3531178912653405e-02         1.6017801253024949e-04         4.5430728256346107e-05         1.3211454859410762e-01         5.4595950453119706e-06        -7.9415081170809872e-06        -7.1320191220496001e-02        -2.5409434102180540e-05
12                                    -1.2130239445733732e-05        -1.0052370833147256e-01         1.3897667763909383e-03         5.4595950453119706e-06         5.4720431147288673e-01         1.8437174130431125e-02         9.5893469689805629e-05        -3.3828077869918682e-01
13                                     2.0460310009992538e-05         1.5917894175710233e-02        -2.4480688367374626e-01        -7.9415081170809872e-06         1.8437174130431125e-02         4.4460509458726893e-01         3.9781874518500250e-05        -7.7005790059437113e-02
14                                     1.8280999049150953e-02         5.5690393120295367e-06        -1.9122548105472858e-05        -7.1320191220496001e-02         9.5893469689805629e-05         3.9781874518500250e-05         1.0794128406524484e-01        -6.3551464699092630e-05
15                                    -7.3927231931612091e-06        -2.6466812074503385e-02        -8.6254661008724837e-02        -2.5409434102180540e-05        -3.3828077869918682e-01        -7.7005790059437113e-02        -6.3551464699092630e-05         6.4610837286014289e-01
16                                    -1.0106633695557645e-05        -3.1455715115628453e-02        -6.6639008418561879e-02        -8.7571041889366540e-06        -5.1260429422890857e-02        -1.1597535945404311e-01        -1.8542447509827182e-05         1.1755569543589128e-01
17                                     1.6714818325762423e-02        -1.8341324930749078e-05        -2.1925907755342266e-05         1.0097282504252632e-02        -5.0046723546171824e-05        -2.9878512473400549e-05        -7.8184406374351673e-02         1.2704540408279579e-04
18                                     1.9452623596113430e-04        -1.4718100376692677e-03         2.3916539987259801e-03        -8.2842575524616100e-05        -3.7476153736173052e-03        -1.0004433194316835e-03        -1.9049078684798154e-03         1.0922185337979909e-03
19                                     4.2831314584593813e-04         3.6992435841276094e-04         2.4539628393941164e-04         1.7953290260907243e-04        -5.6951919573332722e-04         1.5822694716616410e-04         3.3630873478801397e-04         8.8495481638644572e-04
20                                     6.6062284715748764e-04         7.4324882594120471e-04        -3.2583523845839107e-04        -9.0238062154221520e-06         1.8550748092491590e-04         8.8392602399965962e-04        -2.3898168417181163e-04        -1.6353162910415558e-03
21                                    -2.1661640993888239e-05        -1.6383961958647594e-03        -1.8149750637592047e-03         1.6301020592505877e-06         3.1286472782831838e-04        -1.8128605266149746e-04         1.4666361042569595e-06         2.1126109861901842e-03
22                                    -6.1731601062399894e-06         7.4315428263854310e-04        -2.6885247287377397e-04         2.8190745349531619e-06        -1.1357489117889471e-03         3.4856229257928563e-04         9.6093253759604031e-07         2.5743762714113107e-03
23                                     8.0693844127690270e-04        -7.0159044346610777e-07        -6.7015578361008582e-07         6.6114775202255052e-04        -9.4916601157813129e-06         7.7143788554379891e-06        -5.1829863792298998e-04         1.3356703745185931e-05
24                                    -1.7417350977470185e-04        -1.4512938366425278e-03         2.3815779478305161e-03         7.6281092937058965e-05        -3.7462522383773359e-03        -9.7356669394425442e-04         1.9000767993600193e-03         1.0427664858767599e-03
25                                    -4.3426166135030473e-04         3.7096407336873448e-04         2.4554464522110928e-04        -1.8748529094401249e-04        -5.7361911322486702e-04         1.5939484144169755e-04        -3.2913419411950223e-04         8.7850781496133729e-04
26                                     6.6133002134970706e-04        -7.4430015616984858e-04         3.1952420051920612e-04        -9.9201289514429074e-06        -1.8233072858220116e-04        -8.8421945509194622e-04        -2.3553274167583522e-04         1.6496399668861376e-03
27                                    -1.8517188223663055e-05         7.0309454430835423e-03         2.1552529743367421e-02         6.7053946879773160e-06        -4.6780059591042950e-03         5.7339158308005412e-03        -3.7689724713745571e-06        -6.7933283371400307e-03
28                                     1.1652458049204700e-05        -1.7849562085555312e-03        -1.7717844622707271e-04        -4.2041016741793017e-06         3.4540506736470498e-04         4.8984317978657170e-04         2.7208885318036637e-06        -3.0800095430686680e-03
29                                    -1.9476637606284139e-02         2.0640325042738214e-06         6.4864147892069916e-06        -1.9613217383706184e-03        -2.5848632401023513e-06         1.9206448570975387e-06         6.7518270831929570e-03        -4.0181625628770978e-06
30                                    -1.4033448348051332e-09        -2.7131534207081265e-01        -1.2803373241077870e-01        -5.0662154401248579e-05         6.9403801549115813e-03        -5.8993738081083991e-04         2.6350538425147365e-06         1.6995175041083638e-03
