*************************************************
******************* ORCA 6.0.0 ******************
*************************************************
$Calculation_Status
   &GeometryIndex 1
   &ListStatus       OUT
   &VERSION [&Type "String"] "6.0.0"
   &PROGNAME [&Type "String"] "LeanSCF"
   &STATUS [&Type "String"] "NORMAL TERMINATION"
$End
$Geometry
   &GeometryIndex 1
   &ListStatus       OUT
   &NATOMS [&Type "Integer"] 12
   &NCORELESSECP [&Type "Integer"] 0
   &NGHOSTATOMS [&Type "Integer"] 0
   &CartesianCoordinates [&Type "Coordinates", &Dim(12,4), &Units "Bohr"] 
              C      4.002676379061    0.031155067984    0.000225699063
              N      1.258483674948   -0.017251000528   -0.000315982619
              C     -0.252339973842   -2.137827713772   -0.000018306533
              C     -2.691098515325   -1.255444841312    0.000200205523
              N     -2.723727986567    1.341490542989    0.000062486251
              C     -0.330175087399    2.018233976915   -0.000157605427
              H      4.751020997062   -0.902845317611    1.687521537008
              H      4.751555185979   -0.909271765966   -1.683229568714
              H      4.635226335200    1.995360678878   -0.003477054701
              H      0.536467552168   -4.018714284071   -0.000050615181
              H     -4.416309059507   -2.348352037103    0.000334068243
              H      0.381395904688    3.936529258303   -0.000317689797
$End
$SCF_Energy
   &GeometryIndex 1
   &ListStatus       OUT
   &SCF_ENERGY [&Type "Double"]      -2.6548132876269767e+02
$End
$DFT_Energy
   &GeometryIndex 1
   &ListStatus       OUT
   &NALPHAEL [&Type "Integer"] 22
   &NBETAEL [&Type "Integer"] 22
   &NTOTALEL [&Type "Integer"] 44
   &EEXCHANGE [&Type "Double"]      -3.6235228906021661e+01
   &ECORR [&Type "Double"]      -1.4220163611169891e+00
   &ECNL [&Type "Double"]       0.0000000000000000e+00
   &EXC [&Type "Double"]      -3.7657245267138649e+01
   &EEMBED [&Type "Double"]       0.0000000000000000e+00
   &FINALEN [&Type "Double"]      -2.6548132876269767e+02  "No Van der Waals correction"
$End
$Mulliken_Population_Analysis
   &GeometryIndex 1
   &ListStatus       OUT
   &NATOMS [&Type "Integer"] 12
   &ATNO [&Type "ArrayOfIntegers", &Dim (12,1)] 
                                                         0

0                                                        6
1                                                        7
2                                                        6
3                                                        6
4                                                        7
5                                                        6
6                                                        1
7                                                        1
8                                                        1
9                                                        1
10                                                       1
11                                                       1
   &ATOMICCHARGES [&Type "ArrayOfDoubles", &Dim (12,1)] 
                                                         0

0                                     -2.6010292645342581e-01
1                                     -1.2403255138566216e-02
2                                     -1.2290676765219022e-01
3                                     -8.8521203511613855e-02
4                                     -3.2009198193020616e-01
5                                      2.4276594580123323e-02
6                                      1.3276541705384526e-01
7                                      1.3275274919621438e-01
8                                      1.2679008753541887e-01
9                                      1.3229169607074553e-01
10                                     1.1812135036119742e-01
11                                     1.3702823988861212e-01
$End
$Loewdin_Population_Analysis
   &GeometryIndex 1
   &ListStatus       OUT
   &NATOMS [&Type "Integer"] 12
   &ATNO [&Type "ArrayOfIntegers", &Dim (12,1)] 
                                                         0

0                                                        6
1                                                        7
2                                                        6
3                                                        6
4                                                        7
5                                                        6
6                                                        1
7                                                        1
8                                                        1
9                                                        1
10                                                       1
11                                                       1
   &ATOMICCHARGES [&Type "ArrayOfDoubles", &Dim (12,1)] 
                                                         0

0                                     -2.6238724488715004e-01
1                                      2.1284002317974249e-01
2                                     -2.3147409137276398e-01
3                                     -2.5950494616684150e-01
4                                      7.7738165418873351e-02
5                                     -2.9757776218933518e-01
6                                      1.2162099687130079e-01
7                                      1.2163746120101060e-01
8                                      1.2628911404829535e-01
9                                      1.3273429031696249e-01
10                                     1.2891415740256174e-01
11                                     1.2916983617753819e-01
$End
$Mayer_Population_Analysis
   &GeometryIndex 1
   &ListStatus       OUT
   &NATOMS [&Type "Integer"] 12 "Total number of atoms"
   &BONDTHRESH [&Type "Double"]       1.0000000000000001e-01  "The threshold for printing"
   &NBONDORDERSPRINT [&Type "Integer"] 12 "The number of bond orders larger than threshold"
   &BONDORDERS [&Type "ArrayOfDoubles", &Dim (12,1)] "The bond orders"
                                                         0

0                                      9.1498624387859218e-01
1                                      9.6432623379174387e-01
2                                      9.6437302709444861e-01
3                                      9.6989184785638427e-01
4                                      1.1294445055307909e+00
5                                      1.2107140087650385e+00
6                                      1.5924626520472711e+00
7                                      9.5991905359613483e-01
8                                      1.3372252281329791e+00
9                                      9.7899769171822260e-01
10                                     1.6275424220481676e+00
11                                     9.5802381794322389e-01
   &COMPONENTS [&Type "ArrayOfIntegers", &Dim (12,4)] "The indices and atomic numbers of the bonding atoms"
                                                         0                           1                           2                           3

0                                                        0                           6                           1                           7
1                                                        0                           6                           6                           1
2                                                        0                           6                           7                           1
3                                                        0                           6                           8                           1
4                                                        1                           7                           2                           6
5                                                        1                           7                           5                           6
6                                                        2                           6                           3                           6
7                                                        2                           6                           9                           1
8                                                        3                           6                           4                           7
9                                                        3                           6                          10                           1
10                                                       4                           7                           5                           6
11                                                       5                           6                          11                           1
   &ATNO [&Type "ArrayOfIntegers", &Dim (12,1)] "Atomic number of the elements"
                                                         0

0                                                        6
1                                                        7
2                                                        6
3                                                        6
4                                                        7
5                                                        6
6                                                        1
7                                                        1
8                                                        1
9                                                        1
10                                                       1
11                                                       1
   &NA [&Type "ArrayOfDoubles", &Dim (12,1)] "Mulliken gross atomic population"
                                                         0

0                                      6.2601029264534285e+00
1                                      7.0124032551385591e+00
2                                      6.1229067676521876e+00
3                                      6.0885212035116236e+00
4                                      7.3200919819302079e+00
5                                      5.9757234054198864e+00
6                                      8.6723458294615319e-01
7                                      8.6724725080378728e-01
8                                      8.7320991246458135e-01
9                                      8.6770830392925424e-01
10                                     8.8187864963880280e-01
11                                     8.6297176011138899e-01
   &ZA [&Type "ArrayOfDoubles", &Dim (12,1)] "Total nuclear charge"
                                                         0

0                                      6.0000000000000000e+00
1                                      7.0000000000000000e+00
2                                      6.0000000000000000e+00
3                                      6.0000000000000000e+00
4                                      7.0000000000000000e+00
5                                      6.0000000000000000e+00
6                                      1.0000000000000000e+00
7                                      1.0000000000000000e+00
8                                      1.0000000000000000e+00
9                                      1.0000000000000000e+00
10                                     1.0000000000000000e+00
11                                     1.0000000000000000e+00
   &QA [&Type "ArrayOfDoubles", &Dim (12,1)] "Mulliken gross atomic charge"
                                                         0

0                                     -2.6010292645342847e-01
1                                     -1.2403255138559111e-02
2                                     -1.2290676765218755e-01
3                                     -8.8521203511623625e-02
4                                     -3.2009198193020794e-01
5                                      2.4276594580113553e-02
6                                      1.3276541705384681e-01
7                                      1.3275274919621272e-01
8                                      1.2679008753541865e-01
9                                      1.3229169607074576e-01
10                                     1.1812135036119720e-01
11                                     1.3702823988861101e-01
   &VA [&Type "ArrayOfDoubles", &Dim (12,1)] "Mayer's total valence"
                                                         0

0                                      3.8706152879562992e+00
1                                      3.2761455305835350e+00
2                                      3.8213260048777897e+00
3                                      4.0040733003722870e+00
4                                      3.0723354362378759e+00
5                                      3.9651586262197056e+00
6                                      9.6502627747546343e-01
7                                      9.6506257644872295e-01
8                                      9.7800452804240023e-01
9                                      9.8355278576126026e-01
10                                     9.9152836065055383e-01
11                                     9.8352825285462686e-01
   &BVA [&Type "ArrayOfDoubles", &Dim (12,1)] "Mayer's bonded valence"
                                                         0

0                                      3.8706152879562246e+00
1                                      3.2761455305835052e+00
2                                      3.8213260048777355e+00
3                                      4.0040733003721742e+00
4                                      3.0723354362379056e+00
5                                      3.9651586262196341e+00
6                                      9.6502627747545511e-01
7                                      9.6506257644872018e-01
8                                      9.7800452804239013e-01
9                                      9.8355278576124994e-01
10                                     9.9152836065053784e-01
11                                     9.8352825285463019e-01
   &FA [&Type "ArrayOfDoubles", &Dim (12,1)] "Mayer's free valence"
                                                         0

0                                      0.0000000000000000e+00
1                                      0.0000000000000000e+00
2                                      0.0000000000000000e+00
3                                      0.0000000000000000e+00
4                                      0.0000000000000000e+00
5                                      0.0000000000000000e+00
6                                      0.0000000000000000e+00
7                                      0.0000000000000000e+00
8                                      0.0000000000000000e+00
9                                      0.0000000000000000e+00
10                                     0.0000000000000000e+00
11                                     0.0000000000000000e+00
$End
$VdW_Correction
   &GeometryIndex 1
   &ListStatus       OUT
   &VDW [&Type "Double"]      -3.0578717509954674e-03
$End
$Calculation_Info
   &GeometryIndex 1
   &ListStatus       OUT
   &MULT [&Type "Integer"] 1
   &CHARGE [&Type "Integer"] 0
   &NUMOFATOMS [&Type "Integer"] 12
   &NUMOFELECTRONS [&Type "Integer"] 44
   &NUMOFFCELECTRONS [&Type "Integer"] 1
   &NUMOFCORRELECTRONS [&Type "Integer"] 0
   &NUMOFBASISFUNCTS [&Type "Integer"] 222
   &NUMOFAUXCBASISFUNCTS [&Type "Integer"] 0
   &NUMOFAUXJBASISFUNCTS [&Type "Integer"] 246
   &NUMOFAUXJKBASISFUNCTS [&Type "Integer"] 0
   &NUMOFCABSBASISFUNCTS [&Type "Integer"] 0
   &TOTALENERGY [&Type "Double"]      -2.6547275675044864e+02  "Hartrees"
$End
$SCF_Dipole_Moment
   &GeometryIndex 1
   &ListStatus       OUT
   &METHOD [&Type "String"] "SCF"
   &LEVEL [&Type "String"] "Relaxed density"
   &MULT [&Type "Integer"] 1
   &STATE [&Type "Integer"] -1
   &IRREP [&Type "Integer"] 0
   &NATOMS [&Type "Integer"] 12
   &DODIPOLEATOM [&Type "Boolean"] false
   &DIPOLEELECCONTRIB [&Type "ArrayOfDoubles", &Dim (3,1)] "Electronic contribution"
                                                         0

0                                     -3.7530978540667039e+00
1                                      6.9101125650554207e-01
2                                     -3.7882998593577493e-04
   &DIPOLENUCCONTRIB [&Type "ArrayOfDoubles", &Dim (3,1)] "Nuclear contribution"
                                                         0

0                                      5.3156551616707794e+00
1                                     -1.1169965937140911e+00
2                                      3.7815468327005253e-04
   &DIPOLETOTAL [&Type "ArrayOfDoubles", &Dim (3,1)] "Total"
                                                         0

0                                      1.5625573076040755e+00
1                                     -4.2598533720854903e-01
2                                     -6.7530266572240301e-07
   &DIPOLEMAGNITUDE [&Type "Double", &Units "a.u."]       1.6195829237998389e+00
$End
$THERMOCHEMISTRY_Energies
   &GeometryIndex 1
   &ListStatus       OUT
   &TEMPERATURE [&Type "Double"]       2.9814999999999998e+02
   &PRESSURE [&Type "Double"]       1.0000000000000000e+00
   &TOTALMASS [&Type "Double"]       8.2105999999999995e+01
   &SPINDEGENERACY [&Type "Integer"] 1
   &ELENERGY [&Type "Double"]      -2.6547275675044864e+02
   &TRANSENERGY [&Type "Double"]       1.4162714244859817e-03
   &ROTENERGY [&Type "Double"]       1.4162714244859817e-03
   &VIBENERGY [&Type "Double"]       2.5242947099266000e-03
   &NUMOFFREQS [&Type "Integer"] 36
   &FREQSCALINGFACTOR [&Type "Double"]       1.0000000000000000e+00
   &FREQ [&Type "ArrayOfDoubles", &Dim (36,1)] "In cm^-1"
                                                         0

0                                      0.0000000000000000e+00
1                                      0.0000000000000000e+00
2                                      0.0000000000000000e+00
3                                      0.0000000000000000e+00
4                                      0.0000000000000000e+00
5                                      0.0000000000000000e+00
6                                      9.9805016827421838e+01
7                                      2.1439137148769066e+02
8                                      3.5073485531220712e+02
9                                      6.2848842425479882e+02
10                                     6.7507314096190237e+02
11                                     6.7809297016621554e+02
12                                     7.1078642218119978e+02
13                                     7.9181497300748129e+02
14                                     8.4675123784822131e+02
15                                     9.1581365643369406e+02
16                                     1.0438520481232470e+03
17                                     1.0691121749176016e+03
18                                     1.0887155740682692e+03
19                                     1.1369607813602308e+03
20                                     1.1435977101172900e+03
21                                     1.2572542927554950e+03
22                                     1.2986582885726846e+03
23                                     1.3685814831545499e+03
24                                     1.3761613827014608e+03
25                                     1.4405281935319840e+03
26                                     1.4778809615071659e+03
27                                     1.5017739002870628e+03
28                                     1.5233629616342398e+03
29                                     1.5331722698745405e+03
30                                     3.0136912218673424e+03
31                                     3.0833502413449023e+03
32                                     3.1177040452795395e+03
33                                     3.2206169427785353e+03
34                                     3.2282326457671238e+03
35                                     3.2551405019406134e+03
   &ZPE [&Type "Double"]       9.8166470267447445e-02
   &INNERENERGYU [&Type "Double"]      -2.6536923344262226e+02
   &ENTHALPYH [&Type "Double"]      -2.6536828923358001e+02
   &QEL [&Type "Double"]       0.0000000000000000e+00
   &QROT [&Type "Double"]       1.2218643472397818e-02
   &QVIB [&Type "Double"]       4.1333730292880426e-03
   &QTRANS [&Type "Double"]       1.8592011333475697e-02
   &ENTROPYS [&Type "Double"]       3.4944027835161554e-02
   &FREEENERGYG [&Type "Double"]      -2.6540323326141515e+02
   &ISLINEAR [&Type "Boolean"] false
$End
$Hessian
   &GeometryIndex 1
   &ListStatus       OUT
   &HESSIAN [&Type "ArrayOfDoubles", &Dim (36,36)] "The Hessian"
                                                         0                           1                           2                           3                           4                           5                           6                           7

0                                      4.6847529019699596e-01        -2.3047108158192340e-03        -2.7526704226274453e-05        -2.2006505222280831e-01        -1.7275747533119813e-03        -4.8908148920051285e-05        -1.8218546561506371e-02        -3.2200574343798985e-03
1                                     -2.3047108158192340e-03         5.9761067237440835e-01        -3.2952224531119501e-06         1.0707198188053858e-03        -1.1014374552310077e-01         1.5380108504855097e-06        -3.0083792748856114e-02         9.3190852619238328e-03
2                                     -2.7526704226274453e-05        -3.2952224531119501e-06         5.6034105902511788e-01        -5.5958852593132794e-05         2.7993677410776793e-06        -5.7342682479444927e-02         2.3552597742282416e-05         7.3793365609311123e-06
3                                     -2.2006505222280831e-01         1.0707198188053858e-03        -5.5958852593132794e-05         7.8163410066711936e-01        -1.9800797407821483e-03         4.8744176892418037e-05        -1.6468650648001640e-01        -7.9675037465529203e-02
4                                     -1.7275747533119813e-03        -1.1014374552310077e-01         2.7993677410776793e-06        -1.9800797407821483e-03         6.1998870952860885e-01        -2.0500666697359852e-05        -6.7310196332783873e-02        -2.2968801734503730e-01
5                                     -4.8908148920051285e-05         1.5380108504855097e-06        -5.7342682479444927e-02         4.8744176892418037e-05        -2.0500666697359852e-05         1.3256603143857781e-01        -7.5659190717965355e-06         1.0777412514888082e-05
6                                     -1.8218546561506371e-02        -3.0083792748856114e-02         2.3552597742282416e-05        -1.6468650648001640e-01        -6.7310196332783873e-02        -7.5659190717965355e-06         6.5381304027635823e-01        -1.4535093183673278e-01
7                                     -3.2200574343798985e-03         9.3190852619238328e-03         7.3793365609311123e-06        -7.9675037465529203e-02        -2.2968801734503730e-01         1.0777412514888082e-05        -1.4535093183673278e-01         7.8968124512208571e-01
8                                     -2.4131001974489296e-06        -2.4746439362715640e-06        -4.7191924661581335e-03         1.0420917662804610e-05         2.1001915170335880e-05        -6.0176133505014794e-02        -4.3941166319647614e-05        -9.6862128992869959e-06
9                                      2.5637100435803245e-03        -3.7671137958180203e-03        -5.0417389767765491e-06        -8.3947997730239671e-02        -5.7401246529971903e-02         2.6897074816040933e-05        -3.4797254531860872e-01         8.7134123259346677e-02
10                                    -1.4976506861366849e-03        -9.6092360059299980e-03         8.7767264097848833e-06         3.7411640966091009e-03         5.3620213068773098e-04        -1.9343155941870122e-05         7.1491485784390324e-02        -1.2162628235121142e-01
11                                     2.6556011189230674e-06        -1.9609662813650817e-06         1.1875400668227044e-03         7.8303631044825111e-06         7.0309567036306527e-06         1.3872441053985600e-02         2.3456056622892963e-05        -6.9972159296193363e-06
12                                     3.5320603149450562e-03         1.0083046453985913e-02        -1.0303661478861672e-05        -9.9144926383173432e-02         4.7937114988729580e-02         2.0548325380566024e-05        -1.6168151366632091e-03         6.7571118776902413e-03
13                                     4.0795339025468608e-03        -2.8526398261406079e-03        -9.0240313683819710e-06        -1.1641744708109018e-02        -9.7392284817863634e-03         2.3029938627409479e-05         7.6744512304454143e-02        -5.5726373003460311e-02
14                                     7.5236982280458262e-07         4.5873870941281716e-06         8.9162576265080160e-03         1.3643645482686013e-05        -9.5485347462726978e-07         1.9602966754843382e-02        -9.2438315690022692e-07         1.2184421800992369e-06
15                                    -2.5890811652637936e-02         1.7607394077018904e-02         2.9918550608060089e-05        -1.5559477907943228e-01         7.8489990444670088e-02        -1.7121464896268797e-05        -3.4107046419084297e-03         2.5847011746656677e-02
16                                     2.2221672247348390e-03         1.4808104738072104e-02        -8.0289400921883078e-06         8.3219950056574885e-02        -2.3468405504677936e-01         6.9755573994654276e-07        -2.3400856374475591e-02        -9.9866097793825950e-02
17                                    -4.3735587990326981e-06        -1.0049298832145903e-06        -9.5404477593724994e-03         1.9344113706862593e-06        -7.9144127315131229e-06        -5.9781252187627199e-02         6.1726503751547100e-06         7.0316160308607791e-06
18                                    -7.2476252220736170e-02         3.5644166137066315e-02        -6.6389248769410464e-02        -2.7258299580813199e-02         2.0484501646948216e-02        -2.6784336952224382e-02         3.4676725533920819e-03         1.8966739608328024e-03
19                                     3.9102504161258544e-02        -1.0288674854286406e-01         9.7171081700883385e-02         4.9128980535506281e-04         1.0987871745988522e-03        -2.2801347954561572e-03        -1.8195166613479638e-04         6.3566263896673992e-04
20                                    -7.0387327637313035e-02         9.8361558340177457e-02        -2.2616338247434320e-01        -2.5065642806498360e-03        -2.1439974339149417e-03         6.8308407878096694e-03         2.9042416698235054e-04         5.9471095285287107e-04
21                                    -7.2542607279308488e-02         3.5931128220573552e-02         6.6315328658089534e-02        -2.7242062255439802e-02         2.0617727137929930e-02         2.6711343028603125e-02         3.4660508070429611e-03         1.8888655560284123e-03
22                                     3.9421730889084593e-02        -1.0363359351696746e-01        -9.7634208743437284e-02         4.9174771366757020e-04         1.1048662713925451e-03         2.2904555566175960e-03        -1.8191690605127324e-04         6.3848429357851949e-04
23                                     7.0320455753678887e-02        -9.8831032299588228e-02        -2.2539190164483977e-01         2.4801237702245585e-03         2.1630761501438174e-03         6.8097467475388158e-03        -2.8898951483512865e-04        -5.9429847235839073e-04
24                                    -6.9449640086822445e-02        -6.4436071174396523e-02         1.2673476216212934e-04        -1.9031656398729231e-02        -4.0863130399951451e-02         5.6684812979664161e-05        -3.9795936532942781e-03         4.7069770497303320e-03
25                                    -7.5948750963199196e-02        -2.9427933266756584e-01         4.6527230766393488e-04        -1.7694786087028430e-03         9.4861158532745038e-04        -9.0555700794988649e-06         4.4593652353383181e-04         1.1556902048828451e-03
26                                     1.4652785053341936e-04         4.7223273558708229e-04        -4.6628131074242990e-02        -5.0136140197428952e-06        -1.9148159027697701e-05        -1.7078937033303942e-03        -8.5144496213495176e-06        -3.0312499917817704e-06
27                                     1.4076582716726241e-03         5.8748261496742145e-04        -2.6891419148932886e-06         1.1559633796779212e-02        -2.4002311102289474e-02        -1.1852114088115575e-06        -1.0603579469670292e-01         1.1406304204209730e-01
28                                     1.6202998365877283e-03         6.1102717465640315e-04        -5.5397407293365358e-07         1.2124955295734138e-02        -1.8498371058663240e-02        -1.4170547652530190e-06         1.0417948780190815e-01        -3.0462058982640183e-01
29                                    -9.5237834097754989e-07         1.7051458366062543e-06        -5.3551677756466282e-04        -1.2522635300830545e-06         5.8744753168759956e-06        -4.0902590470658570e-03         6.4582664457133735e-06        -6.2908228182850066e-06
30                                     3.2699851147077611e-04        -1.2532708438633016e-03         4.9522277808696210e-07        -4.3885697022030693e-03         2.7726528121958258e-03         1.1921363444227462e-07        -1.0534250866812894e-02        -1.6735147284698840e-02
31                                     2.9006859337177195e-05         9.7285358408151219e-04        -6.1916058150768294e-07         3.9999902819480536e-03        -7.1293195577054689e-04         3.7913189473247129e-07         9.1906910423108501e-03         1.0794301699418340e-02
32                                    -5.8543221249348574e-07        -4.6527122443267595e-07         1.5189315402053853e-03         1.7389284177874400e-06        -1.6437271006319690e-06         5.4953055918339593e-03         1.4544799049793896e-06         1.3604490191019162e-06
33                                     2.3371926851550057e-03         9.4012878194339950e-04        -2.3787079123405836e-06         8.1661153689568909e-03         2.2867099406784577e-02        -3.0112304387446281e-06        -4.2920062812801512e-03         2.6363856322692324e-03
34                                    -1.7956049463104498e-03         8.3552949426453881e-05         1.0617388808540810e-06        -9.9580241237383696e-03        -2.0210827279477685e-02         3.6229455433220125e-06         4.5085153051261546e-03        -6.9710890091927852e-04
35                                    -1.1868300120710905e-06        -2.0293923136974342e-06        -1.6425335826878030e-03         2.1450922911691848e-06        -5.6729209772069485e-06        -2.0791114521060659e-03         5.6531584769848148e-09        -3.2025730036637376e-07
                                                         8                           9                          10                          11                          12                          13                          14                          15

0                                     -2.4131001974489296e-06         2.5637100435803245e-03        -1.4976506861366849e-03         2.6556011189230674e-06         3.5320603149450562e-03         4.0795339025468608e-03         7.5236982280458262e-07        -2.5890811652637936e-02
1                                     -2.4746439362715640e-06        -3.7671137958180203e-03        -9.6092360059299980e-03        -1.9609662813650817e-06         1.0083046453985913e-02        -2.8526398261406079e-03         4.5873870941281716e-06         1.7607394077018904e-02
2                                     -4.7191924661581335e-03        -5.0417389767765491e-06         8.7767264097848833e-06         1.1875400668227044e-03        -1.0303661478861672e-05        -9.0240313683819710e-06         8.9162576265080160e-03         2.9918550608060089e-05
3                                      1.0420917662804610e-05        -8.3947997730239671e-02         3.7411640966091009e-03         7.8303631044825111e-06        -9.9144926383173432e-02        -1.1641744708109018e-02         1.3643645482686013e-05        -1.5559477907943228e-01
4                                      2.1001915170335880e-05        -5.7401246529971903e-02         5.3620213068773098e-04         7.0309567036306527e-06         4.7937114988729580e-02        -9.7392284817863634e-03        -9.5485347462726978e-07         7.8489990444670088e-02
5                                     -6.0176133505014794e-02         2.6897074816040933e-05        -1.9343155941870122e-05         1.3872441053985600e-02         2.0548325380566024e-05         2.3029938627409479e-05         1.9602966754843382e-02        -1.7121464896268797e-05
6                                     -4.3941166319647614e-05        -3.4797254531860872e-01         7.1491485784390324e-02         2.3456056622892963e-05        -1.6168151366632091e-03         7.6744512304454143e-02        -9.2438315690022692e-07        -3.4107046419084297e-03
7                                     -9.6862128992869959e-06         8.7134123259346677e-02        -1.2162628235121142e-01        -6.9972159296193363e-06         6.7571118776902413e-03        -5.5726373003460311e-02         1.2184421800992369e-06         2.5847011746656677e-02
8                                      1.0940941816144222e-01         1.7767132757418195e-05        -2.3313821056256990e-06        -6.3966865060250289e-02         4.7227658625148266e-06        -7.7328323676706130e-06         1.8375973984336109e-02         3.2017585436418181e-06
9                                      1.7767132757418195e-05         8.3169982612064353e-01         1.1798702159825122e-01        -6.2138259279409405e-05        -9.9253278211368978e-02         1.5213349898690321e-02        -3.7958248455419295e-06        -2.7693812457377304e-02
10                                    -2.3313821056256990e-06         1.1798702159825122e-01         5.8702499078382775e-01        -2.1392360104368878e-05         1.0833406467516127e-03        -2.5947057857920858e-01         1.1862411727883423e-05        -8.7747119620755321e-02
11                                    -6.3966865060250289e-02        -6.2138259279409405e-05        -2.1392360104368878e-05         1.3134987376861285e-01        -2.8580579622327905e-06         6.3804272137729407e-06        -7.0651573347504257e-02         1.1157471115328035e-05
12                                     4.7227658625148266e-06        -9.9253278211368978e-02         1.0833406467516127e-03        -2.8580579622327905e-06         5.7079129986242616e-01         2.8561989387711005e-02        -3.3738631878453825e-05        -3.6204361530935036e-01
13                                    -7.7328323676706130e-06         1.5213349898690321e-02        -2.5947057857920858e-01         6.3804272137729407e-06         2.8561989387711005e-02         4.6172844203208629e-01        -2.1616318102184338e-05        -8.5814770180994926e-02
14                                     1.8375973984336109e-02        -3.7958248455419295e-06         1.1862411727883423e-05        -7.0651573347504257e-02        -3.3738631878453825e-05        -2.1616318102184338e-05         1.0525045265041971e-01         2.2418682299617380e-05
15                                     3.2017585436418181e-06        -2.7693812457377304e-02        -8.7747119620755321e-02         1.1157471115328035e-05        -3.6204361530935036e-01        -8.5814770180994926e-02         2.2418682299617380e-05         6.6266185677957790e-01
16                                     4.1749098383478704e-06        -3.2074053998776997e-02        -6.8793414147951454e-02         3.1311604296111810e-06        -6.0589835274102569e-02        -1.1704681813521628e-01         8.0581321210884124e-06         1.3712440199093268e-01
17                                     1.6567478527349487e-02         8.7706963083867403e-06         1.0212931396196713e-05         1.0681390260351899e-02         1.6209384397158622e-05         1.0687469826583733e-05        -7.6350304677019837e-02        -4.4288822437829137e-05
18                                    -1.9052646706017493e-04        -1.4888998434751442e-03         2.4297843679193564e-03         8.4061600379821020e-05        -3.8029348711386022e-03        -1.0347385408597443e-03         1.9128200621623440e-03         1.2355383655858491e-03
19                                    -4.6171074733704972e-04         3.6848456497840589e-04         2.5336237588101406e-04        -1.6891632140707716e-04        -5.6950247929231368e-04         1.5143937209396042e-04        -3.4862994286379516e-04         8.7184848622799942e-04
20                                     6.8177459652709617e-04        -7.6501233174316563e-04         3.5294937905786059e-04        -1.4790985880160806e-05        -2.1067577054082083e-04        -9.1592982472836698e-04        -2.3125817155346460e-04         1.7082234171819912e-03
21                                     1.8187622113340356e-04        -1.4798226592011715e-03         2.4246921617620751e-03        -8.1362767933400217e-05        -3.8021389692850234e-03        -1.0223159007392876e-03        -1.9108126195828416e-03         1.2135040922963787e-03
22                                     4.6378608033462160e-04         3.6877633834047052e-04         2.5358085170626649e-04         1.7223131637228702e-04        -5.7139920400397712e-04         1.5169933382361972e-04         3.4555864088517884e-04         8.6941132114070610e-04
23                                     6.8173405004729576e-04         7.6484482686555832e-04        -3.4935984761282979e-04        -1.5179406147895953e-05         2.0822157769468351e-04         9.1546176755161798e-04        -2.3011105292182509e-04        -1.7142766402396883e-03
24                                     8.3921751389546630e-06        -1.6364237171615139e-03        -1.8243121637499713e-03        -7.7872576146245226e-07         3.4518778118423259e-04        -1.6846430229398726e-04        -6.3408225517041043e-07         2.1004372779167895e-03
25                                     2.6495937763818800e-06         7.4562019146343994e-04        -2.9219316183046857e-04        -1.2301062168462723e-06        -1.1871557285055446e-03         3.4831875293991161e-04        -4.0883117280066912e-07         2.6555846060962217e-03
26                                     8.1005035149938514e-04         7.2190464738525117e-08         2.6556110114689529e-07         6.6916418279610169e-04         4.2481396838705433e-06        -3.5313580653805681e-06        -5.3479325583272457e-04        -5.7503919199341901e-06
27                                     8.5716371222494131e-06         7.2369310001618829e-03         2.1359054886575309e-02        -2.9105276107567743e-06        -4.6428603678266775e-03         5.8181051438523038e-03         1.3366829769606657e-06        -6.8581030111619420e-03
28                                    -5.3917766999823431e-06        -1.8518901984490438e-03        -1.4682872998816529e-04         1.6210739412863995e-06         3.2031152132373612e-04         4.8677889184953194e-04        -9.8798440473951701e-07        -3.0879578813984110e-03
29                                    -1.9387013888768782e-02        -7.6736805536501181e-07        -2.5763108511577826e-06        -2.0327594937437372e-03         7.8515993165028417e-07        -4.6589921026902005e-07         6.7578699998946867e-03         1.8192747020320937e-06
30                                    -7.4202140139612837e-08        -2.7253351071249260e-01        -1.2751325407270850e-01         1.9386119844221566e-05         6.8804515163730373e-03        -7.0087807876973579e-04        -1.1701403149104729e-06         1.7653485801972994e-03
