
$orca_hessian_file

$act_atom
  0

$act_coord
  0

$act_energy
        0.000000

$multiplicity
  1

$hessian
42
                    0                  1                  2                  3                  4        
    0      4.7754442918E-01   5.2846796288E-03  -2.5891561332E-04  -2.1206110372E-01  -2.2432522152E-03
    1      5.2846796288E-03   5.7555993109E-01   1.3227061383E-05  -6.8227837391E-03  -8.9437571148E-02
    2     -2.5891561332E-04   1.3227061383E-05   5.2887902005E-01   5.8854105403E-05   6.5410793307E-06
    3     -2.1206110372E-01  -6.8227837391E-03   5.8854105403E-05   6.4966911805E-01   2.3985806642E-03
    4     -2.2432522152E-03  -8.9437571148E-02   6.5410793307E-06   2.3985806642E-03   6.5941976083E-01
    5     -5.3936751945E-05   5.4896134342E-06  -6.8380440579E-02   6.4676350583E-05  -5.8545982920E-05
    6     -2.4166300716E-02  -3.1775057414E-02   1.4618291790E-05  -1.6968460770E-01  -4.8031405032E-02
    7     -6.9024800209E-03   3.6034033843E-03  -1.1770149103E-05  -1.0797525691E-01  -2.7317700354E-01
    8     -1.1229059408E-06  -3.5300766905E-05   2.3930633466E-03   1.2673616822E-05  -4.7124139809E-06
    9      5.2161770943E-03  -2.9975486215E-03   2.6536476964E-05  -2.7910613163E-02  -7.2878630030E-02
   10     -2.3806167400E-03  -5.3463016669E-03   1.3021536391E-05  -3.3816116173E-02   3.7383882038E-02
   11      1.1749927618E-05  -2.8979617053E-05   6.6647725755E-03  -6.8590282896E-06   6.7706813333E-06
   12     -1.4319822968E-03   5.3689765591E-04  -2.5052989371E-05   4.6792871848E-03  -6.8599275460E-03
   13      2.2682996987E-03  -1.7294231159E-03   2.6443503326E-06   6.9729488750E-03  -7.2818748310E-02
   14      6.8654248741E-06   3.6117901150E-06  -4.8616046874E-04  -1.1324198965E-05   1.3278620503E-05
   15      1.7627079027E-03   3.4826944042E-03   3.2781314066E-05  -4.5878736431E-02   8.7409868102E-02
   16      8.5345838446E-04  -4.2893887866E-03  -9.9311006213E-06   2.7276916927E-02   4.2177940504E-02
   17      4.3073249752E-06   3.2561022979E-05   9.1436092590E-03   9.8621697472E-07  -2.6737006514E-05
   18     -2.4579011177E-02   2.7511557258E-02  -8.1387795216E-08  -1.6934467269E-01   3.7011430481E-02
   19      3.8968024190E-03   5.7842822869E-03   7.5178368173E-06   1.0776352116E-01  -2.6399485554E-01
   20     -5.3240056730E-06   1.8693659141E-05   2.9010478145E-03  -8.8358527362E-06   7.6621665507E-05
   21     -7.4364520599E-02  -7.8160448667E-02   6.5185112186E-04  -1.0924747487E-02  -3.2952758474E-02
   22     -8.1784594390E-02  -2.8349047170E-01   1.8376229507E-03  -8.7918396574E-04  -9.7990058279E-05
   23      6.9776864706E-04   1.8462919422E-03  -4.5976548354E-02  -5.6437384323E-05  -6.7468986231E-05
   24     -7.5275715033E-02   4.0801079910E-02  -7.6451876663E-02  -1.6089090922E-02   1.6417721739E-02
   25      3.9876674154E-02  -1.0001899464E-01   9.7869586894E-02   1.5128005896E-03   1.2832605422E-05
   26     -7.5260715131E-02   9.8153430188E-02  -2.1543057128E-01   4.3057823911E-04  -1.7733050456E-03
   27     -7.5552962793E-02   4.2160446720E-02   7.5959240549E-02  -1.6076468945E-02   1.6887830917E-02
   28      4.1269593224E-02  -1.0336449583E-01  -9.9721811917E-02   1.5166341709E-03   3.1279818329E-05
   29      7.4895874175E-02  -1.0001143882E-01  -2.1206486107E-01  -5.4021122438E-04   1.8285481808E-03
   30      1.0839695178E-03  -1.1343865281E-04  -8.1501978814E-06   1.1133868166E-02  -1.3093314813E-02
   31      1.5348078091E-03   1.6879528353E-03  -1.2942437363E-05   1.6829309888E-02  -2.0425008812E-02
   32     -1.3493578075E-05   1.8270282768E-05  -2.7683508534E-03   1.6900483798E-05   1.4441084732E-06
   33     -6.3400814225E-05  -1.6354938858E-03   4.4433675010E-06  -5.5052320872E-03   1.8315074657E-03
   34      2.3097893779E-04   6.1858266475E-05   5.8073722216E-07   8.9542368141E-04   2.3991709114E-03
   35     -4.4576362223E-06   2.2785045337E-06   3.4077847902E-04   6.8369316850E-06   2.9648195972E-06
   36      7.2690388025E-05   6.4100551461E-05   3.3980544916E-06   3.7308858628E-04   1.7689816145E-04
   37     -7.4559207566E-05   3.0570163031E-04  -7.0696975618E-07  -5.9932582365E-04  -1.0747816022E-03
   38     -4.3506813416E-06  -2.0749086289E-06  -1.9386735574E-03   3.9021719982E-06   2.1215720003E-06
   39      1.8150230691E-03   1.6789088325E-03  -7.4688377925E-06   7.6199111629E-03   1.3726678514E-02
   40     -1.8453856639E-03   6.7351738786E-04   9.7494873378E-06  -1.4874697284E-02  -2.0398907704E-02
   41     -1.4426786970E-05  -1.9389315303E-05  -3.2766853687E-03   2.7863020515E-05  -3.3219961260E-06
                    5                  6                  7                  8                  9        
    0     -5.3936751945E-05  -2.4166300716E-02  -6.9024800209E-03  -1.1229059408E-06   5.2161770943E-03
    1      5.4896134342E-06  -3.1775057414E-02   3.6034033843E-03  -3.5300766905E-05  -2.9975486215E-03
    2     -6.8380440579E-02   1.4618291790E-05  -1.1770149103E-05   2.3930633466E-03   2.6536476964E-05
    3      6.4676350583E-05  -1.6968460770E-01  -1.0797525691E-01   1.2673616822E-05  -2.7910613163E-02
    4     -5.8545982920E-05  -4.8031405032E-02  -2.7317700354E-01  -4.7124139809E-06  -7.2878630030E-02
    5      1.6834061424E-01  -3.2721434313E-06   1.9978589378E-05  -6.7697237879E-02   1.8356693171E-05
    6     -3.2721434313E-06   6.9372504105E-01  -3.9704485903E-02  -4.3243745634E-05  -3.4384716472E-01
    7      1.9978589378E-05  -3.9704485903E-02   7.0368525855E-01  -8.7507307530E-06   3.2868167878E-02
    8     -6.7697237879E-02  -4.3243745634E-05  -8.7507307530E-06   1.3645169977E-01   1.6522568834E-05
    9      1.8356693171E-05  -3.4384716472E-01   3.2868167878E-02   1.6522568834E-05   6.8985158095E-01
   10     -1.9368699046E-05  -2.6059067571E-02  -1.3035232713E-01   1.7013293171E-05   4.1199773338E-02
   11      4.9001707317E-03   4.1393567233E-05   3.6086749203E-06  -5.9902886350E-02  -7.0259697746E-05
   12      1.8310745919E-05  -2.6793992813E-02   3.3502949897E-02   3.8438844979E-06  -1.8305214537E-01
   13      1.0060506425E-05   7.9401028828E-02   3.5027601298E-02  -1.1488627048E-05   5.1131596991E-02
   14     -1.1397739481E-02   1.5109835815E-07  -9.9284974487E-06   9.4803303060E-03   5.1962715877E-06
   15     -4.0510932389E-06  -5.4066218072E-02  -3.3953278373E-02   3.5016081031E-05   6.6535215755E-02
   16      1.3065114568E-05  -3.5825967521E-02  -1.4802774387E-02   2.8768051351E-06   2.0233290411E-02
   17      2.2439700940E-02   1.8854186433E-05   1.0538638925E-05  -1.0598322449E-02  -1.0426919975E-05
   18     -9.3343163798E-06   6.6118355217E-02   2.3767259003E-02  -3.8803154589E-05  -5.0393879913E-02
   19      1.9643555158E-05  -1.8271445315E-02  -5.8653069896E-02   2.1031878073E-05   2.1779163949E-02
   20     -7.1769071650E-02  -2.3976465886E-05  -5.5333034172E-06   9.2872519018E-03   1.0341944487E-05
   21      2.4493821486E-04  -6.9252513518E-03   1.6901626644E-03   1.1476346682E-05  -1.6189641942E-06
   22     -3.2396683016E-05  -2.3327681449E-04   7.3963746981E-04   1.4830282409E-05   3.8586771994E-04
   23     -1.9342341207E-03  -5.6188995158E-06  -2.0788328594E-06   1.4911115718E-03  -1.7670019753E-05
   24     -2.6587475770E-02   1.4753494088E-03   1.3907599022E-03   6.7740671287E-04  -1.8307925381E-04
   25     -2.3228568615E-03  -2.0585666559E-03   1.1422340307E-05  -5.6473175448E-05   1.3617236160E-03
   26      2.4928748854E-03   4.0407788654E-04   5.1485848792E-04   1.0647631860E-03  -5.0598630074E-04
   27      2.6312924352E-02   1.5106475042E-03   1.3984005983E-03  -6.8414384011E-04  -1.7556151450E-04
   28      2.3507487119E-03  -2.0558125035E-03   2.6457069707E-05   8.0547967247E-05   1.3523466367E-03
   29      2.4361865453E-03  -4.0196150698E-04  -5.0619548567E-04   1.0659217079E-03   4.9822192225E-04
   30      4.1874264819E-06  -1.2538227642E-01   1.1596852003E-01   1.2740500595E-05  -1.0469643561E-02
   31     -5.5369624445E-06   1.1610890785E-01  -2.6161490323E-01  -7.3737888537E-06  -1.2633376784E-03
   32      5.1579772926E-03   2.9708467540E-06  -5.2346786422E-06  -3.8713327109E-02   2.6728525343E-06
   33      1.9280039042E-07  -1.1148475465E-02  -2.8824081994E-02  -2.3998826384E-06  -1.3376532145E-01
   34      1.0906039917E-06   2.1137400800E-03   4.1538264811E-03  -6.2336722241E-06  -1.2237897183E-01
   35      8.8207637862E-03   7.1225069301E-07   2.3597176224E-06   2.1511564355E-03   1.7822868250E-05
   36     -2.1553324755E-06   4.5783074682E-04   3.3303769538E-03   4.9769144510E-07  -1.1054470563E-02
   37      7.3932551128E-08   1.9891500796E-03  -5.1352003414E-03  -1.1216509874E-06   2.8044067168E-02
   38     -2.6553649356E-04  -7.4156121175E-07  -1.0423333707E-06   6.8941478923E-03   1.2409132337E-06
   39     -2.9646235900E-06  -1.2729366662E-03   3.4588351412E-03  -1.2094446744E-06  -7.4947532571E-04
   40      1.4355265357E-05   4.3864090254E-03  -3.5123280636E-03  -2.6205885442E-06   1.0565334659E-03
   41      6.8559717787E-03  -3.2182343360E-06  -3.0349087899E-06   6.6323276649E-03   1.7440267969E-06
                   10                 11                 12                 13                 14        
    0     -2.3806167400E-03   1.1749927618E-05  -1.4319822968E-03   2.2682996987E-03   6.8654248741E-06
    1     -5.3463016669E-03  -2.8979617053E-05   5.3689765591E-04  -1.7294231159E-03   3.6117901150E-06
    2      1.3021536391E-05   6.6647725755E-03  -2.5052989371E-05   2.6443503326E-06  -4.8616046874E-04
    3     -3.3816116173E-02  -6.8590282896E-06   4.6792871848E-03   6.9729488750E-03  -1.1324198965E-05
    4      3.7383882038E-02   6.7706813333E-06  -6.8599275460E-03  -7.2818748310E-02   1.3278620503E-05
    5     -1.9368699046E-05   4.9001707317E-03   1.8310745919E-05   1.0060506425E-05  -1.1397739481E-02
    6     -2.6059067571E-02   4.1393567233E-05  -2.6793992813E-02   7.9401028828E-02   1.5109835815E-07
    7     -1.3035232713E-01   3.6086749203E-06   3.3502949897E-02   3.5027601298E-02  -9.9284974487E-06
    8      1.7013293171E-05  -5.9902886350E-02   3.8438844979E-06  -1.1488627048E-05   9.4803303060E-03
    9      4.1199773338E-02  -7.0259697746E-05  -1.8305214537E-01   5.1131596991E-02   5.1962715877E-06
   10      7.1446984888E-01  -3.3346264696E-05   1.1728292468E-01  -2.7049028020E-01  -3.0751327978E-06
   11     -3.3346264696E-05   1.2793330236E-01   1.2168867922E-06  -1.0304650656E-05  -6.8847675578E-02
   12      1.1728292468E-01   1.2168867922E-06   7.5468389433E-01  -1.4943332068E-02  -8.4240440187E-05
   13     -2.7049028020E-01  -1.0304650656E-05  -1.4943332068E-02   6.3287852113E-01  -5.6712216332E-05
   14     -3.0751327978E-06  -6.8847675578E-02  -8.4240440187E-05  -5.6712216332E-05   1.5408487102E-01
   15     -3.9678498639E-02   1.8387179720E-07  -1.6731544487E-01  -7.0016667034E-02   2.3908392512E-05
   16     -7.4994427550E-02   1.7733732070E-05  -9.1416333242E-02  -2.7435706339E-01   3.8213087170E-05
   17      2.2221740749E-05   2.4802882736E-02   2.4403362921E-05   4.5670639967E-05  -6.8281887325E-02
   18      3.9635430380E-02   9.7940766895E-06  -6.0017997657E-02  -9.0011163226E-02   1.3467055580E-05
   19     -1.7433369679E-02  -8.5733152883E-06  -4.2720952543E-02   1.7154663809E-02  -1.6965582399E-06
   20     -1.3202919136E-05  -1.0803651070E-02   2.5568953194E-05   4.2294830334E-05   3.8189058613E-03
   21     -1.8951787928E-03  -1.7171629745E-05   5.9523718704E-05   2.6313581737E-04   3.3008308961E-06
   22     -2.5515291706E-04   3.9431242157E-06   3.3127630912E-04   2.5293545860E-04  -6.8610626723E-07
   23      7.9422621103E-06   4.8187284153E-04   5.9779424433E-06  -1.6827203519E-05   8.5780012052E-05
   24      2.2433869222E-04   1.3812488945E-03  -6.2065365023E-05   4.0134332388E-04  -4.4984602312E-05
   25     -4.3177664639E-04  -2.5391364186E-04  -3.7785401853E-04   9.8021758727E-04  -6.6500038687E-05
   26     -2.0162001409E-05   1.9880457355E-04   1.1323479457E-04  -3.6005267642E-04  -4.9628201105E-05
   27      2.1880575128E-04  -1.3589785849E-03  -5.2169393301E-05   4.0289639131E-04   4.4783738286E-05
   28     -4.1747617981E-04   2.7693003117E-04  -3.8437266488E-04   9.6314083685E-04   6.5719342785E-05
   29      2.1003037649E-05   1.9642311892E-04  -9.9935572202E-05   3.7129138827E-04  -4.7472189851E-05
   30      2.9738705516E-02  -6.0227984291E-06  -6.4553990097E-03  -2.0589563156E-03   3.5072596584E-06
   31      2.9423158960E-03   4.0537913994E-06  -2.1498354551E-04   2.4772875364E-03  -2.9109810589E-06
   32     -5.8299280904E-06   4.2052961304E-03   2.7953807635E-06   5.0106883880E-07   9.1772221059E-03
   33     -1.2239651047E-01   1.8481011760E-05   1.2326440391E-02   1.2657237889E-02  -1.9442910476E-06
   34     -2.5869669725E-01   2.1206415013E-05  -2.0058562407E-02  -1.6752075534E-02   6.1954985430E-07
   35      1.5971654303E-05  -3.5115083179E-02  -2.9719477373E-06   3.8186416772E-07   7.2008187564E-04
   36     -1.9167945641E-03   8.5365409863E-08  -3.2196773771E-01   2.3627448250E-02   2.8692490436E-05
   37      3.3621875106E-03  -1.2187558107E-06   2.3396086352E-02  -5.7002164855E-02  -1.3866747654E-06
   38     -1.9467703711E-06   5.8811218795E-03   2.4966095424E-05  -1.0216508711E-06  -3.9195460094E-02
   39     -5.1238429993E-05   8.2453751234E-07  -4.6002111398E-03   3.0552597488E-05   4.3563582663E-06
   40      2.5957489385E-04   1.7565289268E-06   1.7998131228E-03   3.4153877416E-03   3.9415721601E-06
   41      9.1457491099E-08  -5.9535077210E-04   1.4751502830E-07   1.0746195216E-06   1.0938832157E-02
                   15                 16                 17                 18                 19        
    0      1.7627079027E-03   8.5345838446E-04   4.3073249752E-06  -2.4579011177E-02   3.8968024190E-03
    1      3.4826944042E-03  -4.2893887866E-03   3.2561022979E-05   2.7511557258E-02   5.7842822869E-03
    2      3.2781314066E-05  -9.9311006213E-06   9.1436092590E-03  -8.1387795216E-08   7.5178368173E-06
    3     -4.5878736431E-02   2.7276916927E-02   9.8621697472E-07  -1.6934467269E-01   1.0776352116E-01
    4      8.7409868102E-02   4.2177940504E-02  -2.6737006514E-05   3.7011430481E-02  -2.6399485554E-01
    5     -4.0510932389E-06   1.3065114568E-05   2.2439700940E-02  -9.3343163798E-06   1.9643555158E-05
    6     -5.4066218072E-02  -3.5825967521E-02   1.8854186433E-05   6.6118355217E-02  -1.8271445315E-02
    7     -3.3953278373E-02  -1.4802774387E-02   1.0538638925E-05   2.3767259003E-02  -5.8653069896E-02
    8      3.5016081031E-05   2.8768051351E-06  -1.0598322449E-02  -3.8803154589E-05   2.1031878073E-05
    9      6.6535215755E-02   2.0233290411E-02  -1.0426919975E-05  -5.0393879913E-02   2.1779163949E-02
   10     -3.9678498639E-02  -7.4994427550E-02   2.2221740749E-05   3.9635430380E-02  -1.7433369679E-02
   11      1.8387179720E-07   1.7733732070E-05   2.4802882736E-02   9.7940766895E-06  -8.5733152883E-06
   12     -1.6731544487E-01  -9.1416333242E-02   2.4403362921E-05  -6.0017997657E-02  -4.2720952543E-02
   13     -7.0016667034E-02  -2.7435706339E-01   4.5670639967E-05  -9.0011163226E-02   1.7154663809E-02
   14      2.3908392512E-05   3.8213087170E-05  -6.8281887325E-02   1.3467055580E-05  -1.6965582399E-06
   15      5.5775140032E-01   9.8576017184E-02  -8.2488049165E-05  -3.1148358327E-01  -4.9981829515E-03
   16      9.8576017184E-02   4.5332777281E-01  -6.3800705974E-05   1.6686286315E-02  -1.2499185107E-01
   17     -8.2488049165E-05  -6.3800705974E-05   9.7625149903E-02   2.3739254686E-05   2.2612340045E-05
   18     -3.1148358327E-01   1.6686286315E-02   2.3739254686E-05   6.5314385408E-01   4.6609557008E-02
   19     -4.9981829515E-03  -1.2499185107E-01   2.2612340045E-05   4.6609557008E-02   7.2133699987E-01
   20      2.0938812472E-05  -9.2324439848E-06  -6.7741371221E-02  -6.3014901019E-05  -1.7587487226E-04
   21      3.2379227200E-04   1.4700707154E-04  -6.0574299089E-06   1.6339698267E-03  -2.5707440484E-03
   22     -1.0158448904E-03   4.8671062583E-04  -1.2577633476E-05   2.9768314120E-03   2.5123678567E-04
   23      4.2602847523E-06  -2.9867252771E-06  -4.3898470083E-04  -1.5553278152E-05   1.3114571435E-05
   24     -1.2881831666E-03   5.7210966531E-04   1.7057681536E-03  -2.7451044975E-03  -2.4704350703E-03
   25     -3.4320099176E-04  -4.4310644400E-04  -3.3535418052E-04   1.1573809430E-03  -6.8876647618E-05
   26      3.0765557316E-04   2.8166623598E-05  -2.4509033391E-04   2.7611165401E-04  -4.4037790011E-04
   27     -1.2910711913E-03   6.0152776269E-04  -1.6956108528E-03  -2.8345724652E-03  -2.4932772606E-03
   28     -3.2260726858E-04  -4.2991359278E-04   3.2291754836E-04   1.1247352292E-03  -5.7952240916E-05
   29     -3.4352072301E-04  -3.3770350743E-05  -2.4945558665E-04  -2.6548562219E-04   4.2759480229E-04
   30     -2.5216400628E-04  -5.1124701740E-04  -4.5323458434E-07  -8.7947030571E-04  -3.7732748922E-03
   31     -7.5431802695E-04   3.8366216852E-04   1.5589720838E-07  -5.0866251490E-03  -3.3591555183E-03
   32     -3.1963547466E-07  -3.2684054396E-07  -4.4446978020E-03  -5.5031907681E-07   6.4443609137E-06
   33      2.3410117837E-04   4.0467052440E-03  -2.4474111974E-07  -1.5184672293E-03   1.0998195953E-03
   34      3.5413244730E-03  -5.8760177752E-03   6.9045287744E-07   2.4237348282E-03   5.9386308827E-04
   35      1.3079344494E-07  -3.3677033069E-07   7.9055301019E-03   3.6270783627E-06   9.5594887703E-08
   36     -1.7440536046E-02  -1.0780794733E-02   1.4078976772E-06   1.9878993238E-03  -2.1354925655E-03
   37     -3.6200547767E-02  -2.6299287104E-03   3.4442145973E-06  -3.7866662856E-03  -3.4218532721E-03
   38      7.5256773606E-06   5.9981524838E-06  -5.0151270199E-03   1.4175143863E-06   3.4431585869E-06
   39     -2.7591280377E-02  -3.0410907732E-02   7.1411818807E-06  -9.9087319245E-02  -1.0178647556E-01
   40     -5.7748269404E-03   6.4383856067E-03  -7.3233358907E-06  -9.9948332119E-02  -2.7314006198E-01
   41      6.6523487286E-06  -6.8821088095E-07  -4.9019365019E-03   4.2559303372E-05   1.0856914958E-04
                   20                 21                 22                 23                 24        
    0     -5.3240056730E-06  -7.4364520599E-02  -8.1784594390E-02   6.9776864706E-04  -7.5275715033E-02
    1      1.8693659141E-05  -7.8160448667E-02  -2.8349047170E-01   1.8462919422E-03   4.0801079910E-02
    2      2.9010478145E-03   6.5185112186E-04   1.8376229507E-03  -4.5976548354E-02  -7.6451876663E-02
    3     -8.8358527362E-06  -1.0924747487E-02  -8.7918396574E-04  -5.6437384323E-05  -1.6089090922E-02
    4      7.6621665507E-05  -3.2952758474E-02  -9.7990058279E-05  -6.7468986231E-05   1.6417721739E-02
    5     -7.1769071650E-02   2.4493821486E-04  -3.2396683016E-05  -1.9342341207E-03  -2.6587475770E-02
    6     -2.3976465886E-05  -6.9252513518E-03  -2.3327681449E-04  -5.6188995158E-06   1.4753494088E-03
    7     -5.5333034172E-06   1.6901626644E-03   7.3963746981E-04  -2.0788328594E-06   1.3907599022E-03
    8      9.2872519018E-03   1.1476346682E-05   1.4830282409E-05   1.4911115718E-03   6.7740671287E-04
    9      1.0341944487E-05  -1.6189641942E-06   3.8586771994E-04  -1.7670019753E-05  -1.8307925381E-04
   10     -1.3202919136E-05  -1.8951787928E-03  -2.5515291706E-04   7.9422621103E-06   2.2433869222E-04
   11     -1.0803651070E-02  -1.7171629745E-05   3.9431242157E-06   4.8187284153E-04   1.3812488945E-03
   12      2.5568953194E-05   5.9523718704E-05   3.3127630912E-04   5.9779424433E-06  -6.2065365023E-05
   13      4.2294830334E-05   2.6313581737E-04   2.5293545860E-04  -1.6827203519E-05   4.0134332388E-04
   14      3.8189058613E-03   3.3008308961E-06  -6.8610626723E-07   8.5780012052E-05  -4.4984602312E-05
   15      2.0938812472E-05   3.2379227200E-04  -1.0158448904E-03   4.2602847523E-06  -1.2881831666E-03
   16     -9.2324439848E-06   1.4700707154E-04   4.8671062583E-04  -2.9867252771E-06   5.7210966531E-04
   17     -6.7741371221E-02  -6.0574299089E-06  -1.2577633476E-05  -4.3898470083E-04   1.7057681536E-03
   18     -6.3014901019E-05   1.6339698267E-03   2.9768314120E-03  -1.5553278152E-05  -2.7451044975E-03
   19     -1.7587487226E-04  -2.5707440484E-03   2.5123678567E-04   1.3114571435E-05  -2.4704350703E-03
   20      1.5494668548E-01  -9.3832914337E-06  -6.5386743849E-06   1.1739931136E-04  -8.1602410223E-04
   21     -9.3832914337E-06   8.4378830972E-02   8.9048180155E-02  -6.9177903815E-04   3.2757705237E-03
   22     -6.5386743849E-06   8.9048180155E-02   3.0600822806E-01  -2.0310267562E-03  -4.1849459997E-03
   23      1.1739931136E-04  -6.9177903815E-04  -2.0310267562E-03   4.4723542812E-02   9.6322343551E-03
   24     -8.1602410223E-04   3.2757705237E-03  -4.1849459997E-03   9.6322343551E-03   8.6986365257E-02
   25      1.1311080345E-05   1.1429579603E-02  -1.2106386754E-02   2.4805221661E-02  -4.6496500985E-02
   26     -1.5381660943E-04   1.1787913467E-03  -1.4970148345E-03   6.7935809492E-04   8.2566222952E-02
   27      8.3369285220E-04   3.2899277589E-03  -4.3416610168E-03  -9.5666234486E-03   3.7906760707E-03
   28     -3.2693851138E-05   1.1454481221E-02  -1.2463755126E-02  -2.4562186966E-02  -5.9623790528E-03
   29     -1.5170563364E-04  -1.3725003503E-03   1.7161936285E-03   1.0401547254E-03   9.3134831503E-03
   30      3.6627556468E-06  -8.0876290951E-06   2.0722476690E-04  -5.0226479509E-07   1.1772817129E-04
   31     -3.6589792822E-06   3.9890193399E-05   2.9982948538E-04   6.8829901161E-06  -7.0802867800E-04
   32      8.4761421216E-03   4.1822517395E-06  -1.6442865990E-06  -2.8641151275E-04  -6.7090731532E-04
   33     -3.4277807213E-08  -5.8114689512E-04  -8.0014093201E-05   8.3047032263E-07   1.1547680301E-05
   34     -3.0693990981E-06   7.5893337353E-06  -1.7152816850E-05   2.4731447342E-06  -3.2686658143E-05
   35     -3.5651783746E-04  -1.0926947160E-06  -1.8396217991E-07  -1.9620138836E-04   1.3053769157E-06
   36      2.6236519118E-06   3.9350043209E-05  -2.7734239729E-05   2.3926370798E-06  -1.0252122614E-05
   37      2.3814820258E-06   1.0662535342E-04   5.5267529567E-05   2.9021811892E-08  -8.3336894464E-05
   38      1.0893860068E-02   1.4448193961E-06   1.6805463169E-06   1.4248192746E-05  -4.0072013520E-04
   39      5.1870968986E-05  -1.9579218918E-04  -4.1692856688E-04   8.6573767286E-06  -3.9467506068E-06
   40      9.4957123455E-05   1.4072821832E-03   3.3706395494E-04  -3.6453889136E-06   1.3015193571E-04
   41     -3.9465158541E-02   4.0621218781E-06   1.2063670752E-05   1.9891251514E-04  -3.0646679999E-04
                   25                 26                 27                 28                 29        
    0      3.9876674154E-02  -7.5260715131E-02  -7.5552962793E-02   4.1269593224E-02   7.4895874175E-02
    1     -1.0001899464E-01   9.8153430188E-02   4.2160446720E-02  -1.0336449583E-01  -1.0001143882E-01
    2      9.7869586894E-02  -2.1543057128E-01   7.5959240549E-02  -9.9721811917E-02  -2.1206486107E-01
    3      1.5128005896E-03   4.3057823911E-04  -1.6076468945E-02   1.5166341709E-03  -5.4021122438E-04
    4      1.2832605422E-05  -1.7733050456E-03   1.6887830917E-02   3.1279818329E-05   1.8285481808E-03
    5     -2.3228568615E-03   2.4928748854E-03   2.6312924352E-02   2.3507487119E-03   2.4361865453E-03
    6     -2.0585666559E-03   4.0407788654E-04   1.5106475042E-03  -2.0558125035E-03  -4.0196150698E-04
    7      1.1422340307E-05   5.1485848792E-04   1.3984005983E-03   2.6457069707E-05  -5.0619548567E-04
    8     -5.6473175448E-05   1.0647631860E-03  -6.8414384011E-04   8.0547967247E-05   1.0659217079E-03
    9      1.3617236160E-03  -5.0598630074E-04  -1.7556151450E-04   1.3523466367E-03   4.9822192225E-04
   10     -4.3177664639E-04  -2.0162001409E-05   2.1880575128E-04  -4.1747617981E-04   2.1003037649E-05
   11     -2.5391364186E-04   1.9880457355E-04  -1.3589785849E-03   2.7693003117E-04   1.9642311892E-04
   12     -3.7785401853E-04   1.1323479457E-04  -5.2169393301E-05  -3.8437266488E-04  -9.9935572202E-05
   13      9.8021758727E-04  -3.6005267642E-04   4.0289639131E-04   9.6314083685E-04   3.7129138827E-04
   14     -6.6500038687E-05  -4.9628201105E-05   4.4783738286E-05   6.5719342785E-05  -4.7472189851E-05
   15     -3.4320099176E-04   3.0765557316E-04  -1.2910711913E-03  -3.2260726858E-04  -3.4352072301E-04
   16     -4.4310644400E-04   2.8166623598E-05   6.0152776269E-04  -4.2991359278E-04  -3.3770350743E-05
   17     -3.3535418052E-04  -2.4509033391E-04  -1.6956108528E-03   3.2291754836E-04  -2.4945558665E-04
   18      1.1573809430E-03   2.7611165401E-04  -2.8345724652E-03   1.1247352292E-03  -2.6548562219E-04
   19     -6.8876647618E-05  -4.4037790011E-04  -2.4932772606E-03  -5.7952240916E-05   4.2759480229E-04
   20      1.1311080345E-05  -1.5381660943E-04   8.3369285220E-04  -3.2693851138E-05  -1.5170563364E-04
   21      1.1429579603E-02   1.1787913467E-03   3.2899277589E-03   1.1454481221E-02  -1.3725003503E-03
   22     -1.2106386754E-02  -1.4970148345E-03  -4.3416610168E-03  -1.2463755126E-02   1.7161936285E-03
   23      2.4805221661E-02   6.7935809492E-04  -9.5666234486E-03  -2.4562186966E-02   1.0401547254E-03
   24     -4.6496500985E-02   8.2566222952E-02   3.7906760707E-03  -5.9623790528E-03   9.3134831503E-03
   25      1.0480984062E-01  -1.0720498060E-01  -6.0946251422E-03   7.1567079649E-03  -1.3403512128E-02
   26     -1.0720498060E-01   2.3289669431E-01  -9.1752848759E-03   1.2929403059E-02  -2.1164698839E-02
   27     -6.0946251422E-03  -9.1752848759E-03   8.7274021211E-02  -4.8027581534E-02  -8.2025550972E-02
   28      7.1567079649E-03   1.2929403059E-02  -4.8027581534E-02   1.0843777500E-01   1.0925952523E-01
   29     -1.3403512128E-02  -2.1164698839E-02  -8.2025550972E-02   1.0925952523E-01   2.2921574408E-01
   30      1.2086266800E-05  -3.1038552405E-04   1.1698890689E-04   1.6616533604E-05   3.1615940138E-04
   31     -1.9351106787E-04  -2.5867722561E-04  -7.2184897178E-04  -1.8550916785E-04   2.6660799057E-04
   32      3.1789527131E-04  -3.3138922109E-04   6.6630919286E-04  -3.3369814229E-04  -3.2614909907E-04
   33      3.1072474704E-05  -4.2588489737E-05   1.3725882972E-05   3.2203070643E-05   4.2521883502E-05
   34     -1.7267951277E-06   2.1643387428E-06  -3.2731125045E-05  -9.9544454657E-07  -2.1277527610E-06
   35      2.6696243693E-05  -7.7868568469E-06  -1.9664724566E-06  -2.8946158965E-05  -8.5064058925E-06
   36      5.2339896557E-05  -3.4663609802E-07  -1.0686098233E-05   5.3413447945E-05  -1.0522016182E-06
   37      2.1520836559E-05  -2.6801966701E-05  -8.5119279605E-05   2.2285298373E-05   2.7116002539E-05
   38      1.6682437199E-04  -3.8666300712E-05   3.9730650754E-04  -1.6908942788E-04  -3.7645784744E-05
   39     -6.2101579769E-05   1.9420305680E-05  -2.4949336235E-06  -6.7981788929E-05  -2.0584199311E-05
   40      2.7183704398E-04  -3.8630697239E-05   1.2764746855E-04   2.8245158578E-04   3.2849939587E-05
   41      4.3803535065E-04   8.9152590309E-05   2.9844369442E-04  -4.3105110149E-04   9.6064439026E-05
                   30                 31                 32                 33                 34        
    0      1.0839695178E-03   1.5348078091E-03  -1.3493578075E-05  -6.3400814225E-05   2.3097893779E-04
    1     -1.1343865281E-04   1.6879528353E-03   1.8270282768E-05  -1.6354938858E-03   6.1858266475E-05
    2     -8.1501978814E-06  -1.2942437363E-05  -2.7683508534E-03   4.4433675010E-06   5.8073722216E-07
    3      1.1133868166E-02   1.6829309888E-02   1.6900483798E-05  -5.5052320872E-03   8.9542368141E-04
    4     -1.3093314813E-02  -2.0425008812E-02   1.4441084732E-06   1.8315074657E-03   2.3991709114E-03
    5      4.1874264819E-06  -5.5369624445E-06   5.1579772926E-03   1.9280039042E-07   1.0906039917E-06
    6     -1.2538227642E-01   1.1610890785E-01   2.9708467540E-06  -1.1148475465E-02   2.1137400800E-03
    7      1.1596852003E-01  -2.6161490323E-01  -5.2346786422E-06  -2.8824081994E-02   4.1538264811E-03
    8      1.2740500595E-05  -7.3737888537E-06  -3.8713327109E-02  -2.3998826384E-06  -6.2336722241E-06
    9     -1.0469643561E-02  -1.2633376784E-03   2.6728525343E-06  -1.3376532145E-01  -1.2237897183E-01
   10      2.9738705516E-02   2.9423158960E-03  -5.8299280904E-06  -1.2239651047E-01  -2.5869669725E-01
   11     -6.0227984291E-06   4.0537913994E-06   4.2052961304E-03   1.8481011760E-05   2.1206415013E-05
   12     -6.4553990097E-03  -2.1498354551E-04   2.7953807635E-06   1.2326440391E-02  -2.0058562407E-02
   13     -2.0589563156E-03   2.4772875364E-03   5.0106883880E-07   1.2657237889E-02  -1.6752075534E-02
   14      3.5072596584E-06  -2.9109810589E-06   9.1772221059E-03  -1.9442910476E-06   6.1954985430E-07
   15     -2.5216400628E-04  -7.5431802695E-04  -3.1963547466E-07   2.3410117837E-04   3.5413244730E-03
   16     -5.1124701740E-04   3.8366216852E-04  -3.2684054396E-07   4.0467052440E-03  -5.8760177752E-03
   17     -4.5323458434E-07   1.5589720838E-07  -4.4446978020E-03  -2.4474111974E-07   6.9045287744E-07
   18     -8.7947030571E-04  -5.0866251490E-03  -5.5031907681E-07  -1.5184672293E-03   2.4237348282E-03
   19     -3.7732748922E-03  -3.3591555183E-03   6.4443609137E-06   1.0998195953E-03   5.9386308827E-04
   20      3.6627556468E-06  -3.6589792822E-06   8.4761421216E-03  -3.4277807213E-08  -3.0693990981E-06
   21     -8.0876290951E-06   3.9890193399E-05   4.1822517395E-06  -5.8114689512E-04   7.5893337353E-06
   22      2.0722476690E-04   2.9982948538E-04  -1.6442865990E-06  -8.0014093201E-05  -1.7152816850E-05
   23     -5.0226479509E-07   6.8829901161E-06  -2.8641151275E-04   8.3047032263E-07   2.4731447342E-06
   24      1.1772817129E-04  -7.0802867800E-04  -6.7090731532E-04   1.1547680301E-05  -3.2686658143E-05
   25      1.2086266800E-05  -1.9351106787E-04   3.1789527131E-04   3.1072474704E-05  -1.7267951277E-06
   26     -3.1038552405E-04  -2.5867722561E-04  -3.3138922109E-04  -4.2588489737E-05   2.1643387428E-06
   27      1.1698890689E-04  -7.2184897178E-04   6.6630919286E-04   1.3725882972E-05  -3.2731125045E-05
   28      1.6616533604E-05  -1.8550916785E-04  -3.3369814229E-04   3.2203070643E-05  -9.9544454657E-07
   29      3.1615940138E-04   2.6660799057E-04  -3.2614909907E-04   4.2521883502E-05  -2.1277527610E-06
   30      1.2998004268E-01  -1.2680226421E-01  -1.1330119789E-05   1.1430271157E-03  -3.8622511629E-04
   31     -1.2680226421E-01   2.7853205846E-01   7.5027785222E-06   3.0126591877E-04   7.6936456811E-04
   32     -1.1330119789E-05   7.5027785222E-06   2.4857272004E-02  -6.5452948263E-07   7.1262476244E-08
   33      1.1430271157E-03   3.0126591877E-04  -6.5452948263E-07   1.3833874489E-01   1.3357753485E-01
   34     -3.8622511629E-04   7.6936456811E-04   7.1262476244E-08   1.3357753485E-01   2.7281070996E-01
   35     -8.1986209341E-07   6.0577596838E-07  -4.2317568906E-03  -1.8104937343E-05  -1.9769724574E-05
   36     -7.2180694724E-04  -1.6959625106E-04   3.9248283770E-07   3.6860027864E-04   3.6459222779E-04
   37      1.6283910782E-03  -2.2953303350E-05  -5.4888599099E-07  -5.5399698569E-04   6.2486066842E-04
   38      1.3819827326E-06  -4.7479517709E-07  -2.9319966932E-04  -5.2222279157E-07  -1.3457194087E-07
   39      5.9322332141E-04   8.9778906781E-04  -1.4391534885E-06   1.4585652839E-04  -2.6763646526E-04
   40     -8.2379139428E-04  -1.2914298505E-03  -9.9247206987E-07  -8.5353890538E-05  -6.8988325781E-05
   41     -1.5041654568E-06   1.9120469231E-06  -4.7862749774E-04   1.8015739060E-07   1.0096680765E-06
                   35                 36                 37                 38                 39        
    0     -4.4576362223E-06   7.2690388025E-05  -7.4559207566E-05  -4.3506813416E-06   1.8150230691E-03
    1      2.2785045337E-06   6.4100551461E-05   3.0570163031E-04  -2.0749086289E-06   1.6789088325E-03
    2      3.4077847902E-04   3.3980544916E-06  -7.0696975618E-07  -1.9386735574E-03  -7.4688377925E-06
    3      6.8369316850E-06   3.7308858628E-04  -5.9932582365E-04   3.9021719982E-06   7.6199111629E-03
    4      2.9648195972E-06   1.7689816145E-04  -1.0747816022E-03   2.1215720003E-06   1.3726678514E-02
    5      8.8207637862E-03  -2.1553324755E-06   7.3932551128E-08  -2.6553649356E-04  -2.9646235900E-06
    6      7.1225069301E-07   4.5783074682E-04   1.9891500796E-03  -7.4156121175E-07  -1.2729366662E-03
    7      2.3597176224E-06   3.3303769538E-03  -5.1352003414E-03  -1.0423333707E-06   3.4588351412E-03
    8      2.1511564355E-03   4.9769144510E-07  -1.1216509874E-06   6.8941478923E-03  -1.2094446744E-06
    9      1.7822868250E-05  -1.1054470563E-02   2.8044067168E-02   1.2409132337E-06  -7.4947532571E-04
   10      1.5971654303E-05  -1.9167945641E-03   3.3621875106E-03  -1.9467703711E-06  -5.1238429993E-05
   11     -3.5115083179E-02   8.5365409863E-08  -1.2187558107E-06   5.8811218795E-03   8.2453751234E-07
   12     -2.9719477373E-06  -3.2196773771E-01   2.3396086352E-02   2.4966095424E-05  -4.6002111398E-03
   13      3.8186416772E-07   2.3627448250E-02  -5.7002164855E-02  -1.0216508711E-06   3.0552597488E-05
   14      7.2008187564E-04   2.8692490436E-05  -1.3866747654E-06  -3.9195460094E-02   4.3563582663E-06
   15      1.3079344494E-07  -1.7440536046E-02  -3.6200547767E-02   7.5256773606E-06  -2.7591280377E-02
   16     -3.3677033069E-07  -1.0780794733E-02  -2.6299287104E-03   5.9981524838E-06  -3.0410907732E-02
   17      7.9055301019E-03   1.4078976772E-06   3.4442145973E-06  -5.0151270199E-03   7.1411818807E-06
   18      3.6270783627E-06   1.9878993238E-03  -3.7866662856E-03   1.4175143863E-06  -9.9087319245E-02
   19      9.5594887703E-08  -2.1354925655E-03  -3.4218532721E-03   3.4431585869E-06  -1.0178647556E-01
   20     -3.5651783746E-04   2.6236519118E-06   2.3814820258E-06   1.0893860068E-02   5.1870968986E-05
   21     -1.0926947160E-06   3.9350043209E-05   1.0662535342E-04   1.4448193961E-06  -1.9579218918E-04
   22     -1.8396217991E-07  -2.7734239729E-05   5.5267529567E-05   1.6805463169E-06  -4.1692856688E-04
   23     -1.9620138836E-04   2.3926370798E-06   2.9021811892E-08   1.4248192746E-05   8.6573767286E-06
   24      1.3053769157E-06  -1.0252122614E-05  -8.3336894464E-05  -4.0072013520E-04  -3.9467506068E-06
   25      2.6696243693E-05   5.2339896557E-05   2.1520836559E-05   1.6682437199E-04  -6.2101579769E-05
   26     -7.7868568469E-06  -3.4663609802E-07  -2.6801966701E-05  -3.8666300712E-05   1.9420305680E-05
   27     -1.9664724566E-06  -1.0686098233E-05  -8.5119279605E-05   3.9730650754E-04  -2.4949336235E-06
   28     -2.8946158965E-05   5.3413447945E-05   2.2285298373E-05  -1.6908942788E-04  -6.7981788929E-05
   29     -8.5064058925E-06  -1.0522016182E-06   2.7116002539E-05  -3.7645784744E-05  -2.0584199311E-05
   30     -8.1986209341E-07  -7.2180694724E-04   1.6283910782E-03   1.3819827326E-06   5.9322332141E-04
   31      6.0577596838E-07  -1.6959625106E-04  -2.2953303350E-05  -4.7479517709E-07   8.9778906781E-04
   32     -4.2317568906E-03   3.9248283770E-07  -5.4888599099E-07  -2.9319966932E-04  -1.4391534885E-06
   33     -1.8104937343E-05   3.6860027864E-04  -5.5399698569E-04  -5.2222279157E-07   1.4585652839E-04
   34     -1.9769724574E-05   3.6459222779E-04   6.2486066842E-04  -1.3457194087E-07  -2.6763646526E-04
   35      2.4895439819E-02  -7.0415963780E-07   1.8044896463E-08  -2.9771438161E-03  -4.7390804427E-07
   36     -7.0415963780E-07   3.4849818124E-01  -1.2660430524E-02  -3.4537674042E-05  -5.9215111837E-04
   37      1.8044896463E-08  -1.2660430524E-02   6.4857536111E-02  -3.1362786534E-06  -1.1739070415E-03
   38     -2.9771438161E-03  -3.4537674042E-05  -3.1362786534E-06   2.5515064427E-02   5.3597642600E-07
   39     -4.7390804427E-07  -5.9215111837E-04  -1.1739070415E-03   5.3597642600E-07   1.2392159366E-01
   40     -7.0665601073E-07   7.5243165104E-05   3.7522499329E-05   1.7713304499E-07   1.1440685997E-01
   41     -1.9407541225E-03   4.5634867090E-07   5.3428671377E-07   5.6301027552E-04  -5.7579544311E-05
                   40                 41        
     0     -1.8453856639E-03  -1.4426786970E-05
     1      6.7351738786E-04  -1.9389315303E-05
     2      9.7494873378E-06  -3.2766853687E-03
     3     -1.4874697284E-02   2.7863020515E-05
     4     -2.0398907704E-02  -3.3219961260E-06
     5      1.4355265357E-05   6.8559717787E-03
     6      4.3864090254E-03  -3.2182343360E-06
     7     -3.5123280636E-03  -3.0349087899E-06
     8     -2.6205885442E-06   6.6323276649E-03
     9      1.0565334659E-03   1.7440267969E-06
    10      2.5957489385E-04   9.1457491099E-08
    11      1.7565289268E-06  -5.9535077210E-04
    12      1.7998131228E-03   1.4751502830E-07
    13      3.4153877416E-03   1.0746195216E-06
    14      3.9415721601E-06   1.0938832157E-02
    15     -5.7748269404E-03   6.6523487286E-06
    16      6.4383856067E-03  -6.8821088095E-07
    17     -7.3233358907E-06  -4.9019365019E-03
    18     -9.9948332119E-02   4.2559303372E-05
    19     -2.7314006198E-01   1.0856914958E-04
    20      9.4957123455E-05  -3.9465158541E-02
    21      1.4072821832E-03   4.0621218781E-06
    22      3.3706395494E-04   1.2063670752E-05
    23     -3.6453889136E-06   1.9891251514E-04
    24      1.3015193571E-04  -3.0646679999E-04
    25      2.7183704398E-04   4.3803535065E-04
    26     -3.8630697239E-05   8.9152590309E-05
    27      1.2764746855E-04   2.9844369442E-04
    28      2.8245158578E-04  -4.3105110149E-04
    29      3.2849939587E-05   9.6064439026E-05
    30     -8.2379139428E-04  -1.5041654568E-06
    31     -1.2914298505E-03   1.9120469231E-06
    32     -9.9247206987E-07  -4.7862749774E-04
    33     -8.5353890538E-05   1.8015739060E-07
    34     -6.8988325781E-05   1.0096680765E-06
    35     -7.0665601073E-07  -1.9407541225E-03
    36      7.5243165104E-05   4.5634867090E-07
    37      3.7522499329E-05   5.3428671377E-07
    38      1.7713304499E-07   5.6301027552E-04
    39      1.1440685997E-01  -5.7579544311E-05
    40      2.8669597521E-01  -1.0483631416E-04
    41     -1.0483631416E-04   2.5284241384E-02

$vibrational_frequencies
42
    0        0.0000000000000000
    1        0.0000000000000000
    2        0.0000000000000000
    3        0.0000000000000000
    4        0.0000000000000000
    5        0.0000000000000000
    6       94.1213464823702992
    7      211.0999300807830252
    8      342.5241247280482639
    9      405.1183152586918936
   10      459.4981635408221337
   11      545.4013727926379715
   12      643.5023716383549299
   13      730.8322748811597194
   14      794.3199795065165745
   15      816.7308531737555768
   16      929.2375415941078245
   17      945.6252809527003365
   18      987.6540422548952165
   19     1003.4193375215472770
   20     1051.6607803311435418
   21     1059.1088648696320433
   22     1061.9874519793729633
   23     1135.9694870068456112
   24     1212.0918524230396542
   25     1247.0883831553655909
   26     1280.5787397408071229
   27     1358.7139882404585478
   28     1402.3665819663547154
   29     1438.4195650531960382
   30     1476.5831165378920105
   31     1488.7856045463920509
   32     1503.4499914446776074
   33     1602.7462537974222414
   34     1619.8547214442451150
   35     3010.2733558525956141
   36     3074.3022473491378150
   37     3104.3810607809900830
   38     3127.9575680675661715
   39     3141.9736768808052148
   40     3152.5779317555115995
   41     3178.8215583484829949

$normal_modes
42 42
                    0                  1                  2                  3                  4        
    0      0.0000000000E+00   0.0000000000E+00   0.0000000000E+00   0.0000000000E+00   0.0000000000E+00
    1      0.0000000000E+00   0.0000000000E+00   0.0000000000E+00   0.0000000000E+00   0.0000000000E+00
    2      0.0000000000E+00   0.0000000000E+00   0.0000000000E+00   0.0000000000E+00   0.0000000000E+00
    3      0.0000000000E+00   0.0000000000E+00   0.0000000000E+00   0.0000000000E+00   0.0000000000E+00
    4      0.0000000000E+00   0.0000000000E+00   0.0000000000E+00   0.0000000000E+00   0.0000000000E+00
