
$orca_hessian_file

$act_atom
  0

$act_coord
  0

$act_energy
        0.000000

$multiplicity
  1

$hessian
39
                    0                  1                  2                  3                  4        
    0      5.2864877809E-01  -5.2654415430E-02  -2.7889677499E-02  -9.9556392234E-02  -3.7735020371E-02
    1     -5.2654415430E-02   4.9569758449E-01  -4.2289964447E-02  -2.3911551579E-02  -1.1852325735E-01
    2     -2.7889677499E-02  -4.2289964447E-02   5.3814023053E-01  -2.2123073221E-02  -2.6748282507E-02
    3     -9.9556392234E-02  -2.3911551579E-02  -2.2123073221E-02   4.6094173435E-01  -2.8100905406E-02
    4     -3.7735020371E-02  -1.1852325735E-01  -2.6748282507E-02  -2.8100905406E-02   4.7261024851E-01
    5     -3.2276263217E-02  -2.4316178041E-02  -8.5776795955E-02  -1.4801468120E-02  -3.8594004990E-02
    6      5.8603713196E-03  -1.8198745683E-02   6.4911785818E-03  -8.5419237179E-02   2.7261119538E-02
    7      4.9981472217E-03  -3.0182599184E-02   6.0328715432E-03   2.4796063857E-02  -1.6603682410E-01
    8      4.0307583371E-03  -1.2740868124E-02   4.6258541493E-03  -9.3151751450E-03   3.5111975593E-02
    9     -2.9546119844E-02  -1.5008127991E-02  -1.4708416398E-03  -1.6827365847E-01   4.4502001484E-02
   10     -2.9870336944E-02   2.4798838919E-03   4.7045429109E-03   4.7345710788E-02  -9.9191012652E-02
   11     -1.4741363960E-02   6.5682975414E-03   2.9393972201E-03   4.8879471613E-03  -4.2067974706E-03
   12     -2.7406918119E-03   4.9700129216E-03   3.9994021650E-03  -3.7335584472E-02  -3.1827354960E-02
   13      4.0119897430E-03   2.2440338543E-03   2.2346773247E-04  -1.7390098051E-02   1.1935783445E-02
   14      4.3022332752E-03  -4.9184702747E-03  -3.5050941097E-03   2.3783328286E-02   1.5224445806E-02
   15     -4.8801669554E-02  -1.7479836400E-04   2.4389943321E-02  -8.2164418869E-04   1.3659285531E-04
   16      4.2738758204E-04  -4.6774294984E-02   1.0217293638E-02   7.7205552081E-04  -5.6742999819E-04
   17      2.4398547613E-02   9.6967791730E-03  -3.0294940782E-01  -1.4307136140E-03  -7.4836113969E-05
   18     -7.0103796355E-02   7.0779102944E-02  -2.6772054667E-02   5.2478764021E-03  -1.5529103081E-02
   19      7.0600841730E-02  -2.5337401209E-01   7.6694234043E-02   6.6125862389E-03  -2.0741614444E-02
   20     -2.6196879849E-02   7.7187328392E-02  -7.5460980801E-02   6.1489580958E-03  -1.2739076411E-02
   21     -2.8785371036E-01   3.4189076570E-02   6.4795192095E-02  -1.9228050627E-02   1.6384014904E-03
   22      3.4555894085E-02  -4.7501741600E-02  -7.2358849816E-03  -2.7121777847E-02  -3.8151302666E-05
   23      6.5544284895E-02  -7.7612733743E-03  -6.2486018505E-02  -1.6091726098E-02   9.7107712949E-04
   24      1.7930917332E-03  -1.7618469146E-03  -2.1721757697E-02  -4.6172473237E-02   4.5790256660E-03
   25      3.0911358877E-04  -2.8690579326E-03  -2.5634611746E-02   4.6291110005E-03  -4.2296227591E-02
   26      9.8966856618E-04  -1.9896214768E-03  -1.5910679009E-02   2.9388549833E-02   1.7768522100E-02
   27      7.2436784939E-04  -9.0379501756E-04   1.2329202010E-04  -9.1511232669E-03   5.6686948067E-04
   28      1.0610199661E-03   1.9766354349E-03  -2.6428917564E-04   3.1202490701E-02  -6.8323125902E-03
   29      2.1192468777E-04  -4.3820808519E-04   2.8257034904E-05  -1.2188264251E-02   2.4112277394E-03
   30     -5.8134650867E-04   1.4442474107E-03  -2.7810337463E-04   4.9373678772E-03   6.8713004032E-03
   31      3.3834470276E-03  -5.0742354211E-03   3.1715021815E-03  -1.6182144247E-02  -2.0640660155E-02
   32     -7.7476156030E-04   1.7606164589E-03  -2.3930697814E-04   7.7908403394E-03   8.5714679625E-03
   33      4.9880055108E-05  -1.7732697401E-04   4.5686158637E-04  -1.7299095678E-04   2.1919631644E-04
   34      1.1074072338E-04   1.9575465266E-03   1.3572353038E-03  -4.0642690022E-03  -3.8907351351E-03
   35      4.9805880013E-05  -7.3074800792E-04   8.5420660172E-04  -2.9212965765E-04   1.9924199461E-03
   36      2.1072376260E-03   1.3804838058E-03  -2.1956217880E-05  -4.9958239951E-03   2.7395145859E-02
   37      8.2887537692E-04  -5.6485628903E-05  -2.3956455893E-04   1.4354587525E-03  -5.7878066269E-03
   38      2.3733173796E-03  -1.6239670853E-05  -2.5966235416E-04   4.2095684179E-03   2.9444993299E-04
                    5                  6                  7                  8                  9        
    0     -3.2276263217E-02   5.8603713196E-03   4.9981472217E-03   4.0307583371E-03  -2.9546119844E-02
    1     -2.4316178041E-02  -1.8198745683E-02  -3.0182599184E-02  -1.2740868124E-02  -1.5008127991E-02
    2     -8.5776795955E-02   6.4911785818E-03   6.0328715432E-03   4.6258541493E-03  -1.4708416398E-03
    3     -1.4801468120E-02  -8.5419237179E-02   2.4796063857E-02  -9.3151751450E-03  -1.6827365847E-01
    4     -3.8594004990E-02   2.7261119538E-02  -1.6603682410E-01   3.5111975593E-02   4.4502001484E-02
    5      5.2469619419E-01  -9.6087105401E-03   3.3061229692E-02  -9.1328258497E-02   7.1255127906E-03
    6     -9.6087105401E-03   5.6111385843E-01   2.7039836166E-02  -7.1904046842E-03  -1.5665008456E-02
    7      3.3061229692E-02   2.7039836166E-02   4.8530186860E-01   3.2813239670E-02   1.4010444076E-02
    8     -9.1328258497E-02  -7.1904046842E-03   3.2813239670E-02   5.5178372303E-01  -1.0670849158E-03
    9      7.1255127906E-03  -1.5665008456E-02   1.4010444076E-02  -1.0670849158E-03   6.4131482867E-01
   10     -3.1045495765E-03   3.7447733556E-02  -1.0286267553E-02  -4.5990539158E-03   9.7837687342E-02
   11     -8.2567675928E-02  -1.1843897346E-02   5.4773218743E-04   3.0103202816E-03  -1.5562423203E-01
   12      3.1243381506E-02   3.0863010603E-03  -4.2336796344E-03   7.6861304984E-05  -3.3695059285E-01
   13      1.0409774529E-02   1.5220744757E-04  -1.2173071918E-03  -1.4349421105E-03  -2.2154304800E-01
   14      1.2588123663E-02  -1.5009449757E-03   5.9080084182E-04  -2.1889736476E-03   1.7141153356E-01
   15     -1.9180501048E-02   3.7087122159E-04   1.0712843116E-03   3.0913644201E-04   2.0127889332E-03
   16     -2.3866333967E-02   6.4244141717E-04   1.8189723451E-03  -1.0776104343E-03   1.8682962141E-03
   17     -1.3429637060E-02   2.7684890955E-04   7.8188856879E-04   9.2727923073E-04   2.4077180999E-03
   18      8.1429611603E-03  -2.4879612855E-03  -2.0089778804E-03  -1.6750936352E-03   5.7984223534E-04
   19      8.3883920226E-03  -4.1343188046E-03  -2.4658404724E-03  -3.6868802692E-03   2.7983478929E-03
   20      3.8877253825E-03  -1.8673839605E-03  -1.5214330603E-03  -8.0430655036E-04  -3.5727478606E-04
   21      2.3025393375E-03   6.8203068709E-04   1.0644093984E-03   3.8894550449E-04   9.1292922647E-04
   22      3.3662612222E-03  -7.1648474573E-04   1.7805283128E-03   2.9685629421E-04   1.6047261210E-03
   23      1.4395778245E-03   2.9639260512E-04   6.3979497030E-04   2.1895027172E-05  -4.2064896871E-04
   24      3.7602936248E-02   7.3764949419E-04   1.3576932995E-03  -1.0605702835E-02  -4.1675704097E-03
   25      1.7152215801E-02  -3.8348585271E-03  -4.1513109129E-03   3.0282174374E-02  -2.8329014612E-03
   26     -2.7851054089E-01   1.1296438375E-03   1.4697105978E-03  -9.5237040980E-03   2.3017427800E-03
   27      1.5039432724E-03  -2.8918178394E-01   3.7312367648E-02   5.5447199246E-02   3.2771169931E-04
   28     -7.7860153239E-03   3.5774218642E-02  -5.0755609057E-02  -8.8623120273E-03  -1.0512666925E-03
   29      9.7330458888E-04   5.5784220117E-02  -9.3854392279E-03  -5.8858547239E-02   3.7026536069E-04
   30      6.3021621926E-03  -1.2438412575E-01  -1.0235961974E-01  -6.5436184220E-02   8.7538148882E-04
   31     -1.4350439220E-02  -1.0073329646E-01  -1.7818630356E-01  -8.2342868216E-02  -2.6064918825E-03
   32      4.1026162458E-03  -6.4640258589E-02  -8.3661913990E-02  -9.8649774197E-02  -7.2875143981E-04
   33     -1.0494844800E-02  -4.8989925996E-02  -2.0601347933E-03   3.2496798314E-02   1.1919524089E-03
   34      3.1558345259E-02  -2.2586241420E-03  -4.7534820672E-02   1.6960925224E-02  -1.4918726154E-03
   35     -1.1207567971E-02   3.1307881996E-02   1.8052785379E-02  -3.0092958871E-01   2.2914302649E-03
   36     -7.8282908081E-03  -5.7230396094E-03  -9.2595954282E-04   2.5341386603E-03  -9.2612484628E-02
   37      8.0987138759E-03   1.4968972102E-03   1.9155134513E-03  -6.7438546344E-04   8.1898055715E-02
   38      1.5132934400E-02   1.3712416761E-03   5.3248223356E-04   1.9140812172E-03  -2.6147000485E-02
                   10                 11                 12                 13                 14        
    0     -2.9870336944E-02  -1.4741363960E-02  -2.7406918119E-03   4.0119897430E-03   4.3022332752E-03
    1      2.4798838919E-03   6.5682975414E-03   4.9700129216E-03   2.2440338543E-03  -4.9184702747E-03
    2      4.7045429109E-03   2.9393972201E-03   3.9994021650E-03   2.2346773247E-04  -3.5050941097E-03
    3      4.7345710788E-02   4.8879471613E-03  -3.7335584472E-02  -1.7390098051E-02   2.3783328286E-02
    4     -9.9191012652E-02  -4.2067974706E-03  -3.1827354960E-02   1.1935783445E-02   1.5224445806E-02
    5     -3.1045495765E-03  -8.2567675928E-02   3.1243381506E-02   1.0409774529E-02   1.2588123663E-02
    6      3.7447733556E-02  -1.1843897346E-02   3.0863010603E-03   1.5220744757E-04  -1.5009449757E-03
    7     -1.0286267553E-02   5.4773218743E-04  -4.2336796344E-03  -1.2173071918E-03   5.9080084182E-04
    8     -4.5990539158E-03   3.0103202816E-03   7.6861304984E-05  -1.4349421105E-03  -2.1889736476E-03
    9      9.7837687342E-02  -1.5562423203E-01  -3.3695059285E-01  -2.2154304800E-01   1.7141153356E-01
   10      6.5760884655E-01  -2.2123285745E-01  -2.1593164122E-01  -3.2797358655E-01   1.7356500621E-01
   11     -2.2123285745E-01   3.5826569109E-01   1.6845571267E-01   1.7520820144E-01  -1.9508054259E-01
   12     -2.1593164122E-01   1.6845571267E-01   3.6755822007E-01   2.6239645900E-01  -2.0965754744E-01
   13     -3.2797358655E-01   1.7520820144E-01   2.6239645900E-01   3.4067199258E-01  -2.1096603712E-01
   14      1.7356500621E-01  -1.9508054259E-01  -2.0965754744E-01  -2.1096603712E-01   1.8019631272E-01
   15      5.3213880874E-04  -2.5674594033E-03  -3.8536204714E-05  -3.1370763286E-04   8.1293701082E-04
   16      5.2284783819E-04  -7.8820580060E-04  -1.7205740368E-04  -3.2243926153E-04   3.5295614607E-04
   17      1.0950065937E-04  -9.6724510145E-04  -1.3066797875E-03  -7.0338848460E-04   7.6851275007E-04
   18     -2.3835514316E-03   1.4886726371E-03   1.9836049838E-04   7.7121026647E-04  -7.5437052407E-04
   19     -1.1524854068E-03   8.4653760217E-04  -5.3423909156E-04   6.8893079561E-04  -4.5537331153E-04
   20      1.8384530251E-04   5.4966083883E-04   1.9366998991E-04   3.4224255741E-05  -2.2407049988E-04
   21     -4.3540903705E-03  -2.3046628583E-03  -1.0956681866E-03   2.1162751590E-04   9.3979528479E-04
   22     -5.0433321583E-03  -2.8977780135E-03  -2.3091984609E-03   3.3675467726E-04   1.7951972962E-03
   23     -3.1456384058E-03  -1.8281527118E-03  -1.4395365204E-03   1.6462991272E-05   1.6385657089E-03
   24     -4.7904286994E-03   3.6984920319E-02  -6.6545826162E-03  -6.4416074214E-05  -3.5705147634E-03
   25     -4.9846463742E-04  -4.9849009839E-03   7.8301019044E-04   1.0169750777E-03   3.1899954759E-05
   26      2.8516333862E-03  -1.0632526384E-02   9.4210876629E-04  -2.1029916658E-03   6.5337666003E-04
   27      6.0452086615E-04  -5.9249943898E-04   2.9338694861E-04   9.2609422520E-04  -3.7293054306E-04
   28     -7.0670982216E-03   3.3922312522E-03  -7.3855554938E-04   1.8419438668E-03  -4.6887910380E-04
   29      3.1201491898E-03  -7.6238671213E-04   3.3313358855E-04  -8.8518604095E-04   6.4325388605E-04
   30      4.7257051621E-04   3.5466044555E-04  -4.3208552655E-04   1.3637337771E-04   5.8606450774E-05
   31     -3.6183815575E-04   4.7708888608E-04   1.0328239396E-03   1.5259443187E-03  -5.4311323269E-04
   32     -1.0959279385E-03   6.4463883035E-04  -5.8781606046E-05   9.8867108124E-04  -1.1145305150E-04
   33      7.1330424193E-04  -1.6368611466E-03  -3.2717646363E-04  -6.9744175379E-04   6.0394880317E-04
   34      4.8305580734E-04   5.2438647837E-04   8.3229381946E-04   4.8561050887E-04  -3.8778259093E-04
   35      4.2861139209E-04  -6.7993073405E-04  -4.1723596919E-04  -1.2389767849E-03   1.0809147434E-03
   36      7.2390532341E-02  -2.2953305639E-02   1.4438649558E-02  -2.8586534477E-02   1.4010834825E-02
   37     -2.0952054876E-01   4.6491645054E-02  -1.4278589136E-02  -3.1234636116E-02   2.6245777959E-02
   38      4.8269157500E-02  -7.2891248099E-02   7.5686020761E-03   3.0384291588E-02   3.5410737686E-03
                   15                 16                 17                 18                 19        
    0     -4.8801669554E-02   4.2738758204E-04   2.4398547613E-02  -7.0103796355E-02   7.0600841730E-02
    1     -1.7479836400E-04  -4.6774294984E-02   9.6967791730E-03   7.0779102944E-02  -2.5337401209E-01
    2      2.4389943321E-02   1.0217293638E-02  -3.0294940782E-01  -2.6772054667E-02   7.6694234043E-02
    3     -8.2164418869E-04   7.7205552081E-04  -1.4307136140E-03   5.2478764021E-03   6.6125862389E-03
    4      1.3659285531E-04  -5.6742999819E-04  -7.4836113969E-05  -1.5529103081E-02  -2.0741614444E-02
    5     -1.9180501048E-02  -2.3866333967E-02  -1.3429637060E-02   8.1429611603E-03   8.3883920226E-03
    6      3.7087122159E-04   6.4244141717E-04   2.7684890955E-04  -2.4879612855E-03  -4.1343188046E-03
    7      1.0712843116E-03   1.8189723451E-03   7.8188856879E-04  -2.0089778804E-03  -2.4658404724E-03
    8      3.0913644201E-04  -1.0776104343E-03   9.2727923073E-04  -1.6750936352E-03  -3.6868802692E-03
    9      2.0127889332E-03   1.8682962141E-03   2.4077180999E-03   5.7984223534E-04   2.7983478929E-03
   10      5.3213880874E-04   5.2284783819E-04   1.0950065937E-04  -2.3835514316E-03  -1.1524854068E-03
   11     -2.5674594033E-03  -7.8820580060E-04  -9.6724510145E-04   1.4886726371E-03   8.4653760217E-04
   12     -3.8536204714E-05  -1.7205740368E-04  -1.3066797875E-03   1.9836049838E-04  -5.3423909156E-04
   13     -3.1370763286E-04  -3.2243926153E-04  -7.0338848460E-04   7.7121026647E-04   6.8893079561E-04
   14      8.1293701082E-04   3.5295614607E-04   7.6851275007E-04  -7.5437052407E-04  -4.5537331153E-04
   15      5.0545637185E-02   3.4512832991E-03  -2.3208086695E-02  -2.1770395145E-04  -1.3257379900E-04
   16      3.4512832991E-03   4.9297052271E-02  -7.2777926416E-03  -3.7270360899E-03   3.2809946440E-04
   17     -2.3208086695E-02  -7.2777926416E-03   3.2990455812E-01   1.4743171635E-03  -5.9076815884E-04
   18     -2.1770395145E-04  -3.7270360899E-03   1.4743171635E-03   7.3692803974E-02  -7.5155627811E-02
   19     -1.3257379900E-04   3.2809946440E-04  -5.9076815884E-04  -7.5155627811E-02   2.7883832424E-01
   20     -1.0234697058E-02   2.8585007028E-02  -8.4209215685E-03   2.9755218171E-02  -8.2577632009E-02
   21     -1.2990012950E-03   3.1644717042E-04  -4.5475378141E-04  -7.6793024452E-03   1.9958958498E-04
   22     -1.7652780411E-03  -1.0360946793E-03   7.7301394159E-04   2.7505433106E-02  -2.8237825300E-03
   23      3.0927932230E-02  -4.4945192431E-03  -6.5111634398E-03  -1.1320780271E-02   1.1295801264E-03
   24     -1.7825862373E-03  -3.3597253853E-03  -1.9611581045E-03   7.1903730000E-04   3.6545533495E-04
   25     -2.8943367010E-03  -3.0357713766E-03  -1.8783420736E-03   5.9953294737E-04   6.2117717689E-04
   26     -1.8210747200E-03  -2.4343027169E-03   2.7171828084E-04   7.6336940124E-05  -3.3398994011E-04
   27     -7.5360365798E-06   9.1382907621E-05  -6.6156059744E-06   2.5299286310E-04  -2.0283903246E-05
   28     -8.1165823197E-05  -1.3004965494E-04  -1.0228726270E-04  -2.0852059863E-04   3.9169122664E-04
   29      1.8412251914E-04   5.3286726100E-06  -5.8099050640E-05  -1.2871188699E-04  -5.4264162262E-05
   30     -1.3311002537E-04  -1.1413393530E-05  -5.1725125190E-05   5.0025746121E-04   5.5976778830E-04
   31      2.1825796720E-04   2.5676760033E-04   9.8783314996E-05  -1.1430637393E-03  -1.4862093599E-03
   32      4.7078223747E-06   3.6440902681E-04   3.6400981556E-04   9.2730844359E-05   6.2613304987E-04
   33      2.5910949980E-04  -1.7719748789E-04   1.0513395113E-04  -8.7170140188E-05  -6.6632234970E-06
   34     -1.2233738611E-04  -3.3818935463E-04  -7.9797831215E-04   1.8883027138E-04   3.0944054638E-04
   35      4.0357265908E-04   5.9832424758E-04   3.6224679229E-04  -9.3030829862E-05  -2.5778977775E-06
   36     -8.6619346404E-05  -1.2060214812E-04  -2.3135585136E-04  -6.1523655730E-04  -1.1323751505E-03
   37      7.3378302438E-05  -1.9470209839E-05  -2.4285449664E-05   2.9126431042E-04   8.6628085430E-04
   38     -3.2010251994E-05  -1.9484111572E-04  -2.6185094375E-04  -2.8152662460E-04   2.3036123251E-05
                   20                 21                 22                 23                 24        
    0     -2.6196879849E-02  -2.8785371036E-01   3.4555894085E-02   6.5544284895E-02   1.7930917332E-03
    1      7.7187328392E-02   3.4189076570E-02  -4.7501741600E-02  -7.7612733743E-03  -1.7618469146E-03
    2     -7.5460980801E-02   6.4795192095E-02  -7.2358849816E-03  -6.2486018505E-02  -2.1721757697E-02
    3      6.1489580958E-03  -1.9228050627E-02  -2.7121777847E-02  -1.6091726098E-02  -4.6172473237E-02
    4     -1.2739076411E-02   1.6384014904E-03  -3.8151302666E-05   9.7107712949E-04   4.5790256660E-03
    5      3.8877253825E-03   2.3025393375E-03   3.3662612222E-03   1.4395778245E-03   3.7602936248E-02
    6     -1.8673839605E-03   6.8203068709E-04  -7.1648474573E-04   2.9639260512E-04   7.3764949419E-04
    7     -1.5214330603E-03   1.0644093984E-03   1.7805283128E-03   6.3979497030E-04   1.3576932995E-03
    8     -8.0430655036E-04   3.8894550449E-04   2.9685629421E-04   2.1895027172E-05  -1.0605702835E-02
    9     -3.5727478606E-04   9.1292922647E-04   1.6047261210E-03  -4.2064896871E-04  -4.1675704097E-03
   10      1.8384530251E-04  -4.3540903705E-03  -5.0433321583E-03  -3.1456384058E-03  -4.7904286994E-03
   11      5.4966083883E-04  -2.3046628583E-03  -2.8977780135E-03  -1.8281527118E-03   3.6984920319E-02
   12      1.9366998991E-04  -1.0956681866E-03  -2.3091984609E-03  -1.4395365204E-03  -6.6545826162E-03
   13      3.4224255741E-05   2.1162751590E-04   3.3675467726E-04   1.6462991272E-05  -6.4416074214E-05
   14     -2.2407049988E-04   9.3979528479E-04   1.7951972962E-03   1.6385657089E-03  -3.5705147634E-03
   15     -1.0234697058E-02  -1.2990012950E-03  -1.7652780411E-03   3.0927932230E-02  -1.7825862373E-03
   16      2.8585007028E-02   3.1644717042E-04  -1.0360946793E-03  -4.4945192431E-03  -3.3597253853E-03
   17     -8.4209215685E-03  -4.5475378141E-04   7.7301394159E-04  -6.5111634398E-03  -1.9611581045E-03
   18      2.9755218171E-02  -7.6793024452E-03   2.7505433106E-02  -1.1320780271E-02   7.1903730000E-04
   19     -8.2577632009E-02   1.9958958498E-04  -2.8237825300E-03   1.1295801264E-03   3.6545533495E-04
   20      7.7431911184E-02   2.2832044608E-03  -8.2386848988E-03   1.7920870460E-03   6.4029341203E-04
   21      2.2832044608E-03   3.1359734387E-01  -3.3544268400E-02  -6.7960105136E-02   9.0053520487E-04
   22     -8.2386848988E-03  -3.3544268400E-02   5.2785615719E-02   1.1297680643E-02   1.2754956615E-03
   23      1.7920870460E-03  -6.7960105136E-02   1.1297680643E-02   6.4932663662E-02  -1.1646345505E-04
   24      6.4029341203E-04   9.0053520487E-04   1.2754956615E-03  -1.1646345505E-04   5.4250533987E-02
   25      5.2532981795E-05   5.6131633337E-04   1.0610058715E-03   9.5702621031E-04   1.4325897481E-03
   26      4.7502583119E-04  -1.2134011629E-04   6.5295354992E-04   9.3655884392E-04  -3.3006483922E-02
   27     -1.7332412511E-04   5.0465246512E-04   4.9877515765E-04   2.3385681858E-04   2.0733591752E-04
   28      2.1367068727E-04  -7.2812834834E-04  -5.4803837684E-04   2.0057106002E-05  -4.5037382891E-04
   29     -1.4079137895E-04   1.1964955395E-04  -1.6721052477E-04   2.6330333342E-04  -3.1986742392E-04
   30     -6.2846636243E-05   2.8540112779E-04   2.2462960758E-04  -1.1762999993E-04   3.1267559952E-04
   31     -8.3609913637E-04   6.7875223165E-05   3.3015154615E-04   1.8963224354E-04  -4.1998911656E-04
   32      6.5066261520E-04  -1.9481789678E-04  -1.0420058688E-04  -1.5585291046E-04   5.9699773710E-04
   33     -1.1065784292E-04  -7.8365946331E-05   1.6486203231E-05   1.5776549604E-04  -2.8196755467E-04
   34     -3.6216030064E-04  -7.6501721477E-05  -1.2887529353E-04  -7.4806619389E-05   2.1428953106E-03
   35      3.3602328306E-04  -1.5261818988E-05   7.7245653699E-05  -6.6031872533E-05  -8.3113098904E-04
   36     -2.2948349142E-05   3.5120628306E-04  -2.4178448116E-04   2.9936427635E-04   1.3832081834E-04
   37      1.2049949451E-05   4.7159758756E-04   8.2595981358E-04   2.5356831798E-04  -3.0409066106E-04
   38     -7.2025381851E-05   2.2890950025E-04   3.8590830932E-04   2.2567993480E-05  -3.7099316756E-03
                   25                 26                 27                 28                 29        
    0      3.0911358877E-04   9.8966856618E-04   7.2436784939E-04   1.0610199661E-03   2.1192468777E-04
    1     -2.8690579326E-03  -1.9896214768E-03  -9.0379501756E-04   1.9766354349E-03  -4.3820808519E-04
    2     -2.5634611746E-02  -1.5910679009E-02   1.2329202010E-04  -2.6428917564E-04   2.8257034904E-05
    3      4.6291110005E-03   2.9388549833E-02  -9.1511232669E-03   3.1202490701E-02  -1.2188264251E-02
    4     -4.2296227591E-02   1.7768522100E-02   5.6686948067E-04  -6.8323125902E-03   2.4112277394E-03
    5      1.7152215801E-02  -2.7851054089E-01   1.5039432724E-03  -7.7860153239E-03   9.7330458888E-04
    6     -3.8348585271E-03   1.1296438375E-03  -2.8918178394E-01   3.5774218642E-02   5.5784220117E-02
    7     -4.1513109129E-03   1.4697105978E-03   3.7312367648E-02  -5.0755609057E-02  -9.3854392279E-03
    8      3.0282174374E-02  -9.5237040980E-03   5.5447199246E-02  -8.8623120273E-03  -5.8858547239E-02
    9     -2.8329014612E-03   2.3017427800E-03   3.2771169931E-04  -1.0512666925E-03   3.7026536069E-04
   10     -4.9846463742E-04   2.8516333862E-03   6.0452086615E-04  -7.0670982216E-03   3.1201491898E-03
   11     -4.9849009839E-03  -1.0632526384E-02  -5.9249943898E-04   3.3922312522E-03  -7.6238671213E-04
   12      7.8301019044E-04   9.4210876629E-04   2.9338694861E-04  -7.3855554938E-04   3.3313358855E-04
   13      1.0169750777E-03  -2.1029916658E-03   9.2609422520E-04   1.8419438668E-03  -8.8518604095E-04
   14      3.1899954759E-05   6.5337666003E-04  -3.7293054306E-04  -4.6887910380E-04   6.4325388605E-04
   15     -2.8943367010E-03  -1.8210747200E-03  -7.5360365798E-06  -8.1165823197E-05   1.8412251914E-04
   16     -3.0357713766E-03  -2.4343027169E-03   9.1382907621E-05  -1.3004965494E-04   5.3286726100E-06
   17     -1.8783420736E-03   2.7171828084E-04  -6.6156059744E-06  -1.0228726270E-04  -5.8099050640E-05
   18      5.9953294737E-04   7.6336940124E-05   2.5299286310E-04  -2.0852059863E-04  -1.2871188699E-04
   19      6.2117717689E-04  -3.3398994011E-04  -2.0283903246E-05   3.9169122664E-04  -5.4264162262E-05
   20      5.2532981795E-05   4.7502583119E-04  -1.7332412511E-04   2.1367068727E-04  -1.4079137895E-04
   21      5.6131633337E-04  -1.2134011629E-04   5.0465246512E-04  -7.2812834834E-04   1.1964955395E-04
   22      1.0610058715E-03   6.5295354992E-04   4.9877515765E-04  -5.4803837684E-04  -1.6721052477E-04
   23      9.5702621031E-04   9.3655884392E-04   2.3385681858E-04   2.0057106002E-05   2.6330333342E-04
   24      1.4325897481E-03  -3.3006483922E-02   2.0733591752E-04  -4.5037382891E-04  -3.1986742392E-04
   25      5.3589189172E-02  -1.7749772537E-02  -1.0627390352E-05   1.1577296135E-03  -6.1297429031E-04
   26     -1.7749772537E-02   3.0938840242E-01  -3.6305067455E-04   2.1799713846E-05   4.2697339425E-04
   27     -1.0627390352E-05  -3.6305067455E-04   3.1441839216E-01  -4.2671485196E-02  -6.0198967061E-02
   28      1.1577296135E-03   2.1799713846E-05  -4.2671485196E-02   5.7340520639E-02   7.4881482619E-03
   29     -6.1297429031E-04   4.2697339425E-04  -6.0198967061E-02   7.4881482619E-03   5.9959302188E-02
   30     -4.6037319855E-04   2.8179421055E-05  -1.5218978450E-02  -2.1656392307E-02  -1.4415385653E-02
   31      7.4069424553E-04   3.7123681248E-04   3.4036130022E-03   4.0912254452E-03   3.2710156558E-03
   32     -3.7562852974E-04   5.4918657460E-04   4.4817020384E-03   6.4835741629E-03   2.5107539470E-03
   33      1.9338639278E-03  -6.0170931371E-04  -2.7193853902E-03  -2.5014095549E-03   3.0985847486E-02
   34     -5.3256218356E-03   1.8355034353E-03  -3.7860121179E-05  -9.9814418683E-04  -4.9857110572E-03
   35      1.9976578376E-03   8.5607814686E-04  -2.8610819804E-04   2.4051511008E-06  -5.1707602998E-03
   36     -2.1772479893E-04   1.0752917518E-03  -4.5003282276E-04   2.0455801900E-03  -7.4263763461E-04
   37     -1.0316870896E-05  -3.8075918128E-04   2.4441674019E-04  -4.6849413859E-04   2.2801914318E-04
   38      7.8280092270E-04   1.0201302299E-03   2.0817284982E-04  -1.3299871602E-04   1.8543630780E-04
                   30                 31                 32                 33                 34        
    0     -5.8134650867E-04   3.3834470276E-03  -7.7476156030E-04   4.9880055108E-05   1.1074072338E-04
    1      1.4442474107E-03  -5.0742354211E-03   1.7606164589E-03  -1.7732697401E-04   1.9575465266E-03
    2     -2.7810337463E-04   3.1715021815E-03  -2.3930697814E-04   4.5686158637E-04   1.3572353038E-03
    3      4.9373678772E-03  -1.6182144247E-02   7.7908403394E-03  -1.7299095678E-04  -4.0642690022E-03
    4      6.8713004032E-03  -2.0640660155E-02   8.5714679625E-03   2.1919631644E-04  -3.8907351351E-03
    5      6.3021621926E-03  -1.4350439220E-02   4.1026162458E-03  -1.0494844800E-02   3.1558345259E-02
    6     -1.2438412575E-01  -1.0073329646E-01  -6.4640258589E-02  -4.8989925996E-02  -2.2586241420E-03
    7     -1.0235961974E-01  -1.7818630356E-01  -8.3661913990E-02  -2.0601347933E-03  -4.7534820672E-02
    8     -6.5436184220E-02  -8.2342868216E-02  -9.8649774197E-02   3.2496798314E-02   1.6960925224E-02
    9      8.7538148882E-04  -2.6064918825E-03  -7.2875143981E-04   1.1919524089E-03  -1.4918726154E-03
   10      4.7257051621E-04  -3.6183815575E-04  -1.0959279385E-03   7.1330424193E-04   4.8305580734E-04
   11      3.5466044555E-04   4.7708888608E-04   6.4463883035E-04  -1.6368611466E-03   5.2438647837E-04
   12     -4.3208552655E-04   1.0328239396E-03  -5.8781606046E-05  -3.2717646363E-04   8.3229381946E-04
   13      1.3637337771E-04   1.5259443187E-03   9.8867108124E-04  -6.9744175379E-04   4.8561050887E-04
   14      5.8606450774E-05  -5.4311323269E-04  -1.1145305150E-04   6.0394880317E-04  -3.8778259093E-04
   15     -1.3311002537E-04   2.1825796720E-04   4.7078223747E-06   2.5910949980E-04  -1.2233738611E-04
   16     -1.1413393530E-05   2.5676760033E-04   3.6440902681E-04  -1.7719748789E-04  -3.3818935463E-04
   17     -5.1725125190E-05   9.8783314996E-05   3.6400981556E-04   1.0513395113E-04  -7.9797831215E-04
   18      5.0025746121E-04  -1.1430637393E-03   9.2730844359E-05  -8.7170140188E-05   1.8883027138E-04
   19      5.5976778830E-04  -1.4862093599E-03   6.2613304987E-04  -6.6632234970E-06   3.0944054638E-04
   20     -6.2846636243E-05  -8.3609913637E-04   6.5066261520E-04  -1.1065784292E-04  -3.6216030064E-04
   21      2.8540112779E-04   6.7875223165E-05  -1.9481789678E-04  -7.8365946331E-05  -7.6501721477E-05
   22      2.2462960758E-04   3.3015154615E-04  -1.0420058688E-04   1.6486203231E-05  -1.2887529353E-04
   23     -1.1762999993E-04   1.8963224354E-04  -1.5585291046E-04   1.5776549604E-04  -7.4806619389E-05
   24      3.1267559952E-04  -4.1998911656E-04   5.9699773710E-04  -2.8196755467E-04   2.1428953106E-03
   25     -4.6037319855E-04   7.4069424553E-04  -3.7562852974E-04   1.9338639278E-03  -5.3256218356E-03
   26      2.8179421055E-05   3.7123681248E-04   5.4918657460E-04  -6.0170931371E-04   1.8355034353E-03
   27     -1.5218978450E-02   3.4036130022E-03   4.4817020384E-03  -2.7193853902E-03  -3.7860121179E-05
   28     -2.1656392307E-02   4.0912254452E-03   6.4835741629E-03  -2.5014095549E-03  -9.9814418683E-04
   29     -1.4415385653E-02   3.2710156558E-03   2.5107539470E-03   3.0985847486E-02  -4.9857110572E-03
   30      1.3206122143E-01   1.1087830995E-01   7.1111126885E-02   1.6457791277E-03   4.1291942810E-03
   31      1.1087830995E-01   1.9677113992E-01   8.8754225552E-02   2.0915327159E-03   1.9617160076E-03
   32      7.1111126885E-02   8.8754225552E-02   1.0310572029E-01  -1.7841209683E-02  -2.2441033335E-02
   33      1.6457791277E-03   2.0915327159E-03  -1.7841209683E-02   4.9427949532E-02   8.5798857776E-04
   34      4.1291942810E-03   1.9617160076E-03  -2.2441033335E-02   8.5798857776E-04   5.3120400849E-02
   35      2.6880148215E-03   1.6417981594E-03  -1.2530498760E-02  -3.4572346693E-02  -2.2816910985E-02
   36      1.3156213925E-04  -7.3830275643E-06   1.5462287312E-04   8.2311824945E-05  -2.1010979214E-04
   37     -2.1208604750E-04   7.1607568828E-05   1.3489680105E-04  -2.1256639891E-04  -1.0138376842E-04
   38     -1.7502297209E-04   9.1947283626E-05  -2.4070242060E-04   4.5196552812E-04  -3.3437484346E-04
                   35                 36                 37                 38        
     0      4.9805880013E-05   2.1072376260E-03   8.2887537692E-04   2.3733173796E-03
     1     -7.3074800792E-04   1.3804838058E-03  -5.6485628903E-05  -1.6239670853E-05
     2      8.5420660172E-04  -2.1956217880E-05  -2.3956455893E-04  -2.5966235416E-04
     3     -2.9212965765E-04  -4.9958239951E-03   1.4354587525E-03   4.2095684179E-03
     4      1.9924199461E-03   2.7395145859E-02  -5.7878066269E-03   2.9444993299E-04
     5     -1.1207567971E-02  -7.8282908081E-03   8.0987138759E-03   1.5132934400E-02
     6      3.1307881996E-02  -5.7230396094E-03   1.4968972102E-03   1.3712416761E-03
     7      1.8052785379E-02  -9.2595954282E-04   1.9155134513E-03   5.3248223356E-04
     8     -3.0092958871E-01   2.5341386603E-03  -6.7438546344E-04   1.9140812172E-03
     9      2.2914302649E-03  -9.2612484628E-02   8.1898055715E-02  -2.6147000485E-02
    10      4.2861139209E-04   7.2390532341E-02  -2.0952054876E-01   4.8269157500E-02
    11     -6.7993073405E-04  -2.2953305639E-02   4.6491645054E-02  -7.2891248099E-02
    12     -4.1723596919E-04   1.4438649558E-02  -1.4278589136E-02   7.5686020761E-03
    13     -1.2389767849E-03  -2.8586534477E-02  -3.1234636116E-02   3.0384291588E-02
    14      1.0809147434E-03   1.4010834825E-02   2.6245777959E-02   3.5410737686E-03
    15      4.0357265908E-04  -8.6619346404E-05   7.3378302438E-05  -3.2010251994E-05
    16      5.9832424758E-04  -1.2060214812E-04  -1.9470209839E-05  -1.9484111572E-04
    17      3.6224679229E-04  -2.3135585136E-04  -2.4285449664E-05  -2.6185094375E-04
    18     -9.3030829862E-05  -6.1523655730E-04   2.9126431042E-04  -2.8152662460E-04
    19     -2.5778977775E-06  -1.1323751505E-03   8.6628085430E-04   2.3036123251E-05
    20      3.3602328306E-04  -2.2948349142E-05   1.2049949451E-05  -7.2025381851E-05
    21     -1.5261818988E-05   3.5120628306E-04   4.7159758756E-04   2.2890950025E-04
    22      7.7245653699E-05  -2.4178448116E-04   8.2595981358E-04   3.8590830932E-04
    23     -6.6031872533E-05   2.9936427635E-04   2.5356831798E-04   2.2567993480E-05
    24     -8.3113098904E-04   1.3832081834E-04  -3.0409066106E-04  -3.7099316756E-03
    25      1.9976578376E-03  -2.1772479893E-04  -1.0316870896E-05   7.8280092270E-04
    26      8.5607814686E-04   1.0752917518E-03  -3.8075918128E-04   1.0201302299E-03
    27     -2.8610819804E-04  -4.5003282276E-04   2.4441674019E-04   2.0817284982E-04
    28      2.4051511008E-06   2.0455801900E-03  -4.6849413859E-04  -1.3299871602E-04
    29     -5.1707602998E-03  -7.4263763461E-04   2.2801914318E-04   1.8543630780E-04
    30      2.6880148215E-03   1.3156213925E-04  -2.1208604750E-04  -1.7502297209E-04
    31      1.6417981594E-03  -7.3830275643E-06   7.1607568828E-05   9.1947283626E-05
    32     -1.2530498760E-02   1.5462287312E-04   1.3489680105E-04  -2.4070242060E-04
    33     -3.4572346693E-02   8.2311824945E-05  -2.1256639891E-04   4.5196552812E-04
    34     -2.2816910985E-02  -2.1010979214E-04  -1.0138376842E-04  -3.3437484346E-04
    35      3.2716078299E-01  -2.3415314964E-04  -3.7671749522E-05  -6.5874212625E-05
    36     -2.3415314964E-04   8.7233948710E-02  -7.1750940264E-02   1.3947054923E-02
    37     -3.7671749522E-05  -7.1750940264E-02   2.4351978043E-01  -8.0096812123E-02
    38     -6.5874212625E-05   1.3947054923E-02  -8.0096812123E-02   5.1975139495E-02

$vibrational_frequencies
39
    0        0.0000000000000000
    1        0.0000000000000000
    2        0.0000000000000000
    3        0.0000000000000000
    4        0.0000000000000000
    5        0.0000000000000000
    6      139.5626998087471691
    7      226.1264292293127767
    8      253.0269059095274713
    9      284.1796085059474422
   10      350.0638441920465311
   11      398.3075712928482517
   12      649.7889257203883062
   13      805.4982282888216787
   14      904.0009019930873819
   15      931.1950702507988353
   16      945.1389244528594418
   17      975.4873601214434302
   18     1123.1467669536082212
   19     1147.1819639147070120
   20     1201.5462341740917509
   21     1283.7672918789442065
   22     1351.7491398427755485
   23     1386.1687843440297456
   24     1390.9093354309625283
   25     1416.4460461052865412
   26     1475.5794284994549344
   27     1481.8292691140266015
   28     1496.0953216366883680
   29     1501.4126628957315006
   30     1713.2059857203876163
   31     2891.5902511318822690
   32     2975.7619360820776819
   33     3010.1261007979951501
   34     3017.0449844515728728
   35     3090.7599408943669914
   36     3094.7626108474150897
   37     3099.7214859194582459
   38     3100.3703350469595534

$normal_modes
39 39
                    0                  1                  2                  3                  4        
    0      0.0000000000E+00   0.0000000000E+00   0.0000000000E+00   0.0000000000E+00   0.0000000000E+00
    1      0.0000000000E+00   0.0000000000E+00   0.0000000000E+00   0.0000000000E+00   0.0000000000E+00
    2      0.0000000000E+00   0.0000000000E+00   0.0000000000E+00   0.0000000000E+00   0.0000000000E+00
    3      0.0000000000E+00   0.0000000000E+00   0.0000000000E+00   0.0000000000E+00   0.0000000000E+00
    4      0.0000000000E+00   0.0000000000E+00   0.0000000000E+00   0.0000000000E+00   0.0000000000E+00
    5      0.0000000000E+00   0.0000000000E+00   0.0000000000E+00   0.0000000000E+00   0.0000000000E+00
    6      0.0000000000E+00   0.0000000000E+00   0.0000000000E+00   0.0000000000E+00   0.0000000000E+00
    7      0.0000000000E+00   0.0000000000E+00   0.0000000000E+00   0.0000000000E+00   0.0000000000E+00
    8      0.0000000000E+00   0.0000000000E+00   0.0000000000E+00   0.0000000000E+00   0.0000000000E+00
    9      0.0000000000E+00   0.0000000000E+00   0.0000000000E+00   0.0000000000E+00   0.0000000000E+00
   10      0.0000000000E+00   0.0000000000E+00   0.0000000000E+00   0.0000000000E+00   0.0000000000E+00
   11      0.0000000000E+00   0.0000000000E+00   0.0000000000E+00   0.0000000000E+00   0.0000000000E+00
   12      0.0000000000E+00   0.0000000000E+00   0.0000000000E+00   0.0000000000E+00   0.0000000000E+00
   13      0.0000000000E+00   0.0000000000E+00   0.0000000000E+00   0.0000000000E+00   0.0000000000E+00
   14      0.0000000000E+00   0.0000000000E+00   0.0000000000E+00   0.0000000000E+00   0.0000000000E+00
   15      0.0000000000E+00   0.0000000000E+00   0.0000000000E+00   0.0000000000E+00   0.0000000000E+00
   16      0.0000000000E+00   0.0000000000E+00   0.0000000000E+00   0.0000000000E+00   0.0000000000E+00
   17      0.0000000000E+00   0.0000000000E+00   0.0000000000E+00   0.0000000000E+00   0.0000000000E+00
   18      0.0000000000E+00   0.0000000000E+00   0.0000000000E+00   0.0000000000E+00   0.0000000000E+00
   19      0.0000000000E+00   0.0000000000E+00   0.0000000000E+00   0.0000000000E+00   0.0000000000E+00
   20      0.0000000000E+00   0.0000000000E+00   0.0000000000E+00   0.0000000000E+00   0.0000000000E+00
   21      0.0000000000E+00   0.0000000000E+00   0.0000000000E+00   0.0000000000E+00   0.0000000000E+00
   22      0.0000000000E+00   0.0000000000E+00   0.0000000000E+00   0.0000000000E+00   0.0000000000E+00
   23      0.0000000000E+00   0.0000000000E+00   0.0000000000E+00   0.0000000000E+00   0.0000000000E+00
   24      0.0000000000E+00   0.0000000000E+00   0.0000000000E+00   0.0000000000E+00   0.0000000000E+00
   25      0.0000000000E+00   0.0000000000E+00   0.0000000000E+00   0.0000000000E+00   0.0000000000E+00
   26      0.0000000000E+00   0.0000000000E+00   0.0000000000E+00   0.0000000000E+00   0.0000000000E+00
   27      0.0000000000E+00   0.0000000000E+00   0.0000000000E+00   0.0000000000E+00   0.0000000000E+00
   28      0.0000000000E+00   0.0000000000E+00   0.0000000000E+00   0.0000000000E+00   0.0000000000E+00
   29      0.0000000000E+00   0.0000000000E+00   0.0000000000E+00   0.0000000000E+00   0.0000000000E+00
   30      0.0000000000E+00   0.0000000000E+00   0.0000000000E+00   0.0000000000E+00   0.0000000000E+00
   31      0.0000000000E+00   0.0000000000E+00   0.0000000000E+00   0.0000000000E+00   0.0000000000E+00
   32      0.0000000000E+00   0.0000000000E+00   0.0000000000E+00   0.0000000000E+00   0.0000000000E+00
   33      0.0000000000E+00   0.0000000000E+00   0.0000000000E+00   0.0000000000E+00   0.0000000000E+00
   34      0.0000000000E+00   0.0000000000E+00   0.0000000000E+00   0.0000000000E+00   0.0000000000E+00
   35      0.0000000000E+00   0.0000000000E+00   0.0000000000E+00   0.0000000000E+00   0.0000000000E+00
   36      0.0000000000E+00   0.0000000000E+00   0.0000000000E+00   0.0000000000E+00   0.0000000000E+00
   37      0.0000000000E+00   0.0000000000E+00   0.0000000000E+00   0.0000000000E+00   0.0000000000E+00
   38      0.0000000000E+00   0.0000000000E+00   0.0000000000E+00   0.0000000000E+00   0.0000000000E+00
                    5                  6                  7                  8                  9        
    0      0.0000000000E+00   1.3608727713E-01   2.3612652297E-02  -1.2014373926E-02   4.7140464238E-02
    1      0.0000000000E+00   2.3104072741E-02  -3.1516792777E-03  -1.6347371733E-02   2.7435544702E-02
    2      0.0000000000E+00  -1.1801165048E-01  -2.6146382040E-02   2.0847195104E-02   2.7489863255E-02
    3      0.0000000000E+00  -2.2841333014E-02  -1.8482859257E-03   1.7153955665E-03   1.7310062304E-02
    4      0.0000000000E+00   3.8707033600E-02  -2.1823777422E-04  -2.6449816232E-02   8.4451401288E-02
    5      0.0000000000E+00   8.3272146931E-02   4.2176332507E-03   2.4152282745E-02  -3.5441876660E-02
    6      0.0000000000E+00  -2.1192905665E-02  -1.2385088001E-02   7.5250701027E-02  -2.2889389295E-01
    7      0.0000000000E+00   3.3227818258E-02   7.4576648396E-04  -9.8411038712E-03   4.4632206444E-02
    8      0.0000000000E+00   6.8772155496E-02   1.8205405479E-02   9.0217116974E-03   4.9086981481E-02
    9      0.0000000000E+00  -4.9776056405E-03  -3.4152763601E-03  -9.5619854787E-03   7.9343781692E-03
   10      0.0000000000E+00   5.3529304803E-02   1.0136533086E-03  -1.2731611736E-02  -8.1878417611E-03
   11      0.0000000000E+00   1.8775894403E-01   4.2331159253E-03  -3.2446066995E-02  -7.6186668991E-02
   12      0.0000000000E+00  -8.9622401501E-02  -5.4180667662E-03  -5.8863681090E-02   1.7351073231E-01
   13      0.0000000000E+00  -1.3580124573E-01   1.7571649631E-03   5.5579552627E-02  -1.1686427281E-01
   14      0.0000000000E+00  -1.9077793186E-01   1.8990940233E-03  -1.3004956604E-02   1.5105025158E-02
   15      0.0000000000E+00   3.2784271655E-01   3.1654236495E-01   3.1957535385E-01   2.2616059332E-01
