*************************************************
******************* ORCA 6.0.0 ******************
*************************************************
$Calculation_Status
   &GeometryIndex 1
   &ListStatus       OUT
   &VERSION [&Type "String"] "6.0.0"
   &PROGNAME [&Type "String"] "LeanSCF"
   &STATUS [&Type "String"] "NORMAL TERMINATION"
$End
$Geometry
   &GeometryIndex 1
   &ListStatus       OUT
   &NATOMS [&Type "Integer"] 13
   &NCORELESSECP [&Type "Integer"] 0
   &NGHOSTATOMS [&Type "Integer"] 0
   &CartesianCoordinates [&Type "Coordinates", &Dim(13,4), &Units "Bohr"] 
              C      2.503448022933    2.329191274809    0.410823500314
              C      0.923424280441    0.199071126170   -0.781327028479
              C      1.717203004300   -2.411624653677    0.120179296089
              C     -1.808850756205    0.754009601211   -0.303975497200
              O     -3.291656371021   -0.672682932516    0.737489444328
              H      2.338596898524    2.282110746567    2.472766990294
              H      1.894097561231    4.190257331988   -0.253735278644
              H      4.492531573756    2.083270333848   -0.090380091867
              H      1.142428704445    0.349825779524   -2.846959025011
              H      3.709688149659   -2.738180791752   -0.320605820203
              H      0.600032519579   -3.895923481707   -0.786117118189
              H      1.473610959749   -2.583249628969    2.167516743559
              H     -2.460232354077    2.635247855591   -0.966251715078
$End
$SCF_Energy
   &GeometryIndex 1
   &ListStatus       OUT
   &SCF_ENERGY [&Type "Double"]      -2.3241358091579104e+02
$End
$DFT_Energy
   &GeometryIndex 1
   &ListStatus       OUT
   &NALPHAEL [&Type "Integer"] 20
   &NBETAEL [&Type "Integer"] 20
   &NTOTALEL [&Type "Integer"] 40
   &EEXCHANGE [&Type "Double"]      -3.1897022438904571e+01
   &ECORR [&Type "Double"]      -1.2536183644449528e+00
   &ECNL [&Type "Double"]       0.0000000000000000e+00
   &EXC [&Type "Double"]      -3.3150640803349525e+01
   &EEMBED [&Type "Double"]       0.0000000000000000e+00
   &FINALEN [&Type "Double"]      -2.3241358091579104e+02  "No Van der Waals correction"
$End
$Mulliken_Population_Analysis
   &GeometryIndex 1
   &ListStatus       OUT
   &NATOMS [&Type "Integer"] 13
   &ATNO [&Type "ArrayOfIntegers", &Dim (13,1)] 
                                                         0

0                                                        6
1                                                        6
2                                                        6
3                                                        6
4                                                        8
5                                                        1
6                                                        1
7                                                        1
8                                                        1
9                                                        1
10                                                       1
11                                                       1
12                                                       1
   &ATOMICCHARGES [&Type "ArrayOfDoubles", &Dim (13,1)] 
                                                         0

0                                     -3.4574251791231880e-01
1                                      6.6459361707950748e-02
2                                     -3.2511738519479216e-01
3                                      1.0244597537525557e-01
4                                     -3.0710831825657081e-01
5                                      1.1632786218929758e-01
6                                      1.1216207383533616e-01
7                                      1.1655014281023768e-01
8                                      7.0589516591560431e-02
9                                      1.0472842001220661e-01
10                                     1.1931706084338445e-01
11                                     1.1016371020044913e-01
12                                     5.9224097797979880e-02
$End
$Loewdin_Population_Analysis
   &GeometryIndex 1
   &ListStatus       OUT
   &NATOMS [&Type "Integer"] 13
   &ATNO [&Type "ArrayOfIntegers", &Dim (13,1)] 
                                                         0

0                                                        6
1                                                        6
2                                                        6
3                                                        6
4                                                        8
5                                                        1
6                                                        1
7                                                        1
8                                                        1
9                                                        1
10                                                       1
11                                                       1
12                                                       1
   &ATOMICCHARGES [&Type "ArrayOfDoubles", &Dim (13,1)] 
                                                         0

0                                     -2.7161691958904566e-01
1                                     -3.1493786473637897e-01
2                                     -2.7622058297684671e-01
3                                     -2.6469510110795369e-01
4                                      1.0319389323504691e-01
5                                      1.2559230018140377e-01
6                                      1.2224058000563642e-01
7                                      1.2493754043943994e-01
8                                      1.6483674906407830e-01
9                                      1.2147673991110197e-01
10                                     1.2748008669091504e-01
11                                     1.2727400128041966e-01
12                                     1.1043857760216780e-01
$End
$Mayer_Population_Analysis
   &GeometryIndex 1
   &ListStatus       OUT
   &NATOMS [&Type "Integer"] 13 "Total number of atoms"
   &BONDTHRESH [&Type "Double"]       1.0000000000000001e-01  "The threshold for printing"
   &NBONDORDERSPRINT [&Type "Integer"] 12 "The number of bond orders larger than threshold"
   &BONDORDERS [&Type "ArrayOfDoubles", &Dim (12,1)] "The bond orders"
                                                         0

0                                      9.4134112891093313e-01
1                                      9.6864602041710590e-01
2                                      9.6935936228439590e-01
3                                      9.6934228177229176e-01
4                                      9.7957624700002166e-01
5                                      9.1054080253884628e-01
6                                      9.2473407556350451e-01
7                                      9.7250208624277856e-01
8                                      9.6832776447717051e-01
9                                      9.6514956887758596e-01
10                                     2.0826841124828719e+00
11                                     9.7787183804874322e-01
   &COMPONENTS [&Type "ArrayOfIntegers", &Dim (12,4)] "The indices and atomic numbers of the bonding atoms"
                                                         0                           1                           2                           3

0                                                        0                           6                           1                           6
1                                                        0                           6                           5                           1
2                                                        0                           6                           6                           1
3                                                        0                           6                           7                           1
4                                                        1                           6                           2                           6
5                                                        1                           6                           3                           6
6                                                        1                           6                           8                           1
7                                                        2                           6                           9                           1
8                                                        2                           6                          10                           1
9                                                        2                           6                          11                           1
10                                                       3                           6                           4                           8
11                                                       3                           6                          12                           1
   &ATNO [&Type "ArrayOfIntegers", &Dim (13,1)] "Atomic number of the elements"
                                                         0

0                                                        6
1                                                        6
2                                                        6
3                                                        6
4                                                        8
5                                                        1
6                                                        1
7                                                        1
8                                                        1
9                                                        1
10                                                       1
11                                                       1
12                                                       1
   &NA [&Type "ArrayOfDoubles", &Dim (13,1)] "Mulliken gross atomic population"
                                                         0

0                                      6.3457425179122859e+00
1                                      5.9335406382920430e+00
2                                      6.3251173851948099e+00
3                                      5.8975540246247338e+00
4                                      8.3071083182565797e+00
5                                      8.8367213781070264e-01
6                                      8.8783792616466373e-01
7                                      8.8344985718976088e-01
8                                      9.2941048340843913e-01
9                                      8.9527157998779161e-01
10                                     8.8068293915661600e-01
11                                     8.8983628979955021e-01
12                                     9.4077590220202123e-01
   &ZA [&Type "ArrayOfDoubles", &Dim (13,1)] "Total nuclear charge"
                                                         0

0                                      6.0000000000000000e+00
1                                      6.0000000000000000e+00
2                                      6.0000000000000000e+00
3                                      6.0000000000000000e+00
4                                      8.0000000000000000e+00
5                                      1.0000000000000000e+00
6                                      1.0000000000000000e+00
7                                      1.0000000000000000e+00
8                                      1.0000000000000000e+00
9                                      1.0000000000000000e+00
10                                     1.0000000000000000e+00
11                                     1.0000000000000000e+00
12                                     1.0000000000000000e+00
   &QA [&Type "ArrayOfDoubles", &Dim (13,1)] "Mulliken gross atomic charge"
                                                         0

0                                     -3.4574251791228594e-01
1                                      6.6459361707956965e-02
2                                     -3.2511738519480993e-01
3                                      1.0244597537526623e-01
4                                     -3.0710831825657969e-01
5                                      1.1632786218929736e-01
6                                      1.1216207383533627e-01
7                                      1.1655014281023912e-01
8                                      7.0589516591560875e-02
9                                      1.0472842001220839e-01
10                                     1.1931706084338400e-01
11                                     1.1016371020044979e-01
12                                     5.9224097797978770e-02
   &VA [&Type "ArrayOfDoubles", &Dim (13,1)] "Mayer's total valence"
                                                         0

0                                      3.8901385657229235e+00
1                                      3.6397154706907626e+00
2                                      3.9504535539457493e+00
3                                      4.0341314551412673e+00
4                                      2.1376017099080156e+00
5                                      9.8381935410959287e-01
6                                      9.8360998249085030e-01
7                                      9.8057476908338348e-01
8                                      9.7817788783489001e-01
9                                      9.7715115470433755e-01
10                                     9.8586652958317988e-01
11                                     9.9139338826229317e-01
12                                     9.7181815751678069e-01
   &BVA [&Type "ArrayOfDoubles", &Dim (13,1)] "Mayer's bonded valence"
                                                         0

0                                      3.8901385657229737e+00
1                                      3.6397154706907378e+00
2                                      3.9504535539457186e+00
3                                      4.0341314551413330e+00
4                                      2.1376017099080502e+00
5                                      9.8381935410956833e-01
6                                      9.8360998249084219e-01
7                                      9.8057476908340913e-01
8                                      9.7817788783487425e-01
9                                      9.7715115470435798e-01
10                                     9.8586652958319299e-01
11                                     9.9139338826229761e-01
12                                     9.7181815751677803e-01
   &FA [&Type "ArrayOfDoubles", &Dim (13,1)] "Mayer's free valence"
                                                         0

0                                      0.0000000000000000e+00
1                                      0.0000000000000000e+00
2                                      0.0000000000000000e+00
3                                      0.0000000000000000e+00
4                                      0.0000000000000000e+00
5                                      0.0000000000000000e+00
6                                      0.0000000000000000e+00
7                                      0.0000000000000000e+00
8                                      0.0000000000000000e+00
9                                      0.0000000000000000e+00
10                                     0.0000000000000000e+00
11                                     0.0000000000000000e+00
12                                     0.0000000000000000e+00
$End
$VdW_Correction
   &GeometryIndex 1
   &ListStatus       OUT
   &VDW [&Type "Double"]      -2.7814314317135980e-03
$End
$Calculation_Info
   &GeometryIndex 1
   &ListStatus       OUT
   &MULT [&Type "Integer"] 1
   &CHARGE [&Type "Integer"] 0
   &NUMOFATOMS [&Type "Integer"] 13
   &NUMOFELECTRONS [&Type "Integer"] 40
   &NUMOFFCELECTRONS [&Type "Integer"] 1
   &NUMOFCORRELECTRONS [&Type "Integer"] 0
   &NUMOFBASISFUNCTS [&Type "Integer"] 203
   &NUMOFAUXCBASISFUNCTS [&Type "Integer"] 0
   &NUMOFAUXJBASISFUNCTS [&Type "Integer"] 238
   &NUMOFAUXJKBASISFUNCTS [&Type "Integer"] 0
   &NUMOFCABSBASISFUNCTS [&Type "Integer"] 0
   &TOTALENERGY [&Type "Double"]      -2.3241030932072275e+02  "Hartrees"
$End
$SCF_Dipole_Moment
   &GeometryIndex 1
   &ListStatus       OUT
   &METHOD [&Type "String"] "SCF"
   &LEVEL [&Type "String"] "Relaxed density"
   &MULT [&Type "Integer"] 1
   &STATE [&Type "Integer"] -1
   &IRREP [&Type "Integer"] 0
   &NATOMS [&Type "Integer"] 13
   &DODIPOLEATOM [&Type "Boolean"] false
   &DIPOLEELECCONTRIB [&Type "ArrayOfDoubles", &Dim (3,1)] "Electronic contribution"
                                                         0

0                                     -5.5695997965450754e+00
1                                     -5.3124623233048995e-01
2                                      1.0755228325563213e-01
   &DIPOLENUCCONTRIB [&Type "ArrayOfDoubles", &Dim (3,1)] "Nuclear contribution"
                                                         0

0                                      6.4847257316595162e+00
1                                      1.0357713837387545e+00
2                                     -5.5295246657365094e-01
   &DIPOLETOTAL [&Type "ArrayOfDoubles", &Dim (3,1)] "Total"
                                                         0

0                                      9.1512593511444074e-01
1                                      5.0452515140826459e-01
2                                     -4.4540018331801878e-01
   &DIPOLEMAGNITUDE [&Type "Double", &Units "a.u."]       1.1359500115860455e+00
$End
$THERMOCHEMISTRY_Energies
   &GeometryIndex 1
   &ListStatus       OUT
   &TEMPERATURE [&Type "Double"]       2.9814999999999998e+02
   &PRESSURE [&Type "Double"]       1.0000000000000000e+00
   &TOTALMASS [&Type "Double"]       7.2106999999999985e+01
   &SPINDEGENERACY [&Type "Integer"] 1
   &ELENERGY [&Type "Double"]      -2.3241030932072275e+02
   &TRANSENERGY [&Type "Double"]       1.4162714244859817e-03
   &ROTENERGY [&Type "Double"]       1.4162714244859817e-03
   &VIBENERGY [&Type "Double"]       3.3023612164689172e-03
   &NUMOFFREQS [&Type "Integer"] 39
   &FREQSCALINGFACTOR [&Type "Double"]       1.0000000000000000e+00
   &FREQ [&Type "ArrayOfDoubles", &Dim (39,1)] "In cm^-1"
                                                         0

0                                      0.0000000000000000e+00
1                                      0.0000000000000000e+00
2                                      0.0000000000000000e+00
3                                      0.0000000000000000e+00
4                                      0.0000000000000000e+00
5                                      0.0000000000000000e+00
6                                      1.3956269980874717e+02
7                                      2.2612642922931278e+02
8                                      2.5302690590952747e+02
9                                      2.8417960850594744e+02
10                                     3.5006384419204653e+02
11                                     3.9830757129284825e+02
12                                     6.4978892572038831e+02
13                                     8.0549822828882168e+02
14                                     9.0400090199308738e+02
15                                     9.3119507025079884e+02
16                                     9.4513892445285944e+02
17                                     9.7548736012144343e+02
18                                     1.1231467669536082e+03
19                                     1.1471819639147070e+03
20                                     1.2015462341740918e+03
21                                     1.2837672918789442e+03
22                                     1.3517491398427755e+03
23                                     1.3861687843440297e+03
24                                     1.3909093354309625e+03
25                                     1.4164460461052865e+03
26                                     1.4755794284994549e+03
27                                     1.4818292691140266e+03
28                                     1.4960953216366884e+03
29                                     1.5014126628957315e+03
30                                     1.7132059857203876e+03
31                                     2.8915902511318823e+03
32                                     2.9757619360820777e+03
33                                     3.0101261007979952e+03
34                                     3.0170449844515729e+03
35                                     3.0907599408943670e+03
36                                     3.0947626108474151e+03
37                                     3.0997214859194582e+03
38                                     3.1003703350469596e+03
   &ZPE [&Type "Double"]       1.1188434878973459e-01
   &INNERENERGYU [&Type "Double"]      -2.3229229006786755e+02
   &ENTHALPYH [&Type "Double"]      -2.3229134585882531e+02
   &QEL [&Type "Double"]       0.0000000000000000e+00
   &QROT [&Type "Double"]       1.2190632784077624e-02
   &QVIB [&Type "Double"]       5.4152033144622439e-03
   &QTRANS [&Type "Double"]       1.8408094370990925e-02
   &ENTROPYS [&Type "Double"]       3.6013930469530789e-02
   &FREEENERGYG [&Type "Double"]      -2.3232735978929483e+02
   &ISLINEAR [&Type "Boolean"] false
$End
$Hessian
   &GeometryIndex 1
   &ListStatus       OUT
   &HESSIAN [&Type "ArrayOfDoubles", &Dim (39,39)] "The Hessian"
                                                         0                           1                           2                           3                           4                           5                           6                           7

0                                      5.2864877808613775e-01        -5.2654415429632576e-02        -2.7889677499396276e-02        -9.9556392233745808e-02        -3.7735020370878412e-02        -3.2276263217088708e-02         5.8603713196183869e-03         4.9981472217115568e-03
1                                     -5.2654415429632576e-02         4.9569758449016615e-01        -4.2289964447083425e-02        -2.3911551579046661e-02        -1.1852325735489022e-01        -2.4316178040714426e-02        -1.8198745683163840e-02        -3.0182599183739937e-02
2                                     -2.7889677499396276e-02        -4.2289964447083425e-02         5.3814023052824345e-01        -2.2123073221318432e-02        -2.6748282507205082e-02        -8.5776795955340018e-02         6.4911785818306733e-03         6.0328715431570076e-03
3                                     -9.9556392233745808e-02        -2.3911551579046661e-02        -2.2123073221318432e-02         4.6094173434769187e-01        -2.8100905406283721e-02        -1.4801468119997737e-02        -8.5419237178547186e-02         2.4796063856671352e-02
4                                     -3.7735020370878412e-02        -1.1852325735489022e-01        -2.6748282507205082e-02        -2.8100905406283721e-02         4.7261024850557382e-01        -3.8594004989703098e-02         2.7261119538375244e-02        -1.6603682410114742e-01
5                                     -3.2276263217088708e-02        -2.4316178040714426e-02        -8.5776795955340018e-02        -1.4801468119997737e-02        -3.8594004989703098e-02         5.2469619419417635e-01        -9.6087105400607734e-03         3.3061229691932231e-02
6                                      5.8603713196183869e-03        -1.8198745683163840e-02         6.4911785818306733e-03        -8.5419237178547186e-02         2.7261119538375244e-02        -9.6087105400607734e-03         5.6111385842786354e-01         2.7039836166365280e-02
7                                      4.9981472217115568e-03        -3.0182599183739937e-02         6.0328715431570076e-03         2.4796063856671352e-02        -1.6603682410114742e-01         3.3061229691932231e-02         2.7039836166365280e-02         4.8530186859763613e-01
8                                      4.0307583370684762e-03        -1.2740868124075641e-02         4.6258541493460186e-03        -9.3151751449837960e-03         3.5111975592893224e-02        -9.1328258496910175e-02        -7.1904046841556107e-03         3.2813239669616683e-02
9                                     -2.9546119843854982e-02        -1.5008127990781505e-02        -1.4708416398228931e-03        -1.6827365847075415e-01         4.4502001484139339e-02         7.1255127906314844e-03        -1.5665008455919786e-02         1.4010444075925412e-02
10                                    -2.9870336943508449e-02         2.4798838919423086e-03         4.7045429109291922e-03         4.7345710787634589e-02        -9.9191012651581451e-02        -3.1045495764555238e-03         3.7447733556000659e-02        -1.0286267553311032e-02
11                                    -1.4741363960068185e-02         6.5682975414022918e-03         2.9393972200561138e-03         4.8879471612826852e-03        -4.2067974706403019e-03        -8.2567675928300416e-02        -1.1843897346352225e-02         5.4773218743213274e-04
12                                    -2.7406918119242812e-03         4.9700129216328666e-03         3.9994021650181753e-03        -3.7335584472351073e-02        -3.1827354960314524e-02         3.1243381506257904e-02         3.0863010603237317e-03        -4.2336796344175226e-03
13                                     4.0119897429712493e-03         2.2440338543267668e-03         2.2346773246865667e-04        -1.7390098051476219e-02         1.1935783445208119e-02         1.0409774528732263e-02         1.5220744757304364e-04        -1.2173071917785088e-03
14                                     4.3022332752381551e-03        -4.9184702747173941e-03        -3.5050941096983427e-03         2.3783328285909858e-02         1.5224445806413861e-02         1.2588123662714126e-02        -1.5009449756646330e-03         5.9080084182473128e-04
15                                    -4.8801669553660609e-02        -1.7479836399859482e-04         2.4389943321277384e-02        -8.2164418869050924e-04         1.3659285530802498e-04        -1.9180501047681011e-02         3.7087122158924310e-04         1.0712843116164323e-03
16                                     4.2738758204269442e-04        -4.6774294983898769e-02         1.0217293637797715e-02         7.7205552080531013e-04        -5.6742999819420822e-04        -2.3866333967199740e-02         6.4244141716921963e-04         1.8189723451259823e-03
17                                     2.4398547613343383e-02         9.6967791730361904e-03        -3.0294940782232405e-01        -1.4307136140135381e-03        -7.4836113968551610e-05        -1.3429637060182169e-02         2.7684890954798912e-04         7.8188856878792573e-04
18                                    -7.0103796354643672e-02         7.0779102943945821e-02        -2.6772054667256642e-02         5.2478764020540474e-03        -1.5529103081119157e-02         8.1429611603407500e-03        -2.4879612855035543e-03        -2.0089778804213642e-03
19                                     7.0600841729917319e-02        -2.5337401209294058e-01         7.6694234043210088e-02         6.6125862388779141e-03        -2.0741614443920694e-02         8.3883920226183496e-03        -4.1343188046387425e-03        -2.4658404724452049e-03
20                                    -2.6196879849475371e-02         7.7187328391689888e-02        -7.5460980800805516e-02         6.1489580957873845e-03        -1.2739076410617847e-02         3.8877253824536155e-03        -1.8673839605256985e-03        -1.5214330603324808e-03
21                                    -2.8785371036296559e-01         3.4189076570257063e-02         6.4795192095020451e-02        -1.9228050626940781e-02         1.6384014904132355e-03         2.3025393374866135e-03         6.8203068709184536e-04         1.0644093983843482e-03
22                                     3.4555894085121462e-02        -4.7501741599882928e-02        -7.2358849815958963e-03        -2.7121777847395386e-02        -3.8151302666221236e-05         3.3662612222258277e-03        -7.1648474573101273e-04         1.7805283128198945e-03
23                                     6.5544284895198646e-02        -7.7612733742645056e-03        -6.2486018504744237e-02        -1.6091726098324884e-02         9.7107712949021574e-04         1.4395778245182671e-03         2.9639260511776333e-04         6.3979497030253554e-04
24                                     1.7930917331922345e-03        -1.7618469146065282e-03        -2.1721757697420806e-02        -4.6172473237165723e-02         4.5790256660402998e-03         3.7602936248256495e-02         7.3764949418998488e-04         1.3576932995248009e-03
25                                     3.0911358876582469e-04        -2.8690579326067379e-03        -2.5634611745911355e-02         4.6291110005323519e-03        -4.2296227591352029e-02         1.7152215800676517e-02        -3.8348585270976615e-03        -4.1513109129094929e-03
26                                     9.8966856618371360e-04        -1.9896214767640280e-03        -1.5910679009051135e-02         2.9388549832656683e-02         1.7768522100089008e-02        -2.7851054088700811e-01         1.1296438374764402e-03         1.4697105978356828e-03
27                                     7.2436784939321208e-04        -9.0379501755680160e-04         1.2329202010132132e-04        -9.1511232669187655e-03         5.6686948067382475e-04         1.5039432723865966e-03        -2.8918178393974853e-01         3.7312367647551997e-02
28                                     1.0610199660832946e-03         1.9766354349332739e-03        -2.6428917564015202e-04         3.1202490701432502e-02        -6.8323125901927646e-03        -7.7860153238669388e-03         3.5774218641745334e-02        -5.0755609056813700e-02
29                                     2.1192468776876062e-04        -4.3820808518925955e-04         2.8257034904162958e-05        -1.2188264251369209e-02         2.4112277393771005e-03         9.7330458887677496e-04         5.5784220117058567e-02        -9.3854392279439404e-03
30                                    -5.8134650867350170e-04         1.4442474106637756e-03        -2.7810337463184771e-04         4.9373678772133538e-03         6.8713004031604949e-03         6.3021621925728345e-03        -1.2438412574535232e-01        -1.0235961974056879e-01
31                                     3.3834470275963787e-03        -5.0742354210853852e-03         3.1715021814733937e-03        -1.6182144246766478e-02        -2.0640660154841825e-02        -1.4350439220490389e-02        -1.0073329646106566e-01        -1.7818630356323420e-01
32                                    -7.7476156029605793e-04         1.7606164589407175e-03        -2.3930697814095810e-04         7.7908403393865348e-03         8.5714679624604283e-03         4.1026162458163056e-03        -6.4640258589180946e-02        -8.3661913989816095e-02
33                                     4.9880055108000821e-05        -1.7732697400817853e-04         4.5686158636958898e-04        -1.7299095678167606e-04         2.1919631644134541e-04        -1.0494844800309723e-02        -4.8989925996192910e-02        -2.0601347933111545e-03
34                                     1.1074072337807414e-04         1.9575465265792161e-03         1.3572353038377913e-03        -4.0642690021888139e-03        -3.8907351351433962e-03         3.1558345258658277e-02        -2.2586241419563953e-03        -4.7534820671550862e-02
35                                     4.9805880013315245e-05        -7.3074800791525377e-04         8.5420660171647757e-04        -2.9212965765332104e-04         1.9924199461036837e-03        -1.1207567971197045e-02         3.1307881995761906e-02         1.8052785379498289e-02
36                                     2.1072376260188857e-03         1.3804838058083047e-03        -2.1956217879790223e-05        -4.9958239950635280e-03         2.7395145858771893e-02        -7.8282908080507512e-03        -5.7230396094124034e-03        -9.2595954282297457e-04
37                                     8.2887537691843588e-04        -5.6485628903157198e-05        -2.3956455893052540e-04         1.4354587524753742e-03        -5.7878066268516951e-03         8.0987138759030710e-03         1.4968972102151548e-03         1.9155134513483604e-03
38                                     2.3733173796192442e-03        -1.6239670852554421e-05        -2.5966235416186631e-04         4.2095684178937963e-03         2.9444993299094190e-04         1.5132934400382395e-02         1.3712416760625497e-03         5.3248223356455650e-04
                                                         8                           9                          10                          11                          12                          13                          14                          15

0                                      4.0307583370684762e-03        -2.9546119843854982e-02        -2.9870336943508449e-02        -1.4741363960068185e-02        -2.7406918119242812e-03         4.0119897429712493e-03         4.3022332752381551e-03        -4.8801669553660609e-02
1                                     -1.2740868124075641e-02        -1.5008127990781505e-02         2.4798838919423086e-03         6.5682975414022918e-03         4.9700129216328666e-03         2.2440338543267668e-03        -4.9184702747173941e-03        -1.7479836399859482e-04
2                                      4.6258541493460186e-03        -1.4708416398228931e-03         4.7045429109291922e-03         2.9393972200561138e-03         3.9994021650181753e-03         2.2346773246865667e-04        -3.5050941096983427e-03         2.4389943321277384e-02
3                                     -9.3151751449837960e-03        -1.6827365847075415e-01         4.7345710787634589e-02         4.8879471612826852e-03        -3.7335584472351073e-02        -1.7390098051476219e-02         2.3783328285909858e-02        -8.2164418869050924e-04
4                                      3.5111975592893224e-02         4.4502001484139339e-02        -9.9191012651581451e-02        -4.2067974706403019e-03        -3.1827354960314524e-02         1.1935783445208119e-02         1.5224445806413861e-02         1.3659285530802498e-04
5                                     -9.1328258496910175e-02         7.1255127906314844e-03        -3.1045495764555238e-03        -8.2567675928300416e-02         3.1243381506257904e-02         1.0409774528732263e-02         1.2588123662714126e-02        -1.9180501047681011e-02
6                                     -7.1904046841556107e-03        -1.5665008455919786e-02         3.7447733556000659e-02        -1.1843897346352225e-02         3.0863010603237317e-03         1.5220744757304364e-04        -1.5009449756646330e-03         3.7087122158924310e-04
7                                      3.2813239669616683e-02         1.4010444075925412e-02        -1.0286267553311032e-02         5.4773218743213274e-04        -4.2336796344175226e-03        -1.2173071917785088e-03         5.9080084182473128e-04         1.0712843116164323e-03
8                                      5.5178372302901679e-01        -1.0670849158072801e-03        -4.5990539157973786e-03         3.0103202815663296e-03         7.6861304983811760e-05        -1.4349421105270778e-03        -2.1889736476428069e-03         3.0913644200642414e-04
9                                     -1.0670849158072801e-03         6.4131482867003853e-01         9.7837687341697677e-02        -1.5562423203136230e-01        -3.3695059285367179e-01        -2.2154304799617847e-01         1.7141153356492669e-01         2.0127889331794614e-03
10                                    -4.5990539157973786e-03         9.7837687341697677e-02         6.5760884655480611e-01        -2.2123285744646884e-01        -2.1593164122004357e-01        -3.2797358655159736e-01         1.7356500621226223e-01         5.3213880873583083e-04
11                                     3.0103202815663296e-03        -1.5562423203136230e-01        -2.2123285744646884e-01         3.5826569109267348e-01         1.6845571266691589e-01         1.7520820144298727e-01        -1.9508054259253854e-01        -2.5674594033282126e-03
12                                     7.6861304983811760e-05        -3.3695059285367179e-01        -2.1593164122004357e-01         1.6845571266691589e-01         3.6755822007054673e-01         2.6239645899761410e-01        -2.0965754743762988e-01        -3.8536204714225645e-05
13                                    -1.4349421105270778e-03        -2.2154304799617847e-01        -3.2797358655159736e-01         1.7520820144298727e-01         2.6239645899761410e-01         3.4067199257655695e-01        -2.1096603711839915e-01        -3.1370763286247411e-04
14                                    -2.1889736476428069e-03         1.7141153356492669e-01         1.7356500621226223e-01        -1.9508054259253854e-01        -2.0965754743762988e-01        -2.1096603711839915e-01         1.8019631272150766e-01         8.1293701081966278e-04
15                                     3.0913644200642414e-04         2.0127889331794614e-03         5.3213880873583083e-04        -2.5674594033282126e-03        -3.8536204714225645e-05        -3.1370763286247411e-04         8.1293701081966278e-04         5.0545637184590576e-02
16                                    -1.0776104342628220e-03         1.8682962140541370e-03         5.2284783819110333e-04        -7.8820580059741046e-04        -1.7205740368159855e-04        -3.2243926153288562e-04         3.5295614606720431e-04         3.4512832990899293e-03
17                                     9.2727923072556326e-04         2.4077180999443910e-03         1.0950065937336819e-04        -9.6724510144751731e-04        -1.3066797875303272e-03        -7.0338848459607778e-04         7.6851275007110576e-04        -2.3208086695104733e-02
18                                    -1.6750936352218967e-03         5.7984223534206149e-04        -2.3835514316452671e-03         1.4886726370898996e-03         1.9836049838357515e-04         7.7121026647361578e-04        -7.5437052407242161e-04        -2.1770395145007896e-04
19                                    -3.6868802692063647e-03         2.7983478928682980e-03        -1.1524854068489746e-03         8.4653760216939385e-04        -5.3423909156313960e-04         6.8893079561377704e-04        -4.5537331153425523e-04        -1.3257379899558018e-04
20                                    -8.0430655036016485e-04        -3.5727478606487669e-04         1.8384530251442743e-04         5.4966083883156128e-04         1.9366998990684361e-04         3.4224255740619020e-05        -2.2407049988442600e-04        -1.0234697058499406e-02
21                                     3.8894550448541300e-04         9.1292922646941596e-04        -4.3540903704782407e-03        -2.3046628583375467e-03        -1.0956681865651550e-03         2.1162751589580593e-04         9.3979528479398462e-04        -1.2990012949542695e-03
22                                     2.9685629421016488e-04         1.6047261210090794e-03        -5.0433321583183630e-03        -2.8977780134848323e-03        -2.3091984609033378e-03         3.3675467725615262e-04         1.7951972962350190e-03        -1.7652780410892645e-03
23                                     2.1895027172016447e-05        -4.2064896871475774e-04        -3.1456384057725840e-03        -1.8281527118431196e-03        -1.4395365204050619e-03         1.6462991272468480e-05         1.6385657088712517e-03         3.0927932229511405e-02
24                                    -1.0605702834978484e-02        -4.1675704096509752e-03        -4.7904286994433463e-03         3.6984920319203717e-02        -6.6545826161562797e-03        -6.4416074214438063e-05        -3.5705147633970035e-03        -1.7825862373316175e-03
