
$orca_hessian_file

$act_atom
  0

$act_coord
  0

$act_energy
        0.000000

$multiplicity
  1

$hessian
39
                    0                  1                  2                  3                  4        
    0      5.6260172137E-01  -3.3359435853E-02  -7.6303320198E-03  -8.8619244734E-02  -3.2473631912E-02
    1     -3.3359435853E-02   4.7866836523E-01  -2.1986435539E-02  -2.9615877585E-02  -1.6898925516E-01
    2     -7.6303320198E-03  -2.1986435539E-02   5.5776698151E-01  -7.3232820623E-03  -2.3159839289E-02
    3     -8.8619244734E-02  -2.9615877585E-02  -7.3232820623E-03   4.4235326599E-01   2.6472801286E-02
    4     -3.2473631912E-02  -1.6898925516E-01  -2.3159839289E-02   2.6472801286E-02   4.7756254562E-01
    5     -7.3285481697E-03  -2.1371256698E-02  -8.3348586343E-02   8.5711578873E-04   3.5946835074E-02
    6      7.7588605234E-03  -5.6379979418E-03   4.0065950227E-03  -1.0964706350E-01   3.9716365006E-02
    7      2.0907679542E-02  -2.9401893013E-02   1.1743556323E-02   2.7205499205E-02  -1.1585817759E-01
    8      4.2385712924E-03  -2.4406088049E-03   2.2480026875E-03  -2.0708653376E-02   2.3580225417E-02
    9     -1.7380692423E-02  -1.4174039573E-02   4.0495315905E-03  -1.4804004492E-01  -3.6650211893E-02
   10     -3.6445103590E-02  -9.1259962225E-03   1.2296270513E-02  -4.0260604637E-02  -9.6627121315E-02
   11     -4.9948630996E-03   3.2752983712E-03   3.4275235908E-03   1.7190882727E-02   1.2191384227E-02
   12      2.5954164267E-03   4.0578205733E-03  -9.2655534395E-04  -2.6488795512E-02   3.2023826099E-02
   13     -1.4641090924E-04  -1.5006101031E-03   1.4653578033E-03   1.8402252628E-02   8.8962566371E-03
   14     -2.2059219962E-03  -1.3882596792E-03  -1.7911604850E-03   2.9168456117E-02  -2.1216214335E-02
   15     -1.5413539382E-01   1.1440451881E-01  -6.4993812976E-02   7.5024666417E-03  -7.4389985346E-03
   16      1.1242219196E-01  -1.6561949968E-01   6.6557734067E-02   1.9514129136E-02  -2.0320440075E-02
   17     -6.3753009215E-02   6.7349813332E-02  -8.2880321334E-02   5.8401652214E-03  -5.4950344953E-03
   18     -2.5901256186E-01  -3.1584647593E-02   9.6377129354E-02  -1.0088757172E-02  -6.3664825361E-04
   19     -3.0534824931E-02  -4.9895843447E-02   1.4573857119E-02  -2.9615379174E-02  -6.0108480561E-03
   20      9.6650372086E-02   1.5169381507E-02  -9.0034961353E-02  -7.7580264948E-03  -1.6476363421E-03
   21     -4.5938785286E-02  -2.5141468830E-03  -1.4711114702E-02  -2.4452919515E-03  -1.4372301941E-03
   22     -2.1829851483E-03  -5.0783020397E-02  -3.5387757909E-02  -2.2307296964E-03  -6.6724258495E-03
   23     -1.6063915109E-02  -3.6474764833E-02  -3.0124891573E-01  -1.7623743879E-03  -2.1488265217E-03
   24     -1.1842299462E-03  -2.5361134884E-03  -1.1911015900E-02  -4.2076865281E-02  -7.4487974558E-03
   25     -1.7570853147E-03  -6.7503084546E-03  -3.0722141151E-02  -8.0094409131E-03  -4.6255604836E-02
   26     -2.4659837569E-04  -1.3207448890E-03  -5.1682231751E-03  -1.2197029196E-02  -3.4693588848E-02
   27      7.7815480408E-04  -1.0539601189E-03   3.2722405849E-04  -2.0505959651E-02  -1.4419851220E-03
   28      5.5158303698E-04   1.6987897179E-03  -5.6066715565E-04   2.4686239398E-02  -5.7409682379E-04
   29      1.1986671754E-04  -5.8947623446E-04   2.1248301978E-05  -1.4105025729E-02  -5.5872441766E-04
   30     -3.0706806919E-03   2.1615515179E-03  -1.4455049931E-03   7.8551511634E-03   1.8176844966E-02
   31      4.6379081891E-03  -2.0794076951E-03   3.0273720321E-03  -7.4994907879E-03  -2.0342766998E-02
   32     -1.8766721576E-03   1.2441048635E-03  -6.0681481643E-04   6.1598033056E-03   1.1612836569E-02
   33      4.8985118089E-04  -1.1731387730E-03   4.8453677966E-04  -4.7664344822E-03  -1.8849635505E-03
   34     -4.0910008359E-04   1.8654090380E-03   1.1539432739E-03   3.2132640454E-03   1.3472150441E-03
   35      4.0341098854E-04  -6.9370566613E-04   7.6554634473E-04  -3.2328055782E-03  -8.2728425625E-04
   36     -4.8824155450E-03   1.0267979769E-03   3.6936618691E-03  -5.0324265863E-03  -2.7011123214E-02
   37     -1.2121160611E-03   1.9132701834E-03   1.0078657637E-03  -2.2289101338E-03  -6.1552806076E-03
   38      2.6905783818E-03  -7.8246157969E-04   8.4968080077E-04   7.9137335146E-03   6.4368765489E-03
                    5                  6                  7                  8                  9        
    0     -7.3285481697E-03   7.7588605234E-03   2.0907679542E-02   4.2385712924E-03  -1.7380692423E-02
    1     -2.1371256698E-02  -5.6379979418E-03  -2.9401893013E-02  -2.4406088049E-03  -1.4174039573E-02
    2     -8.3348586343E-02   4.0065950227E-03   1.1743556323E-02   2.2480026875E-03   4.0495315905E-03
    3      8.5711578873E-04  -1.0964706350E-01   2.7205499205E-02  -2.0708653376E-02  -1.4804004492E-01
    4      3.5946835074E-02   3.9716365006E-02  -1.1585817759E-01   2.3580225417E-02  -3.6650211893E-02
    5      5.2096555677E-01  -3.1458762368E-02   2.3413297967E-02  -8.1209770118E-02   1.8292401052E-02
    6     -3.1458762368E-02   5.1968276663E-01   5.4512008640E-02  -2.8581593831E-02  -3.0249698059E-02
    7      2.3413297967E-02   5.4512008640E-02   5.0144339593E-01   3.4977752496E-02   1.3180091587E-02
    8     -8.1209770118E-02  -2.8581593831E-02   3.4977752496E-02   5.4080641220E-01   3.7477209348E-03
    9      1.8292401052E-02  -3.0249698059E-02   1.3180091587E-02   3.7477209348E-03   5.7494785795E-01
   10      1.1570760587E-02   2.7496463946E-02   1.0392955649E-03  -9.7679650969E-03  -1.1199344159E-01
   11     -8.8762299522E-02  -1.1061270883E-02  -8.9357546966E-03   6.5606544217E-03  -2.0057971963E-01
   12      3.5243729338E-02  -1.5120544030E-03  -3.7158932749E-03   3.9978553488E-03  -2.8914394174E-01
   13     -1.4122778394E-02  -3.5831533488E-03   2.6753178269E-03  -1.8729532189E-04   2.3092929374E-01
   14      4.9112428404E-03   4.3229377646E-03   5.0214157465E-03  -5.3545103273E-03   1.8388558833E-01
   15      5.8845213415E-03  -7.4391491235E-04  -1.7418954160E-03  -2.0503177617E-05   6.5069857081E-04
   16      1.2692495192E-02  -3.9469524360E-03  -5.4149552958E-03  -2.1260976550E-03   2.4667409779E-03
   17      1.1037726410E-03  -3.9368995763E-04  -9.8108702581E-04   1.6958313901E-04  -9.8783573011E-04
   18      3.5327452332E-03   7.1167268591E-04   8.1568439657E-04  -9.1002640201E-05   2.5425181690E-04
   19      1.4150168413E-02  -9.1337169816E-04   1.9985812444E-03   2.6367619059E-04   5.9590842732E-04
   20      1.7426201739E-03   1.3919363214E-04   1.3295398646E-04  -7.4612071982E-05   9.7062408055E-05
   21     -1.1609436170E-02   1.7484526634E-04   3.7108371730E-04   5.9393484787E-04   1.2131347084E-03
   22     -3.2203868763E-02  -3.3407578001E-04   1.9632931490E-03  -1.4569343374E-03   1.5321358886E-03
   23     -6.5025761928E-03   1.9616891172E-04   6.6885506358E-04   8.2323490313E-04   1.8678487642E-03
   24     -3.7570038155E-03  -2.4033406565E-03   2.3449103538E-06  -2.4078928078E-02   3.0037892314E-03
   25     -3.3876632606E-02   4.1220926561E-03  -6.2253488525E-04   2.4436094854E-02   3.5192337196E-03
   26     -2.7825428674E-01  -1.8097866919E-03   6.3936178655E-04  -1.3914252439E-02  -6.2487564991E-04
   27      6.5849778907E-03  -2.5851650563E-01  -2.2117033839E-02   1.0212664353E-01   5.1558408995E-04
   28     -8.0907927059E-03  -2.2365291038E-02  -4.5313924045E-02   8.7850886348E-03  -1.1851747501E-03
   29      4.0594313312E-03   1.0291046418E-01   9.3095965657E-03  -9.3814124489E-02  -7.9738401313E-04
   30      5.8730827214E-03  -7.9296031397E-02  -8.4584189098E-02  -1.8409020040E-02   8.1989096029E-04
   31     -5.2230978170E-03  -8.4409804953E-02  -2.6223714893E-01  -4.4904633308E-02  -2.9910185757E-03
   32      1.0193608500E-03  -1.7858589295E-02  -4.5188108182E-02  -5.6063753806E-02  -1.3522037098E-04
   33     -2.0789588060E-02  -4.8448070745E-02  -3.3676646179E-03  -2.2434242187E-02   1.8661732335E-03
   34      2.2773497115E-02  -3.9869335027E-03  -5.0255530753E-02  -3.1478124265E-02  -1.4951342443E-03
   35     -1.1400254266E-02  -2.2383540355E-02  -3.1117397426E-02  -2.9947334335E-01   1.9967379531E-03
   36     -1.3681946344E-03   2.4885341905E-03  -1.4578427176E-03  -4.0740837756E-04  -9.8457003414E-02
   37     -5.6796366952E-03  -6.7922258579E-04  -1.5719209669E-05   3.5644674534E-04  -8.3805194073E-02
   38      1.5675788576E-02   1.9984996173E-03   2.7793184520E-04  -7.0352074363E-04  -1.0908612295E-02
                   10                 11                 12                 13                 14        
    0     -3.6445103590E-02  -4.9948630996E-03   2.5954164267E-03  -1.4641090924E-04  -2.2059219962E-03
    1     -9.1259962225E-03   3.2752983712E-03   4.0578205733E-03  -1.5006101031E-03  -1.3882596792E-03
    2      1.2296270513E-02   3.4275235908E-03  -9.2655534395E-04   1.4653578033E-03  -1.7911604850E-03
    3     -4.0260604637E-02   1.7190882727E-02  -2.6488795512E-02   1.8402252628E-02   2.9168456117E-02
    4     -9.6627121315E-02   1.2191384227E-02   3.2023826099E-02   8.8962566371E-03  -2.1216214335E-02
    5      1.1570760587E-02  -8.8762299522E-02   3.5243729338E-02  -1.4122778394E-02   4.9112428404E-03
    6      2.7496463946E-02  -1.1061270883E-02  -1.5120544030E-03  -3.5831533488E-03   4.3229377646E-03
    7      1.0392955649E-03  -8.9357546966E-03  -3.7158932749E-03   2.6753178269E-03   5.0214157465E-03
    8     -9.7679650969E-03   6.5606544217E-03   3.9978553488E-03  -1.8729532189E-04  -5.3545103273E-03
    9     -1.1199344159E-01  -2.0057971963E-01  -2.8914394174E-01   2.3092929374E-01   1.8388558833E-01
   10      7.1728131422E-01   2.2777695656E-01   2.2503208108E-01  -3.9574825993E-01  -2.1981493250E-01
   11      2.2777695656E-01   3.8506819323E-01   1.8155164336E-01  -2.2281697730E-01  -2.2692150537E-01
   12      2.2503208108E-01   1.8155164336E-01   3.0475993286E-01  -2.6881413129E-01  -2.2405823614E-01
   13     -3.9574825993E-01  -2.2281697730E-01  -2.6881413129E-01   4.1788743658E-01   2.6314147000E-01
   14     -2.1981493250E-01  -2.2692150537E-01  -2.2405823614E-01   2.6314147000E-01   2.1857317297E-01
   15     -2.3851681862E-04   4.3398859707E-04  -5.3459432812E-04  -5.0484020418E-04   1.3534272792E-04
   16     -4.7710332433E-04  -8.3947942257E-04  -9.6061446732E-04   1.6248435329E-03   5.5961005976E-04
   17      1.3184267564E-03   7.5082049842E-04   6.2116449448E-05  -1.1004049959E-03  -1.5643951973E-04
   18     -1.1311016103E-03  -6.1789449664E-04   3.0712757127E-04  -8.1521981138E-04  -2.5572852352E-04
   19     -7.5919428522E-03  -2.9914463064E-03   8.6381885037E-04   2.0554791176E-03   2.6649522681E-04
   20     -2.5102304124E-03  -1.7185399399E-04   2.9082902729E-04   9.2518833353E-04   5.2604431256E-04
   21     -1.0025191513E-03  -1.9330231352E-03  -2.2912963861E-04   9.7266647150E-04   7.8415513880E-04
   22      3.0761992684E-04  -8.5659543302E-04  -8.0212104163E-04   6.1549967577E-04   5.0927060392E-04
   23     -4.5126064726E-04  -6.5094755294E-04  -1.9104719709E-04   1.1505012030E-03   9.0259841889E-04
   24      7.0172354739E-03   3.3583061485E-02  -6.9012409384E-03   2.4228576242E-04  -2.2725227754E-03
   25     -6.1725535744E-04   3.1071454875E-03  -5.3717443425E-04   1.0923812805E-03   6.6710032717E-05
   26     -4.9232581055E-03  -1.6208009372E-02   2.3268312009E-03   1.9453934614E-03   6.1042174249E-04
   27      4.5262268572E-03  -3.1334223891E-03  -1.1654602263E-03  -5.3415979495E-05   1.4578558876E-03
   28     -4.5323516304E-03   3.5018575568E-03   1.9256062822E-03   1.3719349910E-04  -2.0629784245E-03
   29      2.6749651762E-03  -1.7426659307E-03  -1.1290663603E-03   1.3652881285E-04   1.7603866549E-03
   30      2.3251860391E-03   1.2625006761E-03   1.0834469921E-04  -8.4691002262E-04  -7.5333467679E-04
   31     -1.1714079216E-03  -1.7087542428E-04   6.1555583046E-04   7.3001714158E-04   2.6896747660E-04
   32     -5.2136158245E-04   4.1029099060E-04   7.9516775680E-05   4.8569842991E-05  -1.3622543324E-04
   33     -8.1137943977E-04  -2.8241880072E-03  -1.3336844489E-04   5.2913543307E-04   8.8405191723E-04
   34      6.2027881619E-04   8.7445348306E-04   2.9967157688E-05  -2.9602708809E-04  -2.6337734418E-04
   35     -1.3645797858E-04  -8.9234691238E-04  -1.1619844568E-03   7.3952729925E-04   7.6858673875E-04
   36     -7.4443716196E-02  -8.7809385501E-03   1.8337763675E-02   2.3637298756E-02   8.8317300393E-03
   37     -2.0335706997E-01  -1.4153542999E-02   1.0332407414E-02  -3.8169528172E-02  -2.5032481608E-02
   38     -1.7474337372E-02  -6.0867854069E-02   3.9899941889E-03  -3.1380775997E-02   6.3073874629E-03
                   15                 16                 17                 18                 19        
    0     -1.5413539382E-01   1.1242219196E-01  -6.3753009215E-02  -2.5901256186E-01  -3.0534824931E-02
    1      1.1440451881E-01  -1.6561949968E-01   6.7349813332E-02  -3.1584647593E-02  -4.9895843447E-02
    2     -6.4993812976E-02   6.6557734067E-02  -8.2880321334E-02   9.6377129354E-02   1.4573857119E-02
    3      7.5024666417E-03   1.9514129136E-02   5.8401652214E-03  -1.0088757172E-02  -2.9615379174E-02
    4     -7.4389985346E-03  -2.0320440075E-02  -5.4950344953E-03  -6.3664825361E-04  -6.0108480561E-03
    5      5.8845213415E-03   1.2692495192E-02   1.1037726410E-03   3.5327452332E-03   1.4150168413E-02
    6     -7.4391491235E-04  -3.9469524360E-03  -3.9368995763E-04   7.1167268591E-04  -9.1337169816E-04
    7     -1.7418954160E-03  -5.4149552958E-03  -9.8108702581E-04   8.1568439657E-04   1.9985812444E-03
    8     -2.0503177617E-05  -2.1260976550E-03   1.6958313901E-04  -9.1002640201E-05   2.6367619059E-04
    9      6.5069857081E-04   2.4667409779E-03  -9.8783573011E-04   2.5425181690E-04   5.9590842732E-04
   10     -2.3851681862E-04  -4.7710332433E-04   1.3184267564E-03  -1.1311016103E-03  -7.5919428522E-03
   11      4.3398859707E-04  -8.3947942257E-04   7.5082049842E-04  -6.1789449664E-04  -2.9914463064E-03
   12     -5.3459432812E-04  -9.6061446732E-04   6.2116449448E-05   3.0712757127E-04   8.6381885037E-04
   13     -5.0484020418E-04   1.6248435329E-03  -1.1004049959E-03  -8.1521981138E-04   2.0554791176E-03
   14      1.3534272792E-04   5.5961005976E-04  -1.5643951973E-04  -2.5572852352E-04   2.6649522681E-04
   15      1.6423542784E-01  -1.2327277690E-01   7.0352457056E-02  -1.6440793305E-02   1.8656480822E-02
   16     -1.2327277690E-01   1.8352134117E-01  -7.1963729890E-02  -3.9025959247E-03   3.5634135037E-03
   17      7.0352457056E-02  -7.1963729890E-02   8.6258020211E-02   8.6951027462E-03  -1.0423004514E-02
   18     -1.6440793305E-02  -3.9025959247E-03   8.6951027462E-03   2.8115647329E-01   3.7019506861E-02
   19      1.8656480822E-02   3.5634135037E-03  -1.0423004514E-02   3.7019506861E-02   5.6095927678E-02
   20     -1.1983087627E-02  -2.8244710371E-03   4.6032265249E-03  -1.0574354725E-01  -1.4749727497E-02
   21     -1.6870494970E-03  -3.6943980093E-03  -2.0372096552E-02   2.8091609668E-03   4.5447925880E-03
   22      3.9167100677E-04   3.2572870391E-03   2.1783785319E-02   9.6590642765E-04  -6.8080201898E-04
   23      4.2953248007E-04  -2.0267453134E-03  -1.1019364464E-02  -1.8821840328E-03  -1.1807436210E-03
   24      4.3244619756E-04   3.8532108939E-04   5.8809526521E-04   1.0212418384E-04   4.3241460073E-04
   25      5.3093973960E-04   7.4373347096E-04   2.6825112552E-04   7.8493132238E-05   1.2154061851E-03
   26      4.7057601193E-05  -4.5516833779E-04   4.1754825878E-04  -3.4187783926E-04  -1.6879473013E-04
   27      2.1318785494E-04  -1.0302514060E-04  -2.4819919040E-04   5.1620845393E-04   7.1263235466E-04
   28     -2.1326596144E-04   3.1006054124E-04   1.1496145786E-04  -4.2396707401E-04  -5.1011669512E-04
   29     -1.6366987577E-04  -2.1240560705E-04  -8.1109245527E-05   2.2026168577E-04  -7.5856755074E-05
   30      4.7981932002E-04   1.2999860507E-03   2.3526641488E-05   1.7149260550E-04   1.5917255814E-04
   31     -7.0521978472E-04  -1.4817257354E-03  -3.1550402793E-04  -1.5707909282E-05   3.5410392127E-04
   32      2.7469117023E-05   7.8742377880E-04   6.3328947340E-04  -2.1018488544E-04  -2.9232414510E-04
   33     -1.1760226676E-04  -2.2722600306E-04   1.1151851774E-04   1.9868101687E-05   1.0096212627E-04
   34     -5.0884497699E-05   2.3093078052E-04  -3.4613317374E-04  -8.7153438677E-05  -1.2673839454E-04
   35      6.3259249192E-05  -5.3945315591E-05   3.9786577773E-04  -1.4088405578E-05   8.0133534034E-05
   36      1.4530170249E-04   2.0923161534E-05   9.5586042400E-05  -5.0626733399E-04  -2.0540912870E-03
   37      1.8108423338E-04   6.2114070040E-05  -2.2375764239E-04  -2.5057130213E-04  -4.6662018563E-04
   38     -2.2629180829E-04  -8.1802744795E-05  -1.9689196190E-04   3.5565280949E-04   5.6771631949E-04
                   20                 21                 22                 23                 24        
    0      9.6650372086E-02  -4.5938785286E-02  -2.1829851483E-03  -1.6063915109E-02  -1.1842299462E-03
    1      1.5169381507E-02  -2.5141468830E-03  -5.0783020397E-02  -3.6474764833E-02  -2.5361134884E-03
    2     -9.0034961353E-02  -1.4711114702E-02  -3.5387757909E-02  -3.0124891573E-01  -1.1911015900E-02
    3     -7.7580264948E-03  -2.4452919515E-03  -2.2307296964E-03  -1.7623743879E-03  -4.2076865281E-02
    4     -1.6476363421E-03  -1.4372301941E-03  -6.6724258495E-03  -2.1488265217E-03  -7.4487974558E-03
    5      1.7426201739E-03  -1.1609436170E-02  -3.2203868763E-02  -6.5025761928E-03  -3.7570038155E-03
    6      1.3919363214E-04   1.7484526634E-04  -3.3407578001E-04   1.9616891172E-04  -2.4033406565E-03
    7      1.3295398646E-04   3.7108371730E-04   1.9632931490E-03   6.6885506358E-04   2.3449103538E-06
    8     -7.4612071982E-05   5.9393484787E-04  -1.4569343374E-03   8.2323490313E-04  -2.4078928078E-02
    9      9.7062408055E-05   1.2131347084E-03   1.5321358886E-03   1.8678487642E-03   3.0037892314E-03
   10     -2.5102304124E-03  -1.0025191513E-03   3.0761992684E-04  -4.5126064726E-04   7.0172354739E-03
   11     -1.7185399399E-04  -1.9330231352E-03  -8.5659543302E-04  -6.5094755294E-04   3.3583061485E-02
   12      2.9082902729E-04  -2.2912963861E-04  -8.0212104163E-04  -1.9104719709E-04  -6.9012409384E-03
   13      9.2518833353E-04   9.7266647150E-04   6.1549967577E-04   1.1505012030E-03   2.4228576242E-04
   14      5.2604431256E-04   7.8415513880E-04   5.0927060392E-04   9.0259841889E-04  -2.2725227754E-03
   15     -1.1983087627E-02  -1.6870494970E-03   3.9167100677E-04   4.2953248007E-04   4.3244619756E-04
   16     -2.8244710371E-03  -3.6943980093E-03   3.2572870391E-03  -2.0267453134E-03   3.8532108939E-04
   17      4.6032265249E-03  -2.0372096552E-02   2.1783785319E-02  -1.1019364464E-02   5.8809526521E-04
   18     -1.0574354725E-01   2.8091609668E-03   9.6590642765E-04  -1.8821840328E-03   1.0212418384E-04
   19     -1.4749727497E-02   4.5447925880E-03  -6.8080201898E-04  -1.1807436210E-03   4.3241460073E-04
   20      9.3529815012E-02   2.9076869573E-02   4.7081059450E-03  -1.0925519869E-02  -2.9344155282E-04
   21      2.9076869573E-02   4.6267709917E-02   4.6474433011E-03   1.7784214839E-02  -4.5903445964E-04
   22      4.7081059450E-03   4.6474433011E-03   5.7732905929E-02   4.2268757110E-02  -2.4986386882E-03
   23     -1.0925519869E-02   1.7784214839E-02   4.2268757110E-02   3.2693536762E-01  -4.4170646087E-04
   24     -2.9344155282E-04  -4.5903445964E-04  -2.4986386882E-03  -4.4170646087E-04   5.0573326484E-02
   25      5.6140211921E-04  -2.2244220668E-03  -5.5883244910E-03  -1.1346720264E-03   2.3735949789E-03
   26      5.3232658173E-04  -2.1003070603E-04  -9.4377617614E-04   1.2728094766E-03   1.3409397981E-02
   27      1.5666513754E-05  -4.4744050457E-05   9.5964819321E-05  -2.6434267294E-05   8.3815036643E-04
   28      3.0280421826E-04  -7.8610266802E-06  -1.2973218296E-04  -6.7974740689E-05  -1.3471281207E-03
   29      1.8135571457E-04   1.5067281161E-04   6.9572457314E-05  -9.1189765794E-05   2.2495688375E-05
   30     -1.9505912389E-04  -1.1491461268E-04  -1.3114665503E-04  -3.9100377241E-06   8.2647111077E-04
   31      2.5378829519E-05   1.6939476858E-06   3.6068886879E-04   1.3961985480E-05  -2.1732089826E-04
   32     -5.2166565147E-05  -3.3740200559E-05   3.8180492181E-04   3.4293184124E-04   5.9472712666E-04
   33      1.5700758945E-04   3.5062809630E-04   3.0339933041E-04   4.0016271904E-04  -2.3621294309E-03
   34      1.4309564495E-05   7.2603839070E-05  -3.1508981159E-04  -6.0369105389E-04   3.5984705196E-03
   35     -8.9647275627E-05   9.7249827395E-05   8.4219442949E-04   2.8577418317E-04  -1.8348404185E-03
   36     -4.7822253633E-04   1.0347054125E-04   2.4643332349E-04  -2.9661284095E-04  -3.8946686112E-04
   37     -1.2760844836E-04   2.6703637868E-04  -6.7899837801E-05  -1.1569145534E-05  -1.1180341965E-05
   38      2.3337280957E-04   3.7260104711E-04   2.8361437306E-04  -1.2420287494E-04  -3.6628517258E-03
                   25                 26                 27                 28                 29        
    0     -1.7570853147E-03  -2.4659837569E-04   7.7815480408E-04   5.5158303698E-04   1.1986671754E-04
    1     -6.7503084546E-03  -1.3207448890E-03  -1.0539601189E-03   1.6987897179E-03  -5.8947623446E-04
    2     -3.0722141151E-02  -5.1682231751E-03   3.2722405849E-04  -5.6066715565E-04   2.1248301978E-05
    3     -8.0094409131E-03  -1.2197029196E-02  -2.0505959651E-02   2.4686239398E-02  -1.4105025729E-02
    4     -4.6255604836E-02  -3.4693588848E-02  -1.4419851220E-03  -5.7409682379E-04  -5.5872441766E-04
    5     -3.3876632606E-02  -2.7825428674E-01   6.5849778907E-03  -8.0907927059E-03   4.0594313312E-03
    6      4.1220926561E-03  -1.8097866919E-03  -2.5851650563E-01  -2.2365291038E-02   1.0291046418E-01
    7     -6.2253488525E-04   6.3936178655E-04  -2.2117033839E-02  -4.5313924045E-02   9.3095965657E-03
    8      2.4436094854E-02  -1.3914252439E-02   1.0212664353E-01   8.7850886348E-03  -9.3814124489E-02
    9      3.5192337196E-03  -6.2487564991E-04   5.1558408995E-04  -1.1851747501E-03  -7.9738401313E-04
   10     -6.1725535744E-04  -4.9232581055E-03   4.5262268572E-03  -4.5323516304E-03   2.6749651762E-03
   11      3.1071454875E-03  -1.6208009372E-02  -3.1334223891E-03   3.5018575568E-03  -1.7426659307E-03
   12     -5.3717443425E-04   2.3268312009E-03  -1.1654602263E-03   1.9256062822E-03  -1.1290663603E-03
   13      1.0923812805E-03   1.9453934614E-03  -5.3415979495E-05   1.3719349910E-04   1.3652881285E-04
   14      6.6710032717E-05   6.1042174249E-04   1.4578558876E-03  -2.0629784245E-03   1.7603866549E-03
   15      5.3093973960E-04   4.7057601193E-05   2.1318785494E-04  -2.1326596144E-04  -1.6366987577E-04
   16      7.4373347096E-04  -4.5516833779E-04  -1.0302514060E-04   3.1006054124E-04  -2.1240560705E-04
   17      2.6825112552E-04   4.1754825878E-04  -2.4819919040E-04   1.1496145786E-04  -8.1109245527E-05
   18      7.8493132238E-05  -3.4187783926E-04   5.1620845393E-04  -4.2396707401E-04   2.2026168577E-04
   19      1.2154061851E-03  -1.6879473013E-04   7.1263235466E-04  -5.1011669512E-04  -7.5856755074E-05
   20      5.6140211921E-04   5.3232658173E-04   1.5666513754E-05   3.0280421826E-04   1.8135571457E-04
   21     -2.2244220668E-03  -2.1003070603E-04  -4.4744050457E-05  -7.8610266802E-06   1.5067281161E-04
   22     -5.5883244910E-03  -9.4377617614E-04   9.5964819321E-05  -1.2973218296E-04   6.9572457314E-05
   23     -1.1346720264E-03   1.2728094766E-03  -2.6434267294E-05  -6.7974740689E-05  -9.1189765794E-05
   24      2.3735949789E-03   1.3409397981E-02   8.3815036643E-04  -1.3471281207E-03   2.2495688375E-05
   25      5.7982693161E-02   3.7290430700E-02  -7.0299412962E-04   9.5961668521E-04  -8.5402138541E-04
   26      3.7290430700E-02   3.0736504757E-01  -7.6021792847E-05  -3.9860556713E-04   1.0628133272E-03
   27     -7.0299412962E-04  -7.6021792847E-05   2.8221413443E-01   2.0530325423E-02  -1.0934449144E-01
   28      9.5961668521E-04  -3.9860556713E-04   2.0530325423E-02   4.9800002781E-02  -1.2440482796E-02
   29     -8.5402138541E-04   1.0628133272E-03  -1.0934449144E-01  -1.2440482796E-02   9.8850155072E-02
   30     -6.1155621141E-04   6.0972648944E-05  -9.1255754711E-03  -2.6423072132E-02  -7.0453269656E-03
   31      6.4495224231E-04   3.7666739278E-04  -1.3751518453E-04  -1.8314196221E-03  -6.6705561931E-04
   32     -2.9320366946E-06   3.1831854681E-04   4.3580593659E-03   1.3465039736E-02   1.9685228093E-03
   33      3.0872376308E-03  -1.6204437172E-03   3.8490044245E-03   4.0853336705E-03   2.8925716964E-02
   34     -2.7644553178E-03   2.1047756089E-03   2.3405860457E-04  -7.9201169390E-04   3.4862837342E-03
   35      1.6440011710E-03   5.8659268880E-04  -2.2373303949E-03  -2.0481851073E-03  -1.2179576534E-02
   36      1.3859287087E-04   1.3369377188E-03   4.3382060019E-04   2.2205690156E-04   2.1499064739E-04
   37     -4.0299682740E-05   5.6099652310E-04  -5.2466315419E-04   7.7798946810E-04  -2.6277866938E-04
   38     -7.9732510350E-04   1.3788935278E-03   2.1596790539E-04  -5.1621036804E-04   4.7527539518E-06
                   30                 31                 32                 33                 34        
    0     -3.0706806919E-03   4.6379081891E-03  -1.8766721576E-03   4.8985118089E-04  -4.0910008359E-04
    1      2.1615515179E-03  -2.0794076951E-03   1.2441048635E-03  -1.1731387730E-03   1.8654090380E-03
    2     -1.4455049931E-03   3.0273720321E-03  -6.0681481643E-04   4.8453677966E-04   1.1539432739E-03
    3      7.8551511634E-03  -7.4994907879E-03   6.1598033056E-03  -4.7664344822E-03   3.2132640454E-03
    4      1.8176844966E-02  -2.0342766998E-02   1.1612836569E-02  -1.8849635505E-03   1.3472150441E-03
    5      5.8730827214E-03  -5.2230978170E-03   1.0193608500E-03  -2.0789588060E-02   2.2773497115E-02
    6     -7.9296031397E-02  -8.4409804953E-02  -1.7858589295E-02  -4.8448070745E-02  -3.9869335027E-03
    7     -8.4584189098E-02  -2.6223714893E-01  -4.5188108182E-02  -3.3676646179E-03  -5.0255530753E-02
    8     -1.8409020040E-02  -4.4904633308E-02  -5.6063753806E-02  -2.2434242187E-02  -3.1478124265E-02
    9      8.1989096029E-04  -2.9910185757E-03  -1.3522037098E-04   1.8661732335E-03  -1.4951342443E-03
   10      2.3251860391E-03  -1.1714079216E-03  -5.2136158245E-04  -8.1137943977E-04   6.2027881619E-04
   11      1.2625006761E-03  -1.7087542428E-04   4.1029099060E-04  -2.8241880072E-03   8.7445348306E-04
   12      1.0834469921E-04   6.1555583046E-04   7.9516775680E-05  -1.3336844489E-04   2.9967157688E-05
   13     -8.4691002262E-04   7.3001714158E-04   4.8569842991E-05   5.2913543307E-04  -2.9602708809E-04
   14     -7.5333467679E-04   2.6896747660E-04  -1.3622543324E-04   8.8405191723E-04  -2.6337734418E-04
   15      4.7981932002E-04  -7.0521978472E-04   2.7469117023E-05  -1.1760226676E-04  -5.0884497699E-05
   16      1.2999860507E-03  -1.4817257354E-03   7.8742377880E-04  -2.2722600306E-04   2.3093078052E-04
   17      2.3526641488E-05  -3.1550402793E-04   6.3328947340E-04   1.1151851774E-04  -3.4613317374E-04
   18      1.7149260550E-04  -1.5707909282E-05  -2.1018488544E-04   1.9868101687E-05  -8.7153438677E-05
   19      1.5917255814E-04   3.5410392127E-04  -2.9232414510E-04   1.0096212627E-04  -1.2673839454E-04
   20     -1.9505912389E-04   2.5378829519E-05  -5.2166565147E-05   1.5700758945E-04   1.4309564495E-05
   21     -1.1491461268E-04   1.6939476858E-06  -3.3740200559E-05   3.5062809630E-04   7.2603839070E-05
   22     -1.3114665503E-04   3.6068886879E-04   3.8180492181E-04   3.0339933041E-04  -3.1508981159E-04
   23     -3.9100377241E-06   1.3961985480E-05   3.4293184124E-04   4.0016271904E-04  -6.0369105389E-04
   24      8.2647111077E-04  -2.1732089826E-04   5.9472712666E-04  -2.3621294309E-03   3.5984705196E-03
   25     -6.1155621141E-04   6.4495224231E-04  -2.9320366946E-06   3.0872376308E-03  -2.7644553178E-03
   26      6.0972648944E-05   3.7666739278E-04   3.1831854681E-04  -1.6204437172E-03   2.1047756089E-03
   27     -9.1255754711E-03  -1.3751518453E-04   4.3580593659E-03   3.8490044245E-03   2.3405860457E-04
   28     -2.6423072132E-02  -1.8314196221E-03   1.3465039736E-02   4.0853336705E-03  -7.9201169390E-04
   29     -7.0453269656E-03  -6.6705561931E-04   1.9685228093E-03   2.8925716964E-02   3.4862837342E-03
   30      8.3995273188E-02   9.0318722440E-02   2.0341333671E-02  -2.0445618297E-03  -1.4740702116E-03
   31      9.0318722440E-02   2.8841798261E-01   4.7732848624E-02  -7.7579576358E-04  -2.2178034554E-03
   32      2.0341333671E-02   4.7732848624E-02   5.6360814098E-02  -1.1443221354E-02  -2.9243906764E-02
   33     -2.0445618297E-03  -7.7579576358E-04  -1.1443221354E-02   5.1442322457E-02   2.2047382909E-04
   34     -1.4740702116E-03  -2.2178034554E-03  -2.9243906764E-02   2.2047382909E-04   5.2701723783E-02
   35      4.4187112971E-04   1.4810664343E-04  -4.1635920918E-03   2.8168065888E-02   3.1390308687E-02
   36     -6.0467904524E-04   1.1555587798E-03  -8.3741682175E-06  -1.4568029403E-04   1.3515699658E-04
   37     -3.4808457122E-04   8.5393557751E-04  -3.7735267484E-05  -8.7092885730E-05   2.0990524935E-06
   38     -1.4603858144E-04  -2.9839714655E-04  -3.0975896551E-05  -4.3669140595E-05   1.6272013151E-04
                   35                 36                 37                 38        
     0      4.0341098854E-04  -4.8824155450E-03  -1.2121160611E-03   2.6905783818E-03
     1     -6.9370566613E-04   1.0267979769E-03   1.9132701834E-03  -7.8246157969E-04
     2      7.6554634473E-04   3.6936618691E-03   1.0078657637E-03   8.4968080077E-04
     3     -3.2328055782E-03  -5.0324265863E-03  -2.2289101338E-03   7.9137335146E-03
     4     -8.2728425625E-04  -2.7011123214E-02  -6.1552806076E-03   6.4368765489E-03
     5     -1.1400254266E-02  -1.3681946344E-03  -5.6796366952E-03   1.5675788576E-02
     6     -2.2383540355E-02   2.4885341905E-03  -6.7922258579E-04   1.9984996173E-03
     7     -3.1117397426E-02  -1.4578427176E-03  -1.5719209669E-05   2.7793184520E-04
     8     -2.9947334335E-01  -4.0740837756E-04   3.5644674534E-04  -7.0352074363E-04
     9      1.9967379531E-03  -9.8457003414E-02  -8.3805194073E-02  -1.0908612295E-02
    10     -1.3645797858E-04  -7.4443716196E-02  -2.0335706997E-01  -1.7474337372E-02
    11     -8.9234691238E-04  -8.7809385501E-03  -1.4153542999E-02  -6.0867854069E-02
    12     -1.1619844568E-03   1.8337763675E-02   1.0332407414E-02   3.9899941889E-03
    13      7.3952729925E-04   2.3637298756E-02  -3.8169528172E-02  -3.1380775997E-02
    14      7.6858673875E-04   8.8317300393E-03  -2.5032481608E-02   6.3073874629E-03
    15      6.3259249192E-05   1.4530170249E-04   1.8108423338E-04  -2.2629180829E-04
    16     -5.3945315591E-05   2.0923161534E-05   6.2114070040E-05  -8.1802744795E-05
    17      3.9786577773E-04   9.5586042400E-05  -2.2375764239E-04  -1.9689196190E-04
    18     -1.4088405578E-05  -5.0626733399E-04  -2.5057130213E-04   3.5565280949E-04
    19      8.0133534034E-05  -2.0540912870E-03  -4.6662018563E-04   5.6771631949E-04
    20     -8.9647275627E-05  -4.7822253633E-04  -1.2760844836E-04   2.3337280957E-04
    21      9.7249827395E-05   1.0347054125E-04   2.6703637868E-04   3.7260104711E-04
    22      8.4219442949E-04   2.4643332349E-04  -6.7899837801E-05   2.8361437306E-04
    23      2.8577418317E-04  -2.9661284095E-04  -1.1569145534E-05  -1.2420287494E-04
    24     -1.8348404185E-03  -3.8946686112E-04  -1.1180341965E-05  -3.6628517258E-03
    25      1.6440011710E-03   1.3859287087E-04  -4.0299682740E-05  -7.9732510350E-04
    26      5.8659268880E-04   1.3369377188E-03   5.6099652310E-04   1.3788935278E-03
    27     -2.2373303949E-03   4.3382060019E-04  -5.2466315419E-04   2.1596790539E-04
    28     -2.0481851073E-03   2.2205690156E-04   7.7798946810E-04  -5.1621036804E-04
    29     -1.2179576534E-02   2.1499064739E-04  -2.6277866938E-04   4.7527539518E-06
    30      4.4187112971E-04  -6.0467904524E-04  -3.4808457122E-04  -1.4603858144E-04
    31      1.4810664343E-04   1.1555587798E-03   8.5393557751E-04  -2.9839714655E-04
    32     -4.1635920918E-03  -8.3741682175E-06  -3.7735267484E-05  -3.0975896551E-05
    33      2.8168065888E-02  -1.4568029403E-04  -8.7092885730E-05  -4.3669140595E-05
    34      3.1390308687E-02   1.3515699658E-04   2.0990524935E-06   1.6272013151E-04
    35      3.2562580811E-01  -2.8171333500E-04   7.6449892973E-06  -2.3141340808E-04
    36     -2.8171333500E-04   8.8509048370E-02   7.8375230866E-02  -2.5505028941E-03
    37      7.6449892973E-06   7.8375230866E-02   2.4466300932E-01   4.3599303774E-02
    38     -2.3141340808E-04  -2.5505028941E-03   4.3599303774E-02   3.7704983023E-02

$vibrational_frequencies
39
    0        0.0000000000000000
    1        0.0000000000000000
    2        0.0000000000000000
    3        0.0000000000000000
    4        0.0000000000000000
    5        0.0000000000000000
    6      108.9337071418314622
    7      216.3437244309825189
    8      244.3083734958445916
    9      281.1418560502847868
   10      346.8670610616364343
   11      400.8216553597001734
   12      641.4710921708832529
   13      797.0019693504183351
   14      906.1110449887567029
   15      921.6472893175465515
   16      939.5168968956515982
   17      973.3363409445998968
   18     1124.7539290920435633
   19     1148.7120719814085987
   20     1197.9243400609295804
   21     1287.3259217874228852
   22     1341.5190634127172871
   23     1388.1880674907158664
   24     1395.2748342679190046
   25     1418.6530406640254114
   26     1475.7915923894856860
   27     1480.7471729879762279
   28     1495.9496716185628884
   29     1500.6038639843277451
   30     1777.5618862075698416
   31     2821.8451967623350356
   32     2969.6581834400199114
   33     3009.7452084538404051
   34     3021.3300839544831433
   35     3087.5545941959908305
   36     3095.9167157861179476
   37     3098.8207639819934229
   38     3108.0727883428121459

$normal_modes
39 39
                    0                  1                  2                  3                  4        
    0      0.0000000000E+00   0.0000000000E+00   0.0000000000E+00   0.0000000000E+00   0.0000000000E+00
    1      0.0000000000E+00   0.0000000000E+00   0.0000000000E+00   0.0000000000E+00   0.0000000000E+00
    2      0.0000000000E+00   0.0000000000E+00   0.0000000000E+00   0.0000000000E+00   0.0000000000E+00
    3      0.0000000000E+00   0.0000000000E+00   0.0000000000E+00   0.0000000000E+00   0.0000000000E+00
    4      0.0000000000E+00   0.0000000000E+00   0.0000000000E+00   0.0000000000E+00   0.0000000000E+00
    5      0.0000000000E+00   0.0000000000E+00   0.0000000000E+00   0.0000000000E+00   0.0000000000E+00
    6      0.0000000000E+00   0.0000000000E+00   0.0000000000E+00   0.0000000000E+00   0.0000000000E+00
    7      0.0000000000E+00   0.0000000000E+00   0.0000000000E+00   0.0000000000E+00   0.0000000000E+00
    8      0.0000000000E+00   0.0000000000E+00   0.0000000000E+00   0.0000000000E+00   0.0000000000E+00
    9      0.0000000000E+00   0.0000000000E+00   0.0000000000E+00   0.0000000000E+00   0.0000000000E+00
   10      0.0000000000E+00   0.0000000000E+00   0.0000000000E+00   0.0000000000E+00   0.0000000000E+00
   11      0.0000000000E+00   0.0000000000E+00   0.0000000000E+00   0.0000000000E+00   0.0000000000E+00
   12      0.0000000000E+00   0.0000000000E+00   0.0000000000E+00   0.0000000000E+00   0.0000000000E+00
   13      0.0000000000E+00   0.0000000000E+00   0.0000000000E+00   0.0000000000E+00   0.0000000000E+00
   14      0.0000000000E+00   0.0000000000E+00   0.0000000000E+00   0.0000000000E+00   0.0000000000E+00
   15      0.0000000000E+00   0.0000000000E+00   0.0000000000E+00   0.0000000000E+00   0.0000000000E+00
   16      0.0000000000E+00   0.0000000000E+00   0.0000000000E+00   0.0000000000E+00   0.0000000000E+00
   17      0.0000000000E+00   0.0000000000E+00   0.0000000000E+00   0.0000000000E+00   0.0000000000E+00
   18      0.0000000000E+00   0.0000000000E+00   0.0000000000E+00   0.0000000000E+00   0.0000000000E+00
   19      0.0000000000E+00   0.0000000000E+00   0.0000000000E+00   0.0000000000E+00   0.0000000000E+00
   20      0.0000000000E+00   0.0000000000E+00   0.0000000000E+00   0.0000000000E+00   0.0000000000E+00
   21      0.0000000000E+00   0.0000000000E+00   0.0000000000E+00   0.0000000000E+00   0.0000000000E+00
   22      0.0000000000E+00   0.0000000000E+00   0.0000000000E+00   0.0000000000E+00   0.0000000000E+00
   23      0.0000000000E+00   0.0000000000E+00   0.0000000000E+00   0.0000000000E+00   0.0000000000E+00
   24      0.0000000000E+00   0.0000000000E+00   0.0000000000E+00   0.0000000000E+00   0.0000000000E+00
   25      0.0000000000E+00   0.0000000000E+00   0.0000000000E+00   0.0000000000E+00   0.0000000000E+00
   26      0.0000000000E+00   0.0000000000E+00   0.0000000000E+00   0.0000000000E+00   0.0000000000E+00
   27      0.0000000000E+00   0.0000000000E+00   0.0000000000E+00   0.0000000000E+00   0.0000000000E+00
   28      0.0000000000E+00   0.0000000000E+00   0.0000000000E+00   0.0000000000E+00   0.0000000000E+00
   29      0.0000000000E+00   0.0000000000E+00   0.0000000000E+00   0.0000000000E+00   0.0000000000E+00
   30      0.0000000000E+00   0.0000000000E+00   0.0000000000E+00   0.0000000000E+00   0.0000000000E+00
   31      0.0000000000E+00   0.0000000000E+00   0.0000000000E+00   0.0000000000E+00   0.0000000000E+00
   32      0.0000000000E+00   0.0000000000E+00   0.0000000000E+00   0.0000000000E+00   0.0000000000E+00
   33      0.0000000000E+00   0.0000000000E+00   0.0000000000E+00   0.0000000000E+00   0.0000000000E+00
   34      0.0000000000E+00   0.0000000000E+00   0.0000000000E+00   0.0000000000E+00   0.0000000000E+00
   35      0.0000000000E+00   0.0000000000E+00   0.0000000000E+00   0.0000000000E+00   0.0000000000E+00
   36      0.0000000000E+00   0.0000000000E+00   0.0000000000E+00   0.0000000000E+00   0.0000000000E+00
   37      0.0000000000E+00   0.0000000000E+00   0.0000000000E+00   0.0000000000E+00   0.0000000000E+00
   38      0.0000000000E+00   0.0000000000E+00   0.0000000000E+00   0.0000000000E+00   0.0000000000E+00
                    5                  6                  7                  8                  9        
    0      0.0000000000E+00  -3.8671807482E-03   1.3793645893E-02   6.8591475093E-02  -2.2300180260E-01
    1      0.0000000000E+00  -2.4357045232E-02   7.2687518199E-04   1.1317126996E-02  -4.3032452565E-02
    2      0.0000000000E+00   7.2417552072E-02  -2.1937756101E-02  -2.6440505727E-03   9.5680292239E-02
    3      0.0000000000E+00  -7.0866109497E-03   1.3764443690E-03   7.7135697874E-03   5.1182099358E-03
    4      0.0000000000E+00  -2.8178296234E-02   1.7652727124E-03   2.7771085854E-02  -9.1924976611E-02
    5      0.0000000000E+00   9.0077958594E-02  -4.7001325169E-03   1.7365783614E-02  -3.2309332461E-02
    6      0.0000000000E+00   1.0767436379E-01  -2.0876188680E-02  -1.0647785448E-02   5.7415729595E-02
    7      0.0000000000E+00  -3.4871591283E-02   1.9416482985E-04   1.5221293768E-02  -2.1299509463E-02
    8      0.0000000000E+00  -1.3722331027E-01   3.1658224376E-02   2.1667399471E-02   1.8929844970E-02
    9      0.0000000000E+00   3.1720195189E-02   2.2292654856E-03  -1.2041905451E-02  -1.0919210088E-02
   10      0.0000000000E+00  -3.7939336584E-02   1.1863367949E-03   1.0432445631E-02  -2.3543030404E-03
   11      0.0000000000E+00   1.9717536741E-01  -6.8491249345E-03  -3.3915622931E-02  -7.5645014918E-02
   12      0.0000000000E+00  -1.2434645123E-01   2.1989938891E-03  -5.4513202325E-02   1.8126667710E-01
   13      0.0000000000E+00   1.1561538162E-01  -2.8450498845E-03  -5.4080100540E-02   1.2367467137E-01
   14      0.0000000000E+00  -1.8816976401E-01  -1.0994838809E-03   3.2945346928E-03  -2.8187643032E-02
   15      0.0000000000E+00  -9.8163496421E-02  -2.1766052686E-01  -5.6570819500E-02  -4.6642533378E-01
