*************************************************
******************* ORCA 6.0.0 ******************
*************************************************
$Calculation_Status
   &GeometryIndex 1
   &ListStatus       OUT
   &VERSION [&Type "String"] "6.0.0"
   &PROGNAME [&Type "String"] "LeanSCF"
   &STATUS [&Type "String"] "NORMAL TERMINATION"
$End
$Geometry
   &GeometryIndex 1
   &ListStatus       OUT
   &NATOMS [&Type "Integer"] 13
   &NCORELESSECP [&Type "Integer"] 0
   &NGHOSTATOMS [&Type "Integer"] 0
   &CartesianCoordinates [&Type "Coordinates", &Dim(13,4), &Units "Bohr"] 
              C      1.790997795322    2.428305539326   -0.118295275228
              C      0.865443527455   -0.241689504374   -0.654428638778
              C      2.637849399796   -2.284694722178    0.407620283937
              C     -1.765856613708   -0.696318030937    0.355802515201
              O     -3.027067222804    0.839477266844    1.478836889846
              H      0.487163284164    3.836401291586   -0.880182623504
              H      3.658822791178    2.729620642280   -0.950777720409
              H      1.923354318244    2.747737220337    1.919831579035
              H      0.721938680102   -0.550614408992   -2.710358516588
              H      4.509312589191   -2.124616774619   -0.453011462399
              H      1.922232686415   -4.189388403975    0.032419405316
              H      2.850094181201   -2.063319343831    2.453739182705
              H     -2.507885683632   -2.642766202068    0.004054493781
$End
$SCF_Energy
   &GeometryIndex 1
   &ListStatus       OUT
   &SCF_ENERGY [&Type "Double"]      -2.3241403663275963e+02
$End
$DFT_Energy
   &GeometryIndex 1
   &ListStatus       OUT
   &NALPHAEL [&Type "Integer"] 20
   &NBETAEL [&Type "Integer"] 20
   &NTOTALEL [&Type "Integer"] 40
   &EEXCHANGE [&Type "Double"]      -3.1899148213214509e+01
   &ECORR [&Type "Double"]      -1.2535151854114597e+00
   &ECNL [&Type "Double"]       0.0000000000000000e+00
   &EXC [&Type "Double"]      -3.3152663398625968e+01
   &EEMBED [&Type "Double"]       0.0000000000000000e+00
   &FINALEN [&Type "Double"]      -2.3241403663275963e+02  "No Van der Waals correction"
$End
$Mulliken_Population_Analysis
   &GeometryIndex 1
   &ListStatus       OUT
   &NATOMS [&Type "Integer"] 13
   &ATNO [&Type "ArrayOfIntegers", &Dim (13,1)] 
                                                         0

0                                                        6
1                                                        6
2                                                        6
3                                                        6
4                                                        8
5                                                        1
6                                                        1
7                                                        1
8                                                        1
9                                                        1
10                                                       1
11                                                       1
12                                                       1
   &ATOMICCHARGES [&Type "ArrayOfDoubles", &Dim (13,1)] 
                                                         0

0                                     -3.2529521708480402e-01
1                                      5.9901027232532655e-02
2                                     -3.4711573296792952e-01
3                                      1.0161506895318695e-01
4                                     -2.9246402429102325e-01
5                                      1.1945626926941499e-01
6                                      1.0542927520414502e-01
7                                      1.0825234314189214e-01
8                                      7.1072139678292290e-02
9                                      1.1694115270071315e-01
10                                     1.1190740724808212e-01
11                                     1.1508505141531644e-01
12                                     5.5215239500152946e-02
$End
$Loewdin_Population_Analysis
   &GeometryIndex 1
   &ListStatus       OUT
   &NATOMS [&Type "Integer"] 13
   &ATNO [&Type "ArrayOfIntegers", &Dim (13,1)] 
                                                         0

0                                                        6
1                                                        6
2                                                        6
3                                                        6
4                                                        8
5                                                        1
6                                                        1
7                                                        1
8                                                        1
9                                                        1
10                                                       1
11                                                       1
12                                                       1
   &ATOMICCHARGES [&Type "ArrayOfDoubles", &Dim (13,1)] 
                                                         0

0                                     -2.7795610460883147e-01
1                                     -3.1296810743527459e-01
2                                     -2.7459498484013523e-01
3                                     -2.7229714929751481e-01
4                                      1.1852221187752665e-01
5                                      1.2722182528611703e-01
6                                      1.2106498068967975e-01
7                                      1.2660070022157088e-01
8                                      1.6321603974072796e-01
9                                      1.2467473558373721e-01
10                                     1.2201557843945221e-01
11                                     1.2512897808971546e-01
12                                     1.0937129625320818e-01
$End
$Mayer_Population_Analysis
   &GeometryIndex 1
   &ListStatus       OUT
   &NATOMS [&Type "Integer"] 13 "Total number of atoms"
   &BONDTHRESH [&Type "Double"]       1.0000000000000001e-01  "The threshold for printing"
   &NBONDORDERSPRINT [&Type "Integer"] 12 "The number of bond orders larger than threshold"
   &BONDORDERS [&Type "ArrayOfDoubles", &Dim (12,1)] "The bond orders"
                                                         0

0                                      9.8091025896594164e-01
1                                      9.6841333864947166e-01
2                                      9.7221215418709495e-01
3                                      9.6579778345333867e-01
4                                      9.4471555482135794e-01
5                                      9.0436586472111424e-01
6                                      9.2639431289184215e-01
7                                      9.6951261764854701e-01
8                                      9.6941564831168292e-01
9                                      9.6882223159853509e-01
10                                     2.0936496964302020e+00
11                                     9.7345194024780135e-01
   &COMPONENTS [&Type "ArrayOfIntegers", &Dim (12,4)] "The indices and atomic numbers of the bonding atoms"
                                                         0                           1                           2                           3

0                                                        0                           6                           1                           6
1                                                        0                           6                           5                           1
2                                                        0                           6                           6                           1
3                                                        0                           6                           7                           1
4                                                        1                           6                           2                           6
5                                                        1                           6                           3                           6
6                                                        1                           6                           8                           1
7                                                        2                           6                           9                           1
8                                                        2                           6                          10                           1
9                                                        2                           6                          11                           1
10                                                       3                           6                           4                           8
11                                                       3                           6                          12                           1
   &ATNO [&Type "ArrayOfIntegers", &Dim (13,1)] "Atomic number of the elements"
                                                         0

0                                                        6
1                                                        6
2                                                        6
3                                                        6
4                                                        8
5                                                        1
6                                                        1
7                                                        1
8                                                        1
9                                                        1
10                                                       1
11                                                       1
12                                                       1
   &NA [&Type "ArrayOfDoubles", &Dim (13,1)] "Mulliken gross atomic population"
                                                         0

0                                      6.3252952170848218e+00
1                                      5.9400989727674807e+00
2                                      6.3471157329679455e+00
3                                      5.8983849310468059e+00
4                                      8.2924640242910126e+00
5                                      8.8054373073058390e-01
6                                      8.9457072479585509e-01
7                                      8.9174765685810831e-01
8                                      9.2892786032170604e-01
9                                      8.8305884729928641e-01
10                                     8.8809259275191821e-01
11                                     8.8491494858468311e-01
12                                     9.4478476049984716e-01
   &ZA [&Type "ArrayOfDoubles", &Dim (13,1)] "Total nuclear charge"
                                                         0

0                                      6.0000000000000000e+00
1                                      6.0000000000000000e+00
2                                      6.0000000000000000e+00
3                                      6.0000000000000000e+00
4                                      8.0000000000000000e+00
5                                      1.0000000000000000e+00
6                                      1.0000000000000000e+00
7                                      1.0000000000000000e+00
8                                      1.0000000000000000e+00
9                                      1.0000000000000000e+00
10                                     1.0000000000000000e+00
11                                     1.0000000000000000e+00
12                                     1.0000000000000000e+00
   &QA [&Type "ArrayOfDoubles", &Dim (13,1)] "Mulliken gross atomic charge"
                                                         0

0                                     -3.2529521708482179e-01
1                                      5.9901027232519333e-02
2                                     -3.4711573296794551e-01
3                                      1.0161506895319405e-01
4                                     -2.9246402429101259e-01
5                                      1.1945626926941610e-01
6                                      1.0542927520414491e-01
7                                      1.0825234314189169e-01
8                                      7.1072139678293955e-02
9                                      1.1694115270071359e-01
10                                     1.1190740724808179e-01
11                                     1.1508505141531689e-01
12                                     5.5215239500152835e-02
   &VA [&Type "ArrayOfDoubles", &Dim (13,1)] "Mayer's total valence"
                                                         0

0                                      3.9496174215843469e+00
1                                      3.6465080680270900e+00
2                                      3.8915575979832528e+00
3                                      4.0324014033195548e+00
4                                      2.1523807269340032e+00
5                                      9.8614915132909498e-01
6                                      9.7758313157102361e-01
7                                      9.9112224574758345e-01
8                                      9.7767859805474411e-01
9                                      9.8042136145727010e-01
10                                     9.8341628552795879e-01
11                                     9.8360337651015894e-01
12                                     9.7161410533665882e-01
   &BVA [&Type "ArrayOfDoubles", &Dim (13,1)] "Mayer's bonded valence"
                                                         0

0                                      3.9496174215843718e+00
1                                      3.6465080680270492e+00
2                                      3.8915575979832751e+00
3                                      4.0324014033195645e+00
4                                      2.1523807269339779e+00
5                                      9.8614915132910830e-01
6                                      9.7758313157104171e-01
7                                      9.9112224574759367e-01
8                                      9.7767859805474089e-01
9                                      9.8042136145727110e-01
10                                     9.8341628552798288e-01
11                                     9.8360337651015839e-01
12                                     9.7161410533665449e-01
   &FA [&Type "ArrayOfDoubles", &Dim (13,1)] "Mayer's free valence"
                                                         0

0                                      0.0000000000000000e+00
1                                      0.0000000000000000e+00
2                                      0.0000000000000000e+00
3                                      0.0000000000000000e+00
4                                      0.0000000000000000e+00
5                                      0.0000000000000000e+00
6                                      0.0000000000000000e+00
7                                      0.0000000000000000e+00
8                                      0.0000000000000000e+00
9                                      0.0000000000000000e+00
10                                     0.0000000000000000e+00
11                                     0.0000000000000000e+00
12                                     0.0000000000000000e+00
$End
$VdW_Correction
   &GeometryIndex 1
   &ListStatus       OUT
   &VDW [&Type "Double"]      -2.7793212011378633e-03
$End
$Calculation_Info
   &GeometryIndex 1
   &ListStatus       OUT
   &MULT [&Type "Integer"] 1
   &CHARGE [&Type "Integer"] 0
   &NUMOFATOMS [&Type "Integer"] 13
   &NUMOFELECTRONS [&Type "Integer"] 40
   &NUMOFFCELECTRONS [&Type "Integer"] 1
   &NUMOFCORRELECTRONS [&Type "Integer"] 0
   &NUMOFBASISFUNCTS [&Type "Integer"] 203
   &NUMOFAUXCBASISFUNCTS [&Type "Integer"] 0
   &NUMOFAUXJBASISFUNCTS [&Type "Integer"] 238
   &NUMOFAUXJKBASISFUNCTS [&Type "Integer"] 0
   &NUMOFCABSBASISFUNCTS [&Type "Integer"] 0
   &TOTALENERGY [&Type "Double"]      -2.3241077636516076e+02  "Hartrees"
$End
$SCF_Dipole_Moment
   &GeometryIndex 1
   &ListStatus       OUT
   &METHOD [&Type "String"] "SCF"
   &LEVEL [&Type "String"] "Relaxed density"
   &MULT [&Type "Integer"] 1
   &STATE [&Type "Integer"] -1
   &IRREP [&Type "Integer"] 0
   &NATOMS [&Type "Integer"] 13
   &DODIPOLEATOM [&Type "Boolean"] false
   &DIPOLEELECCONTRIB [&Type "ArrayOfDoubles", &Dim (3,1)] "Electronic contribution"
                                                         0

0                                     -5.4964321888868666e+00
1                                      6.6048818627089101e-01
2                                      1.0179618393096390e+00
   &DIPOLENUCCONTRIB [&Type "ArrayOfDoubles", &Dim (3,1)] "Nuclear contribution"
                                                         0

0                                      6.2900918856069961e+00
1                                     -1.2030085977174183e+00
2                                     -1.5456007980970199e+00
   &DIPOLETOTAL [&Type "ArrayOfDoubles", &Dim (3,1)] "Total"
                                                         0

0                                      7.9365969672012948e-01
1                                     -5.4252041144652730e-01
2                                     -5.2763895878738087e-01
   &DIPOLEMAGNITUDE [&Type "Double", &Units "a.u."]       1.0966435071910237e+00
$End
$THERMOCHEMISTRY_Energies
   &GeometryIndex 1
   &ListStatus       OUT
   &TEMPERATURE [&Type "Double"]       2.9814999999999998e+02
   &PRESSURE [&Type "Double"]       1.0000000000000000e+00
   &TOTALMASS [&Type "Double"]       7.2106999999999985e+01
   &SPINDEGENERACY [&Type "Integer"] 1
   &ELENERGY [&Type "Double"]      -2.3241077636516076e+02
   &TRANSENERGY [&Type "Double"]       1.4162714244859817e-03
   &ROTENERGY [&Type "Double"]       1.4162714244859817e-03
   &VIBENERGY [&Type "Double"]       3.3989218468602751e-03
   &NUMOFFREQS [&Type "Integer"] 39
   &FREQSCALINGFACTOR [&Type "Double"]       1.0000000000000000e+00
   &FREQ [&Type "ArrayOfDoubles", &Dim (39,1)] "In cm^-1"
                                                         0

0                                      0.0000000000000000e+00
1                                      0.0000000000000000e+00
2                                      0.0000000000000000e+00
3                                      0.0000000000000000e+00
4                                      0.0000000000000000e+00
5                                      0.0000000000000000e+00
6                                      1.0893370714183146e+02
7                                      2.1634372443098252e+02
8                                      2.4430837349584459e+02
9                                      2.8114185605028479e+02
10                                     3.4686706106163643e+02
11                                     4.0082165535970017e+02
12                                     6.4147109217088325e+02
13                                     7.9700196935041834e+02
14                                     9.0611104498875670e+02
15                                     9.2164728931754655e+02
16                                     9.3951689689565160e+02
17                                     9.7333634094459990e+02
18                                     1.1247539290920436e+03
19                                     1.1487120719814086e+03
20                                     1.1979243400609296e+03
21                                     1.2873259217874229e+03
22                                     1.3415190634127173e+03
23                                     1.3881880674907159e+03
24                                     1.3952748342679190e+03
25                                     1.4186530406640254e+03
26                                     1.4757915923894857e+03
27                                     1.4807471729879762e+03
28                                     1.4959496716185629e+03
29                                     1.5006038639843277e+03
30                                     1.7775618862075698e+03
31                                     2.8218451967623350e+03
32                                     2.9696581834400199e+03
33                                     3.0097452084538404e+03
34                                     3.0213300839544831e+03
35                                     3.0875545941959908e+03
36                                     3.0959167157861179e+03
37                                     3.0988207639819934e+03
38                                     3.1080727883428121e+03
   &ZPE [&Type "Double"]       1.1168363688296574e-01
   &INNERENERGYU [&Type "Double"]      -2.3229286126358195e+02
   &ENTHALPYH [&Type "Double"]      -2.3229191705453971e+02
   &QEL [&Type "Double"]       0.0000000000000000e+00
   &QROT [&Type "Double"]       1.2192199923853340e-02
   &QVIB [&Type "Double"]       5.6585540019365764e-03
   &QTRANS [&Type "Double"]       1.8408094370990925e-02
   &ENTROPYS [&Type "Double"]       3.6258848296780846e-02
   &FREEENERGYG [&Type "Double"]      -2.3232817590283648e+02
   &ISLINEAR [&Type "Boolean"] false
$End
$Hessian
   &GeometryIndex 1
   &ListStatus       OUT
   &HESSIAN [&Type "ArrayOfDoubles", &Dim (39,39)] "The Hessian"
                                                         0                           1                           2                           3                           4                           5                           6                           7

0                                      5.6260172136735165e-01        -3.3359435852821334e-02        -7.6303320198134461e-03        -8.8619244733934371e-02        -3.2473631911528217e-02        -7.3285481696680616e-03         7.7588605234379902e-03         2.0907679542088914e-02
1                                     -3.3359435852821334e-02         4.7866836523001854e-01        -2.1986435539260486e-02        -2.9615877585077499e-02        -1.6898925515709862e-01        -2.1371256698485889e-02        -5.6379979417960913e-03        -2.9401893013040553e-02
2                                     -7.6303320198134461e-03        -2.1986435539260486e-02         5.5776698150663173e-01        -7.3232820622793696e-03        -2.3159839288972077e-02        -8.3348586343334891e-02         4.0065950227256468e-03         1.1743556323116284e-02
3                                     -8.8619244733934371e-02        -2.9615877585077499e-02        -7.3232820622793696e-03         4.4235326598796915e-01         2.6472801286465300e-02         8.5711578873150750e-04        -1.0964706349924414e-01         2.7205499205309160e-02
4                                     -3.2473631911528217e-02        -1.6898925515709862e-01        -2.3159839288972077e-02         2.6472801286465300e-02         4.7756254562415784e-01         3.5946835073896177e-02         3.9716365005940821e-02        -1.1585817758631500e-01
5                                     -7.3285481696680616e-03        -2.1371256698485889e-02        -8.3348586343334891e-02         8.5711578873150750e-04         3.5946835073896177e-02         5.2096555676765055e-01        -3.1458762367519821e-02         2.3413297967466280e-02
6                                      7.7588605234379902e-03        -5.6379979417960913e-03         4.0065950227256468e-03        -1.0964706349924414e-01         3.9716365005940821e-02        -3.1458762367519821e-02         5.1968276663197510e-01         5.4512008640497336e-02
7                                      2.0907679542088914e-02        -2.9401893013040553e-02         1.1743556323116284e-02         2.7205499205309160e-02        -1.1585817758631500e-01         2.3413297967466280e-02         5.4512008640497336e-02         5.0144339593358578e-01
8                                      4.2385712923682329e-03        -2.4406088049141045e-03         2.2480026874900066e-03        -2.0708653376008940e-02         2.3580225417486653e-02        -8.1209770118211122e-02        -2.8581593830828853e-02         3.4977752495915948e-02
9                                     -1.7380692423242271e-02        -1.4174039572533201e-02         4.0495315904735228e-03        -1.4804004492411563e-01        -3.6650211893255812e-02         1.8292401052461917e-02        -3.0249698059414382e-02         1.3180091587009508e-02
10                                    -3.6445103590019054e-02        -9.1259962225402613e-03         1.2296270513495206e-02        -4.0260604637403039e-02        -9.6627121315366049e-02         1.1570760586531809e-02         2.7496463946337101e-02         1.0392955648802632e-03
11                                    -4.9948630996479093e-03         3.2752983711855210e-03         3.4275235908353355e-03         1.7190882727313894e-02         1.2191384227011609e-02        -8.8762299522464727e-02        -1.1061270882985965e-02        -8.9357546966400726e-03
12                                     2.5954164267496145e-03         4.0578205733438726e-03        -9.2655534395088245e-04        -2.6488795511597565e-02         3.2023826099184693e-02         3.5243729338280377e-02        -1.5120544029844961e-03        -3.7158932749108585e-03
13                                    -1.4641090924183550e-04        -1.5006101031433041e-03         1.4653578033481099e-03         1.8402252628023766e-02         8.8962566370850409e-03        -1.4122778394009002e-02        -3.5831533487624828e-03         2.6753178268966908e-03
14                                    -2.2059219962068527e-03        -1.3882596791904094e-03        -1.7911604849943344e-03         2.9168456117275855e-02        -2.1216214334845267e-02         4.9112428404066884e-03         4.3229377646317908e-03         5.0214157464985474e-03
15                                    -1.5413539381577276e-01         1.1440451881004647e-01        -6.4993812976393631e-02         7.5024666417104558e-03        -7.4389985345622370e-03         5.8845213415332611e-03        -7.4391491234931592e-04        -1.7418954159720210e-03
16                                     1.1242219196384852e-01        -1.6561949968016401e-01         6.6557734066648319e-02         1.9514129136211388e-02        -2.0320440075075191e-02         1.2692495192233762e-02        -3.9469524360189875e-03        -5.4149552958060610e-03
17                                    -6.3753009215185355e-02         6.7349813332300390e-02        -8.2880321333779511e-02         5.8401652213890265e-03        -5.4950344953377372e-03         1.1037726410069600e-03        -3.9368995763056731e-04        -9.8108702580873737e-04
18                                    -2.5901256186039467e-01        -3.1584647592521775e-02         9.6377129353832247e-02        -1.0088757171914419e-02        -6.3664825361108360e-04         3.5327452332422817e-03         7.1167268590692848e-04         8.1568439657217365e-04
19                                    -3.0534824930792612e-02        -4.9895843446947689e-02         1.4573857118597416e-02        -2.9615379174198569e-02        -6.0108480561466985e-03         1.4150168413218599e-02        -9.1337169816152778e-04         1.9985812443842244e-03
20                                     9.6650372085825942e-02         1.5169381506561446e-02        -9.0034961352938994e-02        -7.7580264947853753e-03        -1.6476363421450164e-03         1.7426201738719670e-03         1.3919363213802478e-04         1.3295398646190793e-04
21                                    -4.5938785286117577e-02        -2.5141468830128019e-03        -1.4711114702089089e-02        -2.4452919515379765e-03        -1.4372301940915489e-03        -1.1609436170264727e-02         1.7484526634188331e-04         3.7108371729610036e-04
22                                    -2.1829851482984110e-03        -5.0783020396694030e-02        -3.5387757909493445e-02        -2.2307296963512604e-03        -6.6724258494634016e-03        -3.2203868762932367e-02        -3.3407578000621508e-04         1.9632931489761505e-03
23                                    -1.6063915108503815e-02        -3.6474764832950202e-02        -3.0124891572583212e-01        -1.7623743879173412e-03        -2.1488265217484183e-03        -6.5025761927790665e-03         1.9616891171511316e-04         6.6885506358074342e-04
24                                    -1.1842299461552828e-03        -2.5361134884158681e-03        -1.1911015900363787e-02        -4.2076865281172909e-02        -7.4487974557654636e-03        -3.7570038155157444e-03        -2.4033406565376319e-03         2.3449103537967302e-06
25                                    -1.7570853147427280e-03        -6.7503084545572070e-03        -3.0722141151024063e-02        -8.0094409131164154e-03        -4.6255604836194682e-02        -3.3876632606260254e-02         4.1220926561415421e-03        -6.2253488524836517e-04
26                                    -2.4659837569145082e-04        -1.3207448889781537e-03        -5.1682231751244865e-03        -1.2197029195529615e-02        -3.4693588847707679e-02        -2.7825428673732283e-01        -1.8097866918554400e-03         6.3936178654839734e-04
27                                     7.7815480408266555e-04        -1.0539601189357779e-03         3.2722405849076983e-04        -2.0505959651023607e-02        -1.4419851219514002e-03         6.5849778907132025e-03        -2.5851650562566969e-01        -2.2117033839369880e-02
28                                     5.5158303697882703e-04         1.6987897178520690e-03        -5.6066715564666596e-04         2.4686239397921667e-02        -5.7409682378824819e-04        -8.0907927058810319e-03        -2.2365291037819562e-02        -4.5313924044598622e-02
29                                     1.1986671754126441e-04        -5.8947623446262186e-04         2.1248301977718192e-05        -1.4105025728703431e-02        -5.5872441765736792e-04         4.0594313312414011e-03         1.0291046418030354e-01         9.3095965656984012e-03
30                                    -3.0706806918719921e-03         2.1615515179019733e-03        -1.4455049931175398e-03         7.8551511633901255e-03         1.8176844966126208e-02         5.8730827213511602e-03        -7.9296031396596273e-02        -8.4584189097809168e-02
31                                     4.6379081891398857e-03        -2.0794076951176250e-03         3.0273720321491900e-03        -7.4994907879138810e-03        -2.0342766998305409e-02        -5.2230978170084473e-03        -8.4409804953380449e-02        -2.6223714893097960e-01
32                                    -1.8766721576455245e-03         1.2441048634588313e-03        -6.0681481643208048e-04         6.1598033056058498e-03         1.1612836568859395e-02         1.0193608499619745e-03        -1.7858589294997881e-02        -4.5188108181586764e-02
33                                     4.8985118088929467e-04        -1.1731387729700745e-03         4.8453677966312555e-04        -4.7664344822492015e-03        -1.8849635504748202e-03        -2.0789588060478134e-02        -4.8448070745370539e-02        -3.3676646178966672e-03
34                                    -4.0910008358643294e-04         1.8654090380355874e-03         1.1539432738732730e-03         3.2132640453557330e-03         1.3472150441197275e-03         2.2773497114980310e-02        -3.9869335027460685e-03        -5.0255530753065714e-02
35                                     4.0341098853673369e-04        -6.9370566613490611e-04         7.6554634473267880e-04        -3.2328055781866358e-03        -8.2728425625378660e-04        -1.1400254265706946e-02        -2.2383540354538645e-02        -3.1117397426097728e-02
36                                    -4.8824155450221916e-03         1.0267979769025219e-03         3.6936618691203755e-03        -5.0324265862799235e-03        -2.7011123213915748e-02        -1.3681946343867060e-03         2.4885341905045450e-03        -1.4578427176016563e-03
37                                    -1.2121160611359479e-03         1.9132701833970422e-03         1.0078657637250907e-03        -2.2289101337870376e-03        -6.1552806076093074e-03        -5.6796366952428269e-03        -6.7922258579216060e-04        -1.5719209669300127e-05
38                                     2.6905783817923069e-03        -7.8246157968557832e-04         8.4968080076891495e-04         7.9137335146140641e-03         6.4368765489063902e-03         1.5675788575679819e-02         1.9984996173164392e-03         2.7793184519702622e-04
                                                         8                           9                          10                          11                          12                          13                          14                          15

0                                      4.2385712923682329e-03        -1.7380692423242271e-02        -3.6445103590019054e-02        -4.9948630996479093e-03         2.5954164267496145e-03        -1.4641090924183550e-04        -2.2059219962068527e-03        -1.5413539381577276e-01
1                                     -2.4406088049141045e-03        -1.4174039572533201e-02        -9.1259962225402613e-03         3.2752983711855210e-03         4.0578205733438726e-03        -1.5006101031433041e-03        -1.3882596791904094e-03         1.1440451881004647e-01
2                                      2.2480026874900066e-03         4.0495315904735228e-03         1.2296270513495206e-02         3.4275235908353355e-03        -9.2655534395088245e-04         1.4653578033481099e-03        -1.7911604849943344e-03        -6.4993812976393631e-02
3                                     -2.0708653376008940e-02        -1.4804004492411563e-01        -4.0260604637403039e-02         1.7190882727313894e-02        -2.6488795511597565e-02         1.8402252628023766e-02         2.9168456117275855e-02         7.5024666417104558e-03
4                                      2.3580225417486653e-02        -3.6650211893255812e-02        -9.6627121315366049e-02         1.2191384227011609e-02         3.2023826099184693e-02         8.8962566370850409e-03        -2.1216214334845267e-02        -7.4389985345622370e-03
5                                     -8.1209770118211122e-02         1.8292401052461917e-02         1.1570760586531809e-02        -8.8762299522464727e-02         3.5243729338280377e-02        -1.4122778394009002e-02         4.9112428404066884e-03         5.8845213415332611e-03
6                                     -2.8581593830828853e-02        -3.0249698059414382e-02         2.7496463946337101e-02        -1.1061270882985965e-02        -1.5120544029844961e-03        -3.5831533487624828e-03         4.3229377646317908e-03        -7.4391491234931592e-04
7                                      3.4977752495915948e-02         1.3180091587009508e-02         1.0392955648802632e-03        -8.9357546966400726e-03        -3.7158932749108585e-03         2.6753178268966908e-03         5.0214157464985474e-03        -1.7418954159720210e-03
8                                      5.4080641219664072e-01         3.7477209347700352e-03        -9.7679650969177498e-03         6.5606544216869865e-03         3.9978553488412179e-03        -1.8729532188761777e-04        -5.3545103272796234e-03        -2.0503177616840781e-05
9                                      3.7477209347700352e-03         5.7494785794606773e-01        -1.1199344159201917e-01        -2.0057971962909502e-01        -2.8914394173697178e-01         2.3092929373674456e-01         1.8388558832590765e-01         6.5069857080964078e-04
10                                    -9.7679650969177498e-03        -1.1199344159201917e-01         7.1728131421632746e-01         2.2777695656133856e-01         2.2503208108331327e-01        -3.9574825992855284e-01        -2.1981493250021558e-01        -2.3851681862053012e-04
11                                     6.5606544216869865e-03        -2.0057971962909502e-01         2.2777695656133856e-01         3.8506819322540520e-01         1.8155164336398877e-01        -2.2281697730348221e-01        -2.2692150537345857e-01         4.3398859707268964e-04
12                                     3.9978553488412179e-03        -2.8914394173697178e-01         2.2503208108331327e-01         1.8155164336398877e-01         3.0475993285602054e-01        -2.6881413129192500e-01        -2.2405823614098408e-01        -5.3459432812280952e-04
13                                    -1.8729532188761777e-04         2.3092929373674456e-01        -3.9574825992855284e-01        -2.2281697730348221e-01        -2.6881413129192500e-01         4.1788743658051963e-01         2.6314147000010835e-01        -5.0484020418135184e-04
14                                    -5.3545103272796234e-03         1.8388558832590765e-01        -2.1981493250021558e-01        -2.2692150537345857e-01        -2.2405823614098408e-01         2.6314147000010835e-01         2.1857317296779827e-01         1.3534272791811131e-04
15                                    -2.0503177616840781e-05         6.5069857080964078e-04        -2.3851681862053012e-04         4.3398859707268964e-04        -5.3459432812280952e-04        -5.0484020418135184e-04         1.3534272791811131e-04         1.6423542783729572e-01
16                                    -2.1260976550025483e-03         2.4667409779236750e-03        -4.7710332433363936e-04        -8.3947942256808964e-04        -9.6061446732310842e-04         1.6248435328831455e-03         5.5961005976355727e-04        -1.2327277689658313e-01
17                                     1.6958313900931361e-04        -9.8783573010705669e-04         1.3184267564340124e-03         7.5082049841885060e-04         6.2116449448465505e-05        -1.1004049959085311e-03        -1.5643951973233310e-04         7.0352457055998810e-02
18                                    -9.1002640201458870e-05         2.5425181690010706e-04        -1.1311016102592544e-03        -6.1789449663720436e-04         3.0712757127197236e-04        -8.1521981138217570e-04        -2.5572852352311048e-04        -1.6440793304824178e-02
19                                     2.6367619059066300e-04         5.9590842731996069e-04        -7.5919428521703750e-03        -2.9914463063576988e-03         8.6381885037486290e-04         2.0554791176095608e-03         2.6649522681029879e-04         1.8656480822019598e-02
20                                    -7.4612071982243242e-05         9.7062408055298942e-05        -2.5102304124368408e-03        -1.7185399399136428e-04         2.9082902728944354e-04         9.2518833352708135e-04         5.2604431255808427e-04        -1.1983087626537001e-02
21                                     5.9393484787277867e-04         1.2131347083688179e-03        -1.0025191512908688e-03        -1.9330231352196030e-03        -2.2912963860589319e-04         9.7266647149872251e-04         7.8415513880124754e-04        -1.6870494969916001e-03
22                                    -1.4569343373526773e-03         1.5321358885537087e-03         3.0761992684337535e-04        -8.5659543302302231e-04        -8.0212104163308276e-04         6.1549967576916896e-04         5.0927060391925730e-04         3.9167100677112718e-04
23                                     8.2323490312789793e-04         1.8678487641940709e-03        -4.5126064725577349e-04        -6.5094755294314594e-04        -1.9104719708629321e-04         1.1505012030071978e-03         9.0259841888798778e-04         4.2953248006567454e-04
24                                    -2.4078928078383344e-02         3.0037892314334885e-03         7.0172354738662528e-03         3.3583061484676172e-02        -6.9012409383817355e-03         2.4228576241768678e-04        -2.2725227753694149e-03         4.3244619755902921e-04
