*************************************************
******************* ORCA 6.0.0 ******************
*************************************************
$Calculation_Status
   &GeometryIndex 1
   &ListStatus       OUT
   &VERSION [&Type "String"] "6.0.0"
   &PROGNAME [&Type "String"] "LeanSCF"
   &STATUS [&Type "String"] "NORMAL TERMINATION"
$End
$Geometry
   &GeometryIndex 1
   &ListStatus       OUT
   &NATOMS [&Type "Integer"] 12
   &NCORELESSECP [&Type "Integer"] 0
   &NGHOSTATOMS [&Type "Integer"] 0
   &CartesianCoordinates [&Type "Coordinates", &Dim(12,4), &Units "Bohr"] 
              C     -6.721994333103   -0.000073529811    0.000095558159
              C     -5.402752932396   -2.276736984517    0.000105622652
              C     -2.768179325799   -2.295271382156    0.000062942620
              C     -1.488681157170    0.000061535152   -0.000026069528
              C     -2.768298381758    2.295327646862    0.000001639337
              C     -5.402870803497    2.276657944454    0.000064639405
              I      2.522306813039    0.000167674455    0.000012885854
              H     -8.772380204947   -0.000127672354    0.000113594839
              H     -6.416023122211   -4.060397518636    0.000131322171
              H     -1.744584295620   -4.069389346185    0.000046683039
              H     -1.744790841741    4.069496287110   -0.000036923737
              H     -6.416236132708    4.060264260818    0.000055018998
$End
$SCF_Energy
   &GeometryIndex 1
   &ListStatus       OUT
   &SCF_ENERGY [&Type "Double"]      -5.2942054004442468e+02
$End
$DFT_Energy
   &GeometryIndex 1
   &ListStatus       OUT
   &NALPHAEL [&Type "Integer"] 33
   &NBETAEL [&Type "Integer"] 33
   &NTOTALEL [&Type "Integer"] 66
   &EEXCHANGE [&Type "Double"]      -5.4273022663008248e+01
   &ECORR [&Type "Double"]      -2.3809151553483354e+00
   &ECNL [&Type "Double"]       0.0000000000000000e+00
   &EXC [&Type "Double"]      -5.6653937818356582e+01
   &EEMBED [&Type "Double"]       0.0000000000000000e+00
   &FINALEN [&Type "Double"]      -5.2942054004442468e+02  "No Van der Waals correction"
$End
$Mulliken_Population_Analysis
   &GeometryIndex 1
   &ListStatus       OUT
   &NATOMS [&Type "Integer"] 12
   &ATNO [&Type "ArrayOfIntegers", &Dim (12,1)] 
                                                         0

0                                                        6
1                                                        6
2                                                        6
3                                                        6
4                                                        6
5                                                        6
6                                                       53
7                                                        1
8                                                        1
9                                                        1
10                                                       1
11                                                       1
   &ATOMICCHARGES [&Type "ArrayOfDoubles", &Dim (12,1)] 
                                                         0

0                                     -1.3347597114555754e-01
1                                     -7.0598914618554609e-02
2                                     -2.2659836051696036e-01
3                                      1.7210442446526386e-01
4                                     -2.2659873153866794e-01
5                                     -7.0592731970826605e-02
6                                     -6.4497214416558535e-02
7                                      1.1635821841174621e-01
8                                      1.1745173986545976e-01
9                                      1.3450039913353762e-01
10                                     1.3449630688259251e-01
11                                     1.1745083544822810e-01
$End
$Loewdin_Population_Analysis
   &GeometryIndex 1
   &ListStatus       OUT
   &NATOMS [&Type "Integer"] 12
   &ATNO [&Type "ArrayOfIntegers", &Dim (12,1)] 
                                                         0

0                                                        6
1                                                        6
2                                                        6
3                                                        6
4                                                        6
5                                                        6
6                                                       53
7                                                        1
8                                                        1
9                                                        1
10                                                       1
11                                                       1
   &ATOMICCHARGES [&Type "ArrayOfDoubles", &Dim (12,1)] 
                                                         0

0                                     -1.3851578980347057e-01
1                                     -1.3114618671447964e-01
2                                     -1.5129703517469117e-01
3                                     -3.5067236756631992e-01
4                                     -1.5129715227335705e-01
5                                     -1.3114615841670041e-01
6                                      3.1858608757857354e-01
7                                      1.4513321496532017e-01
8                                      1.4670622849047754e-01
9                                      1.4847143961317977e-01
10                                     1.4847145379489290e-01
11                                     1.4670626550628574e-01
$End
$Mayer_Population_Analysis
   &GeometryIndex 1
   &ListStatus       OUT
   &NATOMS [&Type "Integer"] 12 "Total number of atoms"
   &BONDTHRESH [&Type "Double"]       1.0000000000000001e-01  "The threshold for printing"
   &NBONDORDERSPRINT [&Type "Integer"] 12 "The number of bond orders larger than threshold"
   &BONDORDERS [&Type "ArrayOfDoubles", &Dim (12,1)] "The bond orders"
                                                         0

0                                      1.3935476942871927e+00
1                                      1.3935480628314358e+00
2                                      9.6651935269918721e-01
3                                      1.3794012043218320e+00
4                                      9.6398843842377235e-01
5                                      1.3615107634821610e+00
6                                      9.6784804280950643e-01
7                                      1.3615151348042929e+00
8                                      1.0166014471876181e+00
9                                      1.3794059062616064e+00
10                                     9.6785743429128990e-01
11                                     9.6399384166875568e-01
   &COMPONENTS [&Type "ArrayOfIntegers", &Dim (12,4)] "The indices and atomic numbers of the bonding atoms"
                                                         0                           1                           2                           3

0                                                        0                           6                           1                           6
1                                                        0                           6                           5                           6
2                                                        0                           6                           7                           1
3                                                        1                           6                           2                           6
4                                                        1                           6                           8                           1
5                                                        2                           6                           3                           6
6                                                        2                           6                           9                           1
7                                                        3                           6                           4                           6
8                                                        3                           6                           6                          53
9                                                        4                           6                           5                           6
10                                                       4                           6                          10                           1
11                                                       5                           6                          11                           1
   &ATNO [&Type "ArrayOfIntegers", &Dim (12,1)] "Atomic number of the elements"
                                                         0

0                                                        6
1                                                        6
2                                                        6
3                                                        6
4                                                        6
5                                                        6
6                                                       53
7                                                        1
8                                                        1
9                                                        1
10                                                       1
11                                                       1
   &NA [&Type "ArrayOfDoubles", &Dim (12,1)] "Mulliken gross atomic population"
                                                         0

0                                      6.1334759711455744e+00
1                                      6.0705989146185262e+00
2                                      6.2265983605169577e+00
3                                      5.8278955755347237e+00
4                                      6.2265987315386733e+00
5                                      6.0705927319708017e+00
6                                      2.5064497214416420e+01
7                                      8.8364178158825601e-01
8                                      8.8254826013454002e-01
9                                      8.6549960086646260e-01
10                                     8.6550369311740771e-01
11                                     8.8254916455177190e-01
   &ZA [&Type "ArrayOfDoubles", &Dim (12,1)] "Total nuclear charge"
                                                         0

0                                      6.0000000000000000e+00
1                                      6.0000000000000000e+00
2                                      6.0000000000000000e+00
3                                      6.0000000000000000e+00
4                                      6.0000000000000000e+00
5                                      6.0000000000000000e+00
6                                      2.5000000000000000e+01
7                                      1.0000000000000000e+00
8                                      1.0000000000000000e+00
9                                      1.0000000000000000e+00
10                                     1.0000000000000000e+00
11                                     1.0000000000000000e+00
   &QA [&Type "ArrayOfDoubles", &Dim (12,1)] "Mulliken gross atomic charge"
                                                         0

0                                     -1.3347597114557441e-01
1                                     -7.0598914618526187e-02
2                                     -2.2659836051695770e-01
3                                      1.7210442446527630e-01
4                                     -2.2659873153867327e-01
5                                     -7.0592731970801736e-02
6                                     -6.4497214416419979e-02
7                                      1.1635821841174399e-01
8                                      1.1745173986545998e-01
9                                      1.3450039913353740e-01
10                                     1.3449630688259229e-01
11                                     1.1745083544822810e-01
   &VA [&Type "ArrayOfDoubles", &Dim (12,1)] "Mayer's total valence"
                                                         0

0                                      3.9120565568867365e+00
1                                      3.8618802382216186e+00
2                                      3.8807394419036338e+00
3                                      3.8238564857858273e+00
4                                      3.8807536868139429e+00
5                                      3.8618821989056236e+00
6                                      1.1730604500612190e+00
7                                      9.7648486863251815e-01
8                                      9.7448519580043014e-01
9                                      9.6896712142769792e-01
10                                     9.6896687897795097e-01
11                                     9.7448407040951013e-01
   &BVA [&Type "ArrayOfDoubles", &Dim (12,1)] "Mayer's bonded valence"
                                                         0

0                                      3.9120565568864980e+00
1                                      3.8618802382216684e+00
2                                      3.8807394419038115e+00
3                                      3.8238564857861270e+00
4                                      3.8807536868139958e+00
5                                      3.8618821989057048e+00
6                                      1.1730604500616639e+00
7                                      9.7648486863243633e-01
8                                      9.7448519580043524e-01
9                                      9.6896712142771213e-01
10                                     9.6896687897799594e-01
11                                     9.7448407040955676e-01
   &FA [&Type "ArrayOfDoubles", &Dim (12,1)] "Mayer's free valence"
                                                         0

0                                      0.0000000000000000e+00
1                                      0.0000000000000000e+00
2                                      0.0000000000000000e+00
3                                      0.0000000000000000e+00
4                                      0.0000000000000000e+00
5                                      0.0000000000000000e+00
6                                      0.0000000000000000e+00
7                                      0.0000000000000000e+00
8                                      0.0000000000000000e+00
9                                      0.0000000000000000e+00
10                                     0.0000000000000000e+00
11                                     0.0000000000000000e+00
$End
$VdW_Correction
   &GeometryIndex 1
   &ListStatus       OUT
   &VDW [&Type "Double"]      -4.2892485638423841e-03
$End
$Calculation_Info
   &GeometryIndex 1
   &ListStatus       OUT
   &MULT [&Type "Integer"] 1
   &CHARGE [&Type "Integer"] 0
   &NUMOFATOMS [&Type "Integer"] 12
   &NUMOFELECTRONS [&Type "Integer"] 66
   &NUMOFFCELECTRONS [&Type "Integer"] 1
   &NUMOFCORRELECTRONS [&Type "Integer"] 0
   &NUMOFBASISFUNCTS [&Type "Integer"] 266
   &NUMOFAUXCBASISFUNCTS [&Type "Integer"] 0
   &NUMOFAUXJBASISFUNCTS [&Type "Integer"] 293
   &NUMOFAUXJKBASISFUNCTS [&Type "Integer"] 0
   &NUMOFCABSBASISFUNCTS [&Type "Integer"] 0
   &TOTALENERGY [&Type "Double"]      -5.2942232069058855e+02  "Hartrees"
$End
$SCF_Dipole_Moment
   &GeometryIndex 1
   &ListStatus       OUT
   &METHOD [&Type "String"] "SCF"
   &LEVEL [&Type "String"] "Relaxed density"
   &MULT [&Type "Integer"] 1
   &STATE [&Type "Integer"] -1
   &IRREP [&Type "Integer"] 0
   &NATOMS [&Type "Integer"] 12
   &DODIPOLEATOM [&Type "Boolean"] false
   &DIPOLEELECCONTRIB [&Type "ArrayOfDoubles", &Dim (3,1)] "Electronic contribution"
                                                         0

0                                      1.0860521148600229e+02
1                                      2.8501999224670536e-03
2                                     -6.3923563382941142e-04
   &DIPOLENUCCONTRIB [&Type "ArrayOfDoubles", &Dim (3,1)] "Nuclear contribution"
                                                         0

0                                     -1.0931501302651500e+02
1                                     -2.8692418268638775e-03
2                                      6.4524383430381168e-04
   &DIPOLETOTAL [&Type "ArrayOfDoubles", &Dim (3,1)] "Total"
                                                         0

0                                     -7.0980154051271427e-01
1                                     -1.9041904396823947e-05
2                                      6.0082004744002647e-06
   &DIPOLEMAGNITUDE [&Type "Double", &Units "a.u."]       7.0980154079356228e-01
$End
$THERMOCHEMISTRY_Energies
   &GeometryIndex 1
   &ListStatus       OUT
   &TEMPERATURE [&Type "Double"]       2.9814999999999998e+02
   &PRESSURE [&Type "Double"]       1.0000000000000000e+00
   &TOTALMASS [&Type "Double"]       2.0400600000000000e+02
   &SPINDEGENERACY [&Type "Integer"] 1
   &ELENERGY [&Type "Double"]      -5.2942232069058855e+02
   &TRANSENERGY [&Type "Double"]       1.4162714244859817e-03
   &ROTENERGY [&Type "Double"]       1.4162714244859817e-03
   &VIBENERGY [&Type "Double"]       3.0718990163829591e-03
   &NUMOFFREQS [&Type "Integer"] 36
   &FREQSCALINGFACTOR [&Type "Double"]       1.0000000000000000e+00
   &FREQ [&Type "ArrayOfDoubles", &Dim (36,1)] "In cm^-1"
                                                         0

0                                      0.0000000000000000e+00
1                                      0.0000000000000000e+00
2                                      0.0000000000000000e+00
3                                      0.0000000000000000e+00
4                                      0.0000000000000000e+00
5                                      0.0000000000000000e+00
6                                      1.5571429026131187e+02
7                                      2.2260220996419403e+02
8                                      2.6120111966569266e+02
9                                      4.0858578940127722e+02
10                                     4.6004204289987223e+02
11                                     6.2573359065202499e+02
12                                     6.6495764939381320e+02
13                                     7.0178230434179272e+02
14                                     7.3505922292426453e+02
15                                     8.3475083879562123e+02
16                                     9.0361839592551598e+02
17                                     9.5157511322137941e+02
18                                     9.7680455418293320e+02
19                                     1.0174073764535335e+03
20                                     1.0285544876943729e+03
21                                     1.0704864494410388e+03
22                                     1.0932776139215603e+03
23                                     1.1818625834022621e+03
24                                     1.2004069175092820e+03
25                                     1.3229184431004956e+03
26                                     1.3384081062452708e+03
27                                     1.4645878927970780e+03
28                                     1.4943459840729881e+03
29                                     1.5990824273987203e+03
30                                     1.6116962759153687e+03
31                                     3.1594980551333142e+03
32                                     3.1675526642512532e+03
33                                     3.1807027364687647e+03
34                                     3.1899542561891608e+03
35                                     3.1924749545054246e+03
   &ZPE [&Type "Double"]       8.9339811520805987e-02
   &INNERENERGYU [&Type "Double"]      -5.2932707643720244e+02
   &ENTHALPYH [&Type "Double"]      -5.2932613222816019e+02
   &QEL [&Type "Double"]       0.0000000000000000e+00
   &QROT [&Type "Double"]       1.3190720253529093e-02
   &QVIB [&Type "Double"]       4.8567888751119481e-03
   &QTRANS [&Type "Double"]       1.9881014213947872e-02
   &ENTROPYS [&Type "Double"]       3.7928523342588914e-02
   &FREEENERGYG [&Type "Double"]      -5.2936406075150273e+02
   &ISLINEAR [&Type "Boolean"] false
$End
$Hessian
   &GeometryIndex 1
   &ListStatus       OUT
   &HESSIAN [&Type "ArrayOfDoubles", &Dim (36,36)] "The Hessian"
                                                         0                           1                           2                           3                           4                           5                           6                           7

0                                      7.3704868243170196e-01         2.5573523034991275e-06        -6.5945230346226230e-06        -1.7781978047724634e-01         1.1712703432936575e-01         4.4406145945932942e-08        -2.9729996881516486e-02         2.8791072496899398e-02
1                                      2.5573523034991275e-06         6.5323264399435932e-01        -5.7575238968063311e-06         5.8374659819212998e-02        -2.7907290387253098e-01         2.3289881411181888e-06         7.1888645778507620e-02         3.1537241849792862e-02
2                                     -6.5945230346226230e-06        -5.7575238968063311e-06         1.2788586706995003e-01         8.9090926187172189e-07         9.2428080141665192e-07        -6.0158891455722285e-02        -3.0247840532485321e-07        -2.6683865319928860e-07
3                                     -1.7781978047724634e-01         5.8374659819212998e-02         8.9090926187172189e-07         6.6523892355958558e-01         3.1108946218758333e-02        -8.3365789796531742e-06        -3.2364101923715127e-01         3.5516874393735728e-02
4                                      1.1712703432936575e-01        -2.7907290387253098e-01         9.2428080141665192e-07         3.1108946218758333e-02         7.1327230293101807e-01        -5.9508112770960866e-06        -2.9797035310542459e-02        -1.2530993196842100e-01
5                                      4.4406145945932942e-08         2.3289881411181888e-06        -6.0158891455722285e-02        -8.3365789796531742e-06        -5.9508112770960866e-06         1.2933154100596780e-01         4.7114435638638449e-06        -4.3266679060215628e-07
6                                     -2.9729996881516486e-02         7.1888645778507620e-02        -3.0247840532485321e-07        -3.2364101923715127e-01        -2.9797035310542459e-02         4.7114435638638449e-06         6.5634637244367333e-01        -4.7060016511234759e-02
7                                      2.8791072496899398e-02         3.1537241849792862e-02        -2.6683865319928860e-07         3.5516874393735728e-02        -1.2530993196842100e-01        -4.3266679060215628e-07        -4.7060016511234759e-02         7.1509081878556091e-01
8                                      4.9432550413979374e-07        -1.5057202828608675e-06         6.9149082173084516e-03         3.6256267418414010e-06         1.4516081932597867e-06        -5.8183382439036785e-02        -1.1698467522329590e-05        -6.9047291505287216e-06
9                                      1.4960973606019667e-03         1.7865201624639943e-06        -7.2974460332343624e-09        -3.2825671776739652e-02        -2.4818246735231388e-02         1.3376799256067700e-06        -1.4379734060204544e-01        -1.0916901476172332e-01
10                                     1.7616559089215203e-06        -6.7040577313501701e-02        -6.9471645289352898e-08        -7.9313922879025139e-02         2.9471090090205543e-02         1.5665600315759226e-06        -5.9901686460219108e-02        -2.8105546146461552e-01
11                                    -1.0782262681817728e-07         2.7379895660647755e-07        -6.4041820845251972e-03         2.3006112874400561e-06        -2.6555527148027329e-07         8.0528632372052697e-03         4.1663493274282591e-06         8.2482796374615644e-06
12                                    -2.9724944150388559e-02        -7.1891831484387048e-02         1.9169525611265092e-06        -4.5409530387887739e-02         2.7450494960972155e-02        -3.5164144589948508e-07         5.5884296802807737e-02         1.9459528071775367e-02
13                                    -2.8794282094148284e-02         3.1531987556011172e-02         1.9181528409629502e-07         2.7647154047012821e-02        -1.5751109559946491e-02         1.4374548835772450e-07        -1.9453860251837332e-02        -5.4319464923080832e-02
14                                     8.8347166253735305e-07         1.8888706760917650e-06         6.9148676152061446e-03         4.0355251993453544e-07        -3.4877521252463942e-07        -6.8107353570946924e-03        -7.4776502685756785e-07         4.4205490100669448e-07
15                                    -1.7781050609169591e-01        -5.8369613760023434e-02         1.3572457945794313e-06         6.0190244251093775e-02        -2.0910829157241968e-02        -4.5795954391129971e-07        -4.5406661761017889e-02        -2.7648713412751783e-02
16                                    -1.1712200517998551e-01        -2.7908268332840580e-01         2.9892784912999627e-06         2.0917087053143466e-02        -6.0035962729633449e-02        -2.3221848635109559e-07        -2.7452014898910776e-02        -1.5753910676432496e-02
17                                     2.3688978856606554e-06         2.9177671394107527e-06        -6.0158748192212397e-02        -1.2517971385662178e-06         1.3542755233076247e-06         7.9608876590875569e-03         1.1800917639555868e-06         1.5546009207602661e-07
18                                    -1.7943858734738275e-03        -7.8016332686870851e-08        -1.3689279229423470e-07         3.6123734560690283e-03        -5.3707226915716017e-03         5.1567191547866210e-07        -3.1511090634538365e-02        -1.4882581832010092e-04
19                                    -5.4116075320001411e-08         8.0634111015887304e-04        -6.7602655614126673e-09         4.3874812487800256e-04        -2.2842049623794350e-03         1.0771966013315220e-07        -1.7287920557000742e-02         1.6785962315440800e-03
20                                    -8.8703646133716629e-08        -1.1313889760095033e-08        -9.0617413118326026e-04         1.7841670067377371e-08         2.2986941945990341e-07         3.8080938940178431e-03         6.0071493631230750e-07         1.7181287957441943e-07
21                                    -3.3379048561501679e-01        -7.2967426846813467e-06         2.5152803143129730e-06        -1.2070226060091692e-02        -2.5497486108899889e-03         5.3089434064597939e-07         6.5590518301334930e-04         3.4606270862203052e-03
22                                    -7.3024099023943263e-06        -5.8533143727282473e-02         2.1216238649689000e-07         2.8357138330281292e-02         4.5686616461943505e-03        -4.0899452749563315e-07         2.5673380676146974e-03        -4.5573064314367220e-03
23                                     2.7216080898689376e-06         1.8058394335583365e-08        -3.3765761965864720e-02        -1.3248078258498606e-07         2.8714211762136078e-08         1.7377366543986899e-03         2.4016403823207294e-08         8.0889862070740758e-08
24                                     1.1659862379321168e-02         1.4575619911018519e-02        -1.6613208135319177e-07        -1.2479215170838391e-01        -1.1805422537697143e-01         1.9229233402958366e-06        -1.2010175767612027e-02        -2.8850262347140321e-02
25                                    -1.6422844503058930e-02        -1.8557399249539544e-02         5.7275876596079548e-07        -1.1782630299695564e-01        -2.6568795308674087e-01         3.1853222058378179e-06         2.2036590801840436e-03         2.7571377934433455e-03
26                                     1.9263142733904340e-07        -2.3309182773056490e-07         2.3979710150168546e-03         1.6469631418019438e-06         3.2972767837792059e-06        -3.4756455540133367e-02         3.5782557301029272e-07         4.6792089530803903e-07
27                                    -5.5971052068203601e-03        -1.3541261589747732e-03         1.1795110725716732e-07        -1.0952056722335349e-02         2.8162047572600463e-02         2.1566207583970974e-07        -1.2500127613007336e-01         1.2348826452277663e-01
28                                    -5.6384734614887012e-04         1.8678904441632258e-03         3.5109133762988232e-07        -1.7200940024309705e-03         3.8412565990057507e-03        -2.7972927430113704e-07         1.2069389640100248e-01        -2.6731093799599093e-01
29                                     1.6409731145740651e-07         1.8309445806096811e-07         7.4410555203290821e-03         2.1916515676412793e-07        -4.3542742882882059e-07         2.5315304661288930e-03         1.7789065183911937e-06        -2.3810350044992015e-06
30                                    -5.5972000224379327e-03         1.3537453242548000e-03         3.3481194977900211e-07        -8.2004894815340429e-04         9.9951689125058005e-04        -2.6196596927589628e-08        -9.1257411349980047e-04         3.4047862669562582e-03
31                                     5.6347065110533799e-04         1.8679884358725192e-03         1.6547832252065111e-07         9.0442228591178968e-04         3.8984396442711495e-04        -1.1405740503335633e-07         4.2277112758417942e-03        -3.1337843746952788e-03
32                                     2.6569166168973701e-07        -1.4367133046924722e-07         7.4410836875560974e-03         4.5684383925520781e-10        -4.9694796415737373e-08        -5.7864355504687456e-04         1.4044861752671053e-07         1.3540359311989001e-07
33                                     1.1659762146971033e-02        -1.4574068157791137e-02        -1.0193938466841378e-07        -7.1105594875913065e-04        -3.3728450145939365e-03         3.1066732419247463e-07        -8.7643930203979499e-04        -9.5738929251276510e-04
34                                     1.6424438778470229e-02        -1.8557385899097518e-02         2.8767761384928718e-07        -4.3790974704271957e-03        -3.4010890511986663e-03        -1.1873789930562682e-07        -9.1564730808610601e-04         3.7700317433151770e-04
35                                    -1.6796822569459635e-07         4.4679491958933926e-07         2.3980047041411582e-03         1.9875821176629481e-07        -3.0880813477464909e-08         7.0654554302279644e-03        -2.1252817731858390e-07        -3.9170146330613648e-08
                                                         8                           9                          10                          11                          12                          13                          14                          15

0                                      4.9432550413979374e-07         1.4960973606019667e-03         1.7616559089215203e-06        -1.0782262681817728e-07        -2.9724944150388559e-02        -2.8794282094148284e-02         8.8347166253735305e-07        -1.7781050609169591e-01
1                                     -1.5057202828608675e-06         1.7865201624639943e-06        -6.7040577313501701e-02         2.7379895660647755e-07        -7.1891831484387048e-02         3.1531987556011172e-02         1.8888706760917650e-06        -5.8369613760023434e-02
2                                      6.9149082173084516e-03        -7.2974460332343624e-09        -6.9471645289352898e-08        -6.4041820845251972e-03         1.9169525611265092e-06         1.9181528409629502e-07         6.9148676152061446e-03         1.3572457945794313e-06
3                                      3.6256267418414010e-06        -3.2825671776739652e-02        -7.9313922879025139e-02         2.3006112874400561e-06        -4.5409530387887739e-02         2.7647154047012821e-02         4.0355251993453544e-07         6.0190244251093775e-02
4                                      1.4516081932597867e-06        -2.4818246735231388e-02         2.9471090090205543e-02        -2.6555527148027329e-07         2.7450494960972155e-02        -1.5751109559946491e-02        -3.4877521252463942e-07        -2.0910829157241968e-02
5                                     -5.8183382439036785e-02         1.3376799256067700e-06         1.5665600315759226e-06         8.0528632372052697e-03        -3.5164144589948508e-07         1.4374548835772450e-07        -6.8107353570946924e-03        -4.5795954391129971e-07
6                                     -1.1698467522329590e-05        -1.4379734060204544e-01        -5.9901686460219108e-02         4.1663493274282591e-06         5.5884296802807737e-02        -1.9453860251837332e-02        -7.4776502685756785e-07        -4.5406661761017889e-02
7                                     -6.9047291505287216e-06        -1.0916901476172332e-01        -2.8105546146461552e-01         8.2482796374615644e-06         1.9459528071775367e-02        -5.4319464923080832e-02         4.4205490100669448e-07        -2.7648713412751783e-02
8                                      1.2428435087642047e-01         4.8662662622529513e-06         7.6473364781162536e-06        -5.8126982756201401e-02        -1.8135566694471306e-06         1.0142218951160324e-06         8.4909809581003269e-03         1.3206773617506396e-06
9                                      4.8662662622529513e-06         4.2984644611038619e-01        -5.4045846712977904e-06        -7.7031732894658361e-06        -1.4380634713410179e-01         1.0917643946199719e-01         1.8621525530719502e-06        -3.2830959891276865e-02
10                                     7.6473364781162536e-06        -5.4045846712977904e-06         6.3025778353315343e-01        -8.0122673280258612e-06         5.9909069361126277e-02        -2.8104651521087332e-01        -7.1663202599945215e-07         7.9310699582961636e-02
11                                    -5.8126982756201401e-02        -7.7031732894658361e-06        -8.0122673280258612e-06         1.0548895615012766e-01         2.7629838097326184e-06        -2.0305956302287668e-06        -5.8127098301107856e-02        -7.1608134936024715e-08
12                                    -1.8135566694471306e-06        -1.4380634713410179e-01         5.9909069361126277e-02         2.7629838097326184e-06         6.5634264315633839e-01         4.7056874587565883e-02        -1.2836626334362030e-05        -3.2364101673062051e-01
13                                     1.0142218951160324e-06         1.0917643946199719e-01        -2.8104651521087332e-01        -2.0305956302287668e-06         4.7056874587565883e-02         7.1509477115535569e-01        -5.0020156208482891e-06        -3.5526973270728103e-02
14                                     8.4909809581003269e-03         1.8621525530719502e-06        -7.1663202599945215e-07        -5.8127098301107856e-02        -1.2836626334362030e-05        -5.0020156208482891e-06         1.2428445967453865e-01         6.9260861988732899e-06
15                                     1.3206773617506396e-06        -3.2830959891276865e-02         7.9310699582961636e-02        -7.1608134936024715e-08        -3.2364101673062051e-01        -3.5526973270728103e-02         6.9260861988732899e-06         6.6524251796489176e-01
16                                     5.1113942583395713e-07         2.4815002558839793e-02         2.9476478702072002e-02        -3.9978916509561281e-07         2.9786815857026215e-02        -1.2531024639842958e-01        -2.7095474772563723e-07        -3.1111724678580741e-02
17                                    -6.8107404115743467e-03         6.9905921920469545e-07        -6.7073987051194310e-07         8.0528471533259059e-03         5.4642070089029991e-06         1.3854020205928970e-06        -5.8183296430793709e-02        -9.1771059070050171e-06
18                                     2.6619258142515016e-07        -8.7648437489551825e-02        -1.6810255285064583e-06        -6.2503385672883283e-07        -3.1512024050840325e-02         1.4710418698963418e-04         7.3125932754298954e-08         3.6121145888351660e-03
19                                    -3.9416158707967612e-08        -1.7405347056331488e-06        -2.3016447380571334e-02         1.5423515407773124e-07         1.7286141146289815e-02         1.6795135131887611e-03        -2.8744352202314497e-08        -4.3846873875077802e-04
20                                     2.1833763405457729e-03        -8.8443652535499023e-07         1.1864081167316200e-07        -1.4610700357965588e-02         1.3544517491882638e-07        -1.6879141128186141e-07         2.1833935676919738e-03         4.2958895155757630e-08
21                                     1.5514505764273800e-07         1.1131863755887835e-03         8.3269623898271809e-08        -1.7031619016408675e-07         6.5622913260207638e-04        -3.4603660649932142e-03         1.5115517265990510e-07        -1.2068845203341734e-02
22                                     3.8200044232578881e-08         7.7086516412302206e-08        -1.7179028136215775e-03         5.1562945917344340e-08        -2.5670357102864695e-03        -4.5576350532486112e-03         8.0172365712815745e-08        -2.8357974427377908e-02
23                                     7.4147360220153937e-03        -8.2094557698853588e-09        -1.4963160316525625e-07        -1.1106592518209900e-03         9.5392281026725780e-08         2.2713769028692804e-07         7.4147656686690770e-03         4.0057669937495930e-07
24                                     6.1846875840050370e-07        -4.5088596589734952e-03         6.7567704670309231e-04         1.1726470118995078e-07        -8.7653029755353892e-04         9.5733047446394605e-04        -2.6883585246243828e-08        -7.1146503879241990e-04
25                                    -7.1915759216538725e-08         8.8303164421642179e-05         1.8933179625857241e-03         1.7367543385028053e-07         9.1557948303836346e-04         3.7709867181093417e-04        -2.0265830749835124e-07         4.3792339309713137e-03
26                                     2.3295002364178237e-03         2.2301737065075766e-07        -2.6355866151149389e-07         7.4738210673435598e-03        -2.6388418147249777e-07         1.3435583825573485e-07        -6.5911998905445748e-04         6.9263123592052551e-08
27                                     1.7669889557836156e-06         8.7353649643343093e-03        -1.5578587918577254e-02        -2.9477221427929950e-07        -9.1218485694875796e-04        -3.4046724752801170e-03         4.6311552746360168e-07        -8.1995959432320988e-04
28                                    -1.4603477731216759e-06         1.5368597967453244e-02        -1.9557470414362836e-02         1.0101132863321597e-07        -4.2275977731891217e-03        -3.1341585044205120e-03        -8.6598317355616173e-08        -9.0448583418969498e-04
29                                    -3.3527727166522824e-02        -5.5997483678350645e-07         1.4623120736552421e-06         9.1863574883094441e-04         4.0615482502141744e-07         8.7396874108391780e-08         5.6900949087333634e-03        -5.6130143465895110e-08
30                                     2.1588663387620600e-07         8.7353261163410252e-03         1.5580041428890572e-02        -3.2864957854296715e-07        -1.2498910412897528e-01        -1.2348116648010510e-01         3.2859310087465532e-06        -1.0950641485832212e-02
