*************************************************
******************* ORCA 6.0.0 ******************
*************************************************
$Calculation_Status
   &GeometryIndex 1
   &ListStatus       OUT
   &VERSION [&Type "String"] "6.0.0"
   &PROGNAME [&Type "String"] "LeanSCF"
   &STATUS [&Type "String"] "NORMAL TERMINATION"
$End
$Geometry
   &GeometryIndex 1
   &ListStatus       OUT
   &NATOMS [&Type "Integer"] 12
   &NCORELESSECP [&Type "Integer"] 0
   &NGHOSTATOMS [&Type "Integer"] 0
   &CartesianCoordinates [&Type "Coordinates", &Dim(12,4), &Units "Bohr"] 
              C     -6.711966291614    0.000096434803    0.000028425072
              C     -5.392929827927   -2.274306830913   -0.000031178780
              C     -2.760855703505   -2.292266234967   -0.000065284369
              C     -1.477446847176   -0.000028634075   -0.000043932920
              C     -2.760759048549    2.292265079966   -0.000088032325
              C     -5.392828594920    2.274437896081   -0.000026420828
              I      2.526996860080   -0.000370832109   -0.000273333578
              H     -8.761855201389    0.000141688075    0.000089507634
              H     -6.406754225662   -4.057274259406    0.000016268463
              H     -1.733860657846   -4.063802975583   -0.000076139712
              H     -1.733669604833    4.063743964727   -0.000074809533
              H     -6.406561414070    4.057455768924    0.000011936077
$End
$SCF_Energy
   &GeometryIndex 1
   &ListStatus       OUT
   &SCF_ENERGY [&Type "Double"]      -5.2942059857764536e+02
$End
$DFT_Energy
   &GeometryIndex 1
   &ListStatus       OUT
   &NALPHAEL [&Type "Integer"] 33
   &NBETAEL [&Type "Integer"] 33
   &NTOTALEL [&Type "Integer"] 66
   &EEXCHANGE [&Type "Double"]      -5.4277566242115711e+01
   &ECORR [&Type "Double"]      -2.3812103336286476e+00
   &ECNL [&Type "Double"]       0.0000000000000000e+00
   &EXC [&Type "Double"]      -5.6658776575744355e+01
   &EEMBED [&Type "Double"]       0.0000000000000000e+00
   &FINALEN [&Type "Double"]      -5.2942059857764536e+02  "No Van der Waals correction"
$End
$Mulliken_Population_Analysis
   &GeometryIndex 1
   &ListStatus       OUT
   &NATOMS [&Type "Integer"] 12
   &ATNO [&Type "ArrayOfIntegers", &Dim (12,1)] 
                                                         0

0                                                        6
1                                                        6
2                                                        6
3                                                        6
4                                                        6
5                                                        6
6                                                       53
7                                                        1
8                                                        1
9                                                        1
10                                                       1
11                                                       1
   &ATOMICCHARGES [&Type "ArrayOfDoubles", &Dim (12,1)] 
                                                         0

0                                     -1.3108664266700298e-01
1                                     -7.2576074410470426e-02
2                                     -2.2508596040116835e-01
3                                      1.6999281075500683e-01
4                                     -2.2510241871613168e-01
5                                     -7.2569621855102184e-02
6                                     -6.2274181719324417e-02
7                                      1.1629537755832375e-01
8                                      1.1715108791154538e-01
9                                      1.3405332487836641e-01
10                                     1.3405170693544743e-01
11                                     1.1715059173040043e-01
$End
$Loewdin_Population_Analysis
   &GeometryIndex 1
   &ListStatus       OUT
   &NATOMS [&Type "Integer"] 12
   &ATNO [&Type "ArrayOfIntegers", &Dim (12,1)] 
                                                         0

0                                                        6
1                                                        6
2                                                        6
3                                                        6
4                                                        6
5                                                        6
6                                                       53
7                                                        1
8                                                        1
9                                                        1
10                                                       1
11                                                       1
   &ATOMICCHARGES [&Type "ArrayOfDoubles", &Dim (12,1)] 
                                                         0

0                                     -1.3853181866028397e-01
1                                     -1.3141218409322519e-01
2                                     -1.5140383459253215e-01
3                                     -3.5312465162807793e-01
4                                     -1.5139589156979660e-01
5                                     -1.3141270344260647e-01
6                                      3.2169950658561675e-01
7                                      1.4517910002523238e-01
8                                      1.4680612977151120e-01
9                                      1.4839428113738007e-01
10                                     1.4839541470141882e-01
11                                     1.4680665176521535e-01
$End
$Mayer_Population_Analysis
   &GeometryIndex 1
   &ListStatus       OUT
   &NATOMS [&Type "Integer"] 12 "Total number of atoms"
   &BONDTHRESH [&Type "Double"]       1.0000000000000001e-01  "The threshold for printing"
   &NBONDORDERSPRINT [&Type "Integer"] 12 "The number of bond orders larger than threshold"
   &BONDORDERS [&Type "ArrayOfDoubles", &Dim (12,1)] "The bond orders"
                                                         0

0                                      1.3935503759191923e+00
1                                      1.3935481754422072e+00
2                                      9.6652938519961984e-01
3                                      1.3799456707740241e+00
4                                      9.6424933181553463e-01
5                                      1.3611130990258988e+00
6                                      9.6799046936067723e-01
7                                      1.3611219029842976e+00
8                                      1.0185573259795375e+00
9                                      1.3799487675521445e+00
10                                     9.6798436262380250e-01
11                                     9.6425406947644454e-01
   &COMPONENTS [&Type "ArrayOfIntegers", &Dim (12,4)] "The indices and atomic numbers of the bonding atoms"
                                                         0                           1                           2                           3

0                                                        0                           6                           1                           6
1                                                        0                           6                           5                           6
2                                                        0                           6                           7                           1
3                                                        1                           6                           2                           6
4                                                        1                           6                           8                           1
5                                                        2                           6                           3                           6
6                                                        2                           6                           9                           1
7                                                        3                           6                           4                           6
8                                                        3                           6                           6                          53
9                                                        4                           6                           5                           6
10                                                       4                           6                          10                           1
11                                                       5                           6                          11                           1
   &ATNO [&Type "ArrayOfIntegers", &Dim (12,1)] "Atomic number of the elements"
                                                         0

0                                                        6
1                                                        6
2                                                        6
3                                                        6
4                                                        6
5                                                        6
6                                                       53
7                                                        1
8                                                        1
9                                                        1
10                                                       1
11                                                       1
   &NA [&Type "ArrayOfDoubles", &Dim (12,1)] "Mulliken gross atomic population"
                                                         0

0                                      6.1310866426669737e+00
1                                      6.0725760744104464e+00
2                                      6.2250859604011417e+00
3                                      5.8300071892449949e+00
4                                      6.2251024187161308e+00
5                                      6.0725696218550951e+00
6                                      2.5062274181719349e+01
7                                      8.8370462244167658e-01
8                                      8.8284891208845517e-01
9                                      8.6594667512163348e-01
10                                     8.6594829306455234e-01
11                                     8.8284940826959857e-01
   &ZA [&Type "ArrayOfDoubles", &Dim (12,1)] "Total nuclear charge"
                                                         0

0                                      6.0000000000000000e+00
1                                      6.0000000000000000e+00
2                                      6.0000000000000000e+00
3                                      6.0000000000000000e+00
4                                      6.0000000000000000e+00
5                                      6.0000000000000000e+00
6                                      2.5000000000000000e+01
7                                      1.0000000000000000e+00
8                                      1.0000000000000000e+00
9                                      1.0000000000000000e+00
10                                     1.0000000000000000e+00
11                                     1.0000000000000000e+00
   &QA [&Type "ArrayOfDoubles", &Dim (12,1)] "Mulliken gross atomic charge"
                                                         0

0                                     -1.3108664266697367e-01
1                                     -7.2576074410446445e-02
2                                     -2.2508596040114170e-01
3                                      1.6999281075500505e-01
4                                     -2.2510241871613079e-01
5                                     -7.2569621855095079e-02
6                                     -6.2274181719349286e-02
7                                      1.1629537755832342e-01
8                                      1.1715108791154483e-01
9                                      1.3405332487836652e-01
10                                     1.3405170693544766e-01
11                                     1.1715059173040143e-01
   &VA [&Type "ArrayOfDoubles", &Dim (12,1)] "Mayer's total valence"
                                                         0

0                                      3.9107952906277728e+00
1                                      3.8638240090337739e+00
2                                      3.8790789691864642e+00
3                                      3.8266443287876277e+00
4                                      3.8790869654455591e+00
5                                      3.8638235919406099e+00
6                                      1.1752383034262017e+00
7                                      9.7646259656765577e-01
8                                      9.7462695846656944e-01
9                                      9.6896018749013613e-01
10                                     9.6896149450301117e-01
11                                     9.7462680860673445e-01
   &BVA [&Type "ArrayOfDoubles", &Dim (12,1)] "Mayer's bonded valence"
                                                         0

0                                      3.9107952906280112e+00
1                                      3.8638240090336504e+00
2                                      3.8790789691865184e+00
3                                      3.8266443287877929e+00
4                                      3.8790869654456896e+00
5                                      3.8638235919407231e+00
6                                      1.1752383034262142e+00
7                                      9.7646259656769541e-01
8                                      9.7462695846654479e-01
9                                      9.6896018749012258e-01
10                                     9.6896149450300373e-01
11                                     9.7462680860672535e-01
   &FA [&Type "ArrayOfDoubles", &Dim (12,1)] "Mayer's free valence"
                                                         0

0                                      0.0000000000000000e+00
1                                      0.0000000000000000e+00
2                                      0.0000000000000000e+00
3                                      0.0000000000000000e+00
4                                      0.0000000000000000e+00
5                                      0.0000000000000000e+00
6                                      0.0000000000000000e+00
7                                      0.0000000000000000e+00
8                                      0.0000000000000000e+00
9                                      0.0000000000000000e+00
10                                     0.0000000000000000e+00
11                                     0.0000000000000000e+00
$End
$VdW_Correction
   &GeometryIndex 1
   &ListStatus       OUT
   &VDW [&Type "Double"]      -4.2914515605598554e-03
$End
$Calculation_Info
   &GeometryIndex 1
   &ListStatus       OUT
   &MULT [&Type "Integer"] 1
   &CHARGE [&Type "Integer"] 0
   &NUMOFATOMS [&Type "Integer"] 12
   &NUMOFELECTRONS [&Type "Integer"] 66
   &NUMOFFCELECTRONS [&Type "Integer"] 1
   &NUMOFCORRELECTRONS [&Type "Integer"] 0
   &NUMOFBASISFUNCTS [&Type "Integer"] 266
   &NUMOFAUXCBASISFUNCTS [&Type "Integer"] 0
   &NUMOFAUXJBASISFUNCTS [&Type "Integer"] 293
   &NUMOFAUXJKBASISFUNCTS [&Type "Integer"] 0
   &NUMOFCABSBASISFUNCTS [&Type "Integer"] 0
   &TOTALENERGY [&Type "Double"]      -5.2942237450440598e+02  "Hartrees"
$End
$SCF_Dipole_Moment
   &GeometryIndex 1
   &ListStatus       OUT
   &METHOD [&Type "String"] "SCF"
   &LEVEL [&Type "String"] "Relaxed density"
   &MULT [&Type "Integer"] 1
   &STATE [&Type "Integer"] -1
   &IRREP [&Type "Integer"] 0
   &NATOMS [&Type "Integer"] 12
   &DODIPOLEATOM [&Type "Boolean"] false
   &DIPOLEELECCONTRIB [&Type "ArrayOfDoubles", &Dim (3,1)] "Electronic contribution"
                                                         0

0                                      1.0853339520615420e+02
1                                     -6.5233207010482897e-03
2                                     -3.8613155724096428e-03
   &DIPOLENUCCONTRIB [&Type "ArrayOfDoubles", &Dim (3,1)] "Nuclear contribution"
                                                         0

0                                     -1.0923735494682838e+02
1                                      6.5496231219706047e-03
2                                      3.8871770271246835e-03
   &DIPOLETOTAL [&Type "ArrayOfDoubles", &Dim (3,1)] "Total"
                                                         0

0                                     -7.0395974067417910e-01
1                                      2.6302420922314981e-05
2                                      2.5861454715040647e-05
   &DIPOLEMAGNITUDE [&Type "Double", &Units "a.u."]       7.0395974164059238e-01
$End
$THERMOCHEMISTRY_Energies
   &GeometryIndex 1
   &ListStatus       OUT
   &TEMPERATURE [&Type "Double"]       2.9814999999999998e+02
   &PRESSURE [&Type "Double"]       1.0000000000000000e+00
   &TOTALMASS [&Type "Double"]       2.0400600000000000e+02
   &SPINDEGENERACY [&Type "Integer"] 1
   &ELENERGY [&Type "Double"]      -5.2942237450440598e+02
   &TRANSENERGY [&Type "Double"]       1.4162714244859817e-03
   &ROTENERGY [&Type "Double"]       1.4162714244859817e-03
   &VIBENERGY [&Type "Double"]       3.0773116986325265e-03
   &NUMOFFREQS [&Type "Integer"] 36
   &FREQSCALINGFACTOR [&Type "Double"]       1.0000000000000000e+00
   &FREQ [&Type "ArrayOfDoubles", &Dim (36,1)] "In cm^-1"
                                                         0

0                                      0.0000000000000000e+00
1                                      0.0000000000000000e+00
2                                      0.0000000000000000e+00
3                                      0.0000000000000000e+00
4                                      0.0000000000000000e+00
5                                      0.0000000000000000e+00
6                                      1.5348599014334107e+02
7                                      2.2156676116021362e+02
8                                      2.6260863556061025e+02
9                                      4.0667916759250511e+02
10                                     4.5824570339298651e+02
11                                     6.2600247550596384e+02
12                                     6.6595509055243906e+02
13                                     7.0085937696299300e+02
14                                     7.3465353509288843e+02
15                                     8.3450782643920934e+02
16                                     9.0332403700311613e+02
17                                     9.5154320570057769e+02
18                                     9.7663724782818758e+02
19                                     1.0185149986854271e+03
20                                     1.0313954116290047e+03
21                                     1.0726925938100187e+03
22                                     1.0947029575789447e+03
23                                     1.1826482349967719e+03
24                                     1.2016568260715094e+03
25                                     1.3251918058690258e+03
26                                     1.3419503667450444e+03
27                                     1.4661362913930379e+03
28                                     1.4961874084290739e+03
29                                     1.6037345109746802e+03
30                                     1.6144270890200903e+03
31                                     3.1611967615701728e+03
32                                     3.1690155970395317e+03
33                                     3.1828284314254647e+03
34                                     3.1920759654690228e+03
35                                     3.1945751678167680e+03
   &ZPE [&Type "Double"]       8.9406687417091624e-02
   &INNERENERGYU [&Type "Double"]      -5.2932705796244136e+02
   &ENTHALPYH [&Type "Double"]      -5.2932611375339911e+02
   &QEL [&Type "Double"]       0.0000000000000000e+00
   &QROT [&Type "Double"]       1.3842832232460908e-02
   &QVIB [&Type "Double"]       4.8717673418668620e-03
   &QTRANS [&Type "Double"]       1.9881014213947872e-02
   &ENTROPYS [&Type "Double"]       3.8595613788275640e-02
   &FREEENERGYG [&Type "Double"]      -5.2936470936718740e+02
   &ISLINEAR [&Type "Boolean"] false
$End
$Hessian
   &GeometryIndex 1
   &ListStatus       OUT
   &HESSIAN [&Type "ArrayOfDoubles", &Dim (36,36)] "The Hessian"
                                                         0                           1                           2                           3                           4                           5                           6                           7

0                                      7.3896552051464903e-01         1.1461376690433123e-07        -1.8853580423647676e-05        -1.7847575606460817e-01         1.1831283189519479e-01         4.2482748647363036e-06        -2.9842665252076486e-02         2.8889264492953162e-02
1                                      1.1461376690433123e-07         6.5706569062200249e-01        -1.3957487269342460e-06         5.9566141830621998e-02        -2.8087659985141378e-01        -2.4881874339770620e-06         7.2096724390502576e-02         3.1531885146778030e-02
2                                     -1.8853580423647676e-05        -1.3957487269342460e-06         1.2742830629906760e-01         4.6998038860438850e-06        -4.9922934172317607e-06        -6.0019208383247188e-02        -6.6403421975888355e-07        -8.3266799740528371e-07
3                                     -1.7847575606460817e-01         5.9566141830621998e-02         4.6998038860438850e-06         6.6908922178381813e-01         3.0091181908236290e-02        -1.2589770530324693e-05        -3.2665502825787068e-01         3.5415902959123037e-02
4                                      1.1831283189519479e-01        -2.8087659985141378e-01        -4.9922934172317607e-06         3.0091181908236290e-02         7.1523731209325714e-01        -1.3827859120963498e-06        -2.9802911044955811e-02        -1.2519099971207051e-01
5                                      4.2482748647363036e-06        -2.4881874339770620e-06        -6.0019208383247188e-02        -1.2589770530324693e-05        -1.3827859120963498e-06         1.2888233624020401e-01         5.2326183945974125e-06        -1.9429062766919481e-08
6                                     -2.9842665252076486e-02         7.2096724390502576e-02        -6.6403421975888355e-07        -3.2665502825787068e-01        -2.9802911044955811e-02         5.2326183945974125e-06         6.6089469085125685e-01        -4.6794150524440539e-02
7                                      2.8889264492953162e-02         3.1531885146778030e-02        -8.3266799740528371e-07         3.5415902959123037e-02        -1.2519099971207051e-01        -1.9429062766919481e-08        -4.6794150524440539e-02         7.1548296813058421e-01
8                                      9.6060992274608034e-07        -4.2510978919538086e-07         6.9604005198131130e-03         3.4180971949208605e-06         4.3287365504254684e-08        -5.7951027615105954e-02        -6.5062770800815487e-06         3.4428020676440460e-06
9                                      1.5953544508597976e-03        -1.6936840358136924e-06        -3.0528992336707553e-07        -3.2808134990494051e-02        -2.4857829140742249e-02         4.3742591476897804e-07        -1.4461306096184648e-01        -1.0987748935847580e-01
10                                    -1.9261197656611665e-06        -6.7099113298927690e-02        -1.1434708787074196e-06        -7.9284819681208679e-02         2.9479686011156792e-02         2.5504046172766036e-06        -6.0634717131306609e-02        -2.8141682143534102e-01
11                                    -1.5730357148258315e-07        -3.9590899060749657e-07        -6.4674748781467020e-03         7.5801178802959213e-07         8.9356677752244175e-07         8.0822595720541294e-03        -1.6140733796606923e-06        -2.0641547974383987e-06
12                                    -2.9848254728594488e-02        -7.2094468475860096e-02         8.0155213307711471e-07        -4.5560933861978500e-02         2.7491248310618523e-02         1.1150495039215537e-06         5.6079123133817625e-02         1.9445357576780044e-02
13                                    -2.8886459814590440e-02         3.1536097758343977e-02         1.5031097969062478e-06         2.7627059495168291e-02        -1.5789562290385341e-02        -1.6416752302906941e-06        -1.9449926749982766e-02        -5.4570690476244556e-02
14                                     7.0249292799144435e-07         1.7740039783525390e-06         6.9605219328843764e-03         1.2791106417132129e-07        -6.3051077664682682e-07        -6.8370101858318058e-03         4.1418001328373276e-07        -5.1989943103116069e-07
15                                    -1.7848454495106308e-01        -5.9572378181864082e-02         3.5783581562889887e-06         6.0299021883803094e-02        -2.0939298780502054e-02        -5.4220359284245281e-07        -4.5563309763626825e-02        -2.7626071358521288e-02
16                                    -1.1831880480114029e-01        -2.8087081859660584e-01         4.4901048372462004e-06         2.0933497478194361e-02        -6.0212434535098482e-02         7.6407832656929546e-07        -2.7489716933504958e-02        -1.5786913224087970e-02
17                                     4.2102802258993498e-06         4.1243226636488020e-06        -6.0018999000619390e-02        -1.2695072501747845e-06        -8.0806755600897049e-07         8.0415609339119822e-03         2.6509000876725030e-06         1.6993529019423416e-06
18                                    -1.8123102767901983e-03         4.8835647152056138e-07         6.6512649581454443e-07         3.6150379813094102e-03        -5.3457834419117986e-03        -9.0287570117023088e-07        -3.1552983569688962e-02        -1.3741265158378688e-04
19                                     6.4273973406032699e-08         8.1079545084705002e-04         2.4818802361760177e-08         4.4122181641968175e-04        -2.2843950288724151e-03        -8.0541716507338493e-08        -1.7348242627031493e-02         1.6863243942915242e-03
20                                     1.9574291804174856e-07         1.6517135107352296e-09        -9.0999987236359725e-04        -1.2731729093151757e-07         5.9273489205519394e-08         3.8133645974859865e-03         7.9648103596351654e-07        -4.9415945586940527e-07
21                                    -3.3425739606718080e-01         6.0358271062338486e-06         9.7478489035284437e-06        -1.2088946201227819e-02        -2.5525888745258699e-03        -4.1678153294982749e-07         6.5255832348588144e-04         3.4640627218169989e-03
22                                     6.0846788351648715e-06        -5.8536145610671012e-02        -1.4509920270693270e-08         2.8395620387863179e-02         4.5695055627027375e-03        -8.1683618576619533e-07         2.5740598754575412e-03        -4.5596192169591416e-03
23                                     8.6534398608821876e-06        -2.4875606546844880e-07        -3.3746021090137093e-02         5.4659480965375284e-07         3.8063836468734992e-07         1.7494391992498651e-03         1.1149947137409337e-07        -2.0532735553688399e-07
24                                     1.1675798134968876e-02         1.4607718128422962e-02         8.9705941347710010e-08        -1.2494819473181215e-01        -1.1821446386350465e-01         3.1164430869509784e-06        -1.2044629526158467e-02        -2.8895599548622686e-02
25                                    -1.6460447582980261e-02        -1.8658674735472492e-02         1.3296512207017954e-06        -1.1795132780063373e-01        -2.6577651285084186e-01         4.3314015570721428e-06         2.1871581279281835e-03         2.7576131811863826e-03
26                                    -4.4608747764831706e-07        -6.3044428946577947e-07         2.4324243416059769e-03         4.4379136554749360e-06         5.9865358967215518e-06        -3.4778212760825156e-02        -5.4171458064685629e-07         1.7512831662369073e-07
27                                    -5.5958696847488833e-03        -1.3622114103221577e-03         1.9371616776781041e-07        -1.0945679682430719e-02         2.8166978806652289e-02         1.7228512191628355e-07        -1.2557011167531534e-01         1.2394900843972426e-01
28                                    -5.7220441272989604e-04         1.8777265442117708e-03         8.9952780158323806e-08        -1.7352971955381657e-03         3.8738190647393989e-03        -2.4980677014760684e-08         1.2104907244858565e-01        -2.6713173514826721e-01
29                                     3.0483730885285211e-07        -1.3759261155564324e-07         7.4738602631932429e-03         2.8975504506025591e-08        -2.3643366398415340e-07         2.5193781606705021e-03         7.6332428465664669e-07        -1.0852125876542472e-06
30                                    -5.5958712915498672e-03         1.3625991114218083e-03         5.7388003935876465e-07        -8.1625132157934393e-04         1.0002339856455033e-03        -3.3033757652118072e-07        -9.0658957960086228e-04         3.4125421891423426e-03
31                                     5.7252581442343749e-04         1.8777122081584927e-03         6.0520540718193968e-07         9.1441433587558321e-04         3.8807549708981255e-04        -6.2572269968534967e-07         4.2485704247203051e-03        -3.1814617925388904e-03
32                                     4.2912970635103928e-07         7.4854991035705044e-08         7.4738296836562449e-03         2.7311167546301466e-09        -7.6407986459197664e-08        -5.8274593771785288e-04        -2.3198293331823747e-07        -1.3618431085972122e-07
33                                     1.1675995216134296e-02        -1.4609069715464867e-02        -3.1713494895487256e-07        -7.0435653692909163e-04        -3.3755175753005491e-03         2.7739891020264284e-07        -8.7799372237616180e-04        -9.6020079670673946e-04
34                                     1.6458956171292685e-02        -1.8658555637251002e-02        -3.8116173048894440e-07        -4.3876777190262652e-03        -3.4178939602634451e-03        -9.1656125671246810e-08        -9.2113439716106770e-04         3.7945015266916267e-04
35                                    -4.5778847022118374e-07         4.6392438713835666e-07         2.4323601842933780e-03         1.4902918859022169e-07         2.8912796164401578e-07         7.0798661791514807e-03         4.2900179912265699e-07         1.9631025157020876e-07
                                                         8                           9                          10                          11                          12                          13                          14                          15

0                                      9.6060992274608034e-07         1.5953544508597976e-03        -1.9261197656611665e-06        -1.5730357148258315e-07        -2.9848254728594488e-02        -2.8886459814590440e-02         7.0249292799144435e-07        -1.7848454495106308e-01
1                                     -4.2510978919538086e-07        -1.6936840358136924e-06        -6.7099113298927690e-02        -3.9590899060749657e-07        -7.2094468475860096e-02         3.1536097758343977e-02         1.7740039783525390e-06        -5.9572378181864082e-02
2                                      6.9604005198131130e-03        -3.0528992336707553e-07        -1.1434708787074196e-06        -6.4674748781467020e-03         8.0155213307711471e-07         1.5031097969062478e-06         6.9605219328843764e-03         3.5783581562889887e-06
3                                      3.4180971949208605e-06        -3.2808134990494051e-02        -7.9284819681208679e-02         7.5801178802959213e-07        -4.5560933861978500e-02         2.7627059495168291e-02         1.2791106417132129e-07         6.0299021883803094e-02
4                                      4.3287365504254684e-08        -2.4857829140742249e-02         2.9479686011156792e-02         8.9356677752244175e-07         2.7491248310618523e-02        -1.5789562290385341e-02        -6.3051077664682682e-07        -2.0939298780502054e-02
5                                     -5.7951027615105954e-02         4.3742591476897804e-07         2.5504046172766036e-06         8.0822595720541294e-03         1.1150495039215537e-06        -1.6416752302906941e-06        -6.8370101858318058e-03        -5.4220359284245281e-07
6                                     -6.5062770800815487e-06        -1.4461306096184648e-01        -6.0634717131306609e-02        -1.6140733796606923e-06         5.6079123133817625e-02        -1.9449926749982766e-02         4.1418001328373276e-07        -4.5563309763626825e-02
7                                      3.4428020676440460e-06        -1.0987748935847580e-01        -2.8141682143534102e-01        -2.0641547974383987e-06         1.9445357576780044e-02        -5.4570690476244556e-02        -5.1989943103116069e-07        -2.7626071358521288e-02
8                                      1.2405267818609582e-01        -6.9538747956098499e-07        -2.2052283343070979e-06        -5.8264513363581620e-02        -4.6893528702444714e-07         6.1375261339593698e-07         8.6300369083659404e-03         7.8280723869186577e-07
9                                     -6.9538747956098499e-07         4.3336040820305444e-01         3.5527374403936714e-06        -2.8990879238607543e-06        -1.4460566702960148e-01         1.0986678519367055e-01        -1.9090090324292102e-06        -3.2802867406137852e-02
10                                    -2.2052283343070979e-06         3.5527374403936714e-06         6.3137374126008317e-01        -3.9894052585887401e-06         6.0625748886491471e-02        -2.8142124150796993e-01         5.7893850079678439e-06         7.9288555143429099e-02
11                                    -5.8264513363581620e-02        -2.8990879238607543e-06        -3.9894052585887401e-06         1.0538672153871675e-01        -1.8325313740078333e-06         4.5052618695192612e-06        -5.8263008997318053e-02        -3.7999815074038644e-07
12                                    -4.6893528702444714e-07        -1.4460566702960148e-01         6.0625748886491471e-02        -1.8325313740078333e-06         6.6090159401368498e-01         4.6800947753669303e-02        -6.1914833217327757e-06        -3.2666218236329819e-01
13                                     6.1375261339593698e-07         1.0986678519367055e-01        -2.8142124150796993e-01         4.5052618695192612e-06         4.6800947753669303e-02         7.1547235364076844e-01        -2.7150029153710605e-06        -3.5405782617411174e-02
14                                     8.6300369083659404e-03        -1.9090090324292102e-06         5.7893850079678439e-06        -5.8263008997318053e-02        -6.1914833217327757e-06        -2.7150029153710605e-06         1.2405016618393587e-01         6.9089390635697889e-06
15                                     7.8280723869186577e-07        -3.2802867406137852e-02         7.9288555143429099e-02        -3.7999815074038644e-07        -3.2666218236329819e-01        -3.5405782617411174e-02         6.9089390635697889e-06         6.6909237711234582e-01
16                                     6.8134551258475880e-07         2.4861518250998416e-02         2.9474075766724308e-02        -1.2998727291366901e-06         2.9813392248255070e-02        -1.2518782042343263e-01        -3.5064717493788242e-07        -3.0088297660782005e-02
17                                    -6.8372419351691721e-03         1.6573548535368415e-07        -5.1415598251498193e-07         8.0815233054917293e-03         6.7044077110848281e-06        -3.9277419541105383e-07        -5.7949006271670003e-02        -1.3976845582590418e-05
18                                     1.1597474116672172e-06        -8.9732013921355450e-02         4.8881475003367199e-06         4.4226563416903589e-06        -3.1543264178555651e-02         1.3893037956104817e-04         1.1577824288668418e-06         3.6150844134036370e-03
19                                     7.3669172651737887e-07         6.2851289632493965e-06        -2.2956079424503374e-02         9.3153507468411470e-08         1.7349711482282749e-02         1.6859165457226710e-03        -8.5215335467860146e-07        -4.4214709796220730e-04
20                                     2.2018738601339519e-03         4.4415124248111365e-06         2.3273770236974818e-08        -1.4491984740559327e-02         5.9785198466472321e-07         5.0240235643762097e-07         2.2003010105843008e-03        -8.5973256975018117e-08
21                                    -3.5528766099488544e-09         1.1041354153904625e-03        -4.7105958703976234e-08         2.6398665002494379e-07         6.5220484165174654e-04        -3.4643239051634373e-03        -7.5843325464178410e-09        -1.2090089731282536e-02
22                                    -1.6760176956694232e-07        -2.9127859122627699e-08        -1.7117888319735995e-03         6.1393897046254958e-08        -2.5744814019037824e-03        -4.5593058731661466e-03        -1.9380253520603757e-09        -2.8394799433899214e-02
23                                     7.4299910419489490e-03        -7.9989227171846963e-08        -1.9682899527427348e-07        -1.1215738441008689e-03         1.6953208685455858e-07         3.0785885809133598e-07         7.4298607405922949e-03         4.6782995844482786e-07
24                                     1.6742190646539583e-07        -4.5078960486934425e-03         6.7346779131571485e-04         6.5743796362314458e-07        -8.7794615228736935e-04         9.6029203117555450e-04        -2.7582204823919152e-07        -7.0397856105322088e-04
25                                    -3.7307487318614299e-07         1.0303917475201459e-04         1.9033399042191874e-03         5.5833710925114850e-07         9.2120216935719893e-04         3.7939808774355328e-04        -4.2902048074678735e-07         4.3875612356550761e-03
26                                     2.3269786022857416e-03         1.0896574341097307e-07         3.8642440986563214e-07         7.5026899335801358e-03         3.6126731454289449e-07        -6.2247084476709218e-08        -6.6410316727810931e-04         1.3055527347870795e-07
27                                     7.4533724955765441e-07         8.7582720102792298e-03        -1.5614998506821989e-02        -3.6081544229544584e-09        -9.0688193633763807e-04        -3.4124011827323373e-03        -6.5212507308000848e-08        -8.1630689709475562e-04
28                                    -1.9463612478939419e-06         1.5452025086173850e-02        -1.9764122161909359e-02         1.3315115309908581e-07        -4.2487830445533201e-03        -3.1810399463873922e-03        -2.4810956940093149e-07        -9.1428943186613106e-04
29                                    -3.3598448396015557e-02         1.7085141394749096e-07        -5.9620508029101734e-07         1.0262561822583331e-03        -6.8315287058753827e-08         2.1450476043425085e-07         5.7132407600792908e-03        -7.0324604682484736e-08
30                                    -3.6299960773244751e-07         8.7594408296559831e-03         1.5613286338305943e-02         3.8119571592845131e-07        -1.2558402034504099e-01        -1.2395637937280124e-01        -9.9262928553521245e-07        -1.0946943664330681e-02
