*************************************************
******************* ORCA 6.0.0 ******************
*************************************************
$Calculation_Status
   &GeometryIndex 1
   &ListStatus       OUT
   &VERSION [&Type "String"] "6.0.0"
   &PROGNAME [&Type "String"] "LeanSCF"
   &STATUS [&Type "String"] "NORMAL TERMINATION"
$End
$Geometry
   &GeometryIndex 1
   &ListStatus       OUT
   &NATOMS [&Type "Integer"] 12
   &NCORELESSECP [&Type "Integer"] 0
   &NGHOSTATOMS [&Type "Integer"] 0
   &CartesianCoordinates [&Type "Coordinates", &Dim(12,4), &Units "Bohr"] 
              C     -3.591983028155   -0.000000089006    0.000026164203
              C     -2.274466433403   -2.280279413349    0.000030764741
              C      0.359047231664   -2.301242167273    0.000001217173
              C      1.602958632563   -0.000000283648   -0.000024840828
              C      0.359047372638    2.301241675378   -0.000050810200
              C     -2.274466302633    2.280279136126   -0.000029990521
              F      4.175697339458   -0.000000360749   -0.000067998771
              H     -5.641953137572   -0.000000113573    0.000045819245
              H     -3.293264311399   -4.060134166213    0.000063556403
              H      1.427006858867   -4.050675681188    0.000010473240
              H      1.427007170860    4.050675096318   -0.000083675939
              H     -3.293263969358    4.060134016169   -0.000029766210
$End
$SCF_Energy
   &GeometryIndex 1
   &ListStatus       OUT
   &SCF_ENERGY [&Type "Double"]      -3.3144378112016739e+02
$End
$DFT_Energy
   &GeometryIndex 1
   &ListStatus       OUT
   &NALPHAEL [&Type "Integer"] 25
   &NBETAEL [&Type "Integer"] 25
   &NTOTALEL [&Type "Integer"] 50
   &EEXCHANGE [&Type "Double"]      -4.3120750687888105e+01
   &ECORR [&Type "Double"]      -1.6263779977222583e+00
   &ECNL [&Type "Double"]       0.0000000000000000e+00
   &EXC [&Type "Double"]      -4.4747128685610363e+01
   &EEMBED [&Type "Double"]       0.0000000000000000e+00
   &FINALEN [&Type "Double"]      -3.3144378112016739e+02  "No Van der Waals correction"
$End
$Mulliken_Population_Analysis
   &GeometryIndex 1
   &ListStatus       OUT
   &NATOMS [&Type "Integer"] 12
   &ATNO [&Type "ArrayOfIntegers", &Dim (12,1)] 
                                                         0

0                                                        6
1                                                        6
2                                                        6
3                                                        6
4                                                        6
5                                                        6
6                                                        9
7                                                        1
8                                                        1
9                                                        1
10                                                       1
11                                                       1
   &ATOMICCHARGES [&Type "ArrayOfDoubles", &Dim (12,1)] 
                                                         0

0                                     -1.3374683008303379e-01
1                                     -8.7774231801412306e-02
2                                     -1.9268929857835282e-01
3                                      3.0836523920257619e-01
4                                     -1.9266905597642836e-01
5                                     -8.7794581574829778e-02
6                                     -2.1122717353779308e-01
7                                      1.1332837088500036e-01
8                                      1.1774027695119016e-01
9                                      1.2435911140551914e-01
10                                     1.2436511273782125e-01
11                                     1.1774306036972959e-01
$End
$Loewdin_Population_Analysis
   &GeometryIndex 1
   &ListStatus       OUT
   &NATOMS [&Type "Integer"] 12
   &ATNO [&Type "ArrayOfIntegers", &Dim (12,1)] 
                                                         0

0                                                        6
1                                                        6
2                                                        6
3                                                        6
4                                                        6
5                                                        6
6                                                        9
7                                                        1
8                                                        1
9                                                        1
10                                                       1
11                                                       1
   &ATOMICCHARGES [&Type "ArrayOfDoubles", &Dim (12,1)] 
                                                         0

0                                     -1.4961675589378842e-01
1                                     -1.3224549176046274e-01
2                                     -1.2083224295660244e-01
3                                     -2.4869351630721503e-01
4                                     -1.2083217989758221e-01
5                                     -1.3224553007814333e-01
6                                      1.6671343585332998e-01
7                                      1.4400731534697941e-01
8                                      1.4541361240692818e-01
9                                      1.5145885851525354e-01
10                                     1.5145888314969769e-01
11                                     1.4541361162159816e-01
$End
$Mayer_Population_Analysis
   &GeometryIndex 1
   &ListStatus       OUT
   &NATOMS [&Type "Integer"] 12 "Total number of atoms"
   &BONDTHRESH [&Type "Double"]       1.0000000000000001e-01  "The threshold for printing"
   &NBONDORDERSPRINT [&Type "Integer"] 12 "The number of bond orders larger than threshold"
   &BONDORDERS [&Type "ArrayOfDoubles", &Dim (12,1)] "The bond orders"
                                                         0

0                                      1.3966992474720441e+00
1                                      1.3966925581752068e+00
2                                      9.6716596497785834e-01
3                                      1.3526397578647675e+00
4                                      9.6117972852072642e-01
5                                      1.3978583424740718e+00
6                                      9.7128090012813351e-01
7                                      1.3978941187665344e+00
8                                      9.8931207518469333e-01
9                                      1.3526626861182043e+00
10                                     9.7126372804670813e-01
11                                     9.6117026361457536e-01
   &COMPONENTS [&Type "ArrayOfIntegers", &Dim (12,4)] "The indices and atomic numbers of the bonding atoms"
                                                         0                           1                           2                           3

0                                                        0                           6                           1                           6
1                                                        0                           6                           5                           6
2                                                        0                           6                           7                           1
3                                                        1                           6                           2                           6
4                                                        1                           6                           8                           1
5                                                        2                           6                           3                           6
6                                                        2                           6                           9                           1
7                                                        3                           6                           4                           6
8                                                        3                           6                           6                           9
9                                                        4                           6                           5                           6
10                                                       4                           6                          10                           1
11                                                       5                           6                          11                           1
   &ATNO [&Type "ArrayOfIntegers", &Dim (12,1)] "Atomic number of the elements"
                                                         0

0                                                        6
1                                                        6
2                                                        6
3                                                        6
4                                                        6
5                                                        6
6                                                        9
7                                                        1
8                                                        1
9                                                        1
10                                                       1
11                                                       1
   &NA [&Type "ArrayOfDoubles", &Dim (12,1)] "Mulliken gross atomic population"
                                                         0

0                                      6.1337468300830320e+00
1                                      6.0877742318014088e+00
2                                      6.1926892985783661e+00
3                                      5.6916347607974087e+00
4                                      6.1926690559764372e+00
5                                      6.0877945815748271e+00
6                                      9.2112271735377664e+00
7                                      8.8667162911499975e-01
8                                      8.8225972304880951e-01
9                                      8.7564088859448197e-01
10                                     8.7563488726218019e-01
11                                     8.8225693963027108e-01
   &ZA [&Type "ArrayOfDoubles", &Dim (12,1)] "Total nuclear charge"
                                                         0

0                                      6.0000000000000000e+00
1                                      6.0000000000000000e+00
2                                      6.0000000000000000e+00
3                                      6.0000000000000000e+00
4                                      6.0000000000000000e+00
5                                      6.0000000000000000e+00
6                                      9.0000000000000000e+00
7                                      1.0000000000000000e+00
8                                      1.0000000000000000e+00
9                                      1.0000000000000000e+00
10                                     1.0000000000000000e+00
11                                     1.0000000000000000e+00
   &QA [&Type "ArrayOfDoubles", &Dim (12,1)] "Mulliken gross atomic charge"
                                                         0

0                                     -1.3374683008303201e-01
1                                     -8.7774231801408753e-02
2                                     -1.9268929857836614e-01
3                                      3.0836523920259129e-01
4                                     -1.9266905597643724e-01
5                                     -8.7794581574827113e-02
6                                     -2.1122717353776643e-01
7                                      1.1332837088500025e-01
8                                      1.1774027695119049e-01
9                                      1.2435911140551803e-01
10                                     1.2436511273781981e-01
11                                     1.1774306036972892e-01
   &VA [&Type "ArrayOfDoubles", &Dim (12,1)] "Mayer's total valence"
                                                         0

0                                      3.9103345963761882e+00
1                                      3.8383432072435868e+00
2                                      3.8626860146279109e+00
3                                      3.9097737442146094e+00
4                                      3.8627342955032860e+00
5                                      3.8383516502706216e+00
6                                      1.0724066690203200e+00
7                                      9.7735756408700192e-01
8                                      9.7460179160789162e-01
9                                      9.8132647900599634e-01
10                                     9.8132484933952446e-01
11                                     9.7460449120382719e-01
   &BVA [&Type "ArrayOfDoubles", &Dim (12,1)] "Mayer's bonded valence"
                                                         0

0                                      3.9103345963760332e+00
1                                      3.8383432072435872e+00
2                                      3.8626860146282036e+00
3                                      3.9097737442147014e+00
4                                      3.8627342955031017e+00
5                                      3.8383516502707176e+00
6                                      1.0724066690202387e+00
7                                      9.7735756408696006e-01
8                                      9.7460179160793825e-01
9                                      9.8132647900607783e-01
10                                     9.8132484933946018e-01
11                                     9.7460449120381087e-01
   &FA [&Type "ArrayOfDoubles", &Dim (12,1)] "Mayer's free valence"
                                                         0

0                                      0.0000000000000000e+00
1                                      0.0000000000000000e+00
2                                      0.0000000000000000e+00
3                                      0.0000000000000000e+00
4                                      0.0000000000000000e+00
5                                      0.0000000000000000e+00
6                                      0.0000000000000000e+00
7                                      0.0000000000000000e+00
8                                      0.0000000000000000e+00
9                                      0.0000000000000000e+00
10                                     0.0000000000000000e+00
11                                     0.0000000000000000e+00
$End
$VdW_Correction
   &GeometryIndex 1
   &ListStatus       OUT
   &VDW [&Type "Double"]      -3.4037612783324039e-03
$End
$Calculation_Info
   &GeometryIndex 1
   &ListStatus       OUT
   &MULT [&Type "Integer"] 1
   &CHARGE [&Type "Integer"] 0
   &NUMOFATOMS [&Type "Integer"] 12
   &NUMOFELECTRONS [&Type "Integer"] 50
   &NUMOFFCELECTRONS [&Type "Integer"] 1
   &NUMOFCORRELECTRONS [&Type "Integer"] 0
   &NUMOFBASISFUNCTS [&Type "Integer"] 247
   &NUMOFAUXCBASISFUNCTS [&Type "Integer"] 0
   &NUMOFAUXJBASISFUNCTS [&Type "Integer"] 270
   &NUMOFAUXJKBASISFUNCTS [&Type "Integer"] 0
   &NUMOFCABSBASISFUNCTS [&Type "Integer"] 0
   &TOTALENERGY [&Type "Double"]      -3.3144431331434572e+02  "Hartrees"
$End
$SCF_Dipole_Moment
   &GeometryIndex 1
   &ListStatus       OUT
   &METHOD [&Type "String"] "SCF"
   &LEVEL [&Type "String"] "Relaxed density"
   &MULT [&Type "Integer"] 1
   &STATE [&Type "Integer"] -1
   &IRREP [&Type "Integer"] 0
   &NATOMS [&Type "Integer"] 12
   &DODIPOLEATOM [&Type "Boolean"] false
   &DIPOLEELECCONTRIB [&Type "ArrayOfDoubles", &Dim (3,1)] "Electronic contribution"
                                                         0

0                                      6.1071346637871411e+00
1                                     -1.6951452077359347e-07
2                                     -6.6013531544265939e-05
   &DIPOLENUCCONTRIB [&Type "ArrayOfDoubles", &Dim (3,1)] "Nuclear contribution"
                                                         0

0                                     -6.7009549597267002e+00
1                                      1.9967380904262200e-07
2                                      7.4987897484296725e-05
   &DIPOLETOTAL [&Type "ArrayOfDoubles", &Dim (3,1)] "Total"
                                                         0

0                                     -5.9382029593955910e-01
1                                      3.0159288269028528e-08
2                                      8.9743659400307859e-06
   &DIPOLEMAGNITUDE [&Type "Double", &Units "a.u."]       5.9382029600737440e-01
$End
$THERMOCHEMISTRY_Energies
   &GeometryIndex 1
   &ListStatus       OUT
   &TEMPERATURE [&Type "Double"]       2.9814999999999998e+02
   &PRESSURE [&Type "Double"]       1.0000000000000000e+00
   &TOTALMASS [&Type "Double"]       9.6103999999999985e+01
   &SPINDEGENERACY [&Type "Integer"] 1
   &ELENERGY [&Type "Double"]      -3.3144431331434572e+02
   &TRANSENERGY [&Type "Double"]       1.4162714244859817e-03
   &ROTENERGY [&Type "Double"]       1.4162714244859817e-03
   &VIBENERGY [&Type "Double"]       2.3190702148982306e-03
   &NUMOFFREQS [&Type "Integer"] 36
   &FREQSCALINGFACTOR [&Type "Double"]       1.0000000000000000e+00
   &FREQ [&Type "ArrayOfDoubles", &Dim (36,1)] "In cm^-1"
                                                         0

0                                      0.0000000000000000e+00
1                                      0.0000000000000000e+00
2                                      0.0000000000000000e+00
3                                      0.0000000000000000e+00
4                                      0.0000000000000000e+00
5                                      0.0000000000000000e+00
6                                      2.4318072640145800e+02
7                                      4.1260230532497985e+02
8                                      4.2298069878766944e+02
9                                      5.0899675615583527e+02
10                                     5.2581789892999234e+02
11                                     6.2876722164001637e+02
12                                     6.9289661521947721e+02
13                                     7.5935893419302022e+02
14                                     8.1952939501236074e+02
15                                     8.2607684838076250e+02
16                                     8.9874674168165973e+02
17                                     9.5221122951520726e+02
18                                     9.6351028818233772e+02
19                                     1.0239884210111467e+03
20                                     1.0392177730405749e+03
21                                     1.0888045774626469e+03
22                                     1.1712896649883824e+03
23                                     1.1787399298431269e+03
24                                     1.2241625284043066e+03
25                                     1.3243842662876996e+03
26                                     1.3543818792939962e+03
27                                     1.4828554005084891e+03
28                                     1.5156197264214063e+03
29                                     1.6227081936058560e+03
30                                     1.6405738239990546e+03
31                                     3.1626346891358585e+03
32                                     3.1705027499684788e+03
33                                     3.1821628221386218e+03
34                                     3.1898135640229784e+03
35                                     3.1926031730309187e+03
   &ZPE [&Type "Double"]       9.1625894635704710e-02
   &INNERENERGYU [&Type "Double"]      -3.3134753580664614e+02
   &ENTHALPYH [&Type "Double"]      -3.3134659159760389e+02
   &QEL [&Type "Double"]       0.0000000000000000e+00
   &QROT [&Type "Double"]       1.2139059715095680e-02
   &QVIB [&Type "Double"]       3.3107255795978450e-03
   &QTRANS [&Type "Double"]       1.8814960558796563e-02
   &ENTROPYS [&Type "Double"]       3.4264745853490083e-02
   &FREEENERGYG [&Type "Double"]      -3.3138085634345737e+02
   &ISLINEAR [&Type "Boolean"] false
$End
$Hessian
   &GeometryIndex 1
   &ListStatus       OUT
   &HESSIAN [&Type "ArrayOfDoubles", &Dim (36,36)] "The Hessian"
                                                         0                           1                           2                           3                           4                           5                           6                           7

0                                      7.3753873575096029e-01         2.6299385820147125e-08        -7.4225762883352407e-06        -1.7681751778201207e-01         1.1526968794055348e-01         2.9119687697854303e-07        -3.0066508259590573e-02         2.8884974997207262e-02
1                                      2.6299385820147125e-08         6.4924146097514224e-01        -6.4187035997193013e-06         5.8456962816357982e-02        -2.7689308478613178e-01         1.0354036990820957e-06         6.9557049147192990e-02         3.1385185072199326e-02
2                                     -7.4225762883352407e-06        -6.4187035997193013e-06         1.2131000310672015e-01         5.9088334071819400e-07         1.0318993967220744e-06        -5.6234235786275011e-02        -6.5636861740587675e-07        -8.9121530394004433e-07
3                                     -1.7681751778201207e-01         5.8456962816357982e-02         5.9088334071819400e-07         6.7229583841198481e-01         3.4859808601258722e-02        -6.3300093879191280e-06        -3.3241669390473794e-01         3.0655730436923427e-02
4                                      1.1526968794055348e-01        -2.7689308478613178e-01         1.0318993967220744e-06         3.4859808601258722e-02         7.1257166418995199e-01        -6.9586198143643265e-06        -2.7293212884441302e-02        -1.2771078996609078e-01
5                                      2.9119687697854303e-07         1.0354036990820957e-06        -5.6234235786275011e-02        -6.3300093879191280e-06        -6.9586198143643265e-06         1.2790564632065785e-01         3.7047663955977048e-06         5.8027122760213931e-07
6                                     -3.0066508259590573e-02         6.9557049147192990e-02        -6.5636861740587675e-07        -3.3241669390473794e-01        -2.7293212884441302e-02         3.7047663955977048e-06         6.8940079566811641e-01        -3.7540319365632180e-02
7                                      2.8884974997207262e-02         3.1385185072199326e-02        -8.9121530394004433e-07         3.0655730436923427e-02        -1.2771078996609078e-01         5.8027122760213931e-07        -3.7540319365632180e-02         7.2813649626851218e-01
8                                      1.3604798180921582e-07        -7.9234979907116362e-07         3.8688147079165222e-03         2.5456935331300854e-06         1.1011770019030054e-06        -5.4155748570564238e-02        -5.2240082102364520e-06        -5.1689327825169267e-06
9                                      1.6655830901866411e-03        -3.2038313352872479e-09         4.5400843801940131e-07        -3.1100667425450611e-02        -2.8466088207053972e-02        -8.4457382328071169e-08        -1.4921183228435519e-01        -1.1027612740606089e-01
10                                    -1.1520085709345760e-09        -7.2073045751133200e-02         1.3134361406189846e-06        -8.1762083397314389e-02         3.7767156037477892e-02         2.0067199582388893e-07        -4.0704535408926733e-02        -3.0281014029794767e-01
11                                    -1.6214372941924936e-07         6.0085207169535500e-07        -2.7935569813136059e-03         1.2347540024990157e-06         1.2383552572168742e-07        -8.5323405372367614e-04         9.3188629383409607e-07         2.6804158901261584e-06
12                                    -3.0066505946294370e-02        -6.9557040763353672e-02         4.3951337714570271e-07        -4.3626551639995591e-02         2.8536360239236037e-02         6.6193104775978340e-07         5.6111460639818936e-02         2.0276023938963657e-02
13                                    -2.8884971039220768e-02         3.1385190254791667e-02         8.4850496874688382e-08         2.7112048832804901e-02        -1.6829499895352148e-02        -3.9668161453838627e-07        -2.0276017033178259e-02        -5.0462419620601412e-02
14                                     1.0081615532582952e-06         7.4260790695063395e-07         3.8689145499210438e-03        -4.5134487491307903e-07         2.5334304588496700e-07        -2.1009423321686534e-03        -4.1679000531015295e-07        -8.4380740750715775e-08
15                                    -1.7681754435648986e-01        -5.8456972503435983e-02         2.6304455404307750e-06         5.8362654658180003e-02        -2.1733046587982023e-02        -3.3901862474649211e-07        -4.3626556366663183e-02        -2.7112051887770494e-02
16                                    -1.1526971219482689e-01        -2.7689310802874745e-01         4.8427597891106828e-06         2.1733031634095505e-02        -6.0431342430448093e-02         9.5370458156798839e-07        -2.8536357190642736e-02        -1.6829504233353713e-02
17                                     3.4435040836391273e-06         4.0926410052268049e-06        -5.6234273229987662e-02        -6.6523950077713328e-07         4.8126946713592152e-07         4.5317718341111365e-03         1.1197763510083049e-06         8.4990251364491407e-07
18                                    -3.5131818651305971e-03         1.2980115100123313e-09         3.2924794733060620e-08         3.0138951592068967e-03        -5.6911759841387442e-03         2.2359209154173556e-07        -4.7167581310307426e-02        -4.5843195206176079e-03
19                                    -1.3195222237041288e-09         4.7592845310301850e-03        -1.7768700640928613e-07         3.9594804224897121e-03        -8.3329410003181933e-03         1.6950767319357621e-07        -4.4639193465431125e-02         6.6411507282120169e-03
20                                     5.8960772422586313e-08        -1.1505214868712469e-07        -1.4358205174292375e-03         5.2968735775581901e-08         1.2112842760837110e-07         7.7282906694236099e-03         1.0210435791117006e-06         6.1745046909948976e-08
21                                    -3.3426719697836332e-01         1.3317162270778108e-09         3.4375390471329787e-06        -1.2046895057710255e-02        -2.5447559680459655e-03        -1.1106977704656271e-07         6.9979032782510435e-04         3.2053937167003501e-03
22                                    -1.6207253844555560e-09        -5.7996215156485439e-02         3.4363444194000061e-07         2.8463722648944426e-02         4.2286840106507319e-03        -3.0775871593027961e-07         2.3587624485741569e-03        -4.4483291472772303e-03
23                                     2.7207924322398365e-06         3.5572542330409530e-07        -3.1598750395335280e-02        -1.3163670499296369e-07         4.1961094218144956e-08         3.7544919172858779e-04         4.0074577640002366e-08         1.1718667966669684e-08
24                                     1.1716897683989118e-02         1.4371272852924458e-02        -2.9049165628838129e-07        -1.2617513783260917e-01        -1.1852710823801303e-01         2.4752788772876589e-06        -1.1863651137099921e-02        -2.8902407500760414e-02
25                                    -1.6403418232925050e-02        -1.8473814705359776e-02         3.5084915597313371e-07        -1.1870875088457612e-01        -2.6578926024330185e-01         4.0106430825730284e-06         1.7352191011450815e-03         3.3192051320139419e-03
26                                     1.5584382298304991e-08        -5.6654115552090165e-08         2.0275269532270841e-03         2.6685311281871407e-06         4.0454026220074342e-06        -3.4464510153026630e-02        -7.6042380702454788e-08         2.7955635232083909e-07
27                                    -5.5448202671913782e-03        -1.5756560449447345e-03         3.5610515249572129e-07        -9.8559935798680116e-03         2.8080719790079169e-02        -3.4591790421795347e-07        -1.2997086156713239e-01         1.2325660781576347e-01
28                                    -8.4304362054033952e-04         2.0159795514897824e-03        -2.7954205934412368e-07        -1.5708486585775325e-03         4.6550227444117406e-03         2.5589371057381242e-07         1.2159612895812719e-01        -2.6423945387983422e-01
29                                     1.8714511154764765e-07         3.2599995867717197e-08         7.5969375811728171e-03         1.8806631202312210e-07        -3.6573903551533801e-07         1.1123196319717758e-03        -4.9322071729942898e-07         1.5319861397987581e-06
30                                    -5.5448289276984553e-03         1.5756520105318222e-03         1.3068774528297061e-07        -9.3697876865196032e-04         7.7605373819769488e-04        -4.8199726857545348e-08        -1.1268091911715013e-03         3.2602635232380447e-03
31                                     8.4304330480180090e-04         2.0159762441919458e-03         7.7699573237260017e-08         1.1645265812656610e-03         3.2470344854049161e-04        -4.2359644810425397e-08         4.2473336080716823e-03        -3.4198081745391937e-03
32                                     1.9024604156445618e-07         8.8900592971254788e-08         7.5968895764853871e-03        -4.7400533568678302e-08         1.5423815340872647e-08        -1.0713674751967367e-03        -1.0536633615950131e-07         4.1683567612925728e-08
33                                     1.1716887857634705e-02        -1.4371281843493285e-02         2.6732086750673869e-07        -6.9595223833623671e-04        -3.2732475346603711e-03         3.3046142797527818e-08        -7.6155261470222356e-04        -7.0838587343908241e-04
34                                     1.6403405240759068e-02        -1.8473808200987471e-02        -4.4880751659439266e-07        -4.3576239386619855e-03        -3.5603121093899757e-03         3.8782770383998979e-07        -9.2024078937430693e-04         4.3840811870672516e-04
35                                    -4.3691095943956812e-07         6.0485545946204760e-07         2.0275504348977926e-03         2.1359532099064375e-07         2.2041456872408527e-07         7.2265607230619601e-03         1.0597407864399404e-07         1.0487187095321498e-08
                                                         8                           9                          10                          11                          12                          13                          14                          15

0                                      1.3604798180921582e-07         1.6655830901866411e-03        -1.1520085709345760e-09        -1.6214372941924936e-07        -3.0066505946294370e-02        -2.8884971039220768e-02         1.0081615532582952e-06        -1.7681754435648986e-01
1                                     -7.9234979907116362e-07        -3.2038313352872479e-09        -7.2073045751133200e-02         6.0085207169535500e-07        -6.9557040763353672e-02         3.1385190254791667e-02         7.4260790695063395e-07        -5.8456972503435983e-02
2                                      3.8688147079165222e-03         4.5400843801940131e-07         1.3134361406189846e-06        -2.7935569813136059e-03         4.3951337714570271e-07         8.4850496874688382e-08         3.8689145499210438e-03         2.6304455404307750e-06
3                                      2.5456935331300854e-06        -3.1100667425450611e-02        -8.1762083397314389e-02         1.2347540024990157e-06        -4.3626551639995591e-02         2.7112048832804901e-02        -4.5134487491307903e-07         5.8362654658180003e-02
4                                      1.1011770019030054e-06        -2.8466088207053972e-02         3.7767156037477892e-02         1.2383552572168742e-07         2.8536360239236037e-02        -1.6829499895352148e-02         2.5334304588496700e-07        -2.1733046587982023e-02
5                                     -5.4155748570564238e-02        -8.4457382328071169e-08         2.0067199582388893e-07        -8.5323405372367614e-04         6.6193104775978340e-07        -3.9668161453838627e-07        -2.1009423321686534e-03        -3.3901862474649211e-07
6                                     -5.2240082102364520e-06        -1.4921183228435519e-01        -4.0704535408926733e-02         9.3188629383409607e-07         5.6111460639818936e-02        -2.0276017033178259e-02        -4.1679000531015295e-07        -4.3626556366663183e-02
7                                     -5.1689327825169267e-06        -1.1027612740606089e-01        -3.0281014029794767e-01         2.6804158901261584e-06         2.0276023938963657e-02        -5.0462419620601412e-02        -8.4380740750715775e-08        -2.7112051887770494e-02
8                                      1.1933523198731874e-01         1.6411695970058053e-06         2.0062470917869116e-06        -6.2956044964501190e-02        -7.7635048580460205e-07         1.0025954635322125e-06         7.8563833075861438e-03         5.5308798717940411e-07
9                                      1.6411695970058053e-06         6.1900365103907096e-01         3.0145842042040780e-08        -4.8324592005295524e-06        -1.4921182364912217e-01         1.1027610482517261e-01        -4.6503552107780886e-07        -3.1100657956633845e-02
10                                     2.0062470917869116e-06         3.0145842042040780e-08         7.1684770730895686e-01        -6.7565042240141917e-06         4.0704503266014463e-02        -3.0281014694121533e-01         4.1318804898888171e-06         8.1762084146630831e-02
11                                    -6.2956044964501190e-02        -4.8324592005295524e-06        -6.7565042240141917e-06         1.4899744198989601e-01         1.9376012292076365e-07         2.7458106432701961e-06        -6.2956077177682451e-02        -8.0807208314860240e-07
12                                    -7.7635048580460205e-07        -1.4921182364912217e-01         4.0704503266014463e-02         1.9376012292076365e-07         6.8940078562006457e-01         3.7540320304948749e-02        -5.8951755016497783e-06        -3.3241669347489672e-01
13                                     1.0025954635322125e-06         1.1027610482517261e-01        -3.0281014694121533e-01         2.7458106432701961e-06         3.7540320304948749e-02         7.2813647616482102e-01        -8.6317467491378834e-06        -3.0655713294572055e-02
14                                     7.8563833075861438e-03        -4.6503552107780886e-07         4.1318804898888171e-06        -6.2956077177682451e-02        -5.8951755016497783e-06        -8.6317467491378834e-06         1.1933531864274714e-01         2.5644194614409541e-06
15                                     5.5308798717940411e-07        -3.1100657956633845e-02         8.1762084146630831e-02        -8.0807208314860240e-07        -3.3241669347489672e-01        -3.0655713294572055e-02         2.5644194614409541e-06         6.7229582554987299e-01
16                                     2.7950738032300407e-07         2.8466080410311234e-02         3.7767153542592732e-02        -8.6477231949568530e-07         2.7293244964408457e-02        -1.2771080303651011e-01         4.2709601442420538e-07        -3.4859794759939437e-02
17                                    -2.1008851735136351e-03        -7.2818822605784254e-07        -1.5336686148297858e-06        -8.5322172136974642e-04         2.5704375844639258e-06         9.6570397684087920e-07        -5.4155814950540893e-02        -5.9251094443434450e-06
18                                     8.8502365225796201e-07        -2.7257416348847457e-01         2.9711045148937666e-09         3.0757816117303810e-06        -4.7167573162290581e-02         4.5843200217296348e-03         7.4064770058295155e-07         3.0138968962758403e-03
19                                     6.2048016152630261e-07         5.0609994851229181e-10        -7.8056997197679751e-02         4.0024128437527397e-07         4.4639202863016168e-02         6.6411499757421839e-03        -7.2532384447484387e-07        -3.9594807538306338e-03
20                                     6.6026332162598296e-03         3.7081894799277899e-06         3.3095003059741862e-07        -4.2978424956589642e-02        -2.4200265984356179e-08        -4.4017859063851046e-09         6.6026359642103946e-03         1.6352444908317945e-07
21                                     1.8903792259221117e-07         9.5166170460823235e-04        -1.4819312224390054e-09         2.9760578868658865e-08         6.9979306167263465e-04        -3.2053956551045893e-03         4.3033628706384125e-07        -1.2046889963231996e-02
22                                     8.7707391092106278e-08         2.4990720947909256e-09        -2.1471323221830259e-03         2.7562431194078109e-08        -2.3587635972585025e-03        -4.4483295350331332e-03         1.8410606532933620e-07        -2.8463722235133875e-02
23                                     7.6002370604952192e-03         3.0245639395801773e-08         5.7317340669127235e-08        -6.5823923582467134e-04         5.3818769223436991e-08         2.7888834294422135e-07         7.6002235539934524e-03         6.8221037772243584e-07
24                                     4.1194330580325489e-07        -4.2524480827449947e-03         2.0688217212293720e-03         1.9349357436381628e-07        -7.6154376253863905e-04         7.0837863871062775e-04        -1.4727962169503144e-08        -6.9595986865492979e-04
25                                    -1.0748358638168283e-07         7.7235784453072746e-04         1.9454242528070748e-03         1.0833990159944342e-07         9.2024228167685105e-04         4.3840952785711615e-04        -1.2677374608572370e-07         4.3576310265732695e-03
26                                     2.0205117904310947e-03         1.2890487208182226e-07         1.0411056448615343e-07         8.2821214910278503e-03         1.2347517224045704e-07        -7.4886006259586318e-08        -1.2656209631622260e-03         3.7819716379575362e-09
27                                    -3.6657569823603341e-07         1.0041567276026338e-02        -1.3056581264459015e-02         6.1939615232204015e-08        -1.1268072916016990e-03        -3.2602653598540394e-03         2.6206590244347763e-07        -9.3698408248628600e-04
28                                     1.0723459607342087e-06         1.9384542990731193e-02        -1.9187697170092312e-02         1.3625694819233691e-07        -4.2473364412024582e-03        -3.4198113857217324e-03        -1.5921434419096468e-07        -1.1645254135821059e-03
29                                    -3.1971997280264924e-02        -1.9784278934431843e-07         1.0414329204595599e-07         4.2435502302298200e-03         7.7893521961815261e-08         1.1804537626144160e-07         5.1664866447617020e-03        -1.7548692931292259e-08
30                                     3.9200702318701330e-09         1.0041572707416475e-02         1.3056587358377517e-02        -2.1636972783468838e-07        -1.2997088731620746e-01        -1.2325662717482969e-01         2.3801801209666768e-06        -9.8559927090126828e-03
