*************************************************
******************* ORCA 6.0.0 ******************
*************************************************
$Calculation_Status
   &GeometryIndex 1
   &ListStatus       OUT
   &VERSION [&Type "String"] "6.0.0"
   &PROGNAME [&Type "String"] "LeanSCF"
   &STATUS [&Type "String"] "NORMAL TERMINATION"
$End
$Geometry
   &GeometryIndex 1
   &ListStatus       OUT
   &NATOMS [&Type "Integer"] 12
   &NCORELESSECP [&Type "Integer"] 0
   &NGHOSTATOMS [&Type "Integer"] 0
   &CartesianCoordinates [&Type "Coordinates", &Dim(12,4), &Units "Bohr"] 
              C     -3.592490262964   -0.000182948166    0.000044001139
              C     -2.273547325035   -2.277258453877   -0.000058445072
              C      0.357347277498   -2.296638038899   -0.000076727605
              C      1.613487097532    0.000172062021    0.000010027076
              C      0.357049684938    2.296806047835    0.000051896982
              C     -2.273854792926    2.277058844940    0.000071635927
              F      4.169686358542    0.000319022054   -0.000069427971
              H     -5.641852851885   -0.000323924760    0.000066249263
              H     -3.292418653285   -4.056839260702   -0.000079099779
              H      1.428826611654   -4.042797529343   -0.000140193680
              H      1.428241717794    4.043140785812    0.000090676430
              H     -3.292949154779    4.056512534612    0.000151200012
$End
$SCF_Energy
   &GeometryIndex 1
   &ListStatus       OUT
   &SCF_ENERGY [&Type "Double"]      -3.3144391973091200e+02
$End
$DFT_Energy
   &GeometryIndex 1
   &ListStatus       OUT
   &NALPHAEL [&Type "Integer"] 25
   &NBETAEL [&Type "Integer"] 25
   &NTOTALEL [&Type "Integer"] 50
   &EEXCHANGE [&Type "Double"]      -4.3126782503454962e+01
   &ECORR [&Type "Double"]      -1.6267848358018249e+00
   &ECNL [&Type "Double"]       0.0000000000000000e+00
   &EXC [&Type "Double"]      -4.4753567339256790e+01
   &EEMBED [&Type "Double"]       0.0000000000000000e+00
   &FINALEN [&Type "Double"]      -3.3144391973091200e+02  "No Van der Waals correction"
$End
$Mulliken_Population_Analysis
   &GeometryIndex 1
   &ListStatus       OUT
   &NATOMS [&Type "Integer"] 12
   &ATNO [&Type "ArrayOfIntegers", &Dim (12,1)] 
                                                         0

0                                                        6
1                                                        6
2                                                        6
3                                                        6
4                                                        6
5                                                        6
6                                                        9
7                                                        1
8                                                        1
9                                                        1
10                                                       1
11                                                       1
   &ATOMICCHARGES [&Type "ArrayOfDoubles", &Dim (12,1)] 
                                                         0

0                                     -1.2967356874476721e-01
1                                     -9.1937388084398108e-02
2                                     -1.8988007049540379e-01
3                                      3.0701810411329600e-01
4                                     -1.8988778905037051e-01
5                                     -9.1931315597729935e-02
6                                     -2.0814935404670187e-01
7                                      1.1326316940149828e-01
8                                      1.1725987862224496e-01
9                                      1.2332937012790279e-01
10                                     1.2332883845021869e-01
11                                     1.1726012530438767e-01
$End
$Loewdin_Population_Analysis
   &GeometryIndex 1
   &ListStatus       OUT
   &NATOMS [&Type "Integer"] 12
   &ATNO [&Type "ArrayOfIntegers", &Dim (12,1)] 
                                                         0

0                                                        6
1                                                        6
2                                                        6
3                                                        6
4                                                        6
5                                                        6
6                                                        9
7                                                        1
8                                                        1
9                                                        1
10                                                       1
11                                                       1
   &ATOMICCHARGES [&Type "ArrayOfDoubles", &Dim (12,1)] 
                                                         0

0                                     -1.4994209503248346e-01
1                                     -1.3294203187930176e-01
2                                     -1.2135989203197717e-01
3                                     -2.5648147181711511e-01
4                                     -1.2135993968664049e-01
5                                     -1.3294210704809384e-01
6                                      1.7803165679551114e-01
7                                      1.4396039144193251e-01
8                                      1.4550067968640590e-01
9                                      1.5101722515317617e-01
10                                     1.5101691110974935e-01
11                                     1.4550067330899030e-01
$End
$Mayer_Population_Analysis
   &GeometryIndex 1
   &ListStatus       OUT
   &NATOMS [&Type "Integer"] 12 "Total number of atoms"
   &BONDTHRESH [&Type "Double"]       1.0000000000000001e-01  "The threshold for printing"
   &NBONDORDERSPRINT [&Type "Integer"] 12 "The number of bond orders larger than threshold"
   &BONDORDERS [&Type "ArrayOfDoubles", &Dim (12,1)] "The bond orders"
                                                         0

0                                      1.3966310807746083e+00
1                                      1.3966584668948736e+00
2                                      9.6706498680305764e-01
3                                      1.3543893002461496e+00
4                                      9.6154434732887972e-01
5                                      1.3967658410797075e+00
6                                      9.7093348685980907e-01
7                                      1.3967856395733078e+00
8                                      9.9480152120668475e-01
9                                      1.3543839116507981e+00
10                                     9.7093617892434869e-01
11                                     9.6154399799669588e-01
   &COMPONENTS [&Type "ArrayOfIntegers", &Dim (12,4)] "The indices and atomic numbers of the bonding atoms"
                                                         0                           1                           2                           3

0                                                        0                           6                           1                           6
1                                                        0                           6                           5                           6
2                                                        0                           6                           7                           1
3                                                        1                           6                           2                           6
4                                                        1                           6                           8                           1
5                                                        2                           6                           3                           6
6                                                        2                           6                           9                           1
7                                                        3                           6                           4                           6
8                                                        3                           6                           6                           9
9                                                        4                           6                           5                           6
10                                                       4                           6                          10                           1
11                                                       5                           6                          11                           1
   &ATNO [&Type "ArrayOfIntegers", &Dim (12,1)] "Atomic number of the elements"
                                                         0

0                                                        6
1                                                        6
2                                                        6
3                                                        6
4                                                        6
5                                                        6
6                                                        9
7                                                        1
8                                                        1
9                                                        1
10                                                       1
11                                                       1
   &NA [&Type "ArrayOfDoubles", &Dim (12,1)] "Mulliken gross atomic population"
                                                         0

0                                      6.1296735687447743e+00
1                                      6.0919373880843910e+00
2                                      6.1898800704953958e+00
3                                      5.6929818958866951e+00
4                                      6.1898877890503590e+00
5                                      6.0919313155976891e+00
6                                      9.2081493540466735e+00
7                                      8.8673683059850039e-01
8                                      8.8274012137775493e-01
9                                      8.7667062987209643e-01
10                                     8.7667116154977953e-01
11                                     8.8273987469561377e-01
   &ZA [&Type "ArrayOfDoubles", &Dim (12,1)] "Total nuclear charge"
                                                         0

0                                      6.0000000000000000e+00
1                                      6.0000000000000000e+00
2                                      6.0000000000000000e+00
3                                      6.0000000000000000e+00
4                                      6.0000000000000000e+00
5                                      6.0000000000000000e+00
6                                      9.0000000000000000e+00
7                                      1.0000000000000000e+00
8                                      1.0000000000000000e+00
9                                      1.0000000000000000e+00
10                                     1.0000000000000000e+00
11                                     1.0000000000000000e+00
   &QA [&Type "ArrayOfDoubles", &Dim (12,1)] "Mulliken gross atomic charge"
                                                         0

0                                     -1.2967356874477431e-01
1                                     -9.1937388084391003e-02
2                                     -1.8988007049539579e-01
3                                      3.0701810411330488e-01
4                                     -1.8988778905035897e-01
5                                     -9.1931315597689078e-02
6                                     -2.0814935404667345e-01
7                                      1.1326316940149961e-01
8                                      1.1725987862224507e-01
9                                      1.2332937012790357e-01
10                                     1.2332883845022047e-01
11                                     1.1726012530438623e-01
   &VA [&Type "ArrayOfDoubles", &Dim (12,1)] "Mayer's total valence"
                                                         0

0                                      3.9072589117203060e+00
1                                      3.8428495094232549e+00
2                                      3.8576286540095222e+00
3                                      3.9161842098988151e+00
4                                      3.8576459894139385e+00
5                                      3.8428703843480712e+00
6                                      1.0764692168854595e+00
7                                      9.7729230413304347e-01
8                                      9.7485519821886424e-01
9                                      9.8135661161652188e-01
10                                     9.8135588126346618e-01
11                                     9.7485344900452864e-01
   &BVA [&Type "ArrayOfDoubles", &Dim (12,1)] "Mayer's bonded valence"
                                                         0

0                                      3.9072589117201422e+00
1                                      3.8428495094232535e+00
2                                      3.8576286540095852e+00
3                                      3.9161842098988364e+00
4                                      3.8576459894138733e+00
5                                      3.8428703843480583e+00
6                                      1.0764692168855070e+00
7                                      9.7729230413301282e-01
8                                      9.7485519821884958e-01
9                                      9.8135661161655141e-01
10                                     9.8135588126346451e-01
11                                     9.7485344900449089e-01
   &FA [&Type "ArrayOfDoubles", &Dim (12,1)] "Mayer's free valence"
                                                         0

0                                      0.0000000000000000e+00
1                                      0.0000000000000000e+00
2                                      0.0000000000000000e+00
3                                      0.0000000000000000e+00
4                                      0.0000000000000000e+00
5                                      0.0000000000000000e+00
6                                      0.0000000000000000e+00
7                                      0.0000000000000000e+00
8                                      0.0000000000000000e+00
9                                      0.0000000000000000e+00
10                                     0.0000000000000000e+00
11                                     0.0000000000000000e+00
$End
$VdW_Correction
   &GeometryIndex 1
   &ListStatus       OUT
   &VDW [&Type "Double"]      -3.4051107034672708e-03
$End
$Calculation_Info
   &GeometryIndex 1
   &ListStatus       OUT
   &MULT [&Type "Integer"] 1
   &CHARGE [&Type "Integer"] 0
   &NUMOFATOMS [&Type "Integer"] 12
   &NUMOFELECTRONS [&Type "Integer"] 50
   &NUMOFFCELECTRONS [&Type "Integer"] 1
   &NUMOFCORRELECTRONS [&Type "Integer"] 0
   &NUMOFBASISFUNCTS [&Type "Integer"] 247
   &NUMOFAUXCBASISFUNCTS [&Type "Integer"] 0
   &NUMOFAUXJBASISFUNCTS [&Type "Integer"] 270
   &NUMOFAUXJKBASISFUNCTS [&Type "Integer"] 0
   &NUMOFCABSBASISFUNCTS [&Type "Integer"] 0
   &TOTALENERGY [&Type "Double"]      -3.3144444735991544e+02  "Hartrees"
$End
$SCF_Dipole_Moment
   &GeometryIndex 1
   &ListStatus       OUT
   &METHOD [&Type "String"] "SCF"
   &LEVEL [&Type "String"] "Relaxed density"
   &MULT [&Type "Integer"] 1
   &STATE [&Type "Integer"] -1
   &IRREP [&Type "Integer"] 0
   &NATOMS [&Type "Integer"] 12
   &DODIPOLEATOM [&Type "Boolean"] false
   &DIPOLEELECCONTRIB [&Type "ArrayOfDoubles", &Dim (3,1)] "Electronic contribution"
                                                         0

0                                      6.1243873496960370e+00
1                                      3.8575402523600803e-04
2                                     -7.6789522680381994e-05
   &DIPOLENUCCONTRIB [&Type "ArrayOfDoubles", &Dim (3,1)] "Nuclear contribution"
                                                         0

0                                     -6.6955440230704495e+00
1                                     -4.1765190895404203e-04
2                                      9.3072932881456294e-05
   &DIPOLETOTAL [&Type "ArrayOfDoubles", &Dim (3,1)] "Total"
                                                         0

0                                     -5.7115667337441245e-01
1                                     -3.1897883718033995e-05
2                                      1.6283410201074300e-05
   &DIPOLEMAGNITUDE [&Type "Double", &Units "a.u."]       5.7115667449724317e-01
$End
$THERMOCHEMISTRY_Energies
   &GeometryIndex 1
   &ListStatus       OUT
   &TEMPERATURE [&Type "Double"]       2.9814999999999998e+02
   &PRESSURE [&Type "Double"]       1.0000000000000000e+00
   &TOTALMASS [&Type "Double"]       9.6103999999999985e+01
   &SPINDEGENERACY [&Type "Integer"] 1
   &ELENERGY [&Type "Double"]      -3.3144444735991544e+02
   &TRANSENERGY [&Type "Double"]       1.4162714244859817e-03
   &ROTENERGY [&Type "Double"]       1.4162714244859817e-03
   &VIBENERGY [&Type "Double"]       2.3278289294232446e-03
   &NUMOFFREQS [&Type "Integer"] 36
   &FREQSCALINGFACTOR [&Type "Double"]       1.0000000000000000e+00
   &FREQ [&Type "ArrayOfDoubles", &Dim (36,1)] "In cm^-1"
                                                         0

0                                      0.0000000000000000e+00
1                                      0.0000000000000000e+00
2                                      0.0000000000000000e+00
3                                      0.0000000000000000e+00
4                                      0.0000000000000000e+00
5                                      0.0000000000000000e+00
6                                      2.3866368115782620e+02
7                                      4.1081256701801072e+02
8                                      4.2129208326515999e+02
9                                      5.0534819107075583e+02
10                                     5.2745086769012141e+02
11                                     6.2910878958737783e+02
12                                     6.9167506777061067e+02
13                                     7.5879071750411288e+02
14                                     8.2488907589743189e+02
15                                     8.2509500502396190e+02
16                                     8.9794899216932868e+02
17                                     9.5189884645728591e+02
18                                     9.6330364737388948e+02
19                                     1.0255560934682312e+03
20                                     1.0404768847945943e+03
21                                     1.0898636530735239e+03
22                                     1.1746166259493582e+03
23                                     1.1792878606087775e+03
24                                     1.2416163279106388e+03
25                                     1.3246637210136978e+03
26                                     1.3574192777127896e+03
27                                     1.4841023198202492e+03
28                                     1.5195307355848965e+03
29                                     1.6289211211284940e+03
30                                     1.6393841489710107e+03
31                                     3.1641661251025880e+03
32                                     3.1715181839017214e+03
33                                     3.1850088706327492e+03
34                                     3.1932780803975420e+03
35                                     3.1956330571358412e+03
   &ZPE [&Type "Double"]       9.1722037357073488e-02
   &INNERENERGYU [&Type "Double"]      -3.3134756495077994e+02
   &ENTHALPYH [&Type "Double"]      -3.3134662074173769e+02
   &QEL [&Type "Double"]       0.0000000000000000e+00
   &QROT [&Type "Double"]       1.2136365354971109e-02
   &QVIB [&Type "Double"]       3.3316938835347733e-03
   &QTRANS [&Type "Double"]       1.8814960558796563e-02
   &ENTROPYS [&Type "Double"]       3.4283019797302444e-02
   &FREEENERGYG [&Type "Double"]      -3.3138090376153502e+02
   &ISLINEAR [&Type "Boolean"] false
$End
$Hessian
   &GeometryIndex 1
   &ListStatus       OUT
   &HESSIAN [&Type "ArrayOfDoubles", &Dim (36,36)] "The Hessian"
                                                         0                           1                           2                           3                           4                           5                           6                           7

0                                      7.3964638183411524e-01         1.2030751560268560e-05        -9.1087718120895591e-06        -1.7758686913591498e-01         1.1657044277408442e-01         5.9656080897065442e-06        -3.0222198051131653e-02         2.8972798888755029e-02
1                                      1.2030751560268560e-05         6.5285796464281176e-01         1.4665833018690769e-05         5.9774924289997325e-02        -2.7852891572393473e-01        -8.4135897918433434e-06         6.9825985070034319e-02         3.1282327139898383e-02
2                                     -9.1087718120895591e-06         1.4665833018690769e-05         1.2083984528741890e-01         4.0447171255950006e-06        -9.0051231564635592e-06        -5.6165419288735474e-02         1.1394823663661612e-06         1.2803039012731922e-07
3                                     -1.7758686913591498e-01         5.9774924289997325e-02         4.0447171255950006e-06         6.7607092422273496e-01         3.3519836787896440e-02        -5.7596128101573097e-06        -3.3553569199183708e-01         3.0488942589262512e-02
4                                      1.1657044277408442e-01        -2.7852891572393473e-01        -9.0051231564635592e-06         3.3519836787896440e-02         7.1432018296250233e-01         1.5220805505607439e-05        -2.7359580241542805e-02        -1.2748654812771398e-01
5                                      5.9656080897065442e-06        -8.4135897918433434e-06        -5.6165419288735474e-02        -5.7596128101573097e-06         1.5220805505607439e-05         1.2755173082535604e-01         2.0948175875175323e-06        -2.1051258668119391e-06
6                                     -3.0222198051131653e-02         6.9825985070034319e-02         1.1394823663661612e-06        -3.3553569199183708e-01        -2.7359580241542805e-02         2.0948175875175323e-06         6.9469537183349428e-01        -3.8425363749192670e-02
7                                      2.8972798888755029e-02         3.1282327139898383e-02         1.2803039012731922e-07         3.0488942589262512e-02        -1.2748654812771398e-01        -2.1051258668119391e-06        -3.8425363749192670e-02         7.2547436510714947e-01
8                                      1.6748638890741205e-06        -2.1711716226378449e-07         3.9671591091446287e-03         2.8106980001886778e-06        -1.8295255522266927e-06        -5.3887954623398376e-02        -6.1149566821174802e-06         2.0835485378676426e-05
9                                      2.0324978780519865e-03         4.8144672767672989e-06         7.7780545539042330e-07        -3.0772550359065440e-02        -2.8497567858084299e-02        -1.9801312388648769e-06        -1.5047047924009332e-01        -1.0986316107379075e-01
10                                     4.6436802830476022e-06        -7.2037391199942472e-02        -2.3066529848709769e-06        -8.1485189873367794e-02         3.7819228719906034e-02         2.2533462883970372e-06        -3.9961223930439202e-02        -3.0008024665032296e-01
11                                    -4.1722972777206286e-07        -2.0435991470521241e-06        -2.9201243002717481e-03        -2.1113817319693747e-06         1.9955046938604057e-06        -9.5082292905123572e-04        -1.1332714914550736e-06        -8.7016892861718650e-06
12                                    -3.0208762853885338e-02        -6.9833911644297447e-02        -2.1500715901738722e-06        -4.3847633345128464e-02         2.8570967163536555e-02         2.0513330093625919e-06         5.6381609765028401e-02         2.0204837289980890e-02
13                                    -2.8980616491972821e-02         3.1269034614111568e-02         1.4807098683810366e-06         2.6929389777722482e-02        -1.6842025241467658e-02        -1.4708032883304566e-06        -2.0190362913634470e-02        -5.0762188643705936e-02
14                                    -5.0318265319091972e-08         1.6001958327244110e-06         3.9670444086090106e-03         4.1187881686930510e-07        -3.2050717350906407e-07        -2.1538024579604185e-03        -7.8188717725788474e-07        -2.1395636544723237e-06
15                                    -1.7756578662020944e-01        -5.9767198980691376e-02         2.6036530304076876e-07         5.8433556077404886e-02        -2.1737193885515965e-02        -1.0617022804989250e-06        -4.3840166804157962e-02        -2.6932860809182092e-02
16                                    -1.1656252821032283e-01        -2.7856220610896842e-01        -3.7821881018948555e-06         2.1753598375306459e-02        -6.0663049148505233e-02        -9.9684692634515989e-07        -2.8574730094359159e-02        -1.6849819739316440e-02
17                                    -8.8416275825298941e-07        -4.1945951007141589e-06        -5.6164251336711643e-02        -9.7804189680252680e-08        -2.3460790354371272e-06         4.6889293317142096e-03         4.4056376081772900e-07         4.8691025915961340e-07
18                                    -3.6085913977829129e-03        -3.8519913238758063e-07         1.9733650726449427e-08         2.9821799085066325e-03        -5.5534958725756648e-03         2.0192730639529532e-07        -4.7259840851998566e-02        -4.6747387399055235e-03
19                                    -4.8450209119467236e-07         4.8356153444744131e-03         2.5932073386376178e-07         4.0371694098205813e-03        -8.4227981158527618e-03        -5.4623051026697048e-07        -4.5189382995295471e-02         6.8412531585745791e-03
20                                     1.4893569108947463e-07         2.1914038272960009e-07        -1.4403144877003313e-03         2.6796665925476664e-07        -7.6863219470412455e-07         7.7811037167483752e-03        -8.0682654876379227e-07        -2.0061237060954525e-08
21                                    -3.3486959258426552e-01        -1.9129806734611672e-05         4.3007095713235558e-06        -1.2058045653014448e-02        -2.5638659876899908e-03        -7.0578066314064721e-07         6.9852739971272559e-04         3.2050898508766382e-03
22                                    -1.9140772145153273e-05        -5.7992395971072072e-02        -7.2280354518504836e-07         2.8479809385748046e-02         4.2495764350324854e-03        -1.7762874943498257e-07         2.3600210014300474e-03        -4.4489174740905508e-03
23                                     2.9608198975479475e-06        -7.3754159228155569e-07        -3.1527268193938834e-02         1.2198158230283490e-06         2.3860630923465973e-07         3.8016389379210737e-04         1.3571243567074414e-07        -5.0994822597988552e-07
24                                     1.1737976032983540e-02         1.4411383033451873e-02         5.6915027982931274e-07        -1.2621446080312015e-01        -1.1857617996933767e-01        -1.3779456102527013e-06        -1.1887429384334064e-02        -2.8935659837767282e-02
25                                    -1.6440986317306394e-02        -1.8601511980003843e-02         3.2993614260864064e-07        -1.1870334428460498e-01        -2.6584048479574951e-01        -3.7703071266854419e-06         1.7064180771958343e-03         3.3066177934206516e-03
26                                    -8.7209361872946649e-07        -8.2810598659397642e-07         2.0903608651358565e-03        -5.0094306918767921e-07        -2.8439320643028552e-06        -3.4493676193478595e-02        -1.5060988946279971e-07         1.0514473336739389e-07
27                                    -5.5461784694543891e-03        -1.5910649791479941e-03         1.8854778809578852e-07        -9.8550239022003744e-03         2.8116778685186212e-02         8.9144078508938006e-07        -1.3067719019115293e-01         1.2380728111335508e-01
28                                    -8.4841050225900865e-04         2.0391458286049286e-03        -3.5506275036265882e-07        -1.5957496048572203e-03         4.6667301262689163e-03         3.0777514630466556e-07         1.2204174780587834e-01        -2.6421176474888725e-01
29                                     2.5017088234496591e-07        -2.4342043878958256e-07         7.6313861140622601e-03        -3.6013905633426245e-07         2.7115242727886771e-08         1.0873522562884069e-03         4.5744671132386537e-06        -8.0756142294169436e-06
30                                    -5.5466035717533623e-03         1.5899143404704353e-03         4.0323238333863939e-07        -9.2951598739601229e-04         7.7590273749171480e-04        -1.9756932960907264e-07        -1.1185580610720922e-03         3.2694065835150690e-03
31                                     8.4726874586983636e-04         2.0394440961459337e-03         2.9850152275196620e-07         1.1854134710522566e-03         3.1744607564774228e-04        -2.8020178903931960e-07         4.2900192026554627e-03        -3.5078433096453546e-03
32                                     2.1642570143948634e-07         8.0344099285388094e-08         7.6312435416030231e-03         2.0315812877484213e-08        -2.3172319758140614e-08        -1.0626853645418757e-03         6.2182318458401866e-08        -3.1690596119766764e-07
33                                     1.1737726939246863e-02        -1.4407362538092459e-02        -5.3379901508785977e-07        -6.8686903096931966e-04        -3.2753551228612101e-03        -1.6529357479875134e-08        -7.6395442245789631e-04        -7.1047969271206693e-04
34                                     1.6444983150850086e-02        -1.8601110682125575e-02        -9.4469674948336146e-07        -4.3754895345638227e-03        -3.5893431661335844e-03        -2.0763599305351252e-07        -9.2963964592506138e-04         4.4276549463937971e-04
35                                     2.0465052460581979e-07         6.6651497945323136e-08         2.0903382813843522e-03        -5.1366868552639629e-08        -1.5861715352684332e-07         7.2250808332668080e-03         2.6905804240607008e-07         1.2597337654922503e-07
                                                         8                           9                          10                          11                          12                          13                          14                          15

0                                      1.6748638890741205e-06         2.0324978780519865e-03         4.6436802830476022e-06        -4.1722972777206286e-07        -3.0208762853885338e-02        -2.8980616491972821e-02        -5.0318265319091972e-08        -1.7756578662020944e-01
1                                     -2.1711716226378449e-07         4.8144672767672989e-06        -7.2037391199942472e-02        -2.0435991470521241e-06        -6.9833911644297447e-02         3.1269034614111568e-02         1.6001958327244110e-06        -5.9767198980691376e-02
2                                      3.9671591091446287e-03         7.7780545539042330e-07        -2.3066529848709769e-06        -2.9201243002717481e-03        -2.1500715901738722e-06         1.4807098683810366e-06         3.9670444086090106e-03         2.6036530304076876e-07
3                                      2.8106980001886778e-06        -3.0772550359065440e-02        -8.1485189873367794e-02        -2.1113817319693747e-06        -4.3847633345128464e-02         2.6929389777722482e-02         4.1187881686930510e-07         5.8433556077404886e-02
4                                     -1.8295255522266927e-06        -2.8497567858084299e-02         3.7819228719906034e-02         1.9955046938604057e-06         2.8570967163536555e-02        -1.6842025241467658e-02        -3.2050717350906407e-07        -2.1737193885515965e-02
5                                     -5.3887954623398376e-02        -1.9801312388648769e-06         2.2533462883970372e-06        -9.5082292905123572e-04         2.0513330093625919e-06        -1.4708032883304566e-06        -2.1538024579604185e-03        -1.0617022804989250e-06
6                                     -6.1149566821174802e-06        -1.5047047924009332e-01        -3.9961223930439202e-02        -1.1332714914550736e-06         5.6381609765028401e-02        -2.0190362913634470e-02        -7.8188717725788474e-07        -4.3840166804157962e-02
7                                      2.0835485378676426e-05        -1.0986316107379075e-01        -3.0008024665032296e-01        -8.7016892861718650e-06         2.0204837289980890e-02        -5.0762188643705936e-02        -2.1395636544723237e-06        -2.6932860809182092e-02
8                                      1.1927505775513239e-01        -2.9764823152057330e-06        -1.0496977400344781e-05        -6.3483847537423144e-02        -2.4576426708494572e-07        -2.8290452342519643e-07         8.0422293689583688e-03        -1.2792582644663695e-06
9                                     -2.9764823152057330e-06         6.3985770720967805e-01        -1.1970713201563815e-05        -5.8484094925459618e-06        -1.5049314519966153e-01         1.0988803325014834e-01         2.2426186196202867e-06        -3.0787375190071846e-02
10                                    -1.0496977400344781e-05        -1.1970713201563815e-05         7.1147083364637465e-01         1.5543389259243338e-05         3.9987086076882991e-02        -3.0007171904395924e-01        -3.1125413462170421e-06         8.1476246522643292e-02
11                                    -6.3483847537423144e-02        -5.8484094925459618e-06         1.5543389259243338e-05         1.4849453047968153e-01         1.2268140496199439e-06        -4.6728963361847049e-06        -6.3482216167668207e-02         2.1536674345708503e-06
12                                    -2.4576426708494572e-07        -1.5049314519966153e-01         3.9987086076882991e-02         1.2268140496199439e-06         6.9466316794041971e-01         3.8413543493648755e-02        -3.1969248868333547e-06        -3.3551978629526918e-01
13                                    -2.8290452342519643e-07         1.0988803325014834e-01        -3.0007171904395924e-01        -4.6728963361847049e-06         3.8413543493648755e-02         7.2550436952793507e-01         1.3096275124704314e-05        -3.0518968626420850e-02
14                                     8.0422293689583688e-03         2.2426186196202867e-06        -3.1125413462170421e-06        -6.3482216167668207e-02        -3.1969248868333547e-06         1.3096275124704314e-05         1.1927478125888889e-01         1.2539436618675384e-06
15                                    -1.2792582644663695e-06        -3.0787375190071846e-02         8.1476246522643292e-02         2.1536674345708503e-06        -3.3551978629526918e-01        -3.0518968626420850e-02         1.2539436618675384e-06         6.7606549054066689e-01
16                                    -7.6821323135184747e-07         2.8488671922891284e-02         3.7834324320878958e-02         1.6914106896955097e-07         2.7330596077664016e-02        -1.2748724136074030e-01        -2.1463693116660280e-06        -3.3516207491786854e-02
17                                    -2.1538303835417216e-03        -1.8667337640437272e-07         1.0940495555722532e-07        -9.5085590439085085e-04         3.7181827992346665e-06        -1.9298948661856063e-06        -5.3889303971839109e-02        -7.7826162148371332e-06
18                                     1.2878313200806171e-06        -2.9199256402392987e-01        -1.3286231385443701e-05         5.4775515510381487e-06        -4.7264789911209998e-02         4.6677344720115616e-03         1.6835230740427969e-06         2.9818727097917393e-03
19                                     1.1444674214472290e-06        -1.2700897104036440e-05        -7.7650525540585297e-02        -9.2238427349300353e-07         4.5182166926147647e-02         6.8482938418404117e-03        -1.1129243859500057e-06        -4.0357880222857880e-03
20                                     6.6988390131889376e-03         7.4477192457486205e-06        -9.4360292808623990e-07        -4.1596173911690890e-02         1.6723172096203014e-06         2.7777260528865840e-08         6.6986655893766754e-03         1.1316688879269492e-07
21                                     7.1861730318119895e-07         9.3142757194374613e-04         2.0980302841114978e-07         1.1785750862945844e-07         6.9939424914710994e-04        -3.2043427179682706e-03         2.4081968628756804e-07        -1.2054611928330058e-02
22                                    -3.8467401936578661e-07         1.9913905543636219e-07        -2.1297541727299252e-03        -2.1863141658723088e-08        -2.3591813005604399e-03        -4.4495855668425883e-03        -2.9608245609614084e-07        -2.8482066577325469e-02
23                                     7.6030839884793254e-03         3.6663552921759709e-08        -3.8607647253764097e-08        -6.5754383981439426e-04        -3.3689438547550425e-08        -1.6673895740934633e-07         7.6033068186641042e-03        -3.8248728802482568e-07
24                                    -3.7366614805976044e-07        -4.2403974510007263e-03         2.0842239646452340e-03         3.2676905894356525e-07        -7.6416085591744125e-04         7.1026777311689071e-04        -2.7571868648391414e-08        -6.8793074178477576e-04
25                                     4.6603581353543966e-07         8.1491745197955542e-04         1.9601873049368821e-03        -1.1621924944630626e-07         9.2946074538362527e-04         4.4297031258375076e-04        -9.8577814005852982e-08         4.3758693808927211e-03
26                                     2.0152319666652454e-03         2.5518026115444124e-09         2.2553436169689458e-07         8.3043766465218036e-03         3.0150625195270413e-07        -8.2195153076917502e-08        -1.2542477439957526e-03         2.9671058907396094e-07
27                                     4.4710256211584279e-06         1.0086988896506378e-02        -1.3109348489049447e-02        -5.6486298940657283e-07        -1.1175132939519649e-03        -3.2690382300669296e-03         5.2930718344830443e-08        -9.2924129230072716e-04
28                                    -8.5661251167084999e-06         1.9596762280803839e-02        -1.9537530563866798e-02        -6.5156484869657322e-07        -4.2897014932478860e-03        -3.5091300852501603e-03        -5.6751543929459093e-07        -1.1856457510700865e-03
29                                    -3.2009998688490290e-02         9.6504421823648924e-07        -1.0347924121099474e-06         4.4694917159618774e-03        -3.2951480317844205e-07        -1.7428326630272813e-07         5.1880276157881310e-03        -3.1416969172614584e-08
30                                     3.0748727982873750e-07         1.0088018341047436e-02         1.3113636062920216e-02         3.7941300994866853e-07        -1.3063693533281054e-01        -1.2378551679088097e-01        -2.7521617828321778e-06        -9.8518844412184489e-03
