*************************************************
******************* ORCA 6.0.0 ******************
*************************************************
$Calculation_Status
   &GeometryIndex 1
   &ListStatus       OUT
   &VERSION [&Type "String"] "6.0.0"
   &PROGNAME [&Type "String"] "LeanSCF"
   &STATUS [&Type "String"] "NORMAL TERMINATION"
$End
$Geometry
   &GeometryIndex 1
   &ListStatus       OUT
   &NATOMS [&Type "Integer"] 8
   &NCORELESSECP [&Type "Integer"] 0
   &NGHOSTATOMS [&Type "Integer"] 0
   &CartesianCoordinates [&Type "Coordinates", &Dim(8,4), &Units "Bohr"] 
              C      0.329681975459    0.714181173097   -1.032621503023
              H      0.378112865145    0.665760697502   -3.092165725082
              C      2.355565360051   -1.099464715741   -0.015163941633
              F      4.649859364323   -0.360156566478   -0.837472977953
              F      2.404738437976   -1.196617308849    2.509127042462
              F      1.937724258938   -3.443987445443   -0.911167025218
              Cl     0.962931571518    3.854100518146   -0.008924315949
              Br    -3.026561862415   -0.441029061039   -0.023248008998
$End
$SCF_Energy
   &GeometryIndex 1
   &ListStatus       OUT
   &SCF_ENERGY [&Type "Double"]      -3.4106790126078995e+03
$End
$DFT_Energy
   &GeometryIndex 1
   &ListStatus       OUT
   &NALPHAEL [&Type "Integer"] 46
   &NBETAEL [&Type "Integer"] 46
   &NTOTALEL [&Type "Integer"] 92
   &EEXCHANGE [&Type "Double"]      -1.5825483956856237e+02
   &ECORR [&Type "Double"]      -3.7709626028923067e+00
   &ECNL [&Type "Double"]       0.0000000000000000e+00
   &EXC [&Type "Double"]      -1.6202580217145467e+02
   &EEMBED [&Type "Double"]       0.0000000000000000e+00
   &FINALEN [&Type "Double"]      -3.4106790126078995e+03  "No Van der Waals correction"
$End
$Mulliken_Population_Analysis
   &GeometryIndex 1
   &ListStatus       OUT
   &NATOMS [&Type "Integer"] 8
   &ATNO [&Type "ArrayOfIntegers", &Dim (8,1)] 
                                                         0

0                                                        6
1                                                        1
2                                                        6
3                                                        9
4                                                        9
5                                                        9
6                                                       17
7                                                       35
   &ATOMICCHARGES [&Type "ArrayOfDoubles", &Dim (8,1)] 
                                                         0

0                                     -1.1444605966147492e-02
1                                      1.5763185461732399e-01
2                                      4.4868365445212000e-01
3                                     -1.5808359566525532e-01
4                                     -1.5288258375106878e-01
5                                     -1.5781195750259336e-01
6                                     -7.2219143176820211e-02
7                                     -5.3873623007660854e-02
$End
$Loewdin_Population_Analysis
   &GeometryIndex 1
   &ListStatus       OUT
   &NATOMS [&Type "Integer"] 8
   &ATNO [&Type "ArrayOfIntegers", &Dim (8,1)] 
                                                         0

0                                                        6
1                                                        1
2                                                        6
3                                                        9
4                                                        9
5                                                        9
6                                                       17
7                                                       35
   &ATOMICCHARGES [&Type "ArrayOfDoubles", &Dim (8,1)] 
                                                         0

0                                     -6.8682601333081550e-01
1                                      1.4281872974395027e-01
2                                     -7.3895809764213816e-01
3                                      2.0132809934337637e-01
4                                      2.1781167158610337e-01
5                                      2.0403393199533326e-01
6                                      3.6192988696878459e-01
7                                      2.9786179133525792e-01
$End
$Mayer_Population_Analysis
   &GeometryIndex 1
   &ListStatus       OUT
   &NATOMS [&Type "Integer"] 8 "Total number of atoms"
   &BONDTHRESH [&Type "Double"]       1.0000000000000001e-01  "The threshold for printing"
   &NBONDORDERSPRINT [&Type "Integer"] 7 "The number of bond orders larger than threshold"
   &BONDORDERS [&Type "ArrayOfDoubles", &Dim (7,1)] "The bond orders"
                                                         0

0                                      9.3511414085281641e-01
1                                      9.6139763268937417e-01
2                                      1.0840155103756137e+00
3                                      1.0542303187539237e+00
4                                      1.1214494319499770e+00
5                                      1.1442765274390729e+00
6                                      1.1213060613598025e+00
   &COMPONENTS [&Type "ArrayOfIntegers", &Dim (7,4)] "The indices and atomic numbers of the bonding atoms"
                                                         0                           1                           2                           3

0                                                        0                           6                           1                           1
1                                                        0                           6                           2                           6
2                                                        0                           6                           6                          17
3                                                        0                           6                           7                          35
4                                                        2                           6                           3                           9
5                                                        2                           6                           4                           9
6                                                        2                           6                           5                           9
   &ATNO [&Type "ArrayOfIntegers", &Dim (8,1)] "Atomic number of the elements"
                                                         0

0                                                        6
1                                                        1
2                                                        6
3                                                        9
4                                                        9
5                                                        9
6                                                       17
7                                                       35
   &NA [&Type "ArrayOfDoubles", &Dim (8,1)] "Mulliken gross atomic population"
                                                         0

0                                      6.0114446059661395e+00
1                                      8.4236814538267635e-01
2                                      5.5513163455478978e+00
3                                      9.1580835956652535e+00
4                                      9.1528825837510421e+00
5                                      9.1578119575026005e+00
6                                      1.7072219143176870e+01
7                                      3.5053873623007952e+01
   &ZA [&Type "ArrayOfDoubles", &Dim (8,1)] "Total nuclear charge"
                                                         0

0                                      6.0000000000000000e+00
1                                      1.0000000000000000e+00
2                                      6.0000000000000000e+00
3                                      9.0000000000000000e+00
4                                      9.0000000000000000e+00
5                                      9.0000000000000000e+00
6                                      1.7000000000000000e+01
7                                      3.5000000000000000e+01
   &QA [&Type "ArrayOfDoubles", &Dim (8,1)] "Mulliken gross atomic charge"
                                                         0

0                                     -1.1444605966139498e-02
1                                      1.5763185461732365e-01
2                                      4.4868365445210223e-01
3                                     -1.5808359566525354e-01
4                                     -1.5288258375104213e-01
5                                     -1.5781195750260046e-01
6                                     -7.2219143176869949e-02
7                                     -5.3873623007952176e-02
   &VA [&Type "ArrayOfDoubles", &Dim (8,1)] "Mayer's total valence"
                                                         0

0                                      4.0628559463425375e+00
1                                      9.7376143447319929e-01
2                                      4.4612798459877077e+00
3                                      1.1441914544203102e+00
4                                      1.1623069984719974e+00
5                                      1.1447384136407637e+00
6                                      1.2170112530759796e+00
7                                      1.1782436238713381e+00
   &BVA [&Type "ArrayOfDoubles", &Dim (8,1)] "Mayer's bonded valence"
                                                         0

0                                      4.0628559463425686e+00
1                                      9.7376143447321117e-01
2                                      4.4612798459876206e+00
3                                      1.1441914544204008e+00
4                                      1.1623069984720080e+00
5                                      1.1447384136407857e+00
6                                      1.2170112530759538e+00
7                                      1.1782436238709515e+00
   &FA [&Type "ArrayOfDoubles", &Dim (8,1)] "Mayer's free valence"
                                                         0

0                                      0.0000000000000000e+00
1                                      0.0000000000000000e+00
2                                      0.0000000000000000e+00
3                                      0.0000000000000000e+00
4                                      0.0000000000000000e+00
5                                      0.0000000000000000e+00
6                                      0.0000000000000000e+00
7                                      0.0000000000000000e+00
$End
$VdW_Correction
   &GeometryIndex 1
   &ListStatus       OUT
   &VDW [&Type "Double"]      -2.4075076651680579e-03
$End
$Calculation_Info
   &GeometryIndex 1
   &ListStatus       OUT
   &MULT [&Type "Integer"] 1
   &CHARGE [&Type "Integer"] 0
   &NUMOFATOMS [&Type "Integer"] 8
   &NUMOFELECTRONS [&Type "Integer"] 92
   &NUMOFFCELECTRONS [&Type "Integer"] 1
   &NUMOFCORRELECTRONS [&Type "Integer"] 0
   &NUMOFBASISFUNCTS [&Type "Integer"] 246
   &NUMOFAUXCBASISFUNCTS [&Type "Integer"] 0
   &NUMOFAUXJBASISFUNCTS [&Type "Integer"] 276
   &NUMOFAUXJKBASISFUNCTS [&Type "Integer"] 0
   &NUMOFCABSBASISFUNCTS [&Type "Integer"] 0
   &TOTALENERGY [&Type "Double"]      -3.4106704525290647e+03  "Hartrees"
$End
$SCF_Dipole_Moment
   &GeometryIndex 1
   &ListStatus       OUT
   &METHOD [&Type "String"] "SCF"
   &LEVEL [&Type "String"] "Relaxed density"
   &MULT [&Type "Integer"] 1
   &STATE [&Type "Integer"] -1
   &IRREP [&Type "Integer"] 0
   &NATOMS [&Type "Integer"] 8
   &DODIPOLEATOM [&Type "Boolean"] false
   &DIPOLEELECCONTRIB [&Type "ArrayOfDoubles", &Dim (3,1)] "Electronic contribution"
                                                         0

0                                     -9.9847003077570360e+00
1                                     -2.1612778784121391e+00
2                                      1.4430216499837289e+00
   &DIPOLENUCCONTRIB [&Type "ArrayOfDoubles", &Dim (3,1)] "Nuclear contribution"
                                                         0

0                                      9.8247284400520698e+00
1                                      2.2934965044454483e+00
2                                     -1.9020386868271357e+00
   &DIPOLETOTAL [&Type "ArrayOfDoubles", &Dim (3,1)] "Total"
                                                         0

0                                     -1.5997186770496619e-01
1                                      1.3221862603330914e-01
2                                     -4.5901703684340678e-01
   &DIPOLEMAGNITUDE [&Type "Double", &Units "a.u."]       5.0375530135141278e-01
$End
$THERMOCHEMISTRY_Energies
   &GeometryIndex 1
   &ListStatus       OUT
   &TEMPERATURE [&Type "Double"]       2.9814999999999998e+02
   &PRESSURE [&Type "Double"]       1.0000000000000000e+00
   &TOTALMASS [&Type "Double"]       1.9737700000000001e+02
   &SPINDEGENERACY [&Type "Integer"] 1
   &ELENERGY [&Type "Double"]      -3.4106704525290647e+03
   &TRANSENERGY [&Type "Double"]       1.4162714244859817e-03
   &ROTENERGY [&Type "Double"]       1.4162714244859817e-03
   &VIBENERGY [&Type "Double"]       4.1433102427760578e-03
   &NUMOFFREQS [&Type "Integer"] 24
   &FREQSCALINGFACTOR [&Type "Double"]       1.0000000000000000e+00
   &FREQ [&Type "ArrayOfDoubles", &Dim (24,1)] "In cm^-1"
                                                         0

0                                      0.0000000000000000e+00
1                                      0.0000000000000000e+00
2                                      0.0000000000000000e+00
3                                      0.0000000000000000e+00
4                                      0.0000000000000000e+00
5                                      0.0000000000000000e+00
6                                      7.9265087563293989e+01
7                                      1.6048610843107440e+02
8                                      2.0005579374669108e+02
9                                      2.2889631642206581e+02
10                                     3.0470449692440303e+02
11                                     3.5687654702785187e+02
12                                     5.1148685009820616e+02
13                                     5.3929494024587711e+02
14                                     6.5679372965819243e+02
15                                     7.0202880937662781e+02
16                                     7.6227465626683738e+02
17                                     8.5000667748576780e+02
18                                     1.1097874046242382e+03
19                                     1.1481125814582026e+03
20                                     1.1955776766242716e+03
21                                     1.2476360286118256e+03
22                                     1.3031100376093500e+03
23                                     3.1241106367238790e+03
   &ZPE [&Type "Double"]       3.2989016335382315e-02
   &INNERENERGYU [&Type "Double"]      -3.4106304876596373e+03
   &ENTHALPYH [&Type "Double"]      -3.4106295434505951e+03
   &QEL [&Type "Double"]       0.0000000000000000e+00
   &QROT [&Type "Double"]       1.4087608552304011e-02
   &QVIB [&Type "Double"]       7.0757983203241746e-03
   &QTRANS [&Type "Double"]       1.9834229387452360e-02
   &ENTROPYS [&Type "Double"]       4.0997636260080544e-02
   &FREEENERGYG [&Type "Double"]      -3.4106705410868553e+03
   &ISLINEAR [&Type "Boolean"] false
$End
$Hessian
   &GeometryIndex 1
   &ListStatus       OUT
   &HESSIAN [&Type "ArrayOfDoubles", &Dim (24,24)] "The Hessian"
                                                         0                           1                           2                           3                           4                           5                           6                           7

0                                      2.9825038735142551e-01        -5.6757259692710338e-02         1.6165612505269912e-02        -3.8090219108500065e-02         7.4399263300272342e-03        -5.5709161211889031e-04        -1.0467390276749919e-01         5.7039487420100426e-02
1                                     -5.6757259692710338e-02         2.9888520015538556e-01        -7.3566319546623429e-03         7.8387947237108322e-03        -3.8313988403530182e-02         6.0869179623475930e-04         5.9625105197759085e-02        -8.9978427199896460e-02
2                                      1.6165612505269912e-02        -7.3566319546623429e-03         5.2826122012929566e-01         7.7247749474606310e-03        -2.4814641054056058e-03        -3.3144564862285375e-01        -2.9649427219169806e-02         2.5586551401347649e-02
3                                     -3.8090219108500065e-02         7.8387947237108322e-03         7.7247749474606310e-03         5.0250041222860517e-02        -6.1787878836082506e-04        -8.5019349534900808e-04         4.0130860890818954e-03        -1.5210560621054326e-03
4                                      7.4399263300272342e-03        -3.8313988403530182e-02        -2.4814641054056058e-03        -6.1787878836082506e-04         5.3843111545549556e-02         2.6846188596871419e-03        -2.2927783575351778e-03         3.7218918577246679e-03
5                                     -5.5709161211889031e-04         6.0869179623475930e-04        -3.3144564862285375e-01        -8.5019349534900808e-04         2.6846188596871419e-03         3.4415791407748281e-01         1.7470991928645804e-03        -1.1976290741435858e-03
6                                     -1.0467390276749919e-01         5.9625105197759085e-02        -2.9649427219169806e-02         4.0130860890818954e-03        -2.2927783575351778e-03         1.7470991928645804e-03         5.0966888665345200e-01        -2.6282651953868863e-02
7                                      5.7039487420100426e-02        -8.9978427199896460e-02         2.5586551401347649e-02        -1.5210560621054326e-03         3.7218918577246679e-03        -1.1976290741435858e-03        -2.6282651953868863e-02         5.1060165941438629e-01
8                                     -3.0043899646593555e-02         2.6227852658713420e-02        -7.9367802272520868e-02        -2.2452184917927751e-02         1.9899647606894336e-02        -1.3332581855172870e-02         1.9994273740408203e-02        -1.4555504448348904e-02
9                                     -4.6614624059377857e-02        -1.0741932021379637e-02         1.2456463236112880e-02         3.2917784651942470e-04        -2.9750664954356163e-05        -2.9667722472800917e-04        -2.2962703244058888e-01        -2.3856593391216804e-02
10                                     1.0516940181093611e-02         4.6435030320772994e-03        -2.3946726920835307e-03        -1.2836533972077207e-04         8.0332731001921635e-05        -1.2402880387156999e-04        -2.7801435669673358e-02        -7.9979085793371305e-02
11                                    -1.3277702713744427e-03         7.8854909536701066e-04         6.5222330231615548e-03         1.1963650825157096e-03        -1.1752166997014567e-03         1.5409972615370222e-03         3.8428923818922336e-02         7.7290222678199627e-03
12                                     1.9469469766409085e-03         1.3802078152116370e-03        -2.7675029091002369e-02        -3.4508992683359241e-03         3.7043994875304155e-03        -1.4640770717384141e-03        -8.0289674278005513e-02         6.8638650825607432e-03
13                                     1.2335931781520073e-03         1.9505919040328674e-03         2.5091908784794888e-02         3.5820987504340128e-03        -2.8510714943430198e-03         1.1907228187596863e-03         7.0257694006271706e-03        -7.9929437676095449e-02
14                                    -2.3147989693953763e-03         2.2587809121427452e-03        -4.0486576517321418e-02        -4.4920596983247917e-03         4.1659484959243121e-03         9.4016156835822692e-06        -2.6265169623508486e-02         2.7248474383121869e-02
15                                     4.7339943172684633e-03         1.6542112599509246e-02         4.9078736479086504e-03         2.9712217743545677e-05        -1.7077218460011376e-04         8.1823368517994080e-06        -7.6068699702892331e-02        -6.3735355849114106e-03
16                                    -5.5137831401702031e-03        -4.3995527546970628e-02        -1.4600283630179152e-02        -1.0009865950028589e-04         1.4597331293732241e-04         3.9118221175126096e-04        -6.2184216037707712e-04        -2.3431597235771268e-01
17                                    -9.0004059742830253e-04         3.0778916393569763e-04         6.1368439239217684e-03         1.2620212016993741e-03        -1.0529101894988808e-03         1.6312251077387437e-03        -3.5547837338336212e-03        -4.4602225238782434e-02
18                                    -3.2116960823639178e-02        -1.4934474092309011e-02        -9.8155116897064489e-03         2.4373915138620446e-03        -3.8301361893440041e-03        -1.3400551173517973e-03         2.4853723949941273e-03         6.7384185484544220e-03
19                                     3.7236026419040606e-03        -1.0718611300027943e-01        -3.4554121929031602e-02        -2.9736929214581615e-03        -1.7476842784040960e-02        -4.8100075964185238e-03        -1.0749168987762868e-02        -3.1623954383423747e-02
20                                    -1.8793341018697538e-03        -2.6911445755378852e-02        -5.0689158877038246e-02        -4.4687325891608594e-03        -2.8261296760482345e-02        -1.9213218934234560e-03         7.8705906583296376e-05         5.3641608754572204e-04
21                                    -8.3435621886318589e-02        -2.9770937970069397e-03         2.5845197906032690e-02        -1.5518290513231442e-02        -4.1982860685901282e-03         2.6393284478891249e-03        -2.5508035948542174e-02        -1.3194219840006460e-02
22                                    -1.7657967651181689e-02        -2.6005238940819027e-02         1.0700224033300038e-02        -6.0845252671724139e-03         8.5059323470069222e-04         1.3496769033139438e-03         1.6832883118244636e-03         1.5033261383886574e-03
23                                     2.0897368450604276e-02         4.0849041755672173e-03        -3.8931110786644754e-02         2.2193494012767309e-02         6.1274456772693860e-03        -6.3998569099200150e-04        -9.0393675633820489e-04        -1.1904586106736576e-04
                                                         8                           9                          10                          11                          12                          13                          14                          15

0                                     -3.0043899646593555e-02        -4.6614624059377857e-02         1.0516940181093611e-02        -1.3277702713744427e-03         1.9469469766409085e-03         1.2335931781520073e-03        -2.3147989693953763e-03         4.7339943172684633e-03
1                                      2.6227852658713420e-02        -1.0741932021379637e-02         4.6435030320772994e-03         7.8854909536701066e-04         1.3802078152116370e-03         1.9505919040328674e-03         2.2587809121427452e-03         1.6542112599509246e-02
2                                     -7.9367802272520868e-02         1.2456463236112880e-02        -2.3946726920835307e-03         6.5222330231615548e-03        -2.7675029091002369e-02         2.5091908784794888e-02        -4.0486576517321418e-02         4.9078736479086504e-03
3                                     -2.2452184917927751e-02         3.2917784651942470e-04        -1.2836533972077207e-04         1.1963650825157096e-03        -3.4508992683359241e-03         3.5820987504340128e-03        -4.4920596983247917e-03         2.9712217743545677e-05
4                                      1.9899647606894336e-02        -2.9750664954356163e-05         8.0332731001921635e-05        -1.1752166997014567e-03         3.7043994875304155e-03        -2.8510714943430198e-03         4.1659484959243121e-03        -1.7077218460011376e-04
5                                     -1.3332581855172870e-02        -2.9667722472800917e-04        -1.2402880387156999e-04         1.5409972615370222e-03        -1.4640770717384141e-03         1.1907228187596863e-03         9.4016156835822692e-06         8.1823368517994080e-06
6                                      1.9994273740408203e-02        -2.2962703244058888e-01        -2.7801435669673358e-02         3.8428923818922336e-02        -8.0289674278005513e-02         7.0257694006271706e-03        -2.6265169623508486e-02        -7.6068699702892331e-02
7                                     -1.4555504448348904e-02        -2.3856593391216804e-02        -7.9979085793371305e-02         7.7290222678199627e-03         6.8638650825607432e-03        -7.9929437676095449e-02         2.7248474383121869e-02        -6.3735355849114106e-03
8                                      5.2516088013238993e-01         3.8129663166077923e-02         8.9163312258236996e-03        -8.4907461871293125e-02        -1.9108023944084517e-02         2.0554734542483410e-02        -2.5814269156304093e-01        -5.4882058262439859e-03
9                                      3.8129663166077923e-02         3.1421737371493047e-01         7.9928860800315193e-02        -8.5200620728904483e-02        -8.3725523361159009e-03        -8.6209737687723519e-03         3.8370111055438819e-02        -2.4770327648818279e-02
10                                     8.9163312258236996e-03         7.9928860800315193e-02         1.0466407190431168e-01        -2.4215973021680524e-02        -1.1239592578486704e-02         8.9092754572455257e-03         1.5331700398065850e-02        -5.9107419415257101e-02
11                                    -8.4907461871293125e-02        -8.5200620728904483e-02        -2.4215973021680524e-02         1.0674065034995751e-01         5.4321891328574755e-02         1.7006558185286284e-02        -4.6820055147475531e-02        -5.6807139190161024e-03
12                                    -1.9108023944084517e-02        -8.3725523361159009e-03        -1.1239592578486704e-02         5.4321891328574755e-02         7.8087433163950074e-02         2.3098308241525619e-03         4.7677293792230801e-03         1.1460367869256066e-02
13                                     2.0554734542483410e-02        -8.6209737687723519e-03         8.9092754572455257e-03         1.7006558185286284e-02         2.3098308241525619e-03         7.8250161338925844e-02        -1.1149974876686860e-02        -7.2682827616863356e-03
14                                    -2.5814269156304093e-01         3.8370111055438819e-02         1.5331700398065850e-02        -4.6820055147475531e-02         4.7677293792230801e-03        -1.1149974876686860e-02         3.9129042315876367e-01        -9.1048648529027994e-03
15                                    -5.4882058262439859e-03        -2.4770327648818279e-02        -5.9107419415257101e-02        -5.6807139190161024e-03         1.1460367869256066e-02        -7.2682827616863356e-03        -9.1048648529027994e-03         8.7636227129305092e-02
16                                    -4.3934013286147988e-02        -4.2859938722529217e-02        -3.8069309190734840e-02        -2.7345848973087117e-04        -4.9462404135836684e-03        -7.8416638175447112e-03        -3.9054220955111379e-02         4.7137112031417502e-02
17                                    -8.7709573437716376e-02        -2.4679208534406256e-03         2.8871593105813491e-03         1.5083357059197378e-02        -8.5355930177356334e-03        -5.4821728660618955e-02        -4.9174604478485678e-02         1.4710020404043730e-02
18                                     5.2158087438940017e-03        -2.2472034526348087e-04         4.8688401209375917e-03         2.9111045563190159e-04         4.8246761363984791e-04         1.1064905019747410e-03        -6.0657667263496612e-05        -8.3141891673722346e-04
19                                    -1.5357574238126061e-02         3.1057621102124795e-03        -3.5385661993476850e-04         2.1881658118140935e-04         8.3456056621883422e-04         9.1246050389047722e-04         1.3811145601960381e-03         4.4808965019712084e-03
20                                    -7.8726233592521337e-04         4.3160169512771514e-04        -4.5181938663490205e-04         8.4970680597527012e-04         2.6977236794734451e-04         2.3182064256400993e-03         1.9444373459977277e-03        -2.7194762589551443e-04
21                                     1.3876883358541380e-02        -4.9372947312855391e-03         3.1385670360582086e-03        -1.9905324044938834e-03         1.3591025897044084e-04         6.2862883534020022e-04        -1.1329837604849482e-03        -2.1898552651253415e-03
22                                    -2.3775335787848389e-03         2.8981705230580164e-03         1.0506847940449401e-04        -1.5974681882365439e-06         1.0958142561741748e-03         5.9968378388846819e-04         4.2769137146614605e-05         4.3542330494809722e-03
23                                    -9.1350679672057983e-04        -1.4612737075399918e-03        -2.5397480553952345e-05         9.9057251893992478e-04        -2.3439758139662476e-03        -4.1501927445773966e-04         1.3796655858785624e-03         7.2382582995516448e-04
                                                        16                          17                          18                          19                          20                          21                          22                          23

0                                     -5.5137831401702031e-03        -9.0004059742830253e-04        -3.2116960823639178e-02         3.7236026419040606e-03        -1.8793341018697538e-03        -8.3435621886318589e-02        -1.7657967651181689e-02         2.0897368450604276e-02
1                                     -4.3995527546970628e-02         3.0778916393569763e-04        -1.4934474092309011e-02        -1.0718611300027943e-01        -2.6911445755378852e-02        -2.9770937970069397e-03        -2.6005238940819027e-02         4.0849041755672173e-03
2                                     -1.4600283630179152e-02         6.1368439239217684e-03        -9.8155116897064489e-03        -3.4554121929031602e-02        -5.0689158877038246e-02         2.5845197906032690e-02         1.0700224033300038e-02        -3.8931110786644754e-02
3                                     -1.0009865950028589e-04         1.2620212016993741e-03         2.4373915138620446e-03        -2.9736929214581615e-03        -4.4687325891608594e-03        -1.5518290513231442e-02        -6.0845252671724139e-03         2.2193494012767309e-02
4                                      1.4597331293732241e-04        -1.0529101894988808e-03        -3.8301361893440041e-03        -1.7476842784040960e-02        -2.8261296760482345e-02        -4.1982860685901282e-03         8.5059323470069222e-04         6.1274456772693860e-03
5                                      3.9118221175126096e-04         1.6312251077387437e-03        -1.3400551173517973e-03        -4.8100075964185238e-03        -1.9213218934234560e-03         2.6393284478891249e-03         1.3496769033139438e-03        -6.3998569099200150e-04
6                                     -6.2184216037707712e-04        -3.5547837338336212e-03         2.4853723949941273e-03        -1.0749168987762868e-02         7.8705906583296376e-05        -2.5508035948542174e-02         1.6832883118244636e-03        -9.0393675633820489e-04
7                                     -2.3431597235771268e-01        -4.4602225238782434e-02         6.7384185484544220e-03        -3.1623954383423747e-02         5.3641608754572204e-04        -1.3194219840006460e-02         1.5033261383886574e-03        -1.1904586106736576e-04
8                                     -4.3934013286147988e-02        -8.7709573437716376e-02         5.2158087438940017e-03        -1.5357574238126061e-02        -7.8726233592521337e-04         1.3876883358541380e-02        -2.3775335787848389e-03        -9.1350679672057983e-04
9                                     -4.2859938722529217e-02        -2.4679208534406256e-03        -2.2472034526348087e-04         3.1057621102124795e-03         4.3160169512771514e-04        -4.9372947312855391e-03         2.8981705230580164e-03        -1.4612737075399918e-03
10                                    -3.8069309190734840e-02         2.8871593105813491e-03         4.8688401209375917e-03        -3.5385661993476850e-04        -4.5181938663490205e-04         3.1385670360582086e-03         1.0506847940449401e-04        -2.5397480553952345e-05
11                                    -2.7345848973087117e-04         1.5083357059197378e-02         2.9111045563190159e-04         2.1881658118140935e-04         8.4970680597527012e-04        -1.9905324044938834e-03        -1.5974681882365439e-06         9.9057251893992478e-04
12                                    -4.9462404135836684e-03        -8.5355930177356334e-03         4.8246761363984791e-04         8.3456056621883422e-04         2.6977236794734451e-04         1.3591025897044084e-04         1.0958142561741748e-03        -2.3439758139662476e-03
13                                    -7.8416638175447112e-03        -5.4821728660618955e-02         1.1064905019747410e-03         9.1246050389047722e-04         2.3182064256400993e-03         6.2862883534020022e-04         5.9968378388846819e-04        -4.1501927445773966e-04
14                                    -3.9054220955111379e-02        -4.9174604478485678e-02        -6.0657667263496612e-05         1.3811145601960381e-03         1.9444373459977277e-03        -1.1329837604849482e-03         4.2769137146614605e-05         1.3796655858785624e-03
15                                     4.7137112031417502e-02         1.4710020404043730e-02        -8.3141891673722346e-04         4.4808965019712084e-03        -2.7194762589551443e-04        -2.1898552651253415e-03         4.3542330494809722e-03         7.2382582995516448e-04
16                                     3.2900178598077923e-01         9.5877791667927051e-02         4.2421479800784116e-03        -5.3363577843759842e-03         1.7653084867688571e-03         3.0682988487405688e-03         4.1107140362223182e-04        -3.8322701065757192e-04
17                                     9.5877791667927051e-02         1.1207100425719595e-01        -2.7329887887965774e-04         1.9973098618975352e-03         1.2320702961350800e-03        -4.4574519126203962e-05        -3.8226491006154262e-04         7.2967727201314213e-04
18                                     4.2421479800784116e-03        -2.7329887887965774e-04         3.9755950803658908e-02         2.3687013293890922e-02         8.7971515357627254e-03        -1.1988082240515044e-02        -2.1954285190027654e-02        -2.8555428859956891e-03
19                                    -5.3363577843759842e-03         1.9973098618975352e-03         2.3687013293890922e-02         1.7832222125594402e-01         4.9386192998910908e-02        -2.2032988178631894e-02        -1.7257557187779611e-02         1.6779538040196211e-03
20                                     1.7653084867688571e-03         1.2320702961350800e-03         8.7971515357627254e-03         4.9386192998910908e-02         4.3960049592493743e-02        -2.9162216845864970e-03         1.6787538610011877e-03         5.4114790657850921e-03
21                                     3.0682988487405688e-03        -4.4574519126203962e-05        -1.1988082240515044e-02        -2.2032988178631894e-02        -2.9162216845864970e-03         1.4344127032604767e-01         3.5616182565970295e-02        -3.6263528236629136e-02
22                                     4.1107140362223182e-04        -3.8226491006154262e-04        -2.1954285190027654e-02        -1.7257557187779611e-02         1.6787538610011877e-03         3.5616182565970295e-02         3.9793053088594092e-02        -1.0978821003923379e-02
23                                    -3.8322701065757192e-04         7.2967727201314213e-04        -2.8555428859956891e-03         1.6779538040196211e-03         5.4114790657850921e-03        -3.6263528236629136e-02        -1.0978821003923379e-02         3.1973208831740617e-02
                              

0                             
1                             
2                             
3                             
4                             
5                             
6                             
7                             
8                             
9                             
10                            
11                            
12                            
13                            
14                            
15                            
16                            
17                            
18                            
19                            
20                            
21                            
22                            
23                            
   &MODES [&Type "ArrayOfDoubles", &Dim (24,24)] "The modes of vibrations"
                                                         0                           1                           2                           3                           4                           5                           6                           7

0                                      1.0000000000000000e+00         2.0000000000000000e+00         3.0000000000000000e+00         4.0000000000000000e+00         5.0000000000000000e+00         6.0000000000000000e+00         7.0000000000000000e+00         0.0000000000000000e+00
1                                      0.0000000000000000e+00         0.0000000000000000e+00         0.0000000000000000e+00         0.0000000000000000e+00         0.0000000000000000e+00         2.7191679567691090e-03         9.0352196506602676e-03         1.0000000000000000e+00
2                                      0.0000000000000000e+00         0.0000000000000000e+00         0.0000000000000000e+00         0.0000000000000000e+00         0.0000000000000000e+00         8.6365253863514724e-03         5.5232245548007049e-02         2.0000000000000000e+00
3                                      0.0000000000000000e+00         0.0000000000000000e+00         0.0000000000000000e+00         0.0000000000000000e+00         0.0000000000000000e+00         1.4846632373074587e-02        -1.6889923881166436e-02         3.0000000000000000e+00
4                                      0.0000000000000000e+00         0.0000000000000000e+00         0.0000000000000000e+00         0.0000000000000000e+00         0.0000000000000000e+00         1.8522539046359240e-02         6.7326913497766710e-03         4.0000000000000000e+00
5                                      0.0000000000000000e+00         0.0000000000000000e+00         0.0000000000000000e+00         0.0000000000000000e+00         0.0000000000000000e+00         3.8772069913962814e-02         6.9629489033862554e-02         5.0000000000000000e+00
6                                      0.0000000000000000e+00         0.0000000000000000e+00         0.0000000000000000e+00         0.0000000000000000e+00         0.0000000000000000e+00         1.4512338386128337e-02        -1.7086086333811895e-02         6.0000000000000000e+00
