*************************************************
******************* ORCA 6.0.0 ******************
*************************************************
$Calculation_Status
   &GeometryIndex 1
   &ListStatus       OUT
   &VERSION [&Type "String"] "6.0.0"
   &PROGNAME [&Type "String"] "LeanSCF"
   &STATUS [&Type "String"] "NORMAL TERMINATION"
$End
$Geometry
   &GeometryIndex 1
   &ListStatus       OUT
   &NATOMS [&Type "Integer"] 9
   &NCORELESSECP [&Type "Integer"] 0
   &NGHOSTATOMS [&Type "Integer"] 0
   &CartesianCoordinates [&Type "Coordinates", &Dim(9,4), &Units "Bohr"] 
              C     -3.101684102898   -0.910039877657    0.000001497041
              C     -1.142599418336    1.228720845686    0.000127438217
              C      1.420273140286    0.264935778036    0.001263625095
              N      3.454386268397   -0.544855645288   -0.001205705367
              H     -2.895742788928   -2.093310883435    1.679248175776
              H     -4.994578116640   -0.086815607285   -0.000371768846
              H     -2.895233464272   -2.093627514229   -1.678955139724
              H     -1.362060507510    2.435524570192    1.667542877999
              H     -1.361375207965    2.435170864671   -1.667631131044
$End
$SCF_Energy
   &GeometryIndex 1
   &ListStatus       OUT
   &SCF_ENERGY [&Type "Double"]      -1.7202602775614304e+02
$End
$DFT_Energy
   &GeometryIndex 1
   &ListStatus       OUT
   &NALPHAEL [&Type "Integer"] 15
   &NBETAEL [&Type "Integer"] 15
   &NTOTALEL [&Type "Integer"] 30
   &EEXCHANGE [&Type "Double"]      -2.3969349819884854e+01
   &ECORR [&Type "Double"]      -9.3282296559128086e-01
   &ECNL [&Type "Double"]       0.0000000000000000e+00
   &EXC [&Type "Double"]      -2.4902172785476136e+01
   &EEMBED [&Type "Double"]       0.0000000000000000e+00
   &FINALEN [&Type "Double"]      -1.7202602775614304e+02  "No Van der Waals correction"
$End
$Mulliken_Population_Analysis
   &GeometryIndex 1
   &ListStatus       OUT
   &NATOMS [&Type "Integer"] 9
   &ATNO [&Type "ArrayOfIntegers", &Dim (9,1)] 
                                                         0

0                                                        6
1                                                        6
2                                                        6
3                                                        7
4                                                        1
5                                                        1
6                                                        1
7                                                        1
8                                                        1
   &ATOMICCHARGES [&Type "ArrayOfDoubles", &Dim (9,1)] 
                                                         0

0                                     -3.1743023169632956e-01
1                                     -4.7636419060709478e-02
2                                     -1.7668335367775789e-01
3                                     -7.8037435219137308e-02
4                                      1.2314634573324712e-01
5                                      1.1844501210364289e-01
6                                      1.2315778086417795e-01
7                                      1.2747922577120985e-01
8                                      1.2755907518172493e-01
$End
$Loewdin_Population_Analysis
   &GeometryIndex 1
   &ListStatus       OUT
   &NATOMS [&Type "Integer"] 9
   &ATNO [&Type "ArrayOfIntegers", &Dim (9,1)] 
                                                         0

0                                                        6
1                                                        6
2                                                        6
3                                                        7
4                                                        1
5                                                        1
6                                                        1
7                                                        1
8                                                        1
   &ATOMICCHARGES [&Type "ArrayOfDoubles", &Dim (9,1)] 
                                                         0

0                                     -2.7681821745537682e-01
1                                     -2.6404963891969935e-01
2                                     -2.0871096771563291e-01
3                                      4.5758321675021918e-02
4                                      1.2729894849148071e-01
5                                      1.2380141217346463e-01
6                                      1.2730081125997539e-01
7                                      1.6270021043080285e-01
8                                      1.6271912006000910e-01
$End
$Mayer_Population_Analysis
   &GeometryIndex 1
   &ListStatus       OUT
   &NATOMS [&Type "Integer"] 9 "Total number of atoms"
   &BONDTHRESH [&Type "Double"]       1.0000000000000001e-01  "The threshold for printing"
   &NBONDORDERSPRINT [&Type "Integer"] 8 "The number of bond orders larger than threshold"
   &BONDORDERS [&Type "ArrayOfDoubles", &Dim (8,1)] "The bond orders"
                                                         0

0                                      9.6732139444613752e-01
1                                      9.7027572653952809e-01
2                                      9.7025168175519594e-01
3                                      9.7026098628078628e-01
4                                      9.8345896725954640e-01
5                                      9.4388186806393559e-01
6                                      9.4388887872880300e-01
7                                      3.0284660459702604e+00
   &COMPONENTS [&Type "ArrayOfIntegers", &Dim (8,4)] "The indices and atomic numbers of the bonding atoms"
                                                         0                           1                           2                           3

0                                                        0                           6                           1                           6
1                                                        0                           6                           4                           1
2                                                        0                           6                           5                           1
3                                                        0                           6                           6                           1
4                                                        1                           6                           2                           6
5                                                        1                           6                           7                           1
6                                                        1                           6                           8                           1
7                                                        2                           6                           3                           7
   &ATNO [&Type "ArrayOfIntegers", &Dim (9,1)] "Atomic number of the elements"
                                                         0

0                                                        6
1                                                        6
2                                                        6
3                                                        7
4                                                        1
5                                                        1
6                                                        1
7                                                        1
8                                                        1
   &NA [&Type "ArrayOfDoubles", &Dim (9,1)] "Mulliken gross atomic population"
                                                         0

0                                      6.3174302316963127e+00
1                                      6.0476364190606811e+00
2                                      6.1766833536777490e+00
3                                      7.0780374352191293e+00
4                                      8.7685365426675232e-01
5                                      8.8155498789635589e-01
6                                      8.7684221913582194e-01
7                                      8.7252077422879115e-01
8                                      8.7244092481827451e-01
   &ZA [&Type "ArrayOfDoubles", &Dim (9,1)] "Total nuclear charge"
                                                         0

0                                      6.0000000000000000e+00
1                                      6.0000000000000000e+00
2                                      6.0000000000000000e+00
3                                      7.0000000000000000e+00
4                                      1.0000000000000000e+00
5                                      1.0000000000000000e+00
6                                      1.0000000000000000e+00
7                                      1.0000000000000000e+00
8                                      1.0000000000000000e+00
   &QA [&Type "ArrayOfDoubles", &Dim (9,1)] "Mulliken gross atomic charge"
                                                         0

0                                     -3.1743023169631268e-01
1                                     -4.7636419060681057e-02
2                                     -1.7668335367774901e-01
3                                     -7.8037435219129314e-02
4                                      1.2314634573324768e-01
5                                      1.1844501210364411e-01
6                                      1.2315778086417806e-01
7                                      1.2747922577120885e-01
8                                      1.2755907518172549e-01
   &VA [&Type "ArrayOfDoubles", &Dim (9,1)] "Mayer's total valence"
                                                         0

0                                      3.9066166798748836e+00
1                                      3.8606769413764894e+00
2                                      4.0207436725358203e+00
3                                      3.1124964015699543e+00
4                                      9.8157463252375654e-01
5                                      9.7617149463112363e-01
6                                      9.8157724376981048e-01
7                                      9.7287231962819976e-01
8                                      9.7286312901209093e-01
   &BVA [&Type "ArrayOfDoubles", &Dim (9,1)] "Mayer's bonded valence"
                                                         0

0                                      3.9066166798749067e+00
1                                      3.8606769413764934e+00
2                                      4.0207436725357732e+00
3                                      3.1124964015699308e+00
4                                      9.8157463252375954e-01
5                                      9.7617149463113584e-01
6                                      9.8157724376981170e-01
7                                      9.7287231962818954e-01
8                                      9.7286312901209271e-01
   &FA [&Type "ArrayOfDoubles", &Dim (9,1)] "Mayer's free valence"
                                                         0

0                                      0.0000000000000000e+00
1                                      0.0000000000000000e+00
2                                      0.0000000000000000e+00
3                                      0.0000000000000000e+00
4                                      0.0000000000000000e+00
5                                      0.0000000000000000e+00
6                                      0.0000000000000000e+00
7                                      0.0000000000000000e+00
8                                      0.0000000000000000e+00
$End
$VdW_Correction
   &GeometryIndex 1
   &ListStatus       OUT
   &VDW [&Type "Double"]      -1.5325262941133164e-03
$End
$Calculation_Info
   &GeometryIndex 1
   &ListStatus       OUT
   &MULT [&Type "Integer"] 1
   &CHARGE [&Type "Integer"] 0
   &NUMOFATOMS [&Type "Integer"] 9
   &NUMOFELECTRONS [&Type "Integer"] 30
   &NUMOFFCELECTRONS [&Type "Integer"] 1
   &NUMOFCORRELECTRONS [&Type "Integer"] 0
   &NUMOFBASISFUNCTS [&Type "Integer"] 154
   &NUMOFAUXCBASISFUNCTS [&Type "Integer"] 0
   &NUMOFAUXJBASISFUNCTS [&Type "Integer"] 175
   &NUMOFAUXJKBASISFUNCTS [&Type "Integer"] 0
   &NUMOFCABSBASISFUNCTS [&Type "Integer"] 0
   &TOTALENERGY [&Type "Double"]      -1.7202397359743716e+02  "Hartrees"
$End
$SCF_Dipole_Moment
   &GeometryIndex 1
   &ListStatus       OUT
   &METHOD [&Type "String"] "SCF"
   &LEVEL [&Type "String"] "Relaxed density"
   &MULT [&Type "Integer"] 1
   &STATE [&Type "Integer"] -1
   &IRREP [&Type "Integer"] 0
   &NATOMS [&Type "Integer"] 9
   &DODIPOLEATOM [&Type "Boolean"] false
   &DIPOLEELECCONTRIB [&Type "ArrayOfDoubles", &Dim (3,1)] "Electronic contribution"
                                                         0

0                                      5.1780230698530989e+00
1                                      2.0441879419202483e-01
2                                      4.9482114912370308e-04
   &DIPOLENUCCONTRIB [&Type "ArrayOfDoubles", &Dim (3,1)] "Nuclear contribution"
                                                         0

0                                     -6.7349507633971637e+00
1                                      2.9568470149283232e-01
2                                     -7.1498979911099880e-05
   &DIPOLETOTAL [&Type "ArrayOfDoubles", &Dim (3,1)] "Total"
                                                         0

0                                     -1.5569276935440648e+00
1                                      5.0010349568485712e-01
2                                      4.2332216921260320e-04
   &DIPOLEMAGNITUDE [&Type "Double", &Units "a.u."]       1.6352759793142913e+00
$End
$THERMOCHEMISTRY_Energies
   &GeometryIndex 1
   &ListStatus       OUT
   &TEMPERATURE [&Type "Double"]       2.9814999999999998e+02
   &PRESSURE [&Type "Double"]       1.0000000000000000e+00
   &TOTALMASS [&Type "Double"]       5.5079999999999998e+01
   &SPINDEGENERACY [&Type "Integer"] 1
   &ELENERGY [&Type "Double"]      -1.7202397359743716e+02
   &TRANSENERGY [&Type "Double"]       1.4162714244859817e-03
   &ROTENERGY [&Type "Double"]       1.4162714244859817e-03
   &VIBENERGY [&Type "Double"]       1.8041494571855408e-03
   &NUMOFFREQS [&Type "Integer"] 27
   &FREQSCALINGFACTOR [&Type "Double"]       1.0000000000000000e+00
   &FREQ [&Type "ArrayOfDoubles", &Dim (27,1)] "In cm^-1"
                                                         0

0                                      0.0000000000000000e+00
1                                      0.0000000000000000e+00
2                                      0.0000000000000000e+00
3                                      0.0000000000000000e+00
4                                      0.0000000000000000e+00
5                                      0.0000000000000000e+00
6                                      2.1998044745560708e+02
7                                      2.3875209483298923e+02
8                                      3.9653526121190669e+02
9                                      5.5569626042673019e+02
10                                     7.9481402486509853e+02
11                                     8.5546640826475243e+02
12                                     1.0165033810522239e+03
13                                     1.0897754864868184e+03
14                                     1.1119639078215982e+03
15                                     1.2864159243997303e+03
16                                     1.3385206976201225e+03
17                                     1.4061280418049141e+03
18                                     1.4603612004286040e+03
19                                     1.4917762477456849e+03
20                                     1.4984479701567261e+03
21                                     2.3000052903882133e+03
22                                     3.0272932916793388e+03
23                                     3.0307040819486792e+03
24                                     3.0711292228480524e+03
25                                     3.1159006543897772e+03
26                                     3.1197735804922540e+03
   &ZPE [&Type "Double"]       7.3871734784963103e-02
   &INNERENERGYU [&Type "Double"]      -1.7194546517034604e+02
   &ENTHALPYH [&Type "Double"]      -1.7194452096130379e+02
   &QEL [&Type "Double"]       0.0000000000000000e+00
   &QROT [&Type "Double"]       1.1337268118481450e-02
   &QVIB [&Type "Double"]       2.8463361370990883e-03
   &QTRANS [&Type "Double"]       1.8026601193298172e-02
   &ENTROPYS [&Type "Double"]       3.2210205448878711e-02
   &FREEENERGYG [&Type "Double"]      -1.7197673116675267e+02
   &ISLINEAR [&Type "Boolean"] false
$End
$Hessian
   &GeometryIndex 1
   &ListStatus       OUT
   &HESSIAN [&Type "ArrayOfDoubles", &Dim (27,27)] "The Hessian"
                                                         0                           1                           2                           3                           4                           5                           6                           7

0                                      5.1187720978042972e-01        -6.4969293681433588e-02         1.6747861487061491e-06        -1.1257680104071506e-01        -5.3312492264762534e-02        -2.7712293793029716e-06        -4.1359531047399790e-02        -2.1928418430007569e-02
1                                     -6.4969293681433588e-02         5.0532532663920782e-01        -2.5027882965709611e-06        -4.5958946959183317e-02        -1.3226194381104339e-01         5.8594816314127553e-06        -3.4753655566663322e-04         1.5187040103639759e-02
2                                      1.6747861487061491e-06        -2.5027882965709611e-06         5.7374241970552753e-01        -1.1438498009000217e-05         2.9712145628290641e-06        -7.5512174001623911e-02         3.0209235853950024e-06        -1.1057856667095164e-05
3                                     -1.1257680104071506e-01        -4.5958946959183317e-02        -1.1438498009000217e-05         4.7026381174117826e-01        -4.3148696566752721e-02        -1.2938489290648461e-05        -2.3872140329231167e-01         6.9760302362739335e-02
4                                     -5.3312492264762534e-02        -1.3226194381104339e-01         2.9712145628290641e-06        -4.3148696566752721e-02         4.9155345015227336e-01        -3.0060108043905576e-05         6.9829924199939414e-02        -9.4947273740149982e-02
5                                     -2.7712293793029716e-06         5.8594816314127553e-06        -7.5512174001623911e-02        -1.2938489290648461e-05        -3.0060108043905576e-05         5.5804108388805351e-01        -1.2081031891473973e-04         3.8567238984383890e-05
6                                     -4.1359531047399790e-02        -3.4753655566663322e-04         3.0209235853950024e-06        -2.3872140329231167e-01         6.9829924199939414e-02        -1.2081031891473973e-04         1.3227180830925340e+00        -4.7456866127615288e-01
7                                     -2.1928418430007569e-02         1.5187040103639759e-02        -1.1057856667095164e-05         6.9760302362739335e-02        -9.4947273740149982e-02         3.8567238984383890e-05        -4.7456866127615288e-01         3.0089835572296436e-01
8                                     -7.2892866576337035e-06        -2.3347965192697595e-06        -1.7459010013185870e-03         7.6132765356187412e-06        -5.8461508503476734e-06        -7.0747358555742365e-02        -1.0954646252130211e-03         4.3878485409709205e-04
9                                      3.7555273285769519e-03         4.0107547216437153e-03        -2.3412819488841657e-06        -4.2812527623892760e-03         1.0585635512463314e-02         7.2861725696869953e-05        -1.0231972120951234e+00         3.8878773172072656e-01
10                                     2.3356152530859238e-03        -4.6771839882728122e-03         3.2103364889368928e-07         8.2113252461684730e-03         1.3985272366588137e-02        -2.1422844255366808e-05         3.9062306323317686e-01        -1.9481937495613325e-01
11                                    -1.0543360374233280e-06        -4.3401931881252489e-06         7.3692879877938051e-04        -5.1996916751162052e-05         2.3873952518705881e-05         1.8837571779484114e-02         1.2075094400423689e-03        -4.6894428937085486e-04
12                                    -5.0017677169293576e-02         1.8620079153993288e-02        -2.5631241166761982e-02        -7.6069982896252025e-05        -1.4512430112478301e-02         2.0003820262953314e-02         2.4293410895789343e-03        -8.8464619484516453e-04
13                                     1.6868400437931749e-02        -1.3066366749500580e-01         1.2153846217615044e-01         1.5003372327682899e-03        -1.5477788886269802e-02         1.9607425748047941e-02         1.6356744232106282e-03         3.0118292985889094e-04
14                                    -2.3772788805372300e-02         1.2317200518679673e-01        -2.2618160592245259e-01         5.3085327669656970e-04        -1.5696080994656650e-03         1.4457618531623128e-03        -1.2570911365242590e-04         2.1378395301654106e-04
15                                    -2.6639503135681686e-01         9.9007745958002435e-02        -4.2614241613027337e-05        -2.0773785549781251e-02         8.3244905190415081e-03        -5.7420242025783310e-06        -2.9408767958091775e-03        -4.3254720649314590e-03
16                                     1.0193363445047912e-01        -9.1361034207246200e-02         2.0654609258038343e-05        -2.5609739421222806e-02         8.1411359102676606e-03        -7.9280813183708680e-06        -3.7538743796130787e-03        -4.5775245254427600e-03
17                                    -4.1347605903915666e-05         1.9396828748929883e-05        -4.7488986728923946e-02        -2.5097492928747754e-06         5.0967255232230824e-07        -1.1708268460619104e-03         4.2843261409316932e-07        -2.4984622768223638e-06
18                                    -5.0033400886917212e-02         1.8662448663257614e-02         2.5680949550352817e-02        -7.0799200602437301e-05        -1.4514614570248862e-02        -2.0000580875510078e-02         2.4331754956740436e-03        -8.8617885848686932e-04
19                                     1.6911466056260243e-02        -1.3070923224928421e-01        -1.2155352320934007e-01         1.5037704112781918e-03        -1.5481701171841094e-02        -1.9605006460061539e-02         1.6388125000504281e-03         3.0024987565671797e-04
20                                     2.3823946428696535e-02        -1.2318588850374833e-01        -2.2612413848151303e-01        -5.3127985576368990e-04         1.5670998645783869e-03         1.4422552307485075e-03         1.2564675543986700e-04        -2.1345078693821122e-04
21                                     2.3797048976255718e-03        -1.4499492713762684e-02        -1.9528733775620161e-02        -4.6895405961964440e-02         1.8429465524471736e-02         2.3672150963695772e-02        -1.0681681280933181e-02         2.2022774000148342e-02
22                                     1.0689151922584541e-03        -1.5424012950791620e-02        -1.9274723371786540e-02         1.6879386081735722e-02        -1.2777839025536131e-01        -1.1987344176193430e-01         7.4854985794192523e-03        -1.1176178754129807e-02
23                                    -7.3713515731481643e-04         9.3874145101920103e-04         1.2845458577472159e-03         2.2402117636850499e-02        -1.1995999193883539e-01        -2.1612406668178646e-01         4.6310452500618509e-03         7.6057016849148890e-04
24                                     2.3699994945102160e-03        -1.4488782668105382e-02         1.9530944963399445e-02        -4.6868293950517823e-02         1.8367408112546335e-02        -2.3603401764115114e-02        -1.0679895166209947e-02         2.2003658526037490e-02
25                                     1.0551970674427631e-03        -1.5415292041203593e-02         1.9279838597338127e-02         1.6813571258248949e-02        -1.2773276056446359e-01         1.1988494448518837e-01         7.4760094904081954e-03        -1.1166476656263968e-02
26                                     7.3654394628684065e-04        -9.4137707131203806e-04         1.2889117737780098e-03        -2.2333008931908808e-02         1.1997211389474444e-01        -2.1621224666623376e-01        -4.6214827838117478e-03        -7.5755688168347595e-04
                                                         8                           9                          10                          11                          12                          13                          14                          15

0                                     -7.2892866576337035e-06         3.7555273285769519e-03         2.3356152530859238e-03        -1.0543360374233280e-06        -5.0017677169293576e-02         1.6868400437931749e-02        -2.3772788805372300e-02        -2.6639503135681686e-01
1                                     -2.3347965192697595e-06         4.0107547216437153e-03        -4.6771839882728122e-03        -4.3401931881252489e-06         1.8620079153993288e-02        -1.3066366749500580e-01         1.2317200518679673e-01         9.9007745958002435e-02
2                                     -1.7459010013185870e-03        -2.3412819488841657e-06         3.2103364889368928e-07         7.3692879877938051e-04        -2.5631241166761982e-02         1.2153846217615044e-01        -2.2618160592245259e-01        -4.2614241613027337e-05
3                                      7.6132765356187412e-06        -4.2812527623892760e-03         8.2113252461684730e-03        -5.1996916751162052e-05        -7.6069982896252025e-05         1.5003372327682899e-03         5.3085327669656970e-04        -2.0773785549781251e-02
4                                     -5.8461508503476734e-06         1.0585635512463314e-02         1.3985272366588137e-02         2.3873952518705881e-05        -1.4512430112478301e-02        -1.5477788886269802e-02        -1.5696080994656650e-03         8.3244905190415081e-03
5                                     -7.0747358555742365e-02         7.2861725696869953e-05        -2.1422844255366808e-05         1.8837571779484114e-02         2.0003820262953314e-02         1.9607425748047941e-02         1.4457618531623128e-03        -5.7420242025783310e-06
6                                     -1.0954646252130211e-03        -1.0231972120951234e+00         3.9062306323317686e-01         1.2075094400423689e-03         2.4293410895789343e-03         1.6356744232106282e-03        -1.2570911365242590e-04        -2.9408767958091775e-03
7                                      4.3878485409709205e-04         3.8878773172072656e-01        -1.9481937495613325e-01        -4.6894428937085486e-04        -8.8464619484516453e-04         3.0118292985889094e-04         2.1378395301654106e-04        -4.3254720649314590e-03
8                                      1.0908790133659307e-01         1.0787658005825683e-03        -4.1960058639443324e-04        -4.0248075722532056e-02         1.4231727709392130e-03         5.0202309637730879e-05         1.7919732713743170e-04         1.2234021417026469e-06
9                                      1.0787658005825683e-03         1.0276405773518187e+00        -3.9973631016670680e-01        -1.1477114261295527e-03        -3.2169053730786695e-04        -5.7983899200206648e-04         1.9238622187160367e-04         7.0205030229000126e-05
10                                    -4.1960058639443324e-04        -3.9973631016670680e-01         1.7965889298418983e-01         4.4287320902343071e-04         4.6836257706895442e-04         2.5302938248724337e-04        -2.6324170274872986e-04         5.0033267545149425e-04
11                                    -4.0248075722532056e-02        -1.1477114261295527e-03         4.4287320902343071e-04         2.0850925837161190e-02        -4.2617700175340159e-04        -1.3097051041954794e-04        -2.5428110571587938e-05        -6.4274296562592315e-07
12                                     1.4231727709392130e-03        -3.2169053730786695e-04         4.6836257706895442e-04        -4.2617700175340159e-04         5.2737542750454981e-02        -1.4342387937473359e-02         2.6255715245158108e-02        -1.6785912913902011e-03
13                                     5.0202309637730879e-05        -5.7983899200206648e-04         2.5302938248724337e-04        -1.3097051041954794e-04        -1.4342387937473359e-02         1.4337267900269893e-01        -1.3439070369241504e-01         3.4009973666464244e-04
14                                     1.7919732713743170e-04         1.9238622187160367e-04        -2.6324170274872986e-04        -2.5428110571587938e-05         2.6255715245158108e-02        -1.3439070369241504e-01         2.4048420937591442e-01         4.4317402279337240e-04
15                                     1.2234021417026469e-06         7.0205030229000126e-05         5.0033267545149425e-04        -6.4274296562592315e-07        -1.6785912913902011e-03         3.4009973666464244e-04         4.4317402279337240e-04         2.9201739383671788e-01
16                                    -1.8167477905729914e-06        -8.4670676865998377e-04         1.7286647862564688e-03         2.4630394345909296e-06         1.5806626639361013e-02        -7.1925798131233353e-03        -2.0998404389353017e-03        -1.0486351058962898e-01
17                                     8.0040295420029579e-04        -6.2867140605712755e-07         1.0504985661127308e-06         7.2664834867300788e-05        -2.4789743804428624e-02         9.5511145192340597e-03         1.0037258455044746e-03         4.8399809191030421e-05
18                                    -1.4230732602531918e-03        -3.2123902212334576e-04         4.6893117668496669e-04         4.2751623276264007e-04        -7.9812082127374891e-04        -2.2985720875816663e-03        -3.5099768235762837e-03        -1.6870984891066987e-03
19                                    -4.8349942765491590e-05        -5.8055031522239939e-04         2.5329281571373832e-04         1.3075512300656791e-04        -2.3029732837637241e-03         1.1696805688242051e-02         1.5567781001816709e-02         3.4368841236461639e-04
20                                     1.7895296584521746e-04        -1.9236026722990393e-04         2.6314405392458863e-04        -2.6726432899239541e-05         3.5160866110083584e-03        -1.5573433915316171e-02        -1.9112442113847924e-02        -4.4406224624121346e-04
21                                     3.0054398400389044e-02        -1.6854463311496478e-03        -1.4331841497007771e-03        -4.1397856407791762e-03         7.9977371058568398e-04         7.7655413324851730e-04         3.8515334512221320e-04         6.9471353797200268e-04
22                                    -1.0016494998421065e-02        -8.1560720059586575e-04         1.8076998127728311e-03         8.6947552110282927e-04         8.8845669369400212e-04         3.5996752021977708e-04         1.1511525596406055e-04         3.5344838315964737e-04
23                                     1.2512652642981620e-03        -2.5014100557955304e-03         2.3963151874527126e-04        -9.5189506446160914e-05        -2.3732814981841720e-04         6.4147556851024135e-05         7.8002422213685300e-04        -5.0032055199079190e-04
24                                    -3.0043530438615941e-02        -1.6594689625310387e-03        -1.4383965769637068e-03         4.1328407697209212e-03        -3.0745077484579603e-03        -3.8916432054262248e-03        -4.0713835629953006e-04         6.9307107798533745e-04
25                                     1.0007258121353311e-02        -8.2484777991184699e-04         1.8097067963978369e-03        -8.6529268439753423e-04        -3.7497112768972193e-03        -2.6496283291079720e-03        -7.7180306016776589e-04         3.5261317893602734e-04
26                                     1.2436154315188263e-03         2.4999395762492979e-03        -2.4264834821982953e-04        -1.0267147784293940e-04        -1.0597378003789678e-04        -6.8973259563195671e-04         1.4265575230166289e-03         5.0009020105630173e-04
                                                        16                          17                          18                          19                          20                          21                          22                          23

0                                      1.0193363445047912e-01        -4.1347605903915666e-05        -5.0033400886917212e-02         1.6911466056260243e-02         2.3823946428696535e-02         2.3797048976255718e-03         1.0689151922584541e-03        -7.3713515731481643e-04
1                                     -9.1361034207246200e-02         1.9396828748929883e-05         1.8662448663257614e-02        -1.3070923224928421e-01        -1.2318588850374833e-01        -1.4499492713762684e-02        -1.5424012950791620e-02         9.3874145101920103e-04
2                                      2.0654609258038343e-05        -4.7488986728923946e-02         2.5680949550352817e-02        -1.2155352320934007e-01        -2.2612413848151303e-01        -1.9528733775620161e-02        -1.9274723371786540e-02         1.2845458577472159e-03
3                                     -2.5609739421222806e-02        -2.5097492928747754e-06        -7.0799200602437301e-05         1.5037704112781918e-03        -5.3127985576368990e-04        -4.6895405961964440e-02         1.6879386081735722e-02         2.2402117636850499e-02
4                                      8.1411359102676606e-03         5.0967255232230824e-07        -1.4514614570248862e-02        -1.5481701171841094e-02         1.5670998645783869e-03         1.8429465524471736e-02        -1.2777839025536131e-01        -1.1995999193883539e-01
5                                     -7.9280813183708680e-06        -1.1708268460619104e-03        -2.0000580875510078e-02        -1.9605006460061539e-02         1.4422552307485075e-03         2.3672150963695772e-02        -1.1987344176193430e-01        -2.1612406668178646e-01
6                                     -3.7538743796130787e-03         4.2843261409316932e-07         2.4331754956740436e-03         1.6388125000504281e-03         1.2564675543986700e-04        -1.0681681280933181e-02         7.4854985794192523e-03         4.6310452500618509e-03
7                                     -4.5775245254427600e-03        -2.4984622768223638e-06        -8.8617885848686932e-04         3.0024987565671797e-04        -2.1345078693821122e-04         2.2022774000148342e-02        -1.1176178754129807e-02         7.6057016849148890e-04
8                                     -1.8167477905729914e-06         8.0040295420029579e-04        -1.4230732602531918e-03        -4.8349942765491590e-05         1.7895296584521746e-04         3.0054398400389044e-02        -1.0016494998421065e-02         1.2512652642981620e-03
9                                     -8.4670676865998377e-04        -6.2867140605712755e-07        -3.2123902212334576e-04        -5.8055031522239939e-04        -1.9236026722990393e-04        -1.6854463311496478e-03        -8.1560720059586575e-04        -2.5014100557955304e-03
10                                     1.7286647862564688e-03         1.0504985661127308e-06         4.6893117668496669e-04         2.5329281571373832e-04         2.6314405392458863e-04        -1.4331841497007771e-03         1.8076998127728311e-03         2.3963151874527126e-04
11                                     2.4630394345909296e-06         7.2664834867300788e-05         4.2751623276264007e-04         1.3075512300656791e-04        -2.6726432899239541e-05        -4.1397856407791762e-03         8.6947552110282927e-04        -9.5189506446160914e-05
12                                     1.5806626639361013e-02        -2.4789743804428624e-02        -7.9812082127374891e-04        -2.3029732837637241e-03         3.5160866110083584e-03         7.9977371058568398e-04         8.8845669369400212e-04        -2.3732814981841720e-04
13                                    -7.1925798131233353e-03         9.5511145192340597e-03        -2.2985720875816663e-03         1.1696805688242051e-02        -1.5573433915316171e-02         7.7655413324851730e-04         3.5996752021977708e-04         6.4147556851024135e-05
14                                    -2.0998404389353017e-03         1.0037258455044746e-03        -3.5099768235762837e-03         1.5567781001816709e-02        -1.9112442113847924e-02         3.8515334512221320e-04         1.1511525596406055e-04         7.8002422213685300e-04
15                                    -1.0486351058962898e-01         4.8399809191030421e-05        -1.6870984891066987e-03         3.4368841236461639e-04        -4.4406224624121346e-04         6.9471353797200268e-04         3.5344838315964737e-04        -5.0032055199079190e-04
16                                     9.7981629950079946e-02        -1.9771992984258862e-05         1.5810466787119847e-02        -7.1939555740804344e-03         2.1058070921998098e-03         7.4505874237773919e-04         1.2378954120436927e-03        -1.6143033088962880e-04
17                                    -1.9771992984258862e-05         4.5644866195442120e-02         2.4786260567924469e-02        -9.5502395185874563e-03         1.0118937799774418e-03        -3.7225001355031888e-04         2.5992643371261894e-04         6.3137081543783013e-05
18                                     1.5810466787119847e-02         2.4786260567924469e-02         5.2752162707993211e-02        -1.4390294579598817e-02        -2.6310824904889084e-02        -3.0747983196591794e-03        -3.7497138286437994e-03         1.0443203321470812e-04
19                                    -7.1939555740804344e-03        -9.5502395185874563e-03        -1.4390294579598817e-02         1.4342383084520946e-01         1.3440661398187786e-01        -3.8917861355665189e-03        -2.6499416727717097e-03         6.8881846951110545e-04
20                                     2.1058070921998098e-03         1.0118937799774418e-03        -2.6310824904889084e-02         1.3440661398187786e-01         2.4042267439165016e-01         4.0673883713503341e-04         7.7187558270769274e-04         1.4271479172949272e-03
21                                     7.4505874237773919e-04        -3.7225001355031888e-04        -3.0747983196591794e-03        -3.8917861355665189e-03         4.0673883713503341e-04         5.8278551852289869e-02        -1.9039739659977722e-02        -2.6827075731880520e-02
22                                     1.2378954120436927e-03         2.5992643371261894e-04        -3.7497138286437994e-03        -2.6499416727717097e-03         7.7187558270769274e-04        -1.9039739659977722e-02         1.4247110559962767e-01         1.3229430336509088e-01
23                                    -1.6143033088962880e-04         6.3137081543783013e-05         1.0443203321470812e-04         6.8881846951110545e-04         1.4271479172949272e-03        -2.6827075731880520e-02         1.3229430336509088e-01         2.3136042377578656e-01
24                                     7.4460833072721006e-04         3.7188540668302739e-04         8.0011853601535824e-04         7.7650594512662836e-04        -3.8567290997370196e-04         1.8458789523332752e-04        -3.0957745430239434e-03         3.6308271508035264e-03
