*************************************************
******************* ORCA 6.0.0 ******************
*************************************************
$Calculation_Status
   &GeometryIndex 1
   &ListStatus       OUT
   &VERSION [&Type "String"] "6.0.0"
   &PROGNAME [&Type "String"] "LeanSCF"
   &STATUS [&Type "String"] "NORMAL TERMINATION"
$End
$Geometry
   &GeometryIndex 1
   &ListStatus       OUT
   &NATOMS [&Type "Integer"] 12
   &NCORELESSECP [&Type "Integer"] 0
   &NGHOSTATOMS [&Type "Integer"] 0
   &CartesianCoordinates [&Type "Coordinates", &Dim(12,4), &Units "Bohr"] 
              C     -4.674637550712    1.315260323165    0.000031541608
              C     -4.674678219886   -1.315124603412    0.000024622754
              C     -2.404687122841   -2.635855608145    0.000015617642
              C     -0.128264674546   -1.318982810961    0.000008397565
              C     -0.128224248958    1.318979101240    0.000004875115
              C     -2.404606149210    2.635921517446    0.000019055431
              Cl     2.703960068115    3.020450028705   -0.000002246884
              Cl     2.703866857752   -3.020541293974   -0.000009769317
              H     -6.440542481693    2.355302953436    0.000039126024
              H     -6.440615148088   -2.355113063739    0.000035534599
              H     -2.384922074884   -4.684444710050    0.000013377938
              H     -2.384778320393    4.684509967018    0.000020552095
$End
$SCF_Energy
   &GeometryIndex 1
   &ListStatus       OUT
   &SCF_ENERGY [&Type "Double"]      -1.1513684173179724e+03
$End
$DFT_Energy
   &GeometryIndex 1
   &ListStatus       OUT
   &NALPHAEL [&Type "Integer"] 37
   &NBETAEL [&Type "Integer"] 37
   &NTOTALEL [&Type "Integer"] 74
   &EEXCHANGE [&Type "Double"]      -8.7783056190281314e+01
   &ECORR [&Type "Double"]      -2.6238550338104449e+00
   &ECNL [&Type "Double"]       0.0000000000000000e+00
   &EXC [&Type "Double"]      -9.0406911224091758e+01
   &EEMBED [&Type "Double"]       0.0000000000000000e+00
   &FINALEN [&Type "Double"]      -1.1513684173179724e+03  "No Van der Waals correction"
$End
$Mulliken_Population_Analysis
   &GeometryIndex 1
   &ListStatus       OUT
   &NATOMS [&Type "Integer"] 12
   &ATNO [&Type "ArrayOfIntegers", &Dim (12,1)] 
                                                         0

0                                                        6
1                                                        6
2                                                        6
3                                                        6
4                                                        6
5                                                        6
6                                                       17
7                                                       17
8                                                        1
9                                                        1
10                                                       1
11                                                       1
   &ATOMICCHARGES [&Type "ArrayOfDoubles", &Dim (12,1)] 
                                                         0

0                                     -1.0652232311679111e-01
1                                     -1.0653336693874405e-01
2                                     -1.6595361265739594e-01
3                                      1.0996165986172723e-01
4                                      1.0997126994163775e-01
5                                     -1.6595555433362108e-01
6                                     -8.6761822401076216e-02
7                                     -8.6764597451249870e-02
8                                      1.1940480320808622e-01
9                                      1.1940440691795950e-01
10                                     1.2987469474713775e-01
11                                     1.2987444222256217e-01
$End
$Loewdin_Population_Analysis
   &GeometryIndex 1
   &ListStatus       OUT
   &NATOMS [&Type "Integer"] 12
   &ATNO [&Type "ArrayOfIntegers", &Dim (12,1)] 
                                                         0

0                                                        6
1                                                        6
2                                                        6
3                                                        6
4                                                        6
5                                                        6
6                                                       17
7                                                       17
8                                                        1
9                                                        1
10                                                       1
11                                                       1
   &ATOMICCHARGES [&Type "ArrayOfDoubles", &Dim (12,1)] 
                                                         0

0                                     -1.3460727222487989e-01
1                                     -1.3460730693223333e-01
2                                     -1.3749981303843661e-01
3                                     -4.2706725300464488e-01
4                                     -4.2706713664666207e-01
5                                     -1.3749983532917920e-01
6                                      3.9961823904076965e-01
7                                      3.9961831318306906e-01
8                                      1.4796042544790089e-01
9                                      1.4796043444754359e-01
10                                     1.5159561076910733e-01
11                                     1.5159559428785929e-01
$End
$Mayer_Population_Analysis
   &GeometryIndex 1
   &ListStatus       OUT
   &NATOMS [&Type "Integer"] 12 "Total number of atoms"
   &BONDTHRESH [&Type "Double"]       1.0000000000000001e-01  "The threshold for printing"
   &NBONDORDERSPRINT [&Type "Integer"] 12 "The number of bond orders larger than threshold"
   &BONDORDERS [&Type "ArrayOfDoubles", &Dim (12,1)] "The bond orders"
                                                         0

0                                      1.3858942077065262e+00
1                                      1.3981414642851966e+00
2                                      9.6834141039178268e-01
3                                      1.3981256713515477e+00
4                                      9.6834331240598059e-01
5                                      1.3619732633046138e+00
6                                      9.6052629628407338e-01
7                                      1.2676944848157945e+00
8                                      1.0633338731255186e+00
9                                      1.3619848504424239e+00
10                                     1.0633258274489277e+00
11                                     9.6052475962881378e-01
   &COMPONENTS [&Type "ArrayOfIntegers", &Dim (12,4)] "The indices and atomic numbers of the bonding atoms"
                                                         0                           1                           2                           3

0                                                        0                           6                           1                           6
1                                                        0                           6                           5                           6
2                                                        0                           6                           8                           1
3                                                        1                           6                           2                           6
4                                                        1                           6                           9                           1
5                                                        2                           6                           3                           6
6                                                        2                           6                          10                           1
7                                                        3                           6                           4                           6
8                                                        3                           6                           7                          17
9                                                        4                           6                           5                           6
10                                                       4                           6                           6                          17
11                                                       5                           6                          11                           1
   &ATNO [&Type "ArrayOfIntegers", &Dim (12,1)] "Atomic number of the elements"
                                                         0

0                                                        6
1                                                        6
2                                                        6
3                                                        6
4                                                        6
5                                                        6
6                                                       17
7                                                       17
8                                                        1
9                                                        1
10                                                       1
11                                                       1
   &NA [&Type "ArrayOfDoubles", &Dim (12,1)] "Mulliken gross atomic population"
                                                         0

0                                      6.1065223231167449e+00
1                                      6.1065333669386987e+00
2                                      6.1659536126573835e+00
3                                      5.8900383401382772e+00
4                                      5.8900287300583347e+00
5                                      6.1659555543336078e+00
6                                      1.7086761822400998e+01
7                                      1.7086764597451211e+01
8                                      8.8059519679191300e-01
9                                      8.8059559308204138e-01
10                                     8.7012530525286158e-01
11                                     8.7012555777743739e-01
   &ZA [&Type "ArrayOfDoubles", &Dim (12,1)] "Total nuclear charge"
                                                         0

0                                      6.0000000000000000e+00
1                                      6.0000000000000000e+00
2                                      6.0000000000000000e+00
3                                      6.0000000000000000e+00
4                                      6.0000000000000000e+00
5                                      6.0000000000000000e+00
6                                      1.7000000000000000e+01
7                                      1.7000000000000000e+01
8                                      1.0000000000000000e+00
9                                      1.0000000000000000e+00
10                                     1.0000000000000000e+00
11                                     1.0000000000000000e+00
   &QA [&Type "ArrayOfDoubles", &Dim (12,1)] "Mulliken gross atomic charge"
                                                         0

0                                     -1.0652232311674492e-01
1                                     -1.0653336693869875e-01
2                                     -1.6595361265738351e-01
3                                      1.0996165986172279e-01
4                                      1.0997126994166528e-01
5                                     -1.6595555433360776e-01
6                                     -8.6761822400998057e-02
7                                     -8.6764597451210790e-02
8                                      1.1940480320808700e-01
9                                      1.1940440691795862e-01
10                                     1.2987469474713842e-01
11                                     1.2987444222256261e-01
   &VA [&Type "ArrayOfDoubles", &Dim (12,1)] "Mayer's total valence"
                                                         0

0                                      3.8940587053598827e+00
1                                      3.8940533859863264e+00
2                                      3.9154792564941414e+00
3                                      3.8213622159667864e+00
4                                      3.8213546940461489e+00
5                                      3.9155163498329548e+00
6                                      1.2482696293535431e+00
7                                      1.2482639492541672e+00
8                                      9.7463094212407320e-01
9                                      9.7463228392061507e-01
10                                     9.8216449782838522e-01
11                                     9.8216419263410726e-01
   &BVA [&Type "ArrayOfDoubles", &Dim (12,1)] "Mayer's bonded valence"
                                                         0

0                                      3.8940587053598827e+00
1                                      3.8940533859863047e+00
2                                      3.9154792564939727e+00
3                                      3.8213622159666722e+00
4                                      3.8213546940461107e+00
5                                      3.9155163498330268e+00
6                                      1.2482696293537034e+00
7                                      1.2482639492542764e+00
8                                      9.7463094212407431e-01
9                                      9.7463228392059809e-01
10                                     9.8216449782833470e-01
11                                     9.8216419263412136e-01
   &FA [&Type "ArrayOfDoubles", &Dim (12,1)] "Mayer's free valence"
                                                         0

0                                      0.0000000000000000e+00
1                                      0.0000000000000000e+00
2                                      0.0000000000000000e+00
3                                      0.0000000000000000e+00
4                                      0.0000000000000000e+00
5                                      0.0000000000000000e+00
6                                      0.0000000000000000e+00
7                                      0.0000000000000000e+00
8                                      0.0000000000000000e+00
9                                      0.0000000000000000e+00
10                                     0.0000000000000000e+00
11                                     0.0000000000000000e+00
$End
$VdW_Correction
   &GeometryIndex 1
   &ListStatus       OUT
   &VDW [&Type "Double"]      -4.7751961934545863e-03
$End
$Calculation_Info
   &GeometryIndex 1
   &ListStatus       OUT
   &MULT [&Type "Integer"] 1
   &CHARGE [&Type "Integer"] 0
   &NUMOFATOMS [&Type "Integer"] 12
   &NUMOFELECTRONS [&Type "Integer"] 74
   &NUMOFFCELECTRONS [&Type "Integer"] 1
   &NUMOFCORRELECTRONS [&Type "Integer"] 0
   &NUMOFBASISFUNCTS [&Type "Integer"] 284
   &NUMOFAUXCBASISFUNCTS [&Type "Integer"] 0
   &NUMOFAUXJBASISFUNCTS [&Type "Integer"] 308
   &NUMOFAUXJKBASISFUNCTS [&Type "Integer"] 0
   &NUMOFCABSBASISFUNCTS [&Type "Integer"] 0
   &TOTALENERGY [&Type "Double"]      -1.1513683220361659e+03  "Hartrees"
$End
$SCF_Dipole_Moment
   &GeometryIndex 1
   &ListStatus       OUT
   &METHOD [&Type "String"] "SCF"
   &LEVEL [&Type "String"] "Relaxed density"
   &MULT [&Type "Integer"] 1
   &STATE [&Type "Integer"] -1
   &IRREP [&Type "Integer"] 0
   &NATOMS [&Type "Integer"] 12
   &DODIPOLEATOM [&Type "Boolean"] false
   &DIPOLEELECCONTRIB [&Type "ArrayOfDoubles", &Dim (3,1)] "Electronic contribution"
                                                         0

0                                      1.1611613919725345e+01
1                                     -1.7876910139559207e-04
2                                     -5.4090097679209643e-05
   &DIPOLENUCCONTRIB [&Type "ArrayOfDoubles", &Dim (3,1)] "Nuclear contribution"
                                                         0

0                                     -1.2607011430656620e+01
1                                      1.9380517355216398e-04
2                                      5.8854339179504581e-05
   &DIPOLETOTAL [&Type "ArrayOfDoubles", &Dim (3,1)] "Total"
                                                         0

0                                     -9.9539751093127471e-01
1                                      1.5036072156571906e-05
2                                      4.7642415002949380e-06
   &DIPOLEMAGNITUDE [&Type "Double", &Units "a.u."]       9.9539751105624052e-01
$End
$THERMOCHEMISTRY_Energies
   &GeometryIndex 1
   &ListStatus       OUT
   &TEMPERATURE [&Type "Double"]       2.9814999999999998e+02
   &PRESSURE [&Type "Double"]       1.0000000000000000e+00
   &TOTALMASS [&Type "Double"]       1.4700399999999999e+02
   &SPINDEGENERACY [&Type "Integer"] 1
   &ELENERGY [&Type "Double"]      -1.1513683220361659e+03
   &TRANSENERGY [&Type "Double"]       1.4162714244859817e-03
   &ROTENERGY [&Type "Double"]       1.4162714244859817e-03
   &VIBENERGY [&Type "Double"]       3.8251866691414592e-03
   &NUMOFFREQS [&Type "Integer"] 36
   &FREQSCALINGFACTOR [&Type "Double"]       1.0000000000000000e+00
   &FREQ [&Type "ArrayOfDoubles", &Dim (36,1)] "In cm^-1"
                                                         0

0                                      0.0000000000000000e+00
1                                      0.0000000000000000e+00
2                                      0.0000000000000000e+00
3                                      0.0000000000000000e+00
4                                      0.0000000000000000e+00
5                                      0.0000000000000000e+00
6                                      1.4207110263529259e+02
7                                      2.0506846315970216e+02
8                                      2.3956350390024670e+02
9                                      3.3769910263619687e+02
10                                     4.2660376905625435e+02
11                                     4.4743807707905330e+02
12                                     4.6958227741343518e+02
13                                     5.2529273280804773e+02
14                                     6.6821973234488712e+02
15                                     7.1572149552797976e+02
16                                     7.3935314899789171e+02
17                                     7.5587013578402559e+02
18                                     8.6471869624399403e+02
19                                     9.4300429349215358e+02
20                                     9.6711072095256816e+02
21                                     1.0396863135261585e+03
22                                     1.0531384065877480e+03
23                                     1.1235972524016211e+03
24                                     1.1478718907921027e+03
25                                     1.1846873218259050e+03
26                                     1.2733177271855068e+03
27                                     1.3320396159060867e+03
28                                     1.4582899764885981e+03
29                                     1.4789486032371722e+03
30                                     1.6033545835612067e+03
31                                     1.6038083006880772e+03
32                                     3.1715540743811825e+03
33                                     3.1827701447355230e+03
34                                     3.1920312604541409e+03
35                                     3.1969353252055162e+03
   &ZPE [&Type "Double"]       8.0850683918638949e-02
   &INNERENERGYU [&Type "Double"]      -1.1512808136227291e+03
   &ENTHALPYH [&Type "Double"]      -1.1512798694136868e+03
   &QEL [&Type "Double"]       0.0000000000000000e+00
   &QROT [&Type "Double"]       1.3307643945004707e-02
   &QVIB [&Type "Double"]       6.0810761729484450e-03
   &QTRANS [&Type "Double"]       1.9416916786201419e-02
   &ENTROPYS [&Type "Double"]       3.8805636904154568e-02
   &FREEENERGYG [&Type "Double"]      -1.1513186750505909e+03
   &ISLINEAR [&Type "Boolean"] false
$End
$Hessian
   &GeometryIndex 1
   &ListStatus       OUT
   &HESSIAN [&Type "ArrayOfDoubles", &Dim (36,36)] "The Hessian"
                                                         0                           1                           2                           3                           4                           5                           6                           7

0                                      7.1624266377979784e-01        -3.4831517179778552e-02        -2.9754005765295124e-06        -1.2648670561885994e-01         2.8604285492808273e-02         4.0920158733558521e-07         2.8033411346640988e-02         3.0703029171948708e-02
1                                     -3.4831517179778552e-02         6.7882447483356456e-01         6.3512582260396851e-07        -2.8610609438928507e-02        -3.3097876343926852e-01        -3.8300417610775009e-07         7.1829590767210655e-02        -2.9114997975165133e-02
2                                     -2.9754005765295124e-06         6.3512582260396851e-07         1.2479578177067727e-01         2.8275863255726190e-07        -7.1603973620988031e-07        -5.7656604085694452e-02        -2.6173322261637792e-07        -5.7779076988300058e-08
3                                     -1.2648670561885994e-01        -2.8610609438928507e-02         2.8275863255726190e-07         7.1624418163120662e-01         3.4830573260792683e-02        -2.9290967009666898e-06        -2.8164792911791442e-01         1.2218469353563653e-01
4                                      2.8604285492808273e-02        -3.3097876343926852e-01        -7.1603973620988031e-07         3.4830573260792683e-02         6.7882236742979640e-01         2.2848882496026071e-07         6.1150791378845722e-02        -1.7978144108793903e-01
5                                      4.0920158733558521e-07        -3.8300417610775009e-07        -5.7656604085694452e-02        -2.9290967009666898e-06         2.2848882496026071e-07         1.2479609572071153e-01         1.2081834239304221e-06        -5.8219274247909512e-07
6                                      2.8033411346640988e-02         7.1829590767210655e-02        -2.6173322261637792e-07        -2.8164792911791442e-01         6.1150791378845722e-02         1.2081834239304221e-06         6.5200513221093470e-01        -1.0830086453975665e-02
7                                      3.0703029171948708e-02        -2.9114997975165133e-02        -5.7779076988300058e-08         1.2218469353563653e-01        -1.7978144108793903e-01        -5.8219274247909512e-07        -1.0830086453975665e-02         7.4032910469382007e-01
8                                      2.6032008074524719e-09        -4.5939200521565798e-07         6.6135580121771953e-03         8.7782426419687589e-07        -1.9089828382148661e-07        -5.6874402852936060e-02        -2.2856644328921634e-06         5.8967437626933292e-07
9                                     -1.3905204708279740e-02        -2.8970190445683164e-02        -1.5893389936318350e-09        -6.0780912289444808e-02         2.6124636937144206e-02         2.4488356198436405e-07        -2.5173224404621769e-01        -1.2698242486152400e-01
10                                    -2.7907398129065109e-02        -4.9442079261581250e-02        -1.3676018875363873e-07        -2.4823235498684419e-02         5.9511553714298067e-02         2.7856363249338512e-07        -6.8404030758545106e-02        -1.7524865657296052e-01
11                                     8.2429328829321093e-08         2.5964186131353691e-07        -4.4999427621158486e-03         2.5097582169048164e-07        -1.3974315557482585e-07         5.6095960453230419e-03         8.6965781866642963e-07         4.3116108778102693e-07
12                                    -6.0781012245516977e-02        -2.6120910902950115e-02         3.8064611096849216e-07        -1.3903467153903249e-02         2.8969072835598585e-02         7.0424622382074383e-08         2.7561024328019018e-02        -2.4616960990787751e-02
13                                     2.4826938910547408e-02         5.9511579799017653e-02         5.3977101959814196e-08         2.7906297958628468e-02        -4.9443842148326596e-02        -3.6483387053453139e-07        -7.3870479630658598e-02        -2.4341211973819846e-02
14                                     3.0709393571046192e-07         6.7729815383673952e-08         5.6095856411025012e-03         5.9111592497111893e-08        -6.2959966296772510e-08        -4.4999189444122761e-03        -3.0204466824010342e-07         1.8327623571383478e-08
15                                    -2.8165407490061767e-01        -6.1147864521908728e-02         1.0066635564194105e-06         2.8030213606484597e-02        -7.1831347698080722e-02         6.0255298908952037e-08        -5.8870093043450242e-02         2.8188772937016385e-04
16                                    -1.2218178712989594e-01        -1.7977575651796879e-01         6.3064886127395846e-07        -3.0704794732552075e-02        -2.9111889121476449e-02         2.1710893104032798e-07        -2.8010379680562698e-04        -9.6660081020674693e-05
17                                     1.2901960414966526e-06         4.4934206219749938e-07        -5.6874175929951920e-02        -2.0148447908594044e-07         1.8460634312859096e-07         6.6135148000610183e-03         5.4339971888147923e-07        -1.6682086000749847e-09
18                                     5.6190163244173273e-04         7.8850937312391501e-03         1.4526500901185383e-07        -1.3697970968024268e-03        -2.0421135129708003e-03        -1.1107059835073731e-07         3.1847859481029424e-03        -1.0557383187899168e-03
19                                     1.6413026314890502e-03         5.3932309018854064e-04         5.8273742049887547e-08        -1.2611833713002799e-03         2.9418144952751777e-04        -4.9752985793108296e-08         5.2861241657766664e-03        -4.6760239654792101e-03
20                                     2.9503248349745856e-08        -5.9051868692169903e-08         4.9287707404674294e-03        -6.8895462083617125e-09         1.3975316279419466e-08        -8.1945079318597534e-04        -1.3412640504692253e-08         1.0623849645065628e-08
21                                    -1.3696979896376900e-03         2.0421776513042415e-03         1.1273818227487677e-07         5.6161340518915033e-04        -7.8850933813195967e-03        -9.4792054491418688e-08        -4.3977059603024490e-02         2.3951427992198154e-02
22                                     1.2612432676859513e-03         2.9406560524310112e-04        -5.2613108977248167e-08        -1.6413126994449510e-03         5.3961689426426608e-04         7.4187960953115012e-08         7.9051262041645101e-04         5.0739551890263551e-03
23                                     1.0371146658119117e-08        -2.1134626730129752e-08        -8.1943515432623937e-04         9.5091705160142621e-09         2.6660113220173074e-08         4.9287619111524411e-03         1.8358693710668462e-07        -1.2393049181960280e-07
24                                    -2.6434284306582562e-01         1.2134435385059905e-01         1.1397095360729830e-06         3.7006288465785543e-03        -1.8374493377148193e-03        -1.3129166094681093e-07         1.9210831565954216e-03        -3.5208947404350918e-04
25                                     1.2164742355507656e-01        -1.2955426006306434e-01        -6.5064600026842036e-07         2.8773470931741950e-02        -1.0271647065905814e-02        -5.8467450309323444e-08        -1.1388903428677542e-03        -5.9108715765863401e-03
26                                     9.1698017476363243e-07        -5.3236040852814668e-07        -3.3464213254370247e-02         9.1944256163251725e-08        -2.0812103215741083e-08         1.6338690381209357e-03        -8.9956205297525846e-09        -2.9704114553664372e-08
27                                     3.6997818904314296e-03         1.8370068878524951e-03         1.3222290967947561e-07        -2.6435023552935377e-01        -1.2134016420054855e-01         1.2120886948195572e-06        -1.9873190439531431e-02        -1.5637907554739830e-02
28                                    -2.8773892578987777e-02        -1.0270808969350884e-02         2.5351110039769586e-07        -1.2164322704057923e-01        -1.2954675523159614e-01         6.0502392802665592e-07         1.5258480923114558e-02         1.0985052203047822e-02
29                                    -1.1941812067916534e-07        -1.0857712491875547e-07         1.6338904493576178e-03         1.5174584912954470e-06         7.5976514946342614e-07        -3.3464284081221055e-02        -5.0146576298282973e-09         8.3723074409336975e-08
30                                    -4.6210309240443219e-03         2.4971911393100706e-03         6.4033947789027227e-08         4.6236047523490025e-03         2.7747412738584564e-02        -1.1070835866618563e-09        -5.5324661498145786e-02         2.5449898435318564e-03
31                                     3.1131175891001457e-03         7.2917817913024062e-04        -7.2666912302844345e-09        -1.8912908915178148e-03        -1.0762741599469515e-02         2.3096189855959650e-08        -5.0416987832454466e-05        -3.3806992326521235e-01
32                                     5.7119155853616746e-08        -2.5274744499260043e-08         7.0318128099722517e-03        -7.3882505133306924e-09        -7.8998875765001805e-08         2.7010019789627171e-03         4.5468531983138391e-08        -3.4665719467096417e-07
33                                     4.6228108034698893e-03        -2.7747887760750427e-02        -2.1072203103605676e-08        -4.6211954355294422e-03        -2.4970308633765446e-03         5.6342902753008749e-08        -1.2802592420090796e-03         1.0366177059539481e-04
34                                     1.8908206215551074e-03        -1.0761955280745267e-02         9.3427421014537916e-09        -3.1129556635553241e-03         7.2936020609579676e-04        -1.1129856327586685e-10        -3.5974274098982909e-05         8.5167441228881265e-04
35                                    -1.4921666126163763e-08         1.5718082523418498e-07         2.7009717627044464e-03         6.1254754086233800e-08         7.8494302892176308e-09         7.0318212631181477e-03         3.1644558051800142e-08         3.0087563131135051e-09
                                                         8                           9                          10                          11                          12                          13                          14                          15

0                                      2.6032008074524719e-09        -1.3905204708279740e-02        -2.7907398129065109e-02         8.2429328829321093e-08        -6.0781012245516977e-02         2.4826938910547408e-02         3.0709393571046192e-07        -2.8165407490061767e-01
1                                     -4.5939200521565798e-07        -2.8970190445683164e-02        -4.9442079261581250e-02         2.5964186131353691e-07        -2.6120910902950115e-02         5.9511579799017653e-02         6.7729815383673952e-08        -6.1147864521908728e-02
2                                      6.6135580121771953e-03        -1.5893389936318350e-09        -1.3676018875363873e-07        -4.4999427621158486e-03         3.8064611096849216e-07         5.3977101959814196e-08         5.6095856411025012e-03         1.0066635564194105e-06
3                                      8.7782426419687589e-07        -6.0780912289444808e-02        -2.4823235498684419e-02         2.5097582169048164e-07        -1.3903467153903249e-02         2.7906297958628468e-02         5.9111592497111893e-08         2.8030213606484597e-02
4                                     -1.9089828382148661e-07         2.6124636937144206e-02         5.9511553714298067e-02        -1.3974315557482585e-07         2.8969072835598585e-02        -4.9443842148326596e-02        -6.2959966296772510e-08        -7.1831347698080722e-02
5                                     -5.6874402852936060e-02         2.4488356198436405e-07         2.7856363249338512e-07         5.6095960453230419e-03         7.0424622382074383e-08        -3.6483387053453139e-07        -4.4999189444122761e-03         6.0255298908952037e-08
6                                     -2.2856644328921634e-06        -2.5173224404621769e-01        -6.8404030758545106e-02         8.6965781866642963e-07         2.7561024328019018e-02        -7.3870479630658598e-02        -3.0204466824010342e-07        -5.8870093043450242e-02
7                                      5.8967437626933292e-07        -1.2698242486152400e-01        -1.7524865657296052e-01         4.3116108778102693e-07        -2.4616960990787751e-02        -2.4341211973819846e-02         1.8327623571383478e-08         2.8188772937016385e-04
8                                      1.2541834201289043e-01         6.3550812335670212e-07         3.3842264023786522e-09        -6.0511230839639607e-02        -3.8045056153855447e-08         4.8388231012544233e-07         7.4318048440041237e-03         1.0711996830987834e-08
9                                      6.3550812335670212e-07         5.2983889395507633e-01         6.2484556774234486e-02        -1.6580896979524060e-06        -9.2537303642080085e-02         2.7266828559758559e-02         1.7949677923033896e-07         2.7564053766637855e-02
10                                     3.3842264023786522e-09         6.2484556774234486e-02         5.9390195838960391e-01        -6.3849270143904722e-08        -2.7273273572212660e-02        -3.0271916522926229e-01         3.0975763157159935e-07         7.3868935581189343e-02
11                                    -6.0511230839639607e-02        -1.6580896979524060e-06        -6.3849270143904722e-08         1.2093460733784463e-01         4.8236758041028760e-08         9.5935153055407751e-08        -6.2266169871396937e-02         1.1365999813041228e-07
12                                    -3.8045056153855447e-08        -9.2537303642080085e-02        -2.7273273572212660e-02         4.8236758041028760e-08         5.2983480985497677e-01        -6.2482845376024637e-02        -2.0393730619650267e-06        -2.5172624167194324e-01
13                                     4.8388231012544233e-07         2.7266828559758559e-02        -3.0271916522926229e-01         9.5935153055407751e-08        -6.2482845376024637e-02         5.9390581509904172e-01         4.1645864928101941e-07         6.8406460799073851e-02
14                                     7.4318048440041237e-03         1.7949677923033896e-07         3.0975763157159935e-07        -6.2266169871396937e-02        -2.0393730619650267e-06         4.1645864928101941e-07         1.2093459677972207e-01         9.3349225612575486e-07
15                                     1.0711996830987834e-08         2.7564053766637855e-02         7.3868935581189343e-02         1.1365999813041228e-07        -2.5172624167194324e-01         6.8406460799073851e-02         9.3349225612575486e-07         6.5200640621599038e-01
16                                     1.4144513388364857e-08         2.4615374188097124e-02        -2.4344135304741377e-02        -2.4108621101349839e-07         1.2698490295103232e-01        -1.7525484738544048e-01        -7.6859724773187988e-07         1.0832913428050111e-02
17                                    -4.1047611803887059e-03        -1.4225588371917057e-07        -1.2740782230524059e-07         7.4318395830260987e-03         1.1480868151481503e-06        -6.6678296625290514e-07        -6.0511331884060326e-02        -2.5934597683345276e-06
18                                     7.8568126501696608e-08        -1.8679983767062008e-02        -1.0689951991876896e-02        -2.0586430017609889e-08        -1.1595894038414435e-01        -4.7262011614239610e-02         4.0746900575853370e-07        -4.3977814003481185e-02
19                                     1.7611703594003474e-08        -3.4290801618057240e-02        -1.9844497824099104e-02         3.4660325814031890e-08        -4.2307031828625108e-02        -6.8293818403918169e-02         2.1133043122311377e-07        -7.8899473680253684e-04
20                                     4.0186012501440618e-03         9.7054972148448052e-08         3.5875412336653570e-08         3.7419469846319327e-03         2.2948007528185627e-07         1.1771329117129387e-07        -2.5661982000132932e-02         2.1275044907736231e-07
21                                     3.5500773154840892e-07        -1.1595646684716923e-01         4.7263591952587385e-02         3.8960596722828108e-07        -1.8678579796046361e-02         1.0689928459954680e-02         2.0872447062617196e-07         3.1846443156398462e-03
22                                    -5.6900603761122886e-08         4.2308629365981509e-02        -6.8296843553186076e-02        -2.0608529353494687e-07         3.4290750591840793e-02        -1.9845838810846402e-02        -2.5729552647801947e-07        -5.2863597009971197e-03
23                                     4.5779847882216410e-03         5.5411324861467975e-07        -3.3896634147137049e-07        -2.5662093506909813e-02         8.7277113662709824e-08        -1.5929476572196395e-09         3.7419324569985084e-03         7.1782922632113990e-09
24                                     9.3100060549159636e-08         1.1790129942450440e-04        -9.7821976117109122e-04        -5.5486650539117479e-08        -1.9172792149292715e-03        -3.3197190524110569e-03         1.0697292912742596e-07        -1.9873183878458402e-02
25                                    -5.2451721004844756e-08        -1.1926539852242807e-03        -9.4386430767954231e-04         1.9766502097738309e-08        -2.8162564639523501e-03        -3.6083169304552075e-04        -2.2532170391971088e-08        -1.5257541618618576e-02
26                                     7.0073070751814452e-03        -1.8954804024031387e-08        -2.9425295213171004e-08        -7.2939362869272988e-04         6.3591014823325264e-08         4.4532425348643629e-08         7.4252273769450736e-03         1.1796434683036378e-07
27                                     1.9518996944064087e-07        -1.9170984965113536e-03         3.3197689554608787e-03        -2.5402704464096225e-08         1.1797531279199563e-04         9.7818694534928651e-04         5.7608286544860674e-08         1.9211279776671516e-03
28                                    -3.6534905785769650e-08         2.8162991540269960e-03        -3.6102608980058447e-04        -5.7085480961730491e-08         1.1926051369022940e-03        -9.4392767633642047e-04         2.5553850524306377e-08         1.1386567203802971e-03
29                                     1.7508452441424901e-03         3.9563524638939150e-08        -1.8116573047019238e-08         7.4252130348119285e-03         1.7924913329984715e-08        -2.6536050931804745e-08        -7.2939758130795155e-04         2.0852620242793954e-08
30                                     6.9188673257826192e-08         1.6027433470557012e-03        -2.7791225025109584e-02        -2.5868545991118740e-08        -3.6144844836081174e-03        -1.3042627183534189e-03         4.1515465595100551e-08        -1.2802644316271209e-03
