*************************************************
******************* ORCA 6.0.0 ******************
*************************************************
$Calculation_Status
   &GeometryIndex 1
   &ListStatus       OUT
   &VERSION [&Type "String"] "6.0.0"
   &PROGNAME [&Type "String"] "LeanSCF"
   &STATUS [&Type "String"] "NORMAL TERMINATION"
$End
$Geometry
   &GeometryIndex 1
   &ListStatus       OUT
   &NATOMS [&Type "Integer"] 12
   &NCORELESSECP [&Type "Integer"] 0
   &NGHOSTATOMS [&Type "Integer"] 0
   &CartesianCoordinates [&Type "Coordinates", &Dim(12,4), &Units "Bohr"] 
              C     -4.671178827488    1.314938274147    0.000026055166
              C     -4.671277950048   -1.314626343290   -0.000125839131
              C     -2.400207929930   -2.629825258103   -0.000188183275
              C     -0.118259790706   -1.319843886406   -0.000082373918
              C     -0.118161109018    1.319816963100    0.000102488541
              C     -2.400013011483    2.629970118462    0.000145736435
              Cl     2.699332215741    3.019972269278    0.000280530978
              Cl     2.699103978398   -3.020211303193   -0.000208892595
              H     -6.437516629153    2.354156724365    0.000058621950
              H     -6.437691682044   -2.353714035042   -0.000208415061
              H     -2.368641183974   -4.677634766909   -0.000327352156
              H     -2.368293050500    4.677777653448    0.000272415927
$End
$SCF_Energy
   &GeometryIndex 1
   &ListStatus       OUT
   &SCF_ENERGY [&Type "Double"]      -1.1513686625769560e+03
$End
$DFT_Energy
   &GeometryIndex 1
   &ListStatus       OUT
   &NALPHAEL [&Type "Integer"] 37
   &NBETAEL [&Type "Integer"] 37
   &NTOTALEL [&Type "Integer"] 74
   &EEXCHANGE [&Type "Double"]      -8.7788570423939859e+01
   &ECORR [&Type "Double"]      -2.6243816270756235e+00
   &ECNL [&Type "Double"]       0.0000000000000000e+00
   &EXC [&Type "Double"]      -9.0412952051015480e+01
   &EEMBED [&Type "Double"]       0.0000000000000000e+00
   &FINALEN [&Type "Double"]      -1.1513686625769560e+03  "No Van der Waals correction"
$End
$Mulliken_Population_Analysis
   &GeometryIndex 1
   &ListStatus       OUT
   &NATOMS [&Type "Integer"] 12
   &ATNO [&Type "ArrayOfIntegers", &Dim (12,1)] 
                                                         0

0                                                        6
1                                                        6
2                                                        6
3                                                        6
4                                                        6
5                                                        6
6                                                       17
7                                                       17
8                                                        1
9                                                        1
10                                                       1
11                                                       1
   &ATOMICCHARGES [&Type "ArrayOfDoubles", &Dim (12,1)] 
                                                         0

0                                     -1.0720648773136610e-01
1                                     -1.0723470293186388e-01
2                                     -1.6491832494377512e-01
3                                      1.0827759434842221e-01
4                                      1.0827959438147694e-01
5                                     -1.6493681270623828e-01
6                                     -8.4206905033511248e-02
7                                     -8.4206867363178617e-02
8                                      1.1921933099404480e-01
9                                      1.1921453133353066e-01
10                                     1.2886073523493935e-01
11                                     1.2885831441776019e-01
$End
$Loewdin_Population_Analysis
   &GeometryIndex 1
   &ListStatus       OUT
   &NATOMS [&Type "Integer"] 12
   &ATNO [&Type "ArrayOfIntegers", &Dim (12,1)] 
                                                         0

0                                                        6
1                                                        6
2                                                        6
3                                                        6
4                                                        6
5                                                        6
6                                                       17
7                                                       17
8                                                        1
9                                                        1
10                                                       1
11                                                       1
   &ATOMICCHARGES [&Type "ArrayOfDoubles", &Dim (12,1)] 
                                                         0

0                                     -1.3502090894874819e-01
1                                     -1.3502074478559312e-01
2                                     -1.3787547878604478e-01
3                                     -4.3330851476835530e-01
4                                     -4.3330736077436871e-01
5                                     -1.3787539620061651e-01
6                                      4.0693892796096165e-01
7                                      4.0693976359623107e-01
8                                      1.4797679236031092e-01
9                                      1.4797667055809016e-01
10                                     1.5128810822129912e-01
11                                     1.5128814156705717e-01
$End
$Mayer_Population_Analysis
   &GeometryIndex 1
   &ListStatus       OUT
   &NATOMS [&Type "Integer"] 12 "Total number of atoms"
   &BONDTHRESH [&Type "Double"]       1.0000000000000001e-01  "The threshold for printing"
   &NBONDORDERSPRINT [&Type "Integer"] 12 "The number of bond orders larger than threshold"
   &BONDORDERS [&Type "ArrayOfDoubles", &Dim (12,1)] "The bond orders"
                                                         0

0                                      1.3842125935481915e+00
1                                      1.3998592040944375e+00
2                                      9.6865279222055778e-01
3                                      1.3998791668246753e+00
4                                      9.6866410007096504e-01
5                                      1.3614591487244982e+00
6                                      9.6073500991552307e-01
7                                      1.2673565630317085e+00
8                                      1.0676756557625378e+00
9                                      1.3614298848541246e+00
10                                     1.0676830402898412e+00
11                                     9.6074113916369475e-01
   &COMPONENTS [&Type "ArrayOfIntegers", &Dim (12,4)] "The indices and atomic numbers of the bonding atoms"
                                                         0                           1                           2                           3

0                                                        0                           6                           1                           6
1                                                        0                           6                           5                           6
2                                                        0                           6                           8                           1
3                                                        1                           6                           2                           6
4                                                        1                           6                           9                           1
5                                                        2                           6                           3                           6
6                                                        2                           6                          10                           1
7                                                        3                           6                           4                           6
8                                                        3                           6                           7                          17
9                                                        4                           6                           5                           6
10                                                       4                           6                           6                          17
11                                                       5                           6                          11                           1
   &ATNO [&Type "ArrayOfIntegers", &Dim (12,1)] "Atomic number of the elements"
                                                         0

0                                                        6
1                                                        6
2                                                        6
3                                                        6
4                                                        6
5                                                        6
6                                                       17
7                                                       17
8                                                        1
9                                                        1
10                                                       1
11                                                       1
   &NA [&Type "ArrayOfDoubles", &Dim (12,1)] "Mulliken gross atomic population"
                                                         0

0                                      6.1072064877313474e+00
1                                      6.1072347029318514e+00
2                                      6.1649183249437698e+00
3                                      5.8917224056515742e+00
4                                      5.8917204056185142e+00
5                                      6.1649368127062525e+00
6                                      1.7084206905033529e+01
7                                      1.7084206867363314e+01
8                                      8.8078066900595564e-01
9                                      8.8078546866647101e-01
10                                     8.7113926476506132e-01
11                                     8.7114168558223826e-01
   &ZA [&Type "ArrayOfDoubles", &Dim (12,1)] "Total nuclear charge"
                                                         0

0                                      6.0000000000000000e+00
1                                      6.0000000000000000e+00
2                                      6.0000000000000000e+00
3                                      6.0000000000000000e+00
4                                      6.0000000000000000e+00
5                                      6.0000000000000000e+00
6                                      1.7000000000000000e+01
7                                      1.7000000000000000e+01
8                                      1.0000000000000000e+00
9                                      1.0000000000000000e+00
10                                     1.0000000000000000e+00
11                                     1.0000000000000000e+00
   &QA [&Type "ArrayOfDoubles", &Dim (12,1)] "Mulliken gross atomic charge"
                                                         0

0                                     -1.0720648773134744e-01
1                                     -1.0723470293185144e-01
2                                     -1.6491832494376979e-01
3                                      1.0827759434842577e-01
4                                      1.0827959438148582e-01
5                                     -1.6493681270625249e-01
6                                     -8.4206905033529011e-02
7                                     -8.4206867363313620e-02
8                                      1.1921933099404436e-01
9                                      1.1921453133352899e-01
10                                     1.2886073523493868e-01
11                                     1.2885831441776174e-01
   &VA [&Type "ArrayOfDoubles", &Dim (12,1)] "Mayer's total valence"
                                                         0

0                                      3.8941601644056196e+00
1                                      3.8942077148653214e+00
2                                      3.9156490322728339e+00
3                                      3.8248374976480872e+00
4                                      3.8248113643275161e+00
5                                      3.9156181342731107e+00
6                                      1.2536027180174691e+00
7                                      1.2536024229849532e+00
8                                      9.7477566530314630e-01
9                                      9.7477769206236253e-01
10                                     9.8253981624567355e-01
11                                     9.8254190728937407e-01
   &BVA [&Type "ArrayOfDoubles", &Dim (12,1)] "Mayer's bonded valence"
                                                         0

0                                      3.8941601644054216e+00
1                                      3.8942077148652383e+00
2                                      3.9156490322728152e+00
3                                      3.8248374976480659e+00
4                                      3.8248113643275463e+00
5                                      3.9156181342727852e+00
6                                      1.2536027180175895e+00
7                                      1.2536024229848297e+00
8                                      9.7477566530313187e-01
9                                      9.7477769206232345e-01
10                                     9.8253981624570352e-01
11                                     9.8254190728936197e-01
   &FA [&Type "ArrayOfDoubles", &Dim (12,1)] "Mayer's free valence"
                                                         0

0                                      0.0000000000000000e+00
1                                      0.0000000000000000e+00
2                                      0.0000000000000000e+00
3                                      0.0000000000000000e+00
4                                      0.0000000000000000e+00
5                                      0.0000000000000000e+00
6                                      0.0000000000000000e+00
7                                      0.0000000000000000e+00
8                                      0.0000000000000000e+00
9                                      0.0000000000000000e+00
10                                     0.0000000000000000e+00
11                                     0.0000000000000000e+00
$End
$VdW_Correction
   &GeometryIndex 1
   &ListStatus       OUT
   &VDW [&Type "Double"]      -4.7786424489535875e-03
$End
$Calculation_Info
   &GeometryIndex 1
   &ListStatus       OUT
   &MULT [&Type "Integer"] 1
   &CHARGE [&Type "Integer"] 0
   &NUMOFATOMS [&Type "Integer"] 12
   &NUMOFELECTRONS [&Type "Integer"] 74
   &NUMOFFCELECTRONS [&Type "Integer"] 1
   &NUMOFCORRELECTRONS [&Type "Integer"] 0
   &NUMOFBASISFUNCTS [&Type "Integer"] 284
   &NUMOFAUXCBASISFUNCTS [&Type "Integer"] 0
   &NUMOFAUXJBASISFUNCTS [&Type "Integer"] 308
   &NUMOFAUXJKBASISFUNCTS [&Type "Integer"] 0
   &NUMOFCABSBASISFUNCTS [&Type "Integer"] 0
   &TOTALENERGY [&Type "Double"]      -1.1513685411366048e+03  "Hartrees"
$End
$SCF_Dipole_Moment
   &GeometryIndex 1
   &ListStatus       OUT
   &METHOD [&Type "String"] "SCF"
   &LEVEL [&Type "String"] "Relaxed density"
   &MULT [&Type "Integer"] 1
   &STATE [&Type "Integer"] -1
   &IRREP [&Type "Integer"] 0
   &NATOMS [&Type "Integer"] 12
   &DODIPOLEATOM [&Type "Boolean"] false
   &DIPOLEELECCONTRIB [&Type "ArrayOfDoubles", &Dim (3,1)] "Electronic contribution"
                                                         0

0                                      1.1606512879027974e+01
1                                     -4.3478906716110793e-04
2                                      1.4160592113951126e-04
   &DIPOLENUCCONTRIB [&Type "ArrayOfDoubles", &Dim (3,1)] "Nuclear contribution"
                                                         0

0                                     -1.2581653318969106e+01
1                                      4.7095754612591634e-04
2                                     -1.5585545570414276e-04
   &DIPOLETOTAL [&Type "ArrayOfDoubles", &Dim (3,1)] "Total"
                                                         0

0                                     -9.7514043994113209e-01
1                                      3.6168478964808404e-05
2                                     -1.4249534564631498e-05
   &DIPOLEMAGNITUDE [&Type "Double", &Units "a.u."]       9.7514044071599904e-01
$End
$THERMOCHEMISTRY_Energies
   &GeometryIndex 1
   &ListStatus       OUT
   &TEMPERATURE [&Type "Double"]       2.9814999999999998e+02
   &PRESSURE [&Type "Double"]       1.0000000000000000e+00
   &TOTALMASS [&Type "Double"]       1.4700399999999999e+02
   &SPINDEGENERACY [&Type "Integer"] 1
   &ELENERGY [&Type "Double"]      -1.1513685411366048e+03
   &TRANSENERGY [&Type "Double"]       1.4162714244859817e-03
   &ROTENERGY [&Type "Double"]       1.4162714244859817e-03
   &VIBENERGY [&Type "Double"]       3.8253736872770048e-03
   &NUMOFFREQS [&Type "Integer"] 36
   &FREQSCALINGFACTOR [&Type "Double"]       1.0000000000000000e+00
   &FREQ [&Type "ArrayOfDoubles", &Dim (36,1)] "In cm^-1"
                                                         0

0                                      0.0000000000000000e+00
1                                      0.0000000000000000e+00
2                                      0.0000000000000000e+00
3                                      0.0000000000000000e+00
4                                      0.0000000000000000e+00
5                                      0.0000000000000000e+00
6                                      1.3905451448063681e+02
7                                      2.0410819398564644e+02
8                                      2.3750151699617396e+02
9                                      3.3925902782081340e+02
10                                     4.2903285776765836e+02
11                                     4.4568211899935790e+02
12                                     4.7401371412131061e+02
13                                     5.2473549712534179e+02
14                                     6.7049789319275578e+02
15                                     7.1553685311310176e+02
16                                     7.4433942776126435e+02
17                                     7.5592572396322180e+02
18                                     8.6454022329569273e+02
19                                     9.4261279009437931e+02
20                                     9.6682857683546104e+02
21                                     1.0440488226520608e+03
22                                     1.0555540780915037e+03
23                                     1.1286205786220703e+03
24                                     1.1486937059409429e+03
25                                     1.1845657501691830e+03
26                                     1.2747025563096349e+03
27                                     1.3315411789058960e+03
28                                     1.4576312012206727e+03
29                                     1.4814036317763739e+03
30                                     1.6032064473243506e+03
31                                     1.6061063278817246e+03
32                                     3.1720653349355130e+03
33                                     3.1839456120317805e+03
34                                     3.1942203516750092e+03
35                                     3.1985060472978898e+03
   &ZPE [&Type "Double"]       8.0917052649361040e-02
   &INNERENERGYU [&Type "Double"]      -1.1512809661674194e+03
   &ENTHALPYH [&Type "Double"]      -1.1512800219583771e+03
   &QEL [&Type "Double"]       0.0000000000000000e+00
   &QROT [&Type "Double"]       1.3304934865000333e-02
   &QVIB [&Type "Double"]       6.0927483934979602e-03
   &QTRANS [&Type "Double"]       1.9416916786201419e-02
   &ENTROPYS [&Type "Double"]       3.8814600044699714e-02
   &FREEENERGYG [&Type "Double"]      -1.1513188365584217e+03
   &ISLINEAR [&Type "Boolean"] false
$End
$Hessian
   &GeometryIndex 1
   &ListStatus       OUT
   &HESSIAN [&Type "ArrayOfDoubles", &Dim (36,36)] "The Hessian"
                                                         0                           1                           2                           3                           4                           5                           6                           7

0                                      7.1806485264789632e-01        -3.4074471176911800e-02         7.3758207261956618e-06        -1.2630866732562032e-01         2.8599077027483238e-02         8.5434386447767587e-07         2.8035639194859348e-02         3.0797189004958331e-02
1                                     -3.4074471176911800e-02         6.7997478934223876e-01         3.2002102495124810e-05        -2.8614657891749357e-02        -3.3213701787096161e-01        -1.6301028639496609e-05         7.1978149601571798e-02        -2.9371720284676890e-02
2                                      7.3758207261956618e-06         3.2002102495124810e-05         1.2438536946013304e-01        -2.7462976919698947e-06        -1.5481040092794464e-05        -5.7497860657460195e-02         4.5425140964779820e-06        -1.6174816051778240e-06
3                                     -1.2630866732562032e-01        -2.8614657891749357e-02        -2.7462976919698947e-06         7.1806932064459039e-01         3.4073035012999436e-02         8.4371199568977381e-06        -2.8379505853730008e-01         1.2278867483610795e-01
4                                      2.8599077027483238e-02        -3.3213701787096161e-01        -1.5481040092794464e-05         3.4073035012999436e-02         6.7996995405942995e-01         3.3592970540454162e-05         6.2002622482345893e-02        -1.7976739926874102e-01
5                                      8.5434386447767587e-07        -1.6301028639496609e-05        -5.7497860657460195e-02         8.4371199568977381e-06         3.3592970540454162e-05         1.2438549341848117e-01         1.5840450343076594e-06        -6.7479574205103794e-06
6                                      2.8035639194859348e-02         7.1978149601571798e-02         4.5425140964779820e-06        -2.8379505853730008e-01         6.2002622482345893e-02         1.5840450343076594e-06         6.5424951590611746e-01        -1.4522263308099049e-02
7                                      3.0797189004958331e-02        -2.9371720284676890e-02        -1.6174816051778240e-06         1.2278867483610795e-01        -1.7976739926874102e-01        -6.7479574205103794e-06        -1.4522263308099049e-02         7.4004011821723448e-01
8                                      2.2464415157248376e-06        -9.9114925388174178e-07         6.6492337268930016e-03         6.0109516050637098e-06        -8.0043070710567161e-06        -5.6561357416122005e-02         3.4975449154748648e-06         4.0949524133676690e-05
9                                     -1.3874129817054669e-02        -2.9119580433637462e-02        -2.0551619673551161e-06        -6.0547207423277030e-02         2.6043299870012838e-02         7.7001800782657502e-07        -2.5147128545793557e-01        -1.2575150249534528e-01
10                                    -2.7974943728808172e-02        -4.9215432101602744e-02        -3.4145638144340884e-06        -2.4742588076875766e-02         5.9361913659758667e-02         3.0277711977421775e-06        -6.7008158728326203e-02        -1.7415257627577524e-01
11                                    -2.1376607642042436e-06        -3.4609389492093869e-06        -4.5537889058318015e-03        -1.8793331615740409e-06         3.7785616859942273e-06         5.5293057055276242e-03        -6.5781398557819063e-06        -8.6466329722568417e-06
12                                    -6.0547409554985401e-02        -2.6034357741232458e-02        -2.3021982915072448e-06        -1.3869853917953211e-02         2.9116891551920550e-02         1.6984038847632017e-06         2.7618868224772872e-02        -2.4784689534098105e-02
13                                     2.4751557164804254e-02         5.9361998090858008e-02         3.4582274973579158e-06         2.7972304157050130e-02        -4.9219681880284610e-02        -2.6432955938493747e-06        -7.3816318718681717e-02        -2.4331684839748256e-02
14                                     3.1326291563354557e-07         3.0815226762370720e-06         5.5293689784494289e-03         1.7843963466862653e-06        -2.6913784186108578e-06        -4.5538285459932361e-03        -3.5771188772494400e-06        -2.0801734392414661e-06
15                                    -2.8380999983936767e-01        -6.1995568982079301e-02        -7.5212854583625545e-06         2.8027860902135392e-02        -7.1982354328744322e-02        -3.9572575845758745e-06        -5.8931717490028804e-02         3.9316212550074680e-04
16                                    -1.2278166590988988e-01        -1.7975373135383602e-01        -9.7325667936997593e-06        -3.0801440997490284e-02        -2.9364144192815619e-02        -2.4526313425996959e-06        -3.8888525753494937e-04        -3.4409297688767736e-04
17                                    -1.1758865286674375e-05        -9.2641216810863746e-06        -5.6561124476416536e-02        -1.6265447958320184e-06        -2.7191701773797315e-06         6.6492519070178759e-03        -9.6926437533126932e-07         2.1172800858146184e-07
18                                     6.2785902751079370e-04         7.8378791779750417e-03         4.3433826555563648e-07        -1.3896309795846924e-03        -2.1082997930196327e-03        -1.1614297114002597e-07         3.1575528977609854e-03        -1.0356945949739245e-03
19                                     1.6607842780589136e-03         5.0301441459186472e-04        -2.0299230236525398e-07        -1.2921116134607198e-03         2.8360383689426992e-04         1.1483409486114455e-07         5.3274773422091869e-03        -4.7183604691391880e-03
20                                     1.6575814499299172e-07         9.2974971535546611e-08         4.9414439229465614e-03        -8.8952615430726850e-08        -3.3489982208135072e-08        -8.1601384321606228e-04         4.0977542772802767e-07        -7.2471508687802812e-07
21                                    -1.3893682145329886e-03         2.1084480140311718e-03         9.6813435388365848e-08         6.2716994534654791e-04        -7.8378907306492652e-03        -5.1885207304225511e-07        -4.4327068693748368e-02         2.4063370830995818e-02
22                                     1.2922274229375456e-03         2.8332842173792909e-04         1.4958873787055730e-07        -1.6608136755738836e-03         5.0373174605498460e-04        -2.7712427593096378e-07         7.5579140484125992e-04         5.1356754417295324e-03
23                                     8.7431726273193322e-08         2.3875578480400638e-08        -8.1600890600771060e-04        -2.8134031623309445e-07        -1.4284208142888098e-07         4.9414387638976043e-03        -1.5317841225311897e-07        -1.6646779937961870e-08
24                                    -2.6447885305432789e-01         1.2133953939486440e-01         3.3865266132339907e-06         3.6904512848635264e-03        -1.8231319497450729e-03        -3.3761359695323493e-07         1.9190983648501047e-03        -3.4260711754739194e-04
25                                     1.2155079550514922e-01        -1.2949935230125378e-01        -3.5409994053597941e-06         2.8810851122326626e-02        -1.0295811878626503e-02        -9.7510839083359851e-08        -1.1362809649350138e-03        -5.9390718869695609e-03
26                                     3.6012158286222839e-06        -3.4970236926034260e-06        -3.3446038838013517e-02         1.6396998491749491e-06        -6.6754054135507723e-07         1.6634066487791806e-03        -9.0368747726042088e-08        -7.8555068081087001e-07
27                                     3.6884487818234523e-03         1.8220757568590887e-03         4.2539208850583948e-07        -2.6449750773650216e-01        -1.2133000517171344e-01        -9.8962225940074977e-06        -1.9815156711133888e-02        -1.5647239221049835e-02
28                                    -2.8811840858902274e-02        -1.0293766284398098e-02        -8.8937355177640034e-07        -1.2154130122479970e-01        -1.2948154143412116e-01        -7.0320714363500500e-06         1.5203024305640842e-02         1.1026379928656155e-02
29                                    -1.5732676341003056e-06        -4.0355857584234887e-07         1.6633731913795590e-03        -1.0135497192262909e-05        -7.0887412864018778e-06        -3.3445854823647023e-02         1.0729934085425157e-06         2.4461944679891351e-07
30                                    -4.6409185693233332e-03         2.4843161502418145e-03         5.8607464086788351e-08         4.6344608301966215e-03         2.7724394465264694e-02         1.8656088783746225e-06        -5.5357606796477644e-02         4.2190686338620265e-03
31                                     3.1109903168854798e-03         7.6089605889451128e-04        -2.7185553957795416e-07        -1.8751315493536758e-03        -1.0614952223785518e-02        -6.9926155825684402e-07         1.3365627205476249e-03        -3.3843816060861986e-01
32                                     1.8502918937033639e-07        -4.0558310958900819e-07         7.0553251547729387e-03        -6.6053935880557461e-07        -1.7304811292470408e-07         2.6507083142371241e-03         3.7717864808996010e-07        -2.0779364968982159e-05
33                                     4.6325467231222890e-03        -2.7725489342738614e-02        -1.6754410588475583e-06        -4.6413376868950171e-03        -2.4838732156460511e-03        -3.6312315768952251e-07        -1.2827809017364844e-03         1.0806667170808286e-04
34                                     1.8740184270408453e-03        -1.0613006131592141e-02        -4.0516280058378750e-07        -3.1105853196895933e-03         7.6134544719816920e-04        -3.8462938837483873e-07        -1.7256711599037073e-05         8.6089302293759404e-04
35                                     6.2086155228650183e-07        -9.3095464425288451e-07         2.6507073491552416e-03        -4.7399027495346567e-07        -4.7003980089331007e-07         7.0553105284979316e-03        -1.6250683238636930e-07         3.2680291757048967e-08
                                                         8                           9                          10                          11                          12                          13                          14                          15

0                                      2.2464415157248376e-06        -1.3874129817054669e-02        -2.7974943728808172e-02        -2.1376607642042436e-06        -6.0547409554985401e-02         2.4751557164804254e-02         3.1326291563354557e-07        -2.8380999983936767e-01
1                                     -9.9114925388174178e-07        -2.9119580433637462e-02        -4.9215432101602744e-02        -3.4609389492093869e-06        -2.6034357741232458e-02         5.9361998090858008e-02         3.0815226762370720e-06        -6.1995568982079301e-02
2                                      6.6492337268930016e-03        -2.0551619673551161e-06        -3.4145638144340884e-06        -4.5537889058318015e-03        -2.3021982915072448e-06         3.4582274973579158e-06         5.5293689784494289e-03        -7.5212854583625545e-06
3                                      6.0109516050637098e-06        -6.0547207423277030e-02        -2.4742588076875766e-02        -1.8793331615740409e-06        -1.3869853917953211e-02         2.7972304157050130e-02         1.7843963466862653e-06         2.8027860902135392e-02
4                                     -8.0043070710567161e-06         2.6043299870012838e-02         5.9361913659758667e-02         3.7785616859942273e-06         2.9116891551920550e-02        -4.9219681880284610e-02        -2.6913784186108578e-06        -7.1982354328744322e-02
5                                     -5.6561357416122005e-02         7.7001800782657502e-07         3.0277711977421775e-06         5.5293057055276242e-03         1.6984038847632017e-06        -2.6432955938493747e-06        -4.5538285459932361e-03        -3.9572575845758745e-06
6                                      3.4975449154748648e-06        -2.5147128545793557e-01        -6.7008158728326203e-02        -6.5781398557819063e-06         2.7618868224772872e-02        -7.3816318718681717e-02        -3.5771188772494400e-06        -5.8931717490028804e-02
7                                      4.0949524133676690e-05        -1.2575150249534528e-01        -1.7415257627577524e-01        -8.6466329722568417e-06        -2.4784689534098105e-02        -2.4331684839748256e-02        -2.0801734392414661e-06         3.9316212550074680e-04
8                                      1.2531926030763757e-01        -9.9028554987489031e-06        -7.8225307318948749e-06        -6.0816156415753983e-02        -1.4457859985961247e-06        -2.9337332691132981e-06         7.4833155562537106e-03        -5.6399181145526588e-07
9                                     -9.9028554987489031e-06         5.3499286329923246e-01         5.8098633097128753e-02         6.9159998028394133e-06        -9.3113426037865071e-02         2.7384383665903303e-02         1.0883980083568260e-06         2.7626296267819674e-02
10                                    -7.8225307318948749e-06         5.8098633097128753e-02         5.9346967463905309e-01         3.3341057948700029e-05        -2.7399791481408944e-02        -3.0084176198104212e-01        -1.7381034786195424e-05         7.3812419649838243e-02
11                                    -6.0816156415753983e-02         6.9159998028394133e-06         3.3341057948700029e-05         1.2100855839301865e-01        -1.6817961255913103e-06        -1.6983868169605230e-05        -6.2734113455730586e-02         4.0396120429237255e-06
12                                    -1.4457859985961247e-06        -9.3113426037865071e-02        -2.7399791481408944e-02        -1.6817961255913103e-06         5.3498132699289913e-01        -5.8093666737421834e-02         3.0678989062123342e-06        -2.5145450962530080e-01
13                                    -2.9337332691132981e-06         2.7384383665903303e-02        -3.0084176198104212e-01        -1.6983868169605230e-05        -5.8093666737421834e-02         5.9347784307612628e-01         3.1208132597350204e-05         6.7012789041709167e-02
14                                     7.4833155562537106e-03         1.0883980083568260e-06        -1.7381034786195424e-05        -6.2734113455730586e-02         3.0678989062123342e-06         3.1208132597350204e-05         1.2100863964762265e-01         1.5751495076715041e-06
15                                    -5.6399181145526588e-07         2.7626296267819674e-02         7.3812419649838243e-02         4.0396120429237255e-06        -2.5145450962530080e-01         6.7012789041709167e-02         1.5751495076715041e-06         6.5425045882308208e-01
16                                     2.4610949283161841e-07         2.4780762549653137e-02        -2.4338668024360272e-02        -1.4682953625626271e-06         1.2575610727834344e-01        -1.7416694916979628e-01        -4.9615316482325430e-06         1.4530695079303033e-02
17                                    -4.1026844732272496e-03         1.9222992306113081e-06        -1.2670721045639932e-06         7.4832900389357679e-03         4.4733296993076731e-06        -5.3711595963620209e-06        -6.0816618744513148e-02         9.9651167075311179e-06
18                                    -2.5070690334683092e-07        -1.8698089293591659e-02        -1.0748231451008027e-02        -6.5035220641641008e-07        -1.2105892680422500e-01        -5.0707542867337807e-02        -5.3627278154966266e-06        -4.4328720402232166e-02
19                                    -6.8349221239417358e-07        -3.4644700220988985e-02        -2.0087679676652131e-02        -2.0322027948688000e-06        -4.5747537261346671e-02        -7.0269705898133625e-02        -4.2513258110481750e-06        -7.5205276412429467e-04
20                                     4.0508340510337949e-03        -2.6321568948586031e-06        -1.3698470522010937e-06         3.8705647869593171e-03        -4.8144727617792339e-06        -4.3866286523894105e-06        -2.5212629097638061e-02        -8.7641373920832157e-07
21                                     1.7074369485105698e-06        -1.2105228705842523e-01         5.0711863734969831e-02         3.5084004186535933e-06        -1.8694636459146239e-02         1.0748145993045452e-02         2.6762164070488761e-07         3.1571977238654993e-03
22                                    -1.0667606282230998e-07         4.5751903205667334e-02        -7.0277725896432608e-02        -3.3460050973631959e-06         3.4644588971692383e-02        -2.0091054825481722e-02        -1.3907993078541715e-06        -5.3280414428035217e-03
23                                     4.6520626987589919e-03         3.1281086910406703e-06        -3.4799787779920925e-06        -2.5212985562262119e-02         2.2711150288332378e-06        -1.2870685557913523e-06         3.8705443481862924e-03        -4.1278671717416282e-07
24                                    -1.1594640043771300e-07         1.0975302799062173e-04        -9.6964081639077434e-04         6.6529557501010362e-08        -1.8744020759634342e-03        -3.3010329766690735e-03        -6.1718905556484667e-07        -1.9815154890560821e-02
25                                    -7.7539643146034323e-07        -1.1739244669113991e-03        -9.4103251245066162e-04        -2.7506210581356523e-08        -2.8376175877088241e-03        -3.7101076062528884e-04        -3.7483869560909458e-07        -1.5200717007121396e-02
26                                     6.9926263715085714e-03         6.6444367189751067e-08         6.9579639995285133e-08        -7.2894375400278590e-04        -3.0415480629192741e-07        -5.5093507038027136e-07         7.4593338597508229e-03        -1.5215541314988691e-06
27                                    -1.3503195931545478e-06        -1.8739569044806184e-03         3.3011471221445670e-03         3.5253921021637991e-07         1.0990928770317644e-04         9.6954550658366525e-04        -7.2986744362704023e-08         1.9191983845519237e-03
28                                     6.9057602269846014e-07         2.8377041135016134e-03        -3.7146032335210019e-04        -3.2418634533598665e-07         1.1738258345137154e-03        -9.4119466910883031e-04        -2.1219574236533796e-08         1.1356974135673676e-03
29                                     1.7011113945040179e-03         9.6434676324489500e-08        -3.3926230300867242e-07         7.4593484655039646e-03        -8.3271663988357140e-08         1.3884595743051283e-08        -7.2893842446589098e-04         2.6307234766814639e-08
30                                     2.1206183577542562e-07         1.5453848863694582e-03        -2.8020150055819752e-02        -1.8718237752192083e-06        -3.6442159709101883e-03        -1.3113750278432590e-03        -1.9957544481008398e-07        -1.2828065902253821e-03
