*************************************************
******************* ORCA 6.0.0 ******************
*************************************************
$Calculation_Status
   &GeometryIndex 1
   &ListStatus       OUT
   &VERSION [&Type "String"] "6.0.0"
   &PROGNAME [&Type "String"] "LeanSCF"
   &STATUS [&Type "String"] "NORMAL TERMINATION"
$End
$Geometry
   &GeometryIndex 1
   &ListStatus       OUT
   &NATOMS [&Type "Integer"] 11
   &NCORELESSECP [&Type "Integer"] 0
   &NGHOSTATOMS [&Type "Integer"] 0
   &CartesianCoordinates [&Type "Coordinates", &Dim(11,4), &Units "Bohr"] 
              C     -3.309046967698   -1.245359824580    0.030929391598
              C     -0.871622164495    0.162618549231   -0.181668009680
              O     -0.652526176079    2.380115283775   -0.772643099111
              O      1.124860424757   -1.333421136309    0.340965475402
              C      3.590341610145   -0.152928228258    0.128980321014
              H     -4.891479219628    0.055211399965   -0.172016119312
              H     -3.414453673854   -2.227761946867    1.845034861075
              H     -3.393760083261   -2.678559152337   -1.459027963771
              H      3.747218265069    1.418280564106    1.459179743173
              H      3.897712531925    0.515140376086   -1.800140903952
              H      4.944043256710   -1.629963195639    0.600995292525
$End
$SCF_Energy
   &GeometryIndex 1
   &ListStatus       OUT
   &SCF_ENERGY [&Type "Double"]      -2.6835719726635000e+02
$End
$DFT_Energy
   &GeometryIndex 1
   &ListStatus       OUT
   &NALPHAEL [&Type "Integer"] 20
   &NBETAEL [&Type "Integer"] 20
   &NTOTALEL [&Type "Integer"] 40
   &EEXCHANGE [&Type "Double"]      -3.4281056681673682e+01
   &ECORR [&Type "Double"]      -1.2862293429613600e+00
   &ECNL [&Type "Double"]       0.0000000000000000e+00
   &EXC [&Type "Double"]      -3.5567286024635045e+01
   &EEMBED [&Type "Double"]       0.0000000000000000e+00
   &FINALEN [&Type "Double"]      -2.6835719726635000e+02  "No Van der Waals correction"
$End
$Mulliken_Population_Analysis
   &GeometryIndex 1
   &ListStatus       OUT
   &NATOMS [&Type "Integer"] 11
   &ATNO [&Type "ArrayOfIntegers", &Dim (11,1)] 
                                                         0

0                                                        6
1                                                        6
2                                                        8
3                                                        8
4                                                        6
5                                                        1
6                                                        1
7                                                        1
8                                                        1
9                                                        1
10                                                       1
   &ATOMICCHARGES [&Type "ArrayOfDoubles", &Dim (11,1)] 
                                                         0

0                                     -3.0747613625459369e-01
1                                      3.3178720443615717e-01
2                                     -3.6952554060108866e-01
3                                     -2.6067412287424574e-01
4                                     -1.4700564574390107e-01
5                                      1.3437732988544582e-01
6                                      1.2625466324586077e-01
7                                      1.2662135026606558e-01
8                                      1.2335727960903542e-01
9                                      1.2279571459951399e-01
10                                     1.1948790343170712e-01
$End
$Loewdin_Population_Analysis
   &GeometryIndex 1
   &ListStatus       OUT
   &NATOMS [&Type "Integer"] 11
   &ATNO [&Type "ArrayOfIntegers", &Dim (11,1)] 
                                                         0

0                                                        6
1                                                        6
2                                                        8
3                                                        8
4                                                        6
5                                                        1
6                                                        1
7                                                        1
8                                                        1
9                                                        1
10                                                       1
   &ATOMICCHARGES [&Type "ArrayOfDoubles", &Dim (11,1)] 
                                                         0

0                                     -2.5804822288405127e-01
1                                     -5.0745138338251028e-01
2                                      8.4003746760177300e-02
3                                      2.2373235180258799e-01
4                                     -2.9139912620066166e-01
5                                      1.3575639144370577e-01
6                                      1.3736758178548103e-01
7                                      1.4107559214253262e-01
8                                      1.1226796674782824e-01
9                                      1.1214524209820576e-01
10                                     1.1054985968666331e-01
$End
$Mayer_Population_Analysis
   &GeometryIndex 1
   &ListStatus       OUT
   &NATOMS [&Type "Integer"] 11 "Total number of atoms"
   &BONDTHRESH [&Type "Double"]       1.0000000000000001e-01  "The threshold for printing"
   &NBONDORDERSPRINT [&Type "Integer"] 10 "The number of bond orders larger than threshold"
   &BONDORDERS [&Type "ArrayOfDoubles", &Dim (10,1)] "The bond orders"
                                                         0

0                                      9.8104187202317861e-01
1                                      9.7599796013065221e-01
2                                      9.5186459108229005e-01
3                                      9.4523221823982995e-01
4                                      1.9791533379591100e+00
5                                      1.1583635146200975e+00
6                                      8.8835601370085482e-01
7                                      9.7294756496363755e-01
8                                      9.7295133548782897e-01
9                                      9.6816035799043521e-01
   &COMPONENTS [&Type "ArrayOfIntegers", &Dim (10,4)] "The indices and atomic numbers of the bonding atoms"
                                                         0                           1                           2                           3

0                                                        0                           6                           1                           6
1                                                        0                           6                           5                           1
2                                                        0                           6                           6                           1
3                                                        0                           6                           7                           1
4                                                        1                           6                           2                           8
5                                                        1                           6                           3                           8
6                                                        3                           8                           4                           6
7                                                        4                           6                           8                           1
8                                                        4                           6                           9                           1
9                                                        4                           6                          10                           1
   &ATNO [&Type "ArrayOfIntegers", &Dim (11,1)] "Atomic number of the elements"
                                                         0

0                                                        6
1                                                        6
2                                                        8
3                                                        8
4                                                        6
5                                                        1
6                                                        1
7                                                        1
8                                                        1
9                                                        1
10                                                       1
   &NA [&Type "ArrayOfDoubles", &Dim (11,1)] "Mulliken gross atomic population"
                                                         0

0                                      6.3074761362545866e+00
1                                      5.6682127955638686e+00
2                                      8.3695255406011348e+00
3                                      8.2606741228742546e+00
4                                      6.1470056457439153e+00
5                                      8.6562267011455429e-01
6                                      8.7374533675413923e-01
7                                      8.7337864973393398e-01
8                                      8.7664272039096558e-01
9                                      8.7720428540048845e-01
10                                     8.8051209656829321e-01
   &ZA [&Type "ArrayOfDoubles", &Dim (11,1)] "Total nuclear charge"
                                                         0

0                                      6.0000000000000000e+00
1                                      6.0000000000000000e+00
2                                      8.0000000000000000e+00
3                                      8.0000000000000000e+00
4                                      6.0000000000000000e+00
5                                      1.0000000000000000e+00
6                                      1.0000000000000000e+00
7                                      1.0000000000000000e+00
8                                      1.0000000000000000e+00
9                                      1.0000000000000000e+00
10                                     1.0000000000000000e+00
   &QA [&Type "ArrayOfDoubles", &Dim (11,1)] "Mulliken gross atomic charge"
                                                         0

0                                     -3.0747613625458659e-01
1                                      3.3178720443613141e-01
2                                     -3.6952554060113485e-01
3                                     -2.6067412287425462e-01
4                                     -1.4700564574391528e-01
5                                      1.3437732988544571e-01
6                                      1.2625466324586077e-01
7                                      1.2662135026606602e-01
8                                      1.2335727960903442e-01
9                                      1.2279571459951155e-01
10                                     1.1948790343170679e-01
   &VA [&Type "ArrayOfDoubles", &Dim (11,1)] "Mayer's total valence"
                                                         0

0                                      3.8335877000980298e+00
1                                      4.1589285896012704e+00
2                                      2.1136519866764587e+00
3                                      2.0676021570721903e+00
4                                      3.8603445853280745e+00
5                                      9.8964933666646326e-01
6                                      9.8432783774568366e-01
7                                      9.8373849655065748e-01
8                                      9.8026544009094119e-01
9                                      9.8031252767044907e-01
10                                     9.7126968112259315e-01
   &BVA [&Type "ArrayOfDoubles", &Dim (11,1)] "Mayer's bonded valence"
                                                         0

0                                      3.8335877000981382e+00
1                                      4.1589285896012127e+00
2                                      2.1136519866763441e+00
3                                      2.0676021570721805e+00
4                                      3.8603445853280416e+00
5                                      9.8964933666646848e-01
6                                      9.8432783774569921e-01
7                                      9.8373849655067902e-01
8                                      9.8026544009093852e-01
9                                      9.8031252767043875e-01
10                                     9.7126968112259171e-01
   &FA [&Type "ArrayOfDoubles", &Dim (11,1)] "Mayer's free valence"
                                                         0

0                                      0.0000000000000000e+00
1                                      0.0000000000000000e+00
2                                      0.0000000000000000e+00
3                                      0.0000000000000000e+00
4                                      0.0000000000000000e+00
5                                      0.0000000000000000e+00
6                                      0.0000000000000000e+00
7                                      0.0000000000000000e+00
8                                      0.0000000000000000e+00
9                                      0.0000000000000000e+00
10                                     0.0000000000000000e+00
$End
$VdW_Correction
   &GeometryIndex 1
   &ListStatus       OUT
   &VDW [&Type "Double"]      -2.0134951876232513e-03
$End
$Calculation_Info
   &GeometryIndex 1
   &ListStatus       OUT
   &MULT [&Type "Integer"] 1
   &CHARGE [&Type "Integer"] 0
   &NUMOFATOMS [&Type "Integer"] 11
   &NUMOFELECTRONS [&Type "Integer"] 40
   &NUMOFFCELECTRONS [&Type "Integer"] 1
   &NUMOFCORRELECTRONS [&Type "Integer"] 0
   &NUMOFBASISFUNCTS [&Type "Integer"] 191
   &NUMOFAUXCBASISFUNCTS [&Type "Integer"] 0
   &NUMOFAUXJBASISFUNCTS [&Type "Integer"] 216
   &NUMOFAUXJKBASISFUNCTS [&Type "Integer"] 0
   &NUMOFCABSBASISFUNCTS [&Type "Integer"] 0
   &TOTALENERGY [&Type "Double"]      -2.6835131709873764e+02  "Hartrees"
$End
$SCF_Dipole_Moment
   &GeometryIndex 1
   &ListStatus       OUT
   &METHOD [&Type "String"] "SCF"
   &LEVEL [&Type "String"] "Relaxed density"
   &MULT [&Type "Integer"] 1
   &STATE [&Type "Integer"] -1
   &IRREP [&Type "Integer"] 0
   &NATOMS [&Type "Integer"] 11
   &DODIPOLEATOM [&Type "Boolean"] false
   &DIPOLEELECCONTRIB [&Type "ArrayOfDoubles", &Dim (3,1)] "Electronic contribution"
                                                         0

0                                     -2.0855620336835298e-01
1                                      1.4026951175500759e+00
2                                     -3.1200670117073737e-01
   &DIPOLENUCCONTRIB [&Type "ArrayOfDoubles", &Dim (3,1)] "Nuclear contribution"
                                                         0

0                                      3.9010143513861539e-01
1                                     -2.1412280617011747e+00
2                                      5.0237725151714319e-01
   &DIPOLETOTAL [&Type "ArrayOfDoubles", &Dim (3,1)] "Total"
                                                         0

0                                      1.8154523177026241e-01
1                                     -7.3853294415109882e-01
2                                      1.9037055034640582e-01
   &DIPOLEMAGNITUDE [&Type "Double", &Units "a.u."]       7.8398375443257873e-01
$End
$THERMOCHEMISTRY_Energies
   &GeometryIndex 1
   &ListStatus       OUT
   &TEMPERATURE [&Type "Double"]       2.9814999999999998e+02
   &PRESSURE [&Type "Double"]       1.0000000000000000e+00
   &TOTALMASS [&Type "Double"]       7.4078999999999979e+01
   &SPINDEGENERACY [&Type "Integer"] 1
   &ELENERGY [&Type "Double"]      -2.6835131709873764e+02
   &TRANSENERGY [&Type "Double"]       1.4162714244859817e-03
   &ROTENERGY [&Type "Double"]       1.4162714244859817e-03
   &VIBENERGY [&Type "Double"]       3.2208349598001119e-03
   &NUMOFFREQS [&Type "Integer"] 33
   &FREQSCALINGFACTOR [&Type "Double"]       1.0000000000000000e+00
   &FREQ [&Type "ArrayOfDoubles", &Dim (33,1)] "In cm^-1"
                                                         0

0                                      0.0000000000000000e+00
1                                      0.0000000000000000e+00
2                                      0.0000000000000000e+00
3                                      0.0000000000000000e+00
4                                      0.0000000000000000e+00
5                                      0.0000000000000000e+00
6                                      9.0628506988328880e+01
7                                      1.4771882559500898e+02
8                                      1.9496577138461458e+02
9                                      2.8853987044760487e+02
10                                     4.3059308083797811e+02
11                                     6.1665020618569667e+02
12                                     6.4968540191745512e+02
13                                     8.5145050883859699e+02
14                                     9.7772332348522048e+02
15                                     1.0454553565785377e+03
16                                     1.0628145148051340e+03
17                                     1.1658754886372546e+03
18                                     1.1991212709076497e+03
19                                     1.2674767300077938e+03
20                                     1.3907865965538990e+03
21                                     1.4585555243459794e+03
22                                     1.4615471683183396e+03
23                                     1.4707415890877132e+03
24                                     1.4779969730778741e+03
25                                     1.4839429008575007e+03
26                                     1.7238156228568562e+03
27                                     3.0296425685418872e+03
28                                     3.0319955132043492e+03
29                                     3.1022976904071443e+03
30                                     3.1206887007341134e+03
31                                     3.1478688879967340e+03
32                                     3.1512066381562490e+03
   &ZPE [&Type "Double"]       8.8939174976801719e-02
   &INNERENERGYU [&Type "Double"]      -2.6825632454595205e+02
   &ENTHALPYH [&Type "Double"]      -2.6825538033690981e+02
   &QEL [&Type "Double"]       0.0000000000000000e+00
   &QROT [&Type "Double"]       1.2033578860730748e-02
   &QVIB [&Type "Double"]       5.6281090161874082e-03
   &QTRANS [&Type "Double"]       1.8446306739833024e-02
   &ENTROPYS [&Type "Double"]       3.6107994616751182e-02
   &FREEENERGYG [&Type "Double"]      -2.6829148833152658e+02
   &ISLINEAR [&Type "Boolean"] false
$End
$Hessian
   &GeometryIndex 1
   &ListStatus       OUT
   &HESSIAN [&Type "ArrayOfDoubles", &Dim (33,33)] "The Hessian"
                                                         0                           1                           2                           3                           4                           5                           6                           7

0                                      5.2655908609727953e-01        -5.8681859010783724e-02         8.9525071845972127e-03        -1.7890562278527028e-01        -4.9679970128411258e-02         7.2493230893371126e-03         2.7412110207191420e-03        -1.2766760143151860e-02
1                                     -5.8681859010783724e-02         5.5050856198341813e-01        -1.4833598619787400e-02        -5.0433821109438552e-02        -1.0110616728298313e-01         1.5854023370947511e-03        -3.4390448853435077e-02        -3.3900182289171521e-02
2                                      8.9525071845972127e-03        -1.4833598619787400e-02         5.2900399286782418e-01         8.8024696545602760e-03         2.1037546104232929e-03        -8.6337012909950189e-02         8.8980353292972512e-03         1.4553773625293517e-02
3                                     -1.7890562278527028e-01        -5.0433821109438552e-02         8.8024696545602760e-03         5.9011942572890863e-01         8.3365047083281602e-02        -1.1713464178269239e-03        -1.3038548277560971e-01        -7.7819405095113106e-02
4                                     -4.9679970128411258e-02        -1.0110616728298313e-01         2.1037546104232929e-03         8.3365047083281602e-02         8.4714351591632153e-01        -1.6073373313119593e-01        -6.6987350266106624e-02        -5.9621563976434189e-01
5                                      7.2493230893371126e-03         1.5854023370947511e-03        -8.6337012909950189e-02        -1.1713464178269239e-03        -1.6073373313119593e-01         2.7945237012439561e-01         1.5622385705955628e-02         1.3438277785444649e-01
6                                      2.7412110207191420e-03        -3.4390448853435077e-02         8.8980353292972512e-03        -1.3038548277560971e-01        -6.6987350266106624e-02         1.5622385705955628e-02         1.1795630333164234e-01         5.1727487222282389e-02
7                                     -1.2766760143151860e-02        -3.3900182289171521e-02         1.4553773625293517e-02        -7.7819405095113106e-02        -5.9621563976434189e-01         1.3438277785444649e-01         5.1727487222282389e-02         7.0912779399780834e-01
8                                      2.6539306140352659e-03         1.2409844947657383e-02         2.1621949045976023e-02         1.8836236210575091e-02         1.3539771011135554e-01        -1.2072169993915494e-01        -9.5228949018714721e-03        -1.7964509746034663e-01
9                                     -4.8440504314143658e-02         1.7490783975431062e-02        -8.1347079439671715e-03        -2.0474711272915952e-01         5.7727940048583670e-02        -2.3644815686635769e-02         6.3227315298552272e-03         5.2507300686476008e-02
10                                    -9.9361010490691543e-03         1.3089379277604930e-02        -9.2525132589456479e-04         4.2182199826695257e-02        -1.4802955785531371e-01         2.5453815717297511e-02         5.2254085073307900e-02        -7.6342303755347563e-02
11                                    -1.3115741473320348e-03         1.1762105997815877e-04         8.9462403076413025e-03        -1.8480175583585230e-02         2.5873455785546513e-02        -7.3331654523386178e-02        -1.5557031137543991e-02         3.2023277756667301e-02
12                                     1.6709252646795597e-03         4.7148952701101298e-03        -1.0219976649143395e-03        -6.5516151760017530e-02         6.0260736766859641e-03        -5.0113621871456593e-03         4.8349148728924277e-03        -1.5900155899529061e-02
13                                     4.3007267908008471e-03        -1.5635201265711818e-03         2.0993089207294495e-03         1.3044039760587073e-02         2.2110729539935585e-02        -5.2538447815652957e-03         3.3317426940592245e-03        -6.1579007467480618e-03
14                                    -1.4746476580036274e-03         2.6308291688502700e-03         4.3121506303475249e-03        -7.2772854925613455e-03        -5.7927530788776608e-03         1.4997136520055049e-03        -3.9029547932053208e-04        -8.0399047702352537e-04
15                                    -2.0688244810913042e-01         1.3051705183746898e-01        -1.9472302245560177e-02        -2.0573856640664495e-02         2.3472220995865507e-02        -3.7393759699172794e-03         3.8141241786420928e-03        -4.1499084101798145e-04
16                                     1.3773604192567140e-01        -1.5987357030826779e-01         1.8425151351927817e-02        -1.3714192240526630e-02         1.0843722167425539e-02        -1.6918128949907274e-03         3.5009589552697324e-04         9.8337218692159771e-04
17                                    -2.0761168939336605e-02         1.8616145568770528e-02        -4.9457365791012009e-02         1.2422324642200121e-03        -2.3948213940681688e-03        -2.8052540670822235e-03         1.6339453301492297e-04         6.7686009204431016e-05
18                                    -4.8761104569574679e-02        -3.7288740257849372e-03         1.1528791521192246e-02         2.5687906650303256e-03        -1.1642744216952076e-02         2.9960282302579407e-02        -3.9175019691031409e-03        -4.1355847488193194e-03
19                                    -4.2528561497486659e-03        -1.0021920403730517e-01         1.1416363263011614e-01         3.2394167975611891e-04        -1.1872091158086250e-02         1.6147978559202015e-02        -4.4717302288333110e-03        -1.7432013089231915e-03
20                                     1.2079078067368817e-02         1.1296624074604386e-01        -2.4950095195265889e-01        -1.2935034978183418e-03         1.8457312155670644e-03        -1.8221909300263576e-03         2.9797647452294929e-04        -1.6344180268873156e-03
21                                    -4.6158918610309914e-02        -6.7866809893891798e-03        -9.0466625775736421e-03         1.2251550063476554e-03        -2.0877107195782500e-02        -2.5715151575712858e-02        -2.7689104373101047e-03        -9.9628660549643498e-04
22                                    -5.6832427674413637e-03        -1.6753228908152043e-01        -1.3526817840199756e-01        -1.9852861555901859e-04        -1.6175978862416500e-02        -1.2290672145180056e-02        -3.4845644809326235e-03         3.8409483131574169e-04
23                                    -7.6325691141508473e-03        -1.3321135831755887e-01        -1.7804642790794450e-01         1.3978432259987780e-04         2.2303404022528481e-03         2.6380967454504630e-03         9.1565285689715944e-04         1.5155567603232414e-03
24                                    -3.7945255355130236e-04         4.3960592402722738e-04         9.3073335412278090e-04         4.0955536476369068e-03        -7.4953816222730531e-03         6.8573349219157266e-04        -7.5257251374609077e-05         3.2905187313523538e-03
25                                    -3.0124185390392397e-04        -5.7627878926329486e-06        -2.6619417702974783e-04         3.4591856842929496e-03        -1.6509856320566802e-03         1.2547699269419058e-03        -1.9074448840952036e-05         1.3579500456766900e-03
26                                    -9.7127006946545573e-05         1.1776335699192095e-04        -3.5869316502399511e-04         7.4598835407323118e-04        -2.8936245072329224e-03         1.4388026852842689e-03         1.2773770046539310e-03         1.4054952577484299e-03
27                                    -2.6690124633891145e-04        -2.8782469241360502e-04        -1.0577014295397650e-03         4.2049782640087990e-03        -7.0142260442178717e-03         3.8197571295792761e-03         4.9213567149670318e-05         3.4809644191286602e-03
28                                    -1.9981151861912750e-04        -1.3325868072813600e-04         8.1255843525376563e-05         2.7311242621728682e-03        -2.6175719366303921e-04        -2.2128175308934147e-05        -7.0566796136289846e-04         6.1309626668689266e-04
29                                     2.5482039563147225e-04        -2.7808151773031208e-04        -4.2905383321049944e-04        -2.1374316270726199e-03         3.2337728811619049e-03         5.7426632725054603e-05        -1.0759273395641198e-03        -1.5938068106659681e-03
30                                    -1.1762701943590559e-03         1.2387128990390909e-03        -3.7782035652962246e-04        -2.0856766212107207e-03        -6.8370572323912682e-03         1.8095616434341524e-03         1.4286539324966704e-03         9.2557655855248378e-04
31                                    -6.2646732017456559e-04         7.3601333341701165e-04        -1.6678649044039022e-04        -2.9970363344306731e-03        -4.7857898748213199e-03         1.2149533616990721e-03         2.4967610696708512e-03         1.8929205361228989e-03
32                                     8.6082689114726999e-05        -8.7676697176230882e-05         2.4517270801090646e-04         7.2804008699731344e-04         1.0826604766267520e-03        -6.8597470261095954e-05        -6.6682973082064941e-04        -2.9378617211019836e-04
                                                         8                           9                          10                          11                          12                          13                          14                          15

0                                      2.6539306140352659e-03        -4.8440504314143658e-02        -9.9361010490691543e-03        -1.3115741473320348e-03         1.6709252646795597e-03         4.3007267908008471e-03        -1.4746476580036274e-03        -2.0688244810913042e-01
1                                      1.2409844947657383e-02         1.7490783975431062e-02         1.3089379277604930e-02         1.1762105997815877e-04         4.7148952701101298e-03        -1.5635201265711818e-03         2.6308291688502700e-03         1.3051705183746898e-01
2                                      2.1621949045976023e-02        -8.1347079439671715e-03        -9.2525132589456479e-04         8.9462403076413025e-03        -1.0219976649143395e-03         2.0993089207294495e-03         4.3121506303475249e-03        -1.9472302245560177e-02
3                                      1.8836236210575091e-02        -2.0474711272915952e-01         4.2182199826695257e-02        -1.8480175583585230e-02        -6.5516151760017530e-02         1.3044039760587073e-02        -7.2772854925613455e-03        -2.0573856640664495e-02
4                                      1.3539771011135554e-01         5.7727940048583670e-02        -1.4802955785531371e-01         2.5873455785546513e-02         6.0260736766859641e-03         2.2110729539935585e-02        -5.7927530788776608e-03         2.3472220995865507e-02
5                                     -1.2072169993915494e-01        -2.3644815686635769e-02         2.5453815717297511e-02        -7.3331654523386178e-02        -5.0113621871456593e-03        -5.2538447815652957e-03         1.4997136520055049e-03        -3.7393759699172794e-03
6                                     -9.5228949018714721e-03         6.3227315298552272e-03         5.2254085073307900e-02        -1.5557031137543991e-02         4.8349148728924277e-03         3.3317426940592245e-03        -3.9029547932053208e-04         3.8141241786420928e-03
7                                     -1.7964509746034663e-01         5.2507300686476008e-02        -7.6342303755347563e-02         3.2023277756667301e-02        -1.5900155899529061e-02        -6.1579007467480618e-03        -8.0399047702352537e-04        -4.1499084101798145e-04
8                                      8.5816274459115854e-02        -1.5783019249503233e-02         3.2057134734985754e-02         2.0242383701475013e-02         4.9220746469658414e-03         6.6256360647001626e-05        -6.2215135995467141e-03        -2.1516100292542917e-04
9                                     -1.5783019249503233e-02         4.6966918506337924e-01        -3.3241304956958755e-02         2.9107015120355816e-02        -1.3695448352070758e-01        -5.0484844459480996e-02         1.1053410203575632e-02        -6.7213288864407198e-03
10                                     3.2057134734985754e-02        -3.3241304956958755e-02         3.2694245827456347e-01        -7.1477462156433663e-02        -2.5630502212622384e-02        -1.1059639774952014e-01         1.1336283550622613e-02        -3.9236789411714601e-03
11                                     2.0242383701475013e-02         2.9107015120355816e-02        -7.1477462156433663e-02         9.8210958813141208e-02         3.7473597440425381e-03         1.0167286098812072e-02        -6.8366778996325719e-02         7.0390730570425654e-04
12                                     4.9220746469658414e-03        -1.3695448352070758e-01        -2.5630502212622384e-02         3.7473597440425381e-03         4.4350016380876117e-01        -8.5928543569875379e-02         1.7458583926630820e-02        -2.6070249667724862e-05
13                                     6.6256360647001626e-05        -5.0484844459480996e-02        -1.1059639774952014e-01         1.0167286098812072e-02        -8.5928543569875379e-02         5.6730592461647011e-01         7.9999674733263401e-04         1.1191053849342247e-03
14                                    -6.2215135995467141e-03         1.1053410203575632e-02         1.1336283550622613e-02        -6.8366778996325719e-02         1.7458583926630820e-02         7.9999674733263401e-04         5.8634798490175133e-01        -5.3387552070086996e-04
15                                    -2.1516100292542917e-04        -6.7213288864407198e-03        -3.9236789411714601e-03         7.0390730570425654e-04        -2.6070249667724862e-05         1.1191053849342247e-03        -5.3387552070086996e-04         2.2586404999451851e-01
16                                    -5.4180992251483522e-04        -3.9550365540417191e-03        -1.2377782235807862e-03         1.6574433338906045e-04        -9.4675352311848911e-04         6.5048336150487236e-04        -1.6393516484142234e-04        -1.4405497805095024e-01
17                                    -4.8551097860934436e-04         2.5688621959435730e-04         2.5268755465873574e-04         1.1193780957840208e-03        -2.6183074776339949e-05         1.1045302072579060e-04         8.8450642498895372e-04         2.2373533869310510e-02
18                                    -2.7671492076867844e-03        -1.0308271518987568e-03         5.5898065307924860e-04        -2.1468386169757690e-03         2.8214573430054428e-04        -2.0259492947556960e-04        -4.3353204996267363e-04         2.9446114646204304e-03
19                                    -1.7136167065272476e-03         1.6824830726377736e-03         6.7576967962654699e-04        -6.7810087126036469e-04        -3.0077846673094016e-04        -2.2593661926588438e-04        -6.4725486556740681e-04        -3.4634187703720398e-03
20                                     2.4684316573480311e-04        -2.1912241372051833e-04        -7.6847973966076523e-04         7.3246841216262435e-04         3.5843769720112807e-04        -1.0887584072838061e-06         3.2695117164161847e-04         8.9889859879774270e-05
21                                     4.0526711193108137e-03        -1.2704122586172269e-03         1.2065225073935545e-03         1.7048876090320093e-03         5.1961693751150249e-05         1.8589492694798504e-04         9.2105641152368336e-04         2.4076844809927962e-03
22                                     2.6512518193097193e-03         1.3854579634101083e-03         7.9587293736707793e-04         6.7059699315877969e-04        -4.9348428136294096e-04         5.3924884480054634e-05         6.0813930001777066e-04        -2.8981067575925279e-03
23                                    -1.6629033586396031e-03        -3.5983328212167796e-04         2.5164575726590796e-04         3.3103813442047179e-04        -2.7983656238508934e-04         5.1923868515009420e-05         9.3629241788528456e-05         7.2818816306595771e-04
24                                    -1.0650238887336026e-03        -1.8811674922836252e-02        -2.9330141932697222e-02        -2.1555486401146226e-02        -4.6993095116168851e-02        -2.3191365333346502e-03        -2.7299642366982093e-03        -2.2840299912345487e-04
25                                    -3.6551463591928679e-04        -1.3137496760035710e-02        -1.1484809372000112e-02        -5.4481748652665495e-03        -7.9401071007134290e-03        -1.9826032307134328e-01        -1.3103322524326824e-01        -7.5073856851525216e-05
26                                    -1.3913232926237272e-04        -2.6953572692519304e-03         5.4091005528112369e-03         6.2186232304480213e-03        -7.5389055635440407e-03        -1.3177455683328504e-01        -1.6514600019477374e-01        -4.6793746224689080e-05
27                                    -8.5129536819062899e-04        -2.1824640335759374e-02        -1.4435537193932875e-02         3.1150067030206667e-02        -4.9590051446190525e-02        -6.5953355200432714e-03         2.2408115081820522e-02        -1.3933144735213610e-04
28                                    -7.8736390037474581e-05        -1.1381567952867815e-02        -7.3560330132896217e-03         1.3100534169129124e-02        -8.8017905262142079e-03        -7.3733168771874524e-02         7.5771234054481343e-02        -3.0426321777332057e-05
29                                     5.5198570357039363e-04         6.9619709927824184e-03         1.3656034295303834e-03         5.0086266570788015e-03         2.9366193117284247e-02         7.6964534610273541e-02        -2.8705864614531529e-01         7.4747119343339906e-05
30                                    -2.2221228719693947e-04        -3.6190932473671396e-02         2.0269813485726439e-02        -7.3570605705653176e-03        -1.5126025928163261e-01         1.2352599400639118e-01        -3.8870620949230189e-02        -4.5903178639486930e-04
31                                    -2.1489117525966056e-04        -1.8568050322904161e-02         1.3543399799889892e-02        -4.6198805805165392e-03         1.3522409808186009e-01        -1.9958381531706754e-01         4.7307365346912246e-02        -2.6268202870613228e-04
32                                     7.5132412934086771e-04         3.4525029566993591e-03        -2.8499757983870208e-03         8.8871616756044415e-04        -4.2105308316432319e-02         4.6757041407583508e-02        -6.6671997086561990e-02         3.2540793506484434e-05
                                                        16                          17                          18                          19                          20                          21                          22                          23

0                                      1.3773604192567140e-01        -2.0761168939336605e-02        -4.8761104569574679e-02        -4.2528561497486659e-03         1.2079078067368817e-02        -4.6158918610309914e-02        -5.6832427674413637e-03        -7.6325691141508473e-03
1                                     -1.5987357030826779e-01         1.8616145568770528e-02        -3.7288740257849372e-03        -1.0021920403730517e-01         1.1296624074604386e-01        -6.7866809893891798e-03        -1.6753228908152043e-01        -1.3321135831755887e-01
2                                      1.8425151351927817e-02        -4.9457365791012009e-02         1.1528791521192246e-02         1.1416363263011614e-01        -2.4950095195265889e-01        -9.0466625775736421e-03        -1.3526817840199756e-01        -1.7804642790794450e-01
3                                     -1.3714192240526630e-02         1.2422324642200121e-03         2.5687906650303256e-03         3.2394167975611891e-04        -1.2935034978183418e-03         1.2251550063476554e-03        -1.9852861555901859e-04         1.3978432259987780e-04
4                                      1.0843722167425539e-02        -2.3948213940681688e-03        -1.1642744216952076e-02        -1.1872091158086250e-02         1.8457312155670644e-03        -2.0877107195782500e-02        -1.6175978862416500e-02         2.2303404022528481e-03
