*************************************************
******************* ORCA 6.0.0 ******************
*************************************************
$Calculation_Status
   &GeometryIndex 1
   &ListStatus       OUT
   &VERSION [&Type "String"] "6.0.0"
   &PROGNAME [&Type "String"] "LeanSCF"
   &STATUS [&Type "String"] "NORMAL TERMINATION"
$End
$Geometry
   &GeometryIndex 1
   &ListStatus       OUT
   &NATOMS [&Type "Integer"] 11
   &NCORELESSECP [&Type "Integer"] 0
   &NGHOSTATOMS [&Type "Integer"] 0
   &CartesianCoordinates [&Type "Coordinates", &Dim(11,4), &Units "Bohr"] 
              C      3.331842415066    1.194871496131    0.019088816830
              C      0.848702225560   -0.158055438874   -0.255810813612
              O      0.602270327220   -2.352103440166   -0.838470958576
              O     -1.118709042481    1.389946748770    0.287412954327
              C     -3.570964903554    0.202302684282    0.150852846358
              H      3.117269914174    3.238549693978   -0.132278502555
              H      4.647310359039    0.484836484595   -1.399913195770
              H      4.108236114862    0.748734526139    1.884322796334
              H     -3.911171823422   -0.528181709484   -1.750496186289
              H     -4.925339580427    1.681268531497    0.618651787842
              H     -3.692102716738   -1.354999910339    1.502233760131
$End
$SCF_Energy
   &GeometryIndex 1
   &ListStatus       OUT
   &SCF_ENERGY [&Type "Double"]      -2.6835759559830433e+02
$End
$DFT_Energy
   &GeometryIndex 1
   &ListStatus       OUT
   &NALPHAEL [&Type "Integer"] 20
   &NBETAEL [&Type "Integer"] 20
   &NTOTALEL [&Type "Integer"] 40
   &EEXCHANGE [&Type "Double"]      -3.4286625403578171e+01
   &ECORR [&Type "Double"]      -1.2866739985934734e+00
   &ECNL [&Type "Double"]       0.0000000000000000e+00
   &EXC [&Type "Double"]      -3.5573299402171642e+01
   &EEMBED [&Type "Double"]       0.0000000000000000e+00
   &FINALEN [&Type "Double"]      -2.6835759559830433e+02  "No Van der Waals correction"
$End
$Mulliken_Population_Analysis
   &GeometryIndex 1
   &ListStatus       OUT
   &NATOMS [&Type "Integer"] 11
   &ATNO [&Type "ArrayOfIntegers", &Dim (11,1)] 
                                                         0

0                                                        6
1                                                        6
2                                                        8
3                                                        8
4                                                        6
5                                                        1
6                                                        1
7                                                        1
8                                                        1
9                                                        1
10                                                       1
   &ATOMICCHARGES [&Type "ArrayOfDoubles", &Dim (11,1)] 
                                                         0

0                                     -3.1082459611147506e-01
1                                      3.2931321985453188e-01
2                                     -3.5705135970282242e-01
3                                     -2.6400905207930947e-01
4                                     -1.4468330318013223e-01
5                                      1.2433485055373850e-01
6                                      1.3275567302878755e-01
7                                      1.2866112555991016e-01
8                                      1.2202140167515085e-01
9                                      1.1911525972060111e-01
10                                     1.2036678068114193e-01
$End
$Loewdin_Population_Analysis
   &GeometryIndex 1
   &ListStatus       OUT
   &NATOMS [&Type "Integer"] 11
   &ATNO [&Type "ArrayOfIntegers", &Dim (11,1)] 
                                                         0

0                                                        6
1                                                        6
2                                                        8
3                                                        8
4                                                        6
5                                                        1
6                                                        1
7                                                        1
8                                                        1
9                                                        1
10                                                       1
   &ATOMICCHARGES [&Type "ArrayOfDoubles", &Dim (11,1)] 
                                                         0

0                                     -2.5934911445865705e-01
1                                     -5.0858620081714800e-01
2                                      1.0001663330331656e-01
3                                      2.2185396132693214e-01
4                                     -2.9893496693427046e-01
5                                      1.3049807311821093e-01
6                                      1.3740283937753150e-01
7                                      1.4272027411073496e-01
8                                      1.1210535573029268e-01
9                                      1.1058893254702240e-01
10                                     1.1168421269620921e-01
$End
$Mayer_Population_Analysis
   &GeometryIndex 1
   &ListStatus       OUT
   &NATOMS [&Type "Integer"] 11 "Total number of atoms"
   &BONDTHRESH [&Type "Double"]       1.0000000000000001e-01  "The threshold for printing"
   &NBONDORDERSPRINT [&Type "Integer"] 10 "The number of bond orders larger than threshold"
   &BONDORDERS [&Type "ArrayOfDoubles", &Dim (10,1)] "The bond orders"
                                                         0

0                                      9.7199901991663207e-01
1                                      9.6412994435636445e-01
2                                      9.6720552953999428e-01
3                                      9.4360851729597350e-01
4                                      1.9821693211320506e+00
5                                      1.1574021188505956e+00
6                                      8.8924722116472521e-01
7                                      9.7289768800863297e-01
8                                      9.6818252332080479e-01
9                                      9.7282146838678241e-01
   &COMPONENTS [&Type "ArrayOfIntegers", &Dim (10,4)] "The indices and atomic numbers of the bonding atoms"
                                                         0                           1                           2                           3

0                                                        0                           6                           1                           6
1                                                        0                           6                           5                           1
2                                                        0                           6                           6                           1
3                                                        0                           6                           7                           1
4                                                        1                           6                           2                           8
5                                                        1                           6                           3                           8
6                                                        3                           8                           4                           6
7                                                        4                           6                           8                           1
8                                                        4                           6                           9                           1
9                                                        4                           6                          10                           1
   &ATNO [&Type "ArrayOfIntegers", &Dim (11,1)] "Atomic number of the elements"
                                                         0

0                                                        6
1                                                        6
2                                                        8
3                                                        8
4                                                        6
5                                                        1
6                                                        1
7                                                        1
8                                                        1
9                                                        1
10                                                       1
   &NA [&Type "ArrayOfDoubles", &Dim (11,1)] "Mulliken gross atomic population"
                                                         0

0                                      6.3108245961114697e+00
1                                      5.6706867801454672e+00
2                                      8.3570513597027745e+00
3                                      8.2640090520792899e+00
4                                      6.1446833031801615e+00
5                                      8.7566514944626150e-01
6                                      8.6724432697121334e-01
7                                      8.7133887444008773e-01
8                                      8.7797859832484848e-01
9                                      8.8088474027939812e-01
10                                     8.7963321931885807e-01
   &ZA [&Type "ArrayOfDoubles", &Dim (11,1)] "Total nuclear charge"
                                                         0

0                                      6.0000000000000000e+00
1                                      6.0000000000000000e+00
2                                      8.0000000000000000e+00
3                                      8.0000000000000000e+00
4                                      6.0000000000000000e+00
5                                      1.0000000000000000e+00
6                                      1.0000000000000000e+00
7                                      1.0000000000000000e+00
8                                      1.0000000000000000e+00
9                                      1.0000000000000000e+00
10                                     1.0000000000000000e+00
   &QA [&Type "ArrayOfDoubles", &Dim (11,1)] "Mulliken gross atomic charge"
                                                         0

0                                     -3.1082459611146973e-01
1                                      3.2931321985453277e-01
2                                     -3.5705135970277446e-01
3                                     -2.6400905207928993e-01
4                                     -1.4468330318016154e-01
5                                      1.2433485055373850e-01
6                                      1.3275567302878666e-01
7                                      1.2866112555991227e-01
8                                      1.2202140167515152e-01
9                                      1.1911525972060188e-01
10                                     1.2036678068114193e-01
   &VA [&Type "ArrayOfDoubles", &Dim (11,1)] "Mayer's total valence"
                                                         0

0                                      3.8460528510266752e+00
1                                      4.1517415492212688e+00
2                                      2.1259324052597059e+00
3                                      2.0845512028385791e+00
4                                      3.8626546712251733e+00
5                                      9.8648359069891034e-01
6                                      9.8605475885006078e-01
7                                      9.8271149711609074e-01
8                                      9.8093189814302195e-01
9                                      9.7265182878061429e-01
10                                     9.8031421047270495e-01
   &BVA [&Type "ArrayOfDoubles", &Dim (11,1)] "Mayer's bonded valence"
                                                         0

0                                      3.8460528510265446e+00
1                                      4.1517415492212626e+00
2                                      2.1259324052597566e+00
3                                      2.0845512028386266e+00
4                                      3.8626546712251315e+00
5                                      9.8648359069888192e-01
6                                      9.8605475885003335e-01
7                                      9.8271149711606431e-01
8                                      9.8093189814301862e-01
9                                      9.7265182878062184e-01
10                                     9.8031421047270728e-01
   &FA [&Type "ArrayOfDoubles", &Dim (11,1)] "Mayer's free valence"
                                                         0

0                                      0.0000000000000000e+00
1                                      0.0000000000000000e+00
2                                      0.0000000000000000e+00
3                                      0.0000000000000000e+00
4                                      0.0000000000000000e+00
5                                      0.0000000000000000e+00
6                                      0.0000000000000000e+00
7                                      0.0000000000000000e+00
8                                      0.0000000000000000e+00
9                                      0.0000000000000000e+00
10                                     0.0000000000000000e+00
$End
$VdW_Correction
   &GeometryIndex 1
   &ListStatus       OUT
   &VDW [&Type "Double"]      -2.0144400698829720e-03
$End
$Calculation_Info
   &GeometryIndex 1
   &ListStatus       OUT
   &MULT [&Type "Integer"] 1
   &CHARGE [&Type "Integer"] 0
   &NUMOFATOMS [&Type "Integer"] 11
   &NUMOFELECTRONS [&Type "Integer"] 40
   &NUMOFFCELECTRONS [&Type "Integer"] 1
   &NUMOFCORRELECTRONS [&Type "Integer"] 0
   &NUMOFBASISFUNCTS [&Type "Integer"] 191
   &NUMOFAUXCBASISFUNCTS [&Type "Integer"] 0
   &NUMOFAUXJBASISFUNCTS [&Type "Integer"] 216
   &NUMOFAUXJKBASISFUNCTS [&Type "Integer"] 0
   &NUMOFCABSBASISFUNCTS [&Type "Integer"] 0
   &TOTALENERGY [&Type "Double"]      -2.6835167607397420e+02  "Hartrees"
$End
$SCF_Dipole_Moment
   &GeometryIndex 1
   &ListStatus       OUT
   &METHOD [&Type "String"] "SCF"
   &LEVEL [&Type "String"] "Relaxed density"
   &MULT [&Type "Integer"] 1
   &STATE [&Type "Integer"] -1
   &IRREP [&Type "Integer"] 0
   &NATOMS [&Type "Integer"] 11
   &DODIPOLEATOM [&Type "Boolean"] false
   &DIPOLEELECCONTRIB [&Type "ArrayOfDoubles", &Dim (3,1)] "Electronic contribution"
                                                         0

0                                      1.2164955946134125e-01
1                                     -1.2886663849803741e+00
2                                     -4.9508757109409296e-01
   &DIPOLENUCCONTRIB [&Type "ArrayOfDoubles", &Dim (3,1)] "Nuclear contribution"
                                                         0

0                                     -2.6486870718437228e-01
1                                      1.9591077924069578e+00
2                                      7.2301747172613495e-01
   &DIPOLETOTAL [&Type "ArrayOfDoubles", &Dim (3,1)] "Total"
                                                         0

0                                     -1.4321914772303102e-01
1                                      6.7044140742658365e-01
2                                      2.2792990063204199e-01
   &DIPOLEMAGNITUDE [&Type "Double", &Units "a.u."]       7.2246483974570153e-01
$End
$THERMOCHEMISTRY_Energies
   &GeometryIndex 1
   &ListStatus       OUT
   &TEMPERATURE [&Type "Double"]       2.9814999999999998e+02
   &PRESSURE [&Type "Double"]       1.0000000000000000e+00
   &TOTALMASS [&Type "Double"]       7.4078999999999979e+01
   &SPINDEGENERACY [&Type "Integer"] 1
   &ELENERGY [&Type "Double"]      -2.6835167607397420e+02
   &TRANSENERGY [&Type "Double"]       1.4162714244859817e-03
   &ROTENERGY [&Type "Double"]       1.4162714244859817e-03
   &VIBENERGY [&Type "Double"]       3.2308088598657237e-03
   &NUMOFFREQS [&Type "Integer"] 33
   &FREQSCALINGFACTOR [&Type "Double"]       1.0000000000000000e+00
   &FREQ [&Type "ArrayOfDoubles", &Dim (33,1)] "In cm^-1"
                                                         0

0                                      0.0000000000000000e+00
1                                      0.0000000000000000e+00
2                                      0.0000000000000000e+00
3                                      0.0000000000000000e+00
4                                      0.0000000000000000e+00
5                                      0.0000000000000000e+00
6                                      7.7238650755853627e+01
7                                      1.5704907475133840e+02
8                                      1.9235683725811813e+02
9                                      2.9529556306575273e+02
10                                     4.3264630096283423e+02
11                                     6.0948197719814755e+02
12                                     6.4475437314630960e+02
13                                     8.4558274589764687e+02
14                                     9.9003453944165744e+02
15                                     1.0467630730892904e+03
16                                     1.0595537666620182e+03
17                                     1.1694353762836251e+03
18                                     1.2054382649031322e+03
19                                     1.2445636632017749e+03
20                                     1.3843465005692576e+03
21                                     1.4566964516922021e+03
22                                     1.4676916683010450e+03
23                                     1.4750865210909212e+03
24                                     1.4765512919908847e+03
25                                     1.4888483590709136e+03
26                                     1.7789124238875477e+03
27                                     3.0289094559282976e+03
28                                     3.0343645601809831e+03
29                                     3.1121585769157496e+03
30                                     3.1125428674905829e+03
31                                     3.1452875886357338e+03
32                                     3.1476917541273961e+03
   &ZPE [&Type "Double"]       8.9029155753968539e-02
   &INNERENERGYU [&Type "Double"]      -2.6825658356651138e+02
   &ENTHALPYH [&Type "Double"]      -2.6825563935746914e+02
   &QEL [&Type "Double"]       0.0000000000000000e+00
   &QROT [&Type "Double"]       1.2028741628507863e-02
   &QVIB [&Type "Double"]       5.6269750326682494e-03
   &QTRANS [&Type "Double"]       1.8446306739833024e-02
   &ENTROPYS [&Type "Double"]       3.6102023401009140e-02
   &FREEENERGYG [&Type "Double"]      -2.6829174138087012e+02
   &ISLINEAR [&Type "Boolean"] false
$End
$Hessian
   &GeometryIndex 1
   &ListStatus       OUT
   &HESSIAN [&Type "ArrayOfDoubles", &Dim (33,33)] "The Hessian"
                                                         0                           1                           2                           3                           4                           5                           6                           7

0                                      4.9408187360981765e-01        -4.7671030000614567e-02        -2.6554524416742505e-02        -1.6733101474498516e-01        -4.0564258079791339e-02        -7.3698862882383750e-03         2.8188469877661188e-03        -1.5345353604913459e-02
1                                     -4.7671030000614567e-02         5.7259965044635275e-01         8.8943366554030019e-03        -4.9134140712297450e-02        -1.0120933167968627e-01        -8.5762062125380699e-04        -3.7699940318475546e-02        -3.1068886104849095e-02
2                                     -2.6554524416742505e-02         8.8943366554030019e-03         5.3041842425181973e-01        -6.4030649531941113e-03        -5.4446841203729598e-05        -8.5282193916858789e-02        -7.4583136691830556e-03        -1.4501479324478270e-02
3                                     -1.6733101474498516e-01        -4.9134140712297450e-02        -6.4030649531941113e-03         5.7176203345290233e-01         9.4216673039518639e-02         8.0038010658247255e-03        -1.2799286029354776e-01        -9.1324720703881229e-02
4                                     -4.0564258079791339e-02        -1.0120933167968627e-01        -5.4446841203729598e-05         9.4216673039518639e-02         8.8811107033154313e-01         1.7569004812149319e-01        -8.0139380372332689e-02        -6.4824110117024447e-01
5                                     -7.3698862882383750e-03        -8.5762062125380699e-04        -8.5282193916858789e-02         8.0038010658247255e-03         1.7569004812149319e-01         2.7902516470756933e-01        -1.8993138816007393e-02        -1.4979340920479295e-01
6                                      2.8188469877661188e-03        -3.7699940318475546e-02        -7.4583136691830556e-03        -1.2799286029354776e-01        -8.0139380372332689e-02        -1.8993138816007393e-02         1.1522184011950914e-01         6.7272305534097854e-02
7                                     -1.5345353604913459e-02        -3.1068886104849095e-02        -1.4501479324478270e-02        -9.1324720703881229e-02        -6.4824110117024447e-01        -1.4979340920479295e-01         6.7272305534097854e-02         7.6163788329405946e-01
8                                     -2.0263444431800059e-03        -1.4968263489238708e-02         1.5384425083251774e-02        -2.1624874057428710e-02        -1.4974963864996560e-01        -1.1963246951032219e-01         1.3244968356594420e-02         1.9482115055547738e-01
9                                     -4.6826245189097851e-02         1.8116306578958144e-02         8.7173794975291090e-03        -1.9270277611814265e-01         5.1034479167629626e-02         2.1801314642807455e-02         7.7596522915927418e-03         5.1781422285356093e-02
10                                    -7.1890427302151796e-03         9.9317823263608412e-03         2.1376064803164830e-03         3.4377907756166920e-02        -1.4448928754949650e-01        -2.3834180780686103e-02         5.0411370222028608e-02        -7.7151589800256326e-02
11                                     9.2426425554566899e-05        -5.0915141672095267e-04         1.0384308898513248e-02         1.8066714241155440e-02        -2.5218849783731907e-02        -7.3626024600790319e-02         1.4993657445708354e-02        -3.2144087122812123e-02
12                                     1.9935637959475564e-03         3.6491353747137990e-03         2.3800507886138854e-03        -6.7518351139681326e-02         6.9374756227577293e-03         6.4561088917935820e-03         4.4039001843574083e-03        -1.6193241593296635e-02
13                                     4.1271974934848216e-03        -1.7691985689133457e-03        -2.6322118007899688e-03         1.3923150076475994e-02         2.2298078238624008e-02         5.0758459206465606e-03         3.7513101921892522e-03        -6.4751392422558304e-03
14                                     1.3466063506368401e-03        -1.5464862031774268e-03         6.5780505854996073e-03         7.7369309013117660e-03         5.5096364518350399e-03         2.1798072889372289e-03         1.0992193394114840e-04         1.0389393716163540e-03
15                                    -5.2235083571225166e-02         3.3326484076971669e-02         5.4356341828920552e-04         1.0026518048882545e-02        -2.9304854594268129e-02         4.4909304182458431e-03        -7.1841239221051914e-03        -4.8209116052050196e-03
16                                     2.8216138802911746e-02        -3.1291761162884635e-01         2.0972632086745460e-02         6.5302141894935800e-03        -1.6515642571853510e-02         2.5399579585610186e-04        -4.5742349806849698e-03        -4.5099424276483571e-04
17                                     8.6904740402169887e-04         2.0514104306053486e-02        -4.6347706977837660e-02        -3.8651364373040818e-04        -4.4027083537817617e-03        -3.3787592532181282e-03        -1.8599444625010716e-03        -1.1832729540709073e-03
18                                    -1.5244202495624193e-01         5.6924166094019880e-02         1.2082449300047016e-01        -1.9219633011205769e-02         1.2696141854685410e-02         2.2634914424011530e-02         3.0739478342806945e-03         1.2106705299289693e-03
19                                     5.9752868724930151e-02        -8.1832805232520622e-02        -6.6898089029279240e-02        -7.5518054078197588e-03         4.5730892711021744e-03         1.3821785489292767e-02         6.5127181422460932e-05        -8.2256747576328268e-05
20                                     1.2300470702030199e-01        -6.4917000868254027e-02        -1.7321720289046022e-01        -4.7843723923724976e-03         8.4142888132212462e-05         2.0272589792496108e-03        -2.6348376656741817e-04         1.2752468382475103e-03
21                                    -7.8419003716897848e-02         2.0940728415004536e-02        -9.2444273233352803e-02        -1.2279816348437160e-02         7.4186675441975753e-03        -3.0975405027658488e-02         4.0993790688197010e-04        -6.0776394162486737e-04
22                                     1.9639793060719925e-02        -5.4121338549675997e-02         5.1709532749113059e-02        -4.3616341745602574e-03         2.4069899699641194e-03        -1.7622932801619421e-02        -9.3538925844560694e-04        -2.2126405082394159e-03
23                                    -8.9162508976487129e-02         5.3176998429912803e-02        -2.5752591268573871e-01        -1.3671703388412944e-03        -9.9642836951240911e-04        -2.8501782850546835e-03        -3.2173183336491615e-04         3.0703354145427200e-04
24                                    -2.0445438156975839e-04         9.3565777522757214e-05         1.3914949151424810e-03         3.6415360941866098e-03        -7.3425734048256953e-03        -3.6664716449520515e-03         5.0142620298111685e-06         3.6202610596137476e-03
25                                    -2.3032650878964463e-04        -8.0296733550880729e-05         1.6506619936506534e-04         2.7997837977129813e-03        -2.9805373889090023e-04        -8.7265771260673327e-05        -5.5252632251358226e-04         6.0810190319409395e-04
26                                    -2.2812039873447215e-04         2.9295748815505104e-04        -3.6943583009802579e-04         2.0460526095782867e-03        -3.3009534554045063e-03         5.6547335082768064e-06         1.2917438321029039e-03         1.5868843346934676e-03
27                                    -1.0711978152822344e-03         1.1309129161144928e-03         5.1070085473501302e-04        -2.2870917267889170e-03        -7.0756202650407943e-03        -1.7934689399458407e-03         1.5592267276289368e-03         9.8137042786776516e-04
28                                    -5.8349759275443027e-04         6.8609359948480645e-04         1.9882369701628772e-04        -3.1590219284482013e-03        -4.8953087574923702e-03        -1.1914610068338252e-03         2.6086235105182995e-03         1.9711083179916652e-03
29                                    -7.8604236949316527e-05         4.8308002731968567e-05         3.0013496271134881e-04        -5.7018850687638495e-04        -9.1582900496368176e-04        -1.1882139934094496e-05         6.5406853585041206e-04         2.5193849928614731e-04
30                                    -3.6526001823135432e-04         4.3963317957938569e-04        -1.4771259915573709e-03         3.9014557868171503e-03        -7.7536927200711637e-03        -4.8568486442934625e-04        -7.5382098393858956e-05         3.2546636936686990e-03
31                                    -2.6831094646512059e-04        -2.1805787415578597e-04         3.3436170598196888e-05         3.5605362751796260e-03        -1.7405023435693636e-03        -1.4467146691468594e-03        -3.5967469415995905e-05         1.4655143009413771e-03
32                                     7.6821349066694741e-05        -1.5338932641773386e-04        -3.2289148080222394e-04        -8.2032878687845426e-04         3.3469365254081840e-03         1.5436219969136881e-03        -1.3403686276549683e-03        -1.6357225714410933e-03
                                                         8                           9                          10                          11                          12                          13                          14                          15

0                                     -2.0263444431800059e-03        -4.6826245189097851e-02        -7.1890427302151796e-03         9.2426425554566899e-05         1.9935637959475564e-03         4.1271974934848216e-03         1.3466063506368401e-03        -5.2235083571225166e-02
1                                     -1.4968263489238708e-02         1.8116306578958144e-02         9.9317823263608412e-03        -5.0915141672095267e-04         3.6491353747137990e-03        -1.7691985689133457e-03        -1.5464862031774268e-03         3.3326484076971669e-02
2                                      1.5384425083251774e-02         8.7173794975291090e-03         2.1376064803164830e-03         1.0384308898513248e-02         2.3800507886138854e-03        -2.6322118007899688e-03         6.5780505854996073e-03         5.4356341828920552e-04
3                                     -2.1624874057428710e-02        -1.9270277611814265e-01         3.4377907756166920e-02         1.8066714241155440e-02        -6.7518351139681326e-02         1.3923150076475994e-02         7.7369309013117660e-03         1.0026518048882545e-02
4                                     -1.4974963864996560e-01         5.1034479167629626e-02        -1.4448928754949650e-01        -2.5218849783731907e-02         6.9374756227577293e-03         2.2298078238624008e-02         5.5096364518350399e-03        -2.9304854594268129e-02
5                                     -1.1963246951032219e-01         2.1801314642807455e-02        -2.3834180780686103e-02        -7.3626024600790319e-02         6.4561088917935820e-03         5.0758459206465606e-03         2.1798072889372289e-03         4.4909304182458431e-03
6                                      1.3244968356594420e-02         7.7596522915927418e-03         5.0411370222028608e-02         1.4993657445708354e-02         4.4039001843574083e-03         3.7513101921892522e-03         1.0992193394114840e-04        -7.1841239221051914e-03
7                                      1.9482115055547738e-01         5.1781422285356093e-02        -7.7151589800256326e-02        -3.2144087122812123e-02        -1.6193241593296635e-02        -6.4751392422558304e-03         1.0389393716163540e-03        -4.8209116052050196e-03
8                                      8.5664487449603074e-02         1.5103020517616247e-02        -3.2058306835158590e-02         2.0001225621744553e-02        -5.1045140787943522e-03        -3.7491584758477491e-04        -6.0666752172713386e-03        -3.0365480507342211e-03
9                                      1.5103020517616247e-02         4.6346904558553104e-01        -2.0772919411138506e-02        -3.1716688886723063e-02        -1.4516780588972580e-01        -5.4839155534011363e-02        -8.8895384971846014e-03        -1.3037732623250105e-03
10                                    -3.2058306835158590e-02        -2.0772919411138506e-02         3.2884268984943144e-01         6.8264775343635259e-02        -2.9523404194667938e-02        -1.1353707144687014e-01        -1.0783785019838928e-02         1.1871950796615062e-03
11                                     2.0001225621744553e-02        -3.1716688886723063e-02         6.8264775343635259e-02         1.0054195242637799e-01        -2.1082999913077977e-03        -8.4491134366842750e-03        -6.9478375194986397e-02        -4.7950850054154866e-04
12                                    -5.1045140787943522e-03        -1.4516780588972580e-01        -2.9523404194667938e-02        -2.1082999913077977e-03         4.5612327796773416e-01        -8.3808468659478608e-02        -1.3046065057637297e-02         3.6690889563588923e-04
13                                    -3.7491584758477491e-04        -5.4839155534011363e-02        -1.1353707144687014e-01        -8.4491134366842750e-03        -8.3808468659478608e-02         5.6990625203153700e-01         3.8049563806389908e-03        -7.2303437080027054e-05
14                                    -6.0666752172713386e-03        -8.8895384971846014e-03        -1.0783785019838928e-02        -6.9478375194986397e-02        -1.3046065057637297e-02         3.8049563806389908e-03         5.8093643341862489e-01        -1.1986882078780561e-04
15                                    -3.0365480507342211e-03        -1.3037732623250105e-03         1.1871950796615062e-03        -4.7950850054154866e-04         3.6690889563588923e-04        -7.2303437080027054e-05        -1.1986882078780561e-04         5.3236607938461959e-02
16                                    -2.9518734775221865e-04         1.0317857253443127e-03         2.3103229933237593e-03         1.1184370616905935e-04        -3.2334834286149809e-04         3.4974264655219037e-04        -3.2196972420362835e-04        -3.1135066138547662e-02
17                                     1.7679466617691090e-03         8.3665617439578738e-04        -1.1925861797816459e-04        -9.7300593441751964e-05        -6.6766760331942051e-05         1.9838705206626136e-05        -1.8890024104073046e-04         2.4311774289555920e-03
18                                    -2.4513660713554523e-03        -6.1060146201666748e-03        -3.3686023025137671e-03        -6.5840121358448200e-04        -5.3043383432721351e-04         1.1244662854490441e-03        -4.9274263679289099e-04        -1.4778359230735564e-03
19                                    -1.1699626106848916e-03        -2.3444632782756540e-03        -1.6494369405065817e-04        -8.4147676952695026e-04        -3.3232432532589681e-04         6.6825141123679670e-04        -2.4327327814598781e-04         1.8877794287210529e-02
20                                     4.9487580489173712e-04        -1.3530744846067290e-03        -6.0099742317356328e-05         8.7751744968444850e-05        -7.2024673296085468e-04         3.3482676889946481e-05         8.6572899061275010e-05        -4.3815176006544538e-03
21                                     3.8412488761643002e-03        -2.2654940238860831e-03        -1.1982113433769803e-03         1.6751192001576657e-03        -3.5266786718462563e-04        -2.9485221894993106e-04         1.5963057321125680e-03        -1.8074401819514040e-03
22                                     2.9716477512055244e-03        -2.8159553562632188e-05         1.4702808758538339e-04         6.5596168992148804e-04        -3.8931241845525889e-05         3.3448551419015208e-05         1.9604188303475338e-04         1.1866055146243783e-02
23                                     1.3278448713027408e-03         6.3383664649216062e-04        -4.3132876142123978e-04        -3.2137453963924315e-04        -2.1939958552322225e-04        -5.7427736521249023e-05        -1.1372492416798632e-04         5.0714374402062315e-04
24                                     8.5784556755559875e-04        -2.2360303406644275e-02        -1.5387771191456717e-02        -3.0936572860692423e-02        -5.0803240422453141e-02        -8.6757297924159697e-03        -2.5669303941375097e-02         1.2638828874239594e-04
25                                     2.2348420483341448e-04        -1.2065487441096517e-02        -7.9482142717473888e-03        -1.3043326728658433e-02        -1.1074991420568888e-02        -7.8307716566123231e-02        -8.1793255249326860e-02         6.5658217586798636e-06
26                                     4.9411005178080065e-04        -6.4939457829754424e-03        -8.0239495793059737e-04         6.1060295689788959e-03        -3.3005024657511553e-02        -8.2811198450222889e-02        -2.7996259543874991e-01         7.5151454106341152e-05
27                                     1.7754608745673825e-04        -3.6445110076007370e-02         2.0691954966857069e-02         7.8189202399864040e-03        -1.5127305829925275e-01         1.2308511098051941e-01         3.8107222178859902e-02         8.5763455802819952e-05
28                                     1.7052606837314552e-04        -1.8560984777844205e-02         1.3858408511573855e-02         4.8180678874228302e-03         1.3488997732125563e-01        -1.9939924983745053e-01        -4.6699775248972286e-02         1.0029778027862248e-04
29                                     7.1677476794900722e-04        -2.3475146690151889e-03         2.1438621064895115e-03         6.9185279891873386e-04         4.1104896718554162e-02        -4.5871672245811485e-02        -6.6274610926706320e-02         1.2971615408222993e-05
30                                     9.6163836718702288e-04        -1.8051175291127996e-02        -2.9242171808161316e-02         2.3298868491782178e-02        -4.7242093391050177e-02         1.6086149022331905e-03        -8.0116245886094166e-04         1.6607023315471172e-04
31                                     4.0624423731549890e-04        -1.3339128804542986e-02        -1.1799125005854200e-02         6.4160478341950752e-03        -4.1112188290979863e-03        -1.9376739721775593e-01         1.3082436916644072e-01        -4.0308567540015385e-06
32                                    -1.5254558469927643e-04         3.6623202501689656e-03        -4.5175804183193264e-03         5.7099538693558497e-03         4.4509547808817976e-03         1.3127701730433181e-01        -1.6769598224920035e-01        -4.2921340271301822e-05
                                                        16                          17                          18                          19                          20                          21                          22                          23

0                                      2.8216138802911746e-02         8.6904740402169887e-04        -1.5244202495624193e-01         5.9752868724930151e-02         1.2300470702030199e-01        -7.8419003716897848e-02         1.9639793060719925e-02        -8.9162508976487129e-02
1                                     -3.1291761162884635e-01         2.0514104306053486e-02         5.6924166094019880e-02        -8.1832805232520622e-02        -6.4917000868254027e-02         2.0940728415004536e-02        -5.4121338549675997e-02         5.3176998429912803e-02
2                                      2.0972632086745460e-02        -4.6347706977837660e-02         1.2082449300047016e-01        -6.6898089029279240e-02        -1.7321720289046022e-01        -9.2444273233352803e-02         5.1709532749113059e-02        -2.5752591268573871e-01
3                                      6.5302141894935800e-03        -3.8651364373040818e-04        -1.9219633011205769e-02        -7.5518054078197588e-03        -4.7843723923724976e-03        -1.2279816348437160e-02        -4.3616341745602574e-03        -1.3671703388412944e-03
4                                     -1.6515642571853510e-02        -4.4027083537817617e-03         1.2696141854685410e-02         4.5730892711021744e-03         8.4142888132212462e-05         7.4186675441975753e-03         2.4069899699641194e-03        -9.9642836951240911e-04
