*************************************************
******************* ORCA 6.0.0 ******************
*************************************************
$Calculation_Status
   &GeometryIndex 1
   &ListStatus       OUT
   &VERSION [&Type "String"] "6.0.0"
   &PROGNAME [&Type "String"] "LeanSCF"
   &STATUS [&Type "String"] "NORMAL TERMINATION"
$End
$Geometry
   &GeometryIndex 1
   &ListStatus       OUT
   &NATOMS [&Type "Integer"] 12
   &NCORELESSECP [&Type "Integer"] 0
   &NGHOSTATOMS [&Type "Integer"] 0
   &CartesianCoordinates [&Type "Coordinates", &Dim(12,4), &Units "Bohr"] 
              C     -2.080657898206    0.362217718930    0.004385310561
              C     -0.362252452096   -2.080905772260   -0.004561251245
              C      2.080671895219   -0.362213543202    0.004633123199
              C      0.362266509958    2.080911834313   -0.004458121142
              F      0.606294471243    3.502034158564   -2.090924003047
              F      0.610205844347    3.525249362861    2.065091460214
              F      3.525180461178   -0.610260296239   -2.064771543941
              F      3.501666720025   -0.606139497637    2.091183060879
              F     -0.610458914959   -3.525293008165    2.064923084103
              F     -0.606008151088   -3.501979432095   -2.091091635739
              F     -3.501907466788    0.606080805011    2.090771949635
              F     -3.524914775321    0.610325310755   -2.065187170118
$End
$SCF_Energy
   &GeometryIndex 1
   &ListStatus       OUT
   &SCF_ENERGY [&Type "Double"]      -9.5115184768221388e+02
$End
$DFT_Energy
   &GeometryIndex 1
   &ListStatus       OUT
   &NALPHAEL [&Type "Integer"] 48
   &NBETAEL [&Type "Integer"] 48
   &NTOTALEL [&Type "Integer"] 96
   &EEXCHANGE [&Type "Double"]      -1.0175116474179036e+02
   &ECORR [&Type "Double"]      -3.3483209470683581e+00
   &ECNL [&Type "Double"]       0.0000000000000000e+00
   &EXC [&Type "Double"]      -1.0509948568885872e+02
   &EEMBED [&Type "Double"]       0.0000000000000000e+00
   &FINALEN [&Type "Double"]      -9.5115184768221388e+02  "No Van der Waals correction"
$End
$Mulliken_Population_Analysis
   &GeometryIndex 1
   &ListStatus       OUT
   &NATOMS [&Type "Integer"] 12
   &ATNO [&Type "ArrayOfIntegers", &Dim (12,1)] 
                                                         0

0                                                        6
1                                                        6
2                                                        6
3                                                        6
4                                                        9
5                                                        9
6                                                        9
7                                                        9
8                                                        9
9                                                        9
10                                                       9
11                                                       9
   &ATOMICCHARGES [&Type "ArrayOfDoubles", &Dim (12,1)] 
                                                         0

0                                      3.0742493518323766e-01
1                                      3.0774679214389522e-01
2                                      3.0742909134418550e-01
3                                      3.0776111314911603e-01
4                                     -1.5364928929124133e-01
5                                     -1.5393999828230953e-01
6                                     -1.5394195418581447e-01
7                                     -1.5364963686588240e-01
8                                     -1.5394133466117133e-01
9                                     -1.5364847723153296e-01
10                                    -1.5364929393302162e-01
11                                    -1.5394194736959754e-01
$End
$Loewdin_Population_Analysis
   &GeometryIndex 1
   &ListStatus       OUT
   &NATOMS [&Type "Integer"] 12
   &ATNO [&Type "ArrayOfIntegers", &Dim (12,1)] 
                                                         0

0                                                        6
1                                                        6
2                                                        6
3                                                        6
4                                                        9
5                                                        9
6                                                        9
7                                                        9
8                                                        9
9                                                        9
10                                                       9
11                                                       9
   &ATOMICCHARGES [&Type "ArrayOfDoubles", &Dim (12,1)] 
                                                         0

0                                     -4.4716416690568650e-01
1                                     -4.4712879695475038e-01
2                                     -4.4716498177078545e-01
3                                     -4.4712882913986363e-01
4                                      2.2353725083383225e-01
5                                      2.2360710210644363e-01
6                                      2.2360927542356279e-01
7                                      2.2354050063245090e-01
8                                      2.2360640600191850e-01
9                                      2.2353752295624041e-01
10                                     2.2353923757431104e-01
11                                     2.2360947924217811e-01
$End
$Mayer_Population_Analysis
   &GeometryIndex 1
   &ListStatus       OUT
   &NATOMS [&Type "Integer"] 12 "Total number of atoms"
   &BONDTHRESH [&Type "Double"]       1.0000000000000001e-01  "The threshold for printing"
   &NBONDORDERSPRINT [&Type "Integer"] 12 "The number of bond orders larger than threshold"
   &BONDORDERS [&Type "ArrayOfDoubles", &Dim (12,1)] "The bond orders"
                                                         0

0                                      9.3353626439067938e-01
1                                      9.3355605285181231e-01
2                                      1.1020112061550933e+00
3                                      1.1001366711371998e+00
4                                      9.3354414522425500e-01
5                                      1.1001296737187651e+00
6                                      1.1019979326570213e+00
7                                      9.3357159780351284e-01
8                                      1.1001346280726401e+00
9                                      1.1020080507324019e+00
10                                     1.1019990646095368e+00
11                                     1.1001446453098893e+00
   &COMPONENTS [&Type "ArrayOfIntegers", &Dim (12,4)] "The indices and atomic numbers of the bonding atoms"
                                                         0                           1                           2                           3

0                                                        0                           6                           1                           6
1                                                        0                           6                           3                           6
2                                                        0                           6                          10                           9
3                                                        0                           6                          11                           9
4                                                        1                           6                           2                           6
5                                                        1                           6                           8                           9
6                                                        1                           6                           9                           9
7                                                        2                           6                           3                           6
8                                                        2                           6                           6                           9
9                                                        2                           6                           7                           9
10                                                       3                           6                           4                           9
11                                                       3                           6                           5                           9
   &ATNO [&Type "ArrayOfIntegers", &Dim (12,1)] "Atomic number of the elements"
                                                         0

0                                                        6
1                                                        6
2                                                        6
3                                                        6
4                                                        9
5                                                        9
6                                                        9
7                                                        9
8                                                        9
9                                                        9
10                                                       9
11                                                       9
   &NA [&Type "ArrayOfDoubles", &Dim (12,1)] "Mulliken gross atomic population"
                                                         0

0                                      5.6925750648167606e+00
1                                      5.6922532078561225e+00
2                                      5.6925709086558527e+00
3                                      5.6922388868508937e+00
4                                      9.1536492892912023e+00
5                                      9.1539399982823078e+00
6                                      9.1539419541857665e+00
7                                      9.1536496368659073e+00
8                                      9.1539413346611163e+00
9                                      9.1536484772315632e+00
10                                     9.1536492939329843e+00
11                                     9.1539419473695709e+00
   &ZA [&Type "ArrayOfDoubles", &Dim (12,1)] "Total nuclear charge"
                                                         0

0                                      6.0000000000000000e+00
1                                      6.0000000000000000e+00
2                                      6.0000000000000000e+00
3                                      6.0000000000000000e+00
4                                      9.0000000000000000e+00
5                                      9.0000000000000000e+00
6                                      9.0000000000000000e+00
7                                      9.0000000000000000e+00
8                                      9.0000000000000000e+00
9                                      9.0000000000000000e+00
10                                     9.0000000000000000e+00
11                                     9.0000000000000000e+00
   &QA [&Type "ArrayOfDoubles", &Dim (12,1)] "Mulliken gross atomic charge"
                                                         0

0                                      3.0742493518323943e-01
1                                      3.0774679214387746e-01
2                                      3.0742909134414731e-01
3                                      3.0776111314910626e-01
4                                     -1.5364928929120225e-01
5                                     -1.5393999828230776e-01
6                                     -1.5394195418576651e-01
7                                     -1.5364963686590727e-01
8                                     -1.5394133466111626e-01
9                                     -1.5364847723156316e-01
10                                    -1.5364929393298432e-01
11                                    -1.5394194736957090e-01
   &VA [&Type "ArrayOfDoubles", &Dim (12,1)] "Mayer's total valence"
                                                         0

0                                      4.2067637305486016e+00
1                                      4.2064584973557508e+00
2                                      4.2067888278684826e+00
3                                      4.2065172934342820e+00
4                                      1.1753731276096089e+00
5                                      1.1753769683669790e+00
6                                      1.1753602217414456e+00
7                                      1.1753594294598719e+00
8                                      1.1753728350221007e+00
9                                      1.1753718034479113e+00
10                                     1.1753592683111485e+00
11                                     1.1753600970695859e+00
   &BVA [&Type "ArrayOfDoubles", &Dim (12,1)] "Mayer's bonded valence"
                                                         0

0                                      4.2067637305486549e+00
1                                      4.2064584973558103e+00
2                                      4.2067888278684382e+00
3                                      4.2065172934342208e+00
4                                      1.1753731276096371e+00
5                                      1.1753769683669959e+00
6                                      1.1753602217415509e+00
7                                      1.1753594294598451e+00
8                                      1.1753728350222448e+00
9                                      1.1753718034478942e+00
10                                     1.1753592683112433e+00
11                                     1.1753600970697253e+00
   &FA [&Type "ArrayOfDoubles", &Dim (12,1)] "Mayer's free valence"
                                                         0

0                                      0.0000000000000000e+00
1                                      0.0000000000000000e+00
2                                      0.0000000000000000e+00
3                                      0.0000000000000000e+00
4                                      0.0000000000000000e+00
5                                      0.0000000000000000e+00
6                                      0.0000000000000000e+00
7                                      0.0000000000000000e+00
8                                      0.0000000000000000e+00
9                                      0.0000000000000000e+00
10                                     0.0000000000000000e+00
11                                     0.0000000000000000e+00
$End
$VdW_Correction
   &GeometryIndex 1
   &ListStatus       OUT
   &VDW [&Type "Double"]      -3.3913729223126444e-03
$End
$Calculation_Info
   &GeometryIndex 1
   &ListStatus       OUT
   &MULT [&Type "Integer"] 1
   &CHARGE [&Type "Integer"] 0
   &NUMOFATOMS [&Type "Integer"] 12
   &NUMOFELECTRONS [&Type "Integer"] 96
   &NUMOFFCELECTRONS [&Type "Integer"] 1
   &NUMOFCORRELECTRONS [&Type "Integer"] 0
   &NUMOFBASISFUNCTS [&Type "Integer"] 372
   &NUMOFAUXCBASISFUNCTS [&Type "Integer"] 0
   &NUMOFAUXJBASISFUNCTS [&Type "Integer"] 400
   &NUMOFAUXJKBASISFUNCTS [&Type "Integer"] 0
   &NUMOFCABSBASISFUNCTS [&Type "Integer"] 0
   &TOTALENERGY [&Type "Double"]      -9.5114059870453627e+02  "Hartrees"
$End
$SCF_Dipole_Moment
   &GeometryIndex 1
   &ListStatus       OUT
   &METHOD [&Type "String"] "SCF"
   &LEVEL [&Type "String"] "Relaxed density"
   &MULT [&Type "Integer"] 1
   &STATE [&Type "Integer"] -1
   &IRREP [&Type "Integer"] 0
   &NATOMS [&Type "Integer"] 12
   &DODIPOLEATOM [&Type "Boolean"] false
   &DIPOLEELECCONTRIB [&Type "ArrayOfDoubles", &Dim (3,1)] "Electronic contribution"
                                                         0

0                                      6.0724023278770096e-07
1                                      5.9330558904844239e-07
2                                      1.0703955469994410e-07
   &DIPOLENUCCONTRIB [&Type "ArrayOfDoubles", &Dim (3,1)] "Nuclear contribution"
                                                         0

0                                     -2.4481730775960386e-07
1                                      3.6182921636651599e-07
2                                      3.4395940318177054e-07
   &DIPOLETOTAL [&Type "ArrayOfDoubles", &Dim (3,1)] "Total"
                                                         0

0                                      3.6242292502809710e-07
1                                      9.5513480541495839e-07
2                                      4.5099895788171464e-07
   &DIPOLEMAGNITUDE [&Type "Double", &Units "a.u."]       1.1167062877549248e-06
$End
$THERMOCHEMISTRY_Energies
   &GeometryIndex 1
   &ListStatus       OUT
   &TEMPERATURE [&Type "Double"]       2.9814999999999998e+02
   &PRESSURE [&Type "Double"]       1.0000000000000000e+00
   &TOTALMASS [&Type "Double"]       2.0002800000000002e+02
   &SPINDEGENERACY [&Type "Integer"] 1
   &ELENERGY [&Type "Double"]      -9.5114059870453627e+02
   &TRANSENERGY [&Type "Double"]       1.4162714244859817e-03
   &ROTENERGY [&Type "Double"]       1.4162714244859817e-03
   &VIBENERGY [&Type "Double"]       7.2311356125315729e-03
   &NUMOFFREQS [&Type "Integer"] 36
   &FREQSCALINGFACTOR [&Type "Double"]       1.0000000000000000e+00
   &FREQ [&Type "ArrayOfDoubles", &Dim (36,1)] "In cm^-1"
                                                         0

0                                      0.0000000000000000e+00
1                                      0.0000000000000000e+00
2                                      0.0000000000000000e+00
3                                      0.0000000000000000e+00
4                                      0.0000000000000000e+00
5                                      0.0000000000000000e+00
6                                      2.4884324100021328e+01
7                                      1.9949912577227781e+02
8                                      1.9954033211663881e+02
9                                      2.1056112565498231e+02
10                                     2.2367214284630114e+02
11                                     2.6239890323213848e+02
12                                     2.6932524157447239e+02
13                                     2.8510330616507360e+02
14                                     2.8511295763760677e+02
15                                     3.3710984578851100e+02
16                                     3.5931458494839404e+02
17                                     4.4510262216639899e+02
18                                     4.4513505948660969e+02
19                                     5.5628206476356411e+02
20                                     5.5628658025700111e+02
21                                     5.9795391144896314e+02
22                                     6.5823367817119697e+02
23                                     6.8717727126239345e+02
24                                     8.7313323666408269e+02
25                                     9.5526480660917571e+02
26                                     9.5527091691091653e+02
27                                     9.5606352205221071e+02
28                                     1.1834034964306265e+03
29                                     1.1834238956068696e+03
30                                     1.2115182661136935e+03
31                                     1.2561135566953697e+03
32                                     1.2600782266779806e+03
33                                     1.3067104687961844e+03
34                                     1.3067461296937681e+03
35                                     1.3839332054203808e+03
   &ZPE [&Type "Double"]       4.6552881091044294e-02
   &INNERENERGYU [&Type "Double"]      -9.5108398214498379e+02
   &ENTHALPYH [&Type "Double"]      -9.5108303793594155e+02
   &QEL [&Type "Double"]       0.0000000000000000e+00
   &QROT [&Type "Double"]       1.3714224374450325e-02
   &QVIB [&Type "Double"]       1.2214643238151864e-02
   &QTRANS [&Type "Double"]       1.9853124928470474e-02
   &ENTROPYS [&Type "Double"]       4.5781992541072659e-02
   &FREEENERGYG [&Type "Double"]      -9.5112881992848259e+02
   &ISLINEAR [&Type "Boolean"] false
$End
$Hessian
   &GeometryIndex 1
   &ListStatus       OUT
   &HESSIAN [&Type "ArrayOfDoubles", &Dim (36,36)] "The Hessian"
                                                         0                           1                           2                           3                           4                           5                           6                           7

0                                      6.0508362675310101e-01        -3.4135590416617984e-02         1.2868936335165559e-04        -1.0271789954768200e-01         3.2912052901003450e-02         7.4572193330700912e-05        -7.6454941096061282e-02         2.0146698707283906e-02
1                                     -3.4135590416617984e-02         4.0743378798232743e-01        -1.3314285734425044e-04         2.3025472334492231e-02        -1.2276987848810703e-01        -6.9998872485162612e-05         2.0146685632322914e-02         3.6703048305122284e-02
2                                      1.2868936335165559e-04        -1.3314285734425044e-04         5.2256997324344545e-01         3.8719669672151059e-05        -1.0276795760728267e-04        -4.9995574313280167e-02        -2.0020503142856240e-04         3.7803611564048796e-05
3                                     -1.0271789954768200e-01         2.3025472334492231e-02         3.8719669672151059e-05         4.0741683982040866e-01         3.4133678547472138e-02        -1.3806236586378327e-04        -1.2275759302389180e-01        -2.3028634889552965e-02
4                                      3.2912052901003450e-02        -1.2276987848810703e-01        -1.0276795760728267e-04         3.4133678547472138e-02         6.0506428433175108e-01        -1.1925468004693636e-04        -3.2915235523981970e-02        -1.0272879901798215e-01
5                                      7.4572193330700912e-05        -6.9998872485162612e-05        -4.9995574313280167e-02        -1.3806236586378327e-04        -1.1925468004693636e-04         5.2259464462981675e-01        -1.0860004869009399e-04        -4.3872245247563281e-05
6                                     -7.6454941096061282e-02         2.0146685632322914e-02        -2.0020503142856240e-04        -1.2275759302389180e-01        -3.2915235523981970e-02        -1.0860004869009399e-04         6.0508397200995778e-01        -3.4135386891719695e-02
7                                      2.0146698707283906e-02         3.6703048305122284e-02         3.7803611564048796e-05        -2.3028634889552965e-02        -1.0272879901798215e-01        -4.3872245247563281e-05        -3.4135386891719695e-02         4.0743342065888166e-01
8                                      1.8712559640817589e-04        -3.5281482247915446e-05         3.1343878171173983e-02        -7.5132359450620200e-05        -8.0322289778927004e-05        -4.9995611071817936e-02        -1.1749981549408683e-04         1.2605423885467276e-04
9                                     -1.2275760059386927e-01        -2.3028757878121434e-02         6.5461464921495564e-05         3.6687926602376617e-02        -2.0137517174332868e-02         3.6576534796807340e-05        -1.0271758423799481e-01         2.3025012579581089e-02
10                                    -3.2915294252453653e-02        -1.0272879680128677e-01         7.4939481624641477e-05        -2.0137524006239884e-02        -7.6418567615081354e-02         1.9069932771499805e-04         3.2911567251169588e-02        -1.2276915950492574e-01
11                                     9.8399783071707403e-05         3.9543145360960096e-05        -4.9995678550374401e-02        -3.6439160829976623e-05        -1.9628162027349205e-04         3.1327025987260497e-02        -8.0480207462579249e-05         7.0642236017747547e-05
12                                     7.9039142237544643e-03        -1.7392557954448353e-02         2.2424089900089091e-02        -9.2041778292412980e-03         1.5071541938169375e-03        -6.2662162313480943e-04         1.0193111302673124e-02         9.9571646566467276e-03
13                                     3.4211780777173469e-03        -1.0414413078756587e-02         2.2468272223700545e-02         1.5065149408317626e-03        -6.4649816384673708e-04        -3.6269999467049034e-03        -1.0788317330639155e-02        -1.2611713540465586e-02
14                                    -4.4222476321748999e-03         1.2725453640194746e-02        -1.7084370810576361e-02         1.4899908322941026e-05        -5.1090631182474505e-05        -2.0262580191127877e-03         8.4295708770383004e-03         1.0379290164886625e-02
15                                     8.0031450564605755e-03        -1.7712996008624360e-02        -2.2250537212537572e-02        -9.2990286943943484e-03         1.5034393806357953e-03         6.3434266348849893e-04         1.0311943229963606e-02         1.0073997512332122e-02
16                                     3.4623549586465675e-03        -1.0882921456898250e-02        -2.2463071856113830e-02         1.5008636289986460e-03        -7.5700602759768733e-04         3.6835415557654981e-03        -1.1025728850734488e-02        -1.3108358335837924e-02
17                                     4.4179199239721897e-03        -1.2713506687382688e-02        -1.6709042163921727e-02        -7.0404263612868119e-06         9.7546334384744290e-05        -1.9204238830298479e-03        -8.4148684248828015e-03        -1.0370493988799648e-02
18                                    -7.5651507919690004e-04        -1.5016234426292767e-03        -3.6863908178455121e-03        -1.3115318613640698e-02         1.1027123291334387e-02         2.8465676406469798e-02        -1.7029085440143807e-01         1.5985246014844356e-02
19                                    -1.5040843407119035e-03        -9.3020840178941883e-03         6.3512767579747070e-04        -1.0076853205049856e-02         1.0313920298021502e-02         1.3321094126469240e-02         1.6307372631824708e-02        -7.6616582220388751e-02
20                                    -9.5935519237774422e-05        -7.0026435322846289e-06        -1.9203302787756764e-03         1.0375867287529247e-02        -8.4164526710041321e-03        -1.6548055837682873e-02         1.1710805206989350e-01        -1.9391138837039374e-02
21                                    -6.4657495829020112e-04        -1.5069120867040170e-03         3.6300741789583408e-03        -1.2612360759471112e-02         1.0786001269951309e-02        -2.8520886013073551e-02        -1.6787202000430204e-01         1.5699098557716416e-02
22                                    -1.5077024286761788e-03        -9.2072994983889468e-03        -6.2688383444470632e-04        -9.9587605720577871e-03         1.0194825080200151e-02        -1.3482030039277722e-02         1.6018266095174111e-02        -7.6495075786956204e-02
23                                     4.9931988292225421e-05         1.5402679401950361e-05        -2.0256490703363444e-03        -1.0382758832786904e-02         8.4299923698477539e-03        -1.6925142472228965e-02        -1.1667066430482985e-01         1.9210999656507695e-02
24                                     1.0312441443537568e-02         1.0073203677688596e-02        -1.3319349876540034e-02        -7.6610800789225081e-02        -1.6317562523597978e-02         1.8053865946061690e-02         8.0009296900993843e-03        -1.7715051016278446e-02
25                                    -1.1029304271366055e-02        -1.3109770570344292e-02         2.8461854630076989e-02        -1.5995412239635264e-02        -1.7027801893284153e-01         1.0612667166956426e-01         3.4596976706203746e-03        -1.0883611388856958e-02
26                                     8.4180299130576265e-03         1.0372180512740414e-02        -1.6548590650190195e-02         1.9401238795281002e-02         1.1710360900347232e-01        -1.9019622559608865e-01        -4.4146786754823697e-03         1.2711254975313616e-02
27                                     1.0192564370172299e-02         9.9579670265096919e-03         1.3483559566840133e-02        -7.6485410311095098e-02        -1.6010550816461071e-02        -1.7883657181990580e-02         7.9061325081614051e-03        -1.7390553567165852e-02
28                                    -1.0784684995470386e-02        -1.2610318502315627e-02        -2.8519111425257093e-02        -1.5691480513367821e-02        -1.6788187591882847e-01        -1.0581438328875956e-01         3.4238286727582730e-03        -1.0413802887310555e-02
29                                    -8.4263224720524874e-03        -1.0377606970090939e-02        -1.6920923626244474e-02        -1.9199309431052879e-02        -1.1667048740164168e-01        -1.9251706370073401e-01         4.4255407696301464e-03        -1.2727707284058244e-02
30                                    -1.6789831891444548e-01         1.5696205373503747e-02         1.0582480376842243e-01        -1.0418622367575476e-02        -3.4210483376089975e-03         2.2471071396000113e-02        -6.4607198503520598e-04        -1.5067781586622310e-03
31                                     1.6015452206140125e-02        -7.6494024904960239e-02        -1.7890573676136355e-02         1.7396417609056899e-02         7.9055090253852579e-03        -2.2422353587497987e-02        -1.5077729066583132e-03        -9.2072806712397183e-03
32                                     1.1667280571164779e-01        -1.9205341205824261e-02        -1.9249798448874911e-01         1.2731886273704369e-02         4.4234708326556967e-03        -1.7086086667908059e-02        -4.9784231231876294e-05        -1.5788817011051564e-05
33                                    -1.7026384165748074e-01         1.5987852058065830e-02        -1.0613648855836932e-01        -1.0883554486568359e-02        -3.4584505173200220e-03        -2.2465746802574401e-02        -7.5702399213209773e-04        -1.5017648912598826e-03
34                                     1.6309975539067170e-02        -7.6617328968497725e-02         1.8050697444819023e-02         1.7716633674140798e-02         8.0021054289269450e-03         2.2254510015937437e-02        -1.5040250639019063e-03        -9.3020856100404295e-03
35                                    -1.1710539526520120e-01         1.9396157280530235e-02        -1.9021570746217098e-01        -1.2716400462984650e-02        -4.4155853242571902e-03        -1.6711229055193969e-02         9.6071928421743655e-05         6.6024809862611031e-06
                                                         8                           9                          10                          11                          12                          13                          14                          15

0                                      1.8712559640817589e-04        -1.2275760059386927e-01        -3.2915294252453653e-02         9.8399783071707403e-05         7.9039142237544643e-03         3.4211780777173469e-03        -4.4222476321748999e-03         8.0031450564605755e-03
1                                     -3.5281482247915446e-05        -2.3028757878121434e-02        -1.0272879680128677e-01         3.9543145360960096e-05        -1.7392557954448353e-02        -1.0414413078756587e-02         1.2725453640194746e-02        -1.7712996008624360e-02
2                                      3.1343878171173983e-02         6.5461464921495564e-05         7.4939481624641477e-05        -4.9995678550374401e-02         2.2424089900089091e-02         2.2468272223700545e-02        -1.7084370810576361e-02        -2.2250537212537572e-02
3                                     -7.5132359450620200e-05         3.6687926602376617e-02        -2.0137524006239884e-02        -3.6439160829976623e-05        -9.2041778292412980e-03         1.5065149408317626e-03         1.4899908322941026e-05        -9.2990286943943484e-03
4                                     -8.0322289778927004e-05        -2.0137517174332868e-02        -7.6418567615081354e-02        -1.9628162027349205e-04         1.5071541938169375e-03        -6.4649816384673708e-04        -5.1090631182474505e-05         1.5034393806357953e-03
5                                     -4.9995611071817936e-02         3.6576534796807340e-05         1.9069932771499805e-04         3.1327025987260497e-02        -6.2662162313480943e-04        -3.6269999467049034e-03        -2.0262580191127877e-03         6.3434266348849893e-04
6                                     -1.1749981549408683e-04        -1.0271758423799481e-01         3.2911567251169588e-02        -8.0480207462579249e-05         1.0193111302673124e-02        -1.0788317330639155e-02         8.4295708770383004e-03         1.0311943229963606e-02
7                                      1.2605423885467276e-04         2.3025012579581089e-02        -1.2276915950492574e-01         7.0642236017747547e-05         9.9571646566467276e-03        -1.2611713540465586e-02         1.0379290164886625e-02         1.0073997512332122e-02
8                                      5.2257135004920341e-01        -4.4621157327487523e-05         1.0450780882445771e-04        -4.9995642650104630e-02        -1.3479801745528357e-02         2.8518129818200150e-02        -1.6920888581711285e-02         1.3323055641417589e-02
9                                     -4.4621157327487523e-05         4.0741612077103301e-01         3.4134081658261095e-02         1.2108571970954277e-04        -7.6488350306659375e-02        -1.5706450961518938e-02         1.9216161771056926e-02        -7.6607631202359638e-02
10                                     1.0450780882445771e-04         3.4134081658261095e-02         6.0506365775490500e-01         1.2628166951828609e-04        -1.6025738302579837e-02        -1.6788571315114456e-01         1.1666896474946693e-01        -1.6302200682552871e-02
11                                    -4.9995642650104630e-02         1.2108571970954277e-04         1.2628166951828609e-04         5.2259553916816626e-01         1.7898943953671115e-02         1.0581324476712568e-01        -1.9250609317838185e-01        -1.8039195704381041e-02
12                                    -1.3479801745528357e-02        -7.6488350306659375e-02        -1.6025738302579837e-02         1.7898943953671115e-02         5.6439697548932126e-02         2.0235734167929613e-02        -2.5074151557837702e-02         9.8019305306988602e-03
13                                     2.8518129818200150e-02        -1.5706450961518938e-02        -1.6788571315114456e-01         1.0581324476712568e-01         2.0235734167929613e-02         1.7186439670408665e-01        -1.4862970389246988e-01         3.2151340476177749e-03
14                                    -1.6920888581711285e-02         1.9216161771056926e-02         1.1666896474946693e-01        -1.9250609317838185e-01        -2.5074151557837702e-02        -1.4862970389246988e-01         2.8922631655195657e-01         1.1196599624777905e-03
15                                     1.3323055641417589e-02        -7.6607631202359638e-02        -1.6302200682552871e-02        -1.8039195704381041e-02         9.8019305306988602e-03         3.2151340476177749e-03         1.1196599624777905e-03         5.6369824301921841e-02
16                                    -2.8462982510121627e-02        -1.5980159544612210e-02        -1.7027430899275128e-01        -1.0612851402617146e-01         3.2127760724262417e-03         2.7815648527995784e-02         6.3487428257951312e-03         2.0700220833346009e-02
17                                    -1.6548686062920082e-02        -1.9384900769901504e-02        -1.1710540520861243e-01        -1.9020805693582632e-01        -1.3142918980839201e-03        -7.5028426078479482e-03        -7.4325463600841676e-02         2.5377943633207570e-02
18                                     1.0613898755166613e-01        -1.0887900754310932e-02        -3.4595241576947273e-03         2.2466327268935070e-02         2.1899592596365414e-03         1.4296227523278599e-03        -2.5575601175724704e-03        -2.4353971873701430e-03
19                                    -1.8046123390478001e-02         1.7718988365890899e-02         8.0024588787279902e-03        -2.2251548731603097e-02        -1.1798904147857009e-03         2.0258546811595473e-03        -2.7411242960843295e-03         1.9396342825552459e-03
20                                    -1.9018944925338177e-01         1.2717640531540036e-02         4.4158903877634555e-03        -1.6707560507280485e-02        -3.4821369710040088e-03        -1.4179296519512066e-03         6.9105130249691093e-03         1.7366381205447035e-03
21                                    -1.0582291619322817e-01        -1.0414216980638758e-02        -3.4200047903072840e-03        -2.2470341969745435e-02        -2.4866215195634579e-03         5.7366425611193664e-03        -3.5000104929311781e-03         2.1462813505912174e-03
22                                     1.7895554697757450e-02         1.7394001776502868e-02         7.9051802211579057e-03         2.2425294278638711e-02         2.0333871925902625e-03        -5.2596778302150269e-03         3.1681689487971995e-03        -1.1626957100282936e-03
23                                    -1.9252548357499633e-01        -1.2730471825254188e-02        -4.4231785735267502e-03        -1.7089698494799684e-02        -1.8229536983501917e-03         4.3890844391474134e-03        -1.2779505085969347e-03         3.4756299737226980e-03
24                                     2.2253259716463251e-02        -9.2989321432019635e-03         1.5034560704951345e-03        -6.3524292480616595e-04         2.0151285763504402e-03        -5.3205814843545064e-04         2.4003789426787402e-04         2.8757751432246467e-03
25                                     2.2463559149788457e-02         1.5013449102866069e-03        -7.5687849717933145e-04        -3.6833351501696773e-03        -5.3156074751983990e-04        -9.7439185869114902e-04         1.4157087876133750e-03        -1.1602663230851874e-03
26                                    -1.6705869546004594e-02         6.1047947120006826e-06        -9.7297387946936389e-05        -1.9205693352712747e-03         2.3305519376386750e-04         1.3750941160446495e-03        -7.1061000542775327e-04         4.4567973100584845e-04
27                                    -2.2421311002607025e-02        -9.2042832110539076e-03         1.5071026552906635e-03         6.2576259973968790e-04         2.8343953037839624e-03        -1.1390098990728377e-03         4.4454691392122227e-04         2.0151996268433958e-03
28                                    -2.2467809789371303e-02         1.5060131208981817e-03        -6.4660915297663768e-04         3.6271894931732157e-03        -1.1393282042678940e-03        -3.5730534475490522e-03         2.6138567657732316e-03        -5.3188710754525936e-04
29                                    -1.7087647444013528e-02        -1.5821941153738991e-05         5.1352708567617075e-05        -2.0261073686562753e-03        -4.4460109820925489e-04        -2.6141599180062496e-03         3.0817256456932636e-03        -2.3970140962092983e-04
30                                    -3.6300172124005834e-03        -1.2616919324505323e-02         1.0786075944341958e-02         2.8521735650466135e-02        -5.2605074759367095e-03        -5.7369361275227040e-03         4.3887247252334255e-03         2.0266899330315001e-03
