
$orca_hessian_file

$act_atom
  0

$act_coord
  0

$act_energy
        0.000000

$multiplicity
  1

$hessian
48
                    0                  1                  2                  3                  4        
    0      7.3501370580E-01   1.3218020814E-03  -5.3961562179E-03  -1.7867675412E-01  -1.1595024537E-01
    1      1.3218020814E-03   6.4176875780E-01   7.5776286095E-02  -5.6808213075E-02  -2.7352837655E-01
    2     -5.3961562179E-03   7.5776286095E-02   1.4346435416E-01  -6.8232170487E-03  -3.1009090083E-02
    3     -1.7867675412E-01  -5.6808213075E-02  -6.8232170487E-03   6.7506096112E-01  -3.2420393987E-02
    4     -1.1595024537E-01  -2.7352837655E-01  -3.1009090083E-02  -3.2420393987E-02   7.0124490288E-01
    5     -1.6201529658E-02  -3.2253221949E-02  -6.5449324534E-02  -1.1747329289E-02   8.9352811144E-02
    6     -2.9728311469E-02  -7.3208800468E-02  -1.0769374714E-02  -3.3217066021E-01   3.0147118904E-02
    7     -2.9493655860E-02   2.9508469083E-02   4.2474130453E-03  -2.9493603265E-02  -1.2412576869E-01
    8     -4.1833884202E-03   3.4605019479E-03   7.6552333639E-03  -5.1856638415E-04  -1.0128280354E-02
    9      1.5096147434E-03   3.0091406382E-04   8.9665173753E-06  -3.1721675617E-02   2.8753860778E-02
   10     -1.3176766124E-03  -6.0643224091E-02  -8.1503303620E-03   7.0789503887E-02   2.8476769162E-02
   11     -1.6754408792E-04  -6.2620253842E-03  -8.7015333900E-03   9.7064360062E-03   1.5564371042E-03
   12     -2.8834941202E-02   7.2702105551E-02   1.0952809914E-02  -4.6826611286E-02  -2.6542209964E-02
   13      3.1383075224E-02   3.1564376839E-02   3.4933227930E-03  -2.7887007250E-02  -1.5088461909E-02
   14      4.8916327586E-03   2.3485454639E-03   7.8983043965E-03  -3.5215294307E-03  -1.0830765134E-03
   15     -1.7754530750E-01   5.5028304326E-02   8.8745344778E-03   6.1331134981E-02   2.0878731618E-02
   16      1.1394669006E-01  -2.7432222728E-01  -3.2376240279E-02  -2.0711021322E-02  -5.7601344742E-02
   17      1.7855790685E-02  -3.1950594967E-02  -6.6420413974E-02  -3.5797120135E-03  -9.6460328874E-03
   18      3.1045762788E-04  -8.1914802298E-04  -1.1189887522E-05   6.9029658760E-03   1.5970626395E-03
   19      6.6911485524E-04  -4.4313836329E-03  -6.9576744387E-04   4.9685866750E-03  -5.3361236228E-03
   20     -5.7146382605E-04   5.5678080706E-04  -1.2373080812E-03  -1.1298569777E-04  -2.6009265683E-03
   21     -5.4273011155E-04   1.6722200414E-03   2.8636486905E-04  -3.0967230367E-03   1.2307434804E-03
   22     -5.8604553509E-04   6.4238899024E-04   2.9118814635E-04   4.9341108720E-04   5.1951064432E-04
   23      2.7800645176E-04  -3.7480933287E-04   1.2159737955E-04   2.6822925777E-05   1.1824131518E-03
   24     -4.8500138400E-04  -7.3284967030E-04  -1.8817573228E-04   2.8208127037E-04  -3.9541650494E-04
   25     -1.7359069732E-05   5.0793607668E-04   4.7905543029E-05  -1.8259560485E-03   4.4482580081E-04
   26      1.9575020841E-04   1.5609128231E-04   1.0802253774E-04  -9.8332009236E-06   5.9330491334E-04
   27     -3.3289145931E-01   3.1658352744E-04   3.0464552800E-03  -1.2058043044E-02   2.7534848521E-03
   28      3.7555807448E-04  -5.8337533210E-02  -3.4811361174E-03  -2.8074562007E-02   4.5852776033E-03
   29      3.1902310183E-03  -3.4947902375E-03  -3.6205499017E-02  -4.0535030310E-03   1.8815957248E-04
   30      1.1663222100E-02  -1.4701641280E-02  -2.4022622615E-03  -1.2571076098E-01   1.1632412041E-01
   31      1.6248861212E-02  -1.8643394364E-02  -3.4615363507E-03   1.1651275750E-01  -2.5943895781E-01
   32      2.3711277086E-03  -2.6683040940E-03   1.5735986639E-03   1.9263524622E-02  -3.7181062928E-02
   33     -6.0051277897E-03   1.4216682723E-03   3.8028597321E-04  -1.1261944100E-02  -2.9583711739E-02
   34      1.2990133263E-04   2.2599747409E-03  -1.0786699519E-03   1.3755136589E-03   2.2683220795E-03
   35      4.7163212456E-04  -1.0610255537E-03   7.6024503734E-03   6.7790511782E-04   9.1833898204E-04
   36     -5.5786239532E-03  -1.1798647096E-03  -1.9333583438E-04  -7.5468495985E-04  -8.7162813237E-04
   37     -7.4816564499E-04   1.7850694847E-03  -7.6276496235E-04  -7.6136152683E-04   3.3506484297E-04
   38     -3.3273319156E-05  -9.4846046949E-04   7.5792498023E-03  -1.3764276189E-05   1.4139218789E-04
   39      1.1581203168E-02   1.4637041692E-02   2.1085450336E-03  -7.6854519173E-04   3.3208218715E-03
   40     -1.6178616339E-02  -1.8568253252E-02  -3.0049495005E-03   4.3118910118E-03  -2.9987125598E-03
   41     -2.4549856481E-03  -3.0684627973E-03   1.9959011036E-03   5.9706558808E-04  -1.5072649648E-03
   42      7.0335491622E-05   5.4153026485E-05   1.0154574937E-04  -5.7951030532E-04   6.2671160926E-04
   43      1.4691296435E-04   5.4084104442E-04   1.1697988030E-04  -4.9190791840E-04  -1.4200111880E-04
   44     -1.7230202409E-04   1.2615954882E-04   2.0109383528E-05  -2.1512979710E-04  -8.4997960808E-04
   45      1.3971790647E-04  -1.9538709133E-05   3.3702286880E-05   4.8769597190E-05   1.7675067692E-04
   46      8.5111981650E-05  -1.0342168159E-04   5.8332682844E-05  -2.3438562525E-05   3.8507398520E-04
   47     -8.3026159344E-05  -3.5361349436E-04  -4.7421655555E-06   3.3494881222E-04   9.0438872616E-05
                    5                  6                  7                  8                  9        
    0     -1.6201529658E-02  -2.9728311469E-02  -2.9493655860E-02  -4.1833884202E-03   1.5096147434E-03
    1     -3.2253221949E-02  -7.3208800468E-02   2.9508469083E-02   3.4605019479E-03   3.0091406382E-04
    2     -6.5449324534E-02  -1.0769374714E-02   4.2474130453E-03   7.6552333639E-03   8.9665173753E-06
    3     -1.1747329289E-02  -3.3217066021E-01  -2.9493603265E-02  -5.1856638415E-04  -3.1721675617E-02
    4      8.9352811144E-02   3.0147118904E-02  -1.2412576869E-01  -1.0128280354E-02   2.8753860778E-02
    5      1.4200830409E-01   8.3014798492E-03  -1.0326313061E-02  -6.0463879102E-02   4.9420073322E-03
    6      8.3014798492E-03   6.7643745530E-01   3.7422343338E-02   7.1376205867E-04  -1.6628752177E-01
    7     -1.0326313061E-02   3.7422343338E-02   6.8646021568E-01   8.8127270986E-02   9.8217844982E-02
    8     -6.0463879102E-02   7.1376205867E-04   8.8127270986E-02   1.4321154786E-01   1.8049496730E-02
    9      4.9420073322E-03  -1.6628752177E-01   9.8217844982E-02   1.8049496730E-02   6.1915995858E-01
   10      4.0584990579E-03   5.0414324184E-02  -2.6177559032E-01  -3.1461122061E-02   1.5555831299E-03
   11      7.7689636635E-03   1.1163311946E-02  -2.9359483950E-02  -6.6314342300E-02  -5.0809560485E-03
   12     -3.3977352886E-03   5.7936794976E-02  -1.9714157400E-02  -2.3328772111E-03  -1.6409167800E-01
   13     -8.2916442158E-04   1.9228965751E-02  -5.6409154411E-02  -9.6213911626E-03  -1.0046474133E-01
   14     -7.7303965859E-03   2.7205104220E-03  -9.4083453314E-03   7.7917822320E-03  -1.5764460374E-02
   15      2.3426862683E-03  -4.6797841768E-02   2.6451929175E-02   3.7448396295E-03  -3.1159115690E-02
   16     -9.2173860659E-03   2.7145509021E-02  -1.4850726237E-02  -9.8484584526E-04  -2.8244070294E-02
   17      6.6124028103E-03   4.1427663968E-03  -1.2620440516E-03  -8.1317122771E-03  -3.4125079272E-03
   18     -3.5664746890E-04  -1.7624134579E-02   1.7346304080E-02   2.5286361831E-04  -1.7930226745E-01
   19     -2.3407955845E-03   2.7289492119E-02   7.3337923277E-03   1.3962135662E-03  -1.6842591859E-02
   20      8.1007532404E-03   5.3100486176E-03   1.2479802348E-03  -1.1153689933E-05   5.5453183969E-03
   21      1.5813737656E-03  -5.2193589466E-03  -6.3630088611E-03  -1.4531026585E-03  -3.1537838457E-02
   22     -7.8538253934E-04   6.6820823645E-04   2.5477935052E-03  -2.1582543891E-04   3.1906370064E-02
   23     -1.2734168583E-03  -1.7142681729E-03  -1.2569565649E-03   2.0090995778E-03  -7.7027571113E-03
   24     -7.2235151079E-04  -1.7956254420E-03  -2.7342866970E-03   6.1153586629E-04  -2.9510383614E-02
   25      4.7424382603E-04   5.5886557835E-04  -4.4983561298E-03   1.5965567015E-04  -1.3439136854E-02
   26     -2.9249609782E-04   1.6935466074E-04  -1.0434092788E-03   8.8045642966E-05   3.4643449401E-03
   27      5.8659762051E-04   6.4465605703E-04  -3.3626849801E-03  -4.4014033437E-04   7.7463606379E-04
   28      6.2830345519E-04  -2.4761982306E-03  -4.3469841345E-03  -1.7845719760E-03   7.2613027872E-06
   29      2.5640104733E-03  -2.5781211684E-04  -1.6788730739E-03   7.3125415526E-03  -3.7319324242E-05
   30      1.9139614409E-02  -1.1260932001E-02   2.8856075673E-02   4.7806116136E-03  -6.0873806347E-03
   31     -3.6871848652E-02  -1.9650779882E-03   3.0157745049E-03   2.6925065603E-04  -4.0756541754E-04
   32     -4.0354224083E-02  -2.1114134679E-04  -4.2092508365E-04   1.5461036607E-03   1.9248230316E-06
   33     -4.8267321846E-03  -1.2046737290E-01  -1.1280229831E-01  -1.8373222894E-02   1.1243185402E-02
   34      6.1699767252E-06  -1.1365315527E-01  -2.6051578939E-01  -3.7801032798E-02  -1.4840207483E-02
   35      2.5383226542E-03  -1.8807779572E-02  -3.9842028838E-02  -3.9989084625E-02  -3.5438988686E-03
   36     -1.1371215817E-04  -1.5611301726E-03  -3.2212540284E-03  -4.6480914970E-04   1.2513394071E-02
   37      1.2482185487E-04  -4.0436002571E-03  -2.8525020904E-03  -1.1266621979E-03   1.3808872756E-02
   38     -6.6063191937E-04  -7.1411117368E-04  -1.3270501568E-03   5.6917681321E-03   3.3641116250E-03
   39      5.2415588842E-04  -8.8033873500E-04   1.0502231705E-03   1.2307026804E-04  -5.9389797712E-03
   40     -1.6088492889E-03   9.3294737100E-04   2.9852571440E-04   1.3540014496E-04   5.3414950456E-04
   41      7.0769515511E-03   2.0768675638E-04   1.4379713747E-04  -5.6231688222E-04  -1.1991821621E-05
   42     -1.3973110878E-04  -1.8016555838E-03  -1.8870774475E-03  -1.3755959663E-04  -6.1034275366E-04
   43     -2.7303537252E-04   1.0252240158E-03   8.0052305883E-04   8.5896022331E-05   1.4978273906E-04
   44     -4.2479746182E-04   1.3895623832E-04   2.1149864664E-03   2.3811641371E-04   4.6930314572E-04
   45      7.6720628798E-05   5.7597724724E-04  -3.1295903477E-04  -3.2673482720E-04   1.0463949001E-03
   46     -1.5643440015E-04   5.5409916358E-04  -5.9022247294E-04  -4.8193255778E-04  -9.5931880883E-04
   47     -2.0541840790E-05  -4.3916815871E-04   1.5456919413E-05  -7.1749558306E-05  -3.4302753197E-04
                   10                 11                 12                 13                 14        
    0     -1.3176766124E-03  -1.6754408792E-04  -2.8834941202E-02   3.1383075224E-02   4.8916327586E-03
    1     -6.0643224091E-02  -6.2620253842E-03   7.2702105551E-02   3.1564376839E-02   2.3485454639E-03
    2     -8.1503303620E-03  -8.7015333900E-03   1.0952809914E-02   3.4933227930E-03   7.8983043965E-03
    3      7.0789503887E-02   9.7064360062E-03  -4.6826611286E-02  -2.7887007250E-02  -3.5215294307E-03
    4      2.8476769162E-02   1.5564371042E-03  -2.6542209964E-02  -1.5088461909E-02  -1.0830765134E-03
    5      4.0584990579E-03   7.7689636635E-03  -3.3977352886E-03  -8.2916442158E-04  -7.7303965859E-03
    6      5.0414324184E-02   1.1163311946E-02   5.7936794976E-02   1.9228965751E-02   2.7205104220E-03
    7     -2.6177559032E-01  -2.9359483950E-02  -1.9714157400E-02  -5.6409154411E-02  -9.4083453314E-03
    8     -3.1461122061E-02  -6.6314342300E-02  -2.3328772111E-03  -9.6213911626E-03   7.7917822320E-03
    9      1.5555831299E-03  -5.0809560485E-03  -1.6409167800E-01  -1.0046474133E-01  -1.5764460374E-02
   10      6.7396907661E-01   5.7203123106E-02  -5.2205466439E-02  -2.6358924691E-01  -2.6927724131E-02
   11      5.7203123106E-02   1.5746623449E-01  -9.8021973959E-03  -2.5686816359E-02  -6.9808630997E-02
   12     -5.2205466439E-02  -9.8021973959E-03   6.9132620978E-01  -3.9807436176E-02  -8.0368928927E-03
   13     -2.6358924691E-01  -2.5686816359E-02  -3.9807436176E-02   6.9197290891E-01   8.0581153506E-02
   14     -2.6927724131E-02  -6.9808630997E-02  -8.0368928927E-03   8.0581153506E-02   1.5047183515E-01
   15     -6.8140383025E-02  -8.5674383534E-03  -3.3727743977E-01   2.9572853632E-02   4.2020851954E-03
   16      2.9928260234E-02   1.9122668081E-03  -2.9566691484E-02  -1.2829732637E-01  -9.1074227170E-03
   17      5.2993477756E-03   8.0578023878E-03  -3.3235238510E-03  -1.0594955186E-02  -6.4156095131E-02
   18     -6.6408549816E-03   4.0280385811E-03  -2.8194765259E-02  -1.6882031578E-02  -7.6848648790E-04
   19     -1.0192094051E-01  -1.0946324558E-03  -2.7951415896E-02   1.2053225615E-02   1.6669384904E-03
   20     -4.9360167801E-03  -7.8085492528E-02  -5.3662896145E-03  -6.1206690075E-04   1.7269467965E-03
   21      4.5202879128E-02  -1.1121061441E-02  -3.8549832817E-04   2.7064188890E-03  -1.1113085158E-03
   22     -8.5040977635E-03   6.8197074034E-03  -4.8289698644E-03  -6.7841042773E-03  -1.5109773877E-03
   23      7.4197381471E-03   1.6670717672E-02   1.2881563357E-03   6.8921514020E-04   2.0463889609E-04
   24     -3.6167338632E-02   9.6384460417E-03  -4.3536244782E-03   4.9189319454E-03   9.1364457010E-04
   25      4.2215977501E-03   1.3875829425E-03   2.8520226122E-03   1.0589030097E-03   3.4395365666E-05
   26      2.8533201090E-03   9.5204646191E-03  -3.4020247270E-04  -7.3190022839E-04   1.2431618587E-03
   27      4.0783256202E-05   1.8660684164E-06   6.0283942544E-04   3.5340676325E-03   6.1379571807E-04
   28     -1.4101413358E-03  -4.1125036050E-05   2.5385920524E-03  -4.6108935822E-03  -1.8319812312E-03
   29     -3.9417284664E-04  -8.2584526355E-04   4.2659393071E-04  -1.6739672076E-03   7.3123382506E-03
   30     -1.6749914119E-03   2.2854180156E-04  -8.1153652353E-04  -1.0164853438E-03  -1.2305390145E-04
   31      2.1631326283E-03  -9.0750675896E-04  -9.8042162659E-04   2.3412125052E-04   1.8225709005E-04
   32     -7.1025916595E-04   7.6268422380E-03  -3.4046974687E-04   1.7725610687E-04  -8.8458463671E-04
   33      1.2029936005E-02   1.6611260565E-03  -9.5926726304E-04   3.4459967994E-03   4.7462922271E-04
   34     -1.8801822768E-02  -3.0864317027E-03   4.6492957430E-03  -3.0466675434E-03  -1.5739917041E-03
   35     -2.7354549423E-03   1.3538762223E-03   7.2813704247E-04  -1.3763461331E-03   6.2552626261E-03
   36     -1.2381286536E-02  -1.9350361134E-03  -1.2613989525E-01   1.1935528088E-01   1.9114531862E-02
   37     -1.9585458006E-02  -3.4331645743E-03   1.1871616634E-01  -2.6242092414E-01  -3.3299773468E-02
   38     -2.9801469250E-03   3.6804406597E-03   1.8097614182E-02  -3.3707546305E-02  -4.3262943584E-02
   39      1.3343107095E-03   3.3356967420E-05  -1.1356754660E-02  -2.8836444243E-02  -4.2425765916E-03
   40      2.1064286175E-03  -8.0907167876E-04   1.6708715090E-03   3.2708171318E-03   1.0796332338E-04
   41     -1.0483660161E-03   7.5465437731E-03   4.3715462041E-04   2.2407242569E-04   2.6871454361E-03
   42      8.8877522982E-06  -1.7171112700E-04   9.5229451584E-05   2.9860328686E-04   1.3516749140E-04
   43      2.6103115592E-04  -8.7174194051E-04  -4.5105646103E-04  -5.5352701052E-04  -4.0733495675E-04
   44     -3.1715287618E-04  -8.1694248398E-04  -2.1942122828E-04  -1.6312769948E-04  -1.1229740003E-04
   45     -2.8852176868E-03   4.3626659501E-04  -7.2906161058E-04   4.6933333231E-04   4.6284373384E-04
   46     -4.8957744521E-03   2.6737076834E-03  -1.1006099548E-03   6.4595340345E-04   2.6000852942E-04
   47      2.8258927044E-03   4.8609012335E-03   1.2686108960E-03  -1.9837269720E-04   3.6353269067E-04
                   15                 16                 17                 18                 19        
    0     -1.7754530750E-01   1.1394669006E-01   1.7855790685E-02   3.1045762788E-04   6.6911485524E-04
    1      5.5028304326E-02  -2.7432222728E-01  -3.1950594967E-02  -8.1914802298E-04  -4.4313836329E-03
    2      8.8745344778E-03  -3.2376240279E-02  -6.6420413974E-02  -1.1189887522E-05  -6.9576744387E-04
    3      6.1331134981E-02  -2.0711021322E-02  -3.5797120135E-03   6.9029658760E-03   4.9685866750E-03
    4      2.0878731618E-02  -5.7601344742E-02  -9.6460328874E-03   1.5970626395E-03  -5.3361236228E-03
    5      2.3426862683E-03  -9.2173860659E-03   6.6124028103E-03  -3.5664746890E-04  -2.3407955845E-03
    6     -4.6797841768E-02   2.7145509021E-02   4.1427663968E-03  -1.7624134579E-02   2.7289492119E-02
    7      2.6451929175E-02  -1.4850726237E-02  -1.2620440516E-03   1.7346304080E-02   7.3337923277E-03
    8      3.7448396295E-03  -9.8484584526E-04  -8.1317122771E-03   2.5286361831E-04   1.3962135662E-03
    9     -3.1159115690E-02  -2.8244070294E-02  -3.4125079272E-03  -1.7930226745E-01  -1.6842591859E-02
   10     -6.8140383025E-02   2.9928260234E-02   5.2993477756E-03  -6.6408549816E-03  -1.0192094051E-01
   11     -8.5674383534E-03   1.9122668081E-03   8.0578023878E-03   4.0280385811E-03  -1.0946324558E-03
   12     -3.3727743977E-01  -2.9566691484E-02  -3.3235238510E-03  -2.8194765259E-02  -2.7951415896E-02
   13      2.9572853632E-02  -1.2829732637E-01  -1.0594955186E-02  -1.6882031578E-02   1.2053225615E-02
   14      4.2020851954E-03  -9.1074227170E-03  -6.4156095131E-02  -7.6848648790E-04   1.6669384904E-03
   15      6.7898327735E-01   3.5653141280E-02   2.7663651725E-03   4.2940408487E-03  -6.3605906897E-03
   16      3.5653141280E-02   7.0242241146E-01   8.4832718497E-02  -2.4347114011E-03  -6.3612053883E-03
   17      2.7663651725E-03   8.4832718497E-02   1.4530756642E-01  -6.2306926750E-04  -2.2409532042E-03
   18      4.2940408487E-03  -2.4347114011E-03  -6.2306926750E-04   6.4713768005E-01  -4.6416077946E-02
   19     -6.3605906897E-03  -6.3612053883E-03  -2.2409532042E-03  -4.6416077946E-02   7.9389229028E-01
   20      4.9127230034E-04  -1.3752398640E-03   7.9492720609E-03   1.1512099457E-02  -1.4876363583E-01
   21      1.0007104470E-03   6.8193160387E-04   7.5832165130E-04  -2.2409525792E-01   1.7756156372E-01
   22      1.9597282900E-03   1.5125094392E-03  -9.4938689814E-05   1.7778288714E-01  -4.1153241665E-01
   23     -4.6128445075E-04   2.7329142618E-04  -5.8132861457E-04  -4.9175313954E-02   8.6380078926E-02
   24     -1.8292574335E-03  -1.0151527928E-03  -1.0146134179E-03  -2.1161042381E-01  -1.0300103607E-01
   25     -1.3398410276E-04   1.3296978983E-03   1.5485720314E-04  -1.0677220810E-01  -2.6946368585E-01
   26      2.1913712027E-04   3.8630849348E-05  -4.5875421757E-04   3.2640069971E-02   7.0005145710E-02
   27     -1.1971754056E-02  -2.7450221802E-03  -2.4173664866E-04   1.7401705345E-04   3.0268847200E-05
   28      2.8052749580E-02   4.8723865646E-03   2.7676868482E-05   5.7602867011E-06  -4.1986623110E-04
   29      4.1492633965E-03   3.4406992745E-04   2.7530045942E-03   3.8017561502E-05   1.5168838335E-04
   30     -8.8581906072E-04  -3.2763716461E-03  -3.6124889988E-04   1.0290884313E-03   1.7237276981E-03
   31     -4.3943460633E-03  -3.0123747353E-03  -1.5874518075E-03  -4.7002284648E-04   7.2647293380E-05
   32     -3.9207883282E-04  -1.5696031547E-03   7.2360699114E-03  -1.0340324629E-04  -1.3335126987E-04
   33     -7.9253818926E-04   8.1580613848E-04   1.1076236729E-04   4.7081228293E-04  -1.4409305958E-04
   34      8.4116519670E-04   2.8537291579E-04   1.5019880312E-04  -3.9695140370E-03  -2.0083020495E-03
   35      4.2833568916E-05   2.6107459380E-05  -7.6880973175E-04   3.3245375937E-04   5.2709962725E-04
   36     -1.0654448207E-02   2.7249790887E-02   3.9556683265E-03   5.4651461388E-04  -2.0283670618E-03
   37     -2.3069511919E-03   4.7099404177E-03   1.2302382793E-04   3.2434000540E-03  -2.4861248151E-03
   38     -2.6551524700E-04  -1.6658159704E-04   3.7261153533E-03  -2.1149682288E-04   3.2443163657E-04
   39     -1.2674541975E-01  -1.1738476025E-01  -1.6941956436E-02   5.5214758480E-04  -2.1078773297E-03
   40     -1.1744884831E-01  -2.6011744143E-01  -3.2934159775E-02   3.6871058614E-04   2.7784174087E-05
   41     -1.6856523622E-02  -3.2911033692E-02  -4.0837735732E-02   1.2333389248E-04  -2.1429978484E-05
   42      2.2946760535E-05   2.3922662552E-04   4.0263930033E-05   1.8226602201E-02  -6.7503423396E-03
   43      5.9653596547E-04  -2.2990492817E-04   9.8533799444E-05   1.9567995172E-02  -1.9043042076E-02
   44      3.1849792363E-05  -3.5481832162E-04   7.8179651657E-05  -7.1003992333E-03  -2.0156182842E-04
   45      2.6831037745E-05  -4.0343606796E-04  -1.1179558827E-04  -1.8817477549E-02  -9.0252762776E-04
   46     -2.0089386798E-04  -2.6802780989E-04  -3.7597829981E-04  -3.5245385082E-02   9.6233511348E-03
   47     -3.4180089522E-04   6.3683866387E-04  -3.6556351419E-04   9.4250125584E-03  -5.0247792337E-03
                   20                 21                 22                 23                 24        
    0     -5.7146382605E-04  -5.4273011155E-04  -5.8604553509E-04   2.7800645176E-04  -4.8500138400E-04
    1      5.5678080706E-04   1.6722200414E-03   6.4238899024E-04  -3.7480933287E-04  -7.3284967030E-04
    2     -1.2373080812E-03   2.8636486905E-04   2.9118814635E-04   1.2159737955E-04  -1.8817573228E-04
    3     -1.1298569777E-04  -3.0967230367E-03   4.9341108720E-04   2.6822925777E-05   2.8208127037E-04
    4     -2.6009265683E-03   1.2307434804E-03   5.1951064432E-04   1.1824131518E-03  -3.9541650494E-04
    5      8.1007532404E-03   1.5813737656E-03  -7.8538253934E-04  -1.2734168583E-03  -7.2235151079E-04
    6      5.3100486176E-03  -5.2193589466E-03   6.6820823645E-04  -1.7142681729E-03  -1.7956254420E-03
    7      1.2479802348E-03  -6.3630088611E-03   2.5477935052E-03  -1.2569565649E-03  -2.7342866970E-03
    8     -1.1153689933E-05  -1.4531026585E-03  -2.1582543891E-04   2.0090995778E-03   6.1153586629E-04
    9      5.5453183969E-03  -3.1537838457E-02   3.1906370064E-02  -7.7027571113E-03  -2.9510383614E-02
   10     -4.9360167801E-03   4.5202879128E-02  -8.5040977635E-03   7.4197381471E-03  -3.6167338632E-02
   11     -7.8085492528E-02  -1.1121061441E-02   6.8197074034E-03   1.6670717672E-02   9.6384460417E-03
   12     -5.3662896145E-03  -3.8549832817E-04  -4.8289698644E-03   1.2881563357E-03  -4.3536244782E-03
   13     -6.1206690075E-04   2.7064188890E-03  -6.7841042773E-03   6.8921514020E-04   4.9189319454E-03
   14      1.7269467965E-03  -1.1113085158E-03  -1.5109773877E-03   2.0463889609E-04   9.1364457010E-04
   15      4.9127230034E-04   1.0007104470E-03   1.9597282900E-03  -4.6128445075E-04  -1.8292574335E-03
   16     -1.3752398640E-03   6.8193160387E-04   1.5125094392E-03   2.7329142618E-04  -1.0151527928E-03
   17      7.9492720609E-03   7.5832165130E-04  -9.4938689814E-05  -5.8132861457E-04  -1.0146134179E-03
   18      1.1512099457E-02  -2.2409525792E-01   1.7778288714E-01  -4.9175313954E-02  -2.1161042381E-01
   19     -1.4876363583E-01   1.7756156372E-01  -4.1153241665E-01   8.6380078926E-02  -1.0300103607E-01
   20      2.4805615428E-01  -4.9771312562E-02   8.8471711007E-02  -1.0850545936E-01   2.7258354593E-02
   21     -4.9771312562E-02   2.3109132215E-01  -2.1978425611E-01   6.0628893405E-02   3.3685412868E-02
   22      8.8471711007E-02  -2.1978425611E-01   5.1226834814E-01  -1.2714928628E-01   1.5072886272E-02
   23     -1.0850545936E-01   6.0628893405E-02  -1.2714928628E-01   7.8811900110E-02  -3.4365436997E-03
   24      2.7258354593E-02   3.3685412868E-02   1.5072886272E-02  -3.4365436997E-03   8.2777103851E-01
   25      6.1615861516E-02  -4.3886741985E-03  -9.2076112841E-02   3.1915200298E-02  -3.3429986081E-02
   26     -6.1812130835E-02   1.5225747396E-03   3.0561393471E-02   1.0970938492E-02   1.5383646455E-02
   27     -2.6419454842E-05  -1.6901651026E-04  -3.9878638113E-05  -5.0535281394E-05  -1.1240081621E-04
   28      3.2251670843E-04   7.1447132689E-05   3.1518897018E-04  -4.5584782016E-05  -3.0521237296E-05
   29     -1.3862021582E-03  -1.5110128416E-04   1.5846410786E-04   1.1962642272E-04   1.7980703649E-04
   30      2.8983295777E-04  -1.0829063097E-03   3.3054437789E-04  -2.4558392647E-04  -2.7383345185E-04
   31     -4.6310562190E-05   1.4439592375E-04  -7.5860273411E-05   4.8083147196E-05   1.6923971110E-04
   32      6.4131963099E-04   2.1884599980E-04   3.6270415805E-05  -3.2170424477E-04   1.0708193670E-04
   33     -6.2651238288E-05   3.6901867682E-04  -3.0226584702E-04   1.1115858994E-04  -1.9768241454E-03
   34      1.1660552220E-03   7.1037944355E-04   8.8346654808E-04  -2.5734333099E-04   7.9074328074E-05
   35     -3.6973642349E-03  -6.5209578983E-04   8.7528124130E-04   3.4229322473E-04   7.8283693664E-04
   36      4.5819565718E-04  -1.8577190979E-03   6.6291653640E-04   1.5520643290E-04   3.2891503448E-04
   37      1.2633739798E-03   4.4158247560E-04   2.6410049396E-03  -1.0460098281E-05  -1.6018072988E-04
   38     -3.6779995897E-03  -4.3721014755E-04   4.8812958006E-04  -3.4391330470E-04   4.7896824998E-04
   39     -8.7397489807E-05  -1.8105449863E-04   4.7040475638E-04  -5.5819983663E-05  -8.1275536564E-04
   40     -2.6143147838E-05  -1.6793727386E-04   6.4526569998E-05  -2.7932901585E-05  -1.0381395686E-04
   41      3.3226377283E-04  -1.8479829444E-04   4.0233029502E-05   2.4541480276E-05  -2.6227562596E-05
   42      4.0357927679E-03  -8.4029603902E-05  -6.9239524380E-03   1.5844015097E-03  -1.6413292742E-01
   43      5.0122074280E-03  -4.9890509862E-03  -3.3272402912E-03   3.3230766694E-03   1.4561378278E-01
   44     -9.6271993336E-03   1.5971837052E-03   2.7932747610E-03   6.8634049172E-03  -6.1856337280E-02
   45      1.0957221057E-03   2.1056686853E-03   3.4168787615E-03  -1.2753242557E-03  -4.4517439032E-01
   46     -1.2308367651E-03   4.9704984928E-03   9.0509434399E-04  -2.1562595984E-03   1.1861854477E-02
   47      1.2336000211E-03  -1.6667822574E-03  -7.3170685250E-04  -5.1129357948E-03   1.1873891532E-02
                   25                 26                 27                 28                 29        
    0     -1.7359069732E-05   1.9575020841E-04  -3.3289145931E-01   3.7555807448E-04   3.1902310183E-03
    1      5.0793607668E-04   1.5609128231E-04   3.1658352744E-04  -5.8337533210E-02  -3.4947902375E-03
    2      4.7905543029E-05   1.0802253774E-04   3.0464552800E-03  -3.4811361174E-03  -3.6205499017E-02
    3     -1.8259560485E-03  -9.8332009236E-06  -1.2058043044E-02  -2.8074562007E-02  -4.0535030310E-03
    4      4.4482580081E-04   5.9330491334E-04   2.7534848521E-03   4.5852776033E-03   1.8815957248E-04
    5      4.7424382603E-04  -2.9249609782E-04   5.8659762051E-04   6.2830345519E-04   2.5640104733E-03
    6      5.5886557835E-04   1.6935466074E-04   6.4465605703E-04  -2.4761982306E-03  -2.5781211684E-04
    7     -4.4983561298E-03  -1.0434092788E-03  -3.3626849801E-03  -4.3469841345E-03  -1.6788730739E-03
    8      1.5965567015E-04   8.8045642966E-05  -4.4014033437E-04  -1.7845719760E-03   7.3125415526E-03
    9     -1.3439136854E-02   3.4643449401E-03   7.7463606379E-04   7.2613027872E-06  -3.7319324242E-05
   10      4.2215977501E-03   2.8533201090E-03   4.0783256202E-05  -1.4101413358E-03  -3.9417284664E-04
   11      1.3875829425E-03   9.5204646191E-03   1.8660684164E-06  -4.1125036050E-05  -8.2584526355E-04
   12      2.8520226122E-03  -3.4020247270E-04   6.0283942544E-04   2.5385920524E-03   4.2659393071E-04
   13      1.0589030097E-03  -7.3190022839E-04   3.5340676325E-03  -4.6108935822E-03  -1.6739672076E-03
   14      3.4395365666E-05   1.2431618587E-03   6.1379571807E-04  -1.8319812312E-03   7.3123382506E-03
   15     -1.3398410276E-04   2.1913712027E-04  -1.1971754056E-02   2.8052749580E-02   4.1492633965E-03
   16      1.3296978983E-03   3.8630849348E-05  -2.7450221802E-03   4.8723865646E-03   3.4406992745E-04
   17      1.5485720314E-04  -4.5875421757E-04  -2.4173664866E-04   2.7676868482E-05   2.7530045942E-03
   18     -1.0677220810E-01   3.2640069971E-02   1.7401705345E-04   5.7602867011E-06   3.8017561502E-05
   19     -2.6946368585E-01   7.0005145710E-02   3.0268847200E-05  -4.1986623110E-04   1.5168838335E-04
   20      6.1615861516E-02  -6.1812130835E-02  -2.6419454842E-05   3.2251670843E-04  -1.3862021582E-03
   21     -4.3886741985E-03   1.5225747396E-03  -1.6901651026E-04   7.1447132689E-05  -1.5110128416E-04
   22     -9.2076112841E-02   3.0561393471E-02  -3.9878638113E-05   3.1518897018E-04   1.5846410786E-04
   23      3.1915200298E-02   1.0970938492E-02  -5.0535281394E-05  -4.5584782016E-05   1.1962642272E-04
   24     -3.3429986081E-02   1.5383646455E-02  -1.1240081621E-04  -3.0521237296E-05   1.7980703649E-04
   25      7.3408872922E-01  -2.4743658621E-01  -2.0051147336E-05   1.8458996913E-04  -4.9660634515E-06
   26     -2.4743658621E-01   1.0575114104E-01   5.2050955254E-05   1.8801504591E-05   5.3174963561E-05
   27     -2.0051147336E-05   5.2050955254E-05   3.5478105554E-01  -4.1512088222E-04  -3.4128386649E-03
   28      1.8458996913E-04   1.8801504591E-05  -4.1512088222E-04   5.7335621635E-02   4.8717792827E-03
   29     -4.9660634515E-06   5.3174963561E-05  -3.4128386649E-03   4.8717792827E-03   2.5484170766E-02
   30     -2.9872050260E-04  -3.5684787652E-05   7.6667561314E-04   4.4966685347E-04   2.1748899250E-05
   31      6.9369064255E-05  -3.2267745840E-05  -1.4672131582E-04   8.6434829630E-04   7.5605074253E-04
   32      1.7963693125E-05  -6.8192398060E-05  -6.9145305222E-05   7.0036939559E-04  -3.6891984072E-03
   33      3.7199022506E-04   6.4122352564E-04  -7.5733615092E-04  -1.5147244417E-03  -2.3704261720E-04
   34      1.5857277956E-03   4.7480676044E-04   1.3123232179E-04  -5.7447221963E-05  -3.2248551352E-05
   35     -4.5734820074E-04  -2.8055680773E-05   5.5425380029E-05   4.2010786163E-05   1.1838320472E-04
   36      1.1795299785E-03  -3.6749987093E-04  -6.6353239673E-04   1.3496675076E-03   2.1789664293E-04
   37      5.0242490681E-04  -3.2814561031E-05  -2.5784051436E-04   1.2729847618E-04   3.9698535188E-05
   38      6.9015876319E-04  -6.5991151458E-05  -2.6375621247E-05  -4.4963678491E-08  -3.9738924301E-05
   39      7.7577277671E-05   2.8699052525E-05   7.7183212355E-04  -4.4923280717E-04  -9.8204440402E-05
   40     -2.9456552055E-05   1.8733301635E-05   1.4898631583E-04   8.6074392959E-04   6.9285132021E-04
   41     -1.9659842981E-05  -1.3860098084E-04  -2.9663875451E-05   6.8843796779E-04  -3.5920371358E-03
   42      1.4413301220E-01  -5.9830530097E-02   8.2746555957E-05   9.1949696519E-05   3.0889867340E-05
   43     -3.1094661980E-01   1.2337245334E-01   2.0151808302E-05   7.0532888214E-06   3.2752899375E-05
   44      1.2968418283E-01  -5.1055536999E-02  -7.3705335157E-05  -1.0828214851E-04   6.5511393201E-06
   45      1.1207891096E-02   6.2829347867E-03   2.5083845835E-05   1.8140506850E-05  -1.0653131342E-05
   46     -6.6979570312E-02   2.1163162161E-02   1.1327708811E-05   3.0356982134E-05   4.5262706871E-05
   47      2.1757687302E-02  -1.3815190795E-02   1.8395755972E-05  -8.9292115407E-06   1.4719539234E-05
                   30                 31                 32                 33                 34        
    0      1.1663222100E-02   1.6248861212E-02   2.3711277086E-03  -6.0051277897E-03   1.2990133263E-04
    1     -1.4701641280E-02  -1.8643394364E-02  -2.6683040940E-03   1.4216682723E-03   2.2599747409E-03
    2     -2.4022622615E-03  -3.4615363507E-03   1.5735986639E-03   3.8028597321E-04  -1.0786699519E-03
    3     -1.2571076098E-01   1.1651275750E-01   1.9263524622E-02  -1.1261944100E-02   1.3755136589E-03
    4      1.1632412041E-01  -2.5943895781E-01  -3.7181062928E-02  -2.9583711739E-02   2.2683220795E-03
    5      1.9139614409E-02  -3.6871848652E-02  -4.0354224083E-02  -4.8267321846E-03   6.1699767252E-06
    6     -1.1260932001E-02  -1.9650779882E-03  -2.1114134679E-04  -1.2046737290E-01  -1.1365315527E-01
    7      2.8856075673E-02   3.0157745049E-03  -4.2092508365E-04  -1.1280229831E-01  -2.6051578939E-01
    8      4.7806116136E-03   2.6925065603E-04   1.5461036607E-03  -1.8373222894E-02  -3.7801032798E-02
    9     -6.0873806347E-03  -4.0756541754E-04   1.9248230316E-06   1.1243185402E-02  -1.4840207483E-02
   10     -1.6749914119E-03   2.1631326283E-03  -7.1025916595E-04   1.2029936005E-02  -1.8801822768E-02
   11      2.2854180156E-04  -9.0750675896E-04   7.6268422380E-03   1.6611260565E-03  -3.0864317027E-03
   12     -8.1153652353E-04  -9.8042162659E-04  -3.4046974687E-04  -9.5926726304E-04   4.6492957430E-03
   13     -1.0164853438E-03   2.3412125052E-04   1.7725610687E-04   3.4459967994E-03  -3.0466675434E-03
   14     -1.2305390145E-04   1.8225709005E-04  -8.8458463671E-04   4.7462922271E-04  -1.5739917041E-03
   15     -8.8581906072E-04  -4.3943460633E-03  -3.9207883282E-04  -7.9253818926E-04   8.4116519670E-04
   16     -3.2763716461E-03  -3.0123747353E-03  -1.5696031547E-03   8.1580613848E-04   2.8537291579E-04
   17     -3.6124889988E-04  -1.5874518075E-03   7.2360699114E-03   1.1076236729E-04   1.5019880312E-04
   18      1.0290884313E-03  -4.7002284648E-04  -1.0340324629E-04   4.7081228293E-04  -3.9695140370E-03
   19      1.7237276981E-03   7.2647293380E-05  -1.3335126987E-04  -1.4409305958E-04  -2.0083020495E-03
   20      2.8983295777E-04  -4.6310562190E-05   6.4131963099E-04  -6.2651238288E-05   1.1660552220E-03
   21     -1.0829063097E-03   1.4439592375E-04   2.1884599980E-04   3.6901867682E-04   7.1037944355E-04
   22      3.3054437789E-04  -7.5860273411E-05   3.6270415805E-05  -3.0226584702E-04   8.8346654808E-04
   23     -2.4558392647E-04   4.8083147196E-05  -3.2170424477E-04   1.1115858994E-04  -2.5734333099E-04
   24     -2.7383345185E-04   1.6923971110E-04   1.0708193670E-04  -1.9768241454E-03   7.9074328074E-05
   25     -2.9872050260E-04   6.9369064255E-05   1.7963693125E-05   3.7199022506E-04   1.5857277956E-03
   26     -3.5684787652E-05  -3.2267745840E-05  -6.8192398060E-05   6.4122352564E-04   4.7480676044E-04
   27      7.6667561314E-04  -1.4672131582E-04  -6.9145305222E-05  -7.5733615092E-04   1.3123232179E-04
   28      4.4966685347E-04   8.6434829630E-04   7.0036939559E-04  -1.5147244417E-03  -5.7447221963E-05
   29      2.1748899250E-05   7.5605074253E-04  -3.6891984072E-03  -2.3704261720E-04  -3.2248551352E-05
   30      1.3119840609E-01  -1.2585052751E-01  -2.1070637238E-02   1.0200286110E-03  -1.5962529432E-04
   31     -1.2585052751E-01   2.7518618284E-01   4.0935411417E-02   2.6721268610E-04   7.1374030183E-04
   32     -2.1070637238E-02   4.0935411417E-02   3.1390888871E-02   8.1799035765E-05   8.2685463479E-04
   33      1.0200286110E-03   2.6721268610E-04   8.1799035765E-05   1.3061144072E-01   1.2452886346E-01
   34     -1.5962529432E-04   7.1374030183E-04   8.2685463479E-04   1.2452886346E-01   2.7631653169E-01
   35     -1.0018852546E-04   6.9101795702E-04  -3.7536978911E-03   1.8340651991E-02   4.2429765247E-02
   36      3.5560019412E-05   6.2673527339E-05   1.3129144884E-05   5.0739812218E-04  -1.0330690627E-03
   37      8.9682179380E-05  -8.2018959146E-06   1.5735753059E-04   7.4221168918E-04  -1.0955715458E-03
   38     -2.1739367104E-05   1.9525904657E-04  -1.2239475428E-03   1.4977659234E-04  -2.6652727047E-04
   39      4.2982938197E-04   8.4329629264E-04   1.2532948628E-04   6.9337370110E-05  -9.9185670580E-05
   40     -8.3098376749E-04  -1.1179098312E-03  -1.9522330719E-04  -8.3184545119E-05  -4.0421175713E-05
   41     -1.2202769572E-04  -1.9313830103E-04   2.0809844018E-04  -2.2498170757E-05   2.4271968668E-04
   42     -1.7954454918E-05  -1.6374982806E-05  -2.7218476415E-05  -2.0562933963E-03   1.1031570885E-03
   43      6.2915026519E-05  -2.6043819682E-05   3.3034167014E-05   7.7610859790E-04   6.5946283939E-04
   44      9.0395887763E-06   2.5506527267E-05   5.0704430998E-05   1.6696010966E-03  -1.2314585241E-03
   45     -1.1686830837E-05  -2.0827651930E-05   2.9591821727E-05  -1.4517249418E-05   2.0735915071E-04
   46     -2.3936921040E-05   3.4265523807E-06  -8.9417632516E-06   2.9299170446E-05   5.9342278217E-04
   47      1.4776946140E-05   3.7699913276E-07   2.1923355650E-05  -8.0275348294E-05   6.4993038010E-05
                   35                 36                 37                 38                 39        
    0      4.7163212456E-04  -5.5786239532E-03  -7.4816564499E-04  -3.3273319156E-05   1.1581203168E-02
    1     -1.0610255537E-03  -1.1798647096E-03   1.7850694847E-03  -9.4846046949E-04   1.4637041692E-02
    2      7.6024503734E-03  -1.9333583438E-04  -7.6276496235E-04   7.5792498023E-03   2.1085450336E-03
    3      6.7790511782E-04  -7.5468495985E-04  -7.6136152683E-04  -1.3764276189E-05  -7.6854519173E-04
    4      9.1833898204E-04  -8.7162813237E-04   3.3506484297E-04   1.4139218789E-04   3.3208218715E-03
    5      2.5383226542E-03  -1.1371215817E-04   1.2482185487E-04  -6.6063191937E-04   5.2415588842E-04
    6     -1.8807779572E-02  -1.5611301726E-03  -4.0436002571E-03  -7.1411117368E-04  -8.8033873500E-04
    7     -3.9842028838E-02  -3.2212540284E-03  -2.8525020904E-03  -1.3270501568E-03   1.0502231705E-03
    8     -3.9989084625E-02  -4.6480914970E-04  -1.1266621979E-03   5.6917681321E-03   1.2307026804E-04
    9     -3.5438988686E-03   1.2513394071E-02   1.3808872756E-02   3.3641116250E-03  -5.9389797712E-03
   10     -2.7354549423E-03  -1.2381286536E-02  -1.9585458006E-02  -2.9801469250E-03   1.3343107095E-03
   11      1.3538762223E-03  -1.9350361134E-03  -3.4331645743E-03   3.6804406597E-03   3.3356967420E-05
   12      7.2813704247E-04  -1.2613989525E-01   1.1871616634E-01   1.8097614182E-02  -1.1356754660E-02
   13     -1.3763461331E-03   1.1935528088E-01  -2.6242092414E-01  -3.3707546305E-02  -2.8836444243E-02
   14      6.2552626261E-03   1.9114531862E-02  -3.3299773468E-02  -4.3262943584E-02  -4.2425765916E-03
   15      4.2833568916E-05  -1.0654448207E-02  -2.3069511919E-03  -2.6551524700E-04  -1.2674541975E-01
   16      2.6107459380E-05   2.7249790887E-02   4.7099404177E-03  -1.6658159704E-04  -1.1738476025E-01
   17     -7.6880973175E-04   3.9556683265E-03   1.2302382793E-04   3.7261153533E-03  -1.6941956436E-02
   18      3.3245375937E-04   5.4651461388E-04   3.2434000540E-03  -2.1149682288E-04   5.5214758480E-04
   19      5.2709962725E-04  -2.0283670618E-03  -2.4861248151E-03   3.2443163657E-04  -2.1078773297E-03
   20     -3.6973642349E-03   4.5819565718E-04   1.2633739798E-03  -3.6779995897E-03  -8.7397489807E-05
   21     -6.5209578983E-04  -1.8577190979E-03   4.4158247560E-04  -4.3721014755E-04  -1.8105449863E-04
   22      8.7528124130E-04   6.6291653640E-04   2.6410049396E-03   4.8812958006E-04   4.7040475638E-04
   23      3.4229322473E-04   1.5520643290E-04  -1.0460098281E-05  -3.4391330470E-04  -5.5819983663E-05
   24      7.8283693664E-04   3.2891503448E-04  -1.6018072988E-04   4.7896824998E-04  -8.1275536564E-04
   25     -4.5734820074E-04   1.1795299785E-03   5.0242490681E-04   6.9015876319E-04   7.7577277671E-05
   26     -2.8055680773E-05  -3.6749987093E-04  -3.2814561031E-05  -6.5991151458E-05   2.8699052525E-05
   27      5.5425380029E-05  -6.6353239673E-04  -2.5784051436E-04  -2.6375621247E-05   7.7183212355E-04
   28      4.2010786163E-05   1.3496675076E-03   1.2729847618E-04  -4.4963678491E-08  -4.4923280717E-04
   29      1.1838320472E-04   2.1789664293E-04   3.9698535188E-05  -3.9738924301E-05  -9.8204440402E-05
   30     -1.0018852546E-04   3.5560019412E-05   8.9682179380E-05  -2.1739367104E-05   4.2982938197E-04
   31      6.9101795702E-04   6.2673527339E-05  -8.2018959146E-06   1.9525904657E-04   8.4329629264E-04
   32     -3.7536978911E-03   1.3129144884E-05   1.5735753059E-04  -1.2239475428E-03   1.2532948628E-04
   33      1.8340651991E-02   5.0739812218E-04   7.4221168918E-04   1.4977659234E-04   6.9337370110E-05
   34      4.2429765247E-02  -1.0330690627E-03  -1.0955715458E-03  -2.6652727047E-04  -9.9185670580E-05
   35      3.0927305280E-02  -2.0998201115E-04  -2.4514937628E-04   5.9209937034E-04  -7.3312289263E-06
   36     -2.0998201115E-04   1.3200808957E-01  -1.2903549785E-01  -2.0474093572E-02   1.1133112522E-03
   37     -2.4514937628E-04  -1.2903549785E-01   2.7772924879E-01   3.6738035664E-02   2.3146948659E-04
   38      5.9209937034E-04  -2.0474093572E-02   3.6738035664E-02   3.1872957209E-02   2.8165962473E-05
