
$orca_hessian_file

$act_atom
  0

$act_coord
  0

$act_energy
        0.000000

$multiplicity
  1

$hessian
48
                    0                  1                  2                  3                  4        
    0      7.3551595819E-01   9.0975336272E-04   4.5006053654E-03  -1.7845013821E-01  -1.1630151085E-01
    1      9.0975336272E-04   6.4295172299E-01   8.1622680703E-02  -5.7213936557E-02  -2.7476769394E-01
    2      4.5006053654E-03   8.1622680703E-02   1.4459883664E-01  -9.4533597048E-03  -3.6167284443E-02
    3     -1.7845013821E-01  -5.7213936557E-02  -9.4533597048E-03   6.7542562022E-01  -3.2971013037E-02
    4     -1.1630151085E-01  -2.7476769394E-01  -3.6167284443E-02  -3.2971013037E-02   6.9988581274E-01
    5     -1.9532026482E-02  -3.6939845966E-02  -6.6097164047E-02  -4.6620722726E-03   9.8560279329E-02
    6     -2.9566222492E-02  -7.3073930164E-02  -1.2082383666E-02  -3.3207053313E-01   3.0019978866E-02
    7     -2.9788683423E-02   2.9513790689E-02   4.1771203142E-03  -2.8944983695E-02  -1.2384590765E-01
    8     -5.3855394810E-03   2.8228506622E-03   7.2075411781E-03  -4.8795165443E-03  -1.1262176546E-02
    9      1.3284875049E-03   2.9784252362E-04   2.0818953151E-04  -3.1894716486E-02   2.8618724552E-02
   10     -7.9691094317E-04  -6.0310288123E-02  -8.6794117436E-03   7.0141131936E-02   2.8220570795E-02
   11     -6.8236984146E-06  -6.6213918238E-03  -9.0571190741E-03   9.8127698626E-03   2.2653540761E-03
   12     -2.9283056547E-02   7.2649395694E-02   1.1085409693E-02  -4.6631568319E-02  -2.6590091491E-02
   13      3.0921770443E-02   3.1274653063E-02   4.2124285110E-03  -2.7388524131E-02  -1.4996023553E-02
   14      4.4344572482E-03   3.4879835209E-03   8.4306949309E-03  -4.3472312040E-03  -1.5478297366E-03
   15     -1.7791313050E-01   5.5981979257E-02   7.6943842869E-03   6.1190106800E-02   2.1064771490E-02
   16      1.1512732654E-01  -2.7426029896E-01  -3.2252220962E-02  -2.0722000411E-02  -5.7397810081E-02
   17      1.7191986518E-02  -3.2319889628E-02  -6.6349619464E-02  -3.0743410548E-03  -1.0003435820E-02
   18      3.8792183285E-04  -8.3109176101E-04   4.4671613710E-07   6.9075765348E-03   1.6195626540E-03
   19      7.3787709322E-04  -4.3590852620E-03  -6.7808902583E-04   4.8075993275E-03  -5.2233357527E-03
   20     -5.7383550612E-04   4.5710811297E-04  -1.3086166603E-03  -1.0006526728E-04  -2.7979422995E-03
   21     -5.3522314570E-04   1.6032901909E-03   2.8474642019E-04  -3.1045362090E-03   1.2123866077E-03
   22     -6.1431750866E-04   6.4785644717E-04   2.6482438997E-04   5.2929345270E-04   5.3415552484E-04
   23      2.7298475998E-04  -3.1103051054E-04   1.5078957627E-04   3.3926081479E-05   1.2126437724E-03
   24     -4.4835358065E-04  -6.5989406493E-04  -1.4820641455E-04   2.1734861886E-04  -3.1509089251E-04
   25     -7.0237542049E-05   3.7482829625E-04   3.0296833990E-06  -1.6631320610E-03   5.9439775610E-04
   26      1.3562098650E-04   2.1529499175E-04   1.5941543757E-04  -2.4488208653E-04   6.3102965600E-04
   27     -3.3297101788E-01   1.0319428622E-04  -1.6118828073E-03  -1.1970828901E-02   2.7427755566E-03
   28      1.6238813088E-04  -5.8281817823E-02  -3.7039283842E-03  -2.8065848434E-02   4.5910015668E-03
   29     -1.4305395400E-03  -3.7554111237E-03  -3.6385019929E-02  -4.5600039527E-03   2.4760821368E-04
   30      1.1667018834E-02  -1.4606311209E-02  -2.5242740886E-03  -1.2667410082E-01   1.1687668415E-01
   31      1.6227280293E-02  -1.8638114177E-02  -3.5838220466E-03   1.1695217981E-01  -2.5779565945E-01
   32      2.8289014573E-03  -3.0204401840E-03   1.4756005779E-03   1.9978350710E-02  -3.9642131189E-02
   33     -5.9304375724E-03   1.3999268013E-03   1.3563399413E-04  -1.1027596284E-02  -2.8899952761E-02
   34      2.8487149622E-04   2.2551653429E-03  -1.2967713650E-03   1.4235712704E-03   2.8006625904E-03
   35      3.5752496146E-04  -1.0716328631E-03   7.6532949688E-03   5.3338159908E-04   5.7954322606E-04
   36     -5.4906084181E-03  -1.2406683762E-03  -4.7268436997E-04  -7.4199794141E-04  -8.5112110295E-04
   37     -8.1680483523E-04   1.7971726871E-03  -7.0166585052E-04  -7.9473035764E-04   3.1181873370E-04
   38     -2.4330488228E-04  -1.1022856083E-03   7.5516436610E-03   9.2899841865E-05   1.1172148917E-04
   39      1.1589958535E-02   1.4708052472E-02   2.3099254330E-03  -7.8340135825E-04   3.3418671078E-03
   40     -1.6192158814E-02  -1.8675279406E-02  -3.3847750391E-03   4.3463826959E-03  -2.9875965294E-03
   41     -2.3481732576E-03  -3.1462649408E-03   2.0186587101E-03   5.1883743854E-04  -1.4928237822E-03
   42     -1.5958802726E-05   4.9211402090E-06   4.9411070716E-05  -4.9681683822E-04   3.4189228033E-04
   43      1.3274895735E-04   6.2526993488E-04   1.2605589115E-04  -5.5028607968E-04  -2.9622646967E-04
   44     -1.5469722053E-04  -1.2460109245E-05  -4.9543390706E-05  -1.8098339065E-05  -7.7690880046E-04
   45      1.1480225276E-04  -4.0505190220E-05   2.5307586149E-05   1.0558232859E-04   1.3417951071E-04
   46      8.4589198349E-05  -1.4788174978E-04   5.3659053542E-05   7.0253633376E-05   3.7183372574E-04
   47     -4.8410275309E-05  -3.1709491896E-04   6.0688626320E-07   3.8761663825E-04   1.0826499892E-04
                    5                  6                  7                  8                  9        
    0     -1.9532026482E-02  -2.9566222492E-02  -2.9788683423E-02  -5.3855394810E-03   1.3284875049E-03
    1     -3.6939845966E-02  -7.3073930164E-02   2.9513790689E-02   2.8228506622E-03   2.9784252362E-04
    2     -6.6097164047E-02  -1.2082383666E-02   4.1771203142E-03   7.2075411781E-03   2.0818953151E-04
    3     -4.6620722726E-03  -3.3207053313E-01  -2.8944983695E-02  -4.8795165443E-03  -3.1894716486E-02
    4      9.8560279329E-02   3.0019978866E-02  -1.2384590765E-01  -1.1262176546E-02   2.8618724552E-02
    5      1.4337189255E-01   4.5510039559E-03  -1.2133487278E-02  -5.9586330686E-02   5.0600108087E-03
    6      4.5510039559E-03   6.7703886744E-01   3.5229668558E-02   1.0690273246E-02  -1.6647149717E-01
    7     -1.2133487278E-02   3.5229668558E-02   6.8408733281E-01   1.0044659908E-01   1.0007890339E-01
    8     -5.9586330686E-02   1.0690273246E-02   1.0044659908E-01   1.4646844236E-01   1.7831074880E-02
    9      5.0600108087E-03  -1.6647149717E-01   1.0007890339E-01   1.7831074880E-02   6.1375120912E-01
   10      5.4304840769E-03   5.2932688931E-02  -2.6367728840E-01  -3.5058632374E-02  -9.7509514270E-04
   11      7.3924022361E-03   1.0675926055E-02  -3.1310955695E-02  -6.5619978954E-02  -5.3933737853E-04
   12     -4.3671098915E-03   5.7820275337E-02  -1.9548389916E-02  -1.4180002662E-03  -1.6409416889E-01
   13     -1.3212400297E-03   1.8915651016E-02  -5.6500020888E-02  -9.9110723629E-03  -1.0136597859E-01
   14     -7.8729404244E-03   4.0385960816E-03  -1.0440148412E-02   7.4192462184E-03  -1.8366713767E-02
   15      3.2568897706E-03  -4.6802785420E-02   2.6539408269E-02   3.5367728702E-03  -3.1353921326E-02
   16     -1.0146978939E-02   2.7107679524E-02  -1.4903258700E-02  -6.2632035173E-04  -2.8526318161E-02
   17      6.2991165162E-03   3.6981294506E-03  -9.5400906332E-04  -7.8785101735E-03  -4.0026390922E-03
   18     -4.2401952131E-04  -1.6708268627E-02   1.6615857490E-02   4.0123133821E-04  -1.7306679096E-01
   19     -2.5377707450E-03   2.7427066264E-02   7.0409874611E-03   1.9203981445E-03  -1.6467930042E-02
   20      8.1480253549E-03   5.0793927364E-03   1.7233001047E-03  -1.9646260098E-04   4.5101327681E-03
   21      1.6327933020E-03  -5.3615341300E-03  -6.4599072167E-03  -1.6278113211E-03  -3.2872158511E-02
   22     -7.4114109202E-04   4.6945679418E-04   2.7580016394E-03  -1.9400831923E-04   3.3092761203E-02
   23     -1.3338959169E-03  -1.6509012912E-03  -1.3866056363E-03   2.0473153797E-03  -7.6836426438E-03
   24     -9.4679467036E-04  -2.2112257999E-03  -2.4725442547E-03   6.7309125329E-04  -2.7581674374E-02
   25      4.3765289954E-04   4.1129309453E-04  -4.5335599038E-03  -3.8852141867E-05  -1.3346141551E-02
   26     -5.3030466920E-04   3.8378862369E-04  -1.5327689639E-03  -2.2055126439E-04   3.0486209002E-03
   27      4.0230608693E-04   6.2627475182E-04  -3.3712090405E-03  -6.1525477855E-04   7.7141091363E-04
   28      2.3959499430E-04  -2.4871680495E-03  -4.3440436076E-03  -2.0046681395E-03   8.9233341830E-06
   29      2.6423361008E-03  -4.1361303207E-04  -1.8703028679E-03   7.1784161691E-03  -7.4703521191E-06
   30      2.0112658103E-02  -1.1238058776E-02   2.8671967904E-02   5.0343196616E-03  -6.0515910950E-03
   31     -3.9118619928E-02  -1.9945466610E-03   3.1167122383E-03   3.1645911035E-04  -4.1024551001E-04
   32     -4.1244098890E-02  -1.3247629354E-04  -4.7182551923E-05   1.5283770770E-03  -2.5114864662E-04
   33     -5.5435857900E-03  -1.2184792612E-01  -1.1309790635E-01  -2.3247637383E-02   1.1445462535E-02
   34      8.4907611956E-05  -1.1309797275E-01  -2.5661993244E-01  -4.5005737621E-02  -1.4679392703E-02
   35      2.6025183137E-03  -2.3632146213E-02  -4.7606585063E-02  -4.4088721817E-02  -3.6954511546E-03
   36     -8.1424383489E-05  -1.5116997884E-03  -3.2029534763E-03  -6.7137900138E-04   1.2499857904E-02
   37      1.0422866992E-04  -4.1014190492E-03  -2.9775034019E-03  -1.2245240529E-03   1.4254898714E-02
   38     -6.0556830135E-04  -9.0533934763E-04  -1.3940388450E-03   5.6586612869E-03   3.6974053249E-03
   39      4.4976939080E-04  -8.7810708181E-04   1.0426379713E-03   1.1884972972E-04  -5.9904290952E-03
   40     -1.5989802767E-03   9.5075888476E-04   2.9265242388E-04   1.4580205717E-04   5.1170184810E-04
   41      7.0414499547E-03   1.1001072560E-04   2.0503854448E-04  -5.0166788712E-04  -2.4593290355E-04
   42     -4.6768554476E-05  -1.4214387460E-03  -1.0778931450E-03  -4.4669601653E-05  -1.1327159863E-03
   43     -2.6922159209E-04   7.4802334437E-04   1.1385777863E-03   1.7340562435E-04   3.0050558859E-04
   44     -2.5567259712E-04  -2.0957988054E-05   1.9941248635E-03   5.6320576017E-04   7.7525466821E-04
   45      1.2015840250E-04   6.0387975815E-04  -2.5647130533E-04  -3.2641723255E-04   7.1323591049E-04
   46     -7.5773878943E-05   5.8526963630E-04  -5.4654004637E-04  -4.9396053731E-04  -1.3328628123E-03
   47      2.8234504277E-05  -4.5869041308E-04   1.2433923976E-04   2.1017950127E-05  -3.6727343635E-04
                   10                 11                 12                 13                 14        
    0     -7.9691094317E-04  -6.8236984146E-06  -2.9283056547E-02   3.0921770443E-02   4.4344572482E-03
    1     -6.0310288123E-02  -6.6213918238E-03   7.2649395694E-02   3.1274653063E-02   3.4879835209E-03
    2     -8.6794117436E-03  -9.0571190741E-03   1.1085409693E-02   4.2124285110E-03   8.4306949309E-03
    3      7.0141131936E-02   9.8127698626E-03  -4.6631568319E-02  -2.7388524131E-02  -4.3472312040E-03
    4      2.8220570795E-02   2.2653540761E-03  -2.6590091491E-02  -1.4996023553E-02  -1.5478297366E-03
    5      5.4304840769E-03   7.3924022361E-03  -4.3671098915E-03  -1.3212400297E-03  -7.8729404244E-03
    6      5.2932688931E-02   1.0675926055E-02   5.7820275337E-02   1.8915651016E-02   4.0385960816E-03
    7     -2.6367728840E-01  -3.1310955695E-02  -1.9548389916E-02  -5.6500020888E-02  -1.0440148412E-02
    8     -3.5058632374E-02  -6.5619978954E-02  -1.4180002662E-03  -9.9110723629E-03   7.4192462184E-03
    9     -9.7509514270E-04  -5.3933737853E-04  -1.6409416889E-01  -1.0136597859E-01  -1.8366713767E-02
   10      6.7988750946E-01   6.2981576234E-02  -5.3065923556E-02  -2.6570775797E-01  -2.8386105244E-02
   11      6.2981576234E-02   1.5703459949E-01  -1.1853574705E-02  -2.8605689094E-02  -7.0213413985E-02
   12     -5.3065923556E-02  -1.1853574705E-02   6.9890918008E-01  -4.1556905378E-02   1.3281053196E-03
   13     -2.6570775797E-01  -2.8605689094E-02  -4.1556905378E-02   6.9037685478E-01   8.0087894589E-02
   14     -2.8386105244E-02  -7.0213413985E-02   1.3281053196E-03   8.0087894589E-02   1.4950681375E-01
   15     -6.8461763358E-02  -9.7011488050E-03  -3.3975105649E-01   2.9737417306E-02  -1.3647115830E-04
   16      2.9447873991E-02   1.4787132381E-03  -2.8933014725E-02  -1.2753580896E-01  -9.6209894053E-03
   17      4.5896889006E-03   8.4105238506E-03  -8.1111027837E-03  -1.0547795321E-02  -6.4236551927E-02
   18     -6.4509334717E-03   3.9333012428E-03  -2.8319817754E-02  -1.7392564071E-02  -9.3911581212E-04
   19     -1.0168361823E-01   4.8901564338E-04  -2.7651269850E-02   1.1787607001E-02   1.0566820848E-03
   20     -5.6664033585E-03  -7.9469640940E-02  -6.1734733770E-03  -5.4365978815E-04   1.9655396785E-03
   21      4.6099621490E-02  -1.1645801678E-02  -1.0540340424E-04   3.1651347953E-03  -9.9641598144E-04
   22     -8.2232367024E-03   6.4582170213E-03  -4.9952591947E-03  -6.9900124511E-03  -1.4356473440E-03
   23      7.3639744436E-03   1.7542820065E-02   1.2151466491E-03   7.0410638718E-04   1.5265154765E-04
   24     -3.5786048243E-02   8.8347306087E-03  -4.7798543706E-03   4.6369322928E-03   8.8840035114E-04
   25      3.5519891683E-03   1.0673895056E-03   2.7569074504E-03   1.5339380308E-03   1.5424287953E-04
   26      3.9279028728E-03   1.0006143773E-02   1.4332202123E-04  -6.2114495356E-04   1.0375893605E-03
   27      2.7109587931E-05   3.5799559934E-05   5.5106695472E-04   3.5454898041E-03   5.1373351994E-04
   28     -1.3958926235E-03  -5.7567036004E-05   2.5862857951E-03  -4.5787336812E-03  -1.8401628148E-03
   29     -4.4797929510E-04  -7.6769327581E-04   3.7230201246E-04  -1.6843329271E-03   7.2624102981E-03
   30     -1.6292593088E-03   6.2889716755E-05  -8.0021848734E-04  -1.0065391645E-03  -1.4916123589E-04
   31      2.1667109647E-03  -1.0375406485E-03  -9.6976211661E-04   2.2518078099E-04   1.8621349511E-04
   32     -6.9210213868E-04   7.6921730086E-03  -4.5607165463E-04   1.3229491439E-04  -9.3099371886E-04
   33      1.2325177229E-02   2.1982744549E-03  -1.0165041053E-03   3.4932799819E-03   3.1921121431E-04
   34     -1.9068379913E-02  -4.0014075965E-03   4.6273357156E-03  -2.9332092806E-03  -1.7176710380E-03
   35     -2.7109139851E-03   1.4225517863E-03   6.7287003539E-04  -1.4776363070E-03   6.4220000845E-03
   36     -1.2179958744E-02  -1.7623424276E-03  -1.3061273864E-01   1.2243336254E-01   1.7474678038E-02
   37     -2.0378668119E-02  -3.2708210341E-03   1.2092366677E-01  -2.5922284796E-01  -2.9814742255E-02
   38     -3.6364861991E-03   3.8701447214E-03   1.6152235681E-02  -2.9835360843E-02  -4.2069452097E-02
   39      1.4042908906E-03  -1.5451834243E-04  -1.1352017796E-02  -2.9005783976E-02  -4.6246267231E-03
   40      2.1468025640E-03  -8.1462045445E-04   1.5450590105E-03   3.3028971427E-03   1.0675891736E-04
   41     -1.2131342797E-03   7.4837378828E-03   5.0923525571E-04  -1.3810967937E-04   2.7333837330E-03
   42     -3.7678730897E-04  -3.1191021818E-04   2.1998051294E-04   3.7872176838E-04   9.4469259408E-05
   43      4.1146037047E-04  -1.6055502502E-03  -6.3504538482E-04  -6.8301189072E-04  -4.3584571662E-04
   44     -1.5526913599E-04  -2.6197848093E-04  -1.3916661857E-04  -1.9516641150E-04  -1.0245150866E-05
   45     -3.2676366290E-03   4.5068624515E-04  -7.5409809139E-04   5.0975471637E-04   4.1930897495E-04
   46     -5.3877872379E-03   2.6164053005E-03  -1.1642081794E-03   6.4629583557E-04   1.9415015311E-04
   47      2.3216838402E-03   4.5347278951E-03   1.0886485044E-03  -2.9030035694E-04   4.0326770282E-04
                   15                 16                 17                 18                 19        
    0     -1.7791313050E-01   1.1512732654E-01   1.7191986518E-02   3.8792183285E-04   7.3787709322E-04
    1      5.5981979257E-02  -2.7426029896E-01  -3.2319889628E-02  -8.3109176101E-04  -4.3590852620E-03
    2      7.6943842869E-03  -3.2252220962E-02  -6.6349619464E-02   4.4671613710E-07  -6.7808902583E-04
    3      6.1190106800E-02  -2.0722000411E-02  -3.0743410548E-03   6.9075765348E-03   4.8075993275E-03
    4      2.1064771490E-02  -5.7397810081E-02  -1.0003435820E-02   1.6195626540E-03  -5.2233357527E-03
    5      3.2568897706E-03  -1.0146978939E-02   6.2991165162E-03  -4.2401952131E-04  -2.5377707450E-03
    6     -4.6802785420E-02   2.7107679524E-02   3.6981294506E-03  -1.6708268627E-02   2.7427066264E-02
    7      2.6539408269E-02  -1.4903258700E-02  -9.5400906332E-04   1.6615857490E-02   7.0409874611E-03
    8      3.5367728702E-03  -6.2632035173E-04  -7.8785101735E-03   4.0123133821E-04   1.9203981445E-03
    9     -3.1353921326E-02  -2.8526318161E-02  -4.0026390922E-03  -1.7306679096E-01  -1.6467930042E-02
   10     -6.8461763358E-02   2.9447873991E-02   4.5896889006E-03  -6.4509334717E-03  -1.0168361823E-01
   11     -9.7011488050E-03   1.4787132381E-03   8.4105238506E-03   3.9333012428E-03   4.8901564338E-04
   12     -3.3975105649E-01  -2.8933014725E-02  -8.1111027837E-03  -2.8319817754E-02  -2.7651269850E-02
   13      2.9737417306E-02  -1.2753580896E-01  -1.0547795321E-02  -1.7392564071E-02   1.1787607001E-02
   14     -1.3647115830E-04  -9.6209894053E-03  -6.4236551927E-02  -9.3911581212E-04   1.0566820848E-03
   15      6.8163464802E-01   3.4138226703E-02   1.1321678370E-02   4.3475752850E-03  -6.4033546324E-03
   16      3.4138226703E-02   7.0087488335E-01   8.8508962894E-02  -2.1772345844E-03  -6.3239950554E-03
   17      1.1321678370E-02   8.8508962894E-02   1.4632996122E-01  -7.5225361843E-04  -2.5725000818E-03
   18      4.3475752850E-03  -2.1772345844E-03  -7.5225361843E-04   6.4582587644E-01  -1.2049108537E-01
   19     -6.4033546324E-03  -6.3239950554E-03  -2.5725000818E-03  -1.2049108537E-01   8.0943497431E-01
   20      2.1614963378E-04  -1.5179384847E-03   7.9879335065E-03   3.5647205490E-02  -1.5807278830E-01
   21      8.8994510538E-04   6.4126568495E-04   8.6319074730E-04  -2.4616012948E-01   2.2174704854E-01
   22      2.0788991200E-03   1.5677289394E-03  -3.3476710321E-05   2.2248680735E-01  -4.7690904184E-01
   23     -3.4472229743E-04   2.3781431895E-04  -6.5828957655E-04  -6.1969888873E-02   1.0818767413E-01
   24     -1.6343014529E-03  -1.2150389323E-03  -1.0385472117E-03  -1.9315298070E-01  -7.7283962235E-02
   25     -2.8595012719E-04   1.3781542416E-03   2.1856158311E-04  -7.3847756207E-02  -2.1841778399E-01
   26      1.8556336779E-04   2.6450770256E-04  -4.4744515097E-04   2.5156038487E-02   6.7310664072E-02
   27     -1.1990799811E-02  -2.7420973042E-03  -4.8249046291E-04   1.8865339730E-04   7.5518094439E-05
   28      2.8015706657E-02   4.7994065216E-03   4.3335691787E-04   2.0983753531E-05  -4.2252123563E-04
   29      4.1593167315E-03   3.3825026908E-04   2.8196180220E-03   7.2469203591E-05   1.8615821930E-04
   30     -8.4706503754E-04  -3.2634861964E-03  -4.8420511381E-04   1.0623983023E-03   1.7040308802E-03
   31     -4.3383792986E-03  -2.9444387299E-03  -1.8386663037E-03  -4.6662930692E-04   8.6383320999E-05
   32     -5.4193552296E-04  -1.7903290926E-03   7.2159256351E-03  -1.0162299516E-04  -8.3470642067E-05
   33     -7.8865709164E-04   8.2633622632E-04   1.5465596916E-04   7.8299128877E-04   3.0547340214E-04
   34      8.1039670211E-04   2.7725547288E-04   1.9734421190E-04  -3.6515982207E-03  -1.7958841253E-03
   35      1.2225179950E-04   3.5801182422E-05  -8.5771199908E-04   2.3001025192E-04   4.3011093591E-04
   36     -1.0286875342E-02   2.6807560645E-02   3.6690418650E-03   4.9162068450E-04  -2.3989298848E-03
   37     -2.3957374287E-03   5.0034996697E-03   1.7834625488E-04   3.3329061026E-03  -2.6537811395E-03
   38     -4.7833421719E-04   3.3381120116E-04   3.4936792170E-03  -2.0069425464E-04   4.0607271986E-04
   39     -1.2661560214E-01  -1.1698550916E-01  -1.8862020460E-02   6.2157969135E-04  -2.0951185939E-03
   40     -1.1688678247E-01  -2.5932376171E-01  -3.5630076651E-02   3.8149694084E-04   8.5261353939E-06
   41     -1.8969172562E-02  -3.5443531918E-02  -4.1787842713E-02   1.1662977498E-04  -6.8514080777E-05
   42     -7.5899054029E-05   2.6536718094E-04   7.8796408133E-05   1.7149851551E-02  -4.4069540890E-03
   43      6.8115127272E-04  -3.6182554851E-04   1.3279908054E-04   1.9173522220E-02  -1.9354055443E-02
   44     -7.3283740376E-05  -3.2354078253E-04   2.7335476236E-05  -7.4691622841E-03  -6.4979011225E-03
   45     -2.1815410327E-06  -4.0037065750E-04  -1.4259776739E-04  -2.0358057492E-02   1.6755054883E-04
   46     -2.2468183488E-04  -2.9760444028E-04  -3.7623221421E-04  -3.8095802977E-02   8.7846238437E-03
   47     -2.7522029122E-04   5.4101107885E-04  -3.6812243745E-04   6.3141176663E-03  -9.4678524489E-03
                   20                 21                 22                 23                 24        
    0     -5.7383550612E-04  -5.3522314570E-04  -6.1431750866E-04   2.7298475998E-04  -4.4835358065E-04
    1      4.5710811297E-04   1.6032901909E-03   6.4785644717E-04  -3.1103051054E-04  -6.5989406493E-04
    2     -1.3086166603E-03   2.8474642019E-04   2.6482438997E-04   1.5078957627E-04  -1.4820641455E-04
    3     -1.0006526728E-04  -3.1045362090E-03   5.2929345270E-04   3.3926081479E-05   2.1734861886E-04
    4     -2.7979422995E-03   1.2123866077E-03   5.3415552484E-04   1.2126437724E-03  -3.1509089251E-04
    5      8.1480253549E-03   1.6327933020E-03  -7.4114109202E-04  -1.3338959169E-03  -9.4679467036E-04
    6      5.0793927364E-03  -5.3615341300E-03   4.6945679418E-04  -1.6509012912E-03  -2.2112257999E-03
    7      1.7233001047E-03  -6.4599072167E-03   2.7580016394E-03  -1.3866056363E-03  -2.4725442547E-03
    8     -1.9646260098E-04  -1.6278113211E-03  -1.9400831923E-04   2.0473153797E-03   6.7309125329E-04
    9      4.5101327681E-03  -3.2872158511E-02   3.3092761203E-02  -7.6836426438E-03  -2.7581674374E-02
   10     -5.6664033585E-03   4.6099621490E-02  -8.2232367024E-03   7.3639744436E-03  -3.5786048243E-02
   11     -7.9469640940E-02  -1.1645801678E-02   6.4582170213E-03   1.7542820065E-02   8.8347306087E-03
   12     -6.1734733770E-03  -1.0540340424E-04  -4.9952591947E-03   1.2151466491E-03  -4.7798543706E-03
   13     -5.4365978815E-04   3.1651347953E-03  -6.9900124511E-03   7.0410638718E-04   4.6369322928E-03
   14      1.9655396785E-03  -9.9641598144E-04  -1.4356473440E-03   1.5265154765E-04   8.8840035114E-04
   15      2.1614963378E-04   8.8994510538E-04   2.0788991200E-03  -3.4472229743E-04  -1.6343014529E-03
   16     -1.5179384847E-03   6.4126568495E-04   1.5677289394E-03   2.3781431895E-04  -1.2150389323E-03
   17      7.9879335065E-03   8.6319074730E-04  -3.3476710321E-05  -6.5828957655E-04  -1.0385472117E-03
   18      3.5647205490E-02  -2.4616012948E-01   2.2248680735E-01  -6.1969888873E-02  -1.9315298070E-01
   19     -1.5807278830E-01   2.2174704854E-01  -4.7690904184E-01   1.0818767413E-01  -7.7283962235E-02
   20      2.5230770942E-01  -6.3406533882E-02   1.1005130976E-01  -1.0646408036E-01   1.1222386198E-02
   21     -6.3406533882E-02   2.5391877877E-01  -2.6581697593E-01   7.3772557367E-02   3.3913580124E-02
   22      1.1005130976E-01  -2.6581697593E-01   5.7773782119E-01  -1.4756247279E-01   1.5734906086E-02
   23     -1.0646408036E-01   7.3772557367E-02  -1.4756247279E-01   7.5231222129E-02  -2.0052575999E-03
   24      1.1222386198E-02   3.3913580124E-02   1.5734906086E-02  -2.0052575999E-03   7.9461503789E-01
   25      3.8663350189E-02  -3.1974405825E-03  -9.1961845523E-02   3.1484247927E-02  -7.1617985017E-02
   26     -6.7425803880E-02   3.9377832371E-03   2.8037919137E-02   1.2401424184E-02   1.5533201043E-02
   27     -2.5552880965E-05  -1.6847013835E-04  -4.7854997765E-05  -4.8890370112E-05  -1.2194581022E-04
   28      3.3231109041E-04   6.1647465493E-05   3.1478492912E-04  -5.0798939714E-05  -4.5371044330E-05
   29     -1.4020022751E-03  -1.7368515053E-04   1.5765782038E-04   1.3590819090E-04   2.0646285753E-04
   30      2.9053147959E-04  -1.1039476366E-03   3.2888181387E-04  -2.3678883371E-04  -2.7429835806E-04
   31     -6.4575701990E-05   1.3827937354E-04  -7.7337350771E-05   4.9055545382E-05   1.5692259230E-04
   32      6.6316146644E-04   1.9927714034E-04   3.7840933323E-05  -3.3177745713E-04   9.9527846588E-05
   33     -1.0713871272E-04   3.1061203268E-04  -4.3806630371E-04   1.7764921954E-04  -1.9017420530E-03
   34      1.2048543313E-03   6.6552180475E-04   7.1102254140E-04  -2.3892345182E-04  -9.3042042260E-05
   35     -3.7290773673E-03  -6.8544900271E-04   9.5376751279E-04   3.5249713383E-04   9.2757814521E-04
   36      5.4518897880E-04  -1.8098606172E-03   6.3405938444E-04   1.1644345896E-04   2.9257298747E-04
   37      1.2298715050E-03   3.1632041993E-04   2.7264181217E-03  -5.2057532859E-05  -1.5492911247E-04
   38     -3.7009353690E-03  -4.6854089950E-04   4.6570815411E-04  -3.3704048859E-04   4.3141285613E-04
   39     -1.2366323772E-04  -2.0774992620E-04   4.8598269887E-04  -5.4263277189E-05  -8.3125276826E-04
   40     -2.3837968320E-05  -1.7053176257E-04   7.0680115103E-05  -2.9452753994E-05  -9.9905821953E-05
   41      3.3568044489E-04  -1.9456525373E-04   4.1067100062E-05   2.1116917317E-05  -6.6150498822E-05
   42      8.8110469788E-03  -9.5537083766E-05  -7.0028114262E-03   5.5698923037E-04  -1.5904807700E-01
   43      1.1567776067E-02  -5.1756131950E-03  -4.2349780185E-03   3.2821324474E-03   1.2454474169E-01
   44     -8.7838230316E-03   9.4573996381E-04   2.4730053122E-03   5.9044028815E-03  -1.0282255713E-01
   45      4.1735357884E-03   2.4916342532E-03   3.3704939607E-03  -2.1991128907E-03  -4.3705283336E-01
   46      3.4493752355E-03   4.8736958074E-03   1.3279824437E-03  -2.9309965404E-03   4.4637430572E-02
   47      1.0723926190E-03  -2.3895136993E-03   1.0661183024E-03  -4.8150642019E-03   6.8220002188E-02
                   25                 26                 27                 28                 29        
    0     -7.0237542049E-05   1.3562098650E-04  -3.3297101788E-01   1.6238813088E-04  -1.4305395400E-03
    1      3.7482829625E-04   2.1529499175E-04   1.0319428622E-04  -5.8281817823E-02  -3.7554111237E-03
    2      3.0296833990E-06   1.5941543757E-04  -1.6118828073E-03  -3.7039283842E-03  -3.6385019929E-02
    3     -1.6631320610E-03  -2.4488208653E-04  -1.1970828901E-02  -2.8065848434E-02  -4.5600039527E-03
    4      5.9439775610E-04   6.3102965600E-04   2.7427755566E-03   4.5910015668E-03   2.4760821368E-04
    5      4.3765289954E-04  -5.3030466920E-04   4.0230608693E-04   2.3959499430E-04   2.6423361008E-03
    6      4.1129309453E-04   3.8378862369E-04   6.2627475182E-04  -2.4871680495E-03  -4.1361303207E-04
    7     -4.5335599038E-03  -1.5327689639E-03  -3.3712090405E-03  -4.3440436076E-03  -1.8703028679E-03
    8     -3.8852141867E-05  -2.2055126439E-04  -6.1525477855E-04  -2.0046681395E-03   7.1784161691E-03
    9     -1.3346141551E-02   3.0486209002E-03   7.7141091363E-04   8.9233341830E-06  -7.4703521191E-06
   10      3.5519891683E-03   3.9279028728E-03   2.7109587931E-05  -1.3958926235E-03  -4.4797929510E-04
   11      1.0673895056E-03   1.0006143773E-02   3.5799559934E-05  -5.7567036004E-05  -7.6769327581E-04
   12      2.7569074504E-03   1.4332202123E-04   5.5106695472E-04   2.5862857951E-03   3.7230201246E-04
   13      1.5339380308E-03  -6.2114495356E-04   3.5454898041E-03  -4.5787336812E-03  -1.6843329271E-03
   14      1.5424287953E-04   1.0375893605E-03   5.1373351994E-04  -1.8401628148E-03   7.2624102981E-03
   15     -2.8595012719E-04   1.8556336779E-04  -1.1990799811E-02   2.8015706657E-02   4.1593167315E-03
   16      1.3781542416E-03   2.6450770256E-04  -2.7420973042E-03   4.7994065216E-03   3.3825026908E-04
   17      2.1856158311E-04  -4.4744515097E-04  -4.8249046291E-04   4.3335691787E-04   2.8196180220E-03
   18     -7.3847756207E-02   2.5156038487E-02   1.8865339730E-04   2.0983753531E-05   7.2469203591E-05
   19     -2.1841778399E-01   6.7310664072E-02   7.5518094439E-05  -4.2252123563E-04   1.8615821930E-04
   20      3.8663350189E-02  -6.7425803880E-02  -2.5552880965E-05   3.3231109041E-04  -1.4020022751E-03
   21     -3.1974405825E-03   3.9377832371E-03  -1.6847013835E-04   6.1647465493E-05  -1.7368515053E-04
   22     -9.1961845523E-02   2.8037919137E-02  -4.7854997765E-05   3.1478492912E-04   1.5765782038E-04
   23      3.1484247927E-02   1.2401424184E-02  -4.8890370112E-05  -5.0798939714E-05   1.3590819090E-04
   24     -7.1617985017E-02   1.5533201043E-02  -1.2194581022E-04  -4.5371044330E-05   2.0646285753E-04
   25      6.0192609518E-01  -2.8549252367E-01  -2.4675398429E-05   1.8885913888E-04   1.3432585261E-05
   26     -2.8549252367E-01   2.0597018876E-01   4.2726397226E-05   2.9172510591E-05   1.0440746130E-04
   27     -2.4675398429E-05   4.2726397226E-05   3.5485280924E-01  -1.8001168910E-04   1.7668953935E-03
   28      1.8885913888E-04   2.9172510591E-05  -1.8001168910E-04   5.7286419125E-02   5.1964434253E-03
   29      1.3432585261E-05   1.0440746130E-04   1.7668953935E-03   5.1964434253E-03   2.5651365634E-02
   30     -3.4488471778E-04  -9.2668878908E-05   7.6801846856E-04   4.3443265423E-04   7.7865890224E-05
   31      8.1818170953E-05  -1.0216505577E-05  -1.4907478577E-04   8.4161790334E-04   8.3389764066E-04
   32      8.0011424635E-06  -5.6420036772E-05   4.2533577488E-06   7.8007428099E-04  -3.6917379622E-03
   33     -1.1810565342E-04   7.0055576364E-04  -7.4070691719E-04  -1.4794574846E-03  -2.5737777221E-04
   34      1.5771664184E-03   5.5590902749E-04   1.4300846493E-04  -1.8140392248E-05  -3.2318339289E-05
   35     -1.8840958985E-04   2.7864698752E-04   5.3157124077E-05   2.7212687622E-05   1.0726362765E-04
   36      1.2536319485E-03  -2.9382264491E-04  -6.5618229106E-04   1.3338546762E-03   2.3478578309E-04
   37      5.4501576443E-04   5.4813061225E-05  -2.5660837347E-04   1.3965507823E-04   4.0601945025E-05
   38      6.9940287316E-04   1.3859772543E-05  -3.4316210365E-05   1.9649756938E-05  -1.9906314755E-05
   39      2.8936462721E-05   2.6475192429E-05   7.7942566524E-04  -4.4526158235E-04  -3.6968233136E-05
   40     -3.2211737389E-05   4.8706484762E-07   1.3263779483E-04   8.6102359481E-04   7.2998614383E-04
   41     -1.8824603620E-06  -1.3235191726E-04   4.1547458435E-05   7.1671973788E-04  -3.6177011262E-03
   42      1.2473664881E-01  -9.3968579277E-02   7.4265652264E-05   6.5797131526E-05   6.8708506034E-06
   43     -2.3569286400E-01   1.6586470325E-01  -1.6703205427E-05  -1.0481021157E-05   2.2909564008E-05
   44      1.8972340280E-01  -1.3220797514E-01  -6.6863310660E-05  -1.1146262429E-04  -2.1236182474E-05
   45      3.5361769521E-02   4.5296977042E-02   8.0267069316E-06   1.6990532696E-05  -1.6316313429E-05
   46     -6.1113997022E-02   2.0786084980E-02   1.4609358441E-05   2.8862526311E-05   2.6243276906E-05
   47      2.3227119558E-02  -2.8950823683E-02   2.3837546694E-05  -8.7920136939E-06   3.5715619088E-06
                   30                 31                 32                 33                 34        
    0      1.1667018834E-02   1.6227280293E-02   2.8289014573E-03  -5.9304375724E-03   2.8487149622E-04
    1     -1.4606311209E-02  -1.8638114177E-02  -3.0204401840E-03   1.3999268013E-03   2.2551653429E-03
    2     -2.5242740886E-03  -3.5838220466E-03   1.4756005779E-03   1.3563399413E-04  -1.2967713650E-03
    3     -1.2667410082E-01   1.1695217981E-01   1.9978350710E-02  -1.1027596284E-02   1.4235712704E-03
    4      1.1687668415E-01  -2.5779565945E-01  -3.9642131189E-02  -2.8899952761E-02   2.8006625904E-03
    5      2.0112658103E-02  -3.9118619928E-02  -4.1244098890E-02  -5.5435857900E-03   8.4907611956E-05
    6     -1.1238058776E-02  -1.9945466610E-03  -1.3247629354E-04  -1.2184792612E-01  -1.1309797275E-01
    7      2.8671967904E-02   3.1167122383E-03  -4.7182551923E-05  -1.1309790635E-01  -2.5661993244E-01
    8      5.0343196616E-03   3.1645911035E-04   1.5283770770E-03  -2.3247637383E-02  -4.5005737621E-02
    9     -6.0515910950E-03  -4.1024551001E-04  -2.5114864662E-04   1.1445462535E-02  -1.4679392703E-02
   10     -1.6292593088E-03   2.1667109647E-03  -6.9210213868E-04   1.2325177229E-02  -1.9068379913E-02
   11      6.2889716755E-05  -1.0375406485E-03   7.6921730086E-03   2.1982744549E-03  -4.0014075965E-03
   12     -8.0021848734E-04  -9.6976211661E-04  -4.5607165463E-04  -1.0165041053E-03   4.6273357156E-03
   13     -1.0065391645E-03   2.2518078099E-04   1.3229491439E-04   3.4932799819E-03  -2.9332092806E-03
   14     -1.4916123589E-04   1.8621349511E-04  -9.3099371886E-04   3.1921121431E-04  -1.7176710380E-03
   15     -8.4706503754E-04  -4.3383792986E-03  -5.4193552296E-04  -7.8865709164E-04   8.1039670211E-04
   16     -3.2634861964E-03  -2.9444387299E-03  -1.7903290926E-03   8.2633622632E-04   2.7725547288E-04
   17     -4.8420511381E-04  -1.8386663037E-03   7.2159256351E-03   1.5465596916E-04   1.9734421190E-04
   18      1.0623983023E-03  -4.6662930692E-04  -1.0162299516E-04   7.8299128877E-04  -3.6515982207E-03
   19      1.7040308802E-03   8.6383320999E-05  -8.3470642067E-05   3.0547340214E-04  -1.7958841253E-03
   20      2.9053147959E-04  -6.4575701990E-05   6.6316146644E-04  -1.0713871272E-04   1.2048543313E-03
   21     -1.1039476366E-03   1.3827937354E-04   1.9927714034E-04   3.1061203268E-04   6.6552180475E-04
   22      3.2888181387E-04  -7.7337350771E-05   3.7840933323E-05  -4.3806630371E-04   7.1102254140E-04
   23     -2.3678883371E-04   4.9055545382E-05  -3.3177745713E-04   1.7764921954E-04  -2.3892345182E-04
   24     -2.7429835806E-04   1.5692259230E-04   9.9527846588E-05  -1.9017420530E-03  -9.3042042260E-05
   25     -3.4488471778E-04   8.1818170953E-05   8.0011424635E-06  -1.1810565342E-04   1.5771664184E-03
   26     -9.2668878908E-05  -1.0216505577E-05  -5.6420036772E-05   7.0055576364E-04   5.5590902749E-04
   27      7.6801846856E-04  -1.4907478577E-04   4.2533577488E-06  -7.4070691719E-04   1.4300846493E-04
   28      4.3443265423E-04   8.4161790334E-04   7.8007428099E-04  -1.4794574846E-03  -1.8140392248E-05
   29      7.7865890224E-05   8.3389764066E-04  -3.6917379622E-03  -2.5737777221E-04  -3.2318339289E-05
   30      1.3200929388E-01  -1.2628294876E-01  -2.2018635016E-02   1.0443927506E-03  -2.0170467010E-04
   31     -1.2628294876E-01   2.7346223051E-01   4.3422935811E-02   2.5701145170E-04   6.3307001587E-04
   32     -2.2018635016E-02   4.3422935811E-02   3.2441639497E-02   1.7565483904E-04   9.7264491337E-04
   33      1.0443927506E-03   2.5701145170E-04   1.7565483904E-04   1.3063045762E-01   1.2395212385E-01
   34     -2.0170467010E-04   6.3307001587E-04   9.7264491337E-04   1.2395212385E-01   2.7250071185E-01
   35     -2.2986905843E-05   7.8653569784E-04  -3.7957731816E-03   2.3886230366E-02   5.0410275959E-02
   36      3.5744324007E-05   5.9541866669E-05   3.3773008533E-05   5.0709927286E-04  -9.9153284333E-04
   37      8.5972428634E-05  -1.0859089073E-05   1.4913490918E-04   7.8463317083E-04  -1.1084134721E-03
   38     -4.7818219843E-06   2.2239849185E-04  -1.2287560391E-03   1.3699381989E-04  -2.7109213560E-04
   39      4.2406526505E-04   8.3909997733E-04   1.5733222198E-04   6.8059119622E-05  -1.0200367495E-04
   40     -8.2949776470E-04  -1.1142011656E-03  -2.3917553307E-04  -8.0514042357E-05  -4.4437483436E-05
   41     -1.0292822187E-04  -1.7299585572E-04   2.0166533602E-04   2.6532115779E-06   2.7517149669E-04
   42     -1.3933592011E-05  -2.1800576041E-06  -1.3363497679E-05  -1.5413135855E-03   7.3034956330E-04
   43      7.6805247522E-05  -3.4284781326E-05   2.2309022777E-05   7.2485587912E-04   2.5965725632E-04
   44      3.1770811068E-05   1.5600429656E-05   4.4037216715E-05   1.3937113997E-03  -1.1937063140E-03
   45     -7.7180226092E-06  -1.8655940437E-05   3.1948019423E-05   5.8091065006E-06   1.8690854048E-04
   46     -1.2036205402E-05   1.1708356133E-06  -5.7509275125E-06   3.8344103251E-05   5.7368562602E-04
   47      3.2629481315E-05  -1.1312901754E-05   1.6977470873E-05  -1.2860401428E-04   7.7571738047E-05
                   35                 36                 37                 38                 39        
    0      3.5752496146E-04  -5.4906084181E-03  -8.1680483523E-04  -2.4330488228E-04   1.1589958535E-02
    1     -1.0716328631E-03  -1.2406683762E-03   1.7971726871E-03  -1.1022856083E-03   1.4708052472E-02
    2      7.6532949688E-03  -4.7268436997E-04  -7.0166585052E-04   7.5516436610E-03   2.3099254330E-03
    3      5.3338159908E-04  -7.4199794141E-04  -7.9473035764E-04   9.2899841865E-05  -7.8340135825E-04
    4      5.7954322606E-04  -8.5112110295E-04   3.1181873370E-04   1.1172148917E-04   3.3418671078E-03
    5      2.6025183137E-03  -8.1424383489E-05   1.0422866992E-04  -6.0556830135E-04   4.4976939080E-04
    6     -2.3632146213E-02  -1.5116997884E-03  -4.1014190492E-03  -9.0533934763E-04  -8.7810708181E-04
    7     -4.7606585063E-02  -3.2029534763E-03  -2.9775034019E-03  -1.3940388450E-03   1.0426379713E-03
    8     -4.4088721817E-02  -6.7137900138E-04  -1.2245240529E-03   5.6586612869E-03   1.1884972972E-04
    9     -3.6954511546E-03   1.2499857904E-02   1.4254898714E-02   3.6974053249E-03  -5.9904290952E-03
   10     -2.7109139851E-03  -1.2179958744E-02  -2.0378668119E-02  -3.6364861991E-03   1.4042908906E-03
   11      1.4225517863E-03  -1.7623424276E-03  -3.2708210341E-03   3.8701447214E-03  -1.5451834243E-04
   12      6.7287003539E-04  -1.3061273864E-01   1.2092366677E-01   1.6152235681E-02  -1.1352017796E-02
   13     -1.4776363070E-03   1.2243336254E-01  -2.5922284796E-01  -2.9835360843E-02  -2.9005783976E-02
   14      6.4220000845E-03   1.7474678038E-02  -2.9814742255E-02  -4.2069452097E-02  -4.6246267231E-03
   15      1.2225179950E-04  -1.0286875342E-02  -2.3957374287E-03  -4.7833421719E-04  -1.2661560214E-01
   16      3.5801182422E-05   2.6807560645E-02   5.0034996697E-03   3.3381120116E-04  -1.1698550916E-01
   17     -8.5771199908E-04   3.6690418650E-03   1.7834625488E-04   3.4936792170E-03  -1.8862020460E-02
   18      2.3001025192E-04   4.9162068450E-04   3.3329061026E-03  -2.0069425464E-04   6.2157969135E-04
   19      4.3011093591E-04  -2.3989298848E-03  -2.6537811395E-03   4.0607271986E-04  -2.0951185939E-03
   20     -3.7290773673E-03   5.4518897880E-04   1.2298715050E-03  -3.7009353690E-03  -1.2366323772E-04
   21     -6.8544900271E-04  -1.8098606172E-03   3.1632041993E-04  -4.6854089950E-04  -2.0774992620E-04
   22      9.5376751279E-04   6.3405938444E-04   2.7264181217E-03   4.6570815411E-04   4.8598269887E-04
   23      3.5249713383E-04   1.1644345896E-04  -5.2057532859E-05  -3.3704048859E-04  -5.4263277189E-05
   24      9.2757814521E-04   2.9257298747E-04  -1.5492911247E-04   4.3141285613E-04  -8.3125276826E-04
   25     -1.8840958985E-04   1.2536319485E-03   5.4501576443E-04   6.9940287316E-04   2.8936462721E-05
   26      2.7864698752E-04  -2.9382264491E-04   5.4813061225E-05   1.3859772543E-05   2.6475192429E-05
   27      5.3157124077E-05  -6.5618229106E-04  -2.5660837347E-04  -3.4316210365E-05   7.7942566524E-04
   28      2.7212687622E-05   1.3338546762E-03   1.3965507823E-04   1.9649756938E-05  -4.4526158235E-04
   29      1.0726362765E-04   2.3478578309E-04   4.0601945025E-05  -1.9906314755E-05  -3.6968233136E-05
   30     -2.2986905843E-05   3.5744324007E-05   8.5972428634E-05  -4.7818219843E-06   4.2406526505E-04
   31      7.8653569784E-04   5.9541866669E-05  -1.0859089073E-05   2.2239849185E-04   8.3909997733E-04
   32     -3.7957731816E-03   3.3773008533E-05   1.4913490918E-04  -1.2287560391E-03   1.5733222198E-04
   33      2.3886230366E-02   5.0709927286E-04   7.8463317083E-04   1.3699381989E-04   6.8059119622E-05
   34      5.0410275959E-02  -9.9153284333E-04  -1.1084134721E-03  -2.7109213560E-04  -1.0200367495E-04
   35      3.5163428353E-02  -2.6009678922E-04  -2.5609800427E-04   5.3131668582E-04   1.1548299722E-05
   36     -2.6009678922E-04   1.3598131920E-01  -1.3148545003E-01  -1.8394202296E-02   1.1433791524E-03
   37     -2.5609800427E-04  -1.3148545003E-01   2.7531959457E-01   3.3193085986E-02   2.8959976598E-04
   38      5.3131668582E-04  -1.8394202296E-02   3.3193085986E-02   3.0741197105E-02   1.2286539231E-04
