*************************************************
******************* ORCA 6.0.0 ******************
*************************************************
$Calculation_Status
   &GeometryIndex 1
   &ListStatus       OUT
   &VERSION [&Type "String"] "6.0.0"
   &PROGNAME [&Type "String"] "LeanSCF"
   &STATUS [&Type "String"] "NORMAL TERMINATION"
$End
$Geometry
   &GeometryIndex 1
   &ListStatus       OUT
   &NATOMS [&Type "Integer"] 8
   &NCORELESSECP [&Type "Integer"] 0
   &NGHOSTATOMS [&Type "Integer"] 0
   &CartesianCoordinates [&Type "Coordinates", &Dim(8,4), &Units "Bohr"] 
              C     -2.779133628458   -0.000117508651    0.201863229981
              C     -0.112256311247    0.000038441754   -0.718957139372
              F      1.173940632091   -2.089953133758    0.213024738465
              F      1.173683798845    2.090214429970    0.212961980850
              H     -3.749456016396   -1.678805065611   -0.508831641417
              H     -2.814175001573    0.000072252545    2.267634627264
              H     -3.749773786884    1.678253174306   -0.509156417499
              H      0.116078487389    0.000027806753   -2.773876528083
$End
$SCF_Energy
   &GeometryIndex 1
   &ListStatus       OUT
   &SCF_ENERGY [&Type "Double"]      -2.7830271425615535e+02
$End
$DFT_Energy
   &GeometryIndex 1
   &ListStatus       OUT
   &NALPHAEL [&Type "Integer"] 17
   &NBETAEL [&Type "Integer"] 17
   &NTOTALEL [&Type "Integer"] 34
   &EEXCHANGE [&Type "Double"]      -3.2042189727890793e+01
   &ECORR [&Type "Double"]      -1.1175609182852690e+00
   &ECNL [&Type "Double"]       0.0000000000000000e+00
   &EXC [&Type "Double"]      -3.3159750646176064e+01
   &EEMBED [&Type "Double"]       0.0000000000000000e+00
   &FINALEN [&Type "Double"]      -2.7830271425615535e+02  "No Van der Waals correction"
$End
$Mulliken_Population_Analysis
   &GeometryIndex 1
   &ListStatus       OUT
   &NATOMS [&Type "Integer"] 8
   &ATNO [&Type "ArrayOfIntegers", &Dim (8,1)] 
                                                         0

0                                                        6
1                                                        6
2                                                        9
3                                                        9
4                                                        1
5                                                        1
6                                                        1
7                                                        1
   &ATOMICCHARGES [&Type "ArrayOfDoubles", &Dim (8,1)] 
                                                         0

0                                     -2.7641059706420812e-01
1                                      2.8892142887920969e-01
2                                     -2.2018979289734375e-01
3                                     -2.2018885195046600e-01
4                                      1.1701656802425653e-01
5                                      1.2506400063323464e-01
6                                      1.1701409746169200e-01
7                                      6.8773146913583494e-02
$End
$Loewdin_Population_Analysis
   &GeometryIndex 1
   &ListStatus       OUT
   &NATOMS [&Type "Integer"] 8
   &ATNO [&Type "ArrayOfIntegers", &Dim (8,1)] 
                                                         0

0                                                        6
1                                                        6
2                                                        9
3                                                        9
4                                                        1
5                                                        1
6                                                        1
7                                                        1
   &ATOMICCHARGES [&Type "ArrayOfDoubles", &Dim (8,1)] 
                                                         0

0                                     -2.8495596575764370e-01
1                                     -4.4186407248044191e-01
2                                      1.0327864141528309e-01
3                                      1.0327962311411731e-01
4                                      1.3400918050173327e-01
5                                      1.3422604081139544e-01
6                                      1.3400837897729734e-01
7                                      1.1801817341824228e-01
$End
$Mayer_Population_Analysis
   &GeometryIndex 1
   &ListStatus       OUT
   &NATOMS [&Type "Integer"] 8 "Total number of atoms"
   &BONDTHRESH [&Type "Double"]       1.0000000000000001e-01  "The threshold for printing"
   &NBONDORDERSPRINT [&Type "Integer"] 7 "The number of bond orders larger than threshold"
   &BONDORDERS [&Type "ArrayOfDoubles", &Dim (7,1)] "The bond orders"
                                                         0

0                                      9.9304578796199638e-01
1                                      9.5612209106012247e-01
2                                      9.5740633280903098e-01
3                                      9.5612208995237513e-01
4                                      1.0376500311390500e+00
5                                      1.0376515029225453e+00
6                                      9.7880950321347648e-01
   &COMPONENTS [&Type "ArrayOfIntegers", &Dim (7,4)] "The indices and atomic numbers of the bonding atoms"
                                                         0                           1                           2                           3

0                                                        0                           6                           1                           6
1                                                        0                           6                           4                           1
2                                                        0                           6                           5                           1
3                                                        0                           6                           6                           1
4                                                        1                           6                           2                           9
5                                                        1                           6                           3                           9
6                                                        1                           6                           7                           1
   &ATNO [&Type "ArrayOfIntegers", &Dim (8,1)] "Atomic number of the elements"
                                                         0

0                                                        6
1                                                        6
2                                                        9
3                                                        9
4                                                        1
5                                                        1
6                                                        1
7                                                        1
   &NA [&Type "ArrayOfDoubles", &Dim (8,1)] "Mulliken gross atomic population"
                                                         0

0                                      6.2764105970642143e+00
1                                      5.7110785711207965e+00
2                                      9.2201897928972691e+00
3                                      9.2201888519504500e+00
4                                      8.8298343197574436e-01
5                                      8.7493599936676492e-01
6                                      8.8298590253830767e-01
7                                      9.3122685308641640e-01
   &ZA [&Type "ArrayOfDoubles", &Dim (8,1)] "Total nuclear charge"
                                                         0

0                                      6.0000000000000000e+00
1                                      6.0000000000000000e+00
2                                      9.0000000000000000e+00
3                                      9.0000000000000000e+00
4                                      1.0000000000000000e+00
5                                      1.0000000000000000e+00
6                                      1.0000000000000000e+00
7                                      1.0000000000000000e+00
   &QA [&Type "ArrayOfDoubles", &Dim (8,1)] "Mulliken gross atomic charge"
                                                         0

0                                     -2.7641059706421434e-01
1                                      2.8892142887920347e-01
2                                     -2.2018979289726914e-01
3                                     -2.2018885195045002e-01
4                                      1.1701656802425564e-01
5                                      1.2506400063323508e-01
6                                      1.1701409746169233e-01
7                                      6.8773146913583605e-02
   &VA [&Type "ArrayOfDoubles", &Dim (8,1)] "Mayer's total valence"
                                                         0

0                                      3.8188699381813449e+00
1                                      4.0920643753498691e+00
2                                      1.0379504878210415e+00
3                                      1.0379519465618920e+00
4                                      9.8431119537197598e-01
5                                      9.9706892452282270e-01
6                                      9.8431018290943850e-01
7                                      9.6348224202019150e-01
   &BVA [&Type "ArrayOfDoubles", &Dim (8,1)] "Mayer's bonded valence"
                                                         0

0                                      3.8188699381813653e+00
1                                      4.0920643753498851e+00
2                                      1.0379504878211969e+00
3                                      1.0379519465619103e+00
4                                      9.8431119537197709e-01
5                                      9.9706892452282347e-01
6                                      9.8431018290944194e-01
7                                      9.6348224202020494e-01
   &FA [&Type "ArrayOfDoubles", &Dim (8,1)] "Mayer's free valence"
                                                         0

0                                      0.0000000000000000e+00
1                                      0.0000000000000000e+00
2                                      0.0000000000000000e+00
3                                      0.0000000000000000e+00
4                                      0.0000000000000000e+00
5                                      0.0000000000000000e+00
6                                      0.0000000000000000e+00
7                                      0.0000000000000000e+00
$End
$VdW_Correction
   &GeometryIndex 1
   &ListStatus       OUT
   &VDW [&Type "Double"]      -1.0488298816863811e-03
$End
$Calculation_Info
   &GeometryIndex 1
   &ListStatus       OUT
   &MULT [&Type "Integer"] 1
   &CHARGE [&Type "Integer"] 0
   &NUMOFATOMS [&Type "Integer"] 8
   &NUMOFELECTRONS [&Type "Integer"] 34
   &NUMOFFCELECTRONS [&Type "Integer"] 1
   &NUMOFCORRELECTRONS [&Type "Integer"] 0
   &NUMOFBASISFUNCTS [&Type "Integer"] 148
   &NUMOFAUXCBASISFUNCTS [&Type "Integer"] 0
   &NUMOFAUXJBASISFUNCTS [&Type "Integer"] 174
   &NUMOFAUXJKBASISFUNCTS [&Type "Integer"] 0
   &NUMOFCABSBASISFUNCTS [&Type "Integer"] 0
   &TOTALENERGY [&Type "Double"]      -2.7829730319513709e+02  "Hartrees"
$End
$SCF_Dipole_Moment
   &GeometryIndex 1
   &ListStatus       OUT
   &METHOD [&Type "String"] "SCF"
   &LEVEL [&Type "String"] "Relaxed density"
   &MULT [&Type "Integer"] 1
   &STATE [&Type "Integer"] -1
   &IRREP [&Type "Integer"] 0
   &NATOMS [&Type "Integer"] 8
   &DODIPOLEATOM [&Type "Boolean"] false
   &DIPOLEELECCONTRIB [&Type "ArrayOfDoubles", &Dim (3,1)] "Electronic contribution"
                                                         0

0                                      5.3730417805582364e+00
1                                      3.4812622549968705e-04
2                                      5.6116071127311118e-01
   &DIPOLENUCCONTRIB [&Type "ArrayOfDoubles", &Dim (3,1)] "Nuclear contribution"
                                                         0

0                                     -6.2074245955770087e+00
1                                     -4.0659675077885674e-04
2                                     -9.7084384681713831e-01
   &DIPOLETOTAL [&Type "ArrayOfDoubles", &Dim (3,1)] "Total"
                                                         0

0                                     -8.3438281501877221e-01
1                                     -5.8470525279169690e-05
2                                     -4.0968313554402713e-01
   &DIPOLEMAGNITUDE [&Type "Double", &Units "a.u."]       9.2953480675370015e-01
$End
$THERMOCHEMISTRY_Energies
   &GeometryIndex 1
   &ListStatus       OUT
   &TEMPERATURE [&Type "Double"]       2.9814999999999998e+02
   &PRESSURE [&Type "Double"]       1.0000000000000000e+00
   &TOTALMASS [&Type "Double"]       6.6049999999999997e+01
   &SPINDEGENERACY [&Type "Integer"] 1
   &ELENERGY [&Type "Double"]      -2.7829730319513709e+02
   &TRANSENERGY [&Type "Double"]       1.4162714244859817e-03
   &ROTENERGY [&Type "Double"]       1.4162714244859817e-03
   &VIBENERGY [&Type "Double"]       1.4567226684429149e-03
   &NUMOFFREQS [&Type "Integer"] 24
   &FREQSCALINGFACTOR [&Type "Double"]       1.0000000000000000e+00
   &FREQ [&Type "ArrayOfDoubles", &Dim (24,1)] "In cm^-1"
                                                         0

0                                      0.0000000000000000e+00
1                                      0.0000000000000000e+00
2                                      0.0000000000000000e+00
3                                      0.0000000000000000e+00
4                                      0.0000000000000000e+00
5                                      0.0000000000000000e+00
6                                      2.5431351330701906e+02
7                                      3.8354795796878159e+02
8                                      4.6644475478492922e+02
9                                      5.6580849884596410e+02
10                                     8.6491215010788994e+02
11                                     8.9395674426235337e+02
12                                     1.1044174705913551e+03
13                                     1.1070677971341665e+03
14                                     1.1583203327957235e+03
15                                     1.3490205641665839e+03
16                                     1.3733893677778933e+03
17                                     1.4206249697287508e+03
18                                     1.4753808003356876e+03
19                                     1.4775488481386742e+03
20                                     3.0300350212410913e+03
21                                     3.0732284797522975e+03
22                                     3.1211180836564940e+03
23                                     3.1256218587255489e+03
   &ZPE [&Type "Double"]       5.9789956328458051e-02
   &INNERENERGYU [&Type "Double"]      -2.7823322397329122e+02
   &ENTHALPYH [&Type "Double"]      -2.7823227976424897e+02
   &QEL [&Type "Double"]       0.0000000000000000e+00
   &QROT [&Type "Double"]       1.1472516305216493e-02
   &QVIB [&Type "Double"]       2.1640775802949839e-03
   &QTRANS [&Type "Double"]       1.8283831996532125e-02
   &ENTROPYS [&Type "Double"]       3.1920425882043600e-02
   &FREEENERGYG [&Type "Double"]      -2.7826420019013102e+02
   &ISLINEAR [&Type "Boolean"] false
$End
$Hessian
   &GeometryIndex 1
   &ListStatus       OUT
   &HESSIAN [&Type "ArrayOfDoubles", &Dim (24,24)] "The Hessian"
                                                         0                           1                           2                           3                           4                           5                           6                           7

0                                      5.0521910291030558e-01        -3.6493827806359819e-06         2.6296911271112854e-02        -1.9209511401389245e-01        -6.8954350569475243e-06         5.1902702406567802e-02        -2.7824015441894057e-02         1.6416441127167287e-02
1                                     -3.6493827806359819e-06         5.7916992083818275e-01         3.2760504001650799e-06        -5.6446651280198452e-06        -6.8088846122433072e-02         2.1730155154483484e-06         4.2092227848281455e-02        -1.3583215879978539e-02
2                                      2.6296911271112854e-02         3.2760504001650799e-06         5.7286101091085329e-01         6.3944984197893795e-02         2.3599253076137072e-06        -1.1483579372973129e-01        -1.9883092579178294e-02         6.3454178892048156e-03
3                                     -1.9209511401389245e-01        -5.6446651280198452e-06         6.3944984197893795e-02         5.0836125286853506e-01         8.6658585943975014e-06        -4.5539952457186145e-02        -1.1514586779301678e-01         5.9063330111639070e-02
4                                     -6.8954350569475243e-06        -6.8088846122433072e-02         2.3599253076137072e-06         8.6658585943975014e-06         3.7488594520152474e-01         1.1706966884614753e-06         4.7812770066511676e-02        -1.2695301328733938e-01
5                                      5.1902702406567802e-02         2.1730155154483484e-06        -1.1483579372973129e-01        -4.5539952457186145e-02         1.1706966884614753e-06         6.4889349939319829e-01        -3.2086072885582191e-02         4.9561508769450813e-02
6                                     -2.7824015441894057e-02         4.2092227848281455e-02        -1.9883092579178294e-02        -1.1514586779301678e-01         4.7812770066511676e-02        -3.2086072885582191e-02         1.2678358180389054e-01        -9.4851569910997607e-02
7                                      1.6416441127167287e-02        -1.3583215879978539e-02         6.3454178892048156e-03         5.9063330111639070e-02        -1.2695301328733938e-01         4.9561508769450813e-02        -9.4851569910997607e-02         2.2439308822245974e-01
8                                      8.6968795838049395e-04        -2.5516475743906260e-03         8.7410752696053234e-03        -3.1673502829687714e-02         4.2067452991904578e-02        -1.0881733254392002e-01         4.6328929600777627e-02        -7.1069510667605237e-02
9                                     -2.7815234049960488e-02        -4.2096411909868542e-02        -1.9879268245699737e-02        -1.1513241919748957e-01        -4.7813350150415226e-02        -3.2078796909510737e-02         1.8982620105153638e-02         3.9592833314057128e-03
10                                    -1.6417988791863073e-02        -1.3590356447919024e-02        -6.3462058620288716e-03        -5.9063755025949932e-02        -1.2696971670057150e-01        -4.9565143734434686e-02        -3.9477527072534872e-03        -7.3637729759820400e-02
11                                     8.7057967243899664e-04         2.5520575357528292e-03         8.7407959303056094e-03        -3.1667311191318062e-02        -4.2071065929525503e-02        -1.0881596221838899e-01         7.9297970762532144e-03         3.1571185155604004e-03
12                                    -1.0464350447798090e-01        -9.8891728679346716e-02        -4.0607108688565166e-02        -1.0985879289400122e-02        -2.8188426661743930e-02        -1.5114675546261438e-02         1.6464816084329334e-03         1.4386114688578306e-03
13                                    -1.0287676347760105e-01        -2.2195811784524427e-01        -7.5420957563303540e-02         1.4183646772426076e-03        -3.7099580924306098e-03        -2.2979759236192791e-04         3.6725049209694344e-04         9.7933457455011679e-04
14                                    -4.1951585733659501e-02        -7.6632772496835685e-02        -7.8631103554075793e-02         2.5920922884074375e-03         9.5170471675196291e-03         1.8188663739599287e-03        -5.8379580846147769e-04         5.3638926242387946e-04
15                                    -4.7477999361842327e-02         2.2055322691976391e-07        -7.3747501125501647e-05        -1.7097767093108155e-03         3.2120119715341684e-06         3.9801864973310626e-02         2.9458295257586004e-03        -1.1476369693106661e-03
16                                     6.7443351584888708e-07        -4.5374168440813246e-02        -2.5390690066740958e-05        -5.5430636246416339e-07        -2.3431859693469623e-03         2.4475697467636525e-06        -1.2898918759424519e-04         4.0467866303297819e-05
17                                     3.5218033195060366e-03        -2.4811244884097433e-05        -3.1232465559422312e-01        -2.3588258375424956e-05        -8.4546629067243775e-07        -1.6204406901791188e-02        -4.9286438144852118e-04        -3.9676721916952207e-04
18                                    -1.0468140802184212e-01         9.8904117176283696e-02        -4.0640011969956882e-02        -1.0990212377638909e-02         2.8184559369949902e-02        -1.5120044234949380e-02        -8.8118864153404596e-03         2.7944275241363285e-03
19                                     1.0288826192533621e-01        -2.2188825676346666e-01         7.5439375889117324e-02        -1.4195035008282321e-03        -3.7067494803272117e-03         2.2761901510504846e-04        -3.6485858042575891e-04         2.2481154139909528e-03
20                                    -4.1985746774710821e-02         7.6651938463105834e-02        -7.8660596771054414e-02         2.5943643492372572e-03        -9.5153205058488618e-03         1.8206184334443208e-03         4.0099188023686033e-03        -1.1565308252186337e-03
21                                    -6.8182754289317082e-04         8.6005924305301324e-07         3.0681653896398112e-02        -6.2301983487786324e-02        -6.1495374638756032e-07         4.8250333015043750e-02         1.4232566070155562e-03         1.2477398302395228e-02
22                                    -7.1398628847213845e-08         5.3130406616720034e-03         2.0868932909709665e-06        -8.2325527244245314e-07        -4.3114475549076013e-02        -2.7411529877752867e-09         8.8706369940877942e-03        -1.3487047150165812e-02
23                                     6.3532749948495837e-04        -1.7628058560141128e-07        -5.8907324616795514e-03         3.9757555539596576e-02        -7.7387831218306797e-07        -3.0385948880677111e-01        -5.2115890078077640e-03         1.3102458053770367e-02
                                                         8                           9                          10                          11                          12                          13                          14                          15

0                                      8.6968795838049395e-04        -2.7815234049960488e-02        -1.6417988791863073e-02         8.7057967243899664e-04        -1.0464350447798090e-01        -1.0287676347760105e-01        -4.1951585733659501e-02        -4.7477999361842327e-02
1                                     -2.5516475743906260e-03        -4.2096411909868542e-02        -1.3590356447919024e-02         2.5520575357528292e-03        -9.8891728679346716e-02        -2.2195811784524427e-01        -7.6632772496835685e-02         2.2055322691976391e-07
2                                      8.7410752696053234e-03        -1.9879268245699737e-02        -6.3462058620288716e-03         8.7407959303056094e-03        -4.0607108688565166e-02        -7.5420957563303540e-02        -7.8631103554075793e-02        -7.3747501125501647e-05
3                                     -3.1673502829687714e-02        -1.1513241919748957e-01        -5.9063755025949932e-02        -3.1667311191318062e-02        -1.0985879289400122e-02         1.4183646772426076e-03         2.5920922884074375e-03        -1.7097767093108155e-03
4                                      4.2067452991904578e-02        -4.7813350150415226e-02        -1.2696971670057150e-01        -4.2071065929525503e-02        -2.8188426661743930e-02        -3.7099580924306098e-03         9.5170471675196291e-03         3.2120119715341684e-06
5                                     -1.0881733254392002e-01        -3.2078796909510737e-02        -4.9565143734434686e-02        -1.0881596221838899e-01        -1.5114675546261438e-02        -2.2979759236192791e-04         1.8188663739599287e-03         3.9801864973310626e-02
6                                      4.6328929600777627e-02         1.8982620105153638e-02        -3.9477527072534872e-03         7.9297970762532144e-03         1.6464816084329334e-03         3.6725049209694344e-04        -5.8379580846147769e-04         2.9458295257586004e-03
7                                     -7.1069510667605237e-02         3.9592833314057128e-03        -7.3637729759820400e-02         3.1571185155604004e-03         1.4386114688578306e-03         9.7933457455011679e-04         5.3638926242387946e-04        -1.1476369693106661e-03
8                                      9.0386220633930134e-02         7.9300554108826232e-03        -3.1534004319087108e-03         1.6795921642571602e-02         3.6268247686812704e-04         9.3262057215907999e-05         9.2525828176625788e-05        -2.1255465150959853e-03
9                                      7.9300554108826232e-03         1.2675869419422919e-01         9.4842476521082408e-02         4.6317138762539303e-02        -8.8118644244596488e-03         3.6423728399848023e-04         4.0088353011605189e-03         2.9462706731505223e-03
10                                    -3.1534004319087108e-03         9.4842476521082408e-02         2.2442183456817810e-01         7.1071306390007360e-02        -2.7957831570008407e-03         2.2479161947148224e-03         1.1563941007102761e-03         1.1480190738949623e-03
11                                     1.6795921642571602e-02         4.6317138762539303e-02         7.1071306390007360e-02         9.0384055003925656e-02         2.0723060367961238e-03         7.3031728818054537e-04         1.6551867524923474e-03        -2.1254228297382638e-03
12                                     3.6268247686812704e-04        -8.8118644244596488e-03        -2.7957831570008407e-03         2.0723060367961238e-03         1.1413382454471574e-01         1.1241440597182634e-01         4.5414399470956407e-02        -2.4927817570965898e-04
13                                     9.3262057215907999e-05         3.6423728399848023e-04         2.2479161947148224e-03         7.3031728818054537e-04         1.1241440597182634e-01         2.3926549516206347e-01         8.2111982705761755e-02         1.7304070483405063e-03
14                                     9.2525828176625788e-05         4.0088353011605189e-03         1.1563941007102761e-03         1.6551867524923474e-03         4.5414399470956407e-02         8.2111982705761755e-02         8.0029514142343203e-02        -1.5196805447410500e-02
15                                    -2.1255465150959853e-03         2.9462706731505223e-03         1.1480190738949623e-03        -2.1254228297382638e-03        -2.4927817570965898e-04         1.7304070483405063e-03        -1.5196805447410500e-02         4.9740415796830702e-02
16                                    -4.2700160202880738e-04         1.2962576134298352e-04         4.0664959543219636e-05         4.2728903190835288e-04         2.0576796579982971e-03         1.1317456407003003e-03        -2.5690437161000647e-02         4.3856272790715420e-08
17                                     2.1821258467021056e-03        -4.9335714348428331e-04         3.9675859878002782e-04         2.1823113053488037e-03         7.6941793729946861e-04         1.4599275591248781e-03        -7.7556718571739841e-03        -5.9185669588950763e-03
18                                     2.0724854508530517e-03         1.6461470160836870e-03        -1.4389665563669966e-03         3.6319296644045113e-04         8.0673049669303075e-03        -1.3104738314925680e-02         6.4567951367084982e-03        -2.4861776278696512e-04
19                                    -7.2980143042398202e-04        -3.6665494420858643e-04         9.7859591793653979e-04        -9.3167315056620452e-05         1.3111069000729426e-02        -1.8311510651010665e-02         9.0672301815033253e-03        -1.7336697217605699e-03
20                                     1.6553147563037151e-03        -5.8364176512006884e-04        -5.3662126882268496e-04         9.2459617177856703e-05         6.4559278906969400e-03        -9.0617935209458284e-03         2.7332935428322283e-03        -1.5201275946753665e-02
21                                    -2.3776022369899428e-02         1.4257856832926704e-03        -1.2476435802758605e-02        -2.3771463577596727e-02         8.4291524747135164e-04        -3.4443300960471535e-04        -7.5758172805834951e-04        -5.9468439860900580e-03
22                                     3.5690562878819998e-02        -8.8690194471216961e-03        -1.3491208732061735e-02        -3.5693745346584732e-02         8.8544172730621411e-04         3.5509501665684110e-04        -8.1325184008066391e-05        -5.9705943350717038e-07
23                                    -1.1035851433369484e-02        -5.2097823265826598e-03        -1.3103197962545332e-02        -1.1034768033432885e-02         6.6469694256650162e-04         3.3255049025372220e-04         5.7388771445446816e-05         8.0505722194072846e-04
                                                        16                          17                          18                          19                          20                          21                          22                          23

0                                      6.7443351584888708e-07         3.5218033195060366e-03        -1.0468140802184212e-01         1.0288826192533621e-01        -4.1985746774710821e-02        -6.8182754289317082e-04        -7.1398628847213845e-08         6.3532749948495837e-04
1                                     -4.5374168440813246e-02        -2.4811244884097433e-05         9.8904117176283696e-02        -2.2188825676346666e-01         7.6651938463105834e-02         8.6005924305301324e-07         5.3130406616720034e-03        -1.7628058560141128e-07
2                                     -2.5390690066740958e-05        -3.1232465559422312e-01        -4.0640011969956882e-02         7.5439375889117324e-02        -7.8660596771054414e-02         3.0681653896398112e-02         2.0868932909709665e-06        -5.8907324616795514e-03
3                                     -5.5430636246416339e-07        -2.3588258375424956e-05        -1.0990212377638909e-02        -1.4195035008282321e-03         2.5943643492372572e-03        -6.2301983487786324e-02        -8.2325527244245314e-07         3.9757555539596576e-02
4                                     -2.3431859693469623e-03        -8.4546629067243775e-07         2.8184559369949902e-02        -3.7067494803272117e-03        -9.5153205058488618e-03        -6.1495374638756032e-07        -4.3114475549076013e-02        -7.7387831218306797e-07
5                                      2.4475697467636525e-06        -1.6204406901791188e-02        -1.5120044234949380e-02         2.2761901510504846e-04         1.8206184334443208e-03         4.8250333015043750e-02        -2.7411529877752867e-09        -3.0385948880677111e-01
6                                     -1.2898918759424519e-04        -4.9286438144852118e-04        -8.8118864153404596e-03        -3.6485858042575891e-04         4.0099188023686033e-03         1.4232566070155562e-03         8.8706369940877942e-03        -5.2115890078077640e-03
7                                      4.0467866303297819e-05        -3.9676721916952207e-04         2.7944275241363285e-03         2.2481154139909528e-03        -1.1565308252186337e-03         1.2477398302395228e-02        -1.3487047150165812e-02         1.3102458053770367e-02
8                                     -4.2700160202880738e-04         2.1821258467021056e-03         2.0724854508530517e-03        -7.2980143042398202e-04         1.6553147563037151e-03        -2.3776022369899428e-02         3.5690562878819998e-02        -1.1035851433369484e-02
9                                      1.2962576134298352e-04        -4.9335714348428331e-04         1.6461470160836870e-03        -3.6665494420858643e-04        -5.8364176512006884e-04         1.4257856832926704e-03        -8.8690194471216961e-03        -5.2097823265826598e-03
10                                     4.0664959543219636e-05         3.9675859878002782e-04        -1.4389665563669966e-03         9.7859591793653979e-04        -5.3662126882268496e-04        -1.2476435802758605e-02        -1.3491208732061735e-02        -1.3103197962545332e-02
11                                     4.2728903190835288e-04         2.1823113053488037e-03         3.6319296644045113e-04        -9.3167315056620452e-05         9.2459617177856703e-05        -2.3771463577596727e-02        -3.5693745346584732e-02        -1.1034768033432885e-02
12                                     2.0576796579982971e-03         7.6941793729946861e-04         8.0673049669303075e-03         1.3111069000729426e-02         6.4559278906969400e-03         8.4291524747135164e-04         8.8544172730621411e-04         6.6469694256650162e-04
13                                     1.1317456407003003e-03         1.4599275591248781e-03        -1.3104738314925680e-02        -1.8311510651010665e-02        -9.0617935209458284e-03        -3.4443300960471535e-04         3.5509501665684110e-04         3.3255049025372220e-04
14                                    -2.5690437161000647e-02        -7.7556718571739841e-03         6.4567951367084982e-03         9.0672301815033253e-03         2.7332935428322283e-03        -7.5758172805834951e-04        -8.1325184008066391e-05         5.7388771445446816e-05
15                                     4.3856272790715420e-08        -5.9185669588950763e-03        -2.4861776278696512e-04        -1.7336697217605699e-03        -1.5201275946753665e-02        -5.9468439860900580e-03        -5.9705943350717038e-07         8.0505722194072846e-04
16                                     4.4351356562730961e-02         2.7159838823570779e-05        -2.0577918417475716e-03         1.1356906424999881e-03         2.5685774813672402e-02        -6.8716662760922561e-07         1.0174287383824443e-03         1.5106711660083357e-07
17                                     2.7159838823570779e-05         3.3848161029198570e-01         7.7005748617886907e-04        -1.4614410069132902e-03        -7.7602080920360856e-03         1.9015410029865707e-03         2.6072357609320838e-08         1.1988950011877341e-03
18                                    -2.0577918417475716e-03         7.7005748617886907e-04         1.1417541267086437e-01        -1.1242770899381638e-01         4.5450422679451805e-02         8.4325992373008424e-04        -8.8515728835376656e-04         6.6476322538876632e-04
19                                     1.1356906424999881e-03        -1.4614410069132902e-03        -1.1242770899381638e-01         2.3918907236489245e-01        -8.2132812180716025e-02         3.4432373981432255e-04         3.5504255548460641e-04        -3.3251116511827730e-04
20                                     2.5685774813672402e-02        -7.7602080920360856e-03         4.5450422679451805e-02        -8.2132812180716025e-02         8.0061478423029700e-02        -7.5762997528523853e-04         8.0873037276275189e-05         5.7640090302699641e-05
21                                    -6.8716662760922561e-07         1.9015410029865707e-03         8.4325992373008424e-04         3.4432373981432255e-04        -7.5762997528523853e-04         6.4395437555259893e-02        -4.1072064951649273e-07        -3.1938429679087901e-02
22                                     1.0174287383824443e-03         2.6072357609320838e-08        -8.8515728835376656e-04         3.5504255548460641e-04         8.0873037276275189e-05        -4.1072064951649273e-07         6.3052124459107670e-02         1.5120327108188712e-06
23                                     1.5106711660083357e-07         1.1988950011877341e-03         6.6476322538876632e-04        -3.3251116511827730e-04         5.7640090302699641e-05        -3.1938429679087901e-02         1.5120327108188712e-06         3.3050691687231715e-01
                              

0                             
1                             
2                             
3                             
4                             
5                             
6                             
7                             
8                             
9                             
10                            
11                            
12                            
13                            
14                            
15                            
16                            
17                            
18                            
19                            
20                            
21                            
22                            
23                            
   &MODES [&Type "ArrayOfDoubles", &Dim (24,24)] "The modes of vibrations"
                                                         0                           1                           2                           3                           4                           5                           6                           7

0                                      1.0000000000000000e+00         2.0000000000000000e+00         3.0000000000000000e+00         4.0000000000000000e+00         5.0000000000000000e+00         6.0000000000000000e+00         7.0000000000000000e+00         0.0000000000000000e+00
1                                      0.0000000000000000e+00         0.0000000000000000e+00         0.0000000000000000e+00         0.0000000000000000e+00         0.0000000000000000e+00        -5.3645588547942241e-06        -3.4129694260318891e-06         1.0000000000000000e+00
2                                      0.0000000000000000e+00         0.0000000000000000e+00         0.0000000000000000e+00         0.0000000000000000e+00         0.0000000000000000e+00         9.6703350606584110e-03         1.2035638887483809e-01         2.0000000000000000e+00
3                                      0.0000000000000000e+00         0.0000000000000000e+00         0.0000000000000000e+00         0.0000000000000000e+00         0.0000000000000000e+00        -7.8001036477896925e-07        -7.9469620091838051e-07         3.0000000000000000e+00
4                                      0.0000000000000000e+00         0.0000000000000000e+00         0.0000000000000000e+00         0.0000000000000000e+00         0.0000000000000000e+00        -7.7426371408923675e-07         7.4149232118665507e-06         4.0000000000000000e+00
5                                      0.0000000000000000e+00         0.0000000000000000e+00         0.0000000000000000e+00         0.0000000000000000e+00         0.0000000000000000e+00         1.1000200155745380e-02        -7.7028139316384400e-02         5.0000000000000000e+00
6                                      0.0000000000000000e+00         0.0000000000000000e+00         0.0000000000000000e+00         0.0000000000000000e+00         0.0000000000000000e+00         2.1444931762891760e-07         1.1289846379866091e-06         6.0000000000000000e+00
