*************************************************
******************* ORCA 6.0.0 ******************
*************************************************
$Calculation_Status
   &GeometryIndex 1
   &ListStatus       OUT
   &VERSION [&Type "String"] "6.0.0"
   &PROGNAME [&Type "String"] "LeanSCF"
   &STATUS [&Type "String"] "NORMAL TERMINATION"
$End
$Geometry
   &GeometryIndex 1
   &ListStatus       OUT
   &NATOMS [&Type "Integer"] 8
   &NCORELESSECP [&Type "Integer"] 0
   &NGHOSTATOMS [&Type "Integer"] 0
   &CartesianCoordinates [&Type "Coordinates", &Dim(8,4), &Units "Bohr"] 
              C     -2.777640571713    0.000748711762   -0.191840935149
              C     -0.086923578300    0.000048547253    0.708970284085
              F      1.162746087226    2.090353764013   -0.209154215949
              F      1.161286798376   -2.091614670548   -0.208029097953
              H     -2.808435015322   -0.000868773433   -2.256470349386
              H     -3.748969534938   -1.680762525010    0.509350041484
              H     -3.747151081714    1.684410297003    0.506699814532
              H      0.135352773847    0.000518683903    2.771283419615
$End
$SCF_Energy
   &GeometryIndex 1
   &ListStatus       OUT
   &SCF_ENERGY [&Type "Double"]      -2.7830317280184835e+02
$End
$DFT_Energy
   &GeometryIndex 1
   &ListStatus       OUT
   &NALPHAEL [&Type "Integer"] 17
   &NBETAEL [&Type "Integer"] 17
   &NTOTALEL [&Type "Integer"] 34
   &EEXCHANGE [&Type "Double"]      -3.2048781141168917e+01
   &ECORR [&Type "Double"]      -1.1180367492544001e+00
   &ECNL [&Type "Double"]       0.0000000000000000e+00
   &EXC [&Type "Double"]      -3.3166817890423317e+01
   &EEMBED [&Type "Double"]       0.0000000000000000e+00
   &FINALEN [&Type "Double"]      -2.7830317280184835e+02  "No Van der Waals correction"
$End
$Mulliken_Population_Analysis
   &GeometryIndex 1
   &ListStatus       OUT
   &NATOMS [&Type "Integer"] 8
   &ATNO [&Type "ArrayOfIntegers", &Dim (8,1)] 
                                                         0

0                                                        6
1                                                        6
2                                                        9
3                                                        9
4                                                        1
5                                                        1
6                                                        1
7                                                        1
   &ATOMICCHARGES [&Type "ArrayOfDoubles", &Dim (8,1)] 
                                                         0

0                                     -2.8144140318985222e-01
1                                      2.9517926171410025e-01
2                                     -2.1654059970333961e-01
3                                     -2.1653492367818572e-01
4                                      1.2288216165148025e-01
5                                      1.1637727296245637e-01
6                                      1.1639062397753397e-01
7                                      6.3687606265825258e-02
$End
$Loewdin_Population_Analysis
   &GeometryIndex 1
   &ListStatus       OUT
   &NATOMS [&Type "Integer"] 8
   &ATNO [&Type "ArrayOfIntegers", &Dim (8,1)] 
                                                         0

0                                                        6
1                                                        6
2                                                        9
3                                                        9
4                                                        1
5                                                        1
6                                                        1
7                                                        1
   &ATOMICCHARGES [&Type "ArrayOfDoubles", &Dim (8,1)] 
                                                         0

0                                     -2.8584232822752131e-01
1                                     -4.6272026263158139e-01
2                                      1.1716229513668353e-01
3                                      1.1716806996530771e-01
4                                      1.3283893365061683e-01
5                                      1.3223482698119304e-01
6                                      1.3224165475045913e-01
7                                      1.1691681037483659e-01
$End
$Mayer_Population_Analysis
   &GeometryIndex 1
   &ListStatus       OUT
   &NATOMS [&Type "Integer"] 8 "Total number of atoms"
   &BONDTHRESH [&Type "Double"]       1.0000000000000001e-01  "The threshold for printing"
   &NBONDORDERSPRINT [&Type "Integer"] 7 "The number of bond orders larger than threshold"
   &BONDORDERS [&Type "ArrayOfDoubles", &Dim (7,1)] "The bond orders"
                                                         0

0                                      9.9080788109151241e-01
1                                      9.5836196587441569e-01
2                                      9.5738703391986568e-01
3                                      9.5738564547615779e-01
4                                      1.0409829461019744e+00
5                                      1.0409891792043517e+00
6                                      9.7922702225246172e-01
   &COMPONENTS [&Type "ArrayOfIntegers", &Dim (7,4)] "The indices and atomic numbers of the bonding atoms"
                                                         0                           1                           2                           3

0                                                        0                           6                           1                           6
1                                                        0                           6                           4                           1
2                                                        0                           6                           5                           1
3                                                        0                           6                           6                           1
4                                                        1                           6                           2                           9
5                                                        1                           6                           3                           9
6                                                        1                           6                           7                           1
   &ATNO [&Type "ArrayOfIntegers", &Dim (8,1)] "Atomic number of the elements"
                                                         0

0                                                        6
1                                                        6
2                                                        9
3                                                        9
4                                                        1
5                                                        1
6                                                        1
7                                                        1
   &NA [&Type "ArrayOfDoubles", &Dim (8,1)] "Mulliken gross atomic population"
                                                         0

0                                      6.2814414031898602e+00
1                                      5.7048207382858980e+00
2                                      9.2165405997033432e+00
3                                      9.2165349236781609e+00
4                                      8.7711783834852086e-01
5                                      8.8362272703754474e-01
6                                      8.8360937602246692e-01
7                                      9.3631239373417696e-01
   &ZA [&Type "ArrayOfDoubles", &Dim (8,1)] "Total nuclear charge"
                                                         0

0                                      6.0000000000000000e+00
1                                      6.0000000000000000e+00
2                                      9.0000000000000000e+00
3                                      9.0000000000000000e+00
4                                      1.0000000000000000e+00
5                                      1.0000000000000000e+00
6                                      1.0000000000000000e+00
7                                      1.0000000000000000e+00
   &QA [&Type "ArrayOfDoubles", &Dim (8,1)] "Mulliken gross atomic charge"
                                                         0

0                                     -2.8144140318986022e-01
1                                      2.9517926171410203e-01
2                                     -2.1654059970334316e-01
3                                     -2.1653492367816085e-01
4                                      1.2288216165147914e-01
5                                      1.1637727296245526e-01
6                                      1.1639062397753308e-01
7                                      6.3687606265823038e-02
   &VA [&Type "ArrayOfDoubles", &Dim (8,1)] "Mayer's total valence"
                                                         0

0                                      3.8192293948238469e+00
1                                      4.0953721411264121e+00
2                                      1.0413625571498701e+00
3                                      1.0413709180314559e+00
4                                      9.9754964477973451e-01
5                                      9.8446331247279073e-01
6                                      9.8446924556617144e-01
7                                      9.6393622888571029e-01
   &BVA [&Type "ArrayOfDoubles", &Dim (8,1)] "Mayer's bonded valence"
                                                         0

0                                      3.8192293948238487e+00
1                                      4.0953721411263837e+00
2                                      1.0413625571498328e+00
3                                      1.0413709180315440e+00
4                                      9.9754964477974017e-01
5                                      9.8446331247279639e-01
6                                      9.8446924556619408e-01
7                                      9.6393622888569519e-01
   &FA [&Type "ArrayOfDoubles", &Dim (8,1)] "Mayer's free valence"
                                                         0

0                                      0.0000000000000000e+00
1                                      0.0000000000000000e+00
2                                      0.0000000000000000e+00
3                                      0.0000000000000000e+00
4                                      0.0000000000000000e+00
5                                      0.0000000000000000e+00
6                                      0.0000000000000000e+00
7                                      0.0000000000000000e+00
$End
$VdW_Correction
   &GeometryIndex 1
   &ListStatus       OUT
   &VDW [&Type "Double"]      -1.0490379454459015e-03
$End
$Calculation_Info
   &GeometryIndex 1
   &ListStatus       OUT
   &MULT [&Type "Integer"] 1
   &CHARGE [&Type "Integer"] 0
   &NUMOFATOMS [&Type "Integer"] 8
   &NUMOFELECTRONS [&Type "Integer"] 34
   &NUMOFFCELECTRONS [&Type "Integer"] 1
   &NUMOFCORRELECTRONS [&Type "Integer"] 0
   &NUMOFBASISFUNCTS [&Type "Integer"] 148
   &NUMOFAUXCBASISFUNCTS [&Type "Integer"] 0
   &NUMOFAUXJBASISFUNCTS [&Type "Integer"] 174
   &NUMOFAUXJKBASISFUNCTS [&Type "Integer"] 0
   &NUMOFCABSBASISFUNCTS [&Type "Integer"] 0
   &TOTALENERGY [&Type "Double"]      -2.7829773589269382e+02  "Hartrees"
$End
$SCF_Dipole_Moment
   &GeometryIndex 1
   &ListStatus       OUT
   &METHOD [&Type "String"] "SCF"
   &LEVEL [&Type "String"] "Relaxed density"
   &MULT [&Type "Integer"] 1
   &STATE [&Type "Integer"] -1
   &IRREP [&Type "Integer"] 0
   &NATOMS [&Type "Integer"] 8
   &DODIPOLEATOM [&Type "Boolean"] false
   &DIPOLEELECCONTRIB [&Type "ArrayOfDoubles", &Dim (3,1)] "Electronic contribution"
                                                         0

0                                      5.3910722881654802e+00
1                                     -2.0448888573587703e-03
2                                     -5.7422440039507083e-01
   &DIPOLENUCCONTRIB [&Type "ArrayOfDoubles", &Dim (3,1)] "Nuclear contribution"
                                                         0

0                                     -6.1804094155160794e+00
1                                      2.4236432733781839e-03
2                                      9.6716689897722397e-01
   &DIPOLETOTAL [&Type "ArrayOfDoubles", &Dim (3,1)] "Total"
                                                         0

0                                     -7.8933712735059913e-01
1                                      3.7875441601941361e-04
2                                      3.9294249858215313e-01
   &DIPOLEMAGNITUDE [&Type "Double", &Units "a.u."]       8.8173525009550857e-01
$End
$THERMOCHEMISTRY_Energies
   &GeometryIndex 1
   &ListStatus       OUT
   &TEMPERATURE [&Type "Double"]       2.9814999999999998e+02
   &PRESSURE [&Type "Double"]       1.0000000000000000e+00
   &TOTALMASS [&Type "Double"]       6.6049999999999997e+01
   &SPINDEGENERACY [&Type "Integer"] 1
   &ELENERGY [&Type "Double"]      -2.7829773589269382e+02
   &TRANSENERGY [&Type "Double"]       1.4162714244859817e-03
   &ROTENERGY [&Type "Double"]       1.4162714244859817e-03
   &VIBENERGY [&Type "Double"]       1.4585500273004049e-03
   &NUMOFFREQS [&Type "Integer"] 24
   &FREQSCALINGFACTOR [&Type "Double"]       1.0000000000000000e+00
   &FREQ [&Type "ArrayOfDoubles", &Dim (24,1)] "In cm^-1"
                                                         0

0                                      0.0000000000000000e+00
1                                      0.0000000000000000e+00
2                                      0.0000000000000000e+00
3                                      0.0000000000000000e+00
4                                      0.0000000000000000e+00
5                                      0.0000000000000000e+00
6                                      2.4604309083824907e+02
7                                      3.8664452265144610e+02
8                                      4.6319859433035100e+02
9                                      5.6522539741186256e+02
10                                     8.6696833108952376e+02
11                                     9.2426362556167726e+02
12                                     1.1187338347963278e+03
13                                     1.1222267032482137e+03
14                                     1.1539449563491094e+03
15                                     1.3689669599203041e+03
16                                     1.3769788166026590e+03
17                                     1.4180643039519389e+03
18                                     1.4764629260512384e+03
19                                     1.4772786045923363e+03
20                                     3.0329848298350275e+03
21                                     3.0385579985785548e+03
22                                     3.1250729425336981e+03
23                                     3.1273525148721642e+03
   &ZPE [&Type "Double"]       5.9890678083128902e-02
   &INNERENERGYU [&Type "Double"]      -2.7823355412173441e+02
   &ENTHALPYH [&Type "Double"]      -2.7823260991269217e+02
   &QEL [&Type "Double"]       0.0000000000000000e+00
   &QROT [&Type "Double"]       1.1466848845937457e-02
   &QVIB [&Type "Double"]       2.1787428567336948e-03
   &QTRANS [&Type "Double"]       1.8283831996532125e-02
   &ENTROPYS [&Type "Double"]       3.1929423699203277e-02
   &FREEENERGYG [&Type "Double"]      -2.7826453933639135e+02
   &ISLINEAR [&Type "Boolean"] false
$End
$Hessian
   &GeometryIndex 1
   &ListStatus       OUT
   &HESSIAN [&Type "ArrayOfDoubles", &Dim (24,24)] "The Hessian"
                                                         0                           1                           2                           3                           4                           5                           6                           7

0                                      4.9644456693106004e-01         2.6060343312378259e-05        -3.1314751123655012e-02        -1.8248392382734124e-01         2.5866041952742501e-05        -4.6112820578840086e-02        -2.8062796151931125e-02        -1.6732407806040211e-02
1                                      2.6060343312378259e-05         5.8450262791220697e-01         1.1833840333377634e-05         1.5465201416576670e-05        -6.9098231987828912e-02         2.8561196979723106e-06        -4.2803562772613830e-02        -1.4009250317819279e-02
2                                     -3.1314751123655012e-02         1.1833840333377634e-05         5.6923390374840943e-01        -5.9511163592789282e-02         4.8634798100005780e-06        -1.1265979828311951e-01         2.0171356773651870e-02         6.4817398141310554e-03
3                                     -1.8248392382734124e-01         1.5465201416576670e-05        -5.9511163592789282e-02         5.0733663767631476e-01        -3.3293223524287859e-05         3.0823449511219167e-02        -1.1952545580352231e-01        -6.7537141918597832e-02
4                                      2.5866041952742501e-05        -6.9098231987828912e-02         4.8634798100005780e-06        -3.3293223524287859e-05         4.0371919482130680e-01         5.0644427983514363e-05        -5.6298498689349358e-02        -1.4076803544134819e-01
5                                     -4.6112820578840086e-02         2.8561196979723106e-06        -1.1265979828311951e-01         3.0823449511219167e-02         5.0644427983514363e-05         6.4356507332401236e-01         3.6049107612766515e-02         5.6139357737043205e-02
6                                     -2.8062796151931125e-02        -4.2803562772613830e-02         2.0171356773651870e-02        -1.1952545580352231e-01        -5.6298498689349358e-02         3.6049107612766515e-02         1.3064227133233719e-01         1.0400973821073994e-01
7                                     -1.6732407806040211e-02        -1.4009250317819279e-02         6.4817398141310554e-03        -6.7537141918597832e-02        -1.4076803544134819e-01         5.6139357737043205e-02         1.0400973821073994e-01         2.3836483609504699e-01
8                                     -1.0764773270820621e-03        -2.4570894324054127e-03         8.9134259485072059e-03         3.5954030757191155e-02         4.8640643215277307e-02        -1.1144089264756807e-01        -5.0285166566524334e-02        -7.8702466407998328e-02
9                                     -2.8013930260143319e-02         4.2836248171669707e-02         2.0132313681730980e-02        -1.1943832759209255e-01         5.6310012508085955e-02         3.5978822960788560e-02         1.9374999609728646e-02        -4.0934706900096936e-03
10                                     1.6741389648568243e-02        -1.4051952541555940e-02        -6.4780009422234306e-03         6.7548122594479565e-02        -1.4091761221613369e-01        -5.6141750062673385e-02         4.0250016502608489e-03        -7.2826074595526549e-02
11                                    -1.0880801586431524e-03         2.4674927183546778e-03         8.9122774496267244e-03         3.5888312910933896e-02        -4.8646627916088314e-02        -1.1139280818538852e-01        -8.4289000321290473e-03         3.2851696689225850e-03
12                                    -4.6995824722244672e-02        -9.2105804309154522e-07         4.7714807290791467e-04        -2.2177637256664889e-03        -2.7317788830863073e-05        -3.9983267695769424e-02         3.0367778094876428e-03         1.1561708898134041e-03
13                                    -4.2327215792474808e-06        -4.5237260603742904e-02        -2.1501094208207212e-04         3.3933716688458815e-06        -2.1343128097689500e-03         1.0253190297700371e-05         7.4528839480612658e-05         1.2415799277942330e-05
14                                    -2.8972765012473378e-03        -2.1095850465962612e-04        -3.1307312487383215e-01        -9.2308788301020961e-05        -8.1882515867216064e-06        -1.6418365432696796e-02         4.8738420970446603e-04        -4.5122846730569557e-04
15                                    -1.0500850196906067e-01        -9.9246072898148865e-02         4.0540828732494476e-02        -1.0281333290027625e-02        -2.7751657520597706e-02         1.5048544643826677e-02        -8.9948257529922897e-03        -2.9163432089063289e-03
16                                    -1.0322062448760236e-01        -2.2344605659056233e-01         7.5050734607458619e-02         1.6437596607034345e-03        -3.4691264513880397e-03         1.2787569155749134e-04         3.2313921288771663e-04         2.2173051104113573e-03
17                                     4.1781149431421388e-02         7.6056676409024138e-02        -7.7750491136099054e-02        -2.6964642391867598e-03        -9.4472854103117773e-03         1.7660955919602066e-03        -3.9947453004247398e-03        -1.1581529270148069e-03
18                                    -1.0478794343444171e-01         9.9183889478224166e-02         4.0301253932981979e-02        -1.0257313044467840e-02         2.7780193815912780e-02         1.5004422708242818e-02         1.6206266500801221e-03        -1.4428104867468194e-03
19                                     1.0316396809089989e-01        -2.2390502746286869e-01        -7.4866013776562490e-02        -1.6389942609079389e-03        -3.4827611076440855e-03        -1.3845874996685646e-04        -3.6336819235330579e-04         1.0306918884158208e-03
20                                     4.1532543045147356e-02        -7.5867453976387639e-02        -7.7511913675653854e-02        -2.6820495768698754e-03         9.4588848194174027e-03         1.7513385742169369e-03         6.6486112216878669e-04         5.7630030942812122e-04
21                                    -1.0916465658973224e-03        -1.1063327933459304e-05        -3.0642127245543067e-02        -6.3132520393196709e-02        -4.8744056894878775e-06        -4.6804016781231063e-02         1.9084023068121365e-03        -1.2577948350348275e-02
22                                    -6.2247395017459988e-08         5.2451515921711402e-03         9.6030486370129905e-06        -1.7421631981271317e-06        -4.3849114807195007e-02        -4.9740057384954259e-05        -8.8327648989568151e-03        -1.4021888538458075e-02
23                                    -9.7914601888095254e-04        -3.1063034595619464e-06        -6.0642791778388362e-03        -3.7688049363200443e-02        -5.3972661056094858e-05        -2.9517064294141665e-01         5.3353560269857325e-03         1.3916527706394961e-02
                                                         8                           9                          10                          11                          12                          13                          14                          15

0                                     -1.0764773270820621e-03        -2.8013930260143319e-02         1.6741389648568243e-02        -1.0880801586431524e-03        -4.6995824722244672e-02        -4.2327215792474808e-06        -2.8972765012473378e-03        -1.0500850196906067e-01
1                                     -2.4570894324054127e-03         4.2836248171669707e-02        -1.4051952541555940e-02         2.4674927183546778e-03        -9.2105804309154522e-07        -4.5237260603742904e-02        -2.1095850465962612e-04        -9.9246072898148865e-02
2                                      8.9134259485072059e-03         2.0132313681730980e-02        -6.4780009422234306e-03         8.9122774496267244e-03         4.7714807290791467e-04        -2.1501094208207212e-04        -3.1307312487383215e-01         4.0540828732494476e-02
3                                      3.5954030757191155e-02        -1.1943832759209255e-01         6.7548122594479565e-02         3.5888312910933896e-02        -2.2177637256664889e-03         3.3933716688458815e-06        -9.2308788301020961e-05        -1.0281333290027625e-02
4                                      4.8640643215277307e-02         5.6310012508085955e-02        -1.4091761221613369e-01        -4.8646627916088314e-02        -2.7317788830863073e-05        -2.1343128097689500e-03        -8.1882515867216064e-06        -2.7751657520597706e-02
5                                     -1.1144089264756807e-01         3.5978822960788560e-02        -5.6141750062673385e-02        -1.1139280818538852e-01        -3.9983267695769424e-02         1.0253190297700371e-05        -1.6418365432696796e-02         1.5048544643826677e-02
6                                     -5.0285166566524334e-02         1.9374999609728646e-02         4.0250016502608489e-03        -8.4289000321290473e-03         3.0367778094876428e-03         7.4528839480612658e-05         4.8738420970446603e-04        -8.9948257529922897e-03
7                                     -7.8702466407998328e-02        -4.0934706900096936e-03        -7.2826074595526549e-02         3.2851696689225850e-03         1.1561708898134041e-03         1.2415799277942330e-05        -4.5122846730569557e-04        -2.9163432089063289e-03
8                                      9.3092131793024488e-02        -8.4286704270572499e-03        -3.2306003859205179e-03         1.7206491197741113e-02         2.1945398887982578e-03        -4.1206285102564453e-04         2.2545957882415877e-03        -2.0333791262307260e-03
9                                     -8.4286704270572499e-03         1.3049122517784387e-01        -1.0397155850867257e-01        -5.0170808516968035e-02         3.0396679127770677e-03        -7.7967557268323359e-05         4.9056286779848579e-04         1.6184199913016179e-03
10                                    -3.2306003859205179e-03        -1.0397155850867257e-01         2.3860343778925985e-01         7.8652572876869095e-02        -1.1577553449685645e-03         1.3733469049121306e-05         4.5214190874484292e-04         1.4449977596723172e-03
11                                     1.7206491197741113e-02        -5.0170808516968035e-02         7.8652572876869095e-02         9.3018701617001737e-02         2.1937934965287394e-03         4.1511125891163011e-04         2.2556093821377169e-03        -3.7140412594259715e-04
12                                     2.1945398887982578e-03         3.0396679127770677e-03        -1.1577553449685645e-03         2.1937934965287394e-03         4.9638461549630142e-02         8.3045719518583371e-07         5.4588568760503033e-03        -2.5540198385434840e-04
13                                    -4.1206285102564453e-04        -7.7967557268323359e-05         1.3733469049121306e-05         4.1511125891163011e-04         8.3045719518583371e-07         4.4305711242341193e-02         2.3076954145569969e-04         1.9770166360909324e-03
14                                     2.2545957882415877e-03         4.9056286779848579e-04         4.5214190874484292e-04         2.2556093821377169e-03         5.4588568760503033e-03         2.3076954145569969e-04         3.3949424285312596e-01        -7.5767418594621661e-04
15                                    -2.0333791262307260e-03         1.6184199913016179e-03         1.4449977596723172e-03        -3.7140412594259715e-04        -2.5540198385434840e-04         1.9770166360909324e-03        -7.5767418594621661e-04         1.1401715910251672e-01
16                                    -6.9810884029794453e-04         3.6019386660341096e-04         1.0258549518750689e-03        -8.6636698771813160e-05         1.6567028118047258e-03         1.0643467828180884e-03        -1.4314611886164091e-03         1.1263465386082974e-01
17                                     1.6363028809928877e-03         6.6365117483159031e-04        -5.7813685640380370e-04         5.9538102456246325e-05         1.5266656539561345e-02         2.5870200270171832e-02        -7.8693778066883293e-03        -4.5285072373086030e-02
18                                    -3.6753120522251340e-04        -8.9948459275132585e-03         2.9234537207594022e-03        -2.0332439567136576e-03        -2.5920475323737424e-04        -1.9771607335454500e-03        -7.5326621813206346e-04         8.0577947386361211e-03
19                                     8.6718998771532878e-05        -3.2125194726983358e-04         2.2167561387681752e-03         7.0088925550216988e-04        -1.6310196519419245e-03         1.0294601536389586e-03         1.4188430363978252e-03         1.3027020892957073e-02
20                                     5.9677970030341267e-05        -3.9878894259308085e-03         1.1568601323277705e-03         1.6352110515148034e-03         1.5241105924283106e-02        -2.5900455399643443e-02        -7.8295485630628520e-03        -6.4871914550158295e-03
21                                     2.4043400159928230e-02         1.9227910880978962e-03         1.2580142975565020e-02         2.4011701780516485e-02        -5.9867120868919614e-03         3.5621172379728579e-06        -1.9689811492356150e-03         8.4668916348047945e-04
22                                     3.6685718269997912e-02         8.8239996611970926e-03        -1.4064142995736046e-02        -3.6702011396152659e-02         3.3392756905989244e-06         9.4590596638655122e-04         2.5827492760167993e-07         8.6051567881572993e-04
23                                    -1.1721732930969531e-02         5.3206462872238472e-03        -1.3919046438267933e-02        -1.1695020615089830e-02        -8.1613021305124243e-04         1.0185825567802128e-06         1.1859686527748870e-03        -6.6750065740136654e-04
                                                        16                          17                          18                          19                          20                          21                          22                          23

0                                     -1.0322062448760236e-01         4.1781149431421388e-02        -1.0478794343444171e-01         1.0316396809089989e-01         4.1532543045147356e-02        -1.0916465658973224e-03        -6.2247395017459988e-08        -9.7914601888095254e-04
1                                     -2.2344605659056233e-01         7.6056676409024138e-02         9.9183889478224166e-02        -2.2390502746286869e-01        -7.5867453976387639e-02        -1.1063327933459304e-05         5.2451515921711402e-03        -3.1063034595619464e-06
2                                      7.5050734607458619e-02        -7.7750491136099054e-02         4.0301253932981979e-02        -7.4866013776562490e-02        -7.7511913675653854e-02        -3.0642127245543067e-02         9.6030486370129905e-06        -6.0642791778388362e-03
3                                      1.6437596607034345e-03        -2.6964642391867598e-03        -1.0257313044467840e-02        -1.6389942609079389e-03        -2.6820495768698754e-03        -6.3132520393196709e-02        -1.7421631981271317e-06        -3.7688049363200443e-02
4                                     -3.4691264513880397e-03        -9.4472854103117773e-03         2.7780193815912780e-02        -3.4827611076440855e-03         9.4588848194174027e-03        -4.8744056894878775e-06        -4.3849114807195007e-02        -5.3972661056094858e-05
5                                      1.2787569155749134e-04         1.7660955919602066e-03         1.5004422708242818e-02        -1.3845874996685646e-04         1.7513385742169369e-03        -4.6804016781231063e-02        -4.9740057384954259e-05        -2.9517064294141665e-01
6                                      3.2313921288771663e-04        -3.9947453004247398e-03         1.6206266500801221e-03        -3.6336819235330579e-04         6.6486112216878669e-04         1.9084023068121365e-03        -8.8327648989568151e-03         5.3353560269857325e-03
7                                      2.2173051104113573e-03        -1.1581529270148069e-03        -1.4428104867468194e-03         1.0306918884158208e-03         5.7630030942812122e-04        -1.2577948350348275e-02        -1.4021888538458075e-02         1.3916527706394961e-02
8                                     -6.9810884029794453e-04         1.6363028809928877e-03        -3.6753120522251340e-04         8.6718998771532878e-05         5.9677970030341267e-05         2.4043400159928230e-02         3.6685718269997912e-02        -1.1721732930969531e-02
9                                      3.6019386660341096e-04         6.6365117483159031e-04        -8.9948459275132585e-03        -3.2125194726983358e-04        -3.9878894259308085e-03         1.9227910880978962e-03         8.8239996611970926e-03         5.3206462872238472e-03
10                                     1.0258549518750689e-03        -5.7813685640380370e-04         2.9234537207594022e-03         2.2167561387681752e-03         1.1568601323277705e-03         1.2580142975565020e-02        -1.4064142995736046e-02        -1.3919046438267933e-02
11                                    -8.6636698771813160e-05         5.9538102456246325e-05        -2.0332439567136576e-03         7.0088925550216988e-04         1.6352110515148034e-03         2.4011701780516485e-02        -3.6702011396152659e-02        -1.1695020615089830e-02
12                                     1.6567028118047258e-03         1.5266656539561345e-02        -2.5920475323737424e-04        -1.6310196519419245e-03         1.5241105924283106e-02        -5.9867120868919614e-03         3.3392756905989244e-06        -8.1613021305124243e-04
13                                     1.0643467828180884e-03         2.5870200270171832e-02        -1.9771607335454500e-03         1.0294601536389586e-03        -2.5900455399643443e-02         3.5621172379728579e-06         9.4590596638655122e-04         1.0185825567802128e-06
14                                    -1.4314611886164091e-03        -7.8693778066883293e-03        -7.5326621813206346e-04         1.4188430363978252e-03        -7.8295485630628520e-03        -1.9689811492356150e-03         2.5827492760167993e-07         1.1859686527748870e-03
15                                     1.1263465386082974e-01        -4.5285072373086030e-02         8.0577947386361211e-03         1.3027020892957073e-02        -6.4871914550158295e-03         8.4668916348047945e-04         8.6051567881572993e-04        -6.6750065740136654e-04
16                                     2.4033534051983041e-01        -8.1751095873444271e-02        -1.3065715248945384e-02        -1.8058467243116091e-02         9.1177595938210041e-03        -3.6224087699420859e-04         3.3080292013154354e-04        -3.3829427790085971e-04
17                                    -8.1751095873444271e-02         7.9386459108579152e-02        -6.4759279193594317e-03        -9.0769593968975486e-03         2.7263625910960449e-03         7.5360123354425816e-04         9.3980771070423458e-05         4.5110667702836713e-05
18                                    -1.3065715248945384e-02        -6.4759279193594317e-03         1.1377643777771941e-01        -1.1256946570796872e-01        -4.5021610411786359e-02         8.4444799322452684e-04        -8.6249408131305048e-04        -6.6684758866285190e-04
19                                    -1.8058467243116091e-02        -9.0769593968975486e-03        -1.1256946570796872e-01         2.4083829129939338e-01         8.1545735686808660e-02         3.6322002020785734e-04         3.3105633341256994e-04         3.3837635790275912e-04
20                                     9.1177595938210041e-03         2.7263625910960449e-03        -4.5021610411786359e-02         8.1545735686808660e-02         7.9125421516213837e-02         7.5298143665569815e-04        -9.6762577727915034e-05         4.3450535644739934e-05
21                                    -3.6224087699420859e-04         7.5360123354425816e-04         8.4444799322452684e-04         3.6322002020785734e-04         7.5298143665569815e-04         6.4688548494370945e-02         9.2053115570844704e-06         3.0007556046176179e-02
22                                     3.3080292013154354e-04         9.3980771070423458e-05        -8.6249408131305048e-04         3.3105633341256994e-04        -9.6762577727915034e-05         9.2053115570844704e-06         6.5082229529287314e-02         5.8725350231264255e-05
23                                    -3.3829427790085971e-04         4.5110667702836713e-05        -6.6684758866285190e-04         3.3837635790275912e-04         4.3450535644739934e-05         3.0007556046176179e-02         5.8725350231264255e-05         3.2337714580919236e-01
                              

0                             
1                             
2                             
3                             
4                             
5                             
6                             
7                             
8                             
9                             
10                            
11                            
12                            
13                            
14                            
15                            
16                            
17                            
18                            
19                            
20                            
21                            
22                            
23                            
   &MODES [&Type "ArrayOfDoubles", &Dim (24,24)] "The modes of vibrations"
                                                         0                           1                           2                           3                           4                           5                           6                           7

0                                      1.0000000000000000e+00         2.0000000000000000e+00         3.0000000000000000e+00         4.0000000000000000e+00         5.0000000000000000e+00         6.0000000000000000e+00         7.0000000000000000e+00         0.0000000000000000e+00
1                                      0.0000000000000000e+00         0.0000000000000000e+00         0.0000000000000000e+00         0.0000000000000000e+00         0.0000000000000000e+00         3.5831247995398302e-05        -2.2466575714088678e-05         1.0000000000000000e+00
2                                      0.0000000000000000e+00         0.0000000000000000e+00         0.0000000000000000e+00         0.0000000000000000e+00         0.0000000000000000e+00         1.1526373879216272e-02        -1.1979674107167836e-01         2.0000000000000000e+00
3                                      0.0000000000000000e+00         0.0000000000000000e+00         0.0000000000000000e+00         0.0000000000000000e+00         0.0000000000000000e+00        -4.2126840037450909e-06         2.5649306626898644e-05         3.0000000000000000e+00
4                                      0.0000000000000000e+00         0.0000000000000000e+00         0.0000000000000000e+00         0.0000000000000000e+00         0.0000000000000000e+00         4.2514097758439922e-06         3.9614862648984889e-05         4.0000000000000000e+00
5                                      0.0000000000000000e+00         0.0000000000000000e+00         0.0000000000000000e+00         0.0000000000000000e+00         0.0000000000000000e+00         8.8263155750822053e-03         7.7631743728143660e-02         5.0000000000000000e+00
6                                      0.0000000000000000e+00         0.0000000000000000e+00         0.0000000000000000e+00         0.0000000000000000e+00         0.0000000000000000e+00         4.4909755962985324e-06        -2.6843415512680937e-05         6.0000000000000000e+00
