*************************************************
******************* ORCA 6.0.0 ******************
*************************************************
$Calculation_Status
   &GeometryIndex 1
   &ListStatus       OUT
   &VERSION [&Type "String"] "6.0.0"
   &PROGNAME [&Type "String"] "LeanSCF"
   &STATUS [&Type "String"] "NORMAL TERMINATION"
$End
$Geometry
   &GeometryIndex 1
   &ListStatus       OUT
   &NATOMS [&Type "Integer"] 8
   &NCORELESSECP [&Type "Integer"] 0
   &NGHOSTATOMS [&Type "Integer"] 0
   &CartesianCoordinates [&Type "Coordinates", &Dim(8,4), &Units "Bohr"] 
              C      0.000159586616   -3.424277910081   -0.308967118832
              C      0.000042816848   -0.816086122241    0.835955179591
              Cl    -2.803555382451    0.911098852025   -0.095701695208
              Cl     2.803140913165    0.911650939484   -0.096357575686
              H     -0.000376744684   -3.314764487184   -2.369011811993
              H      1.684488866336   -4.447072912229    0.313280020378
              H     -1.683555214258   -4.447579673661    0.314122155098
              H      0.000302615263   -0.833434842776    2.896663086501
$End
$SCF_Energy
   &GeometryIndex 1
   &ListStatus       OUT
   &SCF_ENERGY [&Type "Double"]      -9.9897014971129033e+02
$End
$DFT_Energy
   &GeometryIndex 1
   &ListStatus       OUT
   &NALPHAEL [&Type "Integer"] 25
   &NBETAEL [&Type "Integer"] 25
   &NTOTALEL [&Type "Integer"] 50
   &EEXCHANGE [&Type "Double"]      -6.6925698525755251e+01
   &ECORR [&Type "Double"]      -1.8172785949513766e+00
   &ECNL [&Type "Double"]       0.0000000000000000e+00
   &EXC [&Type "Double"]      -6.8742977120706627e+01
   &EEMBED [&Type "Double"]       0.0000000000000000e+00
   &FINALEN [&Type "Double"]      -9.9897014971129033e+02  "No Van der Waals correction"
$End
$Mulliken_Population_Analysis
   &GeometryIndex 1
   &ListStatus       OUT
   &NATOMS [&Type "Integer"] 8
   &ATNO [&Type "ArrayOfIntegers", &Dim (8,1)] 
                                                         0

0                                                        6
1                                                        6
2                                                       17
3                                                       17
4                                                        1
5                                                        1
6                                                        1
7                                                        1
   &ATOMICCHARGES [&Type "ArrayOfDoubles", &Dim (8,1)] 
                                                         0

0                                     -2.9349328826663879e-01
1                                      6.4002922105771631e-02
2                                     -1.3491366943035032e-01
3                                     -1.3492951256734642e-01
4                                      1.2532655701016782e-01
5                                      1.2104756309151532e-01
6                                      1.2104359674509291e-01
7                                      1.3191583131171103e-01
$End
$Loewdin_Population_Analysis
   &GeometryIndex 1
   &ListStatus       OUT
   &NATOMS [&Type "Integer"] 8
   &ATNO [&Type "ArrayOfIntegers", &Dim (8,1)] 
                                                         0

0                                                        6
1                                                        6
2                                                       17
3                                                       17
4                                                        1
5                                                        1
6                                                        1
7                                                        1
   &ATOMICCHARGES [&Type "ArrayOfDoubles", &Dim (8,1)] 
                                                         0

0                                     -3.3661485170151817e-01
1                                     -7.3376078118941201e-01
2                                      2.7761711361672070e-01
3                                      2.7758760476952915e-01
4                                      1.2894777512605782e-01
5                                      1.3020677814444159e-01
6                                      1.3020753620280734e-01
7                                      1.2580882503125379e-01
$End
$Mayer_Population_Analysis
   &GeometryIndex 1
   &ListStatus       OUT
   &NATOMS [&Type "Integer"] 8 "Total number of atoms"
   &BONDTHRESH [&Type "Double"]       1.0000000000000001e-01  "The threshold for printing"
   &NBONDORDERSPRINT [&Type "Integer"] 7 "The number of bond orders larger than threshold"
   &BONDORDERS [&Type "ArrayOfDoubles", &Dim (7,1)] "The bond orders"
                                                         0

0                                      9.9681358279785315e-01
1                                      9.6316079737616778e-01
2                                      9.5226027729280016e-01
3                                      9.5225971417861410e-01
4                                      1.0629920357368758e+00
5                                      1.0629721884287258e+00
6                                      9.5995420585595492e-01
   &COMPONENTS [&Type "ArrayOfIntegers", &Dim (7,4)] "The indices and atomic numbers of the bonding atoms"
                                                         0                           1                           2                           3

0                                                        0                           6                           1                           6
1                                                        0                           6                           4                           1
2                                                        0                           6                           5                           1
3                                                        0                           6                           6                           1
4                                                        1                           6                           2                          17
5                                                        1                           6                           3                          17
6                                                        1                           6                           7                           1
   &ATNO [&Type "ArrayOfIntegers", &Dim (8,1)] "Atomic number of the elements"
                                                         0

0                                                        6
1                                                        6
2                                                       17
3                                                       17
4                                                        1
5                                                        1
6                                                        1
7                                                        1
   &NA [&Type "ArrayOfDoubles", &Dim (8,1)] "Mulliken gross atomic population"
                                                         0

0                                      6.2934932882666361e+00
1                                      5.9359970778941955e+00
2                                      1.7134913669430446e+01
3                                      1.7134929512567354e+01
4                                      8.7467344298983074e-01
5                                      8.7895243690848424e-01
6                                      8.7895640325490554e-01
7                                      8.6808416868829030e-01
   &ZA [&Type "ArrayOfDoubles", &Dim (8,1)] "Total nuclear charge"
                                                         0

0                                      6.0000000000000000e+00
1                                      6.0000000000000000e+00
2                                      1.7000000000000000e+01
3                                      1.7000000000000000e+01
4                                      1.0000000000000000e+00
5                                      1.0000000000000000e+00
6                                      1.0000000000000000e+00
7                                      1.0000000000000000e+00
   &QA [&Type "ArrayOfDoubles", &Dim (8,1)] "Mulliken gross atomic charge"
                                                         0

0                                     -2.9349328826663612e-01
1                                      6.4002922105804494e-02
2                                     -1.3491366943044625e-01
3                                     -1.3492951256735353e-01
4                                      1.2532655701016926e-01
5                                      1.2104756309151576e-01
6                                      1.2104359674509446e-01
7                                      1.3191583131170970e-01
   &VA [&Type "ArrayOfDoubles", &Dim (8,1)] "Mayer's total valence"
                                                         0

0                                      3.8639893045035913e+00
1                                      4.1034818100835322e+00
2                                      1.1511268613809775e+00
3                                      1.1511064812422682e+00
4                                      1.0009155212550875e+00
5                                      9.8670561980172056e-01
6                                      9.8670385411048034e-01
7                                      9.6955568450268148e-01
   &BVA [&Type "ArrayOfDoubles", &Dim (8,1)] "Mayer's bonded valence"
                                                         0

0                                      3.8639893045036513e+00
1                                      4.1034818100835997e+00
2                                      1.1511268613808934e+00
3                                      1.1511064812423006e+00
4                                      1.0009155212550978e+00
5                                      9.8670561980173133e-01
6                                      9.8670385411049599e-01
7                                      9.6955568450268659e-01
   &FA [&Type "ArrayOfDoubles", &Dim (8,1)] "Mayer's free valence"
                                                         0

0                                      0.0000000000000000e+00
1                                      0.0000000000000000e+00
2                                      0.0000000000000000e+00
3                                      0.0000000000000000e+00
4                                      0.0000000000000000e+00
5                                      0.0000000000000000e+00
6                                      0.0000000000000000e+00
7                                      0.0000000000000000e+00
$End
$VdW_Correction
   &GeometryIndex 1
   &ListStatus       OUT
   &VDW [&Type "Double"]      -1.8891898157263032e-03
$End
$Calculation_Info
   &GeometryIndex 1
   &ListStatus       OUT
   &MULT [&Type "Integer"] 1
   &CHARGE [&Type "Integer"] 0
   &NUMOFATOMS [&Type "Integer"] 8
   &NUMOFELECTRONS [&Type "Integer"] 50
   &NUMOFFCELECTRONS [&Type "Integer"] 1
   &NUMOFCORRELECTRONS [&Type "Integer"] 0
   &NUMOFBASISFUNCTS [&Type "Integer"] 160
   &NUMOFAUXCBASISFUNCTS [&Type "Integer"] 0
   &NUMOFAUXJBASISFUNCTS [&Type "Integer"] 188
   &NUMOFAUXJKBASISFUNCTS [&Type "Integer"] 0
   &NUMOFCABSBASISFUNCTS [&Type "Integer"] 0
   &TOTALENERGY [&Type "Double"]      -9.9896477246070606e+02  "Hartrees"
$End
$SCF_Dipole_Moment
   &GeometryIndex 1
   &ListStatus       OUT
   &METHOD [&Type "String"] "SCF"
   &LEVEL [&Type "String"] "Relaxed density"
   &MULT [&Type "Integer"] 1
   &STATE [&Type "Integer"] -1
   &IRREP [&Type "Integer"] 0
   &NATOMS [&Type "Integer"] 8
   &DODIPOLEATOM [&Type "Boolean"] false
   &DIPOLEELECCONTRIB [&Type "ArrayOfDoubles", &Dim (3,1)] "Electronic contribution"
                                                         0

0                                     -7.1311519919612320e-04
1                                      6.9575242893802800e+00
2                                     -4.1586865827447750e-01
   &DIPOLENUCCONTRIB [&Type "ArrayOfDoubles", &Dim (3,1)] "Nuclear contribution"
                                                         0

0                                      7.8620767356770913e-04
1                                     -7.7730174405941268e+00
2                                      7.0594038539395498e-01
   &DIPOLETOTAL [&Type "ArrayOfDoubles", &Dim (3,1)] "Total"
                                                         0

0                                      7.3092474371585928e-05
1                                     -8.1549315121384680e-01
2                                      2.9007172711947748e-01
   &DIPOLEMAGNITUDE [&Type "Double", &Units "a.u."]       8.6554647009463126e-01
$End
$THERMOCHEMISTRY_Energies
   &GeometryIndex 1
   &ListStatus       OUT
   &TEMPERATURE [&Type "Double"]       2.9814999999999998e+02
   &PRESSURE [&Type "Double"]       1.0000000000000000e+00
   &TOTALMASS [&Type "Double"]       9.8960000000000008e+01
   &SPINDEGENERACY [&Type "Integer"] 1
   &ELENERGY [&Type "Double"]      -9.9896477246070606e+02
   &TRANSENERGY [&Type "Double"]       1.4162714244859817e-03
   &ROTENERGY [&Type "Double"]       1.4162714244859817e-03
   &VIBENERGY [&Type "Double"]       2.0280810824205146e-03
   &NUMOFFREQS [&Type "Integer"] 24
   &FREQSCALINGFACTOR [&Type "Double"]       1.0000000000000000e+00
   &FREQ [&Type "ArrayOfDoubles", &Dim (24,1)] "In cm^-1"
                                                         0

0                                      0.0000000000000000e+00
1                                      0.0000000000000000e+00
2                                      0.0000000000000000e+00
3                                      0.0000000000000000e+00
4                                      0.0000000000000000e+00
5                                      0.0000000000000000e+00
6                                      2.6879992732088073e+02
7                                      2.8085851349400883e+02
8                                      3.2298915754645463e+02
9                                      4.0627258900434333e+02
10                                     6.2576208520822865e+02
11                                     6.3022633960575206e+02
12                                     9.8128097866670703e+02
13                                     1.0670953459555492e+03
14                                     1.0960367284620631e+03
15                                     1.2450765445689499e+03
16                                     1.2983380720087093e+03
17                                     1.4039383887650702e+03
18                                     1.4722135106940034e+03
19                                     1.4769447611863848e+03
20                                     3.0260352079265122e+03
21                                     3.1063567300405789e+03
22                                     3.1101344282783271e+03
23                                     3.1309467772316352e+03
   &ZPE [&Type "Double"]       5.6838701504465419e-02
   &INNERENERGYU [&Type "Double"]      -9.9890307313527023e+02
   &ENTHALPYH [&Type "Double"]      -9.9890212892622799e+02
   &QEL [&Type "Double"]       0.0000000000000000e+00
   &QROT [&Type "Double"]       1.2552717204541035e-02
   &QVIB [&Type "Double"]       3.1039399542761624e-03
   &QTRANS [&Type "Double"]       1.8856435769571411e-02
   &ENTROPYS [&Type "Double"]       3.4513092928388611e-02
   &FREEENERGYG [&Type "Double"]      -9.9893664201915635e+02
   &ISLINEAR [&Type "Boolean"] false
$End
$Hessian
   &GeometryIndex 1
   &ListStatus       OUT
   &HESSIAN [&Type "ArrayOfDoubles", &Dim (24,24)] "The Hessian"
                                                         0                           1                           2                           3                           4                           5                           6                           7

0                                      5.7489702840093149e-01         1.9381806753679924e-06         5.3670783747042845e-06        -5.9999011992853221e-02         3.3843544194748349e-06        -1.6008470696467045e-06        -1.3775885803197498e-02         2.9690880506115916e-02
1                                      1.9381806753679924e-06         4.7450725305142288e-01        -3.5362242190619682e-02         5.0764828288562779e-06        -1.7027928810815096e-01        -5.5474939934068795e-02         1.2953768691961201e-02        -2.0657058839022593e-02
2                                      5.3670783747042845e-06        -3.5362242190619682e-02         5.6553110619371660e-01        -1.8584384389997705e-06        -5.3415718155985684e-02        -1.0726716609636974e-01        -5.3094582618427458e-03         1.1071563119045880e-02
3                                     -5.9999011992853221e-02         5.0764828288562779e-06        -1.8584384389997705e-06         2.2033605572955084e-01        -1.5921944065408709e-05         4.1613413979973290e-05        -5.9698205558866790e-02         1.8164130035802056e-02
4                                      3.3843544194748349e-06        -1.7027928810815096e-01        -5.3415718155985684e-02        -1.5921944065408709e-05         3.5028722124667350e-01         4.4567073434685765e-02         3.2009930842437209e-02        -5.2108926082372387e-02
5                                     -1.6008470696467045e-06        -5.5474939934068795e-02        -1.0726716609636974e-01         4.1613413979973290e-05         4.4567073434685765e-02         5.4544030370517005e-01        -2.3969774376831204e-02         1.3518623450607021e-02
6                                     -1.3775885803197498e-02         1.2953768691961201e-02        -5.3094582618427458e-03        -5.9698205558866790e-02         3.2009930842437209e-02        -2.3969774376831204e-02         1.2436551538277653e-01        -5.8458593186797969e-02
7                                      2.9690880506115916e-02        -2.0657058839022593e-02         1.1071563119045880e-02         1.8164130035802056e-02        -5.2108926082372387e-02         1.3518623450607021e-02        -5.8458593186797969e-02         7.1745669713138602e-02
8                                      4.1151013069149209e-03        -1.9664278513510797e-03         4.2280185023564447e-03        -1.4919236570671800e-02         1.2077022140025314e-02        -4.9165939659781152e-02         3.3300022165628815e-02        -2.0820541962606243e-02
9                                     -1.3766403316325898e-02        -1.2953035083744329e-02         5.3134491993507248e-03        -5.9667748426041542e-02        -3.2000172123653726e-02         2.3964893632380239e-02        -4.0378082583591074e-02        -6.3204582381036836e-04
10                                    -2.9683189510831764e-02        -2.0666407228418695e-02         1.1082077252717164e-02        -1.8154898540585107e-02        -5.2113617282023947e-02         1.3524364631085745e-02         6.2196499970698302e-04         8.2405995962600478e-03
11                                    -4.1104393542051518e-03        -1.9630036527496890e-03         4.2283597486514508e-03         1.4914500321755276e-02         1.2083000543986311e-02        -4.9173395769328318e-02        -3.5383474710198176e-04        -3.5821621839215567e-03
12                                    -4.5365412639247066e-02         3.6574927495441081e-06        -7.2111193772279677e-05        -2.4790843856951411e-03         8.3824623181708903e-07         2.2597407945295571e-06         2.9835939644572748e-04        -3.4256566803967726e-04
13                                     5.0710642898187954e-06        -4.6784526677977833e-02         2.1442920154193194e-02        -8.1381089254259628e-06        -1.3074369638911018e-03        -3.5718179007418506e-02        -1.4524146858622682e-03         1.6231156643663053e-03
14                                    -7.0372828162384437e-05         1.6525467678986300e-02        -3.1407839136133731e-01        -2.6702810790570948e-06         3.1448882109188017e-04        -1.5781195018818830e-02         2.5479190054746893e-04         2.9810923555273743e-04
15                                    -2.2244307135405705e-01         1.0612695489501106e-01        -6.6676779674052195e-02        -2.7966968951750114e-03        -4.6208737708876985e-04         2.1827645209194645e-04         1.9869556873877321e-03         9.7977478824029865e-05
16                                     1.0335238748557669e-01        -1.0854402451662086e-01         3.8376841479389273e-02         2.4439235595256771e-02        -1.5621931566075237e-02         1.0144288052570914e-02         2.4546407483020160e-03        -5.1679414095986516e-03
17                                    -6.7056645595596667e-02         3.8940850689572218e-02        -7.1715314692183812e-02         1.0715646937587028e-02        -5.4658208621640465e-03         2.5056582029709712e-03         1.4033405030854703e-03        -3.0969292706248962e-03
18                                    -2.2230998660998569e-01        -1.0613815500419940e-01         6.6739318792910174e-02        -2.7949624630654569e-03         4.6280677942192594e-04        -2.1936991729194549e-04         7.4171984775342568e-04         1.1292631375160295e-03
19                                    -1.0336542075644206e-01        -1.0860708230365726e-01         3.8448701669879175e-02        -2.4431199132743827e-02        -1.5628904853078461e-02         1.0155794374068551e-02         4.5912697059137574e-04         5.0016283681243810e-04
20                                     6.7120380701503335e-02         3.9014575079167238e-02        -7.1781581823708904e-02        -1.0711166764168039e-02        -5.4701614101628146e-03         2.5108917321544355e-03        -2.3819242238054105e-04         1.3250053494584632e-04
21                                     2.7627433147349376e-03        -1.6231897499701000e-07         1.9609197383363402e-06        -3.2900346007853673e-02         1.2621750919775973e-06        -3.6308165986965470e-05        -1.3540376368708038e-02         1.0256603039357916e-02
22                                    -5.0946601107501663e-06         1.0311346224253608e-03        -3.1474454782930476e-02         1.6746596375846690e-06        -4.3227116391081420e-02        -6.6390569853390672e-04         1.1505926100693500e-02        -4.1756214795837538e-03
23                                    -1.6788840268201312e-06         1.1603163537465128e-04        -9.1450304711247626e-03        -3.6818551031306452e-05        -4.7430038144735129e-03        -3.2906915709599738e-01        -5.1488421405270351e-03         2.4914693282852493e-03
                                                         8                           9                          10                          11                          12                          13                          14                          15

0                                      4.1151013069149209e-03        -1.3766403316325898e-02        -2.9683189510831764e-02        -4.1104393542051518e-03        -4.5365412639247066e-02         5.0710642898187954e-06        -7.0372828162384437e-05        -2.2244307135405705e-01
1                                     -1.9664278513510797e-03        -1.2953035083744329e-02        -2.0666407228418695e-02        -1.9630036527496890e-03         3.6574927495441081e-06        -4.6784526677977833e-02         1.6525467678986300e-02         1.0612695489501106e-01
2                                      4.2280185023564447e-03         5.3134491993507248e-03         1.1082077252717164e-02         4.2283597486514508e-03        -7.2111193772279677e-05         2.1442920154193194e-02        -3.1407839136133731e-01        -6.6676779674052195e-02
3                                     -1.4919236570671800e-02        -5.9667748426041542e-02        -1.8154898540585107e-02         1.4914500321755276e-02        -2.4790843856951411e-03        -8.1381089254259628e-06        -2.6702810790570948e-06        -2.7966968951750114e-03
4                                      1.2077022140025314e-02        -3.2000172123653726e-02        -5.2113617282023947e-02         1.2083000543986311e-02         8.3824623181708903e-07        -1.3074369638911018e-03         3.1448882109188017e-04        -4.6208737708876985e-04
5                                     -4.9165939659781152e-02         2.3964893632380239e-02         1.3524364631085745e-02        -4.9173395769328318e-02         2.2597407945295571e-06        -3.5718179007418506e-02        -1.5781195018818830e-02         2.1827645209194645e-04
6                                      3.3300022165628815e-02        -4.0378082583591074e-02         6.2196499970698302e-04        -3.5383474710198176e-04         2.9835939644572748e-04        -1.4524146858622682e-03         2.5479190054746893e-04         1.9869556873877321e-03
7                                     -2.0820541962606243e-02        -6.3204582381036836e-04         8.2405995962600478e-03        -3.5821621839215567e-03        -3.4256566803967726e-04         1.6231156643663053e-03         2.9810923555273743e-04         9.7977478824029865e-05
8                                      3.9026127610654701e-02         3.6536164154635752e-04        -3.5823171620245689e-03         5.8094896330921561e-03         7.1239624203296877e-04         2.7855802251597187e-04         1.3288000010352420e-03         4.7420864590485027e-04
9                                      3.6536164154635752e-04         1.2431531039836174e-01         5.8454650166638943e-02        -3.3311702141556918e-02         2.9779072058375210e-04         1.4522279198786730e-03        -2.5480281349591488e-04         7.4263939771040347e-04
10                                    -3.5823171620245689e-03         5.8454650166638943e-02         7.1763902513404310e-02        -2.0838058337832210e-02         3.4248799915238500e-04         1.6234023659845930e-03         2.9728616639649198e-04        -1.1302981080340635e-03
11                                     5.8094896330921561e-03        -3.3311702141556918e-02        -2.0838058337832210e-02         3.9039660219261252e-02        -7.1135732632252545e-04         2.7864432497318506e-04         1.3286527026522806e-03         1.9294587949264725e-04
12                                     7.1239624203296877e-04         2.9779072058375210e-04         3.4248799915238500e-04        -7.1135732632252545e-04         4.5079749520675588e-02        -5.5895374412246554e-06         7.6641199718042506e-05         5.9567469984813173e-04
13                                     2.7855802251597187e-04         1.4522279198786730e-03         1.6234023659845930e-03         2.7864432497318506e-04        -5.5895374412246554e-06         5.2818940944691910e-02        -1.5171197328069505e-02        -1.4890837308641032e-03
14                                     1.3288000010352420e-03        -2.5480281349591488e-04         2.9728616639649198e-04         1.3286527026522806e-03         7.6641199718042506e-05        -1.5171197328069505e-02         3.4012637251375971e-01         1.1881684925441408e-03
15                                     4.7420864590485027e-04         7.4263939771040347e-04        -1.1302981080340635e-03         1.9294587949264725e-04         5.9567469984813173e-04        -1.4890837308641032e-03         1.1881684925441408e-03         2.3933442807019709e-01
16                                    -1.6652387153763028e-03        -4.5853898576750851e-04         4.9975521160354171e-04         8.6145257391547240e-05         1.3685392513167882e-04        -1.1136110429257038e-03         2.0610706604928114e-05        -1.1638597936384269e-01
17                                     9.9819919610646892e-04         2.3778680053036664e-04         1.3280113175083517e-04         7.8569924211112412e-05        -2.5936413307200340e-02         1.5428757035839399e-02        -6.9615979539327591e-03         7.2393332560806226e-02
18                                    -1.9320277094248537e-04         1.9867224258692138e-03        -9.8172372180036892e-05        -4.7399703148309888e-04         6.0751779343583149e-04         1.4973861472413080e-03        -1.1918138031446687e-03        -1.7681801328934973e-02
19                                     8.5667230451569494e-05        -2.4532185109902667e-03        -5.1677883539884865e-03        -1.6646131811835366e-03        -1.3651477756674630e-04        -1.1132632723451037e-03         2.0375637381091910e-05         1.3041006414804823e-02
20                                     7.8447200096135803e-05        -1.4042023199061229e-03        -3.0984775785375851e-03         9.9859627564635408e-04         2.5928088920954610e-02         1.5435998868567054e-02        -6.9744181664082782e-03        -8.1118747415450509e-03
21                                    -2.3792703280991867e-02        -1.3530228616566609e-02        -1.0258322755836463e-02         2.3792018370144843e-02         9.6540489395317624e-04         5.4948296632983657e-07         8.0778195471585332e-08         2.6187172302363023e-04
22                                     1.5580646047081301e-02        -1.1504089436582304e-02        -4.1798468228213615e-03         1.5587437872214352e-02         8.2376849911552146e-07        -5.7466210179030700e-03        -2.3167939814966523e-03         2.1047568040565408e-04
23                                    -2.3031424835600013e-03         5.1510820304281682e-03         2.4949332535657252e-03        -2.3099327341862853e-03         4.7307867189762537e-07        -1.9638490070480663e-03         1.0117772830498849e-03         3.1522873486092284e-04
                                                        16                          17                          18                          19                          20                          21                          22                          23

0                                      1.0335238748557669e-01        -6.7056645595596667e-02        -2.2230998660998569e-01        -1.0336542075644206e-01         6.7120380701503335e-02         2.7627433147349376e-03        -5.0946601107501663e-06        -1.6788840268201312e-06
1                                     -1.0854402451662086e-01         3.8940850689572218e-02        -1.0613815500419940e-01        -1.0860708230365726e-01         3.9014575079167238e-02        -1.6231897499701000e-07         1.0311346224253608e-03         1.1603163537465128e-04
2                                      3.8376841479389273e-02        -7.1715314692183812e-02         6.6739318792910174e-02         3.8448701669879175e-02        -7.1781581823708904e-02         1.9609197383363402e-06        -3.1474454782930476e-02        -9.1450304711247626e-03
3                                      2.4439235595256771e-02         1.0715646937587028e-02        -2.7949624630654569e-03        -2.4431199132743827e-02        -1.0711166764168039e-02        -3.2900346007853673e-02         1.6746596375846690e-06        -3.6818551031306452e-05
4                                     -1.5621931566075237e-02        -5.4658208621640465e-03         4.6280677942192594e-04        -1.5628904853078461e-02        -5.4701614101628146e-03         1.2621750919775973e-06        -4.3227116391081420e-02        -4.7430038144735129e-03
5                                      1.0144288052570914e-02         2.5056582029709712e-03        -2.1936991729194549e-04         1.0155794374068551e-02         2.5108917321544355e-03        -3.6308165986965470e-05        -6.6390569853390672e-04        -3.2906915709599738e-01
6                                      2.4546407483020160e-03         1.4033405030854703e-03         7.4171984775342568e-04         4.5912697059137574e-04        -2.3819242238054105e-04        -1.3540376368708038e-02         1.1505926100693500e-02        -5.1488421405270351e-03
7                                     -5.1679414095986516e-03        -3.0969292706248962e-03         1.1292631375160295e-03         5.0016283681243810e-04         1.3250053494584632e-04         1.0256603039357916e-02        -4.1756214795837538e-03         2.4914693282852493e-03
8                                     -1.6652387153763028e-03         9.9819919610646892e-04        -1.9320277094248537e-04         8.5667230451569494e-05         7.8447200096135803e-05        -2.3792703280991867e-02         1.5580646047081301e-02        -2.3031424835600013e-03
9                                     -4.5853898576750851e-04         2.3778680053036664e-04         1.9867224258692138e-03        -2.4532185109902667e-03        -1.4042023199061229e-03        -1.3530228616566609e-02        -1.1504089436582304e-02         5.1510820304281682e-03
10                                     4.9975521160354171e-04         1.3280113175083517e-04        -9.8172372180036892e-05        -5.1677883539884865e-03        -3.0984775785375851e-03        -1.0258322755836463e-02        -4.1798468228213615e-03         2.4949332535657252e-03
11                                     8.6145257391547240e-05         7.8569924211112412e-05        -4.7399703148309888e-04        -1.6646131811835366e-03         9.9859627564635408e-04         2.3792018370144843e-02         1.5587437872214352e-02        -2.3099327341862853e-03
12                                     1.3685392513167882e-04        -2.5936413307200340e-02         6.0751779343583149e-04        -1.3651477756674630e-04         2.5928088920954610e-02         9.6540489395317624e-04         8.2376849911552146e-07         4.7307867189762537e-07
13                                    -1.1136110429257038e-03         1.5428757035839399e-02         1.4973861472413080e-03        -1.1132632723451037e-03         1.5435998868567054e-02         5.4948296632983657e-07        -5.7466210179030700e-03        -1.9638490070480663e-03
14                                     2.0610706604928114e-05        -6.9615979539327591e-03        -1.1918138031446687e-03         2.0375637381091910e-05        -6.9744181664082782e-03         8.0778195471585332e-08        -2.3167939814966523e-03         1.0117772830498849e-03
15                                    -1.1638597936384269e-01         7.2393332560806226e-02        -1.7681801328934973e-02         1.3041006414804823e-02        -8.1118747415450509e-03         2.6187172302363023e-04         2.1047568040565408e-04         3.1522873486092284e-04
16                                     1.2031665711226802e-01        -4.0822669315058471e-02        -1.3052038946280386e-02         8.7088844499164271e-03        -5.8232661435054910e-03        -4.9552634759251026e-04         9.2221176143246866e-04        -3.1911556625925305e-04
17                                    -4.0822669315058471e-02         7.2869763599239565e-02         8.1238849401370113e-03        -5.8275301501526152e-03         2.0009737404942029e-03         1.2556081054742555e-04         7.1294498508042811e-04         2.2374798309426989e-04
18                                    -1.3052038946280386e-02         8.1238849401370113e-03         2.3918884135475763e-01         1.1640008987226430e-01        -7.2463220198637032e-02         2.6194898017004736e-04        -2.1015216484251373e-04        -3.1518828319916647e-04
19                                     8.7088844499164271e-03        -5.8275301501526152e-03         1.1640008987226430e-01         1.2038522702579396e-01        -4.0901664301578176e-02         4.9510247114116219e-04         9.2276447054649539e-04        -3.1917654953631663e-04
20                                    -5.8232661435054910e-03         2.0009737404942029e-03        -7.2463220198637032e-02        -4.0901664301578176e-02         7.2942734100647222e-02        -1.2622490416995790e-04         7.1294022177419082e-04         2.2435694107882879e-04
21                                    -4.9552634759251026e-04         1.2556081054742555e-04         2.6194898017004736e-04         4.9510247114116219e-04        -1.2622490416995790e-04         5.5718982081246524e-02         4.6515307314915714e-07         3.5679743673026922e-05
22                                     9.2221176143246866e-04         7.1294498508042811e-04        -2.1015216484251373e-04         9.2276447054649539e-04         7.1294022177419082e-04         4.6515307314915714e-07         5.4453094856985275e-02         2.0519480284511421e-03
23                                    -3.1911556625925305e-04         2.2374798309426989e-04        -3.1518828319916647e-04        -3.1917654953631663e-04         2.2435694107882879e-04         3.5679743673026922e-05         2.0519480284511421e-03         3.4136738057764543e-01
                              

0                             
1                             
2                             
3                             
4                             
5                             
6                             
7                             
8                             
9                             
10                            
11                            
12                            
13                            
14                            
15                            
16                            
17                            
18                            
19                            
20                            
21                            
22                            
23                            
   &MODES [&Type "ArrayOfDoubles", &Dim (24,24)] "The modes of vibrations"
                                                         0                           1                           2                           3                           4                           5                           6                           7

0                                      1.0000000000000000e+00         2.0000000000000000e+00         3.0000000000000000e+00         4.0000000000000000e+00         5.0000000000000000e+00         6.0000000000000000e+00         7.0000000000000000e+00         0.0000000000000000e+00
1                                      0.0000000000000000e+00         0.0000000000000000e+00         0.0000000000000000e+00         0.0000000000000000e+00         0.0000000000000000e+00        -4.5760785017245375e-07        -6.3784251034938011e-02         1.0000000000000000e+00
2                                      0.0000000000000000e+00         0.0000000000000000e+00         0.0000000000000000e+00         0.0000000000000000e+00         0.0000000000000000e+00         7.9175413933329872e-02        -5.1820552594679047e-06         2.0000000000000000e+00
3                                      0.0000000000000000e+00         0.0000000000000000e+00         0.0000000000000000e+00         0.0000000000000000e+00         0.0000000000000000e+00        -6.6862156660867896e-03         6.8251042621079972e-06         3.0000000000000000e+00
4                                      0.0000000000000000e+00         0.0000000000000000e+00         0.0000000000000000e+00         0.0000000000000000e+00         0.0000000000000000e+00        -1.0359784527780581e-05         9.4048783263051116e-03         4.0000000000000000e+00
5                                      0.0000000000000000e+00         0.0000000000000000e+00         0.0000000000000000e+00         0.0000000000000000e+00         0.0000000000000000e+00         7.4697096689692863e-02         1.7073681883692554e-05         5.0000000000000000e+00
6                                      0.0000000000000000e+00         0.0000000000000000e+00         0.0000000000000000e+00         0.0000000000000000e+00         0.0000000000000000e+00        -1.2086231356660631e-02        -1.8361805718131224e-05         6.0000000000000000e+00
