*************************************************
******************* ORCA 6.0.0 ******************
*************************************************
$Calculation_Status
   &GeometryIndex 1
   &ListStatus       OUT
   &VERSION [&Type "String"] "6.0.0"
   &PROGNAME [&Type "String"] "LeanSCF"
   &STATUS [&Type "String"] "NORMAL TERMINATION"
$End
$Geometry
   &GeometryIndex 1
   &ListStatus       OUT
   &NATOMS [&Type "Integer"] 8
   &NCORELESSECP [&Type "Integer"] 0
   &NGHOSTATOMS [&Type "Integer"] 0
   &CartesianCoordinates [&Type "Coordinates", &Dim(8,4), &Units "Bohr"] 
              C     -1.500750620102   -0.000259311622    0.001271032254
              C      1.500186246589    0.000411666067   -0.000803943921
              Cl     2.636241510253   -2.781866088166    1.539645138946
              Cl     2.633452928513    0.056655441183   -3.180991313681
              Cl     2.635389943910    2.726414720949    1.637566644610
              Cl    -2.633856951960   -0.056447106624    3.181572130834
              Cl    -2.634941796302   -2.726268092185   -1.637972047369
              Cl    -2.635919414370    2.781983180132   -1.539925813354
$End
$SCF_Energy
   &GeometryIndex 1
   &ListStatus       OUT
   &SCF_ENERGY [&Type "Double"]      -2.8372718472321394e+03
$End
$DFT_Energy
   &GeometryIndex 1
   &ListStatus       OUT
   &NALPHAEL [&Type "Integer"] 57
   &NBETAEL [&Type "Integer"] 57
   &NTOTALEL [&Type "Integer"] 114
   &EEXCHANGE [&Type "Double"]      -1.7573668258049054e+02
   &ECORR [&Type "Double"]      -4.4073486529695938e+00
   &ECNL [&Type "Double"]       0.0000000000000000e+00
   &EXC [&Type "Double"]      -1.8014403123346014e+02
   &EEMBED [&Type "Double"]       0.0000000000000000e+00
   &FINALEN [&Type "Double"]      -2.8372718472321394e+03  "No Van der Waals correction"
$End
$Mulliken_Population_Analysis
   &GeometryIndex 1
   &ListStatus       OUT
   &NATOMS [&Type "Integer"] 8
   &ATNO [&Type "ArrayOfIntegers", &Dim (8,1)] 
                                                         0

0                                                        6
1                                                        6
2                                                       17
3                                                       17
4                                                       17
5                                                       17
6                                                       17
7                                                       17
   &ATOMICCHARGES [&Type "ArrayOfDoubles", &Dim (8,1)] 
                                                         0

0                                      1.5479124065315730e-01
1                                      1.5474289168995448e-01
2                                     -5.1699438062023262e-02
3                                     -5.1461464734501305e-02
4                                     -5.1644306858268152e-02
5                                     -5.1399717845185933e-02
6                                     -5.1645964128788080e-02
7                                     -5.1683240714204715e-02
$End
$Loewdin_Population_Analysis
   &GeometryIndex 1
   &ListStatus       OUT
   &NATOMS [&Type "Integer"] 8
   &ATNO [&Type "ArrayOfIntegers", &Dim (8,1)] 
                                                         0

0                                                        6
1                                                        6
2                                                       17
3                                                       17
4                                                       17
5                                                       17
6                                                       17
7                                                       17
   &ATOMICCHARGES [&Type "ArrayOfDoubles", &Dim (8,1)] 
                                                         0

0                                     -1.1143394878410593e+00
1                                     -1.1144571744170015e+00
2                                      3.7130665879072566e-01
3                                      3.7165647793230860e-01
4                                      3.7138914817369795e-01
5                                      3.7171647220213444e-01
6                                      3.7138703996328815e-01
7                                      3.7134086519608189e-01
$End
$Mayer_Population_Analysis
   &GeometryIndex 1
   &ListStatus       OUT
   &NATOMS [&Type "Integer"] 8 "Total number of atoms"
   &BONDTHRESH [&Type "Double"]       1.0000000000000001e-01  "The threshold for printing"
   &NBONDORDERSPRINT [&Type "Integer"] 7 "The number of bond orders larger than threshold"
   &BONDORDERS [&Type "ArrayOfDoubles", &Dim (7,1)] "The bond orders"
                                                         0

0                                      9.2501199720841631e-01
1                                      1.0995914396465662e+00
2                                      1.0991969514582487e+00
3                                      1.0991814414932348e+00
4                                      1.0992088046052002e+00
5                                      1.0995484490470775e+00
6                                      1.0992545821099760e+00
   &COMPONENTS [&Type "ArrayOfIntegers", &Dim (7,4)] "The indices and atomic numbers of the bonding atoms"
                                                         0                           1                           2                           3

0                                                        0                           6                           1                           6
1                                                        0                           6                           5                          17
2                                                        0                           6                           6                          17
3                                                        0                           6                           7                          17
4                                                        1                           6                           2                          17
5                                                        1                           6                           3                          17
6                                                        1                           6                           4                          17
   &ATNO [&Type "ArrayOfIntegers", &Dim (8,1)] "Atomic number of the elements"
                                                         0

0                                                        6
1                                                        6
2                                                       17
3                                                       17
4                                                       17
5                                                       17
6                                                       17
7                                                       17
   &NA [&Type "ArrayOfDoubles", &Dim (8,1)] "Mulliken gross atomic population"
                                                         0

0                                      5.8452087593468676e+00
1                                      5.8452571083099913e+00
2                                      1.7051699438062087e+01
3                                      1.7051461464734434e+01
4                                      1.7051644306858229e+01
5                                      1.7051399717845200e+01
6                                      1.7051645964128792e+01
7                                      1.7051683240714269e+01
   &ZA [&Type "ArrayOfDoubles", &Dim (8,1)] "Total nuclear charge"
                                                         0

0                                      6.0000000000000000e+00
1                                      6.0000000000000000e+00
2                                      1.7000000000000000e+01
3                                      1.7000000000000000e+01
4                                      1.7000000000000000e+01
5                                      1.7000000000000000e+01
6                                      1.7000000000000000e+01
7                                      1.7000000000000000e+01
   &QA [&Type "ArrayOfDoubles", &Dim (8,1)] "Mulliken gross atomic charge"
                                                         0

0                                      1.5479124065313243e-01
1                                      1.5474289169000865e-01
2                                     -5.1699438062087211e-02
3                                     -5.1461464734433804e-02
4                                     -5.1644306858229072e-02
5                                     -5.1399717845200144e-02
6                                     -5.1645964128791633e-02
7                                     -5.1683240714268663e-02
   &VA [&Type "ArrayOfDoubles", &Dim (8,1)] "Mayer's total valence"
                                                         0

0                                      4.3411500234698588e+00
1                                      4.3412459698926753e+00
2                                      1.2547954388185194e+00
3                                      1.2551381921175222e+00
4                                      1.2548616841400895e+00
5                                      1.2552223831646807e+00
6                                      1.2548725177107940e+00
7                                      1.2548308349707351e+00
   &BVA [&Type "ArrayOfDoubles", &Dim (8,1)] "Mayer's bonded valence"
                                                         0

0                                      4.3411500234696900e+00
1                                      4.3412459698927490e+00
2                                      1.2547954388184059e+00
3                                      1.2551381921175488e+00
4                                      1.2548616841402200e+00
5                                      1.2552223831646232e+00
6                                      1.2548725177107485e+00
7                                      1.2548308349705490e+00
   &FA [&Type "ArrayOfDoubles", &Dim (8,1)] "Mayer's free valence"
                                                         0

0                                      0.0000000000000000e+00
1                                      0.0000000000000000e+00
2                                      0.0000000000000000e+00
3                                      0.0000000000000000e+00
4                                      0.0000000000000000e+00
5                                      0.0000000000000000e+00
6                                      0.0000000000000000e+00
7                                      0.0000000000000000e+00
$End
$VdW_Correction
   &GeometryIndex 1
   &ListStatus       OUT
   &VDW [&Type "Double"]      -5.1687533390503953e-03
$End
$Calculation_Info
   &GeometryIndex 1
   &ListStatus       OUT
   &MULT [&Type "Integer"] 1
   &CHARGE [&Type "Integer"] 0
   &NUMOFATOMS [&Type "Integer"] 8
   &NUMOFELECTRONS [&Type "Integer"] 114
   &NUMOFFCELECTRONS [&Type "Integer"] 1
   &NUMOFCORRELECTRONS [&Type "Integer"] 0
   &NUMOFBASISFUNCTS [&Type "Integer"] 284
   &NUMOFAUXCBASISFUNCTS [&Type "Integer"] 0
   &NUMOFAUXJBASISFUNCTS [&Type "Integer"] 312
   &NUMOFAUXJKBASISFUNCTS [&Type "Integer"] 0
   &NUMOFCABSBASISFUNCTS [&Type "Integer"] 0
   &TOTALENERGY [&Type "Double"]      -2.8372663807441786e+03  "Hartrees"
$End
$SCF_Dipole_Moment
   &GeometryIndex 1
   &ListStatus       OUT
   &METHOD [&Type "String"] "SCF"
   &LEVEL [&Type "String"] "Relaxed density"
   &MULT [&Type "Integer"] 1
   &STATE [&Type "Integer"] -1
   &IRREP [&Type "Integer"] 0
   &NATOMS [&Type "Integer"] 8
   &DODIPOLEATOM [&Type "Boolean"] false
   &DIPOLEELECCONTRIB [&Type "ArrayOfDoubles", &Dim (3,1)] "Electronic contribution"
                                                         0

0                                     -1.0053511910499574e-04
1                                      3.6276385548576263e-05
2                                      1.7743791084874280e-06
   &DIPOLENUCCONTRIB [&Type "ArrayOfDoubles", &Dim (3,1)] "Nuclear contribution"
                                                         0

0                                     -1.4841796528486384e-04
1                                     -1.0804798549202133e-06
2                                      1.0857620038251525e-04
   &DIPOLETOTAL [&Type "ArrayOfDoubles", &Dim (3,1)] "Total"
                                                         0

0                                     -2.4895308438985958e-04
1                                      3.5195905693656050e-05
2                                      1.1035057949100268e-04
   &DIPOLEMAGNITUDE [&Type "Double", &Units "a.u."]       2.7457902395999111e-04
$End
$THERMOCHEMISTRY_Energies
   &GeometryIndex 1
   &ListStatus       OUT
   &TEMPERATURE [&Type "Double"]       2.9814999999999998e+02
   &PRESSURE [&Type "Double"]       1.0000000000000000e+00
   &TOTALMASS [&Type "Double"]       2.3674000000000001e+02
   &SPINDEGENERACY [&Type "Integer"] 1
   &ELENERGY [&Type "Double"]      -2.8372663807441786e+03
   &TRANSENERGY [&Type "Double"]       1.4162714244859817e-03
   &ROTENERGY [&Type "Double"]       1.4162714244859817e-03
   &VIBENERGY [&Type "Double"]       6.4498806073105984e-03
   &NUMOFFREQS [&Type "Integer"] 24
   &FREQSCALINGFACTOR [&Type "Double"]       1.0000000000000000e+00
   &FREQ [&Type "ArrayOfDoubles", &Dim (24,1)] "In cm^-1"
                                                         0

0                                      0.0000000000000000e+00
1                                      0.0000000000000000e+00
2                                      0.0000000000000000e+00
3                                      0.0000000000000000e+00
4                                      0.0000000000000000e+00
5                                      0.0000000000000000e+00
6                                      8.9001779657760707e+01
7                                      1.6503350277020650e+02
8                                      1.6514516962656802e+02
9                                      2.2006624753368621e+02
10                                     2.2088224592537446e+02
11                                     2.2103411255672012e+02
12                                     2.7462487989080086e+02
13                                     2.7468279284090886e+02
14                                     3.2534695976186532e+02
15                                     3.2549602969129495e+02
16                                     3.7122314428887591e+02
17                                     4.1753605820837663e+02
18                                     6.6131154024371517e+02
19                                     7.1431559849537393e+02
20                                     7.1458138907280318e+02
21                                     7.8548362799445999e+02
22                                     7.8570765339217951e+02
23                                     9.3308430165190475e+02
   &ZPE [&Type "Double"]       1.7461145728697704e-02
   &INNERENERGYU [&Type "Double"]      -2.8372396371749933e+03
   &ENTHALPYH [&Type "Double"]      -2.8372386929659510e+03
   &QEL [&Type "Double"]       0.0000000000000000e+00
   &QROT [&Type "Double"]       1.4757149188817891e-02
   &QVIB [&Type "Double"]       1.1052337929970736e-02
   &QTRANS [&Type "Double"]       2.0091773937150281e-02
   &ENTROPYS [&Type "Double"]       4.5901261055938905e-02
   &FREEENERGYG [&Type "Double"]      -2.8372845942270069e+03
   &ISLINEAR [&Type "Boolean"] false
$End
$Hessian
   &GeometryIndex 1
   &ListStatus       OUT
   &HESSIAN [&Type "ArrayOfDoubles", &Dim (24,24)] "The Hessian"
                                                         0                           1                           2                           3                           4                           5                           6                           7

0                                      2.7810326198177665e-01        -4.9264636929426120e-05         8.0742657867019507e-08        -1.1209921559317491e-01        -1.9947735812691949e-05         6.8078372221331863e-05        -9.5471508866903018e-03         7.0530129547625824e-03
1                                     -4.9264636929426120e-05         2.3376075321584619e-01         4.7240979439002601e-05        -1.9155145667607651e-05        -3.6736353581119804e-02         2.4182579764768510e-06         2.1883751591352096e-02        -1.4555083068586300e-02
2                                      8.0742657867019507e-08         4.7240979439002601e-05         2.3384983050676822e-01         6.7973456639476836e-05         2.4048071226888712e-06        -3.6741004970443095e-02        -1.2111876050894107e-02         8.1406314204656507e-03
3                                     -1.1209921559317491e-01        -1.9155145667607651e-05         6.7973456639476836e-05         2.7814005993910962e-01        -4.1654134033652576e-05         1.5090520953320134e-05        -4.5857865552169738e-02         2.7032852128219001e-02
4                                     -1.9947735812691949e-05        -3.6736353581119804e-02         2.4048071226888712e-06        -4.1654134033652576e-05         2.3379494687460342e-01         6.2351911967459435e-05         1.4650569930115029e-02        -6.9854227781529554e-02
5                                      6.8078372221331863e-05         2.4182579764768510e-06        -3.6741004970443095e-02         1.5090520953320134e-05         6.2351911967459435e-05         2.3386491300338888e-01        -8.1358562507398320e-03         2.1740778030130643e-02
6                                     -9.5471508866903018e-03         2.1883751591352096e-02        -1.2111876050894107e-02        -4.5857865552169738e-02         1.4650569930115029e-02        -8.1358562507398320e-03         5.9083447312914747e-02        -3.8785639008461645e-02
7                                      7.0530129547625824e-03        -1.4555083068586300e-02         8.1406314204656507e-03         2.7032852128219001e-02        -6.9854227781529554e-02         2.1740778030130643e-02        -3.8785639008461645e-02         1.3245305834153284e-01
8                                     -3.8842225399418791e-03         8.1322037915217363e-03        -4.3404870201491823e-03        -1.4995782809199606e-02         2.1744135929148790e-02        -4.2452435188877077e-02         2.1521265920822853e-02        -5.0199357984272788e-02
9                                     -9.5472432290978383e-03        -4.6089511494387615e-04         2.5024484010162308e-02        -4.5766037521718379e-02        -2.7426210823832634e-04         1.6674210800513733e-02         5.5317474631175721e-03        -2.2084873520861886e-05
10                                    -1.6759331367974798e-04         1.4246390286684618e-04         3.4949068609565326e-04        -5.0929442936618289e-04        -3.0574194379275547e-02         8.9229473152988665e-04        -2.2047241510597172e-03        -6.5289801736037288e-03
11                                     8.0440564226162518e-03         3.4130318854575138e-04        -1.9087750537005982e-02         3.0836433929350815e-02         9.1820303855955857e-04        -8.2084041680389214e-02         1.1275809914966552e-03         2.1443667570456851e-02
12                                    -9.5337328982344084e-03        -2.1445350406813696e-02        -1.2876206320881970e-02        -4.5778081851987451e-02        -1.4303571521641197e-02        -8.6454014398536713e-03         5.5415298911108898e-03         2.1106223341594635e-03
13                                    -6.9011980953539720e-03        -1.3963432197828977e-02        -8.4836970881186427e-03        -2.6437767257296164e-02        -6.8239422140130970e-02        -2.2709099091969144e-02        -2.1414984598407492e-03        -4.4676787004441450e-02
14                                    -4.1311601189416222e-03        -8.4787450044180937e-03        -4.9279238765801208e-03        -1.5945071009000389e-02        -2.2714477730723957e-02        -4.4216146477593733e-02         1.2763590293178593e-03         5.6406024037888164e-04
15                                    -4.5771000623388736e-02        -2.7469376681145061e-04         1.6670540717703228e-02        -9.5436666805838438e-03        -4.6052516224457784e-04         2.5027435050167669e-02        -5.2972972080326548e-03         2.2807158241026190e-03
16                                    -5.0952159986988714e-04        -3.0583936574439502e-02         8.9138726366617786e-04        -1.6710583053539124e-04         1.4571490998710988e-04         3.4939219726545399e-04         3.5704055530897862e-03        -4.1620685993757917e-05
17                                     3.0826793615100233e-02         9.1766460321771265e-04        -8.2063233095592825e-02         8.0460653040960797e-03         3.4136012887067002e-04        -1.9092434635867458e-02         6.8507014359466944e-04        -6.8686412149026026e-04
18                                    -4.5760937230457280e-02        -1.4284501731018445e-02        -8.6356193801456239e-03        -9.5403187964094530e-03        -2.1450612119375830e-02        -1.2880826797956050e-02        -5.3752527944503688e-03        -1.1909764766377161e-03
19                                    -2.6410708515805646e-02        -6.8215508534521019e-02        -2.2703383510628332e-02        -6.9109395194366097e-03        -1.3972715581136696e-02        -8.4908663910626889e-03         1.3160437176917652e-03         2.5637506718802702e-03
20                                    -1.5935119370754883e-02        -2.2706062100300017e-02        -4.4223617010738264e-02        -4.1393885989855633e-03        -8.4919714198140629e-03        -4.9338607844567712e-03        -3.4270891279118880e-03        -8.2368758877069629e-04
21                                    -4.5843981520733136e-02         1.4640431040550871e-02        -8.1341421374177027e-03        -9.5548739430658860e-03         2.1890104574484544e-02        -1.2116531708068850e-02        -4.0791582258001427e-03         1.6160792258307177e-03
22                                     2.7014899112970323e-02        -6.9848903162217452e-02         2.1750065230071954e-02         7.0629624648633066e-03        -1.4563748321397944e-02         8.1467326144685857e-03         1.6165087186592727e-03         6.3988970074167100e-04
23                                    -1.4993742160780775e-02         2.1749836495903278e-02        -4.2465813996258726e-02        -3.8915193410917880e-03         8.1439910745621791e-03        -4.3449892657615547e-03        -8.9129879963373694e-04        -1.8020307481884246e-04
                                                         8                           9                          10                          11                          12                          13                          14                          15

0                                     -3.8842225399418791e-03        -9.5472432290978383e-03        -1.6759331367974798e-04         8.0440564226162518e-03        -9.5337328982344084e-03        -6.9011980953539720e-03        -4.1311601189416222e-03        -4.5771000623388736e-02
1                                      8.1322037915217363e-03        -4.6089511494387615e-04         1.4246390286684618e-04         3.4130318854575138e-04        -2.1445350406813696e-02        -1.3963432197828977e-02        -8.4787450044180937e-03        -2.7469376681145061e-04
2                                     -4.3404870201491823e-03         2.5024484010162308e-02         3.4949068609565326e-04        -1.9087750537005982e-02        -1.2876206320881970e-02        -8.4836970881186427e-03        -4.9279238765801208e-03         1.6670540717703228e-02
3                                     -1.4995782809199606e-02        -4.5766037521718379e-02        -5.0929442936618289e-04         3.0836433929350815e-02        -4.5778081851987451e-02        -2.6437767257296164e-02        -1.5945071009000389e-02        -9.5436666805838438e-03
4                                      2.1744135929148790e-02        -2.7426210823832634e-04        -3.0574194379275547e-02         9.1820303855955857e-04        -1.4303571521641197e-02        -6.8239422140130970e-02        -2.2714477730723957e-02        -4.6052516224457784e-04
5                                     -4.2452435188877077e-02         1.6674210800513733e-02         8.9229473152988665e-04        -8.2084041680389214e-02        -8.6454014398536713e-03        -2.2709099091969144e-02        -4.4216146477593733e-02         2.5027435050167669e-02
6                                      2.1521265920822853e-02         5.5317474631175721e-03        -2.2047241510597172e-03         1.1275809914966552e-03         5.5415298911108898e-03        -2.1414984598407492e-03         1.2763590293178593e-03        -5.2972972080326548e-03
7                                     -5.0199357984272788e-02        -2.2084873520861886e-05        -6.5289801736037288e-03         2.1443667570456851e-02         2.1106223341594635e-03        -4.4676787004441450e-02         5.6406024037888164e-04         2.2807158241026190e-03
8                                      6.9456799277117301e-02        -2.4956071861588491e-03         2.4404853746730792e-02        -3.0920826715227681e-02         1.3513668685736580e-03        -2.3959345167150273e-03         7.2160865477026923e-03         2.8146397280227929e-03
9                                     -2.4956071861588491e-03         5.8947473305984370e-02         7.7820603879099324e-04        -4.4225905402860491e-02         5.5263449109554906e-03         1.1442984098960704e-04        -2.4781361465333381e-03        -4.0755541480487940e-03
10                                     2.4404853746730792e-02         7.7820603879099324e-04         4.1791686036782981e-02        -2.1259366444808000e-03         2.1602846294219071e-03        -4.9393961194790850e-03        -2.3445727781168262e-02        -3.4975695142343993e-05
11                                    -3.0920826715227681e-02        -4.4225905402860491e-02        -2.1259366444808000e-03         1.6047148237401215e-01         1.2073621186129112e-03        -2.0510477707967666e-02        -3.2468025959415427e-02         1.8525529542266768e-03
12                                     1.3513668685736580e-03         5.5263449109554906e-03         2.1602846294219071e-03         1.2073621186129112e-03         5.8990746802113699e-02         3.7930015110915580e-02         2.2865249453703530e-02        -5.2956499026888069e-03
13                                    -2.3959345167150273e-03         1.1442984098960704e-04        -4.9393961194790850e-03        -2.0510477707967666e-02         3.7930015110915580e-02         1.2879685400649321e-01         5.2335008457448276e-02        -2.3809707498124721e-03
14                                     7.2160865477026923e-03        -2.4781361465333381e-03        -2.3445727781168262e-02        -3.2468025959415427e-02         2.2865249453703530e-02         5.2335008457448276e-02         7.3242370315851110e-02         2.7343432505529167e-03
15                                     2.8146397280227929e-03        -4.0755541480487940e-03        -3.4975695142343993e-05         1.8525529542266768e-03        -5.2956499026888069e-03        -2.3809707498124721e-03         2.7343432505529167e-03         5.8934739604012687e-02
16                                    -2.4565615500920478e-03        -3.4938124125202341e-05         3.2042038673063523e-04        -3.0973155704825948e-07        -3.5903607239076421e-03        -1.6574576716798595e-04         2.3810970937717668e-03         7.7626761148160361e-04
17                                     1.6298910784024716e-03         1.8514861504096958e-03        -3.1659297313807716e-07         7.2840161084949571e-04         5.6131670458509997e-04         6.2110702216489240e-04         1.7300183707535258e-03        -4.4228115495694761e-02
18                                    -3.4657750842134721e-03        -5.3079924174967109e-03        -3.5998477744901875e-03         5.6212907660641498e-04        -4.0764883631671436e-03        -1.5845069629070951e-03        -9.4618331542441333e-04         5.5208844599554906e-03
19                                     9.5208022961104817e-04        -2.3872170361418574e-03        -1.6842691771708912e-04         6.2100877749318370e-04        -1.5849809493736437e-03         6.2426935366328637e-04         1.8741388650639126e-04         1.1881708907100080e-04
20                                    -1.0067299805497417e-03         2.7394541654079466e-03         2.3844805734945865e-03         1.7304835522937729e-03        -9.4753122964565150e-04         1.8719845932489192e-04         4.3000503357535562e-04        -2.4713709474406906e-03
21                                    -8.9004075395797389e-04        -5.3087383636957206e-03         3.5787510936811217e-03         6.8607763183064661e-04        -5.3746685881022691e-03         1.3158702106805375e-03        -3.4268894671631105e-03         5.5275444987746523e-03
22                                    -1.8044413801193430e-04         2.2859549790336811e-03        -4.3572736305016926e-05        -6.8678841076404932e-04        -1.1910321101360477e-03         2.5636598688919951e-03        -8.2418368625497042e-04        -2.5470233842292411e-05
23                                     4.1770200158120993e-04         2.8197258871791109e-03        -2.4598087995145019e-03         1.6302773548828482e-03        -3.4646678316053434e-03         9.5144899029237732e-04        -1.0063839542934019e-03        -2.4900667382918764e-03
                                                        16                          17                          18                          19                          20                          21                          22                          23

0                                     -5.0952159986988714e-04         3.0826793615100233e-02        -4.5760937230457280e-02        -2.6410708515805646e-02        -1.5935119370754883e-02        -4.5843981520733136e-02         2.7014899112970323e-02        -1.4993742160780775e-02
1                                     -3.0583936574439502e-02         9.1766460321771265e-04        -1.4284501731018445e-02        -6.8215508534521019e-02        -2.2706062100300017e-02         1.4640431040550871e-02        -6.9848903162217452e-02         2.1749836495903278e-02
2                                      8.9138726366617786e-04        -8.2063233095592825e-02        -8.6356193801456239e-03        -2.2703383510628332e-02        -4.4223617010738264e-02        -8.1341421374177027e-03         2.1750065230071954e-02        -4.2465813996258726e-02
3                                     -1.6710583053539124e-04         8.0460653040960797e-03        -9.5403187964094530e-03        -6.9109395194366097e-03        -4.1393885989855633e-03        -9.5548739430658860e-03         7.0629624648633066e-03        -3.8915193410917880e-03
4                                      1.4571490998710988e-04         3.4136012887067002e-04        -2.1450612119375830e-02        -1.3972715581136696e-02        -8.4919714198140629e-03         2.1890104574484544e-02        -1.4563748321397944e-02         8.1439910745621791e-03
5                                      3.4939219726545399e-04        -1.9092434635867458e-02        -1.2880826797956050e-02        -8.4908663910626889e-03        -4.9338607844567712e-03        -1.2116531708068850e-02         8.1467326144685857e-03        -4.3449892657615547e-03
6                                      3.5704055530897862e-03         6.8507014359466944e-04        -5.3752527944503688e-03         1.3160437176917652e-03        -3.4270891279118880e-03        -4.0791582258001427e-03         1.6165087186592727e-03        -8.9129879963373694e-04
7                                     -4.1620685993757917e-05        -6.8686412149026026e-04        -1.1909764766377161e-03         2.5637506718802702e-03        -8.2368758877069629e-04         1.6160792258307177e-03         6.3988970074167100e-04        -1.8020307481884246e-04
8                                     -2.4565615500920478e-03         1.6298910784024716e-03        -3.4657750842134721e-03         9.5208022961104817e-04        -1.0067299805497417e-03        -8.9004075395797389e-04        -1.8044413801193430e-04         4.1770200158120993e-04
9                                     -3.4938124125202341e-05         1.8514861504096958e-03        -5.3079924174967109e-03        -2.3872170361418574e-03         2.7394541654079466e-03        -5.3087383636957206e-03         2.2859549790336811e-03         2.8197258871791109e-03
10                                     3.2042038673063523e-04        -3.1659297313807716e-07        -3.5998477744901875e-03        -1.6842691771708912e-04         2.3844805734945865e-03         3.5787510936811217e-03        -4.3572736305016926e-05        -2.4598087995145019e-03
11                                    -3.0973155704825948e-07         7.2840161084949571e-04         5.6212907660641498e-04         6.2100877749318370e-04         1.7304835522937729e-03         6.8607763183064661e-04        -6.8678841076404932e-04         1.6302773548828482e-03
12                                    -3.5903607239076421e-03         5.6131670458509997e-04        -4.0764883631671436e-03        -1.5849809493736437e-03        -9.4753122964565150e-04        -5.3746685881022691e-03        -1.1910321101360477e-03        -3.4646678316053434e-03
13                                    -1.6574576716798595e-04         6.2110702216489240e-04        -1.5845069629070951e-03         6.2426935366328637e-04         1.8719845932489192e-04         1.3158702106805375e-03         2.5636598688919951e-03         9.5144899029237732e-04
14                                     2.3810970937717668e-03         1.7300183707535258e-03        -9.4618331542441333e-04         1.8741388650639126e-04         4.3000503357535562e-04        -3.4268894671631105e-03        -8.2418368625497042e-04        -1.0063839542934019e-03
15                                     7.7626761148160361e-04        -4.4228115495694761e-02         5.5208844599554906e-03         1.1881708907100080e-04        -2.4713709474406906e-03         5.5275444987746523e-03        -2.5470233842292411e-05        -2.4900667382918764e-03
16                                     4.1768177113955238e-02        -2.1295070063683478e-03         2.1661355469051887e-03        -4.9270176694193590e-03        -2.3418308481754045e-02        -2.2100473498405425e-03        -6.5159917136523790e-03         2.4382084856941925e-02
17                                    -2.1295070063683478e-03         1.6040226078559999e-01         1.2138722288495517e-03        -2.0486907121325719e-02        -3.2435910081130725e-02         1.1335528298134744e-03         2.1424188446030355e-02        -3.0898994033014507e-02
18                                     2.1661355469051887e-03         1.2138722288495517e-03         5.8999264584811431e-02         3.7915885056590631e-02         2.2853452998813535e-02         5.5408405572140284e-03         2.1139615731031146e-03         1.3507975615507425e-03
19                                    -4.9270176694193590e-03        -2.0486907121325719e-02         3.7915885056590631e-02         1.2877416842822095e-01         5.2311551132396050e-02        -2.1424369547652991e-03        -4.4678519750970362e-02        -2.3945703873506606e-03
20                                    -2.3418308481754045e-02        -3.2435910081130725e-02         2.2853452998813535e-02         5.2311551132396050e-02         7.3221311455756513e-02         1.2757448224365066e-03         5.6047280978401698e-04         7.2183178152498521e-03
21                                    -2.2100473498405425e-03         1.1335528298134744e-03         5.5408405572140284e-03        -2.1424369547652991e-03         1.2757448224365066e-03         5.9093035585408474e-02        -3.8783268172636651e-02         2.1516500102600339e-02
22                                    -6.5159917136523790e-03         2.1424188446030355e-02         2.1139615731031146e-03        -4.4678519750970362e-02         5.6047280978401698e-04        -3.8783268172636651e-02         1.3244718611490949e-01        -5.0191411010669852e-02
23                                     2.4382084856941925e-02        -3.0898994033014507e-02         1.3507975615507425e-03        -2.3945703873506606e-03         7.2183178152498521e-03         2.1516500102600339e-02        -5.0191411010669852e-02         6.9449884077614280e-02
                              

0                             
1                             
2                             
3                             
4                             
5                             
6                             
7                             
8                             
9                             
10                            
11                            
12                            
13                            
14                            
15                            
16                            
17                            
18                            
19                            
20                            
21                            
22                            
23                            
   &MODES [&Type "ArrayOfDoubles", &Dim (24,24)] "The modes of vibrations"
                                                         0                           1                           2                           3                           4                           5                           6                           7

0                                      1.0000000000000000e+00         2.0000000000000000e+00         3.0000000000000000e+00         4.0000000000000000e+00         5.0000000000000000e+00         6.0000000000000000e+00         7.0000000000000000e+00         0.0000000000000000e+00
1                                      0.0000000000000000e+00         0.0000000000000000e+00         0.0000000000000000e+00         0.0000000000000000e+00         0.0000000000000000e+00        -1.6363951638974340e-06         2.4798786907376647e-05         1.0000000000000000e+00
2                                      0.0000000000000000e+00         0.0000000000000000e+00         0.0000000000000000e+00         0.0000000000000000e+00         0.0000000000000000e+00         2.1158088646815538e-05         2.8642892236730257e-04         2.0000000000000000e+00
3                                      0.0000000000000000e+00         0.0000000000000000e+00         0.0000000000000000e+00         0.0000000000000000e+00         0.0000000000000000e+00        -7.4057121847043183e-05        -1.9732775885712164e-02         3.0000000000000000e+00
4                                      0.0000000000000000e+00         0.0000000000000000e+00         0.0000000000000000e+00         0.0000000000000000e+00         0.0000000000000000e+00        -1.6221772134626519e-06         1.0687906347268313e-06         4.0000000000000000e+00
5                                      0.0000000000000000e+00         0.0000000000000000e+00         0.0000000000000000e+00         0.0000000000000000e+00         0.0000000000000000e+00         2.2711199797584720e-05         2.8562234931927183e-04         5.0000000000000000e+00
6                                      0.0000000000000000e+00         0.0000000000000000e+00         0.0000000000000000e+00         0.0000000000000000e+00         0.0000000000000000e+00        -7.3587590411042957e-05        -1.9729419739727048e-02         6.0000000000000000e+00
