*************************************************
******************* ORCA 6.0.0 ******************
*************************************************
$Calculation_Status
   &GeometryIndex 1
   &ListStatus       OUT
   &VERSION [&Type "String"] "6.0.0"
   &PROGNAME [&Type "String"] "LeanSCF"
   &STATUS [&Type "String"] "NORMAL TERMINATION"
$End
$Geometry
   &GeometryIndex 1
   &ListStatus       OUT
   &NATOMS [&Type "Integer"] 8
   &NCORELESSECP [&Type "Integer"] 0
   &NGHOSTATOMS [&Type "Integer"] 0
   &CartesianCoordinates [&Type "Coordinates", &Dim(8,4), &Units "Bohr"] 
              C     -1.499780436594    0.000262264319   -0.000050870294
              C      1.499788741752   -0.000232782512    0.000057206545
              Cl     2.634815731727   -2.930389921708    1.236358618131
              Cl     2.635081179667    0.394695072131   -3.155925633995
              Cl     2.635071870687    2.536096853474    1.919647935449
              Cl    -2.635094356916   -0.394726480513    3.155911908914
              Cl    -2.635036199461   -2.536102598242   -1.919624402312
              Cl    -2.634896596887    2.930370169535   -1.236360613681
$End
$SCF_Energy
   &GeometryIndex 1
   &ListStatus       OUT
   &SCF_ENERGY [&Type "Double"]      -2.8372718278539687e+03
$End
$DFT_Energy
   &GeometryIndex 1
   &ListStatus       OUT
   &NALPHAEL [&Type "Integer"] 57
   &NBETAEL [&Type "Integer"] 57
   &NTOTALEL [&Type "Integer"] 114
   &EEXCHANGE [&Type "Double"]      -1.7573677838883111e+02
   &ECORR [&Type "Double"]      -4.4072940645933611e+00
   &ECNL [&Type "Double"]       0.0000000000000000e+00
   &EXC [&Type "Double"]      -1.8014407245342449e+02
   &EEMBED [&Type "Double"]       0.0000000000000000e+00
   &FINALEN [&Type "Double"]      -2.8372718278539687e+03  "No Van der Waals correction"
$End
$Mulliken_Population_Analysis
   &GeometryIndex 1
   &ListStatus       OUT
   &NATOMS [&Type "Integer"] 8
   &ATNO [&Type "ArrayOfIntegers", &Dim (8,1)] 
                                                         0

0                                                        6
1                                                        6
2                                                       17
3                                                       17
4                                                       17
5                                                       17
6                                                       17
7                                                       17
   &ATOMICCHARGES [&Type "ArrayOfDoubles", &Dim (8,1)] 
                                                         0

0                                      1.5464957173020988e-01
1                                      1.5465280491640332e-01
2                                     -5.1399783698887092e-02
3                                     -5.1577417131518644e-02
4                                     -5.1672579724652223e-02
5                                     -5.1578108579132476e-02
6                                     -5.1678761532606643e-02
7                                     -5.1395725979904938e-02
$End
$Loewdin_Population_Analysis
   &GeometryIndex 1
   &ListStatus       OUT
   &NATOMS [&Type "Integer"] 8
   &ATNO [&Type "ArrayOfIntegers", &Dim (8,1)] 
                                                         0

0                                                        6
1                                                        6
2                                                       17
3                                                       17
4                                                       17
5                                                       17
6                                                       17
7                                                       17
   &ATOMICCHARGES [&Type "ArrayOfDoubles", &Dim (8,1)] 
                                                         0

0                                     -1.1142638342943885e+00
1                                     -1.1142588746798099e+00
2                                      3.7164779093923528e-01
3                                      3.7138383493240212e-01
4                                      3.7123149185845605e-01
5                                      3.7138377915134413e-01
6                                      3.7122308260559223e-01
7                                      3.7165272948708505e-01
$End
$Mayer_Population_Analysis
   &GeometryIndex 1
   &ListStatus       OUT
   &NATOMS [&Type "Integer"] 8 "Total number of atoms"
   &BONDTHRESH [&Type "Double"]       1.0000000000000001e-01  "The threshold for printing"
   &NBONDORDERSPRINT [&Type "Integer"] 7 "The number of bond orders larger than threshold"
   &BONDORDERS [&Type "ArrayOfDoubles", &Dim (7,1)] "The bond orders"
                                                         0

0                                      9.2537844427579663e-01
1                                      1.0992287226167143e+00
2                                      1.0990557466969009e+00
3                                      1.0995006792154383e+00
4                                      1.0994914863976526e+00
5                                      1.0992271103643922e+00
6                                      1.0990635997017451e+00
   &COMPONENTS [&Type "ArrayOfIntegers", &Dim (7,4)] "The indices and atomic numbers of the bonding atoms"
                                                         0                           1                           2                           3

0                                                        0                           6                           1                           6
1                                                        0                           6                           5                          17
2                                                        0                           6                           6                          17
3                                                        0                           6                           7                          17
4                                                        1                           6                           2                          17
5                                                        1                           6                           3                          17
6                                                        1                           6                           4                          17
   &ATNO [&Type "ArrayOfIntegers", &Dim (8,1)] "Atomic number of the elements"
                                                         0

0                                                        6
1                                                        6
2                                                       17
3                                                       17
4                                                       17
5                                                       17
6                                                       17
7                                                       17
   &NA [&Type "ArrayOfDoubles", &Dim (8,1)] "Mulliken gross atomic population"
                                                         0

0                                      5.8453504282697759e+00
1                                      5.8453471950835745e+00
2                                      1.7051399783698912e+01
3                                      1.7051577417131618e+01
4                                      1.7051672579724684e+01
5                                      1.7051578108579250e+01
6                                      1.7051678761532475e+01
7                                      1.7051395725979905e+01
   &ZA [&Type "ArrayOfDoubles", &Dim (8,1)] "Total nuclear charge"
                                                         0

0                                      6.0000000000000000e+00
1                                      6.0000000000000000e+00
2                                      1.7000000000000000e+01
3                                      1.7000000000000000e+01
4                                      1.7000000000000000e+01
5                                      1.7000000000000000e+01
6                                      1.7000000000000000e+01
7                                      1.7000000000000000e+01
   &QA [&Type "ArrayOfDoubles", &Dim (8,1)] "Mulliken gross atomic charge"
                                                         0

0                                      1.5464957173022409e-01
1                                      1.5465280491642552e-01
2                                     -5.1399783698911961e-02
3                                     -5.1577417131618120e-02
4                                     -5.1672579724684198e-02
5                                     -5.1578108579249715e-02
6                                     -5.1678761532475193e-02
7                                     -5.1395725979904938e-02
   &VA [&Type "ArrayOfDoubles", &Dim (8,1)] "Mayer's total valence"
                                                         0

0                                      4.3414002650110985e+00
1                                      4.3413940837689351e+00
2                                      1.2550735586943742e+00
3                                      1.2548280696102343e+00
4                                      1.2547214593952074e+00
5                                      1.2548270842840756e+00
6                                      1.2547130722200768e+00
7                                      1.2550778513310006e+00
   &BVA [&Type "ArrayOfDoubles", &Dim (8,1)] "Mayer's bonded valence"
                                                         0

0                                      4.3414002650111669e+00
1                                      4.3413940837690133e+00
2                                      1.2550735586942827e+00
3                                      1.2548280696100940e+00
4                                      1.2547214593952445e+00
5                                      1.2548270842838136e+00
6                                      1.2547130722204638e+00
7                                      1.2550778513310676e+00
   &FA [&Type "ArrayOfDoubles", &Dim (8,1)] "Mayer's free valence"
                                                         0

0                                      0.0000000000000000e+00
1                                      0.0000000000000000e+00
2                                      0.0000000000000000e+00
3                                      0.0000000000000000e+00
4                                      0.0000000000000000e+00
5                                      0.0000000000000000e+00
6                                      0.0000000000000000e+00
7                                      0.0000000000000000e+00
$End
$VdW_Correction
   &GeometryIndex 1
   &ListStatus       OUT
   &VDW [&Type "Double"]      -5.1687559620145146e-03
$End
$Calculation_Info
   &GeometryIndex 1
   &ListStatus       OUT
   &MULT [&Type "Integer"] 1
   &CHARGE [&Type "Integer"] 0
   &NUMOFATOMS [&Type "Integer"] 8
   &NUMOFELECTRONS [&Type "Integer"] 114
   &NUMOFFCELECTRONS [&Type "Integer"] 1
   &NUMOFCORRELECTRONS [&Type "Integer"] 0
   &NUMOFBASISFUNCTS [&Type "Integer"] 284
   &NUMOFAUXCBASISFUNCTS [&Type "Integer"] 0
   &NUMOFAUXJBASISFUNCTS [&Type "Integer"] 312
   &NUMOFAUXJKBASISFUNCTS [&Type "Integer"] 0
   &NUMOFCABSBASISFUNCTS [&Type "Integer"] 0
   &TOTALENERGY [&Type "Double"]      -2.8372663606024307e+03  "Hartrees"
$End
$SCF_Dipole_Moment
   &GeometryIndex 1
   &ListStatus       OUT
   &METHOD [&Type "String"] "SCF"
   &LEVEL [&Type "String"] "Relaxed density"
   &MULT [&Type "Integer"] 1
   &STATE [&Type "Integer"] -1
   &IRREP [&Type "Integer"] 0
   &NATOMS [&Type "Integer"] 8
   &DODIPOLEATOM [&Type "Boolean"] false
   &DIPOLEELECCONTRIB [&Type "ArrayOfDoubles", &Dim (3,1)] "Electronic contribution"
                                                         0

0                                      4.0511304035740396e-06
1                                      8.2963282371431167e-06
2                                      3.2160696495598057e-06
   &DIPOLENUCCONTRIB [&Type "ArrayOfDoubles", &Dim (3,1)] "Nuclear contribution"
                                                         0

0                                      6.0025211965353265e-06
1                                      1.0475519268027256e-05
2                                      8.0692108639368598e-07
   &DIPOLETOTAL [&Type "ArrayOfDoubles", &Dim (3,1)] "Total"
                                                         0

0                                      1.0053651600109366e-05
1                                      1.8771847505170372e-05
2                                      4.0229907359534917e-06
   &DIPOLEMAGNITUDE [&Type "Double", &Units "a.u."]       2.1671239551888129e-05
$End
$THERMOCHEMISTRY_Energies
   &GeometryIndex 1
   &ListStatus       OUT
   &TEMPERATURE [&Type "Double"]       2.9814999999999998e+02
   &PRESSURE [&Type "Double"]       1.0000000000000000e+00
   &TOTALMASS [&Type "Double"]       2.3674000000000001e+02
   &SPINDEGENERACY [&Type "Integer"] 1
   &ELENERGY [&Type "Double"]      -2.8372663606024307e+03
   &TRANSENERGY [&Type "Double"]       1.4162714244859817e-03
   &ROTENERGY [&Type "Double"]       1.4162714244859817e-03
   &VIBENERGY [&Type "Double"]       6.4463826849290298e-03
   &NUMOFFREQS [&Type "Integer"] 24
   &FREQSCALINGFACTOR [&Type "Double"]       1.0000000000000000e+00
   &FREQ [&Type "ArrayOfDoubles", &Dim (24,1)] "In cm^-1"
                                                         0

0                                      0.0000000000000000e+00
1                                      0.0000000000000000e+00
2                                      0.0000000000000000e+00
3                                      0.0000000000000000e+00
4                                      0.0000000000000000e+00
5                                      0.0000000000000000e+00
6                                      8.9547389008797822e+01
7                                      1.6502984493395121e+02
8                                      1.6551602364253489e+02
9                                      2.2027353571231879e+02
10                                     2.2115046329101642e+02
11                                     2.2124650356029809e+02
12                                     2.7481738446237426e+02
13                                     2.7503357167744093e+02
14                                     3.2540307624367767e+02
15                                     3.2554199045580754e+02
16                                     3.7116233258146053e+02
17                                     4.1743629837338761e+02
18                                     6.6217756352945332e+02
19                                     7.1361033991001000e+02
20                                     7.1428468749879073e+02
21                                     7.8476581491975662e+02
22                                     7.8539649982990113e+02
23                                     9.3530851956151423e+02
   &ZPE [&Type "Double"]       1.7468310122993158e-02
   &INNERENERGYU [&Type "Double"]      -2.8372396133667735e+03
   &ENTHALPYH [&Type "Double"]      -2.8372386691577312e+03
   &QEL [&Type "Double"]       0.0000000000000000e+00
   &QROT [&Type "Double"]       1.4102662863322757e-02
   &QVIB [&Type "Double"]       1.1044141142779195e-02
   &QTRANS [&Type "Double"]       2.0091773937150281e-02
   &ENTROPYS [&Type "Double"]       4.5238577943252228e-02
   &FREEENERGYG [&Type "Double"]      -2.8372839077356743e+03
   &ISLINEAR [&Type "Boolean"] false
$End
$Hessian
   &GeometryIndex 1
   &ListStatus       OUT
   &HESSIAN [&Type "ArrayOfDoubles", &Dim (24,24)] "The Hessian"
                                                         0                           1                           2                           3                           4                           5                           6                           7

0                                      2.7931474376076648e-01        -1.4897057434071562e-04        -2.1412107772174078e-04        -1.1279068121375192e-01         3.1487651198682358e-05         5.1132039589337265e-06        -9.6044652488842964e-03         7.4339398899815334e-03
1                                     -1.4897057434071562e-04         2.3367989587223834e-01         1.3602902804829738e-04         3.1665844698334001e-05        -3.6730229561751537e-02         2.5970659126344976e-05         2.3067572844949275e-02        -1.6171848849933911e-02
2                                     -2.1412107772174078e-04         1.3602902804829738e-04         2.3338211195979161e-01         5.1795099952095213e-06         2.5966442375708014e-05        -3.6688074209890613e-02        -9.7026648012504373e-03         6.8833699127339235e-03
3                                     -1.1279068121375192e-01         3.1665844698334001e-05         5.1795099952095213e-06         2.7931330794628989e-01        -1.4556773455900660e-04        -2.1335866999535637e-04        -4.6146014810292561e-02         2.8503757020098490e-02
4                                      3.1487651198682358e-05        -3.6730229561751537e-02         2.5966442375708014e-05        -1.4556773455900660e-04         2.3367793122321259e-01         1.3989337833083745e-04         1.5474314345734180e-02        -7.4133005225370363e-02
5                                      5.1132039589337265e-06         2.5970659126344976e-05        -3.6688074209890613e-02        -2.1335866999535637e-04         1.3989337833083745e-04         2.3338146603840182e-01        -6.5067260401071025e-03         1.8161627580444255e-02
6                                     -9.6044652488842964e-03         2.3067572844949275e-02        -9.7026648012504373e-03        -4.6146014810292561e-02         1.5474314345734180e-02        -6.5067260401071025e-03         5.9419956444325087e-02        -4.0910827697069690e-02
7                                      7.4339398899815334e-03        -1.6171848849933911e-02         6.8833699127339235e-03         2.8503757020098490e-02        -7.4133005225370363e-02         1.8161627580444255e-02        -4.0910827697069690e-02         1.4240538419160453e-01
8                                     -3.1079251348331560e-03         6.8865233782775120e-03        -2.7692056647245986e-03        -1.2005831069849367e-02         1.8147193425183089e-02        -3.8351846021252294e-02         1.7213032317696862e-02        -4.2203547992202300e-02
9                                     -9.5317797737321588e-03        -3.0921195448486293e-03         2.4828838451270079e-02        -4.5958329569546125e-02        -2.0397520025035283e-03         1.6672815926617637e-02         5.5311889040481933e-03         2.5269688434180829e-04
10                                    -1.0246153172982606e-03        -1.2740156754837903e-04         2.3898906199588694e-03        -3.8031976541249022e-03        -3.1324601696306582e-02         6.3200737413440372e-03        -2.3164739953489004e-03        -1.1712927145813779e-02
11                                     7.9871042270279434e-03         2.3614827317890502e-03        -1.8790441833223800e-02         3.0760640522118091e-02         6.3046975762814546e-03        -8.0811217227669152e-02         9.0190313403391842e-04         2.3507988025362483e-02
12                                    -9.5346801644826795e-03        -1.9965103689731173e-02        -1.5112920429633546e-02        -4.5747777091067379e-02        -1.3314041813737722e-02        -9.9922899533450016e-03         5.5445793208333035e-03         1.9401049672890577e-03
13                                    -6.4219776507279704e-03        -1.2066945715794575e-02        -9.2651323989630090e-03        -2.4589056695681056e-02        -6.3124636037935028e-02        -2.4641824467317039e-02        -2.2800914650603979e-03        -4.3871929878896168e-02
14                                    -4.8655339781874668e-03        -9.2708416543002617e-03        -6.8387511534377804e-03        -1.8539185453103312e-02        -2.4608328036556021e-02        -4.9132409728733041e-02         1.0308693023912581e-03        -4.9204417308073081e-03
15                                    -4.5958705466494706e-02        -2.0401103995204874e-03         1.6673485985330742e-02        -9.5317777030540108e-03        -3.0922130490179749e-03         2.4828694565804738e-02        -5.3427312255448760e-03         1.9962887548676499e-03
16                                    -3.8039357040730252e-03        -3.1324667618390985e-02         6.3210871584864735e-03        -1.0247307306173771e-03        -1.2755488093525551e-04         2.3904271842797630e-03         3.5050014055578336e-03         2.9160228978556899e-04
17                                     3.0761533367307789e-02         6.3061824011458982e-03        -8.0812326703948528e-02         7.9868413640300853e-03         2.3614317297423158e-03        -1.8789973011749922e-02         1.0543010193870214e-03        -8.2970330283933715e-04
18                                    -4.5746565179166213e-02        -1.3312830523003860e-02        -9.9911972070207342e-03        -9.5349731624993304e-03        -1.9965012657369503e-02        -1.5112784309290467e-02        -5.3334450584886757e-03        -8.1570842528539160e-04
19                                    -2.4588191980297169e-02        -6.3123696927687087e-02        -2.4640563432452689e-02        -6.4221846636411846e-03        -1.2067396717164260e-02        -9.2653306843278535e-03         1.6731796815228771e-03         2.5127411948755243e-03
20                                    -1.8538074241731452e-02        -2.4607304309207281e-02        -4.9130796671980760e-02        -4.8655873561134870e-03        -9.2706987754546111e-03        -6.8388222257222287e-03        -3.2586624809341417e-03        -4.4193880608661782e-04
21                                    -4.6147866714254498e-02         1.5476269180233510e-02        -6.5076953963470706e-03        -9.6037543960785406e-03         2.3067146595270524e-02        -9.7025448875600641e-03        -4.0690683259961740e-03         1.6936176835328678e-03
22                                     2.8505890547120674e-02        -7.4135105631131876e-02         1.8162998258559535e-02         7.4329532788110497e-03        -1.6170507103749603e-02         6.8827973293498013e-03         1.6934558019585004e-03         6.7998342374860229e-04
23                                    -1.2007001400443354e-02         1.8148312176373332e-02        -3.8352515722585523e-02        -3.1076186831651819e-03         6.8862095388670819e-03        -2.7691236133845446e-03        -7.1462140031812774e-04        -1.5405006906637366e-04
                                                         8                           9                          10                          11                          12                          13                          14                          15

0                                     -3.1079251348331560e-03        -9.5317797737321588e-03        -1.0246153172982606e-03         7.9871042270279434e-03        -9.5346801644826795e-03        -6.4219776507279704e-03        -4.8655339781874668e-03        -4.5958705466494706e-02
1                                      6.8865233782775120e-03        -3.0921195448486293e-03        -1.2740156754837903e-04         2.3614827317890502e-03        -1.9965103689731173e-02        -1.2066945715794575e-02        -9.2708416543002617e-03        -2.0401103995204874e-03
2                                     -2.7692056647245986e-03         2.4828838451270079e-02         2.3898906199588694e-03        -1.8790441833223800e-02        -1.5112920429633546e-02        -9.2651323989630090e-03        -6.8387511534377804e-03         1.6673485985330742e-02
3                                     -1.2005831069849367e-02        -4.5958329569546125e-02        -3.8031976541249022e-03         3.0760640522118091e-02        -4.5747777091067379e-02        -2.4589056695681056e-02        -1.8539185453103312e-02        -9.5317777030540108e-03
4                                      1.8147193425183089e-02        -2.0397520025035283e-03        -3.1324601696306582e-02         6.3046975762814546e-03        -1.3314041813737722e-02        -6.3124636037935028e-02        -2.4608328036556021e-02        -3.0922130490179749e-03
5                                     -3.8351846021252294e-02         1.6672815926617637e-02         6.3200737413440372e-03        -8.0811217227669152e-02        -9.9922899533450016e-03        -2.4641824467317039e-02        -4.9132409728733041e-02         2.4828694565804738e-02
6                                      1.7213032317696862e-02         5.5311889040481933e-03        -2.3164739953489004e-03         9.0190313403391842e-04         5.5445793208333035e-03        -2.2800914650603979e-03         1.0308693023912581e-03        -5.3427312255448760e-03
7                                     -4.2203547992202300e-02         2.5269688434180829e-04        -1.1712927145813779e-02         2.3507988025362483e-02         1.9401049672890577e-03        -4.3871929878896168e-02        -4.9204417308073081e-03         1.9962887548676499e-03
8                                      5.9746539007765415e-02        -2.4914344657648172e-03         2.6464378525662389e-02        -2.5776509460365114e-02         1.5544658817071748e-03        -7.8607279740902352e-03         6.4288063920709577e-03         3.0890247429729597e-03
9                                     -2.4914344657648172e-03         5.9175372338547569e-02         5.4579117408162289e-03        -4.4059903389889368e-02         5.5340060824958306e-03         3.7283024104233127e-04        -2.4520995681344710e-03        -4.0733264697946575e-03
10                                     2.6464378525662389e-02         5.4579117408162289e-03         4.3632597537935969e-02        -1.4576863705436368e-02         2.0162151845161749e-03        -6.1787812178706186e-04        -2.0082687058839466e-02        -2.2651552597759651e-04
11                                    -2.5776509460365114e-02        -4.4059903389889368e-02        -1.4576863705436368e-02         1.5820366749516701e-01         1.4286517650723488e-03        -1.7119225747484174e-02        -3.6858065756301808e-02         1.8315842609259237e-03
12                                     1.5544658817071748e-03         5.5340060824958306e-03         2.0162151845161749e-03         1.4286517650723488e-03         5.8947422650087879e-02         3.5326380325135284e-02         2.6653630316634324e-02        -5.3345860596718470e-03
13                                    -7.8607279740902352e-03         3.7283024104233127e-04        -6.1787812178706186e-04        -1.7119225747484174e-02         3.5326380325135284e-02         1.1704692456657524e-01         5.6957993549363116e-02        -2.6831287500535756e-03
14                                     6.4288063920709577e-03        -2.4520995681344710e-03        -2.0082687058839466e-02        -3.6858065756301808e-02         2.6653630316634324e-02         5.6957993549363116e-02         8.4845912506788274e-02         2.4823213854233573e-03
15                                     3.0890247429729597e-03        -4.0733264697946575e-03        -2.2651552597759651e-04         1.8315842609259237e-03        -5.3345860596718470e-03        -2.6831287500535756e-03         2.4823213854233573e-03         5.9175622255447195e-02
16                                    -2.6134109772128450e-03        -2.2661374377925793e-04         3.2435586497367192e-04        -5.3124365350939113e-05        -3.6447549018566710e-03        -4.6571674491142911e-04         2.1594790603453487e-03         5.4572127112068915e-03
17                                     1.2801592461069589e-03         1.8315750299840205e-03        -5.3157978976727476e-05         7.2937747912558222e-04         1.9484448499589762e-04         3.9650303471441915e-04         2.0229620107076558e-03        -4.4060548676997408e-02
18                                    -3.5541164142090928e-03        -5.3352113746955067e-03        -3.6451912864784693e-03         1.9493612145132224e-04        -4.0770404199450636e-03        -1.4704056535430443e-03        -1.1128335788446475e-03         5.5342213951715871e-03
19                                     1.3303498049508774e-03        -2.6834542750764716e-03        -4.6583969350193254e-04         3.9652013258159764e-04        -1.4705348827168268e-03         5.8761738495787994e-04         2.0446812470341724e-04         3.7293155875019364e-04
20                                    -9.4193216003761243e-04         2.4826692630074035e-03         2.1596824354639765e-03         2.0229803673553603e-03        -1.1128555181630598e-03         2.0449141386154229e-04         4.7304776992751843e-04        -2.4516171568044441e-03
21                                    -7.1464690861981566e-04        -5.3419201373231529e-03         3.5044098171218155e-03         1.0540681718524325e-03        -5.3319243182500479e-03         1.6727031703796563e-03        -3.2576428379539417e-03         5.5312832739413346e-03
22                                    -1.5406180810720178e-04         1.9959577367814271e-03         2.9169482204808445e-04        -8.2965614270344608e-04        -8.1551871038936180e-04         2.5125645477911459e-03        -4.4179199230476567e-04         2.5300361360333298e-04
23                                     3.8398866043629271e-04         3.0885539403169059e-03        -2.6131350842163747e-03         1.2802089359119770e-03        -3.5530521354932370e-03         1.3300723283113172e-03        -9.4150204102178697e-04        -2.4919424562069468e-03
                                                        16                          17                          18                          19                          20                          21                          22                          23

0                                     -3.8039357040730252e-03         3.0761533367307789e-02        -4.5746565179166213e-02        -2.4588191980297169e-02        -1.8538074241731452e-02        -4.6147866714254498e-02         2.8505890547120674e-02        -1.2007001400443354e-02
1                                     -3.1324667618390985e-02         6.3061824011458982e-03        -1.3312830523003860e-02        -6.3123696927687087e-02        -2.4607304309207281e-02         1.5476269180233510e-02        -7.4135105631131876e-02         1.8148312176373332e-02
2                                      6.3210871584864735e-03        -8.0812326703948528e-02        -9.9911972070207342e-03        -2.4640563432452689e-02        -4.9130796671980760e-02        -6.5076953963470706e-03         1.8162998258559535e-02        -3.8352515722585523e-02
3                                     -1.0247307306173771e-03         7.9868413640300853e-03        -9.5349731624993304e-03        -6.4221846636411846e-03        -4.8655873561134870e-03        -9.6037543960785406e-03         7.4329532788110497e-03        -3.1076186831651819e-03
4                                     -1.2755488093525551e-04         2.3614317297423158e-03        -1.9965012657369503e-02        -1.2067396717164260e-02        -9.2706987754546111e-03         2.3067146595270524e-02        -1.6170507103749603e-02         6.8862095388670819e-03
5                                      2.3904271842797630e-03        -1.8789973011749922e-02        -1.5112784309290467e-02        -9.2653306843278535e-03        -6.8388222257222287e-03        -9.7025448875600641e-03         6.8827973293498013e-03        -2.7691236133845446e-03
6                                      3.5050014055578336e-03         1.0543010193870214e-03        -5.3334450584886757e-03         1.6731796815228771e-03        -3.2586624809341417e-03        -4.0690683259961740e-03         1.6934558019585004e-03        -7.1462140031812774e-04
7                                      2.9160228978556899e-04        -8.2970330283933715e-04        -8.1570842528539160e-04         2.5127411948755243e-03        -4.4193880608661782e-04         1.6936176835328678e-03         6.7998342374860229e-04        -1.5405006906637366e-04
8                                     -2.6134109772128450e-03         1.2801592461069589e-03        -3.5541164142090928e-03         1.3303498049508774e-03        -9.4193216003761243e-04        -7.1464690861981566e-04        -1.5406180810720178e-04         3.8398866043629271e-04
9                                     -2.2661374377925793e-04         1.8315750299840205e-03        -5.3352113746955067e-03        -2.6834542750764716e-03         2.4826692630074035e-03        -5.3419201373231529e-03         1.9959577367814271e-03         3.0885539403169059e-03
10                                     3.2435586497367192e-04        -5.3157978976727476e-05        -3.6451912864784693e-03        -4.6583969350193254e-04         2.1596824354639765e-03         3.5044098171218155e-03         2.9169482204808445e-04        -2.6131350842163747e-03
11                                    -5.3124365350939113e-05         7.2937747912558222e-04         1.9493612145132224e-04         3.9652013258159764e-04         2.0229803673553603e-03         1.0540681718524325e-03        -8.2965614270344608e-04         1.2802089359119770e-03
12                                    -3.6447549018566710e-03         1.9484448499589762e-04        -4.0770404199450636e-03        -1.4705348827168268e-03        -1.1128555181630598e-03        -5.3319243182500479e-03        -8.1551871038936180e-04        -3.5530521354932370e-03
13                                    -4.6571674491142911e-04         3.9650303471441915e-04        -1.4704056535430443e-03         5.8761738495787994e-04         2.0449141386154229e-04         1.6727031703796563e-03         2.5125645477911459e-03         1.3300723283113172e-03
14                                     2.1594790603453487e-03         2.0229620107076558e-03        -1.1128335788446475e-03         2.0446812470341724e-04         4.7304776992751843e-04        -3.2576428379539417e-03        -4.4179199230476567e-04        -9.4150204102178697e-04
15                                     5.4572127112068915e-03        -4.4060548676997408e-02         5.5342213951715871e-03         3.7293155875019364e-04        -2.4516171568044441e-03         5.5312832739413346e-03         2.5300361360333298e-04        -2.4919424562069468e-03
16                                     4.3633125317474507e-02        -1.4577281591444329e-02         2.0163761343174095e-03        -6.1789207829964291e-04        -2.0083565166185560e-02        -2.3160240846142369e-03        -1.1713252149696434e-02         2.6464598017597728e-02
17                                    -1.4577281591444329e-02         1.5820638819094804e-01         1.4291071807821347e-03        -1.7120086776508402e-02        -3.6860213123694793e-02         9.0134358006153936e-04         2.3507903163650527e-02        -2.5776374087494981e-02
18                                     2.0163761343174095e-03         1.4291071807821347e-03         5.8948327740041238e-02         3.5324383175553441e-02         2.6652721074842164e-02         5.5446860595819783e-03         1.9411623574902594e-03         1.5546525369967545e-03
19                                    -6.1789207829964291e-04        -1.7120086776508402e-02         3.5324383175553441e-02         1.1704737163597012e-01         5.6957321234817629e-02        -2.2789017357756954e-03        -4.3872904799150597e-02        -7.8605482374370234e-03
20                                    -2.0083565166185560e-02        -3.6860213123694793e-02         2.6652721074842164e-02         5.6957321234817629e-02         8.4846809936137427e-02         1.0309210111895811e-03        -4.9201181935366357e-03         6.4289261080150879e-03
21                                    -2.3160240846142369e-03         9.0134358006153936e-04         5.5446860595819783e-03        -2.2789017357756954e-03         1.0309210111895811e-03         5.9418564558379093e-02        -4.0913062625762164e-02         1.7213613432845262e-02
22                                    -1.1713252149696434e-02         2.3507903163650527e-02         1.9411623574902594e-03        -4.3872904799150597e-02        -4.9201181935366357e-03        -4.0913062625762164e-02         1.4240752689014069e-01        -4.2204764642668750e-02
23                                     2.6464598017597728e-02        -2.5776374087494981e-02         1.5546525369967545e-03        -7.8605482374370234e-03         6.4289261080150879e-03         1.7213613432845262e-02        -4.2204764642668750e-02         5.9746391760123488e-02
                              

0                             
1                             
2                             
3                             
4                             
5                             
6                             
7                             
8                             
9                             
10                            
11                            
12                            
13                            
14                            
15                            
16                            
17                            
18                            
19                            
20                            
21                            
22                            
23                            
   &MODES [&Type "ArrayOfDoubles", &Dim (24,24)] "The modes of vibrations"
                                                         0                           1                           2                           3                           4                           5                           6                           7

0                                      1.0000000000000000e+00         2.0000000000000000e+00         3.0000000000000000e+00         4.0000000000000000e+00         5.0000000000000000e+00         6.0000000000000000e+00         7.0000000000000000e+00         0.0000000000000000e+00
1                                      0.0000000000000000e+00         0.0000000000000000e+00         0.0000000000000000e+00         0.0000000000000000e+00         0.0000000000000000e+00        -2.8994992125441291e-05         9.3630218308088264e-05         1.0000000000000000e+00
2                                      0.0000000000000000e+00         0.0000000000000000e+00         0.0000000000000000e+00         0.0000000000000000e+00         0.0000000000000000e+00        -7.2731896910016437e-05        -1.1052277891834493e-02         2.0000000000000000e+00
3                                      0.0000000000000000e+00         0.0000000000000000e+00         0.0000000000000000e+00         0.0000000000000000e+00         0.0000000000000000e+00        -1.6020858713790948e-04        -1.6358467048169477e-02         3.0000000000000000e+00
4                                      0.0000000000000000e+00         0.0000000000000000e+00         0.0000000000000000e+00         0.0000000000000000e+00         0.0000000000000000e+00        -2.8989804180281272e-05         9.2269000330464640e-05         4.0000000000000000e+00
5                                      0.0000000000000000e+00         0.0000000000000000e+00         0.0000000000000000e+00         0.0000000000000000e+00         0.0000000000000000e+00        -7.2689778080232834e-05        -1.1052710389280782e-02         5.0000000000000000e+00
6                                      0.0000000000000000e+00         0.0000000000000000e+00         0.0000000000000000e+00         0.0000000000000000e+00         0.0000000000000000e+00        -1.6017340607234773e-04        -1.6359064863644922e-02         6.0000000000000000e+00
