
$orca_hessian_file

$act_atom
  0

$act_coord
  0

$act_energy
        0.000000

$multiplicity
  1

$hessian
42
                    0                  1                  2                  3                  4        
    0      7.3526745196E-01  -5.1118966449E-03   5.3938283661E-03  -1.5739428574E-01   1.0456382798E-01
    1     -5.1118966449E-03   6.6601693376E-01  -2.5298323051E-04   4.8940336393E-02  -2.9480234802E-01
    2      5.3938283661E-03  -2.5298323051E-04   1.2359424764E-01  -8.5883285701E-04   1.1232018533E-03
    3     -1.5739428574E-01   4.8940336393E-02  -8.5883285701E-04   6.7939432624E-01   4.1517028192E-02
    4      1.0456382798E-01  -2.9480234802E-01   1.1232018533E-03   4.1517028192E-02   7.0987666246E-01
    5     -1.0702288969E-03   6.8965451362E-04  -5.4407712326E-02   4.3190347043E-03  -2.1520145766E-04
    6     -2.3123275812E-02   7.5538435802E-02  -3.2065247522E-04  -3.3086381829E-01  -1.0425545403E-02
    7      3.2948498126E-02   1.6974813900E-02   2.5049269054E-04   4.9323931842E-02  -1.2447738212E-01
    8     -8.0758379711E-05   5.5346746317E-04   4.8271803817E-03  -1.9753900810E-03  -1.5386502607E-04
    9      2.4693513545E-04  -6.9042084367E-03   1.0022132620E-04  -4.1650338315E-02  -1.9796658622E-02
   10     -1.3850511979E-03  -6.0329666749E-02   4.9412205240E-05  -7.0428762312E-02   3.5012191474E-02
   11      1.5825303549E-05   5.2364431032E-04  -3.4994536038E-03   4.2763055155E-04  -3.4021147047E-04
   12     -3.7491957139E-02  -6.6967460929E-02   1.8932793566E-04  -3.9114665780E-02   3.5444686128E-02
   13     -2.6539654718E-02   4.3375503155E-02  -1.3157897517E-04   3.5285136634E-02  -1.7894781983E-02
   14     -1.0784960643E-03  -2.7507382959E-04   5.7238749194E-04   2.2398126253E-04   9.6907825219E-04
   15     -1.9884998242E-01  -7.8731749604E-02  -1.2599076319E-03   5.1992560206E-02  -3.1886266766E-02
   16     -1.3223992453E-01  -2.7326628121E-01  -8.3609935951E-04   8.5515000098E-03  -5.9597712588E-02
   17     -1.5708094458E-03  -2.0086538190E-03  -5.1233281765E-02  -3.1415015560E-04   3.2707835914E-04
   18     -1.2527529563E-03   1.0680958704E-02  -6.2802707837E-04   1.5863798440E-03  -6.8667659998E-03
   19      5.7351116530E-03  -7.0869903672E-04   9.8408374617E-04  -5.8718552070E-03  -3.4616706999E-03
   20      1.9962219214E-03   9.1847750022E-04   4.8635970279E-03  -1.6941692930E-03  -2.1520918095E-03
   21     -2.3135247119E-03  -6.1587835698E-04  -3.7694937983E-05   3.4656483931E-03  -5.9263163055E-03
   22     -3.5585311870E-04   2.9824821396E-04   3.4191460536E-05  -2.1541389423E-04  -2.6211406254E-03
   23     -2.2347505841E-05  -3.4253313283E-05  -6.6161829223E-04  -5.1461933620E-05   9.0656484352E-06
   24     -3.3062083679E-01   2.8546060685E-02  -2.5410886486E-03  -9.3967575257E-03  -1.1972874339E-03
   25      2.9078942800E-02  -6.1460637269E-02   3.0912267962E-04   2.9349921579E-02   2.4528994524E-03
   26     -2.5738558729E-03   3.7440637481E-04  -3.3114121120E-02  -1.0836388794E-04  -6.5465634461E-05
   27      1.1200349264E-02   1.1802702114E-02   7.6801669775E-05  -1.4939004827E-01  -1.3129239299E-01
   28     -1.9149044576E-02  -1.8362102483E-02  -1.3933219017E-04  -1.3139185752E-01  -2.4454176250E-01
   29      8.4913358993E-05   1.3243549930E-04  -1.9650563460E-04  -8.4667028648E-04  -9.1138681126E-04
   30     -5.9948528663E-03  -5.1060657988E-04  -1.0855806821E-04  -7.5341724691E-03   2.9031135401E-02
   31      1.5017164304E-04   1.9223209794E-03  -1.4448800155E-05  -3.9399740963E-04   1.6692735117E-03
   32     -8.5846329379E-05  -8.4576656337E-05   7.1726985685E-03  -2.6624706330E-04   2.3092942839E-04
   33      1.1635378955E-02  -1.7218370840E-02  -5.3386214270E-05  -1.2736365318E-03  -3.5499814875E-03
   34      1.3722904335E-02  -1.9816819376E-02   7.4126595719E-06  -4.8081839748E-03  -2.2788290449E-03
   35      8.0550274459E-05   8.2199441270E-05   9.2241069594E-04   2.4515143469E-06   2.2715283974E-06
   36     -1.2030118766E-03  -6.9440660366E-05  -3.4176176458E-04   3.6907232897E-04   7.2213925481E-04
   37     -1.0702885918E-03   1.3015605191E-03  -2.8918469453E-04   1.8120759885E-04  -3.9562295461E-04
   38     -9.7441455139E-04  -8.4161009866E-04   1.7185438887E-03   1.4298243378E-04   9.0103582974E-04
   39     -1.0563500850E-04   6.1721509827E-04   3.9314044244E-04  -1.9026410333E-04  -3.6963834227E-04
   40     -3.4383990772E-04  -1.1428263810E-03  -1.0903877649E-03  -6.9555343465E-06   1.0602236376E-03
   41     -1.1799224241E-04   2.1896356456E-04  -5.5837295253E-04   9.8891519521E-04   2.6379858293E-04
                    5                  6                  7                  8                  9        
    0     -1.0702288969E-03  -2.3123275812E-02   3.2948498126E-02  -8.0758379711E-05   2.4693513545E-04
    1      6.8965451362E-04   7.5538435802E-02   1.6974813900E-02   5.5346746317E-04  -6.9042084367E-03
    2     -5.4407712326E-02  -3.2065247522E-04   2.5049269054E-04   4.8271803817E-03   1.0022132620E-04
    3      4.3190347043E-03  -3.3086381829E-01   4.9323931842E-02  -1.9753900810E-03  -4.1650338315E-02
    4     -2.1520145766E-04  -1.0425545403E-02  -1.2447738212E-01  -1.5386502607E-04  -1.9796658622E-02
    5      1.1231743829E-01  -2.0381820426E-03   1.2071114794E-04  -5.3617058615E-02  -5.0547213151E-04
    6     -2.0381820426E-03   6.7870747558E-01  -3.6687808352E-02   3.3564061075E-03  -1.6785504358E-01
    7      1.2071114794E-04  -3.6687808352E-02   7.2116405794E-01   7.6104155548E-04  -1.2670197575E-01
    8     -5.3617058615E-02   3.3564061075E-03   7.6104155548E-04   1.2304077315E-01  -4.8635048585E-04
    9     -5.0547213151E-04  -1.6785504358E-01  -1.2670197575E-01  -4.8635048585E-04   4.7615587407E-01
   10     -3.7604354584E-04  -7.1998037970E-02  -2.7303488024E-01  -8.8029325417E-04   4.1134224573E-02
   11      5.9112465275E-03  -1.5886578181E-03  -1.9422802833E-03  -5.4289720676E-02   2.2841901840E-03
   12     -3.5139959820E-04   6.0188609537E-02   7.2587027223E-03   4.5331285133E-04  -1.2879588404E-01
   13      1.5363657373E-04  -3.2790252405E-02  -5.2846063693E-02   2.5801385940E-04   9.3854967293E-02
   14     -3.0273743610E-03   9.2189024005E-04  -4.9043190146E-04   3.0276916654E-03  -1.6610461376E-03
   15      4.1808811069E-04  -4.4213994059E-02  -1.7045048903E-02  -4.0616898406E-04  -1.9739541162E-02
   16      2.2753958812E-05  -2.3621178231E-02  -1.0998538220E-02  -9.7181619274E-05   2.6404250524E-02
   17      6.5395361516E-03   1.7566083497E-04   2.4590797398E-04  -3.0670278373E-03  -1.6581039828E-04
   18      2.6452164354E-05  -6.6695494911E-03   3.6043798311E-03   3.7782833086E-04   1.1572928278E-02
   19      1.8580831957E-04   7.6963380522E-03   2.8989416957E-03  -6.5276340569E-05  -2.3466696748E-02
   20     -1.2080836111E-03   2.0104904339E-04   2.5454284834E-03   4.2981102173E-03   1.3331193794E-04
   21      4.3976388331E-05  -4.3754628469E-02   2.3937996205E-03  -2.4589537374E-04  -1.2922634438E-01
   22     -1.6341584701E-05  -2.2304878798E-02   6.2921848371E-03   2.1822894973E-05   8.5910583324E-03
   23      4.7772196268E-03   6.5767712389E-05   5.8871236867E-05   2.5881576847E-03  -7.0757392159E-04
   24     -1.3336803970E-04   1.1070134942E-03   3.0583851504E-03  -4.2306767912E-05   9.0225191820E-04
   25      2.8895976000E-04   2.1874411779E-03  -5.2544671757E-03   8.5323827813E-06  -3.9826597026E-04
   26      1.4727680096E-03  -5.4501282940E-05   3.7711027910E-05   7.1265518895E-03   4.4514992936E-05
   27     -8.7687114464E-04  -1.4489045590E-02  -2.7340136401E-02  -9.2958393519E-05  -3.5396769860E-03
   28     -8.2938636623E-04   3.8146282428E-03   5.3631626256E-03   1.7860896488E-05   1.0100989817E-03
   29     -2.8068990427E-02  -1.7352223462E-04  -1.9704471313E-04   5.1759936245E-05  -4.7558189583E-06
   30      4.0411139742E-06  -1.0765967981E-01   1.1083184249E-01  -1.9472663823E-04   8.5228587443E-03
   31     -3.7785222649E-05   1.0748003984E-01  -2.8543985048E-01   1.8176978240E-04   1.3661124666E-02
   32      2.3862882083E-03  -2.3704202454E-06   2.2629804993E-04  -3.3744548144E-02   1.7285712898E-05
   33     -3.2598972990E-05  -1.2339340715E-03  -8.2123174857E-04  -2.6853682728E-06  -4.0671464466E-03
   34     -1.2061089946E-04  -6.4564762370E-04   5.3511463356E-04   1.0882512622E-05   2.6534499960E-04
   35      6.8714748631E-03   3.6922882926E-05  -2.1296129068E-05  -8.8470027867E-04  -1.7441172465E-04
   36      6.9280272379E-05  -1.0339983725E-03  -2.1575377924E-04  -2.8342812223E-04   1.5789055611E-03
   37      6.7132960393E-05   1.6114762027E-04   3.7516373984E-05  -2.4403366991E-04  -3.6853921820E-03
   38     -3.5370018761E-05  -4.2990150595E-05  -2.2197483911E-04  -6.3727376761E-04   1.5866012359E-03
   39      1.3753796867E-04   8.9386892430E-04  -3.2269635857E-04  -3.7193025278E-04  -4.1057788034E-03
   40      7.8474569346E-05   1.3104295597E-03  -1.2146100627E-03  -3.6762101110E-04  -4.1382880154E-03
   41      8.8617686698E-05  -5.4176883919E-04  -1.3785547262E-03   1.2801043964E-03  -4.6470943184E-04
                   10                 11                 12                 13                 14        
    0     -1.3850511979E-03   1.5825303549E-05  -3.7491957139E-02  -2.6539654718E-02  -1.0784960643E-03
    1     -6.0329666749E-02   5.2364431032E-04  -6.6967460929E-02   4.3375503155E-02  -2.7507382959E-04
    2      4.9412205240E-05  -3.4994536038E-03   1.8932793566E-04  -1.3157897517E-04   5.7238749194E-04
    3     -7.0428762312E-02   4.2763055155E-04  -3.9114665780E-02   3.5285136634E-02   2.2398126253E-04
    4      3.5012191474E-02  -3.4021147047E-04   3.5444686128E-02  -1.7894781983E-02   9.6907825219E-04
    5     -3.7604354584E-04   5.9112465275E-03  -3.5139959820E-04   1.5363657373E-04  -3.0273743610E-03
    6     -7.1998037970E-02  -1.5886578181E-03   6.0188609537E-02  -3.2790252405E-02   9.2189024005E-04
    7     -2.7303488024E-01  -1.9422802833E-03   7.2587027223E-03  -5.2846063693E-02  -4.9043190146E-04
    8     -8.8029325417E-04  -5.4289720676E-02   4.5331285133E-04   2.5801385940E-04   3.0276916654E-03
    9      4.1134224573E-02   2.2841901840E-03  -1.2879588404E-01   9.3854967293E-02  -1.6610461376E-03
   10      6.5561441477E-01   2.0434947641E-03   3.2030756795E-02  -2.6301169881E-01   9.7164686917E-04
   11      2.0434947641E-03   1.0971504548E-01   5.1453053191E-05   1.0228303779E-03  -6.5658457366E-02
   12      3.2030756795E-02   5.1453053191E-05   6.8211864222E-01   2.2037415267E-02   1.6820903203E-03
   13     -2.6301169881E-01   1.0228303779E-03   2.2037415267E-02   6.9808394967E-01  -4.8818228056E-03
   14      9.7164686917E-04  -6.5658457366E-02   1.6820903203E-03  -4.8818228056E-03   1.5679461289E-01
   15      6.8008370017E-02  -2.0559830806E-04  -2.9208225862E-01  -8.3203304010E-03  -1.2017747266E-03
   16      2.1552199781E-02  -3.9115296926E-05   5.5831583015E-02  -1.3025182499E-01  -6.5622180568E-04
   17      1.1077630374E-04   6.0424139594E-03  -1.3822490246E-03   1.2590238123E-03  -6.3586361424E-02
   18      6.9180502161E-03   5.3939885301E-04  -1.8226649664E-01  -8.5273227837E-02  -1.2808426425E-02
   19     -5.3365372621E-02  -2.0650434253E-03  -8.4565373535E-02  -2.4507551676E-01  -1.6010003603E-02
   20     -4.0206924085E-03   6.7765282794E-03   1.2700099144E-02   2.0242579782E-02  -3.9489759785E-02
   21      1.3173154643E-02  -2.4930048646E-04  -4.0401589318E-02  -4.3321943081E-04  -4.6167073951E-04
   22     -4.3131140940E-02   9.2763805181E-05   2.4515319828E-02  -3.0286659580E-03  -8.4361040933E-05
   23      6.7248165609E-05  -2.1931837561E-02   4.6350303332E-05   1.4499926135E-04   4.3683662295E-03
   24     -2.3802315778E-04   7.5517408561E-06   6.5260390744E-04  -3.3101187809E-03  -8.1093817527E-05
   25     -1.5374684624E-03   5.4689238330E-06  -2.8530564321E-03  -4.0913328961E-03  -1.3125509014E-04
   26     -1.7709619066E-05  -8.0496378774E-04  -3.9400619743E-05   1.9604697344E-05   7.8494348940E-03
   27      2.0602073145E-03  -6.1050181609E-05  -9.3236370895E-04   8.7514059077E-04  -2.4176342043E-05
   28      1.6056924531E-03   1.1671780533E-05   9.3655675306E-04  -1.4326493790E-04  -4.7387828254E-05
   29      4.6776794222E-05   6.8854195074E-03  -1.1877195787E-06   1.2561899122E-05  -9.7053737165E-04
   30     -1.7242061280E-02  -4.6766110786E-05  -1.9542199240E-03  -3.0518683767E-03  -9.5753357111E-05
   31     -1.9876509941E-02  -2.6221500299E-05  -4.1753409937E-03  -1.8577542266E-03  -7.4157333873E-05
   32     -1.8464997254E-04   2.7852224137E-03  -3.2701414341E-06   4.1028574122E-05   5.8244979286E-03
   33     -1.2255881336E-03  -1.3954347426E-04  -9.6903647690E-03   3.0324752354E-02   5.8797091509E-05
   34      1.5202502729E-03  -2.6282605656E-05  -1.3369251250E-03  -2.7072100539E-03  -2.4907858107E-05
   35     -2.4470978972E-05   5.5425393360E-03  -2.9352529191E-04   2.5385057208E-04   3.7874791212E-03
   36      3.0850298579E-03  -7.3720015716E-04  -2.3508389348E-02  -3.2432135552E-03   6.3238257320E-03
   37     -3.5545741851E-05  -7.7942606896E-05  -3.0278946956E-02   9.2388483997E-03   1.0072766282E-02
   38      1.3415088733E-03   6.8055722335E-04  -1.0723149129E-02  -5.3991284610E-03  -5.0512267506E-03
   39     -3.7218530126E-03  -2.9392848929E-04   1.3278333621E-02  -1.9739984635E-02   8.2427593383E-03
   40     -9.8246524369E-04   7.9520993654E-04   1.2446541461E-02  -2.9790186920E-02   1.0697053052E-02
   41      8.9500909424E-04   1.8454602717E-03  -2.3693584584E-03  -1.3030520527E-02  -4.4407531674E-03
                   15                 16                 17                 18                 19        
    0     -1.9884998242E-01  -1.3223992453E-01  -1.5708094458E-03  -1.2527529563E-03   5.7351116530E-03
    1     -7.8731749604E-02  -2.7326628121E-01  -2.0086538190E-03   1.0680958704E-02  -7.0869903672E-04
    2     -1.2599076319E-03  -8.3609935951E-04  -5.1233281765E-02  -6.2802707837E-04   9.8408374617E-04
    3      5.1992560206E-02   8.5515000098E-03  -3.1415015560E-04   1.5863798440E-03  -5.8718552070E-03
    4     -3.1886266766E-02  -5.9597712588E-02   3.2707835914E-04  -6.8667659998E-03  -3.4616706999E-03
    5      4.1808811069E-04   2.2753958812E-05   6.5395361516E-03   2.6452164354E-05   1.8580831957E-04
    6     -4.4213994059E-02  -2.3621178231E-02   1.7566083497E-04  -6.6695494911E-03   7.6963380522E-03
    7     -1.7045048903E-02  -1.0998538220E-02   2.4590797398E-04   3.6043798311E-03   2.8989416957E-03
    8     -4.0616898406E-04  -9.7181619274E-05  -3.0670278373E-03   3.7782833086E-04  -6.5276340569E-05
    9     -1.9739541162E-02   2.6404250524E-02  -1.6581039828E-04   1.1572928278E-02  -2.3466696748E-02
   10      6.8008370017E-02   2.1552199781E-02   1.1077630374E-04   6.9180502161E-03  -5.3365372621E-02
   11     -2.0559830806E-04  -3.9115296926E-05   6.0424139594E-03   5.3939885301E-04  -2.0650434253E-03
   12     -2.9208225862E-01   5.5831583015E-02  -1.3822490246E-03  -1.8226649664E-01  -8.4565373535E-02
   13     -8.3203304010E-03  -1.3025182499E-01   1.2590238123E-03  -8.5273227837E-02  -2.4507551676E-01
   14     -1.2017747266E-03  -6.5622180568E-04  -6.3586361424E-02  -1.2808426425E-02  -1.6010003603E-02
   15      6.5710888978E-01   1.4761745414E-03   5.3821341226E-03  -4.0848617890E-02  -1.4816933608E-02
   16      1.4761745414E-03   7.3409045278E-01   3.0001869674E-03  -4.7249506429E-02   2.4249464877E-03
   17      5.3821341226E-03   3.0001869674E-03   1.1596385356E-01  -3.0622424750E-03  -8.9292370578E-04
   18     -4.0848617890E-02  -4.7249506429E-02  -3.0622424750E-03   7.4604342925E-01  -7.0852350422E-02
   19     -1.4816933608E-02   2.4249464877E-03  -8.9292370578E-04  -7.0852350422E-02   6.8634528289E-01
   20     -4.6307088927E-03   5.6140747489E-04   7.4318879558E-03  -6.8465701825E-02  -1.3181627404E-01
   21      5.3588224721E-03   6.4224596064E-03  -2.5989187517E-05   4.3842548688E-03  -1.7086408645E-04
   22     -2.4763479535E-04  -4.6386112726E-03   3.8691326058E-05   5.3871817540E-03  -1.8570717119E-03
   23      2.1603430409E-05  -6.1373057162E-05   4.0718179751E-03  -4.9845065497E-04   8.9165704665E-05
   24     -1.4709223445E-02   4.1639274015E-03  -1.7651076206E-04  -1.1650385906E-03   2.2188238436E-04
   25     -2.6353289897E-02   6.1919854513E-03  -2.4760909527E-04  -1.2475817155E-03   6.2651915107E-04
   26     -8.5082560712E-05  -1.6256903865E-05   1.1902906185E-03  -1.7604185378E-05  -8.4116064057E-05
   27     -5.3475608814E-05   2.8675631939E-03  -6.1640319122E-05   3.5698812757E-04  -3.5127520487E-05
   28      4.1199923233E-03  -3.5978136430E-03   5.8366941330E-05  -1.2021647286E-04   2.7072536083E-04
   29     -8.9277396352E-05   3.0383405548E-05   6.6522104155E-03   5.4742898303E-05  -1.6157734602E-04
   30     -8.3399436795E-04  -9.3483937705E-04   2.5693513811E-05   5.9248590309E-04  -8.2429239395E-04
   31     -7.2989095484E-04   4.8355255873E-04  -1.1334892851E-05   8.4991784126E-04  -1.0263914143E-03
   32     -2.9733730371E-05   3.2987200923E-05  -1.0456497156E-03   2.4494421648E-05  -9.7677743616E-05
   33     -1.0608070085E-01   1.0369627786E-01   2.7017924868E-04   2.0622127487E-03   9.2261651059E-04
   34      1.0390956128E-01  -2.7960266435E-01  -7.2715830274E-04  -8.4067366999E-04   1.9570083204E-03
   35      2.8157005023E-04  -1.3781228821E-03  -3.0477859184E-02   5.5096502380E-04  -7.4644973615E-04
   36      1.9318498857E-03  -2.9232732772E-03   9.8716350364E-04  -3.9350960004E-01   4.6352127547E-02
   37     -2.4401367033E-03  -6.0813283482E-03  -9.0830742646E-05   4.9714291816E-02  -7.2730220639E-02
   38      8.1056138411E-04  -5.9690538824E-04   1.9549911558E-03   1.4766311100E-01  -3.8739939909E-03
   39      1.0196660738E-03  -2.5025523458E-03  -1.1407576796E-04  -1.4088662341E-01   1.3967063492E-01
   40      3.1147215036E-03   3.2916375698E-03  -1.0627829941E-03   1.3530032484E-01  -3.1629848102E-01
   41      1.0269414450E-03   3.4819173640E-05  -4.3682186620E-04  -6.3714545562E-02   1.5461048905E-01
                   20                 21                 22                 23                 24        
    0      1.9962219214E-03  -2.3135247119E-03  -3.5585311870E-04  -2.2347505841E-05  -3.3062083679E-01
    1      9.1847750022E-04  -6.1587835698E-04   2.9824821396E-04  -3.4253313283E-05   2.8546060685E-02
    2      4.8635970279E-03  -3.7694937983E-05   3.4191460536E-05  -6.6161829223E-04  -2.5410886486E-03
    3     -1.6941692930E-03   3.4656483931E-03  -2.1541389423E-04  -5.1461933620E-05  -9.3967575257E-03
    4     -2.1520918095E-03  -5.9263163055E-03  -2.6211406254E-03   9.0656484352E-06  -1.1972874339E-03
    5     -1.2080836111E-03   4.3976388331E-05  -1.6341584701E-05   4.7772196268E-03  -1.3336803970E-04
    6      2.0104904339E-04  -4.3754628469E-02  -2.2304878798E-02   6.5767712389E-05   1.1070134942E-03
    7      2.5454284834E-03   2.3937996205E-03   6.2921848371E-03   5.8871236867E-05   3.0583851504E-03
    8      4.2981102173E-03  -2.4589537374E-04   2.1822894973E-05   2.5881576847E-03  -4.2306767912E-05
    9      1.3331193794E-04  -1.2922634438E-01   8.5910583324E-03  -7.0757392159E-04   9.0225191820E-04
   10     -4.0206924085E-03   1.3173154643E-02  -4.3131140940E-02   6.7248165609E-05  -2.3802315778E-04
   11      6.7765282794E-03  -2.4930048646E-04   9.2763805181E-05  -2.1931837561E-02   7.5517408561E-06
   12      1.2700099144E-02  -4.0401589318E-02   2.4515319828E-02   4.6350303332E-05   6.5260390744E-04
   13      2.0242579782E-02  -4.3321943081E-04  -3.0286659580E-03   1.4499926135E-04  -3.3101187809E-03
   14     -3.9489759785E-02  -4.6167073951E-04  -8.4361040933E-05   4.3683662295E-03  -8.1093817527E-05
   15     -4.6307088927E-03   5.3588224721E-03  -2.4763479535E-04   2.1603430409E-05  -1.4709223445E-02
   16      5.6140747489E-04   6.4224596064E-03  -4.6386112726E-03  -6.1373057162E-05   4.1639274015E-03
   17      7.4318879558E-03  -2.5989187517E-05   3.8691326058E-05   4.0718179751E-03  -1.7651076206E-04
   18     -6.8465701825E-02   4.3842548688E-03   5.3871817540E-03  -4.9845065497E-04  -1.1650385906E-03
   19     -1.3181627404E-01  -1.7086408645E-04  -1.8570717119E-03   8.9165704665E-05   2.2188238436E-04
   20      1.2837854794E-01   1.3195788653E-03   1.1072329968E-03  -1.7224099430E-03   5.3685124172E-05
   21      1.3195788653E-03   2.0537352303E-01  -1.7715695498E-02   9.2509367234E-04  -1.5350981548E-05
   22      1.1072329968E-03  -1.7715695498E-02   4.8524876953E-02  -3.9982828045E-04  -1.9915083992E-05
   23     -1.7224099430E-03   9.2509367234E-04  -3.9982828045E-04   1.2625918077E-02   6.6646853076E-06
   24      5.3685124172E-05  -1.5350981548E-05  -1.9915083992E-05   6.6646853076E-06   3.5235070089E-01
   25      1.7955011668E-04   5.4607269452E-05   2.1806195234E-04  -2.6872532784E-06  -3.0909321529E-02
   26      1.7525612477E-04   1.5055106466E-05  -2.2281019445E-05  -8.0052572585E-04   2.8522771087E-03
   27      5.3211026379E-05  -1.8580436135E-03  -8.5061710667E-04   1.0895833331E-06   7.1749654415E-04
   28      9.1741591662E-05   3.8583241522E-04   1.4027570966E-04   8.8663718937E-07   1.2916110124E-04
   29     -5.1049850372E-04  -8.7061207348E-06  -3.5501383499E-05   5.3925049785E-04   5.0706234549E-05
   30      1.6970292235E-04   9.9300255122E-04  -1.0038446725E-03  -1.7230334103E-05  -6.0369025399E-04
   31      1.1748053362E-04   4.7736557721E-04   1.1179866199E-03  -2.8251878083E-05  -1.3795941199E-04
   32      2.3904292954E-04   1.2961526987E-05  -1.5017369484E-06  -2.9728083899E-03  -8.0479711291E-06
   33     -3.7634667518E-04  -1.8749092346E-03   1.2762979302E-03   2.9794078505E-06   8.5754656012E-04
   34     -7.7342403741E-05  -7.3212889989E-05   1.8857179781E-04  -6.2377047069E-06  -1.1671153677E-04
   35     -2.9249389985E-03  -1.3681073654E-05   1.2240161770E-05  -1.1620406419E-04   3.9258274175E-05
   36      1.0942611701E-01  -3.3781873880E-04   1.2926672746E-03   1.7553864408E-05  -9.0455359445E-05
   37     -4.3557721762E-03   2.6195366348E-03  -1.5990274135E-03   1.2449500201E-05  -2.8032002859E-04
   38     -4.6498162540E-02  -1.0459202403E-03  -9.7657786569E-05  -7.7013160412E-04  -6.0424798152E-05
   39     -5.0928044793E-02   2.0695813671E-04   1.5992723856E-03   1.9347170409E-04   1.3739631451E-05
   40      1.1660206353E-01  -5.3951373660E-04   9.5451837399E-05   1.5799635611E-04   8.5969327444E-05
   41     -5.9809117095E-02  -2.1131741283E-04  -6.5752083623E-04   4.8054890119E-06   2.9706800060E-05
                   25                 26                 27                 28                 29        
    0      2.9078942800E-02  -2.5738558729E-03   1.1200349264E-02  -1.9149044576E-02   8.4913358993E-05
    1     -6.1460637269E-02   3.7440637481E-04   1.1802702114E-02  -1.8362102483E-02   1.3243549930E-04
    2      3.0912267962E-04  -3.3114121120E-02   7.6801669775E-05  -1.3933219017E-04  -1.9650563460E-04
    3      2.9349921579E-02  -1.0836388794E-04  -1.4939004827E-01  -1.3139185752E-01  -8.4667028648E-04
    4      2.4528994524E-03  -6.5465634461E-05  -1.3129239299E-01  -2.4454176250E-01  -9.1138681126E-04
    5      2.8895976000E-04   1.4727680096E-03  -8.7687114464E-04  -8.2938636623E-04  -2.8068990427E-02
    6      2.1874411779E-03  -5.4501282940E-05  -1.4489045590E-02   3.8146282428E-03  -1.7352223462E-04
    7     -5.2544671757E-03   3.7711027910E-05  -2.7340136401E-02   5.3631626256E-03  -1.9704471313E-04
    8      8.5323827813E-06   7.1265518895E-03  -9.2958393519E-05   1.7860896488E-05   5.1759936245E-05
    9     -3.9826597026E-04   4.4514992936E-05  -3.5396769860E-03   1.0100989817E-03  -4.7558189583E-06
   10     -1.5374684624E-03  -1.7709619066E-05   2.0602073145E-03   1.6056924531E-03   4.6776794222E-05
   11      5.4689238330E-06  -8.0496378774E-04  -6.1050181609E-05   1.1671780533E-05   6.8854195074E-03
   12     -2.8530564321E-03  -3.9400619743E-05  -9.3236370895E-04   9.3655675306E-04  -1.1877195787E-06
   13     -4.0913328961E-03   1.9604697344E-05   8.7514059077E-04  -1.4326493790E-04   1.2561899122E-05
   14     -1.3125509014E-04   7.8494348940E-03  -2.4176342043E-05  -4.7387828254E-05  -9.7053737165E-04
   15     -2.6353289897E-02  -8.5082560712E-05  -5.3475608814E-05   4.1199923233E-03  -8.9277396352E-05
   16      6.1919854513E-03  -1.6256903865E-05   2.8675631939E-03  -3.5978136430E-03   3.0383405548E-05
   17     -2.4760909527E-04   1.1902906185E-03  -6.1640319122E-05   5.8366941330E-05   6.6522104155E-03
   18     -1.2475817155E-03  -1.7604185378E-05   3.5698812757E-04  -1.2021647286E-04   5.4742898303E-05
   19      6.2651915107E-04  -8.4116064057E-05  -3.5127520487E-05   2.7072536083E-04  -1.6157734602E-04
   20      1.7955011668E-04   1.7525612477E-04   5.3211026379E-05   9.1741591662E-05  -5.1049850372E-04
   21      5.4607269452E-05   1.5055106466E-05  -1.8580436135E-03   3.8583241522E-04  -8.7061207348E-06
   22      2.1806195234E-04  -2.2281019445E-05  -8.5061710667E-04   1.4027570966E-04  -3.5501383499E-05
   23     -2.6872532784E-06  -8.0052572585E-04   1.0895833331E-06   8.8663718937E-07   5.3925049785E-04
   24     -3.0909321529E-02   2.8522771087E-03   7.1749654415E-04   1.2916110124E-04   5.0706234549E-05
   25      6.1224317001E-02  -3.1622321154E-04  -5.0983189548E-04   1.0102029604E-03  -1.5601881392E-05
   26     -3.1622321154E-04   2.4370144391E-02   4.2922893839E-05   6.4911539333E-07  -3.5727810984E-03
   27     -5.0983189548E-04   4.2922893839E-05   1.5653116778E-01   1.4147227771E-01   9.5024062464E-04
   28      1.0102029604E-03   6.4911539333E-07   1.4147227771E-01   2.5872643450E-01   9.0815197981E-04
   29     -1.5601881392E-05  -3.5727810984E-03   9.5024062464E-04   9.0815197981E-04   2.2642111144E-02
   30      1.5143912744E-03  -1.2184831412E-05   1.1188492435E-03  -3.2239675278E-04   2.7651968651E-05
   31     -4.4000502388E-05  -4.1056739048E-06   1.9330418367E-04   6.6435873382E-04   2.9610256171E-05
   32      8.0130572850E-06   1.8467468360E-04   3.1240896889E-05  -5.3192457073E-07  -3.9366598208E-03
   33      3.4123243183E-04   4.1553013089E-05   4.0628420416E-04  -9.6450050795E-04   1.5192681653E-05
   34      9.6285129447E-04   5.1053210056E-05   6.8990983452E-04  -1.1701833170E-03   1.2261501883E-05
   35      9.6651799682E-07  -3.9651445140E-03  -6.5656411817E-06   7.9175626167E-06   6.0584908014E-04
   36     -2.6172939822E-04  -5.7666320298E-05  -4.1265558903E-05  -2.1686577117E-05   3.8776786075E-05
   37     -3.7384314251E-04  -7.1843349518E-06   1.1626113848E-04  -1.4312227393E-05  -1.7324635844E-05
   38     -9.1746941101E-05  -1.2121849732E-04  -3.2669187222E-05  -2.0108117925E-05  -8.3370946443E-05
   39      1.0811216043E-05  -4.4672716523E-05  -2.7215832491E-05   1.0952478279E-04  -1.0357739973E-04
   40      7.4912185351E-05   4.9050874810E-05  -5.7630065629E-05   4.8586759823E-05   1.5931578196E-04
   41      5.3771954946E-06   9.6341319292E-06   5.8969380632E-06  -5.3560424734E-05  -3.7256778638E-05
                   30                 31                 32                 33                 34        
    0     -5.9948528663E-03   1.5017164304E-04  -8.5846329379E-05   1.1635378955E-02   1.3722904335E-02
    1     -5.1060657988E-04   1.9223209794E-03  -8.4576656337E-05  -1.7218370840E-02  -1.9816819376E-02
    2     -1.0855806821E-04  -1.4448800155E-05   7.1726985685E-03  -5.3386214270E-05   7.4126595719E-06
    3     -7.5341724691E-03  -3.9399740963E-04  -2.6624706330E-04  -1.2736365318E-03  -4.8081839748E-03
    4      2.9031135401E-02   1.6692735117E-03   2.3092942839E-04  -3.5499814875E-03  -2.2788290449E-03
    5      4.0411139742E-06  -3.7785222649E-05   2.3862882083E-03  -3.2598972990E-05  -1.2061089946E-04
    6     -1.0765967981E-01   1.0748003984E-01  -2.3704202454E-06  -1.2339340715E-03  -6.4564762370E-04
    7      1.1083184249E-01  -2.8543985048E-01   2.2629804993E-04  -8.2123174857E-04   5.3511463356E-04
    8     -1.9472663823E-04   1.8176978240E-04  -3.3744548144E-02  -2.6853682728E-06   1.0882512622E-05
    9      8.5228587443E-03   1.3661124666E-02   1.7285712898E-05  -4.0671464466E-03   2.6534499960E-04
   10     -1.7242061280E-02  -1.9876509941E-02  -1.8464997254E-04  -1.2255881336E-03   1.5202502729E-03
   11     -4.6766110786E-05  -2.6221500299E-05   2.7852224137E-03  -1.3954347426E-04  -2.6282605656E-05
   12     -1.9542199240E-03  -4.1753409937E-03  -3.2701414341E-06  -9.6903647690E-03  -1.3369251250E-03
   13     -3.0518683767E-03  -1.8577542266E-03   4.1028574122E-05   3.0324752354E-02  -2.7072100539E-03
   14     -9.5753357111E-05  -7.4157333873E-05   5.8244979286E-03   5.8797091509E-05  -2.4907858107E-05
   15     -8.3399436795E-04  -7.2989095484E-04  -2.9733730371E-05  -1.0608070085E-01   1.0390956128E-01
   16     -9.3483937705E-04   4.8355255873E-04   3.2987200923E-05   1.0369627786E-01  -2.7960266435E-01
   17      2.5693513811E-05  -1.1334892851E-05  -1.0456497156E-03   2.7017924868E-04  -7.2715830274E-04
   18      5.9248590309E-04   8.4991784126E-04   2.4494421648E-05   2.0622127487E-03  -8.4067366999E-04
   19     -8.2429239395E-04  -1.0263914143E-03  -9.7677743616E-05   9.2261651059E-04   1.9570083204E-03
   20      1.6970292235E-04   1.1748053362E-04   2.3904292954E-04  -3.7634667518E-04  -7.7342403741E-05
   21      9.9300255122E-04   4.7736557721E-04   1.2961526987E-05  -1.8749092346E-03  -7.3212889989E-05
   22     -1.0038446725E-03   1.1179866199E-03  -1.5017369484E-06   1.2762979302E-03   1.8857179781E-04
   23     -1.7230334103E-05  -2.8251878083E-05  -2.9728083899E-03   2.9794078505E-06  -6.2377047069E-06
   24     -6.0369025399E-04  -1.3795941199E-04  -8.0479711291E-06   8.5754656012E-04  -1.1671153677E-04
   25      1.5143912744E-03  -4.4000502388E-05   8.0130572850E-06   3.4123243183E-04   9.6285129447E-04
   26     -1.2184831412E-05  -4.1056739048E-06   1.8467468360E-04   4.1553013089E-05   5.1053210056E-05
   27      1.1188492435E-03   1.9330418367E-04   3.1240896889E-05   4.0628420416E-04   6.8990983452E-04
   28     -3.2239675278E-04   6.6435873382E-04  -5.3192457073E-07  -9.6450050795E-04  -1.1701833170E-03
   29      2.7651968651E-05   2.9610256171E-05  -3.9366598208E-03   1.5192681653E-05   1.2261501883E-05
   30      1.1327332342E-01  -1.1719963273E-01   3.1709482350E-04   6.7502139583E-05   7.6962314557E-05
   31     -1.1719963273E-01   3.0277718383E-01  -1.2185149574E-04   2.9391112142E-05  -2.2180747619E-05
   32      3.1709482350E-04  -1.2185149574E-04   2.3858430577E-02   1.1180316826E-05   6.1467011884E-07
   33      6.7502139583E-05   2.9391112142E-05   1.1180316826E-05   1.1016019026E-01  -1.1175613747E-01
   34      7.6962314557E-05  -2.2180747619E-05   6.1467011884E-07  -1.1175613747E-01   3.0009379556E-01
   35      4.6336062848E-06   2.7877442418E-06  -6.5817836758E-04  -4.4789958466E-04   8.6756605236E-04
   36      1.5194774894E-04   1.1530454785E-04   2.8448607100E-05   1.6394335457E-04   5.1138431910E-05
   37     -5.4548598916E-05  -8.0820989891E-05  -4.6856838500E-06  -6.1150640544E-05   1.2846727781E-04
   38      2.0379512150E-05   8.1677906590E-05   6.0301833984E-05   1.0983651869E-04  -7.9338883915E-05
   39     -1.3936006317E-04  -2.9073123795E-04  -5.0005494368E-05  -1.1323663160E-03   8.6639560684E-04
   40     -3.3930738239E-04  -2.8716793198E-04  -4.0247181161E-05  -9.9833189426E-04   2.1182773300E-04
   41     -9.1163276492E-05  -9.9318011460E-05  -1.5331270541E-04   5.4054236006E-04   1.1721831379E-04
                   35                 36                 37                 38                 39        
    0      8.0550274459E-05  -1.2030118766E-03  -1.0702885918E-03  -9.7441455139E-04  -1.0563500850E-04
    1      8.2199441270E-05  -6.9440660366E-05   1.3015605191E-03  -8.4161009866E-04   6.1721509827E-04
    2      9.2241069594E-04  -3.4176176458E-04  -2.8918469453E-04   1.7185438887E-03   3.9314044244E-04
    3      2.4515143469E-06   3.6907232897E-04   1.8120759885E-04   1.4298243378E-04  -1.9026410333E-04
    4      2.2715283974E-06   7.2213925481E-04  -3.9562295461E-04   9.0103582974E-04  -3.6963834227E-04
    5      6.8714748631E-03   6.9280272379E-05   6.7132960393E-05  -3.5370018761E-05   1.3753796867E-04
    6      3.6922882926E-05  -1.0339983725E-03   1.6114762027E-04  -4.2990150595E-05   8.9386892430E-04
    7     -2.1296129068E-05  -2.1575377924E-04   3.7516373984E-05  -2.2197483911E-04  -3.2269635857E-04
    8     -8.8470027867E-04  -2.8342812223E-04  -2.4403366991E-04  -6.3727376761E-04  -3.7193025278E-04
    9     -1.7441172465E-04   1.5789055611E-03  -3.6853921820E-03   1.5866012359E-03  -4.1057788034E-03
   10     -2.4470978972E-05   3.0850298579E-03  -3.5545741851E-05   1.3415088733E-03  -3.7218530126E-03
   11      5.5425393360E-03  -7.3720015716E-04  -7.7942606896E-05   6.8055722335E-04  -2.9392848929E-04
   12     -2.9352529191E-04  -2.3508389348E-02  -3.0278946956E-02  -1.0723149129E-02   1.3278333621E-02
   13      2.5385057208E-04  -3.2432135552E-03   9.2388483997E-03  -5.3991284610E-03  -1.9739984635E-02
   14      3.7874791212E-03   6.3238257320E-03   1.0072766282E-02  -5.0512267506E-03   8.2427593383E-03
   15      2.8157005023E-04   1.9318498857E-03  -2.4401367033E-03   8.1056138411E-04   1.0196660738E-03
   16     -1.3781228821E-03  -2.9232732772E-03  -6.0813283482E-03  -5.9690538824E-04  -2.5025523458E-03
   17     -3.0477859184E-02   9.8716350364E-04  -9.0830742646E-05   1.9549911558E-03  -1.1407576796E-04
   18      5.5096502380E-04  -3.9350960004E-01   4.9714291816E-02   1.4766311100E-01  -1.4088662341E-01
   19     -7.4644973615E-04   4.6352127547E-02  -7.2730220639E-02  -3.8739939909E-03   1.3967063492E-01
   20     -2.9249389985E-03   1.0942611701E-01  -4.3557721762E-03  -4.6498162540E-02  -5.0928044793E-02
   21     -1.3681073654E-05  -3.3781873880E-04   2.6195366348E-03  -1.0459202403E-03   2.0695813671E-04
   22      1.2240161770E-05   1.2926672746E-03  -1.5990274135E-03  -9.7657786569E-05   1.5992723856E-03
   23     -1.1620406419E-04   1.7553864408E-05   1.2449500201E-05  -7.7013160412E-04   1.9347170409E-04
   24      3.9258274175E-05  -9.0455359445E-05  -2.8032002859E-04  -6.0424798152E-05   1.3739631451E-05
   25      9.6651799682E-07  -2.6172939822E-04  -3.7384314251E-04  -9.1746941101E-05   1.0811216043E-05
   26     -3.9651445140E-03  -5.7666320298E-05  -7.1843349518E-06  -1.2121849732E-04  -4.4672716523E-05
   27     -6.5656411817E-06  -4.1265558903E-05   1.1626113848E-04  -3.2669187222E-05  -2.7215832491E-05
   28      7.9175626167E-06  -2.1686577117E-05  -1.4312227393E-05  -2.0108117925E-05   1.0952478279E-04
   29      6.0584908014E-04   3.8776786075E-05  -1.7324635844E-05  -8.3370946443E-05  -1.0357739973E-04
   30      4.6336062848E-06   1.5194774894E-04  -5.4548598916E-05   2.0379512150E-05  -1.3936006317E-04
   31      2.7877442418E-06   1.1530454785E-04  -8.0820989891E-05   8.1677906590E-05  -2.9073123795E-04
   32     -6.5817836758E-04   2.8448607100E-05  -4.6856838500E-06   6.0301833984E-05  -5.0005494368E-05
   33     -4.4789958466E-04   1.6394335457E-04  -6.1150640544E-05   1.0983651869E-04  -1.1323663160E-03
   34      8.6756605236E-04   5.1138431910E-05   1.2846727781E-04  -7.9338883915E-05   8.6639560684E-04
   35      2.1695896734E-02   1.3537327465E-04   4.9244058704E-05  -7.1650827192E-04  -1.9344193353E-04
   36      1.3537327465E-04   4.2312769075E-01  -4.2887619873E-02  -1.2121932172E-01  -7.5988703343E-03
   37      4.9244058704E-05  -4.2887619873E-02   7.0600925938E-02   7.5136314577E-03   2.7978600703E-02
   38     -7.1650827192E-04  -1.2121932172E-01   7.5136314577E-03   4.9182976727E-02  -1.6185757482E-02
   39     -1.9344193353E-04  -7.5988703343E-03   2.7978600703E-02  -1.6185757482E-02   1.3877354748E-01
   40      8.8616582479E-04  -2.0083317315E-03   3.4029481423E-06   1.3675449875E-03  -1.4386539360E-01
   41      3.1788384864E-04   5.5640142153E-03  -1.2611200261E-02   3.1589156853E-04   5.9336681573E-02
                   40                 41        
     0     -3.4383990772E-04  -1.1799224241E-04
     1     -1.1428263810E-03   2.1896356456E-04
     2     -1.0903877649E-03  -5.5837295253E-04
     3     -6.9555343465E-06   9.8891519521E-04
     4      1.0602236376E-03   2.6379858293E-04
     5      7.8474569346E-05   8.8617686698E-05
     6      1.3104295597E-03  -5.4176883919E-04
     7     -1.2146100627E-03  -1.3785547262E-03
     8     -3.6762101110E-04   1.2801043964E-03
     9     -4.1382880154E-03  -4.6470943184E-04
    10     -9.8246524369E-04   8.9500909424E-04
    11      7.9520993654E-04   1.8454602717E-03
    12      1.2446541461E-02  -2.3693584584E-03
    13     -2.9790186920E-02  -1.3030520527E-02
    14      1.0697053052E-02  -4.4407531674E-03
    15      3.1147215036E-03   1.0269414450E-03
    16      3.2916375698E-03   3.4819173640E-05
    17     -1.0627829941E-03  -4.3682186620E-04
    18      1.3530032484E-01  -6.3714545562E-02
    19     -3.1629848102E-01   1.5461048905E-01
    20      1.1660206353E-01  -5.9809117095E-02
    21     -5.3951373660E-04  -2.1131741283E-04
    22      9.5451837399E-05  -6.5752083623E-04
    23      1.5799635611E-04   4.8054890119E-06
    24      8.5969327444E-05   2.9706800060E-05
    25      7.4912185351E-05   5.3771954946E-06
    26      4.9050874810E-05   9.6341319292E-06
    27     -5.7630065629E-05   5.8969380632E-06
    28      4.8586759823E-05  -5.3560424734E-05
    29      1.5931578196E-04  -3.7256778638E-05
    30     -3.3930738239E-04  -9.1163276492E-05
    31     -2.8716793198E-04  -9.9318011460E-05
    32     -4.0247181161E-05  -1.5331270541E-04
    33     -9.9833189426E-04   5.4054236006E-04
    34      2.1182773300E-04   1.1721831379E-04
    35      8.8616582479E-04   3.1788384864E-04
    36     -2.0083317315E-03   5.5640142153E-03
    37      3.4029481423E-06  -1.2611200261E-02
    38      1.3675449875E-03   3.1589156853E-04
    39     -1.4386539360E-01   5.9336681573E-02
    40      3.4492969489E-01  -1.2827341807E-01
    41     -1.2827341807E-01   6.1573237172E-02

$vibrational_frequencies
42
    0        0.0000000000000000
    1        0.0000000000000000
    2        0.0000000000000000
    3        0.0000000000000000
    4        0.0000000000000000
    5        0.0000000000000000
    6      155.0535487164607105
    7      257.6473303070600309
    8      268.4159024557746989
    9      368.3089154473687472
   10      375.4030947979912298
   11      441.9142925869816168
   12      472.5813157979648622
   13      539.8798125518122788
   14      565.9129093448750609
   15      587.4750849122975751
   16      687.1790600178201203
   17      719.2852141580818852
   18      743.7683177486474051
   19      838.7504702547925035
   20      852.5446753507495714
   21      918.3485024488915087
   22      940.5086315423892529
   23     1040.3609321257752072
   24     1065.4112984068628975
   25     1092.5816693188248792
   26     1165.5069525601015812
   27     1183.8237524456842493
   28     1290.0320281990159401
   29     1335.8503540866870480
   30     1363.2307356635735687
   31     1479.7407984376336572
   32     1516.6521548862842792
   33     1604.8693050407403007
   34     1628.3591324860606164
   35     1657.3479360686530981
   36     3153.5306960783059367
   37     3173.3038968983478298
   38     3184.5606486400611175
   39     3197.1255167702256585
   40     3556.1410963612165688
   41     3665.7190312154966705

$normal_modes
42 42
                    0                  1                  2                  3                  4        
    0      0.0000000000E+00   0.0000000000E+00   0.0000000000E+00   0.0000000000E+00   0.0000000000E+00
    1      0.0000000000E+00   0.0000000000E+00   0.0000000000E+00   0.0000000000E+00   0.0000000000E+00
    2      0.0000000000E+00   0.0000000000E+00   0.0000000000E+00   0.0000000000E+00   0.0000000000E+00
    3      0.0000000000E+00   0.0000000000E+00   0.0000000000E+00   0.0000000000E+00   0.0000000000E+00
    4      0.0000000000E+00   0.0000000000E+00   0.0000000000E+00   0.0000000000E+00   0.0000000000E+00
