*************************************************
******************* ORCA 6.0.0 ******************
*************************************************
$Calculation_Status
   &GeometryIndex 1
   &ListStatus       OUT
   &VERSION [&Type "String"] "6.0.0"
   &PROGNAME [&Type "String"] "LeanSCF"
   &STATUS [&Type "String"] "NORMAL TERMINATION"
$End
$Geometry
   &GeometryIndex 1
   &ListStatus       OUT
   &NATOMS [&Type "Integer"] 8
   &NCORELESSECP [&Type "Integer"] 0
   &NGHOSTATOMS [&Type "Integer"] 0
   &CartesianCoordinates [&Type "Coordinates", &Dim(8,4), &Units "Bohr"] 
              C     -1.892619687302   -3.022314854863    0.014570017716
              S     -0.907758354603    0.213619278622    0.118447255696
              O     -0.877420591850    1.155268791269    2.720218604509
              O     -2.149464616691    1.685369957760   -1.868041941518
              Cl     2.957994782558   -0.160523770237   -0.994761417430
              H     -0.747751032723   -4.085716161786    1.361760794111
              H     -3.886860149377   -3.004567340698    0.570593790821
              H     -1.659182211231   -3.700929306445   -1.919607134750
$End
$SCF_Energy
   &GeometryIndex 1
   &ListStatus       OUT
   &SCF_ENERGY [&Type "Double"]      -1.0487072912118440e+03
$End
$DFT_Energy
   &GeometryIndex 1
   &ListStatus       OUT
   &NALPHAEL [&Type "Integer"] 29
   &NBETAEL [&Type "Integer"] 29
   &NTOTALEL [&Type "Integer"] 58
   &EEXCHANGE [&Type "Double"]      -7.5472761708462812e+01
   &ECORR [&Type "Double"]      -2.1210338736283614e+00
   &ECNL [&Type "Double"]       0.0000000000000000e+00
   &EXC [&Type "Double"]      -7.7593795582091175e+01
   &EEMBED [&Type "Double"]       0.0000000000000000e+00
   &FINALEN [&Type "Double"]      -1.0487072912118440e+03  "No Van der Waals correction"
$End
$Mulliken_Population_Analysis
   &GeometryIndex 1
   &ListStatus       OUT
   &NATOMS [&Type "Integer"] 8
   &ATNO [&Type "ArrayOfIntegers", &Dim (8,1)] 
                                                         0

0                                                        6
1                                                       16
2                                                        8
3                                                        8
4                                                       17
5                                                        1
6                                                        1
7                                                        1
   &ATOMICCHARGES [&Type "ArrayOfDoubles", &Dim (8,1)] 
                                                         0

0                                     -3.1391023835410437e-01
1                                      8.0299426648293171e-01
2                                     -3.9978783501935666e-01
3                                     -4.0000364843827363e-01
4                                     -1.7985042315945421e-01
5                                      1.6459191578298005e-01
6                                      1.6138771335189728e-01
7                                      1.6457824935312981e-01
$End
$Loewdin_Population_Analysis
   &GeometryIndex 1
   &ListStatus       OUT
   &NATOMS [&Type "Integer"] 8
   &ATNO [&Type "ArrayOfIntegers", &Dim (8,1)] 
                                                         0

0                                                        6
1                                                       16
2                                                        8
3                                                        8
4                                                       17
5                                                        1
6                                                        1
7                                                        1
   &ATOMICCHARGES [&Type "ArrayOfDoubles", &Dim (8,1)] 
                                                         0

0                                     -4.1933606961924941e-01
1                                      5.4486216455155301e-01
2                                     -2.6272099113478831e-01
3                                     -2.6274401013117377e-01
4                                      2.8792444959790942e-04
5                                      1.3193639675781521e-01
6                                      1.3574799929874648e-01
7                                      1.3196658582726239e-01
$End
$Mayer_Population_Analysis
   &GeometryIndex 1
   &ListStatus       OUT
   &NATOMS [&Type "Integer"] 8 "Total number of atoms"
   &BONDTHRESH [&Type "Double"]       1.0000000000000001e-01  "The threshold for printing"
   &NBONDORDERSPRINT [&Type "Integer"] 7 "The number of bond orders larger than threshold"
   &BONDORDERS [&Type "ArrayOfDoubles", &Dim (7,1)] "The bond orders"
                                                         0

0                                      8.5136937676791224e-01
1                                      9.3787558519677128e-01
2                                      9.3131447158692970e-01
3                                      9.3787741182173179e-01
4                                      1.8515213840002192e+00
5                                      1.8513928409405727e+00
6                                      9.1577860681710155e-01
   &COMPONENTS [&Type "ArrayOfIntegers", &Dim (7,4)] "The indices and atomic numbers of the bonding atoms"
                                                         0                           1                           2                           3

0                                                        0                           6                           1                          16
1                                                        0                           6                           5                           1
2                                                        0                           6                           6                           1
3                                                        0                           6                           7                           1
4                                                        1                          16                           2                           8
5                                                        1                          16                           3                           8
6                                                        1                          16                           4                          17
   &ATNO [&Type "ArrayOfIntegers", &Dim (8,1)] "Atomic number of the elements"
                                                         0

0                                                        6
1                                                       16
2                                                        8
3                                                        8
4                                                       17
5                                                        1
6                                                        1
7                                                        1
   &NA [&Type "ArrayOfDoubles", &Dim (8,1)] "Mulliken gross atomic population"
                                                         0

0                                      6.3139102383540759e+00
1                                      1.5197005733517058e+01
2                                      8.3997878350193691e+00
3                                      8.4000036484383394e+00
4                                      1.7179850423159451e+01
5                                      8.3540808421701940e-01
6                                      8.3861228664810361e-01
7                                      8.3542175064686974e-01
   &ZA [&Type "ArrayOfDoubles", &Dim (8,1)] "Total nuclear charge"
                                                         0

0                                      6.0000000000000000e+00
1                                      1.6000000000000000e+01
2                                      8.0000000000000000e+00
3                                      8.0000000000000000e+00
4                                      1.7000000000000000e+01
5                                      1.0000000000000000e+00
6                                      1.0000000000000000e+00
7                                      1.0000000000000000e+00
   &QA [&Type "ArrayOfDoubles", &Dim (8,1)] "Mulliken gross atomic charge"
                                                         0

0                                     -3.1391023835407594e-01
1                                      8.0299426648294236e-01
2                                     -3.9978783501936910e-01
3                                     -4.0000364843833935e-01
4                                     -1.7985042315945066e-01
5                                      1.6459191578298060e-01
6                                      1.6138771335189639e-01
7                                      1.6457824935313026e-01
   &VA [&Type "ArrayOfDoubles", &Dim (8,1)] "Mayer's total valence"
                                                         0

0                                      3.7859381066209288e+00
1                                      5.5284329130535026e+00
2                                      2.0658533307626592e+00
3                                      2.0656686004834359e+00
4                                      1.1471368673464080e+00
5                                      9.8117397689828401e-01
6                                      9.8186937022729892e-01
7                                      9.8121916131263409e-01
   &BVA [&Type "ArrayOfDoubles", &Dim (8,1)] "Mayer's bonded valence"
                                                         0

0                                      3.7859381066211228e+00
1                                      5.5284329130535674e+00
2                                      2.0658533307626676e+00
3                                      2.0656686004833023e+00
4                                      1.1471368673465001e+00
5                                      9.8117397689831209e-01
6                                      9.8186937022731668e-01
7                                      9.8121916131266662e-01
   &FA [&Type "ArrayOfDoubles", &Dim (8,1)] "Mayer's free valence"
                                                         0

0                                      0.0000000000000000e+00
1                                      0.0000000000000000e+00
2                                      0.0000000000000000e+00
3                                      0.0000000000000000e+00
4                                      0.0000000000000000e+00
5                                      0.0000000000000000e+00
6                                      0.0000000000000000e+00
7                                      0.0000000000000000e+00
$End
$VdW_Correction
   &GeometryIndex 1
   &ListStatus       OUT
   &VDW [&Type "Double"]      -2.2092974112694840e-03
$End
$Calculation_Info
   &GeometryIndex 1
   &ListStatus       OUT
   &MULT [&Type "Integer"] 1
   &CHARGE [&Type "Integer"] 0
   &NUMOFATOMS [&Type "Integer"] 8
   &NUMOFELECTRONS [&Type "Integer"] 58
   &NUMOFFCELECTRONS [&Type "Integer"] 1
   &NUMOFCORRELECTRONS [&Type "Integer"] 0
   &NUMOFBASISFUNCTS [&Type "Integer"] 185
   &NUMOFAUXCBASISFUNCTS [&Type "Integer"] 0
   &NUMOFAUXJBASISFUNCTS [&Type "Integer"] 207
   &NUMOFAUXJKBASISFUNCTS [&Type "Integer"] 0
   &NUMOFCABSBASISFUNCTS [&Type "Integer"] 0
   &TOTALENERGY [&Type "Double"]      -1.0486959544999554e+03  "Hartrees"
$End
$SCF_Dipole_Moment
   &GeometryIndex 1
   &ListStatus       OUT
   &METHOD [&Type "String"] "SCF"
   &LEVEL [&Type "String"] "Relaxed density"
   &MULT [&Type "Integer"] 1
   &STATE [&Type "Integer"] -1
   &IRREP [&Type "Integer"] 0
   &NATOMS [&Type "Integer"] 8
   &DODIPOLEATOM [&Type "Boolean"] false
   &DIPOLEELECCONTRIB [&Type "ArrayOfDoubles", &Dim (3,1)] "Electronic contribution"
                                                         0

0                                      4.8610002049650234e+00
1                                      3.6598956223018106e+00
2                                     -9.1832708925252404e-01
   &DIPOLENUCCONTRIB [&Type "ArrayOfDoubles", &Dim (3,1)] "Nuclear contribution"
                                                         0

0                                     -5.2235549392707190e+00
1                                     -5.2205460267674848e+00
2                                      8.3781789237450122e-01
   &DIPOLETOTAL [&Type "ArrayOfDoubles", &Dim (3,1)] "Total"
                                                         0

0                                     -3.6255473430569563e-01
1                                     -1.5606504044656742e+00
2                                     -8.0509196878022826e-02
   &DIPOLEMAGNITUDE [&Type "Double", &Units "a.u."]       1.6042310778401876e+00
$End
$THERMOCHEMISTRY_Energies
   &GeometryIndex 1
   &ListStatus       OUT
   &TEMPERATURE [&Type "Double"]       2.9814999999999998e+02
   &PRESSURE [&Type "Double"]       1.0000000000000000e+00
   &TOTALMASS [&Type "Double"]       1.1454600000000001e+02
   &SPINDEGENERACY [&Type "Integer"] 1
   &ELENERGY [&Type "Double"]      -1.0486959544999554e+03
   &TRANSENERGY [&Type "Double"]       1.4162714244859817e-03
   &ROTENERGY [&Type "Double"]       1.4162714244859817e-03
   &VIBENERGY [&Type "Double"]       2.8935369443577412e-03
   &NUMOFFREQS [&Type "Integer"] 24
   &FREQSCALINGFACTOR [&Type "Double"]       1.0000000000000000e+00
   &FREQ [&Type "ArrayOfDoubles", &Dim (24,1)] "In cm^-1"
                                                         0

0                                      0.0000000000000000e+00
1                                      0.0000000000000000e+00
2                                      0.0000000000000000e+00
3                                      0.0000000000000000e+00
4                                      0.0000000000000000e+00
5                                      0.0000000000000000e+00
6                                      2.3475716280089651e+02
7                                      2.3834636485500945e+02
8                                      2.8822108839739411e+02
9                                      3.1763573689424442e+02
10                                     3.5670676525871653e+02
11                                     4.7936188803398153e+02
12                                     5.2912504642798444e+02
13                                     7.1014589079417806e+02
14                                     9.7844046468771273e+02
15                                     9.8021504875366975e+02
16                                     1.0759729648761597e+03
17                                     1.2653865038623787e+03
18                                     1.3316558849214894e+03
19                                     1.4355565873951525e+03
20                                     1.4430780014033867e+03
21                                     3.0237271599509049e+03
22                                     3.1334277350355919e+03
23                                     3.1597884345670791e+03
   &ZPE [&Type "Double"]       4.7799485131779056e-02
   &INNERENERGYU [&Type "Double"]      -1.0486424289350305e+03
   &ENTHALPYH [&Type "Double"]      -1.0486414847259882e+03
   &QEL [&Type "Double"]       0.0000000000000000e+00
   &QROT [&Type "Double"]       1.2746624946082443e-02
   &QVIB [&Type "Double"]       4.5508150784108019e-03
   &QTRANS [&Type "Double"]       1.9063580705837455e-02
   &ENTROPYS [&Type "Double"]       3.6361020730330706e-02
   &FREEENERGYG [&Type "Double"]      -1.0486778457467185e+03
   &ISLINEAR [&Type "Boolean"] false
$End
$Hessian
   &GeometryIndex 1
   &ListStatus       OUT
   &HESSIAN [&Type "ArrayOfDoubles", &Dim (24,24)] "The Hessian"
                                                         0                           1                           2                           3                           4                           5                           6                           7

0                                      5.3201089737106733e-01        -7.7722288150412877e-02         5.2749269969167810e-03        -6.5927636111949045e-02        -2.3138300815596195e-02        -1.9034240705750232e-03         8.0931026377398657e-03         3.1630388500644910e-03
1                                     -7.7722288150412877e-02         3.5973058656990287e-01        -4.7656437668642110e-03        -1.7726985697406668e-02        -1.2806209883291542e-01        -2.6050091194197060e-03        -3.3460197677553645e-03        -2.0747905497191590e-04
2                                      5.2749269969167810e-03        -4.7656437668642110e-03         5.8223975148498341e-01        -1.2627184293484035e-03        -1.2760402351289484e-03        -6.3022777275807962e-02        -7.0792653459555259e-03        -2.6306585571904281e-02
3                                     -6.5927636111949045e-02        -1.7726985697406668e-02        -1.2627184293484035e-03         3.8146969447985929e-01        -6.6226163115582465e-02         1.4385137046394511e-01        -8.0632438491043609e-02        -6.6564552168884225e-03
4                                     -2.3138300815596195e-02        -1.2806209883291542e-01        -1.2760402351289484e-03        -6.6226163115582465e-02         5.5412001383159115e-01        -2.5269701481498260e-02        -4.8995212741607638e-04        -1.4353247981444806e-01
5                                     -1.9034240705750232e-03        -2.6050091194197060e-03        -6.3022777275807962e-02         1.4385137046394511e-01        -2.5269701481498260e-02         8.8421177080642321e-01        -4.0721855539460564e-03        -1.4302694789401560e-01
6                                      8.0931026377398657e-03        -3.3460197677553645e-03        -7.0792653459555259e-03        -8.0632438491043609e-02        -4.8995212741607638e-04        -4.0721855539460564e-03         6.2016949267775928e-02        -1.5288193118393508e-03
7                                      3.1630388500644910e-03        -2.0747905497191590e-04        -2.6306585571904281e-02        -6.6564552168884225e-03        -1.4353247981444806e-01        -1.4302694789401560e-01        -1.5288193118393508e-03         1.2391495545099827e-01
8                                      3.3601987400033242e-03         3.4111548946471060e-03        -3.8649497003834660e-03        -1.8112329874759782e-02        -1.3044669198775358e-01        -4.6704958277305741e-01         1.0528863249890831e-02         1.5073108881741187e-01
9                                      7.2787948525178427e-03        -5.4176943363700575e-03         9.4380735721221604e-04        -1.6434162662577026e-01         1.0070164438382689e-01        -1.4563561147355991e-01         1.3260877977591325e-02         6.3561839784052263e-03
10                                     1.7394642743204181e-02        -5.2963496842376653e-03         2.0421018509583430e-02         9.9313127976228627e-02        -2.1536313478231639e-01         1.7229311006858289e-01        -1.5864593666154933e-03         1.7594177631906842e-02
11                                    -6.0739575602654968e-03        -1.2863759287068122e-03         1.8801476362052499e-03        -1.3262922831394483e-01         1.5714036410468063e-01        -3.1383455954815376e-01        -1.8971995021847009e-02         2.2201583145606128e-02
12                                    -9.5203573220632581e-03         5.5048731132878032e-03         4.1928837408581167e-03        -6.1859011548609844e-02        -1.0501162206133646e-03         7.8772582567618946e-03        -4.4943552754269749e-03         1.6064642848397578e-03
13                                    -1.4401953614852634e-02         2.3757549173345095e-03         3.8926446390735738e-03        -3.3951590641577607e-04        -3.5136616039938222e-02        -1.6219124293174233e-04         7.9712514347188290e-03         6.1099002801665320e-03
14                                     1.8908226890985147e-03        -1.6402475040664249e-03         2.6482722947199387e-03         7.9009024529446345e-03         4.6213590914006772e-05        -3.5491648641929219e-02         1.9016986324441636e-02        -3.6998739100814852e-03
15                                    -1.3067642485040015e-01         8.1151541144373784e-02        -1.0204259068411575e-01         4.6955025578353741e-03        -4.4465544755911187e-03         7.0697044771529504e-03        -3.9816378465425020e-04         2.5486589866710162e-04
16                                     8.0719102907188589e-02        -1.1455245353290444e-01         9.2167413957698216e-02         1.8249151059430896e-02        -1.7630000949396853e-02         2.0324036649120650e-02        -1.5309374212815095e-03         2.2880977573659896e-03
17                                    -1.0205823740358079e-01         9.2576825966119922e-02        -1.6474873420948741e-01         1.6932459421090092e-03         7.5258088112751826e-04        -1.3224766272269929e-03        -6.5947583863858327e-05        -7.7012487559373864e-04
18                                    -2.9374550914419850e-01         5.2226149655477429e-03         6.9931051424184168e-02        -1.2729322117675832e-02        -2.5891083976781071e-03         2.7653688983139456e-03         1.5124205242485361e-03         1.7448161653621334e-04
19                                     1.7427431649802601e-03        -4.2597971000384732e-02        -2.5591566260039296e-04        -3.0786893055519293e-02        -2.8693092313552219e-03         8.3977581983142920e-03         2.9416845800854410e-03         2.8935556950483011e-04
20                                     6.9488706246674720e-02        -1.2400923359081172e-03        -6.3955412173468257e-02        -5.1165062134176514e-04         5.6820292730803978e-04        -1.4125511803487684e-03         3.8887920323941983e-04        -4.5896774674847882e-04
21                                    -4.7512867432714080e-02         1.2349034763084459e-02         3.0015257280842044e-02        -6.7516214264603039e-04        -3.1902296843869717e-03        -9.8791927834833895e-03         6.4160714376918101e-04        -3.3687356400437679e-03
22                                     1.2227938881075366e-02        -7.1389989381823171e-02        -8.3867528962477539e-02         4.6025144091904752e-03        -1.1526374181221039e-02        -2.9782047680039656e-02        -2.4317724796377241e-03        -6.4565278205224869e-03
23                                     3.0047612021134328e-02        -8.4459975113181610e-02        -2.9117629805676148e-01        -1.0028798342134847e-03        -1.6839352977622681e-03        -2.0781747598991283e-03         2.6819555060074104e-04         9.8849172221228323e-04
                                                         8                           9                          10                          11                          12                          13                          14                          15

0                                      3.3601987400033242e-03         7.2787948525178427e-03         1.7394642743204181e-02        -6.0739575602654968e-03        -9.5203573220632581e-03        -1.4401953614852634e-02         1.8908226890985147e-03        -1.3067642485040015e-01
1                                      3.4111548946471060e-03        -5.4176943363700575e-03        -5.2963496842376653e-03        -1.2863759287068122e-03         5.5048731132878032e-03         2.3757549173345095e-03        -1.6402475040664249e-03         8.1151541144373784e-02
2                                     -3.8649497003834660e-03         9.4380735721221604e-04         2.0421018509583430e-02         1.8801476362052499e-03         4.1928837408581167e-03         3.8926446390735738e-03         2.6482722947199387e-03        -1.0204259068411575e-01
3                                     -1.8112329874759782e-02        -1.6434162662577026e-01         9.9313127976228627e-02        -1.3262922831394483e-01        -6.1859011548609844e-02        -3.3951590641577607e-04         7.9009024529446345e-03         4.6955025578353741e-03
4                                     -1.3044669198775358e-01         1.0070164438382689e-01        -2.1536313478231639e-01         1.5714036410468063e-01        -1.0501162206133646e-03        -3.5136616039938222e-02         4.6213590914006772e-05        -4.4465544755911187e-03
5                                     -4.6704958277305741e-01        -1.4563561147355991e-01         1.7229311006858289e-01        -3.1383455954815376e-01         7.8772582567618946e-03        -1.6219124293174233e-04        -3.5491648641929219e-02         7.0697044771529504e-03
6                                      1.0528863249890831e-02         1.3260877977591325e-02        -1.5864593666154933e-03        -1.8971995021847009e-02        -4.4943552754269749e-03         7.9712514347188290e-03         1.9016986324441636e-02        -3.9816378465425020e-04
7                                      1.5073108881741187e-01         6.3561839784052263e-03         1.7594177631906842e-02         2.2201583145606128e-02         1.6064642848397578e-03         6.1099002801665320e-03        -3.6998739100814852e-03         2.5486589866710162e-04
8                                      4.8697083102895283e-01         3.2564004361129162e-03        -1.5719007710360222e-02        -1.3575101867006556e-02         2.8006319516835007e-03        -3.6181042904330418e-03        -3.9093879406836701e-03         4.8725102108850352e-05
9                                      3.2564004361129162e-03         1.5479439244296156e-01        -1.1536707093772666e-01         1.5277945507698434e-01        -1.3093298335514803e-02         1.2345126916489006e-02        -1.0538691785406366e-02         1.0225691714788234e-03
10                                    -1.5719007710360222e-02        -1.1536707093772666e-01         2.0288722051050639e-01        -1.8000923306698824e-01         3.6542571544098401e-03         4.9342266564688523e-03         2.9922658232185290e-03        -4.1051399754686874e-03
11                                    -1.3575101867006556e-02         1.5277945507698434e-01        -1.8000923306698824e-01         3.1767155403606478e-01         3.8835671366271515e-03        -1.2511830760912378e-03         5.9117572006437951e-03         6.9576585771606060e-04
12                                     2.8006319516835007e-03        -1.3093298335514803e-02         3.6542571544098401e-03         3.8835671366271515e-03         9.1412438747948424e-02        -4.4938092735764077e-03        -1.9197306527590156e-02        -1.3316397705887186e-03
13                                    -3.6181042904330418e-03         1.2345126916489006e-02         4.9342266564688523e-03        -1.2511830760912378e-03        -4.4938092735764077e-03         2.2426627934527679e-02         1.0934397339553742e-03         5.4660706423526048e-05
14                                    -3.9093879406836701e-03        -1.0538691785406366e-02         2.9922658232185290e-03         5.9117572006437951e-03        -1.9197306527590156e-02         1.0934397339553742e-03         2.9607603476307739e-02         2.1463611298336012e-04
15                                     4.8725102108850352e-05         1.0225691714788234e-03        -4.1051399754686874e-03         6.9576585771606060e-04        -1.3316397705887186e-03         5.4660706423526048e-05         2.1463611298336012e-04         1.3673665404818272e-01
16                                    -2.1290718235876579e-03        -1.8553918144393606e-03        -6.4599511193193645e-03         6.0601362704830724e-04        -1.3322921595860836e-03         1.3347493160880386e-03        -7.0481794383189409e-04        -8.5252221280006257e-02
17                                    -2.2898407549326941e-04        -1.2162066732026178e-04        -8.8799397275253229e-04         1.7873164804103501e-03         5.2066148302360067e-04        -3.1538695795294176e-04        -7.9855054872651765e-06         1.0915369066582598e-01
18                                    -9.4656516738867574e-04         1.4075264548514960e-03         3.3552043584818454e-04        -4.8445662530378908e-05         2.2542008637305394e-04        -1.3109101846756435e-03         2.4315752269704198e-05        -1.1845245128375348e-02
19                                    -5.4578843940218766e-04         2.9763142698276219e-03         2.0474185927833846e-04        -9.2246945574368875e-04        -3.2829841233097969e-03        -3.0305228558287073e-03         4.5545852743899932e-04         1.5503647647351331e-02
20                                    -5.1822883133667823e-04        -7.9116138493051354e-04         5.0025782776395552e-04        -3.6096796874470101e-04        -2.1603009190367177e-04        -9.6613398420861195e-05         9.0003524862449825e-04        -1.9189912431012569e-02
21                                    -9.4945526021114222e-04        -3.2923593811594787e-04         7.2688821754397543e-04         3.1186488426892503e-04        -1.3391965821178871e-03         2.3147298429654521e-04         6.9401094840591750e-04         1.7967477565215316e-03
22                                    -1.3422431474089730e-03        -1.0487870743663454e-04         1.4990689277129656e-03         3.0082396438755395e-03        -6.6271583785919340e-04         9.8587979118132515e-04         1.4748114645592291e-03        -3.1725408710677758e-03
23                                     2.1754041590082360e-03         1.6039604389879794e-04         9.2264352727151888e-04         5.1985403058077764e-04         1.3265808339231466e-04         4.4014481069454248e-04         3.4135386780418091e-04         4.0351035852607686e-03
                                                        16                          17                          18                          19                          20                          21                          22                          23

0                                      8.0719102907188589e-02        -1.0205823740358079e-01        -2.9374550914419850e-01         1.7427431649802601e-03         6.9488706246674720e-02        -4.7512867432714080e-02         1.2227938881075366e-02         3.0047612021134328e-02
1                                     -1.1455245353290444e-01         9.2576825966119922e-02         5.2226149655477429e-03        -4.2597971000384732e-02        -1.2400923359081172e-03         1.2349034763084459e-02        -7.1389989381823171e-02        -8.4459975113181610e-02
2                                      9.2167413957698216e-02        -1.6474873420948741e-01         6.9931051424184168e-02        -2.5591566260039296e-04        -6.3955412173468257e-02         3.0015257280842044e-02        -8.3867528962477539e-02        -2.9117629805676148e-01
3                                      1.8249151059430896e-02         1.6932459421090092e-03        -1.2729322117675832e-02        -3.0786893055519293e-02        -5.1165062134176514e-04        -6.7516214264603039e-04         4.6025144091904752e-03        -1.0028798342134847e-03
4                                     -1.7630000949396853e-02         7.5258088112751826e-04        -2.5891083976781071e-03        -2.8693092313552219e-03         5.6820292730803978e-04        -3.1902296843869717e-03        -1.1526374181221039e-02        -1.6839352977622681e-03
5                                      2.0324036649120650e-02        -1.3224766272269929e-03         2.7653688983139456e-03         8.3977581983142920e-03        -1.4125511803487684e-03        -9.8791927834833895e-03        -2.9782047680039656e-02        -2.0781747598991283e-03
6                                     -1.5309374212815095e-03        -6.5947583863858327e-05         1.5124205242485361e-03         2.9416845800854410e-03         3.8887920323941983e-04         6.4160714376918101e-04        -2.4317724796377241e-03         2.6819555060074104e-04
7                                      2.2880977573659896e-03        -7.7012487559373864e-04         1.7448161653621334e-04         2.8935556950483011e-04        -4.5896774674847882e-04        -3.3687356400437679e-03        -6.4565278205224869e-03         9.8849172221228323e-04
8                                     -2.1290718235876579e-03        -2.2898407549326941e-04        -9.4656516738867574e-04        -5.4578843940218766e-04        -5.1822883133667823e-04        -9.4945526021114222e-04        -1.3422431474089730e-03         2.1754041590082360e-03
9                                     -1.8553918144393606e-03        -1.2162066732026178e-04         1.4075264548514960e-03         2.9763142698276219e-03        -7.9116138493051354e-04        -3.2923593811594787e-04        -1.0487870743663454e-04         1.6039604389879794e-04
10                                    -6.4599511193193645e-03        -8.8799397275253229e-04         3.3552043584818454e-04         2.0474185927833846e-04         5.0025782776395552e-04         7.2688821754397543e-04         1.4990689277129656e-03         9.2264352727151888e-04
11                                     6.0601362704830724e-04         1.7873164804103501e-03        -4.8445662530378908e-05        -9.2246945574368875e-04        -3.6096796874470101e-04         3.1186488426892503e-04         3.0082396438755395e-03         5.1985403058077764e-04
12                                    -1.3322921595860836e-03         5.2066148302360067e-04         2.2542008637305394e-04        -3.2829841233097969e-03        -2.1603009190367177e-04        -1.3391965821178871e-03        -6.6271583785919340e-04         1.3265808339231466e-04
13                                     1.3347493160880386e-03        -3.1538695795294176e-04        -1.3109101846756435e-03        -3.0305228558287073e-03        -9.6613398420861195e-05         2.3147298429654521e-04         9.8587979118132515e-04         4.4014481069454248e-04
14                                    -7.0481794383189409e-04        -7.9855054872651765e-06         2.4315752269704198e-05         4.5545852743899932e-04         9.0003524862449825e-04         6.9401094840591750e-04         1.4748114645592291e-03         3.4135386780418091e-04
15                                    -8.5252221280006257e-02         1.0915369066582598e-01        -1.1845245128375348e-02         1.5503647647351331e-02        -1.9189912431012569e-02         1.7967477565215316e-03        -3.1725408710677758e-03         4.0351035852607686e-03
16                                     1.2593554439482926e-01        -1.0068047864715646e-01        -1.5393939033061764e-03         1.3300588460846518e-03        -2.0530337914577168e-03        -7.4462761826820396e-03         7.7539552872527067e-03        -7.4993929349614630e-03
17                                    -1.0068047864715646e-01         1.7172794079607828e-01         5.6796109738965761e-03        -6.5445895387413458e-03         6.1351252643815895e-03        -1.4786526096009897e-02         1.5838498052077592e-02        -1.3342202123175325e-02
18                                    -1.5393939033061764e-03         5.6796109738965761e-03         3.1542929940307979e-01        -3.9359439197859231e-04        -7.5909566350725710e-02        -2.5459007830311341e-04         1.2079015711877021e-04        -1.4907113288766261e-03
19                                     1.3300588460846518e-03        -6.5445895387413458e-03        -3.9359439197859231e-04         4.6314877657487340e-02         5.5709916258022340e-04         1.1278681611150634e-02         3.5876915521350665e-04        -1.1389626628888689e-03
20                                    -2.0530337914577168e-03         6.1351252643815895e-03        -7.5909566350725710e-02         5.5709916258022340e-04         6.3658537196617127e-02         2.6735676890857075e-02         2.2205572259259253e-03        -4.4465375557248216e-03
21                                    -7.4462761826820396e-03        -1.4786526096009897e-02        -2.5459007830311341e-04         1.1278681611150634e-02         2.6735676890857075e-02         4.7672697273606353e-02        -1.0580085810173060e-02        -3.2146004992933186e-02
22                                     7.7539552872527067e-03         1.5838498052077592e-02         1.2079015711877021e-04         3.5876915521350665e-04         2.2205572259259253e-03        -1.0580085810173060e-02         7.8775218222206206e-02         9.2440349676051858e-02
23                                    -7.4993929349614630e-03        -1.3342202123175325e-02        -1.4907113288766261e-03        -1.1389626628888689e-03        -4.4465375557248216e-03        -3.2146004992933186e-02         9.2440349676051858e-02         3.0800660043816752e-01
                              

0                             
1                             
2                             
3                             
4                             
5                             
6                             
7                             
8                             
9                             
10                            
11                            
12                            
13                            
14                            
15                            
16                            
17                            
18                            
19                            
20                            
21                            
22                            
23                            
   &MODES [&Type "ArrayOfDoubles", &Dim (24,24)] "The modes of vibrations"
                                                         0                           1                           2                           3                           4                           5                           6                           7

0                                      1.0000000000000000e+00         2.0000000000000000e+00         3.0000000000000000e+00         4.0000000000000000e+00         5.0000000000000000e+00         6.0000000000000000e+00         7.0000000000000000e+00         0.0000000000000000e+00
1                                      0.0000000000000000e+00         0.0000000000000000e+00         0.0000000000000000e+00         0.0000000000000000e+00         0.0000000000000000e+00         1.6917811108091527e-01         5.8630627952989340e-03         1.0000000000000000e+00
2                                      0.0000000000000000e+00         0.0000000000000000e+00         0.0000000000000000e+00         0.0000000000000000e+00         0.0000000000000000e+00        -1.2057449844410376e-02        -8.6627401207970268e-04         2.0000000000000000e+00
3                                      0.0000000000000000e+00         0.0000000000000000e+00         0.0000000000000000e+00         0.0000000000000000e+00         0.0000000000000000e+00        -4.8194109250501667e-02         2.3108123469864133e-03         3.0000000000000000e+00
4                                      0.0000000000000000e+00         0.0000000000000000e+00         0.0000000000000000e+00         0.0000000000000000e+00         0.0000000000000000e+00        -1.7593695899198920e-02        -3.8801009675505033e-03         4.0000000000000000e+00
5                                      0.0000000000000000e+00         0.0000000000000000e+00         0.0000000000000000e+00         0.0000000000000000e+00         0.0000000000000000e+00         4.0614867442494304e-02         2.5759403881454143e-03         5.0000000000000000e+00
6                                      0.0000000000000000e+00         0.0000000000000000e+00         0.0000000000000000e+00         0.0000000000000000e+00         0.0000000000000000e+00         9.9557110590737623e-03        -1.1967916947616524e-02         6.0000000000000000e+00
