*************************************************
******************* ORCA 6.0.0 ******************
*************************************************
$Calculation_Status
   &GeometryIndex 1
   &ListStatus       OUT
   &VERSION [&Type "String"] "6.0.0"
   &PROGNAME [&Type "String"] "LeanSCF"
   &STATUS [&Type "String"] "NORMAL TERMINATION"
$End
$Geometry
   &GeometryIndex 1
   &ListStatus       OUT
   &NATOMS [&Type "Integer"] 11
   &NCORELESSECP [&Type "Integer"] 0
   &NGHOSTATOMS [&Type "Integer"] 0
   &CartesianCoordinates [&Type "Coordinates", &Dim(11,4), &Units "Bohr"] 
              C      3.108606095271    2.257826564826    0.000112347809
              C      0.483389946483    2.334261547787   -0.000019555642
              C     -0.782952898578    0.040020896153   -0.000139002207
              C      0.551976475023   -2.222078916206   -0.000105984156
              N      3.079153594756   -2.285153881409    0.000029599158
              C      4.315991220100   -0.073214835772    0.000118804814
              Cl    -4.099285730330   -0.037804356624   -0.000339668824
              H      4.198980432544    3.993239217518    0.000212947191
              H     -0.534838667956    4.112139367246   -0.000027159900
              H     -0.440268511655   -4.020299254638   -0.000225524830
              H      6.367420691690   -0.173941730589    0.000264554478
$End
$SCF_Energy
   &GeometryIndex 1
   &ListStatus       OUT
   &SCF_ENERGY [&Type "Double"]      -7.0782163662342566e+02
$End
$DFT_Energy
   &GeometryIndex 1
   &ListStatus       OUT
   &NALPHAEL [&Type "Integer"] 29
   &NBETAEL [&Type "Integer"] 29
   &NTOTALEL [&Type "Integer"] 58
   &EEXCHANGE [&Type "Double"]      -6.1646067668956348e+01
   &ECORR [&Type "Double"]      -1.9931266787046142e+00
   &ECNL [&Type "Double"]       0.0000000000000000e+00
   &EXC [&Type "Double"]      -6.3639194347660961e+01
   &EEMBED [&Type "Double"]       0.0000000000000000e+00
   &FINALEN [&Type "Double"]      -7.0782163662342566e+02  "No Van der Waals correction"
$End
$Mulliken_Population_Analysis
   &GeometryIndex 1
   &ListStatus       OUT
   &NATOMS [&Type "Integer"] 11
   &ATNO [&Type "ArrayOfIntegers", &Dim (11,1)] 
                                                         0

0                                                        6
1                                                        6
2                                                        6
3                                                        6
4                                                        7
5                                                        6
6                                                       17
7                                                        1
8                                                        1
9                                                        1
10                                                       1
   &ATOMICCHARGES [&Type "ArrayOfDoubles", &Dim (11,1)] 
                                                         0

0                                     -6.6445002205808734e-02
1                                     -1.9028436934835558e-01
2                                      1.7598396290775309e-01
3                                     -5.1049678915055630e-02
4                                     -2.4969628804360600e-01
5                                     -2.1535891153202869e-02
6                                     -1.0998906118570773e-01
7                                      1.2126464775785184e-01
8                                      1.3689702311535079e-01
9                                      1.3352168968609490e-01
10                                     1.2133296738472610e-01
$End
$Loewdin_Population_Analysis
   &GeometryIndex 1
   &ListStatus       OUT
   &NATOMS [&Type "Integer"] 11
   &ATNO [&Type "ArrayOfIntegers", &Dim (11,1)] 
                                                         0

0                                                        6
1                                                        6
2                                                        6
3                                                        6
4                                                        7
5                                                        6
6                                                       17
7                                                        1
8                                                        1
9                                                        1
10                                                       1
   &ATOMICCHARGES [&Type "ArrayOfDoubles", &Dim (11,1)] 
                                                         0

0                                     -1.4102341438717048e-01
1                                     -1.2296777991484742e-01
2                                     -4.2575753201734745e-01
3                                     -2.0657424477429842e-01
4                                      1.3539366068453518e-01
5                                     -2.0109371622823602e-01
6                                      3.8091666879061847e-01
7                                      1.4864564340750963e-01
8                                      1.5203619318827544e-01
9                                      1.4190481024895096e-01
10                                     1.3851971100207916e-01
$End
$Mayer_Population_Analysis
   &GeometryIndex 1
   &ListStatus       OUT
   &NATOMS [&Type "Integer"] 11 "Total number of atoms"
   &BONDTHRESH [&Type "Double"]       1.0000000000000001e-01  "The threshold for printing"
   &NBONDORDERSPRINT [&Type "Integer"] 11 "The number of bond orders larger than threshold"
   &BONDORDERS [&Type "ArrayOfDoubles", &Dim (11,1)] "The bond orders"
                                                         0

0                                      1.3971337019045418e+00
1                                      1.3909658091165402e+00
2                                      9.5790298318833567e-01
3                                      1.3960594431989208e+00
4                                      9.6267535846854091e-01
5                                      1.3319943581564748e+00
6                                      1.0069635501383372e+00
7                                      1.4529036666946138e+00
8                                      9.7752772196984483e-01
9                                      1.4358326330067572e+00
10                                     9.7559046224846613e-01
   &COMPONENTS [&Type "ArrayOfIntegers", &Dim (11,4)] "The indices and atomic numbers of the bonding atoms"
                                                         0                           1                           2                           3

0                                                        0                           6                           1                           6
1                                                        0                           6                           5                           6
2                                                        0                           6                           7                           1
3                                                        1                           6                           2                           6
4                                                        1                           6                           8                           1
5                                                        2                           6                           3                           6
6                                                        2                           6                           6                          17
7                                                        3                           6                           4                           7
8                                                        3                           6                           9                           1
9                                                        4                           7                           5                           6
10                                                       5                           6                          10                           1
   &ATNO [&Type "ArrayOfIntegers", &Dim (11,1)] "Atomic number of the elements"
                                                         0

0                                                        6
1                                                        6
2                                                        6
3                                                        6
4                                                        7
5                                                        6
6                                                       17
7                                                        1
8                                                        1
9                                                        1
10                                                       1
   &NA [&Type "ArrayOfDoubles", &Dim (11,1)] "Mulliken gross atomic population"
                                                         0

0                                      6.0664450022057990e+00
1                                      6.1902843693483280e+00
2                                      5.8240160370921963e+00
3                                      6.0510496789150441e+00
4                                      7.2496962880435678e+00
5                                      6.0215358911532411e+00
6                                      1.7109989061185640e+01
7                                      8.7873535224214872e-01
8                                      8.6310297688464810e-01
9                                      8.6647831031390599e-01
10                                     8.7866703261527557e-01
   &ZA [&Type "ArrayOfDoubles", &Dim (11,1)] "Total nuclear charge"
                                                         0

0                                      6.0000000000000000e+00
1                                      6.0000000000000000e+00
2                                      6.0000000000000000e+00
3                                      6.0000000000000000e+00
4                                      7.0000000000000000e+00
5                                      6.0000000000000000e+00
6                                      1.7000000000000000e+01
7                                      1.0000000000000000e+00
8                                      1.0000000000000000e+00
9                                      1.0000000000000000e+00
10                                     1.0000000000000000e+00
   &QA [&Type "ArrayOfDoubles", &Dim (11,1)] "Mulliken gross atomic charge"
                                                         0

0                                     -6.6445002205798964e-02
1                                     -1.9028436934832804e-01
2                                      1.7598396290780371e-01
3                                     -5.1049678915044083e-02
4                                     -2.4969628804356780e-01
5                                     -2.1535891153241060e-02
6                                     -1.0998906118564022e-01
7                                      1.2126464775785128e-01
8                                      1.3689702311535190e-01
9                                      1.3352168968609401e-01
10                                     1.2133296738472443e-01
   &VA [&Type "ArrayOfDoubles", &Dim (11,1)] "Mayer's total valence"
                                                         0

0                                      3.8310531955666205e+00
1                                      3.9719214696524245e+00
2                                      3.8072840129303795e+00
3                                      3.9931529232795886e+00
4                                      3.0277707566524055e+00
5                                      3.9953388021185647e+00
6                                      1.2164609441438017e+00
7                                      9.7383923134390127e-01
8                                      9.8057925119909062e-01
9                                      9.8101216389823476e-01
10                                     9.8049361993554496e-01
   &BVA [&Type "ArrayOfDoubles", &Dim (11,1)] "Mayer's bonded valence"
                                                         0

0                                      3.8310531955666254e+00
1                                      3.9719214696524903e+00
2                                      3.8072840129303831e+00
3                                      3.9931529232795744e+00
4                                      3.0277707566525494e+00
5                                      3.9953388021184768e+00
6                                      1.2164609441440088e+00
7                                      9.7383923134391681e-01
8                                      9.8057925119907818e-01
9                                      9.8101216389822410e-01
10                                     9.8049361993553563e-01
   &FA [&Type "ArrayOfDoubles", &Dim (11,1)] "Mayer's free valence"
                                                         0

0                                      0.0000000000000000e+00
1                                      0.0000000000000000e+00
2                                      0.0000000000000000e+00
3                                      0.0000000000000000e+00
4                                      0.0000000000000000e+00
5                                      0.0000000000000000e+00
6                                      0.0000000000000000e+00
7                                      0.0000000000000000e+00
8                                      0.0000000000000000e+00
9                                      0.0000000000000000e+00
10                                     0.0000000000000000e+00
$End
$VdW_Correction
   &GeometryIndex 1
   &ListStatus       OUT
   &VDW [&Type "Double"]      -3.6482921082093773e-03
$End
$Calculation_Info
   &GeometryIndex 1
   &ListStatus       OUT
   &MULT [&Type "Integer"] 1
   &CHARGE [&Type "Integer"] 0
   &NUMOFATOMS [&Type "Integer"] 11
   &NUMOFELECTRONS [&Type "Integer"] 58
   &NUMOFFCELECTRONS [&Type "Integer"] 1
   &NUMOFCORRELECTRONS [&Type "Integer"] 0
   &NUMOFBASISFUNCTS [&Type "Integer"] 247
   &NUMOFAUXCBASISFUNCTS [&Type "Integer"] 0
   &NUMOFAUXJBASISFUNCTS [&Type "Integer"] 266
   &NUMOFAUXJKBASISFUNCTS [&Type "Integer"] 0
   &NUMOFCABSBASISFUNCTS [&Type "Integer"] 0
   &TOTALENERGY [&Type "Double"]      -7.0781943201343393e+02  "Hartrees"
$End
$SCF_Dipole_Moment
   &GeometryIndex 1
   &ListStatus       OUT
   &METHOD [&Type "String"] "SCF"
   &LEVEL [&Type "String"] "Relaxed density"
   &MULT [&Type "Integer"] 1
   &STATE [&Type "Integer"] -1
   &IRREP [&Type "Integer"] 0
   &NATOMS [&Type "Integer"] 11
   &DODIPOLEATOM [&Type "Boolean"] false
   &DIPOLEELECCONTRIB [&Type "ArrayOfDoubles", &Dim (3,1)] "Electronic contribution"
                                                         0

0                                     -7.4541546489479700e+00
1                                     -1.1946019656784004e+00
2                                     -4.5535064134055524e-04
   &DIPOLENUCCONTRIB [&Type "ArrayOfDoubles", &Dim (3,1)] "Nuclear contribution"
                                                         0

0                                      7.6859300823625780e+00
1                                      1.9769928832226580e+00
2                                      4.8584140891186215e-04
   &DIPOLETOTAL [&Type "ArrayOfDoubles", &Dim (3,1)] "Total"
                                                         0

0                                      2.3177543341460805e-01
1                                      7.8239091754425760e-01
2                                      3.0490767571306903e-05
   &DIPOLEMAGNITUDE [&Type "Double", &Units "a.u."]       8.1599963254891339e-01
$End
$THERMOCHEMISTRY_Energies
   &GeometryIndex 1
   &ListStatus       OUT
   &TEMPERATURE [&Type "Double"]       2.9814999999999998e+02
   &PRESSURE [&Type "Double"]       1.0000000000000000e+00
   &TOTALMASS [&Type "Double"]       1.1354699999999998e+02
   &SPINDEGENERACY [&Type "Integer"] 1
   &ELENERGY [&Type "Double"]      -7.0781943201343393e+02
   &TRANSENERGY [&Type "Double"]       1.4162714244859817e-03
   &ROTENERGY [&Type "Double"]       1.4162714244859817e-03
   &VIBENERGY [&Type "Double"]       2.5687845143645281e-03
   &NUMOFFREQS [&Type "Integer"] 33
   &FREQSCALINGFACTOR [&Type "Double"]       1.0000000000000000e+00
   &FREQ [&Type "ArrayOfDoubles", &Dim (33,1)] "In cm^-1"
                                                         0

0                                      0.0000000000000000e+00
1                                      0.0000000000000000e+00
2                                      0.0000000000000000e+00
3                                      0.0000000000000000e+00
4                                      0.0000000000000000e+00
5                                      0.0000000000000000e+00
6                                      1.9054003452602515e+02
7                                      2.9677181723520908e+02
8                                      4.0859871816320032e+02
9                                      4.1395521137957599e+02
10                                     4.7054770292112858e+02
11                                     6.2544223790322837e+02
12                                     7.2147846819484471e+02
13                                     7.3219008573702729e+02
14                                     8.0512136139880499e+02
15                                     9.2573833279240625e+02
16                                     9.5108528033946300e+02
17                                     9.8702302229696602e+02
18                                     1.0290472478090271e+03
19                                     1.0575887878292290e+03
20                                     1.1020471109994221e+03
21                                     1.1327584546977730e+03
22                                     1.2142196746346528e+03
23                                     1.2799087092497477e+03
24                                     1.3434952894258981e+03
25                                     1.4413536499945792e+03
26                                     1.4845322089925803e+03
27                                     1.5857636849403398e+03
28                                     1.6046685811115331e+03
29                                     3.1533309999034996e+03
30                                     3.1617591504188258e+03
31                                     3.1791653643066784e+03
32                                     3.1946369940974187e+03
   &ZPE [&Type "Double"]       7.8580307923775156e-02
   &INNERENERGYU [&Type "Double"]      -7.0773545037814699e+02
   &ENTHALPYH [&Type "Double"]      -7.0773450616910475e+02
   &QEL [&Type "Double"]       0.0000000000000000e+00
   &QROT [&Type "Double"]       1.3173556753905488e-02
   &QVIB [&Type "Double"]       3.8761352365616190e-03
   &QTRANS [&Type "Double"]       1.9051174676717544e-02
   &ENTROPYS [&Type "Double"]       3.6100866667184650e-02
   &FREEENERGYG [&Type "Double"]      -7.0777060703577195e+02
   &ISLINEAR [&Type "Boolean"] false
$End
$Hessian
   &GeometryIndex 1
   &ListStatus       OUT
   &HESSIAN [&Type "ArrayOfDoubles", &Dim (33,33)] "The Hessian"
                                                         0                           1                           2                           3                           4                           5                           6                           7

0                                      6.8619677997430117e-01         4.0896481787730914e-02         2.9613396492071918e-05        -3.3908028810534069e-01         3.8228960863125536e-02        -1.3534941391321670e-05        -3.2358922463201295e-02        -7.7160845986770601e-02
1                                      4.0896481787730914e-02         7.1607278769094873e-01         1.6457358274975095e-05        -2.3192659383001718e-02        -1.2955824638829233e-01        -2.6608278348905090e-06        -2.9766528024702227e-02         3.8107928862171153e-02
2                                      2.9613396492071918e-05         1.6457358274975095e-05         1.2850123949174855e-01        -1.4670405566184196e-05         2.0039317513910053e-07        -5.9411633551014351e-02        -2.4339664673610151e-06        -3.0849522395725716e-06
3                                     -3.3908028810534069e-01        -2.3192659383001718e-02        -1.4670405566184196e-05         6.7989176165425202e-01        -4.5658744882560984e-02         2.6690732884944532e-05        -1.4918525897457469e-01        -5.3840176739028349e-02
4                                      3.8228960863125536e-02        -1.2955824638829233e-01         2.0039317513910053e-07        -4.5658744882560984e-02         7.3037731589273103e-01         1.1417990618591149e-05        -1.1068812408451949e-01        -2.9682582236912147e-01
5                                     -1.3534941391321670e-05        -2.6608278348905090e-06        -5.9411633551014351e-02         2.6690732884944532e-05         1.1417990618591149e-05         1.3167828970725132e-01        -7.0077164554125558e-06        -8.7051186525515923e-06
6                                     -3.2358922463201295e-02        -2.9766528024702227e-02        -2.4339664673610151e-06        -1.4918525897457469e-01        -1.1068812408451949e-01        -7.0077164554125558e-06         4.8659790999502789e-01         6.4616010624475879e-03
7                                     -7.7160845986770601e-02         3.8107928862171153e-02        -3.0849522395725716e-06        -5.3840176739028349e-02        -2.9682582236912147e-01        -8.7051186525515923e-06         6.4616010624475879e-03         6.5347562071477960e-01
8                                     -4.1214008522567062e-06        -8.9624485033775635e-07         4.5917157499646526e-03        -6.3613281381836221e-06        -1.1640349610353829e-05        -6.2287575449184479e-02         2.2565196029282140e-05         1.1528996185687386e-05
9                                     -4.7447894318761862e-02         4.0135817261101228e-02        -1.5365738879945853e-06         6.4482632910884435e-02         2.1333151671149346e-02         2.8796921758132417e-06        -1.3881775567731072e-01         3.6432602055032202e-02
10                                     2.3762185230342060e-02        -1.8827377480595053e-02         1.1918174142183088e-06        -2.0364666251553191e-02        -5.2911617538716677e-02        -1.6863684645580156e-06         1.0710769223437183e-01        -2.8237047712385993e-01
11                                    -7.2558393097206775e-07         1.9551601676100183e-06        -8.6258756102417459e-03         2.9253369927128486e-06         5.8515157124432157e-07         8.8566027911828101e-03        -2.8166499367120652e-06        -2.7896282450573566e-06
12                                     6.5881694595264259e-02        -4.0725377926784025e-02         1.6838624570419001e-06        -5.2451804020169975e-02        -3.3337256018052028e-02        -3.0323197527334622e-06        -4.7525874733023693e-02         9.5337299150463406e-02
13                                     1.7620251146069653e-02        -7.5245409142254693e-02        -9.6109354224736758e-07        -3.4713138894733361e-02        -1.4066421365148445e-02        -2.0330523805689098e-06         2.1220379600479226e-02         4.1359052713110453e-02
14                                     2.7686426484958058e-06        -4.6666473239577954e-06         2.3507996155820780e-02        -2.8414291139865533e-06        -2.2702024885894312e-06        -9.3349282961113760e-03        -3.5788469578787902e-06         6.3075391123836726e-06
15                                    -1.8112527959350333e-01         1.1606341737402751e-01        -3.3462141552710048e-06        -2.6040081874274798e-02         3.3519715641562441e-02        -7.5172333738661188e-07         1.8491260928823160e-03        -7.5304985813345561e-03
16                                     5.1539848062966451e-02        -2.7522542406491424e-01        -2.5868338943255180e-06         7.7328600796526842e-02         3.3589861537530144e-02         4.0999015494978757e-06         6.6352436525812710e-03        -7.4684743111839716e-02
17                                    -5.3294085745174814e-06         1.8849395826323361e-06        -6.8487724267162209e-02        -4.8320784298796203e-07         2.7069047995339975e-06         9.2145806521770415e-03         6.0062633319066684e-07        -1.8828396856959598e-06
18                                     4.9060349140540669e-03        -5.7314725315049126e-03        -2.3517886886198466e-07        -3.9123749254513743e-02        -2.9617716375870268e-03        -2.1839813156129874e-06        -1.3542474521049302e-01        -1.8605953041006262e-03
19                                     1.4061001140181881e-03        -4.5434969122675629e-03        -1.9881476892602796e-07        -2.8194136143877842e-02         3.4669213292550030e-03        -1.5830730982601151e-06        -2.0938819022194152e-03        -4.1527350270256017e-02
20                                     2.1065069312894734e-09        -6.4774203541260306e-07         5.8661853660037355e-03        -2.8260199246447831e-06         2.6523409293104678e-07         4.0828726896992920e-03        -7.0534858608245665e-06        -5.7212069613864129e-07
21                                    -1.3614690644623054e-01        -1.2433288605644163e-01        -8.2588786517113488e-06        -1.2429686990517799e-02        -2.8319159405043384e-02        -1.2396236744478251e-06        -4.2835040107125641e-03         1.5653737363400975e-03
22                                    -1.2445648303042089e-01        -2.5818283906530709e-01        -1.2240779624728458e-05         2.6120899724919044e-03         4.6413610114438720e-03         4.8951761583368771e-07         5.3322930531940829e-04         2.1459587794480121e-03
23                                    -8.3396404259362960e-06        -1.2210015107232844e-05        -3.5496011044870719e-02        -3.2862189000547576e-07        -1.3567311961771116e-06         2.5236395180100795e-03        -8.1798530585818837e-07         6.8783676843199599e-08
24                                    -9.6681311256384163e-03         2.8447898987157744e-02         1.5484800177760540e-07        -1.2478779686591782e-01         1.2188578371355786e-01        -1.4029046349178240e-06         9.5927262272134505e-03        -1.4599965507208209e-02
25                                    -1.1264478656082197e-03         4.0707068448697006e-03        -3.0771230798836325e-07         1.1937012632983103e-01        -2.7031050527233558e-01         3.9598128473410570e-07         1.6467642880313303e-02        -1.8806506523321866e-02
26                                    -5.2737073981221997e-07         1.3478991583964633e-06         4.3207939736856563e-03        -1.5680755642657411e-06         3.2767505782357924e-07        -3.7911076387635911e-02         6.2570863021064435e-07        -1.0550215851857231e-06
27                                    -7.4495329603699420e-04        -5.8959517305220066e-05         2.2195103970094193e-08        -1.6572863520908177e-03         3.3127619865239537e-03        -2.8634766438564570e-07         8.7925387088082924e-03         1.4808236195076527e-02
28                                     1.0128220842306988e-03         3.8700991662956479e-04         4.8036860029694305e-08         4.1144874907364766e-03        -3.3247762588421233e-03         9.4689754317548010e-08        -1.5274167256799191e-02        -1.9356299484044819e-02
29                                    -1.1130152421587419e-07         4.6796381235413508e-08        -6.0039812522218172e-04        -1.6102747377994013e-07         1.2461800313712878e-07         5.9027264330197352e-03        -3.8841046218278590e-07         7.4965751404056106e-07
30                                    -1.0412134134906392e-02        -1.6066174313930162e-03        -1.1013387819072544e-06         3.8155787226393668e-04         3.0253781064513456e-03        -2.3612017030478639e-07         7.6376004538397614e-04         2.1571724104414735e-04
31                                     2.8148013055431565e-02         2.9443597390119512e-03         1.7540691334953970e-06         2.1975217505616155e-03        -5.0780705785034227e-03        -1.3593109436765481e-07        -4.3183478923396272e-04        -1.5173621870654022e-03
32                                     4.1375611596317039e-07        -8.8216489308710995e-07         5.8337118612878311e-03        -2.7070102785351024e-07        -5.4393321057520693e-08         6.6865018926058478e-03        -1.3068125894241056e-07         5.5172764648210126e-08
                                                         8                           9                          10                          11                          12                          13                          14                          15

0                                     -4.1214008522567062e-06        -4.7447894318761862e-02         2.3762185230342060e-02        -7.2558393097206775e-07         6.5881694595264259e-02         1.7620251146069653e-02         2.7686426484958058e-06        -1.8112527959350333e-01
1                                     -8.9624485033775635e-07         4.0135817261101228e-02        -1.8827377480595053e-02         1.9551601676100183e-06        -4.0725377926784025e-02        -7.5245409142254693e-02        -4.6666473239577954e-06         1.1606341737402751e-01
2                                      4.5917157499646526e-03        -1.5365738879945853e-06         1.1918174142183088e-06        -8.6258756102417459e-03         1.6838624570419001e-06        -9.6109354224736758e-07         2.3507996155820780e-02        -3.3462141552710048e-06
3                                     -6.3613281381836221e-06         6.4482632910884435e-02        -2.0364666251553191e-02         2.9253369927128486e-06        -5.2451804020169975e-02        -3.4713138894733361e-02        -2.8414291139865533e-06        -2.6040081874274798e-02
4                                     -1.1640349610353829e-05         2.1333151671149346e-02        -5.2911617538716677e-02         5.8515157124432157e-07        -3.3337256018052028e-02        -1.4066421365148445e-02        -2.2702024885894312e-06         3.3519715641562441e-02
5                                     -6.2287575449184479e-02         2.8796921758132417e-06        -1.6863684645580156e-06         8.8566027911828101e-03        -3.0323197527334622e-06        -2.0330523805689098e-06        -9.3349282961113760e-03        -7.5172333738661188e-07
6                                      2.2565196029282140e-05        -1.3881775567731072e-01         1.0710769223437183e-01        -2.8166499367120652e-06        -4.7525874733023693e-02         2.1220379600479226e-02        -3.5788469578787902e-06         1.8491260928823160e-03
7                                      1.1528996185687386e-05         3.6432602055032202e-02        -2.8237047712385993e-01        -2.7896282450573566e-06         9.5337299150463406e-02         4.1359052713110453e-02         6.3075391123836726e-06        -7.5304985813345561e-03
8                                      1.2028053907205911e-01        -4.6440243272600380e-06         2.1281391697171350e-06        -6.9088390333479160e-02        -1.6168365347509742e-06         9.1225099795039854e-07         2.2997988903874902e-02         1.0785862046674341e-06
9                                     -4.6440243272600380e-06         6.5353989305483240e-01         6.1580038783202756e-02         3.3478842900579677e-05        -3.2198488291568983e-01         1.5027318717577759e-02        -1.4408009731959218e-05        -6.1184854282751680e-02
10                                     2.1281391697171350e-06         6.1580038783202756e-02         7.3371101445451881e-01         1.8137431068587929e-05        -1.3861312537840568e-02        -1.2276843766690645e-01        -2.0738362603338989e-06        -3.9796649090286185e-02
11                                    -6.9088390333479160e-02         3.3478842900579677e-05         1.8137431068587929e-05         1.4998735437506330e-01        -1.5837380957795225e-05         1.5394571428096695e-06        -6.5710012344318947e-02        -5.1543552874509403e-06
12                                    -1.6168365347509742e-06        -3.2198488291568983e-01        -1.3861312537840568e-02        -1.5837380957795225e-05         5.6607521450153320e-01         1.0099972810083266e-01         2.7567697860653527e-05        -1.6687530895982666e-01
13                                     9.1225099795039854e-07         1.5027318717577759e-02        -1.2276843766690645e-01         1.5394571428096695e-06         1.0099972810083266e-01         4.4504562455619340e-01         9.2128006441525095e-06        -9.2158098547939438e-02
14                                     2.2997988903874902e-02        -1.4408009731959218e-05        -2.0738362603338989e-06        -6.5710012344318947e-02         2.7567697860653527e-05         9.2128006441525095e-06         9.6922080852990533e-02        -6.2884247838444999e-06
15                                     1.0785862046674341e-06        -6.1184854282751680e-02        -3.9796649090286185e-02        -5.1543552874509403e-06        -1.6687530895982666e-01        -9.2158098547939438e-02        -6.2884247838444999e-06         7.5770869721795964e-01
16                                    -1.7385533207492790e-07        -8.6074547886861169e-02         1.9685886468117732e-02        -6.5919221939452615e-06        -6.9878094675032254e-02        -2.7024535294227719e-01        -4.0965340088373863e-06        -1.7787537089021550e-02
17                                    -1.0960171363522389e-02        -4.1240652799611274e-06        -1.9023769728869160e-06         3.8453603881010157e-03        -6.7643706787244585e-06        -6.9459687141638999e-06        -6.8167555284105036e-02         3.6551322547876100e-05
18                                    -6.8671550305264113e-06        -4.2207887260911799e-02        -4.3816280218743550e-03        -3.3829506348511486e-06         1.2496835846074437e-03         8.2501294955265383e-03         3.5748357129626013e-09        -1.7196123165832446e-03
19                                    -4.7089498400642832e-07         2.6043580641988525e-02         5.4631092060936385e-03         1.5756124450608487e-06        -4.6803238696583108e-04        -4.2603594808588632e-03        -2.7425591807205618e-07        -3.0124184433205463e-04
20                                    -2.5094388376976112e-02        -1.8525645976071901e-06        -4.9625597293210658e-07         3.2019054076408010e-03        -1.9440199405223665e-07         3.9326549282325692e-07         5.3805458965940937e-03        -1.6699441885188245e-07
21                                    -5.8085830168974703e-07        -1.4243006556423662e-03         1.0639406645915172e-03        -9.4184853515983502e-08         4.2814002466689475e-04         3.9437135738251469e-03        -3.8862070789406140e-07         1.2398910932578293e-02
22                                    -1.9617241975067340e-07         2.4442756996670917e-03         5.9474713008899921e-04         2.7677825317522204e-07         3.2696806556963458e-03        -6.0145352214368503e-03        -2.7907962481178801e-07        -2.0108323965663959e-02
23                                     8.6281945154943612e-03         1.2983236936652482e-07        -1.1438081614901058e-07        -3.5105108521767505e-04        -3.2323222832542693e-07        -1.0270420729501450e-07         7.6530897614829965e-03         2.8467117380345177e-08
24                                     1.8086931296543026e-07        -1.1626672347374112e-03        -3.5391838629420533e-03        -8.4144704308573294e-07        -4.1450456809176504e-04        -6.9562373288983934e-04         2.2649838075136780e-07        -6.1690285813703347e-03
25                                    -3.0022882455241165e-08        -4.7334191037314427e-03        -3.2545217137736199e-03        -5.2571871842152725e-08        -8.2123169723600804e-04         5.2749812378227387e-04        -1.5531599202237155e-07        -5.1269334114362967e-04
26                                     4.3895129820257315e-03        -4.3022252165009761e-07        -5.3893048593060713e-07         7.0842113650931952e-03         3.2250530919463335e-08         1.9771337704052082e-08        -3.7822743184182058e-03        -7.7713532416728484e-07
27                                     5.8289220470218867e-07        -1.0544220792257553e-01        -1.0987712343737718e-01        -7.8594093847393164e-06        -2.6928183088060477e-02        -2.9163075208160208e-02        -2.0555469670758741e-06        -4.1605792343043530e-03
28                                    -1.6681668872408041e-06        -1.0757351206082186e-01        -2.7615329936661259e-01        -1.3901610234811926e-05        -4.6942402080797432e-03         8.0342850548679352e-03        -1.9789698523892111e-07         2.1310758608794039e-03
29                                     6.3643054344484692e-03        -7.8314479371413857e-06        -1.4706269124858081e-05        -3.9392823938691007e-02        -7.8254245408315553e-07        -1.1748503540554583e-06        -4.6320126576803212e-03        -8.1569070252148687e-07
30                                     2.2027114553922580e-07         1.6499243026644426e-03        -2.0532795810780545e-03        -9.8599804350122937e-07        -1.7454174421209345e-02        -1.0311336435423570e-02        -1.0840651720346184e-06        -3.2468198940080584e-01
31                                    -1.1414753653644347e-07        -4.2553199078610394e-03        -3.1690263683548953e-03        -2.5267757612097431e-07        -3.5841410272166530e-02        -2.3659446290715414e-03        -2.2514835032632595e-06         2.6386703527725382e-02
32                                     1.7826886529493819e-04        -3.6767898285462626e-07        -4.2015008158507656e-07         1.0192718984867431e-02        -6.5419653909000261e-07        -1.1496406851850979e-07        -4.8349186701294213e-03        -2.0757196304445533e-05
                                                        16                          17                          18                          19                          20                          21                          22                          23

0                                      5.1539848062966451e-02        -5.3294085745174814e-06         4.9060349140540669e-03         1.4061001140181881e-03         2.1065069312894734e-09        -1.3614690644623054e-01        -1.2445648303042089e-01        -8.3396404259362960e-06
1                                     -2.7522542406491424e-01         1.8849395826323361e-06        -5.7314725315049126e-03        -4.5434969122675629e-03        -6.4774203541260306e-07        -1.2433288605644163e-01        -2.5818283906530709e-01        -1.2210015107232844e-05
2                                     -2.5868338943255180e-06        -6.8487724267162209e-02        -2.3517886886198466e-07        -1.9881476892602796e-07         5.8661853660037355e-03        -8.2588786517113488e-06        -1.2240779624728458e-05        -3.5496011044870719e-02
3                                      7.7328600796526842e-02        -4.8320784298796203e-07        -3.9123749254513743e-02        -2.8194136143877842e-02        -2.8260199246447831e-06        -1.2429686990517799e-02         2.6120899724919044e-03        -3.2862189000547576e-07
