*************************************************
******************* ORCA 6.0.0 ******************
*************************************************
$Calculation_Status
   &GeometryIndex 1
   &ListStatus       OUT
   &VERSION [&Type "String"] "6.0.0"
   &PROGNAME [&Type "String"] "LeanSCF"
   &STATUS [&Type "String"] "NORMAL TERMINATION"
$End
$Geometry
   &GeometryIndex 1
   &ListStatus       OUT
   &NATOMS [&Type "Integer"] 11
   &NCORELESSECP [&Type "Integer"] 0
   &NGHOSTATOMS [&Type "Integer"] 0
   &CartesianCoordinates [&Type "Coordinates", &Dim(11,4), &Units "Bohr"] 
              C      3.105712782264    2.261301663094    0.000089734023
              C      0.480503623572    2.330739397228   -0.000055322677
              C     -0.793564514332    0.039133433518   -0.000116373871
              C      0.558988929909   -2.219223052090   -0.000009693350
              N      3.077604903151   -2.275116071926    0.000137168606
              C      4.314979095066   -0.073139476706    0.000178417926
              Cl    -4.098758719159   -0.034705700117   -0.000335665628
              H      4.192653270022    3.999901457585    0.000133506506
              H     -0.550085401703    4.101264907973   -0.000122853175
              H     -0.432250272333   -4.020159597830   -0.000033663014
              H      6.368234893045   -0.183480125896    0.000276537798
$End
$SCF_Energy
   &GeometryIndex 1
   &ListStatus       OUT
   &SCF_ENERGY [&Type "Double"]      -7.0782181860069909e+02
$End
$DFT_Energy
   &GeometryIndex 1
   &ListStatus       OUT
   &NALPHAEL [&Type "Integer"] 29
   &NBETAEL [&Type "Integer"] 29
   &NTOTALEL [&Type "Integer"] 58
   &EEXCHANGE [&Type "Double"]      -6.1649370769525596e+01
   &ECORR [&Type "Double"]      -1.9934252659157465e+00
   &ECNL [&Type "Double"]       0.0000000000000000e+00
   &EXC [&Type "Double"]      -6.3642796035441343e+01
   &EEMBED [&Type "Double"]       0.0000000000000000e+00
   &FINALEN [&Type "Double"]      -7.0782181860069909e+02  "No Van der Waals correction"
$End
$Mulliken_Population_Analysis
   &GeometryIndex 1
   &ListStatus       OUT
   &NATOMS [&Type "Integer"] 11
   &ATNO [&Type "ArrayOfIntegers", &Dim (11,1)] 
                                                         0

0                                                        6
1                                                        6
2                                                        6
3                                                        6
4                                                        7
5                                                        6
6                                                       17
7                                                        1
8                                                        1
9                                                        1
10                                                       1
   &ATOMICCHARGES [&Type "ArrayOfDoubles", &Dim (11,1)] 
                                                         0

0                                     -6.8843344683735097e-02
1                                     -1.8796909192982536e-01
2                                      1.7168703918836314e-01
3                                     -4.9873388318561140e-02
4                                     -2.4873182622014678e-01
5                                     -2.0430612926341851e-02
6                                     -1.0630466482066936e-01
7                                      1.2131974302411175e-01
8                                      1.3578944068982401e-01
9                                      1.3228884522809703e-01
10                                     1.2106786076883069e-01
$End
$Loewdin_Population_Analysis
   &GeometryIndex 1
   &ListStatus       OUT
   &NATOMS [&Type "Integer"] 11
   &ATNO [&Type "ArrayOfIntegers", &Dim (11,1)] 
                                                         0

0                                                        6
1                                                        6
2                                                        6
3                                                        6
4                                                        7
5                                                        6
6                                                       17
7                                                        1
8                                                        1
9                                                        1
10                                                       1
   &ATOMICCHARGES [&Type "ArrayOfDoubles", &Dim (11,1)] 
                                                         0

0                                     -1.4041289836815540e-01
1                                     -1.2390035895059803e-01
2                                     -4.3056952816896477e-01
3                                     -2.0785279181901295e-01
4                                      1.3704780484234469e-01
5                                     -2.0257805890919300e-01
6                                      3.8769769457034187e-01
7                                      1.4855217368969387e-01
8                                      1.5164738029496982e-01
9                                      1.4172057704869623e-01
10                                     1.3864800576983560e-01
$End
$Mayer_Population_Analysis
   &GeometryIndex 1
   &ListStatus       OUT
   &NATOMS [&Type "Integer"] 11 "Total number of atoms"
   &BONDTHRESH [&Type "Double"]       1.0000000000000001e-01  "The threshold for printing"
   &NBONDORDERSPRINT [&Type "Integer"] 11 "The number of bond orders larger than threshold"
   &BONDORDERS [&Type "ArrayOfDoubles", &Dim (11,1)] "The bond orders"
                                                         0

0                                      1.3989440204110950e+00
1                                      1.3886634135196212e+00
2                                      9.5809769844914439e-01
3                                      1.3954780678816519e+00
4                                      9.6292920491193168e-01
5                                      1.3272639869489020e+00
6                                      1.0127086845308857e+00
7                                      1.4569455934524689e+00
8                                      9.7784879144413539e-01
9                                      1.4369410843388475e+00
10                                     9.7543028844922286e-01
   &COMPONENTS [&Type "ArrayOfIntegers", &Dim (11,4)] "The indices and atomic numbers of the bonding atoms"
                                                         0                           1                           2                           3

0                                                        0                           6                           1                           6
1                                                        0                           6                           5                           6
2                                                        0                           6                           7                           1
3                                                        1                           6                           2                           6
4                                                        1                           6                           8                           1
5                                                        2                           6                           3                           6
6                                                        2                           6                           6                          17
7                                                        3                           6                           4                           7
8                                                        3                           6                           9                           1
9                                                        4                           7                           5                           6
10                                                       5                           6                          10                           1
   &ATNO [&Type "ArrayOfIntegers", &Dim (11,1)] "Atomic number of the elements"
                                                         0

0                                                        6
1                                                        6
2                                                        6
3                                                        6
4                                                        7
5                                                        6
6                                                       17
7                                                        1
8                                                        1
9                                                        1
10                                                       1
   &NA [&Type "ArrayOfDoubles", &Dim (11,1)] "Mulliken gross atomic population"
                                                         0

0                                      6.0688433446837298e+00
1                                      6.1879690919298040e+00
2                                      5.8283129608116271e+00
3                                      6.0498733883185842e+00
4                                      7.2487318262201184e+00
5                                      6.0204306129263498e+00
6                                      1.7106304664820534e+01
7                                      8.7868025697589069e-01
8                                      8.6421055931017499e-01
9                                      8.6771115477190286e-01
10                                     8.7893213923116875e-01
   &ZA [&Type "ArrayOfDoubles", &Dim (11,1)] "Total nuclear charge"
                                                         0

0                                      6.0000000000000000e+00
1                                      6.0000000000000000e+00
2                                      6.0000000000000000e+00
3                                      6.0000000000000000e+00
4                                      7.0000000000000000e+00
5                                      6.0000000000000000e+00
6                                      1.7000000000000000e+01
7                                      1.0000000000000000e+00
8                                      1.0000000000000000e+00
9                                      1.0000000000000000e+00
10                                     1.0000000000000000e+00
   &QA [&Type "ArrayOfDoubles", &Dim (11,1)] "Mulliken gross atomic charge"
                                                         0

0                                     -6.8843344683729768e-02
1                                     -1.8796909192980404e-01
2                                      1.7168703918837291e-01
3                                     -4.9873388318584233e-02
4                                     -2.4873182622011836e-01
5                                     -2.0430612926349845e-02
6                                     -1.0630466482053436e-01
7                                      1.2131974302410931e-01
8                                      1.3578944068982501e-01
9                                      1.3228884522809714e-01
10                                     1.2106786076883125e-01
   &VA [&Type "ArrayOfDoubles", &Dim (11,1)] "Mayer's total valence"
                                                         0

0                                      3.8323825932508631e+00
1                                      3.9711974329370072e+00
2                                      3.8087418329043068e+00
3                                      3.9923740170083977e+00
4                                      3.0313784087148594e+00
5                                      3.9942143331276734e+00
6                                      1.2219274799791127e+00
7                                      9.7390446533237296e-01
8                                      9.8085921069669457e-01
9                                      9.8077183979242843e-01
10                                     9.8025986818861699e-01
   &BVA [&Type "ArrayOfDoubles", &Dim (11,1)] "Mayer's bonded valence"
                                                         0

0                                      3.8323825932508391e+00
1                                      3.9711974329369575e+00
2                                      3.8087418329044058e+00
3                                      3.9923740170084092e+00
4                                      3.0313784087149416e+00
5                                      3.9942143331276228e+00
6                                      1.2219274799794748e+00
7                                      9.7390446533237207e-01
8                                      9.8085921069666604e-01
9                                      9.8077183979241678e-01
10                                     9.8025986818865019e-01
   &FA [&Type "ArrayOfDoubles", &Dim (11,1)] "Mayer's free valence"
                                                         0

0                                      0.0000000000000000e+00
1                                      0.0000000000000000e+00
2                                      0.0000000000000000e+00
3                                      0.0000000000000000e+00
4                                      0.0000000000000000e+00
5                                      0.0000000000000000e+00
6                                      0.0000000000000000e+00
7                                      0.0000000000000000e+00
8                                      0.0000000000000000e+00
9                                      0.0000000000000000e+00
10                                     0.0000000000000000e+00
$End
$VdW_Correction
   &GeometryIndex 1
   &ListStatus       OUT
   &VDW [&Type "Double"]      -3.6491509596651593e-03
$End
$Calculation_Info
   &GeometryIndex 1
   &ListStatus       OUT
   &MULT [&Type "Integer"] 1
   &CHARGE [&Type "Integer"] 0
   &NUMOFATOMS [&Type "Integer"] 11
   &NUMOFELECTRONS [&Type "Integer"] 58
   &NUMOFFCELECTRONS [&Type "Integer"] 1
   &NUMOFCORRELECTRONS [&Type "Integer"] 0
   &NUMOFBASISFUNCTS [&Type "Integer"] 247
   &NUMOFAUXCBASISFUNCTS [&Type "Integer"] 0
   &NUMOFAUXJBASISFUNCTS [&Type "Integer"] 266
   &NUMOFAUXJKBASISFUNCTS [&Type "Integer"] 0
   &NUMOFCABSBASISFUNCTS [&Type "Integer"] 0
   &TOTALENERGY [&Type "Double"]      -7.0781960086735876e+02  "Hartrees"
$End
$SCF_Dipole_Moment
   &GeometryIndex 1
   &ListStatus       OUT
   &METHOD [&Type "String"] "SCF"
   &LEVEL [&Type "String"] "Relaxed density"
   &MULT [&Type "Integer"] 1
   &STATE [&Type "Integer"] -1
   &IRREP [&Type "Integer"] 0
   &NATOMS [&Type "Integer"] 11
   &DODIPOLEATOM [&Type "Boolean"] false
   &DIPOLEELECCONTRIB [&Type "ArrayOfDoubles", &Dim (3,1)] "Electronic contribution"
                                                         0

0                                     -7.4614523015531287e+00
1                                     -1.1895433998528708e+00
2                                     -4.5601844069997389e-04
   &DIPOLENUCCONTRIB [&Type "ArrayOfDoubles", &Dim (3,1)] "Nuclear contribution"
                                                         0

0                                      7.6808093527719059e+00
1                                      1.9651283542966973e+00
2                                      4.6242732993912730e-04
   &DIPOLETOTAL [&Type "ArrayOfDoubles", &Dim (3,1)] "Total"
                                                         0

0                                      2.1935705121877724e-01
1                                      7.7558495444382647e-01
2                                      6.4088892391534055e-06
   &DIPOLEMAGNITUDE [&Type "Double", &Units "a.u."]       8.0600839792157464e-01
$End
$THERMOCHEMISTRY_Energies
   &GeometryIndex 1
   &ListStatus       OUT
   &TEMPERATURE [&Type "Double"]       2.9814999999999998e+02
   &PRESSURE [&Type "Double"]       1.0000000000000000e+00
   &TOTALMASS [&Type "Double"]       1.1354699999999998e+02
   &SPINDEGENERACY [&Type "Integer"] 1
   &ELENERGY [&Type "Double"]      -7.0781960086735876e+02
   &TRANSENERGY [&Type "Double"]       1.4162714244859817e-03
   &ROTENERGY [&Type "Double"]       1.4162714244859817e-03
   &VIBENERGY [&Type "Double"]       2.5694939660616664e-03
   &NUMOFFREQS [&Type "Integer"] 33
   &FREQSCALINGFACTOR [&Type "Double"]       1.0000000000000000e+00
   &FREQ [&Type "ArrayOfDoubles", &Dim (33,1)] "In cm^-1"
                                                         0

0                                      0.0000000000000000e+00
1                                      0.0000000000000000e+00
2                                      0.0000000000000000e+00
3                                      0.0000000000000000e+00
4                                      0.0000000000000000e+00
5                                      0.0000000000000000e+00
6                                      1.8790848706909915e+02
7                                      2.9577015760301941e+02
8                                      4.0808654231522837e+02
9                                      4.1665972957176774e+02
10                                     4.6830300791381688e+02
11                                     6.2480290968040049e+02
12                                     7.2147693150628413e+02
13                                     7.3529254581655209e+02
14                                     8.0768754940618021e+02
15                                     9.2886522985386091e+02
16                                     9.5394276780894006e+02
17                                     9.8846669859564417e+02
18                                     1.0315318203087716e+03
19                                     1.0577420769847158e+03
20                                     1.1041845650542136e+03
21                                     1.1355183536840584e+03
22                                     1.2183933984451855e+03
23                                     1.2882807248880426e+03
24                                     1.3470190700085886e+03
25                                     1.4437922799577209e+03
26                                     1.4879386393528468e+03
27                                     1.5914576613998995e+03
28                                     1.6010389391956164e+03
29                                     3.1421982917778460e+03
30                                     3.1513704747756601e+03
31                                     3.1754673111855473e+03
32                                     3.1939629383422434e+03
   &ZPE [&Type "Double"]       7.8613092854618302e-02
   &INNERENERGYU [&Type "Double"]      -7.0773558573768923e+02
   &ENTHALPYH [&Type "Double"]      -7.0773464152864699e+02
   &QEL [&Type "Double"]       0.0000000000000000e+00
   &QROT [&Type "Double"]       1.3171716582739770e-02
   &QVIB [&Type "Double"]       3.8842905808550987e-03
   &QTRANS [&Type "Double"]       1.9051174676717544e-02
   &ENTROPYS [&Type "Double"]       3.6107181840312412e-02
   &FREEENERGYG [&Type "Double"]      -7.0777074871048728e+02
   &ISLINEAR [&Type "Boolean"] false
$End
$Hessian
   &GeometryIndex 1
   &ListStatus       OUT
   &HESSIAN [&Type "ArrayOfDoubles", &Dim (33,33)] "The Hessian"
                                                         0                           1                           2                           3                           4                           5                           6                           7

0                                      6.8428320420642152e-01         4.3081072075689897e-02         2.9350045111111944e-05        -3.3932437541251109e-01         3.7502435378285459e-02        -1.6153377758843496e-05        -3.1919102910521926e-02        -7.6789221197648555e-02
1                                      4.3081072075689897e-02         7.1257056046033962e-01        -2.2565580127334961e-06        -2.3666939425117290e-02        -1.2947653377059770e-01        -5.2078283552910765e-07        -2.9746875593502496e-02         3.7845989960054428e-02
2                                      2.9350045111111944e-05        -2.2565580127334961e-06         1.2886689228565174e-01        -1.5284313625776521e-05         2.8087071203584138e-06        -5.9190497531501088e-02        -1.5243588360277036e-06        -4.4703053824034431e-06
3                                     -3.3932437541251109e-01        -2.3666939425117290e-02        -1.5284313625776521e-05         6.8242830408346844e-01        -4.6330777456755692e-02         3.1258060667087203e-05        -1.4988388282754039e-01        -5.3453760021811916e-02
4                                      3.7502435378285459e-02        -1.2947653377059770e-01         2.8087071203584138e-06        -4.6330777456755692e-02         7.2696309868627240e-01        -6.4860226637779303e-06        -1.1047441622309483e-01        -2.9483612287988548e-01
5                                     -1.6153377758843496e-05        -5.2078283552910765e-07        -5.9190497531501088e-02         3.1258060667087203e-05        -6.4860226637779303e-06         1.3190733403273197e-01        -4.3969010294905985e-06        -2.4931575476304038e-06
6                                     -3.1919102910521926e-02        -2.9746875593502496e-02        -1.5243588360277036e-06        -1.4988388282754039e-01        -1.1047441622309483e-01        -4.3969010294905985e-06         4.9302669737434024e-01         8.5324050837563281e-03
7                                     -7.6789221197648555e-02         3.7845989960054428e-02        -4.4703053824034431e-06        -5.3453760021811916e-02        -2.9483612287988548e-01        -2.4931575476304038e-06         8.5324050837563281e-03         6.4569634441259194e-01
8                                     -1.6637248652042069e-06        -1.7923377336944403e-06         4.3870557415725750e-03        -5.5274151370256329e-06        -5.6100247397506894e-06        -6.2609580230114911e-02         2.4607313475114844e-05        -4.8574415030237285e-06
9                                     -4.7698926397788284e-02         4.0304543328336412e-02        -3.0161289703150459e-06         6.4803299421326177e-02         2.1485359661363581e-02         2.7347789517127812e-06        -1.3903310483332917e-01         3.3941780855424923e-02
10                                     2.3400574383928591e-02        -1.8607140988469061e-02         1.6421366653182519e-06        -1.9983772454703608e-02        -5.3059550571235237e-02        -1.8085157541502066e-07         1.0421878168753203e-01        -2.7612297230563931e-01
11                                    -1.3780631007687205e-06         2.0038460194702299e-06        -8.5908221590360948e-03         3.4654728710229868e-06         2.9469786407426733e-06         8.9708812863523550e-03        -6.5946760043814371e-06         4.7486959852608109e-06
12                                     6.6128483626278059e-02        -4.0846346733857272e-02         2.7955637263332773e-06        -5.2702807663278881e-02        -3.3358044408793745e-02        -2.2201913660076747e-06        -4.7794202978429137e-02         9.5248238281322450e-02
13                                     1.7583008758035083e-02        -7.5750717028911563e-02         1.6282732867361060e-06        -3.4888956790455998e-02        -1.4225058952383280e-02        -1.6762163653027945e-06         2.1276767077463010e-02         4.1672051546627814e-02
14                                     1.6568774680624790e-06        -1.4151336135258561e-06         2.3631974466014678e-02        -1.4664490658597283e-06        -2.3145573475256019e-06        -9.3855020594476087e-03        -4.0563092703594304e-06         6.2425374051645090e-06
15                                    -1.8046126580146243e-01         1.1365956988778886e-01        -6.9847304314612206e-06        -2.5977740708951334e-02         3.3615956285997645e-02        -2.1595868909635649e-06         2.2693897386941719e-03        -7.7498318941859583e-03
16                                     4.9782851415401064e-02        -2.7145546326354464e-01         4.4571525113104237e-06         7.7400296039518382e-02         3.3677320670964933e-02         3.3817207041751146e-06         6.8147125607183672e-03        -7.4600989636605483e-02
17                                    -6.1792795287666035e-06         7.9349866204848878e-06        -6.8847698088575354e-02        -2.4802055775474363e-06         1.4498856225047743e-06         9.1898380331822439e-03         3.7879019258384634e-07         4.5563165390351424e-07
18                                     4.9725945578417453e-03        -5.6625869205164849e-03         2.7599223186532957e-08        -3.9289397144402848e-02        -3.0219910891036914e-03        -2.6130583915999695e-06        -1.4156426052449447e-01        -1.9021888998087769e-03
19                                     1.4262572091111572e-03        -4.5287851019006897e-03         1.2793382706683312e-07        -2.8360202934326468e-02         3.4712095023899702e-03        -1.7146604050930077e-06        -2.0506335709244627e-03        -4.1462937877924738e-02
20                                     9.6939795267876304e-08        -4.1276518310712162e-07         5.8735993704286046e-03        -2.3288190817481936e-06         2.2394256598482807e-07         4.1353112866709257e-03        -8.2123864808881645e-06         4.9553034198303977e-08
21                                    -1.3540748839609923e-01        -1.2360191351377270e-01        -4.2442735076257158e-06        -1.2370514489620919e-02        -2.8338292355992889e-02        -3.9673691802611173e-07        -4.2512968138143361e-03         1.5646627033570849e-03
22                                    -1.2383372415987255e-01        -2.5819350945781439e-01        -4.7778146995628164e-06         2.5495942760885154e-03         4.5843901618175279e-03         3.8896414933926663e-07         5.6552094901647903e-04         2.1608780466645479e-03
23                                    -4.0824390488169085e-06        -5.0027158475726120e-06        -3.5506715418337872e-02        -8.3820009296563957e-07        -1.5381633725352376e-06         2.4782770947072204e-03        -8.0276578431093800e-07         2.7628525158902658e-07
24                                    -9.6169909323683897e-03         2.8270191942929616e-02        -8.2332529468892882e-07        -1.2639677195052412e-01         1.2292255473282984e-01        -5.6916931398578037e-06         9.5892015645078418e-03        -1.4599629265855913e-02
25                                    -1.1787322994392668e-03         4.1928270521345914e-03        -3.8224342814732688e-07         1.2007319318107286e-01        -2.6862656223914971e-01         8.1171582791195510e-06         1.6690331413977844e-02        -1.9275680453116797e-02
26                                    -5.0825071335276710e-07         1.5520783158384692e-06         4.2431990755405092e-03        -5.7374198620680436e-06         8.1848179474511051e-06        -3.8067398842009756e-02         1.1305177679021165e-07        -7.3283263086887453e-07
27                                    -7.5456353134427639e-04        -7.4869574521160115e-05         3.2955907185418709e-08        -1.6748373705308592e-03         3.3212789422032321e-03        -3.8913861476928666e-07         8.8197469816456465e-03         1.4861995650074161e-02
28                                     1.0156236462750404e-03         3.8398355586496328e-04         6.4005976672850405e-08         4.1511637868423164e-03        -3.3749653370715037e-03         5.1163297296188518e-07        -1.5239862329021782e-02        -1.9578761165339180e-02
29                                    -4.7794377080707538e-08        -2.8616234052658134e-08        -5.7960468645353209e-04        -4.2182060981869058e-07         4.0676466356527485e-07         5.9168079039505382e-03         3.4746054441506227e-07         9.5172585139658654e-07
30                                    -1.0201569008445578e-02        -1.5872262067106457e-03        -4.7457515454232550e-07         3.8872406256583534e-04         3.0076204770634551e-03        -2.5187954531384878e-07         7.4081522894153080e-04         1.9703592703872804e-04
31                                     2.7881235523487362e-02         3.0187885828444078e-03         1.3959192056817592e-06         2.1784778556465240e-03        -5.0972252711220063e-03         2.4446676055637197e-07        -4.3821827758304611e-04        -1.4977996474277761e-03
32                                    -9.4539112898860634e-07        -2.9920856587585036e-07         5.7126169446958166e-03        -3.5916644922793110e-07         3.5542008957846548e-07         6.6545290254780747e-03        -1.3729039921437681e-07         1.2751860348914430e-07
                                                         8                           9                          10                          11                          12                          13                          14                          15

0                                     -1.6637248652042069e-06        -4.7698926397788284e-02         2.3400574383928591e-02        -1.3780631007687205e-06         6.6128483626278059e-02         1.7583008758035083e-02         1.6568774680624790e-06        -1.8046126580146243e-01
1                                     -1.7923377336944403e-06         4.0304543328336412e-02        -1.8607140988469061e-02         2.0038460194702299e-06        -4.0846346733857272e-02        -7.5750717028911563e-02        -1.4151336135258561e-06         1.1365956988778886e-01
2                                      4.3870557415725750e-03        -3.0161289703150459e-06         1.6421366653182519e-06        -8.5908221590360948e-03         2.7955637263332773e-06         1.6282732867361060e-06         2.3631974466014678e-02        -6.9847304314612206e-06
3                                     -5.5274151370256329e-06         6.4803299421326177e-02        -1.9983772454703608e-02         3.4654728710229868e-06        -5.2702807663278881e-02        -3.4888956790455998e-02        -1.4664490658597283e-06        -2.5977740708951334e-02
4                                     -5.6100247397506894e-06         2.1485359661363581e-02        -5.3059550571235237e-02         2.9469786407426733e-06        -3.3358044408793745e-02        -1.4225058952383280e-02        -2.3145573475256019e-06         3.3615956285997645e-02
5                                     -6.2609580230114911e-02         2.7347789517127812e-06        -1.8085157541502066e-07         8.9708812863523550e-03        -2.2201913660076747e-06        -1.6762163653027945e-06        -9.3855020594476087e-03        -2.1595868909635649e-06
6                                      2.4607313475114844e-05        -1.3903310483332917e-01         1.0421878168753203e-01        -6.5946760043814371e-06        -4.7794202978429137e-02         2.1276767077463010e-02        -4.0563092703594304e-06         2.2693897386941719e-03
7                                     -4.8574415030237285e-06         3.3941780855424923e-02        -2.7612297230563931e-01         4.7486959852608109e-06         9.5248238281322450e-02         4.1672051546627814e-02         6.2425374051645090e-06        -7.7498318941859583e-03
8                                      1.2073635448845256e-01        -5.7966512110275642e-06         9.3109747095516547e-06        -6.9814519500043054e-02        -5.1725596294425004e-06         4.6591705078756919e-07         2.3065977985933295e-02         1.3634369631027988e-06
9                                     -5.7966512110275642e-06         6.6529688894431116e-01         6.4044139107819753e-02         3.2559629017718186e-05        -3.3377302789337393e-01         1.4195329086430925e-02        -1.8460879768981979e-05        -6.2247819420174280e-02
10                                     9.3109747095516547e-06         6.4044139107819753e-02         7.2517313173253584e-01        -6.0648905784708644e-06        -1.4649632026911786e-02        -1.2171539830066394e-01         2.7375794870732392e-07        -4.0006484848536417e-02
11                                    -6.9814519500043054e-02         3.2559629017718186e-05        -6.0648905784708644e-06         1.4998580569513084e-01        -1.6824331542482474e-05         3.9372566384477433e-06        -6.4884081087233453e-02        -4.5063801628873115e-06
12                                    -5.1725596294425004e-06        -3.3377302789337393e-01        -1.4649632026911786e-02        -1.6824331542482474e-05         5.8172467164733010e-01         1.0853287842184473e-01         2.7877475835184247e-05        -1.6961335420287435e-01
13                                     4.6591705078756919e-07         1.4195329086430925e-02        -1.2171539830066394e-01         3.9372566384477433e-06         1.0853287842184473e-01         4.5252123143699963e-01        -3.2631133119283899e-07        -9.8135720455318765e-02
14                                     2.3065977985933295e-02        -1.8460879768981979e-05         2.7375794870732392e-07        -6.4884081087233453e-02         2.7877475835184247e-05        -3.2631133119283899e-07         9.5094897661274963e-02        -3.6093486547069888e-06
15                                     1.3634369631027988e-06        -6.2247819420174280e-02        -4.0006484848536417e-02        -4.5063801628873115e-06        -1.6961335420287435e-01        -9.8135720455318765e-02        -3.6093486547069888e-06         7.5725842101112217e-01
16                                     1.2098771574087469e-06        -8.6892380093019569e-02         1.8927938184305697e-02        -7.5014760471671697e-06        -7.5739544201892273e-02        -2.7806991057698488e-01         7.5284964768971946e-07        -1.0443055140444572e-02
17                                    -1.1071397657650634e-02        -2.2144408544349206e-06        -2.4708906289939409e-06         4.0389444559822893e-03        -4.4293012107773950e-06        -2.4944707878658875e-06        -6.7396663543896201e-02         3.0516894763721310e-05
18                                    -7.8657885240176670e-06        -4.1702337889202884e-02        -4.6698090092820096e-03        -3.7001699402815618e-06         1.2206727105116520e-03         8.1825087089190292e-03        -1.1548460391942350e-07        -1.7687374950256505e-03
19                                     2.1890166835650028e-08         2.5950910080753127e-02         5.7476899471466522e-03         1.7043400669788440e-06        -4.7711810327594716e-04        -4.3435831925051028e-03        -8.9621025947375928e-08        -3.1461514784805869e-04
20                                    -2.4681827330058720e-02        -2.6678399291142207e-06        -8.3926823024328852e-07         3.0983453614998532e-03        -3.2081793727716699e-07         9.1739440658523934e-07         5.3965882752118862e-03        -1.2139704224898979e-07
21                                    -5.7649034343536130e-07        -1.4401483977795281e-03         1.0580525643977827e-03        -1.6246995162954382e-07         4.1125379852820036e-04         3.9707191607449080e-03        -6.0459877826845133e-07         1.2467212231831865e-02
22                                     2.2713596192585579e-07         2.4613177704393384e-03         6.1505816374216190e-04         2.7104286560702361e-07         3.2884316748634634e-03        -6.0920289196412045e-03        -7.7912565625661179e-08        -2.0074807648976418e-02
23                                     8.6603639684132445e-03         8.2436728830163523e-08        -4.2803776249690455e-08        -3.3609164337180928e-04        -4.1745503477975531e-07         2.0831802295443500e-07         7.6684621324892201e-03         6.7508014430840901e-07
24                                     4.9023589957547765e-07        -1.1380388575076752e-03        -3.5410985341557018e-03        -8.5494819699102726e-07        -3.8902617023656638e-04        -6.8771029121636202e-04         4.6032437650345375e-07        -6.1659668962912532e-03
25                                     9.8236175248564302e-07        -4.7945542254277107e-03        -3.3521671683223869e-03         3.6222134633627598e-07        -8.4095650403431550e-04         5.2029421650121206e-04        -5.5153902812625497e-07        -5.5423094412444893e-04
26                                     4.6521282146112473e-03        -2.6466385258846612e-07        -2.2362038475808922e-07         7.1059950831390264e-03         5.9754173483611885e-08         8.5358346447234720e-08        -3.8201421365584806e-03        -9.0427526291198768e-07
27                                     1.1495207098425879e-07        -1.0467399373393868e-01        -1.0824024545750138e-01        -2.1212637244411996e-06        -2.7321640992787045e-02        -2.9351429741603180e-02        -9.7450674668366979e-07        -4.0450936304909108e-03
28                                    -2.1575658374580093e-07        -1.0600090806857690e-01        -2.7455695691550536e-01        -1.9877059527366290e-06        -5.0158887456239129e-03         8.0105660480816795e-03        -9.7216424468399232e-07         2.1444046074340258e-03
29                                     6.4819911994014930e-03        -1.7495942074459275e-06        -1.7530764165898329e-06        -3.9790419080112563e-02        -1.1223594343439213e-06        -1.8848670222200841e-06        -4.6638996946090864e-03        -1.0114160845769244e-06
30                                     3.0476311714423930e-07         1.6072090574570808e-03        -1.9992272571310848e-03        -8.0408101624935360e-07        -1.7891021881668079e-02        -1.0655952479120517e-02        -7.1127861873828071e-07        -3.2171504482637792e-01
31                                    -4.0806959855906140e-08        -4.3268156590000485e-03        -3.0496317778951915e-03         1.2669824771604289e-07        -3.6163459109364235e-02        -2.5274462771203523e-03        -1.9945813134017950e-06         2.7767242788001079e-02
32                                     1.9345311948292508e-04        -2.8536415298155198e-07        -1.9847496504148388e-07         1.0215961587692579e-02        -2.2159975212248200e-07        -3.8797677690889935e-07        -4.7076119991792034e-03        -1.3504706178708359e-05
                                                        16                          17                          18                          19                          20                          21                          22                          23

0                                      4.9782851415401064e-02        -6.1792795287666035e-06         4.9725945578417453e-03         1.4262572091111572e-03         9.6939795267876304e-08        -1.3540748839609923e-01        -1.2383372415987255e-01        -4.0824390488169085e-06
1                                     -2.7145546326354464e-01         7.9349866204848878e-06        -5.6625869205164849e-03        -4.5287851019006897e-03        -4.1276518310712162e-07        -1.2360191351377270e-01        -2.5819350945781439e-01        -5.0027158475726120e-06
2                                      4.4571525113104237e-06        -6.8847698088575354e-02         2.7599223186532957e-08         1.2793382706683312e-07         5.8735993704286046e-03        -4.2442735076257158e-06        -4.7778146995628164e-06        -3.5506715418337872e-02
3                                      7.7400296039518382e-02        -2.4802055775474363e-06        -3.9289397144402848e-02        -2.8360202934326468e-02        -2.3288190817481936e-06        -1.2370514489620919e-02         2.5495942760885154e-03        -8.3820009296563957e-07
