
$orca_hessian_file

$act_atom
  0

$act_coord
  0

$act_energy
        0.000000

$multiplicity
  1

$hessian
48
                    0                  1                  2                  3                  4        
    0      7.3281526489E-01   3.1765723667E-02  -1.0104631602E-06  -1.6672280794E-01   1.0139272058E-01
    1      3.1765723667E-02   6.7093964289E-01   1.4707273894E-06   4.5258319209E-02  -2.5609234862E-01
    2     -1.0104631602E-06   1.4707273894E-06   1.3382042830E-01  -7.8978627137E-08  -7.7781723932E-07
    3     -1.6672280794E-01   4.5258319209E-02  -7.8978627137E-08   7.0655314599E-01   5.3217559680E-02
    4      1.0139272058E-01  -2.5609234862E-01  -7.7781723932E-07   5.3217559680E-02   6.9525300188E-01
    5      5.9436098136E-07  -1.0600635127E-06  -5.9334404809E-02   1.9553033739E-07   1.2237593210E-06
    6     -3.2313657039E-02   7.0533896742E-02   3.9280200014E-07  -3.7635531666E-01  -3.1523990872E-02
    7      3.0947814086E-02   2.5911448412E-02   2.1814821395E-07   2.3323784976E-02  -1.2430711020E-01
    8      1.7785718875E-08  -1.0266288437E-08   5.3684425588E-03  -6.7955981976E-07   1.1033350035E-07
    9     -2.0608400878E-04  -1.4635995164E-02  -2.3270412335E-07  -4.5437408396E-02  -2.3075015300E-02
   10      3.9266996460E-03  -4.5446263797E-02  -4.1370729290E-09  -6.0472779919E-02   2.0907788967E-02
   11      2.6133089229E-07  -1.0225619621E-07  -3.8913850362E-03  -5.8231353548E-07  -3.5708893763E-07
   12     -2.3008035946E-02  -7.2176308113E-02  -3.2992676690E-07  -4.5225434882E-02   2.8272936692E-02
   13     -3.6810142841E-02   2.0599312847E-02   2.2480992594E-07   2.2038182498E-02  -3.6087478783E-03
   14      2.1375933184E-08  -3.6321475499E-07  -2.9755915628E-04  -6.9282098131E-07   3.8463971602E-07
   15     -1.8852121134E-01  -8.3256017323E-02   1.1875271641E-07   5.3950788968E-02  -1.5763534797E-02
   16     -1.3606120443E-01  -3.2310640620E-01  -3.6847535494E-07   1.9191286216E-02  -5.8362579681E-02
   17     -1.7987678754E-07  -1.5770385845E-07  -5.2101432835E-02   3.3928081328E-07  -2.0689382281E-07
   18     -4.3910111037E-03   1.6360625777E-02   1.7686589365E-07   8.8088049385E-03  -8.2329100069E-03
   19      5.8628311678E-03   9.0792904492E-03   3.2192241093E-08   1.8131500068E-03  -8.0521191841E-03
   20     -1.1671099445E-08  -8.5724767099E-08   4.4703418524E-03  -1.6713082902E-07  -1.0019078007E-08
   21     -8.4704973874E-04   1.4597247968E-02   2.6266208761E-07   2.2573597267E-02  -8.5696163234E-03
   22      1.1220532366E-03  -2.6061145178E-03   1.1375227209E-07  -4.0563036468E-03  -9.2845801780E-03
   23      4.9815077947E-07  -4.9809306003E-07  -1.7739971857E-03  -4.4267066306E-07  -3.1604089950E-07
   24     -5.4182373313E-04  -1.1888283996E-03   2.3319409172E-09  -2.8392510869E-03   2.5628237060E-03
   25     -1.5419588616E-03   3.0654541895E-03  -7.2406967274E-08   5.4741044964E-03   1.4263902540E-03
   26     -1.8108717076E-07   2.9592332433E-07   1.5972196323E-06   4.3457063217E-07   1.1445644106E-07
   27      5.5163554132E-04  -4.5259866281E-03   4.4287576591E-08  -5.4366508075E-03  -6.0681951035E-04
   28      7.5471159128E-04  -6.9153735334E-03  -6.5449538101E-08  -7.0792593177E-03   3.3384895751E-03
   29     -7.4550139149E-08   2.1020983447E-07   5.8571146107E-04   2.9435283467E-07   2.1746682584E-07
   30     -3.3354159692E-01  -9.1657290794E-04   5.0138371432E-07  -1.1523278028E-02  -2.9083221889E-03
   31      3.8987143330E-04  -5.9061918144E-02  -1.0013211575E-07   2.7409522676E-02   5.6889950931E-03
   32      3.4969508513E-07  -3.5511136897E-08  -3.7648038300E-02   2.9283663720E-07  -1.0539060319E-07
   33      1.1530737660E-02   1.5521355459E-02   3.2656894045E-08  -1.2525557101E-01  -1.1973537932E-01
   34     -1.5638421968E-02  -1.8745122361E-02  -7.4391211952E-08  -1.2047138401E-01  -2.6995275720E-01
   35     -1.1394752840E-07  -1.4397870405E-08  -1.6275536282E-04   3.6486084000E-07  -5.8401764634E-08
   36     -5.5740551632E-03  -1.0598402078E-03   1.2113349105E-08  -1.0737350232E-02   2.6756369147E-02
   37     -9.2962731445E-04   1.1538559676E-03  -1.7450327714E-07  -2.3244190632E-03   5.7871954188E-03
   38     -6.5373899210E-08   1.5799888340E-07   8.4564118913E-03   2.9019669537E-07   8.4035440280E-08
   39      1.1680150414E-02  -1.4376187719E-02   5.9943185129E-08  -4.6769831358E-04  -3.2350946978E-03
   40      1.6697294906E-02  -2.0476108904E-02  -1.6973627189E-07  -4.6203720905E-03  -2.7254216213E-03
   41      4.6395043495E-09  -9.4035677279E-09   1.3824108555E-03  -3.0281418105E-08  -5.4528331540E-08
   42     -5.7438076345E-04  -3.3831798082E-03  -1.0367956391E-07  -2.4487379952E-03   2.1499434565E-03
   43     -1.7018364512E-03   3.0593500870E-03   4.8983442438E-08   2.0682594368E-03  -1.0849378797E-03
   44      4.4956805961E-09  -3.0711334716E-08   2.0468757529E-03  -3.5498055902E-08  -3.6119849045E-09
   45     -3.3607480838E-04   1.5634749655E-03   3.7023205616E-08   5.6316819186E-04  -7.5633213514E-04
   46     -2.5825596451E-04  -1.3586987691E-03  -9.2512616512E-08  -7.1498925010E-04   1.0687412544E-03
   47      6.4887358531E-11   2.3435096931E-08  -9.2264720416E-04   9.7421052807E-09  -1.2924866957E-08
                    5                  6                  7                  8                  9        
    0      5.9436098136E-07  -3.2313657039E-02   3.0947814086E-02   1.7785718875E-08  -2.0608400878E-04
    1     -1.0600635127E-06   7.0533896742E-02   2.5911448412E-02  -1.0266288437E-08  -1.4635995164E-02
    2     -5.9334404809E-02   3.9280200014E-07   2.1814821395E-07   5.3684425588E-03  -2.3270412335E-07
    3      1.9553033739E-07  -3.7635531666E-01   2.3323784976E-02  -6.7955981976E-07  -4.5437408396E-02
    4      1.2237593210E-06  -3.1523990872E-02  -1.2430711020E-01   1.1033350035E-07  -2.3075015300E-02
    5      1.1571507674E-01   1.4746877742E-07   2.3194623025E-07  -5.6582767565E-02  -4.8975114848E-07
    6      1.4746877742E-07   7.3719729188E-01  -5.2243315986E-02   2.0524693460E-06  -1.3663510103E-01
    7      2.3194623025E-07  -5.2243315986E-02   6.8251543785E-01   1.8657391940E-06  -8.0927193027E-02
    8     -5.6582767565E-02   2.0524693460E-06   1.8657391940E-06   1.3209609270E-01  -1.6177323030E-06
    9     -4.8975114848E-07  -1.3663510103E-01  -8.0927193027E-02  -1.6177323030E-06   5.5827733341E-01
   10     -3.0069167340E-07  -4.5498303286E-02  -2.6289014241E-01  -9.9303271077E-07   1.3514263807E-02
   11      5.2087573749E-03  -1.8023160932E-06  -9.8600375053E-07  -5.3081921689E-02   3.6653497391E-06
   12      1.6002125399E-08   5.9996617306E-02   1.8120660546E-02   1.0718295072E-08  -1.5805315044E-01
   13      1.6177346496E-07  -9.1002722765E-03  -4.7001820718E-02  -2.5961954437E-07   5.9959800133E-02
   14     -4.1225264975E-03   4.0199303502E-07   2.9088191915E-07   2.1727248777E-06  -1.5149216599E-06
   15      1.6527047464E-07  -3.8363408997E-02  -1.9427338019E-02  -3.8893640229E-08  -1.5417645665E-02
   16      6.1518821024E-09  -2.4583065582E-02  -1.3653124107E-02  -1.2252500620E-07   2.4478982937E-02
   17      8.3210641400E-03  -4.9687749373E-08  -1.3611620243E-07  -2.5912860635E-03  -4.0461408996E-07
   18     -1.5269320741E-08  -1.3738051845E-02  -1.7034391213E-03   3.4445010245E-07   3.0200478328E-02
   19     -5.2551055675E-08  -5.2647665850E-04  -1.7274112230E-04   1.3082857977E-07   4.3741818634E-03
   20     -1.2497799625E-03  -3.3226810436E-08   1.7855209124E-08   4.2395978103E-03   3.7382945379E-08
   21      4.9248842447E-08  -5.4587149032E-02  -3.1818723373E-02  -6.9916246695E-07  -1.4565809257E-01
   22     -7.7485857381E-07  -2.9302468080E-02   1.4511843509E-02  -2.9753386792E-06   5.3365356863E-03
   23      7.9297798785E-03   1.9086434847E-08   6.2836006320E-07  -6.0477362564E-03  -9.0322431720E-07
   24      7.0928257290E-09  -1.8690673371E-03   3.2612545199E-03  -2.6002871579E-07  -4.0821937584E-02
   25      4.5953687136E-07  -1.2171927664E-02  -9.3479834806E-03   1.0205087091E-06   4.4697614707E-02
   26     -7.2803923839E-04  -3.9313191781E-07  -5.2472354246E-07   1.8670431159E-03   2.0254475251E-07
   27     -1.3135986010E-07  -2.0683964399E-03   8.8160006144E-03   7.5661755731E-07  -4.2925728246E-02
   28     -5.0361122330E-08   4.5071318308E-03   6.1349805229E-03   1.0560322109E-06  -4.7008079686E-02
   29     -1.0630435375E-03   1.8011374405E-07  -6.6249905346E-07   4.8483638872E-03  -6.6914675664E-07
   30     -1.1438347493E-07   2.0928684926E-04   3.6798373489E-03   1.1126385557E-07   9.3331181453E-04
   31     -6.0670875865E-08   2.9152601109E-03  -4.9869569751E-03  -4.3321528688E-08  -6.7563597693E-04
   32      3.1239796000E-03  -1.4965779078E-07  -1.5815303819E-07   6.4429780459E-03   5.9827749413E-08
   33      2.0997012148E-07  -1.2459649739E-02  -2.9366645572E-02  -9.0779841294E-08  -4.6496840249E-03
   34     -1.5069190060E-07   1.7426653376E-03   3.3079108328E-03   2.5153152296E-08   7.3490045774E-04
   35     -2.9540731946E-02  -2.5296779332E-08  -4.1854842758E-08   5.7122842540E-04  -7.4133371887E-08
   36     -7.2621019853E-08  -1.2939518852E-01   1.2728115423E-01   9.5878427259E-08   1.1565965995E-02
   37      7.2146991534E-08   1.2551190779E-01  -2.6831383887E-01  -2.2869626279E-07   1.3917806916E-02
   38      4.6971733029E-03  -4.7981076760E-07  -5.7765765717E-07  -3.7006315612E-02   5.1566538240E-07
   39     -2.7366817466E-08  -1.1701890662E-03  -1.0574390974E-03   4.3807030218E-08  -4.3105738640E-03
   40      4.6487479550E-08  -8.4621291088E-04   2.6151350599E-04  -5.5842330829E-08   1.5005301826E-04
   41      7.5130244412E-03   5.0997324217E-08  -5.1032999799E-09  -8.0504113349E-04  -1.8691439736E-09
   42     -6.7140576864E-08   1.4060537716E-03   1.5624971767E-03  -3.6377800314E-07  -6.5235316348E-03
   43      2.7282363912E-08  -1.5154682957E-03  -1.3281890122E-03   3.3356091329E-07   4.6511452650E-03
   44      1.9430363383E-04   3.2918351356E-08   1.5686464059E-08  -5.2415177139E-04  -1.3010206647E-09
   45      2.0830766940E-08   1.4592590644E-04  -4.3620167440E-04   5.1696037048E-08  -3.3815207710E-04
   46     -1.1169606409E-08   2.0879321770E-03  -6.4122772086E-04  -2.5706177902E-08  -5.5885547245E-03
   47     -8.1865552488E-05  -7.9472684190E-08  -4.3136371347E-09   1.2033008247E-03   1.1488255600E-07
                   10                 11                 12                 13                 14        
    0      3.9266996460E-03   2.6133089229E-07  -2.3008035946E-02  -3.6810142841E-02   2.1375933184E-08
    1     -4.5446263797E-02  -1.0225619621E-07  -7.2176308113E-02   2.0599312847E-02  -3.6321475499E-07
    2     -4.1370729290E-09  -3.8913850362E-03  -3.2992676690E-07   2.2480992594E-07  -2.9755915628E-04
    3     -6.0472779919E-02  -5.8231353548E-07  -4.5225434882E-02   2.2038182498E-02  -6.9282098131E-07
    4      2.0907788967E-02  -3.5708893763E-07   2.8272936692E-02  -3.6087478783E-03   3.8463971602E-07
    5     -3.0069167340E-07   5.2087573749E-03   1.6002125399E-08   1.6177346496E-07  -4.1225264975E-03
    6     -4.5498303286E-02  -1.8023160932E-06   5.9996617306E-02  -9.1002722765E-03   4.0199303502E-07
    7     -2.6289014241E-01  -9.8600375053E-07   1.8120660546E-02  -4.7001820718E-02   2.9088191915E-07
    8     -9.9303271077E-07  -5.3081921689E-02   1.0718295072E-08  -2.5961954437E-07   2.1727248777E-06
    9      1.3514263807E-02   3.6653497391E-06  -1.5805315044E-01   5.9959800133E-02  -1.5149216599E-06
   10      6.8750390485E-01  -2.8677250525E-07   3.1109838776E-02  -2.2489296477E-01   4.4692231088E-07
   11     -2.8677250525E-07   1.1794196497E-01  -2.3735333751E-06   5.4227363329E-07  -5.6604392511E-02
   12      3.1109838776E-02  -2.3735333751E-06   6.4703105069E-01   5.1332204686E-02   1.5709298166E-06
   13     -2.2489296477E-01   5.4227363329E-07   5.1332204686E-02   7.4389024801E-01  -6.1322212176E-07
   14      4.4692231088E-07  -5.6604392511E-02   1.5709298166E-06  -6.1322212176E-07   1.5604506065E-01
   15      4.7409004796E-02   5.3371632451E-07  -2.6490360463E-01  -1.3455998919E-02   2.4793918196E-07
   16      2.6379806004E-02   5.6500926339E-07   3.9164820196E-02  -1.2242858039E-01  -3.6341594926E-07
   17      3.5282660540E-07   3.4606036400E-03   9.9345786197E-07  -6.5046064655E-07  -6.6800990572E-02
   18      1.5477412118E-02   4.0228065293E-07  -1.8045852807E-01  -9.1977584504E-02   3.7630040411E-08
   19     -4.9274634718E-02   2.7455551574E-07  -1.0191516481E-01  -3.3908496972E-01  -1.2585876623E-07
   20     -1.4608215136E-07   3.9977598204E-03  -1.6850741508E-07  -1.4011156762E-07  -3.3037897571E-02
   21      6.2390012683E-03  -5.1232622327E-06  -1.7245285584E-02   4.0670899852E-02   4.1436719411E-07
   22     -1.1330005274E-01   9.1180892199E-07   3.7368204391E-02   1.9447229961E-02   4.7426227320E-06
   23      9.2954629782E-07  -7.1378435505E-02   4.2532230936E-07  -6.7341153559E-07  -6.4921253550E-03
   24      5.0426772803E-02   3.0631393753E-06  -5.1965997762E-03  -1.1255141511E-02   4.6254826396E-07
   25     -1.6149382693E-02  -2.3383323123E-06  -2.7979240647E-03   1.9294631726E-03  -2.0128158044E-06
   26     -8.8243059416E-07   1.7872245509E-02  -6.0802217807E-08   1.7830687819E-07   5.3103124454E-03
   27     -4.7333331169E-02   3.6019589360E-06   4.6103168690E-04  -1.0540247893E-02  -7.1988438648E-07
   28     -6.0628288347E-03   1.4968948682E-06  -4.9974748560E-03  -2.0684334727E-02  -1.4349423301E-06
   29      1.7323807356E-06   1.7261336459E-02  -2.8980656669E-07   1.1189714750E-06  -2.8745693401E-04
   30      4.1869263055E-05   8.2712237957E-08   1.0865629409E-03  -2.4854512522E-03   1.5337149131E-07
   31     -1.3015470884E-03  -4.1732929998E-08  -2.3417510665E-03  -4.9126905654E-03  -5.8346640352E-08
   32      1.0079086932E-08  -4.8068125167E-04  -1.3014812003E-07   6.3009350895E-08   9.2153305974E-03
   33      2.1034215838E-03  -1.2379167750E-07  -1.0508986894E-03   8.0081345748E-04   2.4972311479E-08
   34      1.7348184508E-03  -2.7668501003E-08   8.8772225373E-04  -1.5129665379E-05  -1.2933786821E-09
   35     -1.5473044460E-07   7.5511421871E-03   1.2622519714E-07   4.7216147090E-08  -5.2971522477E-04
   36     -1.2214370112E-02   7.5463139123E-08  -1.8377968644E-03  -2.6570752081E-03  -2.2294348691E-07
   37     -1.9015085690E-02  -9.1418823500E-08  -4.3797224469E-03  -2.5667987595E-03  -3.9143046605E-07
   38      2.2894658661E-07   3.8990917634E-03   7.2680585743E-08  -7.1976653839E-08   4.1061546544E-03
   39     -2.5873396749E-03  -3.2969719264E-08  -1.3225468581E-02   2.8843341226E-02   1.7072638656E-07
   40      1.3604599798E-03  -1.4754957847E-07  -2.9362671936E-03  -1.8544229651E-04  -9.6075324275E-08
   41      1.5596985142E-07   4.7064990889E-03  -2.5531446162E-07  -2.0335744061E-07   3.2127806986E-03
   42      2.2444837473E-03  -5.0454968553E-07  -1.3329469723E-02  -1.3394239612E-02   7.7400416447E-08
   43      7.4147301467E-04   2.0614258482E-08  -3.3391794870E-02   8.5408071438E-03  -2.1177830983E-07
   44     -3.1876912964E-08  -7.9689031326E-04  -3.2851937605E-07  -3.0531670613E-08  -4.9917918181E-03
   45     -4.2914545624E-03   1.7052983172E-07   1.4959010561E-02  -1.2137251088E-02   6.9885571991E-08
   46     -2.9534852349E-04  -3.4040562389E-07   1.8848183134E-02  -2.9025581640E-02  -2.6012259960E-07
   47     -1.4884471154E-07   4.3343054905E-03   2.1865297949E-07   3.7378007307E-07  -4.7273561274E-03
                   15                 16                 17                 18                 19        
    0     -1.8852121134E-01  -1.3606120443E-01  -1.7987678754E-07  -4.3910111037E-03   5.8628311678E-03
    1     -8.3256017323E-02  -3.2310640620E-01  -1.5770385845E-07   1.6360625777E-02   9.0792904492E-03
    2      1.1875271641E-07  -3.6847535494E-07  -5.2101432835E-02   1.7686589365E-07   3.2192241093E-08
    3      5.3950788968E-02   1.9191286216E-02   3.3928081328E-07   8.8088049385E-03   1.8131500068E-03
    4     -1.5763534797E-02  -5.8362579681E-02  -2.0689382281E-07  -8.2329100069E-03  -8.0521191841E-03
    5      1.6527047464E-07   6.1518821024E-09   8.3210641400E-03  -1.5269320741E-08  -5.2551055675E-08
    6     -3.8363408997E-02  -2.4583065582E-02  -4.9687749373E-08  -1.3738051845E-02  -5.2647665850E-04
    7     -1.9427338019E-02  -1.3653124107E-02  -1.3611620243E-07  -1.7034391213E-03  -1.7274112230E-04
    8     -3.8893640229E-08  -1.2252500620E-07  -2.5912860635E-03   3.4445010245E-07   1.3082857977E-07
    9     -1.5417645665E-02   2.4478982937E-02  -4.0461408996E-07   3.0200478328E-02   4.3741818634E-03
   10      4.7409004796E-02   2.6379806004E-02   3.5282660540E-07   1.5477412118E-02  -4.9274634718E-02
   11      5.3371632451E-07   5.6500926339E-07   3.4606036400E-03   4.0228065293E-07   2.7455551574E-07
   12     -2.6490360463E-01   3.9164820196E-02   9.9345786197E-07  -1.8045852807E-01  -1.0191516481E-01
   13     -1.3455998919E-02  -1.2242858039E-01  -6.5046064655E-07  -9.1977584504E-02  -3.3908496972E-01
   14      2.4793918196E-07  -3.6341594926E-07  -6.6800990572E-02   3.7630040411E-08  -1.2585876623E-07
   15      6.3690444473E-01   1.2311474259E-02  -1.3311038229E-06  -4.3034360276E-02  -3.1544935417E-02
   16      1.2311474259E-02   7.6854348712E-01   8.0954364475E-07  -5.9514721014E-02  -1.2374385474E-02
   17     -1.3311038229E-06   8.0954364475E-07   1.1489811513E-01  -2.7433185291E-07   1.7225979130E-07
   18     -4.3034360276E-02  -5.9514721014E-02  -2.7433185291E-07   8.6759720523E-01  -2.2316939675E-02
   19     -3.1544935417E-02  -1.2374385474E-02   1.7225979130E-07  -2.2316939675E-02   7.9079053578E-01
   20      2.9479181431E-07   1.1874755602E-07   9.6166199633E-03  -2.7020516336E-06   1.4480686418E-06
   21     -6.6619852817E-03   1.2657722955E-03   1.9009625213E-07  -1.7860409918E-02  -2.2890619264E-02
   22      1.5158546114E-03  -6.4015987029E-03   2.6446399959E-07  -1.1147106602E-02  -4.0465083076E-03
   23      5.7461782665E-07   3.1954411735E-07   7.9731193739E-03   5.1492287215E-07   4.2025128112E-07
   24     -1.7825424303E-04   2.0473745921E-03  -1.6357155296E-07   2.5944752652E-03   4.3029519710E-03
   25     -6.9872931328E-04   2.3993129162E-04   1.4023130661E-07   4.5876595335E-03  -3.1777814902E-03
   26     -3.0969053086E-07  -1.7820380811E-07  -1.6621007410E-03   1.7677684361E-07  -2.9932645812E-07
   27      2.8260888785E-03   9.9087971379E-04   7.2496453089E-10   3.6842151570E-04   1.6231985727E-02
   28      5.5839409184E-03   2.3012924942E-03  -2.3330295076E-07   2.1017572758E-02   1.9928097804E-03
   29     -2.4916695559E-07  -1.1192434683E-07  -6.6091400800E-04  -2.1246027058E-07  -9.4059923017E-07
   30     -1.2088792791E-02   2.2596780349E-03  -7.3588941132E-08  -1.0690721220E-03  -2.1076903922E-05
   31     -2.8479878184E-02   3.7258271510E-03   8.4227771492E-08  -1.3825377987E-03   7.1857214976E-04
   32      1.1504596285E-07   1.1577000405E-07   3.3099390324E-03   3.2409927650E-08  -3.1052716032E-08
   33     -1.1924925905E-03   3.0644473590E-03   2.3209015214E-08   4.1218927647E-04  -7.5814176014E-05
   34      4.3399231667E-03  -2.6837853090E-03  -3.2439025965E-08  -1.8200002035E-04   2.5637264983E-04
   35     -7.1697777492E-08  -2.1614424976E-08   5.4325532353E-03  -8.8957279184E-08  -6.1831191991E-08
   36     -5.3139460881E-04  -1.1225949651E-03  -6.8607982827E-08   4.3169439189E-04  -7.7905940821E-04
   37     -3.2755433538E-04   4.4233892101E-04   1.2365607731E-07   1.2708022250E-03  -5.8356987204E-04
   38     -1.7037015665E-07  -4.1952549616E-08  -1.0215869948E-03  -6.2541621923E-08  -6.0516998749E-08
   39     -1.2909504343E-01   1.1990772498E-01   4.2556125859E-07   1.6590502478E-03   1.4054874311E-03
   40      1.2085069497E-01  -2.5844584056E-01  -5.2946415189E-07  -1.7979313756E-03   2.5005215446E-03
   41      6.8272264949E-07  -5.6915026970E-07  -3.0165044835E-02   6.5586864893E-08   1.6557927617E-07
   42      5.8079753648E-03   9.0233807516E-04   5.0900140967E-09  -4.4238532736E-01  -3.4133036683E-02
   43     -2.5084607824E-03  -7.2664916941E-03  -1.4294312226E-07  -3.6917264837E-02  -7.4773675646E-02
   44      7.0887310142E-08  -1.6569772148E-08   4.4373427323E-03   1.4023912447E-06   2.3140861422E-07
   45      4.9889591272E-04  -4.3655505077E-03   3.5967288494E-08  -2.0913555850E-01   1.8015911774E-01
   46      3.5139122124E-03   3.0901091430E-03   4.0680411915E-08   1.7651177963E-01  -3.1379771681E-01
   47     -1.0082606588E-07  -3.9500813127E-08  -2.4460011990E-03   7.3566992644E-07  -1.2115427375E-06
                   20                 21                 22                 23                 24        
    0     -1.1671099445E-08  -8.4704973874E-04   1.1220532366E-03   4.9815077947E-07  -5.4182373313E-04
    1     -8.5724767099E-08   1.4597247968E-02  -2.6061145178E-03  -4.9809306003E-07  -1.1888283996E-03
    2      4.4703418524E-03   2.6266208761E-07   1.1375227209E-07  -1.7739971857E-03   2.3319409172E-09
    3     -1.6713082902E-07   2.2573597267E-02  -4.0563036468E-03  -4.4267066306E-07  -2.8392510869E-03
    4     -1.0019078007E-08  -8.5696163234E-03  -9.2845801780E-03  -3.1604089950E-07   2.5628237060E-03
    5     -1.2497799625E-03   4.9248842447E-08  -7.7485857381E-07   7.9297798785E-03   7.0928257290E-09
    6     -3.3226810436E-08  -5.4587149032E-02  -2.9302468080E-02   1.9086434847E-08  -1.8690673371E-03
    7      1.7855209124E-08  -3.1818723373E-02   1.4511843509E-02   6.2836006320E-07   3.2612545199E-03
    8      4.2395978103E-03  -6.9916246695E-07  -2.9753386792E-06  -6.0477362564E-03  -2.6002871579E-07
    9      3.7382945379E-08  -1.4565809257E-01   5.3365356863E-03  -9.0322431720E-07  -4.0821937584E-02
   10     -1.4608215136E-07   6.2390012683E-03  -1.1330005274E-01   9.2954629782E-07   5.0426772803E-02
   11      3.9977598204E-03  -5.1232622327E-06   9.1180892199E-07  -7.1378435505E-02   3.0631393753E-06
   12     -1.6850741508E-07  -1.7245285584E-02   3.7368204391E-02   4.2532230936E-07  -5.1965997762E-03
   13     -1.4011156762E-07   4.0670899852E-02   1.9447229961E-02  -6.7341153559E-07  -1.1255141511E-02
   14     -3.3037897571E-02   4.1436719411E-07   4.7426227320E-06  -6.4921253550E-03   4.6254826396E-07
   15      2.9479181431E-07  -6.6619852817E-03   1.5158546114E-03   5.7461782665E-07  -1.7825424303E-04
   16      1.1874755602E-07   1.2657722955E-03  -6.4015987029E-03   3.1954411735E-07   2.0473745921E-03
   17      9.6166199633E-03   1.9009625213E-07   2.6446399959E-07   7.9731193739E-03  -1.6357155296E-07
   18     -2.7020516336E-06  -1.7860409918E-02  -1.1147106602E-02   5.1492287215E-07   2.5944752652E-03
   19      1.4480686418E-06  -2.2890619264E-02  -4.0465083076E-03   4.2025128112E-07   4.3029519710E-03
   20      1.5470306554E-02   3.3948076780E-07   1.1791968015E-06  -5.6067364927E-04   4.7156074502E-08
   21      3.3948076780E-07   6.4090350491E-01   5.1326646776E-03  -1.3177031576E-05  -2.0663502969E-01
   22      1.1791968015E-06   5.1326646776E-03   7.9164413551E-01   2.7435847945E-06   1.3459342021E-01
   23     -5.6067364927E-04  -1.3177031576E-05   2.7435847945E-06   2.3811117309E-01   6.1240678406E-06
   24      4.7156074502E-08  -2.0663502969E-01   1.3459342021E-01   6.1240678406E-06   2.2132979071E-01
   25     -6.0540949269E-07   1.2015498136E-01  -3.5525469124E-01  -7.4985750949E-06  -1.6209301171E-01
   26     -1.2491466278E-04   8.2982832072E-06  -1.5290032085E-05  -8.5081995378E-02  -8.4695403019E-06
   27     -1.6086135945E-07  -2.2889586262E-01  -1.4544799403E-01   6.6564166762E-06   4.4048692553E-02
   28     -3.5758535538E-07  -1.1817417827E-01  -3.1617061736E-01   6.4340597467E-06  -2.5036631125E-02
   29      1.7441134882E-03   1.0329109146E-05   6.4056163906E-06  -7.8309983022E-02  -9.8466084096E-07
   30     -1.4282368855E-08   1.8023147259E-05   1.1428717590E-04  -6.9291389662E-08  -1.5951969850E-04
   31     -1.6679925358E-08   5.5711400404E-04  -3.3551831423E-04  -2.5080939618E-08   9.4121262474E-06
   32     -1.6257450752E-04  -6.9104145112E-08  -8.5083743814E-08  -1.3123847332E-03  -5.6761302305E-09
   33     -3.5683673967E-08   2.5602582098E-04  -1.9529445909E-03  -4.3087265763E-08  -1.7271348504E-04
   34     -4.5459536316E-08   2.2867037805E-04   1.4629842383E-04   3.1108341677E-08  -1.4616651024E-04
   35     -4.7057773165E-04   1.5564973636E-08   4.7132890180E-08   2.0175966871E-03   1.3511743501E-08
   36     -3.2292120887E-08   1.8167671877E-03  -1.6213681960E-03   7.5746719548E-08  -6.7107442595E-03
   37     -1.0715302316E-07   3.5756074141E-03  -4.1394076326E-03  -2.1014935868E-07   9.7149864739E-04
   38      4.8732575889E-04  -2.4819003679E-07  -6.4026539461E-08  -3.5706149722E-03   4.9018399913E-08
   39      4.5102762108E-09  -8.5918085732E-05   1.6819812720E-03   2.9474363892E-08  -8.8828598256E-04
   40     -3.1818778236E-08  -1.1425434030E-03  -4.0790505089E-04  -7.9998101132E-08   2.3404372840E-04
   41     -2.4443348069E-03  -3.6463071718E-08  -6.8708644133E-08  -1.1159889785E-06   1.4241400576E-08
   42      1.0487711161E-06   1.7387507218E-02   9.2340527573E-03  -1.1404760741E-06  -2.6998835053E-03
   43     -4.4251418469E-08  -1.1004680780E-02  -1.3247105023E-02   6.1939818547E-07   1.6015240562E-03
   44     -6.8631375317E-04  -3.6518948475E-08   5.9224129393E-07  -2.0830470283E-03   1.0734753663E-07
   45      1.0202419265E-06  -4.4786430230E-03  -2.4215196224E-03   3.2555358464E-07   7.4015185009E-04
   46     -1.2654379015E-06   1.0290529462E-03  -5.5540834049E-04  -3.3941182130E-07  -3.2552111740E-04
   47     -1.2889986030E-03   2.3341885320E-08  -2.2746384805E-07   5.8044004414E-04  -8.4396333950E-08
                   25                 26                 27                 28                 29        
    0     -1.5419588616E-03  -1.8108717076E-07   5.5163554132E-04   7.5471159128E-04  -7.4550139149E-08
    1      3.0654541895E-03   2.9592332433E-07  -4.5259866281E-03  -6.9153735334E-03   2.1020983447E-07
    2     -7.2406967274E-08   1.5972196323E-06   4.4287576591E-08  -6.5449538101E-08   5.8571146107E-04
    3      5.4741044964E-03   4.3457063217E-07  -5.4366508075E-03  -7.0792593177E-03   2.9435283467E-07
    4      1.4263902540E-03   1.1445644106E-07  -6.0681951035E-04   3.3384895751E-03   2.1746682584E-07
    5      4.5953687136E-07  -7.2803923839E-04  -1.3135986010E-07  -5.0361122330E-08  -1.0630435375E-03
    6     -1.2171927664E-02  -3.9313191781E-07  -2.0683964399E-03   4.5071318308E-03   1.8011374405E-07
    7     -9.3479834806E-03  -5.2472354246E-07   8.8160006144E-03   6.1349805229E-03  -6.6249905346E-07
    8      1.0205087091E-06   1.8670431159E-03   7.5661755731E-07   1.0560322109E-06   4.8483638872E-03
    9      4.4697614707E-02   2.0254475251E-07  -4.2925728246E-02  -4.7008079686E-02  -6.6914675664E-07
   10     -1.6149382693E-02  -8.8243059416E-07  -4.7333331169E-02  -6.0628288347E-03   1.7323807356E-06
   11     -2.3383323123E-06   1.7872245509E-02   3.6019589360E-06   1.4968948682E-06   1.7261336459E-02
   12     -2.7979240647E-03  -6.0802217807E-08   4.6103168690E-04  -4.9974748560E-03  -2.8980656669E-07
   13      1.9294631726E-03   1.7830687819E-07  -1.0540247893E-02  -2.0684334727E-02   1.1189714750E-06
   14     -2.0128158044E-06   5.3103124454E-03  -7.1988438648E-07  -1.4349423301E-06  -2.8745693401E-04
   15     -6.9872931328E-04  -3.0969053086E-07   2.8260888785E-03   5.5839409184E-03  -2.4916695559E-07
   16      2.3993129162E-04  -1.7820380811E-07   9.9087971379E-04   2.3012924942E-03  -1.1192434683E-07
   17      1.4023130661E-07  -1.6621007410E-03   7.2496453089E-10  -2.3330295076E-07  -6.6091400800E-04
   18      4.5876595335E-03   1.7677684361E-07   3.6842151570E-04   2.1017572758E-02  -2.1246027058E-07
   19     -3.1777814902E-03  -2.9932645812E-07   1.6231985727E-02   1.9928097804E-03  -9.4059923017E-07
   20     -6.0540949269E-07  -1.2491466278E-04  -1.6086135945E-07  -3.5758535538E-07   1.7441134882E-03
   21      1.2015498136E-01   8.2982832072E-06  -2.2889586262E-01  -1.1817417827E-01   1.0329109146E-05
   22     -3.5525469124E-01  -1.5290032085E-05  -1.4544799403E-01  -3.1617061736E-01   6.4056163906E-06
   23     -7.4985750949E-06  -8.5081995378E-02   6.6564166762E-06   6.4340597467E-06  -7.8309983022E-02
   24     -1.6209301171E-01  -8.4695403019E-06   4.4048692553E-02  -2.5036631125E-02  -9.8466084096E-07
   25      4.8614227607E-01   1.1535883927E-05   7.5750658767E-03  -1.1818999103E-01   3.8589662121E-07
   26      1.1535883927E-05   3.6135054037E-02   7.5625364732E-08   3.3292253731E-06   2.5769081373E-02
   27      7.5750658767E-03   7.5625364732E-08   2.4829435155E-01   1.7015592470E-01  -9.6785803856E-06
   28     -1.1818999103E-01   3.3292253731E-06   1.7015592470E-01   4.4347148794E-01  -9.4818628514E-06
   29      3.8589662121E-07   2.5769081373E-02  -9.6785803856E-06  -9.4818628514E-06   3.2789747503E-02
   30     -8.4594935201E-05   9.7914467422E-09  -6.2455271313E-05  -7.2500094603E-05   3.8919681868E-08
   31      4.7312873792E-04   3.7023963636E-08  -3.4166934633E-06   5.6070271407E-05   1.9728899858E-08
   32      1.3856097094E-08   2.1618819564E-04   2.3119209326E-09   5.3400944757E-08   6.2472124087E-05
   33      1.9909509708E-04   3.6980105298E-08  -1.0181899827E-03  -2.0592280189E-04   9.6718449309E-08
   34      5.6332224986E-06   1.5341047112E-08  -1.0100841712E-05   9.0219329625E-05   5.6861136126E-08
   35     -2.5901029749E-08  -8.8127839917E-05  -4.6943663155E-08   1.5354953945E-08  -9.3886930661E-04
   36     -2.2395524544E-04   2.1817337019E-07   3.9021466597E-04   1.6977573436E-03   3.2293576754E-07
   37      3.8341052388E-03   2.6242436103E-07  -1.8190793911E-04   9.4881324385E-04   1.5803932118E-07
   38     -5.4577377475E-08  -5.9832781600E-05   3.9694520413E-08   1.2594437573E-07   2.4235264684E-04
   39      2.4861537378E-04   1.7215059997E-08  -1.1052475991E-04  -1.6202216895E-04   2.9028351943E-08
   40      4.9348196933E-05   4.0456253537E-08   1.9282188743E-04   5.1712917988E-04  -2.0480119017E-08
   41     -3.1277642342E-09  -8.4431167096E-05  -2.8030827140E-09  -2.5647127711E-08   3.6607610507E-05
   42     -4.0094724165E-03   1.4377235102E-07  -1.5110330698E-02  -6.4949346231E-03   4.9567921705E-07
   43      4.0727368225E-03   2.3070834362E-07   5.2407602154E-03   8.7205333642E-03   9.6005029341E-08
   44     -1.3266751935E-07   1.8563154110E-03   1.3043143695E-07  -3.6814561488E-07  -3.2026654383E-03
   45      7.1866178234E-04  -1.2206252014E-07  -1.3122975650E-03   5.3592760176E-03  -2.0906798030E-07
   46      8.8136272814E-04   2.3679930503E-07  -3.9894623865E-04   4.5131977477E-04   1.8974904630E-07
   47      8.6067100980E-08  -1.1983954971E-03   1.2946486484E-08   1.3282470264E-07   1.1231456946E-03
                   30                 31                 32                 33                 34        
    0     -3.3354159692E-01   3.8987143330E-04   3.4969508513E-07   1.1530737660E-02  -1.5638421968E-02
    1     -9.1657290794E-04  -5.9061918144E-02  -3.5511136897E-08   1.5521355459E-02  -1.8745122361E-02
    2      5.0138371432E-07  -1.0013211575E-07  -3.7648038300E-02   3.2656894045E-08  -7.4391211952E-08
    3     -1.1523278028E-02   2.7409522676E-02   2.9283663720E-07  -1.2525557101E-01  -1.2047138401E-01
    4     -2.9083221889E-03   5.6889950931E-03  -1.0539060319E-07  -1.1973537932E-01  -2.6995275720E-01
    5     -1.1438347493E-07  -6.0670875865E-08   3.1239796000E-03   2.0997012148E-07  -1.5069190060E-07
    6      2.0928684926E-04   2.9152601109E-03  -1.4965779078E-07  -1.2459649739E-02   1.7426653376E-03
    7      3.6798373489E-03  -4.9869569751E-03  -1.5815303819E-07  -2.9366645572E-02   3.3079108328E-03
    8      1.1126385557E-07  -4.3321528688E-08   6.4429780459E-03  -9.0779841294E-08   2.5153152296E-08
    9      9.3331181453E-04  -6.7563597693E-04   5.9827749413E-08  -4.6496840249E-03   7.3490045774E-04
   10      4.1869263055E-05  -1.3015470884E-03   1.0079086932E-08   2.1034215838E-03   1.7348184508E-03
   11      8.2712237957E-08  -4.1732929998E-08  -4.8068125167E-04  -1.2379167750E-07  -2.7668501003E-08
   12      1.0865629409E-03  -2.3417510665E-03  -1.3014812003E-07  -1.0508986894E-03   8.8772225373E-04
   13     -2.4854512522E-03  -4.9126905654E-03   6.3009350895E-08   8.0081345748E-04  -1.5129665379E-05
   14      1.5337149131E-07  -5.8346640352E-08   9.2153305974E-03   2.4972311479E-08  -1.2933786821E-09
   15     -1.2088792791E-02  -2.8479878184E-02   1.1504596285E-07  -1.1924925905E-03   4.3399231667E-03
   16      2.2596780349E-03   3.7258271510E-03   1.1577000405E-07   3.0644473590E-03  -2.6837853090E-03
   17     -7.3588941132E-08   8.4227771492E-08   3.3099390324E-03   2.3209015214E-08  -3.2439025965E-08
   18     -1.0690721220E-03  -1.3825377987E-03   3.2409927650E-08   4.1218927647E-04  -1.8200002035E-04
   19     -2.1076903922E-05   7.1857214976E-04  -3.1052716032E-08  -7.5814176014E-05   2.5637264983E-04
   20     -1.4282368855E-08  -1.6679925358E-08  -1.6257450752E-04  -3.5683673967E-08  -4.5459536316E-08
   21      1.8023147259E-05   5.5711400404E-04  -6.9104145112E-08   2.5602582098E-04   2.2867037805E-04
   22      1.1428717590E-04  -3.3551831423E-04  -8.5083743814E-08  -1.9529445909E-03   1.4629842383E-04
   23     -6.9291389662E-08  -2.5080939618E-08  -1.3123847332E-03  -4.3087265763E-08   3.1108341677E-08
   24     -1.5951969850E-04   9.4121262474E-06  -5.6761302305E-09  -1.7271348504E-04  -1.4616651024E-04
   25     -8.4594935201E-05   4.7312873792E-04   1.3856097094E-08   1.9909509708E-04   5.6332224986E-06
   26      9.7914467422E-09   3.7023963636E-08   2.1618819564E-04   3.6980105298E-08   1.5341047112E-08
   27     -6.2455271313E-05  -3.4166934633E-06   2.3119209326E-09  -1.0181899827E-03  -1.0100841712E-05
   28     -7.2500094603E-05   5.6070271407E-05   5.3400944757E-08  -2.0592280189E-04   9.0219329625E-05
   29      3.8919681868E-08   1.9728899858E-08   6.2472124087E-05   9.6718449309E-08   5.6861136126E-08
   30      3.5521059438E-01   7.8468595623E-04  -5.1233617740E-07   7.1259471690E-04   8.1803580222E-05
   31      7.8468595623E-04   5.8294879248E-02   1.3415527746E-07  -5.5333617460E-04   9.3063105031E-04
   32     -5.1233617740E-07   1.3415527746E-07   2.5285897986E-02  -2.7378793415E-08   1.7523406887E-08
   33      7.1259471690E-04  -5.5333617460E-04  -2.7378793415E-08   1.3143881672E-01   1.2920477240E-01
   34      8.1803580222E-05   9.3063105031E-04   1.7523406887E-08   1.2920477240E-01   2.8530255697E-01
   35     -3.0836628688E-08   2.0872712769E-08  -2.8411222341E-03  -1.0208032124E-07   2.0190858769E-07
   36     -6.1429074883E-04   1.2883656496E-03   3.7398547529E-08   1.1634051220E-03  -1.7538165461E-04
   37     -2.5903859678E-04   1.8177000211E-04   1.1811556511E-08   1.3059003235E-04   7.0934678567E-04
   38     -3.8235628467E-09   1.4840844740E-08  -3.3932443818E-04  -1.4884055059E-09  -1.7845319839E-08
   39      8.3771781460E-04   2.5674847304E-04  -3.0668332139E-08   4.2977094466E-04  -7.7160135735E-04
   40     -5.6509769909E-05   9.4953527617E-04   5.2927649886E-09   8.5875944695E-04  -1.1421670881E-03
   41     -2.4002264051E-08   7.7858462103E-10  -4.5673181572E-03  -3.5470388651E-09  -1.1174621008E-08
   42      5.4664903858E-05  -1.7077831983E-04  -1.2424059458E-08  -7.7895785902E-05   2.5505976862E-05
   43     -2.4528319410E-04  -4.4318845784E-04   2.5215560808E-08   1.1418156075E-04  -2.0578306214E-05
   44     -2.1148329792E-09  -8.6499540048E-09  -5.1107215727E-04   5.3809379148E-10   1.8256289350E-09
   45     -3.7509902881E-06   1.9477662001E-05  -7.9505300143E-09  -6.6444955151E-05   1.0129033598E-04
   46      6.4064607290E-05   2.2410564945E-05   4.0110273887E-09  -5.9591290614E-05   7.5752210508E-05
   47      3.0354606494E-09   4.0530154185E-09   2.0573019699E-04   4.5386600828E-09   3.6693390809E-09
                   35                 36                 37                 38                 39        
    0     -1.1394752840E-07  -5.5740551632E-03  -9.2962731445E-04  -6.5373899210E-08   1.1680150414E-02
    1     -1.4397870405E-08  -1.0598402078E-03   1.1538559676E-03   1.5799888340E-07  -1.4376187719E-02
    2     -1.6275536282E-04   1.2113349105E-08  -1.7450327714E-07   8.4564118913E-03   5.9943185129E-08
    3      3.6486084000E-07  -1.0737350232E-02  -2.3244190632E-03   2.9019669537E-07  -4.6769831358E-04
    4     -5.8401764634E-08   2.6756369147E-02   5.7871954188E-03   8.4035440280E-08  -3.2350946978E-03
    5     -2.9540731946E-02  -7.2621019853E-08   7.2146991534E-08   4.6971733029E-03  -2.7366817466E-08
    6     -2.5296779332E-08  -1.2939518852E-01   1.2551190779E-01  -4.7981076760E-07  -1.1701890662E-03
    7     -4.1854842758E-08   1.2728115423E-01  -2.6831383887E-01  -5.7765765717E-07  -1.0574390974E-03
    8      5.7122842540E-04   9.5878427259E-08  -2.2869626279E-07  -3.7006315612E-02   4.3807030218E-08
    9     -7.4133371887E-08   1.1565965995E-02   1.3917806916E-02   5.1566538240E-07  -4.3105738640E-03
   10     -1.5473044460E-07  -1.2214370112E-02  -1.9015085690E-02   2.2894658661E-07  -2.5873396749E-03
   11      7.5511421871E-03   7.5463139123E-08  -9.1418823500E-08   3.8990917634E-03  -3.2969719264E-08
   12      1.2622519714E-07  -1.8377968644E-03  -4.3797224469E-03   7.2680585743E-08  -1.3225468581E-02
   13      4.7216147090E-08  -2.6570752081E-03  -2.5667987595E-03  -7.1976653839E-08   2.8843341226E-02
   14     -5.2971522477E-04  -2.2294348691E-07  -3.9143046605E-07   4.1061546544E-03   1.7072638656E-07
   15     -7.1697777492E-08  -5.3139460881E-04  -3.2755433538E-04  -1.7037015665E-07  -1.2909504343E-01
   16     -2.1614424976E-08  -1.1225949651E-03   4.4233892101E-04  -4.1952549616E-08   1.1990772498E-01
   17      5.4325532353E-03  -6.8607982827E-08   1.2365607731E-07  -1.0215869948E-03   4.2556125859E-07
   18     -8.8957279184E-08   4.3169439189E-04   1.2708022250E-03  -6.2541621923E-08   1.6590502478E-03
   19     -6.1831191991E-08  -7.7905940821E-04  -5.8356987204E-04  -6.0516998749E-08   1.4054874311E-03
   20     -4.7057773165E-04  -3.2292120887E-08  -1.0715302316E-07   4.8732575889E-04   4.5102762108E-09
   21      1.5564973636E-08   1.8167671877E-03   3.5756074141E-03  -2.4819003679E-07  -8.5918085732E-05
   22      4.7132890180E-08  -1.6213681960E-03  -4.1394076326E-03  -6.4026539461E-08   1.6819812720E-03
   23      2.0175966871E-03   7.5746719548E-08  -2.1014935868E-07  -3.5706149722E-03   2.9474363892E-08
   24      1.3511743501E-08  -6.7107442595E-03   9.7149864739E-04   4.9018399913E-08  -8.8828598256E-04
   25     -2.5901029749E-08  -2.2395524544E-04   3.8341052388E-03  -5.4577377475E-08   2.4861537378E-04
   26     -8.8127839917E-05   2.1817337019E-07   2.6242436103E-07  -5.9832781600E-05   1.7215059997E-08
   27     -4.6943663155E-08   3.9021466597E-04  -1.8190793911E-04   3.9694520413E-08  -1.1052475991E-04
   28      1.5354953945E-08   1.6977573436E-03   9.4881324385E-04   1.2594437573E-07  -1.6202216895E-04
   29     -9.3886930661E-04   3.2293576754E-07   1.5803932118E-07   2.4235264684E-04   2.9028351943E-08
   30     -3.0836628688E-08  -6.1429074883E-04  -2.5903859678E-04  -3.8235628467E-09   8.3771781460E-04
   31      2.0872712769E-08   1.2883656496E-03   1.8177000211E-04   1.4840844740E-08   2.5674847304E-04
   32     -2.8411222341E-03   3.7398547529E-08   1.1811556511E-08  -3.3932443818E-04  -3.0668332139E-08
   33     -1.0208032124E-07   1.1634051220E-03   1.3059003235E-04  -1.4884055059E-09   4.2977094466E-04
   34      2.0190858769E-07  -1.7538165461E-04   7.0934678567E-04  -1.7845319839E-08  -7.7160135735E-04
   35      2.3248852325E-02   1.2126149294E-08   4.6925512452E-08  -4.7217891312E-03  -1.7548659165E-08
   36      1.2126149294E-08   1.3974668746E-01  -1.3684552810E-01  -2.0307259354E-07   5.9578566549E-05
   37      4.6925512452E-08  -1.3684552810E-01   2.8188999960E-01   3.9896386221E-07   4.5845248922E-05
   38     -4.7217891312E-03  -2.0307259354E-07   3.9896386221E-07   2.5416387621E-02  -1.6840264874E-08
