
$orca_hessian_file

$act_atom
  0

$act_coord
  0

$act_energy
        0.000000

$multiplicity
  1

$hessian
48
                    0                  1                  2                  3                  4        
    0      7.3453073544E-01  -2.0141059887E-02   1.6389587002E-05  -1.6861250924E-01  -1.0706845118E-01
    1     -2.0141059887E-02   6.7258862913E-01   3.1317943216E-05  -5.0577722939E-02  -2.6703135926E-01
    2      1.6389587002E-05   3.1317943216E-05   1.3343095177E-01  -7.0215881543E-06  -1.5321760563E-05
    3     -1.6861250924E-01  -5.0577722939E-02  -7.0215881543E-06   6.9653358673E-01  -4.8060755070E-02
    4     -1.0706845118E-01  -2.6703135926E-01  -1.5321760563E-05  -4.8060755070E-02   7.0617334999E-01
    5     -1.1522144859E-05  -1.2758528269E-05  -5.8377363646E-02   2.5339568239E-05   2.5162803012E-05
    6     -3.2262579275E-02  -7.1623574288E-02  -6.2390113970E-06  -3.6362596778E-01   3.1124471435E-02
    7     -3.1154025586E-02   2.5957262376E-02  -1.0694362844E-06  -2.4290096780E-02  -1.2453304739E-01
    8     -1.2946603390E-06  -8.4118799768E-07   5.4948112067E-03  -2.2191669770E-05  -1.3473718723E-06
    9     -4.0495444398E-04   1.4677518672E-02   4.4761529959E-07  -4.5608025276E-02   2.2507418022E-02
   10     -3.6707290493E-03  -4.6712381421E-02  -1.0467039115E-06   6.1494143585E-02   2.1768580823E-02
   11      6.3920981689E-07   1.0593113924E-06  -3.9560790370E-03  -2.0608146254E-06   1.4425841446E-07
   12     -2.3939775891E-02   7.2477394118E-02   3.7712110918E-06  -4.5562842230E-02  -2.9122220302E-02
   13      3.6089518739E-02   2.2373807008E-02   3.1066205595E-06  -2.3059388279E-02  -4.5135496629E-03
   14      9.0144226355E-07   3.8001563390E-06  -3.5451370580E-04   5.5585743851E-07  -2.8827682522E-07
   15     -1.8807910240E-01   7.9638864722E-02  -1.9575093545E-06   5.4329813560E-02   1.7082859072E-02
   16      1.3286306952E-01  -3.1334580159E-01  -1.0100114090E-05  -1.8694555713E-02  -5.8899363954E-02
   17      3.9968255142E-07  -1.5895623340E-05  -5.2861149813E-02   4.4424536806E-06  -3.6549638550E-07
   18     -4.0684395158E-03  -1.6413882670E-02  -2.2924054230E-06   8.6217306875E-03   8.4501608462E-03
   19     -5.9523566220E-03   8.1516256290E-03  -5.5565253111E-07  -1.1411879496E-03  -7.6639111481E-03
   20      2.8058380963E-07  -4.4671210004E-06   4.5757136530E-03   2.4640027381E-06   1.9776709451E-06
   21     -5.8473615392E-04  -1.4332876951E-02  -6.5665191598E-07   2.2166421167E-02   8.5098848015E-03
   22     -1.1472518310E-03  -2.4604540421E-03   3.8939034527E-07   4.1104414919E-03  -9.3352703222E-03
   23      1.8439773010E-06   2.0274833981E-06  -1.7454239271E-03  -2.8070171886E-06   9.4740096311E-07
   24     -6.0175562039E-04   1.2117016279E-03  -6.9270422571E-08  -2.7568531512E-03  -2.6306603402E-03
   25      1.5344909189E-03   3.0971677842E-03   1.4521634469E-08  -5.5865502073E-03   1.5448596238E-03
   26     -2.6165057554E-07  -8.0974830816E-07   4.2496429846E-05   7.1280172962E-07  -3.1802011615E-07
   27      4.6731310832E-04   4.4194009815E-03   2.5182375812E-07  -5.2726863055E-03   6.8582983929E-04
   28     -6.2205115717E-04  -7.0210259166E-03  -8.5622109055E-07   7.0631286218E-03   3.4685175832E-03
   29     -1.7208952151E-07  -9.6203552051E-07   5.6803950866E-04   9.0102585535E-07  -7.6109613824E-07
   30     -3.3317271630E-01  -1.7595097791E-03  -5.3449165034E-06  -1.1453319461E-02   2.7661832616E-03
   31     -2.8320719331E-03  -5.9181688539E-02  -1.6993107062E-06  -2.7580151549E-02   5.4891207487E-03
   32     -4.8799103723E-06  -1.9433653747E-06  -3.7530017202E-02  -1.6643972205E-06   6.3142017904E-07
   33      1.1584268067E-02  -1.5306992910E-02   1.8900078158E-07  -1.2608698730E-01   1.2042753202E-01
   34      1.5926812982E-02  -1.8857306900E-02  -6.2055276183E-07   1.2086668204E-01  -2.6944753339E-01
   35      9.0721904552E-07  -2.2094592504E-06  -2.2621624606E-05   3.9254640149E-06  -6.3921988661E-06
   36     -5.5585827699E-03   1.1240313970E-03  -5.9813512277E-07  -1.0240142276E-02  -2.6380587733E-02
   37      9.6547317661E-04   1.1675666604E-03   2.7181577429E-08   2.2831981030E-03   5.9431564437E-03
   38     -9.3625606669E-07   1.7853061128E-07   8.2231175858E-03  -2.0457516335E-06  -2.8189143114E-06
   39      1.1633844932E-02   1.4575099963E-02   1.2643560054E-06  -5.0305312656E-04   3.2754196840E-03
   40     -1.6595132651E-02  -2.0598082359E-02  -2.6707849620E-06   4.5979814853E-03  -2.8234818542E-03
   41     -1.3220610302E-06   2.7265191294E-07   1.3568277175E-03   7.4161138268E-07  -4.6734604034E-07
   42     -6.4130778632E-04   3.4101175396E-03   7.2776643798E-07  -2.4273832223E-03  -2.2132636598E-03
   43      1.6341018906E-03   3.2502340724E-03   1.4393010561E-08  -2.1691568786E-03  -1.2294890489E-03
   44     -2.3620047723E-07   9.8742815351E-07   2.0437523273E-03  -7.5013323686E-07  -8.0327073953E-07
   45     -2.8970215525E-04  -1.4512254301E-03   5.2592445051E-08   4.9821723130E-04   7.0776191361E-04
   46      2.4237850095E-04  -1.3781926362E-03   1.2709766542E-08   6.8240742743E-04   1.0894208143E-03
   47      3.4880692282E-07  -6.9865917065E-07  -8.8854123996E-04   1.5804762186E-06  -5.7830065513E-08
                    5                  6                  7                  8                  9        
    0     -1.1522144859E-05  -3.2262579275E-02  -3.1154025586E-02  -1.2946603390E-06  -4.0495444398E-04
    1     -1.2758528269E-05  -7.1623574288E-02   2.5957262376E-02  -8.4118799768E-07   1.4677518672E-02
    2     -5.8377363646E-02  -6.2390113970E-06  -1.0694362844E-06   5.4948112067E-03   4.4761529959E-07
    3      2.5339568239E-05  -3.6362596778E-01  -2.4290096780E-02  -2.2191669770E-05  -4.5608025276E-02
    4      2.5162803012E-05   3.1124471435E-02  -1.2453304739E-01  -1.3473718723E-06   2.2507418022E-02
    5      1.1558086850E-01  -1.4809640539E-05  -4.8685403152E-06  -5.7403585635E-02  -2.6684455166E-06
    6     -1.4809640539E-05   7.2990332812E-01   4.7054206031E-02   2.4655369059E-05  -1.4052530909E-01
    7     -4.8685403152E-06   4.7054206031E-02   6.9041265257E-01   4.3207955745E-06   8.8463113710E-02
    8     -5.7403585635E-02   2.4655369059E-05   4.3207955745E-06   1.3199708647E-01  -2.3123465168E-07
    9     -2.6684455166E-06  -1.4052530909E-01   8.8463113710E-02  -2.3123465168E-07   5.2539962199E-01
   10      1.3216587906E-06   5.2225124131E-02  -2.7246362508E-01  -6.3908701353E-07  -1.6652785484E-02
   11      5.2456873567E-03  -4.5365041387E-06  -1.1754624614E-06  -5.2434711551E-02  -1.2922047108E-06
   12     -6.5174839179E-06   6.0928783076E-02  -1.7990502698E-02   1.2183585303E-06  -1.5939854781E-01
   13     -5.0940646146E-07   1.0560891321E-02  -4.8148656168E-02  -1.6454662003E-06  -6.5976377697E-02
   14     -4.0339629835E-03   3.0448120975E-06  -4.1286246504E-06   5.6031313152E-04  -9.5590834987E-06
   15      6.5718368923E-06  -3.9334123137E-02   1.9800243266E-02  -3.0506337545E-06  -1.5647723565E-02
   16     -6.8938512325E-06   2.4656007633E-02  -1.3878144121E-02   1.7764812493E-06  -2.4869167730E-02
   17      8.4770816623E-03  -4.7648453147E-07   7.9880525243E-07  -2.7960708010E-03  -5.3221111563E-07
   18      1.7094057757E-06  -1.3583436017E-02   1.5457102411E-03  -5.1550986080E-08   3.0386072800E-02
   19     -7.9779779154E-07  -2.4523373074E-04  -5.2336481643E-05  -2.6530334627E-07  -1.8915457636E-03
   20     -1.2269024271E-03  -3.1899560984E-06  -1.2078005903E-06   4.2221545315E-03   1.0116164508E-05
   21      1.4048086407E-06  -5.3671140327E-02   3.1037265509E-02   9.1407622365E-07  -1.0947599708E-01
   22      1.8328016932E-06   2.7560416336E-02   1.5389352551E-02   9.1145110555E-07  -3.3621476094E-03
   23      8.2154487579E-03   2.4681427764E-06  -1.5548740058E-06  -6.1906005363E-03   5.2371273934E-06
   24     -5.1726123954E-07  -2.2088886257E-03  -3.3617021081E-03   9.1968565902E-07  -3.9830323005E-02
   25     -1.4572491493E-06   1.2541362004E-02  -9.5440030501E-03  -7.4021383276E-07  -4.4930202741E-02
   26     -7.9834802669E-04  -1.2141454088E-06   9.8880789302E-07   2.0525494142E-03   2.2253553596E-06
   27      9.6475639358E-08  -2.8453883077E-03  -8.8521097639E-03  -3.9420802125E-08  -4.1666166095E-02
   28      7.2280758212E-07  -4.0854399284E-03   6.0315237137E-03  -2.2520260509E-07   4.5732286858E-02
   29     -1.1661255499E-03   6.8239896959E-07   2.1644654137E-06   4.6400500920E-03  -1.4452583120E-06
   30     -1.0962070845E-06   2.3869274133E-04  -3.6537884862E-03   9.9587049827E-07   9.3349291144E-04
   31     -7.0057874354E-07  -2.9574337555E-03  -4.9617785271E-03  -6.7772689036E-07   6.6804983404E-04
   32      3.1293655793E-03  -1.0185216576E-06  -6.0667354225E-07   6.6277043673E-03   4.0002167589E-07
   33      4.5902456583E-07  -1.2517056201E-02   2.9240700237E-02   1.7321013489E-06  -4.6231172098E-03
   34     -4.2083993703E-06  -1.8058174294E-03   3.4762080464E-03  -1.5550130181E-06  -7.2578596577E-04
   35     -2.9430147300E-02  -2.9784391376E-06   3.1172524741E-06   3.9508636108E-04  -1.6063167470E-07
   36      2.7386602338E-07  -1.3085441217E-01  -1.2784292319E-01  -1.2700117185E-06   1.1852977211E-02
   37      1.6238257533E-06  -1.2526957221E-01  -2.6589072145E-01   3.1584213089E-07  -1.4177025724E-02
   38      4.3337348847E-03   1.1144956135E-06   3.9170840322E-06  -3.7040825458E-02  -4.4504794489E-07
   39      2.7931362027E-07  -1.1874736100E-03   1.0478717461E-03  -1.2839607233E-08  -4.3833475676E-03
   40      6.2518117999E-07   8.8580014776E-04   2.9572553621E-04  -2.6756915324E-07  -1.9216577899E-04
   41      7.3601631206E-03   4.3308305402E-07   3.3943175637E-07  -7.9623828545E-04  -1.0326508454E-06
   42     -1.8831623725E-06   1.2870540194E-03  -1.6206700553E-03   4.4410489925E-07  -6.2994803914E-03
   43     -3.0056534409E-07   1.5299748234E-03  -1.4049400537E-03   5.2058244224E-08  -4.7313246030E-03
   44      1.7324479756E-04   4.7339836804E-07  -2.5694913345E-07  -5.6811341159E-04  -1.3984298617E-06
   45      7.5815666446E-07   2.5791658557E-04   4.8473827427E-04  -4.4384111674E-07  -7.0917338088E-04
   46      1.2838670754E-06  -2.0592128713E-03  -6.8547247841E-04  -3.5431985582E-07   5.5975965368E-03
   47     -7.9159095799E-05  -7.0270050173E-07   4.0355206789E-07   1.2403901063E-03   1.2592309968E-06
                   10                 11                 12                 13                 14        
    0     -3.6707290493E-03   6.3920981689E-07  -2.3939775891E-02   3.6089518739E-02   9.0144226355E-07
    1     -4.6712381421E-02   1.0593113924E-06   7.2477394118E-02   2.2373807008E-02   3.8001563390E-06
    2     -1.0467039115E-06  -3.9560790370E-03   3.7712110918E-06   3.1066205595E-06  -3.5451370580E-04
    3      6.1494143585E-02  -2.0608146254E-06  -4.5562842230E-02  -2.3059388279E-02   5.5585743851E-07
    4      2.1768580823E-02   1.4425841446E-07  -2.9122220302E-02  -4.5135496629E-03  -2.8827682522E-07
    5      1.3216587906E-06   5.2456873567E-03  -6.5174839179E-06  -5.0940646146E-07  -4.0339629835E-03
    6      5.2225124131E-02  -4.5365041387E-06   6.0928783076E-02   1.0560891321E-02   3.0448120975E-06
    7     -2.7246362508E-01  -1.1754624614E-06  -1.7990502698E-02  -4.8148656168E-02  -4.1286246504E-06
    8     -6.3908701353E-07  -5.2434711551E-02   1.2183585303E-06  -1.6454662003E-06   5.6031313152E-04
    9     -1.6652785484E-02  -1.2922047108E-06  -1.5939854781E-01  -6.5976377697E-02  -9.5590834987E-06
   10      7.1014224221E-01   2.0777153971E-05  -3.5353678894E-02  -2.3424101731E-01  -1.4267676863E-05
   11      2.0777153971E-05   1.1808950061E-01  -8.9741739611E-06  -1.5558005382E-05  -5.6279248873E-02
   12     -3.5353678894E-02  -8.9741739611E-06   6.5692694785E-01  -4.1755742051E-02   3.0346363192E-05
   13     -2.3424101731E-01  -1.5558005382E-05  -4.1755742051E-02   7.3139845991E-01   4.9903220471E-05
   14     -1.4267676863E-05  -5.6279248873E-02   3.0346363192E-05   4.9903220471E-05   1.5643913720E-01
   15     -4.9414924724E-02  -5.5780185837E-06  -2.7343087704E-01   1.3676589573E-02  -2.0859372537E-05
   16      2.6303964355E-02   1.1137671977E-06  -3.9455417361E-02  -1.2303670554E-01  -6.1443246188E-06
   17     -1.1818153378E-06   3.7431385603E-03  -2.0259875454E-05  -3.2943163979E-06  -6.6085706849E-02
   18     -1.4503060389E-02   1.9206915993E-06  -1.8087885849E-01   8.5931956225E-02  -8.0995200008E-06
   19     -5.0160032360E-02  -4.5578366507E-06   9.5585350706E-02  -3.1891203132E-01  -1.3781123568E-05
   20     -9.9493070978E-07   4.1823779328E-03   8.5467624297E-06  -4.0580770796E-05  -3.4875360306E-02
   21     -4.2108441831E-03  -2.6793057462E-06  -1.3891699147E-02  -3.9542060921E-02  -7.8840816474E-06
   22     -1.1233733151E-01  -7.4850556632E-06  -3.7000209744E-02   1.9661147323E-02   1.6236944475E-05
   23     -5.8231394074E-06  -7.4152067141E-02  -3.1396027265E-06   3.1144034154E-06  -6.4986207730E-03
   24     -5.1761064557E-02   1.2904374708E-05  -6.3254877354E-03   1.1402669132E-02   1.7103865058E-06
   25     -1.8058640959E-02   1.2742126627E-05   2.0060404242E-03   1.7119524586E-03  -6.5607144262E-06
   26      8.1143104438E-06   1.8395374180E-02   5.4925425916E-07  -1.6996319547E-06   5.1543822633E-03
   27      4.7388401589E-02   7.9331415866E-06   2.3347669512E-04   1.0326609777E-02   3.0968503548E-06
   28     -6.2756575384E-03  -3.7437780983E-06   6.0862942582E-03  -2.0700043755E-02  -5.9723852647E-06
   29     -6.0921807604E-06   1.7610924908E-02   1.2788190544E-07  -4.4642164542E-06  -1.3693105359E-04
   30     -3.3043143202E-05   2.0537572386E-06   1.0207566913E-03   2.5376906291E-03  -6.1888662425E-07
   31     -1.3369326423E-03  -1.4328263136E-08   2.4066164245E-03  -4.8558879356E-03  -1.2600856233E-06
   32     -1.3627765274E-07  -4.8138606953E-04  -6.9725056754E-08  -4.0856530587E-07   9.0435136294E-03
   33     -2.1276048528E-03   2.0931933788E-07  -1.0569935357E-03  -8.0367065389E-04  -1.9005438220E-07
   34      1.6801643710E-03  -1.7869220850E-06  -8.9261458137E-04  -1.8437293009E-05  -7.0032507736E-08
   35     -1.0364816356E-06   7.4430462372E-03   7.6713017969E-07   7.9109217274E-08  -5.2862619197E-04
   36      1.1967703846E-02   4.7182321705E-07  -1.8411598784E-03   2.6476602036E-03  -3.8543470834E-08
   37     -1.9988669651E-02   2.3196681364E-07   4.4375588853E-03  -2.6800085849E-03  -1.5637907700E-06
   38     -5.1200700686E-07   4.2553918256E-03  -3.4722631342E-08  -6.7489604688E-07   4.2855093452E-03
   39      2.4765360854E-03  -5.8241261299E-07  -1.2825402922E-02  -2.8950802493E-02  -3.2015243179E-06
   40      1.3384580623E-03  -4.8032367889E-07   2.8808016503E-03  -4.9284935151E-06  -8.1437924387E-07
   41      6.4720943512E-07   4.8301934707E-03  -1.4521629838E-06  -2.7316957787E-06   3.1961092455E-03
   42     -2.2367342368E-03  -1.0968360402E-06  -1.5125334459E-02   1.3540686564E-02   4.4870932360E-06
   43      6.0328262056E-04   2.4876931604E-07   3.3343322419E-02   9.7626817051E-03  -3.4718271595E-06
   44     -1.0229677371E-06  -7.8790476854E-04  -3.1373627765E-06   6.3440431280E-06  -4.6059591423E-03
   45      4.2751057400E-03  -2.5236418563E-07   1.5167014825E-02   1.3578635333E-02   6.0408570460E-06
   46     -2.6240397186E-04  -9.4412305347E-07  -1.7857858654E-02  -2.7796782345E-02  -1.2750534213E-05
   47      1.3214169997E-06   4.2957623596E-03  -1.4744477343E-06   1.0153028435E-05  -5.2800349348E-03
                   15                 16                 17                 18                 19        
    0     -1.8807910240E-01   1.3286306952E-01   3.9968255142E-07  -4.0684395158E-03  -5.9523566220E-03
    1      7.9638864722E-02  -3.1334580159E-01  -1.5895623340E-05  -1.6413882670E-02   8.1516256290E-03
    2     -1.9575093545E-06  -1.0100114090E-05  -5.2861149813E-02  -2.2924054230E-06  -5.5565253111E-07
    3      5.4329813560E-02  -1.8694555713E-02   4.4424536806E-06   8.6217306875E-03  -1.1411879496E-03
    4      1.7082859072E-02  -5.8899363954E-02  -3.6549638550E-07   8.4501608462E-03  -7.6639111481E-03
    5      6.5718368923E-06  -6.8938512325E-06   8.4770816623E-03   1.7094057757E-06  -7.9779779154E-07
    6     -3.9334123137E-02   2.4656007633E-02  -4.7648453147E-07  -1.3583436017E-02  -2.4523373074E-04
    7      1.9800243266E-02  -1.3878144121E-02   7.9880525243E-07   1.5457102411E-03  -5.2336481643E-05
    8     -3.0506337545E-06   1.7764812493E-06  -2.7960708010E-03  -5.1550986080E-08  -2.6530334627E-07
    9     -1.5647723565E-02  -2.4869167730E-02  -5.3221111563E-07   3.0386072800E-02  -1.8915457636E-03
   10     -4.9414924724E-02   2.6303964355E-02  -1.1818153378E-06  -1.4503060389E-02  -5.0160032360E-02
   11     -5.5780185837E-06   1.1137671977E-06   3.7431385603E-03   1.9206915993E-06  -4.5578366507E-06
   12     -2.7343087704E-01  -3.9455417361E-02  -2.0259875454E-05  -1.8087885849E-01   9.5585350706E-02
   13      1.3676589573E-02  -1.2303670554E-01  -3.2943163979E-06   8.5931956225E-02  -3.1891203132E-01
   14     -2.0859372537E-05  -6.1443246188E-06  -6.6085706849E-02  -8.0995200008E-06  -1.3781123568E-05
   15      6.4495350088E-01  -7.7816816381E-03   4.0542083750E-05  -4.2851754247E-02   2.9443852714E-02
   16     -7.7816816381E-03   7.5723602831E-01   3.9078611004E-05   5.8479438321E-02  -9.7936115800E-03
   17      4.0542083750E-05   3.9078611004E-05   1.1520133906E-01  -1.2651854318E-06   1.9724503936E-06
   18     -4.2851754247E-02   5.8479438321E-02  -1.2651854318E-06   8.5999290306E-01   4.9673870450E-02
   19      2.9443852714E-02  -9.7936115800E-03   1.9724503936E-06   4.9673870450E-02   7.8819641576E-01
   20     -7.6538711487E-06   3.6374952036E-06   9.4574250653E-03   3.9196630053E-05   1.9505676709E-04
   21     -6.5620302251E-03  -8.9792028945E-04  -3.2714570899E-06  -1.9152669639E-02   2.1379518311E-02
   22     -1.2901909654E-03  -6.5789029728E-03   2.8190021506E-06   1.2026714239E-02  -3.1890995773E-03
   23      1.3319897468E-06  -2.9825039677E-06   8.0828298008E-03   1.5115611121E-06  -9.7836793570E-07
   24     -1.3871998243E-04  -2.3004322279E-03  -7.6688325143E-07   3.0011496842E-03  -4.0394261206E-03
   25      6.9689467748E-04   1.1869886464E-04  -1.8357947632E-06  -4.8208336748E-03  -3.2915926868E-03
   26      1.6329316364E-07   1.2525511902E-06  -1.7570830474E-03   5.9840617163E-07   5.3046129810E-07
   27      2.8249808423E-03  -1.0041083831E-03   7.8329261161E-07   4.5880494646E-04  -1.6933349735E-02
   28     -5.8016693945E-03   2.5161722186E-03  -1.9079952183E-06  -2.2675570409E-02   6.2088455044E-04
   29     -1.0320094618E-06   8.7669775393E-07  -7.9181092057E-04  -2.5016066128E-06   1.8075364056E-06
   30     -1.2188523168E-02  -2.3942378199E-03  -2.0408717128E-06  -1.0692976160E-03  -6.3850088768E-06
   31      2.8217777673E-02   3.9244399034E-03   1.4593764316E-06   1.3761408524E-03   7.0962248589E-04
   32      2.9615121087E-07   4.0532948431E-07   3.0837319239E-03   1.6509392287E-08   2.1360107757E-07
   33     -1.0717291271E-03  -3.0636570516E-03  -9.5739118926E-07   4.2530854574E-04   6.7648428332E-05
   34     -4.3428269735E-03  -2.7277705493E-03  -1.4783490530E-07   1.7989412524E-04   2.5898759556E-04
   35     -1.0513675568E-06  -2.5103610796E-07   5.5851137831E-03  -9.5601036127E-08   2.0980626330E-07
   36     -5.3073658270E-04   1.1146861134E-03  -7.7356431664E-09   4.0583197093E-04   7.9012735878E-04
   37      3.6629996168E-04   4.3179187748E-04  -7.3336433993E-07  -1.2517281333E-03  -6.4687057380E-04
   38     -5.3869240987E-07   3.0409315798E-07  -9.8316858905E-04   2.5739255995E-07   2.9850252109E-07
   39     -1.2877337448E-01  -1.1945377944E-01  -1.3963258525E-05   1.8505309317E-03  -1.1779807428E-03
   40     -1.2003183588E-01  -2.5788146653E-01  -2.1907988301E-05   1.5049365353E-03   2.4054314859E-03
   41     -1.1538083623E-05  -2.1124113551E-05  -3.0304033938E-02   6.6099931397E-07   4.6330281370E-07
   42      5.8284001735E-03  -8.2864286211E-04   2.7808710627E-06  -4.4185814095E-01   1.8579044102E-02
   43      3.0517546053E-03  -7.5501484173E-03  -5.8522745493E-07   2.0843523108E-02  -7.2374436092E-02
   44      3.3818132674E-07  -5.4315270683E-07   4.2259892409E-03   5.8676499682E-05  -2.3655774205E-05
   45      6.7199849214E-04   3.7138885653E-03  -3.5774785441E-07  -2.0167973616E-01  -1.8411985889E-01
   46     -3.3954963207E-03   3.1608197180E-03   9.9660665109E-08  -1.8035935717E-01  -3.3425904569E-01
   47     -1.0332595178E-06   1.2216205800E-06  -2.2776251350E-03  -9.1472179349E-05  -1.5218608649E-04
                   20                 21                 22                 23                 24        
    0      2.8058380963E-07  -5.8473615392E-04  -1.1472518310E-03   1.8439773010E-06  -6.0175562039E-04
    1     -4.4671210004E-06  -1.4332876951E-02  -2.4604540421E-03   2.0274833981E-06   1.2117016279E-03
    2      4.5757136530E-03  -6.5665191598E-07   3.8939034527E-07  -1.7454239271E-03  -6.9270422571E-08
    3      2.4640027381E-06   2.2166421167E-02   4.1104414919E-03  -2.8070171886E-06  -2.7568531512E-03
    4      1.9776709451E-06   8.5098848015E-03  -9.3352703222E-03   9.4740096311E-07  -2.6306603402E-03
    5     -1.2269024271E-03   1.4048086407E-06   1.8328016932E-06   8.2154487579E-03  -5.1726123954E-07
    6     -3.1899560984E-06  -5.3671140327E-02   2.7560416336E-02   2.4681427764E-06  -2.2088886257E-03
    7     -1.2078005903E-06   3.1037265509E-02   1.5389352551E-02  -1.5548740058E-06  -3.3617021081E-03
    8      4.2221545315E-03   9.1407622365E-07   9.1145110555E-07  -6.1906005363E-03   9.1968565902E-07
    9      1.0116164508E-05  -1.0947599708E-01  -3.3621476094E-03   5.2371273934E-06  -3.9830323005E-02
   10     -9.9493070978E-07  -4.2108441831E-03  -1.1233733151E-01  -5.8231394074E-06  -5.1761064557E-02
   11      4.1823779328E-03  -2.6793057462E-06  -7.4850556632E-06  -7.4152067141E-02   1.2904374708E-05
   12      8.5467624297E-06  -1.3891699147E-02  -3.7000209744E-02  -3.1396027265E-06  -6.3254877354E-03
   13     -4.0580770796E-05  -3.9542060921E-02   1.9661147323E-02   3.1144034154E-06   1.1402669132E-02
   14     -3.4875360306E-02  -7.8840816474E-06   1.6236944475E-05  -6.4986207730E-03   1.7103865058E-06
   15     -7.6538711487E-06  -6.5620302251E-03  -1.2901909654E-03   1.3319897468E-06  -1.3871998243E-04
   16      3.6374952036E-06  -8.9792028945E-04  -6.5789029728E-03  -2.9825039677E-06  -2.3004322279E-03
   17      9.4574250653E-03  -3.2714570899E-06   2.8190021506E-06   8.0828298008E-03  -7.6688325143E-07
   18      3.9196630053E-05  -1.9152669639E-02   1.2026714239E-02   1.5115611121E-06   3.0011496842E-03
   19      1.9505676709E-04   2.1379518311E-02  -3.1890995773E-03  -9.7836793570E-07  -4.0394261206E-03
   20      1.3459221612E-02  -6.9889940166E-06   5.0831279027E-06  -6.7174867007E-04   1.1088092671E-06
   21     -6.9889940166E-06   6.1616501464E-01   4.2654547090E-03  -6.2563828195E-05  -2.1339036243E-01
   22      5.0831279027E-06   4.2654547090E-03   8.5734790673E-01  -5.9577109325E-05  -1.5573059481E-01
   23     -6.7174867007E-04  -6.2563828195E-05  -5.9577109325E-05   2.3365157630E-01   3.7935957227E-05
   24      1.1088092671E-06  -2.1339036243E-01  -1.5573059481E-01   3.7935957227E-05   2.2692960835E-01
   25     -8.2318593445E-07  -1.4180398195E-01  -4.0786194834E-01   5.7211470414E-05   1.8294692814E-01
   26     -8.1886310796E-05   4.8116764320E-05   7.2003194760E-05  -8.0050674379E-02  -4.8905409933E-05
   27     -1.9727174766E-06  -2.3739088029E-01   1.5557345375E-01   2.1042766309E-05   4.5648415196E-02
   28     -5.9108135062E-06   1.2808949508E-01  -3.3064694755E-01  -1.4420160939E-05   2.6919061871E-02
   29      2.0078030417E-03   3.1136158793E-05  -1.4552613970E-05  -7.5865532824E-02  -5.3894837086E-06
   30      7.4990290056E-08   3.2553837904E-05  -1.1853762641E-04   5.0401104408E-08  -1.6332883068E-04
   31     -8.4264384226E-08  -5.5482225992E-04  -3.5931148172E-04   2.0919843128E-07  -1.0967192352E-05
   32     -1.4547429959E-04  -4.9114281709E-07   1.1117258104E-06  -1.3953861982E-03  -1.5342308343E-08
   33      2.8645845179E-07   3.0327040024E-04   1.9287295852E-03  -3.8421503629E-07  -1.8397118266E-04
   34     -4.3649651519E-07  -2.7022961284E-04   1.5491184626E-04  -2.6578222249E-07   1.5074122347E-04
   35     -5.0663920089E-04  -1.2416415413E-07   1.3278560627E-08   2.0369011322E-03   1.0422491993E-07
   36      2.2782840034E-07   1.5911372142E-03   1.8913004657E-03   5.0238710066E-07  -6.8385167198E-03
   37     -1.0456594080E-06  -3.6287228491E-03  -4.4692742380E-03   1.1175656817E-06  -1.0064824094E-03
   38      4.5341901810E-04   5.3136453778E-07   2.9334194250E-06  -3.8328735018E-03   6.2619305749E-07
   39     -4.8009584544E-07   5.2392751314E-05  -1.6656702773E-03  -2.1257820013E-07  -9.5538475458E-04
   40      4.6368924821E-07   1.1760010256E-03  -3.7811420816E-04   3.0723176104E-07  -2.3536624927E-04
   41     -2.5380364904E-03  -4.5191828981E-07  -2.9479822644E-07  -6.5997047020E-06  -6.6684396377E-08
   42      4.3321722989E-05   1.8284436658E-02  -9.7655449003E-03  -2.7860124279E-06  -2.9484695698E-03
   43     -1.8941550815E-05   1.1972494275E-02  -1.4427682732E-02  -1.7721462663E-06  -1.8682898339E-03
   44     -5.0676775154E-04   3.2960700576E-06  -3.1105377719E-06  -2.0771826665E-03  -2.5935110552E-07
   45     -8.4108365172E-05  -4.4757113742E-03   2.5690392065E-03   9.0548998974E-07   7.6288838394E-04
   46     -1.3550064207E-04  -1.0340567076E-03  -5.0898147607E-04   6.9058459181E-07   3.3663017952E-04
   47      2.1947006022E-03  -1.2242449864E-06   3.4345241413E-06   4.9995433005E-04  -5.4447963922E-07
                   25                 26                 27                 28                 29        
    0      1.5344909189E-03  -2.6165057554E-07   4.6731310832E-04  -6.2205115717E-04  -1.7208952151E-07
    1      3.0971677842E-03  -8.0974830816E-07   4.4194009815E-03  -7.0210259166E-03  -9.6203552051E-07
    2      1.4521634469E-08   4.2496429846E-05   2.5182375812E-07  -8.5622109055E-07   5.6803950866E-04
    3     -5.5865502073E-03   7.1280172962E-07  -5.2726863055E-03   7.0631286218E-03   9.0102585535E-07
    4      1.5448596238E-03  -3.1802011615E-07   6.8582983929E-04   3.4685175832E-03  -7.6109613824E-07
    5     -1.4572491493E-06  -7.9834802669E-04   9.6475639358E-08   7.2280758212E-07  -1.1661255499E-03
    6      1.2541362004E-02  -1.2141454088E-06  -2.8453883077E-03  -4.0854399284E-03   6.8239896959E-07
    7     -9.5440030501E-03   9.8880789302E-07  -8.8521097639E-03   6.0315237137E-03   2.1644654137E-06
    8     -7.4021383276E-07   2.0525494142E-03  -3.9420802125E-08  -2.2520260509E-07   4.6400500920E-03
    9     -4.4930202741E-02   2.2253553596E-06  -4.1666166095E-02   4.5732286858E-02  -1.4452583120E-06
   10     -1.8058640959E-02   8.1143104438E-06   4.7388401589E-02  -6.2756575384E-03  -6.0921807604E-06
   11      1.2742126627E-05   1.8395374180E-02   7.9331415866E-06  -3.7437780983E-06   1.7610924908E-02
   12      2.0060404242E-03   5.4925425916E-07   2.3347669512E-04   6.0862942582E-03   1.2788190544E-07
   13      1.7119524586E-03  -1.6996319547E-06   1.0326609777E-02  -2.0700043755E-02  -4.4642164542E-06
   14     -6.5607144262E-06   5.1543822633E-03   3.0968503548E-06  -5.9723852647E-06  -1.3693105359E-04
   15      6.9689467748E-04   1.6329316364E-07   2.8249808423E-03  -5.8016693945E-03  -1.0320094618E-06
   16      1.1869886464E-04   1.2525511902E-06  -1.0041083831E-03   2.5161722186E-03   8.7669775393E-07
   17     -1.8357947632E-06  -1.7570830474E-03   7.8329261161E-07  -1.9079952183E-06  -7.9181092057E-04
   18     -4.8208336748E-03   5.9840617163E-07   4.5880494646E-04  -2.2675570409E-02  -2.5016066128E-06
   19     -3.2915926868E-03   5.3046129810E-07  -1.6933349735E-02   6.2088455044E-04   1.8075364056E-06
   20     -8.2318593445E-07  -8.1886310796E-05  -1.9727174766E-06  -5.9108135062E-06   2.0078030417E-03
   21     -1.4180398195E-01   4.8116764320E-05  -2.3739088029E-01   1.2808949508E-01   3.1136158793E-05
   22     -4.0786194834E-01   7.2003194760E-05   1.5557345375E-01  -3.3064694755E-01  -1.4552613970E-05
   23      5.7211470414E-05  -8.0050674379E-02   2.1042766309E-05  -1.4420160939E-05  -7.5865532824E-02
   24      1.8294692814E-01  -4.8905409933E-05   4.5648415196E-02   2.6919061871E-02  -5.3894837086E-06
   25      5.3977835186E-01  -7.2365675400E-05  -5.8825020310E-03  -1.1735864866E-01   7.9590576749E-06
   26     -7.2365675400E-05   3.1122754257E-02  -3.2058248295E-06   1.7657499086E-07   2.5137699181E-02
   27     -5.8825020310E-03  -3.2058248295E-06   2.5604305986E-01  -1.8018445295E-01  -2.6133964905E-05
   28     -1.1735864866E-01   1.7657499086E-07  -1.8018445295E-01   4.5800621806E-01   2.2252315639E-05
   29      7.9590576749E-06   2.5137699181E-02  -2.6133964905E-05   2.2252315639E-05   3.0535994756E-02
   30      8.2668304041E-05   7.0823666548E-08  -6.2784538874E-05   7.3348297369E-05   1.0844929130E-07
   31      4.9049883724E-04  -1.9396263083E-08  -4.5788244764E-06   6.3557247912E-05  -4.0215976313E-08
   32     -4.0771566367E-07   2.2948168508E-04   1.1445463182E-07  -3.7000719153E-07   9.3551721989E-05
   33     -2.2027212539E-04   1.7354564767E-07  -1.0677473718E-03   2.3829237883E-04   4.3518794840E-07
   34      9.4550943817E-06   1.5656150552E-08   1.2539028260E-05   8.5694928516E-05  -8.3590708542E-08
   35      1.8802901862E-07  -1.1935911944E-04  -2.8071811362E-07  -1.1904945456E-07  -9.1711822807E-04
   36      1.8093136571E-04   1.2395139747E-06   4.8717052206E-04  -1.8112960919E-03   8.3464712405E-07
   37      4.0609348724E-03   4.8684790125E-08   1.3220978357E-04   1.0242487996E-03  -3.1509395261E-07
   38     -1.3041036145E-06  -9.0533339547E-06   1.1687172061E-07  -7.3663465191E-07   3.5105884059E-04
   39     -3.0114562675E-04   4.7717884987E-07  -1.2487591698E-04   2.1025217430E-04   2.4782163228E-07
   40      3.9855791067E-05   2.6315301090E-07  -2.0556262419E-04   5.1535069467E-04   1.4853939067E-07
   41     -1.0529382149E-07  -9.1084617768E-05   5.8267419946E-08   1.5262681671E-07   5.9902373120E-05
   42      4.3195564980E-03   6.4764941610E-08  -1.6258898222E-02   6.5972665247E-03   1.3597867887E-06
   43      4.3627460284E-03  -6.7855786193E-07  -6.0660873983E-03   9.2297406698E-03   1.3575308518E-06
   44      1.0949702768E-06   1.9190298148E-03  -6.8791782118E-07   3.2433910869E-06  -3.2622403610E-03
   45     -7.8613030325E-04   4.1986332305E-07  -1.4737941258E-03  -5.6612926626E-03  -6.9760250754E-07
   46      9.0031248272E-04   5.4601969984E-07   4.2665348715E-04   4.4041495050E-04  -5.8721683430E-07
   47     -1.6586133632E-06  -1.1462783897E-03   3.6527663668E-07  -9.9335090960E-07   1.1347345131E-03
                   30                 31                 32                 33                 34        
    0     -3.3317271630E-01  -2.8320719331E-03  -4.8799103723E-06   1.1584268067E-02   1.5926812982E-02
    1     -1.7595097791E-03  -5.9181688539E-02  -1.9433653747E-06  -1.5306992910E-02  -1.8857306900E-02
    2     -5.3449165034E-06  -1.6993107062E-06  -3.7530017202E-02   1.8900078158E-07  -6.2055276183E-07
    3     -1.1453319461E-02  -2.7580151549E-02  -1.6643972205E-06  -1.2608698730E-01   1.2086668204E-01
    4      2.7661832616E-03   5.4891207487E-03   6.3142017904E-07   1.2042753202E-01  -2.6944753339E-01
    5     -1.0962070845E-06  -7.0057874354E-07   3.1293655793E-03   4.5902456583E-07  -4.2083993703E-06
    6      2.3869274133E-04  -2.9574337555E-03  -1.0185216576E-06  -1.2517056201E-02  -1.8058174294E-03
    7     -3.6537884862E-03  -4.9617785271E-03  -6.0667354225E-07   2.9240700237E-02   3.4762080464E-03
    8      9.9587049827E-07  -6.7772689036E-07   6.6277043673E-03   1.7321013489E-06  -1.5550130181E-06
    9      9.3349291144E-04   6.6804983404E-04   4.0002167589E-07  -4.6231172098E-03  -7.2578596577E-04
   10     -3.3043143202E-05  -1.3369326423E-03  -1.3627765274E-07  -2.1276048528E-03   1.6801643710E-03
   11      2.0537572386E-06  -1.4328263136E-08  -4.8138606953E-04   2.0931933788E-07  -1.7869220850E-06
   12      1.0207566913E-03   2.4066164245E-03  -6.9725056754E-08  -1.0569935357E-03  -8.9261458137E-04
   13      2.5376906291E-03  -4.8558879356E-03  -4.0856530587E-07  -8.0367065389E-04  -1.8437293009E-05
   14     -6.1888662425E-07  -1.2600856233E-06   9.0435136294E-03  -1.9005438220E-07  -7.0032507736E-08
   15     -1.2188523168E-02   2.8217777673E-02   2.9615121087E-07  -1.0717291271E-03  -4.3428269735E-03
   16     -2.3942378199E-03   3.9244399034E-03   4.0532948431E-07  -3.0636570516E-03  -2.7277705493E-03
   17     -2.0408717128E-06   1.4593764316E-06   3.0837319239E-03  -9.5739118926E-07  -1.4783490530E-07
   18     -1.0692976160E-03   1.3761408524E-03   1.6509392287E-08   4.2530854574E-04   1.7989412524E-04
   19     -6.3850088768E-06   7.0962248589E-04   2.1360107757E-07   6.7648428332E-05   2.5898759556E-04
   20      7.4990290056E-08  -8.4264384226E-08  -1.4547429959E-04   2.8645845179E-07  -4.3649651519E-07
   21      3.2553837904E-05  -5.5482225992E-04  -4.9114281709E-07   3.0327040024E-04  -2.7022961284E-04
   22     -1.1853762641E-04  -3.5931148172E-04   1.1117258104E-06   1.9287295852E-03   1.5491184626E-04
   23      5.0401104408E-08   2.0919843128E-07  -1.3953861982E-03  -3.8421503629E-07  -2.6578222249E-07
   24     -1.6332883068E-04  -1.0967192352E-05  -1.5342308343E-08  -1.8397118266E-04   1.5074122347E-04
   25      8.2668304041E-05   4.9049883724E-04  -4.0771566367E-07  -2.2027212539E-04   9.4550943817E-06
   26      7.0823666548E-08  -1.9396263083E-08   2.2948168508E-04   1.7354564767E-07   1.5656150552E-08
   27     -6.2784538874E-05  -4.5788244764E-06   1.1445463182E-07  -1.0677473718E-03   1.2539028260E-05
   28      7.3348297369E-05   6.3557247912E-05  -3.7000719153E-07   2.3829237883E-04   8.5694928516E-05
   29      1.0844929130E-07  -4.0215976313E-08   9.3551721989E-05   4.3518794840E-07  -8.3590708542E-08
   30      3.5488256688E-01   2.0808879330E-03   6.2406749822E-06   7.1883265092E-04  -8.1490909991E-05
   31      2.0808879330E-03   5.8345663095E-02   2.2676897560E-06   5.4250325717E-04   9.4904770421E-04
   32      6.2406749822E-06   2.2676897560E-06   2.5347302732E-02   3.0241889441E-07   2.9885373715E-08
   33      7.1883265092E-04   5.4250325717E-04   3.0241889441E-07   1.3209436163E-01  -1.2983685129E-01
   34     -8.1490909991E-05   9.4904770421E-04   2.9885373715E-08  -1.2983685129E-01   2.8488629890E-01
   35     -1.9378646866E-08   1.3331275906E-07  -2.9650783160E-03  -1.9052980417E-06   8.2492308582E-06
   36     -5.9934728360E-04  -1.2813950104E-03  -1.8034725334E-07   1.2096531707E-03   1.8873081230E-04
   37      2.6309267762E-04   1.9093103567E-04  -1.6973875976E-07  -1.9562517321E-04   6.5457031493E-04
   38      1.4768258432E-07  -1.7809291843E-07  -2.9559952636E-04   3.5159244153E-07   1.0388999343E-07
   39      8.3323262472E-04  -2.3739510544E-04   2.7034340302E-07   4.2313716104E-04   7.8570232024E-04
   40      6.3631238098E-05   9.5023504601E-04   2.3103151537E-07  -8.4576514475E-04  -1.1484328815E-03
   41     -1.2199122087E-07   3.0268899950E-07  -4.4595668700E-03  -1.8074499846E-07  -1.1223376458E-07
   42      4.8244463348E-05   1.6806054230E-04   7.8341901705E-08  -8.9586050236E-05  -2.6287193903E-05
   43      2.5962601231E-04  -4.4227769366E-04  -1.0878000352E-07  -1.2826853259E-04  -2.6112879428E-05
   44      1.2491337946E-07   8.7599066043E-08  -4.6896145637E-04   6.7433180423E-08  -8.9922115389E-08
   45      9.4439850552E-07  -2.0173531649E-05  -1.9711396629E-07  -6.1643646338E-05  -1.0011537339E-04
   46     -6.1182934086E-05   2.4760716018E-05  -3.3201650633E-07   5.4218622009E-05   7.0255085970E-05
   47      1.7227331750E-07  -1.9340887086E-07   1.8681829856E-04   2.2822769070E-07  -3.9596865380E-07
                   35                 36                 37                 38                 39        
    0      9.0721904552E-07  -5.5585827699E-03   9.6547317661E-04  -9.3625606669E-07   1.1633844932E-02
    1     -2.2094592504E-06   1.1240313970E-03   1.1675666604E-03   1.7853061128E-07   1.4575099963E-02
    2     -2.2621624606E-05  -5.9813512277E-07   2.7181577429E-08   8.2231175858E-03   1.2643560054E-06
    3      3.9254640149E-06  -1.0240142276E-02   2.2831981030E-03  -2.0457516335E-06  -5.0305312656E-04
    4     -6.3921988661E-06  -2.6380587733E-02   5.9431564437E-03  -2.8189143114E-06   3.2754196840E-03
    5     -2.9430147300E-02   2.7386602338E-07   1.6238257533E-06   4.3337348847E-03   2.7931362027E-07
    6     -2.9784391376E-06  -1.3085441217E-01  -1.2526957221E-01   1.1144956135E-06  -1.1874736100E-03
    7      3.1172524741E-06  -1.2784292319E-01  -2.6589072145E-01   3.9170840322E-06   1.0478717461E-03
    8      3.9508636108E-04  -1.2700117185E-06   3.1584213089E-07  -3.7040825458E-02  -1.2839607233E-08
    9     -1.6063167470E-07   1.1852977211E-02  -1.4177025724E-02  -4.4504794489E-07  -4.3833475676E-03
   10     -1.0364816356E-06   1.1967703846E-02  -1.9988669651E-02  -5.1200700686E-07   2.4765360854E-03
   11      7.4430462372E-03   4.7182321705E-07   2.3196681364E-07   4.2553918256E-03  -5.8241261299E-07
   12      7.6713017969E-07  -1.8411598784E-03   4.4375588853E-03  -3.4722631342E-08  -1.2825402922E-02
   13      7.9109217274E-08   2.6476602036E-03  -2.6800085849E-03  -6.7489604688E-07  -2.8950802493E-02
   14     -5.2862619197E-04  -3.8543470834E-08  -1.5637907700E-06   4.2855093452E-03  -3.2015243179E-06
   15     -1.0513675568E-06  -5.3073658270E-04   3.6629996168E-04  -5.3869240987E-07  -1.2877337448E-01
   16     -2.5103610796E-07   1.1146861134E-03   4.3179187748E-04   3.0409315798E-07  -1.1945377944E-01
   17      5.5851137831E-03  -7.7356431664E-09  -7.3336433993E-07  -9.8316858905E-04  -1.3963258525E-05
   18     -9.5601036127E-08   4.0583197093E-04  -1.2517281333E-03   2.5739255995E-07   1.8505309317E-03
   19      2.0980626330E-07   7.9012735878E-04  -6.4687057380E-04   2.9850252109E-07  -1.1779807428E-03
   20     -5.0663920089E-04   2.2782840034E-07  -1.0456594080E-06   4.5341901810E-04  -4.8009584544E-07
   21     -1.2416415413E-07   1.5911372142E-03  -3.6287228491E-03   5.3136453778E-07   5.2392751314E-05
   22      1.3278560627E-08   1.8913004657E-03  -4.4692742380E-03   2.9334194250E-06  -1.6656702773E-03
   23      2.0369011322E-03   5.0238710066E-07   1.1175656817E-06  -3.8328735018E-03  -2.1257820013E-07
   24      1.0422491993E-07  -6.8385167198E-03  -1.0064824094E-03   6.2619305749E-07  -9.5538475458E-04
   25      1.8802901862E-07   1.8093136571E-04   4.0609348724E-03  -1.3041036145E-06  -3.0114562675E-04
   26     -1.1935911944E-04   1.2395139747E-06   4.8684790125E-08  -9.0533339547E-06   4.7717884987E-07
   27     -2.8071811362E-07   4.8717052206E-04   1.3220978357E-04   1.1687172061E-07  -1.2487591698E-04
   28     -1.1904945456E-07  -1.8112960919E-03   1.0242487996E-03  -7.3663465191E-07   2.1025217430E-04
   29     -9.1711822807E-04   8.3464712405E-07  -3.1509395261E-07   3.5105884059E-04   2.4782163228E-07
   30     -1.9378646866E-08  -5.9934728360E-04   2.6309267762E-04   1.4768258432E-07   8.3323262472E-04
   31      1.3331275906E-07  -1.2813950104E-03   1.9093103567E-04  -1.7809291843E-07  -2.3739510544E-04
   32     -2.9650783160E-03  -1.8034725334E-07  -1.6973875976E-07  -2.9559952636E-04   2.7034340302E-07
   33     -1.9052980417E-06   1.2096531707E-03  -1.9562517321E-04   3.5159244153E-07   4.2313716104E-04
   34      8.2492308582E-06   1.8873081230E-04   6.5457031493E-04   1.0388999343E-07   7.8570232024E-04
   35      2.3141157985E-02   9.4652225974E-08  -3.1377257004E-07  -4.5924112610E-03  -1.1547956445E-07
   36      9.4652225974E-08   1.4062346691E-01   1.3700078701E-01  -1.5598217547E-07   4.7992231776E-05
   37     -3.1377257004E-07   1.3700078701E-01   2.8055445353E-01   3.2976747642E-07  -4.0351325603E-05
   38     -4.5924112610E-03  -1.5598217547E-07   3.2976747642E-07   2.5415631938E-02   9.4289480537E-08
