*************************************************
******************* ORCA 6.0.0 ******************
*************************************************
$Calculation_Status
   &GeometryIndex 1
   &ListStatus       OUT
   &VERSION [&Type "String"] "6.0.0"
   &PROGNAME [&Type "String"] "LeanSCF"
   &STATUS [&Type "String"] "NORMAL TERMINATION"
$End
$Geometry
   &GeometryIndex 1
   &ListStatus       OUT
   &NATOMS [&Type "Integer"] 8
   &NCORELESSECP [&Type "Integer"] 0
   &NGHOSTATOMS [&Type "Integer"] 0
   &CartesianCoordinates [&Type "Coordinates", &Dim(8,4), &Units "Bohr"] 
              C      1.366801384972    1.047134656990   -0.457000176513
              C     -1.366429933978    1.046994874515    0.457445451927
              Cl    -3.440722353008    1.279734538975   -2.237160004686
              Cl    -2.139566155990   -1.673321522188    2.322958486910
              Cl     3.441107170979    1.278554262519    2.237696615476
              Cl     2.139776633876   -1.672374256146   -2.323747932475
              H      1.694132160151    2.723080986668   -1.616396777646
              H     -1.693674559566    2.722435294838    1.617602376999
$End
$SCF_Energy
   &GeometryIndex 1
   &ListStatus       OUT
   &SCF_ENERGY [&Type "Double"]      -1.9181272053719733e+03
$End
$DFT_Energy
   &GeometryIndex 1
   &ListStatus       OUT
   &NALPHAEL [&Type "Integer"] 41
   &NBETAEL [&Type "Integer"] 41
   &NTOTALEL [&Type "Integer"] 82
   &EEXCHANGE [&Type "Double"]      -1.2133295828484127e+02
   &ECORR [&Type "Double"]      -3.1088029054725554e+00
   &ECNL [&Type "Double"]       0.0000000000000000e+00
   &EXC [&Type "Double"]      -1.2444176119031383e+02
   &EEMBED [&Type "Double"]       0.0000000000000000e+00
   &FINALEN [&Type "Double"]      -1.9181272053719733e+03  "No Van der Waals correction"
$End
$Mulliken_Population_Analysis
   &GeometryIndex 1
   &ListStatus       OUT
   &NATOMS [&Type "Integer"] 8
   &ATNO [&Type "ArrayOfIntegers", &Dim (8,1)] 
                                                         0

0                                                        6
1                                                        6
2                                                       17
3                                                       17
4                                                       17
5                                                       17
6                                                        1
7                                                        1
   &ATOMICCHARGES [&Type "ArrayOfDoubles", &Dim (8,1)] 
                                                         0

0                                      3.7821502965041276e-02
1                                      3.7821308404492271e-02
2                                     -1.0210312536812438e-01
3                                     -8.8897353160774628e-02
4                                     -1.0210116609433584e-01
5                                     -8.8897379044269087e-02
6                                      1.5317765905352476e-01
7                                      1.5317855324443752e-01
$End
$Loewdin_Population_Analysis
   &GeometryIndex 1
   &ListStatus       OUT
   &NATOMS [&Type "Integer"] 8
   &ATNO [&Type "ArrayOfIntegers", &Dim (8,1)] 
                                                         0

0                                                        6
1                                                        6
2                                                       17
3                                                       17
4                                                       17
5                                                       17
6                                                        1
7                                                        1
   &ATOMICCHARGES [&Type "ArrayOfDoubles", &Dim (8,1)] 
                                                         0

0                                     -7.8207830527670019e-01
1                                     -7.8207227366824927e-01
2                                      3.1790026451218267e-01
3                                      3.2822266457051441e-01
4                                      3.1790537605465019e-01
5                                      3.2822506674874674e-01
6                                      1.3594846399262328e-01
7                                      1.3594874306619387e-01
$End
$Mayer_Population_Analysis
   &GeometryIndex 1
   &ListStatus       OUT
   &NATOMS [&Type "Integer"] 8 "Total number of atoms"
   &BONDTHRESH [&Type "Double"]       1.0000000000000001e-01  "The threshold for printing"
   &NBONDORDERSPRINT [&Type "Integer"] 7 "The number of bond orders larger than threshold"
   &BONDORDERS [&Type "ArrayOfDoubles", &Dim (7,1)] "The bond orders"
                                                         0

0                                      9.6487034806346994e-01
1                                      1.0599297877517420e+00
2                                      1.0920494171269790e+00
3                                      9.4085637986462400e-01
4                                      1.0599273897328529e+00
5                                      1.0920482450840281e+00
6                                      9.4085601079438630e-01
   &COMPONENTS [&Type "ArrayOfIntegers", &Dim (7,4)] "The indices and atomic numbers of the bonding atoms"
                                                         0                           1                           2                           3

0                                                        0                           6                           1                           6
1                                                        0                           6                           4                          17
2                                                        0                           6                           5                          17
3                                                        0                           6                           6                           1
4                                                        1                           6                           2                          17
5                                                        1                           6                           3                          17
6                                                        1                           6                           7                           1
   &ATNO [&Type "ArrayOfIntegers", &Dim (8,1)] "Atomic number of the elements"
                                                         0

0                                                        6
1                                                        6
2                                                       17
3                                                       17
4                                                       17
5                                                       17
6                                                        1
7                                                        1
   &NA [&Type "ArrayOfDoubles", &Dim (8,1)] "Mulliken gross atomic population"
                                                         0

0                                      5.9621784970349641e+00
1                                      5.9621786915955237e+00
2                                      1.7102103125368007e+01
3                                      1.7088897353160668e+01
4                                      1.7102101166094311e+01
5                                      1.7088897379044266e+01
6                                      8.4682234094647557e-01
7                                      8.4682144675556237e-01
   &ZA [&Type "ArrayOfDoubles", &Dim (8,1)] "Total nuclear charge"
                                                         0

0                                      6.0000000000000000e+00
1                                      6.0000000000000000e+00
2                                      1.7000000000000000e+01
3                                      1.7000000000000000e+01
4                                      1.7000000000000000e+01
5                                      1.7000000000000000e+01
6                                      1.0000000000000000e+00
7                                      1.0000000000000000e+00
   &QA [&Type "ArrayOfDoubles", &Dim (8,1)] "Mulliken gross atomic charge"
                                                         0

0                                      3.7821502965035947e-02
1                                      3.7821308404476284e-02
2                                     -1.0210312536800714e-01
3                                     -8.8897353160668047e-02
4                                     -1.0210116609431097e-01
5                                     -8.8897379044265534e-02
6                                      1.5317765905352443e-01
7                                      1.5317855324443763e-01
   &VA [&Type "ArrayOfDoubles", &Dim (8,1)] "Mayer's total valence"
                                                         0

0                                      4.1261986387235376e+00
1                                      4.1261946243314700e+00
2                                      1.1948879870081832e+00
3                                      1.2059856523280852e+00
4                                      1.1948906682285352e+00
5                                      1.2059866640919039e+00
6                                      9.7681053630550241e-01
7                                      9.7680998478402770e-01
   &BVA [&Type "ArrayOfDoubles", &Dim (8,1)] "Mayer's bonded valence"
                                                         0

0                                      4.1261986387236105e+00
1                                      4.1261946243313989e+00
2                                      1.1948879870083176e+00
3                                      1.2059856523282360e+00
4                                      1.1948906682286686e+00
5                                      1.2059866640919930e+00
6                                      9.7681053630551540e-01
7                                      9.7680998478401881e-01
   &FA [&Type "ArrayOfDoubles", &Dim (8,1)] "Mayer's free valence"
                                                         0

0                                      0.0000000000000000e+00
1                                      0.0000000000000000e+00
2                                      0.0000000000000000e+00
3                                      0.0000000000000000e+00
4                                      0.0000000000000000e+00
5                                      0.0000000000000000e+00
6                                      0.0000000000000000e+00
7                                      0.0000000000000000e+00
$End
$VdW_Correction
   &GeometryIndex 1
   &ListStatus       OUT
   &VDW [&Type "Double"]      -3.2969180407027899e-03
$End
$Calculation_Info
   &GeometryIndex 1
   &ListStatus       OUT
   &MULT [&Type "Integer"] 1
   &CHARGE [&Type "Integer"] 0
   &NUMOFATOMS [&Type "Integer"] 8
   &NUMOFELECTRONS [&Type "Integer"] 82
   &NUMOFFCELECTRONS [&Type "Integer"] 1
   &NUMOFCORRELECTRONS [&Type "Integer"] 0
   &NUMOFBASISFUNCTS [&Type "Integer"] 222
   &NUMOFAUXCBASISFUNCTS [&Type "Integer"] 0
   &NUMOFAUXJBASISFUNCTS [&Type "Integer"] 250
   &NUMOFAUXJKBASISFUNCTS [&Type "Integer"] 0
   &NUMOFCABSBASISFUNCTS [&Type "Integer"] 0
   &TOTALENERGY [&Type "Double"]      -1.9181201455333139e+03  "Hartrees"
$End
$SCF_Dipole_Moment
   &GeometryIndex 1
   &ListStatus       OUT
   &METHOD [&Type "String"] "SCF"
   &LEVEL [&Type "String"] "Relaxed density"
   &MULT [&Type "Integer"] 1
   &STATE [&Type "Integer"] -1
   &IRREP [&Type "Integer"] 0
   &NATOMS [&Type "Integer"] 8
   &DODIPOLEATOM [&Type "Boolean"] false
   &DIPOLEELECCONTRIB [&Type "ArrayOfDoubles", &Dim (3,1)] "Electronic contribution"
                                                         0

0                                     -6.6612193963146724e-05
1                                     -2.5811471615111272e+00
2                                     -5.8684106201840934e-04
   &DIPOLENUCCONTRIB [&Type "ArrayOfDoubles", &Dim (3,1)] "Nuclear contribution"
                                                         0

0                                      9.0946005779191097e-05
1                                      3.2927697733418491e+00
2                                      7.5168466474684337e-04
   &DIPOLETOTAL [&Type "ArrayOfDoubles", &Dim (3,1)] "Total"
                                                         0

0                                      2.4333811816044373e-05
1                                      7.1162261183072184e-01
2                                      1.6484360272843402e-04
   &DIPOLEMAGNITUDE [&Type "Double", &Units "a.u."]       7.1162263133933978e-01
$End
$THERMOCHEMISTRY_Energies
   &GeometryIndex 1
   &ListStatus       OUT
   &TEMPERATURE [&Type "Double"]       2.9814999999999998e+02
   &PRESSURE [&Type "Double"]       1.0000000000000000e+00
   &TOTALMASS [&Type "Double"]       1.6785000000000002e+02
   &SPINDEGENERACY [&Type "Integer"] 1
   &ELENERGY [&Type "Double"]      -1.9181201455333139e+03
   &TRANSENERGY [&Type "Double"]       1.4162714244859817e-03
   &ROTENERGY [&Type "Double"]       1.4162714244859817e-03
   &VIBENERGY [&Type "Double"]       4.0279521185702756e-03
   &NUMOFFREQS [&Type "Integer"] 24
   &FREQSCALINGFACTOR [&Type "Double"]       1.0000000000000000e+00
   &FREQ [&Type "ArrayOfDoubles", &Dim (24,1)] "In cm^-1"
                                                         0

0                                      0.0000000000000000e+00
1                                      0.0000000000000000e+00
2                                      0.0000000000000000e+00
3                                      0.0000000000000000e+00
4                                      0.0000000000000000e+00
5                                      0.0000000000000000e+00
6                                      8.8858693503641618e+01
7                                      1.7323770502484842e+02
8                                      1.7653933378278430e+02
9                                      2.3807235161694925e+02
10                                     2.8559785094088653e+02
11                                     3.3907675801795978e+02
12                                     5.3364217066369326e+02
13                                     6.1482056431618457e+02
14                                     6.8430293038579782e+02
15                                     7.3806112038093011e+02
16                                     7.5751551167400646e+02
17                                     1.0129110244393123e+03
18                                     1.2052374901529520e+03
19                                     1.2211459023380773e+03
20                                     1.2471214501999307e+03
21                                     1.2880089947098877e+03
22                                     3.0997452731496155e+03
23                                     3.1067536994494085e+03
   &ZPE [&Type "Double"]       3.8297475984060206e-02
   &INNERENERGYU [&Type "Double"]      -1.9180749875623624e+03
   &ENTHALPYH [&Type "Double"]      -1.9180740433533201e+03
   &QEL [&Type "Double"]       0.0000000000000000e+00
   &QROT [&Type "Double"]       1.3406015050280242e-02
   &QVIB [&Type "Double"]       6.9424574794670181e-03
   &QTRANS [&Type "Double"]       1.9604729851458440e-02
   &ENTROPYS [&Type "Double"]       3.9953202381205699e-02
   &FREEENERGYG [&Type "Double"]      -1.9181139965557013e+03
   &ISLINEAR [&Type "Boolean"] false
$End
$Hessian
   &GeometryIndex 1
   &ListStatus       OUT
   &HESSIAN [&Type "ArrayOfDoubles", &Dim (24,24)] "The Hessian"
                                                         0                           1                           2                           3                           4                           5                           6                           7

0                                      3.4036484802642714e-01         2.3382668125949663e-02        -5.9431808238076422e-02        -1.5793225194259575e-01         1.4247093296048635e-03         4.5471889769913482e-02        -2.1764520094138172e-02         1.9866248358783650e-03
1                                      2.3382668125949663e-02         4.2561071974700593e-01        -1.2766623774084240e-01        -1.4403426259567849e-03        -6.3147626271274904e-02         1.7529630776032784e-03        -1.1089314042384362e-03         3.4877434826608919e-04
2                                     -5.9431808238076422e-02        -1.2766623774084240e-01         3.2737392528710513e-01         4.5471108324675401e-02        -1.7559201100287305e-03        -6.1010955461288284e-02        -2.6768189904723631e-02         1.0248573958811400e-03
3                                     -1.5793225194259575e-01        -1.4403426259567849e-03         4.5471108324675401e-02         3.4036128467340471e-01        -2.3351996806570238e-02        -5.9436101989255495e-02        -5.8935758686149815e-02         5.7664692471241698e-04
4                                      1.4247093296048635e-03        -6.3147626271274904e-02        -1.7559201100287305e-03        -2.3351996806570238e-02         4.2549080785486276e-01         1.2771452910881395e-01        -7.3001139550340202e-03        -3.3279867380960441e-02
5                                      4.5471889769913482e-02         1.7529630776032784e-03        -6.1010955461288284e-02        -5.9436101989255495e-02         1.2771452910881395e-01         3.2748571280128480e-01        -2.6744469089102108e-02        -4.5401431913999635e-03
6                                     -2.1764520094138172e-02        -1.1089314042384362e-03        -2.6768189904723631e-02        -5.8935758686149815e-02        -7.3001139550340202e-03        -2.6744469089102108e-02         9.0769319488130870e-02        -3.2089729126687436e-03
7                                      1.9866248358783650e-03         3.4877434826608919e-04         1.0248573958811400e-03         5.7664692471241698e-04        -3.3279867380960441e-02        -4.5401431913999635e-03        -3.2089729126687436e-03         3.1317409590762527e-02
8                                     -8.6531094143132911e-03        -1.5549820184357248e-03        -8.8565108627186792e-03        -3.3558929937293140e-02        -1.5229749012424488e-02        -7.2349997093809126e-02         7.0326604645099183e-02        -7.0669003154585387e-03
9                                     -6.2014846249065312e-03        -2.4223746469248748e-02         1.4628741090960039e-02        -3.9620851518863541e-02        -1.0496498382567054e-02         5.5679016214944636e-03         4.3173037361717813e-03         9.2471719364026952e-03
10                                    -5.1322032128656644e-03        -1.4559740045282389e-02         9.6560344756843053e-03        -1.9795253347290667e-02        -9.0803511221317537e-02         1.7120010492881213e-02         7.9927472800028418e-03        -5.7896106765499781e-03
11                                     6.2218799194189052e-03         1.6642544431057112e-02        -1.2186512002813035e-02         1.4671109913199067e-02         2.8367379780525864e-02        -4.3653943488925671e-02        -6.8183217785257070e-03         2.1609463310611275e-02
12                                    -5.8936958019780113e-02         7.3134617676192497e-03        -2.6742623227830914e-02        -2.1764756350038609e-02         1.1221442851678401e-03        -2.6767826638790914e-02        -6.7932672230169890e-03        -5.8134830287949555e-04
13                                    -5.6004042080972771e-04        -3.3290293099911501e-02         4.5593639410589602e-03        -1.9816178530423227e-03         3.4869636173417463e-04        -1.0193717059108934e-03         5.8229999632259657e-04         9.7990639966307629e-04
14                                    -3.3559720738762344e-02         1.5248897303517016e-02        -7.2343349934260698e-02        -8.6539919128778876e-03         1.5595170138561496e-03        -8.8561271372090255e-03        -1.1964359859047541e-03        -4.1177849877543785e-04
15                                    -3.9619403320060538e-02         1.0491682595077274e-02         5.5725596067784950e-03        -6.2002227954424394e-03         2.4217097436993271e-02         1.4639249480750020e-02        -2.5675287305444929e-03         2.6293798397255879e-03
16                                     1.9786670623633595e-02        -9.0788962962687403e-02        -1.7143529072647046e-02         5.1291986446832388e-03        -1.4549687269034326e-02        -9.6581587175252025e-03         1.5961057349944711e-03        -1.9107347264055163e-05
17                                     1.4679511706747840e-02        -2.8390987411273064e-02        -4.3674987064662739e-02         6.2234440920683675e-03        -1.6644505606852770e-02        -1.2198489976865918e-02        -4.6581178490968326e-04         1.2191560064130393e-03
18                                    -5.0500827549545914e-02        -3.7505084753865048e-02         3.0573738248353282e-02        -5.4105512488711576e-03        -2.2997261421673281e-02         1.6605346830002518e-02        -4.5369383026714694e-04        -1.6158468755721514e-04
19                                    -4.1080139835490026e-02        -2.2434439802226711e-01         1.3337889448142637e-01        -2.9276562311110477e-04         1.6779661323502223e-04         2.1041743774966662e-03         3.9920050074467982e-04         6.2957863308550134e-04
20                                     3.3079559893442252e-02         1.3290134412334256e-01        -1.2503460923490572e-01         2.2729447198013078e-03         8.8857359546591144e-03        -4.2620095403229545e-03        -8.7315573221979307e-04        -8.2918065911098400e-04
21                                    -5.4094024754001097e-03         2.2990018936029737e-02         1.6615609234344825e-02        -5.0496892131443413e-02         3.7481972344732932e-02         3.0583474435977746e-02        -4.5718546601860293e-03        -1.0443004742649191e-02
22                                     2.9198438273202176e-04         1.7152630615122500e-04        -2.1030875193710687e-03         4.1056077855921150e-02        -2.2422660868724476e-01        -1.3342424492400934e-01         1.0027518689121884e-03         5.8129164329972817e-03
23                                     2.2726619671484989e-03        -8.8839176161302838e-03        -4.2670007264559925e-03         3.3090952368692667e-02        -1.3294674564649880e-01        -1.2515419010286377e-01        -7.4152635340804397e-03        -1.0949507206478193e-02
                                                         8                           9                          10                          11                          12                          13                          14                          15

0                                     -8.6531094143132911e-03        -6.2014846249065312e-03        -5.1322032128656644e-03         6.2218799194189052e-03        -5.8936958019780113e-02        -5.6004042080972771e-04        -3.3559720738762344e-02        -3.9619403320060538e-02
1                                     -1.5549820184357248e-03        -2.4223746469248748e-02        -1.4559740045282389e-02         1.6642544431057112e-02         7.3134617676192497e-03        -3.3290293099911501e-02         1.5248897303517016e-02         1.0491682595077274e-02
2                                     -8.8565108627186792e-03         1.4628741090960039e-02         9.6560344756843053e-03        -1.2186512002813035e-02        -2.6742623227830914e-02         4.5593639410589602e-03        -7.2343349934260698e-02         5.5725596067784950e-03
3                                     -3.3558929937293140e-02        -3.9620851518863541e-02        -1.9795253347290667e-02         1.4671109913199067e-02        -2.1764756350038609e-02        -1.9816178530423227e-03        -8.6539919128778876e-03        -6.2002227954424394e-03
4                                     -1.5229749012424488e-02        -1.0496498382567054e-02        -9.0803511221317537e-02         2.8367379780525864e-02         1.1221442851678401e-03         3.4869636173417463e-04         1.5595170138561496e-03         2.4217097436993271e-02
5                                     -7.2349997093809126e-02         5.5679016214944636e-03         1.7120010492881213e-02        -4.3653943488925671e-02        -2.6767826638790914e-02        -1.0193717059108934e-03        -8.8561271372090255e-03         1.4639249480750020e-02
6                                      7.0326604645099183e-02         4.3173037361717813e-03         7.9927472800028418e-03        -6.8183217785257070e-03        -6.7932672230169890e-03         5.8229999632259657e-04        -1.1964359859047541e-03        -2.5675287305444929e-03
7                                     -7.0669003154585387e-03         9.2471719364026952e-03        -5.7896106765499781e-03         2.1609463310611275e-02        -5.8134830287949555e-04         9.7990639966307629e-04        -4.1177849877543785e-04         2.6293798397255879e-03
8                                      1.2211810166640576e-01        -7.5986853015603921e-03         2.0315582305004132e-02        -2.6283550516959440e-02        -1.1967530538034344e-03         4.1133379205907073e-04         2.1487237792171257e-03         2.1370644917621468e-03
9                                     -7.5986853015603921e-03         4.6987686464403676e-02         2.9684719258980009e-02        -1.8049854978224804e-02        -2.5676028464653245e-03        -2.6301352754381164e-03         2.1358698438170495e-03        -6.4684860335854867e-04
10                                     2.0315582305004132e-02         2.9684719258980009e-02         1.3059866456618305e-01        -6.7267343789434664e-02        -1.5957475428551530e-03        -1.8284904770085597e-05         1.4183937826969806e-06         1.2224484460917661e-03
11                                    -2.6283550516959440e-02        -1.8049854978224804e-02        -6.7267343789434664e-02         7.7458164003417179e-02        -4.6658165790662218e-04        -1.2201151081799254e-03         2.0320568176421666e-03         1.1147614182794321e-03
12                                    -1.1967530538034344e-03        -2.5676028464653245e-03        -1.5957475428551530e-03        -4.6658165790662218e-04         9.0771609472245246e-02         3.1741384209868842e-03         7.0330570145899246e-02         4.3162551371047353e-03
13                                     4.1133379205907073e-04        -2.6301352754381164e-03        -1.8284904770085597e-05        -1.2201151081799254e-03         3.1741384209868842e-03         3.1311531501210389e-02         7.0220563742776024e-03        -9.2443881966721916e-03
14                                     2.1487237792171257e-03         2.1358698438170495e-03         1.4183937826969806e-06         2.0320568176421666e-03         7.0330570145899246e-02         7.0220563742776024e-03         1.2212682658678911e-01        -7.6041599222737410e-03
15                                     2.1370644917621468e-03        -6.4684860335854867e-04         1.2224484460917661e-03         1.1147614182794321e-03         4.3162551371047353e-03        -9.2443881966721916e-03        -7.6041599222737410e-03         4.6985214381509405e-02
16                                    -2.4510812390255918e-06        -1.2229529451097281e-03         3.0495171328289881e-03         1.5978376639847417e-03        -7.9903014275342771e-03        -5.7696613011214010e-03        -2.0305759553444387e-02        -2.9672808881703698e-02
17                                     2.0324533138472781e-03         1.1140036273122435e-03        -1.5960474737293133e-03        -4.9082132098767428e-04        -6.8232803119167530e-03        -2.1599804190408124e-02        -2.6302480293032841e-02        -1.8060472679682263e-02
18                                    -3.8423079756808357e-04        -4.5461217137075976e-03        -1.7267875758308266e-03         2.7675911312526500e-03        -4.5714994985228191e-03         1.0453211009420559e-02        -2.1112736843597907e-02         2.2786246291528070e-03
19                                    -3.3047572885461056e-04         7.7975815498230235e-04         1.6145655627446242e-03        -7.4447392586410365e-04        -9.9891841090482200e-04         5.8090443190104060e-03        -3.3890296631058359e-03         1.1008811335501013e-03
20                                     7.0542619227270849e-04         1.1325389033754636e-03        -1.1670297953473213e-04        -1.1380086763744892e-04        -7.4154644066553935e-03         1.0961550230526279e-02        -1.9511624974248784e-02         1.0285651782790638e-03
21                                    -2.1116917467956079e-02         2.2779191067260843e-03        -1.0685479896958873e-02         5.9959210972322218e-04        -4.5378067152613069e-04         1.6184695699891381e-04        -3.8411225815762682e-04        -4.5460906983609307e-03
22                                     3.4016752176668462e-03        -1.1027596872747979e-03        -2.4091600413836664e-02         1.0587851761422358e-03        -3.9874342736681990e-04         6.2906072418494278e-04         3.3045053679544613e-04        -7.7990573767605870e-04
23                                    -1.9514646478255609e-02         1.0293091156097899e-03         2.1842971036503803e-02         3.2384073762639146e-03        -8.7332317713727584e-04         8.2921475967377960e-04         7.0597515510293848e-04         1.1322219643754025e-03
                                                        16                          17                          18                          19                          20                          21                          22                          23

0                                      1.9786670623633595e-02         1.4679511706747840e-02        -5.0500827549545914e-02        -4.1080139835490026e-02         3.3079559893442252e-02        -5.4094024754001097e-03         2.9198438273202176e-04         2.2726619671484989e-03
1                                     -9.0788962962687403e-02        -2.8390987411273064e-02        -3.7505084753865048e-02        -2.2434439802226711e-01         1.3290134412334256e-01         2.2990018936029737e-02         1.7152630615122500e-04        -8.8839176161302838e-03
2                                     -1.7143529072647046e-02        -4.3674987064662739e-02         3.0573738248353282e-02         1.3337889448142637e-01        -1.2503460923490572e-01         1.6615609234344825e-02        -2.1030875193710687e-03        -4.2670007264559925e-03
3                                      5.1291986446832388e-03         6.2234440920683675e-03        -5.4105512488711576e-03        -2.9276562311110477e-04         2.2729447198013078e-03        -5.0496892131443413e-02         4.1056077855921150e-02         3.3090952368692667e-02
4                                     -1.4549687269034326e-02        -1.6644505606852770e-02        -2.2997261421673281e-02         1.6779661323502223e-04         8.8857359546591144e-03         3.7481972344732932e-02        -2.2422660868724476e-01        -1.3294674564649880e-01
5                                     -9.6581587175252025e-03        -1.2198489976865918e-02         1.6605346830002518e-02         2.1041743774966662e-03        -4.2620095403229545e-03         3.0583474435977746e-02        -1.3342424492400934e-01        -1.2515419010286377e-01
6                                      1.5961057349944711e-03        -4.6581178490968326e-04        -4.5369383026714694e-04         3.9920050074467982e-04        -8.7315573221979307e-04        -4.5718546601860293e-03         1.0027518689121884e-03        -7.4152635340804397e-03
7                                     -1.9107347264055163e-05         1.2191560064130393e-03        -1.6158468755721514e-04         6.2957863308550134e-04        -8.2918065911098400e-04        -1.0443004742649191e-02         5.8129164329972817e-03        -1.0949507206478193e-02
8                                     -2.4510812390255918e-06         2.0324533138472781e-03        -3.8423079756808357e-04        -3.3047572885461056e-04         7.0542619227270849e-04        -2.1116917467956079e-02         3.4016752176668462e-03        -1.9514646478255609e-02
9                                     -1.2229529451097281e-03         1.1140036273122435e-03        -4.5461217137075976e-03         7.7975815498230235e-04         1.1325389033754636e-03         2.2779191067260843e-03        -1.1027596872747979e-03         1.0293091156097899e-03
10                                     3.0495171328289881e-03        -1.5960474737293133e-03        -1.7267875758308266e-03         1.6145655627446242e-03        -1.1670297953473213e-04        -1.0685479896958873e-02        -2.4091600413836664e-02         2.1842971036503803e-02
11                                     1.5978376639847417e-03        -4.9082132098767428e-04         2.7675911312526500e-03        -7.4447392586410365e-04        -1.1380086763744892e-04         5.9959210972322218e-04         1.0587851761422358e-03         3.2384073762639146e-03
12                                    -7.9903014275342771e-03        -6.8232803119167530e-03        -4.5714994985228191e-03        -9.9891841090482200e-04        -7.4154644066553935e-03        -4.5378067152613069e-04        -3.9874342736681990e-04        -8.7332317713727584e-04
13                                    -5.7696613011214010e-03        -2.1599804190408124e-02         1.0453211009420559e-02         5.8090443190104060e-03         1.0961550230526279e-02         1.6184695699891381e-04         6.2906072418494278e-04         8.2921475967377960e-04
14                                    -2.0305759553444387e-02        -2.6302480293032841e-02        -2.1112736843597907e-02        -3.3890296631058359e-03        -1.9511624974248784e-02        -3.8411225815762682e-04         3.3045053679544613e-04         7.0597515510293848e-04
15                                    -2.9672808881703698e-02        -1.8060472679682263e-02         2.2786246291528070e-03         1.1008811335501013e-03         1.0285651782790638e-03        -4.5460906983609307e-03        -7.7990573767605870e-04         1.1322219643754025e-03
16                                     1.3054586372642965e-01         6.7294334196247640e-02         1.0683815269965142e-02        -2.4082066517074681e-02        -2.1855596457880336e-02         1.7258863456852029e-03         1.6141045379232258e-03         1.1739699113182204e-04
17                                     6.7294334196247640e-02         7.7519616254181592e-02         6.0431992345199399e-04        -1.0712994575524590e-03         3.2281489163418602e-03         2.7684958886597007e-03         7.4507996852688527e-04        -1.1343982882155594e-04
18                                     1.0683815269965142e-02         6.0431992345199399e-04         6.2727478262958158e-02         4.0672819232064755e-02        -2.9001186613708554e-02         4.7659094880367348e-04         7.0999393243959268e-04        -1.3816187271372456e-04
19                                    -2.4082066517074681e-02        -1.0712994575524590e-03         4.0672819232064755e-02         2.3981869059360847e-01        -1.2994757204251212e-01        -7.0995615679956062e-04         3.8678881765778078e-04         4.3492422709705790e-05
20                                    -2.1855596457880336e-02         3.2281489163418602e-03        -2.9001186613708554e-02        -1.2994757204251212e-01         1.4502450758657831e-01        -1.3848194778652567e-04        -4.3288633233450752e-05        -3.6038078077914315e-05
21                                     1.7258863456852029e-03         2.7684958886597007e-03         4.7659094880367348e-04        -7.0995615679956062e-04        -1.3848194778652567e-04         6.2723510581386852e-02        -4.0650341487363212e-02        -2.9013028413350090e-02
22                                     1.6141045379232258e-03         7.4507996852688527e-04         7.0999393243959268e-04         3.8678881765778078e-04        -4.3288633233450752e-05        -4.0650341487363212e-02         2.3970381228216697e-01         1.2999086271828528e-01
23                                     1.1739699113182204e-04        -1.1343982882155594e-04        -1.3816187271372456e-04         4.3492422709705790e-05        -3.6038078077914315e-05        -2.9013028413350090e-02         1.2999086271828528e-01         1.4514093268310801e-01
                              

0                             
1                             
2                             
3                             
4                             
5                             
6                             
7                             
8                             
9                             
10                            
11                            
12                            
13                            
14                            
15                            
16                            
17                            
18                            
19                            
20                            
21                            
22                            
23                            
   &MODES [&Type "ArrayOfDoubles", &Dim (24,24)] "The modes of vibrations"
                                                         0                           1                           2                           3                           4                           5                           6                           7

0                                      1.0000000000000000e+00         2.0000000000000000e+00         3.0000000000000000e+00         4.0000000000000000e+00         5.0000000000000000e+00         6.0000000000000000e+00         7.0000000000000000e+00         0.0000000000000000e+00
1                                      0.0000000000000000e+00         0.0000000000000000e+00         0.0000000000000000e+00         0.0000000000000000e+00         0.0000000000000000e+00         3.1868473007870767e-03        -1.6346299760872499e-02         1.0000000000000000e+00
2                                      0.0000000000000000e+00         0.0000000000000000e+00         0.0000000000000000e+00         0.0000000000000000e+00         0.0000000000000000e+00         1.7747343025118836e-02         1.7795973643214859e-02         2.0000000000000000e+00
3                                      0.0000000000000000e+00         0.0000000000000000e+00         0.0000000000000000e+00         0.0000000000000000e+00         0.0000000000000000e+00         9.4620617976237838e-03         4.7976353707299538e-02         3.0000000000000000e+00
4                                      0.0000000000000000e+00         0.0000000000000000e+00         0.0000000000000000e+00         0.0000000000000000e+00         0.0000000000000000e+00        -3.1857055036289316e-03        -1.6347993573161603e-02         4.0000000000000000e+00
5                                      0.0000000000000000e+00         0.0000000000000000e+00         0.0000000000000000e+00         0.0000000000000000e+00         0.0000000000000000e+00         1.7751712294748308e-02        -1.7825666126030069e-02         5.0000000000000000e+00
6                                      0.0000000000000000e+00         0.0000000000000000e+00         0.0000000000000000e+00         0.0000000000000000e+00         0.0000000000000000e+00        -9.4531604887278207e-03         4.7970813538347833e-02         6.0000000000000000e+00
