*************************************************
******************* ORCA 6.0.0 ******************
*************************************************
$Calculation_Status
   &GeometryIndex 1
   &ListStatus       OUT
   &VERSION [&Type "String"] "6.0.0"
   &PROGNAME [&Type "String"] "LeanSCF"
   &STATUS [&Type "String"] "NORMAL TERMINATION"
$End
$Geometry
   &GeometryIndex 1
   &ListStatus       OUT
   &NATOMS [&Type "Integer"] 8
   &NCORELESSECP [&Type "Integer"] 0
   &NGHOSTATOMS [&Type "Integer"] 0
   &CartesianCoordinates [&Type "Coordinates", &Dim(8,4), &Units "Bohr"] 
              C      1.368659376179   -1.015276792865   -0.463585178561
              C     -1.368998629830   -1.014753795284    0.463804153033
              Cl    -2.144483223580    1.708378899394    2.290019740444
              Cl    -3.441379167766   -1.344891750698   -2.217718471606
              Cl     2.145030998683    1.707291524143   -2.290269247410
              Cl     3.440934530135   -1.345628751827    2.217996912170
              H      1.666730936378   -2.672140300491   -1.658041416256
              H     -1.667604414474   -2.671316014424    1.658544979138
$End
$SCF_Energy
   &GeometryIndex 1
   &ListStatus       OUT
   &SCF_ENERGY [&Type "Double"]      -1.9181277221006499e+03
$End
$DFT_Energy
   &GeometryIndex 1
   &ListStatus       OUT
   &NALPHAEL [&Type "Integer"] 41
   &NBETAEL [&Type "Integer"] 41
   &NTOTALEL [&Type "Integer"] 82
   &EEXCHANGE [&Type "Double"]      -1.2133876142633575e+02
   &ECORR [&Type "Double"]      -3.1093439355363817e+00
   &ECNL [&Type "Double"]       0.0000000000000000e+00
   &EXC [&Type "Double"]      -1.2444810536187214e+02
   &EEMBED [&Type "Double"]       0.0000000000000000e+00
   &FINALEN [&Type "Double"]      -1.9181277221006499e+03  "No Van der Waals correction"
$End
$Mulliken_Population_Analysis
   &GeometryIndex 1
   &ListStatus       OUT
   &NATOMS [&Type "Integer"] 8
   &ATNO [&Type "ArrayOfIntegers", &Dim (8,1)] 
                                                         0

0                                                        6
1                                                        6
2                                                       17
3                                                       17
4                                                       17
5                                                       17
6                                                        1
7                                                        1
   &ATOMICCHARGES [&Type "ArrayOfDoubles", &Dim (8,1)] 
                                                         0

0                                      3.8101336857593537e-02
1                                      3.8101934896639378e-02
2                                     -8.5762784696207461e-02
3                                     -1.0384799894395869e-01
4                                     -8.5762908758074019e-02
5                                     -1.0384894565143910e-01
6                                      1.5150989398875669e-01
7                                      1.5150947230668810e-01
$End
$Loewdin_Population_Analysis
   &GeometryIndex 1
   &ListStatus       OUT
   &NATOMS [&Type "Integer"] 8
   &ATNO [&Type "ArrayOfIntegers", &Dim (8,1)] 
                                                         0

0                                                        6
1                                                        6
2                                                       17
3                                                       17
4                                                       17
5                                                       17
6                                                        1
7                                                        1
   &ATOMICCHARGES [&Type "ArrayOfDoubles", &Dim (8,1)] 
                                                         0

0                                     -7.9192493791597052e-01
1                                     -7.9192727622102854e-01
2                                      3.3803867837895396e-01
3                                      3.1851238906832435e-01
4                                      3.3803761874782978e-01
5                                      3.1851044817505780e-01
6                                      1.3537650286129166e-01
7                                      1.3537657690554095e-01
$End
$Mayer_Population_Analysis
   &GeometryIndex 1
   &ListStatus       OUT
   &NATOMS [&Type "Integer"] 8 "Total number of atoms"
   &BONDTHRESH [&Type "Double"]       1.0000000000000001e-01  "The threshold for printing"
   &NBONDORDERSPRINT [&Type "Integer"] 7 "The number of bond orders larger than threshold"
   &BONDORDERS [&Type "ArrayOfDoubles", &Dim (7,1)] "The bond orders"
                                                         0

0                                      9.6134514196424026e-01
1                                      1.0978622411054040e+00
2                                      1.0585087716021493e+00
3                                      9.4258769251685248e-01
4                                      1.0978626926919497e+00
5                                      1.0585100901408280e+00
6                                      9.4258762642694016e-01
   &COMPONENTS [&Type "ArrayOfIntegers", &Dim (7,4)] "The indices and atomic numbers of the bonding atoms"
                                                         0                           1                           2                           3

0                                                        0                           6                           1                           6
1                                                        0                           6                           4                          17
2                                                        0                           6                           5                          17
3                                                        0                           6                           6                           1
4                                                        1                           6                           2                          17
5                                                        1                           6                           3                          17
6                                                        1                           6                           7                           1
   &ATNO [&Type "ArrayOfIntegers", &Dim (8,1)] "Atomic number of the elements"
                                                         0

0                                                        6
1                                                        6
2                                                       17
3                                                       17
4                                                       17
5                                                       17
6                                                        1
7                                                        1
   &NA [&Type "ArrayOfDoubles", &Dim (8,1)] "Mulliken gross atomic population"
                                                         0

0                                      5.9618986631424162e+00
1                                      5.9618980651033748e+00
2                                      1.7085762784696271e+01
3                                      1.7103847998943969e+01
4                                      1.7085762908758181e+01
5                                      1.7103848945651453e+01
6                                      8.4849010601124430e-01
7                                      8.4849052769331224e-01
   &ZA [&Type "ArrayOfDoubles", &Dim (8,1)] "Total nuclear charge"
                                                         0

0                                      6.0000000000000000e+00
1                                      6.0000000000000000e+00
2                                      1.7000000000000000e+01
3                                      1.7000000000000000e+01
4                                      1.7000000000000000e+01
5                                      1.7000000000000000e+01
6                                      1.0000000000000000e+00
7                                      1.0000000000000000e+00
   &QA [&Type "ArrayOfDoubles", &Dim (8,1)] "Mulliken gross atomic charge"
                                                         0

0                                      3.8101336857583767e-02
1                                      3.8101934896625167e-02
2                                     -8.5762784696271410e-02
3                                     -1.0384799894396934e-01
4                                     -8.5762908758180600e-02
5                                     -1.0384894565145331e-01
6                                      1.5150989398875570e-01
7                                      1.5150947230668776e-01
   &VA [&Type "ArrayOfDoubles", &Dim (8,1)] "Mayer's total valence"
                                                         0

0                                      4.1265887434543513e+00
1                                      4.1265903005472619e+00
2                                      1.2122642817000429e+00
3                                      1.1939379789694884e+00
4                                      1.2122637354967780e+00
5                                      1.1939368516810238e+00
6                                      9.7865897450150963e-01
7                                      9.7865903072742644e-01
   &BVA [&Type "ArrayOfDoubles", &Dim (8,1)] "Mayer's bonded valence"
                                                         0

0                                      4.1265887434542758e+00
1                                      4.1265903005472175e+00
2                                      1.2122642817000138e+00
3                                      1.1939379789695941e+00
4                                      1.2122637354965007e+00
5                                      1.1939368516810365e+00
6                                      9.7865897450149919e-01
7                                      9.7865903072742866e-01
   &FA [&Type "ArrayOfDoubles", &Dim (8,1)] "Mayer's free valence"
                                                         0

0                                      0.0000000000000000e+00
1                                      0.0000000000000000e+00
2                                      0.0000000000000000e+00
3                                      0.0000000000000000e+00
4                                      0.0000000000000000e+00
5                                      0.0000000000000000e+00
6                                      0.0000000000000000e+00
7                                      0.0000000000000000e+00
$End
$VdW_Correction
   &GeometryIndex 1
   &ListStatus       OUT
   &VDW [&Type "Double"]      -3.2967930221127987e-03
$End
$Calculation_Info
   &GeometryIndex 1
   &ListStatus       OUT
   &MULT [&Type "Integer"] 1
   &CHARGE [&Type "Integer"] 0
   &NUMOFATOMS [&Type "Integer"] 8
   &NUMOFELECTRONS [&Type "Integer"] 82
   &NUMOFFCELECTRONS [&Type "Integer"] 1
   &NUMOFCORRELECTRONS [&Type "Integer"] 0
   &NUMOFBASISFUNCTS [&Type "Integer"] 222
   &NUMOFAUXCBASISFUNCTS [&Type "Integer"] 0
   &NUMOFAUXJBASISFUNCTS [&Type "Integer"] 250
   &NUMOFAUXJKBASISFUNCTS [&Type "Integer"] 0
   &NUMOFCABSBASISFUNCTS [&Type "Integer"] 0
   &TOTALENERGY [&Type "Double"]      -1.9181205282613721e+03  "Hartrees"
$End
$SCF_Dipole_Moment
   &GeometryIndex 1
   &ListStatus       OUT
   &METHOD [&Type "String"] "SCF"
   &LEVEL [&Type "String"] "Relaxed density"
   &MULT [&Type "Integer"] 1
   &STATE [&Type "Integer"] -1
   &IRREP [&Type "Integer"] 0
   &NATOMS [&Type "Integer"] 8
   &DODIPOLEATOM [&Type "Boolean"] false
   &DIPOLEELECCONTRIB [&Type "ArrayOfDoubles", &Dim (3,1)] "Electronic contribution"
                                                         0

0                                      4.0887837599047085e-04
1                                      2.5356998791178422e+00
2                                     -2.1836240870992760e-04
   &DIPOLENUCCONTRIB [&Type "ArrayOfDoubles", &Dim (3,1)] "Nuclear contribution"
                                                         0

0                                     -5.2120295003543760e-04
1                                     -3.2125748373389724e+00
2                                      2.7529170772644385e-04
   &DIPOLETOTAL [&Type "ArrayOfDoubles", &Dim (3,1)] "Total"
                                                         0

0                                     -1.1232457404496674e-04
1                                     -6.7687495822113020e-01
2                                      5.6929299016516242e-05
   &DIPOLEMAGNITUDE [&Type "Double", &Units "a.u."]       6.7687496993507723e-01
$End
$THERMOCHEMISTRY_Energies
   &GeometryIndex 1
   &ListStatus       OUT
   &TEMPERATURE [&Type "Double"]       2.9814999999999998e+02
   &PRESSURE [&Type "Double"]       1.0000000000000000e+00
   &TOTALMASS [&Type "Double"]       1.6785000000000002e+02
   &SPINDEGENERACY [&Type "Integer"] 1
   &ELENERGY [&Type "Double"]      -1.9181205282613721e+03
   &TRANSENERGY [&Type "Double"]       1.4162714244859817e-03
   &ROTENERGY [&Type "Double"]       1.4162714244859817e-03
   &VIBENERGY [&Type "Double"]       4.0253369792232147e-03
   &NUMOFFREQS [&Type "Integer"] 24
   &FREQSCALINGFACTOR [&Type "Double"]       1.0000000000000000e+00
   &FREQ [&Type "ArrayOfDoubles", &Dim (24,1)] "In cm^-1"
                                                         0

0                                      0.0000000000000000e+00
1                                      0.0000000000000000e+00
2                                      0.0000000000000000e+00
3                                      0.0000000000000000e+00
4                                      0.0000000000000000e+00
5                                      0.0000000000000000e+00
6                                      8.5050767970256771e+01
7                                      1.7096961315111079e+02
8                                      1.7417401325309663e+02
9                                      2.3659429306015107e+02
10                                     2.8472880880265251e+02
11                                     3.4101344559304306e+02
12                                     5.3929248686646520e+02
13                                     6.2762818964881319e+02
14                                     6.8843962491737454e+02
15                                     7.4361125305893995e+02
16                                     7.6914641633103111e+02
17                                     1.0080276273560510e+03
18                                     1.2148372462264088e+03
19                                     1.2297856972172933e+03
20                                     1.2514515018357897e+03
21                                     1.2933301614385623e+03
22                                     3.0975998326023678e+03
23                                     3.1040003860867946e+03
   &ZPE [&Type "Double"]       3.8409180331007070e-02
   &INNERENERGYU [&Type "Double"]      -1.9180752612012132e+03
   &ENTHALPYH [&Type "Double"]      -1.9180743169921709e+03
   &QEL [&Type "Double"]       0.0000000000000000e+00
   &QROT [&Type "Double"]       1.3409394364196896e-02
   &QVIB [&Type "Double"]       6.9549631603226291e-03
   &QTRANS [&Type "Double"]       1.9604729851458440e-02
   &ENTROPYS [&Type "Double"]       3.9969087375977964e-02
   &FREEENERGYG [&Type "Double"]      -1.9181142860795469e+03
   &ISLINEAR [&Type "Boolean"] false
$End
$Hessian
   &GeometryIndex 1
   &ListStatus       OUT
   &HESSIAN [&Type "ArrayOfDoubles", &Dim (24,24)] "The Hessian"
                                                         0                           1                           2                           3                           4                           5                           6                           7

0                                      3.3543064443782589e-01        -1.8338628844928900e-02        -5.6449474896853938e-02        -1.5293745007870690e-01        -1.0430842460474629e-03         4.3671763751159248e-02        -6.1170775225036188e-03         4.9611302855537796e-03
1                                     -1.8338628844928900e-02         4.2640125776842930e-01         1.2588597108090765e-01         1.0798308947870296e-03        -6.3291020373590967e-02        -1.8064668452994832e-03         2.4560579672137862e-02        -1.4661117028471886e-02
2                                     -5.6449474896853938e-02         1.2588597108090765e-01         3.3562892587881982e-01         4.3672168554765238e-02         1.7928529825111154e-03        -6.1200008856452860e-02         1.4826549856605432e-02        -9.7400936906381162e-03
3                                     -1.5293745007870690e-01         1.0798308947870296e-03         4.3672168554765238e-02         3.3544278092724000e-01         1.8356208632987987e-02        -5.6493050830256790e-02        -4.0162537962182936e-02         2.2229857958706353e-02
4                                     -1.0430842460474629e-03        -6.3291020373590967e-02         1.7928529825111154e-03         1.8356208632987987e-02         4.2634521688174204e-01        -1.2588217261215831e-01         1.2464691230075594e-02        -9.6600279528729682e-02
5                                      4.3671763751159248e-02        -1.8064668452994832e-03        -6.1200008856452860e-02        -5.6493050830256790e-02        -1.2588217261215831e-01         3.3567344915179204e-01         6.4761899183657431e-03        -1.9997739720758342e-02
6                                     -6.1170775225036188e-03         2.4560579672137862e-02         1.4826549856605432e-02        -4.0162537962182936e-02         1.2464691230075594e-02         6.4761899183657431e-03         4.6858454961558313e-02        -3.1941969622762550e-02
7                                      4.9611302855537796e-03        -1.4661117028471886e-02        -9.7400936906381162e-03         2.2229857958706353e-02        -9.6600279528729682e-02        -1.9997739720758342e-02        -3.1941969622762550e-02         1.3832317469396443e-01
8                                      6.5191411426350817e-03        -1.6669664700582475e-02        -1.2163182303926398e-02         1.5392585819542212e-02        -3.1134085498254964e-02        -4.5050507592284378e-02        -1.9711765014271642e-02         7.0205329241962475e-02
9                                     -2.2147414831831649e-02         6.6082885232901533e-04        -2.6658552398314720e-02        -5.9666942448266189e-02         6.2993536708904705e-03        -2.7876456848174871e-02         4.5065550835691609e-03        -8.0904206562734497e-03
10                                    -2.2596026996619546e-03         4.1323241351857477e-04        -1.7083049413723181e-03        -1.9704697423926169e-03        -3.2730122204602641e-02         3.0982445652745268e-03        -9.3756940126581059e-03        -6.5661518575883347e-03
11                                    -8.5044248967409211e-03         1.4094732342776312e-03        -8.6732991305716566e-03        -3.4424484585234214e-02         1.3781859182117551e-02        -7.3407189359183805e-02        -7.1568464815873842e-03        -2.0463587230491413e-02
12                                    -4.0173299516543241e-02        -1.2480294455979594e-02         6.4842953716751014e-03        -6.1263901831886004e-03        -2.4560796092313618e-02         1.4833692840113953e-02        -7.6427591083339051e-04        -1.3833397414901158e-03
13                                    -2.2243952538205804e-02        -9.6581166488263287e-02         2.0003361316953829e-02        -4.9627993231171272e-03        -1.4646945757943303e-02         9.7356463380483659e-03         1.3849991217095721e-03         3.1082853978851429e-03
14                                     1.5405964918017210e-02         3.1136494404582889e-02        -4.5058331261738103e-02         6.5252260478092499e-03         1.6668000930488668e-02        -1.2167526913012938e-02         1.2101306094710164e-03         1.7599035391634137e-03
15                                    -5.9668018371119187e-02        -6.2951789752904944e-03        -2.7875901948088422e-02        -2.2146805971559391e-02        -6.5810573907654885e-04        -2.6657794455348622e-02        -2.0030246957687473e-03         1.4427451702849195e-03
16                                     1.9734401516339137e-03        -3.2731553312387598e-02        -3.0961831335135966e-03         2.2654702559142346e-03         4.1272276546399679e-04         1.7153811629690564e-03         2.2102721325902462e-03         4.3842252946021650e-05
17                                    -3.4428840220691974e-02        -1.3777612149131022e-02        -7.3403639525236930e-02        -8.5052208819711150e-03        -1.4083362553141054e-03        -8.6733521518398190e-03         1.8782247758930585e-03         1.0007297654493399e-04
18                                    -4.9026210531649420e-02         3.3669134082119127e-02         2.8981408225421224e-02        -5.3536628355716990e-03         2.2767028361260357e-02         1.6931955893944958e-02        -4.6090427799597156e-03         1.7587963651473993e-03
19                                     3.7211743682730003e-02        -2.1967143598961020e-01        -1.3531653895451976e-01         3.5703961591927735e-04         1.1242756459853374e-04        -2.2497067717704503e-03        -7.1960072812353297e-04         1.5080985852253105e-03
20                                     3.1695323090044747e-02        -1.3527080895577159e-01        -1.3057181448379232e-01         2.1703889874929126e-03        -9.0295850627286414e-03        -4.5566870900886781e-03         1.1741230964895399e-03         1.3916200605164217e-04
21                                    -5.3611735854719178e-03        -2.2762381367273460e-02         1.6936637459847477e-02        -4.9048991447764270e-02        -3.3719136543618758e-02         2.9030733099734550e-02         2.2909488261209322e-03         1.1050978775113070e-02
22                                    -3.5493564897415980e-04         1.2180301037608646e-04         2.2434423788077595e-03        -3.7261297566963156e-02        -2.1960199934693797e-01         1.3532242728197189e-01         1.3889436727515143e-03        -2.5155852515231000e-02
23                                     2.1734168873731446e-03         9.0281068918798470e-03        -4.5586503171015100e-03         3.1745353518314340e-02         1.3527585293506145e-01        -1.3061817718892957e-01         1.2589648172990865e-03        -2.1945421275285221e-02
                                                         8                           9                          10                          11                          12                          13                          14                          15

0                                      6.5191411426350817e-03        -2.2147414831831649e-02        -2.2596026996619546e-03        -8.5044248967409211e-03        -4.0173299516543241e-02        -2.2243952538205804e-02         1.5405964918017210e-02        -5.9668018371119187e-02
1                                     -1.6669664700582475e-02         6.6082885232901533e-04         4.1323241351857477e-04         1.4094732342776312e-03        -1.2480294455979594e-02        -9.6581166488263287e-02         3.1136494404582889e-02        -6.2951789752904944e-03
2                                     -1.2163182303926398e-02        -2.6658552398314720e-02        -1.7083049413723181e-03        -8.6732991305716566e-03         6.4842953716751014e-03         2.0003361316953829e-02        -4.5058331261738103e-02        -2.7875901948088422e-02
3                                      1.5392585819542212e-02        -5.9666942448266189e-02        -1.9704697423926169e-03        -3.4424484585234214e-02        -6.1263901831886004e-03        -4.9627993231171272e-03         6.5252260478092499e-03        -2.2146805971559391e-02
4                                     -3.1134085498254964e-02         6.2993536708904705e-03        -3.2730122204602641e-02         1.3781859182117551e-02        -2.4560796092313618e-02        -1.4646945757943303e-02         1.6668000930488668e-02        -6.5810573907654885e-04
5                                     -4.5050507592284378e-02        -2.7876456848174871e-02         3.0982445652745268e-03        -7.3407189359183805e-02         1.4833692840113953e-02         9.7356463380483659e-03        -1.2167526913012938e-02        -2.6657794455348622e-02
6                                     -1.9711765014271642e-02         4.5065550835691609e-03        -9.3756940126581059e-03        -7.1568464815873842e-03        -7.6427591083339051e-04         1.3849991217095721e-03         1.2101306094710164e-03        -2.0030246957687473e-03
7                                      7.0205329241962475e-02        -8.0904206562734497e-03        -6.5661518575883347e-03        -2.0463587230491413e-02        -1.3833397414901158e-03         3.1082853978851429e-03         1.7599035391634137e-03         1.4427451702849195e-03
8                                      7.7373206010396975e-02        -6.3756857538937416e-03        -2.1806472388335559e-02        -2.5099455951551639e-02         1.2098929908404001e-03        -1.7611739290774066e-03        -5.3676925590641323e-04        -2.9144028164691891e-04
9                                     -6.3756857538937416e-03         9.1789743845528488e-02         5.0319950215054719e-03         7.1426690829649225e-02        -2.0042222137432149e-03        -1.4421749514230465e-03        -2.9152217975675528e-04        -6.9376934999799507e-03
10                                    -2.1806472388335559e-02         5.0319950215054719e-03         3.1021157138725872e-02         9.8527017092784677e-03        -2.2092760111108141e-03         4.4829889195633168e-05        -1.1176637767888978e-03         5.2312897202966529e-04
11                                    -2.5099455951551639e-02         7.1426690829649225e-02         9.8527017092784677e-03         1.2213159347556031e-01         1.8786035822013370e-03        -1.0032605476628913e-04         1.9715332808226218e-03        -1.3244767682022967e-03
12                                     1.2098929908404001e-03        -2.0042222137432149e-03        -2.2092760111108141e-03         1.8786035822013370e-03         4.6878415622838981e-02         3.1966532746624886e-02        -1.9739370961892655e-02         4.5122470238140172e-03
13                                    -1.7611739290774066e-03        -1.4421749514230465e-03         4.4829889195633168e-05        -1.0032605476628913e-04         3.1966532746624886e-02         1.3827917546672830e-01        -7.0207774705502851e-02         8.0856664826373312e-03
14                                    -5.3676925590641323e-04        -2.9152217975675528e-04        -1.1176637767888978e-03         1.9715332808226218e-03        -1.9739370961892655e-02        -7.0207774705502851e-02         7.7396118348042081e-02        -6.3699204363289862e-03
15                                    -2.9144028164691891e-04        -6.9376934999799507e-03         5.2312897202966529e-04        -1.3244767682022967e-03         4.5122470238140172e-03         8.0856664826373312e-03        -6.3699204363289862e-03         9.1785974700574577e-02
16                                     1.1180898672978803e-03        -5.2080040257033739e-04         9.3205706046014928e-04        -4.5134277993697365e-04         9.3708719023831571e-03        -6.5645398102443936e-03         2.1805321914787026e-02        -5.0395987442964614e-03
17                                     1.9713208908650995e-03        -1.3242443190404200e-03         4.5198652533489021e-04         2.1419376465210680e-03        -7.1518014802152818e-03         2.0462656900889404e-02        -2.5106679634520190e-02         7.1423795397574930e-02
18                                     2.8178720027782120e-03        -7.0647889622200890e-04         2.8376196042740861e-04        -3.6598430384194875e-04         2.2869066206678990e-03        -1.1059789153985838e-02         4.8593181557255415e-04        -4.8363166896402549e-03
19                                     6.8267983981832561e-04        -5.2252447726713110e-04         6.9646776537387266e-04         3.4156144721645982e-04        -1.3976517236230380e-03        -2.5147930060935159e-02         6.9711587043432000e-04         1.3615685147838896e-03
20                                    -1.4256991946373708e-04        -1.1005288330239648e-03         8.8765443445863561e-04         7.5072124542122608e-04         1.2663575382394010e-03         2.1949913460645544e-02         3.6440801740286466e-03        -7.7559342219707325e-03
21                                     4.8382751575154178e-04        -4.8335470390546264e-03         9.9192288200570886e-03        -2.1576395396962759e-02        -4.6093814430124523e-03        -1.7563100259452738e-03         2.8179454851355147e-03        -7.0636249632105184e-04
22                                    -6.9232827937765543e-04        -1.3593293653871331e-03         6.1885297949168718e-03        -4.3032199678373940e-03         7.2178101721444450e-04         1.5082913635770581e-03        -6.8386984010787143e-04         5.2280395937121579e-04
23                                     3.6479581218704892e-03        -7.7523824767257946e-03         1.0274734332292213e-02        -1.9815841207018126e-02         1.1739448210106012e-03        -1.3983166424727864e-04        -1.4242473771570595e-04        -1.1009060066873456e-03
                                                        16                          17                          18                          19                          20                          21                          22                          23

0                                      1.9734401516339137e-03        -3.4428840220691974e-02        -4.9026210531649420e-02         3.7211743682730003e-02         3.1695323090044747e-02        -5.3611735854719178e-03        -3.5493564897415980e-04         2.1734168873731446e-03
1                                     -3.2731553312387598e-02        -1.3777612149131022e-02         3.3669134082119127e-02        -2.1967143598961020e-01        -1.3527080895577159e-01        -2.2762381367273460e-02         1.2180301037608646e-04         9.0281068918798470e-03
2                                     -3.0961831335135966e-03        -7.3403639525236930e-02         2.8981408225421224e-02        -1.3531653895451976e-01        -1.3057181448379232e-01         1.6936637459847477e-02         2.2434423788077595e-03        -4.5586503171015100e-03
3                                      2.2654702559142346e-03        -8.5052208819711150e-03        -5.3536628355716990e-03         3.5703961591927735e-04         2.1703889874929126e-03        -4.9048991447764270e-02        -3.7261297566963156e-02         3.1745353518314340e-02
4                                      4.1272276546399679e-04        -1.4083362553141054e-03         2.2767028361260357e-02         1.1242756459853374e-04        -9.0295850627286414e-03        -3.3719136543618758e-02        -2.1960199934693797e-01         1.3527585293506145e-01
5                                      1.7153811629690564e-03        -8.6733521518398190e-03         1.6931955893944958e-02        -2.2497067717704503e-03        -4.5566870900886781e-03         2.9030733099734550e-02         1.3532242728197189e-01        -1.3061817718892957e-01
6                                      2.2102721325902462e-03         1.8782247758930585e-03        -4.6090427799597156e-03        -7.1960072812353297e-04         1.1741230964895399e-03         2.2909488261209322e-03         1.3889436727515143e-03         1.2589648172990865e-03
7                                      4.3842252946021650e-05         1.0007297654493399e-04         1.7587963651473993e-03         1.5080985852253105e-03         1.3916200605164217e-04         1.1050978775113070e-02        -2.5155852515231000e-02        -2.1945421275285221e-02
8                                      1.1180898672978803e-03         1.9713208908650995e-03         2.8178720027782120e-03         6.8267983981832561e-04        -1.4256991946373708e-04         4.8382751575154178e-04        -6.9232827937765543e-04         3.6479581218704892e-03
9                                     -5.2080040257033739e-04        -1.3242443190404200e-03        -7.0647889622200890e-04        -5.2252447726713110e-04        -1.1005288330239648e-03        -4.8335470390546264e-03        -1.3593293653871331e-03        -7.7523824767257946e-03
10                                     9.3205706046014928e-04         4.5198652533489021e-04         2.8376196042740861e-04         6.9646776537387266e-04         8.8765443445863561e-04         9.9192288200570886e-03         6.1885297949168718e-03         1.0274734332292213e-02
11                                    -4.5134277993697365e-04         2.1419376465210680e-03        -3.6598430384194875e-04         3.4156144721645982e-04         7.5072124542122608e-04        -2.1576395396962759e-02        -4.3032199678373940e-03        -1.9815841207018126e-02
12                                     9.3708719023831571e-03        -7.1518014802152818e-03         2.2869066206678990e-03        -1.3976517236230380e-03         1.2663575382394010e-03        -4.6093814430124523e-03         7.2178101721444450e-04         1.1739448210106012e-03
13                                    -6.5645398102443936e-03         2.0462656900889404e-02        -1.1059789153985838e-02        -2.5147930060935159e-02         2.1949913460645544e-02        -1.7563100259452738e-03         1.5082913635770581e-03        -1.3983166424727864e-04
14                                     2.1805321914787026e-02        -2.5106679634520190e-02         4.8593181557255415e-04         6.9711587043432000e-04         3.6440801740286466e-03         2.8179454851355147e-03        -6.8386984010787143e-04        -1.4242473771570595e-04
15                                    -5.0395987442964614e-03         7.1423795397574930e-02        -4.8363166896402549e-03         1.3615685147838896e-03        -7.7559342219707325e-03        -7.0636249632105184e-04         5.2280395937121579e-04        -1.1009060066873456e-03
16                                     3.1021041301509865e-02        -9.8602139900282638e-03        -9.9193262704742810e-03         6.1902560375374782e-03        -1.0276666786199276e-02        -2.8335866562398848e-04         6.9617370471448221e-04        -8.8727209500204956e-04
17                                    -9.8602139900282638e-03         1.2213435759064216e-01        -2.1573264818339846e-02         4.3057337163418703e-03        -1.9814831419949903e-02        -3.6606973251095565e-04        -3.4140188501151272e-04         7.5088660351849915e-04
18                                    -9.9193262704742810e-03        -2.1573264818339846e-02         6.1788309099069863e-02        -3.6895065744776127e-02        -2.7219222521889928e-02         4.5649601330533646e-04        -7.2483064921254970e-04        -1.4454598633972023e-04
19                                     6.1902560375374782e-03         4.3057337163418703e-03        -3.6895065744776127e-02         2.3598002598493609e-01         1.3156975211508559e-01         7.2478190985116042e-04         3.3209011287407830e-04        -6.5855523253382543e-05
20                                    -1.0276666786199276e-02        -1.9814831419949903e-02        -2.7219222521889928e-02         1.3156975211508559e-01         1.5073176645495612e-01        -1.4465744268747941e-04         6.5837049105156586e-05        -4.0664961111328696e-05
21                                    -2.8335866562398848e-04        -3.6606973251095565e-04         4.5649601330533646e-04         7.2478190985116042e-04        -1.4465744268747941e-04         6.1812011172198048e-02         3.6946530839319987e-02        -2.7267933281276101e-02
22                                     6.9617370471448221e-04        -3.4140188501151272e-04        -7.2483064921254970e-04         3.3209011287407830e-04         6.5837049105156586e-05         3.6946530839319987e-02         2.3591096387571039e-01        -1.3157560016949799e-01
23                                    -8.8727209500204956e-04         7.5088660351849915e-04        -1.4454598633972023e-04        -6.5855523253382543e-05        -4.0664961111328696e-05        -2.7267933281276101e-02        -1.3157560016949799e-01         1.5077691368648724e-01
                              

0                             
1                             
2                             
3                             
4                             
5                             
6                             
7                             
8                             
9                             
10                            
11                            
12                            
13                            
14                            
15                            
16                            
17                            
18                            
19                            
20                            
21                            
22                            
23                            
   &MODES [&Type "ArrayOfDoubles", &Dim (24,24)] "The modes of vibrations"
                                                         0                           1                           2                           3                           4                           5                           6                           7

0                                      1.0000000000000000e+00         2.0000000000000000e+00         3.0000000000000000e+00         4.0000000000000000e+00         5.0000000000000000e+00         6.0000000000000000e+00         7.0000000000000000e+00         0.0000000000000000e+00
1                                      0.0000000000000000e+00         0.0000000000000000e+00         0.0000000000000000e+00         0.0000000000000000e+00         0.0000000000000000e+00        -2.7248266395252549e-03        -1.5602300417387185e-02         1.0000000000000000e+00
2                                      0.0000000000000000e+00         0.0000000000000000e+00         0.0000000000000000e+00         0.0000000000000000e+00         0.0000000000000000e+00         1.9074279667116018e-02        -1.7999020968065025e-02         2.0000000000000000e+00
3                                      0.0000000000000000e+00         0.0000000000000000e+00         0.0000000000000000e+00         0.0000000000000000e+00         0.0000000000000000e+00        -9.5904063260792947e-03         4.9115468772658252e-02         3.0000000000000000e+00
4                                      0.0000000000000000e+00         0.0000000000000000e+00         0.0000000000000000e+00         0.0000000000000000e+00         0.0000000000000000e+00         2.7308729158515010e-03        -1.5595708242397059e-02         4.0000000000000000e+00
5                                      0.0000000000000000e+00         0.0000000000000000e+00         0.0000000000000000e+00         0.0000000000000000e+00         0.0000000000000000e+00         1.9074558612385897e-02         1.8002910404199660e-02         5.0000000000000000e+00
6                                      0.0000000000000000e+00         0.0000000000000000e+00         0.0000000000000000e+00         0.0000000000000000e+00         0.0000000000000000e+00         9.5868602323967936e-03         4.9109917349633270e-02         6.0000000000000000e+00
