*************************************************
******************* ORCA 6.0.0 ******************
*************************************************
$Calculation_Status
   &GeometryIndex 1
   &ListStatus       OUT
   &VERSION [&Type "String"] "6.0.0"
   &PROGNAME [&Type "String"] "LeanSCF"
   &STATUS [&Type "String"] "NORMAL TERMINATION"
$End
$Geometry
   &GeometryIndex 1
   &ListStatus       OUT
   &NATOMS [&Type "Integer"] 12
   &NCORELESSECP [&Type "Integer"] 0
   &NGHOSTATOMS [&Type "Integer"] 0
   &CartesianCoordinates [&Type "Coordinates", &Dim(12,4), &Units "Bohr"] 
              C     -2.436532658771   -1.070003117706   -0.000104283970
              C     -2.085307152107    1.531469211993   -0.000153153421
              C      0.291771297362    2.645829923775   -0.000179388300
              C      2.369367010775    1.041000388452   -0.000133347769
              C      2.144500250579   -1.574387589134   -0.000064800977
              C     -0.283626451113   -2.571510362609   -0.000064713294
              Cl    -0.645682610363   -5.864341786316    0.000030864708
              Cl     5.404876350190    2.368733234235   -0.000133856105
              Cl    -4.756075259336    3.491360286917   -0.000228761553
              H     -4.309189511630   -1.892099820430   -0.000094567187
              H      0.513377965337    4.679261392710   -0.000210056855
              H      3.792958261842   -2.785302366924   -0.000024048466
$End
$SCF_Energy
   &GeometryIndex 1
   &ListStatus       OUT
   &SCF_ENERGY [&Type "Double"]      -1.6109573349873638e+03
$End
$DFT_Energy
   &GeometryIndex 1
   &ListStatus       OUT
   &NALPHAEL [&Type "Integer"] 45
   &NBETAEL [&Type "Integer"] 45
   &NTOTALEL [&Type "Integer"] 90
   &EEXCHANGE [&Type "Double"]      -1.1500001253732027e+02
   &ECORR [&Type "Double"]      -3.2686336871411430e+00
   &ECNL [&Type "Double"]       0.0000000000000000e+00
   &EXC [&Type "Double"]      -1.1826864622446142e+02
   &EEMBED [&Type "Double"]       0.0000000000000000e+00
   &FINALEN [&Type "Double"]      -1.6109573349873638e+03  "No Van der Waals correction"
$End
$Mulliken_Population_Analysis
   &GeometryIndex 1
   &ListStatus       OUT
   &NATOMS [&Type "Integer"] 12
   &ATNO [&Type "ArrayOfIntegers", &Dim (12,1)] 
                                                         0

0                                                        6
1                                                        6
2                                                        6
3                                                        6
4                                                        6
5                                                        6
6                                                       17
7                                                       17
8                                                       17
9                                                        1
10                                                       1
11                                                       1
   &ATOMICCHARGES [&Type "ArrayOfDoubles", &Dim (12,1)] 
                                                         0

0                                     -2.6351521870681172e-01
1                                      2.1498476635221397e-01
2                                     -2.6356171830105346e-01
3                                      2.1428171828585363e-01
4                                     -2.6288063673482132e-01
5                                      2.1457353526745493e-01
6                                     -9.4967234338508177e-02
7                                     -9.4989920439690678e-02
8                                     -9.5019807310475102e-02
9                                      1.4365743185728919e-01
10                                     1.4374805677233926e-01
11                                     1.4368902729710253e-01
$End
$Loewdin_Population_Analysis
   &GeometryIndex 1
   &ListStatus       OUT
   &NATOMS [&Type "Integer"] 12
   &ATNO [&Type "ArrayOfIntegers", &Dim (12,1)] 
                                                         0

0                                                        6
1                                                        6
2                                                        6
3                                                        6
4                                                        6
5                                                        6
6                                                       17
7                                                       17
8                                                       17
9                                                        1
10                                                       1
11                                                       1
   &ATOMICCHARGES [&Type "ArrayOfDoubles", &Dim (12,1)] 
                                                         0

0                                     -1.4650590653707241e-01
1                                     -4.0662755399393102e-01
2                                     -1.4633927438583250e-01
3                                     -4.0648185093822597e-01
4                                     -1.4659210010465529e-01
5                                     -4.0679500359567289e-01
6                                      3.9743425638701524e-01
7                                      3.9715960404176087e-01
8                                      3.9737857696753665e-01
9                                      1.5576630159162541e-01
10                                     1.5580679466283309e-01
11                                     1.5579615590549789e-01
$End
$Mayer_Population_Analysis
   &GeometryIndex 1
   &ListStatus       OUT
   &NATOMS [&Type "Integer"] 12 "Total number of atoms"
   &BONDTHRESH [&Type "Double"]       1.0000000000000001e-01  "The threshold for printing"
   &NBONDORDERSPRINT [&Type "Integer"] 12 "The number of bond orders larger than threshold"
   &BONDORDERS [&Type "ArrayOfDoubles", &Dim (12,1)] "The bond orders"
                                                         0

0                                      1.3264340937110970e+00
1                                      1.3263480376953525e+00
2                                      9.7014896658407623e-01
3                                      1.3265143454508241e+00
4                                      9.8522523838176812e-01
5                                      1.3264542750388082e+00
6                                      9.7000400440005319e-01
7                                      1.3262726638250129e+00
8                                      9.8543395200844519e-01
9                                      1.3264328973651565e+00
10                                     9.7007678124525210e-01
11                                     9.8524703295161598e-01
   &COMPONENTS [&Type "ArrayOfIntegers", &Dim (12,4)] "The indices and atomic numbers of the bonding atoms"
                                                         0                           1                           2                           3

0                                                        0                           6                           1                           6
1                                                        0                           6                           5                           6
2                                                        0                           6                           9                           1
3                                                        1                           6                           2                           6
4                                                        1                           6                           8                          17
5                                                        2                           6                           3                           6
6                                                        2                           6                          10                           1
7                                                        3                           6                           4                           6
8                                                        3                           6                           7                          17
9                                                        4                           6                           5                           6
10                                                       4                           6                          11                           1
11                                                       5                           6                           6                          17
   &ATNO [&Type "ArrayOfIntegers", &Dim (12,1)] "Atomic number of the elements"
                                                         0

0                                                        6
1                                                        6
2                                                        6
3                                                        6
4                                                        6
5                                                        6
6                                                       17
7                                                       17
8                                                       17
9                                                        1
10                                                       1
11                                                       1
   &NA [&Type "ArrayOfDoubles", &Dim (12,1)] "Mulliken gross atomic population"
                                                         0

0                                      6.2635152187067868e+00
1                                      5.7850152336477834e+00
2                                      6.2635617183010419e+00
3                                      5.7857182817141375e+00
4                                      6.2628806367347876e+00
5                                      5.7854264647325255e+00
6                                      1.7094967234338522e+01
7                                      1.7094989920439755e+01
8                                      1.7095019807310475e+01
9                                      8.5634256814271215e-01
10                                     8.5625194322765985e-01
11                                     8.5631097270289680e-01
   &ZA [&Type "ArrayOfDoubles", &Dim (12,1)] "Total nuclear charge"
                                                         0

0                                      6.0000000000000000e+00
1                                      6.0000000000000000e+00
2                                      6.0000000000000000e+00
3                                      6.0000000000000000e+00
4                                      6.0000000000000000e+00
5                                      6.0000000000000000e+00
6                                      1.7000000000000000e+01
7                                      1.7000000000000000e+01
8                                      1.7000000000000000e+01
9                                      1.0000000000000000e+00
10                                     1.0000000000000000e+00
11                                     1.0000000000000000e+00
   &QA [&Type "ArrayOfDoubles", &Dim (12,1)] "Mulliken gross atomic charge"
                                                         0

0                                     -2.6351521870678685e-01
1                                      2.1498476635221664e-01
2                                     -2.6356171830104191e-01
3                                      2.1428171828586251e-01
4                                     -2.6288063673478756e-01
5                                      2.1457353526747447e-01
6                                     -9.4967234338522388e-02
7                                     -9.4989920439754627e-02
8                                     -9.5019807310475102e-02
9                                      1.4365743185728785e-01
10                                     1.4374805677234015e-01
11                                     1.4368902729710320e-01
   &VA [&Type "ArrayOfDoubles", &Dim (12,1)] "Mayer's total valence"
                                                         0

0                                      3.9132001578269549e+00
1                                      3.7575176136341430e+00
2                                      3.9133023063062722e+00
3                                      3.7577167278680079e+00
4                                      3.9128842875431786e+00
5                                      3.7574981434924664e+00
6                                      1.2283984137241799e+00
7                                      1.2283826192171832e+00
8                                      1.2284564480321236e+00
9                                      9.8370575619848899e-01
10                                     9.8364718445359678e-01
11                                     9.8366995868284512e-01
   &BVA [&Type "ArrayOfDoubles", &Dim (12,1)] "Mayer's bonded valence"
                                                         0

0                                      3.9132001578268438e+00
1                                      3.7575176136339481e+00
2                                      3.9133023063062100e+00
3                                      3.7577167278677543e+00
4                                      3.9128842875427332e+00
5                                      3.7574981434923598e+00
6                                      1.2283984137240171e+00
7                                      1.2283826192170564e+00
8                                      1.2284564480320539e+00
9                                      9.8370575619847245e-01
10                                     9.8364718445358290e-01
11                                     9.8366995868274276e-01
   &FA [&Type "ArrayOfDoubles", &Dim (12,1)] "Mayer's free valence"
                                                         0

0                                      0.0000000000000000e+00
1                                      0.0000000000000000e+00
2                                      0.0000000000000000e+00
3                                      0.0000000000000000e+00
4                                      0.0000000000000000e+00
5                                      0.0000000000000000e+00
6                                      0.0000000000000000e+00
7                                      0.0000000000000000e+00
8                                      0.0000000000000000e+00
9                                      0.0000000000000000e+00
10                                     0.0000000000000000e+00
11                                     0.0000000000000000e+00
$End
$VdW_Correction
   &GeometryIndex 1
   &ListStatus       OUT
   &VDW [&Type "Double"]      -5.4207068981965171e-03
$End
$Calculation_Info
   &GeometryIndex 1
   &ListStatus       OUT
   &MULT [&Type "Integer"] 1
   &CHARGE [&Type "Integer"] 0
   &NUMOFATOMS [&Type "Integer"] 12
   &NUMOFELECTRONS [&Type "Integer"] 90
   &NUMOFFCELECTRONS [&Type "Integer"] 1
   &NUMOFCORRELECTRONS [&Type "Integer"] 0
   &NUMOFBASISFUNCTS [&Type "Integer"] 315
   &NUMOFAUXCBASISFUNCTS [&Type "Integer"] 0
   &NUMOFAUXJBASISFUNCTS [&Type "Integer"] 339
   &NUMOFAUXJKBASISFUNCTS [&Type "Integer"] 0
   &NUMOFCABSBASISFUNCTS [&Type "Integer"] 0
   &TOTALENERGY [&Type "Double"]      -1.6109565479539619e+03  "Hartrees"
$End
$SCF_Dipole_Moment
   &GeometryIndex 1
   &ListStatus       OUT
   &METHOD [&Type "String"] "SCF"
   &LEVEL [&Type "String"] "Relaxed density"
   &MULT [&Type "Integer"] 1
   &STATE [&Type "Integer"] -1
   &IRREP [&Type "Integer"] 0
   &NATOMS [&Type "Integer"] 12
   &DODIPOLEATOM [&Type "Boolean"] false
   &DIPOLEELECCONTRIB [&Type "ArrayOfDoubles", &Dim (3,1)] "Electronic contribution"
                                                         0

0                                      2.6436389305087831e-03
1                                     -3.0213576003355561e-03
2                                      1.8647629191306434e-06
   &DIPOLENUCCONTRIB [&Type "ArrayOfDoubles", &Dim (3,1)] "Nuclear contribution"
                                                         0

0                                     -3.2435253696037059e-03
1                                      3.5164683085198156e-03
2                                      4.0815177049891927e-09
   &DIPOLETOTAL [&Type "ArrayOfDoubles", &Dim (3,1)] "Total"
                                                         0

0                                     -5.9988643909492274e-04
1                                      4.9511070818425949e-04
2                                      1.8688444368356326e-06
   &DIPOLEMAGNITUDE [&Type "Double", &Units "a.u."]       7.7781864579620004e-04
$End
$THERMOCHEMISTRY_Energies
   &GeometryIndex 1
   &ListStatus       OUT
   &TEMPERATURE [&Type "Double"]       2.9814999999999998e+02
   &PRESSURE [&Type "Double"]       1.0000000000000000e+00
   &TOTALMASS [&Type "Double"]       1.8144900000000001e+02
   &SPINDEGENERACY [&Type "Integer"] 1
   &ELENERGY [&Type "Double"]      -1.6109565479539619e+03
   &TRANSENERGY [&Type "Double"]       1.4162714244859817e-03
   &ROTENERGY [&Type "Double"]       1.4162714244859817e-03
   &VIBENERGY [&Type "Double"]       5.0564669578814616e-03
   &NUMOFFREQS [&Type "Integer"] 36
   &FREQSCALINGFACTOR [&Type "Double"]       1.0000000000000000e+00
   &FREQ [&Type "ArrayOfDoubles", &Dim (36,1)] "In cm^-1"
                                                         0

0                                      0.0000000000000000e+00
1                                      0.0000000000000000e+00
2                                      0.0000000000000000e+00
3                                      0.0000000000000000e+00
4                                      0.0000000000000000e+00
5                                      0.0000000000000000e+00
6                                      1.4533097121986796e+02
7                                      1.9418558650527686e+02
8                                      1.9472337606975466e+02
9                                      2.0767352823907072e+02
10                                     2.0819808350115667e+02
11                                     3.6745778656283613e+02
12                                     4.2752807246000867e+02
13                                     4.2775439726663620e+02
14                                     4.5212995229731638e+02
15                                     5.4694519453111468e+02
16                                     5.4710089663474275e+02
17                                     6.8259334862022581e+02
18                                     7.8662382904726451e+02
19                                     7.8734142510284516e+02
20                                     8.6191482396065612e+02
21                                     8.6845759767227287e+02
22                                     8.6863320262079219e+02
23                                     1.0152016648533852e+03
24                                     1.1129643150563320e+03
25                                     1.1131322311877452e+03
26                                     1.1284571711613685e+03
27                                     1.2630715373020330e+03
28                                     1.3422567347011084e+03
29                                     1.4346612457351152e+03
30                                     1.4348159540597678e+03
31                                     1.5929815874214044e+03
32                                     1.5937346079368194e+03
33                                     3.2126330579786986e+03
34                                     3.2136299763516763e+03
35                                     3.2146299267718327e+03
   &ZPE [&Type "Double"]       7.1185361904959721e-02
   &INNERENERGYU [&Type "Double"]      -1.6108774735822501e+03
   &ENTHALPYH [&Type "Double"]      -1.6108765293732079e+03
   &QEL [&Type "Double"]       0.0000000000000000e+00
   &QROT [&Type "Double"]       1.4890795515465922e-02
   &QVIB [&Type "Double"]       8.3230536395450874e-03
   &QTRANS [&Type "Double"]       1.9715062917549972e-02
   &ENTROPYS [&Type "Double"]       4.2928912072560978e-02
   &FREEENERGYG [&Type "Double"]      -1.6109194582852804e+03
   &ISLINEAR [&Type "Boolean"] false
$End
$Hessian
   &GeometryIndex 1
   &ListStatus       OUT
   &HESSIAN [&Type "ArrayOfDoubles", &Dim (36,36)] "The Hessian"
                                                         0                           1                           2                           3                           4                           5                           6                           7

0                                      7.4248477724924578e-01         4.2932664676638324e-02         1.9106007421429681e-06        -1.1816307080898621e-01        -7.2736205987422434e-02         1.1368195158481106e-06         1.7195995084050449e-02        -3.1290251464469537e-02
1                                      4.2932664676638324e-02         6.6345339989627417e-01        -1.1567999389345178e-05        -1.6780015470577177e-02        -3.1553441687648914e-01         5.4181363956656729e-06        -6.8843961205300591e-02        -1.4292136010142578e-02
2                                      1.9106007421429681e-06        -1.1567999389345178e-05         1.1789625246395406e-01         5.7841637980294473e-08         4.6766880112959477e-06        -6.0373757635174857e-02         1.4420801859880461e-06         5.2503512197442658e-07
3                                     -1.1816307080898621e-01        -1.6780015470577177e-02         5.7841637980294473e-08         5.4192995710910641e-01         8.3966498095085967e-02        -5.2006904990990859e-07        -2.7223951115352740e-01        -1.2110227405414452e-01
4                                     -7.2736205987422434e-02        -3.1553441687648914e-01         4.6766880112959477e-06         8.3966498095085967e-02         5.9465682114700003e-01        -9.5714614701296502e-06        -6.5189744059394331e-02        -1.6149745749826583e-01
5                                      1.1368195158481106e-06         5.4181363956656729e-06        -6.0373757635174857e-02        -5.2006904990990859e-07        -9.5714614701296502e-06         1.2576151392754772e-01         1.4742792614723425e-06         1.9457925203012418e-06
6                                      1.7195995084050449e-02        -6.8843961205300591e-02         1.4420801859880461e-06        -2.7223951115352740e-01        -6.5189744059394331e-02         1.4742792614723425e-06         6.4592433708866070e-01         1.2576182847082035e-02
7                                     -3.1290251464469537e-02        -1.4292136010142578e-02         5.2503512197442658e-07        -1.2110227405414452e-01        -1.6149745749826583e-01         1.9457925203012418e-06         1.2576182847082035e-02         7.5919225184894457e-01
8                                      6.3681635609337694e-07        -4.0935779508414357e-08         8.9619099516391118e-03         2.6814439190268002e-06         2.1159837250295169e-06        -6.0378605020737330e-02         1.7129140306412696e-06        -1.2444417735678776e-05
9                                     -8.6063835147413472e-03         2.4068094037881928e-02        -4.1204655340480592e-07        -6.5287128270179046e-02        -1.5133498309638053e-02        -2.1882384981202373e-07        -2.2748917032846150e-01         1.3554924961913623e-01
10                                     2.4101535865260513e-02        -5.2863222785897890e-02         1.0636788894921417e-06         4.3250590851646564e-02         6.0457076901070730e-02        -1.0006371719983042e-06         7.9663859524674044e-02        -2.0596390382679119e-01
11                                    -8.5955727978349143e-07         2.0009331506806329e-06        -2.2770294803461490e-03        -8.6620113888056557e-07        -1.3158245833850325e-06         5.0642751568935503e-03        -3.0383190183820842e-06         3.7714781954188108e-06
12                                    -4.9834883468502761e-02         3.0260649096759327e-02        -1.0908816454443774e-06        -2.1050050770670455e-02        -3.1288413937974213e-02         9.7999637319304263e-07         3.7075756551245308e-02         1.9927656408954754e-02
13                                    -7.3149120469562894e-03         5.2704335326285032e-02        -9.3509189453015240e-07        -3.1259696803963170e-02        -4.0552693058265615e-02         1.0619714316782082e-06         5.7425603439604227e-02        -3.4038642585189315e-02
14                                     4.6435360108678603e-08        -1.0384134738208272e-06         8.9900404236483156e-03         5.3879745367730280e-07         6.6945965464107951e-07        -2.2910233826624257e-03        -8.3406989996777364e-07         1.0364565232948616e-06
15                                    -2.6970969595560923e-01         6.6449448280407747e-02        -2.1222005046424867e-06         4.1288079825049825e-02         7.6696022485838761e-02        -1.3872199780090547e-06        -6.2835218053816033e-02         7.0731102140833193e-03
16                                     1.2240678713908769e-01        -1.6396825429706341e-01         2.5715833043884142e-06         1.8298172619179969e-02        -4.5981438566804728e-02         1.0033350158885243e-06         7.0955997032030255e-03         1.2237407560131662e-03
17                                    -3.6364933898762025e-06         2.7203339312438942e-06        -6.0522840679412993e-02        -1.5360291395993127e-07         1.3916756612152142e-06         5.0916727904576665e-03        -7.3544173644011564e-07        -8.8897578453506533e-08
18                                     5.6428156977145413e-03         2.2572000360009978e-02        -5.7345482349073469e-07        -3.2553049043947614e-03        -9.0602408392256883e-04        -6.8045773367161303e-08         2.1156078405259581e-03        -5.3579364603958675e-04
19                                    -1.8013676408422455e-03        -4.3515542063791782e-02         1.3404541196981517e-06         4.3783534281650978e-03         3.8858898315061192e-03        -5.2492546087182494e-08        -5.3090287516366743e-04        -2.7212315289222326e-03
20                                     2.7022248853333791e-07         1.1060708193145226e-06         4.9489005493499379e-03        -1.3256281014181512e-07         5.5682672408866970e-08         4.8781561543735259e-03        -6.4831418834030013e-09         9.0325947149210257e-08
21                                    -1.9845952082475733e-03        -1.8088598635640156e-03         6.0057396484712725e-08         2.2722573193898251e-03         6.1054142183587599e-03        -3.2834289331862447e-07        -4.4838759646740660e-02        -1.7658823613782119e-02
22                                    -1.8296520440153022e-03         1.3887434390736891e-03        -5.4597499723077245e-08         8.0875120985150111e-04        -1.6499255526074424e-03         6.1853237853388398e-08         6.6701511612110229e-03         7.1951780721908783e-03
23                                     2.9462745666065078e-08        -8.5532973897145677e-08        -1.1916384713439344e-03        -8.1997392426927087e-08         1.1902675436196319e-07         4.8823926085127542e-03        -4.5070543185802605e-07        -1.8890984207251965e-07
24                                    -1.0670004474826064e-02         1.3190970460337306e-02        -4.4229639496049844e-07        -1.0581393050332144e-01         4.6685200814831629e-02        -1.4844231143291146e-06        -4.0202595426914525e-02         2.8254183547873176e-02
25                                     3.7547537682382927e-02        -2.7215482794121015e-02         1.0434529428914281e-06         4.6669284063874036e-02        -7.6325599720096671e-02         1.1755122243783670e-06         3.8943601407482320e-03         2.3514322616439275e-03
26                                    -9.3775244485971919e-07         6.0740939864068915e-07         4.9552754639884070e-03        -1.9151687881351608e-06         1.4635442931942586e-06        -2.6459166449294080e-02        -5.8318537833612076e-08         2.6228777458362214e-07
27                                    -2.9767056218390608e-01        -1.0706515403136654e-01         1.2335098694014329e-06         2.7437880896247387e-05         1.1552806719592468e-03        -2.3166107433759300e-07         1.4731462374741990e-03         1.2067015843006575e-04
28                                    -1.0704053021054249e-01        -1.0059982972818540e-01         9.3992366573610178e-07        -2.8340751398845530e-02        -8.2327852826569528e-03         3.2205769411545092e-08         7.4898506786936180e-04        -5.5922766843776745e-03
29                                     1.1977012611051632e-06         1.0389759407160716e-06        -3.1665674206604294e-02         4.8408913789893186e-07         1.1598801010773121e-07         2.3963677761680109e-03        -7.4440702415187257e-09         2.6735129232332338e-07
30                                    -5.2147219905985731e-03        -1.3671261254698964e-03         1.9775820766609842e-08         2.6926833982002219e-04        -2.8261245763422954e-02         4.5642027008017668e-07        -5.7130916714768776e-02        -3.1287643516447014e-02
31                                    -1.9933787202959311e-03         1.1026968994872991e-03         9.3782512017363424e-08         1.2489008044836991e-03        -8.5389353345032629e-03        -1.0191534730563650e-07        -3.1362567734527572e-02        -3.4075778074595364e-01
32                                     8.5969362011728478e-08        -1.2152919432781281e-08         5.1350961449698300e-03         2.3086995708546007e-08         3.8445517995771911e-07         2.4043365441246915e-03         3.3438333134569444e-07         4.4714342121481335e-06
33                                    -3.4696704255929023e-03        -3.6040890313315164e-03         4.6488015315920248e-09         2.1995936816924730e-05        -1.1099887892818718e-03         6.5220301610255161e-08         9.5132852227222437e-04        -1.5850775892278044e-03
34                                    -2.9868484332501027e-03        -6.6029100542894801e-04         1.3604080014178753e-07        -1.1211086997743938e-03        -6.8653598988729046e-04        -6.3538873765899618e-08        -2.1887549214547790e-03        -5.0991740591501064e-03
35                                     3.2140750657231382e-08         2.0224315705509624e-08         5.1434654753325657e-03         1.0192960041986051e-08        -1.3979094587889589e-08        -9.7616247020919540e-04         9.3657733113654578e-08         2.7798665884977492e-07
                                                         8                           9                          10                          11                          12                          13                          14                          15

0                                      6.3681635609337694e-07        -8.6063835147413472e-03         2.4101535865260513e-02        -8.5955727978349143e-07        -4.9834883468502761e-02        -7.3149120469562894e-03         4.6435360108678603e-08        -2.6970969595560923e-01
1                                     -4.0935779508414357e-08         2.4068094037881928e-02        -5.2863222785897890e-02         2.0009331506806329e-06         3.0260649096759327e-02         5.2704335326285032e-02        -1.0384134738208272e-06         6.6449448280407747e-02
2                                      8.9619099516391118e-03        -4.1204655340480592e-07         1.0636788894921417e-06        -2.2770294803461490e-03        -1.0908816454443774e-06        -9.3509189453015240e-07         8.9900404236483156e-03        -2.1222005046424867e-06
3                                      2.6814439190268002e-06        -6.5287128270179046e-02         4.3250590851646564e-02        -8.6620113888056557e-07        -2.1050050770670455e-02        -3.1259696803963170e-02         5.3879745367730280e-07         4.1288079825049825e-02
4                                      2.1159837250295169e-06        -1.5133498309638053e-02         6.0457076901070730e-02        -1.3158245833850325e-06        -3.1288413937974213e-02        -4.0552693058265615e-02         6.6945965464107951e-07         7.6696022485838761e-02
5                                     -6.0378605020737330e-02        -2.1882384981202373e-07        -1.0006371719983042e-06         5.0642751568935503e-03         9.7999637319304263e-07         1.0619714316782082e-06        -2.2910233826624257e-03        -1.3872199780090547e-06
6                                      1.7129140306412696e-06        -2.2748917032846150e-01         7.9663859524674044e-02        -3.0383190183820842e-06         3.7075756551245308e-02         5.7425603439604227e-02        -8.3406989996777364e-07        -6.2835218053816033e-02
7                                     -1.2444417735678776e-05         1.3554924961913623e-01        -2.0596390382679119e-01         3.7714781954188108e-06         1.9927656408954754e-02        -3.4038642585189315e-02         1.0364565232948616e-06         7.0731102140833193e-03
8                                      1.1794743709721764e-01        -3.7029516663266898e-06         3.2838279112929243e-06        -6.0526444049542952e-02        -4.8715884722774331e-07         1.0705683208643537e-06         8.9893768128172444e-03        -2.6389952747788175e-07
9                                     -3.7029516663266898e-06         5.0808089773186738e-01        -6.4922052841215799e-02         3.5421334294328817e-06        -1.0855980078655049e-01        -2.9434257329660908e-02         3.3699039854760131e-07         1.6867997786570842e-02
10                                     3.2838279112929243e-06        -6.4922052841215799e-02         6.2696939561457765e-01        -1.1970132505498746e-05         2.6489463247675926e-02        -3.2542528977850171e-01         7.3442712446828759e-06        -9.0678793595477550e-02
11                                    -6.0526444049542952e-02         3.5421334294328817e-06        -1.1970132505498746e-05         1.2555481086638687e-01        -7.3061220475719584e-07         7.0401113432407995e-06        -6.0427579084952707e-02         1.8856021513532272e-06
12                                    -4.8715884722774331e-07        -1.0855980078655049e-01         2.6489463247675926e-02        -7.3061220475719584e-07         7.2073329262249974e-01        -5.5283438509282426e-02         5.7783443319149296e-06        -3.0525044973355220e-01
13                                     1.0705683208643537e-06        -2.9434257329660908e-02        -3.2542528977850171e-01         7.0401113432407995e-06        -5.5283438509282426e-02         6.8586190346334697e-01        -1.4705382881958075e-05        -3.5305215862604489e-02
14                                     8.9893768128172444e-03         3.3699039854760131e-07         7.3442712446828759e-06        -6.0427579084952707e-02         5.7783443319149296e-06        -1.4705382881958075e-05         1.1779732711638161e-01        -1.4042662966732425e-06
15                                    -2.6389952747788175e-07         1.6867997786570842e-02        -9.0678793595477550e-02         1.8856021513532272e-06        -3.0525044973355220e-01        -3.5305215862604489e-02        -1.4042662966732425e-06         6.5420365274278347e-01
16                                     1.1958554721961708e-08        -3.2293185667160447e-02        -2.1740099473658740e-02         4.6075773621820828e-08        -9.1277631716619692e-02        -1.2882024037549927e-01         8.4610600750278681e-07        -1.8864026092282646e-02
17                                    -2.2896892882682193e-03         9.5702069644354543e-07         3.4276054077647371e-07         5.0536142333282227e-03         2.2660671650191180e-07         1.2444312699293399e-06        -6.0402597967710248e-02         3.2268155303579968e-06
18                                     4.2372672855280937e-08        -3.6472427531763774e-03         2.5877532485224690e-03        -1.1461444962232856e-07        -1.1003176912467135e-03        -3.1994832042853659e-02         8.6469060563777713e-07        -4.3168980673187987e-02
19                                     1.7742528506970908e-07        -2.6810225904942055e-03         4.3222437770958008e-03        -2.7653224030728151e-07        -7.6622197305996412e-03        -3.6751957294631141e-02         1.2401689355413331e-06        -1.0632686761495990e-02
20                                    -1.1905524199319513e-03         3.8180927479930922e-08        -8.2216593194074393e-08         4.8735931252036459e-03        -1.2600104874598100e-08         8.0416561508080902e-07         4.9487601299121435e-03         2.2512097681400818e-07
21                                     1.0003687406320859e-07        -1.2341942237735314e-01        -3.5591626155034119e-02         4.8397190545910148e-08        -2.2363301760089743e-02        -1.4364307054148442e-02        -5.3037511832862484e-08         3.6448746390237664e-03
22                                     3.3853309237326232e-08        -3.5553434859382824e-02        -5.7298298440520076e-02         3.5933019702978210e-07        -3.8720059085026362e-02        -1.5661634513467429e-02         6.3002403822027903e-08         4.8768534648646706e-03
23                                     4.9173236067432020e-03        -1.2666584043643278e-07         3.2713430555829312e-07        -2.5978223760773619e-02         6.6908234896848276e-07         3.6212700206575856e-07         4.9819818165010576e-03        -7.5111452922593833e-08
24                                    -1.1356778861957915e-06         6.0765538097719892e-04        -6.6213174291489332e-03         2.6410866870396955e-07        -1.0249156063259198e-03         2.3601640962777064e-03        -1.0926819945283426e-07         2.3376083367135313e-03
25                                     2.0997768027088800e-07        -1.3208988419295539e-03         3.2407662242902040e-05        -3.4701450309990996e-08         2.3574529355878554e-03         4.4795671567537064e-04         1.2622666808114115e-08        -6.0527661433787787e-03
26                                     4.9444493558142497e-03         1.0304087295866923e-08         1.0985619543858063e-07         4.8674491671049855e-03        -1.1056014012799762e-07        -3.3639579789678543e-08        -1.1901880381359603e-03         1.0640666106660629e-07
27                                     5.6107445900530953e-08         4.5854174779970391e-04         8.5694806501596631e-04        -1.5556536033625907e-08        -1.9349756684572655e-03         3.8884767455178563e-03        -1.6527080314891051e-07        -1.7975934187334168e-02
28                                     2.4790684316024951e-07         8.5341056410107160e-04        -1.1063787831391940e-03        -2.0030962154382710e-08         3.2644829573050585e-03        -2.2115773085378508e-03         1.6144124656297978e-07         1.7727619346512517e-02
29                                     5.1521862491530745e-03         5.8913270957103204e-09         5.8197842945679091e-09        -9.7288356818132611e-04        -1.9365770363948783e-07         1.0762306883294016e-07         5.1514604855730237e-03        -3.4770471084700908e-07
30                                     5.1985262761216838e-07         5.5845148047547425e-03         2.5101114802460380e-02        -4.8116938030162276e-07        -4.2197158208271855e-03         2.5350888466172793e-03        -1.0594212744047301e-07        -1.4611564017840732e-03
