*************************************************
******************* ORCA 6.0.0 ******************
*************************************************
$Calculation_Status
   &GeometryIndex 1
   &ListStatus       OUT
   &VERSION [&Type "String"] "6.0.0"
   &PROGNAME [&Type "String"] "LeanSCF"
   &STATUS [&Type "String"] "NORMAL TERMINATION"
$End
$Geometry
   &GeometryIndex 1
   &ListStatus       OUT
   &NATOMS [&Type "Integer"] 12
   &NCORELESSECP [&Type "Integer"] 0
   &NGHOSTATOMS [&Type "Integer"] 0
   &CartesianCoordinates [&Type "Coordinates", &Dim(12,4), &Units "Bohr"] 
              C     -1.764426933653    1.986403678225    0.000087802912
              C      0.818504091269    2.461719121436    0.000124239289
              C      2.602836452131    0.534734307075    0.000129334746
              C      1.722851934287   -1.939602888978    0.000160136526
              C     -0.838103772505   -2.521141715619    0.000088529701
              C     -2.541236046277   -0.522060970251    0.000022171590
              Cl    -5.776269380761   -1.186967294411    0.000056645486
              Cl     3.915460242810   -4.409521330286    0.000117842944
              Cl     1.860128272270    5.595902684496    0.000123379463
              H     -3.121633396697    3.515015491645    0.000079837150
              H      4.605218049033    0.946085616023    0.000139283210
              H     -1.483039046071   -4.460899865441    0.000075533487
$End
$SCF_Energy
   &GeometryIndex 1
   &ListStatus       OUT
   &SCF_ENERGY [&Type "Double"]      -1.6109576118564946e+03
$End
$DFT_Energy
   &GeometryIndex 1
   &ListStatus       OUT
   &NALPHAEL [&Type "Integer"] 45
   &NBETAEL [&Type "Integer"] 45
   &NTOTALEL [&Type "Integer"] 90
   &EEXCHANGE [&Type "Double"]      -1.1500463111000998e+02
   &ECORR [&Type "Double"]      -3.2690524313547504e+00
   &ECNL [&Type "Double"]       0.0000000000000000e+00
   &EXC [&Type "Double"]      -1.1827368354136473e+02
   &EEMBED [&Type "Double"]       0.0000000000000000e+00
   &FINALEN [&Type "Double"]      -1.6109576118564946e+03  "No Van der Waals correction"
$End
$Mulliken_Population_Analysis
   &GeometryIndex 1
   &ListStatus       OUT
   &NATOMS [&Type "Integer"] 12
   &ATNO [&Type "ArrayOfIntegers", &Dim (12,1)] 
                                                         0

0                                                        6
1                                                        6
2                                                        6
3                                                        6
4                                                        6
5                                                        6
6                                                       17
7                                                       17
8                                                       17
9                                                        1
10                                                       1
11                                                       1
   &ATOMICCHARGES [&Type "ArrayOfDoubles", &Dim (12,1)] 
                                                         0

0                                     -2.5301042654787764e-01
1                                      2.0243488030993628e-01
2                                     -2.5300510517474617e-01
3                                      2.0222903791655344e-01
4                                     -2.5279880446430703e-01
5                                      2.0224203732606760e-01
6                                     -9.1925788521184160e-02
7                                     -9.1944745733236743e-02
8                                     -9.1944195101262949e-02
9                                      1.4256790588848811e-01
10                                     1.4258442179687036e-01
11                                     1.4257078230478526e-01
$End
$Loewdin_Population_Analysis
   &GeometryIndex 1
   &ListStatus       OUT
   &NATOMS [&Type "Integer"] 12
   &ATNO [&Type "ArrayOfIntegers", &Dim (12,1)] 
                                                         0

0                                                        6
1                                                        6
2                                                        6
3                                                        6
4                                                        6
5                                                        6
6                                                       17
7                                                       17
8                                                       17
9                                                        1
10                                                       1
11                                                       1
   &ATOMICCHARGES [&Type "ArrayOfDoubles", &Dim (12,1)] 
                                                         0

0                                     -1.4640277343909514e-01
1                                     -4.1194725719262593e-01
2                                     -1.4636226848987643e-01
3                                     -4.1200883156412083e-01
4                                     -1.4639303369869960e-01
5                                     -4.1206969979636732e-01
6                                      4.0329638369047416e-01
7                                      4.0324178063401206e-01
8                                      4.0322795380012622e-01
9                                      1.5514103353161690e-01
10                                     1.5514339498994256e-01
11                                     1.5513331753468762e-01
$End
$Mayer_Population_Analysis
   &GeometryIndex 1
   &ListStatus       OUT
   &NATOMS [&Type "Integer"] 12 "Total number of atoms"
   &BONDTHRESH [&Type "Double"]       1.0000000000000001e-01  "The threshold for printing"
   &NBONDORDERSPRINT [&Type "Integer"] 12 "The number of bond orders larger than threshold"
   &BONDORDERS [&Type "ArrayOfDoubles", &Dim (12,1)] "The bond orders"
                                                         0

0                                      1.3250819442026296e+00
1                                      1.3249805245557558e+00
2                                      9.7006768084211448e-01
3                                      1.3251079659143452e+00
4                                      9.8989963968160388e-01
5                                      1.3249303791023064e+00
6                                      9.7000289781023186e-01
7                                      1.3251471003842850e+00
8                                      9.8987902910308878e-01
9                                      1.3248963557963171e+00
10                                     9.7001288297524202e-01
11                                     9.8996426414450500e-01
   &COMPONENTS [&Type "ArrayOfIntegers", &Dim (12,4)] "The indices and atomic numbers of the bonding atoms"
                                                         0                           1                           2                           3

0                                                        0                           6                           1                           6
1                                                        0                           6                           5                           6
2                                                        0                           6                           9                           1
3                                                        1                           6                           2                           6
4                                                        1                           6                           8                          17
5                                                        2                           6                           3                           6
6                                                        2                           6                          10                           1
7                                                        3                           6                           4                           6
8                                                        3                           6                           7                          17
9                                                        4                           6                           5                           6
10                                                       4                           6                          11                           1
11                                                       5                           6                           6                          17
   &ATNO [&Type "ArrayOfIntegers", &Dim (12,1)] "Atomic number of the elements"
                                                         0

0                                                        6
1                                                        6
2                                                        6
3                                                        6
4                                                        6
5                                                        6
6                                                       17
7                                                       17
8                                                       17
9                                                        1
10                                                       1
11                                                       1
   &NA [&Type "ArrayOfDoubles", &Dim (12,1)] "Mulliken gross atomic population"
                                                         0

0                                      6.2530104265478892e+00
1                                      5.7975651196900646e+00
2                                      6.2530051051747373e+00
3                                      5.7977709620834519e+00
4                                      6.2527988044642990e+00
5                                      5.7977579626739510e+00
6                                      1.7091925788521138e+01
7                                      1.7091944745733127e+01
8                                      1.7091944195101270e+01
9                                      8.5743209411151367e-01
10                                     8.5741557820313097e-01
11                                     8.5742921769521319e-01
   &ZA [&Type "ArrayOfDoubles", &Dim (12,1)] "Total nuclear charge"
                                                         0

0                                      6.0000000000000000e+00
1                                      6.0000000000000000e+00
2                                      6.0000000000000000e+00
3                                      6.0000000000000000e+00
4                                      6.0000000000000000e+00
5                                      6.0000000000000000e+00
6                                      1.7000000000000000e+01
7                                      1.7000000000000000e+01
8                                      1.7000000000000000e+01
9                                      1.0000000000000000e+00
10                                     1.0000000000000000e+00
11                                     1.0000000000000000e+00
   &QA [&Type "ArrayOfDoubles", &Dim (12,1)] "Mulliken gross atomic charge"
                                                         0

0                                     -2.5301042654788919e-01
1                                      2.0243488030993539e-01
2                                     -2.5300510517473729e-01
3                                      2.0222903791654812e-01
4                                     -2.5279880446429903e-01
5                                      2.0224203732604895e-01
6                                     -9.1925788521137974e-02
7                                     -9.1944745733126609e-02
8                                     -9.1944195101270054e-02
9                                      1.4256790588848633e-01
10                                     1.4258442179686903e-01
11                                     1.4257078230478681e-01
   &VA [&Type "ArrayOfDoubles", &Dim (12,1)] "Mayer's total valence"
                                                         0

0                                      3.9029627182879785e+00
1                                      3.7672212382627759e+00
2                                      3.9030223079862840e+00
3                                      3.7670735482401692e+00
4                                      3.9029109882299866e+00
5                                      3.7668903202384860e+00
6                                      1.2328571955422429e+00
7                                      1.2327446970703713e+00
8                                      1.2327732783675522e+00
9                                      9.8349829152837787e-01
10                                     9.8348573744269840e-01
11                                     9.8348055176367000e-01
   &BVA [&Type "ArrayOfDoubles", &Dim (12,1)] "Mayer's bonded valence"
                                                         0

0                                      3.9029627182878897e+00
1                                      3.7672212382627448e+00
2                                      3.9030223079862618e+00
3                                      3.7670735482401096e+00
4                                      3.9029109882299533e+00
5                                      3.7668903202385620e+00
6                                      1.2328571955424275e+00
7                                      1.2327446970704705e+00
8                                      1.2327732783674321e+00
9                                      9.8349829152840207e-01
10                                     9.8348573744264967e-01
11                                     9.8348055176366078e-01
   &FA [&Type "ArrayOfDoubles", &Dim (12,1)] "Mayer's free valence"
                                                         0

0                                      0.0000000000000000e+00
1                                      0.0000000000000000e+00
2                                      0.0000000000000000e+00
3                                      0.0000000000000000e+00
4                                      0.0000000000000000e+00
5                                      0.0000000000000000e+00
6                                      0.0000000000000000e+00
7                                      0.0000000000000000e+00
8                                      0.0000000000000000e+00
9                                      0.0000000000000000e+00
10                                     0.0000000000000000e+00
11                                     0.0000000000000000e+00
$End
$VdW_Correction
   &GeometryIndex 1
   &ListStatus       OUT
   &VDW [&Type "Double"]      -5.4224462267041399e-03
$End
$Calculation_Info
   &GeometryIndex 1
   &ListStatus       OUT
   &MULT [&Type "Integer"] 1
   &CHARGE [&Type "Integer"] 0
   &NUMOFATOMS [&Type "Integer"] 12
   &NUMOFELECTRONS [&Type "Integer"] 90
   &NUMOFFCELECTRONS [&Type "Integer"] 1
   &NUMOFCORRELECTRONS [&Type "Integer"] 0
   &NUMOFBASISFUNCTS [&Type "Integer"] 315
   &NUMOFAUXCBASISFUNCTS [&Type "Integer"] 0
   &NUMOFAUXJBASISFUNCTS [&Type "Integer"] 339
   &NUMOFAUXJKBASISFUNCTS [&Type "Integer"] 0
   &NUMOFCABSBASISFUNCTS [&Type "Integer"] 0
   &TOTALENERGY [&Type "Double"]      -1.6109568072182212e+03  "Hartrees"
$End
$SCF_Dipole_Moment
   &GeometryIndex 1
   &ListStatus       OUT
   &METHOD [&Type "String"] "SCF"
   &LEVEL [&Type "String"] "Relaxed density"
   &MULT [&Type "Integer"] 1
   &STATE [&Type "Integer"] -1
   &IRREP [&Type "Integer"] 0
   &NATOMS [&Type "Integer"] 12
   &DODIPOLEATOM [&Type "Boolean"] false
   &DIPOLEELECCONTRIB [&Type "ArrayOfDoubles", &Dim (3,1)] "Electronic contribution"
                                                         0

0                                     -6.5801003255588041e-04
1                                     -3.6575465454171882e-04
2                                     -2.5860270693822014e-07
   &DIPOLENUCCONTRIB [&Type "ArrayOfDoubles", &Dim (3,1)] "Nuclear contribution"
                                                         0

0                                      6.8915860038498700e-04
1                                      4.4555463472484291e-04
2                                     -9.0743477305533647e-07
   &DIPOLETOTAL [&Type "ArrayOfDoubles", &Dim (3,1)] "Total"
                                                         0

0                                      3.1148567829106591e-05
1                                      7.9799980183124092e-05
2                                     -1.1660374799935566e-06
   &DIPOLEMAGNITUDE [&Type "Double", &Units "a.u."]       8.5671639172109934e-05
$End
$THERMOCHEMISTRY_Energies
   &GeometryIndex 1
   &ListStatus       OUT
   &TEMPERATURE [&Type "Double"]       2.9814999999999998e+02
   &PRESSURE [&Type "Double"]       1.0000000000000000e+00
   &TOTALMASS [&Type "Double"]       1.8144900000000001e+02
   &SPINDEGENERACY [&Type "Integer"] 1
   &ELENERGY [&Type "Double"]      -1.6109568072182212e+03
   &TRANSENERGY [&Type "Double"]       1.4162714244859817e-03
   &ROTENERGY [&Type "Double"]       1.4162714244859817e-03
   &VIBENERGY [&Type "Double"]       5.0648874247214903e-03
   &NUMOFFREQS [&Type "Integer"] 36
   &FREQSCALINGFACTOR [&Type "Double"]       1.0000000000000000e+00
   &FREQ [&Type "ArrayOfDoubles", &Dim (36,1)] "In cm^-1"
                                                         0

0                                      0.0000000000000000e+00
1                                      0.0000000000000000e+00
2                                      0.0000000000000000e+00
3                                      0.0000000000000000e+00
4                                      0.0000000000000000e+00
5                                      0.0000000000000000e+00
6                                      1.4342155581630686e+02
7                                      1.9352601343705655e+02
8                                      1.9380833282565010e+02
9                                      2.0489158129016479e+02
10                                     2.0537842717684114e+02
11                                     3.7019321013302596e+02
12                                     4.2902149735124300e+02
13                                     4.2913089780290954e+02
14                                     4.5200716546206326e+02
15                                     5.4562560337235618e+02
16                                     5.4614823180720782e+02
17                                     6.7843533423445831e+02
18                                     7.9332069468769942e+02
19                                     7.9390356729570726e+02
20                                     8.6086940429808476e+02
21                                     8.6775376743783920e+02
22                                     8.6816003648523167e+02
23                                     1.0153667622026189e+03
24                                     1.1141735383150021e+03
25                                     1.1144950671225452e+03
26                                     1.1339117161943584e+03
27                                     1.2636712458384959e+03
28                                     1.3386384089651219e+03
29                                     1.4340111062937819e+03
30                                     1.4342721100008098e+03
31                                     1.5906497062710205e+03
32                                     1.5911461610483382e+03
33                                     3.2181604383936733e+03
34                                     3.2185534777929474e+03
35                                     3.2192058709500097e+03
   &ZPE [&Type "Double"]       7.1219736828840738e-02
   &INNERENERGYU [&Type "Double"]      -1.6108776900511189e+03
   &ENTHALPYH [&Type "Double"]      -1.6108767458420766e+03
   &QEL [&Type "Double"]       0.0000000000000000e+00
   &QROT [&Type "Double"]       1.4889516995855494e-02
   &QVIB [&Type "Double"]       8.3528094641259244e-03
   &QTRANS [&Type "Double"]       1.9715062917549972e-02
   &ENTROPYS [&Type "Double"]       4.2957389377531394e-02
   &FREEENERGYG [&Type "Double"]      -1.6109197032314542e+03
   &ISLINEAR [&Type "Boolean"] false
$End
$Hessian
   &GeometryIndex 1
   &ListStatus       OUT
   &HESSIAN [&Type "ArrayOfDoubles", &Dim (36,36)] "The Hessian"
                                                         0                           1                           2                           3                           4                           5                           6                           7

0                                      6.9479149849708044e-01        -5.7821025595051923e-02         7.2623397684627444e-06        -3.2077667609895089e-01        -5.0085049042298851e-02        -3.3300204587927845e-06        -4.1001234917207738e-02         5.0491307475842746e-02
1                                     -5.7821025595051923e-02         7.0892563088458371e-01         5.1036794482785137e-06         6.0075414579854429e-03        -1.1089354156969715e-01         3.0107876462982343e-07         1.2792816624439847e-02         4.3620794801796717e-02
2                                      7.2623397684627444e-06         5.1036794482785137e-06         1.1793008526975064e-01        -3.6997064782697659e-06        -1.2034191337679769e-06        -6.0308640266829694e-02        -2.8511439368057005e-07         1.0891815481057809e-06
3                                     -3.2077667609895089e-01         6.0075414579854429e-03        -3.6997064782697659e-06         6.3563321852858012e-01        -4.9764790200406750e-02         6.1574446971738522e-06        -2.2481382279059914e-01         7.9093336294280697e-02
4                                     -5.0085049042298851e-02        -1.1089354156969715e-01        -1.2034191337679769e-06        -4.9764790200406750e-02         5.0272250435036114e-01         3.3108321053632567e-07         1.3520236556894591e-01        -2.0747125967518792e-01
5                                     -3.3300204587927845e-06         3.0107876462982343e-07        -6.0308640266829694e-02         6.1574446971738522e-06         3.3108321053632567e-07         1.2542779441307966e-01        -9.8479693137942594e-07        -6.3713682282717782e-08
6                                     -4.1001234917207738e-02         1.2792816624439847e-02        -2.8511439368057005e-07        -2.2481382279059914e-01         1.3520236556894591e-01        -9.8479693137942594e-07         7.5529094127478369e-01         2.2641521125238991e-02
7                                      5.0491307475842746e-02         4.3620794801796717e-02         1.0891815481057809e-06         7.9093336294280697e-02        -2.0747125967518792e-01        -6.3713682282717782e-08         2.2641521125238991e-02         6.4865562250326303e-01
8                                     -8.2020190750915577e-07        -2.3065574610404207e-07         8.7955429543508587e-03        -5.5320326378364517e-07         7.6292045138312359e-07        -6.0311706889301209e-02         2.7856667276642834e-06        -2.1747627723465406e-06
9                                     -3.4572263330653899e-02        -3.2504022977292775e-02        -1.2872864524869251e-06         5.6539429107509719e-02        -3.7008491185789166e-03         4.1946603716109366e-07        -1.4426267641150523e-01        -5.1860725053602737e-02
10                                    -3.2481893139014548e-02        -2.6880073646598286e-02        -9.6593420659750417e-07         5.4253605695799983e-02        -6.1236961398633910e-02         1.4545716283968392e-06        -1.0796921656410451e-01        -2.8751963554525772e-01
11                                    -3.1143375777826420e-07         2.8063093473970179e-07        -2.0170633984008656e-03         8.2190415901956082e-07        -5.9258535283767182e-07         4.6689277099369424e-03         3.5997764033982638e-07         1.9857736718955523e-06
12                                     4.9815383265879240e-02         3.9705087183775592e-02         3.4427301061535182e-07        -5.6893166912689440e-02         1.9507245437119871e-02         1.6076054365127220e-07        -5.0577017171192055e-03        -7.1319826940723974e-02
13                                     1.9915305959664559e-03        -4.7356427445024163e-02         6.4832061919881869e-07         1.9538253408750567e-02        -4.4697346725464096e-03        -1.6099121586111739e-07        -3.3578216268463690e-02         7.4639720531533942e-03
14                                     9.6804451124442521e-07        -2.4262971155588602e-07         8.8038540947816199e-03        -2.0729366434542169e-06         6.5644122654527335e-07        -1.9966666541780149e-03         4.9251547797977664e-07        -7.5374306074527846e-07
15                                    -1.1895282233048544e-01        -7.3868002431705548e-02        -2.1835474996634110e-06        -9.9929172059196793e-03        -3.4554362535129120e-02        -9.5264836724938238e-07        -6.3706454540498475e-04         1.2844458654797485e-02
16                                    -1.7782145554372200e-02        -3.1306553558627037e-01        -5.6810308298854970e-06        -9.2598845118356643e-02         5.1731162712038165e-03        -1.7102810641426305e-06         1.2840724873693244e-02        -6.0774605351616370e-02
17                                    -1.2942656636447832e-06        -5.0127712337091934e-06        -6.0419275716005860e-02        -6.0063422963150307e-08        -3.3383848209667116e-07         4.6468403810650191e-03        -4.3040246001457486e-07        -3.6817182827420993e-07
18                                    -3.2768041489291251e-02        -1.0619269954362964e-02         6.1190695020486215e-07         4.2665192715625839e-03        -1.8608253112534176e-03        -3.3892289456609185e-07        -2.6053346404193395e-03        -9.7740250843591451e-04
19                                    -3.5105426905364244e-02        -5.0485702218992469e-03         1.4085077873336137e-07         3.3612080644453823e-03        -3.5753631214718974e-03        -5.8754549496037460e-08        -9.8462063825817620e-04         1.9854050051164203e-03
20                                    -5.3475358854664959e-07        -2.4210533581705757e-07         4.9407719331605246e-03         3.7952164655849042e-08        -2.6959668500422211e-07         4.8867544446991517e-03         1.4152804297789807e-07        -7.6441114359222576e-08
21                                    -7.1570651915883873e-06         2.4669216227700039e-03         1.4225514748430504e-07         7.1518019606993193e-04        -1.3488900187260825e-03        -2.9339632227013180e-07        -8.9661705100661012e-04         7.5231186271830439e-03
22                                     2.4702833488960182e-03        -5.8760660691781490e-04         1.8761496404476752e-08        -6.5724879180561208e-03        -5.2440590094948551e-05         1.9429336679681698e-07         3.1987724246475599e-02        -3.6933924399395947e-02
23                                     2.4235237559755531e-07         8.6862424608265189e-08        -1.1775093073084376e-03        -4.5655527858473477e-08         1.5931003301982785e-07         4.8838910379555194e-03         5.9455930049043271e-08        -1.4433365930421046e-08
24                                    -1.0780607174287485e-02        -3.7681914558933327e-02        -1.5410596488533701e-07        -5.2239978410537895e-02        -3.1109912073483341e-02        -2.6299685900926231e-07         7.8240069766035529e-03         1.1691073577584941e-02
25                                    -1.3250486497446812e-02        -2.7023416970057945e-02         6.4891376921998496e-08        -3.1126681704044284e-02        -1.3525641413868084e-01        -3.1724659266572172e-07        -1.2780258937510610e-02        -4.5612124000323079e-02
26                                    -5.2995231018723559e-07        -6.4452670960944332e-07         4.9431622508404639e-03         2.4543794998098319e-07        -6.3528412915116764e-08        -2.6014226941511922e-02        -8.3537004442898073e-08         4.3609609153489691e-07
27                                    -1.8232823600412168e-01         1.4479019945291779e-01        -1.0257436011410774e-06        -1.5493252749312958e-02         2.3490942039653080e-02        -2.8681504645178037e-07        -4.7554144965916909e-03        -2.7270987879826048e-03
28                                     1.4479681403335587e-01        -2.1666859316888876e-01         1.1639307452099697e-07        -6.1603643758766369e-03         7.1556979199071981e-03         1.4491355998328988e-07        -2.1212581797893960e-03         5.6005768974753305e-04
29                                    -1.3129954853956400e-06         9.9002346646891791e-07        -3.1853539575428753e-02        -4.4652587927231961e-07         5.1181440202999329e-07         2.5581227342576542e-03        -2.7397329171859801e-08        -3.0701692520060066e-07
30                                    -5.2816234869239309e-04         3.5572453131366491e-03         3.0388980490227779e-07        -1.5702543768870147e-02        -6.4279066620886866e-03        -5.4783496739730554e-07        -3.3340778232758067e-01        -5.7475085796897502e-02
31                                     2.9133450478990540e-03        -3.6887375636257512e-03         1.0007788720226992e-07         2.3241549411886588e-02         7.3219200503699712e-03         7.4010645306927043e-08        -5.7463214729483757e-02        -6.5483369563492044e-02
32                                     1.0307667588543303e-07         1.3760622341206023e-07         5.1817945711763293e-03        -1.3330413473741309e-07        -8.3043954909625735e-08         2.5509295761186254e-03        -1.9342310456107382e-06        -3.0080474917079399e-07
33                                    -2.8916810040772864e-03         3.2017178663594696e-03        -1.6622641075767084e-07        -1.2419891668422334e-03         6.8191901754169381e-04        -3.7620249337685691e-08        -5.6772993539526894e-03         8.0049239232501436e-05
34                                     3.8354522275501797e-03        -1.3339229074009092e-03         2.1526860120308028e-07         6.9778788229639182e-04         5.8247657447085474e-04        -4.7256046621787714e-08        -5.7309302770112633e-04         1.5090664821958127e-03
35                                    -3.0512404012042761e-07        -1.7423318565997981e-07         5.1808171899131710e-03         4.6037197976372374e-08        -1.7265326563268897e-08        -9.9201954529174147e-04        -2.2098151874771766e-07         3.5495332641812122e-07
                                                         8                           9                          10                          11                          12                          13                          14                          15

0                                     -8.2020190750915577e-07        -3.4572263330653899e-02        -3.2481893139014548e-02        -3.1143375777826420e-07         4.9815383265879240e-02         1.9915305959664559e-03         9.6804451124442521e-07        -1.1895282233048544e-01
1                                     -2.3065574610404207e-07        -3.2504022977292775e-02        -2.6880073646598286e-02         2.8063093473970179e-07         3.9705087183775592e-02        -4.7356427445024163e-02        -2.4262971155588602e-07        -7.3868002431705548e-02
2                                      8.7955429543508587e-03        -1.2872864524869251e-06        -9.6593420659750417e-07        -2.0170633984008656e-03         3.4427301061535182e-07         6.4832061919881869e-07         8.8038540947816199e-03        -2.1835474996634110e-06
3                                     -5.5320326378364517e-07         5.6539429107509719e-02         5.4253605695799983e-02         8.2190415901956082e-07        -5.6893166912689440e-02         1.9538253408750567e-02        -2.0729366434542169e-06        -9.9929172059196793e-03
4                                      7.6292045138312359e-07        -3.7008491185789166e-03        -6.1236961398633910e-02        -5.9258535283767182e-07         1.9507245437119871e-02        -4.4697346725464096e-03         6.5644122654527335e-07        -3.4554362535129120e-02
5                                     -6.0311706889301209e-02         4.1946603716109366e-07         1.4545716283968392e-06         4.6689277099369424e-03         1.6076054365127220e-07        -1.6099121586111739e-07        -1.9966666541780149e-03        -9.5264836724938238e-07
6                                      2.7856667276642834e-06        -1.4426267641150523e-01        -1.0796921656410451e-01         3.5997764033982638e-07        -5.0577017171192055e-03        -3.3578216268463690e-02         4.9251547797977664e-07        -6.3706454540498475e-04
7                                     -2.1747627723465406e-06        -5.1860725053602737e-02        -2.8751963554525772e-01         1.9857736718955523e-06        -7.1319826940723974e-02         7.4639720531533942e-03        -7.5374306074527846e-07         1.2844458654797485e-02
8                                      1.1781261517226327e-01         7.9175647434838027e-07         2.6432250395826192e-06        -6.0353980612521424e-02        -8.4614261305641211e-07        -6.1569120572159632e-07         8.7777914434567991e-03        -2.4814758893310615e-07
9                                      7.9175647434838027e-07         5.7771300547192184e-01         8.2826610311094534e-02         7.2818145285072919e-06        -3.0393332178930288e-01        -8.9147991903065993e-02        -7.1563694644870270e-06        -5.3586084511356102e-02
10                                     2.6432250395826192e-06         8.2826610311094534e-02         5.5905404585098495e-01        -2.3555273247384579e-07        -3.2989075099207579e-02        -1.2772066685051298e-01        -1.2558090140809304e-06         9.3718900503302806e-03
11                                    -6.0353980612521424e-02         7.2818145285072919e-06        -2.3555273247384579e-07         1.2513979625501206e-01        -5.3561355931313012e-06        -2.4258629730530045e-06        -6.0354867801769532e-02        -1.3572666092555549e-06
12                                    -8.4614261305641211e-07        -3.0393332178930288e-01        -3.2989075099207579e-02        -5.3561355931313012e-06         6.5518181261023800e-01         3.4817012056297267e-02         1.1876520392252857e-05        -1.8254284379313487e-01
13                                    -6.1569120572159632e-07        -8.9147991903065993e-02        -1.2772066685051298e-01        -2.4258629730530045e-06         3.4817012056297267e-02         7.4873409159267412e-01        -5.1931441689730471e-07         1.3009300003618460e-01
14                                     8.7777914434567991e-03        -7.1563694644870270e-06        -1.2558090140809304e-06        -6.0354867801769532e-02         1.1876520392252857e-05        -5.1931441689730471e-07         1.1790630699590003e-01        -4.6481749844018143e-06
15                                    -2.4814758893310615e-07        -5.3586084511356102e-02         9.3718900503302806e-03        -1.3572666092555549e-06        -1.8254284379313487e-01         1.3009300003618460e-01        -4.6481749844018143e-06         4.9266667885967730e-01
16                                     5.3109320888865860e-07         6.7406736228148606e-02         4.9041334149122227e-02         9.9947537868313923e-07         7.3979677368518931e-02        -2.4956273005168367e-01         4.3690754039209629e-06        -3.3017825337166212e-02
17                                    -2.0002108618447662e-03        -1.0156456688076274e-06         4.3290142179712480e-07         4.6605199960796234e-03        -3.0008250622720579e-06         4.3054358527323010e-06        -6.0364922115917444e-02         7.5133999599418569e-06
18                                     6.7231920274362327e-08         3.5696413406584981e-03         4.9064411323557454e-03        -1.3757095400426010e-07        -4.5020796596166313e-02        -6.4960704896115974e-03         5.6883700022395713e-07        -1.4124711608490165e-01
19                                    -2.8837254022217168e-08        -2.9733490783687567e-04        -2.9096033037762908e-03        -1.2994016009854350e-08         1.7948593340028286e-02         7.2218904384383133e-03         1.7336424559856526e-07        -2.0449781107559982e-02
20                                    -1.1766659123123788e-03         1.4542974509151029e-07         4.0176348421876553e-07         4.8920748856648589e-03        -8.6488088228398672e-07         1.4098429560081487e-07         4.9499900664014135e-03         1.2546652641334693e-06
21                                     3.1524803489888950e-07        -8.6954374918449512e-02         5.1169335937038193e-02        -2.9105911401357633e-07        -3.1801767723700733e-02         3.5674709810967188e-02         4.4449884149973045e-07        -9.7430765401385240e-04
22                                    -6.3012528960105273e-07         5.1136606645850111e-02        -9.9563847009903172e-02         3.5492843024534308e-08         1.1215549618397297e-02        -6.0450144952330070e-03        -4.8626564487467523e-07        -1.1433975609632984e-03
23                                     4.9516329776752108e-03         1.0548137324083324e-06        -1.1032379944106247e-06        -2.5648957395962471e-02        -8.4509945092917871e-07         3.8741438123109834e-07         4.9571236235592710e-03        -9.7447427906726006e-08
24                                    -3.6383786548271120e-08        -2.2769550826925930e-03         3.9518726928842616e-04        -1.9817024387397936e-07         1.6963851675721594e-03        -1.4974553548120751e-03         1.4859874473486481e-07        -3.2888596722943559e-03
25                                     8.5308595157131361e-08         5.6088072469263799e-03         2.9328027287769155e-03        -2.4073274021828192e-07        -1.4845599983371535e-03        -2.3112532960168266e-03        -3.4959333270340232e-08        -9.6063487446931481e-04
26                                     4.9461657412982682e-03        -2.5694170370790980e-07        -2.7238423643121888e-07         4.8911889215839076e-03         3.3926456737829103e-07        -1.0849171878433072e-07        -1.1769174866550517e-03        -1.5141289011847180e-07
27                                     8.0459062052048433e-09        -4.8548450447797242e-04        -1.1526154021975982e-03        -1.7325766258816914e-07        -7.7526360860034850e-05        -2.6847892416446400e-03         7.8924473699919571e-08         8.8709892088900313e-03
28                                    -2.1774324819396283e-07        -1.1458137011933489e-03        -2.0413131596772570e-04         1.7175937381320669e-07        -3.2954231093028797e-03        -4.1098227315070571e-03        -3.9684988110629258e-07         2.0579974637844375e-02
29                                     5.1762813731860684e-03        -1.5567831414005200e-08         6.6544616020691997e-08        -9.9330202380147592e-04        -2.1568732294562662e-07        -4.0866193090192944e-08         5.1772151511098787e-03         6.2258122719186743e-07
30                                    -1.1052442563886393e-06        -6.0457549795497889e-03         6.8444789717146681e-04        -6.0084916742622399e-07         1.3681624798962729e-03        -1.4112903522257962e-03         3.3974806017464936e-07         7.1757889886980494e-04
