
$orca_hessian_file

$act_atom
  0

$act_coord
  0

$act_energy
        0.000000

$multiplicity
  1

$hessian
45
                    0                  1                  2                  3                  4        
    0      5.2488367026E-01  -5.0598201670E-02   1.1529254277E-02  -1.0925781658E-01  -4.8698477756E-02
    1     -5.0598201670E-02   4.9163547482E-01   1.4019324213E-02  -4.4303755312E-02  -1.4247658341E-01
    2      1.1529254277E-02   1.4019324213E-02   5.5373707535E-01   8.3504172439E-03   1.2216331607E-02
    3     -1.0925781658E-01  -4.4303755312E-02   8.3504172439E-03   4.6394800533E-01   9.6709861809E-03
    4     -4.8698477756E-02  -1.4247658341E-01   1.2216331607E-02   9.6709861809E-03   4.6618218836E-01
    5      6.8173287900E-03   1.0244604776E-02  -8.0132584994E-02  -2.0047073184E-02  -1.6022544582E-02
    6      9.0313730619E-03  -1.5966803161E-02  -7.2488205154E-03  -9.7828555449E-02   3.8269931720E-02
    7      1.0981349711E-02  -3.3095191379E-02  -1.1846797157E-02   3.4702954063E-02  -1.3715417362E-01
    8     -2.0422439588E-03   3.3861434073E-04   6.1894202839E-04   1.7824737053E-02  -3.1955954322E-02
    9     -2.7630449167E-02  -6.0174099211E-03  -1.0395829208E-02  -1.4353984576E-01  -5.5361911462E-03
   10     -2.8326241759E-02   4.6014129004E-03  -1.3597080466E-02  -1.1094379775E-03  -7.3766109153E-02
   11      6.9062576994E-04  -1.9741420337E-03   9.5633310002E-04  -4.5622509682E-02   3.9518463736E-03
   12      2.3164269403E-03   3.8050287682E-04  -8.8679770142E-05  -2.0927008430E-02   3.2811244722E-02
   13     -1.8050318605E-03  -1.8817501652E-03  -6.3488564950E-04   1.3964669374E-02  -1.4890230636E-02
   14     -4.8753165429E-05  -1.3062572999E-03  -3.2974624938E-04  -1.7661411000E-03   5.9960993275E-03
   15     -5.3228714897E-02  -6.8901061874E-03   4.2043254478E-02  -5.2585471190E-03  -4.0455199447E-03
   16     -6.9050642650E-03  -5.3829615246E-02   4.2028985405E-02  -4.9634195132E-03  -6.7600132405E-03
   17      4.1544032273E-02   4.2079719277E-02  -2.8265035658E-01   1.6298351583E-03   1.5145754130E-03
   18     -9.5008921439E-02   8.9871473331E-02   4.5669721818E-02   9.7480669274E-03  -1.4621617719E-02
   19      8.9947050167E-02  -2.0978877144E-01  -8.2622874949E-02   1.2947707302E-02  -2.0194388289E-02
   20      4.6018054900E-02  -8.3731957512E-02  -8.9129807028E-02  -2.9458437258E-03   3.7657161855E-03
   21     -2.4343159028E-01   3.2773487511E-02  -1.0531845312E-01  -1.7679474001E-02   3.2519186096E-03
   22      3.3854893088E-02  -4.9510808053E-02   1.7926883543E-02  -2.4773378458E-02   2.8850665603E-03
   23     -1.0562512025E-01   1.7446094452E-02  -1.0116946381E-01   4.1982182593E-03  -4.4251414895E-04
   24     -4.6736123168E-03  -4.6725471450E-03   1.8826493346E-02  -5.3341095360E-02  -7.2862280874E-03
   25     -6.1529498631E-03  -7.0792639320E-03   2.7203391649E-02  -7.7516532855E-03  -5.2378178129E-02
   26      6.3704065469E-04   9.9367820302E-04  -3.1128970164E-03   3.9458200759E-02   4.0406254969E-02
   27     -1.1942771528E-03   1.9827799571E-03   6.3005962864E-04   8.3840788686E-03   1.2371147126E-02
   28      4.5164916144E-03  -3.7954984579E-03  -3.0884029882E-03  -1.5597193036E-02  -2.1060351422E-02
   29      1.6208001825E-03  -1.9494232049E-03  -7.6486263119E-04  -8.7348273817E-03  -1.0913107585E-02
   30      2.2001142658E-04  -6.9978352463E-04  -7.5464442380E-04  -4.1592563196E-03  -2.3425872350E-03
   31      3.7954777416E-04   2.1091380737E-03  -1.1742688648E-03   4.2023855703E-03   3.0003473933E-03
   32     -1.2115260686E-04   1.0204425423E-03   7.0254851558E-04   3.4186077511E-03   9.7400050392E-04
   33      8.6682403416E-04  -1.0607814823E-03  -1.0714383020E-04  -1.4751107855E-02   1.7769288666E-03
   34      1.0507263578E-03   1.5648636330E-03   8.6252601763E-04   2.4249891025E-02  -5.8852331109E-03
   35      2.0848316417E-04   5.4821219851E-04   1.8350228035E-04   1.3607074516E-02  -2.6141198604E-03
   36     -4.8901395215E-03   2.6871592690E-03  -3.6738597574E-03  -1.7093910295E-02  -2.3635864000E-02
   37      1.1857443637E-03   7.5529001319E-04   3.0644975530E-05   7.5050067153E-04   1.9105499713E-03
   38     -2.1705233898E-03   1.1020887627E-03  -8.0465440503E-04  -1.1910849219E-02  -1.2918485029E-02
   39      2.1901205783E-03   1.1669791304E-03  -7.1165234846E-04   1.0772229190E-03   5.7109636976E-03
   40      3.1557797844E-04   3.2464223421E-04  -1.3331439439E-03  -1.6921521743E-03   3.9303456970E-04
   41      1.3788651399E-03   1.9721475734E-04   8.4435296035E-04   1.7010647145E-03   5.1542890150E-03
   42     -1.9290494213E-04   1.3138324224E-03   1.2516269717E-03   6.7924313448E-04   2.4327842175E-03
   43      2.8776002417E-04   4.6666041027E-04   1.1401760241E-05  -4.2752368176E-04   1.9407415608E-04
   44     -4.3843657121E-04   9.6975137624E-04   1.0516184776E-03   7.5449761669E-04   9.2981637349E-04
                    5                  6                  7                  8                  9        
    0      6.8173287900E-03   9.0313730619E-03   1.0981349711E-02  -2.0422439588E-03  -2.7630449167E-02
    1      1.0244604776E-02  -1.5966803161E-02  -3.3095191379E-02   3.3861434073E-04  -6.0174099211E-03
    2     -8.0132584994E-02  -7.2488205154E-03  -1.1846797157E-02   6.1894202839E-04  -1.0395829208E-02
    3     -2.0047073184E-02  -9.7828555449E-02   3.4702954063E-02   1.7824737053E-02  -1.4353984576E-01
    4     -1.6022544582E-02   3.8269931720E-02  -1.3715417362E-01  -3.1955954322E-02  -5.5361911462E-03
    5      5.8344582885E-01   1.8547653346E-02  -3.1393631895E-02  -9.4300179385E-02  -4.7047002109E-02
    6      1.8547653346E-02   5.4447751145E-01   3.9405133171E-02   2.1965315464E-02  -1.7388171246E-02
    7     -3.1393631895E-02   3.9405133171E-02   4.9408929838E-01  -3.5909907621E-02   1.1741451714E-02
    8     -9.4300179385E-02   2.1965315464E-02  -3.5909907621E-02   5.3443708437E-01  -1.8866023454E-03
    9     -4.7047002109E-02  -1.7388171246E-02   1.1741451714E-02  -1.8866023454E-03   4.6730100255E-01
   10      6.9824416658E-03   2.7220650927E-02  -1.0190772045E-02   9.5182543534E-03   9.2870515091E-02
   11     -1.0709459730E-01   1.2584171825E-02  -1.1647211797E-03   5.6485269703E-03  -2.1234938451E-02
   12      1.8943253162E-02  -7.7564596162E-03  -1.1467900986E-03  -5.3143295520E-03  -1.0871902911E-01
   13     -7.7746423402E-03   4.2447202997E-03   2.1697362154E-03   3.0279758089E-03   5.3524471898E-02
   14      7.7600620152E-03  -1.9720608420E-03   6.9069517521E-04   4.7031233478E-04   3.7495039720E-02
   15      1.9865531787E-02   3.0912904464E-04   1.1221408544E-03  -2.1947053438E-04   1.2528100324E-03
   16      2.7845023003E-02  -9.8732236638E-05   1.6887826412E-03   1.5932969151E-03   1.3900848468E-03
   17     -5.5703513994E-03  -2.9223401054E-04  -5.8210691501E-04   8.3812085913E-04  -9.5841682286E-04
   18     -9.1461620676E-03  -2.4402940325E-03  -2.3453448800E-03   2.8135423442E-04   9.8654302986E-04
   19     -1.1511761570E-02  -5.2290539704E-03  -4.1226656854E-03   1.6260620246E-03   2.4356909619E-03
   20      3.7574283109E-05   1.3586661434E-04   5.0882833081E-04   5.5518126938E-04   7.5123069742E-04
   21     -9.3200287385E-03   9.8714429225E-04   1.2957672734E-03   2.0885547097E-04  -9.6440061496E-04
   22     -1.4466578427E-02  -9.5989226542E-04   1.9279120953E-03  -3.1110067076E-04  -1.8067265301E-03
   23      7.3510576409E-04  -1.9749616267E-04   4.6951266592E-05  -1.2735553103E-04   4.7685227857E-04
   24      4.0273162673E-02  -3.6561196902E-03  -1.3116270800E-03   1.6117463143E-02   1.7324555976E-03
   25      3.9971367560E-02   5.2807615054E-03   1.8778854017E-03  -2.7376324098E-02   1.3919939916E-04
   26     -2.7847167355E-01   2.1930011367E-03   6.7722181794E-04  -1.2197203587E-02   1.8519219006E-03
   27     -3.2031140665E-03  -1.2923041327E-01  -1.1899471336E-01   1.7914640918E-02   8.1044124183E-04
   28      4.6574768225E-03  -1.1830441593E-01  -2.1631879091E-01   2.5078574746E-02  -1.9651287128E-03
   29      3.6729997128E-04   1.7822165488E-02   2.5642700320E-02  -5.0258342263E-02  -1.2615380192E-04
   30      1.5765738108E-02  -5.2584810516E-02  -6.3190887916E-03   4.0268625124E-02   5.2093545435E-04
   31     -2.7229075063E-02  -6.5911850636E-03  -5.1545678566E-02   3.5776217598E-02  -6.8089200184E-04
   32     -1.5291161331E-02   4.0127122327E-02   3.5803704977E-02  -2.8702233723E-01  -1.3468062027E-03
   33     -7.0126882518E-03  -2.4542275281E-01   3.3795940375E-02  -1.0438621677E-01   9.1130622753E-04
   34      1.3745917201E-02   3.3190150306E-02  -5.0495926051E-02   1.8008773843E-02  -9.5715129400E-04
   35      5.7511864673E-03  -1.0478565811E-01   1.8452677005E-02  -9.9095741852E-02  -7.6689673862E-06
   36      5.1525111303E-03   7.6582056519E-04  -1.5845312931E-03   1.2622885073E-04  -1.3103964259E-01
   37      2.2834181519E-04   5.8897027072E-04   9.6497355355E-04   2.2858731338E-04  -1.1743540346E-01
   38      1.7413748761E-03   8.2312296967E-04  -3.9657164563E-04   1.8966664535E-04   2.1986194097E-02
   39     -2.9408153909E-02   1.5277582792E-03  -1.0755519277E-03  -9.3234649364E-04  -5.1378665582E-02
   40      3.6114307311E-03  -5.5389970351E-04   4.1208396724E-04   6.2343770415E-04  -1.1298044358E-02
   41     -1.9026761886E-02   5.3413457931E-04  -4.2851373593E-04   4.3105205424E-05   2.6003275182E-02
   42     -9.6365448712E-05  -7.9116005631E-04  -2.9998235554E-04   7.4495359711E-05   7.1447099418E-03
   43      1.0694260620E-03  -4.6344324407E-04  -2.0747399628E-04  -2.7556072344E-04  -1.6359266674E-02
   44      4.8877616009E-05  -2.3679007247E-04  -9.1475955545E-05   2.0022016248E-04  -5.5535237637E-03
                   10                 11                 12                 13                 14        
    0     -2.8326241759E-02   6.9062576994E-04   2.3164269403E-03  -1.8050318605E-03  -4.8753165429E-05
    1      4.6014129004E-03  -1.9741420337E-03   3.8050287682E-04  -1.8817501652E-03  -1.3062572999E-03
    2     -1.3597080466E-02   9.5633310002E-04  -8.8679770142E-05  -6.3488564950E-04  -3.2974624938E-04
    3     -1.1094379775E-03  -4.5622509682E-02  -2.0927008430E-02   1.3964669374E-02  -1.7661411000E-03
    4     -7.3766109153E-02   3.9518463736E-03   3.2811244722E-02  -1.4890230636E-02   5.9960993275E-03
    5      6.9824416658E-03  -1.0709459730E-01   1.8943253162E-02  -7.7746423402E-03   7.7600620152E-03
    6      2.7220650927E-02   1.2584171825E-02  -7.7564596162E-03   4.2447202997E-03  -1.9720608420E-03
    7     -1.0190772045E-02  -1.1647211797E-03  -1.1467900986E-03   2.1697362154E-03   6.9069517521E-04
    8      9.5182543534E-03   5.6485269703E-03  -5.3143295520E-03   3.0279758089E-03   4.7031233478E-04
    9      9.2870515091E-02  -2.1234938451E-02  -1.0871902911E-01   5.3524471898E-02   3.7495039720E-02
   10      5.3535070819E-01  -4.7190173697E-02   1.3314528552E-02  -1.4161980909E-01  -1.6402590823E-02
   11     -4.7190173697E-02   5.3746586648E-01   3.4913193805E-02  -4.0921900523E-02  -8.9510747797E-02
   12      1.3314528552E-02   3.4913193805E-02   2.5638336939E-01   1.0088783723E-01  -1.2970482312E-01
   13     -1.4161980909E-01  -4.0921900523E-02   1.0088783723E-01   5.6453907180E-01  -4.8489715264E-02
   14     -1.6402590823E-02  -8.9510747797E-02  -1.2970482312E-01  -4.8489715264E-02   1.3564813946E-01
   15      3.9017926673E-04   2.3145795880E-03  -3.3011567914E-04   9.2553878980E-05  -6.1068548146E-04
   16      1.0609073137E-03   6.0437939250E-04   9.5707992304E-05   5.4714663976E-05   1.2731108837E-04
   17     -1.0482291266E-04   8.5746412042E-04   6.1528533217E-04  -2.5605886466E-04   2.2610313792E-04
   18      3.4842676845E-04  -5.5816965299E-04  -1.0448699209E-03   1.4047234744E-04   1.1956899371E-04
   19     -1.6440108431E-03  -5.7473764611E-04   7.7621598413E-04   2.4572066755E-03   1.3146097797E-03
   20     -1.2865289236E-03  -2.5169351690E-04   1.7630498122E-04   8.7289701272E-04   9.6081383298E-05
   21     -4.0918008602E-03   1.9886696480E-03   1.1274824638E-04  -3.0136536379E-04  -2.8732089330E-04
   22     -6.7816469971E-03   9.6365198036E-04   6.9662408996E-04   1.1693930999E-03   3.9358769995E-04
   23     -9.8139966308E-05   3.9533616488E-04   1.9364868968E-04   4.2010883282E-04   3.4285423316E-04
   24      4.9939949775E-03  -3.1854046919E-02   2.2827989858E-03  -1.4441333872E-03   1.8267004522E-03
   25     -1.2312227773E-03   4.4733645661E-03  -7.0671974939E-04   1.2188660205E-04  -3.0016203392E-04
   26      1.8794338356E-03  -1.9315931797E-02   4.1915145471E-04   2.0946853386E-04   2.8424149266E-03
   27      1.3084537433E-03  -3.0813802614E-05   4.0852668909E-04  -5.7061950626E-04  -5.5356568811E-06
   28     -2.8796159932E-04   1.3893534083E-04   4.4821788827E-04   8.2640316117E-04  -8.3660261739E-05
   29      4.2126193417E-04   1.7190520118E-04  -1.4577846863E-04   7.4682060274E-05  -1.2129008125E-04
   30     -4.5372158970E-04   2.2282391786E-03   2.3268878684E-05  -1.4674730004E-04  -8.1968168159E-04
   31      6.9856856870E-04  -1.2286654596E-03  -2.0973867783E-04   2.8645387218E-06   5.3897058376E-04
   32      8.1841755371E-04  -1.2650805553E-05   8.1014595001E-06  -1.9204955067E-04   5.3621547067E-04
   33      2.0924307717E-03   3.0211495745E-03  -1.1036404732E-03   1.1027424259E-03  -4.6050920997E-04
   34     -3.9991958194E-03  -3.4339240225E-03   2.7812400484E-03  -1.0970175394E-03   1.1765068787E-04
   35     -1.6622216305E-03  -1.2247611600E-03   1.1373416497E-03  -8.3777694904E-04   4.8446975279E-04
   36     -1.2471997126E-01   2.0257717464E-02   1.0385614494E-02   2.2545513607E-02  -1.5700709418E-03
   37     -2.1128021984E-01   2.8839236766E-02  -6.3779999570E-03  -3.2905441335E-02   8.3399378714E-05
   38      3.4170308156E-02  -5.6854066487E-02  -5.9525011844E-03  -1.5643679554E-02   2.9121442156E-03
   39     -8.5848222696E-03   2.5823887574E-02  -6.7271885564E-03   7.1473364886E-03   2.3173388863E-02
   40     -5.9313140087E-02   4.8698762192E-02   1.3455589278E-02  -5.2528173135E-03  -3.3217843938E-02
   41      4.7010500673E-02  -2.7246861235E-01   8.9248409280E-03  -1.0676932823E-02  -1.2353218373E-02
   42      2.4701615809E-02  -4.5293281236E-03  -1.2530444184E-01  -1.9937144026E-01   7.4622336709E-02
   43     -3.1597508722E-02   8.7190490130E-03  -1.5721744005E-01  -3.7369421068E-01   9.0531376359E-02
   44     -2.0360020816E-02   1.2376291767E-03   7.5883537983E-02   1.2082903881E-01  -4.9003794426E-02
                   15                 16                 17                 18                 19        
    0     -5.3228714897E-02  -6.9050642650E-03   4.1544032273E-02  -9.5008921439E-02   8.9947050167E-02
    1     -6.8901061874E-03  -5.3829615246E-02   4.2079719277E-02   8.9871473331E-02  -2.0978877144E-01
    2      4.2043254478E-02   4.2028985405E-02  -2.8265035658E-01   4.5669721818E-02  -8.2622874949E-02
    3     -5.2585471190E-03  -4.9634195132E-03   1.6298351583E-03   9.7480669274E-03   1.2947707302E-02
    4     -4.0455199447E-03  -6.7600132405E-03   1.5145754130E-03  -1.4621617719E-02  -2.0194388289E-02
    5      1.9865531787E-02   2.7845023003E-02  -5.5703513994E-03  -9.1461620676E-03  -1.1511761570E-02
    6      3.0912904464E-04  -9.8732236638E-05  -2.9223401054E-04  -2.4402940325E-03  -5.2290539704E-03
    7      1.1221408544E-03   1.6887826412E-03  -5.8210691501E-04  -2.3453448800E-03  -4.1226656854E-03
    8     -2.1947053438E-04   1.5932969151E-03   8.3812085913E-04   2.8135423442E-04   1.6260620246E-03
    9      1.2528100324E-03   1.3900848468E-03  -9.5841682286E-04   9.8654302986E-04   2.4356909619E-03
   10      3.9017926673E-04   1.0609073137E-03  -1.0482291266E-04   3.4842676845E-04  -1.6440108431E-03
   11      2.3145795880E-03   6.0437939250E-04   8.5746412042E-04  -5.5816965299E-04  -5.7473764611E-04
   12     -3.3011567914E-04   9.5707992304E-05   6.1528533217E-04  -1.0448699209E-03   7.7621598413E-04
   13      9.2553878980E-05   5.4714663976E-05  -2.5605886466E-04   1.4047234744E-04   2.4572066755E-03
   14     -6.1068548146E-04   1.2731108837E-04   2.2610313792E-04   1.1956899371E-04   1.3146097797E-03
   15      5.6010637152E-02   1.1479330631E-02  -4.8219527707E-02  -3.2345418728E-03  -3.4369997734E-03
   16      1.1479330631E-02   5.8509552589E-02  -4.8835007348E-02   3.0974338130E-03   5.4086474199E-03
   17     -4.8219527707E-02  -4.8835007348E-02   3.0833056708E-01   7.9774794216E-04   2.8196527239E-03
   18     -3.2345418728E-03   3.0974338130E-03   7.9774794216E-04   1.0337596398E-01  -9.8070634441E-02
   19     -3.4369997734E-03   5.4086474199E-03   2.8196527239E-03  -9.8070634441E-02   2.3116998128E-01
   20      1.3654632374E-02  -2.5311917327E-02  -1.1092490336E-02  -4.9456236781E-02   9.1863549986E-02
   21      5.9820892907E-03  -9.9714205275E-04   3.6358985726E-03  -1.1904842481E-02   1.3760006607E-03
   22      4.6231190337E-03  -2.0527286617E-03   1.7061593638E-03   2.2225342755E-02  -3.8729244574E-03
   23     -2.7594675454E-02   4.3154445706E-03  -1.3270585317E-02   1.2987165257E-02  -1.8768895234E-03
   24     -1.7414786675E-03  -3.4622799235E-03   4.0506462578E-04   7.9334176178E-04   2.6401775325E-04
   25     -3.5956578847E-03  -4.3454241093E-03   7.8095196533E-04   8.3639663293E-04   6.6685400144E-04
   26      1.8629571527E-04   1.7785041272E-04   1.6608353067E-03   7.8958238426E-05   4.9491204617E-04
   27     -1.3409778220E-04   8.7437444839E-05  -7.0327136038E-05   5.5482916160E-04   8.2666550983E-04
   28      1.9000409234E-04   3.6081267949E-04   1.5184560352E-05  -1.1524343247E-03  -1.6195192740E-03
   29     -9.0823747854E-05  -3.6557571028E-04   3.3237628257E-04  -2.5892287243E-04  -9.3577010589E-04
   30      4.5066605622E-04   1.3362988856E-04  -2.2323712413E-04  -1.5145037094E-04  -7.1873260746E-05
   31     -1.2841959364E-04  -3.2740050530E-04   7.0093155171E-04   2.7460599400E-05   2.5487651885E-04
   32     -4.1910500589E-04  -8.8379798559E-04   3.4827868846E-04  -5.2147734903E-05  -2.7380939536E-05
   33     -1.7643785105E-05   8.1508243174E-05   4.8294412140E-05   1.8435742739E-04  -1.5570824756E-04
   34     -4.4347903971E-05  -1.0864087703E-04   4.9951359757E-05  -2.4704517768E-04   4.4120771121E-04
   35     -1.7300282061E-04   3.1289829813E-06  -1.1390557392E-04   1.9710884655E-04   1.7565589513E-04
   36      2.8140935343E-04   3.5087371202E-04   3.7081288078E-05   2.3565305827E-04   2.4624754810E-05
   37      1.0441640025E-04   3.2022021641E-05  -4.6148606297E-05   2.2917481255E-06   7.4098054579E-05
   38     -3.4283412543E-04  -2.4555858627E-04   2.9011509530E-04   2.5072128073E-04   1.1811214546E-05
   39     -1.2570954851E-04  -2.6475775649E-04   8.8846861530E-04  -1.3506622231E-04  -2.8813275767E-04
   40      7.4871300207E-05   2.9940242810E-04   6.5064601407E-05   7.7328736650E-05   3.6296470858E-05
   41     -9.2918319274E-04  -8.1872227571E-04   4.0512570513E-04   1.7707285251E-05   5.3458967434E-05
   42     -2.1589157731E-04  -2.5523903001E-05   1.6944542815E-04  -1.9587690081E-03  -1.3475828050E-03
   43      6.5348908087E-05   8.9808829938E-06   1.0834420957E-04  -1.8753802828E-04   7.3311185391E-04
   44      5.2760328059E-04  -2.5123091597E-04  -5.9129707161E-04  -9.4076247302E-04  -7.9424171485E-04
                   20                 21                 22                 23                 24        
    0      4.6018054900E-02  -2.4343159028E-01   3.3854893088E-02  -1.0562512025E-01  -4.6736123168E-03
    1     -8.3731957512E-02   3.2773487511E-02  -4.9510808053E-02   1.7446094452E-02  -4.6725471450E-03
    2     -8.9129807028E-02  -1.0531845312E-01   1.7926883543E-02  -1.0116946381E-01   1.8826493346E-02
    3     -2.9458437258E-03  -1.7679474001E-02  -2.4773378458E-02   4.1982182593E-03  -5.3341095360E-02
    4      3.7657161855E-03   3.2519186096E-03   2.8850665603E-03  -4.4251414895E-04  -7.2862280874E-03
    5      3.7574283109E-05  -9.3200287385E-03  -1.4466578427E-02   7.3510576409E-04   4.0273162673E-02
    6      1.3586661434E-04   9.8714429225E-04  -9.5989226542E-04  -1.9749616267E-04  -3.6561196902E-03
    7      5.0882833081E-04   1.2957672734E-03   1.9279120953E-03   4.6951266592E-05  -1.3116270800E-03
    8      5.5518126938E-04   2.0885547097E-04  -3.1110067076E-04  -1.2735553103E-04   1.6117463143E-02
    9      7.5123069742E-04  -9.6440061496E-04  -1.8067265301E-03   4.7685227857E-04   1.7324555976E-03
   10     -1.2865289236E-03  -4.0918008602E-03  -6.7816469971E-03  -9.8139966308E-05   4.9939949775E-03
   11     -2.5169351690E-04   1.9886696480E-03   9.6365198036E-04   3.9533616488E-04  -3.1854046919E-02
   12      1.7630498122E-04   1.1274824638E-04   6.9662408996E-04   1.9364868968E-04   2.2827989858E-03
   13      8.7289701272E-04  -3.0136536379E-04   1.1693930999E-03   4.2010883282E-04  -1.4441333872E-03
   14      9.6081383298E-05  -2.8732089330E-04   3.9358769995E-04   3.4285423316E-04   1.8267004522E-03
   15      1.3654632374E-02   5.9820892907E-03   4.6231190337E-03  -2.7594675454E-02  -1.7414786675E-03
   16     -2.5311917327E-02  -9.9714205275E-04  -2.0527286617E-03   4.3154445706E-03  -3.4622799235E-03
   17     -1.1092490336E-02   3.6358985726E-03   1.7061593638E-03  -1.3270585317E-02   4.0506462578E-04
   18     -4.9456236781E-02  -1.1904842481E-02   2.2225342755E-02   1.2987165257E-02   7.9334176178E-04
   19      9.1863549986E-02   1.3760006607E-03  -3.8729244574E-03  -1.8768895234E-03   2.6401775325E-04
   20      9.2522664931E-02  -6.4225666714E-03   1.2981293336E-02   5.8867019410E-03  -5.5259571980E-04
   21     -6.4225666714E-03   2.6627849553E-01  -3.2889122509E-02   1.1519408066E-01   2.1475223545E-04
   22      1.2981293336E-02  -3.2889122509E-02   5.5151586505E-02  -1.8935795348E-02   6.4873469097E-04
   23      5.8867019410E-03   1.1519408066E-01  -1.8935795348E-02   1.0630685267E-01   1.6603669913E-04
   24     -5.5259571980E-04   2.1475223545E-04   6.4873469097E-04   1.6603669913E-04   6.2373838860E-02
   25     -3.2702173626E-05   2.5361864707E-04   9.7310422214E-04  -5.0882174583E-04   9.0430399996E-03
   26      3.6896360316E-04   5.2635742170E-04   2.3391163064E-04   4.7479203732E-04  -4.2968590832E-02
   27      1.4057479288E-04   2.0357086378E-04   1.7386153325E-04   2.6488420213E-04   6.1757075449E-04
   28      1.1922331487E-04   5.9748421522E-05   3.1943520418E-04  -5.4000069057E-05  -1.2452449871E-04
   29      5.8476497744E-04   3.3106060119E-04   2.4542808196E-04  -2.4237464648E-05  -6.1602350058E-04
   30     -8.3958310915E-05  -7.3175508996E-06   8.5257689211E-05  -1.4943312390E-04  -9.6601604275E-04
   31      3.7185481062E-04  -1.0080938033E-04  -1.0541375075E-04   2.1479968743E-05   2.7760739662E-03
   32      4.3569314897E-04   2.1005620982E-05  -5.3483349383E-05  -1.0770391221E-04   1.2758774492E-03
   33      2.6682527518E-04   6.3410208982E-04   5.3643634383E-04  -6.4201700243E-06   1.5854797644E-04
   34     -1.4719614886E-04  -6.5982051938E-04  -5.1457118506E-04  -3.9964915809E-04  -6.8112371782E-04
   35     -4.8245019746E-05  -2.0782411753E-04   1.6475270444E-04   1.6653684002E-04   2.9549665013E-05
   36     -8.5285903232E-05  -1.2122106894E-03  -1.8072979464E-03  -5.6026133864E-05   1.2136281904E-03
   37      1.0856646266E-04   1.4743364065E-04   2.6900492460E-04  -1.1666754533E-05  -1.6905429594E-04
   38      1.8121707974E-06  -5.8034529467E-04  -6.8049202452E-04   3.7551163323E-04   5.1683622951E-04
   39     -4.4381834625E-05   2.5298115733E-04   1.3991086108E-04   3.4794803357E-04  -4.9137682183E-03
   40     -2.8245214747E-05   3.7105244989E-05  -3.3511685523E-05   6.8420579222E-05   1.4124541635E-03
   41     -1.8979709392E-05  -1.4471985738E-05  -2.5564297380E-05   4.8084675304E-04  -3.3129504656E-03
   42     -1.5402730035E-03   5.3395190650E-04  -7.3948239114E-04  -2.1016747980E-04  -9.4844066404E-05
   43     -6.9438326899E-05  -1.6329930716E-04   1.7610217850E-04   2.6343747179E-06   1.3991569453E-05
   44      5.1777902577E-05   2.5558752966E-04  -1.3631155264E-04  -4.6519200226E-04  -1.1253403970E-04
                   25                 26                 27                 28                 29        
    0     -6.1529498631E-03   6.3704065469E-04  -1.1942771528E-03   4.5164916144E-03   1.6208001825E-03
    1     -7.0792639320E-03   9.9367820302E-04   1.9827799571E-03  -3.7954984579E-03  -1.9494232049E-03
    2      2.7203391649E-02  -3.1128970164E-03   6.3005962864E-04  -3.0884029882E-03  -7.6486263119E-04
    3     -7.7516532855E-03   3.9458200759E-02   8.3840788686E-03  -1.5597193036E-02  -8.7348273817E-03
    4     -5.2378178129E-02   4.0406254969E-02   1.2371147126E-02  -2.1060351422E-02  -1.0913107585E-02
    5      3.9971367560E-02  -2.7847167355E-01  -3.2031140665E-03   4.6574768225E-03   3.6729997128E-04
    6      5.2807615054E-03   2.1930011367E-03  -1.2923041327E-01  -1.1830441593E-01   1.7822165488E-02
    7      1.8778854017E-03   6.7722181794E-04  -1.1899471336E-01  -2.1631879091E-01   2.5642700320E-02
    8     -2.7376324098E-02  -1.2197203587E-02   1.7914640918E-02   2.5078574746E-02  -5.0258342263E-02
    9      1.3919939916E-04   1.8519219006E-03   8.1044124183E-04  -1.9651287128E-03  -1.2615380192E-04
   10     -1.2312227773E-03   1.8794338356E-03   1.3084537433E-03  -2.8796159932E-04   4.2126193417E-04
   11      4.4733645661E-03  -1.9315931797E-02  -3.0813802614E-05   1.3893534083E-04   1.7190520118E-04
   12     -7.0671974939E-04   4.1915145471E-04   4.0852668909E-04   4.4821788827E-04  -1.4577846863E-04
   13      1.2188660205E-04   2.0946853386E-04  -5.7061950626E-04   8.2640316117E-04   7.4682060274E-05
   14     -3.0016203392E-04   2.8424149266E-03  -5.5356568811E-06  -8.3660261739E-05  -1.2129008125E-04
   15     -3.5956578847E-03   1.8629571527E-04  -1.3409778220E-04   1.9000409234E-04  -9.0823747854E-05
   16     -4.3454241093E-03   1.7785041272E-04   8.7437444839E-05   3.6081267949E-04  -3.6557571028E-04
   17      7.8095196533E-04   1.6608353067E-03  -7.0327136038E-05   1.5184560352E-05   3.3237628257E-04
   18      8.3639663293E-04   7.8958238426E-05   5.5482916160E-04  -1.1524343247E-03  -2.5892287243E-04
   19      6.6685400144E-04   4.9491204617E-04   8.2666550983E-04  -1.6195192740E-03  -9.3577010589E-04
   20     -3.2702173626E-05   3.6896360316E-04   1.4057479288E-04   1.1922331487E-04   5.8476497744E-04
   21      2.5361864707E-04   5.2635742170E-04   2.0357086378E-04   5.9748421522E-05   3.3106060119E-04
   22      9.7310422214E-04   2.3391163064E-04   1.7386153325E-04   3.1943520418E-04   2.4542808196E-04
   23     -5.0882174583E-04   4.7479203732E-04   2.6488420213E-04  -5.4000069057E-05  -2.4237464648E-05
   24      9.0430399996E-03  -4.2968590832E-02   6.1757075449E-04  -1.2452449871E-04  -6.1602350058E-04
   25      6.2723185204E-02  -4.2016213913E-02  -6.6612591526E-04   9.1620933939E-04   2.1713379693E-04
   26     -4.2016213913E-02   3.0621829430E-01  -3.0239859388E-04  -3.6619037624E-04   2.3819764721E-04
   27     -6.6612591526E-04  -3.0239859388E-04   1.3818936196E-01   1.2895933970E-01  -1.9949900065E-02
   28      9.1620933939E-04  -3.6619037624E-04   1.2895933970E-01   2.3879439190E-01  -2.5622369629E-02
   29      2.1713379693E-04   2.3819764721E-04  -1.9949900065E-02  -2.5622369629E-02   5.0480876939E-02
   30      2.7487083656E-03   8.3959919092E-04  -3.4474037879E-03  -1.5773324696E-03   1.8135338143E-02
   31     -4.0098859096E-03  -2.1112648036E-03  -2.7134785019E-03  -3.2330234290E-03   2.5725935706E-02
   32     -2.8769801869E-03   5.6040801787E-04  -3.2810065594E-04  -4.5548021269E-05  -2.3880508053E-03
   33     -3.3736620014E-04   3.7953691106E-04  -1.4876568346E-02   3.5595789281E-03  -8.0092299911E-03
   34      1.0139245968E-03  -3.7794806446E-05  -2.2827450994E-02   4.6339039179E-03  -1.2872553324E-02
   35      6.8627722611E-04   6.6856571291E-04   4.8943928279E-03  -8.9089545205E-04   1.1440865575E-03
   36      1.6757672221E-04  -2.5001414256E-04  -2.7372142376E-04   1.2400811927E-03   1.8790331862E-05
   37      2.8108618651E-04  -3.4965568664E-04   2.1265443526E-05   2.6053660499E-04   2.0148100255E-04
   38     -6.2337433557E-04   6.0586122349E-04   1.5806898056E-04   1.9196862654E-04   3.4139431683E-04
   39      8.1960782875E-04  -3.0476226334E-03  -6.6059689656E-05   1.1364262493E-04   9.8091900844E-05
   40      5.3905556531E-04  -1.1826843386E-04  -5.7123040395E-05  -2.5313398649E-05   1.0802215409E-04
   41      1.7571959593E-04  -3.5286592062E-04  -8.3227470680E-05   1.4439319180E-05  -1.9825996980E-05
   42     -7.9225187692E-05  -2.1879988597E-05   5.4161913948E-05  -3.7476924303E-04  -8.7825012583E-05
   43     -6.9216262291E-05  -7.2384065924E-05   1.0725461607E-04   2.2876568922E-04   2.7683081035E-05
   44      2.2541276561E-04  -1.8776090964E-04  -3.5965707537E-05  -7.0264511462E-05  -8.4292650683E-05
                   30                 31                 32                 33                 34        
    0      2.2001142658E-04   3.7954777416E-04  -1.2115260686E-04   8.6682403416E-04   1.0507263578E-03
    1     -6.9978352463E-04   2.1091380737E-03   1.0204425423E-03  -1.0607814823E-03   1.5648636330E-03
    2     -7.5464442380E-04  -1.1742688648E-03   7.0254851558E-04  -1.0714383020E-04   8.6252601763E-04
    3     -4.1592563196E-03   4.2023855703E-03   3.4186077511E-03  -1.4751107855E-02   2.4249891025E-02
    4     -2.3425872350E-03   3.0003473933E-03   9.7400050392E-04   1.7769288666E-03  -5.8852331109E-03
    5      1.5765738108E-02  -2.7229075063E-02  -1.5291161331E-02  -7.0126882518E-03   1.3745917201E-02
    6     -5.2584810516E-02  -6.5911850636E-03   4.0127122327E-02  -2.4542275281E-01   3.3190150306E-02
    7     -6.3190887916E-03  -5.1545678566E-02   3.5803704977E-02   3.3795940375E-02  -5.0495926051E-02
    8      4.0268625124E-02   3.5776217598E-02  -2.8702233723E-01  -1.0438621677E-01   1.8008773843E-02
    9      5.2093545435E-04  -6.8089200184E-04  -1.3468062027E-03   9.1130622753E-04  -9.5715129400E-04
   10     -4.5372158970E-04   6.9856856870E-04   8.1841755371E-04   2.0924307717E-03  -3.9991958194E-03
   11      2.2282391786E-03  -1.2286654596E-03  -1.2650805553E-05   3.0211495745E-03  -3.4339240225E-03
   12      2.3268878684E-05  -2.0973867783E-04   8.1014595001E-06  -1.1036404732E-03   2.7812400484E-03
   13     -1.4674730004E-04   2.8645387218E-06  -1.9204955067E-04   1.1027424259E-03  -1.0970175394E-03
   14     -8.1968168159E-04   5.3897058376E-04   5.3621547067E-04  -4.6050920997E-04   1.1765068787E-04
   15      4.5066605622E-04  -1.2841959364E-04  -4.1910500589E-04  -1.7643785105E-05  -4.4347903971E-05
   16      1.3362988856E-04  -3.2740050530E-04  -8.8379798559E-04   8.1508243174E-05  -1.0864087703E-04
   17     -2.2323712413E-04   7.0093155171E-04   3.4827868846E-04   4.8294412140E-05   4.9951359757E-05
   18     -1.5145037094E-04   2.7460599400E-05  -5.2147734903E-05   1.8435742739E-04  -2.4704517768E-04
   19     -7.1873260746E-05   2.5487651885E-04  -2.7380939536E-05  -1.5570824756E-04   4.4120771121E-04
   20     -8.3958310915E-05   3.7185481062E-04   4.3569314897E-04   2.6682527518E-04  -1.4719614886E-04
   21     -7.3175508996E-06  -1.0080938033E-04   2.1005620982E-05   6.3410208982E-04  -6.5982051938E-04
   22      8.5257689211E-05  -1.0541375075E-04  -5.3483349383E-05   5.3643634383E-04  -5.1457118506E-04
   23     -1.4943312390E-04   2.1479968743E-05  -1.0770391221E-04  -6.4201700243E-06  -3.9964915809E-04
   24     -9.6601604275E-04   2.7760739662E-03   1.2758774492E-03   1.5854797644E-04  -6.8112371782E-04
   25      2.7487083656E-03  -4.0098859096E-03  -2.8769801869E-03  -3.3736620014E-04   1.0139245968E-03
   26      8.3959919092E-04  -2.1112648036E-03   5.6040801787E-04   3.7953691106E-04  -3.7794806446E-05
   27     -3.4474037879E-03  -2.7134785019E-03  -3.2810065594E-04  -1.4876568346E-02  -2.2827450994E-02
   28     -1.5773324696E-03  -3.2330234290E-03  -4.5548021269E-05   3.5595789281E-03   4.6339039179E-03
   29      1.8135338143E-02   2.5725935706E-02  -2.3880508053E-03  -8.0092299911E-03  -1.2872553324E-02
   30      5.4726806053E-02   4.1060676489E-03  -4.6665855391E-02   5.6206475406E-03   4.0722127585E-03
   31      4.1060676489E-03   5.5181583629E-02  -3.6250028098E-02  -1.3442624242E-03  -1.9538757754E-03
   32     -4.6665855391E-02  -3.6250028098E-02   3.1491065741E-01   3.3277874071E-03   2.0096308935E-03
   33      5.6206475406E-03  -1.3442624242E-03   3.3277874071E-03   2.6739708704E-01  -3.9941146120E-02
   34      4.0722127585E-03  -1.9538757754E-03   2.0096308935E-03  -3.9941146120E-02   5.5760954689E-02
   35     -2.8071811128E-02   4.1211165633E-03  -1.3266584835E-02   1.1300187341E-01  -1.7888359805E-02
   36     -9.2603679423E-05   8.2048427173E-05   2.2599150278E-05   4.4863741213E-04   2.7239723958E-04
   37     -5.5217929082E-05  -4.2864399657E-05  -7.7381404682E-05  -3.1223486837E-05   3.2489437855E-04
   38      1.6797114542E-05   1.9024075830E-04  -6.5578320953E-05   1.4487476772E-04  -1.0964419429E-04
   39     -2.1573507121E-04   1.5687547746E-04   7.5056462510E-04   1.6608877266E-04  -3.1587494271E-04
   40      4.8620030784E-04  -1.2076624347E-05  -1.9299512788E-04  -6.8280852168E-05   1.7006826640E-05
   41     -5.4132487415E-04   5.7040889962E-04   7.8004491254E-04  -2.1951957217E-04   6.3361067440E-05
   42      6.2257929392E-05   3.9442661049E-05  -2.0897343906E-05  -2.1588524684E-04   8.5594958084E-05
   43      3.3158960648E-05  -1.7159762466E-05  -9.4188186601E-06  -3.5049163552E-05   2.9770460533E-04
   44      5.8008349774E-05  -4.0987139888E-05  -1.1977892546E-04   1.0276036767E-05   4.4790884578E-05
                   35                 36                 37                 38                 39        
    0      2.0848316417E-04  -4.8901395215E-03   1.1857443637E-03  -2.1705233898E-03   2.1901205783E-03
    1      5.4821219851E-04   2.6871592690E-03   7.5529001319E-04   1.1020887627E-03   1.1669791304E-03
    2      1.8350228035E-04  -3.6738597574E-03   3.0644975530E-05  -8.0465440503E-04  -7.1165234846E-04
    3      1.3607074516E-02  -1.7093910295E-02   7.5050067153E-04  -1.1910849219E-02   1.0772229190E-03
    4     -2.6141198604E-03  -2.3635864000E-02   1.9105499713E-03  -1.2918485029E-02   5.7109636976E-03
    5      5.7511864673E-03   5.1525111303E-03   2.2834181519E-04   1.7413748761E-03  -2.9408153909E-02
    6     -1.0478565811E-01   7.6582056519E-04   5.8897027072E-04   8.2312296967E-04   1.5277582792E-03
    7      1.8452677005E-02  -1.5845312931E-03   9.6497355355E-04  -3.9657164563E-04  -1.0755519277E-03
    8     -9.9095741852E-02   1.2622885073E-04   2.2858731338E-04   1.8966664535E-04  -9.3234649364E-04
    9     -7.6689673862E-06  -1.3103964259E-01  -1.1743540346E-01   2.1986194097E-02  -5.1378665582E-02
   10     -1.6622216305E-03  -1.2471997126E-01  -2.1128021984E-01   3.4170308156E-02  -8.5848222696E-03
   11     -1.2247611600E-03   2.0257717464E-02   2.8839236766E-02  -5.6854066487E-02   2.5823887574E-02
   12      1.1373416497E-03   1.0385614494E-02  -6.3779999570E-03  -5.9525011844E-03  -6.7271885564E-03
   13     -8.3777694904E-04   2.2545513607E-02  -3.2905441335E-02  -1.5643679554E-02   7.1473364886E-03
   14      4.8446975279E-04  -1.5700709418E-03   8.3399378714E-05   2.9121442156E-03   2.3173388863E-02
   15     -1.7300282061E-04   2.8140935343E-04   1.0441640025E-04  -3.4283412543E-04  -1.2570954851E-04
   16      3.1289829813E-06   3.5087371202E-04   3.2022021641E-05  -2.4555858627E-04  -2.6475775649E-04
   17     -1.1390557392E-04   3.7081288078E-05  -4.6148606297E-05   2.9011509530E-04   8.8846861530E-04
   18      1.9710884655E-04   2.3565305827E-04   2.2917481255E-06   2.5072128073E-04  -1.3506622231E-04
   19      1.7565589513E-04   2.4624754810E-05   7.4098054579E-05   1.1811214546E-05  -2.8813275767E-04
   20     -4.8245019746E-05  -8.5285903232E-05   1.0856646266E-04   1.8121707974E-06  -4.4381834625E-05
   21     -2.0782411753E-04  -1.2122106894E-03   1.4743364065E-04  -5.8034529467E-04   2.5298115733E-04
   22      1.6475270444E-04  -1.8072979464E-03   2.6900492460E-04  -6.8049202452E-04   1.3991086108E-04
   23      1.6653684002E-04  -5.6026133864E-05  -1.1666754533E-05   3.7551163323E-04   3.4794803357E-04
   24      2.9549665013E-05   1.2136281904E-03  -1.6905429594E-04   5.1683622951E-04  -4.9137682183E-03
   25      6.8627722611E-04   1.6757672221E-04   2.8108618651E-04  -6.2337433557E-04   8.1960782875E-04
   26      6.6856571291E-04  -2.5001414256E-04  -3.4965568664E-04   6.0586122349E-04  -3.0476226334E-03
   27      4.8943928279E-03  -2.7372142376E-04   2.1265443526E-05   1.5806898056E-04  -6.6059689656E-05
   28     -8.9089545205E-04   1.2400811927E-03   2.6053660499E-04   1.9196862654E-04   1.1364262493E-04
   29      1.1440865575E-03   1.8790331862E-05   2.0148100255E-04   3.4139431683E-04   9.8091900844E-05
   30     -2.8071811128E-02  -9.2603679423E-05  -5.5217929082E-05   1.6797114542E-05  -2.1573507121E-04
   31      4.1211165633E-03   8.2048427173E-05  -4.2864399657E-05   1.9024075830E-04   1.5687547746E-04
   32     -1.3266584835E-02   2.2599150278E-05  -7.7381404682E-05  -6.5578320953E-05   7.5056462510E-04
   33      1.1300187341E-01   4.4863741213E-04  -3.1223486837E-05   1.4487476772E-04   1.6608877266E-04
   34     -1.7888359805E-02   2.7239723958E-04   3.2489437855E-04  -1.0964419429E-04  -3.1587494271E-04
   35      1.0501338602E-01  -9.0538271446E-05  -1.1505323269E-04  -2.3450223454E-04   2.3250132062E-04
   36     -9.0538271446E-05   1.4345321369E-01   1.2224946584E-01  -2.1004213329E-02  -1.0336050621E-03
   37     -1.1505323269E-04   1.2224946584E-01   2.4467937436E-01  -2.6467430349E-02  -3.7669138141E-03
   38     -2.3450223454E-04  -2.1004213329E-02  -2.6467430349E-02   5.5320384638E-02   1.7332245487E-02
   39      2.3250132062E-04  -1.0336050621E-03  -3.7669138141E-03   1.7332245487E-02   5.9157584060E-02
   40     -1.0592964607E-04  -2.4700131720E-03  -2.6277285697E-03   2.4852018523E-02   7.0941899412E-05
   41      5.8673379922E-04  -7.2347519715E-04   1.0598378946E-03  -3.0101714053E-03  -3.3542460770E-02
   42      2.9288016140E-05  -1.1481434969E-03   2.6369329139E-03   7.1362546722E-04   2.2404218444E-04
   43     -5.0944494526E-05   4.7467285528E-03  -2.6955759182E-03  -3.4803524851E-03  -1.0585988227E-03
   44     -1.4726757556E-05   1.8573356088E-03  -3.6656074131E-03  -8.0929196117E-04  -9.0287910010E-04
                   40                 41                 42                 43                 44        
    0      3.1557797844E-04   1.3788651399E-03  -1.9290494213E-04   2.8776002417E-04  -4.3843657121E-04
    1      3.2464223421E-04   1.9721475734E-04   1.3138324224E-03   4.6666041027E-04   9.6975137624E-04
    2     -1.3331439439E-03   8.4435296035E-04   1.2516269717E-03   1.1401760241E-05   1.0516184776E-03
    3     -1.6921521743E-03   1.7010647145E-03   6.7924313448E-04  -4.2752368176E-04   7.5449761669E-04
    4      3.9303456970E-04   5.1542890150E-03   2.4327842175E-03   1.9407415608E-04   9.2981637349E-04
    5      3.6114307311E-03  -1.9026761886E-02  -9.6365448712E-05   1.0694260620E-03   4.8877616009E-05
    6     -5.5389970351E-04   5.3413457931E-04  -7.9116005631E-04  -4.6344324407E-04  -2.3679007247E-04
    7      4.1208396724E-04  -4.2851373593E-04  -2.9998235554E-04  -2.0747399628E-04  -9.1475955545E-05
    8      6.2343770415E-04   4.3105205424E-05   7.4495359711E-05  -2.7556072344E-04   2.0022016248E-04
    9     -1.1298044358E-02   2.6003275182E-02   7.1447099418E-03  -1.6359266674E-02  -5.5535237637E-03
   10     -5.9313140087E-02   4.7010500673E-02   2.4701615809E-02  -3.1597508722E-02  -2.0360020816E-02
   11      4.8698762192E-02  -2.7246861235E-01  -4.5293281236E-03   8.7190490130E-03   1.2376291767E-03
   12      1.3455589278E-02   8.9248409280E-03  -1.2530444184E-01  -1.5721744005E-01   7.5883537983E-02
   13     -5.2528173135E-03  -1.0676932823E-02  -1.9937144026E-01  -3.7369421068E-01   1.2082903881E-01
