*************************************************
******************* ORCA 6.0.0 ******************
*************************************************
$Calculation_Status
   &GeometryIndex 1
   &ListStatus       OUT
   &VERSION [&Type "String"] "6.0.0"
   &PROGNAME [&Type "String"] "LeanSCF"
   &STATUS [&Type "String"] "NORMAL TERMINATION"
$End
$Geometry
   &GeometryIndex 1
   &ListStatus       OUT
   &NATOMS [&Type "Integer"] 12
   &NCORELESSECP [&Type "Integer"] 0
   &NGHOSTATOMS [&Type "Integer"] 0
   &CartesianCoordinates [&Type "Coordinates", &Dim(12,4), &Units "Bohr"] 
              C      0.446073702528    2.604366576231   -0.000575218084
              C      2.478436388471    0.916315598999   -0.000507529039
              C      2.032042465613   -1.688054492123   -0.000351331458
              C     -0.446111704921   -2.604236121255   -0.000297452909
              C     -2.478469433923   -0.916165361236   -0.000363670047
              C     -2.032056623063    1.688200081349   -0.000480719494
              Cl    -4.543263014716    3.773961506611   -0.000535841105
              Cl    -5.540482788401   -2.047614022306   -0.000262744498
              Cl    -0.997024310807   -5.821917999260   -0.000095412839
              Cl     4.543284061919   -3.773839119443   -0.000265514270
              Cl     5.540512679522    2.047563163162   -0.000548722801
              Cl     0.996930912982    5.822003596862   -0.000631867916
$End
$SCF_Energy
   &GeometryIndex 1
   &ListStatus       OUT
   &SCF_ENERGY [&Type "Double"]      -2.9896944929899119e+03
$End
$DFT_Energy
   &GeometryIndex 1
   &ListStatus       OUT
   &NALPHAEL [&Type "Integer"] 69
   &NBETAEL [&Type "Integer"] 69
   &NTOTALEL [&Type "Integer"] 138
   &EEXCHANGE [&Type "Double"]      -1.9665471319275915e+02
   &ECORR [&Type "Double"]      -5.2188444482766450e+00
   &ECNL [&Type "Double"]       0.0000000000000000e+00
   &EXC [&Type "Double"]      -2.0187355764103580e+02
   &EEMBED [&Type "Double"]       0.0000000000000000e+00
   &FINALEN [&Type "Double"]      -2.9896944929899119e+03  "No Van der Waals correction"
$End
$Mulliken_Population_Analysis
   &GeometryIndex 1
   &ListStatus       OUT
   &NATOMS [&Type "Integer"] 12
   &ATNO [&Type "ArrayOfIntegers", &Dim (12,1)] 
                                                         0

0                                                        6
1                                                        6
2                                                        6
3                                                        6
4                                                        6
5                                                        6
6                                                       17
7                                                       17
8                                                       17
9                                                       17
10                                                      17
11                                                      17
   &ATOMICCHARGES [&Type "ArrayOfDoubles", &Dim (12,1)] 
                                                         0

0                                      3.2794506084819375e-02
1                                      3.2738688404598371e-02
2                                      3.3084659123487015e-02
3                                      3.2771179036696019e-02
4                                      3.2753802423714617e-02
5                                      3.3071519014650441e-02
6                                     -3.2914961848231172e-02
7                                     -3.2820491268996221e-02
8                                     -3.2870629981754718e-02
9                                     -3.2921072214588065e-02
10                                    -3.2820515300301167e-02
11                                    -3.2866683474331637e-02
$End
$Loewdin_Population_Analysis
   &GeometryIndex 1
   &ListStatus       OUT
   &NATOMS [&Type "Integer"] 12
   &ATNO [&Type "ArrayOfIntegers", &Dim (12,1)] 
                                                         0

0                                                        6
1                                                        6
2                                                        6
3                                                        6
4                                                        6
5                                                        6
6                                                       17
7                                                       17
8                                                       17
9                                                       17
10                                                      17
11                                                      17
   &ATOMICCHARGES [&Type "ArrayOfDoubles", &Dim (12,1)] 
                                                         0

0                                     -4.5374169016384069e-01
1                                     -4.5374348895729266e-01
2                                     -4.5361332358948747e-01
3                                     -4.5371510632734058e-01
4                                     -4.5373804526569295e-01
5                                     -4.5363441535673665e-01
6                                      4.5366719436697878e-01
7                                      4.5375524909969300e-01
8                                      4.5366394143880839e-01
9                                      4.5364175880882485e-01
10                                     4.5376176808457203e-01
11                                     4.5369615786132300e-01
$End
$Mayer_Population_Analysis
   &GeometryIndex 1
   &ListStatus       OUT
   &NATOMS [&Type "Integer"] 12 "Total number of atoms"
   &BONDTHRESH [&Type "Double"]       1.0000000000000001e-01  "The threshold for printing"
   &NBONDORDERSPRINT [&Type "Integer"] 12 "The number of bond orders larger than threshold"
   &BONDORDERS [&Type "ArrayOfDoubles", &Dim (12,1)] "The bond orders"
                                                         0

0                                      1.2875117116645249e+00
1                                      1.2872943849575189e+00
2                                      1.2145562782587513e+00
3                                      1.2871211784936714e+00
4                                      1.2146366845341940e+00
5                                      1.2872740607795707e+00
6                                      1.2143739584730711e+00
7                                      1.2875108576733822e+00
8                                      1.2145478123006148e+00
9                                      1.2871094098141509e+00
10                                     1.2146337700004741e+00
11                                     1.2143752695598535e+00
   &COMPONENTS [&Type "ArrayOfIntegers", &Dim (12,4)] "The indices and atomic numbers of the bonding atoms"
                                                         0                           1                           2                           3

0                                                        0                           6                           1                           6
1                                                        0                           6                           5                           6
2                                                        0                           6                          11                          17
3                                                        1                           6                           2                           6
4                                                        1                           6                          10                          17
5                                                        2                           6                           3                           6
6                                                        2                           6                           9                          17
7                                                        3                           6                           4                           6
8                                                        3                           6                           8                          17
9                                                        4                           6                           5                           6
10                                                       4                           6                           7                          17
11                                                       5                           6                           6                          17
   &ATNO [&Type "ArrayOfIntegers", &Dim (12,1)] "Atomic number of the elements"
                                                         0

0                                                        6
1                                                        6
2                                                        6
3                                                        6
4                                                        6
5                                                        6
6                                                       17
7                                                       17
8                                                       17
9                                                       17
10                                                      17
11                                                      17
   &NA [&Type "ArrayOfDoubles", &Dim (12,1)] "Mulliken gross atomic population"
                                                         0

0                                      5.9672054939151851e+00
1                                      5.9672613115954007e+00
2                                      5.9669153408765236e+00
3                                      5.9672288209633093e+00
4                                      5.9672461975762570e+00
5                                      5.9669284809853558e+00
6                                      1.7032914961848309e+01
7                                      1.7032820491268957e+01
8                                      1.7032870629981655e+01
9                                      1.7032921072214602e+01
10                                     1.7032820515300237e+01
11                                     1.7032866683474357e+01
   &ZA [&Type "ArrayOfDoubles", &Dim (12,1)] "Total nuclear charge"
                                                         0

0                                      6.0000000000000000e+00
1                                      6.0000000000000000e+00
2                                      6.0000000000000000e+00
3                                      6.0000000000000000e+00
4                                      6.0000000000000000e+00
5                                      6.0000000000000000e+00
6                                      1.7000000000000000e+01
7                                      1.7000000000000000e+01
8                                      1.7000000000000000e+01
9                                      1.7000000000000000e+01
10                                     1.7000000000000000e+01
11                                     1.7000000000000000e+01
   &QA [&Type "ArrayOfDoubles", &Dim (12,1)] "Mulliken gross atomic charge"
                                                         0

0                                      3.2794506084814934e-02
1                                      3.2738688404599259e-02
2                                      3.3084659123476357e-02
3                                      3.2771179036690690e-02
4                                      3.2753802423743039e-02
5                                      3.3071519014644224e-02
6                                     -3.2914961848309332e-02
7                                     -3.2820491268957142e-02
8                                     -3.2870629981655242e-02
9                                     -3.2921072214602276e-02
10                                    -3.2820515300237219e-02
11                                    -3.2866683474356506e-02
   &VA [&Type "ArrayOfDoubles", &Dim (12,1)] "Mayer's total valence"
                                                         0

0                                      3.8935805035975277e+00
1                                      3.8936226251932178e+00
2                                      3.8929012317107596e+00
3                                      3.8935782904961185e+00
4                                      3.8936002880833205e+00
5                                      3.8929187975474644e+00
6                                      1.3202002229371690e+00
7                                      1.3203950265593651e+00
8                                      1.3203408672221228e+00
9                                      1.3201856952288515e+00
10                                     1.3203950917464766e+00
11                                     1.3203528910919975e+00
   &BVA [&Type "ArrayOfDoubles", &Dim (12,1)] "Mayer's bonded valence"
                                                         0

0                                      3.8935805035975566e+00
1                                      3.8936226251933475e+00
2                                      3.8929012317107148e+00
3                                      3.8935782904961029e+00
4                                      3.8936002880833689e+00
5                                      3.8929187975474497e+00
6                                      1.3202002229370573e+00
7                                      1.3203950265595128e+00
8                                      1.3203408672222889e+00
9                                      1.3201856952288700e+00
10                                     1.3203950917466385e+00
11                                     1.3203528910920386e+00
   &FA [&Type "ArrayOfDoubles", &Dim (12,1)] "Mayer's free valence"
                                                         0

0                                      0.0000000000000000e+00
1                                      0.0000000000000000e+00
2                                      0.0000000000000000e+00
3                                      0.0000000000000000e+00
4                                      0.0000000000000000e+00
5                                      0.0000000000000000e+00
6                                      0.0000000000000000e+00
7                                      0.0000000000000000e+00
8                                      0.0000000000000000e+00
9                                      0.0000000000000000e+00
10                                     0.0000000000000000e+00
11                                     0.0000000000000000e+00
$End
$VdW_Correction
   &GeometryIndex 1
   &ListStatus       OUT
   &VDW [&Type "Double"]      -8.3178730964628828e-03
$End
$Calculation_Info
   &GeometryIndex 1
   &ListStatus       OUT
   &MULT [&Type "Integer"] 1
   &CHARGE [&Type "Integer"] 0
   &NUMOFATOMS [&Type "Integer"] 12
   &NUMOFELECTRONS [&Type "Integer"] 138
   &NUMOFFCELECTRONS [&Type "Integer"] 1
   &NUMOFCORRELECTRONS [&Type "Integer"] 0
   &NUMOFBASISFUNCTS [&Type "Integer"] 408
   &NUMOFAUXCBASISFUNCTS [&Type "Integer"] 0
   &NUMOFAUXJBASISFUNCTS [&Type "Integer"] 432
   &NUMOFAUXJKBASISFUNCTS [&Type "Integer"] 0
   &NUMOFCABSBASISFUNCTS [&Type "Integer"] 0
   &TOTALENERGY [&Type "Double"]      -2.9896928703181084e+03  "Hartrees"
$End
$SCF_Dipole_Moment
   &GeometryIndex 1
   &ListStatus       OUT
   &METHOD [&Type "String"] "SCF"
   &LEVEL [&Type "String"] "Relaxed density"
   &MULT [&Type "Integer"] 1
   &STATE [&Type "Integer"] -1
   &IRREP [&Type "Integer"] 0
   &NATOMS [&Type "Integer"] 12
   &DODIPOLEATOM [&Type "Boolean"] false
   &DIPOLEELECCONTRIB [&Type "ArrayOfDoubles", &Dim (3,1)] "Electronic contribution"
                                                         0

0                                     -5.2913603473846767e-07
1                                      1.9450984586075280e-06
2                                      4.2618949607916617e-05
   &DIPOLENUCCONTRIB [&Type "ArrayOfDoubles", &Dim (3,1)] "Nuclear contribution"
                                                         0

0                                     -7.6829669382050270e-06
1                                      4.8377143684774637e-05
2                                     -4.2384964931965405e-05
   &DIPOLETOTAL [&Type "ArrayOfDoubles", &Dim (3,1)] "Total"
                                                         0

0                                     -8.2121029729434946e-06
1                                      5.0322242143382165e-05
2                                      2.3398467595121228e-07
   &DIPOLEMAGNITUDE [&Type "Double", &Units "a.u."]       5.0988444165359624e-05
$End
$THERMOCHEMISTRY_Energies
   &GeometryIndex 1
   &ListStatus       OUT
   &TEMPERATURE [&Type "Double"]       2.9814999999999998e+02
   &PRESSURE [&Type "Double"]       1.0000000000000000e+00
   &TOTALMASS [&Type "Double"]       2.8478399999999999e+02
   &SPINDEGENERACY [&Type "Integer"] 1
   &ELENERGY [&Type "Double"]      -2.9896928703181084e+03
   &TRANSENERGY [&Type "Double"]       1.4162714244859817e-03
   &ROTENERGY [&Type "Double"]       1.4162714244859817e-03
   &VIBENERGY [&Type "Double"]       8.7386896744196616e-03
   &NUMOFFREQS [&Type "Integer"] 36
   &FREQSCALINGFACTOR [&Type "Double"]       1.0000000000000000e+00
   &FREQ [&Type "ArrayOfDoubles", &Dim (36,1)] "In cm^-1"
                                                         0

0                                      0.0000000000000000e+00
1                                      0.0000000000000000e+00
2                                      0.0000000000000000e+00
3                                      0.0000000000000000e+00
4                                      0.0000000000000000e+00
5                                      0.0000000000000000e+00
6                                      7.2360486428756445e+01
7                                      7.2585794565463132e+01
8                                      9.9310654143642495e+01
9                                      1.7862940086475581e+02
10                                     2.2015720541959746e+02
11                                     2.2048439078362011e+02
12                                     2.2406470204158984e+02
13                                     2.2427304486556980e+02
14                                     2.3940047826924416e+02
15                                     3.2037064000785335e+02
16                                     3.2042322755861824e+02
17                                     3.3766686593101713e+02
18                                     3.3803934509814673e+02
19                                     3.6449965002386080e+02
20                                     3.8905031200763494e+02
21                                     6.0145122447220410e+02
22                                     6.0197058813468823e+02
23                                     6.2204492185648951e+02
24                                     6.7941916064918178e+02
25                                     6.7970254247974788e+02
26                                     7.2765748651208844e+02
27                                     8.6697882093101566e+02
28                                     8.6746145692777691e+02
29                                     1.0808706143130264e+03
30                                     1.1986657972690941e+03
31                                     1.2946659619529566e+03
32                                     1.3395994333072306e+03
33                                     1.3405667616077087e+03
34                                     1.5300063872647722e+03
35                                     1.5306431428888000e+03
   &ZPE [&Type "Double"]       4.2335235758887195e-02
   &INNERENERGYU [&Type "Double"]      -2.9896389638498258e+03
   &ENTHALPYH [&Type "Double"]      -2.9896380196407836e+03
   &QEL [&Type "Double"]       0.0000000000000000e+00
   &QROT [&Type "Double"]       1.5113329992150008e-02
   &QVIB [&Type "Double"]       1.5104937924062433e-02
   &QTRANS [&Type "Double"]       2.0353456291859605e-02
   &ENTROPYS [&Type "Double"]       5.0571724208072044e-02
   &FREEENERGYG [&Type "Double"]      -2.9896885913649917e+03
   &ISLINEAR [&Type "Boolean"] false
$End
$Hessian
   &GeometryIndex 1
   &ListStatus       OUT
   &HESSIAN [&Type "ArrayOfDoubles", &Dim (36,36)] "The Hessian"
                                                         0                           1                           2                           3                           4                           5                           6                           7

0                                      6.1113540515732501e-01        -1.8122627665145906e-02        -5.1836827555383431e-06        -2.1347599082366214e-01         7.6638601708945847e-02        -2.4117954274881264e-06         4.1458518311533139e-02         5.9764623612568901e-02
1                                     -1.8122627665145906e-02         5.0934917125469736e-01        -1.5928216750982072e-05         1.2684425068232050e-01        -1.7532474147431787e-01         5.0029694633189800e-06         1.1663786405740209e-02        -4.2011546292975530e-02
2                                     -5.1836827555383431e-06        -1.5928216750982072e-05         1.1193879903138187e-01        -4.8730081210225471e-06         4.9597997441014409e-06        -5.7183340308278180e-02        -4.8225743203505412e-07         2.3637209219607767e-06
3                                     -2.1347599082366214e-01         1.2684425068232050e-01        -4.8730081210225471e-06         5.1934832349853777e-01        -3.5272084741385573e-02        -2.5450750106464429e-07        -9.6815095590047806e-02        -5.9511249232215978e-02
4                                      7.6638601708945847e-02        -1.7532474147431787e-01         4.9597997441014409e-06        -3.5272084741385573e-02         6.0081915209716608e-01        -2.5154569538164402e-05        -9.3748700595027434e-03        -2.9133744026952685e-01
5                                     -2.4117954274881264e-06         5.0029694633189800e-06        -5.7183340308278180e-02        -2.5450750106464429e-07        -2.5154569538164402e-05         1.1183559828341047e-01         2.6778465249189323e-07         1.3941723462092087e-05
6                                      4.1458518311533139e-02         1.1663786405740209e-02        -4.8225743203505412e-07        -9.6815095590047806e-02        -9.3748700595027434e-03         2.6778465249189323e-07         5.4999343149361002e-01         5.3366188288898914e-02
7                                      5.9764623612568901e-02        -4.2011546292975530e-02         2.3637209219607767e-06        -5.9511249232215978e-02        -2.9133744026952685e-01         1.3941723462092087e-05         5.3366188288898914e-02         5.6939506939239126e-01
8                                     -3.8111141865108064e-06         2.7291991755185012e-06         6.7282337835487954e-03         3.7264969940628830e-06         1.4411447879394648e-05        -5.7107656673635460e-02        -5.7152697559878401e-06        -2.6289872554645062e-05
9                                     -5.6903813964399044e-02         9.6228474124282464e-03         1.9034374430650520e-08         9.7539417895921576e-03        -7.7985936602631839e-02         5.1878048737435864e-06        -2.7272727555939813e-01        -4.2169310526809049e-02
10                                     9.6233814971591232e-03        -2.0477428134983780e-03        -1.7344439711440420e-07        -2.9859900486320031e-02        -1.0378298250588220e-02         9.7855074442668468e-07        -9.2283820355554852e-02        -1.1580308763730740e-01
11                                     1.0893894757032894e-07         1.4345071534882175e-09        -1.3649301735099706e-04         1.7343959960204573e-06         1.6817227163178273e-06         6.6903265615089053e-03         5.7420806586204071e-06         3.1626872763188344e-06
12                                     9.7536255502610660e-03        -2.9860027703491561e-02         7.6600613157514327e-07        -7.3556544304721385e-03         1.8852131030494511e-02        -8.4062359709876912e-07        -5.2133034360438368e-02        -5.7713945925409122e-03
13                                    -7.7987549651782992e-02        -1.0379729732670775e-02         2.5576831395095831e-06         1.8853463972113193e-02        -5.1469655109092502e-02         1.9992529637459961e-06         4.2307331113541867e-02         5.1441468430125675e-02
14                                     4.0484089483424943e-06         1.6169492610643855e-06         6.6908245541023870e-03        -6.2770647648170724e-07         1.8616418987714664e-06        -1.3568928582051443e-04        -1.8763230126025242e-06        -1.9163915370716371e-06
15                                    -2.7275541869830278e-01        -9.2295907545173500e-02         8.5566939209931467e-06        -5.2134971988880702e-02         4.2308914892632617e-02        -1.5433575334405850e-06        -2.4192561066739393e-02        -2.8558236605548765e-02
16                                    -4.2178760208358757e-02        -1.1580347610432636e-01         3.4126506649408348e-06        -5.7714930011844492e-03         5.1441224532718148e-02        -2.2551849259229494e-06        -2.8557281089732198e-02        -3.4821668601878304e-02
17                                     6.4501609665553518e-06         4.5439887854854476e-06        -5.7146201338006353e-02         1.1080282818844843e-06        -2.8741700063653712e-06         6.7339461616070379e-03         1.4417848839527541e-06         1.7526639500228246e-06
18                                    -3.7350832830005273e-02         2.5963199662566550e-02        -1.7056647396250444e-07         8.5783111431834980e-05        -5.5168389004573845e-03        -1.3559914208066981e-07         3.2504189057787260e-05         3.0146477647653822e-04
19                                     7.4548980439066576e-03        -2.9989915533175059e-03        -3.1925441073623210e-07        -2.0537441425113596e-03         3.9836804015219311e-04         5.1932747634541737e-07         3.0032588730398457e-04         1.4393577482767683e-04
20                                     6.5929633989337850e-07        -3.6770477145843444e-07         4.3649482091418848e-03         3.7672948463759584e-08         5.1383774605415503e-07         3.3672338418684277e-03        -8.9589177746453319e-08        -1.9583105223548536e-07
21                                     3.6167950048675399e-03         4.3513483490159599e-05         2.2477957351137569e-08        -1.3660021998708992e-04        -1.8911711633604229e-04         3.2066176952170588e-09         2.5050182250856701e-03         4.7634635995667330e-03
22                                     3.4916607541714230e-03        -3.1104613896587455e-03         1.2574079933198840e-07        -1.9948316453167808e-04         3.2123531660956925e-04         1.5932651120386734e-08         1.3136687302506729e-03        -2.0076474358102303e-03
23                                    -1.9806105763746973e-07         2.3400618883211469e-07         3.3751681609430883e-03        -3.6515083189321780e-09        -1.0031109989536993e-07        -1.0481427526275828e-03         3.5616213302881324e-08         3.4187005097198386e-07
24                                     3.7539822936600523e-04        -1.0198897412967917e-04         5.6676415235000676e-08        -3.5191450079921109e-03         2.1564692310306662e-03        -1.1111925350952729e-07        -6.3402703453067887e-03        -2.8784376871253198e-02
25                                    -9.5522353108384015e-05        -1.9560663046244882e-04         1.3399004360174488e-07        -1.2842678177071650e-03         4.0269123014328436e-03         2.8798587268704535e-07        -1.0285797157025926e-02        -3.4012456178681726e-02
26                                    -1.0686561549470053e-07        -1.2818502557924432e-07        -1.0444057106727398e-03         6.3071959278420584e-09         2.4121370906749538e-08         3.3677933882372731e-03         9.9467786157474916e-07         2.6104867452456852e-06
27                                     1.7562851745744170e-03        -1.7369617672417536e-03         2.7197947297782142e-07        -1.0205878051237079e-02         1.2497824565407836e-02        -1.1496642374251084e-06        -1.1274138961933244e-01         6.0267023479387338e-02
28                                    -5.2068945380138298e-03        -1.2726085002886488e-03         4.7346188782357032e-08         3.1000183857164992e-02        -3.0234146369862529e-02         2.0389866106025426e-06         6.0256850249673158e-02        -9.0133153113140976e-02
29                                     3.7603929902286462e-07         2.5022103206129820e-07         3.3692941820913282e-03        -1.8262689220738942e-06         2.1349021935724713e-06         4.3625812202574676e-03        -2.2028644731163352e-06         2.7208487795255449e-06
30                                    -4.4034435960823529e-02        -1.1463777733243495e-02         2.9535034837796966e-07        -1.4844249182735086e-01        -3.9929783173121770e-02         1.3821589173596608e-06        -2.6087051877533900e-02        -1.3964265745501872e-02
31                                     7.0390532507843273e-03         3.6281978397865143e-03        -2.7670323788692367e-07        -3.9944304920651701e-02        -5.4997555727707238e-02         1.3786766120750652e-06        -3.2460543303618715e-02        -1.4302346820525058e-02
32                                    -4.2419130765704475e-07        -1.7803889830404057e-07         4.3582006363618343e-03         1.2027483688347963e-06         9.4084615798430479e-07        -2.5244109820564423e-02         1.9321816676043923e-06         1.2711629766478658e-06
33                                    -4.3575535150734437e-02        -2.0491239755000282e-02         7.1388526086835293e-07         2.8977795400681183e-03         1.5780124678564149e-02        -4.6103278076346708e-07        -2.9527938004899014e-03         2.9998209861358243e-04
34                                    -2.0485930954245904e-02        -1.5983246460296763e-01         3.0238068559421867e-06        -2.7668065187310062e-03        -4.3265055086983625e-02         1.3444581908050563e-06         3.7502490083833827e-03         3.4488727525014530e-03
35                                     5.0027674969129677e-07         2.2962574714382904e-06        -2.5315028183262929e-02        -1.6376284465195763e-07         1.5026213541901735e-06         4.3614593840365715e-03        -1.3130645317608166e-07         1.1129142282489840e-07
                                                         8                           9                          10                          11                          12                          13                          14                          15

0                                     -3.8111141865108064e-06        -5.6903813964399044e-02         9.6233814971591232e-03         1.0893894757032894e-07         9.7536255502610660e-03        -7.7987549651782992e-02         4.0484089483424943e-06        -2.7275541869830278e-01
1                                      2.7291991755185012e-06         9.6228474124282464e-03        -2.0477428134983780e-03         1.4345071534882175e-09        -2.9860027703491561e-02        -1.0379729732670775e-02         1.6169492610643855e-06        -9.2295907545173500e-02
2                                      6.7282337835487954e-03         1.9034374430650520e-08        -1.7344439711440420e-07        -1.3649301735099706e-04         7.6600613157514327e-07         2.5576831395095831e-06         6.6908245541023870e-03         8.5566939209931467e-06
3                                      3.7264969940628830e-06         9.7539417895921576e-03        -2.9859900486320031e-02         1.7343959960204573e-06        -7.3556544304721385e-03         1.8853463972113193e-02        -6.2770647648170724e-07        -5.2134971988880702e-02
4                                      1.4411447879394648e-05        -7.7985936602631839e-02        -1.0378298250588220e-02         1.6817227163178273e-06         1.8852131030494511e-02        -5.1469655109092502e-02         1.8616418987714664e-06         4.2308914892632617e-02
5                                     -5.7107656673635460e-02         5.1878048737435864e-06         9.7855074442668468e-07         6.6903265615089053e-03        -8.4062359709876912e-07         1.9992529637459961e-06        -1.3568928582051443e-04        -1.5433575334405850e-06
6                                     -5.7152697559878401e-06        -2.7272727555939813e-01        -9.2283820355554852e-02         5.7420806586204071e-06        -5.2133034360438368e-02         4.2307331113541867e-02        -1.8763230126025242e-06        -2.4192561066739393e-02
7                                     -2.6289872554645062e-05        -4.2169310526809049e-02        -1.1580308763730740e-01         3.1626872763188344e-06        -5.7713945925409122e-03         5.1441468430125675e-02        -1.9163915370716371e-06        -2.8558236605548765e-02
8                                      1.1171048708173634e-01         2.5538912098680055e-06         3.6912789702881482e-06        -5.7147207741423928e-02         1.1334370605986814e-06        -2.5498632948940263e-06         6.7334177077641860e-03         1.3379625957615581e-06
9                                      2.5538912098680055e-06         6.1110115594672998e-01        -1.8131247176301674e-02        -2.6865084880019011e-06        -2.1346742278947495e-01         7.6635460841743136e-02        -2.3763257969267493e-06         4.1458971727717536e-02
10                                     3.6912789702881482e-06        -1.8131247176301674e-02         5.0931385142355712e-01        -2.1231195722487317e-05         1.2684008026592236e-01        -1.7532285933705505e-01         4.7523638504602569e-06         1.1663361652903347e-02
11                                    -5.7147207741423928e-02        -2.6865084880019011e-06        -2.1231195722487317e-05         1.1194322202354533e-01        -5.2597260777452402e-06         5.3528100962539176e-06        -5.7184528362189818e-02        -6.8764483417540188e-07
12                                     1.1334370605986814e-06        -2.1346742278947495e-01         1.2684008026592236e-01        -5.2597260777452402e-06         5.1933261224629845e-01        -3.5262526463885821e-02        -2.2884207099576042e-06        -9.6817692465957964e-02
13                                    -2.5498632948940263e-06         7.6635460841743136e-02        -1.7532285933705505e-01         5.3528100962539176e-06        -3.5262526463885821e-02         6.0082159228991283e-01        -2.3521493858850310e-05        -9.3773021261886122e-03
14                                     6.7334177077641860e-03        -2.3763257969267493e-06         4.7523638504602569e-06        -5.7184528362189818e-02        -2.2884207099576042e-06        -2.3521493858850310e-05         1.1183617529847099e-01         7.3615188881323189e-07
15                                     1.3379625957615581e-06         4.1458971727717536e-02         1.1663361652903347e-02        -6.8764483417540188e-07        -9.6817692465957964e-02        -9.3773021261886122e-03         7.3615188881323189e-07         5.5003476603610013e-01
16                                     1.5062388170274578e-06         5.9763793301444539e-02        -4.2011484731893478e-02         2.0044771192960962e-06        -5.9513931276854531e-02        -2.9133768483187023e-01         1.1368125973896655e-05         5.3365827607835231e-02
17                                    -1.4114180493486617e-04        -4.0483067273516781e-06         2.6972686600588682e-06         6.7281249615542965e-03         3.8540158648506411e-06         9.7372195897902940e-06        -5.7107112784474251e-02        -1.0084353304856308e-05
18                                    -1.8921206575197146e-09         1.7563135483842230e-03        -1.7370970577181479e-03         6.8159084811179666e-08        -1.0205772862419613e-02         1.2498904670222362e-02        -4.6902769648882797e-07        -1.1275524930435801e-01
19                                    -1.6051135581699906e-08        -5.2070548819522864e-03        -1.2726535213244631e-03         2.8852546806623319e-07         3.1003083747909978e-02        -3.0236101193262695e-02         1.1739738935460935e-06         6.0271372031583254e-02
20                                    -1.0464943216993542e-03         3.3742803041228595e-07         1.5399840661302950e-07         3.3693998942854533e-03        -1.1675510325188990e-06         1.5251498001698100e-06         4.3630755439027658e-03        -1.3561050088481241e-06
21                                     2.1049112417800829e-08        -4.4039928845413169e-02        -1.1464758718856476e-02         1.0326493023929875e-06        -1.4843309609640981e-01        -3.9931340073337693e-02         3.4202631547258683e-06        -2.6081413165620480e-02
22                                     3.3916864907756403e-07         7.0369885735198506e-03         3.6273611691072793e-03        -4.9658115147562166e-08        -3.9948213483258430e-02        -5.5001242730021674e-02         1.6767719135150120e-06        -3.2458015666970041e-02
23                                     3.3723644435783625e-03         3.5569763932093491e-07         1.5848365151945930e-07         4.3593407051741272e-03         3.6508135284745034e-06         1.8130092837652978e-06        -2.5244072748101067e-02         2.0808412895431834e-06
24                                     1.8925459454055848e-06        -4.3576709536857369e-02        -2.0488696117797051e-02         1.3224197681635868e-06         2.8967022273683266e-03         1.5777990161074930e-02        -8.5089127668554452e-07        -2.9525254567442259e-03
25                                     2.4120525793482108e-06        -2.0481143760569087e-02        -1.5979974640104549e-01         8.1238811901234483e-06        -2.7669108655460212e-03        -4.3262563961427872e-02         2.9626418713527208e-06         3.7503362447576334e-03
26                                     4.3478760605374003e-03         1.4223061867101591e-06         8.5271369989059685e-06        -2.5317093257668351e-02         1.4329474822369883e-08         2.8412611732433355e-06         4.3610029220429690e-03         6.3196558650932291e-08
27                                    -2.3746260281832366e-06        -3.7348054854671520e-02         2.5963062341025713e-02        -1.0991133928805565e-06         8.5882463898139319e-05        -5.5168721354950795e-03         2.4024853536335260e-07         3.2701982976921212e-05
28                                     2.8855944175287492e-06         7.4544714315593896e-03        -2.9988532073230469e-03         4.2611413828873381e-07        -2.0537397364917410e-03         3.9866753364419660e-04         2.3586516326838386e-07         3.0008390099292874e-04
29                                    -2.5179663703697071e-02        -4.5443547681314293e-07         2.5551239346697179e-07         4.3641208807737968e-03         5.7957467784034442e-08         2.6385934929814231e-07         3.3672467839636691e-03        -1.3855352629641909e-08
30                                     1.1644451469065737e-06         3.6172659250852668e-03         4.3050374078390866e-05        -2.0908616707643821e-07        -1.3677372791839806e-04        -1.8875195804972334e-04        -5.4389997194604855e-08         2.5052140468189692e-03
