*************************************************
******************* ORCA 6.0.0 ******************
*************************************************
$Calculation_Status
   &GeometryIndex 1
   &ListStatus       OUT
   &VERSION [&Type "String"] "6.0.0"
   &PROGNAME [&Type "String"] "LeanSCF"
   &STATUS [&Type "String"] "NORMAL TERMINATION"
$End
$Geometry
   &GeometryIndex 1
   &ListStatus       OUT
   &NATOMS [&Type "Integer"] 12
   &NCORELESSECP [&Type "Integer"] 0
   &NGHOSTATOMS [&Type "Integer"] 0
   &CartesianCoordinates [&Type "Coordinates", &Dim(12,4), &Units "Bohr"] 
              C      0.486605369735   -2.600547614326    0.000008809147
              C     -2.008511242792   -1.721569986596    0.000000451267
              C     -2.495235927189    0.878916208418    0.000012993379
              C     -0.486616652723    2.600545954012    0.000004726583
              C      2.008508710937    1.721569064977    0.000006767865
              C      2.495228695586   -0.878910800399    0.000022889875
              Cl     5.571288048991   -1.962161773436    0.000063650134
              Cl     4.485053098233    3.843429385279   -0.000018385712
              Cl    -1.086198233946    5.806178499770   -0.000009235659
              Cl    -5.571249685093    1.962280239234    0.000043051930
              Cl    -4.484980174835   -3.843517978852   -0.000029057941
              Cl     1.086083903625   -5.806194755762   -0.000003004287
$End
$SCF_Energy
   &GeometryIndex 1
   &ListStatus       OUT
   &SCF_ENERGY [&Type "Double"]      -2.9896946142970546e+03
$End
$DFT_Energy
   &GeometryIndex 1
   &ListStatus       OUT
   &NALPHAEL [&Type "Integer"] 69
   &NBETAEL [&Type "Integer"] 69
   &NTOTALEL [&Type "Integer"] 138
   &EEXCHANGE [&Type "Double"]      -1.9665267852359952e+02
   &ECORR [&Type "Double"]      -5.2188768487467492e+00
   &ECNL [&Type "Double"]       0.0000000000000000e+00
   &EXC [&Type "Double"]      -2.0187155537234628e+02
   &EEMBED [&Type "Double"]       0.0000000000000000e+00
   &FINALEN [&Type "Double"]      -2.9896946142970546e+03  "No Van der Waals correction"
$End
$Mulliken_Population_Analysis
   &GeometryIndex 1
   &ListStatus       OUT
   &NATOMS [&Type "Integer"] 12
   &ATNO [&Type "ArrayOfIntegers", &Dim (12,1)] 
                                                         0

0                                                        6
1                                                        6
2                                                        6
3                                                        6
4                                                        6
5                                                        6
6                                                       17
7                                                       17
8                                                       17
9                                                       17
10                                                      17
11                                                      17
   &ATOMICCHARGES [&Type "ArrayOfDoubles", &Dim (12,1)] 
                                                         0

0                                      3.2339209943989644e-02
1                                      3.2576312576761524e-02
2                                      3.2492161623558502e-02
3                                      3.2358720159646026e-02
4                                      3.2561010560342218e-02
5                                      3.2504090995547408e-02
6                                     -3.2479734332103050e-02
7                                     -3.2494540837713970e-02
8                                     -3.2442083317178572e-02
9                                     -3.2479483052831881e-02
10                                    -3.2495184353656725e-02
11                                    -3.2440479966719948e-02
$End
$Loewdin_Population_Analysis
   &GeometryIndex 1
   &ListStatus       OUT
   &NATOMS [&Type "Integer"] 12
   &ATNO [&Type "ArrayOfIntegers", &Dim (12,1)] 
                                                         0

0                                                        6
1                                                        6
2                                                        6
3                                                        6
4                                                        6
5                                                        6
6                                                       17
7                                                       17
8                                                       17
9                                                       17
10                                                      17
11                                                      17
   &ATOMICCHARGES [&Type "ArrayOfDoubles", &Dim (12,1)] 
                                                         0

0                                     -4.5520374332140001e-01
1                                     -4.5515099812259141e-01
2                                     -4.5514376362916398e-01
3                                     -4.5520124363126691e-01
4                                     -4.5515133601128355e-01
5                                     -4.5514089405605151e-01
6                                      4.5516199953708991e-01
7                                      4.5515412945851708e-01
8                                      4.5517668740868800e-01
9                                      4.5516543979404744e-01
10                                     4.5515412930732424e-01
11                                     4.5517959326566171e-01
$End
$Mayer_Population_Analysis
   &GeometryIndex 1
   &ListStatus       OUT
   &NATOMS [&Type "Integer"] 12 "Total number of atoms"
   &BONDTHRESH [&Type "Double"]       1.0000000000000001e-01  "The threshold for printing"
   &NBONDORDERSPRINT [&Type "Integer"] 12 "The number of bond orders larger than threshold"
   &BONDORDERS [&Type "ArrayOfDoubles", &Dim (12,1)] "The bond orders"
                                                         0

0                                      1.2866541906673450e+00
1                                      1.2867618810240771e+00
2                                      1.2149673922188631e+00
3                                      1.2864834857870515e+00
4                                      1.2147913028126385e+00
5                                      1.2867825669698567e+00
6                                      1.2148892427824616e+00
7                                      1.2866514823563293e+00
8                                      1.2149577219569270e+00
9                                      1.2864792364890905e+00
10                                     1.2147999755874859e+00
11                                     1.2148904668104048e+00
   &COMPONENTS [&Type "ArrayOfIntegers", &Dim (12,4)] "The indices and atomic numbers of the bonding atoms"
                                                         0                           1                           2                           3

0                                                        0                           6                           1                           6
1                                                        0                           6                           5                           6
2                                                        0                           6                          11                          17
3                                                        1                           6                           2                           6
4                                                        1                           6                          10                          17
5                                                        2                           6                           3                           6
6                                                        2                           6                           9                          17
7                                                        3                           6                           4                           6
8                                                        3                           6                           8                          17
9                                                        4                           6                           5                           6
10                                                       4                           6                           7                          17
11                                                       5                           6                           6                          17
   &ATNO [&Type "ArrayOfIntegers", &Dim (12,1)] "Atomic number of the elements"
                                                         0

0                                                        6
1                                                        6
2                                                        6
3                                                        6
4                                                        6
5                                                        6
6                                                       17
7                                                       17
8                                                       17
9                                                       17
10                                                      17
11                                                      17
   &NA [&Type "ArrayOfDoubles", &Dim (12,1)] "Mulliken gross atomic population"
                                                         0

0                                      5.9676607900560219e+00
1                                      5.9674236874232580e+00
2                                      5.9675078383764388e+00
3                                      5.9676412798403442e+00
4                                      5.9674389894396862e+00
5                                      5.9674959090044331e+00
6                                      1.7032479734332018e+01
7                                      1.7032494540837600e+01
8                                      1.7032442083317132e+01
9                                      1.7032479483052764e+01
10                                     1.7032495184353632e+01
11                                     1.7032440479966645e+01
   &ZA [&Type "ArrayOfDoubles", &Dim (12,1)] "Total nuclear charge"
                                                         0

0                                      6.0000000000000000e+00
1                                      6.0000000000000000e+00
2                                      6.0000000000000000e+00
3                                      6.0000000000000000e+00
4                                      6.0000000000000000e+00
5                                      6.0000000000000000e+00
6                                      1.7000000000000000e+01
7                                      1.7000000000000000e+01
8                                      1.7000000000000000e+01
9                                      1.7000000000000000e+01
10                                     1.7000000000000000e+01
11                                     1.7000000000000000e+01
   &QA [&Type "ArrayOfDoubles", &Dim (12,1)] "Mulliken gross atomic charge"
                                                         0

0                                      3.2339209943978098e-02
1                                      3.2576312576741984e-02
2                                      3.2492161623561167e-02
3                                      3.2358720159655796e-02
4                                      3.2561010560313797e-02
5                                      3.2504090995566948e-02
6                                     -3.2479734332017784e-02
7                                     -3.2494540837600283e-02
8                                     -3.2442083317132386e-02
9                                     -3.2479483052764380e-02
10                                    -3.2495184353631856e-02
11                                    -3.2440479966645341e-02
   &VA [&Type "ArrayOfDoubles", &Dim (12,1)] "Mayer's total valence"
                                                         0

0                                      3.8932461690825804e+00
1                                      3.8926323522597248e+00
2                                      3.8930936193706880e+00
3                                      3.8932485699365400e+00
4                                      3.8926377146651032e+00
5                                      3.8930604712768111e+00
6                                      1.3217863342755689e+00
7                                      1.3217115462962012e+00
8                                      1.3218886869713329e+00
9                                      1.3217865770399486e+00
10                                     1.3217106581671527e+00
11                                     1.3218917233790641e+00
   &BVA [&Type "ArrayOfDoubles", &Dim (12,1)] "Mayer's bonded valence"
                                                         0

0                                      3.8932461690827083e+00
1                                      3.8926323522599882e+00
2                                      3.8930936193708714e+00
3                                      3.8932485699367478e+00
4                                      3.8926377146650801e+00
5                                      3.8930604712766175e+00
6                                      1.3217863342755607e+00
7                                      1.3217115462965223e+00
8                                      1.3218886869714310e+00
9                                      1.3217865770400978e+00
10                                     1.3217106581673290e+00
11                                     1.3218917233794096e+00
   &FA [&Type "ArrayOfDoubles", &Dim (12,1)] "Mayer's free valence"
                                                         0

0                                      0.0000000000000000e+00
1                                      0.0000000000000000e+00
2                                      0.0000000000000000e+00
3                                      0.0000000000000000e+00
4                                      0.0000000000000000e+00
5                                      0.0000000000000000e+00
6                                      0.0000000000000000e+00
7                                      0.0000000000000000e+00
8                                      0.0000000000000000e+00
9                                      0.0000000000000000e+00
10                                     0.0000000000000000e+00
11                                     0.0000000000000000e+00
$End
$VdW_Correction
   &GeometryIndex 1
   &ListStatus       OUT
   &VDW [&Type "Double"]      -8.3156331668577353e-03
$End
$Calculation_Info
   &GeometryIndex 1
   &ListStatus       OUT
   &MULT [&Type "Integer"] 1
   &CHARGE [&Type "Integer"] 0
   &NUMOFATOMS [&Type "Integer"] 12
   &NUMOFELECTRONS [&Type "Integer"] 138
   &NUMOFFCELECTRONS [&Type "Integer"] 1
   &NUMOFCORRELECTRONS [&Type "Integer"] 0
   &NUMOFBASISFUNCTS [&Type "Integer"] 408
   &NUMOFAUXCBASISFUNCTS [&Type "Integer"] 0
   &NUMOFAUXJBASISFUNCTS [&Type "Integer"] 432
   &NUMOFAUXJKBASISFUNCTS [&Type "Integer"] 0
   &NUMOFCABSBASISFUNCTS [&Type "Integer"] 0
   &TOTALENERGY [&Type "Double"]      -2.9896929879390218e+03  "Hartrees"
$End
$SCF_Dipole_Moment
   &GeometryIndex 1
   &ListStatus       OUT
   &METHOD [&Type "String"] "SCF"
   &LEVEL [&Type "String"] "Relaxed density"
   &MULT [&Type "Integer"] 1
   &STATE [&Type "Integer"] -1
   &IRREP [&Type "Integer"] 0
   &NATOMS [&Type "Integer"] 12
   &DODIPOLEATOM [&Type "Boolean"] false
   &DIPOLEELECCONTRIB [&Type "ArrayOfDoubles", &Dim (3,1)] "Electronic contribution"
                                                         0

0                                      2.7835803514481222e-07
1                                      1.8916674417428919e-08
2                                     -1.6983592000318124e-06
   &DIPOLENUCCONTRIB [&Type "ArrayOfDoubles", &Dim (3,1)] "Nuclear contribution"
                                                         0

0                                     -3.2358665542631115e-06
1                                     -1.9393806525158652e-06
2                                      1.7289991146420339e-06
   &DIPOLETOTAL [&Type "ArrayOfDoubles", &Dim (3,1)] "Total"
                                                         0

0                                     -2.9575085191182993e-06
1                                     -1.9204639780984363e-06
2                                      3.0639914610221508e-08
   &DIPOLEMAGNITUDE [&Type "Double", &Units "a.u."]       3.5264681107587388e-06
$End
$THERMOCHEMISTRY_Energies
   &GeometryIndex 1
   &ListStatus       OUT
   &TEMPERATURE [&Type "Double"]       2.9814999999999998e+02
   &PRESSURE [&Type "Double"]       1.0000000000000000e+00
   &TOTALMASS [&Type "Double"]       2.8478399999999999e+02
   &SPINDEGENERACY [&Type "Integer"] 1
   &ELENERGY [&Type "Double"]      -2.9896929879390218e+03
   &TRANSENERGY [&Type "Double"]       1.4162714244859817e-03
   &ROTENERGY [&Type "Double"]       1.4162714244859817e-03
   &VIBENERGY [&Type "Double"]       8.7353156510133929e-03
   &NUMOFFREQS [&Type "Integer"] 36
   &FREQSCALINGFACTOR [&Type "Double"]       1.0000000000000000e+00
   &FREQ [&Type "ArrayOfDoubles", &Dim (36,1)] "In cm^-1"
                                                         0

0                                      0.0000000000000000e+00
1                                      0.0000000000000000e+00
2                                      0.0000000000000000e+00
3                                      0.0000000000000000e+00
4                                      0.0000000000000000e+00
5                                      0.0000000000000000e+00
6                                      7.2150873780518893e+01
7                                      7.2526378941077766e+01
8                                      9.9024693347043652e+01
9                                      1.7729549749101213e+02
10                                     2.1993671978503494e+02
11                                     2.2021564487933031e+02
12                                     2.2376790307798808e+02
13                                     2.2398992634095347e+02
14                                     2.3906201786552148e+02
15                                     3.2066719034100635e+02
16                                     3.2069977623255903e+02
17                                     3.3859246782654782e+02
18                                     3.3919524045968581e+02
19                                     3.6479926952707609e+02
20                                     3.8993297514684264e+02
21                                     6.0277832878771312e+02
22                                     6.0328803878156020e+02
23                                     6.2299634094496753e+02
24                                     6.8170520037918732e+02
25                                     6.8193320845838684e+02
26                                     7.2840231540442312e+02
27                                     8.6954236199754837e+02
28                                     8.6994889653749249e+02
29                                     1.0837237164443432e+03
30                                     1.1969610627563575e+03
31                                     1.2848951967225864e+03
32                                     1.3362046892638518e+03
33                                     1.3368114060464061e+03
34                                     1.5233359038015078e+03
35                                     1.5237856874724350e+03
   &ZPE [&Type "Double"]       4.2301401393468684e-02
   &INNERENERGYU [&Type "Double"]      -2.9896391186791279e+03
   &ENTHALPYH [&Type "Double"]      -2.9896381744700857e+03
   &QEL [&Type "Double"]       0.0000000000000000e+00
   &QROT [&Type "Double"]       1.5113635332328033e-02
   &QVIB [&Type "Double"]       1.5103883664570729e-02
   &QTRANS [&Type "Double"]       2.0353456291859605e-02
   &ENTROPYS [&Type "Double"]       5.0570975288758369e-02
   &FREEENERGYG [&Type "Double"]      -2.9896887454453745e+03
   &ISLINEAR [&Type "Boolean"] false
$End
$Hessian
   &GeometryIndex 1
   &ListStatus       OUT
   &HESSIAN [&Type "ArrayOfDoubles", &Dim (36,36)] "The Hessian"
                                                         0                           1                           2                           3                           4                           5                           6                           7

0                                      6.0477188871539933e-01         1.8506344841046789e-02         3.0613074743965859e-06        -2.7134574855485488e-01         3.8251756328718439e-02        -5.6846692408730646e-07         8.1038589846770918e-03         7.8023874710036981e-02
1                                      1.8506344841046789e-02         5.0984506928992102e-01         1.2846264074301984e-06         8.8504232442895139e-02        -1.1359329714816373e-01         2.3490886510687726e-07         3.0091377924805839e-02        -8.6850204594470792e-03
2                                      3.0613074743965859e-06         1.2846264074301984e-06         1.1237549085780493e-01        -9.3115729845947776e-07         2.9472136993019117e-07        -5.7349962804185584e-02         5.2341071465819494e-08         2.4955933601041242e-08
3                                     -2.7134574855485488e-01         8.8504232442895139e-02        -9.3115729845947776e-07         5.4954398988601016e-01        -5.0499661134852214e-02         1.1431196315130293e-06        -9.8122812050396330e-02         1.1514875386092947e-02
4                                      3.8251756328718439e-02        -1.1359329714816373e-01         2.9472136993019117e-07        -5.0499661134852214e-02         5.6448144027724123e-01         2.3474974264788851e-06         6.1780669881955588e-02        -2.8647390904894871e-01
5                                     -5.6846692408730646e-07         2.3490886510687726e-07        -5.7349962804185584e-02         1.1431196315130293e-06         2.3474974264788851e-06         1.1211727024767473e-01         6.6088854394084253e-08        -1.4556813653373698e-06
6                                      8.1038589846770918e-03         3.0091377924805839e-02         5.2341071465819494e-08        -9.8122812050396330e-02         6.1780669881955588e-02         6.6088854394084253e-08         5.1751123981940916e-01         3.2027994581343644e-02
7                                      7.8023874710036981e-02        -8.6850204594470792e-03         2.4955933601041242e-08         1.1514875386092947e-02        -2.8647390904894871e-01        -1.4556813653373698e-06         3.2027994581343644e-02         5.9684404984913664e-01
8                                     -3.9718311730931890e-08        -6.9488531014982518e-08         6.5639804492228365e-03         2.8366165903299688e-07        -1.1673031690203165e-06        -5.7272153738795795e-02        -1.6720135244701759e-06         1.2351839653997504e-06
9                                     -5.6378498292225659e-02        -1.0438744657605348e-02         1.0751407795865535e-07         4.2439756886477061e-02        -5.8267334945641507e-02         1.9713654849144934e-07        -2.0805303972482397e-01        -7.4969607055500362e-02
10                                    -1.0438842156035671e-02        -2.2989200563982544e-03         2.2596702640977987e-08        -1.0347278090973062e-02        -4.2887856804143497e-02        -1.3351279336601977e-08        -1.2528117525964219e-01        -1.7707951695189209e-01
11                                    -2.7216451058684674e-07        -5.5272095647056721e-08        -1.2335868302828373e-04         1.4263911869794100e-07        -1.9439954102752166e-07         6.5870951921776361e-03         7.1993993462746009e-07         8.5315582811815919e-07
12                                     4.2439395888458874e-02        -1.0347566333757649e-02        -6.8195764988546492e-09        -2.4929586130342872e-02         2.8631973550643175e-02        -1.2881190509013045e-07        -5.1353722626471705e-02        -4.3731176527781329e-02
13                                    -5.8267458679586999e-02        -4.2887424218491003e-02        -6.2824107905352487e-09         2.8632046135756373e-02        -3.3792818244755080e-02         1.7820056982484923e-07         4.1455996696694282e-03         5.0754026340704320e-02
14                                    -8.6339491584033900e-09         5.4871610909794758e-08         6.5870602996795716e-03         4.6332021218632569e-08        -6.7963449722360430e-08        -1.3259043095574519e-04         4.8737120926262484e-08        -9.8052737815433096e-08
15                                    -2.0804862604624089e-01        -1.2527526765718769e-01        -1.1860294389075672e-06        -5.1353741644186088e-02         4.1452422492556026e-03        -2.7223281142140760e-07        -6.7418444570736110e-03        -1.8111074708896040e-02
16                                    -7.4964322161408234e-02        -1.7707740466529712e-01        -1.0265839669318314e-06        -4.3731697163189559e-02         5.0753903702839095e-02        -1.4738259963840859e-07        -1.8111136410001748e-02        -5.1876825075854227e-02
17                                    -1.0528773568984124e-06        -7.9536026010066975e-07        -5.7333834052694488e-02        -2.6989991958497993e-07        -5.0048768356105018e-08         6.6006760316385665e-03         1.9180626583825014e-08        -6.3691382443489531e-08
18                                    -4.4112446978025452e-02         1.0774084110637735e-02        -6.1127435843181245e-07         2.6173533356158704e-03        -4.6892638727908864e-03        -2.6902129007087445e-08        -1.4693005837607999e-04         1.8342762737573676e-04
19                                    -7.7837175478100568e-03         3.7213019057185277e-03        -5.3660830675305817e-08        -1.2459343640053525e-03        -2.1149378482669305e-03        -2.6235647711949318e-08         1.9461495168603344e-04         3.2799419885917128e-04
20                                    -5.8042080259358380e-07         1.2325666820488847e-09         4.3634893749214046e-03         9.0308195202810693e-09        -1.5512072795440551e-08         3.3729162917045977e-03         7.2129120035237717e-08         8.3707447171465531e-09
21                                     1.6408275069648016e-03         1.8036555742493542e-03        -1.5857084782549754e-09         3.8632898813327834e-05        -3.0668614113727507e-04         4.3658000713879017e-08        -9.9731247261659536e-06         5.5179832912434397e-03
22                                     5.2595548912059802e-03        -1.1458864345173419e-03         9.1171385937724695e-08        -3.0540386266351949e-04         1.3114595881111345e-04         1.2928559449788978e-08         2.0617405836266798e-03         5.0408842118163490e-04
23                                     6.2131759712662859e-08         2.7853188310102532e-08         3.3702669049282550e-03        -9.4519889626040817e-08         4.4560467657120957e-08        -1.0399204206004140e-03        -2.9778503716841146e-08        -2.7785259993248695e-08
24                                     3.7355778485160450e-04         1.1257466563165239e-04        -2.0806579262921572e-08        -2.9033967656469429e-03        -3.9223489762299437e-04         1.7581809006034058e-08         3.0478565402181912e-03        -1.5109597327656784e-02
25                                     1.0556899421368176e-04        -1.9739375741222379e-04         3.1283267198853722e-08        -3.8332969536248257e-03         3.4095833698100306e-03         6.7236544316854308e-08         3.4565965555251252e-03        -4.3452857363578588e-02
26                                     1.3720208726708498e-07         1.7740945062447807e-08        -1.0381419131254941e-03        -6.1594872394102701e-08         7.4879475003658965e-08         3.3748842326765337e-03        -6.0098844526937679e-08         5.5050953821410832e-08
27                                     3.6776015616503859e-03         4.1633576019954079e-05         6.7883793294026224e-09        -2.6790510294024156e-02         1.3759123747456678e-02         3.0910518525888535e-07        -1.5120247542507603e-01         3.9186279080656874e-02
28                                    -3.4018840735872556e-03        -3.1625221157726281e-03        -6.8552929182220423e-08         3.2298942164770889e-02        -1.3623875706315243e-02        -3.1472529901731823e-07         3.9157530412961598e-02        -5.4005155053773686e-02
29                                     6.8128365875869244e-09        -2.3639385777803831e-08         3.3747506029177116e-03         3.1021705372943210e-07        -2.2267687137461219e-07         4.3567308899988277e-03         9.7739622833121893e-07        -3.9790631966198466e-07
30                                    -3.6883355264252210e-02        -2.6462964389456507e-02        -4.1411094801651544e-07        -1.1225177063761843e-01        -6.1669542988822185e-02        -8.2782476019587909e-07        -9.5238268683335882e-03        -1.2185671759044635e-02
31                                    -7.9349368505969228e-03        -3.5305688218847664e-03        -1.5329634654808705e-07        -6.1680364893117789e-02        -9.2851531457549541e-02        -7.6086075745982734e-07        -3.0738719019615793e-02        -3.0879585144460812e-02
32                                    -4.9779034132783450e-07        -1.5813242019576132e-07         4.3665944265674946e-03        -7.2663583081418089e-07        -8.9664931320705717e-07        -2.4970436367460803e-02        -2.0266300707989214e-07        -2.0734866835302798e-07
33                                    -4.4238455306403059e-02         2.2669047266372439e-02        -5.6755042560308087e-08        -6.9421669298466594e-03         2.9254303845544498e-02         3.6877392151380847e-08        -3.5083310090268782e-03        -2.2844400196011918e-03
34                                     2.2665654340151567e-02        -1.6098793351825541e-01        -4.4707810772336282e-07         1.0695194710204040e-02        -3.3437847050558842e-02        -1.3287299493694222e-07         1.1520388494165507e-03         4.0227102880734493e-03
35                                    -2.4679401411535128e-07        -5.1324136565283999e-07        -2.5156335463008338e-02         1.5947861543953800e-07        -1.3676757530528001e-07         4.3554908761274328e-03         2.2161268244915906e-08         7.9078256256824218e-08
                                                         8                           9                          10                          11                          12                          13                          14                          15

0                                     -3.9718311730931890e-08        -5.6378498292225659e-02        -1.0438842156035671e-02        -2.7216451058684674e-07         4.2439395888458874e-02        -5.8267458679586999e-02        -8.6339491584033900e-09        -2.0804862604624089e-01
1                                     -6.9488531014982518e-08        -1.0438744657605348e-02        -2.2989200563982544e-03        -5.5272095647056721e-08        -1.0347566333757649e-02        -4.2887424218491003e-02         5.4871610909794758e-08        -1.2527526765718769e-01
2                                      6.5639804492228365e-03         1.0751407795865535e-07         2.2596702640977987e-08        -1.2335868302828373e-04        -6.8195764988546492e-09        -6.2824107905352487e-09         6.5870602996795716e-03        -1.1860294389075672e-06
3                                      2.8366165903299688e-07         4.2439756886477061e-02        -1.0347278090973062e-02         1.4263911869794100e-07        -2.4929586130342872e-02         2.8632046135756373e-02         4.6332021218632569e-08        -5.1353741644186088e-02
4                                     -1.1673031690203165e-06        -5.8267334945641507e-02        -4.2887856804143497e-02        -1.9439954102752166e-07         2.8631973550643175e-02        -3.3792818244755080e-02        -6.7963449722360430e-08         4.1452422492556026e-03
5                                     -5.7272153738795795e-02         1.9713654849144934e-07        -1.3351279336601977e-08         6.5870951921776361e-03        -1.2881190509013045e-07         1.7820056982484923e-07        -1.3259043095574519e-04        -2.7223281142140760e-07
6                                     -1.6720135244701759e-06        -2.0805303972482397e-01        -1.2528117525964219e-01         7.1993993462746009e-07        -5.1353722626471705e-02         4.1455996696694282e-03         4.8737120926262484e-08        -6.7418444570736110e-03
7                                      1.2351839653997504e-06        -7.4969607055500362e-02        -1.7707951695189209e-01         8.5315582811815919e-07        -4.3731176527781329e-02         5.0754026340704320e-02        -9.8052737815433096e-08        -1.8111074708896040e-02
8                                      1.1231050158246855e-01         5.6817003237921903e-07         4.0769318084380847e-07        -5.7334007319873398e-02         2.2299468387681564e-08         7.3554973813443453e-08         6.6006259493968100e-03        -9.1313719820222058e-09
9                                      5.6817003237921903e-07         6.0477125697020784e-01         1.8510377301990726e-02        -1.2061846775926202e-06        -2.7133806656407600e-01         3.8248115315387167e-02        -2.8693943491777689e-07         8.1033832097091325e-03
10                                     4.0769318084380847e-07         1.8510377301990726e-02         5.0984309469017441e-01        -1.4662888946738719e-06         8.8499935541290264e-02        -1.1359427854739430e-01         1.6746888560627123e-07         3.0091447439484449e-02
11                                    -5.7334007319873398e-02        -1.2061846775926202e-06        -1.4662888946738719e-06         1.1237561988029260e-01         4.1377824466723808e-08        -1.1309424938384878e-07        -5.7349796760177901e-02        -7.1136410024797976e-08
12                                     2.2299468387681564e-08        -2.7133806656407600e-01         8.8499935541290264e-02         4.1377824466723808e-08         5.4954012026775712e-01        -5.0498638006987284e-02         4.5336287397751760e-07        -9.8120419434489736e-02
13                                     7.3554973813443453e-08         3.8248115315387167e-02        -1.1359427854739430e-01        -1.1309424938384878e-07        -5.0498638006987284e-02         5.6448329367560457e-01        -3.0082038050832070e-06         6.1782508165448773e-02
14                                     6.6006259493968100e-03        -2.8693943491777689e-07         1.6746888560627123e-07        -5.7349796760177901e-02         4.5336287397751760e-07        -3.0082038050832070e-06         1.1211758466893834e-01        -2.8814267687178717e-07
15                                    -9.1313719820222058e-09         8.1033832097091325e-03         3.0091447439484449e-02        -7.1136410024797976e-08        -9.8120419434489736e-02         6.1782508165448773e-02        -2.8814267687178717e-07         5.1750566254609875e-01
16                                     4.3988767315684613e-08         7.8024084269930682e-02        -8.6846797921819961e-03         3.0010839283553013e-07         1.1516209876681918e-02        -2.8648180507145066e-01         1.6741515193746842e-06         3.2027203815983014e-02
17                                    -1.2143357268707550e-04        -7.5122400986144633e-08         1.9799070018403052e-07         6.5640252156387580e-03        -4.3033952428603259e-07         1.5777615307387154e-06        -5.7272448432866246e-02         3.0439778511046113e-06
18                                    -6.0314285096984195e-08         3.6777518685063432e-03         4.1937284570711317e-05        -2.9715250128072710e-08        -2.6793416708596557e-02         1.3760669928955825e-02        -4.3298518818463241e-07        -1.5120188431243842e-01
19                                     1.0568086214286862e-08        -3.4016964323057407e-03        -3.1626963188287377e-03         6.2924783370300010e-08         3.2299163257963767e-02        -1.3625129694975183e-02         4.4894427822955382e-07         3.9151370417097583e-02
20                                    -1.0416454077638543e-03        -2.9443634100034304e-08         4.9514883060996275e-09         3.3747331565074619e-03        -4.1994070019425328e-07         3.0531438442749345e-07         4.3575447765637817e-03        -1.4114497530640424e-06
21                                    -1.6436247960424664e-08        -3.6880717303554425e-02        -2.6462462804416154e-02         3.0052593526289259e-07        -1.1225557284600346e-01        -6.1670054066469665e-02         6.3301071672825016e-07        -9.5257748380403826e-03
22                                    -1.5114975267400680e-08        -7.9332482844717347e-03        -3.5290245709444362e-03         1.2155780261337055e-07        -6.1677883171282019e-02        -9.2846775729383851e-02         6.6259319466784418e-07        -3.0739176391976472e-02
23                                     3.3678137646052987e-03         3.3387183095394722e-07         5.2797213265405761e-08         4.3657424186239399e-03         5.6396250562926539e-07         8.1765344189825960e-07        -2.4970560175918845e-02         1.8554317252636578e-07
24                                     9.9489722857304172e-08        -4.4240053066559586e-02         2.2673788648872123e-02        -2.7100938457185807e-08        -6.9410062637846777e-03         2.9254239361239207e-02        -8.0557313307413927e-08        -3.5083004881508290e-03
25                                     1.9207767898606732e-07         2.2667582195932030e-02        -1.6098341715783920e-01         5.5968149871331231e-07         1.0693806766513742e-02        -3.3435143094465512e-02         2.0949926241335863e-07         1.1518244863799360e-03
26                                     4.3581721452001232e-03         1.6835747313838199e-07         6.1756191673143026e-07        -2.5156573611569838e-02        -2.1605659823363872e-07         2.7989036385590164e-07         4.3547025952544137e-03        -2.5145075771489816e-08
27                                     9.9322291561296035e-07        -4.4115924878974894e-02         1.0773909063550486e-02         4.1814071100647297e-07         2.6171562292899827e-03        -4.6895332488138645e-03         1.6144595632901208e-08        -1.4695373675879721e-04
28                                    -3.3814463346220413e-07        -7.7825892089403749e-03         3.7203722909347411e-03         2.5769044510568165e-08        -1.2460963722641764e-03        -2.1148074019083588e-03         4.5133237971946098e-08         1.9463131302947584e-04
29                                    -2.5166615197235721e-02         4.1319954008445929e-07         2.8677216172536881e-08         4.3643536014407909e-03        -3.6788383565387304e-10         2.2268075586835264e-08         3.3729108569017377e-03        -6.3515066890939308e-08
30                                    -1.4736914771727312e-07         1.6405873498471909e-03         1.8037405960742428e-03        -2.2955397928951595e-08         3.8659165024745954e-05        -3.0671648208560826e-04        -4.9647272093722186e-08        -1.0311770933870389e-05
