*************************************************
******************* ORCA 6.0.0 ******************
*************************************************
$Calculation_Status
   &GeometryIndex 1
   &ListStatus       OUT
   &VERSION [&Type "String"] "6.0.0"
   &PROGNAME [&Type "String"] "LeanSCF"
   &STATUS [&Type "String"] "NORMAL TERMINATION"
$End
$Geometry
   &GeometryIndex 1
   &ListStatus       OUT
   &NATOMS [&Type "Integer"] 12
   &NCORELESSECP [&Type "Integer"] 0
   &NGHOSTATOMS [&Type "Integer"] 0
   &CartesianCoordinates [&Type "Coordinates", &Dim(12,4), &Units "Bohr"] 
              C     -3.047570340153   -0.235768605191    0.898683935440
              C     -1.252930714703    0.958732943034   -1.018613978731
              C      1.291805309220   -0.368829493294   -1.172506831489
              O      2.727389649748   -0.195312463347    1.139747531904
              H     -3.380993810273   -2.231575694074    0.456212269564
              H     -2.295579513529   -0.125074110642    2.824927403624
              H     -4.877227993041    0.728255085358    0.901035589442
              H     -0.945777160940    2.958669223170   -0.566142947582
              H     -2.103667786971    0.892078440257   -2.908947289973
              H      1.027689278318   -2.365271876166   -1.688536998543
              H      2.472525196055    0.513711342885   -2.622976371864
              H      1.826289672423   -1.134866638398    2.417668053033
$End
$SCF_Energy
   &GeometryIndex 1
   &ListStatus       OUT
   &SCF_ENERGY [&Type "Double"]      -1.9431572408605146e+02
$End
$DFT_Energy
   &GeometryIndex 1
   &ListStatus       OUT
   &NALPHAEL [&Type "Integer"] 17
   &NBETAEL [&Type "Integer"] 17
   &NTOTALEL [&Type "Integer"] 34
   &EEXCHANGE [&Type "Double"]      -2.6712886334311435e+01
   &ECORR [&Type "Double"]      -1.0598151581779212e+00
   &ECNL [&Type "Double"]       0.0000000000000000e+00
   &EXC [&Type "Double"]      -2.7772701492489357e+01
   &EEMBED [&Type "Double"]       0.0000000000000000e+00
   &FINALEN [&Type "Double"]      -1.9431572408605146e+02  "No Van der Waals correction"
$End
$Mulliken_Population_Analysis
   &GeometryIndex 1
   &ListStatus       OUT
   &NATOMS [&Type "Integer"] 12
   &ATNO [&Type "ArrayOfIntegers", &Dim (12,1)] 
                                                         0

0                                                        6
1                                                        6
2                                                        6
3                                                        8
4                                                        1
5                                                        1
6                                                        1
7                                                        1
8                                                        1
9                                                        1
10                                                       1
11                                                       1
   &ATOMICCHARGES [&Type "ArrayOfDoubles", &Dim (12,1)] 
                                                         0

0                                     -3.5488778648188202e-01
1                                     -1.2643481874010476e-01
2                                      8.7944240852069200e-03
3                                     -4.7132239792271768e-01
4                                      1.0395002043757884e-01
5                                      9.4344810467670404e-02
6                                      1.1237415448486254e-01
7                                      8.9546058251365745e-02
8                                      7.4316886335391574e-02
9                                      7.7904845916720644e-02
10                                     9.3322428170845795e-02
11                                     2.9809137499503024e-01
$End
$Loewdin_Population_Analysis
   &GeometryIndex 1
   &ListStatus       OUT
   &NATOMS [&Type "Integer"] 12
   &ATNO [&Type "ArrayOfIntegers", &Dim (12,1)] 
                                                         0

0                                                        6
1                                                        6
2                                                        6
3                                                        8
4                                                        1
5                                                        1
6                                                        1
7                                                        1
8                                                        1
9                                                        1
10                                                       1
11                                                       1
   &ATOMICCHARGES [&Type "ArrayOfDoubles", &Dim (12,1)] 
                                                         0

0                                     -3.1915553558034571e-01
1                                     -3.0782038969084269e-01
2                                     -3.3652042754739320e-01
3                                     -6.2300918321598786e-02
4                                      1.1789792393855647e-01
5                                      1.1283362880636483e-01
6                                      1.2120194784310412e-01
7                                      1.3499919099834246e-01
8                                      1.3634942731058053e-01
9                                      1.1241821276777786e-01
10                                     1.2525288883260255e-01
11                                     1.6484405064280605e-01
$End
$Mayer_Population_Analysis
   &GeometryIndex 1
   &ListStatus       OUT
   &NATOMS [&Type "Integer"] 12 "Total number of atoms"
   &BONDTHRESH [&Type "Double"]       1.0000000000000001e-01  "The threshold for printing"
   &NBONDORDERSPRINT [&Type "Integer"] 11 "The number of bond orders larger than threshold"
   &BONDORDERS [&Type "ArrayOfDoubles", &Dim (11,1)] "The bond orders"
                                                         0

0                                      9.6706422124190039e-01
1                                      9.7233860223105617e-01
2                                      9.7481907555423863e-01
3                                      9.7558143340573356e-01
4                                      9.7549572910117865e-01
5                                      9.6310067936528920e-01
6                                      9.5190446789170924e-01
7                                      9.6436461154919195e-01
8                                      9.7023596642545262e-01
9                                      9.6565784954833711e-01
10                                     9.0276672506258049e-01
   &COMPONENTS [&Type "ArrayOfIntegers", &Dim (11,4)] "The indices and atomic numbers of the bonding atoms"
                                                         0                           1                           2                           3

0                                                        0                           6                           1                           6
1                                                        0                           6                           4                           1
2                                                        0                           6                           5                           1
3                                                        0                           6                           6                           1
4                                                        1                           6                           2                           6
5                                                        1                           6                           7                           1
6                                                        1                           6                           8                           1
7                                                        2                           6                           3                           8
8                                                        2                           6                           9                           1
9                                                        2                           6                          10                           1
10                                                       3                           8                          11                           1
   &ATNO [&Type "ArrayOfIntegers", &Dim (12,1)] "Atomic number of the elements"
                                                         0

0                                                        6
1                                                        6
2                                                        6
3                                                        8
4                                                        1
5                                                        1
6                                                        1
7                                                        1
8                                                        1
9                                                        1
10                                                       1
11                                                       1
   &NA [&Type "ArrayOfDoubles", &Dim (12,1)] "Mulliken gross atomic population"
                                                         0

0                                      6.3548877864818794e+00
1                                      6.1264348187400941e+00
2                                      5.9912055759148171e+00
3                                      8.4713223979226999e+00
4                                      8.9604997956242149e-01
5                                      9.0565518953232904e-01
6                                      8.8762584551513624e-01
7                                      9.1045394174863314e-01
8                                      9.2568311366460965e-01
9                                      9.2209515408327891e-01
10                                     9.0667757182915443e-01
11                                     7.0190862500496998e-01
   &ZA [&Type "ArrayOfDoubles", &Dim (12,1)] "Total nuclear charge"
                                                         0

0                                      6.0000000000000000e+00
1                                      6.0000000000000000e+00
2                                      6.0000000000000000e+00
3                                      8.0000000000000000e+00
4                                      1.0000000000000000e+00
5                                      1.0000000000000000e+00
6                                      1.0000000000000000e+00
7                                      1.0000000000000000e+00
8                                      1.0000000000000000e+00
9                                      1.0000000000000000e+00
10                                     1.0000000000000000e+00
11                                     1.0000000000000000e+00
   &QA [&Type "ArrayOfDoubles", &Dim (12,1)] "Mulliken gross atomic charge"
                                                         0

0                                     -3.5488778648187935e-01
1                                     -1.2643481874009410e-01
2                                      8.7944240851829392e-03
3                                     -4.7132239792269992e-01
4                                      1.0395002043757851e-01
5                                      9.4344810467670959e-02
6                                      1.1237415448486376e-01
7                                      8.9546058251366856e-02
8                                      7.4316886335390353e-02
9                                      7.7904845916721088e-02
10                                     9.3322428170845573e-02
11                                     2.9809137499503002e-01
   &VA [&Type "ArrayOfDoubles", &Dim (12,1)] "Mayer's total valence"
                                                         0

0                                      3.9094536912836468e+00
1                                      3.8565786412816672e+00
2                                      3.9112546424574055e+00
3                                      1.9286738414125510e+00
4                                      9.7741383689368222e-01
5                                      9.8980693222528893e-01
6                                      9.8600860123948675e-01
7                                      9.8252364048678631e-01
8                                      9.8352948617068814e-01
9                                      9.7052549533993004e-01
10                                     9.7172883726720427e-01
11                                     9.3108418903805978e-01
   &BVA [&Type "ArrayOfDoubles", &Dim (12,1)] "Mayer's bonded valence"
                                                         0

0                                      3.9094536912836331e+00
1                                      3.8565786412816694e+00
2                                      3.9112546424574566e+00
3                                      1.9286738414126066e+00
4                                      9.7741383689367312e-01
5                                      9.8980693222528793e-01
6                                      9.8600860123948741e-01
7                                      9.8252364048677576e-01
8                                      9.8352948617071123e-01
9                                      9.7052549533994581e-01
10                                     9.7172883726721526e-01
11                                     9.3108418903806212e-01
   &FA [&Type "ArrayOfDoubles", &Dim (12,1)] "Mayer's free valence"
                                                         0

0                                      0.0000000000000000e+00
1                                      0.0000000000000000e+00
2                                      0.0000000000000000e+00
3                                      0.0000000000000000e+00
4                                      0.0000000000000000e+00
5                                      0.0000000000000000e+00
6                                      0.0000000000000000e+00
7                                      0.0000000000000000e+00
8                                      0.0000000000000000e+00
9                                      0.0000000000000000e+00
10                                     0.0000000000000000e+00
11                                     0.0000000000000000e+00
$End
$VdW_Correction
   &GeometryIndex 1
   &ListStatus       OUT
   &VDW [&Type "Double"]      -2.1264178542246279e-03
$End
$Calculation_Info
   &GeometryIndex 1
   &ListStatus       OUT
   &MULT [&Type "Integer"] 1
   &CHARGE [&Type "Integer"] 0
   &NUMOFATOMS [&Type "Integer"] 12
   &NUMOFELECTRONS [&Type "Integer"] 34
   &NUMOFFCELECTRONS [&Type "Integer"] 1
   &NUMOFCORRELECTRONS [&Type "Integer"] 0
   &NUMOFBASISFUNCTS [&Type "Integer"] 172
   &NUMOFAUXCBASISFUNCTS [&Type "Integer"] 0
   &NUMOFAUXJBASISFUNCTS [&Type "Integer"] 208
   &NUMOFAUXJKBASISFUNCTS [&Type "Integer"] 0
   &NUMOFCABSBASISFUNCTS [&Type "Integer"] 0
   &TOTALENERGY [&Type "Double"]      -1.9431092906820567e+02  "Hartrees"
$End
$SCF_Dipole_Moment
   &GeometryIndex 1
   &ListStatus       OUT
   &METHOD [&Type "String"] "SCF"
   &LEVEL [&Type "String"] "Relaxed density"
   &MULT [&Type "Integer"] 1
   &STATE [&Type "Integer"] -1
   &IRREP [&Type "Integer"] 0
   &NATOMS [&Type "Integer"] 12
   &DODIPOLEATOM [&Type "Boolean"] false
   &DIPOLEELECCONTRIB [&Type "ArrayOfDoubles", &Dim (3,1)] "Electronic contribution"
                                                         0

0                                      3.3996656444730520e+00
1                                      1.5097926843088516e-01
2                                      5.7869076768096595e-01
   &DIPOLENUCCONTRIB [&Type "ArrayOfDoubles", &Dim (3,1)] "Nuclear contribution"
                                                         0

0                                     -4.0317911389941674e+00
1                                     -4.0460318648377336e-01
2                                     -6.8059046473781315e-01
   &DIPOLETOTAL [&Type "ArrayOfDoubles", &Dim (3,1)] "Total"
                                                         0

0                                     -6.3212549452111544e-01
1                                     -2.5362391805288820e-01
2                                     -1.0189969705684720e-01
   &DIPOLEMAGNITUDE [&Type "Double", &Units "a.u."]       6.8868808679426141e-01
$End
$THERMOCHEMISTRY_Energies
   &GeometryIndex 1
   &ListStatus       OUT
   &TEMPERATURE [&Type "Double"]       2.9814999999999998e+02
   &PRESSURE [&Type "Double"]       1.0000000000000000e+00
   &TOTALMASS [&Type "Double"]       6.0095999999999997e+01
   &SPINDEGENERACY [&Type "Integer"] 1
   &ELENERGY [&Type "Double"]      -1.9431092906820567e+02
   &TRANSENERGY [&Type "Double"]       1.4162714244859817e-03
   &ROTENERGY [&Type "Double"]       1.4162714244859817e-03
   &VIBENERGY [&Type "Double"]       2.5034617825108623e-03
   &NUMOFFREQS [&Type "Integer"] 36
   &FREQSCALINGFACTOR [&Type "Double"]       1.0000000000000000e+00
   &FREQ [&Type "ArrayOfDoubles", &Dim (36,1)] "In cm^-1"
                                                         0

0                                      0.0000000000000000e+00
1                                      0.0000000000000000e+00
2                                      0.0000000000000000e+00
3                                      0.0000000000000000e+00
4                                      0.0000000000000000e+00
5                                      0.0000000000000000e+00
6                                      1.5638809380967498e+02
7                                      2.5878842781662064e+02
8                                      3.1613049238597273e+02
9                                      3.5635578026183845e+02
10                                     4.8153328335376830e+02
11                                     7.6873558992356311e+02
12                                     8.5319469816753258e+02
13                                     9.0799891340807119e+02
14                                     9.5576784612817994e+02
15                                     1.0652135539177996e+03
16                                     1.0804319253386136e+03
17                                     1.1354448523345366e+03
18                                     1.2335847842802802e+03
19                                     1.2929050336978332e+03
20                                     1.3626675231689478e+03
21                                     1.3735793086269009e+03
22                                     1.3996853034813441e+03
23                                     1.4092686577747907e+03
24                                     1.4668130962968410e+03
25                                     1.4868324126109828e+03
26                                     1.4949500613762107e+03
27                                     1.5054175526754684e+03
28                                     2.9761095250684043e+03
29                                     2.9998789635158505e+03
30                                     3.0033228075294405e+03
31                                     3.0448941140959137e+03
32                                     3.0698712441731864e+03
33                                     3.0758600758359876e+03
34                                     3.0831587334647324e+03
35                                     3.7775776727347256e+03
   &ZPE [&Type "Double"]       1.0796774118492530e-01
   &INNERENERGYU [&Type "Double"]      -1.9419762532238926e+02
   &ENTHALPYH [&Type "Double"]      -1.9419668111334701e+02
   &QEL [&Type "Double"]       0.0000000000000000e+00
   &QROT [&Type "Double"]       1.1629772304798917e-02
   &QVIB [&Type "Double"]       4.0182534251481227e-03
   &QTRANS [&Type "Double"]       1.8150038609107255e-02
   &ENTROPYS [&Type "Double"]       3.3798064339054294e-02
   &FREEENERGYG [&Type "Double"]      -1.9423047917768608e+02
   &ISLINEAR [&Type "Boolean"] false
$End
$Hessian
   &GeometryIndex 1
   &ListStatus       OUT
   &HESSIAN [&Type "ArrayOfDoubles", &Dim (36,36)] "The Hessian"
                                                         0                           1                           2                           3                           4                           5                           6                           7

0                                      5.2121960243262266e-01        -3.1033974586734705e-02         3.8068995078915285e-02        -1.1549721638883857e-01        -2.7458761889336564e-02         4.3226635148553502e-02        -2.8098680734988578e-02        -1.2329277683614557e-02
1                                     -3.1033974586734705e-02         5.3823723705529503e-01         2.9632763571135513e-02        -2.7841892254239275e-02        -9.9439849425867616e-02         3.1413527193174404e-02         7.8619829640792522e-03         8.2565046865965414e-03
2                                      3.8068995078915285e-02         2.9632763571135513e-02         5.1092637498520910e-01         4.1045276833186095e-02         3.0741210258318975e-02        -1.2628340283941375e-01         7.7826953703828347e-03        -1.3533433048489377e-03
3                                     -1.1549721638883857e-01        -2.7841892254239275e-02         4.1045276833186095e-02         4.6073067687641917e-01         1.7478590082581128e-02         3.9564901949206227e-02        -1.5313527870320368e-01         4.5350551066735946e-02
4                                     -2.7458761889336564e-02        -9.9439849425867616e-02         3.0741210258318975e-02         1.7478590082581128e-02         5.4970936402135340e-01         3.0745257812952176e-02         4.4609777698723527e-02        -1.0944254410085147e-01
5                                      4.3226635148553502e-02         3.1413527193174404e-02        -1.2628340283941375e-01         3.9564901949206227e-02         3.0745257812952176e-02         5.4283452271433263e-01         2.1631565764867335e-02        -8.5700245434755934e-03
6                                     -2.8098680734988578e-02         7.8619829640792522e-03         7.7826953703828347e-03        -1.5313527870320368e-01         4.4609777698723527e-02         2.1631565764867335e-02         4.7582626194913807e-01         5.3370000557866469e-02
7                                     -1.2329277683614557e-02         8.2565046865965414e-03        -1.3533433048489377e-03         4.5350551066735946e-02        -1.0944254410085147e-01        -8.5700245434755934e-03         5.3370000557866469e-02         5.7403183647598011e-01
8                                      2.3474237779089580e-02        -1.2858825214855697e-02        -5.4585421777803055e-04         1.5758859982505345e-02        -4.9356254629951135e-03        -7.7453210736278644e-02        -8.6795381874753330e-02        -2.8388625637235095e-02
9                                      2.6202389459973061e-03         1.9855105159665310e-04        -3.1556182229299304e-04        -2.1909256577987025e-02        -2.4982891106772927e-03        -3.9135871697755772e-02        -1.0761598954183466e-01        -2.4889566064362524e-02
10                                    -7.2198760211490730e-04         9.2053758399142892e-05        -6.3288862872242467e-04         8.1323823778777019e-03         5.4618428335357298e-03         1.4949124713149846e-02        -1.4217847015823456e-02        -7.4944095948725239e-02
11                                     2.0086727757421510e-03         3.1028332409869120e-04        -1.1886309549571147e-03        -1.3880556993624837e-02         1.6675831990714818e-03        -1.2892383418064340e-02        -6.1055199829399900e-02        -1.2809546906798707e-02
12                                    -5.2253080241404390e-02        -3.6895180725065514e-02        -9.5532184921482775e-03        -4.8478034118875357e-03        -2.0706475585826251e-02        -4.9032361289124372e-03         1.4355856048213756e-03        -1.8651595334847199e-03
13                                    -3.6912632586127217e-02        -2.8114436794700404e-01        -5.6215472573940044e-02        -2.7654047111076857e-03        -1.4969093246082572e-02        -2.6220997777286602e-03         1.4028139600811224e-03         8.5480047778218986e-04
14                                    -9.4919864880316611e-03        -5.6568683694759141e-02        -6.0348476161885864e-02         3.8859097087032488e-03         2.3419833030397373e-02         4.8863330835979641e-03        -9.0871453811857566e-04         4.0125145140643874e-04
15                                    -8.1824411007185766e-02        -5.9354190952622884e-03        -8.8440933156203536e-02         9.1764211528474818e-03         2.0699780783029918e-03         2.0138500874077793e-02         1.0916959860098109e-03         5.7577565035631128e-04
16                                    -6.1614993851694744e-03        -4.8125380010387589e-02        -1.5824847810400181e-02         6.3159976565606499e-03         1.1798571238049154e-04         1.3992874457724196e-02         3.7378258280232844e-04         1.2783707753817814e-04
17                                    -8.8994798703010317e-02        -1.4943237764273178e-02        -2.6345143615294975e-01        -7.4005304250834777e-03        -1.6268825979926294e-03        -2.1147760787960518e-02        -2.5752800230113165e-03         4.4127390813489915e-04
18                                    -2.4740362871623656e-01         1.0910397934106125e-01        -2.4907232738146847e-03        -1.7521137137724255e-02         1.0075646011713601e-02        -9.3522701828050760e-04        -1.2227842915759658e-03        -3.5149606434142612e-03
19                                     1.1012266240983146e-01        -1.0487832157171170e-01         8.2412598583979108e-04        -1.4620640088840195e-02         6.8633254704268849e-03        -3.3545733170157630e-04        -1.2586122481643199e-03        -1.3835779272194052e-03
20                                    -3.5018029946381271e-03         1.3233335182908320e-03        -4.4216271054837428e-02         2.1238335882197298e-02        -1.2445188964546040e-02        -8.5267802740075045e-04         1.6876763030604959e-03         3.5453008491450133e-03
21                                    -4.5258593088409998e-03        -2.0725510948047726e-02        -4.4909475566575182e-03        -5.2360331381450249e-02        -3.7674152187362003e-02        -9.7472515093743085e-03         2.5179542877268191e-03         3.1814597247791246e-02
22                                    -2.6519889986905635e-03        -1.3156956880238973e-02        -2.4044662098420023e-03        -3.6618106840517833e-02        -2.7874306180950736e-01        -5.4686653368233987e-02        -1.7772013784424986e-03        -1.8240310205243408e-02
23                                     4.4670487557785226e-03         2.3311256791084263e-02         4.3194449032505798e-03        -8.7872948528225532e-03        -5.6014690765796744e-02        -6.0867903870269927e-02        -1.3155486381179471e-03        -2.4229637953967660e-03
24                                     7.9761093561641662e-03         3.3852532147621230e-04         2.1786925490873403e-02        -8.9396723481501877e-02        -2.8549713878418268e-03        -9.5069527572534229e-02        -9.8557974679565809e-03        -4.6797941008649962e-03
25                                     5.4308226621459545e-03        -4.1301923447135784e-04         1.3579030435502794e-02        -4.0610587777207031e-03        -4.7976453588139387e-02        -1.0797697861306684e-02         5.6798569192861425e-03        -3.1032714810590428e-04
26                                    -8.1994431819220424e-03        -5.0951325986377076e-04        -2.1210168669183561e-02        -9.4998456522198210e-02        -1.0282976054979201e-02        -2.5085953307751785e-01         5.3976559170824598e-04        -6.5752454823367334e-04
27                                     2.3291166589761185e-03         1.0349780871026571e-03        -7.1720060986238659e-04         1.6488203278325238e-03         2.9963344371568078e-02         7.4289323391686906e-03        -5.1653920054793800e-02        -2.6576048554738059e-02
28                                    -1.1534074254523838e-03         1.2867149093192254e-03         4.1124210389649658e-04        -1.9056726368514437e-03        -1.7981820388646264e-02        -2.6587531282608054e-03        -2.7048556896469650e-02        -2.7602193850635459e-01
29                                    -8.3212202324939007e-04        -8.2782919510384029e-04        -1.4146021015266214e-04         1.2887455557545249e-03        -2.8079772537526922e-03         1.6806080598473876e-03         7.3547123341743091e-04        -4.3877322923455010e-02
30                                    -4.6402393471665655e-03         4.6184656284337031e-03        -1.2111657052642898e-03        -1.7288579591067960e-02        -1.4117200249879645e-02         1.9814906780938030e-02        -1.3763758763659484e-01        -6.9167293182752360e-02
31                                     2.3959295400850420e-03        -1.2792621124357211e-03         2.8783337832976631e-04         1.1401074949057125e-02         6.7743783310485464e-03        -1.2044875449612207e-02        -6.8231231837645942e-02        -1.0311661583830996e-01
32                                     2.6473715149926205e-05        -3.3391147007295939e-04         1.3432609408771615e-03         2.2385856988685233e-03         8.8572811179906600e-04        -3.0467186124840751e-04         1.0078169778588629e-01         7.3043790343788245e-02
33                                     9.8048350901075118e-05        -7.2832936649918712e-04        -1.4612304205376143e-03         4.0040831656182731e-04         1.0614012824713805e-03        -2.1403140737758708e-03         8.3485406032519863e-03         1.1883689498989904e-02
34                                     4.7794012727689046e-04         5.6464677250703255e-04         9.4536031060614076e-04        -8.1470793797253928e-04        -3.7407380965033196e-04         6.5472465545872872e-04        -7.3727956480136407e-04         1.8843095691298750e-04
35                                    -2.5482159895373960e-04         6.0288685268994682e-05         7.9661943182142946e-04         1.7220832712936188e-04         6.1378131538352299e-04         1.2600807603761941e-03         1.9428007516178503e-02         2.0678540670723888e-02
                                                         8                           9                          10                          11                          12                          13                          14                          15

0                                      2.3474237779089580e-02         2.6202389459973061e-03        -7.2198760211490730e-04         2.0086727757421510e-03        -5.2253080241404390e-02        -3.6912632586127217e-02        -9.4919864880316611e-03        -8.1824411007185766e-02
1                                     -1.2858825214855697e-02         1.9855105159665310e-04         9.2053758399142892e-05         3.1028332409869120e-04        -3.6895180725065514e-02        -2.8114436794700404e-01        -5.6568683694759141e-02        -5.9354190952622884e-03
2                                     -5.4585421777803055e-04        -3.1556182229299304e-04        -6.3288862872242467e-04        -1.1886309549571147e-03        -9.5532184921482775e-03        -5.6215472573940044e-02        -6.0348476161885864e-02        -8.8440933156203536e-02
3                                      1.5758859982505345e-02        -2.1909256577987025e-02         8.1323823778777019e-03        -1.3880556993624837e-02        -4.8478034118875357e-03        -2.7654047111076857e-03         3.8859097087032488e-03         9.1764211528474818e-03
4                                     -4.9356254629951135e-03        -2.4982891106772927e-03         5.4618428335357298e-03         1.6675831990714818e-03        -2.0706475585826251e-02        -1.4969093246082572e-02         2.3419833030397373e-02         2.0699780783029918e-03
5                                     -7.7453210736278644e-02        -3.9135871697755772e-02         1.4949124713149846e-02        -1.2892383418064340e-02        -4.9032361289124372e-03        -2.6220997777286602e-03         4.8863330835979641e-03         2.0138500874077793e-02
6                                     -8.6795381874753330e-02        -1.0761598954183466e-01        -1.4217847015823456e-02        -6.1055199829399900e-02         1.4355856048213756e-03         1.4028139600811224e-03        -9.0871453811857566e-04         1.0916959860098109e-03
7                                     -2.8388625637235095e-02        -2.4889566064362524e-02        -7.4944095948725239e-02        -1.2809546906798707e-02        -1.8651595334847199e-03         8.5480047778218986e-04         4.0125145140643874e-04         5.7577565035631128e-04
8                                      4.9305671830925007e-01        -2.1514978294218265e-02         8.8135983348422743e-03        -1.5500807100071629e-01        -1.3362509736114287e-03        -2.9026150405942093e-04         1.2484858320951390e-03         4.3759901509092753e-04
9                                     -2.1514978294218265e-02         2.8012159012869309e-01         1.5851431973226876e-01        -6.6474736208483043e-02        -3.0704382203149908e-04        -5.3573030763198141e-04        -3.4402723831599064e-04        -5.8434757287626274e-04
10                                     8.8135983348422743e-03         1.5851431973226876e-01         2.0216957295836158e-01        -1.6935771648883458e-01         5.9223390746519062e-04         2.4651614550934287e-04         1.4747638864804626e-04        -7.0741197888621321e-05
11                                    -1.5500807100071629e-01        -6.6474736208483043e-02        -1.6935771648883458e-01         4.7120945953729332e-01         1.3617745920562689e-04        -2.0947737547962354e-04        -2.5991444490182239e-05        -7.1692301822665928e-04
12                                    -1.3362509736114287e-03        -3.0704382203149908e-04         5.9223390746519062e-04         1.3617745920562689e-04         5.4785159678785278e-02         4.3884513888593490e-02         7.4509069678725670e-03        -2.8707531409932264e-03
13                                    -2.9026150405942093e-04        -5.3573030763198141e-04         2.4651614550934287e-04        -2.0947737547962354e-04         4.3884513888593490e-02         3.0791834215998420e-01         5.9340516954837788e-02         4.1173432895031878e-04
14                                     1.2484858320951390e-03        -3.4402723831599064e-04         1.4747638864804626e-04        -2.5991444490182239e-05         7.4509069678725670e-03         5.9340516954837788e-02         6.3184256691661042e-02        -2.8970375563998024e-03
15                                     4.3759901509092753e-04        -5.8434757287626274e-04        -7.0741197888621321e-05        -7.1692301822665928e-04        -2.8707531409932264e-03         4.1173432895031878e-04        -2.8970375563998024e-03         8.8902506220059282e-02
16                                    -6.1586584082198306e-04         1.1254881090253682e-04        -2.5544369717366239e-04        -4.3137034656558649e-04        -1.2172126610014943e-02        -6.2115022166368578e-04        -2.8920862644189600e-02         6.9438653894736786e-03
17                                    -1.9535507899690946e-03        -5.3037330143617008e-04        -1.9912914206711603e-05         2.7458241317291510e-03        -2.1788280902950881e-03         2.0464922388421097e-04        -5.7736218737570811e-03         9.5687166835207407e-02
18                                     3.4849392522961539e-03         2.3865396452645102e-04         8.0901037810916267e-05         3.6676329386492110e-04         5.5295257228938372e-03        -3.2384876051133951e-03        -4.7079001135394080e-05        -1.0444796242192661e-02
19                                     2.1591248248462947e-03         1.6999265887662762e-05         2.3003085500580313e-04        -7.6888040761165059e-06         2.7397210062514811e-02        -1.3577556115090816e-02         1.2668999972579812e-03        -3.3758627201258013e-03
20                                    -4.7822002350078503e-03        -5.1185841625055347e-04        -1.8664104590268086e-05         1.2859518769676882e-03         7.1153058838895290e-03        -3.5306646656922637e-03        -1.1480108609114026e-03        -2.6688223979165000e-02
21                                     8.5676083199318770e-03         2.5556981327553960e-03        -2.3745671101758491e-03         5.9007579540329273e-04        -2.1408523589676624e-03        -1.5778040230958797e-03         3.5824015800259117e-03         9.4941707898095278e-04
22                                    -5.8430355292536911e-03        -9.3466256887432889e-04         2.4773008288825286e-03         1.2600603082961914e-03        -1.7503269329621584e-03         4.3012738880560358e-04         2.0990177734144535e-03         3.6972601981010789e-04
23                                    -2.1747671983718148e-03         7.0221205554806660e-04         9.2817284166380788e-04         8.7036717256375737e-04         3.3808569406800445e-03         2.7241165598061255e-03        -2.6129012183534941e-03        -8.7654195746001101e-04
24                                    -2.8058533889184448e-02        -7.7313822874844800e-03         4.4784029165758615e-03        -1.8663431897969294e-03         6.8938854176688838e-04         2.7842885444138423e-04        -7.9692215512429192e-04        -2.5026117345397043e-03
25                                     1.4873138855202073e-02         3.8331100001805615e-03        -3.2510699225783203e-04         7.2736104917293346e-04         7.3134257546740285e-04         3.5528380793633466e-04         1.7786297501488826e-05        -1.6336589122472663e-03
26                                    -1.4403293943279234e-03        -1.0556774944177772e-04         5.9437133959504155e-04         2.0459239009451412e-03        -1.7471349967173883e-04         4.0461782815338389e-04         8.0236622078513225e-04         3.3542038664186114e-03
27                                    -1.9179139322986014e-03        -6.0741544815028784e-03        -1.7652809956505915e-02        -1.5498519126172280e-02        -1.7495901256352122e-04        -9.4205438065560502e-04        -5.1108496234220720e-05        -1.4120554204381620e-04
28                                    -4.5778051710281181e-02        -3.2650269091745038e-03         4.8596535696976920e-03        -6.9609668217019034e-03         9.1944204638127558e-04         6.3483043134497999e-04        -7.0145065463530359e-04         2.9473582853332351e-05
29                                    -5.8188947573526273e-02        -1.5994197531501615e-02        -2.9559757841770538e-02        -2.3150900205681613e-02         2.3848757751575799e-04         1.5051589871807017e-04         2.5768277551751833e-05        -6.4051786586960253e-05
30                                     1.0883036837193609e-01         1.0851598368652132e-02         9.5539555684422024e-03        -1.8944558211165832e-02         3.2925556010877195e-04         1.3865346439156457e-04        -3.6372196942166697e-04         1.9063271300399204e-04
31                                     7.8945355497481551e-02         2.8936479176917412e-03         3.1493644966856926e-03        -6.0472922179381078e-04         3.2564772398799258e-04         3.4511695124175195e-04        -5.8350022131773609e-05        -1.1729797337826225e-04
