*************************************************
******************* ORCA 6.0.0 ******************
*************************************************
$Calculation_Status
   &GeometryIndex 1
   &ListStatus       OUT
   &VERSION [&Type "String"] "6.0.0"
   &PROGNAME [&Type "String"] "LeanSCF"
   &STATUS [&Type "String"] "NORMAL TERMINATION"
$End
$Geometry
   &GeometryIndex 1
   &ListStatus       OUT
   &NATOMS [&Type "Integer"] 9
   &NCORELESSECP [&Type "Integer"] 0
   &NGHOSTATOMS [&Type "Integer"] 0
   &CartesianCoordinates [&Type "Coordinates", &Dim(9,4), &Units "Bohr"] 
              C      2.478173225020   -1.344821958576    0.000473278320
              C      2.478308458547    1.344619325889    0.000997205268
              C      0.097702883059    2.351812729800   -0.000203487978
              S     -2.184055291068    0.000136428967    0.000490705563
              C      0.097463220810   -2.351772485814   -0.001245240705
              H      4.176639528373   -2.489473153487    0.000950708179
              H      4.176886960232    2.489104745330    0.002046067712
              H     -0.452965247823    4.321279213340    0.000245291932
              H     -0.453409288867   -4.321183105648   -0.001661246528
$End
$SCF_Energy
   &GeometryIndex 1
   &ListStatus       OUT
   &SCF_ENERGY [&Type "Double"]      -5.5296526793155272e+02
$End
$DFT_Energy
   &GeometryIndex 1
   &ListStatus       OUT
   &NALPHAEL [&Type "Integer"] 22
   &NBETAEL [&Type "Integer"] 22
   &NTOTALEL [&Type "Integer"] 44
   &EEXCHANGE [&Type "Double"]      -4.7270323427653352e+01
   &ECORR [&Type "Double"]      -1.5130517866775794e+00
   &ECNL [&Type "Double"]       0.0000000000000000e+00
   &EXC [&Type "Double"]      -4.8783375214330931e+01
   &EEMBED [&Type "Double"]       0.0000000000000000e+00
   &FINALEN [&Type "Double"]      -5.5296526793155272e+02  "No Van der Waals correction"
$End
$Mulliken_Population_Analysis
   &GeometryIndex 1
   &ListStatus       OUT
   &NATOMS [&Type "Integer"] 9
   &ATNO [&Type "ArrayOfIntegers", &Dim (9,1)] 
                                                         0

0                                                        6
1                                                        6
2                                                        6
3                                                       16
4                                                        6
5                                                        1
6                                                        1
7                                                        1
8                                                        1
   &ATOMICCHARGES [&Type "ArrayOfDoubles", &Dim (9,1)] 
                                                         0

0                                     -1.5738074630806498e-01
1                                     -1.5737662112688433e-01
2                                     -1.5078435616737806e-01
3                                      8.3715690000360610e-02
4                                     -1.5078327075519660e-01
5                                      1.1820026012546547e-01
6                                      1.1820048244195414e-01
7                                      1.4810424182522719e-01
8                                      1.4810431996432549e-01
$End
$Loewdin_Population_Analysis
   &GeometryIndex 1
   &ListStatus       OUT
   &NATOMS [&Type "Integer"] 9
   &ATNO [&Type "ArrayOfIntegers", &Dim (9,1)] 
                                                         0

0                                                        6
1                                                        6
2                                                        6
3                                                       16
4                                                        6
5                                                        1
6                                                        1
7                                                        1
8                                                        1
   &ATOMICCHARGES [&Type "ArrayOfDoubles", &Dim (9,1)] 
                                                         0

0                                     -2.1275316429846658e-01
1                                     -2.1275360028612322e-01
2                                     -4.0099561951454810e-01
3                                      6.8934530224823298e-01
4                                     -4.0099533964820555e-01
5                                      1.4185138481005566e-01
6                                      1.4185153203893275e-01
7                                      1.2722470710821354e-01
8                                      1.2722479754170901e-01
$End
$Mayer_Population_Analysis
   &GeometryIndex 1
   &ListStatus       OUT
   &NATOMS [&Type "Integer"] 9 "Total number of atoms"
   &BONDTHRESH [&Type "Double"]       1.0000000000000001e-01  "The threshold for printing"
   &NBONDORDERSPRINT [&Type "Integer"] 11 "The number of bond orders larger than threshold"
   &BONDORDERS [&Type "ArrayOfDoubles", &Dim (11,1)] "The bond orders"
                                                         0

0                                      1.2464163312901275e+00
1                                      1.0484346199438417e-01
2                                      1.6205812110788080e+00
3                                      9.5922655965801717e-01
4                                      1.6205825467342365e+00
5                                      1.0484471953985607e-01
6                                      9.5922601598897794e-01
7                                      1.2495966257859934e+00
8                                      9.3901524804942937e-01
9                                      1.2495988423019950e+00
10                                     9.3901519957919932e-01
   &COMPONENTS [&Type "ArrayOfIntegers", &Dim (11,4)] "The indices and atomic numbers of the bonding atoms"
                                                         0                           1                           2                           3

0                                                        0                           6                           1                           6
1                                                        0                           6                           3                          16
2                                                        0                           6                           4                           6
3                                                        0                           6                           5                           1
4                                                        1                           6                           2                           6
5                                                        1                           6                           3                          16
6                                                        1                           6                           6                           1
7                                                        2                           6                           3                          16
8                                                        2                           6                           7                           1
9                                                        3                          16                           4                           6
10                                                       4                           6                           8                           1
   &ATNO [&Type "ArrayOfIntegers", &Dim (9,1)] "Atomic number of the elements"
                                                         0

0                                                        6
1                                                        6
2                                                        6
3                                                       16
4                                                        6
5                                                        1
6                                                        1
7                                                        1
8                                                        1
   &NA [&Type "ArrayOfDoubles", &Dim (9,1)] "Mulliken gross atomic population"
                                                         0

0                                      6.1573807463080783e+00
1                                      6.1573766211268888e+00
2                                      6.1507843561673727e+00
3                                      1.5916284309999661e+01
4                                      6.1507832707551788e+00
5                                      8.8179973987453553e-01
6                                      8.8179951755804620e-01
7                                      8.5189575817477292e-01
8                                      8.5189568003567473e-01
   &ZA [&Type "ArrayOfDoubles", &Dim (9,1)] "Total nuclear charge"
                                                         0

0                                      6.0000000000000000e+00
1                                      6.0000000000000000e+00
2                                      6.0000000000000000e+00
3                                      1.6000000000000000e+01
4                                      6.0000000000000000e+00
5                                      1.0000000000000000e+00
6                                      1.0000000000000000e+00
7                                      1.0000000000000000e+00
8                                      1.0000000000000000e+00
   &QA [&Type "ArrayOfDoubles", &Dim (9,1)] "Mulliken gross atomic charge"
                                                         0

0                                     -1.5738074630807830e-01
1                                     -1.5737662112688877e-01
2                                     -1.5078435616737274e-01
3                                      8.3715690000339293e-02
4                                     -1.5078327075517883e-01
5                                      1.1820026012546447e-01
6                                      1.1820048244195380e-01
7                                      1.4810424182522708e-01
8                                      1.4810431996432527e-01
   &VA [&Type "ArrayOfDoubles", &Dim (9,1)] "Mayer's total valence"
                                                         0

0                                      3.9446119756891349e+00
1                                      3.9446123213746418e+00
2                                      3.9057690427759790e+00
3                                      2.7689189768600948e+00
4                                      3.9057683669528451e+00
5                                      9.8049529553269243e-01
6                                      9.8049489822986846e-01
7                                      9.7145175707534892e-01
8                                      9.7145190785513647e-01
   &BVA [&Type "ArrayOfDoubles", &Dim (9,1)] "Mayer's bonded valence"
                                                         0

0                                      3.9446119756891163e+00
1                                      3.9446123213747679e+00
2                                      3.9057690427760137e+00
3                                      2.7689189768601499e+00
4                                      3.9057683669528780e+00
5                                      9.8049529553272929e-01
6                                      9.8049489822990110e-01
7                                      9.7145175707534837e-01
8                                      9.7145190785513291e-01
   &FA [&Type "ArrayOfDoubles", &Dim (9,1)] "Mayer's free valence"
                                                         0

0                                      0.0000000000000000e+00
1                                      0.0000000000000000e+00
2                                      0.0000000000000000e+00
3                                      0.0000000000000000e+00
4                                      0.0000000000000000e+00
5                                      0.0000000000000000e+00
6                                      0.0000000000000000e+00
7                                      0.0000000000000000e+00
8                                      0.0000000000000000e+00
$End
$VdW_Correction
   &GeometryIndex 1
   &ListStatus       OUT
   &VDW [&Type "Double"]      -2.4981230450314487e-03
$End
$Calculation_Info
   &GeometryIndex 1
   &ListStatus       OUT
   &MULT [&Type "Integer"] 1
   &CHARGE [&Type "Integer"] 0
   &NUMOFATOMS [&Type "Integer"] 9
   &NUMOFELECTRONS [&Type "Integer"] 44
   &NUMOFFCELECTRONS [&Type "Integer"] 1
   &NUMOFCORRELECTRONS [&Type "Integer"] 0
   &NUMOFBASISFUNCTS [&Type "Integer"] 185
   &NUMOFAUXCBASISFUNCTS [&Type "Integer"] 0
   &NUMOFAUXJBASISFUNCTS [&Type "Integer"] 206
   &NUMOFAUXJKBASISFUNCTS [&Type "Integer"] 0
   &NUMOFCABSBASISFUNCTS [&Type "Integer"] 0
   &TOTALENERGY [&Type "Double"]      -5.5296361243289778e+02  "Hartrees"
$End
$SCF_Dipole_Moment
   &GeometryIndex 1
   &ListStatus       OUT
   &METHOD [&Type "String"] "SCF"
   &LEVEL [&Type "String"] "Relaxed density"
   &MULT [&Type "Integer"] 1
   &STATE [&Type "Integer"] -1
   &IRREP [&Type "Integer"] 0
   &NATOMS [&Type "Integer"] 9
   &DODIPOLEATOM [&Type "Boolean"] false
   &DIPOLEELECCONTRIB [&Type "ArrayOfDoubles", &Dim (3,1)] "Electronic contribution"
                                                         0

0                                     -3.5243923308973018e+00
1                                      1.7704293078176728e-04
2                                      7.9154379490237745e-05
   &DIPOLENUCCONTRIB [&Type "ArrayOfDoubles", &Dim (3,1)] "Nuclear contribution"
                                                         0

0                                      3.7456170213148017e+00
1                                     -1.8760747889601248e-04
2                                      3.6540429663186138e-04
   &DIPOLETOTAL [&Type "ArrayOfDoubles", &Dim (3,1)] "Total"
                                                         0

0                                      2.2122469041749993e-01
1                                     -1.0564548114245197e-05
2                                      4.4455867612209913e-04
   &DIPOLEMAGNITUDE [&Type "Double", &Units "a.u."]       2.2122513734732968e-01
$End
$THERMOCHEMISTRY_Energies
   &GeometryIndex 1
   &ListStatus       OUT
   &TEMPERATURE [&Type "Double"]       2.9814999999999998e+02
   &PRESSURE [&Type "Double"]       1.0000000000000000e+00
   &TOTALMASS [&Type "Double"]       8.4135999999999996e+01
   &SPINDEGENERACY [&Type "Integer"] 1
   &ELENERGY [&Type "Double"]      -5.5296361243289778e+02
   &TRANSENERGY [&Type "Double"]       1.4162714244859817e-03
   &ROTENERGY [&Type "Double"]       1.4162714244859817e-03
   &VIBENERGY [&Type "Double"]       1.2563893439421414e-03
   &NUMOFFREQS [&Type "Integer"] 27
   &FREQSCALINGFACTOR [&Type "Double"]       1.0000000000000000e+00
   &FREQ [&Type "ArrayOfDoubles", &Dim (27,1)] "In cm^-1"
                                                         0

0                                      0.0000000000000000e+00
1                                      0.0000000000000000e+00
2                                      0.0000000000000000e+00
3                                      0.0000000000000000e+00
4                                      0.0000000000000000e+00
5                                      0.0000000000000000e+00
6                                      4.6622631934483661e+02
7                                      5.7978767104510723e+02
8                                      6.0978032147337603e+02
9                                      6.8536585510210637e+02
10                                     7.2114883262632145e+02
11                                     7.3408892166390524e+02
12                                     8.2056684816731956e+02
13                                     8.6845850016436418e+02
14                                     8.7208763665601623e+02
15                                     9.0519208256286481e+02
16                                     1.0533086968304162e+03
17                                     1.1011456697559215e+03
18                                     1.1037359322304933e+03
19                                     1.2682315892718457e+03
20                                     1.3829008574043528e+03
21                                     1.4365652345615431e+03
22                                     1.5363840769252429e+03
23                                     3.1851017379745222e+03
24                                     3.1979549570552558e+03
25                                     3.2256314470204743e+03
26                                     3.2282696438188527e+03
   &ZPE [&Type "Double"]       6.6025701218505595e-02
   &INNERENERGYU [&Type "Double"]      -5.5289349779948657e+02
   &ENTHALPYH [&Type "Double"]      -5.5289255359044432e+02
   &QEL [&Type "Double"]       0.0000000000000000e+00
   &QROT [&Type "Double"]       1.2003524953028463e-02
   &QVIB [&Type "Double"]       1.6448618863708373e-03
   &QTRANS [&Type "Double"]       1.8626601556215622e-02
   &ENTROPYS [&Type "Double"]       3.2274988395614920e-02
   &FREEENERGYG [&Type "Double"]      -5.5292482857883999e+02
   &ISLINEAR [&Type "Boolean"] false
$End
$Hessian
   &GeometryIndex 1
   &ListStatus       OUT
   &HESSIAN [&Type "ArrayOfDoubles", &Dim (27,27)] "The Hessian"
                                                         0                           1                           2                           3                           4                           5                           6                           7

0                                      7.6291279517671073e-01        -6.2507058379076288e-02         2.7720166560679340e-04        -1.0683109815544146e-01         2.0269624154211668e-02        -8.8791837546125672e-06         4.2505682195375892e-03         1.9144255569810923e-02
1                                     -6.2507058379076288e-02         6.1129024453206771e-01         1.0739527485265162e-04        -2.0286710999985625e-02        -2.7096480522217431e-01        -4.2100234039539159e-05         6.7859015408748002e-02        -3.8497242183700167e-02
2                                      2.7720166560679340e-04         1.0739527485265162e-04         1.2075174060390384e-01        -1.6947984169474898e-05        -4.3347496969764010e-05        -6.0364009222749551e-02         6.5584973719909158e-06         4.7797170317641429e-06
3                                     -1.0683109815544146e-01        -2.0286710999985625e-02        -1.6947984169474898e-05         7.6292587717517724e-01         6.2490416070983296e-02         3.1390755774174465e-04        -3.4697404549855215e-01         1.2044946312478666e-01
4                                      2.0269624154211668e-02        -2.7096480522217431e-01        -4.3347496969764010e-05         6.2490416070983296e-02         6.1127918538824377e-01         1.0507181542961508e-04         8.3986645828088360e-02        -1.3897706193852155e-01
5                                     -8.8791837546125672e-06        -4.2100234039539159e-05        -6.0364009222749551e-02         3.1390755774174465e-04         1.0507181542961508e-04         1.2075074958530410e-01        -1.5662852065722791e-04         4.5740772429219964e-05
6                                      4.2505682195375892e-03         6.7859015408748002e-02         6.5584973719909158e-06        -3.4697404549855215e-01         8.3986645828088360e-02        -1.5662852065722791e-04         5.4709845553940883e-01        -1.6760208526447634e-01
7                                      1.9144255569810923e-02        -3.8497242183700167e-02         4.7797170317641429e-06         1.2044946312478666e-01        -1.3897706193852155e-01         4.5740772429219964e-05        -1.6760208526447634e-01         6.6320437192218973e-01
8                                      9.5418663425518514e-06         5.8974854354099085e-06         8.4552490129131616e-03        -1.2761934722728592e-04         3.1373577316198427e-05        -5.4454332445228695e-02         1.1762832585668175e-04         4.1129050885974327e-05
9                                     -6.7266602150989924e-02        -1.3293852483891411e-02         1.7113215395239266e-06        -6.7268526447480284e-02         1.3299763783271332e-02         5.7337789151639499e-06        -8.8252476314419750e-02        -4.0846565417083001e-02
10                                     3.2621929471253135e-02        -8.9690734793460777e-03        -1.9204036967257564e-05        -3.2615893050874062e-02        -8.9670890890530784e-03         1.0640176254604617e-05        -7.3103603650842203e-02        -1.0638270672693972e-01
11                                    -4.4559624682615333e-07         1.5101262873764348e-05         8.6625457065195068e-03        -2.1356866503112884e-05        -2.0268781831612942e-05         8.6628185617351715e-03         1.5308413788746597e-05         3.1908365119996513e-06
12                                    -3.4699294471613423e-01        -8.3964084384033022e-02        -2.0201299365641160e-04         4.2418021993550926e-03        -6.7863438812767199e-02        -2.0744188928132060e-05        -2.1951151031034677e-02         5.6981460694196968e-03
13                                    -1.2042682155451720e-01        -1.3895554851836869e-01        -8.6064945789638889e-05        -1.9148712794217065e-02        -3.8488522757620124e-02        -2.5404403362990151e-05        -5.7013872001245606e-03        -5.3402750041202353e-02
14                                    -1.8946946973004078e-04        -7.2484100279361359e-05        -5.4454731652944122e-02         1.4017577676110856e-06        -2.3856723487270754e-05         8.4551469466493875e-03        -1.9792216476744316e-05        -4.8127072866005888e-06
15                                    -2.4959841677126493e-01         1.3168363341518211e-01        -7.3218332206619177e-05         5.5835920499916905e-03        -3.8360849271542805e-03         2.5524403021219365e-06         5.5384822412426257e-06        -1.9171306978106647e-03
16                                     1.3122966971356145e-01        -1.4472056471429001e-01         2.4920481523179808e-05         2.5111959867556093e-02        -6.8208480359093528e-03         6.0651017082324237e-06         2.0147840737502060e-05        -6.4771145641397843e-03
17                                    -6.7301439414103057e-05         2.0932855257986213e-05        -2.9771890272056494e-02         6.4581990783515616e-06         1.5497171600219180e-06         2.4596639865741114e-04         2.7978207103719267e-06        -2.9285963528613356e-06
18                                     5.5814812300627147e-03         3.8348051350526116e-03         5.2242395333696020e-06        -2.4962364253887070e-01        -1.3167270464697522e-01        -1.3856160263607368e-04        -1.6858676327501314e-02        -1.6903959636468926e-02
19                                    -2.5113116319143473e-02        -6.8186401109985549e-03        -9.5680646149021507e-06        -1.3121898795392808e-01        -1.4469454726343664e-01        -7.9120141027640400e-05         1.1115318319674897e-02         9.5175765640684584e-03
20                                    -2.4014196700214460e-06        -1.9665541677142548e-06         2.4575745993724897e-04        -1.3582556548217406e-04        -7.8164169387976985e-05        -2.9771851862861385e-02        -4.8663732331076319e-06        -9.1641365598708797e-06
21                                    -5.3079339770905794e-03         2.0718688009386168e-03        -6.6742936655841495e-06         3.2543943942805222e-03         2.5222998741926961e-02         1.3047574693074158e-05        -7.2138563163827690e-02         7.7672056937264020e-02
22                                     1.7860612923416286e-03         6.3139929594696435e-04         6.3733678525369982e-06        -2.8220440437037378e-03        -2.9980805247039645e-03        -1.4052848534646187e-05         8.1043644197988707e-02        -3.2796157468160542e-01
23                                    -9.0742233876925347e-06        -6.6686363684202780e-06         5.4811076564146013e-03        -9.6648124795690505e-06         2.4299915198109292e-05         9.9438856418950297e-04         2.8864334853794358e-05        -8.5063973985557647e-05
24                                     3.2521511446100479e-03        -2.5223556319033082e-02         3.0979957355310169e-06        -5.3083531784599959e-03        -2.0712543671178862e-03        -8.0015618742358794e-06        -5.1796499058520580e-03         4.3100238208579117e-03
25                                     2.8213958576562628e-03        -2.9957695991368362e-03         1.4145055986527413e-05        -1.7854560450845033e-03         6.3176944317522993e-04        -8.2448312397860633e-06         2.3781000139053579e-03        -1.0234983501492771e-03
26                                    -4.1123158351676951e-06        -2.5536706469874409e-05         9.9423070806181624e-04        -1.2779232527913034e-05         4.7467389556098516e-06         5.4811234743040501e-03         9.7419586948210853e-06         6.6493080979598798e-06
                                                         8                           9                          10                          11                          12                          13                          14                          15

0                                      9.5418663425518514e-06        -6.7266602150989924e-02         3.2621929471253135e-02        -4.4559624682615333e-07        -3.4699294471613423e-01        -1.2042682155451720e-01        -1.8946946973004078e-04        -2.4959841677126493e-01
1                                      5.8974854354099085e-06        -1.3293852483891411e-02        -8.9690734793460777e-03         1.5101262873764348e-05        -8.3964084384033022e-02        -1.3895554851836869e-01        -7.2484100279361359e-05         1.3168363341518211e-01
2                                      8.4552490129131616e-03         1.7113215395239266e-06        -1.9204036967257564e-05         8.6625457065195068e-03        -2.0201299365641160e-04        -8.6064945789638889e-05        -5.4454731652944122e-02        -7.3218332206619177e-05
3                                     -1.2761934722728592e-04        -6.7268526447480284e-02        -3.2615893050874062e-02        -2.1356866503112884e-05         4.2418021993550926e-03        -1.9148712794217065e-02         1.4017577676110856e-06         5.5835920499916905e-03
4                                      3.1373577316198427e-05         1.3299763783271332e-02        -8.9670890890530784e-03        -2.0268781831612942e-05        -6.7863438812767199e-02        -3.8488522757620124e-02        -2.3856723487270754e-05        -3.8360849271542805e-03
5                                     -5.4454332445228695e-02         5.7337789151639499e-06         1.0640176254604617e-05         8.6628185617351715e-03        -2.0744188928132060e-05        -2.5404403362990151e-05         8.4551469466493875e-03         2.5524403021219365e-06
6                                      1.1762832585668175e-04        -8.8252476314419750e-02        -7.3103603650842203e-02         1.5308413788746597e-05        -2.1951151031034677e-02        -5.7013872001245606e-03        -1.9792216476744316e-05         5.5384822412426257e-06
7                                      4.1129050885974327e-05        -4.0846565417083001e-02        -1.0638270672693972e-01         3.1908365119996513e-06         5.6981460694196968e-03        -5.3402750041202353e-02        -4.8127072866005888e-06        -1.9171306978106647e-03
8                                      8.7464587537998129e-02         7.0987870382333376e-06        -1.3120908283263786e-05        -3.5787074797180518e-02        -1.6740542161543029e-05        -2.2324615584540185e-05         9.9439165170683574e-03        -8.5294769637779547e-07
9                                      7.0987870382333376e-06         3.0759398250473929e-01        -2.5559685893671372e-06        -2.1702946535555627e-05        -8.8239944377831087e-02         4.0844473185097457e-02         2.4603554662744260e-05        -3.7898203474360363e-03
10                                    -1.3120908283263786e-05        -2.5559685893671372e-06         2.5103062679448707e-01         4.5156682654002797e-05         7.3101266569925813e-02        -1.0639301826398519e-01        -1.7510870817350317e-05        -2.5697250233433413e-04
11                                    -3.5787074797180518e-02        -2.1702946535555627e-05         4.5156682654002797e-05         4.8691617097325994e-02         4.8223819625441724e-05        -3.6124520669814902e-05        -3.5787389814861931e-02        -5.5168994329967800e-06
12                                    -1.6740542161543029e-05        -8.8239944377831087e-02         7.3101266569925813e-02         4.8223819625441724e-05         5.4712984658938146e-01         1.6761310307149691e-01         1.9903952094886361e-04        -1.6857885904245140e-02
13                                    -2.2324615584540185e-05         4.0844473185097457e-02        -1.0639301826398519e-01        -3.6124520669814902e-05         1.6761310307149691e-01         6.6316679215714669e-01         2.1461703036547024e-04         1.6906501805772751e-02
14                                     9.9439165170683574e-03         2.4603554662744260e-05        -1.7510870817350317e-05        -3.5787389814861931e-02         1.9903952094886361e-04         2.1461703036547024e-04         8.7466019639356338e-02         3.1655284849929242e-06
15                                    -8.5294769637779547e-07        -3.7898203474360363e-03        -2.5697250233433413e-04        -5.5168994329967800e-06        -1.6857885904245140e-02         1.6906501805772751e-02         3.1655284849929242e-06         2.6335861860518295e-01
16                                    -6.3097064052650868e-07        -4.0888337108451233e-03         7.0561890545380458e-04        -3.0059800212054630e-06        -1.1112653700412554e-02         9.5170229534798055e-03        -2.8741708936223665e-06        -1.4275712683750935e-01
17                                     2.4174361184073428e-03        -3.5771640939292188e-06        -5.9267859177610348e-06         6.6964333660653082e-03        -1.2541760037160689e-05         1.1698318574336553e-05         2.9797979376792114e-03         7.1987420717393175e-05
18                                    -6.1778259340284372e-06        -3.7894230296864214e-03         2.5740218077654250e-04        -4.9812831144931854e-06         5.7278600976240577e-06         1.9165103468823464e-03         3.7306470609254296e-07         2.2785392645741434e-05
19                                     5.1249464334575926e-06         4.0892871233201350e-03         7.0521778651133561e-04        -2.5399533887818963e-07        -2.0789720516460955e-05        -6.4773008170694165e-03        -2.8324022445291562e-06         6.1329202096055586e-04
20                                     2.9799235232958032e-03        -2.0844902135981155e-06         3.1413586962342442e-06         6.6964756982675726e-03         2.4241473893391042e-06        -5.3309699619878819e-07         2.4173579996595428e-03         5.5652371766200712e-07
21                                     1.3667883064943434e-05         5.5056811998032314e-03        -1.8168781979437984e-02        -6.4704152863600471e-06        -5.1803520812377137e-03        -4.3095963018954788e-03         2.2264190977573183e-06         4.1060401971926286e-04
22                                    -4.9911472394502073e-05         4.2462621538836148e-03        -1.0864065815182435e-02        -8.0229023028449983e-06        -2.3776916845462091e-03        -1.0228011686121974e-03        -4.4390041934335077e-06        -9.3110948320559647e-05
23                                    -2.1260070010349356e-02        -5.8382976260655004e-06         1.1065520181788735e-05        -3.9177426105416781e-03         8.6861834825177311e-06        -7.8489516415743230e-06         2.4037500892148484e-04        -5.6894977725505857e-07
24                                     3.8415598074981123e-06         5.5071289633010466e-03         1.8167117625074808e-02        -1.8461382649134843e-07        -7.2155098538351281e-02        -7.7698237073907203e-02        -2.1697189082277873e-05         8.6498447316525444e-04
25                                     2.9426360597647861e-06        -4.2478873601159914e-03        -1.0865510111945698e-02        -1.8231051797741913e-06        -8.1069690893154994e-02        -3.2794387354376842e-01        -8.5138578057259459e-05        -3.8499725755635796e-04
26                                     2.4036454307577502e-04        -8.8181561548693045e-06        -8.1906324966337942e-06        -3.9176832073294279e-03        -6.1851570419135894e-06        -4.8683288001092235e-05        -2.1260492581528293e-02         2.2576806318135617e-06
                                                        16                          17                          18                          19                          20                          21                          22                          23

0                                      1.3122966971356145e-01        -6.7301439414103057e-05         5.5814812300627147e-03        -2.5113116319143473e-02        -2.4014196700214460e-06        -5.3079339770905794e-03         1.7860612923416286e-03        -9.0742233876925347e-06
1                                     -1.4472056471429001e-01         2.0932855257986213e-05         3.8348051350526116e-03        -6.8186401109985549e-03        -1.9665541677142548e-06         2.0718688009386168e-03         6.3139929594696435e-04        -6.6686363684202780e-06
2                                      2.4920481523179808e-05        -2.9771890272056494e-02         5.2242395333696020e-06        -9.5680646149021507e-06         2.4575745993724897e-04        -6.6742936655841495e-06         6.3733678525369982e-06         5.4811076564146013e-03
3                                      2.5111959867556093e-02         6.4581990783515616e-06        -2.4962364253887070e-01        -1.3121898795392808e-01        -1.3582556548217406e-04         3.2543943942805222e-03        -2.8220440437037378e-03        -9.6648124795690505e-06
4                                     -6.8208480359093528e-03         1.5497171600219180e-06        -1.3167270464697522e-01        -1.4469454726343664e-01        -7.8164169387976985e-05         2.5222998741926961e-02        -2.9980805247039645e-03         2.4299915198109292e-05
5                                      6.0651017082324237e-06         2.4596639865741114e-04        -1.3856160263607368e-04        -7.9120141027640400e-05        -2.9771851862861385e-02         1.3047574693074158e-05        -1.4052848534646187e-05         9.9438856418950297e-04
6                                      2.0147840737502060e-05         2.7978207103719267e-06        -1.6858676327501314e-02         1.1115318319674897e-02        -4.8663732331076319e-06        -7.2138563163827690e-02         8.1043644197988707e-02         2.8864334853794358e-05
7                                     -6.4771145641397843e-03        -2.9285963528613356e-06        -1.6903959636468926e-02         9.5175765640684584e-03        -9.1641365598708797e-06         7.7672056937264020e-02        -3.2796157468160542e-01        -8.5063973985557647e-05
8                                     -6.3097064052650868e-07         2.4174361184073428e-03        -6.1778259340284372e-06         5.1249464334575926e-06         2.9799235232958032e-03         1.3667883064943434e-05        -4.9911472394502073e-05        -2.1260070010349356e-02
9                                     -4.0888337108451233e-03        -3.5771640939292188e-06        -3.7894230296864214e-03         4.0892871233201350e-03        -2.0844902135981155e-06         5.5056811998032314e-03         4.2462621538836148e-03        -5.8382976260655004e-06
10                                     7.0561890545380458e-04        -5.9267859177610348e-06         2.5740218077654250e-04         7.0521778651133561e-04         3.1413586962342442e-06        -1.8168781979437984e-02        -1.0864065815182435e-02         1.1065520181788735e-05
11                                    -3.0059800212054630e-06         6.6964333660653082e-03        -4.9812831144931854e-06        -2.5399533887818963e-07         6.6964756982675726e-03        -6.4704152863600471e-06        -8.0229023028449983e-06        -3.9177426105416781e-03
12                                    -1.1112653700412554e-02        -1.2541760037160689e-05         5.7278600976240577e-06        -2.0789720516460955e-05         2.4241473893391042e-06        -5.1803520812377137e-03        -2.3776916845462091e-03         8.6861834825177311e-06
13                                     9.5170229534798055e-03         1.1698318574336553e-05         1.9165103468823464e-03        -6.4773008170694165e-03        -5.3309699619878819e-07        -4.3095963018954788e-03        -1.0228011686121974e-03        -7.8489516415743230e-06
14                                    -2.8741708936223665e-06         2.9797979376792114e-03         3.7306470609254296e-07        -2.8324022445291562e-06         2.4173579996595428e-03         2.2264190977573183e-06        -4.4390041934335077e-06         2.4037500892148484e-04
15                                    -1.4275712683750935e-01         7.1987420717393175e-05         2.2785392645741434e-05         6.1329202096055586e-04         5.5652371766200712e-07         4.1060401971926286e-04        -9.3110948320559647e-05        -5.6894977725505857e-07
16                                     1.4709645931757911e-01        -2.7995341796876032e-05        -6.1323451216950802e-04         7.4835300007142485e-04         5.6147430289461989e-07         1.4836623317569320e-03        -2.3237969690617557e-04         6.7097080974471857e-07
17                                    -2.7995341796876032e-05         2.2450454245382709e-02         7.1276950897735417e-07         7.1499567461186538e-07        -1.8610769366459493e-03        -1.2054726876571619e-07         1.4068674659377765e-06         8.8560601274494414e-04
18                                    -6.1323451216950802e-04         7.1276950897735417e-07         2.6338632355084302e-01         1.4274518625906785e-01         1.4165550516206905e-04         8.6495366893922770e-04         3.8493849732621627e-04         3.2940934615298956e-06
19                                     7.4835300007142485e-04         7.1499567461186538e-07         1.4274518625906785e-01         1.4706806985621890e-01         8.7334972131717140e-05        -7.6845659723906781e-04         1.8350650161230199e-04         3.0302053432821727e-07
20                                     5.6147430289461989e-07        -1.8610769366459493e-03         1.4165550516206905e-04         8.7334972131717140e-05         2.2450523208261394e-02         6.6917967131504706e-07         9.2767299195535787e-07        -4.0427415693231033e-03
21                                     1.4836623317569320e-03        -1.2054726876571619e-07         8.6495366893922770e-04        -7.6845659723906781e-04         6.6917967131504706e-07         7.1131033897582741e-02        -8.2685826645937405e-02        -1.6365635319167558e-05
22                                    -2.3237969690617557e-04         1.4068674659377765e-06         3.8493849732621627e-04         1.8350650161230199e-04         9.2767299195535787e-07        -8.2685826645937405e-02         3.4239263870107045e-01         6.7405909332522701e-05
