*************************************************
******************* ORCA 6.0.0 ******************
*************************************************
$Calculation_Status
   &GeometryIndex 1
   &ListStatus       OUT
   &VERSION [&Type "String"] "6.0.0"
   &PROGNAME [&Type "String"] "LeanSCF"
   &STATUS [&Type "String"] "NORMAL TERMINATION"
$End
$Geometry
   &GeometryIndex 1
   &ListStatus       OUT
   &NATOMS [&Type "Integer"] 12
   &NCORELESSECP [&Type "Integer"] 0
   &NGHOSTATOMS [&Type "Integer"] 0
   &CartesianCoordinates [&Type "Coordinates", &Dim(12,4), &Units "Bohr"] 
              C     -2.202399343018   -1.439590316725   -0.000010102665
              C      0.145543720122   -2.626949549029   -0.000002354410
              C      2.347755093972   -1.187441650442   -0.000040832068
              C      2.202415943128    1.439608688453   -0.000017006968
              C     -0.145557961854    2.626966463212   -0.000005104150
              C     -2.347750757806    1.187436017924   -0.000026860567
              H     -3.919344011362   -2.561812282421   -0.000003231054
              H      0.259036380347   -4.674981948764   -0.000018517993
              H      4.178084087564   -2.113356148676   -0.000027546727
              H      3.919401273844    2.561865490683   -0.000029196458
              H     -0.259149912258    4.675019056938   -0.000018566748
              H     -4.178102103835    2.113243121699    0.000001277077
$End
$SCF_Energy
   &GeometryIndex 1
   &ListStatus       OUT
   &SCF_ENERGY [&Type "Double"]      -2.3219532518032290e+02
$End
$DFT_Energy
   &GeometryIndex 1
   &ListStatus       OUT
   &NALPHAEL [&Type "Integer"] 21
   &NBETAEL [&Type "Integer"] 21
   &NTOTALEL [&Type "Integer"] 42
   &EEXCHANGE [&Type "Double"]      -3.3357301825483688e+01
   &ECORR [&Type "Double"]      -1.3306777677017363e+00
   &ECNL [&Type "Double"]       0.0000000000000000e+00
   &EXC [&Type "Double"]      -3.4687979593185425e+01
   &EEMBED [&Type "Double"]       0.0000000000000000e+00
   &FINALEN [&Type "Double"]      -2.3219532518032290e+02  "No Van der Waals correction"
$End
$Mulliken_Population_Analysis
   &GeometryIndex 1
   &ListStatus       OUT
   &NATOMS [&Type "Integer"] 12
   &ATNO [&Type "ArrayOfIntegers", &Dim (12,1)] 
                                                         0

0                                                        6
1                                                        6
2                                                        6
3                                                        6
4                                                        6
5                                                        6
6                                                        1
7                                                        1
8                                                        1
9                                                        1
10                                                       1
11                                                       1
   &ATOMICCHARGES [&Type "ArrayOfDoubles", &Dim (12,1)] 
                                                         0

0                                     -1.0881769825093723e-01
1                                     -1.0861046683770770e-01
2                                     -1.0861673531567551e-01
3                                     -1.0882737286550270e-01
4                                     -1.0860375964115310e-01
5                                     -1.0862094766091079e-01
6                                      1.0871498726437401e-01
7                                      1.0867565735956286e-01
8                                      1.0865820726876807e-01
9                                      1.0871499025603470e-01
10                                     1.0867584907671446e-01
11                                     1.0865728934647501e-01
$End
$Loewdin_Population_Analysis
   &GeometryIndex 1
   &ListStatus       OUT
   &NATOMS [&Type "Integer"] 12
   &ATNO [&Type "ArrayOfIntegers", &Dim (12,1)] 
                                                         0

0                                                        6
1                                                        6
2                                                        6
3                                                        6
4                                                        6
5                                                        6
6                                                        1
7                                                        1
8                                                        1
9                                                        1
10                                                       1
11                                                       1
   &ATOMICCHARGES [&Type "ArrayOfDoubles", &Dim (12,1)] 
                                                         0

0                                     -1.4236739003991516e-01
1                                     -1.4239274018168047e-01
2                                     -1.4240411609287040e-01
3                                     -1.4236351064829389e-01
4                                     -1.4239081913517637e-01
5                                     -1.4240621140920506e-01
6                                      1.4238581164162867e-01
7                                      1.4238552505402691e-01
8                                      1.4238905167926696e-01
9                                      1.4239002216985464e-01
10                                     1.4238757928064683e-01
11                                     1.4238679768176266e-01
$End
$Mayer_Population_Analysis
   &GeometryIndex 1
   &ListStatus       OUT
   &NATOMS [&Type "Integer"] 12 "Total number of atoms"
   &BONDTHRESH [&Type "Double"]       1.0000000000000001e-01  "The threshold for printing"
   &NBONDORDERSPRINT [&Type "Integer"] 12 "The number of bond orders larger than threshold"
   &BONDORDERS [&Type "ArrayOfDoubles", &Dim (12,1)] "The bond orders"
                                                         0

0                                      1.4014835434389941e+00
1                                      1.4015562549285487e+00
2                                      9.6908522248694928e-01
3                                      1.4016692296482449e+00
4                                      9.6906624414600528e-01
5                                      1.4015367006432640e+00
6                                      9.6908649693749349e-01
7                                      1.4014616585851112e+00
8                                      9.6908920884424765e-01
9                                      1.4016735961891327e+00
10                                     9.6906733691477853e-01
11                                     9.6908730874799798e-01
   &COMPONENTS [&Type "ArrayOfIntegers", &Dim (12,4)] "The indices and atomic numbers of the bonding atoms"
                                                         0                           1                           2                           3

0                                                        0                           6                           1                           6
1                                                        0                           6                           5                           6
2                                                        0                           6                           6                           1
3                                                        1                           6                           2                           6
4                                                        1                           6                           7                           1
5                                                        2                           6                           3                           6
6                                                        2                           6                           8                           1
7                                                        3                           6                           4                           6
8                                                        3                           6                           9                           1
9                                                        4                           6                           5                           6
10                                                       4                           6                          10                           1
11                                                       5                           6                          11                           1
   &ATNO [&Type "ArrayOfIntegers", &Dim (12,1)] "Atomic number of the elements"
                                                         0

0                                                        6
1                                                        6
2                                                        6
3                                                        6
4                                                        6
5                                                        6
6                                                        1
7                                                        1
8                                                        1
9                                                        1
10                                                       1
11                                                       1
   &NA [&Type "ArrayOfDoubles", &Dim (12,1)] "Mulliken gross atomic population"
                                                         0

0                                      6.1088176982508937e+00
1                                      6.1086104668377210e+00
2                                      6.1086167353156648e+00
3                                      6.1088273728655142e+00
4                                      6.1086037596411531e+00
5                                      6.1086209476608877e+00
6                                      8.9128501273562621e-01
7                                      8.9132434264043503e-01
8                                      8.9134179273123293e-01
9                                      8.9128500974396496e-01
10                                     8.9132415092328576e-01
11                                     8.9134271065352622e-01
   &ZA [&Type "ArrayOfDoubles", &Dim (12,1)] "Total nuclear charge"
                                                         0

0                                      6.0000000000000000e+00
1                                      6.0000000000000000e+00
2                                      6.0000000000000000e+00
3                                      6.0000000000000000e+00
4                                      6.0000000000000000e+00
5                                      6.0000000000000000e+00
6                                      1.0000000000000000e+00
7                                      1.0000000000000000e+00
8                                      1.0000000000000000e+00
9                                      1.0000000000000000e+00
10                                     1.0000000000000000e+00
11                                     1.0000000000000000e+00
   &QA [&Type "ArrayOfDoubles", &Dim (12,1)] "Mulliken gross atomic charge"
                                                         0

0                                     -1.0881769825089371e-01
1                                     -1.0861046683772102e-01
2                                     -1.0861673531566485e-01
3                                     -1.0882737286551425e-01
4                                     -1.0860375964115310e-01
5                                     -1.0862094766088770e-01
6                                      1.0871498726437379e-01
7                                      1.0867565735956497e-01
8                                      1.0865820726876707e-01
9                                      1.0871499025603504e-01
10                                     1.0867584907671424e-01
11                                     1.0865728934647378e-01
   &VA [&Type "ArrayOfDoubles", &Dim (12,1)] "Mayer's total valence"
                                                         0

0                                      3.8984942855686078e+00
1                                      3.8985547734369179e+00
2                                      3.8986507717592054e+00
3                                      3.8984608712762387e+00
4                                      3.8985343151692837e+00
5                                      3.8986773221871398e+00
6                                      9.7574950770485547e-01
7                                      9.7574284536999145e-01
8                                      9.7574265558236506e-01
9                                      9.7575078990919550e-01
10                                     9.7574282806980595e-01
11                                     9.7574260693530812e-01
   &BVA [&Type "ArrayOfDoubles", &Dim (12,1)] "Mayer's bonded valence"
                                                         0

0                                      3.8984942855686571e+00
1                                      3.8985547734369348e+00
2                                      3.8986507717592547e+00
3                                      3.8984608712762001e+00
4                                      3.8985343151691900e+00
5                                      3.8986773221871678e+00
6                                      9.7574950770488034e-01
7                                      9.7574284537001188e-01
8                                      9.7574265558234663e-01
9                                      9.7575078990923647e-01
10                                     9.7574282806977086e-01
11                                     9.7574260693529458e-01
   &FA [&Type "ArrayOfDoubles", &Dim (12,1)] "Mayer's free valence"
                                                         0

0                                      0.0000000000000000e+00
1                                      0.0000000000000000e+00
2                                      0.0000000000000000e+00
3                                      0.0000000000000000e+00
4                                      0.0000000000000000e+00
5                                      0.0000000000000000e+00
6                                      0.0000000000000000e+00
7                                      0.0000000000000000e+00
8                                      0.0000000000000000e+00
9                                      0.0000000000000000e+00
10                                     0.0000000000000000e+00
11                                     0.0000000000000000e+00
$End
$VdW_Correction
   &GeometryIndex 1
   &ListStatus       OUT
   &VDW [&Type "Double"]      -3.3152891590521824e-03
$End
$Calculation_Info
   &GeometryIndex 1
   &ListStatus       OUT
   &MULT [&Type "Integer"] 1
   &CHARGE [&Type "Integer"] 0
   &NUMOFATOMS [&Type "Integer"] 12
   &NUMOFELECTRONS [&Type "Integer"] 42
   &NUMOFFCELECTRONS [&Type "Integer"] 1
   &NUMOFCORRELECTRONS [&Type "Integer"] 0
   &NUMOFBASISFUNCTS [&Type "Integer"] 222
   &NUMOFAUXCBASISFUNCTS [&Type "Integer"] 0
   &NUMOFAUXJBASISFUNCTS [&Type "Integer"] 246
   &NUMOFAUXJKBASISFUNCTS [&Type "Integer"] 0
   &NUMOFCABSBASISFUNCTS [&Type "Integer"] 0
   &TOTALENERGY [&Type "Double"]      -2.3219625869518194e+02  "Hartrees"
$End
$SCF_Dipole_Moment
   &GeometryIndex 1
   &ListStatus       OUT
   &METHOD [&Type "String"] "SCF"
   &LEVEL [&Type "String"] "Relaxed density"
   &MULT [&Type "Integer"] 1
   &STATE [&Type "Integer"] -1
   &IRREP [&Type "Integer"] 0
   &NATOMS [&Type "Integer"] 12
   &DODIPOLEATOM [&Type "Boolean"] false
   &DIPOLEELECCONTRIB [&Type "ArrayOfDoubles", &Dim (3,1)] "Electronic contribution"
                                                         0

0                                      2.1883126835064905e-05
1                                      1.4489091642485609e-05
2                                     -2.1188723773191457e-06
   &DIPOLENUCCONTRIB [&Type "ArrayOfDoubles", &Dim (3,1)] "Nuclear contribution"
                                                         0

0                                     -3.7090805720119135e-05
1                                     -2.3983879976263722e-05
2                                      2.9674964247530103e-06
   &DIPOLETOTAL [&Type "ArrayOfDoubles", &Dim (3,1)] "Total"
                                                         0

0                                     -1.5207678885054230e-05
1                                     -9.4947883337781133e-06
2                                      8.4862404743386457e-07
   &DIPOLEMAGNITUDE [&Type "Double", &Units "a.u."]       1.7948388934610712e-05
$End
$THERMOCHEMISTRY_Energies
   &GeometryIndex 1
   &ListStatus       OUT
   &TEMPERATURE [&Type "Double"]       2.9814999999999998e+02
   &PRESSURE [&Type "Double"]       1.0000000000000000e+00
   &TOTALMASS [&Type "Double"]       7.8113999999999990e+01
   &SPINDEGENERACY [&Type "Integer"] 1
   &ELENERGY [&Type "Double"]      -2.3219625869518194e+02
   &TRANSENERGY [&Type "Double"]       1.4162714244859817e-03
   &ROTENERGY [&Type "Double"]       1.4162714244859817e-03
   &VIBENERGY [&Type "Double"]       1.5827571436550353e-03
   &NUMOFFREQS [&Type "Integer"] 36
   &FREQSCALINGFACTOR [&Type "Double"]       1.0000000000000000e+00
   &FREQ [&Type "ArrayOfDoubles", &Dim (36,1)] "In cm^-1"
                                                         0

0                                      0.0000000000000000e+00
1                                      0.0000000000000000e+00
2                                      0.0000000000000000e+00
3                                      0.0000000000000000e+00
4                                      0.0000000000000000e+00
5                                      0.0000000000000000e+00
6                                      4.0788619824588102e+02
7                                      4.0852241455124539e+02
8                                      6.2461181246625642e+02
9                                      6.2474767215737188e+02
10                                     6.7469968835497468e+02
11                                     7.2848043470792925e+02
12                                     8.5588653443175315e+02
13                                     8.5609317308680386e+02
14                                     9.5986380147638317e+02
15                                     9.6013425537251578e+02
16                                     9.9589317030645634e+02
17                                     1.0126125075271588e+03
18                                     1.0368006239984031e+03
19                                     1.0598267964635252e+03
20                                     1.0603598109238328e+03
21                                     1.1745319691637653e+03
22                                     1.1982193929285993e+03
23                                     1.1984416881272048e+03
24                                     1.3495515626814849e+03
25                                     1.3756242437922758e+03
26                                     1.5090640750990485e+03
27                                     1.5091924913689295e+03
28                                     1.6295563384792824e+03
29                                     1.6301273400890304e+03
30                                     3.1511684592128727e+03
31                                     3.1596449590898665e+03
32                                     3.1601894993292735e+03
33                                     3.1751608258369979e+03
34                                     3.1756516330897289e+03
35                                     3.1853984192468124e+03
   &ZPE [&Type "Double"]       9.9892961611478676e-02
   &INNERENERGYU [&Type "Double"]      -2.3209195043357781e+02
   &ENTHALPYH [&Type "Double"]      -2.3209100622453556e+02
   &QEL [&Type "Double"]       0.0000000000000000e+00
   &QROT [&Type "Double"]       1.0876195747510252e-02
   &QVIB [&Type "Double"]       2.1251983170445066e-03
   &QTRANS [&Type "Double"]       1.8521421820281915e-02
   &ENTROPYS [&Type "Double"]       3.1522815884836672e-02
   &FREEENERGYG [&Type "Double"]      -2.3212252904042040e+02
   &ISLINEAR [&Type "Boolean"] false
$End
$Hessian
   &GeometryIndex 1
   &ListStatus       OUT
   &HESSIAN [&Type "ArrayOfDoubles", &Dim (36,36)] "The Hessian"
                                                         0                           1                           2                           3                           4                           5                           6                           7

0                                      7.1150869128959449e-01         3.5768452877828580e-02        -1.9077057990087942e-06        -2.8940370628991241e-01         1.1117765738961553e-01         6.5617707207178351e-07        -5.8835225547115330e-02        -2.8273338643634044e-02
1                                      3.5768452877828580e-02         6.7983804509008339e-01        -7.0103317394860257e-07         5.2264406189090257e-02        -1.6921746129080650e-01        -1.3035602372012016e-06         1.4963567444666729e-02         6.0876367127463749e-02
2                                     -1.9077057990087942e-06        -7.0103317394860257e-07         1.3141656901361087e-01        -1.8269229446794827e-06        -3.6297994683166909e-08        -6.1700811643437117e-02         1.5946038715691952e-06         3.0617218381782241e-07
3                                     -2.8940370628991241e-01         5.2264406189090257e-02        -1.8269229446794827e-06         6.5615338375267807e-01        -4.5077030529465309e-03        -1.3989248402407540e-06        -2.6940446142702945e-01        -6.3286211069618153e-02
4                                      1.1117765738961553e-01        -1.6921746129080650e-01        -3.6297994683166909e-08        -4.5077030529465309e-03         7.3453597706160623e-01         4.3812842003680862e-07        -1.2227703685310337e-01        -1.8877338380566658e-01
5                                      6.5617707207178351e-07        -1.3035602372012016e-06        -6.1700811643437117e-02        -1.3989248402407540e-06         4.3812842003680862e-07         1.3154304133157671e-01         2.3282627063606787e-06         1.3677376642708005e-06
6                                     -5.8835225547115330e-02         1.4963567444666729e-02         1.5946038715691952e-06        -2.6940446142702945e-01        -1.2227703685310337e-01         2.3282627063606787e-06         7.1820344020227067e-01        -3.1619679611763395e-02
7                                     -2.8273338643634044e-02         6.0876367127463749e-02         3.0617218381782241e-07        -6.3286211069618153e-02        -1.8877338380566658e-01         1.3677376642708005e-06        -3.1619679611763395e-02         6.7240120325874653e-01
8                                     -1.0687902919888833e-06         1.0712421994020644e-06         8.5903746347304848e-03         1.6895401430119355e-06         1.4904922461501787e-06        -6.1870004904157574e-02        -1.2027843915431747e-06        -6.7453257613148669e-09
9                                     -1.9014331130122405e-02         2.9656805156310147e-02        -1.1919818876161483e-06         3.6910514575584100e-02        -2.6915227668706309e-02         1.9637241337039631e-07        -1.2873469253167721e-01        -1.8234406236845076e-02
10                                     2.9656787761281622e-02        -4.4845888306892998e-02         1.9611143873420560e-06        -7.0122573397680618e-02        -3.4570175566639126e-02        -1.6978240566385359e-06         4.0702095048948367e-02        -3.3002189936831872e-01
11                                     1.2063657844781552e-06        -2.1501813239627871e-06        -9.1302796485463345e-03         1.2072521829498571e-06         1.2922152494652058e-06         8.5967583279804409e-03        -3.3255542316042272e-07        -2.5406353441200802e-06
12                                     3.6911340697086431e-02        -7.0122849828007344e-02        -1.1715743012031261e-06        -6.4299515122204387e-02        -3.5799654892929396e-03         1.7302400198218788e-06         2.5370992665307516e-02         7.6779131217205462e-02
13                                    -2.6914911495994311e-02        -3.4571564288831375e-02        -9.4884595312671535e-07        -3.5809537107074469e-03         1.6814552047486261e-04         5.8878755376702246e-07         3.3588902425523141e-02        -2.3106428839546347e-02
14                                    -3.6747225990764804e-07         1.8034197183834934e-06         8.5967578552613531e-03        -1.4276591927774311e-06        -5.7848008486267914e-07        -9.1257089842754074e-03         7.2997209709225343e-07        -3.7131717842607324e-07
15                                    -1.2873576407657761e-01         4.0706805190978142e-02         8.3626998529759466e-07         2.5371019682677548e-02         3.3589443461349643e-02        -8.0635959556611118e-07        -1.2845446449093981e-02        -2.6042825971482417e-02
16                                    -1.8233658608878090e-02        -3.3005020456164574e-01         2.3332472295281810e-06         7.6780759137829169e-02        -2.3107483502328385e-02        -2.3902968019043063e-07        -2.6043725348593921e-02        -5.1083921641086417e-02
17                                     1.2428314445854064e-06        -3.1119932466240196e-07        -6.1775578184691197e-02         6.9046655106522143e-07         3.3032524754960478e-07         8.5911292930369917e-03        -9.3298903980820999e-07        -3.3957914027589412e-07
18                                    -2.5007111464770915e-01        -1.2509754967830458e-01         9.5998375111441334e-07        -1.9094987559773104e-02        -1.8342515011937739e-02        -3.0564490532582375e-07        -3.6488669215191394e-03         4.3362512709074156e-03
19                                    -1.2510789421951818e-01        -1.4044981398291906e-01         6.8313104907916830e-07         1.2987404545858654e-02         1.1340093214856519e-02        -1.4390317696350240e-07         3.1992473579596122e-03        -2.7294379862355302e-04
20                                     5.8585303362769224e-07         8.9163623260907746e-07        -3.4819645655911793e-02        -1.5847579447485590e-07        -1.4381497045650951e-07         2.2718956928971593e-03         1.4825511820771729e-07         6.4869001927937829e-08
21                                     3.1855945451404509e-03         2.9352093534945996e-02         2.6201759000850353e-07        -5.9510061652161279e-02         1.5138242811881870e-02         1.4122403576444699e-07         6.0278539016424010e-03        -2.7496749765642967e-02
22                                    -1.8963561161925435e-03        -1.0969094425785003e-02        -1.2151908765969416e-06         1.5127657027881023e-02        -3.3079013638095234e-01        -7.8361456462018598e-07         3.7924860004446212e-03        -1.3795054348107974e-02
23                                    -2.4699086130548028e-07         2.7975124887219239e-07         2.2765684574826053e-03         5.7563309704969334e-07        -2.7727247668676480e-06        -3.4842298094335915e-02         3.7212306537352065e-08         7.6752159688142063e-07
24                                    -2.7814457127781737e-03        -4.6130182226946006e-03         9.9925684595874172e-07        -1.9337315590592805e-02         1.4928184732034760e-02        -1.2207854820444268e-06        -2.7598395416331301e-01         1.0990037426746435e-01
25                                    -3.4695295643562838e-03        -1.1445736840115291e-03        -5.0788784617643929e-07        -1.6393306205230402e-02         1.1549894262598753e-02         5.9607466166500216e-07         1.0991809327778999e-01        -1.1422426219438325e-01
26                                     4.5923251188281148e-08         1.6077487967590555e-07         7.4415682419695902e-03         7.3021745826323246e-07        -2.4092785102599810e-07         2.2691424847481548e-03        -2.1117515785719126e-06         1.2860624020263201e-06
27                                     1.9031232087417791e-04         1.0286898120291858e-03         2.0293252557055428e-07         1.9086932216191587e-03         7.5901834942833282e-04        -2.1177116634642805e-07         4.5064260120951556e-03         2.6744574527605910e-03
28                                     1.0297853758251703e-03        -7.4025984642468886e-04        -1.2697608246706388e-07         1.8621784008547890e-03        -5.8978060044540398e-03        -4.1851733290415947e-08        -2.8604531224403835e-02        -1.2179816596501948e-02
29                                     2.0275203617711661e-07        -2.4814903287681605e-07        -6.0673262983996655e-04         1.4833077598499964e-07         3.0640917024963708e-08         7.4356022938930648e-03        -4.1468800252494906e-07        -2.6970917238949737e-07
30                                    -4.3889529409279551e-03        -2.7649793170220521e-03         1.3077265640260416e-07        -1.3996288606644707e-03        -1.2381072727777546e-04        -1.8642487238851722e-07        -5.0646645362291930e-03         2.1626064709988416e-03
31                                    -3.8916818665963382e-03         4.2834976612551173e-04        -8.9255569724512207e-07        -1.3725799071697320e-04         8.5966880045028901e-04         7.1425355679200457e-07         3.2916125938899261e-03         1.1275988663932597e-03
32                                    -5.2191522994832184e-08         1.0269523703748779e-07         7.4339749888695187e-03        -2.0682339355478087e-07         3.6935223707702692e-08        -6.1096911772871311e-04         1.1351984012864925e-07        -1.1440123988637663e-07
33                                     1.4346014924475391e-03        -1.1136095504265392e-03         1.1471343279317340e-06         2.1060652697790787e-03         1.3644565460115606e-04        -9.5424935553797339e-07         4.0859879466161042e-04        -9.0305213403337240e-04
34                                     3.0125873501224990e-02        -9.1539015963557277e-03        -8.9865728672795645e-07        -9.7713347026039468e-04        -6.0973323091398314e-03         5.3786098368501375e-07        -9.0758835767512148e-04        -9.4745866036877581e-04
35                                    -3.3153850826858679e-07         4.4838363787636862e-07         2.2772345705019716e-03         9.2499274632153792e-09         1.2044897264915755e-07         7.4422233198022077e-03         1.9900063895177218e-08        -1.2215782346835339e-07
                                                         8                           9                          10                          11                          12                          13                          14                          15

0                                     -1.0687902919888833e-06        -1.9014331130122405e-02         2.9656787761281622e-02         1.2063657844781552e-06         3.6911340697086431e-02        -2.6914911495994311e-02        -3.6747225990764804e-07        -1.2873576407657761e-01
1                                      1.0712421994020644e-06         2.9656805156310147e-02        -4.4845888306892998e-02        -2.1501813239627871e-06        -7.0122849828007344e-02        -3.4571564288831375e-02         1.8034197183834934e-06         4.0706805190978142e-02
2                                      8.5903746347304848e-03        -1.1919818876161483e-06         1.9611143873420560e-06        -9.1302796485463345e-03        -1.1715743012031261e-06        -9.4884595312671535e-07         8.5967578552613531e-03         8.3626998529759466e-07
3                                      1.6895401430119355e-06         3.6910514575584100e-02        -7.0122573397680618e-02         1.2072521829498571e-06        -6.4299515122204387e-02        -3.5809537107074469e-03        -1.4276591927774311e-06         2.5371019682677548e-02
4                                      1.4904922461501787e-06        -2.6915227668706309e-02        -3.4570175566639126e-02         1.2922152494652058e-06        -3.5799654892929396e-03         1.6814552047486261e-04        -5.7848008486267914e-07         3.3589443461349643e-02
5                                     -6.1870004904157574e-02         1.9637241337039631e-07        -1.6978240566385359e-06         8.5967583279804409e-03         1.7302400198218788e-06         5.8878755376702246e-07        -9.1257089842754074e-03        -8.0635959556611118e-07
6                                     -1.2027843915431747e-06        -1.2873469253167721e-01         4.0702095048948367e-02        -3.3255542316042272e-07         2.5370992665307516e-02         3.3588902425523141e-02         7.2997209709225343e-07        -1.2845446449093981e-02
7                                     -6.7453257613148669e-09        -1.8234406236845076e-02        -3.3002189936831872e-01        -2.5406353441200802e-06         7.6779131217205462e-02        -2.3106428839546347e-02        -3.7131717842607324e-07        -2.6042825971482417e-02
8                                      1.3162122657656539e-01        -6.6249078467827967e-07        -4.8865363591104675e-07        -6.1777090359596776e-02        -9.9828670266534912e-07        -4.2120668040549074e-07         8.5911194763178284e-03         9.0277284372173212e-07
9                                     -6.6249078467827967e-07         7.1144188130582386e-01         3.5760041043275140e-02        -1.9922873744461557e-06        -2.8937850825129430e-01         1.1116198365878988e-01        -5.6779395784505755e-09        -5.8834324706123216e-02
10                                    -4.8865363591104675e-07         3.5760041043275140e-02         6.7978447414959076e-01        -2.0381347828769878e-07         5.2252411798167600e-02        -1.6920903115679325e-01         1.3871962449430121e-06         1.4962472857688359e-02
11                                    -6.1777090359596776e-02        -1.9922873744461557e-06        -2.0381347828769878e-07         1.3142886564367004e-01         2.6230908219617813e-06        -2.2878697700252238e-07        -6.1702564414228021e-02        -1.0287351580779548e-06
12                                    -9.9828670266534912e-07        -2.8937850825129430e-01         5.2252411798167600e-02         2.6230908219617813e-06         6.5612901994238149e-01        -4.4989625926434478e-03        -1.1240134605023522e-06        -2.6940472054775594e-01
13                                    -4.2120668040549074e-07         1.1116198365878988e-01        -1.6920903115679325e-01        -2.2878697700252238e-07        -4.4989625926434478e-03         7.3450282752645302e-01        -5.4333536306009943e-07        -1.2227985681301141e-01
14                                     8.5911194763178284e-03        -5.6779395784505755e-09         1.3871962449430121e-06        -6.1702564414228021e-02        -1.1240134605023522e-06        -5.4333536306009943e-07         1.3154872934211850e-01        -9.8177962324625530e-07
15                                     9.0277284372173212e-07        -5.8834324706123216e-02         1.4962472857688359e-02        -1.0287351580779548e-06        -2.6940472054775594e-01        -1.2227985681301141e-01        -9.8177962324625530e-07         7.1823757253609388e-01
16                                     5.1852416074958833e-07        -2.8273922516633160e-02         6.0875926198874018e-02        -8.0634612882498643e-08        -6.3289007904789418e-02        -1.8877687592735148e-01        -8.8763598531274179e-07        -3.1625272887725459e-02
17                                    -9.1282332886628535e-03         1.1997984109909801e-06        -1.0400536146747091e-06         8.5903611232930714e-03        -1.5645467636132861e-07        -7.3786065765068633e-07        -6.1869615297583287e-02        -2.9635686797897560e-06
18                                     2.7431294415166592e-07         1.9032160533636363e-04         1.0287816243641098e-03        -3.0250330245244548e-07         1.9087221656981003e-03         7.5907077577480175e-04         2.8051539434128508e-07         4.5069383410714439e-03
19                                     6.1018261483333508e-08         1.0298874683439263e-03        -7.4033746719350067e-04         5.3279854835517175e-08         1.8620721681388659e-03        -5.8978425406417288e-03         6.3633530783754704e-08        -2.8605636669725237e-02
20                                     7.4360293409830407e-03        -1.6516793543453064e-07         2.6014261962550357e-07        -6.0690601959923515e-04        -8.9149307386444596e-08        -6.7860894051834169e-08         7.4360073461223995e-03         3.3706442601960446e-07
21                                     3.3105472890156661e-08        -4.3890368297418861e-03        -2.7648653205392345e-03        -6.8583918747438463e-08        -1.3997114861126001e-03        -1.2383804771444820e-04         1.7917715540386581e-07        -5.0646273125576867e-03
22                                    -1.0759230092901809e-06        -3.8913876992867349e-03         4.2860034113601994e-04         8.8328965749995330e-07        -1.3710211877808736e-04         8.5971071731469166e-04        -6.0310344602501521e-07         3.2918858413009738e-03
23                                     2.2773771914731452e-03         1.4213087785112472e-07        -6.7689110077744277e-08         7.4339152837733808e-03         2.2960913874624458e-07        -5.5391525219258232e-08        -6.1104308290586644e-04        -1.0097700881935774e-07
24                                    -4.8110345611046345e-08         1.4356352548613631e-03        -1.1138828753397487e-03        -1.2288090017046920e-06         2.1060376665900235e-03         1.3616254722584840e-04         9.6973796366751614e-07         4.0853544283385793e-04
25                                     7.2711253875117396e-08         3.0123221066328108e-02        -9.1523373826301636e-03         7.3867510450365227e-07        -9.7739491501054859e-04        -6.0971157128600706e-03        -5.3708937039043475e-07        -9.0749602461424449e-04
26                                    -3.4839690328801465e-02         3.9268360373938648e-07        -3.9880263817321563e-07         2.2761847413864215e-03        -5.3530525473457088e-08        -1.3933074166950782e-07         7.4418221086453139e-03        -2.5037710101513109e-08
27                                     2.0456101750087521e-07        -2.5003230984707447e-01        -1.2506936818587572e-01         1.0907153277083103e-06        -1.9094226776304669e-02        -1.8342186877179756e-02         5.5428227666729775e-07        -3.6488903148661194e-03
28                                     1.0988793459111556e-07        -1.2507984612024226e-01        -1.4043759356273766e-01         5.9471772751259409e-07         1.2985918665191779e-02         1.1339675560496188e-02         6.0002313540199161e-08         3.1991474791727903e-03
29                                     2.2770880459261717e-03         1.9127808609658922e-06         6.2353230183269269e-07        -3.4826342071546119e-02         4.1615746136208138e-08         2.1410533332356771e-07         2.2715924684782235e-03        -7.3612653255711555e-08
30                                     1.4679718148507852e-07         3.1859246222844997e-03         2.9349804903991382e-02        -2.5048025964219755e-07        -5.9514067327427977e-02         1.5150222528369056e-02        -3.7710433234273452e-08         6.0281450588633746e-03
