
$orca_hessian_file

$act_atom
  0

$act_coord
  0

$act_energy
        0.000000

$multiplicity
  1

$hessian
48
                    0                  1                  2                  3                  4        
    0      4.8853698909E-01  -1.0228167123E-01   9.7974837360E-05  -5.0916663315E-02  -2.8544663971E-03
    1     -1.0228167123E-01   3.8960653376E-01   1.5678821307E-04  -3.6900711048E-02  -1.2475082235E-01
    2      9.7974837360E-05   1.5678821307E-04   5.3809624049E-01   3.8335640536E-05   6.2196208621E-05
    3     -5.0916663315E-02  -3.6900711048E-02   3.8335640536E-05   2.4777467954E-01   7.8782239846E-03
    4     -2.8544663971E-03  -1.2475082235E-01   6.2196208621E-05   7.8782239846E-03   2.4114101185E-01
    5      4.1180078333E-06   6.9324924209E-05  -3.0978197095E-02  -2.9913385263E-05  -1.2944358842E-04
    6     -1.5456311650E-02   9.3847913238E-04  -2.7264619611E-06  -1.2467043522E-01   1.5240507272E-02
    7     -2.5069213739E-02   1.0540708996E-02  -6.0950946802E-06   4.8486485300E-02  -7.4463208909E-02
    8      2.3799128857E-05  -6.8706653992E-06  -1.1683798747E-03  -3.1800826072E-05   1.9046959452E-05
    9     -4.7652751341E-03   2.6096761296E-03  -1.2560765826E-06  -3.5671054717E-02  -1.9269177578E-02
   10      4.8796473141E-03  -1.8591067165E-03   1.0227688573E-06  -3.7882719464E-03   1.2823856598E-02
   11      3.4714510401E-06   3.6792763110E-06   1.4412676661E-03  -4.1349101318E-06  -8.5064800808E-07
   12     -1.0991395842E-03   1.3618585837E-03  -5.0558479345E-06   6.0475658784E-03  -2.5488536798E-03
   13     -2.1284451330E-03  -2.5245833727E-04   2.4090940912E-06  -3.2351956810E-03  -4.8606709675E-03
   14     -3.8360941050E-06   1.5943289964E-06   1.6745399470E-03   8.7218393252E-06  -5.1259659997E-06
   15      3.8947089295E-04   6.9718327297E-04  -7.3859865602E-08  -4.3624372937E-03   1.7293023248E-03
   16     -2.6816728798E-04   1.0442626911E-03  -3.9631961561E-06   2.5550316702E-03   9.0346710703E-04
   17      4.0977928099E-07   7.3429019517E-07   1.7250852242E-04  -6.1723206232E-07   8.6501839594E-07
   18     -3.6459347595E-04  -1.1634359469E-03   2.8265924284E-06   4.3188775169E-03  -3.5315442260E-03
   19     -1.2679498169E-03  -3.0013975874E-04   1.3024693270E-06   6.1341278918E-04  -5.1754614839E-03
   20     -7.7306004092E-07   5.9384765468E-07   7.4505617648E-06   1.9843224634E-06  -1.0802536419E-06
   21      1.5074426266E-03   3.0730180652E-03  -5.9444365206E-06  -2.7471592294E-02   3.0257442110E-02
   22     -6.1553474706E-04   6.9720750557E-04   1.6278287024E-06   1.3995076345E-02  -4.5200359627E-03
   23      1.6803130307E-06  -4.8277278558E-06  -1.0480752722E-03  -2.7288391468E-06   8.7528850473E-06
   24     -5.6438515889E-02   3.4231890674E-02  -4.7486342098E-02  -9.2343844394E-04  -1.3271604536E-02
   25      3.6434339426E-02  -1.1058816823E-01   1.1669298509E-01  -1.1105407470E-03  -2.2505422253E-02
   26     -5.1510083019E-02   1.1052485649E-01  -2.3143180560E-01   1.9288252699E-03  -8.1909350937E-04
   27     -5.6314195560E-02   3.4143123761E-02   4.7222743794E-02  -9.3062175163E-04  -1.3279025419E-02
   28      3.6344811175E-02  -1.1084938010E-01  -1.1687924547E-01  -1.1309820859E-03  -2.2518968710E-02
   29      5.1243896903E-02  -1.1070917488E-01  -2.3130077307E-01  -1.9236468808E-03   8.6816036380E-04
   30     -3.0231933474E-01   6.1117456504E-02   1.3489236411E-04  -1.2800478090E-02   7.5495312575E-04
   31      5.7797506818E-02  -5.3312937751E-02  -3.0522386166E-05  -2.5303314162E-02   4.7402232841E-03
   32      1.3806686031E-04  -3.4675937976E-05  -4.4351878978E-02   1.8774277841E-05  -3.3746819033E-06
   33     -1.0608491952E-04   1.3441823420E-04   1.0934661337E-06   4.4017605641E-04  -9.8029171443E-04
   34     -3.0985690892E-04  -1.3254960340E-05   1.7928861309E-06  -2.1183060421E-04  -3.6355709302E-04
   35      6.6669331624E-07  -6.7413411948E-07  -9.9713742944E-04  -2.6056742669E-06   1.7575636008E-07
   36     -6.2439182086E-04   3.3901978957E-04  -1.8066597059E-07  -1.0157308959E-04  -1.1704726332E-03
   37      1.7181171462E-04  -1.7765912059E-05   2.7620245495E-07   1.9150364205E-05   2.7020248761E-04
   38     -1.9997224932E-07  -4.4728367854E-07  -1.2363430607E-04  -6.6476823278E-07  -3.5212444802E-08
   39     -9.0236997315E-05   2.6922983669E-05   5.0218818410E-07   1.7490708415E-04  -9.0705022628E-05
   40     -2.5780826080E-05  -6.9493608017E-06  -1.7477150908E-08  -1.1839312766E-04   1.1020472726E-04
   41     -8.1960117581E-09  -4.2121507739E-07  -3.5207828901E-04  -1.1307852507E-06   6.6161257358E-08
   42      1.7594149989E-04   6.5129947595E-05  -6.5038833638E-08  -6.8371943409E-04   1.2817539470E-03
   43     -1.1977357692E-05  -7.6943969140E-05   6.1386602104E-08   4.1210147937E-05  -2.2129551198E-04
   44     -4.6905716667E-09  -3.0244944163E-08  -1.0904024741E-04  -3.1672096486E-07  -3.7463632571E-07
   45     -2.1151010274E-03   1.4998041711E-03   3.2913723040E-06  -2.2419242599E-04  -1.0292639825E-04
   46     -6.8721601993E-04   1.3921450130E-04   1.3535282873E-07  -1.8324663594E-03  -6.0952280958E-04
   47      8.0528818425E-07  -1.2031697860E-06   4.6899296776E-04  -5.2960762207E-07  -3.4572618157E-07
                    5                  6                  7                  8                  9        
    0      4.1180078333E-06  -1.5456311650E-02  -2.5069213739E-02   2.3799128857E-05  -4.7652751341E-03
    1      6.9324924209E-05   9.3847913238E-04   1.0540708996E-02  -6.8706653992E-06   2.6096761296E-03
    2     -3.0978197095E-02  -2.7264619611E-06  -6.0950946802E-06  -1.1683798747E-03  -1.2560765826E-06
    3     -2.9913385263E-05  -1.2467043522E-01   4.8486485300E-02  -3.1800826072E-05  -3.5671054717E-02
    4     -1.2944358842E-04   1.5240507272E-02  -7.4463208909E-02   1.9046959452E-05  -1.9269177578E-02
    5      3.5405848392E-02   2.4581014580E-06   2.2645098682E-05  -2.4833577568E-02  -1.2224917996E-05
    6      2.4581014580E-06   4.9130811626E-01   1.7116368793E-02   4.3461135951E-05  -1.8081661820E-01
    7      2.2645098682E-05   1.7116368793E-02   6.3064820131E-01   8.6811788355E-05  -6.6782056277E-02
    8     -2.4833577568E-02   4.3461135951E-05   8.6811788355E-05   1.2765498614E-01  -2.0234649008E-05
    9     -1.2224917996E-05  -1.8081661820E-01  -6.6782056277E-02  -2.0234649008E-05   6.6784756909E-01
   10     -2.8299610789E-06  -1.0896556196E-01  -2.3145166076E-01  -4.5234911394E-05  -3.9956207009E-02
   11      3.5503799103E-03  -3.7178288019E-05  -4.9233844465E-05  -6.3847570108E-02   5.2486049233E-05
   12      1.1621223517E-05  -4.9268408510E-02  -5.8776449812E-02  -2.2319036471E-05  -3.3085092310E-01
   13     -6.3782194878E-06  -1.4242352998E-02   4.7791051456E-02   8.9615960239E-06   1.0009200853E-02
   14      2.3134041874E-03  -1.2344952693E-05   4.7529568849E-06   6.8179688886E-03  -4.1564007097E-05
   15     -7.8770044617E-07   2.9333425190E-03  -1.3818573316E-02  -2.6183726495E-06  -1.0856000771E-02
   16      9.0780836997E-06  -1.3980973230E-02  -6.2886123592E-02  -1.7775220214E-05   7.8943052401E-02
   17     -8.7918888846E-04  -3.0220571348E-06  -1.6364575241E-05  -7.0113691081E-03   1.5304672268E-05
   18     -9.0809693153E-06  -9.7760936521E-03   8.3545030337E-02   2.2497363968E-05  -5.2746279907E-02
   19     -4.7177558502E-06   3.7867919472E-02   8.0873933037E-03   8.8556883632E-06  -2.0322699663E-02
   20      4.9308930605E-03   6.8511179765E-06   8.6269067426E-06   6.2330396669E-03  -1.4641928798E-05
   21      1.1842114814E-05  -1.2959716685E-01   2.8007128639E-02  -7.4881387101E-06   5.1686251539E-02
   22     -2.7736092597E-06   7.0344171973E-02  -2.8851056413E-01  -4.2075370340E-05  -3.4982080629E-02
   23      4.5364895716E-03   6.5257479401E-06  -4.7343052799E-05  -6.1177938339E-02  -3.6592242233E-06
   24      9.6672631634E-03   2.3853010008E-03   2.9979746890E-04   9.4655530502E-04  -8.0998013409E-04
   25      1.5233888907E-02   1.9939501990E-03   1.2964242703E-03  -5.5265606751E-04  -3.1084973204E-04
   26      5.2170668682E-03  -3.4644263152E-04   4.7761710191E-04  -1.4924538849E-04   1.5070581695E-04
   27     -9.6486600321E-03   2.3791810650E-03   2.9629994257E-04  -9.4802193613E-04  -8.0954194698E-04
   28     -1.5198592236E-02   1.9921629394E-03   1.2920065882E-03   5.4834046663E-04  -3.1122760250E-04
   29      5.2526443855E-03   3.4358519527E-04  -4.8056967593E-04  -1.4922406894E-04  -1.4949037914E-04
   30      4.5483917127E-06   6.9829842961E-05  -3.0128873612E-03   2.7709851683E-06  -6.6772832259E-04
   31      8.2915499171E-06  -1.3668656265E-03  -7.7474492163E-03   7.8688622043E-06  -2.3857594287E-03
   32     -1.0866720805E-03  -1.7679927477E-06   3.7720876210E-06  -3.9309417685E-04   2.8188115017E-06
   33     -1.4504270966E-06   1.0324246655E-02  -1.9973135967E-02  -4.2887609187E-06  -8.6165134796E-02
   34     -4.2057278313E-07   9.7461385222E-03  -1.8313984159E-02  -3.5689011704E-06   8.3061189248E-02
   35     -1.2269184078E-03   3.3077584301E-06  -5.6260227975E-06   2.0987611924E-03   1.8946519219E-05
   36      5.4304490846E-07  -5.0581683407E-03   2.1933244010E-03  -2.2097926395E-06  -1.6003754860E-02
   37     -1.0810202350E-07   1.9296322548E-03   1.4556413341E-03  -1.7808881626E-06   5.3081098315E-03
   38      3.7038606681E-04  -1.4519289800E-06  -5.3813567184E-07   7.8283658666E-03   1.5612731961E-06
   39     -1.5712168240E-07   6.3002770207E-04  -3.9023736097E-04  -1.0419003200E-06   1.7195724244E-03
   40      3.8290978526E-07  -3.9202891582E-04  -1.4560426717E-03  -1.9349384146E-07   1.2159935727E-03
   41     -5.1279731288E-04   5.5732247812E-07  -3.9363883413E-08  -9.2195453412E-04   1.3613725857E-06
   42     -7.1935604883E-08  -5.5284700346E-03   6.8619309151E-04  -2.3419925941E-06  -1.0546908944E-03
   43      4.5834782013E-07   8.7936088664E-04   2.0811822043E-03  -1.0417055782E-06  -6.6631377179E-04
   44      2.0514714165E-04  -6.6823465062E-07   9.7696813061E-08   7.5335609177E-03  -2.2813223567E-07
   45      1.4007216989E-06   1.0141627404E-02   7.1702552379E-03   2.9298388157E-06  -3.6410276281E-05
   46      1.6550931330E-06  -1.9079238095E-02  -1.8363576023E-02  -8.0492555140E-06   3.7049998726E-03
   47     -2.2649082319E-03  -7.9218405792E-07   8.4724655777E-07   1.4856704881E-03   5.8701097148E-07
                   10                 11                 12                 13                 14        
    0      4.8796473141E-03   3.4714510401E-06  -1.0991395842E-03  -2.1284451330E-03  -3.8360941050E-06
    1     -1.8591067165E-03   3.6792763110E-06   1.3618585837E-03  -2.5245833727E-04   1.5943289964E-06
    2      1.0227688573E-06   1.4412676661E-03  -5.0558479345E-06   2.4090940912E-06   1.6745399470E-03
    3     -3.7882719464E-03  -4.1349101318E-06   6.0475658784E-03  -3.2351956810E-03   8.7218393252E-06
    4      1.2823856598E-02  -8.5064800808E-07  -2.5488536798E-03  -4.8606709675E-03  -5.1259659997E-06
    5     -2.8299610789E-06   3.5503799103E-03   1.1621223517E-05  -6.3782194878E-06   2.3134041874E-03
    6     -1.0896556196E-01  -3.7178288019E-05  -4.9268408510E-02  -1.4242352998E-02  -1.2344952693E-05
    7     -2.3145166076E-01  -4.9233844465E-05  -5.8776449812E-02   4.7791051456E-02   4.7529568849E-06
    8     -4.5234911394E-05  -6.3847570108E-02  -2.2319036471E-05   8.9615960239E-06   6.8179688886E-03
    9     -3.9956207009E-02   5.2486049233E-05  -3.3085092310E-01   1.0009200853E-02  -4.1564007097E-05
   10      7.0197860886E-01   1.3455109904E-04   6.9892560278E-02  -1.3273535991E-01  -8.0067486675E-06
   11      1.3455109904E-04   1.2404450180E-01  -2.5170543168E-05  -1.7032688559E-05  -5.5307323539E-02
   12      6.9892560278E-02  -2.5170543168E-05   6.8829171676E-01   3.7181558731E-02   9.5228679076E-05
   13     -1.3273535991E-01  -1.7032688559E-05   3.7181558731E-02   6.9666393372E-01   1.3119780574E-04
   14     -8.0067486675E-06  -5.5307323539E-02   9.5228679076E-05   1.3119780574E-04   1.2758179619E-01
   15      3.6039059897E-02   6.9351612203E-06  -1.4782335875E-01   9.1550534179E-02   5.3905560605E-06
   16      9.6366152637E-03   5.9873500693E-06   3.2993044480E-02  -3.0073592980E-01  -4.2120334819E-05
   17      7.0023950382E-06   7.2548535047E-03  -9.3325954774E-06  -3.5557640072E-05  -5.7343032475E-02
   18     -1.7533533408E-02  -9.2772913418E-06   5.5035049845E-02  -4.3035426328E-02  -4.6151914564E-06
   19     -7.3232964187E-03  -4.3793915548E-07   1.5031518896E-04  -5.6608048523E-02  -1.5417246807E-05
   20     -3.0994305480E-06  -7.0731045698E-03   7.0761498964E-06  -1.8679442654E-05   6.9371470303E-03
   21     -1.7151759130E-03   3.2106163515E-06  -3.4824133941E-02   3.1503389394E-02   3.1833851448E-06
   22     -4.8004231081E-02  -1.9327271482E-05   2.7100089222E-02  -2.4769370512E-02   3.4742095902E-07
   23     -1.4895360695E-05   9.6918885623E-03   5.9958740405E-06  -1.2881347782E-07  -7.9967560589E-03
   24     -4.8484534847E-04  -3.9044263171E-04   7.3183867070E-04  -3.7801887814E-04  -2.5459771167E-04
   25     -2.6011801843E-04  -3.2849522415E-04   3.3230955306E-04   8.7478087850E-05  -2.4124946154E-04
   26     -1.8303469391E-04  -1.3343053219E-04   2.2581114205E-05  -1.0569339519E-04  -5.5653251499E-06
   27     -4.8258256545E-04   3.9092280655E-04   7.2954672076E-04  -3.7700894851E-04   2.5490614862E-04
   28     -2.5920957195E-04   3.2759327731E-04   3.3085397290E-04   8.7869629570E-05   2.4210436351E-04
   29      1.8394047901E-04  -1.3398502462E-04  -2.3819078720E-05   1.0559651763E-04  -6.2384658431E-06
   30      5.5383741004E-04   8.9652984891E-07  -1.5667208547E-04  -2.1142009120E-04  -8.3614126804E-07
   31      1.3866722987E-03   3.8467645121E-07  -1.4568359494E-04  -7.7512327361E-04  -1.5210967763E-06
   32      2.6515514950E-07   4.1052851276E-04  -1.7659653728E-07   8.6787279385E-07   3.2418065759E-05
   33      8.2551340154E-02   1.6050604137E-05  -5.8668097692E-03   3.1062187102E-02   6.7438468320E-06
   34     -3.0146667996E-01  -5.8624846540E-05   1.8589074513E-04  -2.5134782720E-03  -1.9891469063E-06
   35     -6.0597215304E-05  -3.3531359277E-02  -3.9878672378E-06   3.9215234451E-06   2.1357916435E-03
   36     -2.5219521155E-02  -8.5077233632E-06  -1.7133295001E-01  -1.3453029827E-01  -5.3513736210E-05
   37      7.0034736004E-03   3.3146186741E-06  -1.3487018414E-01  -2.1878160786E-01  -6.4643418191E-05
   38     -3.5623568539E-06   1.9872512472E-03  -5.4399214967E-05  -6.5476596437E-05  -3.4730240664E-02
   39      2.2670461064E-03  -1.7369505315E-08  -6.8951784465E-03  -5.4874441909E-04  -1.6870055629E-06
   40     -5.4483137709E-03  -2.3093326508E-06   3.0411537056E-02  -5.5857137593E-04   5.0077449753E-06
   41     -2.0449286203E-06   6.8938767926E-03   4.7180725235E-06  -6.4642777096E-07   7.6268208367E-04
   42     -6.1916423025E-04  -2.5796020922E-07  -2.3023352088E-03  -3.5970479337E-03  -1.7586826299E-06
   43      6.7189879047E-04   8.3133237851E-07  -4.6731146587E-03  -1.9409742513E-03  -4.1951883801E-06
   44      1.0148420300E-07  -7.8604949198E-04  -2.5792832144E-06  -3.5207279351E-06   7.4506170241E-03
   45      2.7155221564E-03   5.4128823306E-07  -4.1580847304E-04   9.7898778883E-04   2.4067165799E-07
   46     -4.6931491965E-03  -7.2057409703E-07   1.0723687081E-03  -9.8739810265E-05  -6.4654317287E-07
   47     -2.8870353539E-06   5.5382745453E-03  -4.2653556953E-08   7.0072049590E-08  -3.1720853333E-04
                   15                 16                 17                 18                 19        
    0      3.8947089295E-04  -2.6816728798E-04   4.0977928099E-07  -3.6459347595E-04  -1.2679498169E-03
    1      6.9718327297E-04   1.0442626911E-03   7.3429019517E-07  -1.1634359469E-03  -3.0013975874E-04
    2     -7.3859865602E-08  -3.9631961561E-06   1.7250852242E-04   2.8265924284E-06   1.3024693270E-06
    3     -4.3624372937E-03   2.5550316702E-03  -6.1723206232E-07   4.3188775169E-03   6.1341278918E-04
    4      1.7293023248E-03   9.0346710703E-04   8.6501839594E-07  -3.5315442260E-03  -5.1754614839E-03
    5     -7.8770044617E-07   9.0780836997E-06  -8.7918888846E-04  -9.0809693153E-06  -4.7177558502E-06
    6      2.9333425190E-03  -1.3980973230E-02  -3.0220571348E-06  -9.7760936521E-03   3.7867919472E-02
    7     -1.3818573316E-02  -6.2886123592E-02  -1.6364575241E-05   8.3545030337E-02   8.0873933037E-03
    8     -2.6183726495E-06  -1.7775220214E-05  -7.0113691081E-03   2.2497363968E-05   8.8556883632E-06
    9     -1.0856000771E-02   7.8943052401E-02   1.5304672268E-05  -5.2746279907E-02  -2.0322699663E-02
   10      3.6039059897E-02   9.6366152637E-03   7.0023950382E-06  -1.7533533408E-02  -7.3232964187E-03
   11      6.9351612203E-06   5.9873500693E-06   7.2548535047E-03  -9.2772913418E-06  -4.3793915548E-07
   12     -1.4782335875E-01   3.2993044480E-02  -9.3325954774E-06   5.5035049845E-02   1.5031518896E-04
   13      9.1550534179E-02  -3.0073592980E-01  -3.5557640072E-05  -4.3035426328E-02  -5.6608048523E-02
   14      5.3905560605E-06  -4.2120334819E-05  -5.7343032475E-02  -4.6151914564E-06  -1.5417246807E-05
   15      7.3420991135E-01  -1.2726300467E-02   9.8191861671E-05  -2.1406953337E-01  -1.3091930018E-01
   16     -1.2726300467E-02   6.4953721015E-01   1.0831683161E-04  -7.2327562206E-02  -2.4307680255E-01
   17      9.8191861671E-05   1.0831683161E-04   1.1992271030E-01  -4.0861718365E-05  -6.1957515235E-05
   18     -2.1406953337E-01  -7.2327562206E-02  -4.0861718365E-05   6.5772827103E-01  -1.7139652002E-02
   19     -1.3091930018E-01  -2.4307680255E-01  -6.1957515235E-05  -1.7139652002E-02   7.2339396001E-01
   20     -5.3110993635E-05  -5.3725803496E-05  -5.7385833753E-02   7.0745752280E-05   1.3448037516E-04
   21     -4.6798443545E-02  -5.8082167011E-02  -1.7537855609E-05  -3.1938813425E-01   6.5066059091E-02
   22     -1.4100982256E-02   4.4379670926E-02   4.4006159731E-06   4.5584797516E-03  -1.2897130759E-01
   23     -1.2616550195E-05   2.3562226249E-06   7.5258810423E-03  -4.1019169274E-05  -1.0654548275E-05
   24      1.4947601841E-04   7.5047927173E-04  -4.6015155557E-06  -7.3003090596E-04   4.9634501446E-05
   25     -2.3779656402E-04   2.1285626247E-04   3.1135898974E-05  -1.2074598847E-05   2.2808607946E-04
   26      2.7238331766E-05   1.1939911893E-04  -6.2426396735E-05  -2.8120662606E-04  -4.2753376328E-04
   27      1.4910597326E-04   7.4823586205E-04   5.0907288719E-06  -7.2714967588E-04   5.0781672408E-05
   28     -2.3748331429E-04   2.1161656506E-04  -3.1292392204E-05  -1.0818526039E-05   2.2987189147E-04
   29     -2.6558322693E-05  -1.2043035598E-04  -6.2212427351E-05   2.8195551179E-04   4.2805517856E-04
   30     -8.0937239916E-07  -4.5799379089E-05   1.5436318665E-07  -2.8461823969E-05  -2.0642584833E-04
   31      1.5156366465E-04   4.0302697272E-05   3.0022708392E-07  -7.2659335405E-05   4.4905712253E-04
   32     -2.0749293170E-07  -9.0908919995E-07  -3.9751859728E-05   9.8906371055E-07   4.3568784789E-07
   33     -5.8047709160E-03  -1.4966151272E-04  -2.1514980938E-06  -1.0238782303E-03  -6.6667333855E-04
   34      1.0674223038E-03   2.2144793621E-03  -1.7844881014E-07  -7.5502519944E-04   5.9420630609E-04
   35     -1.3538572978E-06  -2.0332227178E-06   7.5227984057E-03   1.1596204967E-06   9.7983269538E-08
   36      1.0315623589E-02   8.9931521971E-03   3.9588538482E-06   5.4216787869E-04   2.7119115097E-03
   37     -2.1758392428E-02  -1.7212244144E-02  -6.8569237240E-06   3.6742754707E-03  -4.7406899890E-03
   38     -3.8584715683E-06   3.0093242192E-07   2.0869684423E-03  -7.9537875272E-08  -2.3852513949E-06
   39     -3.2434672714E-01   4.9880103734E-02  -3.9820032502E-05  -1.6263546510E-02   6.5525016716E-03
   40      4.9926503244E-02  -6.7632269589E-02   1.0979569801E-06  -2.4460844033E-02   8.6788282494E-03
   41     -4.0500603612E-05   2.0357995674E-07  -3.0976209055E-02  -5.8119086955E-06   4.3571207986E-06
   42      1.1006857440E-02  -2.0093002030E-02  -3.9338402657E-06  -8.6636130072E-02   8.3323860551E-02
   43      1.0900835368E-02  -1.8180403044E-02  -9.0072857295E-07   8.3398147538E-02  -3.0273461663E-01
   44      5.2879701758E-06  -4.8629980885E-06   2.1690419224E-03   1.1212845168E-05  -5.1604295690E-05
   45     -5.0917066180E-03   2.7835068984E-03  -1.0448132618E-06  -1.5870534402E-02  -2.5822876782E-02
   46      1.7634508798E-03   1.5432916929E-03  -3.2634750107E-07   4.8258238955E-03   7.2689599800E-03
   47     -1.5447567986E-06  -2.4056153923E-07   7.1052618213E-03   5.8438781026E-07  -2.5655070047E-06
                   20                 21                 22                 23                 24        
    0     -7.7306004092E-07   1.5074426266E-03  -6.1553474706E-04   1.6803130307E-06  -5.6438515889E-02
    1      5.9384765468E-07   3.0730180652E-03   6.9720750557E-04  -4.8277278558E-06   3.4231890674E-02
    2      7.4505617648E-06  -5.9444365206E-06   1.6278287024E-06  -1.0480752722E-03  -4.7486342098E-02
    3      1.9843224634E-06  -2.7471592294E-02   1.3995076345E-02  -2.7288391468E-06  -9.2343844394E-04
    4     -1.0802536419E-06   3.0257442110E-02  -4.5200359627E-03   8.7528850473E-06  -1.3271604536E-02
    5      4.9308930605E-03   1.1842114814E-05  -2.7736092597E-06   4.5364895716E-03   9.6672631634E-03
    6      6.8511179765E-06  -1.2959716685E-01   7.0344171973E-02   6.5257479401E-06   2.3853010008E-03
    7      8.6269067426E-06   2.8007128639E-02  -2.8851056413E-01  -4.7343052799E-05   2.9979746890E-04
    8      6.2330396669E-03  -7.4881387101E-06  -4.2075370340E-05  -6.1177938339E-02   9.4655530502E-04
    9     -1.4641928798E-05   5.1686251539E-02  -3.4982080629E-02  -3.6592242233E-06  -8.0998013409E-04
   10     -3.0994305480E-06  -1.7151759130E-03  -4.8004231081E-02  -1.4895360695E-05  -4.8484534847E-04
   11     -7.0731045698E-03   3.2106163515E-06  -1.9327271482E-05   9.6918885623E-03  -3.9044263171E-04
   12      7.0761498964E-06  -3.4824133941E-02   2.7100089222E-02   5.9958740405E-06   7.3183867070E-04
   13     -1.8679442654E-05   3.1503389394E-02  -2.4769370512E-02  -1.2881347782E-07  -3.7801887814E-04
   14      6.9371470303E-03   3.1833851448E-06   3.4742095902E-07  -7.9967560589E-03  -2.5459771167E-04
   15     -5.3110993635E-05  -4.6798443545E-02  -1.4100982256E-02  -1.2616550195E-05   1.4947601841E-04
   16     -5.3725803496E-05  -5.8082167011E-02   4.4379670926E-02   2.3562226249E-06   7.5047927173E-04
   17     -5.7385833753E-02  -1.7537855609E-05   4.4006159731E-06   7.5258810423E-03  -4.6015155557E-06
   18      7.0745752280E-05  -3.1938813425E-01   4.5584797516E-03  -4.1019169274E-05  -7.3003090596E-04
   19      1.3448037516E-04   6.5066059091E-02  -1.2897130759E-01  -1.0654548275E-05   4.9634501446E-05
   20      1.2713467927E-01  -2.3410691085E-05  -1.4651970162E-05  -5.5274671794E-02  -4.7982797614E-04
   21     -2.3410691085E-05   6.8097901611E-01   4.5515113720E-02   1.0381470475E-04   4.2249384260E-04
   22     -1.4651970162E-05   4.5515113720E-02   6.8243634613E-01   1.4629375772E-04   1.3530084923E-04
   23     -5.5274671794E-02   1.0381470475E-04   1.4629375772E-04   1.2004345487E-01   1.4679799471E-04
   24     -4.7982797614E-04   4.2249384260E-04   1.3530084923E-04   1.4679799471E-04   6.0379813554E-02
   25      1.5384088229E-04  -5.6377704642E-04   4.0875120809E-05  -2.3775764774E-04  -3.3802342885E-02
   26     -1.1608978215E-04   3.9002013153E-04   7.9937502646E-04   7.2711813620E-05   5.5123021352E-02
   27      4.8015018802E-04   4.1997441524E-04   1.3243759040E-04  -1.4932998002E-04   1.0302247750E-03
   28     -1.5443240557E-04  -5.6464704597E-04   3.9644458665E-05   2.3909463415E-04  -3.7682068594E-03
   29     -1.1645188378E-04  -3.8915141175E-04  -8.0058292461E-04   7.1446604592E-05   7.0840313585E-03
   30      3.5034467260E-07   4.6062210283E-04   1.6482853950E-04   5.2072430850E-07  -4.9744979143E-03
   31     -2.4716926181E-07   6.7197008323E-04  -1.2298553127E-03  -1.2810083483E-06   1.5600163016E-02
   32      1.7736444618E-04  -6.6983788769E-07  -1.0786468843E-06   3.1449017700E-04  -2.5821097828E-02
   33      1.7947257778E-07  -2.6862979929E-03  -3.0978145321E-03  -2.0486032937E-06   8.8080307425E-05
   34     -1.6674153297E-08  -4.4067763881E-03  -1.8288764775E-03  -2.4021054300E-06   1.1598900837E-04
   35     -4.3380324083E-04  -2.9255901869E-06  -8.8534893992E-07   5.7048260013E-03   1.3762706586E-04
   36      5.6189798625E-08  -4.7963058567E-04   1.0264542833E-03   1.6489467310E-08   3.4343903217E-05
   37     -1.7042891156E-06   1.0876928076E-03   1.9061808195E-05   1.0570054780E-07  -1.0567479017E-05
   38      7.0324179861E-03   2.2821081980E-07   2.9523671490E-07  -5.8391392034E-04   2.6984662577E-05
   39      6.5325203231E-07  -3.8958471850E-04  -4.1668221089E-03  -2.7152328264E-06   3.0439225026E-05
   40     -2.6554004940E-06  -3.0979527743E-03  -3.3426195227E-03  -2.5821749404E-06   4.0783035923E-05
   41      7.9340165928E-04  -3.2355777981E-06  -2.9944248231E-06   7.2648009238E-03   1.2466724355E-04
   42      1.2468420797E-05  -6.4295517401E-03   3.0245024287E-02   6.3612492477E-06  -2.4354296975E-05
   43     -5.1153646559E-05  -2.3903099701E-04  -2.7450195318E-03  -9.4085029907E-07  -4.1107788980E-06
   44     -3.4233288208E-02  -2.2545490637E-06   3.4082139546E-06   1.7985691857E-03   4.1416156113E-05
   45     -8.7692860899E-06  -1.6741126472E-01  -1.3637323193E-01  -5.7977557904E-05  -1.3511937126E-03
   46      3.5937931864E-06  -1.3639279710E-01  -2.2369092582E-01  -7.3066216646E-05   3.9878958018E-04
   47      1.3868495555E-03  -5.9299015412E-05  -7.2102227557E-05  -3.0943203369E-02   1.2501935870E-03
                   25                 26                 27                 28                 29        
    0      3.6434339426E-02  -5.1510083019E-02  -5.6314195560E-02   3.6344811175E-02   5.1243896903E-02
    1     -1.1058816823E-01   1.1052485649E-01   3.4143123761E-02  -1.1084938010E-01  -1.1070917488E-01
    2      1.1669298509E-01  -2.3143180560E-01   4.7222743794E-02  -1.1687924547E-01  -2.3130077307E-01
    3     -1.1105407470E-03   1.9288252699E-03  -9.3062175163E-04  -1.1309820859E-03  -1.9236468808E-03
    4     -2.2505422253E-02  -8.1909350937E-04  -1.3279025419E-02  -2.2518968710E-02   8.6816036380E-04
    5      1.5233888907E-02   5.2170668682E-03  -9.6486600321E-03  -1.5198592236E-02   5.2526443855E-03
    6      1.9939501990E-03  -3.4644263152E-04   2.3791810650E-03   1.9921629394E-03   3.4358519527E-04
    7      1.2964242703E-03   4.7761710191E-04   2.9629994257E-04   1.2920065882E-03  -4.8056967593E-04
    8     -5.5265606751E-04  -1.4924538849E-04  -9.4802193613E-04   5.4834046663E-04  -1.4922406894E-04
    9     -3.1084973204E-04   1.5070581695E-04  -8.0954194698E-04  -3.1122760250E-04  -1.4949037914E-04
   10     -2.6011801843E-04  -1.8303469391E-04  -4.8258256545E-04  -2.5920957195E-04   1.8394047901E-04
   11     -3.2849522415E-04  -1.3343053219E-04   3.9092280655E-04   3.2759327731E-04  -1.3398502462E-04
   12      3.3230955306E-04   2.2581114205E-05   7.2954672076E-04   3.3085397290E-04  -2.3819078720E-05
   13      8.7478087850E-05  -1.0569339519E-04  -3.7700894851E-04   8.7869629570E-05   1.0559651763E-04
   14     -2.4124946154E-04  -5.5653251499E-06   2.5490614862E-04   2.4210436351E-04  -6.2384658431E-06
   15     -2.3779656402E-04   2.7238331766E-05   1.4910597326E-04  -2.3748331429E-04  -2.6558322693E-05
   16      2.1285626247E-04   1.1939911893E-04   7.4823586205E-04   2.1161656506E-04  -1.2043035598E-04
   17      3.1135898974E-05  -6.2426396735E-05   5.0907288719E-06  -3.1292392204E-05  -6.2212427351E-05
   18     -1.2074598847E-05  -2.8120662606E-04  -7.2714967588E-04  -1.0818526039E-05   2.8195551179E-04
   19      2.2808607946E-04  -4.2753376328E-04   5.0781672408E-05   2.2987189147E-04   4.2805517856E-04
   20      1.5384088229E-04  -1.1608978215E-04   4.8015018802E-04  -1.5443240557E-04  -1.1645188378E-04
   21     -5.6377704642E-04   3.9002013153E-04   4.1997441524E-04  -5.6464704597E-04  -3.8915141175E-04
   22      4.0875120809E-05   7.9937502646E-04   1.3243759040E-04   3.9644458665E-05  -8.0058292461E-04
   23     -2.3775764774E-04   7.2711813620E-05  -1.4932998002E-04   2.3909463415E-04   7.1446604592E-05
   24     -3.3802342885E-02   5.5123021352E-02   1.0302247750E-03  -3.7682068594E-03   7.0840313585E-03
   25      1.2389406945E-01  -1.2163934962E-01  -3.7939733317E-03   9.9252118776E-03  -1.3610164379E-02
   26     -1.2163934962E-01   2.4444663534E-01  -7.1045181962E-03   1.3582993575E-02  -1.8646404000E-02
   27     -3.7939733317E-03  -7.1045181962E-03   6.0245222677E-02  -3.3709662747E-02  -5.4847349976E-02
   28      9.9252118776E-03   1.3582993575E-02  -3.3709662747E-02   1.2417299794E-01   1.2182232845E-01
   29     -1.3610164379E-02  -1.8646404000E-02  -5.4847349976E-02   1.2182232845E-01   2.4430795578E-01
   30      1.0520284996E-03   1.1084445532E-03  -4.9439678105E-03   1.0465678551E-03  -1.1014121414E-03
   31     -2.9430645649E-03  -1.8722056197E-03   1.5631672837E-02  -2.9462302915E-03   1.8553814927E-03
   32      4.4321356489E-03   8.9562003441E-04   2.5812521298E-02  -4.4310164417E-03   8.6607839289E-04
   33      1.2327333952E-04  -6.3973472803E-06   8.8412736372E-05   1.2360925444E-04   6.0831993238E-06
   34      1.2351564755E-04  -5.3069285162E-05   1.1641065476E-04   1.2432539971E-04   5.2769784106E-05
   35      2.1704993390E-04   6.8949275292E-06  -1.3740381377E-04  -2.1748090473E-04   6.8588986112E-06
   36     -1.4184976728E-05   1.4919383028E-05   3.4087942342E-05  -1.4360524676E-05  -1.4955015071E-05
   37     -2.5285000512E-05  -8.3146592494E-06  -1.0487802440E-05  -2.5216960310E-05   8.3736200118E-06
   38      3.7149570640E-05  -1.7261394043E-07  -2.7271564090E-05  -3.7119316296E-05  -1.2787433440E-07
   39      7.3860153754E-06  -5.2415476075E-05   3.0484464681E-05   7.4464307703E-06   5.2413577205E-05
   40      2.8985572348E-05  -3.4886206386E-05   4.0899974378E-05   2.9113292714E-05   3.4835816612E-05
   41      1.4950627068E-05   4.7221018086E-05  -1.2476579748E-04  -1.4861139963E-05   4.7484231135E-05
   42     -6.7479543921E-05   2.3709687246E-05  -2.4460079166E-05  -6.7589740680E-05  -2.3641596673E-05
   43      2.6259841070E-05   2.1894047901E-05  -4.0396313916E-06   2.6267411975E-05  -2.1980910094E-05
   44      5.2070903691E-06   2.4230143163E-05  -4.1347881241E-05  -5.0862784955E-06   2.4066633655E-05
   45      6.6601752402E-05   3.9994952869E-04  -1.3563039458E-03   6.6401877801E-05  -4.0020777060E-04
   46      4.5829586304E-04  -4.8488163862E-04   4.0004309150E-04   4.6008058324E-04   4.8414650874E-04
   47     -1.0674422908E-04  -1.6524050200E-04  -1.2493989591E-03   1.0598671687E-04  -1.6111811482E-04
                   30                 31                 32                 33                 34        
    0     -3.0231933474E-01   5.7797506818E-02   1.3806686031E-04  -1.0608491952E-04  -3.0985690892E-04
    1      6.1117456504E-02  -5.3312937751E-02  -3.4675937976E-05   1.3441823420E-04  -1.3254960340E-05
    2      1.3489236411E-04  -3.0522386166E-05  -4.4351878978E-02   1.0934661337E-06   1.7928861309E-06
    3     -1.2800478090E-02  -2.5303314162E-02   1.8774277841E-05   4.4017605641E-04  -2.1183060421E-04
    4      7.5495312575E-04   4.7402232841E-03  -3.3746819033E-06  -9.8029171443E-04  -3.6355709302E-04
    5      4.5483917127E-06   8.2915499171E-06  -1.0866720805E-03  -1.4504270966E-06  -4.2057278313E-07
    6      6.9829842961E-05  -1.3668656265E-03  -1.7679927477E-06   1.0324246655E-02   9.7461385222E-03
    7     -3.0128873612E-03  -7.7474492163E-03   3.7720876210E-06  -1.9973135967E-02  -1.8313984159E-02
    8      2.7709851683E-06   7.8688622043E-06  -3.9309417685E-04  -4.2887609187E-06  -3.5689011704E-06
    9     -6.6772832259E-04  -2.3857594287E-03   2.8188115017E-06  -8.6165134796E-02   8.3061189248E-02
   10      5.5383741004E-04   1.3866722987E-03   2.6515514950E-07   8.2551340154E-02  -3.0146667996E-01
   11      8.9652984891E-07   3.8467645121E-07   4.1052851276E-04   1.6050604137E-05  -5.8624846540E-05
   12     -1.5667208547E-04  -1.4568359494E-04  -1.7659653728E-07  -5.8668097692E-03   1.8589074513E-04
   13     -2.1142009120E-04  -7.7512327361E-04   8.6787279385E-07   3.1062187102E-02  -2.5134782720E-03
   14     -8.3614126804E-07  -1.5210967763E-06   3.2418065759E-05   6.7438468320E-06  -1.9891469063E-06
   15     -8.0937239916E-07   1.5156366465E-04  -2.0749293170E-07  -5.8047709160E-03   1.0674223038E-03
   16     -4.5799379089E-05   4.0302697272E-05  -9.0908919995E-07  -1.4966151272E-04   2.2144793621E-03
   17      1.5436318665E-07   3.0022708392E-07  -3.9751859728E-05  -2.1514980938E-06  -1.7844881014E-07
   18     -2.8461823969E-05  -7.2659335405E-05   9.8906371055E-07  -1.0238782303E-03  -7.5502519944E-04
   19     -2.0642584833E-04   4.4905712253E-04   4.3568784789E-07  -6.6667333855E-04   5.9420630609E-04
   20      3.5034467260E-07  -2.4716926181E-07   1.7736444618E-04   1.7947257778E-07  -1.6674153297E-08
   21      4.6062210283E-04   6.7197008323E-04  -6.6983788769E-07  -2.6862979929E-03  -4.4067763881E-03
   22      1.6482853950E-04  -1.2298553127E-03  -1.0786468843E-06  -3.0978145321E-03  -1.8288764775E-03
   23      5.2072430850E-07  -1.2810083483E-06   3.1449017700E-04  -2.0486032937E-06  -2.4021054300E-06
   24     -4.9744979143E-03   1.5600163016E-02  -2.5821097828E-02   8.8080307425E-05   1.1598900837E-04
   25      1.0520284996E-03  -2.9430645649E-03   4.4321356489E-03   1.2327333952E-04   1.2351564755E-04
   26      1.1084445532E-03  -1.8722056197E-03   8.9562003441E-04  -6.3973472803E-06  -5.3069285162E-05
   27     -4.9439678105E-03   1.5631672837E-02   2.5812521298E-02   8.8412736372E-05   1.1641065476E-04
   28      1.0465678551E-03  -2.9462302915E-03  -4.4310164417E-03   1.2360925444E-04   1.2432539971E-04
   29     -1.1014121414E-03   1.8553814927E-03   8.6607839289E-04   6.0831993238E-06   5.2769784106E-05
   30      3.2557567937E-01  -6.0844430833E-02  -1.4851401391E-04  -2.8389816473E-05   4.4490910130E-05
   31     -6.0844430833E-02   6.1556716690E-02   3.2577465355E-05   1.2486153910E-05   3.8817197198E-05
   32     -1.4851401391E-04   3.2577465355E-05   4.3737286941E-02  -1.1181739162E-07   2.9649527377E-07
   33     -2.8389816473E-05   1.2486153910E-05  -1.1181739162E-07   8.9612093527E-02  -8.9351572242E-02
   34      4.4490910130E-05   3.8817197198E-05   2.9649527377E-07  -8.9351572242E-02   3.2181695555E-01
   35      4.7197136943E-08   5.2644494638E-07   2.9718150709E-06  -1.4349920947E-05   6.5282427911E-05
   36     -8.4580041910E-05  -2.4534601613E-04   4.8716507111E-08   1.0577069188E-03   1.1534383787E-04
   37      1.5465823012E-05   4.7557773918E-05   1.0381531182E-08  -2.3962736017E-04   8.3074501077E-04
   38     -1.2408986570E-07  -7.1776528140E-08  -7.2930529018E-05   4.2261277845E-07   1.3950362384E-06
   39     -9.1517723236E-06   1.5794302602E-05  -1.2458176207E-07  -4.8826319492E-04  -6.6101047738E-05
   40     -2.4800022730E-06   6.3438012089E-05   5.0851228708E-08   1.5732144277E-03  -2.5736818794E-04
   41     -5.8173980073E-08   1.3681907440E-07  -3.0032944918E-05   2.3800312919E-07  -3.8254818615E-07
   42      1.5703084763E-05  -3.9427698363E-05  -9.4608574774E-08   1.1515387738E-04   5.2589402665E-05
   43      3.7939094641E-06   8.4280693289E-06   1.7722200805E-07   7.6454017845E-05  -2.2957500766E-05
   44     -8.0901292229E-08  -1.0539917043E-07   2.9139149859E-05   3.2860999423E-07  -2.2019998983E-07
   45     -1.0776261320E-04   3.9064536334E-04  -1.0902655625E-06   4.4375955669E-04   6.3057872046E-04
   46     -2.9829460436E-04   6.2344726496E-04   4.7020919763E-07  -1.2330869797E-03  -9.6288786387E-04
   47     -9.6398435895E-07   4.8263896896E-07  -4.9153696673E-04  -4.5078432938E-07  -3.8224385893E-07
                   35                 36                 37                 38                 39        
    0      6.6669331624E-07  -6.2439182086E-04   1.7181171462E-04  -1.9997224932E-07  -9.0236997315E-05
    1     -6.7413411948E-07   3.3901978957E-04  -1.7765912059E-05  -4.4728367854E-07   2.6922983669E-05
    2     -9.9713742944E-04  -1.8066597059E-07   2.7620245495E-07  -1.2363430607E-04   5.0218818410E-07
    3     -2.6056742669E-06  -1.0157308959E-04   1.9150364205E-05  -6.6476823278E-07   1.7490708415E-04
    4      1.7575636008E-07  -1.1704726332E-03   2.7020248761E-04  -3.5212444802E-08  -9.0705022628E-05
    5     -1.2269184078E-03   5.4304490846E-07  -1.0810202350E-07   3.7038606681E-04  -1.5712168240E-07
    6      3.3077584301E-06  -5.0581683407E-03   1.9296322548E-03  -1.4519289800E-06   6.3002770207E-04
    7     -5.6260227975E-06   2.1933244010E-03   1.4556413341E-03  -5.3813567184E-07  -3.9023736097E-04
    8      2.0987611924E-03  -2.2097926395E-06  -1.7808881626E-06   7.8283658666E-03  -1.0419003200E-06
    9      1.8946519219E-05  -1.6003754860E-02   5.3081098315E-03   1.5612731961E-06   1.7195724244E-03
   10     -6.0597215304E-05  -2.5219521155E-02   7.0034736004E-03  -3.5623568539E-06   2.2670461064E-03
   11     -3.3531359277E-02  -8.5077233632E-06   3.3146186741E-06   1.9872512472E-03  -1.7369505315E-08
   12     -3.9878672378E-06  -1.7133295001E-01  -1.3487018414E-01  -5.4399214967E-05  -6.8951784465E-03
   13      3.9215234451E-06  -1.3453029827E-01  -2.1878160786E-01  -6.5476596437E-05  -5.4874441909E-04
   14      2.1357916435E-03  -5.3513736210E-05  -6.4643418191E-05  -3.4730240664E-02  -1.6870055629E-06
   15     -1.3538572978E-06   1.0315623589E-02  -2.1758392428E-02  -3.8584715683E-06  -3.2434672714E-01
   16     -2.0332227178E-06   8.9931521971E-03  -1.7212244144E-02   3.0093242192E-07   4.9880103734E-02
   17      7.5227984057E-03   3.9588538482E-06  -6.8569237240E-06   2.0869684423E-03  -3.9820032502E-05
   18      1.1596204967E-06   5.4216787869E-04   3.6742754707E-03  -7.9537875272E-08  -1.6263546510E-02
   19      9.7983269538E-08   2.7119115097E-03  -4.7406899890E-03  -2.3852513949E-06   6.5525016716E-03
   20     -4.3380324083E-04   5.6189798625E-08  -1.7042891156E-06   7.0324179861E-03   6.5325203231E-07
   21     -2.9255901869E-06  -4.7963058567E-04   1.0876928076E-03   2.2821081980E-07  -3.8958471850E-04
   22     -8.8534893992E-07   1.0264542833E-03   1.9061808195E-05   2.9523671490E-07  -4.1668221089E-03
   23      5.7048260013E-03   1.6489467310E-08   1.0570054780E-07  -5.8391392034E-04  -2.7152328264E-06
   24      1.3762706586E-04   3.4343903217E-05  -1.0567479017E-05   2.6984662577E-05   3.0439225026E-05
   25      2.1704993390E-04  -1.4184976728E-05  -2.5285000512E-05   3.7149570640E-05   7.3860153754E-06
   26      6.8949275292E-06   1.4919383028E-05  -8.3146592494E-06  -1.7261394043E-07  -5.2415476075E-05
   27     -1.3740381377E-04   3.4087942342E-05  -1.0487802440E-05  -2.7271564090E-05   3.0484464681E-05
   28     -2.1748090473E-04  -1.4360524676E-05  -2.5216960310E-05  -3.7119316296E-05   7.4464307703E-06
   29      6.8588986112E-06  -1.4955015071E-05   8.3736200118E-06  -1.2787433440E-07   5.2413577205E-05
   30      4.7197136943E-08  -8.4580041910E-05   1.5465823012E-05  -1.2408986570E-07  -9.1517723236E-06
   31      5.2644494638E-07  -2.4534601613E-04   4.7557773918E-05  -7.1776528140E-08   1.5794302602E-05
   32      2.9718150709E-06   4.8716507111E-08   1.0381531182E-08  -7.2930529018E-05  -1.2458176207E-07
   33     -1.4349920947E-05   1.0577069188E-03  -2.3962736017E-04   4.2261277845E-07  -4.8826319492E-04
   34      6.5282427911E-05   1.1534383787E-04   8.3074501077E-04   1.3950362384E-06  -6.6101047738E-05
   35      2.3472683537E-02   7.1110550240E-07   1.0842625630E-06  -4.1574923587E-03   9.8786474768E-08
   36      7.1110550240E-07   1.8060364857E-01   1.4570929429E-01   5.8665202079E-05   7.0120577119E-04
   37      1.0842625630E-06   1.4570929429E-01   2.3121101309E-01   7.0350503893E-05   2.1362306466E-04
   38     -4.1574923587E-03   5.8665202079E-05   7.0350503893E-05   2.4981064297E-02   7.2577789954E-07
