*************************************************
******************* ORCA 6.0.0 ******************
*************************************************
$Calculation_Status
   &GeometryIndex 1
   &ListStatus       OUT
   &VERSION [&Type "String"] "6.0.0"
   &PROGNAME [&Type "String"] "LeanSCF"
   &STATUS [&Type "String"] "NORMAL TERMINATION"
$End
$Geometry
   &GeometryIndex 1
   &ListStatus       OUT
   &NATOMS [&Type "Integer"] 11
   &NCORELESSECP [&Type "Integer"] 0
   &NGHOSTATOMS [&Type "Integer"] 0
   &CartesianCoordinates [&Type "Coordinates", &Dim(11,4), &Units "Bohr"] 
              C     -2.394784067838    0.506864488291   -0.000012445736
              C      0.000002911123   -1.100805587738   -0.000004999082
              C      2.394797791030    0.506853088518    0.000022854537
              H     -2.463194380740    1.728211037920   -1.671495254759
              H     -4.101452154700   -0.663395713560   -0.000067092648
              H     -2.463252395899    1.728139238154    1.671520373755
              H     -0.000013841488   -2.342857540072    1.659882894469
              H      0.000012830674   -2.342836765557   -1.659908585674
              H      4.101460484801   -0.663414834187    0.000076229474
              H      2.463206365950    1.728187840020    1.671514453621
              H      2.463278024365    1.728139163888   -1.671501177161
$End
$SCF_Energy
   &GeometryIndex 1
   &ListStatus       OUT
   &SCF_ENERGY [&Type "Double"]      -1.1910235125254799e+02
$End
$DFT_Energy
   &GeometryIndex 1
   &ListStatus       OUT
   &NALPHAEL [&Type "Integer"] 13
   &NBETAEL [&Type "Integer"] 13
   &NTOTALEL [&Type "Integer"] 26
   &EEXCHANGE [&Type "Double"]      -1.8427691114919703e+01
   &ECORR [&Type "Double"]      -7.7717938471357917e-01
   &ECNL [&Type "Double"]       0.0000000000000000e+00
   &EXC [&Type "Double"]      -1.9204870499633284e+01
   &EEMBED [&Type "Double"]       0.0000000000000000e+00
   &FINALEN [&Type "Double"]      -1.1910235125254799e+02  "No Van der Waals correction"
$End
$Mulliken_Population_Analysis
   &GeometryIndex 1
   &ListStatus       OUT
   &NATOMS [&Type "Integer"] 11
   &ATNO [&Type "ArrayOfIntegers", &Dim (11,1)] 
                                                         0

0                                                        6
1                                                        6
2                                                        6
3                                                        1
4                                                        1
5                                                        1
6                                                        1
7                                                        1
8                                                        1
9                                                        1
10                                                       1
   &ATOMICCHARGES [&Type "ArrayOfDoubles", &Dim (11,1)] 
                                                         0

0                                     -3.1259539147332394e-01
1                                     -1.1913812997830497e-01
2                                     -3.1259540402937791e-01
3                                      9.5597623108555796e-02
4                                      1.0379630029760989e-01
5                                      9.5598058204194869e-02
6                                      7.7172472435583339e-02
7                                      7.7172495328295954e-02
8                                      1.0379632487233692e-01
9                                      9.5597527941403748e-02
10                                     9.5598123293065496e-02
$End
$Loewdin_Population_Analysis
   &GeometryIndex 1
   &ListStatus       OUT
   &NATOMS [&Type "Integer"] 11
   &ATNO [&Type "ArrayOfIntegers", &Dim (11,1)] 
                                                         0

0                                                        6
1                                                        6
2                                                        6
3                                                        1
4                                                        1
5                                                        1
6                                                        1
7                                                        1
8                                                        1
9                                                        1
10                                                       1
   &ATOMICCHARGES [&Type "ArrayOfDoubles", &Dim (11,1)] 
                                                         0

0                                     -3.1570864155731027e-01
1                                     -3.2336378080033512e-01
2                                     -3.1570860010034618e-01
3                                      1.1633934593646955e-01
4                                      1.1623965794567093e-01
5                                      1.1633926777101433e-01
6                                      1.2847222686969362e-01
7                                      1.2847224820203418e-01
8                                      1.1623963411529636e-01
9                                      1.1633935881759949e-01
10                                     1.1633928280025985e-01
$End
$Mayer_Population_Analysis
   &GeometryIndex 1
   &ListStatus       OUT
   &NATOMS [&Type "Integer"] 11 "Total number of atoms"
   &BONDTHRESH [&Type "Double"]       1.0000000000000001e-01  "The threshold for printing"
   &NBONDORDERSPRINT [&Type "Integer"] 10 "The number of bond orders larger than threshold"
   &BONDORDERS [&Type "ArrayOfDoubles", &Dim (10,1)] "The bond orders"
                                                         0

0                                      9.8204362973452297e-01
1                                      9.7547717749490026e-01
2                                      9.7517872517442794e-01
3                                      9.7547734210076331e-01
4                                      9.8204321491144908e-01
5                                      9.6900280747252343e-01
6                                      9.6900298323298129e-01
7                                      9.7517872500595515e-01
8                                      9.7547713928666224e-01
9                                      9.7547742476814647e-01
   &COMPONENTS [&Type "ArrayOfIntegers", &Dim (10,4)] "The indices and atomic numbers of the bonding atoms"
                                                         0                           1                           2                           3

0                                                        0                           6                           1                           6
1                                                        0                           6                           3                           1
2                                                        0                           6                           4                           1
3                                                        0                           6                           5                           1
4                                                        1                           6                           2                           6
5                                                        1                           6                           6                           1
6                                                        1                           6                           7                           1
7                                                        2                           6                           8                           1
8                                                        2                           6                           9                           1
9                                                        2                           6                          10                           1
   &ATNO [&Type "ArrayOfIntegers", &Dim (11,1)] "Atomic number of the elements"
                                                         0

0                                                        6
1                                                        6
2                                                        6
3                                                        1
4                                                        1
5                                                        1
6                                                        1
7                                                        1
8                                                        1
9                                                        1
10                                                       1
   &NA [&Type "ArrayOfDoubles", &Dim (11,1)] "Mulliken gross atomic population"
                                                         0

0                                      6.3125953914732955e+00
1                                      6.1191381299782881e+00
2                                      6.3125954040293948e+00
3                                      9.0440237689144398e-01
4                                      8.9620369970239011e-01
5                                      9.0440194179580469e-01
6                                      9.2282752756441722e-01
7                                      9.2282750467170349e-01
8                                      8.9620367512766397e-01
9                                      9.0440247205859825e-01
10                                     9.0440187670693495e-01
   &ZA [&Type "ArrayOfDoubles", &Dim (11,1)] "Total nuclear charge"
                                                         0

0                                      6.0000000000000000e+00
1                                      6.0000000000000000e+00
2                                      6.0000000000000000e+00
3                                      1.0000000000000000e+00
4                                      1.0000000000000000e+00
5                                      1.0000000000000000e+00
6                                      1.0000000000000000e+00
7                                      1.0000000000000000e+00
8                                      1.0000000000000000e+00
9                                      1.0000000000000000e+00
10                                     1.0000000000000000e+00
   &QA [&Type "ArrayOfDoubles", &Dim (11,1)] "Mulliken gross atomic charge"
                                                         0

0                                     -3.1259539147329551e-01
1                                     -1.1913812997828810e-01
2                                     -3.1259540402939479e-01
3                                      9.5597623108556018e-02
4                                      1.0379630029760989e-01
5                                      9.5598058204195313e-02
6                                      7.7172472435582784e-02
7                                      7.7172495328296509e-02
8                                      1.0379632487233603e-01
9                                      9.5597527941401750e-02
10                                     9.5598123293065052e-02
   &VA [&Type "ArrayOfDoubles", &Dim (11,1)] "Mayer's total valence"
                                                         0

0                                      3.9077170849884366e+00
1                                      3.8980044624905914e+00
2                                      3.9077166480552767e+00
3                                      9.8143678235377252e-01
4                                      9.7957466473847754e-01
5                                      9.8143692130753790e-01
6                                      9.7446237095999610e-01
7                                      9.7446243269677213e-01
8                                      9.7957467131330533e-01
9                                      9.8143683015499006e-01
10                                     9.8143692286843853e-01
   &BVA [&Type "ArrayOfDoubles", &Dim (11,1)] "Mayer's bonded valence"
                                                         0

0                                      3.9077170849885161e+00
1                                      3.8980044624905230e+00
2                                      3.9077166480552465e+00
3                                      9.8143678235378662e-01
4                                      9.7957466473848509e-01
5                                      9.8143692130754123e-01
6                                      9.7446237095998234e-01
7                                      9.7446243269675503e-01
8                                      9.7957467131330445e-01
9                                      9.8143683015498306e-01
10                                     9.8143692286844375e-01
   &FA [&Type "ArrayOfDoubles", &Dim (11,1)] "Mayer's free valence"
                                                         0

0                                      0.0000000000000000e+00
1                                      0.0000000000000000e+00
2                                      0.0000000000000000e+00
3                                      0.0000000000000000e+00
4                                      0.0000000000000000e+00
5                                      0.0000000000000000e+00
6                                      0.0000000000000000e+00
7                                      0.0000000000000000e+00
8                                      0.0000000000000000e+00
9                                      0.0000000000000000e+00
10                                     0.0000000000000000e+00
$End
$VdW_Correction
   &GeometryIndex 1
   &ListStatus       OUT
   &VDW [&Type "Double"]      -1.7044564292936660e-03
$End
$Calculation_Info
   &GeometryIndex 1
   &ListStatus       OUT
   &MULT [&Type "Integer"] 1
   &CHARGE [&Type "Integer"] 0
   &NUMOFATOMS [&Type "Integer"] 11
   &NUMOFELECTRONS [&Type "Integer"] 26
   &NUMOFFCELECTRONS [&Type "Integer"] 1
   &NUMOFCORRELECTRONS [&Type "Integer"] 0
   &NUMOFBASISFUNCTS [&Type "Integer"] 141
   &NUMOFAUXCBASISFUNCTS [&Type "Integer"] 0
   &NUMOFAUXJBASISFUNCTS [&Type "Integer"] 178
   &NUMOFAUXJKBASISFUNCTS [&Type "Integer"] 0
   &NUMOFCABSBASISFUNCTS [&Type "Integer"] 0
   &TOTALENERGY [&Type "Double"]      -1.1909883774707728e+02  "Hartrees"
$End
$SCF_Dipole_Moment
   &GeometryIndex 1
   &ListStatus       OUT
   &METHOD [&Type "String"] "SCF"
   &LEVEL [&Type "String"] "Relaxed density"
   &MULT [&Type "Integer"] 1
   &STATE [&Type "Integer"] -1
   &IRREP [&Type "Integer"] 0
   &NATOMS [&Type "Integer"] 11
   &DODIPOLEATOM [&Type "Boolean"] false
   &DIPOLEELECCONTRIB [&Type "ArrayOfDoubles", &Dim (3,1)] "Electronic contribution"
                                                         0

0                                     -3.7333440911098935e-07
1                                     -4.9441953980979497e-01
2                                     -3.2698804585912060e-06
   &DIPOLENUCCONTRIB [&Type "ArrayOfDoubles", &Dim (3,1)] "Nuclear contribution"
                                                         0

0                                      2.3317799335842437e-07
1                                      4.5938796319316277e-01
2                                      3.0081361719336286e-06
   &DIPOLETOTAL [&Type "ArrayOfDoubles", &Dim (3,1)] "Total"
                                                         0

0                                     -1.4015641575256498e-07
1                                     -3.5031576616632198e-02
2                                     -2.6174428665757740e-07
   &DIPOLEMAGNITUDE [&Type "Double", &Units "a.u."]       3.5031576617890400e-02
$End
$THERMOCHEMISTRY_Energies
   &GeometryIndex 1
   &ListStatus       OUT
   &TEMPERATURE [&Type "Double"]       2.9814999999999998e+02
   &PRESSURE [&Type "Double"]       1.0000000000000000e+00
   &TOTALMASS [&Type "Double"]       4.4097000000000001e+01
   &SPINDEGENERACY [&Type "Integer"] 1
   &ELENERGY [&Type "Double"]      -1.1909883774707728e+02
   &TRANSENERGY [&Type "Double"]       1.4162714244859817e-03
   &ROTENERGY [&Type "Double"]       1.4162714244859817e-03
   &VIBENERGY [&Type "Double"]       1.6325758820325852e-03
   &NUMOFFREQS [&Type "Integer"] 33
   &FREQSCALINGFACTOR [&Type "Double"]       1.0000000000000000e+00
   &FREQ [&Type "ArrayOfDoubles", &Dim (33,1)] "In cm^-1"
                                                         0

0                                      0.0000000000000000e+00
1                                      0.0000000000000000e+00
2                                      0.0000000000000000e+00
3                                      0.0000000000000000e+00
4                                      0.0000000000000000e+00
5                                      0.0000000000000000e+00
6                                      2.4144947925272874e+02
7                                      2.9271688504433308e+02
8                                      3.7567140341131756e+02
9                                      7.6004670783204392e+02
10                                     8.7768331961892147e+02
11                                     9.1461584478313648e+02
12                                     9.3332056269318207e+02
13                                     1.0574924150344505e+03
14                                     1.1797102878884616e+03
15                                     1.2142441866754652e+03
16                                     1.3176765306414491e+03
17                                     1.3578946162453406e+03
18                                     1.3941018608122265e+03
19                                     1.4135569399978401e+03
20                                     1.4846353056548137e+03
21                                     1.4849906026155579e+03
22                                     1.4907055715196821e+03
23                                     1.5040952274284014e+03
24                                     1.5064281135940350e+03
25                                     2.9966069875362127e+03
26                                     2.9980646155522513e+03
27                                     3.0024346129848468e+03
28                                     3.0326549296240132e+03
29                                     3.0674645199565039e+03
30                                     3.0766455232512349e+03
31                                     3.0792388677818553e+03
32                                     3.0795414851997689e+03
   &ZPE [&Type "Double"]       1.0282210564233435e-01
   &INNERENERGYU [&Type "Double"]      -1.1899155052270395e+02
   &ENTHALPYH [&Type "Double"]      -1.1899060631366169e+02
   &QEL [&Type "Double"]       0.0000000000000000e+00
   &QROT [&Type "Double"]       1.0117798799209179e-02
   &QVIB [&Type "Double"]       2.5036881883228009e-03
   &QTRANS [&Type "Double"]       1.7711629621830666e-02
   &ENTROPYS [&Type "Double"]       3.0333116609362647e-02
   &FREEENERGYG [&Type "Double"]      -1.1902093943027104e+02
   &ISLINEAR [&Type "Boolean"] false
$End
$Hessian
   &GeometryIndex 1
   &ListStatus       OUT
   &HESSIAN [&Type "ArrayOfDoubles", &Dim (33,33)] "The Hessian"
                                                         0                           1                           2                           3                           4                           5                           6                           7

0                                      4.9543245576092443e-01         5.1057104322960886e-02         4.5821856438444720e-08        -1.4793690090426065e-01         4.9632317770417565e-02        -1.4396893381766910e-07        -3.3626061900061108e-02         1.5343161686408337e-02
1                                      5.1057104322960886e-02         5.2499271694476335e-01         2.9341964408297039e-07         5.3332703548972349e-02        -1.1480673563452160e-01         2.3222635134638995e-07        -1.5342949091445644e-02         1.1988909751262863e-02
2                                      4.5821856438444720e-08         2.9341964408297039e-07         5.5388658174868155e-01        -1.3950371485956737e-08         7.6364859034574456e-08        -7.7833038750218908e-02        -5.7289505975519491e-07         1.7626743829708553e-07
3                                     -1.4793690090426065e-01         5.3332703548972349e-02        -1.3950371485956737e-08         4.3672651499537396e-01         2.3410958397643983e-07        -1.4251437901640109e-06        -1.4793729821112950e-01        -5.3332495701698075e-02
4                                      4.9632317770417565e-02        -1.1480673563452160e-01         7.6364859034574456e-08         2.3410958397643983e-07         5.2367222416738313e-01        -4.7482472349560077e-07        -4.9632095157298856e-02        -1.1480624066448249e-01
5                                     -1.4396893381766910e-07         2.3222635134638995e-07        -7.7833038750218908e-02        -1.4251437901640109e-06        -4.7482472349560077e-07         5.8467356128879289e-01        -7.0023239166649344e-07        -6.4491169918365574e-07
6                                     -3.3626061900061108e-02        -1.5342949091445644e-02        -5.7289505975519491e-07        -1.4793729821112950e-01        -4.9632095157298856e-02        -7.0023239166649344e-07         4.9543198903469610e-01        -5.1057183615276946e-02
7                                      1.5343161686408337e-02         1.1988909751262863e-02         1.7626743829708553e-07        -5.3332495701698075e-02        -1.1480624066448249e-01        -6.4491169918365574e-07        -5.1057183615276946e-02         5.2499315442942363e-01
8                                     -4.2504530384331190e-07        -7.3957984423642789e-08        -1.3279335244247709e-04        -7.0368305811655987e-07        -4.5594323050268812e-07        -7.7833045458341674e-02        -6.7396804648528312e-07        -7.6502996350369390e-07
9                                     -4.6195022456829757e-02         1.7350448965006912e-03        -3.4569055626623214e-03        -2.0958894775786915e-03         1.6803893524225504e-02        -2.3989163571288330e-02         2.0702853607052736e-03         6.9208272415081538e-04
10                                     2.1243750776475138e-03        -1.3189399218675518e-01         1.1997813524540203e-01         9.4501340124772924e-04        -1.3208705914236946e-02         1.6554687784872055e-02        -1.1702085557868751e-03         8.1458402114578535e-04
11                                    -4.0078087565022635e-03         1.2021734908810897e-01        -2.1534760102382558e-01        -2.1481452382572652e-05        -1.9845655223478184e-04        -3.9710019685913148e-05         1.8953675965285985e-04        -4.0445667462709039e-04
12                                    -2.1715401372769760e-01        -1.2130154249683628e-01        -5.6028734108761523e-06        -2.1072813890544880e-02        -1.7663004650516029e-02        -5.9159144163317931e-07        -4.0693840326818803e-03         5.6791152324119822e-03
13                                    -1.2264161760097550e-01        -1.3337609913692755e-01        -3.9710372071609987e-06         1.7071107622099815e-02         1.2197372856921445e-02         5.1411732361005021e-07         2.7686141219895868e-03        -2.0607110651165560e-03
14                                    -5.6747122350574141e-06        -3.9833006005877478e-06        -4.6601206576170708e-02         1.3618454260168954e-07        -7.0790074252925035e-08        -1.9684430416806280e-03         2.6166120797810204e-08        -1.1803338345412385e-08
15                                    -4.6195342517460332e-02         1.7390705494686560e-03         3.4628988485220641e-03        -2.0966606760411646e-03         1.6802909240699694e-02         2.3989709840147099e-02         2.0702347104354312e-03         6.9214482123600336e-04
16                                     2.1283041193506814e-03        -1.3188356274900886e-01        -1.1997447336299685e-01         9.4558837938186861e-04        -1.3208260835728920e-02        -1.6555139306966431e-02        -1.1701775198974254e-03         8.1449042166821745e-04
17                                     4.0138262525018769e-03        -1.2021387807992906e-01        -2.1535781466896103e-01         2.1299161603056255e-05         1.9857243632734681e-04        -3.9489812094874177e-05        -1.8950412095040687e-04         4.0447735732703372e-04
18                                    -2.1978507450999213e-03         1.7928158692991612e-02        -2.3954910117090774e-02        -4.5160697862812516e-02        -1.1987422396357741e-06         1.5657971171621894e-06        -2.1984941600497053e-03        -1.7927976601512019e-02
19                                     1.3862495785812220e-03        -1.2295022234247039e-02         1.5566420334624917e-02        -1.2560471161088138e-06        -1.3281162050783554e-01         1.1661722900232964e-01        -1.3864818892144141e-03        -1.2294672649560658e-02
20                                    -1.5740177857412330e-04        -7.0508286899449539e-04         1.5082460112520097e-04         1.5808318899090662e-06         1.1775021510751750e-01        -2.1245463982344187e-01         1.5744523435787770e-04        -7.0531431055605859e-04
21                                    -2.1983650010057310e-03         1.7927656789514284e-02         2.3955229215862916e-02        -4.5160733648944365e-02         6.9980773934419985e-07         9.2035480157674204e-07        -2.1978985023869734e-03        -1.7927916619198622e-02
22                                     1.3864343207784530e-03        -1.2294616081279908e-02        -1.5566572520852796e-02         7.6963038057825308e-07        -1.3280859842117607e-01        -1.1661615587032220e-01        -1.3862861675393700e-03        -1.2294756090443617e-02
23                                     1.5745336737746536e-04         7.0515565504172817e-04         1.5098024534747735e-04         9.4652889655242733e-07        -1.1774918281535560e-01        -2.1245754479755666e-01        -1.5740299153137703e-04         7.0493817827681042e-04
24                                    -4.0694228953307120e-03        -5.6791054119943174e-03        -1.5990978411931665e-07        -2.1072796290595896e-02         1.7663158597103081e-02        -5.1112773005332726e-07        -2.1715297278557361e-01         1.2130197802071084e-01
25                                    -2.7686052165440955e-03        -2.0606719230521287e-03        -4.9423005205523628e-08        -1.7070946464167264e-02         1.2197375630104272e-02        -4.5536379115275631e-07         1.2264204748665768e-01        -1.3337723524328257e-01
26                                     1.6688005041608470e-08        -3.5632203663286520e-08         4.3103442513128614e-04        -4.2394103603120604e-08         2.4811455999314553e-07        -1.9684445194213390e-03        -5.5510824428525350e-06         3.8687082240004312e-06
27                                     2.0702944975150880e-03        -6.9210004073883566e-04        -1.1186628376575541e-03        -2.0959278031068662e-03        -1.6803757423849888e-02        -2.3989365289131360e-02        -4.6194983212269086e-02        -1.7348712594743433e-03
28                                     1.1702236512536590e-03         8.1458412351650012e-04         5.9480267786508477e-04        -9.4501968920105046e-04        -1.3208477632818374e-02        -1.6554700972609356e-02        -2.1242175963787826e-03        -1.3189232281104313e-01
29                                     1.8956880149562766e-04         4.0446374873001796e-04         3.2655084098442673e-04        -2.1517563387852406e-05         1.9827486595897729e-04        -3.9951231665716000e-05        -4.0076314073030864e-03        -1.2021670287674388e-01
30                                     2.0702298893062582e-03        -6.9214047370199283e-04         1.1186729160011463e-03        -2.0967962303594860e-03        -1.6803159210058958e-02         2.3989662833849186e-02        -4.6195416301684875e-02        -1.7399404179702961e-03
31                                     1.1701510044298819e-03         8.1448912624943999e-04        -5.9480727688901035e-04        -9.4569665528961358e-04        -1.3208333043608775e-02         1.6554911440414401e-02        -2.1291602855965921e-03        -1.3188520009957150e-01
32                                    -1.8947532589302495e-04        -4.0447098704634189e-04         3.2648251034879980e-04         2.1263578953673729e-05        -1.9874928478344923e-04        -3.9253834685427924e-05         4.0150199864433089e-03         1.2021447054980765e-01
                                                         8                           9                          10                          11                          12                          13                          14                          15

0                                     -4.2504530384331190e-07        -4.6195022456829757e-02         2.1243750776475138e-03        -4.0078087565022635e-03        -2.1715401372769760e-01        -1.2264161760097550e-01        -5.6747122350574141e-06        -4.6195342517460332e-02
1                                     -7.3957984423642789e-08         1.7350448965006912e-03        -1.3189399218675518e-01         1.2021734908810897e-01        -1.2130154249683628e-01        -1.3337609913692755e-01        -3.9833006005877478e-06         1.7390705494686560e-03
2                                     -1.3279335244247709e-04        -3.4569055626623214e-03         1.1997813524540203e-01        -2.1534760102382558e-01        -5.6028734108761523e-06        -3.9710372071609987e-06        -4.6601206576170708e-02         3.4628988485220641e-03
3                                     -7.0368305811655987e-07        -2.0958894775786915e-03         9.4501340124772924e-04        -2.1481452382572652e-05        -2.1072813890544880e-02         1.7071107622099815e-02         1.3618454260168954e-07        -2.0966606760411646e-03
4                                     -4.5594323050268812e-07         1.6803893524225504e-02        -1.3208705914236946e-02        -1.9845655223478184e-04        -1.7663004650516029e-02         1.2197372856921445e-02        -7.0790074252925035e-08         1.6802909240699694e-02
5                                     -7.7833045458341674e-02        -2.3989163571288330e-02         1.6554687784872055e-02        -3.9710019685913148e-05        -5.9159144163317931e-07         5.1411732361005021e-07        -1.9684430416806280e-03         2.3989709840147099e-02
6                                     -6.7396804648528312e-07         2.0702853607052736e-03        -1.1702085557868751e-03         1.8953675965285985e-04        -4.0693840326818803e-03         2.7686141219895868e-03         2.6166120797810204e-08         2.0702347104354312e-03
7                                     -7.6502996350369390e-07         6.9208272415081538e-04         8.1458402114578535e-04        -4.0445667462709039e-04         5.6791152324119822e-03        -2.0607110651165560e-03        -1.1803338345412385e-08         6.9214482123600336e-04
8                                      5.5388651597795913e-01        -1.1186361283898822e-03        -5.9479108581637864e-04         3.2653449253393103e-04        -1.0044585392147708e-07         5.1905518513949774e-09         4.3103435425160207e-04         1.1187023737471960e-03
9                                     -1.1186361283898822e-03         5.0318262378553857e-02        -6.5573882273548215e-03         4.9332886470630629e-03         9.5404886463017332e-04        -1.4332096378506343e-02         2.2299505700974165e-02        -1.3603242537408890e-03
10                                    -5.9479108581637864e-04        -6.5573882273548215e-03         1.4403304470735162e-01        -1.3353860077301774e-01         1.2986243698541663e-03        -1.0803193931390415e-02         1.4843852580629660e-02        -3.6332414886454151e-04
11                                     3.2653449253393103e-04         4.9332886470630629e-03        -1.3353860077301774e-01         2.3197571527627853e-01         2.3343654204893705e-05        -1.6287918143766053e-03         4.7348164534814514e-04        -7.4158469101555944e-05
12                                    -1.0044585392147708e-07         9.5404886463017332e-04         1.2986243698541663e-03         2.3343654204893705e-05         2.3965245926697229e-01         1.3158247041492310e-01         6.1579733433790902e-06         9.5480074106470397e-04
13                                     5.1905518513949774e-09        -1.4332096378506343e-02        -1.0803193931390415e-02        -1.6287918143766053e-03         1.3158247041492310e-01         1.4242893819964048e-01         4.3955067118365805e-06        -1.4331183966095992e-02
14                                     4.3103435425160207e-04         2.2299505700974165e-02         1.4843852580629660e-02         4.7348164534814514e-04         6.1579733433790902e-06         4.3955067118365805e-06         4.5978319173866931e-02        -2.2300117109670961e-02
15                                     1.1187023737471960e-03        -1.3603242537408890e-03        -3.6332414886454151e-04        -7.4158469101555944e-05         9.5480074106470397e-04        -1.4331183966095992e-02        -2.2300117109670961e-02         5.0318587986384937e-02
16                                     5.9480839729285232e-04        -3.6387953562027166e-04         1.1689890008381434e-02         1.5985762609710848e-02         1.2991269923546163e-03        -1.0802617433037823e-02        -1.4844240950341687e-02        -6.5618232454949217e-03
17                                     3.2649935745289113e-04         7.4800883318010183e-05        -1.5984401997499790e-02        -2.0233938688429400e-02        -2.3259440702288331e-05         1.6278015689444938e-03         4.7219133584796040e-04        -4.9398122005274098e-03
18                                     2.3955101757591326e-02        -4.7351357448341853e-03         3.8334375713153903e-03         1.6584063179235064e-04         8.5813719592000908e-04        -7.6685832572643122e-04        -2.3021676704480017e-04         1.1335320650948883e-03
19                                     1.5566300264642736e-02         3.5121225184016279e-03        -1.4251785670100188e-03        -2.4579381841323042e-04        -3.1832888582274468e-05         8.6263320616136513e-04        -3.1510132749573835e-04        -6.9869259420530768e-04
20                                     1.5117759430976737e-04        -4.6258243293623505e-05        -6.3380916082178594e-04         1.8098210877849524e-03        -6.6546448015531237e-04         5.0125084846084841e-05         8.8544883691560057e-05        -3.1162914792955869e-04
21                                    -2.3955175566825693e-02         1.1334731512833267e-03        -6.0903044240150604e-04        -4.6495850325634330e-04         8.5818131981531829e-04        -7.6684617033468392e-04         2.3022837992709170e-04        -4.7351092625878598e-03
22                                    -1.5566432080618075e-02        -6.9868565315947973e-04         1.0333017704139413e-04         6.8173940601163295e-05        -3.1880393514784749e-05         8.6269976574841365e-04         3.1513990586060981e-04         3.5120406085607336e-03
23                                     1.5064066682890682e-04         3.1163101274116721e-04        -1.3017288508176874e-04         9.2359983956234477e-04         6.6548801679662019e-04        -5.0106052199319802e-05         8.8637525308764910e-05         4.6212299886419853e-05
24                                    -5.4686496309431173e-06         3.5315206410468751e-04        -1.5057955856601383e-04        -5.6660947053938787e-05        -1.6877056534277358e-03         1.1466146624674284e-03        -5.7246421591534459e-10         3.5313693449309341e-04
25                                     3.8463338414211001e-06        -1.4208853807734276e-04         3.1718517064407807e-06        -2.7666616371395955e-04        -1.1466036474105205e-03         6.8464618095487469e-04         6.5495045602814340e-09        -1.4209379220832323e-04
26                                    -4.6601200894707907e-02         3.4135487974139788e-04        -2.8104128857156697e-04         2.2087670326528247e-04        -8.2782018899984331e-09         1.3755414337933270e-09         5.9565635760368816e-04        -3.4137961794040658e-04
27                                    -3.4567131674305483e-03        -1.1971342651572840e-04         9.0429631121509381e-05        -1.8282163266140711e-05         3.5315799265496126e-04         1.4208153131719449e-04         3.4135362252923722e-04        -3.2314358009208951e-04
28                                    -1.1997751871891178e-01        -9.0427758345462022e-05         2.9927158318278097e-05         8.1738190829027096e-05         1.5058382954167854e-04         3.1668365259472295e-06         2.8104239510434649e-04        -5.5308980275292315e-04
29                                    -2.1534923197702585e-01        -1.8284499698793692e-05        -8.1737915357360785e-05        -1.3891456658938171e-04        -5.6653760111068964e-05         2.7666938455200418e-04         2.2088534301089582e-04        -6.5263366014903549e-04
30                                     3.4641010743516978e-03        -3.2313645977808856e-04         5.5309682379735498e-04        -6.5262535986030940e-04         3.5313192329460225e-04         1.4209676151165877e-04        -3.4138403443605711e-04        -1.1971214755070623e-04
31                                     1.1997504117605007e-01        -5.5302351422482508e-04         6.5712267544758719e-04        -9.6184359371905524e-05         1.5056056510448328e-04         3.1645205198142616e-06        -2.8102083020431799e-04        -9.0393733122127621e-05
32                                    -2.1535613076081839e-01         6.5263284020510503e-04        -9.6194178232051480e-05         3.0135253757114858e-05         5.6676393945916115e-05        -2.7665126044431254e-04         2.2089899892178088e-04         1.8251731725547286e-05
                                                        16                          17                          18                          19                          20                          21                          22                          23

0                                      2.1283041193506814e-03         4.0138262525018769e-03        -2.1978507450999213e-03         1.3862495785812220e-03        -1.5740177857412330e-04        -2.1983650010057310e-03         1.3864343207784530e-03         1.5745336737746536e-04
1                                     -1.3188356274900886e-01        -1.2021387807992906e-01         1.7928158692991612e-02        -1.2295022234247039e-02        -7.0508286899449539e-04         1.7927656789514284e-02        -1.2294616081279908e-02         7.0515565504172817e-04
2                                     -1.1997447336299685e-01        -2.1535781466896103e-01        -2.3954910117090774e-02         1.5566420334624917e-02         1.5082460112520097e-04         2.3955229215862916e-02        -1.5566572520852796e-02         1.5098024534747735e-04
3                                      9.4558837938186861e-04         2.1299161603056255e-05        -4.5160697862812516e-02        -1.2560471161088138e-06         1.5808318899090662e-06        -4.5160733648944365e-02         7.6963038057825308e-07         9.4652889655242733e-07
4                                     -1.3208260835728920e-02         1.9857243632734681e-04        -1.1987422396357741e-06        -1.3281162050783554e-01         1.1775021510751750e-01         6.9980773934419985e-07        -1.3280859842117607e-01        -1.1774918281535560e-01
