*************************************************
******************* ORCA 6.0.0 ******************
*************************************************
$Calculation_Status
   &GeometryIndex 1
   &ListStatus       OUT
   &VERSION [&Type "String"] "6.0.0"
   &PROGNAME [&Type "String"] "LeanSCF"
   &STATUS [&Type "String"] "NORMAL TERMINATION"
$End
$Geometry
   &GeometryIndex 1
   &ListStatus       OUT
   &NATOMS [&Type "Integer"] 11
   &NCORELESSECP [&Type "Integer"] 0
   &NGHOSTATOMS [&Type "Integer"] 0
   &CartesianCoordinates [&Type "Coordinates", &Dim(11,4), &Units "Bohr"] 
              C     -2.397567062225    0.507161364833    0.000008587671
              C     -0.000006444155   -1.100310118364    0.000050221362
              C      2.397579510040    0.507124424656   -0.000056161338
              H     -2.465734823107    1.729250726689    1.669730149827
              H     -2.466036525066    1.728743108266   -1.670070977998
              H     -4.102895332501   -0.662630834813    0.000341212919
              H      0.000008120531   -2.344331419687    1.658119294893
              H     -0.000041135181   -2.344486407655   -1.657903905420
              H      2.465943950784    1.728825957828   -1.670052541074
              H      4.102889609654   -0.662694209992    0.000064769796
              H      2.465892665506    1.729092705711    1.669747902671
$End
$SCF_Energy
   &GeometryIndex 1
   &ListStatus       OUT
   &SCF_ENERGY [&Type "Double"]      -1.1910235340260679e+02
$End
$DFT_Energy
   &GeometryIndex 1
   &ListStatus       OUT
   &NALPHAEL [&Type "Integer"] 13
   &NBETAEL [&Type "Integer"] 13
   &NTOTALEL [&Type "Integer"] 26
   &EEXCHANGE [&Type "Double"]      -1.8428065417994894e+01
   &ECORR [&Type "Double"]      -7.7714343547891718e-01
   &ECNL [&Type "Double"]       0.0000000000000000e+00
   &EXC [&Type "Double"]      -1.9205208853473810e+01
   &EEMBED [&Type "Double"]       0.0000000000000000e+00
   &FINALEN [&Type "Double"]      -1.1910235340260679e+02  "No Van der Waals correction"
$End
$Mulliken_Population_Analysis
   &GeometryIndex 1
   &ListStatus       OUT
   &NATOMS [&Type "Integer"] 11
   &ATNO [&Type "ArrayOfIntegers", &Dim (11,1)] 
                                                         0

0                                                        6
1                                                        6
2                                                        6
3                                                        1
4                                                        1
5                                                        1
6                                                        1
7                                                        1
8                                                        1
9                                                        1
10                                                       1
   &ATOMICCHARGES [&Type "ArrayOfDoubles", &Dim (11,1)] 
                                                         0

0                                     -3.1267001592750265e-01
1                                     -1.1984644068127626e-01
2                                     -3.1267044428077817e-01
3                                      9.5661818879624216e-02
4                                      9.5664718916657732e-02
5                                      1.0395926405312217e-01
6                                      7.7307825670122066e-02
7                                      7.7307326985317726e-02
8                                      9.5663736324072768e-02
9                                      1.0395931376735190e-01
10                                     9.5662896293263744e-02
$End
$Loewdin_Population_Analysis
   &GeometryIndex 1
   &ListStatus       OUT
   &NATOMS [&Type "Integer"] 11
   &ATNO [&Type "ArrayOfIntegers", &Dim (11,1)] 
                                                         0

0                                                        6
1                                                        6
2                                                        6
3                                                        1
4                                                        1
5                                                        1
6                                                        1
7                                                        1
8                                                        1
9                                                        1
10                                                       1
   &ATOMICCHARGES [&Type "ArrayOfDoubles", &Dim (11,1)] 
                                                         0

0                                     -3.1546045851881921e-01
1                                     -3.2269700594707018e-01
2                                     -3.1546042932446472e-01
3                                      1.1620791537326269e-01
4                                      1.1620771798021590e-01
5                                      1.1608828252483505e-01
6                                      1.2830493733228265e-01
7                                      1.2830517551919618e-01
8                                      1.1620783364522702e-01
9                                      1.1608827532198718e-01
10                                     1.1620775609333645e-01
$End
$Mayer_Population_Analysis
   &GeometryIndex 1
   &ListStatus       OUT
   &NATOMS [&Type "Integer"] 11 "Total number of atoms"
   &BONDTHRESH [&Type "Double"]       1.0000000000000001e-01  "The threshold for printing"
   &NBONDORDERSPRINT [&Type "Integer"] 10 "The number of bond orders larger than threshold"
   &BONDORDERS [&Type "ArrayOfDoubles", &Dim (10,1)] "The bond orders"
                                                         0

0                                      9.8194385476292612e-01
1                                      9.7556285266104503e-01
2                                      9.7556311217344860e-01
3                                      9.7519732485778898e-01
4                                      9.8194413016792947e-01
5                                      9.6916348206852632e-01
6                                      9.6916284180582690e-01
7                                      9.7556268871056895e-01
8                                      9.7519738898904318e-01
9                                      9.7556318707153822e-01
   &COMPONENTS [&Type "ArrayOfIntegers", &Dim (10,4)] "The indices and atomic numbers of the bonding atoms"
                                                         0                           1                           2                           3

0                                                        0                           6                           1                           6
1                                                        0                           6                           3                           1
2                                                        0                           6                           4                           1
3                                                        0                           6                           5                           1
4                                                        1                           6                           2                           6
5                                                        1                           6                           6                           1
6                                                        1                           6                           7                           1
7                                                        2                           6                           8                           1
8                                                        2                           6                           9                           1
9                                                        2                           6                          10                           1
   &ATNO [&Type "ArrayOfIntegers", &Dim (11,1)] "Atomic number of the elements"
                                                         0

0                                                        6
1                                                        6
2                                                        6
3                                                        1
4                                                        1
5                                                        1
6                                                        1
7                                                        1
8                                                        1
9                                                        1
10                                                       1
   &NA [&Type "ArrayOfDoubles", &Dim (11,1)] "Mulliken gross atomic population"
                                                         0

0                                      6.3126700159274813e+00
1                                      6.1198464406812763e+00
2                                      6.3126704442808084e+00
3                                      9.0433818112037545e-01
4                                      9.0433528108334316e-01
5                                      8.9604073594687705e-01
6                                      9.2269217432987727e-01
7                                      9.2269267301468227e-01
8                                      9.0433626367592734e-01
9                                      8.9604068623264821e-01
10                                     9.0433710370673681e-01
   &ZA [&Type "ArrayOfDoubles", &Dim (11,1)] "Total nuclear charge"
                                                         0

0                                      6.0000000000000000e+00
1                                      6.0000000000000000e+00
2                                      6.0000000000000000e+00
3                                      1.0000000000000000e+00
4                                      1.0000000000000000e+00
5                                      1.0000000000000000e+00
6                                      1.0000000000000000e+00
7                                      1.0000000000000000e+00
8                                      1.0000000000000000e+00
9                                      1.0000000000000000e+00
10                                     1.0000000000000000e+00
   &QA [&Type "ArrayOfDoubles", &Dim (11,1)] "Mulliken gross atomic charge"
                                                         0

0                                     -3.1267001592748134e-01
1                                     -1.1984644068127626e-01
2                                     -3.1267044428080837e-01
3                                      9.5661818879624549e-02
4                                      9.5664718916656843e-02
5                                      1.0395926405312295e-01
6                                      7.7307825670122732e-02
7                                      7.7307326985317726e-02
8                                      9.5663736324072657e-02
9                                      1.0395931376735179e-01
10                                     9.5662896293263189e-02
   &VA [&Type "ArrayOfDoubles", &Dim (11,1)] "Mayer's total valence"
                                                         0

0                                      3.9079256283585670e+00
1                                      3.8981297543462450e+00
2                                      3.9079261120253439e+00
3                                      9.8140371169001450e-01
4                                      9.8140349563520157e-01
5                                      9.7959395400765237e-01
6                                      9.7442133152421351e-01
7                                      9.7442177215343107e-01
8                                      9.8140326276839340e-01
9                                      9.7959394697241020e-01
10                                     9.8140388569496917e-01
   &BVA [&Type "ArrayOfDoubles", &Dim (11,1)] "Mayer's bonded valence"
                                                         0

0                                      3.9079256283586554e+00
1                                      3.8981297543461864e+00
2                                      3.9079261120253137e+00
3                                      9.8140371169001794e-01
4                                      9.8140349563521545e-01
5                                      9.7959395400764626e-01
6                                      9.7442133152421051e-01
7                                      9.7442177215342118e-01
8                                      9.8140326276839440e-01
9                                      9.7959394697240665e-01
10                                     9.8140388569498804e-01
   &FA [&Type "ArrayOfDoubles", &Dim (11,1)] "Mayer's free valence"
                                                         0

0                                      0.0000000000000000e+00
1                                      0.0000000000000000e+00
2                                      0.0000000000000000e+00
3                                      0.0000000000000000e+00
4                                      0.0000000000000000e+00
5                                      0.0000000000000000e+00
6                                      0.0000000000000000e+00
7                                      0.0000000000000000e+00
8                                      0.0000000000000000e+00
9                                      0.0000000000000000e+00
10                                     0.0000000000000000e+00
$End
$VdW_Correction
   &GeometryIndex 1
   &ListStatus       OUT
   &VDW [&Type "Double"]      -1.7040561849151722e-03
$End
$Calculation_Info
   &GeometryIndex 1
   &ListStatus       OUT
   &MULT [&Type "Integer"] 1
   &CHARGE [&Type "Integer"] 0
   &NUMOFATOMS [&Type "Integer"] 11
   &NUMOFELECTRONS [&Type "Integer"] 26
   &NUMOFFCELECTRONS [&Type "Integer"] 1
   &NUMOFCORRELECTRONS [&Type "Integer"] 0
   &NUMOFBASISFUNCTS [&Type "Integer"] 141
   &NUMOFAUXCBASISFUNCTS [&Type "Integer"] 0
   &NUMOFAUXJBASISFUNCTS [&Type "Integer"] 178
   &NUMOFAUXJKBASISFUNCTS [&Type "Integer"] 0
   &NUMOFCABSBASISFUNCTS [&Type "Integer"] 0
   &TOTALENERGY [&Type "Double"]      -1.1909883876619172e+02  "Hartrees"
$End
$SCF_Dipole_Moment
   &GeometryIndex 1
   &ListStatus       OUT
   &METHOD [&Type "String"] "SCF"
   &LEVEL [&Type "String"] "Relaxed density"
   &MULT [&Type "Integer"] 1
   &STATE [&Type "Integer"] -1
   &IRREP [&Type "Integer"] 0
   &NATOMS [&Type "Integer"] 11
   &DODIPOLEATOM [&Type "Boolean"] false
   &DIPOLEELECCONTRIB [&Type "ArrayOfDoubles", &Dim (3,1)] "Electronic contribution"
                                                         0

0                                     -4.4595828260849801e-06
1                                     -4.9349707370714713e-01
2                                      1.3810579457048484e-05
   &DIPOLENUCCONTRIB [&Type "ArrayOfDoubles", &Dim (3,1)] "Nuclear contribution"
                                                         0

0                                      4.2680382272841655e-06
1                                      4.5888521737021870e-01
2                                     -1.2638731175407258e-05
   &DIPOLETOTAL [&Type "ArrayOfDoubles", &Dim (3,1)] "Total"
                                                         0

0                                     -1.9154459880081458e-07
1                                     -3.4611856336928426e-02
2                                      1.1718482816412256e-06
   &DIPOLEMAGNITUDE [&Type "Double", &Units "a.u."]       3.4611856357295981e-02
$End
$THERMOCHEMISTRY_Energies
   &GeometryIndex 1
   &ListStatus       OUT
   &TEMPERATURE [&Type "Double"]       2.9814999999999998e+02
   &PRESSURE [&Type "Double"]       1.0000000000000000e+00
   &TOTALMASS [&Type "Double"]       4.4097000000000001e+01
   &SPINDEGENERACY [&Type "Integer"] 1
   &ELENERGY [&Type "Double"]      -1.1909883876619172e+02
   &TRANSENERGY [&Type "Double"]       1.4162714244859817e-03
   &ROTENERGY [&Type "Double"]       1.4162714244859817e-03
   &VIBENERGY [&Type "Double"]       1.6624434008473570e-03
   &NUMOFFREQS [&Type "Integer"] 33
   &FREQSCALINGFACTOR [&Type "Double"]       1.0000000000000000e+00
   &FREQ [&Type "ArrayOfDoubles", &Dim (33,1)] "In cm^-1"
                                                         0

0                                      0.0000000000000000e+00
1                                      0.0000000000000000e+00
2                                      0.0000000000000000e+00
3                                      0.0000000000000000e+00
4                                      0.0000000000000000e+00
5                                      0.0000000000000000e+00
6                                      2.3092220187356787e+02
7                                      2.8515494541924193e+02
8                                      3.7407226486505306e+02
9                                      7.5733489279171863e+02
10                                     8.7478638320239975e+02
11                                     9.1200937744524219e+02
12                                     9.3093686464928669e+02
13                                     1.0548643583464668e+03
14                                     1.1780735373056634e+03
15                                     1.2124813717991469e+03
16                                     1.3164749994312799e+03
17                                     1.3570255452192066e+03
18                                     1.3924339602747714e+03
19                                     1.4118829611398464e+03
20                                     1.4840434670585694e+03
21                                     1.4847564911258289e+03
22                                     1.4903567705685216e+03
23                                     1.5031161141025714e+03
24                                     1.5061418649493239e+03
25                                     3.0016151112919092e+03
26                                     3.0023137491308648e+03
27                                     3.0050348804047535e+03
28                                     3.0344355931580462e+03
29                                     3.0720461448547026e+03
30                                     3.0830895750796440e+03
31                                     3.0832414869098761e+03
32                                     3.0855234055916139e+03
   &ZPE [&Type "Double"]       1.0280041957184249e-01
   &INNERENERGYU [&Type "Double"]      -1.1899154336037004e+02
   &ENTHALPYH [&Type "Double"]      -1.1899059915132779e+02
   &QEL [&Type "Double"]       0.0000000000000000e+00
   &QROT [&Type "Double"]       1.0773746569377235e-02
   &QVIB [&Type "Double"]       2.5698888410862829e-03
   &QTRANS [&Type "Double"]       1.7711629621830666e-02
   &ENTROPYS [&Type "Double"]       3.1055265032294187e-02
   &FREEENERGYG [&Type "Double"]      -1.1902165441636008e+02
   &ISLINEAR [&Type "Boolean"] false
$End
$Hessian
   &GeometryIndex 1
   &ListStatus       OUT
   &HESSIAN [&Type "ArrayOfDoubles", &Dim (33,33)] "The Hessian"
                                                         0                           1                           2                           3                           4                           5                           6                           7

0                                      4.9499010581174169e-01         5.2614361672621027e-02        -1.4417808308473832e-06        -1.4702819236215484e-01         4.8930385178368951e-02        -1.8186198510957816e-06        -3.3403966901616830e-02         1.5323311020637578e-02
1                                      5.2614361672621027e-02         5.2579240308106112e-01        -1.2028420888275215e-06         5.2577216406124352e-02        -1.1441518520030462e-01         1.2711313972183021e-06        -1.5322608258726111e-02         1.1994055088621374e-02
2                                     -1.4417808308473832e-06        -1.2028420888275215e-06         5.5464815253986766e-01        -1.1740100282180962e-06         2.0369872469373392e-06        -7.7881166117720835e-02         2.1834466900467036e-06        -1.4833079749494716e-06
3                                     -1.4702819236215484e-01         5.2577216406124352e-02        -1.1740100282180962e-06         4.3474319443616199e-01         6.3957892418309292e-07         2.6879812368067070e-06        -1.4702956570535083e-01        -5.2576619328632695e-02
4                                      4.8930385178368951e-02        -1.1441518520030462e-01         2.0369872469373392e-06         6.3957892418309292e-07         5.2341598563441760e-01         2.1710523738482630e-06        -4.8929789918268560e-02        -1.1441361729644021e-01
5                                     -1.8186198510957816e-06         1.2711313972183021e-06        -7.7881166117720835e-02         2.6879812368067070e-06         2.1710523738482630e-06         5.8436761944602988e-01         3.3179724071379726e-06         2.8813721975062656e-06
6                                     -3.3403966901616830e-02        -1.5322608258726111e-02         2.1834466900467036e-06        -1.4702956570535083e-01        -4.8929789918268560e-02         3.3179724071379726e-06         4.9498832220610134e-01        -5.2613812274763451e-02
7                                      1.5323311020637578e-02         1.1994055088621374e-02        -1.4833079749494716e-06        -5.2576619328632695e-02        -1.1441361729644021e-01         2.8813721975062656e-06        -5.2613812274763451e-02         5.2579411317367608e-01
8                                     -2.8089464529832679e-07        -1.0160954165338662e-06        -1.4156772952686643e-04         2.4198304652401804e-06         2.9617219192946543e-06        -7.7881208364850019e-02         2.4796370325539871e-06         7.6967570192959522e-07
9                                     -4.6098814205076333e-02         1.7322831402002553e-03         3.4963064569731774e-03        -2.0939118292357568e-03         1.6813418567912446e-02         2.3984801107190593e-02         2.0724449409067433e-03         6.7780446669918316e-04
10                                     2.0910658620988233e-03        -1.3234225095021301e-01        -1.2060447813801853e-01         9.3916682259807989e-04        -1.3181079169789084e-02        -1.6504412807306516e-02        -1.1614609095442273e-03         8.1482445140035288e-04
11                                     3.9971537643421016e-03        -1.2081311412901739e-01        -2.1577833902032914e-01         1.8149213557840105e-05         2.3078830738871171e-04        -5.4871730443739521e-06        -1.8044177101506358e-04         3.9927923480600602e-04
12                                    -4.6101105868349396e-02         1.7533558018386082e-03        -3.5281407994528936e-03        -2.0966146031668178e-03         1.6806701825807326e-02        -2.3989322511361093e-02         2.0721500350453811e-03         6.7717372926321415e-04
13                                     2.1111872524353474e-03        -1.3226857374216180e-01         1.2057907408074688e-01         9.4155339280846233e-04        -1.3177486177412906e-02         1.6507389591015480e-02        -1.1607292929942982e-03         8.1416156321139754e-04
14                                    -4.0286219867223970e-03         1.2078885090772798e-01        -2.1585166680865686e-01        -1.7207751180643716e-05        -2.3055385794607582e-04        -5.4045341735442422e-06         1.8003694108402447e-04        -3.9929336942353278e-04
15                                    -2.1807548998396029e-01        -1.2213092537543971e-01         3.4506627812088684e-05        -2.1010848735230691e-02        -1.7636955869599655e-02         3.6037612388795339e-06        -4.0478906400805773e-03         5.6647157673693225e-03
16                                    -1.2339416309044363e-01        -1.3378809148277912e-01         2.4297775164358366e-05         1.7056131793539694e-02         1.2202652170863224e-02        -3.1775766666157156e-06         2.7747668505933333e-03        -2.0695745880091217e-03
17                                     3.5168436100306975e-05         2.4570928133904602e-05        -4.6434148136998782e-02        -1.5054470414632786e-06        -2.7411710434014048e-07        -1.9722950598252374e-03        -4.8564479650359659e-07        -1.0027123407365053e-07
18                                    -2.1905601838535160e-03         1.7902136802562276e-02        -2.3931839241734393e-02        -4.5140766528847728e-02         1.0341148641609912e-06        -1.3269682135152683e-06        -2.1898097922198015e-03        -1.7902720809239742e-02
19                                     1.3826450913407579e-03        -1.2264659409483283e-02         1.5528064396880927e-02         1.1718711416216281e-06        -1.3312780077542019e-01         1.1693715187474574e-01        -1.3824513359421212e-03        -1.2264834333948605e-02
20                                    -1.4808314662119286e-04        -7.4366594597979202e-04         1.8062888464885803e-04        -1.3713754352575375e-06         1.1801759684111758e-01        -2.1233062996765167e-01         1.4797098921801033e-04        -7.4327440725244220e-04
21                                    -2.1885638263036519e-03         1.7905439949690891e-02         2.3929295911348559e-02        -4.5141413197386029e-02        -2.4845491963648169e-06        -3.2321163270487281e-06        -2.1899062969498082e-03        -1.7905138249344584e-02
22                                     1.3822362596883908e-03        -1.2267220381131981e-02        -1.5526521679593052e-02        -2.6041511557886922e-06        -1.3314814040326667e-01        -1.1694371955532501e-01        -1.3827235356065962e-03        -1.2266418825286236e-02
23                                     1.4751140450358115e-04         7.4450292811874090e-04         1.8142257618189634e-04        -3.2727884753626398e-06        -1.1802510002211666e-01        -2.1230827284949425e-01        -1.4759436220076680e-04         7.4491909084395576e-04
24                                     2.0722755336909731e-03        -6.7708686568473313e-04         1.1089042670145177e-03        -2.0952951598282392e-03        -1.6808437130888833e-02         2.3988724207305492e-02        -4.6100430562867209e-02        -1.7459946204144219e-03
25                                     1.1608119680729283e-03         8.1434115772021720e-04        -5.9345213440210637e-04        -9.4050271265750003e-04        -1.3177773619744260e-02         1.6506317848918321e-02        -2.1040208275695492e-03        -1.3228624025908117e-01
26                                    -1.8016005482648857e-04        -3.9926492600861081e-04         3.2448314340470345e-04         1.7631853511751450e-05        -2.3002727989029827e-04        -6.2449347336015863e-06         4.0175872178442699e-03         1.2079459091564128e-01
27                                    -4.0480282474815270e-03        -5.6646831873095223e-03         6.6159283137471116e-07        -2.1010830248721808e-02         1.7637468537395787e-02        -1.4514648455148777e-06        -2.1807171139281936e-01         1.2213226879807097e-01
28                                    -2.7747353931927279e-03        -2.0694460843054098e-03         3.1719786844868699e-08        -1.7055616088563600e-02         1.2202641063864841e-02        -1.2799716990996811e-06         1.2339550282025240e-01        -1.3379191503389498e-01
29                                     3.8647631838194599e-07        -6.8844823495465568e-08         4.2781205968387684e-04         1.2688038270843535e-06        -8.5915931637219229e-07        -1.9722954923991716e-03        -1.3005516455423149e-05         9.0647279874984168e-06
30                                     2.0723402333636780e-03        -6.7792993318070162e-04        -1.1093988197307663e-03        -2.0957560662392878e-03        -1.6811983815775068e-02        -2.3985896151044590e-02        -4.6099635890149100e-02        -1.7425549775776652e-03
31                                     1.1613340256759102e-03         8.1462792297644577e-04         5.9346922373158979e-04        -9.4053410367117909e-04        -1.3180196226767776e-02        -1.6504682328244528e-02        -2.1011068394985351e-03        -1.3232455394024892e-01
32                                     1.8032275134030129e-04         3.9930080647674563e-04         3.2438860944543520e-04        -1.7713508173828468e-05         2.3134889492103673e-04        -4.6149521371989521e-06        -4.0121276214791319e-03        -1.2080732049361462e-01
                                                         8                           9                          10                          11                          12                          13                          14                          15

0                                     -2.8089464529832679e-07        -4.6098814205076333e-02         2.0910658620988233e-03         3.9971537643421016e-03        -4.6101105868349396e-02         2.1111872524353474e-03        -4.0286219867223970e-03        -2.1807548998396029e-01
1                                     -1.0160954165338662e-06         1.7322831402002553e-03        -1.3234225095021301e-01        -1.2081311412901739e-01         1.7533558018386082e-03        -1.3226857374216180e-01         1.2078885090772798e-01        -1.2213092537543971e-01
2                                     -1.4156772952686643e-04         3.4963064569731774e-03        -1.2060447813801853e-01        -2.1577833902032914e-01        -3.5281407994528936e-03         1.2057907408074688e-01        -2.1585166680865686e-01         3.4506627812088684e-05
3                                      2.4198304652401804e-06        -2.0939118292357568e-03         9.3916682259807989e-04         1.8149213557840105e-05        -2.0966146031668178e-03         9.4155339280846233e-04        -1.7207751180643716e-05        -2.1010848735230691e-02
4                                      2.9617219192946543e-06         1.6813418567912446e-02        -1.3181079169789084e-02         2.3078830738871171e-04         1.6806701825807326e-02        -1.3177486177412906e-02        -2.3055385794607582e-04        -1.7636955869599655e-02
5                                     -7.7881208364850019e-02         2.3984801107190593e-02        -1.6504412807306516e-02        -5.4871730443739521e-06        -2.3989322511361093e-02         1.6507389591015480e-02        -5.4045341735442422e-06         3.6037612388795339e-06
6                                      2.4796370325539871e-06         2.0724449409067433e-03        -1.1614609095442273e-03        -1.8044177101506358e-04         2.0721500350453811e-03        -1.1607292929942982e-03         1.8003694108402447e-04        -4.0478906400805773e-03
7                                      7.6967570192959522e-07         6.7780446669918316e-04         8.1482445140035288e-04         3.9927923480600602e-04         6.7717372926321415e-04         8.1416156321139754e-04        -3.9929336942353278e-04         5.6647157673693225e-03
8                                      5.5464801038563916e-01         1.1093352958540994e-03         5.9342845254659006e-04         3.2449180955142882e-04        -1.1089858664674059e-03        -5.9346093719850313e-04         3.2438021854286152e-04        -1.5696431979379322e-07
9                                      1.1093352958540994e-03         5.0192786386253803e-02        -6.5320497342335609e-03        -4.9278863897050593e-03        -1.3442595088069493e-03        -3.6672489226249660e-04        -7.5371910943701189e-05         9.6678096872624460e-04
10                                     5.9342845254659006e-04        -6.5320497342335609e-03         1.4444879848644690e-01         1.3411105279156271e-01        -3.6373584692522788e-04         1.1700760182827332e-02         1.6008631811486842e-02         1.3115610857078325e-03
11                                     3.2449180955142882e-04        -4.9278863897050593e-03         1.3411105279156271e-01         2.3245700413162612e-01         7.2058303503342311e-05        -1.6018290312207778e-02        -2.0312254380718597e-02        -1.6323218195030131e-05
12                                    -1.1089858664674059e-03        -1.3442595088069493e-03        -3.6373584692522788e-04         7.2058303503342311e-05         5.0193696221041674e-02        -6.5549719080103298e-03         4.9625787978838393e-03         9.7071563678574786e-04
13                                    -5.9346093719850313e-04        -3.6672489226249660e-04         1.1700760182827332e-02        -1.6018290312207778e-02        -6.5549719080103298e-03         1.4436812617537559e-01        -1.3408327562229105e-01         1.3141661552004309e-03
14                                     3.2438021854286152e-04        -7.5371910943701189e-05         1.6008631811486842e-02        -2.0312254380718597e-02         4.9625787978838393e-03        -1.3408327562229105e-01         2.3253739052054936e-01         1.5791837364474010e-05
15                                    -1.5696431979379322e-07         9.6678096872624460e-04         1.3115610857078325e-03        -1.6323218195030131e-05         9.7071563678574786e-04         1.3141661552004309e-03         1.5791837364474010e-05         2.4045922210701060e-01
16                                    -7.1599502375816765e-08        -1.4343804729613977e-02        -1.0812353075337634e-02         1.6544019715702615e-03        -1.4337238451705658e-02        -1.0808254812879869e-02        -1.6483087743397150e-03         1.3236976536918624e-01
17                                     4.2781492825277987e-04        -2.2325141033937668e-02        -1.4865751404369274e-02         4.8890061553844228e-04         2.2329595075186809e-02         1.4868743561061092e-02         4.8109182740850402e-04        -3.7438730959734713e-05
18                                     2.3931821103166766e-02         1.1380118892010428e-03        -6.1067715650782689e-04         4.6583644844328117e-04        -4.7417221551567471e-03         3.8265148538508564e-03         1.7148670063160459e-04         8.5709048586488112e-04
19                                     1.5527649917080400e-02        -7.0180805833799063e-04         1.0199624149943073e-04        -6.9515589776724014e-05         3.5117100884303758e-03        -1.4171740767819573e-03        -2.5591884664071061e-04        -3.0956812383816854e-05
20                                     1.8000725138593793e-04        -3.1367418557472421e-04         1.3104425757459910e-04         9.1859680342681015e-04        -4.1180511844393294e-05        -6.3821242847814899e-04         1.7990861495136132e-03        -6.6748480314282772e-04
21                                    -2.3929777748638179e-02        -4.7418901260370050e-03         3.8259464134212866e-03        -1.7141875951437588e-04         1.1384625262188172e-03        -6.1096480438888132e-04        -4.6572343477865598e-04         8.5664656545177955e-04
22                                    -1.5526153990303137e-02         3.5121041833028020e-03        -1.4170958158870577e-03         2.5569999562370790e-04        -7.0189751478899045e-04         1.0235660374177929e-04         6.9663921674064516e-05        -3.0615544075946952e-05
23                                     1.8206464061631717e-04         4.1066754242836782e-05         6.3884369402757179e-04         1.7989086403416355e-03         3.1370363408146813e-04        -1.3074442046601565e-04         9.1918820781776173e-04         6.6737985430812344e-04
24                                     3.5171498377452697e-03        -1.2053441549248214e-04         8.9993980123579049e-05         1.9100457652046248e-05        -3.2256664027619224e-04         5.5393626705433046e-04        -6.5063007944005211e-04         3.5181827894819451e-04
25                                     1.2058525123232970e-01        -9.0018631368598900e-05         2.9943523484990322e-05        -8.2100233823699000e-05        -5.5405486934810685e-04         6.5322480794491192e-04        -9.3138601172068278e-05         1.4999745573570505e-04
26                                    -2.1583442719229701e-01         1.9081002225997424e-05         8.2057651940617340e-05        -1.3857127852704224e-04         6.5060671897931909e-04        -9.3131846223978680e-05         2.8065981639298354e-05         5.6488922010047675e-05
27                                    -1.2647956855785099e-05         3.5195948370194807e-04        -1.5010755131997277e-04         5.6417266060773685e-05         3.5177403705656405e-04        -1.4996800417612678e-04        -5.6525411954653527e-05        -1.6799627302075057e-03
28                                     8.8706986428965272e-06        -1.4106033038941728e-04         3.0551692976983277e-06         2.7572324321936507e-04        -1.4107296316449020e-04         2.9336991529817051e-06        -2.7557347450186606e-04        -1.1465930470197123e-03
29                                    -4.6434115354895313e-02        -3.4114750940125141e-04         2.7933709353153462e-04         2.1858235515256788e-04         3.4133106486029818e-04        -2.7913437572794236e-04         2.1860916142817834e-04         1.0501602393650789e-07
30                                    -3.5112775616666222e-03        -3.2257358414125874e-04         5.5429588607480143e-04         6.5063683180686038e-04        -1.2052968039208524e-04         8.9952089795497585e-05        -1.9019129992939266e-05         3.5191804669160268e-04
31                                    -1.2059826224347882e-01        -5.5414283340223371e-04         6.5340095627008151e-04         9.3148034440185441e-05        -8.9921000709513091e-05         2.9925776982542632e-05         8.2058390919924340e-05         1.5006362712405774e-04
32                                    -2.1579545059241925e-01        -6.5065173386102005e-04         9.3173283238527464e-05         2.8167496982133347e-05        -1.9038477320194529e-05        -8.2099775723860555e-05        -1.3848634335052699e-04        -5.6448331684145168e-05
                                                        16                          17                          18                          19                          20                          21                          22                          23

0                                     -1.2339416309044363e-01         3.5168436100306975e-05        -2.1905601838535160e-03         1.3826450913407579e-03        -1.4808314662119286e-04        -2.1885638263036519e-03         1.3822362596883908e-03         1.4751140450358115e-04
1                                     -1.3378809148277912e-01         2.4570928133904602e-05         1.7902136802562276e-02        -1.2264659409483283e-02        -7.4366594597979202e-04         1.7905439949690891e-02        -1.2267220381131981e-02         7.4450292811874090e-04
2                                      2.4297775164358366e-05        -4.6434148136998782e-02        -2.3931839241734393e-02         1.5528064396880927e-02         1.8062888464885803e-04         2.3929295911348559e-02        -1.5526521679593052e-02         1.8142257618189634e-04
3                                      1.7056131793539694e-02        -1.5054470414632786e-06        -4.5140766528847728e-02         1.1718711416216281e-06        -1.3713754352575375e-06        -4.5141413197386029e-02        -2.6041511557886922e-06        -3.2727884753626398e-06
4                                      1.2202652170863224e-02        -2.7411710434014048e-07         1.0341148641609912e-06        -1.3312780077542019e-01         1.1801759684111758e-01        -2.4845491963648169e-06        -1.3314814040326667e-01        -1.1802510002211666e-01
