
$orca_hessian_file

$act_atom
  0

$act_coord
  0

$act_energy
        0.000000

$multiplicity
  1

$hessian
45
                    0                  1                  2                  3                  4        
    0      5.2036460763E-01   7.2108685006E-02  -3.9276158872E-02  -7.0932620549E-02   2.2467842656E-03
    1      7.2108685006E-02   4.4015878383E-01  -2.6070249176E-03  -2.1287995116E-03  -1.6063367682E-01
    2     -3.9276158872E-02  -2.6070249176E-03   5.8180964171E-01  -6.9595722158E-04  -1.7866953556E-02
    3     -7.0932620549E-02  -2.1287995116E-03  -6.9595722158E-04   5.2023591724E-01  -7.2053905143E-02
    4      2.2467842656E-03  -1.6063367682E-01  -1.7866953556E-02  -7.2053905143E-02   4.4004899685E-01
    5      7.5357625846E-04  -1.7893595983E-02  -8.4670703785E-02   3.9142915266E-02  -2.8030679564E-03
    6     -5.7398915617E-03  -1.3783962831E-02   1.4664914715E-03  -1.4559342035E-01  -2.6078155925E-02
    7     -2.8920867135E-02  -2.2707108002E-02   1.3852231163E-02  -3.4333117608E-02  -8.4293928671E-02
    8     -4.9538861256E-03  -5.2087747692E-04   3.0246574843E-03   3.7425152992E-02   1.1297271292E-02
    9     -3.7361339529E-02  -1.0011466235E-02   1.6289078089E-03  -3.7324747902E-02   9.9920528959E-03
   10     -9.8737937442E-03   1.3747203250E-02  -7.9738757981E-03   9.8485200139E-03   1.3817032773E-02
   11     -5.0645827452E-03  -1.0770902530E-02   5.6898192061E-03   4.9911012779E-03  -1.0747219743E-02
   12     -1.4556736198E-01   2.6035029338E-02  -3.1839037425E-02  -5.7911300407E-03   1.3799804709E-02
   13      3.4226730023E-02  -8.4223367809E-02   1.2888273030E-02   2.8924050169E-02  -2.2718641467E-02
   14     -3.7587777810E-02   1.1338630946E-02  -9.4984826231E-02   4.9158702768E-03  -4.8368915121E-04
   15     -1.5387160114E-03  -2.2810834855E-03   1.6479723538E-03   4.7314194369E-04   2.0480066738E-05
   16     -1.3982749429E-03  -6.8043563252E-03   1.8743141595E-03   8.5598028675E-04  -2.2915246234E-03
   17     -1.7727283401E-04  -6.9041097299E-04   1.8546619122E-03  -1.1170181636E-03   3.2159155762E-03
   18      4.9024427155E-04  -6.7297754726E-06   7.2250801305E-04  -1.5181338383E-03   2.2527017066E-03
   19     -8.4443705643E-04  -2.2746984967E-03   1.9923930886E-03   1.3830035552E-03  -6.7989384701E-03
   20      1.1134554618E-03   3.1999226516E-03  -3.5320693431E-03   1.8774911831E-04  -7.0061555816E-04
   21     -4.9302160163E-02  -4.8041040130E-03  -1.1466528609E-02  -7.8913442306E-04   6.8915547225E-04
   22     -5.3164911145E-03  -5.5213033489E-02  -4.5437102135E-02  -1.2437561547E-03  -8.3970290136E-03
   23     -1.3119838430E-02  -4.4870991304E-02  -2.9540094673E-01   8.0365132599E-04  -1.6236963089E-03
   24     -2.0086183652E-01  -9.0526508317E-02   9.5017010728E-02   1.7892198319E-03   4.5693724422E-04
   25     -8.9245167491E-02  -9.4595437144E-02   5.3071478224E-02  -2.5573056723E-02  -1.3708007625E-02
   26      9.6289327931E-02   5.5294746605E-02  -1.0491616337E-01  -5.4033962277E-03  -3.9905080176E-03
   27      1.7533090230E-03  -4.3364468137E-04   1.5881547207E-03  -2.0063649106E-01   9.0341156627E-02
   28      2.5552797293E-02  -1.3680492080E-02   1.5250543882E-02   8.9063856534E-02  -9.4461572351E-02
   29      5.4106956685E-03  -3.9890653460E-03   1.7732838236E-03  -9.6519433993E-02   5.5395352330E-02
   30     -7.8260012512E-04  -6.8015553495E-04  -1.8994742073E-03  -4.9363179434E-02   4.9090211723E-03
   31      1.3252815157E-03  -8.4100160874E-03  -3.4241826366E-02   5.4229088818E-03  -5.5161894932E-02
   32     -7.9472285001E-04  -1.6312475878E-03  -5.0309305697E-03   1.3665199306E-02  -4.4792585504E-02
   33      8.0056986785E-04   1.0627089375E-03   9.2913568269E-05  -7.7976172798E-04  -1.4921122730E-03
   34      4.6668613134E-04   8.3028876420E-04   9.4570779321E-04   6.5309388576E-04  -1.1465334281E-03
   35     -4.8319191504E-04  -1.5955011193E-04   3.6797990207E-04   9.1176586757E-04  -2.1475265136E-04
   36     -6.2208575182E-03  -5.3130633312E-04   2.6108303335E-03  -4.3594368206E-03  -2.4553423751E-02
   37     -2.2027665585E-04  -7.7140776889E-04   9.4941706038E-04  -5.5666577590E-04  -4.3224369880E-03
   38      1.7159701750E-03   1.9119421315E-03  -7.2669589652E-04   2.8525968048E-03   1.1587045337E-02
   39     -4.3684135634E-03   2.4560673644E-02   1.1975851475E-02  -6.2181129498E-03   5.3047564180E-04
   40      5.4359144280E-04  -4.2910602544E-03  -1.8470646113E-03   2.0927886799E-04  -7.6575710479E-04
   41     -2.8533615282E-03   1.1632195158E-02   4.3501865601E-03  -1.7195867137E-03   1.9119697193E-03
   42     -7.3293327735E-04   1.4273841777E-03  -3.1644369948E-02   8.0789007233E-04  -1.0678554697E-03
   43     -6.5796792199E-04  -1.1316215670E-03   9.1323627154E-03  -4.6450851557E-04   8.3391187064E-04
   44     -9.0134657609E-04  -2.2664499400E-04  -9.6078946744E-03   4.8861468007E-04  -1.6820186648E-04
                    5                  6                  7                  8                  9        
    0      7.5357625846E-04  -5.7398915617E-03  -2.8920867135E-02  -4.9538861256E-03  -3.7361339529E-02
    1     -1.7893595983E-02  -1.3783962831E-02  -2.2707108002E-02  -5.2087747692E-04  -1.0011466235E-02
    2     -8.4670703785E-02   1.4664914715E-03   1.3852231163E-02   3.0246574843E-03   1.6289078089E-03
    3      3.9142915266E-02  -1.4559342035E-01  -3.4333117608E-02   3.7425152992E-02  -3.7324747902E-02
    4     -2.8030679564E-03  -2.6078155925E-02  -8.4293928671E-02   1.1297271292E-02   9.9920528959E-03
    5      5.8196761656E-01   3.1721061400E-02   1.2882189470E-02  -9.4816468979E-02  -1.6552141273E-03
    6      3.1721061400E-02   3.5236901984E-01   1.0407557767E-01   1.6749965941E-03  -7.2748089909E-02
    7      1.2882189470E-02   1.0407557767E-01   4.8710524418E-01   5.5880955919E-02   1.6847257706E-02
    8     -9.4816468979E-02   1.6749965941E-03   5.5880955919E-02   5.6179770934E-01  -8.2648160164E-03
    9     -1.6552141273E-03  -7.2748089909E-02   1.6847257706E-02  -8.2648160164E-03   5.9074606898E-01
   10     -7.9393110031E-03   1.6283254930E-02  -9.3411931311E-02   1.3685031627E-02   1.7166316744E-04
   11      5.6147410148E-03  -4.5054736272E-03   1.0717022837E-02  -6.1324263534E-02   3.7569143573E-04
   12     -1.5096783532E-03   5.2817553842E-03   7.3518685735E-03  -3.5768266684E-03  -7.2786974144E-02
   13      1.3923740025E-02  -7.3487568008E-03  -8.5473336204E-03   4.9591680310E-03  -1.6866459500E-02
   14      3.0267421577E-03   3.5444152043E-03   4.9149327082E-03   7.5697833411E-03   8.3467105048E-03
   15     -7.4146839882E-04   2.1750317701E-03  -7.7351987302E-03  -1.7378305882E-02  -1.9120782003E-01
   16      2.0038461142E-03   8.2078676823E-03   9.7445126476E-03   8.5376579900E-03  -4.6251458683E-02
   17     -3.5248855418E-03  -2.0612528739E-03  -9.0219661618E-03  -4.1954439812E-03  -1.4206797366E-01
   18     -1.6321738131E-03   1.0372121242E-03   4.6157946216E-03   1.5745388673E-02  -1.9032135673E-01
   19      1.8499464123E-03   1.0093080624E-02   7.8352032072E-03  -1.5091573705E-02   4.6137275992E-02
   20      1.8609589439E-03  -4.8537533696E-03   2.3274722747E-03  -2.3956261447E-04   1.4168177392E-01
   21      1.9368171533E-03  -6.3954811501E-05  -1.2647551117E-04  -6.0714375814E-04   7.6670480068E-04
   22     -3.4235152524E-02   8.4693452422E-04   1.6877218307E-03  -4.7463304824E-04  -4.6529890779E-04
   23     -5.0076340576E-03  -2.8880274940E-04   1.7558816456E-04   6.4922227770E-04   4.0027490176E-04
   24     -1.6018669744E-03   1.3637201304E-03   4.8021819597E-04  -1.6620691460E-04  -1.6143217277E-03
   25      1.5195451112E-02   8.2016808968E-04  -6.5174552934E-03  -2.7616448044E-03   1.8448833534E-03
   26      1.7547625710E-03   1.3221402986E-06  -8.8378117458E-04   5.5589748924E-04  -2.6903963080E-03
   27     -9.5243844718E-02  -2.3700887874E-02   1.1625452191E-02  -1.0758888793E-02  -1.6159275616E-03
   28      5.3168474509E-02  -1.1448335834E-02   6.0278448601E-03  -5.5182773291E-03  -1.8456453920E-03
   29     -1.0529137995E-01   1.0553626095E-02  -5.5822274306E-03   4.5337064461E-03   2.6903692241E-03
   30      1.2017359885E-02  -4.0995517689E-03   3.8152191035E-03   2.9739162947E-02   7.6399630919E-04
   31     -4.5360272323E-02  -1.5477968287E-03   6.9379800584E-04   1.4067683950E-02   4.6554664734E-04
   32     -2.9539580880E-01   1.6386650962E-03  -5.2993272432E-04  -1.1036321114E-02  -3.9713143812E-04
   33      3.1637136382E-02  -4.0762327478E-02  -2.9465583845E-03  -6.5167395568E-03  -1.0264261750E-03
   34      9.1671463555E-03  -3.7638410514E-03  -4.7163256397E-02   1.5169710075E-02   1.0930119673E-04
   35     -9.5169045317E-03  -5.0630780224E-03   1.3404230549E-02  -3.1323901092E-01  -9.2311345802E-04
   36     -1.2032464066E-02  -6.6500729302E-02  -7.1319316148E-02  -3.3376870719E-02   7.3834932031E-03
   37     -1.8768859949E-03  -7.4699890686E-02  -2.4639457545E-01  -9.8780480720E-02  -6.5466634973E-03
   38      4.3635827567E-03  -3.4085941885E-02  -1.0041147295E-01  -9.2701330803E-02   2.3122842390E-03
   39     -2.6291148898E-03  -1.8513446188E-03  -2.1455071590E-03   1.9110293974E-03   7.4066490485E-03
   40      9.4774944965E-04  -2.7843694140E-04  -1.6952904222E-03   8.2611430783E-04   6.5635108955E-03
   41     -7.3617587988E-04   8.5771380396E-05   1.6233107688E-03  -6.3051099295E-04  -2.3245820366E-03
   42     -9.2265601142E-05  -1.1665415795E-03  -1.3136225822E-03  -8.6168941594E-04  -1.0599086336E-03
   43      9.5347839618E-04  -1.3484314291E-03  -2.3634455642E-03  -1.2538688780E-03  -1.3237493407E-04
   44      3.7155751241E-04   1.3759639063E-04   6.2920935621E-04   5.1936565118E-05   9.2902294656E-04
                   10                 11                 12                 13                 14        
    0     -9.8737937442E-03  -5.0645827452E-03  -1.4556736198E-01   3.4226730023E-02  -3.7587777810E-02
    1      1.3747203250E-02  -1.0770902530E-02   2.6035029338E-02  -8.4223367809E-02   1.1338630946E-02
    2     -7.9738757981E-03   5.6898192061E-03  -3.1839037425E-02   1.2888273030E-02  -9.4984826231E-02
    3      9.8485200139E-03   4.9911012779E-03  -5.7911300407E-03   2.8924050169E-02   4.9158702768E-03
    4      1.3817032773E-02  -1.0747219743E-02   1.3799804709E-02  -2.2718641467E-02  -4.8368915121E-04
    5     -7.9393110031E-03   5.6147410148E-03  -1.5096783532E-03   1.3923740025E-02   3.0267421577E-03
    6      1.6283254930E-02  -4.5054736272E-03   5.2817553842E-03  -7.3487568008E-03   3.5444152043E-03
    7     -9.3411931311E-02   1.0717022837E-02   7.3518685735E-03  -8.5473336204E-03   4.9149327082E-03
    8      1.3685031627E-02  -6.1324263534E-02  -3.5768266684E-03   4.9591680310E-03   7.5697833411E-03
    9      1.7166316744E-04   3.7569143573E-04  -7.2786974144E-02  -1.6866459500E-02   8.3467105048E-03
   10      4.5052991800E-01   1.1513367534E-01  -1.6305875692E-02  -9.3424575486E-02   1.3706351464E-02
   11      1.1513367534E-01   7.6906451823E-01   4.6034687469E-03   1.0799292718E-02  -6.1356751830E-02
   12     -1.6305875692E-02   4.6034687469E-03   3.5255408367E-01  -1.0424137239E-01  -1.7540832413E-03
   13     -9.3424575486E-02   1.0799292718E-02  -1.0424137239E-01   4.8747706337E-01   5.5964093729E-02
   14      1.3706351464E-02  -6.1356751830E-02  -1.7540832413E-03   5.5964093729E-02   5.6147307247E-01
   15     -4.9406226108E-02  -1.5583301879E-01   9.9976796189E-04  -4.5607354854E-03  -1.5737029969E-02
   16     -1.1920353421E-01  -7.1618869404E-02  -1.0115385278E-02   7.8825202049E-03  -1.5069436797E-02
   17     -7.1577149092E-02  -3.1649847405E-01   4.8636002281E-03   2.3298240372E-03  -1.9203039602E-04
   18      4.9257292203E-02   1.5536102200E-01   2.1808702521E-03   7.7297031776E-03   1.7406367139E-02
   19     -1.1921948093E-01  -7.1806518317E-02  -8.1857190521E-03   9.7382339618E-03   8.5883805048E-03
   20     -7.1730042008E-02  -3.1701604434E-01   2.0573669834E-03  -9.0436096759E-03  -4.2872157223E-03
   21      7.7843253033E-04  -3.0426244996E-03  -4.0221549302E-03  -3.8457408718E-03  -2.9738537015E-02
   22     -6.0734752324E-04   2.3075362900E-04   1.4956759041E-03   7.0441101671E-04   1.4040556953E-02
   23      4.0136649332E-04  -1.7085819962E-03  -1.6254315635E-03  -5.5011861289E-04  -1.1111772180E-02
   24      5.2918555953E-03  -2.6136133963E-03  -2.3705027745E-02  -1.1641846849E-02   1.0725219700E-02
   25     -4.3281398430E-03   1.5010417878E-03   1.1431967550E-02   6.0279057443E-03  -5.4971045224E-03
   26      1.2892101471E-03  -1.2364391617E-03  -1.0607449227E-02  -5.6176315288E-03   4.5406689567E-03
   27     -5.2975546402E-03   2.5894403064E-03   1.3641940209E-03  -4.6850206182E-04   1.7046291389E-04
   28     -4.3343137572E-03   1.4971054073E-03  -8.0448699506E-04  -6.5257242921E-03  -2.7599133200E-03
   29      1.2852749747E-03  -1.2122001047E-03  -1.2398298458E-06  -8.8213716851E-04   5.5138957755E-04
   30     -7.9559487897E-04   3.0324409032E-03  -6.5827342390E-05   1.2701642534E-04   6.1173459198E-04
   31     -6.1274794770E-04   2.3734625122E-04  -8.5191463653E-04   1.6853376579E-03  -4.8472646135E-04
   32      4.0719662851E-04  -1.6972859911E-03   2.8431610838E-04   1.8255332918E-04   6.5186928123E-04
   33     -5.6792467840E-05  -2.1826636739E-02  -1.1796510860E-03   1.3225927310E-03   8.6171456890E-04
   34     -3.0974364767E-03   2.0668020412E-02   1.3619374223E-03  -2.3806794818E-03  -1.2496687252E-03
   35     -2.8629568140E-04  -9.4764579229E-03  -1.3581129879E-04   6.2240629193E-04   5.0834729372E-05
   36      1.6965286488E-02   9.4580185667E-03  -1.8411125007E-03   2.1378796762E-03  -1.9038845212E-03
   37     -1.8409499285E-02  -8.4643665359E-03   2.7449196736E-04  -1.6984114651E-03   8.2189779777E-04
   38      7.1227409398E-03   3.3924486610E-04  -8.7521718913E-05   1.6175072977E-03  -6.2735618441E-04
   39     -1.7005491246E-02  -9.3986049585E-03  -6.6638574229E-02   7.1594087874E-02   3.3233179856E-02
   40     -1.8426830176E-02  -8.4009668996E-03   7.4979219609E-02  -2.4688949476E-01  -9.8253521922E-02
   41      7.1570529358E-03   3.3603023840E-04   3.3936440444E-02  -9.9882966571E-02  -9.2061983188E-02
   42      1.3289914406E-04   2.1831563588E-02  -4.0782857290E-02   2.9409544687E-03   6.8723568001E-03
   43     -3.0183170740E-03   2.0644900361E-02   3.7451583788E-03  -4.7107243578E-02   1.4443567906E-02
   44     -3.0154228246E-04  -9.5178546275E-03   5.4251678157E-03   1.2669253957E-02  -3.1324242478E-01
                   15                 16                 17                 18                 19        
    0     -1.5387160114E-03  -1.3982749429E-03  -1.7727283401E-04   4.9024427155E-04  -8.4443705643E-04
    1     -2.2810834855E-03  -6.8043563252E-03  -6.9041097299E-04  -6.7297754726E-06  -2.2746984967E-03
    2      1.6479723538E-03   1.8743141595E-03   1.8546619122E-03   7.2250801305E-04   1.9923930886E-03
    3      4.7314194369E-04   8.5598028675E-04  -1.1170181636E-03  -1.5181338383E-03   1.3830035552E-03
    4      2.0480066738E-05  -2.2915246234E-03   3.2159155762E-03   2.2527017066E-03  -6.7989384701E-03
    5     -7.4146839882E-04   2.0038461142E-03  -3.5248855418E-03  -1.6321738131E-03   1.8499464123E-03
    6      2.1750317701E-03   8.2078676823E-03  -2.0612528739E-03   1.0372121242E-03   1.0093080624E-02
    7     -7.7351987302E-03   9.7445126476E-03  -9.0219661618E-03   4.6157946216E-03   7.8352032072E-03
    8     -1.7378305882E-02   8.5376579900E-03  -4.1954439812E-03   1.5745388673E-02  -1.5091573705E-02
    9     -1.9120782003E-01  -4.6251458683E-02  -1.4206797366E-01  -1.9032135673E-01   4.6137275992E-02
   10     -4.9406226108E-02  -1.1920353421E-01  -7.1577149092E-02   4.9257292203E-02  -1.1921948093E-01
   11     -1.5583301879E-01  -7.1618869404E-02  -3.1649847405E-01   1.5536102200E-01  -7.1806518317E-02
   12      9.9976796189E-04  -1.0115385278E-02   4.8636002281E-03   2.1808702521E-03  -8.1857190521E-03
   13     -4.5607354854E-03   7.8825202049E-03   2.3298240372E-03   7.7297031776E-03   9.7382339618E-03
   14     -1.5737029969E-02  -1.5069436797E-02  -1.9203039602E-04   1.7406367139E-02   8.5883805048E-03
   15      1.8193562147E-01   5.5537554129E-02   1.6887734458E-01   1.6300602209E-02   6.6696706099E-03
   16      5.5537554129E-02   8.9340810498E-02   8.6586089452E-02  -6.6951877694E-03   1.4852087197E-02
   17      1.6887734458E-01   8.6586089452E-02   3.3017025301E-01  -2.1248587674E-02  -1.0296508385E-02
   18      1.6300602209E-02  -6.6951877694E-03  -2.1248587674E-02   1.8095616941E-01  -5.5401221376E-02
   19      6.6696706099E-03   1.4852087197E-02  -1.0296508385E-02  -5.5401221376E-02   8.9404551566E-02
   20      2.1164429249E-02  -1.0299222937E-02  -1.3540225839E-02  -1.6840287350E-01   8.6784124675E-02
   21     -1.8912905750E-04  -5.7846724440E-04   5.4819646185E-04   5.0978573076E-05   2.4932718243E-04
   22      1.6812481192E-04   3.2415546806E-04  -3.3721602218E-05   6.6336472573E-05   6.0613808603E-05
   23     -2.3332491103E-04  -2.9516363621E-04   2.6324027980E-04  -1.9832979594E-04   8.9598780372E-05
   24     -8.9564679828E-04  -1.5991518423E-03  -3.9492113473E-04  -5.4022019806E-04  -8.4566083097E-04
   25      1.8028990510E-04   1.3682621554E-03   9.6420110707E-05   1.5814320614E-05   9.4462905300E-04
   26     -6.0813397055E-04  -9.6552547933E-04  -3.5315833190E-04  -4.1263803937E-04  -4.2413737672E-04
   27     -5.4794693779E-04   8.5197091449E-04  -1.2209064485E-03  -8.8839337518E-04   1.5948278568E-03
   28     -1.8700379169E-05   9.4780319352E-04  -7.4104480325E-04  -1.7637817905E-04   1.3643599591E-03
   29      4.1938967381E-04  -4.2824625469E-04   1.1549525095E-03   5.9944777207E-04  -9.6062677555E-04
   30      4.8679627894E-05  -2.4476176487E-04  -8.9018117709E-04  -1.8864209092E-04   5.8573917001E-04
   31     -6.7095766708E-05   6.1039960324E-05  -1.2914922940E-04  -1.6830865760E-04   3.2716080809E-04
   32      2.0321263154E-04   8.5988422302E-05   7.1773509251E-04   2.3215983563E-04  -2.9554710775E-04
   33     -4.8002634205E-03   3.0819715157E-03  -2.2895604707E-03   8.9605166607E-04  -9.2211293604E-04
   34      3.3709012951E-03  -7.5289291805E-04   1.7244935647E-03  -1.2955406715E-03   1.1967421937E-03
   35     -4.3399083391E-04   1.4732774914E-03   9.0863624942E-04   1.0983427969E-03  -1.1328130680E-03
   36      6.1186752601E-04  -2.0294171589E-03  -3.0880866654E-05  -4.2719382598E-03   8.1343386969E-04
   37     -4.8255166485E-04   3.6785805053E-03   6.0246207051E-04   2.4470880624E-03  -3.4778431405E-04
   38      2.6046214222E-04  -4.3612502520E-04  -5.4570297048E-05   1.3690194361E-04  -5.0980858584E-04
   39     -4.2578220102E-03  -7.8328671399E-04  -6.1900497417E-04   6.1123579982E-04   2.0315888871E-03
   40     -2.4424994920E-03  -3.3204294642E-04  -9.1019368109E-05   4.7777065827E-04   3.6789253072E-03
   41     -1.3762770370E-04  -5.0969122292E-04   9.6042436077E-04  -2.5903153791E-04  -4.4642717946E-04
   42      8.9263175563E-04   9.1393232003E-04  -2.5426238571E-03  -4.7946798066E-03  -3.1011239787E-03
   43      1.2931848431E-03   1.1845791886E-03  -1.7902445988E-03  -3.3768073109E-03  -7.6160484824E-04
   44     -1.0988672974E-03  -1.1228834705E-03   2.3288850166E-03   4.3923196608E-04   1.4767104380E-03
                   20                 21                 22                 23                 24        
    0      1.1134554618E-03  -4.9302160163E-02  -5.3164911145E-03  -1.3119838430E-02  -2.0086183652E-01
    1      3.1999226516E-03  -4.8041040130E-03  -5.5213033489E-02  -4.4870991304E-02  -9.0526508317E-02
    2     -3.5320693431E-03  -1.1466528609E-02  -4.5437102135E-02  -2.9540094673E-01   9.5017010728E-02
    3      1.8774911831E-04  -7.8913442306E-04  -1.2437561547E-03   8.0365132599E-04   1.7892198319E-03
    4     -7.0061555816E-04   6.8915547225E-04  -8.3970290136E-03  -1.6236963089E-03   4.5693724422E-04
    5      1.8609589439E-03   1.9368171533E-03  -3.4235152524E-02  -5.0076340576E-03  -1.6018669744E-03
    6     -4.8537533696E-03  -6.3954811501E-05   8.4693452422E-04  -2.8880274940E-04   1.3637201304E-03
    7      2.3274722747E-03  -1.2647551117E-04   1.6877218307E-03   1.7558816456E-04   4.8021819597E-04
    8     -2.3956261447E-04  -6.0714375814E-04  -4.7463304824E-04   6.4922227770E-04  -1.6620691460E-04
    9      1.4168177392E-01   7.6670480068E-04  -4.6529890779E-04   4.0027490176E-04  -1.6143217277E-03
   10     -7.1730042008E-02   7.7843253033E-04  -6.0734752324E-04   4.0136649332E-04   5.2918555953E-03
   11     -3.1701604434E-01  -3.0426244996E-03   2.3075362900E-04  -1.7085819962E-03  -2.6136133963E-03
   12      2.0573669834E-03  -4.0221549302E-03   1.4956759041E-03  -1.6254315635E-03  -2.3705027745E-02
   13     -9.0436096759E-03  -3.8457408718E-03   7.0441101671E-04  -5.5011861289E-04  -1.1641846849E-02
   14     -4.2872157223E-03  -2.9738537015E-02   1.4040556953E-02  -1.1111772180E-02   1.0725219700E-02
   15      2.1164429249E-02  -1.8912905750E-04   1.6812481192E-04  -2.3332491103E-04  -8.9564679828E-04
   16     -1.0299222937E-02  -5.7846724440E-04   3.2415546806E-04  -2.9516363621E-04  -1.5991518423E-03
   17     -1.3540225839E-02   5.4819646185E-04  -3.3721602218E-05   2.6324027980E-04  -3.9492113473E-04
   18     -1.6840287350E-01   5.0978573076E-05   6.6336472573E-05  -1.9832979594E-04  -5.4022019806E-04
   19      8.6784124675E-02   2.4932718243E-04   6.0613808603E-05   8.9598780372E-05  -8.4566083097E-04
   20      3.3081793260E-01   8.9418657617E-04  -1.2807025125E-04   7.2521623469E-04   1.2200559170E-03
   21      8.9418657617E-04   5.3247708503E-02   8.5481975936E-04   1.7925506597E-02   2.2301534880E-03
   22     -1.2807025125E-04   8.5481975936E-04   6.3558112011E-02   5.0420933031E-02   1.5705495248E-03
   23      7.2521623469E-04   1.7925506597E-02   5.0420933031E-02   3.2009276411E-01  -1.4778905531E-03
   24      1.2200559170E-03   2.2301534880E-03   1.5705495248E-03  -1.4778905531E-03   2.2022672897E-01
   25     -7.3842001991E-04   5.4336945283E-03   2.4979280904E-03  -2.9405929074E-03   9.7362950561E-02
   26      1.1615284150E-03   2.4125814329E-02   1.3986093939E-02  -1.2983940538E-02  -1.0036171901E-01
   27      4.0034003842E-04   2.1659756163E-04   2.9883130352E-04   1.9481044320E-04   3.0172884526E-04
   28      9.5361514764E-05   3.3689023579E-05   1.5027042687E-03  -3.2642751591E-04  -3.6898152583E-04
   29     -3.5635903600E-04   4.0747626832E-04   2.5748945025E-04   6.1004025949E-04  -1.7761665699E-04
   30     -5.4416232411E-04   7.8777383227E-04  -6.2443863229E-04   1.2882678095E-04   2.1882263192E-04
   31     -3.2442516533E-05   6.3328488979E-04  -6.5742780003E-03  -7.0117711303E-04  -3.0082284801E-04
   32      2.6139380389E-04  -1.3068591545E-04  -7.0575027917E-04   1.6567728251E-03  -1.9608773347E-04
   33      2.5342833281E-03   1.7436630331E-04  -5.0199790343E-04  -4.7204575939E-04   1.2005053737E-05
   34     -1.7952100209E-03  -3.4287800187E-04  -2.9122977334E-04  -2.8781193788E-04  -6.6001693445E-05
   35      2.3254581539E-03   3.5742851192E-05   5.3100592319E-04   1.2539610455E-04   3.9492090857E-05
   36      6.2708032559E-04   3.5876996148E-06   2.5544657912E-04   3.5322341927E-05   2.4447614983E-04
   37     -9.2079457671E-05   1.9536561289E-05   4.3212490852E-05  -8.1623692479E-05   1.8060851814E-04
   38      9.6976615777E-04   1.4497246192E-04   3.0920593972E-04   2.3811817988E-04   1.6441539707E-04
   39      1.8587954813E-05   1.7245529707E-03  -7.5949055586E-04   9.3219521085E-05  -4.2094935891E-04
   40      5.9344297511E-04  -2.0321004802E-04   4.5138792158E-04   1.0959322073E-04   2.4561376105E-04
   41     -5.8805420264E-05   4.9971095905E-04   4.2659009077E-04   8.7250257167E-04  -1.3267686482E-05
   42      2.3137445543E-03  -4.8358903469E-03   3.3671656997E-03  -2.1110282813E-03   1.6511472435E-03
   43      1.7421949559E-03   1.1965244323E-03   2.5267089263E-04   4.6645352742E-04  -2.5597085763E-04
   44      9.0802800677E-04  -1.5878237302E-03   8.2587069575E-04   9.7960265918E-04  -1.4947977857E-04
                   25                 26                 27                 28                 29        
    0     -8.9245167491E-02   9.6289327931E-02   1.7533090230E-03   2.5552797293E-02   5.4106956685E-03
    1     -9.4595437144E-02   5.5294746605E-02  -4.3364468137E-04  -1.3680492080E-02  -3.9890653460E-03
    2      5.3071478224E-02  -1.0491616337E-01   1.5881547207E-03   1.5250543882E-02   1.7732838236E-03
    3     -2.5573056723E-02  -5.4033962277E-03  -2.0063649106E-01   8.9063856534E-02  -9.6519433993E-02
    4     -1.3708007625E-02  -3.9905080176E-03   9.0341156627E-02  -9.4461572351E-02   5.5395352330E-02
    5      1.5195451112E-02   1.7547625710E-03  -9.5243844718E-02   5.3168474509E-02  -1.0529137995E-01
    6      8.2016808968E-04   1.3221402986E-06  -2.3700887874E-02  -1.1448335834E-02   1.0553626095E-02
    7     -6.5174552934E-03  -8.8378117458E-04   1.1625452191E-02   6.0278448601E-03  -5.5822274306E-03
    8     -2.7616448044E-03   5.5589748924E-04  -1.0758888793E-02  -5.5182773291E-03   4.5337064461E-03
    9      1.8448833534E-03  -2.6903963080E-03  -1.6159275616E-03  -1.8456453920E-03   2.6903692241E-03
   10     -4.3281398430E-03   1.2892101471E-03  -5.2975546402E-03  -4.3343137572E-03   1.2852749747E-03
   11      1.5010417878E-03  -1.2364391617E-03   2.5894403064E-03   1.4971054073E-03  -1.2122001047E-03
   12      1.1431967550E-02  -1.0607449227E-02   1.3641940209E-03  -8.0448699506E-04  -1.2398298458E-06
   13      6.0279057443E-03  -5.6176315288E-03  -4.6850206182E-04  -6.5257242921E-03  -8.8213716851E-04
   14     -5.4971045224E-03   4.5406689567E-03   1.7046291389E-04  -2.7599133200E-03   5.5138957755E-04
   15      1.8028990510E-04  -6.0813397055E-04  -5.4794693779E-04  -1.8700379169E-05   4.1938967381E-04
   16      1.3682621554E-03  -9.6552547933E-04   8.5197091449E-04   9.4780319352E-04  -4.2824625469E-04
   17      9.6420110707E-05  -3.5315833190E-04  -1.2209064485E-03  -7.4104480325E-04   1.1549525095E-03
   18      1.5814320614E-05  -4.1263803937E-04  -8.8839337518E-04  -1.7637817905E-04   5.9944777207E-04
   19      9.4462905300E-04  -4.2413737672E-04   1.5948278568E-03   1.3643599591E-03  -9.6062677555E-04
   20     -7.3842001991E-04   1.1615284150E-03   4.0034003842E-04   9.5361514764E-05  -3.5635903600E-04
   21      5.4336945283E-03   2.4125814329E-02   2.1659756163E-04   3.3689023579E-05   4.0747626832E-04
   22      2.4979280904E-03   1.3986093939E-02   2.9883130352E-04   1.5027042687E-03   2.5748945025E-04
   23     -2.9405929074E-03  -1.2983940538E-02   1.9481044320E-04  -3.2642751591E-04   6.1004025949E-04
   24      9.7362950561E-02  -1.0036171901E-01   3.0172884526E-04  -3.6898152583E-04  -1.7761665699E-04
   25      1.0578299935E-01  -5.8599071287E-02   3.6766094357E-04   7.6494240059E-04   5.1610018156E-04
   26     -5.8599071287E-02   1.0942073036E-01   1.7786812304E-04   5.1537877253E-04  -1.2501194708E-04
   27      3.6766094357E-04   1.7786812304E-04   2.1999203328E-01  -9.7160656371E-02   1.0061577658E-01
   28      7.6494240059E-04   5.1537877253E-04  -9.7160656371E-02   1.0563795745E-01  -5.8718185974E-02
   29      5.1610018156E-04  -1.2501194708E-04   1.0061577658E-01  -5.8718185974E-02   1.0981320595E-01
   30     -3.4911479954E-05  -4.0895998389E-04   2.2837737893E-03  -5.4250610999E-03  -2.4108484077E-02
   31      1.5023875248E-03   2.5556904379E-04  -1.6007395507E-03   2.4904826283E-03   1.3966065732E-02
   32     -3.2602373602E-04   6.0990537653E-04   1.5128012974E-03  -2.9494573178E-03  -1.3028945133E-02
   33      1.0694983421E-04  -3.3294528746E-04   1.6518240087E-03   6.9963736907E-04  -5.4885083329E-05
   34      1.1558649294E-04  -2.6010003952E-04   2.5807180256E-04   6.2294535552E-04  -5.4296371475E-04
   35      7.2445493950E-05   2.1381343856E-04   1.5004229033E-04  -9.0357934512E-05   9.7898171863E-04
   36     -1.9016575437E-03  -1.1570126400E-04  -4.2859208451E-04   8.8432898273E-05  -2.7033778831E-04
   37     -2.7868280164E-04  -1.4376401980E-04  -2.4555790809E-04  -1.9750025364E-04   9.4964173442E-05
   38      7.3191655704E-04   3.0520454571E-04   1.5666852480E-05  -2.3731284515E-04   7.3975630852E-05
   39     -9.2412567156E-05   2.7284646099E-04   2.4309597593E-04   1.9038342918E-03   1.1596834191E-04
   40     -1.9413642544E-04   9.5188166474E-05  -1.8026358663E-04  -2.7592945276E-04  -1.4410032284E-04
   41     -2.3925689228E-04   7.5608596906E-05  -1.6525226919E-04   7.3444304948E-04   3.0725495599E-04
   42     -7.0096191584E-04   6.0636343892E-05   1.1682386761E-05  -1.1042719897E-04   3.3310149432E-04
   43      6.1721832639E-04  -5.4320572894E-04   6.5372727166E-05   1.1649207540E-04  -2.5934538753E-04
   44     -9.1201319991E-05   9.7659359691E-04  -4.0325035244E-05   7.1321436192E-05   2.1710528989E-04
                   30                 31                 32                 33                 34        
    0     -7.8260012512E-04   1.3252815157E-03  -7.9472285001E-04   8.0056986785E-04   4.6668613134E-04
    1     -6.8015553495E-04  -8.4100160874E-03  -1.6312475878E-03   1.0627089375E-03   8.3028876420E-04
    2     -1.8994742073E-03  -3.4241826366E-02  -5.0309305697E-03   9.2913568269E-05   9.4570779321E-04
    3     -4.9363179434E-02   5.4229088818E-03   1.3665199306E-02  -7.7976172798E-04   6.5309388576E-04
    4      4.9090211723E-03  -5.5161894932E-02  -4.4792585504E-02  -1.4921122730E-03  -1.1465334281E-03
    5      1.2017359885E-02  -4.5360272323E-02  -2.9539580880E-01   3.1637136382E-02   9.1671463555E-03
    6     -4.0995517689E-03  -1.5477968287E-03   1.6386650962E-03  -4.0762327478E-02  -3.7638410514E-03
    7      3.8152191035E-03   6.9379800584E-04  -5.2993272432E-04  -2.9465583845E-03  -4.7163256397E-02
    8      2.9739162947E-02   1.4067683950E-02  -1.1036321114E-02  -6.5167395568E-03   1.5169710075E-02
    9      7.6399630919E-04   4.6554664734E-04  -3.9713143812E-04  -1.0264261750E-03   1.0930119673E-04
   10     -7.9559487897E-04  -6.1274794770E-04   4.0719662851E-04  -5.6792467840E-05  -3.0974364767E-03
   11      3.0324409032E-03   2.3734625122E-04  -1.6972859911E-03  -2.1826636739E-02   2.0668020412E-02
   12     -6.5827342390E-05  -8.5191463653E-04   2.8431610838E-04  -1.1796510860E-03   1.3619374223E-03
   13      1.2701642534E-04   1.6853376579E-03   1.8255332918E-04   1.3225927310E-03  -2.3806794818E-03
   14      6.1173459198E-04  -4.8472646135E-04   6.5186928123E-04   8.6171456890E-04  -1.2496687252E-03
   15      4.8679627894E-05  -6.7095766708E-05   2.0321263154E-04  -4.8002634205E-03   3.3709012951E-03
   16     -2.4476176487E-04   6.1039960324E-05   8.5988422302E-05   3.0819715157E-03  -7.5289291805E-04
   17     -8.9018117709E-04  -1.2914922940E-04   7.1773509251E-04  -2.2895604707E-03   1.7244935647E-03
   18     -1.8864209092E-04  -1.6830865760E-04   2.3215983563E-04   8.9605166607E-04  -1.2955406715E-03
   19      5.8573917001E-04   3.2716080809E-04  -2.9554710775E-04  -9.2211293604E-04   1.1967421937E-03
   20     -5.4416232411E-04  -3.2442516533E-05   2.6139380389E-04   2.5342833281E-03  -1.7952100209E-03
   21      7.8777383227E-04   6.3328488979E-04  -1.3068591545E-04   1.7436630331E-04  -3.4287800187E-04
   22     -6.2443863229E-04  -6.5742780003E-03  -7.0575027917E-04  -5.0199790343E-04  -2.9122977334E-04
   23      1.2882678095E-04  -7.0117711303E-04   1.6567728251E-03  -4.7204575939E-04  -2.8781193788E-04
   24      2.1882263192E-04  -3.0082284801E-04  -1.9608773347E-04   1.2005053737E-05  -6.6001693445E-05
   25     -3.4911479954E-05   1.5023875248E-03  -3.2602373602E-04   1.0694983421E-04   1.1558649294E-04
   26     -4.0895998389E-04   2.5556904379E-04   6.0990537653E-04  -3.3294528746E-04  -2.6010003952E-04
   27      2.2837737893E-03  -1.6007395507E-03   1.5128012974E-03   1.6518240087E-03   2.5807180256E-04
   28     -5.4250610999E-03   2.4904826283E-03  -2.9494573178E-03   6.9963736907E-04   6.2294535552E-04
   29     -2.4108484077E-02   1.3966065732E-02  -1.3028945133E-02  -5.4885083329E-05  -5.4296371475E-04
   30      5.3326891584E-02  -9.5315432138E-04  -1.8517132332E-02  -4.8351643596E-03  -1.1986613204E-03
   31     -9.5315432138E-04   6.3542265853E-02   5.0340145522E-02  -3.3730634779E-03   2.4769973496E-04
   32     -1.8517132332E-02   5.0340145522E-02   3.2005802964E-01   2.0996392420E-03   4.6023044360E-04
   33     -4.8351643596E-03  -3.3730634779E-03   2.0996392420E-03   4.9675830146E-02   1.4529915456E-03
   34     -1.1986613204E-03   2.4769973496E-04   4.6023044360E-04   1.4529915456E-03   4.7702975058E-02
   35      1.5727993710E-03   8.2268028315E-04   9.8727578085E-04   3.0104948964E-03  -1.7479856169E-02
   36      1.7279278482E-03   7.5768052922E-04  -9.3457687327E-05  -1.5146842572E-04  -4.6487205214E-04
   37      2.0619823749E-04   4.5449957157E-04   1.0972250460E-04   1.2933539022E-03   4.4708848929E-03
   38     -4.9476331753E-04   4.2942768562E-04   8.7724754674E-04  -8.6187977264E-03  -2.6755766006E-02
   39      4.6677511115E-06  -2.5714425105E-04  -3.6206759655E-05   5.7180699724E-04  -5.9121961235E-04
   40     -1.9230025945E-05   4.3173882201E-05  -8.1700568134E-05   3.2256876263E-04  -4.8378383833E-04
   41     -1.4645272121E-04   3.0994452920E-04   2.4007468270E-04  -1.7501925901E-04   3.2384397727E-04
   42      1.7243174740E-04   5.0309115641E-04   4.7411290496E-04  -2.4739136928E-04   5.7398915703E-05
   43      3.4502166842E-04  -2.8890865958E-04  -2.8798309302E-04  -5.7504947183E-05   1.2868982184E-04
   44     -3.7396046237E-05   5.3512207861E-04   1.2898757792E-04   5.4744559905E-05  -9.2170160102E-05
                   35                 36                 37                 38                 39        
    0     -4.8319191504E-04  -6.2208575182E-03  -2.2027665585E-04   1.7159701750E-03  -4.3684135634E-03
    1     -1.5955011193E-04  -5.3130633312E-04  -7.7140776889E-04   1.9119421315E-03   2.4560673644E-02
    2      3.6797990207E-04   2.6108303335E-03   9.4941706038E-04  -7.2669589652E-04   1.1975851475E-02
    3      9.1176586757E-04  -4.3594368206E-03  -5.5666577590E-04   2.8525968048E-03  -6.2181129498E-03
    4     -2.1475265136E-04  -2.4553423751E-02  -4.3224369880E-03   1.1587045337E-02   5.3047564180E-04
    5     -9.5169045317E-03  -1.2032464066E-02  -1.8768859949E-03   4.3635827567E-03  -2.6291148898E-03
    6     -5.0630780224E-03  -6.6500729302E-02  -7.4699890686E-02  -3.4085941885E-02  -1.8513446188E-03
    7      1.3404230549E-02  -7.1319316148E-02  -2.4639457545E-01  -1.0041147295E-01  -2.1455071590E-03
    8     -3.1323901092E-01  -3.3376870719E-02  -9.8780480720E-02  -9.2701330803E-02   1.9110293974E-03
    9     -9.2311345802E-04   7.3834932031E-03  -6.5466634973E-03   2.3122842390E-03   7.4066490485E-03
   10     -2.8629568140E-04   1.6965286488E-02  -1.8409499285E-02   7.1227409398E-03  -1.7005491246E-02
   11     -9.4764579229E-03   9.4580185667E-03  -8.4643665359E-03   3.3924486610E-04  -9.3986049585E-03
   12     -1.3581129879E-04  -1.8411125007E-03   2.7449196736E-04  -8.7521718913E-05  -6.6638574229E-02
   13      6.2240629193E-04   2.1378796762E-03  -1.6984114651E-03   1.6175072977E-03   7.1594087874E-02
   14      5.0834729372E-05  -1.9038845212E-03   8.2189779777E-04  -6.2735618441E-04   3.3233179856E-02
   15     -4.3399083391E-04   6.1186752601E-04  -4.8255166485E-04   2.6046214222E-04  -4.2578220102E-03
   16      1.4732774914E-03  -2.0294171589E-03   3.6785805053E-03  -4.3612502520E-04  -7.8328671399E-04
   17      9.0863624942E-04  -3.0880866654E-05   6.0246207051E-04  -5.4570297048E-05  -6.1900497417E-04
   18      1.0983427969E-03  -4.2719382598E-03   2.4470880624E-03   1.3690194361E-04   6.1123579982E-04
   19     -1.1328130680E-03   8.1343386969E-04  -3.4778431405E-04  -5.0980858584E-04   2.0315888871E-03
   20      2.3254581539E-03   6.2708032559E-04  -9.2079457671E-05   9.6976615777E-04   1.8587954813E-05
   21      3.5742851192E-05   3.5876996148E-06   1.9536561289E-05   1.4497246192E-04   1.7245529707E-03
   22      5.3100592319E-04   2.5544657912E-04   4.3212490852E-05   3.0920593972E-04  -7.5949055586E-04
   23      1.2539610455E-04   3.5322341927E-05  -8.1623692479E-05   2.3811817988E-04   9.3219521085E-05
   24      3.9492090857E-05   2.4447614983E-04   1.8060851814E-04   1.6441539707E-04  -4.2094935891E-04
   25      7.2445493950E-05  -1.9016575437E-03  -2.7868280164E-04   7.3191655704E-04  -9.2412567156E-05
   26      2.1381343856E-04  -1.1570126400E-04  -1.4376401980E-04   3.0520454571E-04   2.7284646099E-04
   27      1.5004229033E-04  -4.2859208451E-04  -2.4555790809E-04   1.5666852480E-05   2.4309597593E-04
   28     -9.0357934512E-05   8.8432898273E-05  -1.9750025364E-04  -2.3731284515E-04   1.9038342918E-03
   29      9.7898171863E-04  -2.7033778831E-04   9.4964173442E-05   7.3975630852E-05   1.1596834191E-04
   30      1.5727993710E-03   1.7279278482E-03   2.0619823749E-04  -4.9476331753E-04   4.6677511115E-06
   31      8.2268028315E-04   7.5768052922E-04   4.5449957157E-04   4.2942768562E-04  -2.5714425105E-04
   32      9.8727578085E-04  -9.3457687327E-05   1.0972250460E-04   8.7724754674E-04  -3.6206759655E-05
   33      3.0104948964E-03  -1.5146842572E-04   1.2933539022E-03  -8.6187977264E-03   5.7180699724E-04
   34     -1.7479856169E-02  -4.6487205214E-04   4.4708848929E-03  -2.6755766006E-02  -5.9121961235E-04
   35      3.3562824476E-01   1.9502005829E-04   2.4118199173E-03  -9.3454971912E-03   7.6355877846E-05
   36      1.9502005829E-04   7.2770398242E-02   7.8923400773E-02   3.5242121040E-02   4.6337874432E-04
   37      2.4118199173E-03   7.8923400773E-02   2.6456466347E-01   1.0407879367E-01  -2.8288831182E-04
   38     -9.3454971912E-03   3.5242121040E-02   1.0407879367E-01   9.6541059023E-02   2.5449534731E-04
   39      7.6355877846E-05   4.6337874432E-04  -2.8288831182E-04   2.5449534731E-04   7.2896351171E-02
   40      1.2256690981E-04   2.8251645940E-04  -3.1000757421E-04   2.4278610454E-04  -7.9213262586E-02
   41     -7.2237849364E-05  -2.5406565321E-04   2.4318863311E-04  -1.8010225016E-04  -3.5096641700E-02
   42     -5.5167235668E-05   5.6900549808E-04  -3.2147750137E-04   1.7345019853E-04  -1.6652172831E-04
   43     -9.2413091065E-05   5.8720969338E-04  -4.8153502675E-04   3.2190589073E-04   4.9824174230E-04
   44      6.3487575460E-05  -7.7042054168E-05   1.2414845021E-04  -7.2646084346E-05  -1.8559495023E-04
                   40                 41                 42                 43                 44        
    0      5.4359144280E-04  -2.8533615282E-03  -7.3293327735E-04  -6.5796792199E-04  -9.0134657609E-04
    1     -4.2910602544E-03   1.1632195158E-02   1.4273841777E-03  -1.1316215670E-03  -2.2664499400E-04
    2     -1.8470646113E-03   4.3501865601E-03  -3.1644369948E-02   9.1323627154E-03  -9.6078946744E-03
    3      2.0927886799E-04  -1.7195867137E-03   8.0789007233E-04  -4.6450851557E-04   4.8861468007E-04
    4     -7.6575710479E-04   1.9119697193E-03  -1.0678554697E-03   8.3391187064E-04  -1.6820186648E-04
    5      9.4774944965E-04  -7.3617587988E-04  -9.2265601142E-05   9.5347839618E-04   3.7155751241E-04
    6     -2.7843694140E-04   8.5771380396E-05  -1.1665415795E-03  -1.3484314291E-03   1.3759639063E-04
    7     -1.6952904222E-03   1.6233107688E-03  -1.3136225822E-03  -2.3634455642E-03   6.2920935621E-04
    8      8.2611430783E-04  -6.3051099295E-04  -8.6168941594E-04  -1.2538688780E-03   5.1936565118E-05
    9      6.5635108955E-03  -2.3245820366E-03  -1.0599086336E-03  -1.3237493407E-04   9.2902294656E-04
   10     -1.8426830176E-02   7.1570529358E-03   1.3289914406E-04  -3.0183170740E-03  -3.0154228246E-04
   11     -8.4009668996E-03   3.3603023840E-04   2.1831563588E-02   2.0644900361E-02  -9.5178546275E-03
   12      7.4979219609E-02   3.3936440444E-02  -4.0782857290E-02   3.7451583788E-03   5.4251678157E-03
   13     -2.4688949476E-01  -9.9882966571E-02   2.9409544687E-03  -4.7107243578E-02   1.2669253957E-02
