
$orca_hessian_file

$act_atom
  0

$act_coord
  0

$act_energy
        0.000000

$multiplicity
  1

$hessian
45
                    0                  1                  2                  3                  4        
    0      5.2159878786E-01   6.9623119881E-02  -3.9326198991E-02  -7.1240200586E-02   1.9154067999E-03
    1      6.9623119881E-02   4.3540830105E-01  -4.8988114442E-04  -1.9121409234E-03  -1.5777182082E-01
    2     -3.9326198991E-02  -4.8988114442E-04   5.7628388235E-01  -6.7679744810E-04  -1.5932067465E-02
    3     -7.1240200586E-02  -1.9121409234E-03  -6.7679744810E-04   5.2159287860E-01  -6.9620706221E-02
    4      1.9154067999E-03  -1.5777182082E-01  -1.5932067465E-02  -6.9620706221E-02   4.3540679876E-01
    5      6.7742633091E-04  -1.5931486188E-02  -8.3573446249E-02   3.9324651376E-02  -5.0288966482E-04
    6     -5.5821984495E-03  -1.3923945694E-02   1.6335395787E-03  -1.4586543686E-01  -2.5549657164E-02
    7     -2.8853517243E-02  -2.2317271732E-02   1.4193179136E-02  -3.4267460806E-02  -8.3896748429E-02
    8     -4.5010489675E-03  -1.9013781193E-04   2.8480259616E-03   3.7778444599E-02   1.1580866869E-02
    9     -3.5694925403E-02  -9.6528965917E-03   1.7673131551E-03  -3.5689509965E-02   9.6519803449E-03
   10     -9.0644499061E-03   1.3830896960E-02  -8.3562932940E-03   9.0658876338E-03   1.3832550544E-02
   11     -4.5761375321E-03  -1.0772948210E-02   5.7792370989E-03   4.5753835321E-03  -1.0770787340E-02
   12     -1.4586143342E-01   2.5548378337E-02  -3.2350685204E-02  -5.5833834785E-03   1.3923180296E-02
   13      3.4264289199E-02  -8.3895165010E-02   1.3348422674E-02   2.8851806337E-02  -2.2313953608E-02
   14     -3.7786139354E-02   1.1582315414E-02  -9.5454547676E-02   4.5007852416E-03  -1.8937580529E-04
   15     -1.5635317575E-03  -2.1384573941E-03   1.6987145735E-03   4.9712501396E-04  -7.3549059188E-05
   16     -1.4640810151E-03  -7.0514637249E-03   2.1621666674E-03   8.9608999791E-04  -2.3679116004E-03
   17     -2.9342335655E-04  -6.4868629706E-04   1.9573920078E-03  -1.1251717571E-03   3.2937485256E-03
   18      4.9594420074E-04   7.3558362616E-05   7.2645018186E-04  -1.5638448169E-03   2.1381775072E-03
   19     -8.9646920767E-04  -2.3679729345E-03   2.0636155957E-03   1.4631560912E-03  -7.0507287536E-03
   20      1.1260484798E-03   3.2938701159E-03  -3.7510165250E-03   2.9263936666E-04  -6.4818153360E-04
   21     -4.9329831903E-02  -4.7318635005E-03  -1.0494474904E-02  -7.6422867949E-04   6.7832966973E-04
   22     -5.2474880775E-03  -5.6326486513E-02  -4.8285292965E-02  -1.1250964366E-03  -9.0614068431E-03
   23     -1.2204787239E-02  -4.7675294251E-02  -2.9179345555E-01   8.0060220144E-04  -1.6392561877E-03
   24     -2.0318034438E-01  -8.8408123718E-02   9.4441991003E-02   1.7743258406E-03   3.7320062563E-04
   25     -8.7017058856E-02  -9.1762072976E-02   5.1109907077E-02  -2.5646382022E-02  -1.3409269402E-02
   26      9.5383530694E-02   5.3198814559E-02  -1.0342890679E-01  -4.9466603888E-03  -3.7620365809E-03
   27      1.7734324656E-03  -3.7286262523E-04   1.5347785313E-03  -2.0317048955E-01   8.8403699174E-02
   28      2.5644641116E-02  -1.3407035311E-02   1.5326999173E-02   8.7012537034E-02  -9.1760019436E-02
   29      4.9470505231E-03  -3.7619761780E-03   1.4910434387E-03  -9.5394219707E-02   5.3205347686E-02
   30     -7.6394610784E-04  -6.7796186323E-04  -1.8577236986E-03  -4.9334019416E-02   4.7356941340E-03
   31      1.1282746863E-03  -9.0610493217E-03  -3.4225085232E-02   5.2513763814E-03  -5.6326971195E-02
   32     -8.0000009810E-04  -1.6396794908E-03  -4.4985584967E-03   1.2224120002E-02  -4.7667019620E-02
   33      7.6327526651E-04   1.0505756440E-03   1.1299745494E-04  -6.3376634766E-04  -1.0733939658E-03
   34      4.7638954055E-04   8.7254109006E-04   9.2115679409E-04   8.0818654061E-04  -1.0038501098E-03
   35     -4.7032774264E-04  -1.7893324639E-04   3.3826601682E-04   8.1160380035E-04  -3.7363809568E-04
   36     -6.2022319541E-03  -4.7282651996E-04   2.5951412171E-03  -4.5811399029E-03  -2.4934686791E-02
   37     -2.5652232047E-04  -7.7455513873E-04   9.8279305844E-04  -5.4599569271E-04  -4.3751470552E-03
   38      1.7241738957E-03   1.9203075962E-03  -7.5392274129E-04   3.0217394407E-03   1.1675964578E-02
   39     -4.5810299274E-03   2.4935216571E-02   1.1639810672E-02  -6.2021033471E-03   4.7223640970E-04
   40      5.4419919676E-04  -4.3739114192E-03  -1.9618893987E-03   2.5602133505E-04  -7.7435448528E-04
   41     -3.0212864401E-03   1.1679526953E-02   4.2095155520E-03  -1.7248384113E-03   1.9203474212E-03
   42     -6.3176590864E-04   1.0709264519E-03  -3.1512058475E-02   7.6379349584E-04  -1.0506023061E-03
   43     -8.0743021091E-04  -1.0029342056E-03   9.1302626650E-03  -4.7658870180E-04   8.7283242645E-04
   44     -8.1167784798E-04  -3.7380516257E-04  -9.6535083978E-03   4.7056109134E-04  -1.7904145744E-04
                    5                  6                  7                  8                  9        
    0      6.7742633091E-04  -5.5821984495E-03  -2.8853517243E-02  -4.5010489675E-03  -3.5694925403E-02
    1     -1.5931486188E-02  -1.3923945694E-02  -2.2317271732E-02  -1.9013781193E-04  -9.6528965917E-03
    2     -8.3573446249E-02   1.6335395787E-03   1.4193179136E-02   2.8480259616E-03   1.7673131551E-03
    3      3.9324651376E-02  -1.4586543686E-01  -3.4267460806E-02   3.7778444599E-02  -3.5689509965E-02
    4     -5.0288966482E-04  -2.5549657164E-02  -8.3896748429E-02   1.1580866869E-02   9.6519803449E-03
    5      5.7626570959E-01   3.2345068369E-02   1.3345284078E-02  -9.5444029525E-02  -1.7696099199E-03
    6      3.2345068369E-02   3.4863030745E-01   1.0756343417E-01  -1.8310585047E-03  -6.9883710994E-02
    7      1.3345284078E-02   1.0756343417E-01   4.8431687911E-01   5.7665569964E-02   1.2704393450E-02
    8     -9.5444029525E-02  -1.8310585047E-03   5.7665569964E-02   5.6347780931E-01  -6.9458036443E-03
    9     -1.7696099199E-03  -6.9883710994E-02   1.2704393450E-02  -6.9458036443E-03   5.9069750062E-01
   10     -8.3543126830E-03   1.2394362705E-02  -8.9470895264E-02   1.3328045680E-02  -4.7252519039E-05
   11      5.7753097811E-03  -3.4327710330E-03   1.0461027526E-02  -6.1085822152E-02  -1.3138093030E-04
   12     -1.6341699163E-03   4.8715582979E-03   7.4085835546E-03  -3.6646865332E-03  -6.9883120881E-02
   13      1.4195561389E-02  -7.4082676090E-03  -8.9500677384E-03   5.3986595696E-03  -1.2704714228E-02
   14      2.8482790449E-03   3.6662228650E-03   5.3965233608E-03   7.1049475006E-03   6.9507657962E-03
   15     -7.2615101843E-04   2.2408841576E-03  -8.0224650399E-03  -1.8314790609E-02  -1.9558205090E-01
   16      2.0638267236E-03   8.5096712240E-03   1.0111735255E-02   8.5449009578E-03  -5.5918820662E-02
   17     -3.7512896571E-03  -1.9853862516E-03  -9.9929641534E-03  -5.3380156854E-03  -1.6157117557E-01
   18     -1.6988476543E-03   1.1773655239E-03   5.4972485327E-03   1.6471957243E-02  -1.9568320654E-01
   19      2.1617519616E-03   1.0162728906E-02   7.6901630991E-03  -1.6298125988E-02   5.5966544352E-02
   20      1.9570355954E-03  -5.3651988122E-03   2.0215901914E-03  -7.3290974259E-04   1.6170215204E-01
   21      1.8591614451E-03  -5.8020715879E-05  -1.4683975037E-04  -6.2635684346E-04   7.4463867592E-04
   22     -3.4225122821E-02   8.3804728769E-04   1.7217234368E-03  -4.7824450749E-04  -4.7061364743E-04
   23     -4.4980813629E-03  -2.9023043301E-04   1.6258914604E-04   6.6246086921E-04   4.3233840650E-04
   24     -1.5346946240E-03   1.4051483474E-03   4.6838939329E-04  -1.8668025322E-04  -1.4202477743E-03
   25      1.5324510006E-02   8.2738940045E-04  -6.5399890031E-03  -2.6452760719E-03   1.7739378823E-03
   26      1.4904325898E-03   4.1890510036E-05  -7.3638873988E-04   6.0534900580E-04  -2.6684648750E-03
   27     -9.4452630436E-02  -2.2832776380E-02   1.1374047345E-02  -1.0811387514E-02  -1.4203250873E-03
   28      5.1116415712E-02  -1.1301519435E-02   5.7955870246E-03  -5.6678202873E-03  -1.7740421458E-03
   29     -1.0344347438E-01   1.0784332954E-02  -5.7834752742E-03   4.7259298392E-03   2.6679766160E-03
   30      1.0512995912E-02  -4.0687184347E-03   4.1064810712E-03   2.9704773800E-02   7.4522245623E-04
   31     -4.8276883241E-02  -1.5050289418E-03   8.4019003137E-04   1.3883848293E-02   4.7063424120E-04
   32     -2.9177103931E-01   1.6743432935E-03  -7.5155503030E-04  -1.1547059920E-02  -4.3265810864E-04
   33      3.1513524505E-02  -4.1069454159E-02  -3.1526961918E-03  -5.6348275147E-03  -7.3987590655E-04
   34      9.1306092974E-03  -4.0956482105E-03  -4.7029398109E-02   1.2426092385E-02  -1.8365209307E-04
   35     -9.6491060190E-03  -4.2910661996E-03   1.0659999343E-02  -3.1347171470E-01  -6.7040537486E-04
   36     -1.1640788893E-02  -6.6030572723E-02  -7.1235060817E-02  -3.2528732751E-02   7.2746812796E-03
   37     -1.9631101883E-03  -7.4935404980E-02  -2.4818407496E-01  -9.7298684713E-02  -6.4515577093E-03
   38      4.2094260853E-03  -3.3212016399E-02  -9.8893503137E-02  -9.1193053685E-02   2.3100575774E-03
   39     -2.5958757028E-03  -1.7663979385E-03  -2.1226106473E-03   1.9275502214E-03   7.2753354319E-03
   40      9.8265218230E-04  -2.2124827506E-04  -1.7127702059E-03   8.9825998621E-04   6.4518495202E-03
   41     -7.5429623805E-04   6.8742600090E-05   1.5785583770E-03  -6.7245671218E-04  -2.3101761888E-03
   42     -1.1290271102E-04  -1.1679771160E-03  -1.3504646832E-03  -8.0261201267E-04  -7.4040500352E-04
   43      9.2121210728E-04  -1.3263757163E-03  -2.3750625141E-03  -1.1353471370E-03   1.8487448437E-04
   44      3.3857005090E-04   1.5884674713E-04   6.6095802301E-04   6.0539640094E-05   6.6901440082E-04
                   10                 11                 12                 13                 14        
    0     -9.0644499061E-03  -4.5761375321E-03  -1.4586143342E-01   3.4264289199E-02  -3.7786139354E-02
    1      1.3830896960E-02  -1.0772948210E-02   2.5548378337E-02  -8.3895165010E-02   1.1582315414E-02
    2     -8.3562932940E-03   5.7792370989E-03  -3.2350685204E-02   1.3348422674E-02  -9.5454547676E-02
    3      9.0658876338E-03   4.5753835321E-03  -5.5833834785E-03   2.8851806337E-02   4.5007852416E-03
    4      1.3832550544E-02  -1.0770787340E-02   1.3923180296E-02  -2.2313953608E-02  -1.8937580529E-04
    5     -8.3543126830E-03   5.7753097811E-03  -1.6341699163E-03   1.4195561389E-02   2.8482790449E-03
    6      1.2394362705E-02  -3.4327710330E-03   4.8715582979E-03  -7.4082676090E-03   3.6662228650E-03
    7     -8.9470895264E-02   1.0461027526E-02   7.4085835546E-03  -8.9500677384E-03   5.3965233608E-03
    8      1.3328045680E-02  -6.1085822152E-02  -3.6646865332E-03   5.3986595696E-03   7.1049475006E-03
    9     -4.7252519039E-05  -1.3138093030E-04  -6.9883120881E-02  -1.2704714228E-02   6.9507657962E-03
   10      4.5012251645E-01   1.5191730828E-01  -1.2396769343E-02  -8.9470391718E-02   1.3332617676E-02
   11      1.5191730828E-01   8.4296201431E-01   3.4299111763E-03   1.0457868177E-02  -6.1087260122E-02
   12     -1.2396769343E-02   3.4299111763E-03   3.4863842433E-01  -1.0757430929E-01   1.8114209619E-03
   13     -8.9470391718E-02   1.0457868177E-02  -1.0757430929E-01   4.8433910979E-01   5.7671994421E-02
   14      1.3332617676E-02  -6.1087260122E-02   1.8114209619E-03   5.7671994421E-02   5.6344398710E-01
   15     -5.7764902481E-02  -1.7113165330E-01   1.1720297432E-03  -5.5053212058E-03  -1.6473854461E-02
   16     -1.2341195928E-01  -8.9379857312E-02  -1.0167661798E-02   7.6858861769E-03  -1.6302571356E-02
   17     -8.9053878228E-02  -3.5391529577E-01   5.3643957490E-03   2.0189470612E-03  -7.3759669871E-04
   18      5.7811977681E-02   1.7126730653E-01   2.2448699652E-03   8.0278029580E-03   1.8308392092E-02
   19     -1.2342108866E-01  -8.9437150490E-02  -8.5070303944E-03   1.0113495655E-02   8.5435717995E-03
   20     -8.9107631193E-02  -3.5405429150E-01   1.9819863331E-03  -9.9935186909E-03  -5.3304528613E-03
   21      7.1634173473E-04  -2.9939489344E-03  -4.0649067658E-03  -4.1067112881E-03  -2.9704939817E-02
   22     -5.7396189852E-04   2.0270367672E-04   1.5032105748E-03   8.4020723188E-04   1.3883348322E-02
   23      3.9223733694E-04  -1.7187515877E-03  -1.6731431287E-03  -7.5195908832E-04  -1.1549813278E-02
   24      5.3973333805E-03  -2.6682558264E-03  -2.2834197572E-02  -1.1374107784E-02   1.0810079556E-02
   25     -4.4416893358E-03   1.5782923090E-03   1.1301788324E-02   5.7956814806E-03  -5.6666222285E-03
   26      1.5138365668E-03  -1.3230186251E-03  -1.0786384576E-02  -5.7845221347E-03   4.7264157549E-03
   27     -5.3973838034E-03   2.6673271496E-03   1.4050523442E-03  -4.6830959463E-04   1.8671362723E-04
   28     -4.4416039511E-03   1.5777945106E-03  -8.2710178622E-04  -6.5398102408E-03  -2.6455087711E-03
   29      1.5134698594E-03  -1.3232227154E-03  -4.1791312978E-05  -7.3647983601E-04   6.0500735996E-04
   30     -7.1726552984E-04   2.9947846036E-03  -5.8190258723E-05   1.4673982155E-04   6.2633473754E-04
   31     -5.7442858141E-04   2.0270988945E-04  -8.3782825317E-04   1.7216460667E-03  -4.7845073783E-04
   32      3.9246297381E-04  -1.7182138501E-03   2.9019467361E-04   1.6255322437E-04   6.6255780435E-04
   33     -5.3066407475E-04  -2.1298969301E-02  -1.1677265889E-03   1.3510123404E-03   8.0238360408E-04
   34     -2.6712563846E-03   2.0019545238E-02   1.3259455490E-03  -2.3755593918E-03  -1.1350816384E-03
   35     -7.1337551608E-04  -9.5311271151E-03  -1.5887017304E-04   6.6134578849E-04   6.0531723394E-05
   36      1.7041169095E-02   8.9998252156E-03  -1.7664830544E-03   2.1218411449E-03  -1.9277628057E-03
   37     -1.8317466049E-02  -8.3128813173E-03   2.2130415705E-04  -1.7123149641E-03   8.9817032428E-04
   38      7.2322446796E-03   3.8346335991E-04  -6.8917908296E-05   1.5785185259E-03  -6.7270168701E-04
   39     -1.7044556129E-02  -8.9972011512E-03  -6.6037356518E-02   7.1255663123E-02   3.2532181222E-02
   40     -1.8321862633E-02  -8.3111664937E-03   7.4955822953E-02  -2.4820689056E-01  -9.7293128499E-02
   41      7.2317555999E-03   3.8334394171E-04   3.3216674739E-02  -9.8888413049E-02  -9.1181084444E-02
   42      5.3550687924E-04   2.1295836425E-02  -4.1075136138E-02   3.1511581376E-03   5.6626165093E-03
   43     -2.6693601997E-03   2.0014937413E-02   4.0939150599E-03  -4.7031873171E-02   1.2414814714E-02
   44     -7.1588359233E-04  -9.5263650626E-03   4.3188653443E-03   1.0648404973E-02  -3.1343826952E-01
                   15                 16                 17                 18                 19        
    0     -1.5635317575E-03  -1.4640810151E-03  -2.9342335655E-04   4.9594420074E-04  -8.9646920767E-04
    1     -2.1384573941E-03  -7.0514637249E-03  -6.4868629706E-04   7.3558362616E-05  -2.3679729345E-03
    2      1.6987145735E-03   2.1621666674E-03   1.9573920078E-03   7.2645018186E-04   2.0636155957E-03
    3      4.9712501396E-04   8.9608999791E-04  -1.1251717571E-03  -1.5638448169E-03   1.4631560912E-03
    4     -7.3549059188E-05  -2.3679116004E-03   3.2937485256E-03   2.1381775072E-03  -7.0507287536E-03
    5     -7.2615101843E-04   2.0638267236E-03  -3.7512896571E-03  -1.6988476543E-03   2.1617519616E-03
    6      2.2408841576E-03   8.5096712240E-03  -1.9853862516E-03   1.1773655239E-03   1.0162728906E-02
    7     -8.0224650399E-03   1.0111735255E-02  -9.9929641534E-03   5.4972485327E-03   7.6901630991E-03
    8     -1.8314790609E-02   8.5449009578E-03  -5.3380156854E-03   1.6471957243E-02  -1.6298125988E-02
    9     -1.9558205090E-01  -5.5918820662E-02  -1.6157117557E-01  -1.9568320654E-01   5.5966544352E-02
   10     -5.7764902481E-02  -1.2341195928E-01  -8.9053878228E-02   5.7811977681E-02  -1.2342108866E-01
   11     -1.7113165330E-01  -8.9379857312E-02  -3.5391529577E-01   1.7126730653E-01  -8.9437150490E-02
   12      1.1720297432E-03  -1.0167661798E-02   5.3643957490E-03   2.2448699652E-03  -8.5070303944E-03
   13     -5.5053212058E-03   7.6858861769E-03   2.0189470612E-03   8.0278029580E-03   1.0113495655E-02
   14     -1.6473854461E-02  -1.6302571356E-02  -7.3759669871E-04   1.8308392092E-02   8.5435717995E-03
   15      1.8413710242E-01   6.5224488915E-02   1.8710096813E-01   1.8593442766E-02   6.6875079225E-03
   16      6.5224488915E-02   9.3897823933E-02   1.0328247236E-01  -6.6857527619E-03   1.4612932322E-02
   17      1.8710096813E-01   1.0328247236E-01   3.6272283149E-01  -2.0045631986E-02  -8.4592016150E-03
   18      1.8593442766E-02  -6.6857527619E-03  -2.0045631986E-02   1.8423029900E-01  -6.5269885820E-02
   19      6.6875079225E-03   1.4612932322E-02  -8.4592016150E-03  -6.5269885820E-02   9.3900321431E-02
   20      2.0049058479E-02  -8.4599690142E-03  -7.1212102206E-03  -1.8722885602E-01   1.0333611123E-01
   21     -1.5796851552E-04  -5.6960655535E-04   5.6525723008E-04   4.6068458044E-05   2.6156179660E-04
   22      1.6866503867E-04   3.2305288273E-04  -2.2358351149E-05   5.5095146490E-05   6.8824221427E-05
   23     -2.4017449787E-04  -3.0486333497E-04   2.6942246399E-04  -2.1338617386E-04   1.0247505149E-04
   24     -9.0213369843E-04  -1.6689028739E-03  -4.0247063413E-04  -5.4330783250E-04  -8.6970749632E-04
   25      1.4527357960E-04   1.4164810610E-03   7.0577037314E-05  -9.2077182921E-06   9.8410134946E-04
   26     -5.9642115134E-04  -1.0600807932E-03  -3.6179309698E-04  -4.1243161074E-04  -4.5450230921E-04
   27     -5.4307671986E-04   8.6974681745E-04  -1.2684907280E-03  -9.0216984928E-04   1.6687021758E-03
   28      9.1768698753E-06   9.8410055444E-04  -7.6276796398E-04  -1.4526975548E-04   1.4163146756E-03
   29      4.1202829080E-04  -4.5427620669E-04   1.2289716510E-03   5.9668961670E-04  -1.0600248869E-03
   30      4.6333234844E-05  -2.6165481753E-04  -9.1892690314E-04  -1.5817058237E-04   5.6982037052E-04
   31     -5.5180461067E-05   6.8802344207E-05  -1.1541486228E-04  -1.6858472937E-04   3.2308080306E-04
   32      2.1331695084E-04   1.0243058681E-04   7.7870077776E-04   2.4012383726E-04  -3.0475523935E-04
   33     -4.9933524964E-03   3.1005885383E-03  -2.6750577490E-03   8.9597056800E-04  -8.5964886958E-04
   34      3.5675897065E-03  -6.9813690836E-04   2.0371413861E-03  -1.2503265116E-03   1.1802716277E-03
   35     -6.1476254707E-04   1.5810094947E-03   7.7522782118E-04   1.0861250550E-03  -1.0867494226E-03
   36      6.2903040074E-04  -2.0733785930E-03   4.4487634803E-05  -4.4696588309E-03   9.9515428717E-04
   37     -4.5450053389E-04   3.7832087344E-03   6.3540669322E-04   2.6928448185E-03  -5.3470742283E-04
   38      2.6495287439E-04  -4.6965502887E-04  -2.1896474547E-05   4.0408891855E-05  -4.8781494082E-04
   39     -4.4698473190E-03  -9.9482129545E-04  -8.0333279718E-04   6.2901647110E-04   2.0739151533E-03
   40     -2.6934767228E-03  -5.3467678717E-04  -2.2456202451E-04   4.5384712275E-04   3.7831377439E-03
   41     -4.1185553180E-05  -4.8796937260E-04   1.0691625209E-03  -2.6499850480E-04  -4.6999840314E-04
   42      8.9601367733E-04   8.5920677254E-04  -2.4993222313E-03  -4.9926184961E-03  -3.1008042514E-03
   43      1.2500389720E-03   1.1801250338E-03  -1.7888988109E-03  -3.5670698483E-03  -6.9814515181E-04
   44     -1.0867649323E-03  -1.0871251264E-03   2.4453888736E-03   6.1333373813E-04   1.5803055382E-03
                   20                 21                 22                 23                 24        
    0      1.1260484798E-03  -4.9329831903E-02  -5.2474880775E-03  -1.2204787239E-02  -2.0318034438E-01
    1      3.2938701159E-03  -4.7318635005E-03  -5.6326486513E-02  -4.7675294251E-02  -8.8408123718E-02
    2     -3.7510165250E-03  -1.0494474904E-02  -4.8285292965E-02  -2.9179345555E-01   9.4441991003E-02
    3      2.9263936666E-04  -7.6422867949E-04  -1.1250964366E-03   8.0060220144E-04   1.7743258406E-03
    4     -6.4818153360E-04   6.7832966973E-04  -9.0614068431E-03  -1.6392561877E-03   3.7320062563E-04
    5      1.9570355954E-03   1.8591614451E-03  -3.4225122821E-02  -4.4980813629E-03  -1.5346946240E-03
    6     -5.3651988122E-03  -5.8020715879E-05   8.3804728769E-04  -2.9023043301E-04   1.4051483474E-03
    7      2.0215901914E-03  -1.4683975037E-04   1.7217234368E-03   1.6258914604E-04   4.6838939329E-04
    8     -7.3290974259E-04  -6.2635684346E-04  -4.7824450749E-04   6.6246086921E-04  -1.8668025322E-04
    9      1.6170215204E-01   7.4463867592E-04  -4.7061364743E-04   4.3233840650E-04  -1.4202477743E-03
   10     -8.9107631193E-02   7.1634173473E-04  -5.7396189852E-04   3.9223733694E-04   5.3973333805E-03
   11     -3.5405429150E-01  -2.9939489344E-03   2.0270367672E-04  -1.7187515877E-03  -2.6682558264E-03
   12      1.9819863331E-03  -4.0649067658E-03   1.5032105748E-03  -1.6731431287E-03  -2.2834197572E-02
   13     -9.9935186909E-03  -4.1067112881E-03   8.4020723188E-04  -7.5195908832E-04  -1.1374107784E-02
   14     -5.3304528613E-03  -2.9704939817E-02   1.3883348322E-02  -1.1549813278E-02   1.0810079556E-02
   15      2.0049058479E-02  -1.5796851552E-04   1.6866503867E-04  -2.4017449787E-04  -9.0213369843E-04
   16     -8.4599690142E-03  -5.6960655535E-04   3.2305288273E-04  -3.0486333497E-04  -1.6689028739E-03
   17     -7.1212102206E-03   5.6525723008E-04  -2.2358351149E-05   2.6942246399E-04  -4.0247063413E-04
   18     -1.8722885602E-01   4.6068458044E-05   5.5095146490E-05  -2.1338617386E-04  -5.4330783250E-04
   19      1.0333611123E-01   2.6156179660E-04   6.8824221427E-05   1.0247505149E-04  -8.6970749632E-04
   20      3.6284833417E-01   9.1875147622E-04  -1.1539653313E-04   7.7881283774E-04   1.2684259230E-03
   21      9.1875147622E-04   5.3575352884E-02   9.1620704825E-04   1.6862925142E-02   1.9769855306E-03
   22     -1.1539653313E-04   9.1620704825E-04   6.4995255393E-02   5.3479607085E-02   1.3356511417E-03
   23      7.7881283774E-04   1.6862925142E-02   5.3479607085E-02   3.1666755652E-01  -1.2461472466E-03
   24      1.2684259230E-03   1.9769855306E-03   1.3356511417E-03  -1.2461472466E-03   2.2176039843E-01
   25     -7.6278010026E-04   5.6518170289E-03   2.6401521000E-03  -3.0933053471E-03   9.5271004315E-02
   26      1.2289793660E-03   2.4282696275E-02   1.3740114766E-02  -1.3322972683E-02  -1.0010634875E-01
   27      4.0232739606E-04   2.0062144963E-04   2.9702547488E-04   1.9818010724E-04   3.2225643720E-04
   28      7.0524143577E-05   3.6969320187E-05   1.4986251313E-03  -3.5497449900E-04  -3.7601782132E-04
   29     -3.6152291635E-04   4.0613095998E-04   2.5612194485E-04   5.8997508167E-04  -1.6789299432E-04
   30     -5.6538233655E-04   7.8197726972E-04  -5.9902557647E-04   1.5444363027E-04   2.0068601166E-04
   31     -2.2362770673E-05   5.9941889586E-04  -6.6525506427E-03  -5.8681210129E-04  -2.9703040348E-04
   32      2.6938581197E-04  -1.5453599887E-04  -5.8683048635E-04   1.6933197483E-03  -1.9822536445E-04
   33      2.4998431290E-03   1.7941072427E-04  -5.0389437440E-04  -4.7763763732E-04   1.2935258864E-05
   34     -1.7898787830E-03  -3.2674774106E-04  -2.8276138415E-04  -2.9087320335E-04  -6.5142208026E-05
   35      2.4458652537E-03   4.1547299166E-05   5.4382101334E-04   1.2447663306E-04   3.7098759996E-05
   36      8.0221936179E-04  -2.3229229991E-07   2.6922220267E-04   3.4908862759E-05   2.4314796727E-04
   37     -2.2381975699E-04   2.5989284095E-05   5.7193362751E-05  -7.5536983784E-05   1.8429361183E-04
   38      1.0690314532E-03   1.4266813704E-04   3.1073917392E-04   2.3822012795E-04   1.6347412568E-04
   39     -4.4473998264E-05   1.6966229345E-03  -7.5508172996E-04   1.0259639215E-04  -4.5235310875E-04
   40      6.3580859948E-04  -2.1294378428E-04   4.7229612298E-04   1.2388391347E-04   2.5601960197E-04
   41     -2.1891850381E-05   4.7379839219E-04   4.5763679410E-04   9.0297350711E-04  -2.9411014399E-05
   42      2.6738239448E-03  -4.8264890545E-03   3.3308957383E-03  -2.1876257201E-03   1.6367005419E-03
   43      2.0361262172E-03   1.1952580303E-03   2.7983739827E-04   5.0332312644E-04  -2.4013321602E-04
   44      7.7585112998E-04  -1.6315425241E-03   8.4791222580E-04   9.5585667023E-04  -1.6650258403E-04
                   25                 26                 27                 28                 29        
    0     -8.7017058856E-02   9.5383530694E-02   1.7734324656E-03   2.5644641116E-02   4.9470505231E-03
    1     -9.1762072976E-02   5.3198814559E-02  -3.7286262523E-04  -1.3407035311E-02  -3.7619761780E-03
    2      5.1109907077E-02  -1.0342890679E-01   1.5347785313E-03   1.5326999173E-02   1.4910434387E-03
    3     -2.5646382022E-02  -4.9466603888E-03  -2.0317048955E-01   8.7012537034E-02  -9.5394219707E-02
    4     -1.3409269402E-02  -3.7620365809E-03   8.8403699174E-02  -9.1760019436E-02   5.3205347686E-02
    5      1.5324510006E-02   1.4904325898E-03  -9.4452630436E-02   5.1116415712E-02  -1.0344347438E-01
    6      8.2738940045E-04   4.1890510036E-05  -2.2832776380E-02  -1.1301519435E-02   1.0784332954E-02
    7     -6.5399890031E-03  -7.3638873988E-04   1.1374047345E-02   5.7955870246E-03  -5.7834752742E-03
    8     -2.6452760719E-03   6.0534900580E-04  -1.0811387514E-02  -5.6678202873E-03   4.7259298392E-03
    9      1.7739378823E-03  -2.6684648750E-03  -1.4203250873E-03  -1.7740421458E-03   2.6679766160E-03
   10     -4.4416893358E-03   1.5138365668E-03  -5.3973838034E-03  -4.4416039511E-03   1.5134698594E-03
   11      1.5782923090E-03  -1.3230186251E-03   2.6673271496E-03   1.5777945106E-03  -1.3232227154E-03
   12      1.1301788324E-02  -1.0786384576E-02   1.4050523442E-03  -8.2710178622E-04  -4.1791312978E-05
   13      5.7956814806E-03  -5.7845221347E-03  -4.6830959463E-04  -6.5398102408E-03  -7.3647983601E-04
   14     -5.6666222285E-03   4.7264157549E-03   1.8671362723E-04  -2.6455087711E-03   6.0500735996E-04
   15      1.4527357960E-04  -5.9642115134E-04  -5.4307671986E-04   9.1768698753E-06   4.1202829080E-04
   16      1.4164810610E-03  -1.0600807932E-03   8.6974681745E-04   9.8410055444E-04  -4.5427620669E-04
   17      7.0577037314E-05  -3.6179309698E-04  -1.2684907280E-03  -7.6276796398E-04   1.2289716510E-03
   18     -9.2077182921E-06  -4.1243161074E-04  -9.0216984928E-04  -1.4526975548E-04   5.9668961670E-04
   19      9.8410134946E-04  -4.5450230921E-04   1.6687021758E-03   1.4163146756E-03  -1.0600248869E-03
   20     -7.6278010026E-04   1.2289793660E-03   4.0232739606E-04   7.0524143577E-05  -3.6152291635E-04
   21      5.6518170289E-03   2.4282696275E-02   2.0062144963E-04   3.6969320187E-05   4.0613095998E-04
   22      2.6401521000E-03   1.3740114766E-02   2.9702547488E-04   1.4986251313E-03   2.5612194485E-04
   23     -3.0933053471E-03  -1.3322972683E-02   1.9818010724E-04  -3.5497449900E-04   5.8997508167E-04
   24      9.5271004315E-02  -1.0010634875E-01   3.2225643720E-04  -3.7601782132E-04  -1.6789299432E-04
   25      1.0280577370E-01  -5.6582965594E-02   3.7599119317E-04   7.8797210340E-04   5.0922732878E-04
   26     -5.6582965594E-02   1.0835541660E-01   1.6792509625E-04   5.0922477974E-04  -1.2178013453E-04
   27      3.7599119317E-04   1.6792509625E-04   2.2174800250E-01  -9.5265779348E-02   1.0011795165E-01
   28      7.8797210340E-04   5.0922477974E-04  -9.5265779348E-02   1.0280139986E-01  -5.6589846389E-02
   29      5.0922732878E-04  -1.2178013453E-04   1.0011795165E-01  -5.6589846389E-02   1.0837207059E-01
   30     -3.6966589775E-05  -4.0619699260E-04   1.9789614480E-03  -5.6511982464E-03  -2.4281293313E-02
   31      1.4985069627E-03   2.5599867929E-04  -1.3366453052E-03   2.6399940952E-03   1.3739371840E-02
   32     -3.5496290036E-04   5.8994811117E-04   1.2472813719E-03  -3.0936723056E-03  -1.3325156150E-02
   33      9.3394888934E-05  -3.4067718955E-04   1.6371172287E-03   7.2897826129E-04  -1.7691437339E-04
   34      1.0600959619E-04  -2.5719680055E-04   2.4033428964E-04   6.1458730668E-04  -5.3659069858E-04
   35      7.6446892636E-05   2.1322759771E-04   1.6655743129E-04  -8.0626803964E-05   9.7162302477E-04
   36     -1.9129946807E-03  -6.4592614004E-05  -4.5267319668E-04   7.5863093156E-05  -2.6079501478E-04
   37     -2.8834560250E-04  -1.2773001387E-04  -2.5612572943E-04  -2.0795371247E-04   8.9688939105E-05
   38      7.3019276617E-04   2.9369189245E-04   2.9545932230E-05  -2.1809854518E-04   8.3498891528E-05
   39     -7.6017232296E-05   2.6093234016E-04   2.4313522236E-04   1.9129879256E-03   6.4663404815E-05
   40     -2.0770477326E-04   8.9651397226E-05  -1.8426608393E-04  -2.8821111277E-04  -1.2774600942E-04
   41     -2.1825514740E-04   8.3546955580E-05  -1.6344167033E-04   7.3033931144E-04   2.9376264208E-04
   42     -7.2869606104E-04   1.7676315312E-04   1.2931685318E-05  -9.3531744418E-05   3.4055084199E-04
   43      6.1439274014E-04  -5.3656374702E-04   6.5132682219E-05   1.0605301332E-04  -2.5715372314E-04
   44     -8.0640062192E-05   9.7146345562E-04  -3.7106084363E-05   7.6359538489E-05   2.1327378113E-04
                   30                 31                 32                 33                 34        
    0     -7.6394610784E-04   1.1282746863E-03  -8.0000009810E-04   7.6327526651E-04   4.7638954055E-04
    1     -6.7796186323E-04  -9.0610493217E-03  -1.6396794908E-03   1.0505756440E-03   8.7254109006E-04
    2     -1.8577236986E-03  -3.4225085232E-02  -4.4985584967E-03   1.1299745494E-04   9.2115679409E-04
    3     -4.9334019416E-02   5.2513763814E-03   1.2224120002E-02  -6.3376634766E-04   8.0818654061E-04
    4      4.7356941340E-03  -5.6326971195E-02  -4.7667019620E-02  -1.0733939658E-03  -1.0038501098E-03
    5      1.0512995912E-02  -4.8276883241E-02  -2.9177103931E-01   3.1513524505E-02   9.1306092974E-03
    6     -4.0687184347E-03  -1.5050289418E-03   1.6743432935E-03  -4.1069454159E-02  -4.0956482105E-03
    7      4.1064810712E-03   8.4019003137E-04  -7.5155503030E-04  -3.1526961918E-03  -4.7029398109E-02
    8      2.9704773800E-02   1.3883848293E-02  -1.1547059920E-02  -5.6348275147E-03   1.2426092385E-02
    9      7.4522245623E-04   4.7063424120E-04  -4.3265810864E-04  -7.3987590655E-04  -1.8365209307E-04
   10     -7.1726552984E-04  -5.7442858141E-04   3.9246297381E-04  -5.3066407475E-04  -2.6712563846E-03
   11      2.9947846036E-03   2.0270988945E-04  -1.7182138501E-03  -2.1298969301E-02   2.0019545238E-02
   12     -5.8190258723E-05  -8.3782825317E-04   2.9019467361E-04  -1.1677265889E-03   1.3259455490E-03
   13      1.4673982155E-04   1.7216460667E-03   1.6255322437E-04   1.3510123404E-03  -2.3755593918E-03
   14      6.2633473754E-04  -4.7845073783E-04   6.6255780435E-04   8.0238360408E-04  -1.1350816384E-03
   15      4.6333234844E-05  -5.5180461067E-05   2.1331695084E-04  -4.9933524964E-03   3.5675897065E-03
   16     -2.6165481753E-04   6.8802344207E-05   1.0243058681E-04   3.1005885383E-03  -6.9813690836E-04
   17     -9.1892690314E-04  -1.1541486228E-04   7.7870077776E-04  -2.6750577490E-03   2.0371413861E-03
   18     -1.5817058237E-04  -1.6858472937E-04   2.4012383726E-04   8.9597056800E-04  -1.2503265116E-03
   19      5.6982037052E-04   3.2308080306E-04  -3.0475523935E-04  -8.5964886958E-04   1.1802716277E-03
   20     -5.6538233655E-04  -2.2362770673E-05   2.6938581197E-04   2.4998431290E-03  -1.7898787830E-03
   21      7.8197726972E-04   5.9941889586E-04  -1.5453599887E-04   1.7941072427E-04  -3.2674774106E-04
   22     -5.9902557647E-04  -6.6525506427E-03  -5.8683048635E-04  -5.0389437440E-04  -2.8276138415E-04
   23      1.5444363027E-04  -5.8681210129E-04   1.6933197483E-03  -4.7763763732E-04  -2.9087320335E-04
   24      2.0068601166E-04  -2.9703040348E-04  -1.9822536445E-04   1.2935258864E-05  -6.5142208026E-05
   25     -3.6966589775E-05   1.4985069627E-03  -3.5496290036E-04   9.3394888934E-05   1.0600959619E-04
   26     -4.0619699260E-04   2.5599867929E-04   5.8994811117E-04  -3.4067718955E-04  -2.5719680055E-04
   27      1.9789614480E-03  -1.3366453052E-03   1.2472813719E-03   1.6371172287E-03   2.4033428964E-04
   28     -5.6511982464E-03   2.6399940952E-03  -3.0936723056E-03   7.2897826129E-04   6.1458730668E-04
   29     -2.4281293313E-02   1.3739371840E-02  -1.3325156150E-02  -1.7691437339E-04  -5.3659069858E-04
   30      5.3581025884E-02  -9.2069577472E-04  -1.6883963231E-02  -4.8268305865E-03  -1.1951360649E-03
   31     -9.2069577472E-04   6.4996213597E-02   5.3471571260E-02  -3.3310083168E-03   2.7964541667E-04
   32     -1.6883963231E-02   5.3471571260E-02   3.1664430808E-01   2.1868902985E-03   5.0334107831E-04
   33     -4.8268305865E-03  -3.3310083168E-03   2.1868902985E-03   4.9763344063E-02   1.6244951015E-03
   34     -1.1951360649E-03   2.7964541667E-04   5.0334107831E-04   1.6244951015E-03   4.7143810000E-02
   35      1.6308495875E-03   8.4769302889E-04   9.5614873219E-04   2.1902324777E-03  -1.4302390127E-02
   36      1.6964933884E-03   7.5491354742E-04  -1.0249582572E-04  -1.5116146741E-04  -3.9011771694E-04
   37      2.1315524626E-04   4.7249448531E-04   1.2374747026E-04   1.2171215053E-03   4.2488519765E-03
   38     -4.7344669278E-04   4.5783445620E-04   9.0295934474E-04  -8.5707149204E-03  -2.6961851784E-02
   39     -1.9884431798E-07  -2.6927410248E-04  -3.4988882662E-05   5.6617510456E-04  -5.7640808879E-04
   40     -2.5979073234E-05   5.7138334038E-05  -7.5550887204E-05   3.2531689827E-04  -4.8302018912E-04
   41     -1.4274679112E-04   3.1081195099E-04   2.3820382282E-04  -1.8012791480E-04   3.2558385956E-04
   42      1.7937453776E-04   5.0384473847E-04   4.7768846364E-04  -2.3606066114E-04   4.6495054657E-05
   43      3.2680669006E-04  -2.8271239645E-04  -2.9084737629E-04  -4.6434532465E-05   9.8265462551E-05
   44     -4.1593693800E-05   5.4393629033E-04   1.2449549070E-04   5.2177764567E-05  -9.4273901970E-05
                   35                 36                 37                 38                 39        
    0     -4.7032774264E-04  -6.2022319541E-03  -2.5652232047E-04   1.7241738957E-03  -4.5810299274E-03
    1     -1.7893324639E-04  -4.7282651996E-04  -7.7455513873E-04   1.9203075962E-03   2.4935216571E-02
    2      3.3826601682E-04   2.5951412171E-03   9.8279305844E-04  -7.5392274129E-04   1.1639810672E-02
    3      8.1160380035E-04  -4.5811399029E-03  -5.4599569271E-04   3.0217394407E-03  -6.2021033471E-03
    4     -3.7363809568E-04  -2.4934686791E-02  -4.3751470552E-03   1.1675964578E-02   4.7223640970E-04
    5     -9.6491060190E-03  -1.1640788893E-02  -1.9631101883E-03   4.2094260853E-03  -2.5958757028E-03
    6     -4.2910661996E-03  -6.6030572723E-02  -7.4935404980E-02  -3.3212016399E-02  -1.7663979385E-03
    7      1.0659999343E-02  -7.1235060817E-02  -2.4818407496E-01  -9.8893503137E-02  -2.1226106473E-03
    8     -3.1347171470E-01  -3.2528732751E-02  -9.7298684713E-02  -9.1193053685E-02   1.9275502214E-03
    9     -6.7040537486E-04   7.2746812796E-03  -6.4515577093E-03   2.3100575774E-03   7.2753354319E-03
   10     -7.1337551608E-04   1.7041169095E-02  -1.8317466049E-02   7.2322446796E-03  -1.7044556129E-02
   11     -9.5311271151E-03   8.9998252156E-03  -8.3128813173E-03   3.8346335991E-04  -8.9972011512E-03
   12     -1.5887017304E-04  -1.7664830544E-03   2.2130415705E-04  -6.8917908296E-05  -6.6037356518E-02
   13      6.6134578849E-04   2.1218411449E-03  -1.7123149641E-03   1.5785185259E-03   7.1255663123E-02
   14      6.0531723394E-05  -1.9277628057E-03   8.9817032428E-04  -6.7270168701E-04   3.2532181222E-02
   15     -6.1476254707E-04   6.2903040074E-04  -4.5450053389E-04   2.6495287439E-04  -4.4698473190E-03
   16      1.5810094947E-03  -2.0733785930E-03   3.7832087344E-03  -4.6965502887E-04  -9.9482129545E-04
   17      7.7522782118E-04   4.4487634803E-05   6.3540669322E-04  -2.1896474547E-05  -8.0333279718E-04
   18      1.0861250550E-03  -4.4696588309E-03   2.6928448185E-03   4.0408891855E-05   6.2901647110E-04
   19     -1.0867494226E-03   9.9515428717E-04  -5.3470742283E-04  -4.8781494082E-04   2.0739151533E-03
   20      2.4458652537E-03   8.0221936179E-04  -2.2381975699E-04   1.0690314532E-03  -4.4473998264E-05
   21      4.1547299166E-05  -2.3229229991E-07   2.5989284095E-05   1.4266813704E-04   1.6966229345E-03
   22      5.4382101334E-04   2.6922220267E-04   5.7193362751E-05   3.1073917392E-04  -7.5508172996E-04
   23      1.2447663306E-04   3.4908862759E-05  -7.5536983784E-05   2.3822012795E-04   1.0259639215E-04
   24      3.7098759996E-05   2.4314796727E-04   1.8429361183E-04   1.6347412568E-04  -4.5235310875E-04
   25      7.6446892636E-05  -1.9129946807E-03  -2.8834560250E-04   7.3019276617E-04  -7.6017232296E-05
   26      2.1322759771E-04  -6.4592614004E-05  -1.2773001387E-04   2.9369189245E-04   2.6093234016E-04
   27      1.6655743129E-04  -4.5267319668E-04  -2.5612572943E-04   2.9545932230E-05   2.4313522236E-04
   28     -8.0626803964E-05   7.5863093156E-05  -2.0795371247E-04  -2.1809854518E-04   1.9129879256E-03
   29      9.7162302477E-04  -2.6079501478E-04   8.9688939105E-05   8.3498891528E-05   6.4663404815E-05
   30      1.6308495875E-03   1.6964933884E-03   2.1315524626E-04  -4.7344669278E-04  -1.9884431798E-07
   31      8.4769302889E-04   7.5491354742E-04   4.7249448531E-04   4.5783445620E-04  -2.6927410248E-04
   32      9.5614873219E-04  -1.0249582572E-04   1.2374747026E-04   9.0295934474E-04  -3.4988882662E-05
   33      2.1902324777E-03  -1.5116146741E-04   1.2171215053E-03  -8.5707149204E-03   5.6617510456E-04
   34     -1.4302390127E-02  -3.9011771694E-04   4.2488519765E-03  -2.6961851784E-02  -5.7640808879E-04
   35      3.3584289294E-01   2.0326148247E-04   2.3247816279E-03  -9.0652439576E-03   8.7222594196E-05
   36      2.0326148247E-04   7.2797084430E-02   7.8927598380E-02   3.4190169288E-02   4.4754475072E-04
   37      2.3247816279E-03   7.8927598380E-02   2.6661547756E-01   1.0257211052E-01  -2.6976706888E-04
   38     -9.0652439576E-03   3.4190169288E-02   1.0257211052E-01   9.4778100902E-02   2.4396265543E-04
   39      8.7222594196E-05   4.4754475072E-04  -2.6976706888E-04   2.4396265543E-04   7.2802818271E-02
   40      1.3955736176E-04   2.6974592327E-04  -2.9964687221E-04   2.3146342703E-04  -7.8945862500E-02
   41     -7.6632493222E-05  -2.4392110268E-04   2.3146249444E-04  -1.7493985463E-04  -3.4194263328E-02
   42     -5.2189084289E-05   5.6617120506E-04  -3.2530558766E-04   1.8017401576E-04  -1.5136118287E-04
   43     -9.4274441202E-05   5.7643006439E-04  -4.8301433775E-04   3.2567015839E-04   3.9151765545E-04
   44      6.5564542061E-05  -8.7154969131E-05   1.3947939685E-04  -7.6633657114E-05  -2.0256939838E-04
                   40                 41                 42                 43                 44        
    0      5.4419919676E-04  -3.0212864401E-03  -6.3176590864E-04  -8.0743021091E-04  -8.1167784798E-04
    1     -4.3739114192E-03   1.1679526953E-02   1.0709264519E-03  -1.0029342056E-03  -3.7380516257E-04
    2     -1.9618893987E-03   4.2095155520E-03  -3.1512058475E-02   9.1302626650E-03  -9.6535083978E-03
    3      2.5602133505E-04  -1.7248384113E-03   7.6379349584E-04  -4.7658870180E-04   4.7056109134E-04
    4     -7.7435448528E-04   1.9203474212E-03  -1.0506023061E-03   8.7283242645E-04  -1.7904145744E-04
    5      9.8265218230E-04  -7.5429623805E-04  -1.1290271102E-04   9.2121210728E-04   3.3857005090E-04
    6     -2.2124827506E-04   6.8742600090E-05  -1.1679771160E-03  -1.3263757163E-03   1.5884674713E-04
    7     -1.7127702059E-03   1.5785583770E-03  -1.3504646832E-03  -2.3750625141E-03   6.6095802301E-04
    8      8.9825998621E-04  -6.7245671218E-04  -8.0261201267E-04  -1.1353471370E-03   6.0539640094E-05
    9      6.4518495202E-03  -2.3101761888E-03  -7.4040500352E-04   1.8487448437E-04   6.6901440082E-04
   10     -1.8321862633E-02   7.2317555999E-03   5.3550687924E-04  -2.6693601997E-03  -7.1588359233E-04
   11     -8.3111664937E-03   3.8334394171E-04   2.1295836425E-02   2.0014937413E-02  -9.5263650626E-03
   12      7.4955822953E-02   3.3216674739E-02  -4.1075136138E-02   4.0939150599E-03   4.3188653443E-03
   13     -2.4820689056E-01  -9.8888413049E-02   3.1511581376E-03  -4.7031873171E-02   1.0648404973E-02
