*************************************************
******************* ORCA 6.0.0 ******************
*************************************************
$Calculation_Status
   &GeometryIndex 1
   &ListStatus       OUT
   &VERSION [&Type "String"] "6.0.0"
   &PROGNAME [&Type "String"] "LeanSCF"
   &STATUS [&Type "String"] "NORMAL TERMINATION"
$End
$Geometry
   &GeometryIndex 1
   &ListStatus       OUT
   &NATOMS [&Type "Integer"] 9
   &NCORELESSECP [&Type "Integer"] 0
   &NGHOSTATOMS [&Type "Integer"] 0
   &CartesianCoordinates [&Type "Coordinates", &Dim(9,4), &Units "Bohr"] 
              C      0.482695240070   -1.012586181331    0.001223387912
              C      2.630970099171    0.287250255710   -0.001733657810
              F      4.881026838245   -0.743703226305   -0.001941236856
              F      2.705810926929    2.770028320398   -0.005648040681
              C     -2.080743392629    0.209075214058    0.000482250928
              F     -2.447576311461    1.678694358084    2.063280623910
              F     -2.421979800334    1.724108467617   -2.033135969435
              F     -3.892617675121   -1.565746845677   -0.029838403001
              F      0.528133380305   -3.546767142012    0.007207487851
$End
$SCF_Energy
   &GeometryIndex 1
   &ListStatus       OUT
   &SCF_ENERGY [&Type "Double"]      -7.1335306525889609e+02
$End
$DFT_Energy
   &GeometryIndex 1
   &ListStatus       OUT
   &NALPHAEL [&Type "Integer"] 36
   &NBETAEL [&Type "Integer"] 36
   &NTOTALEL [&Type "Integer"] 72
   &EEXCHANGE [&Type "Double"]      -7.6301752525173754e+01
   &ECORR [&Type "Double"]      -2.5001247884119180e+00
   &ECNL [&Type "Double"]       0.0000000000000000e+00
   &EXC [&Type "Double"]      -7.8801877313585678e+01
   &EEMBED [&Type "Double"]       0.0000000000000000e+00
   &FINALEN [&Type "Double"]      -7.1335306525889609e+02  "No Van der Waals correction"
$End
$Mulliken_Population_Analysis
   &GeometryIndex 1
   &ListStatus       OUT
   &NATOMS [&Type "Integer"] 9
   &ATNO [&Type "ArrayOfIntegers", &Dim (9,1)] 
                                                         0

0                                                        6
1                                                        6
2                                                        9
3                                                        9
4                                                        6
5                                                        9
6                                                        9
7                                                        9
8                                                        9
   &ATOMICCHARGES [&Type "ArrayOfDoubles", &Dim (9,1)] 
                                                         0

0                                      4.9597510072532991e-02
1                                      3.6372435657546820e-01
2                                     -1.3215403444854879e-01
3                                     -1.3131095733140974e-01
4                                      4.8711559605292543e-01
5                                     -1.6179866789340736e-01
6                                     -1.6164241670207602e-01
7                                     -1.4879801516559255e-01
8                                     -1.6473337115997744e-01
$End
$Loewdin_Population_Analysis
   &GeometryIndex 1
   &ListStatus       OUT
   &NATOMS [&Type "Integer"] 9
   &ATNO [&Type "ArrayOfIntegers", &Dim (9,1)] 
                                                         0

0                                                        6
1                                                        6
2                                                        9
3                                                        9
4                                                        6
5                                                        9
6                                                        9
7                                                        9
8                                                        9
   &ATOMICCHARGES [&Type "ArrayOfDoubles", &Dim (9,1)] 
                                                         0

0                                     -2.8694126216628124e-01
1                                     -4.3123146705759474e-01
2                                      2.6736927247971742e-01
3                                      2.6397135337788136e-01
4                                     -6.3699565784114842e-01
5                                      1.9289310638717794e-01
6                                      1.9340625057830785e-01
7                                      2.1760644498600890e-01
8                                      2.1992195925585634e-01
$End
$Mayer_Population_Analysis
   &GeometryIndex 1
   &ListStatus       OUT
   &NATOMS [&Type "Integer"] 9 "Total number of atoms"
   &BONDTHRESH [&Type "Double"]       1.0000000000000001e-01  "The threshold for printing"
   &NBONDORDERSPRINT [&Type "Integer"] 8 "The number of bond orders larger than threshold"
   &BONDORDERS [&Type "ArrayOfDoubles", &Dim (8,1)] "The bond orders"
                                                         0

0                                      1.7603699563509785e+00
1                                      9.7726108945164492e-01
2                                      1.0455956153171093e+00
3                                      1.1412363312015210e+00
4                                      1.1345149826948915e+00
5                                      1.1238458548124406e+00
6                                      1.1236208160198518e+00
7                                      1.1435869481328498e+00
   &COMPONENTS [&Type "ArrayOfIntegers", &Dim (8,4)] "The indices and atomic numbers of the bonding atoms"
                                                         0                           1                           2                           3

0                                                        0                           6                           1                           6
1                                                        0                           6                           4                           6
2                                                        0                           6                           8                           9
3                                                        1                           6                           2                           9
4                                                        1                           6                           3                           9
5                                                        4                           6                           5                           9
6                                                        4                           6                           6                           9
7                                                        4                           6                           7                           9
   &ATNO [&Type "ArrayOfIntegers", &Dim (9,1)] "Atomic number of the elements"
                                                         0

0                                                        6
1                                                        6
2                                                        9
3                                                        9
4                                                        6
5                                                        9
6                                                        9
7                                                        9
8                                                        9
   &NA [&Type "ArrayOfDoubles", &Dim (9,1)] "Mulliken gross atomic population"
                                                         0

0                                      5.9504024899274626e+00
1                                      5.6362756434245425e+00
2                                      9.1321540344484990e+00
3                                      9.1313109573314115e+00
4                                      5.5128844039470764e+00
5                                      9.1617986678933701e+00
6                                      9.1616424167020547e+00
7                                      9.1487980151655481e+00
8                                      9.1647333711599845e+00
   &ZA [&Type "ArrayOfDoubles", &Dim (9,1)] "Total nuclear charge"
                                                         0

0                                      6.0000000000000000e+00
1                                      6.0000000000000000e+00
2                                      9.0000000000000000e+00
3                                      9.0000000000000000e+00
4                                      6.0000000000000000e+00
5                                      9.0000000000000000e+00
6                                      9.0000000000000000e+00
7                                      9.0000000000000000e+00
8                                      9.0000000000000000e+00
   &QA [&Type "ArrayOfDoubles", &Dim (9,1)] "Mulliken gross atomic charge"
                                                         0

0                                      4.9597510072537432e-02
1                                      3.6372435657545754e-01
2                                     -1.3215403444849905e-01
3                                     -1.3131095733141152e-01
4                                      4.8711559605292365e-01
5                                     -1.6179866789337005e-01
6                                     -1.6164241670205470e-01
7                                     -1.4879801516554814e-01
8                                     -1.6473337115998454e-01
   &VA [&Type "ArrayOfDoubles", &Dim (9,1)] "Mayer's total valence"
                                                         0

0                                      3.8283588595020102e+00
1                                      4.1421100766088612e+00
2                                      1.2034845543618564e+00
3                                      1.1985993513113344e+00
4                                      4.4214821220574594e+00
5                                      1.1364517001316023e+00
6                                      1.1365766521584639e+00
7                                      1.1649707406052148e+00
8                                      1.1261824987355769e+00
   &BVA [&Type "ArrayOfDoubles", &Dim (9,1)] "Mayer's bonded valence"
                                                         0

0                                      3.8283588595019289e+00
1                                      4.1421100766088035e+00
2                                      1.2034845543621160e+00
3                                      1.1985993513113626e+00
4                                      4.4214821220574523e+00
5                                      1.1364517001316863e+00
6                                      1.1365766521585088e+00
7                                      1.1649707406053562e+00
8                                      1.1261824987356062e+00
   &FA [&Type "ArrayOfDoubles", &Dim (9,1)] "Mayer's free valence"
                                                         0

0                                      0.0000000000000000e+00
1                                      0.0000000000000000e+00
2                                      0.0000000000000000e+00
3                                      0.0000000000000000e+00
4                                      0.0000000000000000e+00
5                                      0.0000000000000000e+00
6                                      0.0000000000000000e+00
7                                      0.0000000000000000e+00
8                                      0.0000000000000000e+00
$End
$VdW_Correction
   &GeometryIndex 1
   &ListStatus       OUT
   &VDW [&Type "Double"]      -2.0436899753217119e-03
$End
$Calculation_Info
   &GeometryIndex 1
   &ListStatus       OUT
   &MULT [&Type "Integer"] 1
   &CHARGE [&Type "Integer"] 0
   &NUMOFATOMS [&Type "Integer"] 9
   &NUMOFELECTRONS [&Type "Integer"] 72
   &NUMOFFCELECTRONS [&Type "Integer"] 1
   &NUMOFCORRELECTRONS [&Type "Integer"] 0
   &NUMOFBASISFUNCTS [&Type "Integer"] 279
   &NUMOFAUXCBASISFUNCTS [&Type "Integer"] 0
   &NUMOFAUXJBASISFUNCTS [&Type "Integer"] 300
   &NUMOFAUXJKBASISFUNCTS [&Type "Integer"] 0
   &NUMOFCABSBASISFUNCTS [&Type "Integer"] 0
   &TOTALENERGY [&Type "Double"]      -7.1334424819317132e+02  "Hartrees"
$End
$SCF_Dipole_Moment
   &GeometryIndex 1
   &ListStatus       OUT
   &METHOD [&Type "String"] "SCF"
   &LEVEL [&Type "String"] "Relaxed density"
   &MULT [&Type "Integer"] 1
   &STATE [&Type "Integer"] -1
   &IRREP [&Type "Integer"] 0
   &NATOMS [&Type "Integer"] 9
   &DODIPOLEATOM [&Type "Boolean"] false
   &DIPOLEELECCONTRIB [&Type "ArrayOfDoubles", &Dim (3,1)] "Electronic contribution"
                                                         0

0                                      1.1375992595204709e-01
1                                      1.7461082344651607e-01
2                                     -9.8236301746160853e-04
   &DIPOLENUCCONTRIB [&Type "ArrayOfDoubles", &Dim (3,1)] "Nuclear contribution"
                                                         0

0                                      3.1949789114748572e-01
1                                     -1.5887891909064322e-01
2                                      2.2964204878239691e-06
   &DIPOLETOTAL [&Type "ArrayOfDoubles", &Dim (3,1)] "Total"
                                                         0

0                                      4.3325781709953282e-01
1                                      1.5731904355872850e-02
2                                     -9.8006659697378457e-04
   &DIPOLEMAGNITUDE [&Type "Double", &Units "a.u."]       4.3354444918952550e-01
$End
$THERMOCHEMISTRY_Energies
   &GeometryIndex 1
   &ListStatus       OUT
   &TEMPERATURE [&Type "Double"]       2.9814999999999998e+02
   &PRESSURE [&Type "Double"]       1.0000000000000000e+00
   &TOTALMASS [&Type "Double"]       1.5002099999999999e+02
   &SPINDEGENERACY [&Type "Integer"] 1
   &ELENERGY [&Type "Double"]      -7.1334424819317132e+02
   &TRANSENERGY [&Type "Double"]       1.4162714244859817e-03
   &ROTENERGY [&Type "Double"]       1.4162714244859817e-03
   &VIBENERGY [&Type "Double"]       4.2401070817198773e-03
   &NUMOFFREQS [&Type "Integer"] 27
   &FREQSCALINGFACTOR [&Type "Double"]       1.0000000000000000e+00
   &FREQ [&Type "ArrayOfDoubles", &Dim (27,1)] "In cm^-1"
                                                         0

0                                      0.0000000000000000e+00
1                                      0.0000000000000000e+00
2                                      0.0000000000000000e+00
3                                      0.0000000000000000e+00
4                                      0.0000000000000000e+00
5                                      0.0000000000000000e+00
6                                     -7.9617040813174462e+00
7                                      1.3360656152297673e+02
8                                      1.4774450141892510e+02
9                                      2.5546960252481361e+02
10                                     2.9067713473962465e+02
11                                     3.5866394282128260e+02
12                                     3.7618357738524804e+02
13                                     4.3309758178198047e+02
14                                     5.0092642417306780e+02
15                                     5.5848663913491282e+02
16                                     5.9152071712147404e+02
17                                     6.4742388716653818e+02
18                                     6.5587544350615497e+02
19                                     7.5440393811580714e+02
20                                     1.0275558036704549e+03
21                                     1.1084852833747091e+03
22                                     1.1494872929826170e+03
23                                     1.2117500080615323e+03
24                                     1.3226766102099684e+03
25                                     1.3725925910624724e+03
26                                     1.8141706524973563e+03
   &ZPE [&Type "Double"]       3.3513664248570184e-02
   &INNERENERGYU [&Type "Double"]      -7.1330366187899222e+02
   &ENTHALPYH [&Type "Double"]      -7.1330271766994997e+02
   &QEL [&Type "Double"]       0.0000000000000000e+00
   &QROT [&Type "Double"]       1.3781340593639082e-02
   &QVIB [&Type "Double"]       6.9390364915853228e-03
   &QTRANS [&Type "Double"]       1.9445689029920110e-02
   &ENTROPYS [&Type "Double"]       4.0166066115144519e-02
   &FREEENERGYG [&Type "Double"]      -7.1334288373606512e+02
   &ISLINEAR [&Type "Boolean"] false
$End
$Hessian
   &GeometryIndex 1
   &ListStatus       OUT
   &HESSIAN [&Type "ArrayOfDoubles", &Dim (27,27)] "The Hessian"
                                                         0                           1                           2                           3                           4                           5                           6                           7

0                                      7.7129601318418484e-01         1.3448964347115039e-01        -9.0034570363444952e-04        -4.1491038787580931e-01        -1.7696517439535653e-01         4.6738689648814915e-04        -5.9965602116453284e-02        -3.5632129150355088e-03
1                                      1.3448964347115039e-01         6.8854304125019383e-01        -1.2204995274704810e-03        -2.1463217241770366e-01        -2.0083687240741993e-01         4.4571572950965278e-04         4.5408825254089381e-02         3.3436278671304040e-03
2                                     -9.0034570363444952e-04        -1.2204995274704810e-03         1.1794585835889085e-01         7.1435179574993860e-04         5.1014647168134042e-04        -4.4988479711654678e-02        -1.1124529477512791e-04         6.0434701111564392e-05
3                                     -4.1491038787580931e-01        -2.1463217241770366e-01         7.1435179574993860e-04         8.7640975779223962e-01         1.5413972825358324e-01        -7.6404042168674998e-04        -3.4830713456791856e-01         9.9779627224128836e-02
4                                     -1.7696517439535653e-01        -2.0083687240741993e-01         5.1014647168134042e-04         1.5413972825358324e-01         6.9998495686690509e-01        -1.0086809561281468e-03         8.1812503856438901e-02        -1.0898486847811518e-01
5                                      4.6738689648814915e-04         4.4571572950965278e-04        -4.4988479711654678e-02        -7.6404042168674998e-04        -1.0086809561281468e-03         1.2489632047761917e-01         8.6260033202368078e-05         2.9685074785835684e-05
6                                     -5.9965602116453284e-02         4.5408825254089381e-02        -1.1124529477512791e-04        -3.4830713456791856e-01         8.1812503856438901e-02         8.6260033202368078e-05         4.0077067849204123e-01        -1.4322086706507692e-01
7                                     -3.5632129150355088e-03         3.3436278671304040e-03         6.0434701111564392e-05         9.9779627224128836e-02        -1.0898486847811518e-01         2.9685074785835684e-05        -1.4322086706507692e-01         1.4281268111834561e-01
8                                      2.7984915706037413e-05        -5.9592667285303417e-05         1.0222000361030888e-02         1.1344867747219208e-04         4.2515293690473601e-05        -4.0248054387070305e-02        -4.5016579520282386e-05        -7.7513958017172944e-05
9                                      1.1467475293607622e-02        -3.1284313784233186e-02         8.6169392757122961e-05        -8.5249950091079607e-02        -3.3714661171976815e-02         1.1175183415982710e-04        -1.8671687334662693e-03         5.3361390138806773e-02
10                                    -6.9988429671082042e-03        -2.9845209410763955e-02        -2.6131655148418600e-05        -4.8372645579641202e-02        -3.6256056710750073e-01         5.4334471060825591e-04         3.4633808562568431e-02        -4.5558457918696268e-02
11                                    -1.5252264497971840e-05         6.1339855753933092e-05         2.3777094952525182e-03         1.1545178715952608e-04         5.7709074028316110e-04        -3.9707982678045532e-02        -4.0873104370321657e-05         3.3093113031637967e-05
12                                    -1.7443180695419763e-01         6.8428166157369838e-02         1.4562335029874726e-04        -4.5411964431035887e-02        -1.1203463557683684e-02         1.1309032451412371e-04         1.8077676393175056e-02        -6.1823901820204303e-03
13                                     2.8518056339017814e-02        -9.1921689540248985e-02         2.1094983044415759e-05         3.0405069186096503e-03         4.1971995236873588e-02        -6.5960332172988550e-05        -1.5142577110195087e-02        -2.2169811341238204e-03
14                                    -2.2699349691987505e-04         4.8362179107237798e-05        -5.9957558263002871e-02         1.2458009829788405e-04        -1.1572000755843769e-04        -4.7917037910964605e-03        -4.5009752894137716e-06         3.8899121316773814e-05
15                                    -8.8741722717767431e-03         1.8553888697345259e-02         2.3412908240277926e-02         6.0415662105119611e-03         4.7694099228639394e-03         1.2280141389023292e-03        -4.1827278639854429e-03         1.4900188173339393e-03
16                                     2.1013586735788920e-02        -8.6796116101568108e-03        -2.3659061585738599e-02        -6.8767851020707874e-03        -1.1902764544697249e-02        -2.3453282511924148e-03         4.9813033013363147e-03        -5.6331092724552897e-04
17                                     9.1096864730461288e-03        -1.3237048060669436e-02        -5.6616438871032668e-03        -3.4856568076078089e-03        -5.1842230927054622e-03         4.1939350445977311e-06         2.7897576365843147e-03        -3.1291729678600095e-04
18                                    -7.9664645146864214e-03         1.9065385720404462e-02        -2.2772521734855299e-02         5.8344156729215699e-03         4.4145835114358881e-03        -1.1627535872650125e-03        -4.0472120269866574e-03         1.4807387250815904e-03
19                                     2.0729159853943895e-02        -9.7475485619606204e-03         2.3631894908879496e-02        -6.8888094525771208e-03        -1.2083771621782083e-02         2.3181121263543005e-03         4.9953291370667431e-03        -5.6127578320409746e-04
20                                    -8.3013204075162647e-03         1.3592943523951111e-02        -5.2048485309846779e-03         3.3024708845451334e-03         5.0614168492173787e-03         5.2525380222124499e-05        -2.6768027047395729e-03         2.8391951798291122e-04
21                                    -4.5885563969689409e-02        -4.0870130369562330e-02        -6.3921727351899400e-04         1.5813828172004055e-03         9.9825575478000219e-03        -1.5291471737946497e-04        -6.7441956875476539e-03        -4.4842336681726568e-04
22                                    -8.2700105664154991e-03        -6.5943406676772023e-03        -8.0017729290938542e-05         1.4379201633792685e-03        -1.4958380783515737e-03        -2.2846653853901569e-05        -1.0266063506414601e-03         7.1013998248711666e-04
23                                    -2.8446973908307922e-04        -3.0721022640075061e-04         1.0009205472167028e-02        -5.1041490328871541e-05         5.2480986066727632e-05         1.9856213706895042e-03        -3.4461985288460149e-05        -1.5801692871520642e-05
24                                    -7.0729490775179676e-02         1.0441013932835416e-03         5.7011396617652085e-05         4.0123144729697878e-03        -3.3644826397505927e-02         7.3113854560723226e-05         6.2656861111415841e-03        -2.3189512855688859e-03
25                                    -9.1565996781289537e-03        -3.4426139691909674e-01         7.6567723329999139e-04         1.8781972422692736e-02        -4.4092269865911971e-02         1.0920302272998775e-04        -1.2819649676418363e-02         1.1018445273421799e-02
26                                     1.3058915749380873e-04         6.7245139313566531e-04        -2.4742243294595762e-02        -6.9472879097536711e-05         6.1729244812384535e-05         2.7975594042915844e-03         3.6687985705082020e-05        -4.0925478537693092e-05
                                                         8                           9                          10                          11                          12                          13                          14                          15

0                                      2.7984915706037413e-05         1.1467475293607622e-02        -6.9988429671082042e-03        -1.5252264497971840e-05        -1.7443180695419763e-01         2.8518056339017814e-02        -2.2699349691987505e-04        -8.8741722717767431e-03
1                                     -5.9592667285303417e-05        -3.1284313784233186e-02        -2.9845209410763955e-02         6.1339855753933092e-05         6.8428166157369838e-02        -9.1921689540248985e-02         4.8362179107237798e-05         1.8553888697345259e-02
2                                      1.0222000361030888e-02         8.6169392757122961e-05        -2.6131655148418600e-05         2.3777094952525182e-03         1.4562335029874726e-04         2.1094983044415759e-05        -5.9957558263002871e-02         2.3412908240277926e-02
3                                      1.1344867747219208e-04        -8.5249950091079607e-02        -4.8372645579641202e-02         1.1545178715952608e-04        -4.5411964431035887e-02         3.0405069186096503e-03         1.2458009829788405e-04         6.0415662105119611e-03
4                                      4.2515293690473601e-05        -3.3714661171976815e-02        -3.6256056710750073e-01         5.7709074028316110e-04        -1.1203463557683684e-02         4.1971995236873588e-02        -1.1572000755843769e-04         4.7694099228639394e-03
5                                     -4.0248054387070305e-02         1.1175183415982710e-04         5.4334471060825591e-04        -3.9707982678045532e-02         1.1309032451412371e-04        -6.5960332172988550e-05        -4.7917037910964605e-03         1.2280141389023292e-03
6                                     -4.5016579520282386e-05        -1.8671687334662693e-03         3.4633808562568431e-02        -4.0873104370321657e-05         1.8077676393175056e-02        -1.5142577110195087e-02        -4.5009752894137716e-06        -4.1827278639854429e-03
7                                     -7.7513958017172944e-05         5.3361390138806773e-02        -4.5558457918696268e-02         3.3093113031637967e-05        -6.1823901820204303e-03        -2.2169811341238204e-03         3.8899121316773814e-05         1.4900188173339393e-03
8                                      1.9839232484181190e-02        -9.8073723956749822e-05         4.0139348675022770e-05         6.5354348042690105e-03        -1.0781064547498572e-05         5.7255962340338351e-05         1.0304669071876138e-02        -1.2533002387191815e-03
9                                     -9.8073723956749822e-05         8.2002001132913116e-02         1.7821150615861252e-02         1.9685428644083375e-05         2.5007815579390427e-03         7.3965729781612865e-04        -6.7704291123393758e-05        -1.6663145257904458e-03
10                                     4.0139348675022770e-05         1.7821150615861252e-02         4.5472908514942295e-01        -6.9103368563334694e-04         1.5697063749046915e-02        -1.8203816434351802e-02         3.8862082523012758e-05        -3.7261487670691802e-03
11                                     6.5354348042690105e-03         1.9685428644083375e-05        -6.9103368563334694e-04         2.2446466616550656e-02        -3.7257922278043052e-05         2.5457724614566467e-05        -2.6685627754821388e-03         3.1729407121854742e-04
12                                    -1.0781064547498572e-05         2.5007815579390427e-03         1.5697063749046915e-02        -3.7257922278043052e-05         5.7223926113020174e-01        -2.0012745163063866e-02         5.8755552608121594e-04        -8.8414025670486882e-02
13                                     5.7255962340338351e-05         7.3965729781612865e-04        -1.8203816434351802e-02         2.5457724614566467e-05        -2.0012745163063866e-02         5.0131576792133259e-01        -1.8455808964789702e-04         2.7625183125397683e-02
14                                     1.0304669071876138e-02        -6.7704291123393758e-05         3.8862082523012758e-05        -2.6685627754821388e-03         5.8755552608121594e-04        -1.8455808964789702e-04         4.4352064398316249e-01         3.2191144224338053e-02
15                                    -1.2533002387191815e-03        -1.6663145257904458e-03        -3.7261487670691802e-03         3.1729407121854742e-04        -8.8414025670486882e-02         2.7625183125397683e-02         3.2191144224338053e-02         7.6039047037733079e-02
16                                     1.7451157899639918e-03        -5.2352496070585909e-04         7.6474021963874664e-03         2.5133714704312450e-04         2.5038693605075595e-02        -1.2618123318493579e-01        -7.1520689286390993e-02        -2.1275506989232015e-02
17                                     3.1388207637798459e-04         8.2505027156315252e-04         3.9752178413406973e-03        -8.4942711693588733e-05         3.2225795609156761e-02        -6.9099406324152401e-02        -1.5962605643213590e-01        -3.0279161403817496e-02
18                                     1.1785618085086661e-03        -1.9074545759975798e-03        -3.5526516259060266e-03        -3.6696148483613225e-04        -8.7965822389866985e-02         2.7443965471988310e-02        -3.0625000696025341e-02         1.5482955362104417e-02
19                                    -1.7230480168093565e-03        -6.2050048999945742e-04         7.8147538747398750e-03        -3.1395607524950400e-04         2.4698845541707523e-02        -1.2970065679993034e-01         7.2894820449416531e-02        -2.5540996637072708e-03
20                                     2.7293981147633240e-04        -8.7594033710029816e-04        -3.9567474897749325e-03        -7.7486874487576465e-05        -3.0773986997967871e-02         7.0649643965048026e-02        -1.5755044716610533e-01        -2.2539514720389467e-03
21                                     8.6133158758137547e-05        -2.7772997028705361e-04        -1.6006185599286623e-03        -6.7564633446734416e-08        -1.9907813951696857e-01        -7.7556804554786196e-02        -2.0328899584438559e-03         8.6118918629688873e-03
22                                     6.0454431805822980e-06        -1.0522548179006869e-04         1.9163227437191859e-03        -5.0413557037263456e-06        -8.9282434501656682e-02        -1.4032606408486278e-01        -1.5902450804708094e-03        -3.0542150686427030e-02
23                                    -1.3166369345725107e-03         3.1094191260589547e-06         1.8898638275801889e-05         1.0760119967161106e-04        -1.9287880190535104e-03        -1.2271455386439790e-03        -7.2575069343983376e-02        -2.6134019350317769e-02
24                                     1.2380347900932855e-06        -5.0016400878388203e-03        -4.2661971957865781e-03         1.0632716852436400e-05         2.4840398812401368e-03         2.5489372252654727e-02        -1.4757220133432365e-04        -3.0382201412788310e-03
25                                    -2.9790297754911389e-05        -5.3088903958155098e-03        -1.5939513092956704e-02         5.9207485896756469e-05        -7.3263502262143759e-03        -3.4737321979752697e-02         2.2335183477400746e-04         5.4540147063699531e-03
26                                    -5.9234672875687283e-03        -6.6996573284808934e-06         5.9955259097304908e-05         1.1071762923965035e-02        -1.1986903578487223e-04        -9.4655534995041968e-06         3.3440847167675019e-03         2.4568901286046011e-03
                                                        16                          17                          18                          19                          20                          21                          22                          23

0                                      2.1013586735788920e-02         9.1096864730461288e-03        -7.9664645146864214e-03         2.0729159853943895e-02        -8.3013204075162647e-03        -4.5885563969689409e-02        -8.2700105664154991e-03        -2.8446973908307922e-04
1                                     -8.6796116101568108e-03        -1.3237048060669436e-02         1.9065385720404462e-02        -9.7475485619606204e-03         1.3592943523951111e-02        -4.0870130369562330e-02        -6.5943406676772023e-03        -3.0721022640075061e-04
2                                     -2.3659061585738599e-02        -5.6616438871032668e-03        -2.2772521734855299e-02         2.3631894908879496e-02        -5.2048485309846779e-03        -6.3921727351899400e-04        -8.0017729290938542e-05         1.0009205472167028e-02
3                                     -6.8767851020707874e-03        -3.4856568076078089e-03         5.8344156729215699e-03        -6.8888094525771208e-03         3.3024708845451334e-03         1.5813828172004055e-03         1.4379201633792685e-03        -5.1041490328871541e-05
4                                     -1.1902764544697249e-02        -5.1842230927054622e-03         4.4145835114358881e-03        -1.2083771621782083e-02         5.0614168492173787e-03         9.9825575478000219e-03        -1.4958380783515737e-03         5.2480986066727632e-05
5                                     -2.3453282511924148e-03         4.1939350445977311e-06        -1.1627535872650125e-03         2.3181121263543005e-03         5.2525380222124499e-05        -1.5291471737946497e-04        -2.2846653853901569e-05         1.9856213706895042e-03
6                                      4.9813033013363147e-03         2.7897576365843147e-03        -4.0472120269866574e-03         4.9953291370667431e-03        -2.6768027047395729e-03        -6.7441956875476539e-03        -1.0266063506414601e-03        -3.4461985288460149e-05
7                                     -5.6331092724552897e-04        -3.1291729678600095e-04         1.4807387250815904e-03        -5.6127578320409746e-04         2.8391951798291122e-04        -4.4842336681726568e-04         7.1013998248711666e-04        -1.5801692871520642e-05
8                                      1.7451157899639918e-03         3.1388207637798459e-04         1.1785618085086661e-03        -1.7230480168093565e-03         2.7293981147633240e-04         8.6133158758137547e-05         6.0454431805822980e-06        -1.3166369345725107e-03
9                                     -5.2352496070585909e-04         8.2505027156315252e-04        -1.9074545759975798e-03        -6.2050048999945742e-04        -8.7594033710029816e-04        -2.7772997028705361e-04        -1.0522548179006869e-04         3.1094191260589547e-06
10                                     7.6474021963874664e-03         3.9752178413406973e-03        -3.5526516259060266e-03         7.8147538747398750e-03        -3.9567474897749325e-03        -1.6006185599286623e-03         1.9163227437191859e-03         1.8898638275801889e-05
11                                     2.5133714704312450e-04        -8.4942711693588733e-05        -3.6696148483613225e-04        -3.1395607524950400e-04        -7.7486874487576465e-05        -6.7564633446734416e-08        -5.0413557037263456e-06         1.0760119967161106e-04
12                                     2.5038693605075595e-02         3.2225795609156761e-02        -8.7965822389866985e-02         2.4698845541707523e-02        -3.0773986997967871e-02        -1.9907813951696857e-01        -8.9282434501656682e-02        -1.9287880190535104e-03
13                                    -1.2618123318493579e-01        -6.9099406324152401e-02         2.7443965471988310e-02        -1.2970065679993034e-01         7.0649643965048026e-02        -7.7556804554786196e-02        -1.4032606408486278e-01        -1.2271455386439790e-03
14                                    -7.1520689286390993e-02        -1.5962605643213590e-01        -3.0625000696025341e-02         7.2894820449416531e-02        -1.5755044716610533e-01        -2.0328899584438559e-03        -1.5902450804708094e-03        -7.2575069343983376e-02
15                                    -2.1275506989232015e-02        -3.0279161403817496e-02         1.5482955362104417e-02        -2.5540996637072708e-03        -2.2539514720389467e-03         8.6118918629688873e-03        -3.0542150686427030e-02        -2.6134019350317769e-02
16                                     1.6655076854773299e-01         1.2754049289581831e-01        -2.7384920336024176e-03         1.9482400165146928e-02         9.0653190637468364e-03        -2.0924536480097223e-02        -4.4641036532888090e-02        -4.0380277053801039e-02
17                                     1.2754049289581831e-01         2.6069171097120714e-01         3.4474453900565569e-03        -6.7807736930293946e-03        -8.5915516722752661e-02        -1.7394497858668319e-02        -3.4127996150374415e-02        -7.8533573553797066e-03
18                                    -2.7384920336024176e-03         3.4474453900565569e-03         7.5619988791637158e-02        -2.0206076162642989e-02         2.7372190630229547e-02         8.1173079057785119e-03        -3.1517607978101818e-02         2.5651291370394857e-02
19                                     1.9482400165146928e-02        -6.7807736930293946e-03        -2.0206076162642989e-02         1.7282063807898787e-01        -1.3012013384782983e-01        -2.1756619519064775e-02        -4.6215319263241725e-02         3.9160548838827927e-02
20                                     9.0653190637468364e-03        -8.5915516722752661e-02         2.7372190630229547e-02        -1.3012013384782983e-01         2.5592709216578169e-01         1.7128777050135421e-02         3.2861552208432412e-02        -5.6396602173399736e-03
21                                    -2.0924536480097223e-02        -1.7394497858668319e-02         8.1173079057785119e-03        -2.1756619519064775e-02         1.7128777050135421e-02         2.3358694589865764e-01         1.5210130720248147e-01         2.8743703915094215e-03
22                                    -4.4641036532888090e-02        -3.4127996150374415e-02        -3.1517607978101818e-02        -4.6215319263241725e-02         3.2861552208432412e-02         1.5210130720248147e-01         2.3080443867895953e-01         2.7983635857012894e-03
23                                    -4.0380277053801039e-02        -7.8533573553797066e-03         2.5651291370394857e-02         3.9160548838827927e-02        -5.6396602173399736e-03         2.8743703915094215e-03         2.7983635857012894e-03         7.5788752419439179e-02
24                                     1.5106527606322017e-03         3.0757623512386398e-03        -3.1677142249040098e-03         1.7330389036063834e-03        -3.1336770583592329e-03         8.8100659887230173e-05         6.9390384147888975e-03         6.8215097200383210e-06
