*************************************************
******************* ORCA 6.0.0 ******************
*************************************************
$Calculation_Status
   &GeometryIndex 1
   &ListStatus       OUT
   &VERSION [&Type "String"] "6.0.0"
   &PROGNAME [&Type "String"] "LeanSCF"
   &STATUS [&Type "String"] "NORMAL TERMINATION"
$End
$Geometry
   &GeometryIndex 1
   &ListStatus       OUT
   &NATOMS [&Type "Integer"] 9
   &NCORELESSECP [&Type "Integer"] 0
   &NGHOSTATOMS [&Type "Integer"] 0
   &CartesianCoordinates [&Type "Coordinates", &Dim(9,4), &Units "Bohr"] 
              C      0.479215534272   -1.013568935675    0.000106115681
              C      2.629849902589    0.287166665186   -0.000432265782
              F      4.883506133233   -0.747135311950   -0.000280050799
              F      2.713392167083    2.771240500722   -0.001282010807
              C     -2.092829472490    0.212787613363    0.000091465579
              F     -2.429644669751    1.704249200182   -2.046929078408
              F     -3.896654957466   -1.565034530230   -0.007021802417
              F     -2.435404582787    1.693364219481    2.054149849900
              F      0.528586987521   -3.543773357368    0.001500397386
$End
$SCF_Energy
   &GeometryIndex 1
   &ListStatus       OUT
   &SCF_ENERGY [&Type "Double"]      -7.1335311467920781e+02
$End
$DFT_Energy
   &GeometryIndex 1
   &ListStatus       OUT
   &NALPHAEL [&Type "Integer"] 36
   &NBETAEL [&Type "Integer"] 36
   &NTOTALEL [&Type "Integer"] 72
   &EEXCHANGE [&Type "Double"]      -7.6301079108037911e+01
   &ECORR [&Type "Double"]      -2.5001043767083342e+00
   &ECNL [&Type "Double"]       0.0000000000000000e+00
   &EXC [&Type "Double"]      -7.8801183484746247e+01
   &EEMBED [&Type "Double"]       0.0000000000000000e+00
   &FINALEN [&Type "Double"]      -7.1335311467920781e+02  "No Van der Waals correction"
$End
$Mulliken_Population_Analysis
   &GeometryIndex 1
   &ListStatus       OUT
   &NATOMS [&Type "Integer"] 9
   &ATNO [&Type "ArrayOfIntegers", &Dim (9,1)] 
                                                         0

0                                                        6
1                                                        6
2                                                        9
3                                                        9
4                                                        6
5                                                        9
6                                                        9
7                                                        9
8                                                        9
   &ATOMICCHARGES [&Type "ArrayOfDoubles", &Dim (9,1)] 
                                                         0

0                                      4.9482149684347831e-02
1                                      3.6192352167537756e-01
2                                     -1.3360541689674221e-01
3                                     -1.3216006901368083e-01
4                                      4.8846099877442040e-01
5                                     -1.6077355248987146e-01
6                                     -1.4817400046072393e-01
7                                     -1.6080553575588930e-01
8                                     -1.6434809551737217e-01
$End
$Loewdin_Population_Analysis
   &GeometryIndex 1
   &ListStatus       OUT
   &NATOMS [&Type "Integer"] 9
   &ATNO [&Type "ArrayOfIntegers", &Dim (9,1)] 
                                                         0

0                                                        6
1                                                        6
2                                                        9
3                                                        9
4                                                        6
5                                                        9
6                                                        9
7                                                        9
8                                                        9
   &ATOMICCHARGES [&Type "ArrayOfDoubles", &Dim (9,1)] 
                                                         0

0                                     -2.8824065434060131e-01
1                                     -4.2932309498657961e-01
2                                      2.6337433743204208e-01
3                                      2.6210410413038687e-01
4                                     -6.4176147998397592e-01
5                                      1.9598755849091454e-01
6                                      2.2003372709890989e-01
7                                      1.9587919937991316e-01
8                                      2.2194630277885707e-01
$End
$Mayer_Population_Analysis
   &GeometryIndex 1
   &ListStatus       OUT
   &NATOMS [&Type "Integer"] 9 "Total number of atoms"
   &BONDTHRESH [&Type "Double"]       1.0000000000000001e-01  "The threshold for printing"
   &NBONDORDERSPRINT [&Type "Integer"] 8 "The number of bond orders larger than threshold"
   &BONDORDERS [&Type "ArrayOfDoubles", &Dim (8,1)] "The bond orders"
                                                         0

0                                      1.7608667534156708e+00
1                                      9.7536840575697104e-01
2                                      1.0454454257006873e+00
3                                      1.1390601520596446e+00
4                                      1.1336512577055804e+00
5                                      1.1245787234077482e+00
6                                      1.1441471393332017e+00
7                                      1.1246332821302296e+00
   &COMPONENTS [&Type "ArrayOfIntegers", &Dim (8,4)] "The indices and atomic numbers of the bonding atoms"
                                                         0                           1                           2                           3

0                                                        0                           6                           1                           6
1                                                        0                           6                           4                           6
2                                                        0                           6                           8                           9
3                                                        1                           6                           2                           9
4                                                        1                           6                           3                           9
5                                                        4                           6                           5                           9
6                                                        4                           6                           6                           9
7                                                        4                           6                           7                           9
   &ATNO [&Type "ArrayOfIntegers", &Dim (9,1)] "Atomic number of the elements"
                                                         0

0                                                        6
1                                                        6
2                                                        9
3                                                        9
4                                                        6
5                                                        9
6                                                        9
7                                                        9
8                                                        9
   &NA [&Type "ArrayOfDoubles", &Dim (9,1)] "Mulliken gross atomic population"
                                                         0

0                                      5.9505178503156824e+00
1                                      5.6380764783246224e+00
2                                      9.1336054168967635e+00
3                                      9.1321600690136933e+00
4                                      5.5115390012255769e+00
5                                      9.1607735524898803e+00
6                                      9.1481740004607062e+00
7                                      9.1608055357558822e+00
8                                      9.1643480955174503e+00
   &ZA [&Type "ArrayOfDoubles", &Dim (9,1)] "Total nuclear charge"
                                                         0

0                                      6.0000000000000000e+00
1                                      6.0000000000000000e+00
2                                      9.0000000000000000e+00
3                                      9.0000000000000000e+00
4                                      6.0000000000000000e+00
5                                      9.0000000000000000e+00
6                                      9.0000000000000000e+00
7                                      9.0000000000000000e+00
8                                      9.0000000000000000e+00
   &QA [&Type "ArrayOfDoubles", &Dim (9,1)] "Mulliken gross atomic charge"
                                                         0

0                                      4.9482149684317633e-02
1                                      3.6192352167537756e-01
2                                     -1.3360541689676353e-01
3                                     -1.3216006901369326e-01
4                                      4.8846099877442306e-01
5                                     -1.6077355248988034e-01
6                                     -1.4817400046070617e-01
7                                     -1.6080553575588219e-01
8                                     -1.6434809551745033e-01
   &VA [&Type "ArrayOfDoubles", &Dim (9,1)] "Mayer's total valence"
                                                         0

0                                      3.8274912981459179e+00
1                                      4.1389798220489933e+00
2                                      1.2009919594961997e+00
3                                      1.1972120644219797e+00
4                                      4.4216974283358317e+00
5                                      1.1378523324801828e+00
6                                      1.1660182412059175e+00
7                                      1.1378271250172014e+00
8                                      1.1266213381473849e+00
   &BVA [&Type "ArrayOfDoubles", &Dim (9,1)] "Mayer's bonded valence"
                                                         0

0                                      3.8274912981459011e+00
1                                      4.1389798220490714e+00
2                                      1.2009919594961487e+00
3                                      1.1972120644219622e+00
4                                      4.4216974283357624e+00
5                                      1.1378523324802141e+00
6                                      1.1660182412060429e+00
7                                      1.1378271250172234e+00
8                                      1.1266213381473160e+00
   &FA [&Type "ArrayOfDoubles", &Dim (9,1)] "Mayer's free valence"
                                                         0

0                                      0.0000000000000000e+00
1                                      0.0000000000000000e+00
2                                      0.0000000000000000e+00
3                                      0.0000000000000000e+00
4                                      0.0000000000000000e+00
5                                      0.0000000000000000e+00
6                                      0.0000000000000000e+00
7                                      0.0000000000000000e+00
8                                      0.0000000000000000e+00
$End
$VdW_Correction
   &GeometryIndex 1
   &ListStatus       OUT
   &VDW [&Type "Double"]      -2.0432096174762861e-03
$End
$Calculation_Info
   &GeometryIndex 1
   &ListStatus       OUT
   &MULT [&Type "Integer"] 1
   &CHARGE [&Type "Integer"] 0
   &NUMOFATOMS [&Type "Integer"] 9
   &NUMOFELECTRONS [&Type "Integer"] 72
   &NUMOFFCELECTRONS [&Type "Integer"] 1
   &NUMOFCORRELECTRONS [&Type "Integer"] 0
   &NUMOFBASISFUNCTS [&Type "Integer"] 279
   &NUMOFAUXCBASISFUNCTS [&Type "Integer"] 0
   &NUMOFAUXJBASISFUNCTS [&Type "Integer"] 300
   &NUMOFAUXJKBASISFUNCTS [&Type "Integer"] 0
   &NUMOFCABSBASISFUNCTS [&Type "Integer"] 0
   &TOTALENERGY [&Type "Double"]      -7.1334431763172529e+02  "Hartrees"
$End
$SCF_Dipole_Moment
   &GeometryIndex 1
   &ListStatus       OUT
   &METHOD [&Type "String"] "SCF"
   &LEVEL [&Type "String"] "Relaxed density"
   &MULT [&Type "Integer"] 1
   &STATE [&Type "Integer"] -1
   &IRREP [&Type "Integer"] 0
   &NATOMS [&Type "Integer"] 9
   &DODIPOLEATOM [&Type "Boolean"] false
   &DIPOLEELECCONTRIB [&Type "ArrayOfDoubles", &Dim (3,1)] "Electronic contribution"
                                                         0

0                                      8.7034803451965972e-02
1                                      1.7539203129795017e-01
2                                     -1.6021844120713585e-04
   &DIPOLENUCCONTRIB [&Type "ArrayOfDoubles", &Dim (3,1)] "Nuclear contribution"
                                                         0

0                                      3.1427441000296685e-01
1                                     -1.5781959858875538e-01
2                                     -7.1444049260280251e-05
   &DIPOLETOTAL [&Type "ArrayOfDoubles", &Dim (3,1)] "Total"
                                                         0

0                                      4.0130921345493281e-01
1                                      1.7572432709194785e-02
2                                     -2.3166249046741610e-04
   &DIPOLEMAGNITUDE [&Type "Double", &Units "a.u."]       4.0169382477534488e-01
$End
$THERMOCHEMISTRY_Energies
   &GeometryIndex 1
   &ListStatus       OUT
   &TEMPERATURE [&Type "Double"]       2.9814999999999998e+02
   &PRESSURE [&Type "Double"]       1.0000000000000000e+00
   &TOTALMASS [&Type "Double"]       1.5002099999999999e+02
   &SPINDEGENERACY [&Type "Integer"] 1
   &ELENERGY [&Type "Double"]      -7.1334431763172529e+02
   &TRANSENERGY [&Type "Double"]       1.4162714244859817e-03
   &ROTENERGY [&Type "Double"]       1.4162714244859817e-03
   &VIBENERGY [&Type "Double"]       4.2421931797904985e-03
   &NUMOFFREQS [&Type "Integer"] 27
   &FREQSCALINGFACTOR [&Type "Double"]       1.0000000000000000e+00
   &FREQ [&Type "ArrayOfDoubles", &Dim (27,1)] "In cm^-1"
                                                         0

0                                      0.0000000000000000e+00
1                                      0.0000000000000000e+00
2                                      0.0000000000000000e+00
3                                      0.0000000000000000e+00
4                                      0.0000000000000000e+00
5                                      0.0000000000000000e+00
6                                     -1.7794028157741689e+01
7                                      1.3498413412367219e+02
8                                      1.4773108172186718e+02
9                                      2.5415942483709006e+02
10                                     2.8924620013835113e+02
11                                     3.5785745898870630e+02
12                                     3.7492346185040583e+02
13                                     4.3351300891731597e+02
14                                     5.0032691380838065e+02
15                                     5.5879174477549225e+02
16                                     5.9156912208867902e+02
17                                     6.4810834559464797e+02
18                                     6.5555282903945829e+02
19                                     7.5440165760613036e+02
20                                     1.0265095275211693e+03
21                                     1.1178411951338801e+03
22                                     1.1565182794188520e+03
23                                     1.2146566563861738e+03
24                                     1.3159850012243658e+03
25                                     1.3669719201727767e+03
26                                     1.8080681655299445e+03
   &ZPE [&Type "Double"]       3.3506642789234362e-02
   &INNERENERGYU [&Type "Double"]      -7.1330373625290736e+02
   &ENTHALPYH [&Type "Double"]      -7.1330279204386511e+02
   &QEL [&Type "Double"]       0.0000000000000000e+00
   &QROT [&Type "Double"]       1.3782333133971628e-02
   &QVIB [&Type "Double"]       6.9426078288003729e-03
   &QTRANS [&Type "Double"]       1.9445689029920110e-02
   &ENTROPYS [&Type "Double"]       4.0170629992692108e-02
   &FREEENERGYG [&Type "Double"]      -7.1334296267385776e+02
   &ISLINEAR [&Type "Boolean"] false
$End
$Hessian
   &GeometryIndex 1
   &ListStatus       OUT
   &HESSIAN [&Type "ArrayOfDoubles", &Dim (27,27)] "The Hessian"
                                                         0                           1                           2                           3                           4                           5                           6                           7

0                                      7.6259819569699760e-01         1.3440086852151345e-01        -1.9270840875373833e-04        -4.1205638261543909e-01        -1.7488406878943877e-01         8.3568304501904957e-05        -5.9394223098422447e-02        -3.5532142280458937e-03
1                                      1.3440086852151345e-01         6.9137160705842260e-01        -2.6372273586334593e-04        -2.1252643881568645e-01        -1.9979864665967351e-01         8.5978826637570334e-05         4.5318410941564621e-02         3.1403140257398252e-03
2                                     -1.9270840875373833e-04        -2.6372273586334593e-04         1.1839662471962567e-01         1.4869993630370749e-04         1.0843723449483901e-04        -4.4890015346806839e-02        -3.2627294550528809e-05         1.5348641351024009e-05
3                                     -4.1205638261543909e-01        -2.1252643881568645e-01         1.4869993630370749e-04         8.6748052451616586e-01         1.5507993778770923e-01        -1.2512954941351910e-04        -3.4249394898986074e-01         9.7484962482216289e-02
4                                     -1.7488406878943877e-01        -1.9979864665967351e-01         1.0843723449483901e-04         1.5507993778770923e-01         6.9656224159786317e-01        -2.1743241494310748e-04         7.9537545796419126e-02        -1.0817558508046493e-01
5                                      8.3568304501904957e-05         8.5978826637570334e-05        -4.4890015346806839e-02        -1.2512954941351910e-04        -2.1743241494310748e-04         1.2493535922130866e-01        -5.3104117817588054e-06         1.3927812714000557e-05
6                                     -5.9394223098422447e-02         4.5318410941564621e-02        -3.2627294550528809e-05        -3.4249394898986074e-01         7.9537545796419126e-02        -5.3104117817588054e-06         3.9438603827866486e-01        -1.4077162860256742e-01
7                                     -3.5532142280458937e-03         3.1403140257398252e-03         1.5348641351024009e-05         9.7484962482216289e-02        -1.0817558508046493e-01         1.3927812714000557e-05        -1.4077162860256742e-01         1.4232201319664389e-01
8                                      1.4785279731884996e-06        -9.6866496496468610e-06         1.0001958017194501e-02         2.1100836224332697e-07         1.6542815553712236e-05        -4.0419734636880159e-02         1.9938530347267484e-05        -2.9089613787032327e-05
9                                      1.1470769638536301e-02        -3.1064698139473622e-02         1.9840801021861999e-05        -8.5438631494007683e-02        -3.4377739046528022e-02         2.0977356605577223e-05        -1.8051014835073244e-03         5.3145641684756016e-02
10                                    -6.6744492174073550e-03        -2.9190011336319863e-02        -1.0400049002775032e-05        -4.9135956062885441e-02        -3.6044092326736787e-01         1.1692910380060038e-04         3.4544216037405637e-02        -4.5736863792098466e-02
11                                    -3.9603868138695621e-06         1.0853245125111099e-05         2.0712633563850918e-03         2.3161950376415481e-05         1.2393599699312270e-04        -3.9578688220684138e-02        -9.9228320091393264e-06         1.1698373675949455e-05
12                                    -1.6942533396339132e-01         6.5713922639072428e-02         3.9735793633798055e-05        -4.4711340745294648e-02        -1.1053405765158543e-02         2.4116958200077874e-05         1.8014116200516909e-02        -6.1020205243536652e-03
13                                     2.6170806577979336e-02        -9.0869528567075641e-02         2.9436374809495253e-06         2.8629882048348751e-03         4.1611921570006698e-02        -1.3385836787185670e-05        -1.5075328243122976e-02        -2.2066440488623870e-03
14                                    -4.7418222882402685e-05         4.5437369713968322e-06        -6.0047502450955317e-02         2.7211705997825845e-05        -2.4665767594684790e-05        -4.8360578172139150e-03        -3.1883353405041213e-06         9.0299155786546939e-06
15                                    -8.1684127449618352e-03         1.9043192587907536e-02        -2.3136024290513205e-02         5.8190725327643550e-03         4.5100040865484236e-03        -1.2215314593830187e-03        -4.0702848308532538e-03         1.4775019526932667e-03
16                                     2.0685952884084480e-02        -9.4817079223685832e-03         2.3906667743571426e-02        -6.7601001581342720e-03        -1.1936822962700995e-02         2.3552591153712657e-03         4.9767136608876222e-03        -5.5821124155264537e-04
17                                    -8.5148749881557156e-03         1.3707086171319053e-02        -5.6163236914362515e-03         3.3016295349611261e-03         5.1053101515768700e-03         1.4140197953188289e-05        -2.7275619939188889e-03         2.8961823216252050e-04
18                                    -4.6152018233038286e-02        -4.1119874588105135e-02        -1.4927868081177485e-04         1.5411617677619223e-03         1.0028383915652375e-02        -3.4583688003337011e-05        -6.7844801648472442e-03        -4.4594181160075713e-04
19                                    -8.3373784352809288e-03        -6.7122274358176366e-03        -1.8938511840223651e-05         1.4163673040757452e-03        -1.4681806372681206e-03        -5.1528819060625140e-06        -1.0423062679488504e-03         7.0498525539990488e-04
20                                    -6.6209514428034651e-05        -7.1149981308632910e-05         1.0036391408474005e-02        -1.1620682645034406e-05         1.1953015262377681e-05         1.9684062714581136e-03        -7.7880393662057779e-06        -3.5647488356981882e-06
21                                    -8.3817986457892374e-03         1.8920824903577015e-02         2.3290511853683336e-02         5.8673847154006743e-03         4.5931203744743500e-03         1.2396748130582150e-03        -4.1017165909605236e-03         1.4799099355894615e-03
22                                     2.0755046164449495e-02        -9.2255466736649791e-03        -2.3915599933060958e-02        -6.7585912962808796e-03        -1.1894985479494469e-02        -2.3639544897220222e-03         4.9731955641723197e-03        -5.5897279421458453e-04
23                                     8.7081153972758396e-03        -1.3625434738556916e-02        -5.7332340984312183e-03        -3.3460582752887214e-03        -5.1362760173436009e-03         1.5331188962502268e-06         2.7554151884673903e-03        -2.9680124590209726e-04
24                                    -7.0490796034491709e-02         1.5106451941899642e-03         1.3762848336219650e-05         3.9921603125093949e-03        -3.3830720731484264e-02         1.7368385221757098e-05         6.2496006792697734e-03        -2.3459456109638488e-03
25                                    -8.7604167224136255e-03        -3.4923425248924223e-01         1.7669919764384974e-04         1.8733772925956987e-02        -4.4459019080899817e-02         2.8786092624411960e-05        -1.2830084164533542e-02         1.1068964479409346e-02
26                                     3.0096732933148805e-05         1.6009690055062374e-04        -2.4219161914049658e-02        -1.7256337659942130e-05         1.1239658211000063e-05         2.8050572119688519e-03         1.0487024746301121e-05        -9.8053440886227596e-06
                                                         8                           9                          10                          11                          12                          13                          14                          15

0                                      1.4785279731884996e-06         1.1470769638536301e-02        -6.6744492174073550e-03        -3.9603868138695621e-06        -1.6942533396339132e-01         2.6170806577979336e-02        -4.7418222882402685e-05        -8.1684127449618352e-03
1                                     -9.6866496496468610e-06        -3.1064698139473622e-02        -2.9190011336319863e-02         1.0853245125111099e-05         6.5713922639072428e-02        -9.0869528567075641e-02         4.5437369713968322e-06         1.9043192587907536e-02
2                                      1.0001958017194501e-02         1.9840801021861999e-05        -1.0400049002775032e-05         2.0712633563850918e-03         3.9735793633798055e-05         2.9436374809495253e-06        -6.0047502450955317e-02        -2.3136024290513205e-02
3                                      2.1100836224332697e-07        -8.5438631494007683e-02        -4.9135956062885441e-02         2.3161950376415481e-05        -4.4711340745294648e-02         2.8629882048348751e-03         2.7211705997825845e-05         5.8190725327643550e-03
4                                      1.6542815553712236e-05        -3.4377739046528022e-02        -3.6044092326736787e-01         1.2393599699312270e-04        -1.1053405765158543e-02         4.1611921570006698e-02        -2.4665767594684790e-05         4.5100040865484236e-03
5                                     -4.0419734636880159e-02         2.0977356605577223e-05         1.1692910380060038e-04        -3.9578688220684138e-02         2.4116958200077874e-05        -1.3385836787185670e-05        -4.8360578172139150e-03        -1.2215314593830187e-03
6                                      1.9938530347267484e-05        -1.8051014835073244e-03         3.4544216037405637e-02        -9.9228320091393264e-06         1.8014116200516909e-02        -1.5075328243122976e-02        -3.1883353405041213e-06        -4.0702848308532538e-03
7                                     -2.9089613787032327e-05         5.3145641684756016e-02        -4.5736863792098466e-02         1.1698373675949455e-05        -6.1020205243536652e-03        -2.2066440488623870e-03         9.0299155786546939e-06         1.4775019526932667e-03
8                                      2.0328073151604509e-02        -2.2227370763998380e-05         1.1551205366999270e-05         6.4699231288426924e-03        -4.6446598969967858e-07         1.1417396554021467e-05         1.0222712405572768e-02         1.2162109115568334e-03
9                                     -2.2227370763998380e-05         8.2054877488117434e-02         1.8511408224339283e-02         9.4213343552285389e-06         2.5596302872421999e-03         7.2340054451117239e-04        -1.5057286659742362e-05        -1.7934493241387813e-03
10                                     1.1551205366999270e-05         1.8511408224339283e-02         4.5211953247835518e-01        -1.5070305442878724e-04         1.5511702325096067e-02        -1.8040461924712401e-02         9.1490909765873069e-06        -3.6052681825198556e-03
11                                     6.4699231288426924e-03         9.4213343552285389e-06        -1.5070305442878724e-04         2.2593077045475619e-02        -8.2557450537797644e-06         5.4341024857039858e-06        -2.6027980368238351e-03        -3.2610588956215867e-04
12                                    -4.6446598969967858e-07         2.5596302872421999e-03         1.5511702325096067e-02        -8.2557450537797644e-06         5.6780033189299561e-01        -1.4877921531695110e-02         1.3806957234394759e-04        -8.7874602952068781e-02
13                                     1.1417396554021467e-05         7.2340054451117239e-04        -1.8040461924712401e-02         5.4341024857039858e-06        -1.4877921531695110e-02         5.0568820622022859e-01        -1.7557327236690654e-05         2.7642587718304409e-02
14                                     1.0222712405572768e-02        -1.5057286659742362e-05         9.1490909765873069e-06        -2.6027980368238351e-03         1.3806957234394759e-04        -1.7557327236690654e-05         4.5020130812030179e-01        -3.1623431503680112e-02
15                                     1.2162109115568334e-03        -1.7934493241387813e-03        -3.6052681825198556e-03        -3.2610588956215867e-04        -8.7874602952068781e-02         2.7642587718304409e-02        -3.1623431503680112e-02         7.5530744215488568e-02
16                                    -1.7542195308071047e-03        -5.5736149053477375e-04         7.7094702057543540e-03        -2.8774992165213754e-04         2.4886442117663818e-02        -1.2995448597390574e-01         7.4687506811058541e-02        -2.0714711518782881e-02
17                                     3.1156328177014503e-04        -8.5359565362195730e-04        -3.9733324689340465e-03        -7.9275320343352555e-05        -3.1462542839964060e-02         7.2272607010515882e-02        -1.6168605989557572e-01         2.8733455982671227e-02
18                                     1.9301744706595537e-05        -2.8909297477488767e-04        -1.6163264940272162e-03        -1.1561925232786079e-07        -2.0113096696404223e-01        -8.0251699943886146e-02        -4.8585902802529535e-04         8.3305192239876737e-03
19                                     1.3502098847298066e-06        -1.0974282047917908e-04         1.9097766453492230e-03        -1.1227598095132889e-06        -9.1625478212861461e-02        -1.4279388780091923e-01        -3.8852641744686672e-04        -3.1235328042819244e-02
20                                    -1.3094380887568237e-03         7.1545239471464812e-07         4.4258777641445001e-06         1.0469965975284634e-04        -4.5925084230376501e-04        -3.0404100588322588e-04        -7.2368100328732449e-02         2.6005671134811940e-02
21                                    -1.2345755583697635e-03        -1.7378538378869731e-03        -3.6453516298648749e-03         3.1436557784527504e-04        -8.7967499614111377e-02         2.7685853682807179e-02         3.1994932033774348e-02         1.5412113285835811e-02
22                                     1.7601959523638338e-03        -5.3505674256256689e-04         7.6705927450392772e-03         2.7391650200055503e-04         2.4965355806706606e-02        -1.2909120078719397e-01        -7.4370108249533051e-02        -2.7539355981812843e-03
23                                     3.2219547560431266e-04         8.4219884471226341e-04         3.9791712061693126e-03        -8.0735655274123610e-05         3.1804829423389386e-02        -7.1917472080759770e-02        -1.6221480573470845e-01         3.0347989557671234e-03
24                                     6.8483558340054558e-07        -5.0211482995802647e-03        -4.2525326859177781e-03         1.7077099602348618e-06         2.7356658581537095e-03         2.5317112381698006e-02        -3.4525542564514664e-05        -3.1856994060537442e-03
25                                    -8.4238083482115015e-06        -5.3732945282467665e-03        -1.6001111753999417e-02         1.2866248845592283e-05        -7.6163962459008805e-03        -3.4343918687565929e-02         5.4197730816624349e-05         5.5078799891338185e-03
26                                    -5.9272527349519431e-03        -2.5695778898264806e-06         1.4080355052368225e-05         1.1102534042669197e-02        -2.6971247219460753e-05        -3.5154199601899105e-06         3.3313037381351770e-03        -2.4745493539159720e-03
                                                        16                          17                          18                          19                          20                          21                          22                          23

0                                      2.0685952884084480e-02        -8.5148749881557156e-03        -4.6152018233038286e-02        -8.3373784352809288e-03        -6.6209514428034651e-05        -8.3817986457892374e-03         2.0755046164449495e-02         8.7081153972758396e-03
1                                     -9.4817079223685832e-03         1.3707086171319053e-02        -4.1119874588105135e-02        -6.7122274358176366e-03        -7.1149981308632910e-05         1.8920824903577015e-02        -9.2255466736649791e-03        -1.3625434738556916e-02
2                                      2.3906667743571426e-02        -5.6163236914362515e-03        -1.4927868081177485e-04        -1.8938511840223651e-05         1.0036391408474005e-02         2.3290511853683336e-02        -2.3915599933060958e-02        -5.7332340984312183e-03
3                                     -6.7601001581342720e-03         3.3016295349611261e-03         1.5411617677619223e-03         1.4163673040757452e-03        -1.1620682645034406e-05         5.8673847154006743e-03        -6.7585912962808796e-03        -3.3460582752887214e-03
4                                     -1.1936822962700995e-02         5.1053101515768700e-03         1.0028383915652375e-02        -1.4681806372681206e-03         1.1953015262377681e-05         4.5931203744743500e-03        -1.1894985479494469e-02        -5.1362760173436009e-03
5                                      2.3552591153712657e-03         1.4140197953188289e-05        -3.4583688003337011e-05        -5.1528819060625140e-06         1.9684062714581136e-03         1.2396748130582150e-03        -2.3639544897220222e-03         1.5331188962502268e-06
6                                      4.9767136608876222e-03        -2.7275619939188889e-03        -6.7844801648472442e-03        -1.0423062679488504e-03        -7.7880393662057779e-06        -4.1017165909605236e-03         4.9731955641723197e-03         2.7554151884673903e-03
7                                     -5.5821124155264537e-04         2.8961823216252050e-04        -4.4594181160075713e-04         7.0498525539990488e-04        -3.5647488356981882e-06         1.4799099355894615e-03        -5.5897279421458453e-04        -2.9680124590209726e-04
8                                     -1.7542195308071047e-03         3.1156328177014503e-04         1.9301744706595537e-05         1.3502098847298066e-06        -1.3094380887568237e-03        -1.2345755583697635e-03         1.7601959523638338e-03         3.2219547560431266e-04
9                                     -5.5736149053477375e-04        -8.5359565362195730e-04        -2.8909297477488767e-04        -1.0974282047917908e-04         7.1545239471464812e-07        -1.7378538378869731e-03        -5.3505674256256689e-04         8.4219884471226341e-04
10                                     7.7094702057543540e-03        -3.9733324689340465e-03        -1.6163264940272162e-03         1.9097766453492230e-03         4.4258777641445001e-06        -3.6453516298648749e-03         7.6705927450392772e-03         3.9791712061693126e-03
11                                    -2.8774992165213754e-04        -7.9275320343352555e-05        -1.1561925232786079e-07        -1.1227598095132889e-06         1.0469965975284634e-04         3.1436557784527504e-04         2.7391650200055503e-04        -8.0735655274123610e-05
12                                     2.4886442117663818e-02        -3.1462542839964060e-02        -2.0113096696404223e-01        -9.1625478212861461e-02        -4.5925084230376501e-04        -8.7967499614111377e-02         2.4965355806706606e-02         3.1804829423389386e-02
13                                    -1.2995448597390574e-01         7.2272607010515882e-02        -8.0251699943886146e-02        -1.4279388780091923e-01        -3.0404100588322588e-04         2.7685853682807179e-02        -1.2909120078719397e-01        -7.1917472080759770e-02
14                                     7.4687506811058541e-02        -1.6168605989557572e-01        -4.8585902802529535e-04        -3.8852641744686672e-04        -7.2368100328732449e-02         3.1994932033774348e-02        -7.4370108249533051e-02        -1.6221480573470845e-01
15                                    -2.0714711518782881e-02         2.8733455982671227e-02         8.3305192239876737e-03        -3.1235328042819244e-02         2.6005671134811940e-02         1.5412113285835811e-02        -2.7539355981812843e-03         3.0347989557671234e-03
16                                     1.7177892467445682e-01        -1.3159970900390652e-01        -2.1390860323722248e-02        -4.5356150488690981e-02         3.9532595934435762e-02        -2.7109792997502603e-03         1.9626096297272685e-02        -7.6632182567362636e-03
17                                    -1.3159970900390652e-01         2.6038970779231480e-01         1.7297260742262954e-02         3.3269833675059035e-02        -6.4032347591448172e-03        -2.7706087159710176e-03         8.2068823324297629e-03        -8.5063348788376264e-02
18                                    -2.1390860323722248e-02         1.7297260742262954e-02         2.3580789135496910e-01         1.5484015160032380e-01         6.8620118247775925e-04         8.4424170579705388e-03        -2.1198014742575041e-02        -1.7364100290507431e-02
19                                    -4.5356150488690981e-02         3.3269833675059035e-02         1.5484015160032380e-01         2.3274692330996552e-01         6.7143159714579863e-04        -3.1006511412444156e-02        -4.4978882365191833e-02        -3.3565956278221919e-02
20                                     3.9532595934435762e-02        -6.4032347591448172e-03         6.8620118247775925e-04         6.7143159714579863e-04         7.5423151377888908e-02        -2.6125183321741255e-02        -3.9818313755393499e-02        -6.9245987840868654e-03
21                                    -2.7109792997502603e-03        -2.7706087159710176e-03         8.4424170579705388e-03        -3.1006511412444156e-02        -2.6125183321741255e-02         7.5621310614518517e-02        -2.0962365774864527e-02        -2.9402293511199405e-02
22                                     1.9626096297272685e-02         8.2068823324297629e-03        -2.1198014742575041e-02        -4.4978882365191833e-02        -3.9818313755393499e-02        -2.0962365774864527e-02         1.7025590622183756e-01         1.3099613546736988e-01
23                                    -7.6632182567362636e-03        -8.5063348788376264e-02        -1.7364100290507431e-02        -3.3565956278221919e-02        -6.9245987840868654e-03        -2.9402293511199405e-02         1.3099613546736988e-01         2.6156158795350332e-01
24                                     1.7129811360043269e-03        -3.2116565560163200e-03         2.3456893201339018e-04         6.8414683840919829e-03         2.2108272336759002e-06        -3.1543569849774196e-03         1.6588859659878367e-03         3.1984309807585299e-03
