*************************************************
******************* ORCA 6.0.0 ******************
*************************************************
$Calculation_Status
   &GeometryIndex 1
   &ListStatus       OUT
   &VERSION [&Type "String"] "6.0.0"
   &PROGNAME [&Type "String"] "LeanSCF"
   &STATUS [&Type "String"] "NORMAL TERMINATION"
$End
$Geometry
   &GeometryIndex 1
   &ListStatus       OUT
   &NATOMS [&Type "Integer"] 12
   &NCORELESSECP [&Type "Integer"] 0
   &NGHOSTATOMS [&Type "Integer"] 0
   &CartesianCoordinates [&Type "Coordinates", &Dim(12,4), &Units "Bohr"] 
              C      0.000067315068   -4.862785730638    0.000041183746
              C      2.280938403560   -3.564718358260    0.000032698120
              C      2.271048304141   -0.939537298096    0.000008925932
              C     -0.000000729056    0.415547255723   -0.000002550374
              C     -2.271013700610   -0.939595609564    0.000009279878
              C     -2.280836717396   -3.564776477544    0.000030421567
              Cl    -5.156100986785    0.659012479998   -0.000010286157
              Cl    -0.000047527746    3.693208137929   -0.000032610626
              Cl     5.156097381944    0.659140780119    0.000000154769
              H      0.000093310330   -6.911483959881    0.000061512286
              H      4.062882931801   -4.573287882852    0.000044235276
              H     -4.062755342405   -4.573391575338    0.000037184330
$End
$SCF_Energy
   &GeometryIndex 1
   &ListStatus       OUT
   &SCF_ENERGY [&Type "Double"]      -1.6109518112611690e+03
$End
$DFT_Energy
   &GeometryIndex 1
   &ListStatus       OUT
   &NALPHAEL [&Type "Integer"] 45
   &NBETAEL [&Type "Integer"] 45
   &NTOTALEL [&Type "Integer"] 90
   &EEXCHANGE [&Type "Double"]      -1.1500048683239410e+02
   &ECORR [&Type "Double"]      -3.2718988299246905e+00
   &ECNL [&Type "Double"]       0.0000000000000000e+00
   &EXC [&Type "Double"]      -1.1827238566231880e+02
   &EEMBED [&Type "Double"]       0.0000000000000000e+00
   &FINALEN [&Type "Double"]      -1.6109518112611690e+03  "No Van der Waals correction"
$End
$Mulliken_Population_Analysis
   &GeometryIndex 1
   &ListStatus       OUT
   &NATOMS [&Type "Integer"] 12
   &ATNO [&Type "ArrayOfIntegers", &Dim (12,1)] 
                                                         0

0                                                        6
1                                                        6
2                                                        6
3                                                        6
4                                                        6
5                                                        6
6                                                       17
7                                                       17
8                                                       17
9                                                        1
10                                                       1
11                                                       1
   &ATOMICCHARGES [&Type "ArrayOfDoubles", &Dim (12,1)] 
                                                         0

0                                     -9.1418928637896357e-02
1                                     -1.8335974231946928e-01
2                                      1.1261779274949557e-01
3                                      5.0263677820846731e-02
4                                      1.1260952020692283e-01
5                                     -1.8335130920640186e-01
6                                     -7.7681055066864957e-02
7                                     -5.1204968284896069e-02
8                                     -7.7680874627890972e-02
9                                      1.2361225981371682e-01
10                                     1.3279914254769198e-01
11                                     1.3279448500534285e-01
$End
$Loewdin_Population_Analysis
   &GeometryIndex 1
   &ListStatus       OUT
   &NATOMS [&Type "Integer"] 12
   &ATNO [&Type "ArrayOfIntegers", &Dim (12,1)] 
                                                         0

0                                                        6
1                                                        6
2                                                        6
3                                                        6
4                                                        6
5                                                        6
6                                                       17
7                                                       17
8                                                       17
9                                                        1
10                                                       1
11                                                       1
   &ATOMICCHARGES [&Type "ArrayOfDoubles", &Dim (12,1)] 
                                                         0

0                                     -1.2907388853891799e-01
1                                     -1.4085374913156823e-01
2                                     -4.2635846317058412e-01
3                                     -4.4634311335591459e-01
4                                     -4.2635906961122405e-01
5                                     -1.4085366263612986e-01
6                                      4.1057562134352565e-01
7                                      4.3199710563229132e-01
8                                      4.1057532342233927e-01
9                                      1.5108329389275832e-01
10                                     1.5280528818569261e-01
11                                     1.5280531396836095e-01
$End
$Mayer_Population_Analysis
   &GeometryIndex 1
   &ListStatus       OUT
   &NATOMS [&Type "Integer"] 12 "Total number of atoms"
   &BONDTHRESH [&Type "Double"]       1.0000000000000001e-01  "The threshold for printing"
   &NBONDORDERSPRINT [&Type "Integer"] 12 "The number of bond orders larger than threshold"
   &BONDORDERS [&Type "ArrayOfDoubles", &Dim (12,1)] "The bond orders"
                                                         0

0                                      1.3861096298516205e+00
1                                      1.3861125707869981e+00
2                                      9.6793443806965196e-01
3                                      1.3711052247691491e+00
4                                      9.6288098530605837e-01
5                                      1.2687174886290824e+00
6                                      1.0696612342689138e+00
7                                      1.2686833238126580e+00
8                                      1.1686230255957546e+00
9                                      1.3710839393085799e+00
10                                     1.0696633437991383e+00
11                                     9.6289233333946167e-01
   &COMPONENTS [&Type "ArrayOfIntegers", &Dim (12,4)] "The indices and atomic numbers of the bonding atoms"
                                                         0                           1                           2                           3

0                                                        0                           6                           1                           6
1                                                        0                           6                           5                           6
2                                                        0                           6                           9                           1
3                                                        1                           6                           2                           6
4                                                        1                           6                          10                           1
5                                                        2                           6                           3                           6
6                                                        2                           6                           8                          17
7                                                        3                           6                           4                           6
8                                                        3                           6                           7                          17
9                                                        4                           6                           5                           6
10                                                       4                           6                           6                          17
11                                                       5                           6                          11                           1
   &ATNO [&Type "ArrayOfIntegers", &Dim (12,1)] "Atomic number of the elements"
                                                         0

0                                                        6
1                                                        6
2                                                        6
3                                                        6
4                                                        6
5                                                        6
6                                                       17
7                                                       17
8                                                       17
9                                                        1
10                                                       1
11                                                       1
   &NA [&Type "ArrayOfDoubles", &Dim (12,1)] "Mulliken gross atomic population"
                                                         0

0                                      6.0914189286378875e+00
1                                      6.1833597423194284e+00
2                                      5.8873822072505178e+00
3                                      5.9497363221791799e+00
4                                      5.8873904797930789e+00
5                                      6.1833513092063637e+00
6                                      1.7077681055066826e+01
7                                      1.7051204968284843e+01
8                                      1.7077680874627827e+01
9                                      8.7638774018628385e-01
10                                     8.6720085745230879e-01
11                                     8.6720551499465626e-01
   &ZA [&Type "ArrayOfDoubles", &Dim (12,1)] "Total nuclear charge"
                                                         0

0                                      6.0000000000000000e+00
1                                      6.0000000000000000e+00
2                                      6.0000000000000000e+00
3                                      6.0000000000000000e+00
4                                      6.0000000000000000e+00
5                                      6.0000000000000000e+00
6                                      1.7000000000000000e+01
7                                      1.7000000000000000e+01
8                                      1.7000000000000000e+01
9                                      1.0000000000000000e+00
10                                     1.0000000000000000e+00
11                                     1.0000000000000000e+00
   &QA [&Type "ArrayOfDoubles", &Dim (12,1)] "Mulliken gross atomic charge"
                                                         0

0                                     -9.1418928637887475e-02
1                                     -1.8335974231942842e-01
2                                      1.1261779274948225e-01
3                                      5.0263677820820085e-02
4                                      1.1260952020692105e-01
5                                     -1.8335130920636367e-01
6                                     -7.7681055066825877e-02
7                                     -5.1204968284842778e-02
8                                     -7.7680874627827023e-02
9                                      1.2361225981371615e-01
10                                     1.3279914254769121e-01
11                                     1.3279448500534374e-01
   &VA [&Type "ArrayOfDoubles", &Dim (12,1)] "Mayer's total valence"
                                                         0

0                                      3.8769846374660637e+00
1                                      3.9313810464626768e+00
2                                      3.8311589558692036e+00
3                                      3.8310087177881562e+00
4                                      3.8310966375731241e+00
5                                      3.9313798529694792e+00
6                                      1.2575865600074505e+00
7                                      1.2978811560393044e+00
8                                      1.2575871133702665e+00
9                                      9.7302263500900177e-01
10                                     9.8142884196215796e-01
11                                     9.8142924636322137e-01
   &BVA [&Type "ArrayOfDoubles", &Dim (12,1)] "Mayer's bonded valence"
                                                         0

0                                      3.8769846374658585e+00
1                                      3.9313810464626688e+00
2                                      3.8311589558691677e+00
3                                      3.8310087177880066e+00
4                                      3.8310966375729216e+00
5                                      3.9313798529695578e+00
6                                      1.2575865600071396e+00
7                                      1.2978811560392818e+00
8                                      1.2575871133702896e+00
9                                      9.7302263500895969e-01
10                                     9.8142884196213387e-01
11                                     9.8142924636320306e-01
   &FA [&Type "ArrayOfDoubles", &Dim (12,1)] "Mayer's free valence"
                                                         0

0                                      0.0000000000000000e+00
1                                      0.0000000000000000e+00
2                                      0.0000000000000000e+00
3                                      0.0000000000000000e+00
4                                      0.0000000000000000e+00
5                                      0.0000000000000000e+00
6                                      0.0000000000000000e+00
7                                      0.0000000000000000e+00
8                                      0.0000000000000000e+00
9                                      0.0000000000000000e+00
10                                     0.0000000000000000e+00
11                                     0.0000000000000000e+00
$End
$VdW_Correction
   &GeometryIndex 1
   &ListStatus       OUT
   &VDW [&Type "Double"]      -5.6013041419132256e-03
$End
$Calculation_Info
   &GeometryIndex 1
   &ListStatus       OUT
   &MULT [&Type "Integer"] 1
   &CHARGE [&Type "Integer"] 0
   &NUMOFATOMS [&Type "Integer"] 12
   &NUMOFELECTRONS [&Type "Integer"] 90
   &NUMOFFCELECTRONS [&Type "Integer"] 1
   &NUMOFCORRELECTRONS [&Type "Integer"] 0
   &NUMOFBASISFUNCTS [&Type "Integer"] 315
   &NUMOFAUXCBASISFUNCTS [&Type "Integer"] 0
   &NUMOFAUXJBASISFUNCTS [&Type "Integer"] 339
   &NUMOFAUXJKBASISFUNCTS [&Type "Integer"] 0
   &NUMOFCABSBASISFUNCTS [&Type "Integer"] 0
   &TOTALENERGY [&Type "Double"]      -1.6109512842861109e+03  "Hartrees"
$End
$SCF_Dipole_Moment
   &GeometryIndex 1
   &ListStatus       OUT
   &METHOD [&Type "String"] "SCF"
   &LEVEL [&Type "String"] "Relaxed density"
   &MULT [&Type "Integer"] 1
   &STATE [&Type "Integer"] -1
   &IRREP [&Type "Integer"] 0
   &NATOMS [&Type "Integer"] 12
   &DODIPOLEATOM [&Type "Boolean"] false
   &DIPOLEELECCONTRIB [&Type "ArrayOfDoubles", &Dim (3,1)] "Electronic contribution"
                                                         0

0                                     -1.3662251233236737e-04
1                                      1.0540843554634407e+01
2                                     -9.2542914355296768e-05
   &DIPOLENUCCONTRIB [&Type "ArrayOfDoubles", &Dim (3,1)] "Nuclear contribution"
                                                         0

0                                      1.4897863902785247e-04
1                                     -1.1532143835507025e+01
2                                      1.0156429620868007e-04
   &DIPOLETOTAL [&Type "ArrayOfDoubles", &Dim (3,1)] "Total"
                                                         0

0                                      1.2356126695485092e-05
1                                     -9.9130028087261834e-01
2                                      9.0213818533832984e-06
   &DIPOLEMAGNITUDE [&Type "Double", &Units "a.u."]       9.9130028099067502e-01
$End
$THERMOCHEMISTRY_Energies
   &GeometryIndex 1
   &ListStatus       OUT
   &TEMPERATURE [&Type "Double"]       2.9814999999999998e+02
   &PRESSURE [&Type "Double"]       1.0000000000000000e+00
   &TOTALMASS [&Type "Double"]       1.8144900000000001e+02
   &SPINDEGENERACY [&Type "Integer"] 1
   &ELENERGY [&Type "Double"]      -1.6109512842861109e+03
   &TRANSENERGY [&Type "Double"]       1.4162714244859817e-03
   &ROTENERGY [&Type "Double"]       1.4162714244859817e-03
   &VIBENERGY [&Type "Double"]       5.0223403183237564e-03
   &NUMOFFREQS [&Type "Integer"] 36
   &FREQSCALINGFACTOR [&Type "Double"]       1.0000000000000000e+00
   &FREQ [&Type "ArrayOfDoubles", &Dim (36,1)] "In cm^-1"
                                                         0

0                                      0.0000000000000000e+00
1                                      0.0000000000000000e+00
2                                      0.0000000000000000e+00
3                                      0.0000000000000000e+00
4                                      0.0000000000000000e+00
5                                      0.0000000000000000e+00
6                                      9.1132894720341696e+01
7                                      2.0595712817568722e+02
8                                      2.1126979934944924e+02
9                                      2.1674416994124624e+02
10                                     2.5484190404959341e+02
11                                     3.4278231651360198e+02
12                                     4.0104091485748495e+02
13                                     4.8678331196455218e+02
14                                     4.9928871641437047e+02
15                                     5.1677699209366472e+02
16                                     5.3736961219243199e+02
17                                     7.1309079290567263e+02
18                                     7.3785491682340228e+02
19                                     7.7434444791301792e+02
20                                     7.8020634546501913e+02
21                                     8.9623359315041682e+02
22                                     9.5761101278723970e+02
23                                     1.0455518160398792e+03
24                                     1.0951378085997990e+03
25                                     1.1531193533933570e+03
26                                     1.1745465088444801e+03
27                                     1.2144153580508682e+03
28                                     1.3226233163356912e+03
29                                     1.4302089704534135e+03
30                                     1.4557049058788677e+03
31                                     1.5888790677759628e+03
32                                     1.5954308187587844e+03
33                                     3.1812875123828899e+03
34                                     3.1973978399283769e+03
35                                     3.2031603849432777e+03
   &ZPE [&Type "Double"]       7.1262888969724283e-02
   &INNERENERGYU [&Type "Double"]      -1.6108721665139740e+03
   &ENTHALPYH [&Type "Double"]      -1.6108712223049317e+03
   &QEL [&Type "Double"]       0.0000000000000000e+00
   &QROT [&Type "Double"]       1.3869711300397953e-02
   &QVIB [&Type "Double"]       8.2466102498418240e-03
   &QTRANS [&Type "Double"]       1.9715062917549972e-02
   &ENTROPYS [&Type "Double"]       4.1831384467789744e-02
   &FREEENERGYG [&Type "Double"]      -1.6109130536893995e+03
   &ISLINEAR [&Type "Boolean"] false
$End
$Hessian
   &GeometryIndex 1
   &ListStatus       OUT
   &HESSIAN [&Type "ArrayOfDoubles", &Dim (36,36)] "The Hessian"
                                                         0                           1                           2                           3                           4                           5                           6                           7

0                                      6.6387117912870186e-01        -9.8832990866066367e-07         2.9868907505466789e-07        -2.8628331427749143e-01        -6.0478935352758820e-02         2.2131620898982389e-07         2.6936077791291049e-02        -7.7794995218311153e-02
1                                     -9.8832990866066367e-07         7.3600978679468310e-01        -5.5452109724764885e-06        -1.2138512174767391e-01        -1.7671421549732569e-01         9.6626653119789802e-07        -2.7492907956787552e-02        -3.0659221741422500e-02
2                                      2.9868907505466789e-07        -5.5452109724764885e-06         1.2309707739410522e-01         8.8251287281597301e-07         1.0976796270093464e-06        -5.5561131026448163e-02         2.3351598538696741e-07         2.7719392607153305e-07
3                                     -2.8628331427749143e-01        -1.2138512174767391e-01         8.8251287281597301e-07         7.3160633820325893e-01        -3.3469616449521108e-02         9.8962365873167518e-07        -1.0904150437485598e-01         4.5066193177688653e-02
4                                     -6.0478935352758820e-02        -1.7671421549732569e-01         1.0976796270093464e-06        -3.3469616449521108e-02         6.7023647716355661e-01        -5.0492953404136974e-06        -1.2348693225580154e-02        -3.2223095214806063e-01
5                                      2.2131620898982389e-07         9.6626653119789802e-07        -5.5561131026448163e-02         9.8962365873167518e-07        -5.0492953404136974e-06         1.2100869673481496e-01         4.6561319413026058e-08         2.4395434522659046e-06
6                                      2.6936077791291049e-02        -2.7492907956787552e-02         2.3351598538696741e-07        -1.0904150437485598e-01        -1.2348693225580154e-02         4.6561319413026058e-08         5.1470972402986581e-01        -5.6371058328733341e-02
7                                     -7.7794995218311153e-02        -3.0659221741422500e-02         2.7719392607153305e-07         4.5066193177688653e-02        -3.2223095214806063e-01         2.4395434522659046e-06        -5.6371058328733341e-02         6.0788991625880950e-01
8                                      6.1322989648310528e-07         2.0168940173384272e-07         5.6856364119030021e-03        -3.8337843626218139e-07         2.4336068850933898e-06        -5.9657184479949305e-02         6.8143782037500936e-07        -4.2062695782340609e-06
9                                     -6.1498043623459717e-02        -7.9780717089502009e-07        -1.8753221881577810e-08         2.9397146029269808e-02         6.9049819409252505e-02        -5.1330782083504903e-07        -2.4180545799082148e-01         6.3233169105934517e-02
10                                    -8.2123486837016592e-07         1.6346055007691786e-03        -5.6786308583239990e-08         2.2921059503138046e-02        -2.6726046943835562e-02         2.7973629026260232e-07         1.1657409671291746e-01        -1.4702135434565627e-01
11                                    -4.2081979463309144e-10        -1.9677363065645892e-08        -2.5844490255106534e-03        -2.4150589231929343e-07         2.4635144985941005e-07         7.0121296357990651e-03        -9.5377760731327181e-07         7.1575650019598771e-07
12                                     2.6933406079890490e-02         2.7494390503743027e-02        -1.8226587469781387e-07        -1.4011879718290977e-02        -2.6598709851433582e-02         2.1178500554190656e-07        -5.7407295401556341e-02         2.7195418535231421e-02
13                                     7.7796483327480306e-02        -3.0656561503462368e-02         3.7376271608974323e-07        -2.8343692738659942e-02        -4.6760355644418307e-02         3.3228295397517969e-07        -2.7198386413391687e-02         5.9201992700656902e-02
14                                    -5.4986860981426492e-07         2.7800493099117865e-07         5.6855807429587388e-03         2.9598955517281078e-07         4.5405587033185748e-07        -2.8384594518992253e-03         1.2256419954822266e-07        -4.2737816551209751e-07
15                                    -2.8628825109230110e-01         1.2138239501485498e-01        -1.1194466658546882e-06        -5.8466538280745967e-02        -2.0099242940507266e-02         1.5897369155703028e-07        -1.4013261945238335e-02         2.8344520892548655e-02
16                                     6.0476224243442442e-02        -1.7670947518494484e-01         1.0916601506743019e-06         2.0096234706067567e-02         5.7291368549740346e-02        -4.5168208309594826e-07         2.6599571724908434e-02        -4.6758942219066624e-02
17                                    -5.5753386130580184e-07         1.0423763093600344e-06        -5.5560906204751542e-02        -2.2645784333133170e-07        -4.4890385928382653e-07         6.1955477296322947e-03        -1.8308351378740766e-07         3.7354526546671270e-07
18                                     4.7622484477210774e-03         1.0229615396295782e-03        -1.7567289826529380e-08        -1.9400483730074112e-03         8.6326764237129280e-04        -1.2156267346135510e-08         1.4392077044670659e-03        -5.9724492258877568e-03
19                                    -5.3570281139605110e-03        -3.8606404600947481e-03         6.4344628718899903e-08         1.8799420214200635e-03         6.8088737483080228e-04        -9.5046570339479469e-09        -1.2600106019810008e-03        -1.4216988611445455e-03
20                                     2.4470269466206137e-08         5.3450442704363582e-08         4.6255916200826971e-03        -1.6757348718361139e-08         2.0579016703266204e-09        -9.8801429032743327e-04         6.1238574245632011e-10         8.1381384354472604e-08
21                                     4.8181336877616162e-04         3.8197270743614256e-08        -7.1182460636951979e-09        -4.0783525445331585e-03        -2.1743890493470315e-05        -1.5745201445441079e-09         4.3383792424654677e-04         2.2548324296424688e-02
22                                     2.9641634930003071e-08        -2.1234366884360679e-03        -5.2507736989113689e-08         5.2042291445782542e-03         3.7070920095139039e-03         4.5764510089508422e-08         1.9934722792288029e-03        -4.0009596591076932e-02
23                                    -1.5246909815431748e-08         5.6933772546369251e-09        -8.3593641728611074e-04        -2.6385891231781815e-08         4.8768828442853299e-08         3.9186723700749089e-03        -5.5147539889668172e-08         4.1036727265276874e-07
24                                     4.7621528926722837e-03        -1.0227610837166713e-03        -2.0656273642275922e-09        -1.8167966999538238e-02        -1.6205485879527075e-02         7.5341815225576313e-08        -1.1986882881280254e-01        -4.2030413368833522e-02
25                                     5.3572461000615376e-03        -3.8605217328962719e-03         6.0413865663551371e-08        -3.9324687157108892e-02        -2.1215127414597558e-02         1.5807861113089665e-07        -4.6809162013222994e-02        -6.6214188012026567e-02
26                                    -3.2286681733991428e-08         7.4047186211496769e-08         4.6255880842566858e-03         3.2214238702288786e-07         2.2129149106473973e-07         4.9624828817543300e-03         2.2030617820273117e-07         2.8721584719457238e-07
27                                    -5.7475476623836806e-02         3.5548683100485351e-06        -1.3179491738986152e-08         3.7487284075030398e-03        -2.8501627715055169e-02         2.6734011323892740e-07        -3.4470129996581993e-03        -2.0580340868541500e-03
28                                     3.5691470488489852e-06        -3.3726026768089601e-01         2.9042085727617658e-06         2.0851322198853703e-03        -1.1834387048480201e-02         1.4730237469987110e-07        -2.5603482522203579e-03         1.0172368497361750e-03
29                                    -3.9784433500342067e-08         3.0588782245996920e-06        -3.3448925845959335e-02        -6.3162139464136013e-08         3.3681831514811001e-08         1.9388774348682511e-03         4.2808466080233388e-08         2.4298475278746657e-08
30                                    -1.8100892623018214e-02         1.4847553101207160e-02        -1.5229458897325368e-07        -2.6985633734900200e-01         1.2414204847896575e-01        -1.4558409394882218e-06         1.8589458639543233e-03        -2.9436770206120316e-03
31                                    -1.4750413327480061e-02         1.2099975140830454e-02        -1.1618852430058905e-07         1.2159726978426902e-01        -1.2563042805269053e-01         1.0157424149383848e-06         2.7771367104284950e-02        -1.2750772023776884e-02
32                                     1.3383669784092094e-07        -5.0694119831870805e-08         2.1359535793708528e-03        -1.4389924883827706e-06         9.7798618099180872e-07        -3.2963756569290174e-02        -2.3369357536270906e-07         1.0349328208017652e-07
33                                    -1.8100899468945712e-02        -1.4848330213722484e-02         9.1518090992582835e-08        -2.9062707225666600e-03         3.9259833222728326e-03        -3.0540368315052203e-08         2.0556821110818274e-04         1.0464405171157661e-03
34                                     1.4749643031584100e-02         1.2099973053195795e-02        -9.0578255769962509e-08         3.4159939879311266e-03        -8.0431234823337883e-04         7.0300233542949852e-08         8.3861969486569198e-04        -1.0424198669716591e-03
35                                    -8.9945849719678220e-08        -7.2815637548886788e-08         2.1359206872786120e-03        -5.1150330602453657e-08         3.8183842159378145e-08         6.9721390309705157e-03        -2.4074169707194874e-09         1.2778189095832713e-09
                                                         8                           9                          10                          11                          12                          13                          14                          15

0                                      6.1322989648310528e-07        -6.1498043623459717e-02        -8.2123486837016592e-07        -4.2081979463309144e-10         2.6933406079890490e-02         7.7796483327480306e-02        -5.4986860981426492e-07        -2.8628825109230110e-01
1                                      2.0168940173384272e-07        -7.9780717089502009e-07         1.6346055007691786e-03        -1.9677363065645892e-08         2.7494390503743027e-02        -3.0656561503462368e-02         2.7800493099117865e-07         1.2138239501485498e-01
2                                      5.6856364119030021e-03        -1.8753221881577810e-08        -5.6786308583239990e-08        -2.5844490255106534e-03        -1.8226587469781387e-07         3.7376271608974323e-07         5.6855807429587388e-03        -1.1194466658546882e-06
3                                     -3.8337843626218139e-07         2.9397146029269808e-02         2.2921059503138046e-02        -2.4150589231929343e-07        -1.4011879718290977e-02        -2.8343692738659942e-02         2.9598955517281078e-07        -5.8466538280745967e-02
4                                      2.4336068850933898e-06         6.9049819409252505e-02        -2.6726046943835562e-02         2.4635144985941005e-07        -2.6598709851433582e-02        -4.6760355644418307e-02         4.5405587033185748e-07        -2.0099242940507266e-02
5                                     -5.9657184479949305e-02        -5.1330782083504903e-07         2.7973629026260232e-07         7.0121296357990651e-03         2.1178500554190656e-07         3.3228295397517969e-07        -2.8384594518992253e-03         1.5897369155703028e-07
6                                      6.8143782037500936e-07        -2.4180545799082148e-01         1.1657409671291746e-01        -9.5377760731327181e-07        -5.7407295401556341e-02        -2.7198386413391687e-02         1.2256419954822266e-07        -1.4013261945238335e-02
7                                     -4.2062695782340609e-06         6.3233169105934517e-02        -1.4702135434565627e-01         7.1575650019598771e-07         2.7195418535231421e-02         5.9201992700656902e-02        -4.2737816551209751e-07         2.8344520892548655e-02
8                                      1.2075453953946116e-01        -6.0437451103863959e-07         7.1542867172931463e-07        -5.9923206248200717e-02        -1.5101448867331983e-07        -4.1239453750512190e-07         5.3742084123769435e-03        -2.9854659252073601e-07
9                                     -6.0437451103863959e-07         6.0716016756331659e-01         1.7642905676851391e-06         8.5230312963108671e-08        -2.4180151011669984e-01        -6.3236199923357383e-02         6.0571912399234822e-07         2.9399528459686738e-02
10                                     7.1542867172931463e-07         1.7642905676851391e-06         5.0726351154116833e-01        -3.3520735123378240e-06        -1.1657724066599470e-01        -1.4702627927473122e-01         6.9697506685258528e-07        -2.2919640496054182e-02
11                                    -5.9923206248200717e-02         8.5230312963108671e-08        -3.3520735123378240e-06         1.1599522739060146e-01         1.0087365375529834e-06         7.4766351182687138e-07        -5.9923232002002835e-02         2.2748286512063839e-07
12                                    -1.5101448867331983e-07        -2.4180151011669984e-01        -1.1657724066599470e-01         1.0087365375529834e-06         5.1470738429280849e-01         5.6369275888000205e-02        -2.7451856050067701e-07        -1.0904064580374143e-01
13                                    -4.1239453750512190e-07        -6.3236199923357383e-02        -1.4702627927473122e-01         7.4766351182687138e-07         5.6369275888000205e-02         6.0789410734326421e-01        -4.1282780509354680e-06        -4.5060737688032822e-02
14                                     5.3742084123769435e-03         6.0571912399234822e-07         6.9697506685258528e-07        -5.9923232002002835e-02        -2.7451856050067701e-07        -4.1282780509354680e-06         1.2075434586943046e-01         2.7170675815773456e-07
15                                    -2.9854659252073601e-07         2.9399528459686738e-02        -2.2919640496054182e-02         2.2748286512063839e-07        -1.0904064580374143e-01        -4.5060737688032822e-02         2.7170675815773456e-07         7.3160483831351963e-01
16                                     4.9413056491819766e-07        -6.9048406962641654e-02        -2.6728426837525618e-02         2.0851142110879040e-07         1.2354124884311084e-02        -3.2223227544089811e-01         2.2364281293366712e-06         3.3471259861622742e-02
17                                    -2.8384462122869100e-03         5.2519953906242250e-07         2.8121571687598845e-07         7.0121199661540429e-03        -1.6555620154361745e-07         2.0361541926005776e-06        -5.9657042537644145e-02         1.2371840627967719e-07
18                                     8.3654095133836357e-08        -4.0322172402594225e-02         2.0651420034940669e-02        -2.6651707852806397e-07        -1.1987092378223260e-01         4.2029102005589875e-02        -5.0920782547791308e-07        -1.8169302784757708e-02
19                                     1.4473512792564652e-08        -1.3240198890622640e-03         6.5341001656999027e-04         5.7174684963225968e-08         4.6807887613387958e-02        -6.6212091154186331e-02         4.3101445447435963e-07         3.9324737265969495e-02
20                                     4.0434198588768849e-03        -5.5480007312167524e-08         3.2351622576881142e-08         4.0676552021119295e-03        -5.7777469330848368e-07         4.7353372142641383e-07        -2.5874280759944690e-02        -3.6355349853766886e-07
21                                    -2.1034745447841813e-07        -4.0889373372857162e-02         1.6596002509739740e-06         1.1384592811276563e-08         4.3434674754334011e-04        -2.2547300994136783e-02         1.8592333853276305e-07        -4.0782343259689212e-03
22                                     2.9902271636627297e-07         1.5479195296499373e-06        -1.5526342226980785e-01         1.2015196139320049e-06        -1.9924877870825322e-03        -4.0010505285893762e-02         3.0868239959600987e-07        -5.2044522044722230e-03
23                                     3.8188028667058820e-03        -1.1482298913264285e-08         1.1272351252603047e-06        -2.5445729598906501e-02         5.2009734651386589e-08         4.5029574895996550e-07         3.8188601335383508e-03         3.7435855597050835e-08
24                                     2.5384626333868905e-07        -4.0321527702023671e-02        -2.0652429203753007e-02         1.4040458669213119e-07         1.4390411369564543e-03         5.9725268253727560e-03        -1.0959993509002901e-07        -1.9399862694436400e-03
25                                     2.7303514733201970e-07         1.3230640442612185e-03         6.5296850837864677e-04         5.1792292322228140e-08         1.2600831213482404e-03        -1.4215278878766378e-03         8.0384578605952209e-09        -1.8800102837709801e-03
26                                    -2.5874356389455087e-02        -6.3696856982126389e-09         1.2099473331001593e-08         4.0676114629477032e-03        -1.3127149647535069e-08         4.2126407959098725e-08         4.0434234158436963e-03        -6.9698547214221321e-09
27                                     1.3515145762911990e-08        -1.4028735985284950e-03        -3.6811161557491648e-08         2.6402855741193571e-09        -3.4471350920965015e-03         2.0579363387152935e-03        -2.9729677082897409e-08         3.7480609493924849e-03
28                                     3.5083805859550585e-09        -1.5060137394446089e-08         6.2009747858822115e-04         1.8010867435037656e-08         2.5602190258503842e-03         1.0173653389347701e-03         1.4066124720638530e-08        -2.0847313290155503e-03
29                                     7.0463642815858096e-03        -1.6007111705732464e-08         1.6403162145838632e-08        -8.8154783709165944e-04        -3.6356772799439919e-08         6.3439838675712208e-08         7.0463738062075355e-03         9.9676643880798065e-08
30                                     9.4710924086417738e-08         1.0420872562828627e-03        -4.1569115768582982e-04        -1.9605768835628286e-08         2.0560973515482833e-04        -1.0464113823074037e-03         4.9286703943714973e-09        -2.9060751939112405e-03
