*************************************************
******************* ORCA 6.0.0 ******************
*************************************************
$Calculation_Status
   &GeometryIndex 1
   &ListStatus       OUT
   &VERSION [&Type "String"] "6.0.0"
   &PROGNAME [&Type "String"] "LeanSCF"
   &STATUS [&Type "String"] "NORMAL TERMINATION"
$End
$Geometry
   &GeometryIndex 1
   &ListStatus       OUT
   &NATOMS [&Type "Integer"] 12
   &NCORELESSECP [&Type "Integer"] 0
   &NGHOSTATOMS [&Type "Integer"] 0
   &CartesianCoordinates [&Type "Coordinates", &Dim(12,4), &Units "Bohr"] 
              C      0.000121772629   -4.859415869518    0.000170111446
              C      2.278028339075   -3.558284950800    0.000109255650
              C      2.273543463191   -0.931123146598    0.000023532193
              C     -0.000013320491    0.424722530137    0.000002560957
              C     -2.273494042128   -0.931236776019    0.000071450734
              C     -2.277847722075   -3.558396812382    0.000148942545
              Cl    -5.153977823916    0.653830086922    0.000068210232
              Cl    -0.000104749031    3.691760986222   -0.000103824577
              Cl     5.153956742320    0.654079086875   -0.000056681202
              H      0.000178609355   -6.908403082106    0.000235555685
              H      4.066518651499   -4.553696952371    0.000130822717
              H     -4.066282855629   -4.553905648812    0.000205414365
$End
$SCF_Energy
   &GeometryIndex 1
   &ListStatus       OUT
   &SCF_ENERGY [&Type "Double"]      -1.6109520849162095e+03
$End
$DFT_Energy
   &GeometryIndex 1
   &ListStatus       OUT
   &NALPHAEL [&Type "Integer"] 45
   &NBETAEL [&Type "Integer"] 45
   &NTOTALEL [&Type "Integer"] 90
   &EEXCHANGE [&Type "Double"]      -1.1500509900627108e+02
   &ECORR [&Type "Double"]      -3.2724103395061319e+00
   &ECNL [&Type "Double"]       0.0000000000000000e+00
   &EXC [&Type "Double"]      -1.1827750934577722e+02
   &EEMBED [&Type "Double"]       0.0000000000000000e+00
   &FINALEN [&Type "Double"]      -1.6109520849162095e+03  "No Van der Waals correction"
$End
$Mulliken_Population_Analysis
   &GeometryIndex 1
   &ListStatus       OUT
   &NATOMS [&Type "Integer"] 12
   &ATNO [&Type "ArrayOfIntegers", &Dim (12,1)] 
                                                         0

0                                                        6
1                                                        6
2                                                        6
3                                                        6
4                                                        6
5                                                        6
6                                                       17
7                                                       17
8                                                       17
9                                                        1
10                                                       1
11                                                       1
   &ATOMICCHARGES [&Type "ArrayOfDoubles", &Dim (12,1)] 
                                                         0

0                                     -9.9160730571898448e-02
1                                     -1.7695952336555543e-01
2                                      1.0702527532625083e-01
3                                      5.3006243155413024e-02
4                                      1.0702244808514028e-01
5                                     -1.7695904570599197e-01
6                                     -7.5535276778712301e-02
7                                     -5.0394785998705061e-02
8                                     -7.5536092089464546e-02
9                                      1.2326908930249703e-01
10                                     1.3211121328971487e-01
11                                     1.3211118535164768e-01
$End
$Loewdin_Population_Analysis
   &GeometryIndex 1
   &ListStatus       OUT
   &NATOMS [&Type "Integer"] 12
   &ATNO [&Type "ArrayOfIntegers", &Dim (12,1)] 
                                                         0

0                                                        6
1                                                        6
2                                                        6
3                                                        6
4                                                        6
5                                                        6
6                                                       17
7                                                       17
8                                                       17
9                                                        1
10                                                       1
11                                                       1
   &ATOMICCHARGES [&Type "ArrayOfDoubles", &Dim (12,1)] 
                                                         0

0                                     -1.2973621485476539e-01
1                                     -1.4124785316392074e-01
2                                     -4.3134141765574352e-01
3                                     -4.5107396290100077e-01
4                                     -4.3134463574152182e-01
5                                     -1.4124744450409477e-01
6                                      4.1637766273696286e-01
7                                      4.3727186817442742e-01
8                                      4.1637548201627794e-01
9                                      1.5116193434900260e-01
10                                     1.5240226124135958e-01
11                                     1.5240232030330780e-01
$End
$Mayer_Population_Analysis
   &GeometryIndex 1
   &ListStatus       OUT
   &NATOMS [&Type "Integer"] 12 "Total number of atoms"
   &BONDTHRESH [&Type "Double"]       1.0000000000000001e-01  "The threshold for printing"
   &NBONDORDERSPRINT [&Type "Integer"] 12 "The number of bond orders larger than threshold"
   &BONDORDERS [&Type "ArrayOfDoubles", &Dim (12,1)] "The bond orders"
                                                         0

0                                      1.3856863884212656e+00
1                                      1.3856801308968163e+00
2                                      9.6888273338770237e-01
3                                      1.3704237553125533e+00
4                                      9.6292530485058703e-01
5                                      1.2678988423614501e+00
6                                      1.0734371206199087e+00
7                                      1.2678934591224860e+00
8                                      1.1710745743965068e+00
9                                      1.3704071891020271e+00
10                                     1.0734355639169668e+00
11                                     9.6292230386146738e-01
   &COMPONENTS [&Type "ArrayOfIntegers", &Dim (12,4)] "The indices and atomic numbers of the bonding atoms"
                                                         0                           1                           2                           3

0                                                        0                           6                           1                           6
1                                                        0                           6                           5                           6
2                                                        0                           6                           9                           1
3                                                        1                           6                           2                           6
4                                                        1                           6                          10                           1
5                                                        2                           6                           3                           6
6                                                        2                           6                           8                          17
7                                                        3                           6                           4                           6
8                                                        3                           6                           7                          17
9                                                        4                           6                           5                           6
10                                                       4                           6                           6                          17
11                                                       5                           6                          11                           1
   &ATNO [&Type "ArrayOfIntegers", &Dim (12,1)] "Atomic number of the elements"
                                                         0

0                                                        6
1                                                        6
2                                                        6
3                                                        6
4                                                        6
5                                                        6
6                                                       17
7                                                       17
8                                                       17
9                                                        1
10                                                       1
11                                                       1
   &NA [&Type "ArrayOfDoubles", &Dim (12,1)] "Mulliken gross atomic population"
                                                         0

0                                      6.0991607305718887e+00
1                                      6.1769595233655590e+00
2                                      5.8929747246737740e+00
3                                      5.9469937568445381e+00
4                                      5.8929775519148517e+00
5                                      6.1769590457060115e+00
6                                      1.7075535276778734e+01
7                                      1.7050394785998680e+01
8                                      1.7075536092089404e+01
9                                      8.7673091069750220e-01
10                                     8.6788878671028524e-01
11                                     8.6788881464835210e-01
   &ZA [&Type "ArrayOfDoubles", &Dim (12,1)] "Total nuclear charge"
                                                         0

0                                      6.0000000000000000e+00
1                                      6.0000000000000000e+00
2                                      6.0000000000000000e+00
3                                      6.0000000000000000e+00
4                                      6.0000000000000000e+00
5                                      6.0000000000000000e+00
6                                      1.7000000000000000e+01
7                                      1.7000000000000000e+01
8                                      1.7000000000000000e+01
9                                      1.0000000000000000e+00
10                                     1.0000000000000000e+00
11                                     1.0000000000000000e+00
   &QA [&Type "ArrayOfDoubles", &Dim (12,1)] "Mulliken gross atomic charge"
                                                         0

0                                     -9.9160730571888678e-02
1                                     -1.7695952336555898e-01
2                                      1.0702527532622597e-01
3                                      5.3006243155461874e-02
4                                      1.0702244808514827e-01
5                                     -1.7695904570601151e-01
6                                     -7.5535276778733618e-02
7                                     -5.0394785998680192e-02
8                                     -7.5536092089404150e-02
9                                      1.2326908930249780e-01
10                                     1.3211121328971476e-01
11                                     1.3211118535164790e-01
   &VA [&Type "ArrayOfDoubles", &Dim (12,1)] "Mayer's total valence"
                                                         0

0                                      3.8803644730925120e+00
1                                      3.9259889550142679e+00
2                                      3.8366830480603999e+00
3                                      3.8281836242874214e+00
4                                      3.8366588025897244e+00
5                                      3.9259658178092756e+00
6                                      1.2619637040563787e+00
7                                      1.3017403110939878e+00
8                                      1.2619618511971189e+00
9                                      9.7351430807822359e-01
10                                     9.8158566656965840e-01
11                                     9.8158700498573803e-01
   &BVA [&Type "ArrayOfDoubles", &Dim (12,1)] "Mayer's bonded valence"
                                                         0

0                                      3.8803644730923659e+00
1                                      3.9259889550141849e+00
2                                      3.8366830480603675e+00
3                                      3.8281836242874694e+00
4                                      3.8366588025896418e+00
5                                      3.9259658178090167e+00
6                                      1.2619637040564460e+00
7                                      1.3017403110940224e+00
8                                      1.2619618511972506e+00
9                                      9.7351430807819539e-01
10                                     9.8158566656962432e-01
11                                     9.8158700498569540e-01
   &FA [&Type "ArrayOfDoubles", &Dim (12,1)] "Mayer's free valence"
                                                         0

0                                      0.0000000000000000e+00
1                                      0.0000000000000000e+00
2                                      0.0000000000000000e+00
3                                      0.0000000000000000e+00
4                                      0.0000000000000000e+00
5                                      0.0000000000000000e+00
6                                      0.0000000000000000e+00
7                                      0.0000000000000000e+00
8                                      0.0000000000000000e+00
9                                      0.0000000000000000e+00
10                                     0.0000000000000000e+00
11                                     0.0000000000000000e+00
$End
$VdW_Correction
   &GeometryIndex 1
   &ListStatus       OUT
   &VDW [&Type "Double"]      -5.6047669539123629e-03
$End
$Calculation_Info
   &GeometryIndex 1
   &ListStatus       OUT
   &MULT [&Type "Integer"] 1
   &CHARGE [&Type "Integer"] 0
   &NUMOFATOMS [&Type "Integer"] 12
   &NUMOFELECTRONS [&Type "Integer"] 90
   &NUMOFFCELECTRONS [&Type "Integer"] 1
   &NUMOFCORRELECTRONS [&Type "Integer"] 0
   &NUMOFBASISFUNCTS [&Type "Integer"] 315
   &NUMOFAUXCBASISFUNCTS [&Type "Integer"] 0
   &NUMOFAUXJBASISFUNCTS [&Type "Integer"] 339
   &NUMOFAUXJKBASISFUNCTS [&Type "Integer"] 0
   &NUMOFCABSBASISFUNCTS [&Type "Integer"] 0
   &TOTALENERGY [&Type "Double"]      -1.6109515288627633e+03  "Hartrees"
$End
$SCF_Dipole_Moment
   &GeometryIndex 1
   &ListStatus       OUT
   &METHOD [&Type "String"] "SCF"
   &LEVEL [&Type "String"] "Relaxed density"
   &MULT [&Type "Integer"] 1
   &STATE [&Type "Integer"] -1
   &IRREP [&Type "Integer"] 0
   &NATOMS [&Type "Integer"] 12
   &DODIPOLEATOM [&Type "Boolean"] false
   &DIPOLEELECCONTRIB [&Type "ArrayOfDoubles", &Dim (3,1)] "Electronic contribution"
                                                         0

0                                     -2.7178077821656075e-04
1                                      1.0528367003938063e+01
2                                     -3.2995765637565980e-04
   &DIPOLENUCCONTRIB [&Type "ArrayOfDoubles", &Dim (3,1)] "Nuclear contribution"
                                                         0

0                                      2.9518809893147591e-04
1                                     -1.1502436420410771e+01
2                                      3.6222483418147993e-04
   &DIPOLETOTAL [&Type "ArrayOfDoubles", &Dim (3,1)] "Total"
                                                         0

0                                      2.3407320714915157e-05
1                                     -9.7406941647270706e-01
2                                      3.2267177805820138e-05
   &DIPOLEMAGNITUDE [&Type "Double", &Units "a.u."]       9.7406941728839502e-01
$End
$THERMOCHEMISTRY_Energies
   &GeometryIndex 1
   &ListStatus       OUT
   &TEMPERATURE [&Type "Double"]       2.9814999999999998e+02
   &PRESSURE [&Type "Double"]       1.0000000000000000e+00
   &TOTALMASS [&Type "Double"]       1.8144900000000001e+02
   &SPINDEGENERACY [&Type "Integer"] 1
   &ELENERGY [&Type "Double"]      -1.6109515288627633e+03
   &TRANSENERGY [&Type "Double"]       1.4162714244859817e-03
   &ROTENERGY [&Type "Double"]       1.4162714244859817e-03
   &VIBENERGY [&Type "Double"]       5.0211066523365181e-03
   &NUMOFFREQS [&Type "Integer"] 36
   &FREQSCALINGFACTOR [&Type "Double"]       1.0000000000000000e+00
   &FREQ [&Type "ArrayOfDoubles", &Dim (36,1)] "In cm^-1"
                                                         0

0                                      0.0000000000000000e+00
1                                      0.0000000000000000e+00
2                                      0.0000000000000000e+00
3                                      0.0000000000000000e+00
4                                      0.0000000000000000e+00
5                                      0.0000000000000000e+00
6                                      8.9473476169856056e+01
7                                      2.0427088647836422e+02
8                                      2.1078664529922156e+02
9                                      2.1566913917428934e+02
10                                     2.5232829139137527e+02
11                                     3.4494046458841774e+02
12                                     4.0334762353742735e+02
13                                     4.8844829211362446e+02
14                                     5.0366772419552552e+02
15                                     5.1664740363444287e+02
16                                     5.3695824696034401e+02
17                                     7.1303863914384965e+02
18                                     7.4170185242621847e+02
19                                     7.8056357061129768e+02
20                                     7.8086985838802866e+02
21                                     8.9546260040747381e+02
22                                     9.5721018089010829e+02
23                                     1.0500643863271057e+03
24                                     1.0982817617071069e+03
25                                     1.1562040393118621e+03
26                                     1.1740388953791226e+03
27                                     1.2153135607144770e+03
28                                     1.3185482200348697e+03
29                                     1.4301474341568328e+03
30                                     1.4550561837066775e+03
31                                     1.5886393442752692e+03
32                                     1.5940611451426673e+03
33                                     3.1809913319888242e+03
34                                     3.2005018917759317e+03
35                                     3.2053027258019938e+03
   &ZPE [&Type "Double"]       7.1312423817838894e-02
   &INNERENERGYU [&Type "Double"]      -1.6108723627894444e+03
   &ENTHALPYH [&Type "Double"]      -1.6108714185804022e+03
   &QEL [&Type "Double"]       0.0000000000000000e+00
   &QROT [&Type "Double"]       1.3867556087781799e-02
   &QVIB [&Type "Double"]       8.2532746780821196e-03
   &QTRANS [&Type "Double"]       1.9715062917549972e-02
   &ENTROPYS [&Type "Double"]       4.1835893683413894e-02
   &FREEENERGYG [&Type "Double"]      -1.6109132544740855e+03
   &ISLINEAR [&Type "Boolean"] false
$End
$Hessian
   &GeometryIndex 1
   &ListStatus       OUT
   &HESSIAN [&Type "ArrayOfDoubles", &Dim (36,36)] "The Hessian"
                                                         0                           1                           2                           3                           4                           5                           6                           7

0                                      6.6462525223932378e-01        -3.1158623094180299e-06        -4.7304967418253656e-06        -2.8684688968086247e-01        -6.1464435635125464e-02         3.9655252916157920e-06         2.6841920873226364e-02        -7.7499163932688825e-02
1                                     -3.1158623094180299e-06         7.3654174967124120e-01        -1.9517451403490477e-05        -1.2211226381205204e-01        -1.7740960118786736e-01         4.9991896395205760e-06        -2.7432409106260172e-02        -3.0475560166644551e-02
2                                     -4.7304967418253656e-06        -1.9517451403490477e-05         1.2273535426016718e-01         5.7377773443505907e-06         4.3063897683845150e-06        -5.5258413751020710e-02         7.6207991697665542e-07         1.6874181229899530e-06
3                                     -2.8684688968086247e-01        -1.2211226381205204e-01         5.7377773443505907e-06         7.3502192199816396e-01        -3.1094673715667646e-02        -3.4871317581406086e-06        -1.0930419504209289e-01         4.4498250011635168e-02
4                                     -6.1464435635125464e-02        -1.7740960118786736e-01         4.3063897683845150e-06        -3.1094673715667646e-02         6.6712595710525102e-01        -1.7744316619051830e-05        -1.3141706554273158e-02        -3.1981111391226930e-01
5                                      3.9655252916157920e-06         4.9991896395205760e-06        -5.5258413751020710e-02        -3.4871317581406086e-06        -1.7744316619051830e-05         1.2104876537799286e-01         6.5000093082175305e-07         8.2895469423610455e-06
6                                      2.6841920873226364e-02        -2.7432409106260172e-02         7.6207991697665542e-07        -1.0930419504209289e-01        -1.3141706554273158e-02         6.5000093082175305e-07         5.1786476663294412e-01        -5.2034365803479574e-02
7                                     -7.7499163932688825e-02        -3.0475560166644551e-02         1.6874181229899530e-06         4.4498250011635168e-02        -3.1981111391226930e-01         8.2895469423610455e-06        -5.2034365803479574e-02         6.0643522579595532e-01
8                                      1.9703860373025761e-06         1.3441447604236987e-06         5.6339142121774287e-03        -9.8215790398998327e-07         8.7018252345906709e-06        -6.0065420158856256e-02        -1.9608013532908407e-06        -1.5440122516828528e-05
9                                     -6.1348245406621670e-02        -1.5292436742425508e-06         5.4717834236936325e-07         2.9460278768972850e-02         6.8981515444290459e-02        -2.0349635988654791e-06        -2.3986776165003409e-01         6.1501947040404015e-02
10                                    -1.6719786382310465e-06         1.7600219658944882e-03        -2.1460499785122136e-08         2.2995124344333963e-02        -2.6747491926157531e-02         7.0123667821053323e-07         1.1507468092566885e-01        -1.4651402931336116e-01
11                                     6.5485024498053222e-07        -1.3937560013993524e-07        -2.5956659305311717e-03        -9.7857723307684636e-07         4.7274807016830040e-07         7.0123870254296186e-03        -1.8885731340085550e-06         2.0119733203151663e-06
12                                     2.6836738032793649e-02         2.7435334397332437e-02        -1.1671829914791295e-06        -1.3943374325416275e-02        -2.6457321810312510e-02         1.0987855191114035e-06        -5.7189419623347393e-02         2.7017506790308409e-02
13                                     7.7502058349641412e-02        -3.0470458837128130e-02         1.5565289787947703e-07        -2.8359929862304976e-02        -4.6727007726036107e-02         1.8927851246599788e-06        -2.7023318165101770e-02         5.9134989942644808e-02
14                                    -2.4788748849307715e-06         7.5121132439143330e-07         5.6338741857136429e-03         9.3526036411994566e-07         1.6969911322959298e-06        -2.8898836732347997e-03         1.3420806047764700e-06        -1.8227203624414423e-06
15                                    -2.8685709136955190e-01         1.2210735231933355e-01        -1.7530097455819301e-06        -5.8944001775074931e-02        -2.0131158586654731e-02         9.7957207560811157e-07        -1.3946140099227455e-02         2.8361496500625669e-02
16                                     6.1459580314583998e-02        -1.7740053944257356e-01         3.4466940766745886e-06         2.0125260814119934e-02         5.7378708622248351e-02        -1.7225318242113617e-06         2.6458986295304510e-02        -4.6724215425735585e-02
17                                     3.3017648608278442e-07         2.8156479444492718e-06        -5.5258081705839707e-02         1.3005416385903997e-07        -1.3850928503698432e-06         6.2144221750512069e-03        -8.2435141356742116e-07         1.2454846600690269e-06
18                                     4.7547141268509526e-03         9.8428535022358245e-04        -2.1365033968516180e-08        -1.9792316545915525e-03         8.6799376047739412e-04        -5.9255503281751066e-08         1.4790399790036860e-03        -5.9695108954618947e-03
19                                    -5.3438165385856972e-03        -3.8315655471150914e-03         3.3051765566296193e-07         1.9036430218861890e-03         6.9476817517710667e-04        -1.0787704582524736e-07        -1.2628224165247798e-03        -1.4837610933437343e-03
20                                     1.2307282616640432e-07         2.4094597076783663e-07         4.6187656110858906e-03        -2.9461121657027778e-08        -1.8414704720331252e-08        -9.8299534101981131e-04         5.1102116628388148e-08         2.5118944706484357e-07
21                                     5.0121412138281498e-04         6.2214940688861084e-08        -1.5493737974075861e-08        -4.1306281323599944e-03        -3.1974165240236088e-05         5.9998229408528175e-08         4.5024258413647530e-04         2.2833071748484562e-02
22                                     7.4057366267366708e-08        -2.1823828722526469e-03         1.3331255000972045e-07         5.2105804306838040e-03         3.7390461431607760e-03        -1.9895580814146810e-07         2.0369068104293883e-03        -4.0377178909706449e-02
23                                     3.4602367355695957e-08         1.7724706693985529e-09        -8.2805345382707643e-04        -2.7675559007061566e-08         8.2255425916459074e-08         3.9591569493940453e-03        -2.2176625479747551e-07         1.3682644347392281e-06
24                                     4.7545485997064329e-03        -9.8392003486267969e-04         6.9891779237053281e-08        -1.8317463580794991e-02        -1.6358189023330721e-02         5.3123213961083877e-07        -1.2476226823801344e-01        -4.4584681699383705e-02
25                                     5.3442605391295778e-03        -3.8313622639560832e-03         2.8911535912282384e-07        -3.9602071817775850e-02        -2.1460229869712986e-02         1.1016678563314423e-06        -4.9307322092913455e-02        -6.7209503115151087e-02
26                                    -7.6632334635445826e-08         2.6684821426536782e-07         4.6187782373299548e-03         1.5262780346642549e-06         1.1347168756642020e-06         5.0500459574682639e-03         2.4754223708206005e-06         1.9043286137510303e-06
27                                    -5.7536911487223182e-02         7.7826317077166718e-06         1.6102181254813813e-07         3.8292528687444431e-03        -2.8476278022582967e-02         8.9007166890269221e-07        -3.4466162461455961e-03        -2.0566853203314688e-03
28                                     7.6659814849297696e-06        -3.3698282611505831e-01         9.8067266016283764e-06         2.0598894580430224e-03        -1.1848794805862019e-02         2.2146177953471630e-07        -2.5313083260717550e-03         1.0463743518973204e-03
29                                     1.3479856825257253e-07         9.7194698704107678e-06        -3.3438121728797371e-02        -2.3176458632498507e-07         5.6016329881691331e-07         1.9083734794526517e-03         2.6307641464227556e-07         1.7477318273166475e-07
30                                    -1.7862478860003188e-02         1.4720399651622564e-02        -4.7212411616165488e-07        -2.7195873374268564e-01         1.2359794152770494e-01        -2.5272893672260240e-06         1.6677921989645341e-03        -2.8203659312157209e-03
31                                    -1.4769834411124175e-02         1.2141256632251470e-02        -1.3589262321478148e-07         1.2069839858819385e-01        -1.2410156072138580e-01         2.1904270528711239e-06         2.8063382036774439e-02        -1.2976136192741117e-02
32                                     6.9091650778619965e-07        -4.2615511862017801e-07         2.0687964345389121e-03        -2.5145673868838756e-06         2.2466518430392336e-06        -3.2974538383740357e-02        -8.6942165192351713e-07         4.4598517824671684e-07
33                                    -1.7862771189021527e-02        -1.4721977142616586e-02         8.1035689688031269e-07        -2.8869357020024564e-03         3.9521730605705328e-03        -1.2959264813820069e-07         2.1263863058577220e-04         1.0117113230266521e-03
34                                     1.4768397752880219e-02         1.2141268163208555e-02        -4.4326052342387059e-07         3.4339062590486931e-03        -8.3267989654622052e-04         1.4505687194013339e-07         8.4008656452421067e-04        -1.0450919615445911e-03
35                                    -5.4695809352241280e-07        -9.4010055085927913e-08         2.0688536290030205e-03        -1.4987337340497959e-08         1.7839187706613517e-07         6.9781003430832954e-03         3.2916140818067259e-08        -1.6111918694326062e-08
                                                         8                           9                          10                          11                          12                          13                          14                          15

0                                      1.9703860373025761e-06        -6.1348245406621670e-02        -1.6719786382310465e-06         6.5485024498053222e-07         2.6836738032793649e-02         7.7502058349641412e-02        -2.4788748849307715e-06        -2.8685709136955190e-01
1                                      1.3441447604236987e-06        -1.5292436742425508e-06         1.7600219658944882e-03        -1.3937560013993524e-07         2.7435334397332437e-02        -3.0470458837128130e-02         7.5121132439143330e-07         1.2210735231933355e-01
2                                      5.6339142121774287e-03         5.4717834236936325e-07        -2.1460499785122136e-08        -2.5956659305311717e-03        -1.1671829914791295e-06         1.5565289787947703e-07         5.6338741857136429e-03        -1.7530097455819301e-06
3                                     -9.8215790398998327e-07         2.9460278768972850e-02         2.2995124344333963e-02        -9.7857723307684636e-07        -1.3943374325416275e-02        -2.8359929862304976e-02         9.3526036411994566e-07        -5.8944001775074931e-02
4                                      8.7018252345906709e-06         6.8981515444290459e-02        -2.6747491926157531e-02         4.7274807016830040e-07        -2.6457321810312510e-02        -4.6727007726036107e-02         1.6969911322959298e-06        -2.0131158586654731e-02
5                                     -6.0065420158856256e-02        -2.0349635988654791e-06         7.0123667821053323e-07         7.0123870254296186e-03         1.0987855191114035e-06         1.8927851246599788e-06        -2.8898836732347997e-03         9.7957207560811157e-07
6                                     -1.9608013532908407e-06        -2.3986776165003409e-01         1.1507468092566885e-01        -1.8885731340085550e-06        -5.7189419623347393e-02        -2.7023318165101770e-02         1.3420806047764700e-06        -1.3946140099227455e-02
7                                     -1.5440122516828528e-05         6.1501947040404015e-02        -1.4651402931336116e-01         2.0119733203151663e-06         2.7017506790308409e-02         5.9134989942644808e-02        -1.8227203624414423e-06         2.8361496500625669e-02
8                                      1.2092808385794733e-01        -5.3868068993100934e-07         1.6423667325716513e-06        -6.0264265532067901e-02        -1.7438362064643951e-07        -1.5073510149334482e-06         5.3094892894528928e-03        -7.4928882820367203e-07
9                                     -5.3868068993100934e-07         6.0305203524500450e-01         6.0054528881230075e-06        -5.3017286530460812e-06        -2.3986410742639508e-01        -6.1510591596966306e-02         4.2646206505671537e-06         2.9464919892141984e-02
10                                     1.6423667325716513e-06         6.0054528881230075e-06         5.1256396287530737e-01        -1.2604938945046378e-05        -1.1508358279684749e-01        -1.4652481242895049e-01         4.0502544986234119e-06        -2.2992322128539838e-02
11                                    -6.0264265532067901e-02        -5.3017286530460812e-06        -1.2604938945046378e-05         1.1619666919261054e-01         5.7693385346327948e-06         3.6865923562944763e-06        -6.0263962575909283e-02         4.8192630482611093e-07
12                                    -1.7438362064643951e-07        -2.3986410742639508e-01        -1.1508358279684749e-01         5.7693385346327948e-06         5.1786536444426090e-01         5.2033270958457230e-02        -6.6954859811808733e-06        -1.0930249809705758e-01
13                                    -1.5073510149334482e-06        -6.1510591596966306e-02        -1.4652481242895049e-01         3.6865923562944763e-06         5.2033270958457230e-02         6.0644593182759787e-01        -1.5317462851854496e-05        -4.4487711985027933e-02
14                                     5.3094892894528928e-03         4.2646206505671537e-06         4.0502544986234119e-06        -6.0263962575909283e-02        -6.6954859811808733e-06        -1.5317462851854496e-05         1.2092729710280949e-01         1.9611950606549757e-06
15                                    -7.4928882820367203e-07         2.9464919892141984e-02        -2.2992322128539838e-02         4.8192630482611093e-07        -1.0930249809705758e-01        -4.4487711985027933e-02         1.9611950606549757e-06         7.3501928100851432e-01
16                                     1.1810876786053046e-06        -6.8978871436841810e-02        -2.6752419958939642e-02         1.5192903727181304e-06         1.3152150269559071e-02        -3.1981501698681741e-01         7.5470735949063336e-06         3.1099017341511777e-02
17                                    -2.8898491547360849e-03         1.7382296437634996e-06         1.2116034147602492e-06         7.0125105778512387e-03         2.6133969784512188e-07         8.3179863412676253e-06        -6.0065130146404355e-02        -8.1927675408687586e-06
18                                     3.3763174663360655e-07        -4.0447689908137643e-02         2.0620052464456883e-02        -9.9031593443079086e-08        -1.2476766168852309e-01         4.4582534253754968e-02         8.5490739688964358e-08        -1.8320038943442193e-02
19                                     1.4626188157999245e-07        -1.5309346888760511e-03         7.4447023509849504e-04         1.7609471608218887e-07         4.9305341168037933e-02        -6.7205283057005571e-02         4.8179318743306311e-07         3.9602245740285466e-02
20                                     4.0490330936749181e-03         6.5287009040746102e-07        -1.9087369225422467e-07         4.1067079455963697e-03         5.6527582256800809e-08         5.8794104691289817e-07        -2.5436686201895656e-02        -8.0459462190718178e-07
21                                    -6.7359459356958241e-07        -4.0667838204944753e-02         3.4397606927752399e-06         1.6581446607561021e-07         4.5119486258434101e-04        -2.2831020796649358e-02         7.8008281864710870e-07        -4.1303381711924672e-03
22                                     1.3713846371054122e-06         3.1373108608507392e-06        -1.6175243186940608e-01         4.3123468541271838e-06        -2.0349918608249459e-03        -4.0379064505612509e-02         1.3088021575587770e-06        -5.2110367760280669e-03
23                                     3.9351246619618776e-03         2.4718436639140654e-07         4.1919358245464879e-06        -2.5058787079112025e-02         2.3472441955448769e-07         1.7476819493167491e-06         3.9352784332197226e-03         1.7391321975785769e-07
24                                     2.5027175346392355e-06        -4.0445949636866416e-02        -2.0621980008538869e-02         1.0636071697286897e-06         1.4786839911586562e-03         5.9696435737513981e-03        -2.0723118249512843e-07        -1.9791012471745886e-03
25                                     1.9628687022535437e-06         1.5291353539096803e-03         7.4358658510707831e-04         9.8662573775616503e-08         1.2629576037447273e-03        -1.4834227644439592e-03         1.3168312083023601e-07        -1.9037873894954477e-03
26                                    -2.5436831303848224e-02         5.7986777171420148e-07         2.4673637239602006e-07         4.1064970833667638e-03         3.2019876899029830e-08         2.1002158932677363e-07         4.0490227732263902e-03         1.0394578678059045e-08
27                                     1.6935001216075339e-07        -1.4008503249005708e-03        -4.8107821300503972e-08        -5.6867720670526328e-09        -3.4468389529223424e-03         2.0564376128612083e-03         1.8349973732774036e-08         3.8279736291570473e-03
28                                     2.3947497025693790e-07        -6.3987774107907740e-08         6.0863681673270238e-04        -2.7468921531551579e-08         2.5310628964579228e-03         1.0466448809858791e-03         1.5540639120711499e-07        -2.0591504601162464e-03
29                                     7.0640807486891492e-03        -3.9261615421638004e-08         2.0588528786409325e-08        -8.6889188340997755e-04        -6.2803982311238007e-08         1.1539554899499498e-07         7.0641198164269545e-03         2.6052974215047390e-07
30                                     2.5549946740676873e-07         1.0326564783188223e-03        -4.0582453455702185e-04        -2.7008195823241690e-08         2.1272233877973022e-04        -1.0116496289456450e-03        -2.6249954924554235e-09        -2.8865162187694735e-03
