
$orca_hessian_file

$act_atom
  0

$act_coord
  0

$act_energy
        0.000000

$multiplicity
  1

$hessian
42
                    0                  1                  2                  3                  4        
    0      7.3986174512E-01  -1.9235989654E-02  -1.7564864184E-05  -1.5627132899E-01   9.9825986765E-02
    1     -1.9235989654E-02   6.5821861217E-01  -1.1006057334E-05   2.0801104377E-02  -3.1008490087E-01
    2     -1.7564864184E-05  -1.1006057334E-05   1.4604198495E-01   2.7109177839E-06  -8.4526583019E-07
    3     -1.5627132899E-01   2.0801104377E-02   2.7109177839E-06   7.0166608860E-01   4.6493968917E-02
    4      9.9825986765E-02  -3.1008490087E-01  -8.4526583019E-07   4.6493968917E-02   7.0744891955E-01
    5      1.3348418411E-06   2.5691174002E-06  -6.6368985426E-02  -1.5426512586E-05  -1.6001295319E-05
    6     -3.5184964923E-03   9.7683126446E-02   5.1260863423E-07  -3.3354448790E-01  -4.7959704356E-03
    7      3.8164958637E-02   1.6736965000E-02   3.0850798345E-08   7.1767877464E-02  -1.3794010498E-01
    8     -3.6309057113E-07  -1.8310191701E-06   7.8778672562E-03   3.4291232533E-06   2.7955336188E-06
    9     -4.0924690384E-03  -1.2299892385E-02   4.0765859350E-06  -4.5504937837E-02  -1.1096337797E-02
   10     -1.2121278986E-02  -7.4742961376E-02   6.1462153777E-06  -6.6236060131E-02   5.3805709234E-02
   11      1.5789366542E-06   5.0578429817E-06  -8.9872839654E-03  -2.0897383017E-06   1.9099551747E-07
   12     -4.4648521372E-02  -7.2412122300E-02   3.5872501863E-06  -4.7774278116E-02   3.8249459418E-02
   13     -1.5382220087E-02   6.0512026155E-02  -3.5734234568E-06   4.0722321384E-02  -3.3751991688E-02
   14      1.5342473648E-06   1.3057504196E-06   7.4716249790E-03  -3.2706354480E-07  -1.8460331775E-07
   15     -2.1217101075E-01  -5.2119293218E-02   9.4072305168E-06   7.2883761506E-02  -5.2219553593E-02
   16     -1.3111088114E-01  -2.4646046282E-01   9.5466448262E-06   4.5650962486E-03  -5.3980083104E-02
   17      7.9920579681E-06   4.0006429768E-06  -6.7083109461E-02  -1.3734109869E-06   3.4897273182E-06
   18      7.2551069063E-04  -1.7243643217E-03  -9.1859565355E-06   2.9246901591E-03  -4.8041879197E-03
   19     -1.9745013825E-03  -5.0450079247E-03  -5.2680847094E-06  -6.8829041091E-03  -3.1233598049E-03
   20      1.0997928739E-07   1.2631791260E-07  -1.0236742946E-03  -9.9743137963E-07   7.5338096495E-07
   21     -9.5677484385E-04  -1.2405864282E-03   4.1594511148E-06  -3.6585992866E-03   2.5867941674E-04
   22      5.9054317568E-04   1.1693608477E-03   2.3223655373E-06   2.0220703416E-04   1.6595870314E-03
   23      4.0392695060E-09   5.0114312217E-07   4.8578185257E-05   8.5017189805E-07  -3.5998370285E-07
   24     -3.3034014745E-01   4.8937243299E-02   5.4824572533E-06  -5.7148289981E-03  -8.5566685433E-04
   25      4.8894902269E-02  -6.9459540159E-02  -1.1048516400E-07   2.9868056484E-02   9.0662513394E-05
   26      3.4994861938E-06  -1.8956605195E-07  -4.0646989908E-02   2.6865389678E-07  -2.8454936200E-07
   27      1.0998597177E-02   9.8509124333E-03  -1.4657934830E-06  -1.7770114463E-01  -1.3786367049E-01
   28     -2.1026770932E-02  -1.6809697554E-02   4.4516048026E-07  -1.3794581957E-01  -2.2193906974E-01
   29     -3.7826994859E-08  -9.6911255980E-07   3.3875743265E-03   1.0375944831E-05   1.2273217195E-05
   30     -5.7780080080E-03   2.2551154971E-04   3.7522118451E-07  -4.4330961018E-03   2.9769090559E-02
   31      7.4970333857E-04   1.7737414766E-03  -5.5811290999E-09  -7.1190850211E-04  -6.1401686828E-04
   32      4.8272559139E-07   1.3953510591E-07   7.5334237041E-03   2.3703283096E-07  -8.5689176237E-07
   33     -4.9134020238E-03   1.9948845468E-03  -1.3449913807E-06  -5.6553199916E-04   1.0570882164E-03
   34      2.0438304304E-03   7.4735988197E-04  -6.0543890147E-07   6.9122636287E-04   4.6707462562E-05
   35      1.8557390603E-07  -1.6568943335E-07   7.9634358098E-03  -1.2470535894E-07   6.5576417956E-08
   36      1.1022386636E-02  -2.0262045392E-02   2.3891594358E-07  -2.1579767235E-03  -3.4629946759E-03
   37      1.0582230394E-02  -1.6859695995E-02   1.1718502352E-06  -3.9058804439E-03  -1.8702922570E-03
   38     -5.0388185290E-07   2.1472083113E-07   3.4421921024E-03   1.8271403016E-07   6.3630273260E-07
   39      8.1919354589E-05  -2.4898537141E-04   7.9702985723E-07  -1.4832967979E-04  -5.5001554822E-04
   40      4.9983588893E-05   3.0420117000E-04   1.6812086229E-06   5.6483850949E-04   2.5223352441E-04
   41     -3.8287299449E-08   3.1641444597E-07   3.4336173831E-04  -4.3098105825E-08  -2.7947718175E-07
                    5                  6                  7                  8                  9        
    0      1.3348418411E-06  -3.5184964923E-03   3.8164958637E-02  -3.6309057113E-07  -4.0924690384E-03
    1      2.5691174002E-06   9.7683126446E-02   1.6736965000E-02  -1.8310191701E-06  -1.2299892385E-02
    2     -6.6368985426E-02   5.1260863423E-07   3.0850798345E-08   7.8778672562E-03   4.0765859350E-06
    3     -1.5426512586E-05  -3.3354448790E-01   7.1767877464E-02   3.4291232533E-06  -4.5504937837E-02
    4     -1.6001295319E-05  -4.7959704356E-03  -1.3794010498E-01   2.7955336188E-06  -1.1096337797E-02
    5      1.3914199782E-01   4.1297547848E-06   3.5450130586E-07  -6.5740383659E-02   2.6372448274E-06
    6      4.1297547848E-06   6.8336360350E-01  -3.6409964057E-02  -1.0533682869E-05  -1.9903892188E-01
    7      3.5450130586E-07  -3.6409964057E-02   7.1884613610E-01  -1.3184601032E-05  -1.2105917882E-01
    8     -6.5740383659E-02  -1.0533682869E-05  -1.3184601032E-05   1.4545949652E-01   4.5390025602E-06
    9      2.6372448274E-06  -1.9903892188E-01  -1.2105917882E-01   4.5390025602E-06   6.6755691165E-01
   10      3.2904093256E-07  -5.6641781104E-02  -2.4402734987E-01   6.6745062779E-06   4.5065805858E-03
   11      9.8785377212E-03   4.6265264115E-06   4.7396719149E-06  -6.8617108977E-02  -1.5850537264E-05
   12      3.2503791113E-07   6.7291019672E-02   2.9925222289E-03  -1.9616970083E-06  -1.4065601424E-01
   13     -2.3859946661E-07  -4.9523754203E-02  -5.3030875958E-02   3.3863534979E-06   7.7844882458E-02
   14     -7.8675970827E-03  -2.6199542462E-07   1.1922237914E-06   9.2846502065E-03  -2.2999015190E-06
   15     -5.9089618140E-07  -7.2685566804E-02  -2.4481290935E-02   3.7456971603E-06  -1.0261936452E-02
   16      4.8191489986E-07  -2.4295872734E-02  -9.7326222471E-03   1.2119527673E-06   3.4526582184E-02
   17      8.4752700855E-03  -2.1559055534E-07   1.1459955751E-06  -8.8365656944E-03  -3.1719759878E-06
   18     -1.2136408902E-07  -3.3914070785E-02  -1.0212166116E-02   5.8608176976E-06  -2.1327732616E-01
   19     -1.9066119735E-06  -2.8461483044E-02   7.9492069868E-03   5.9673796445E-06   6.7129644401E-02
   20      8.9156837139E-03   2.7935937800E-06  -5.8144386555E-07   5.4102482051E-04   4.8846445137E-08
   21      4.8668406327E-07  -7.4251666481E-04   1.0037756927E-02  -3.4086545043E-06  -6.3008693343E-02
   22      1.1821288469E-06   4.5458973007E-03   3.0745460076E-03  -2.1494817993E-06  -3.0509028220E-02
   23     -2.1144965583E-03  -5.8611572297E-07  -7.1002039682E-08   2.9506965355E-03   1.1469201306E-06
   24      5.5679594128E-07   1.2332491241E-03   2.0257126895E-03  -5.6773915353E-07   9.4841227273E-04
   25     -1.0170516391E-06   1.7661365307E-03  -5.3658847141E-03   3.3905759832E-07  -3.9142511007E-04
   26      4.5115882658E-03  -1.7044825582E-07   3.0680843301E-07   7.7272135590E-03  -1.2316268082E-07
   27      9.3488641314E-06  -1.4579619003E-02  -2.5202808615E-02   1.4670854195E-06  -5.0832168111E-03
   28      1.1454645215E-05   5.6999683138E-03   8.6318766304E-03  -4.9890567946E-07   1.7355440623E-03
   29     -3.8821604887E-02  -6.3098903025E-07   4.0498877700E-08   2.9848630227E-03   3.5953656400E-07
   30     -3.6263302373E-07  -9.3527707089E-02   8.7931640486E-02  -1.0387474190E-06   1.1431184314E-02
   31     -4.9230706113E-08   8.8817357982E-02  -3.0244207880E-01   3.7124000954E-06   9.2940587789E-03
   32      4.0093575030E-03  -5.3533036053E-07   3.1902099917E-06  -3.8182033903E-02  -4.4019210994E-07
   33     -3.5924819849E-08  -2.1500739941E-04   2.7020954991E-03  -1.2665358142E-07   1.2195592585E-02
   34     -8.0050494885E-08   3.4485121162E-03  -4.0085547439E-03  -9.8689505023E-07  -1.9860300920E-02
   35     -6.5750462990E-04   7.0500091127E-08   4.0221832323E-07   6.1527512646E-03   7.7308956665E-07
   36     -1.9253054754E-08  -1.2293405231E-03  -6.7883595940E-04   2.5955114279E-07  -5.8093225184E-03
   37      7.1393469718E-07  -8.6546993502E-04   5.1622740491E-04  -5.7148954339E-07   8.6760764781E-04
   38      7.1218346114E-03   4.3210796640E-07  -4.9898448546E-08  -4.8570859173E-04   3.6047554578E-07
   39      6.4761993546E-08   1.1078622407E-03   2.4294776174E-03  -6.0729590195E-07  -5.3992625507E-03
   40      8.1488901191E-07  -9.7450021975E-04   7.9251317888E-04  -2.0710764946E-06  -7.7519821246E-04
   41     -4.8369747498E-04  -3.2465567435E-07  -3.0974835720E-07  -1.1167623606E-03   9.9581483738E-07
                   10                 11                 12                 13                 14        
    0     -1.2121278986E-02   1.5789366542E-06  -4.4648521372E-02  -1.5382220087E-02   1.5342473648E-06
    1     -7.4742961376E-02   5.0578429817E-06  -7.2412122300E-02   6.0512026155E-02   1.3057504196E-06
    2      6.1462153777E-06  -8.9872839654E-03   3.5872501863E-06  -3.5734234568E-06   7.4716249790E-03
    3     -6.6236060131E-02  -2.0897383017E-06  -4.7774278116E-02   4.0722321384E-02  -3.2706354480E-07
    4      5.3805709234E-02   1.9099551747E-07   3.8249459418E-02  -3.3751991688E-02  -1.8460331775E-07
    5      3.2904093256E-07   9.8785377212E-03   3.2503791113E-07  -2.3859946661E-07  -7.8675970827E-03
    6     -5.6641781104E-02   4.6265264115E-06   6.7291019672E-02  -4.9523754203E-02  -2.6199542462E-07
    7     -2.4402734987E-01   4.7396719149E-06   2.9925222289E-03  -5.3030875958E-02   1.1922237914E-06
    8      6.6745062779E-06  -6.8617108977E-02  -1.9616970083E-06   3.3863534979E-06   9.2846502065E-03
    9      4.5065805858E-03  -1.5850537264E-05  -1.4065601424E-01   7.7844882458E-02  -2.2999015190E-06
   10      6.8730209193E-01  -1.2860387522E-05   1.8199135219E-02  -2.8957373458E-01   6.7789880535E-06
   11     -1.2860387522E-05   1.4488571855E-01  -2.2274919580E-06   8.0814044893E-06  -7.1298139493E-02
   12      1.8199135219E-02  -2.2274919580E-06   7.1836815928E-01   4.5373394417E-02  -1.9229318208E-05
   13     -2.8957373458E-01   8.0814044893E-06   4.5373394417E-02   6.8935077944E-01  -1.5949251522E-05
   14      6.7789880535E-06  -7.1298139493E-02  -1.9229318208E-05  -1.5949251522E-05   1.4888778069E-01
   15      9.0211871268E-02   2.1507126852E-06  -3.4320494435E-01  -4.9465855965E-04   1.0581132467E-05
   16      1.8057558280E-02  -2.7357472457E-06   7.6547323697E-02  -1.4166114171E-01  -4.2626867416E-07
   17     -7.2505683515E-06   9.8768618238E-03   1.0508004274E-05   2.5235680479E-06  -6.6349999697E-02
   18      3.7748404720E-02   2.7129477269E-05  -1.9671815076E-02   2.3090684691E-02   4.1937339079E-06
   19     -1.2612385128E-01   1.9163638731E-05   3.2031976626E-02   3.5535548691E-03   4.1966788173E-06
   20      2.6810107964E-06  -7.4981165097E-02   7.2294090043E-07  -2.1472468071E-06   3.0336904181E-03
   21     -3.6383835095E-02  -9.8509729705E-06   3.6136842670E-03  -6.9555103025E-03  -1.3702061662E-06
   22      1.7993382129E-02  -9.8569174356E-06   3.0493727563E-03  -7.8206037853E-03  -1.5003531954E-06
   23      4.9505243334E-08   1.8581339462E-02   5.5514676319E-07   8.2956691241E-07  -4.7929643593E-04
   24     -5.7687854972E-04   1.5356565351E-08  -9.7651236575E-04  -3.6562651758E-03   7.4870051226E-07
   25     -1.4207695942E-03  -9.5097608473E-08  -3.4172466308E-03  -3.4411574099E-03   3.1683169642E-07
   26     -2.3708909795E-07  -7.2685835062E-04   5.3785723809E-07   6.7520144629E-07   7.3379873596E-03
   27      2.7863034472E-03  -5.5104163049E-07  -4.8815618055E-04   1.0328648052E-03  -7.7558641244E-08
   28      1.1586325248E-03  -1.0858487881E-06   1.0523867930E-03  -2.6033580219E-04  -2.4845018106E-07
   29      1.5296098139E-07   7.5273596185E-03  -1.0614213670E-07  -3.3702782449E-07  -6.3827907523E-04
   30     -1.6634722201E-02   2.1322988760E-06  -2.4671040853E-03  -3.2061124985E-03   9.4458622312E-07
   31     -1.8319695438E-02  -3.9836405963E-06  -4.1189360106E-03  -1.9349191810E-03  -1.2764664742E-06
   32      5.0604906893E-07   3.3500436800E-03   3.9881099196E-07   4.9401600361E-07   6.2891276039E-03
   33      6.9010612644E-03  -1.5207451391E-06  -1.7797326301E-01  -1.3814135968E-01   6.5588095512E-06
   34     -1.7482235214E-02  -1.2911209568E-06  -1.3883061435E-01  -2.2230664235E-01   7.5407740480E-06
   35      4.8614494515E-07   4.2533345983E-03   5.9173136889E-06   8.0210135039E-06  -4.2046145146E-02
   36      2.1100213657E-04   1.3966463367E-06  -5.5637716866E-03   3.0166905811E-02  -1.1989906756E-07
   37      1.8115418976E-03  -1.9767210682E-06  -4.1246646315E-04  -7.2362876341E-04  -7.8479956222E-08
   38      1.0790116779E-06   8.1379310953E-03   6.8072780010E-07  -1.8208294876E-06   4.0133016692E-03
   39      2.8116658778E-02   8.8256147606E-09  -5.8484827380E-03  -7.7277772916E-04  -3.5148491299E-07
   40     -8.4383186399E-03  -7.2350302105E-06   1.5974192769E-03   1.0886707591E-03  -2.1063013856E-06
   41     -6.4843058549E-07   1.8119429332E-02  -2.3222298505E-07   4.9418254248E-07   2.3612940013E-03
                   15                 16                 17                 18                 19        
    0     -2.1217101075E-01  -1.3111088114E-01   7.9920579681E-06   7.2551069063E-04  -1.9745013825E-03
    1     -5.2119293218E-02  -2.4646046282E-01   4.0006429768E-06  -1.7243643217E-03  -5.0450079247E-03
    2      9.4072305168E-06   9.5466448262E-06  -6.7083109461E-02  -9.1859565355E-06  -5.2680847094E-06
    3      7.2883761506E-02   4.5650962486E-03  -1.3734109869E-06   2.9246901591E-03  -6.8829041091E-03
    4     -5.2219553593E-02  -5.3980083104E-02   3.4897273182E-06  -4.8041879197E-03  -3.1233598049E-03
    5     -5.9089618140E-07   4.8191489986E-07   8.4752700855E-03  -1.2136408902E-07  -1.9066119735E-06
    6     -7.2685566804E-02  -2.4295872734E-02  -2.1559055534E-07  -3.3914070785E-02  -2.8461483044E-02
    7     -2.4481290935E-02  -9.7326222471E-03   1.1459955751E-06  -1.0212166116E-02   7.9492069868E-03
    8      3.7456971603E-06   1.2119527673E-06  -8.8365656944E-03   5.8608176976E-06   5.9673796445E-06
    9     -1.0261936452E-02   3.4526582184E-02  -3.1719759878E-06  -2.1327732616E-01   6.7129644401E-02
   10      9.0211871268E-02   1.8057558280E-02  -7.2505683515E-06   3.7748404720E-02  -1.2612385128E-01
   11      2.1507126852E-06  -2.7357472457E-06   9.8768618238E-03   2.7129477269E-05   1.9163638731E-05
   12     -3.4320494435E-01   7.6547323697E-02   1.0508004274E-05  -1.9671815076E-02   3.2031976626E-02
   13     -4.9465855965E-04  -1.4166114171E-01   2.5235680479E-06   2.3090684691E-02   3.5535548691E-03
   14      1.0581132467E-05  -4.2626867416E-07  -6.6349999697E-02   4.1937339079E-06   4.1966788173E-06
   15      6.7938846393E-01  -3.7678525338E-02  -2.4455022169E-05   8.0163099055E-03   5.7281764801E-03
   16     -3.7678525338E-02   7.3216507707E-01  -1.6461115600E-05   2.4630080662E-03  -7.0010777942E-03
   17     -2.4455022169E-05  -1.6461115600E-05   1.4175449789E-01   7.5869701444E-06   4.4047811709E-06
   18      8.0163099055E-03   2.4630080662E-03   7.5869701444E-06   7.2221007156E-01   1.4402881503E-01
   19      5.7281764801E-03  -7.0010777942E-03   4.4047811709E-06   1.4402881503E-01   7.7290049076E-01
   20     -8.4299491790E-07   5.2295074844E-07   7.5633812048E-03  -2.9782451339E-05  -2.3482371464E-05
   21     -6.8894493894E-04  -1.4936638536E-03  -2.5691404800E-06  -3.8589339752E-01  -2.7358538784E-01
   22     -3.0681405900E-03   1.3491567029E-03  -1.3922609196E-06  -2.6695468845E-01  -3.9253341650E-01
   23      2.3873646085E-07  -2.8533156823E-07  -8.8899240711E-04   1.2284314877E-05   1.1850028189E-05
   24     -1.4164768523E-02   6.3500843054E-03   1.1671148490E-06  -2.4984074468E-04  -1.4964226552E-05
   25     -2.4399750307E-02   8.9359816812E-03   6.5811586292E-07  -4.2898830681E-05  -1.7716039529E-04
   26      1.6153301564E-06  -5.1168322475E-07   4.1894194675E-03   1.6694928329E-07   2.4676418008E-07
   27      2.8061643096E-04   2.6432603252E-03   1.5126634257E-06   4.5782061136E-04  -1.5697797648E-03
   28      3.2301969957E-03  -4.1822767174E-03   1.2659702424E-06   3.6566304855E-04   3.7294910490E-04
   29      4.6837899730E-07   5.4190056738E-07   7.3956019160E-03   3.7550590287E-08  -1.4703465795E-08
   30     -1.0981307828E-03  -5.2757190535E-04  -3.2828860069E-07   2.6464374877E-04  -3.4729118087E-03
   31     -6.2019931065E-04   4.5117316219E-04   9.2733682676E-07   3.5119084816E-03  -1.0574802558E-04
   32     -1.1975636191E-07  -2.7490025755E-07  -6.1060235058E-04  -2.5268362379E-07  -1.1303975319E-07
   33     -1.3358538110E-02  -2.3798641789E-02   3.1267423647E-06   2.7843694089E-04  -5.5272186019E-05
   34      6.1417349960E-03   9.4063938265E-03   1.8378120565E-06  -2.9308529533E-03  -9.9007839119E-04
   35      1.2855888354E-06   8.5021702094E-07   5.1004316721E-03  -3.0787373764E-07   1.3421840601E-07
   36     -9.3289286047E-02   9.0004908050E-02  -1.6004810008E-06   7.0203545275E-04   1.8998116722E-03
   37      8.9942858514E-02  -3.0690596908E-01   7.3465007832E-06  -4.6411139958E-04  -1.5539822097E-04
   38     -1.3628784191E-06   7.0317316383E-06  -3.9602661701E-02  -3.1532313784E-07  -2.6406228786E-07
   39      3.5397498594E-04   1.9246580340E-03  -4.0983613750E-07  -8.2573068785E-02   6.5107386054E-02
   40     -2.9319055542E-04  -4.4170724848E-04  -1.6493061320E-06   7.6016180055E-02  -2.4952110338E-01
   41      1.0893366140E-07  -3.3946575472E-07  -9.8353274464E-04   1.6007482848E-06  -4.9025105835E-07
                   20                 21                 22                 23                 24        
    0      1.0997928739E-07  -9.5677484385E-04   5.9054317568E-04   4.0392695060E-09  -3.3034014745E-01
    1      1.2631791260E-07  -1.2405864282E-03   1.1693608477E-03   5.0114312217E-07   4.8937243299E-02
    2     -1.0236742946E-03   4.1594511148E-06   2.3223655373E-06   4.8578185257E-05   5.4824572533E-06
    3     -9.9743137963E-07  -3.6585992866E-03   2.0220703416E-04   8.5017189805E-07  -5.7148289981E-03
    4      7.5338096495E-07   2.5867941674E-04   1.6595870314E-03  -3.5998370285E-07  -8.5566685433E-04
    5      8.9156837139E-03   4.8668406327E-07   1.1821288469E-06  -2.1144965583E-03   5.5679594128E-07
    6      2.7935937800E-06  -7.4251666481E-04   4.5458973007E-03  -5.8611572297E-07   1.2332491241E-03
    7     -5.8144386555E-07   1.0037756927E-02   3.0745460076E-03  -7.1002039682E-08   2.0257126895E-03
    8      5.4102482051E-04  -3.4086545043E-06  -2.1494817993E-06   2.9506965355E-03  -5.6773915353E-07
    9      4.8846445137E-08  -6.3008693343E-02  -3.0509028220E-02   1.1469201306E-06   9.4841227273E-04
   10      2.6810107964E-06  -3.6383835095E-02   1.7993382129E-02   4.9505243334E-08  -5.7687854972E-04
   11     -7.4981165097E-02  -9.8509729705E-06  -9.8569174356E-06   1.8581339462E-02   1.5356565351E-08
   12      7.2294090043E-07   3.6136842670E-03   3.0493727563E-03   5.5514676319E-07  -9.7651236575E-04
   13     -2.1472468071E-06  -6.9555103025E-03  -7.8206037853E-03   8.2956691241E-07  -3.6562651758E-03
   14      3.0336904181E-03  -1.3702061662E-06  -1.5003531954E-06  -4.7929643593E-04   7.4870051226E-07
   15     -8.4299491790E-07  -6.8894493894E-04  -3.0681405900E-03   2.3873646085E-07  -1.4164768523E-02
   16      5.2295074844E-07  -1.4936638536E-03   1.3491567029E-03  -2.8533156823E-07   6.3500843054E-03
   17      7.5633812048E-03  -2.5691404800E-06  -1.3922609196E-06  -8.8899240711E-04   1.1671148490E-06
   18     -2.9782451339E-05  -3.8589339752E-01  -2.6695468845E-01   1.2284314877E-05  -2.4984074468E-04
   19     -2.3482371464E-05  -2.7358538784E-01  -3.9253341650E-01   1.1850028189E-05  -1.4964226552E-05
   20      2.0153628155E-01   1.0060044570E-05   1.0064529191E-05  -7.5811125265E-02  -9.4754768992E-08
   21      1.0060044570E-05   4.4362980647E-01   3.2839491290E-01  -6.3544132357E-06  -3.6239674019E-05
   22      1.0064529191E-05   3.2839491290E-01   4.1050286324E-01  -7.1327563949E-06   1.1057097454E-04
   23     -7.5811125265E-02  -6.3544132357E-06  -7.1327563949E-06   3.7809509449E-02  -3.0049888348E-07
   24     -9.4754768992E-08  -3.6239674019E-05   1.1057097454E-04  -3.0049888348E-07   3.4896942760E-01
   25      2.4582240386E-08   5.9063802708E-05   2.5968998518E-04  -5.3938694681E-08  -5.2629196043E-02
   26     -1.3499430413E-03  -2.9168548486E-07   8.7419728394E-08   2.8523200462E-04  -5.6726122471E-06
   27     -5.5539761831E-07  -1.0842974889E-03  -1.1174585355E-04   1.3369028014E-07   6.3240843766E-04
   28     -2.4050977420E-07   8.5364358236E-05  -6.0886653893E-05   1.6397926682E-08   1.9746927100E-04
   29      3.9799052772E-04  -2.1352163350E-09   1.6764240006E-07  -2.6853500136E-04  -1.5026655455E-07
   30     -5.3624578346E-07   6.1929314857E-04   1.3733900460E-03   9.0257568709E-07  -3.6970156088E-04
   31     -5.2861257726E-07  -7.1290383121E-04   5.7070388746E-04   2.9857216312E-07  -1.3163424312E-04
   32     -4.6050555436E-03   2.7966555166E-08  -1.7790689579E-07   8.2461775647E-04   8.8840519166E-08
   33     -9.7309722311E-08  -8.8997023480E-04   1.3127092854E-05  -1.4781487713E-07  -6.7684081907E-04
   34     -4.2587162880E-08   5.4336770161E-04   2.2370315907E-03   2.4354164448E-07   4.1283352873E-04
   35     -3.9631961686E-03   2.9029294055E-07   2.8217687268E-07  -7.0039120306E-05  -2.1533420660E-08
   36     -6.2787157453E-07  -2.5451682178E-04  -4.7713265975E-04   9.7491879263E-08   7.6870077577E-04
   37     -9.3828428096E-08   2.1997151882E-04   1.1099772584E-04   8.1958473808E-07  -2.2611620706E-04
   38      1.4029919627E-04   2.4867061632E-08  -1.2300691200E-07   1.3454179768E-04  -1.3207517405E-07
   39      9.0414252924E-07   9.3511669315E-03  -3.7222921075E-02   2.7826740283E-07  -2.3318069012E-05
   40     -1.4805362027E-06  -1.9163593709E-02  -3.8512412204E-02   3.7198904194E-07   2.1146092272E-05
   41     -6.0394192019E-02  -3.0461017615E-07   1.1491043946E-06   1.8997969597E-02  -1.2133939922E-07
                   25                 26                 27                 28                 29        
    0      4.8894902269E-02   3.4994861938E-06   1.0998597177E-02  -2.1026770932E-02  -3.7826994859E-08
    1     -6.9459540159E-02  -1.8956605195E-07   9.8509124333E-03  -1.6809697554E-02  -9.6911255980E-07
    2     -1.1048516400E-07  -4.0646989908E-02  -1.4657934830E-06   4.4516048026E-07   3.3875743265E-03
    3      2.9868056484E-02   2.6865389678E-07  -1.7770114463E-01  -1.3794581957E-01   1.0375944831E-05
    4      9.0662513394E-05  -2.8454936200E-07  -1.3786367049E-01  -2.2193906974E-01   1.2273217195E-05
    5     -1.0170516391E-06   4.5115882658E-03   9.3488641314E-06   1.1454645215E-05  -3.8821604887E-02
    6      1.7661365307E-03  -1.7044825582E-07  -1.4579619003E-02   5.6999683138E-03  -6.3098903025E-07
    7     -5.3658847141E-03   3.0680843301E-07  -2.5202808615E-02   8.6318766304E-03   4.0498877700E-08
    8      3.3905759832E-07   7.7272135590E-03   1.4670854195E-06  -4.9890567946E-07   2.9848630227E-03
    9     -3.9142511007E-04  -1.2316268082E-07  -5.0832168111E-03   1.7355440623E-03   3.5953656400E-07
   10     -1.4207695942E-03  -2.3708909795E-07   2.7863034472E-03   1.1586325248E-03   1.5296098139E-07
   11     -9.5097608473E-08  -7.2685835062E-04  -5.5104163049E-07  -1.0858487881E-06   7.5273596185E-03
   12     -3.4172466308E-03   5.3785723809E-07  -4.8815618055E-04   1.0523867930E-03  -1.0614213670E-07
   13     -3.4411574099E-03   6.7520144629E-07   1.0328648052E-03  -2.6033580219E-04  -3.3702782449E-07
   14      3.1683169642E-07   7.3379873596E-03  -7.7558641244E-08  -2.4845018106E-07  -6.3827907523E-04
   15     -2.4399750307E-02   1.6153301564E-06   2.8061643096E-04   3.2301969957E-03   4.6837899730E-07
   16      8.9359816812E-03  -5.1168322475E-07   2.6432603252E-03  -4.1822767174E-03   5.4190056738E-07
   17      6.5811586292E-07   4.1894194675E-03   1.5126634257E-06   1.2659702424E-06   7.3956019160E-03
   18     -4.2898830681E-05   1.6694928329E-07   4.5782061136E-04   3.6566304855E-04   3.7550590287E-08
   19     -1.7716039529E-04   2.4676418008E-07  -1.5697797648E-03   3.7294910490E-04  -1.4703465795E-08
   20      2.4582240386E-08  -1.3499430413E-03  -5.5539761831E-07  -2.4050977420E-07   3.9799052772E-04
   21      5.9063802708E-05  -2.9168548486E-07  -1.0842974889E-03   8.5364358236E-05  -2.1352163350E-09
   22      2.5968998518E-04   8.7419728394E-08  -1.1174585355E-04  -6.0886653893E-05   1.6764240006E-07
   23     -5.3938694681E-08   2.8523200462E-04   1.3369028014E-07   1.6397926682E-08  -2.6853500136E-04
   24     -5.2629196043E-02  -5.6726122471E-06   6.3240843766E-04   1.9746927100E-04  -1.5026655455E-07
   25      6.8484807791E-02  -4.9161679989E-08  -5.1790201930E-04   9.8984546727E-04  -7.0221726999E-08
   26     -4.9161679989E-08   2.7015167471E-02  -3.9305354392E-07  -5.7933276486E-08  -4.0846670856E-03
   27     -5.1790201930E-04  -3.9305354392E-07   1.8518434062E-01   1.4815681156E-01  -9.8221143887E-06
   28      9.8984546727E-04  -5.7933276486E-08   1.4815681156E-01   2.3233396405E-01  -1.1028510955E-05
   29     -7.0221726999E-08  -4.0846670856E-03  -9.8221143887E-06  -1.1028510955E-05   2.7194900716E-02
   30      1.4676938935E-03  -2.5260804692E-07   1.0710939926E-03  -4.8633155415E-04  -1.6790356074E-07
   31     -1.5331593938E-04   2.2129930070E-07   2.9059807915E-04   6.2498344805E-04  -4.9271003578E-07
   32     -2.2056091265E-08  -1.1399960085E-04  -1.0538649612E-07  -1.7365891903E-07  -3.9893398736E-03
   33     -1.1272369631E-03  -1.0259347739E-08   1.7613788380E-05  -8.6317860844E-05   2.6928101865E-08
   34      3.1709521098E-04   1.4034509116E-08  -1.0883632528E-04   3.4501656257E-05   6.4450932243E-08
   35      7.9300684687E-08  -2.8620907158E-04   5.2744472705E-08   1.8142405024E-08  -1.1977473282E-03
   36      5.9173868558E-04  -1.7649004684E-07   3.7851870281E-04  -9.9902676482E-04   4.0871136548E-08
   37      8.5825752694E-04  -1.0831987826E-07   5.3253528172E-04  -8.9643547963E-04  -1.8632138778E-07
   38     -5.7409187535E-08  -3.8464254938E-03  -4.0693227504E-08   3.9059054411E-08   7.4687549626E-05
   39     -8.6274621373E-05   3.5968466965E-09  -8.4575643976E-05   4.1202057591E-06   1.4099511700E-07
   40      8.1488035908E-05  -7.4447754653E-08   9.8199223656E-05   1.9490618582E-06  -2.6747246771E-08
   41      1.8756437784E-08  -1.1515576334E-05  -3.6836155510E-08  -2.0873502773E-08   3.7195574548E-05
                   30                 31                 32                 33                 34        
    0     -5.7780080080E-03   7.4970333857E-04   4.8272559139E-07  -4.9134020238E-03   2.0438304304E-03
    1      2.2551154971E-04   1.7737414766E-03   1.3953510591E-07   1.9948845468E-03   7.4735988197E-04
    2      3.7522118451E-07  -5.5811290999E-09   7.5334237041E-03  -1.3449913807E-06  -6.0543890147E-07
    3     -4.4330961018E-03  -7.1190850211E-04   2.3703283096E-07  -5.6553199916E-04   6.9122636287E-04
    4      2.9769090559E-02  -6.1401686828E-04  -8.5689176237E-07   1.0570882164E-03   4.6707462562E-05
    5     -3.6263302373E-07  -4.9230706113E-08   4.0093575030E-03  -3.5924819849E-08  -8.0050494885E-08
    6     -9.3527707089E-02   8.8817357982E-02  -5.3533036053E-07  -2.1500739941E-04   3.4485121162E-03
    7      8.7931640486E-02  -3.0244207880E-01   3.1902099917E-06   2.7020954991E-03  -4.0085547439E-03
    8     -1.0387474190E-06   3.7124000954E-06  -3.8182033903E-02  -1.2665358142E-07  -9.8689505023E-07
    9      1.1431184314E-02   9.2940587789E-03  -4.4019210994E-07   1.2195592585E-02  -1.9860300920E-02
   10     -1.6634722201E-02  -1.8319695438E-02   5.0604906893E-07   6.9010612644E-03  -1.7482235214E-02
   11      2.1322988760E-06  -3.9836405963E-06   3.3500436800E-03  -1.5207451391E-06  -1.2911209568E-06
   12     -2.4671040853E-03  -4.1189360106E-03   3.9881099196E-07  -1.7797326301E-01  -1.3883061435E-01
   13     -3.2061124985E-03  -1.9349191810E-03   4.9401600361E-07  -1.3814135968E-01  -2.2230664235E-01
   14      9.4458622312E-07  -1.2764664742E-06   6.2891276039E-03   6.5588095512E-06   7.5407740480E-06
   15     -1.0981307828E-03  -6.2019931065E-04  -1.1975636191E-07  -1.3358538110E-02   6.1417349960E-03
   16     -5.2757190535E-04   4.5117316219E-04  -2.7490025755E-07  -2.3798641789E-02   9.4063938265E-03
   17     -3.2828860069E-07   9.2733682676E-07  -6.1060235058E-04   3.1267423647E-06   1.8378120565E-06
   18      2.6464374877E-04   3.5119084816E-03  -2.5268362379E-07   2.7843694089E-04  -2.9308529533E-03
   19     -3.4729118087E-03  -1.0574802558E-04  -1.1303975319E-07  -5.5272186019E-05  -9.9007839119E-04
   20     -5.3624578346E-07  -5.2861257726E-07  -4.6050555436E-03  -9.7309722311E-08  -4.2587162880E-08
   21      6.1929314857E-04  -7.1290383121E-04   2.7966555166E-08  -8.8997023480E-04   5.4336770161E-04
   22      1.3733900460E-03   5.7070388746E-04  -1.7790689579E-07   1.3127092854E-05   2.2370315907E-03
   23      9.0257568709E-07   2.9857216312E-07   8.2461775647E-04  -1.4781487713E-07   2.4354164448E-07
   24     -3.6970156088E-04  -1.3163424312E-04   8.8840519166E-08  -6.7684081907E-04   4.1283352873E-04
   25      1.4676938935E-03  -1.5331593938E-04  -2.2056091265E-08  -1.1272369631E-03   3.1709521098E-04
   26     -2.5260804692E-07   2.2129930070E-07  -1.1399960085E-04  -1.0259347739E-08   1.4034509116E-08
   27      1.0710939926E-03   2.9059807915E-04  -1.0538649612E-07   1.7613788380E-05  -1.0883632528E-04
   28     -4.8633155415E-04   6.2498344805E-04  -1.7365891903E-07  -8.6317860844E-05   3.4501656257E-05
   29     -1.6790356074E-07  -4.9271003578E-07  -3.9893398736E-03   2.6928101865E-08   6.4450932243E-08
   30      9.4293035949E-02  -9.6155847241E-02  -9.7159175041E-07   3.5108361372E-04  -9.9892837002E-04
   31     -9.6155847241E-02   3.2051098812E-01  -3.9770911874E-07   7.4881165295E-04  -8.8996408772E-04
   32     -9.7159175041E-07  -3.9770911874E-07   2.6145026340E-02   2.3291565154E-07  -5.0076788317E-07
   33      3.5108361372E-04   7.4881165295E-04   2.3291565154E-07   1.8457276344E-01   1.4983174904E-01
   34     -9.9892837002E-04  -8.8996408772E-04  -5.0076788317E-07   1.4983174904E-01   2.3212876299E-01
   35      9.4483620612E-08   4.5675092032E-08   4.9893641005E-04  -7.2207520550E-06  -7.7528834897E-06
   36      7.5631953795E-05   8.7977856925E-05   1.3404646837E-08   1.1024677369E-03  -4.4669783068E-04
   37      7.0367170458E-05  -5.0123041731E-05  -2.8445565493E-07   2.5401415019E-04   6.1827737289E-04
   38     -3.4012648438E-08  -3.5777287660E-08  -1.2134197879E-03  -1.7081200088E-07  -2.4368527588E-07
   39     -4.3221909347E-04  -1.1536741417E-03   3.2803923411E-07   7.4595492904E-05   8.1764846170E-05
   40      7.4941898389E-04   5.7827128323E-04   7.2189174312E-10  -3.1279124897E-04   1.4134479899E-04
   41     -1.4193007640E-07   3.5298721380E-08   6.3918061599E-05  -3.4977234642E-08  -1.1037173523E-07
                   35                 36                 37                 38                 39        
    0      1.8557390603E-07   1.1022386636E-02   1.0582230394E-02  -5.0388185290E-07   8.1919354589E-05
    1     -1.6568943335E-07  -2.0262045392E-02  -1.6859695995E-02   2.1472083113E-07  -2.4898537141E-04
    2      7.9634358098E-03   2.3891594358E-07   1.1718502352E-06   3.4421921024E-03   7.9702985723E-07
    3     -1.2470535894E-07  -2.1579767235E-03  -3.9058804439E-03   1.8271403016E-07  -1.4832967979E-04
    4      6.5576417956E-08  -3.4629946759E-03  -1.8702922570E-03   6.3630273260E-07  -5.5001554822E-04
    5     -6.5750462990E-04  -1.9253054754E-08   7.1393469718E-07   7.1218346114E-03   6.4761993546E-08
    6      7.0500091127E-08  -1.2293405231E-03  -8.6546993502E-04   4.3210796640E-07   1.1078622407E-03
    7      4.0221832323E-07  -6.7883595940E-04   5.1622740491E-04  -4.9898448546E-08   2.4294776174E-03
    8      6.1527512646E-03   2.5955114279E-07  -5.7148954339E-07  -4.8570859173E-04  -6.0729590195E-07
    9      7.7308956665E-07  -5.8093225184E-03   8.6760764781E-04   3.6047554578E-07  -5.3992625507E-03
   10      4.8614494515E-07   2.1100213657E-04   1.8115418976E-03   1.0790116779E-06   2.8116658778E-02
   11      4.2533345983E-03   1.3966463367E-06  -1.9767210682E-06   8.1379310953E-03   8.8256147606E-09
   12      5.9173136889E-06  -5.5637716866E-03  -4.1246646315E-04   6.8072780010E-07  -5.8484827380E-03
   13      8.0210135039E-06   3.0166905811E-02  -7.2362876341E-04  -1.8208294876E-06  -7.7277772916E-04
   14     -4.2046145146E-02  -1.1989906756E-07  -7.8479956222E-08   4.0133016692E-03  -3.5148491299E-07
   15      1.2855888354E-06  -9.3289286047E-02   8.9942858514E-02  -1.3628784191E-06   3.5397498594E-04
   16      8.5021702094E-07   9.0004908050E-02  -3.0690596908E-01   7.0317316383E-06   1.9246580340E-03
   17      5.1004316721E-03  -1.6004810008E-06   7.3465007832E-06  -3.9602661701E-02  -4.0983613750E-07
   18     -3.0787373764E-07   7.0203545275E-04  -4.6411139958E-04  -3.1532313784E-07  -8.2573068785E-02
   19      1.3421840601E-07   1.8998116722E-03  -1.5539822097E-04  -2.6406228786E-07   6.5107386054E-02
   20     -3.9631961686E-03  -6.2787157453E-07  -9.3828428096E-08   1.4029919627E-04   9.0414252924E-07
   21      2.9029294055E-07  -2.5451682178E-04   2.1997151882E-04   2.4867061632E-08   9.3511669315E-03
   22      2.8217687268E-07  -4.7713265975E-04   1.1099772584E-04  -1.2300691200E-07  -3.7222921075E-02
   23     -7.0039120306E-05   9.7491879263E-08   8.1958473808E-07   1.3454179768E-04   2.7826740283E-07
   24     -2.1533420660E-08   7.6870077577E-04  -2.2611620706E-04  -1.3207517405E-07  -2.3318069012E-05
   25      7.9300684687E-08   5.9173868558E-04   8.5825752694E-04  -5.7409187535E-08  -8.6274621373E-05
   26     -2.8620907158E-04  -1.7649004684E-07  -1.0831987826E-07  -3.8464254938E-03   3.5968466965E-09
   27      5.2744472705E-08   3.7851870281E-04   5.3253528172E-04  -4.0693227504E-08  -8.4575643976E-05
   28      1.8142405024E-08  -9.9902676482E-04  -8.9643547963E-04   3.9059054411E-08   4.1202057591E-06
   29     -1.1977473282E-03   4.0871136548E-08  -1.8632138778E-07   7.4687549626E-05   1.4099511700E-07
   30      9.4483620612E-08   7.5631953795E-05   7.0367170458E-05  -3.4012648438E-08  -4.3221909347E-04
   31      4.5675092032E-08   8.7977856925E-05  -5.0123041731E-05  -3.5777287660E-08  -1.1536741417E-03
   32      4.9893641005E-04   1.3404646837E-08  -2.8445565493E-07  -1.2134197879E-03   3.2803923411E-07
   33     -7.2207520550E-06   1.1024677369E-03   2.5401415019E-04  -1.7081200088E-07   7.4595492904E-05
   34     -7.7528834897E-06  -4.4669783068E-04   6.1827737289E-04  -2.4368527588E-07   8.1764846170E-05
   35      2.8492676137E-02  -3.9274391895E-07  -3.6238801243E-07  -4.4438716676E-03   1.6286585882E-07
   36     -3.9274391895E-07   9.4769690223E-02  -9.6753133634E-02   9.0476611500E-07  -5.1521716037E-04
   37     -3.6238801243E-07  -9.6753133634E-02   3.2357952903E-01  -6.3705090083E-06   8.1910981085E-05
   38     -4.4438716676E-03   9.0476611500E-07  -6.3705090083E-06   2.6892752903E-02  -2.2305838349E-08
   39      1.6286585882E-07  -5.1521716037E-04   8.1910981085E-05  -2.2305838349E-08   8.4054954715E-02
   40     -1.9053497608E-07   1.9320512877E-04  -3.3288122969E-05  -1.3409227428E-07  -5.7741222471E-02
   41      2.0314724069E-04  -1.8584757249E-08   7.9086719140E-08  -3.6545368260E-04  -1.3532782916E-06
                   40                 41        
     0      4.9983588893E-05  -3.8287299449E-08
     1      3.0420117000E-04   3.1641444597E-07
     2      1.6812086229E-06   3.4336173831E-04
     3      5.6483850949E-04  -4.3098105825E-08
     4      2.5223352441E-04  -2.7947718175E-07
     5      8.1488901191E-07  -4.8369747498E-04
     6     -9.7450021975E-04  -3.2465567435E-07
     7      7.9251317888E-04  -3.0974835720E-07
     8     -2.0710764946E-06  -1.1167623606E-03
     9     -7.7519821246E-04   9.9581483738E-07
    10     -8.4383186399E-03  -6.4843058549E-07
    11     -7.2350302105E-06   1.8119429332E-02
    12      1.5974192769E-03  -2.3222298505E-07
    13      1.0886707591E-03   4.9418254248E-07
    14     -2.1063013856E-06   2.3612940013E-03
    15     -2.9319055542E-04   1.0893366140E-07
    16     -4.4170724848E-04  -3.3946575472E-07
    17     -1.6493061320E-06  -9.8353274464E-04
    18      7.6016180055E-02   1.6007482848E-06
    19     -2.4952110338E-01  -4.9025105835E-07
    20     -1.4805362027E-06  -6.0394192019E-02
    21     -1.9163593709E-02  -3.0461017615E-07
    22     -3.8512412204E-02   1.1491043946E-06
    23      3.7198904194E-07   1.8997969597E-02
    24      2.1146092272E-05  -1.2133939922E-07
    25      8.1488035908E-05   1.8756437784E-08
    26     -7.4447754653E-08  -1.1515576334E-05
    27      9.8199223656E-05  -3.6836155510E-08
    28      1.9490618582E-06  -2.0873502773E-08
    29     -2.6747246771E-08   3.7195574548E-05
    30      7.4941898389E-04  -1.4193007640E-07
    31      5.7827128323E-04   3.5298721380E-08
    32      7.2189174312E-10   6.3918061599E-05
    33     -3.1279124897E-04  -3.4977234642E-08
    34      1.4134479899E-04  -1.1037173523E-07
    35     -1.9053497608E-07   2.0314724069E-04
    36      1.9320512877E-04  -1.8584757249E-08
    37     -3.3288122969E-05   7.9086719140E-08
    38     -1.3409227428E-07  -3.6545368260E-04
    39     -5.7741222471E-02  -1.3532782916E-06
    40      2.9370615778E-01   6.1025195114E-06
    41      6.1025195114E-06   2.3228838312E-02

$vibrational_frequencies
42
    0        0.0000000000000000
    1        0.0000000000000000
    2        0.0000000000000000
    3        0.0000000000000000
    4        0.0000000000000000
    5        0.0000000000000000
    6      171.9862572785389716
    7      248.9150479735285160
    8      274.2634434150149332
    9      422.4013227021010266
   10      449.8702259067038653
   11      473.0745397659728155
   12      630.0058168236716938
   13      670.6165013740741188
   14      717.3143271270723744
   15      779.9725424179008542
   16      856.7528752843975326
   17      886.9514729344554098
   18      963.9679610887208128
   19     1017.2383248610343571
   20     1017.3069823368908828
   21     1036.8731449110384801
   22     1049.4690962638526344
   23     1055.3721653255490764
   24     1110.5145889419463856
   25     1179.6720146308630319
   26     1194.9749324816514218
   27     1252.2938854915241791
   28     1313.0775732585946116
   29     1348.6726832644569640
   30     1422.9111504942120519
   31     1493.2224976971913293
   32     1534.6127782891346669
   33     1634.8818723195283837
   34     1665.4018821024076260
   35     1710.8289657407374307
   36     2948.5697951831148202
   37     3172.8816373596323501
   38     3181.4949908603239237
   39     3190.6723074144792918
   40     3198.6087166089823768
   41     3204.9420741501876364

$normal_modes
42 42
                    0                  1                  2                  3                  4        
    0      0.0000000000E+00   0.0000000000E+00   0.0000000000E+00   0.0000000000E+00   0.0000000000E+00
    1      0.0000000000E+00   0.0000000000E+00   0.0000000000E+00   0.0000000000E+00   0.0000000000E+00
    2      0.0000000000E+00   0.0000000000E+00   0.0000000000E+00   0.0000000000E+00   0.0000000000E+00
    3      0.0000000000E+00   0.0000000000E+00   0.0000000000E+00   0.0000000000E+00   0.0000000000E+00
    4      0.0000000000E+00   0.0000000000E+00   0.0000000000E+00   0.0000000000E+00   0.0000000000E+00
