*************************************************
******************* ORCA 6.0.0 ******************
*************************************************
$Calculation_Status
   &GeometryIndex 1
   &ListStatus       OUT
   &VERSION [&Type "String"] "6.0.0"
   &PROGNAME [&Type "String"] "LeanSCF"
   &STATUS [&Type "String"] "NORMAL TERMINATION"
$End
$Geometry
   &GeometryIndex 1
   &ListStatus       OUT
   &NATOMS [&Type "Integer"] 14
   &NCORELESSECP [&Type "Integer"] 0
   &NGHOSTATOMS [&Type "Integer"] 0
   &CartesianCoordinates [&Type "Coordinates", &Dim(14,4), &Units "Bohr"] 
              C     -4.237960691475    0.509203353383    0.000116291479
              C     -3.360161609780   -1.972999982471    0.000131300062
              C     -0.775872483282   -2.437993932589    0.000087971665
              C      0.932072409136   -0.417258713975   -0.000015496510
              C      0.039224306290    2.077533222060   -0.000070348835
              C     -2.539921580368    2.532053942203    0.000012393769
              C      3.642643548638   -0.975816176889   -0.000059512011
              O      5.319694153389    0.623556215998   -0.000125033163
              H     -6.255941367042    0.876343581557    0.000152899631
              H     -4.688735315096   -3.534369017344    0.000232765505
              H     -0.061110307082   -4.362910958726    0.000106199774
              H      1.379409053434    3.629877404529   -0.000141379861
              H     -3.245053486367    4.457394784400   -0.000036172382
              H      4.127554385641   -3.012368571808   -0.000064403189
$End
$SCF_Energy
   &GeometryIndex 1
   &ListStatus       OUT
   &SCF_ENERGY [&Type "Double"]      -3.4555359447183429e+02
$End
$DFT_Energy
   &GeometryIndex 1
   &ListStatus       OUT
   &NALPHAEL [&Type "Integer"] 28
   &NBETAEL [&Type "Integer"] 28
   &NTOTALEL [&Type "Integer"] 56
   &EEXCHANGE [&Type "Double"]       0.0000000000000000e+00
   &ECORR [&Type "Double"]       0.0000000000000000e+00
   &ECNL [&Type "Double"]       0.0000000000000000e+00
   &EXC [&Type "Double"]      -2.3478543784370117e+01
   &EEMBED [&Type "Double"]       0.0000000000000000e+00
   &FINALEN [&Type "Double"]      -3.4555359447183429e+02  "No Van der Waals correction"
$End
$Mulliken_Population_Analysis
   &GeometryIndex 1
   &ListStatus       OUT
   &NATOMS [&Type "Integer"] 14
   &ATNO [&Type "ArrayOfIntegers", &Dim (14,1)] 
                                                         0

0                                                        6
1                                                        6
2                                                        6
3                                                        6
4                                                        6
5                                                        6
6                                                        6
7                                                        8
8                                                        1
9                                                        1
10                                                       1
11                                                       1
12                                                       1
13                                                       1
   &ATOMICCHARGES [&Type "ArrayOfDoubles", &Dim (14,1)] 
                                                         0

0                                     -1.3215037419124975e-01
1                                     -1.4682114829522241e-01
2                                     -1.8013291328518655e-01
3                                      1.0677467277125974e-01
4                                     -1.8105572595878172e-01
5                                     -1.1698985265566098e-01
6                                      9.4196373856878957e-02
7                                     -3.1027058461969581e-01
8                                      1.5040664606564236e-01
9                                      1.4817823477883296e-01
10                                     1.5303523629848059e-01
11                                     1.7333151435674332e-01
12                                     1.5089404524592842e-01
13                                     9.0603875632451425e-02
$End
$Loewdin_Population_Analysis
   &GeometryIndex 1
   &ListStatus       OUT
   &NATOMS [&Type "Integer"] 14
   &ATNO [&Type "ArrayOfIntegers", &Dim (14,1)] 
                                                         0

0                                                        6
1                                                        6
2                                                        6
3                                                        6
4                                                        6
5                                                        6
6                                                        6
7                                                        8
8                                                        1
9                                                        1
10                                                       1
11                                                       1
12                                                       1
13                                                       1
   &ATOMICCHARGES [&Type "ArrayOfDoubles", &Dim (14,1)] 
                                                         0

0                                     -1.1999439894553809e-01
1                                     -1.3691267285778963e-01
2                                     -9.4865571268369031e-02
3                                     -1.6478171681341358e-01
4                                     -7.2499612492736176e-02
5                                     -1.3198727165309343e-01
6                                     -2.4254852888682610e-01
7                                      8.8915866007647892e-02
8                                      1.4798272747986474e-01
9                                      1.4766990527868495e-01
10                                     1.5093211359531300e-01
11                                     1.5858945901866894e-01
12                                     1.4832127463744393e-01
13                                     1.2117842690056224e-01
$End
$Mayer_Population_Analysis
   &GeometryIndex 1
   &ListStatus       OUT
   &NATOMS [&Type "Integer"] 14 "Total number of atoms"
   &BONDTHRESH [&Type "Double"]       1.0000000000000001e-01  "The threshold for printing"
   &NBONDORDERSPRINT [&Type "Integer"] 14 "The number of bond orders larger than threshold"
   &BONDORDERS [&Type "ArrayOfDoubles", &Dim (14,1)] "The bond orders"
                                                         0

0                                      1.4492213873649549e+00
1                                      1.4117130830264395e+00
2                                      9.4579380537177571e-01
3                                      1.4551222625941000e+00
4                                      9.4869525933788623e-01
5                                      1.3849930980186269e+00
6                                      9.2401462825524883e-01
7                                      1.3737314765131310e+00
8                                      9.3142483200585668e-01
9                                      1.4635195833345873e+00
10                                     9.1842177910059697e-01
11                                     9.5033923010290244e-01
12                                     2.0454603628549433e+00
13                                     1.0055368131957174e+00
   &COMPONENTS [&Type "ArrayOfIntegers", &Dim (14,4)] "The indices and atomic numbers of the bonding atoms"
                                                         0                           1                           2                           3

0                                                        0                           6                           1                           6
1                                                        0                           6                           5                           6
2                                                        0                           6                           8                           1
3                                                        1                           6                           2                           6
4                                                        1                           6                           9                           1
5                                                        2                           6                           3                           6
6                                                        2                           6                          10                           1
7                                                        3                           6                           4                           6
8                                                        3                           6                           6                           6
9                                                        4                           6                           5                           6
10                                                       4                           6                          11                           1
11                                                       5                           6                          12                           1
12                                                       6                           6                           7                           8
13                                                       6                           6                          13                           1
   &ATNO [&Type "ArrayOfIntegers", &Dim (14,1)] "Atomic number of the elements"
                                                         0

0                                                        6
1                                                        6
2                                                        6
3                                                        6
4                                                        6
5                                                        6
6                                                        6
7                                                        8
8                                                        1
9                                                        1
10                                                       1
11                                                       1
12                                                       1
13                                                       1
   &NA [&Type "ArrayOfDoubles", &Dim (14,1)] "Mulliken gross atomic population"
                                                         0

0                                      6.1321503741912657e+00
1                                      6.1468211482952197e+00
2                                      6.1801329132852034e+00
3                                      5.8932253272286959e+00
4                                      6.1810557259587764e+00
5                                      6.1169898526556059e+00
6                                      5.9058036261431415e+00
7                                      8.3102705846197011e+00
8                                      8.4959335393435742e-01
9                                      8.5182176522116848e-01
10                                     8.4696476370151885e-01
11                                     8.2666848564325746e-01
12                                     8.4910595475407247e-01
13                                     9.0939612436754724e-01
   &ZA [&Type "ArrayOfDoubles", &Dim (14,1)] "Total nuclear charge"
                                                         0

0                                      6.0000000000000000e+00
1                                      6.0000000000000000e+00
2                                      6.0000000000000000e+00
3                                      6.0000000000000000e+00
4                                      6.0000000000000000e+00
5                                      6.0000000000000000e+00
6                                      6.0000000000000000e+00
7                                      8.0000000000000000e+00
8                                      1.0000000000000000e+00
9                                      1.0000000000000000e+00
10                                     1.0000000000000000e+00
11                                     1.0000000000000000e+00
12                                     1.0000000000000000e+00
13                                     1.0000000000000000e+00
   &QA [&Type "ArrayOfDoubles", &Dim (14,1)] "Mulliken gross atomic charge"
                                                         0

0                                     -1.3215037419126574e-01
1                                     -1.4682114829521975e-01
2                                     -1.8013291328520342e-01
3                                      1.0677467277130415e-01
4                                     -1.8105572595877639e-01
5                                     -1.1698985265560591e-01
6                                      9.4196373856858528e-02
7                                     -3.1027058461970114e-01
8                                      1.5040664606564258e-01
9                                      1.4817823477883152e-01
10                                     1.5303523629848115e-01
11                                     1.7333151435674254e-01
12                                     1.5089404524592753e-01
13                                     9.0603875632452757e-02
   &VA [&Type "ArrayOfDoubles", &Dim (14,1)] "Mayer's total valence"
                                                         0

0                                      3.9589974060785611e+00
1                                      3.9515743860947166e+00
2                                      3.9552863384167956e+00
3                                      3.5876861693503423e+00
4                                      3.9650294585602448e+00
5                                      3.8993846934264953e+00
6                                      4.0319223512537388e+00
7                                      2.1089321731058415e+00
8                                      9.6344759569650362e-01
9                                      9.6661100343615947e-01
10                                     9.6643397816256527e-01
11                                     9.7728462195106247e-01
12                                     9.6574835249361346e-01
13                                     9.5977605040724157e-01
   &BVA [&Type "ArrayOfDoubles", &Dim (14,1)] "Mayer's bonded valence"
                                                         0

0                                      3.9589974060783875e+00
1                                      3.9515743860944728e+00
2                                      3.9552863384165322e+00
3                                      3.5876861693502726e+00
4                                      3.9650294585602559e+00
5                                      3.8993846934266192e+00
6                                      4.0319223512537379e+00
7                                      2.1089321731057464e+00
8                                      9.6344759569646665e-01
9                                      9.6661100343611273e-01
10                                     9.6643397816253984e-01
11                                     9.7728462195110466e-01
12                                     9.6574835249362512e-01
13                                     9.5977605040725777e-01
   &FA [&Type "ArrayOfDoubles", &Dim (14,1)] "Mayer's free valence"
                                                         0

0                                      0.0000000000000000e+00
1                                      0.0000000000000000e+00
2                                      0.0000000000000000e+00
3                                      0.0000000000000000e+00
4                                      0.0000000000000000e+00
5                                      0.0000000000000000e+00
6                                      0.0000000000000000e+00
7                                      0.0000000000000000e+00
8                                      0.0000000000000000e+00
9                                      0.0000000000000000e+00
10                                     0.0000000000000000e+00
11                                     0.0000000000000000e+00
12                                     0.0000000000000000e+00
13                                     0.0000000000000000e+00
$End
$Calculation_Info
   &GeometryIndex 1
   &ListStatus       OUT
   &MULT [&Type "Integer"] 1
   &CHARGE [&Type "Integer"] 0
   &NUMOFATOMS [&Type "Integer"] 14
   &NUMOFELECTRONS [&Type "Integer"] 56
   &NUMOFFCELECTRONS [&Type "Integer"] 1
   &NUMOFCORRELECTRONS [&Type "Integer"] 0
   &NUMOFBASISFUNCTS [&Type "Integer"] 284
   &NUMOFAUXCBASISFUNCTS [&Type "Integer"] 0
   &NUMOFAUXJBASISFUNCTS [&Type "Integer"] 458
   &NUMOFAUXJKBASISFUNCTS [&Type "Integer"] 0
   &NUMOFCABSBASISFUNCTS [&Type "Integer"] 0
   &TOTALENERGY [&Type "Double"]      -3.4555359447183429e+02  "Hartrees"
$End
$SCF_Dipole_Moment
   &GeometryIndex 1
   &ListStatus       OUT
   &METHOD [&Type "String"] "SCF"
   &LEVEL [&Type "String"] "Relaxed density"
   &MULT [&Type "Integer"] 1
   &STATE [&Type "Integer"] -1
   &IRREP [&Type "Integer"] 0
   &NATOMS [&Type "Integer"] 14
   &DODIPOLEATOM [&Type "Boolean"] false
   &DIPOLEELECCONTRIB [&Type "ArrayOfDoubles", &Dim (3,1)] "Electronic contribution"
                                                         0

0                                      3.0109636922826786e+00
1                                      4.6147760589855297e-01
2                                     -7.0086892994638663e-05
   &DIPOLENUCCONTRIB [&Type "ArrayOfDoubles", &Dim (3,1)] "Nuclear contribution"
                                                         0

0                                     -4.3170100341703703e+00
1                                     -9.5516596571980505e-01
2                                      1.0381635487119611e-04
   &DIPOLETOTAL [&Type "ArrayOfDoubles", &Dim (3,1)] "Total"
                                                         0

0                                     -1.3060463418876918e+00
1                                     -4.9368835982125209e-01
2                                      3.3729461876557442e-05
   &DIPOLEMAGNITUDE [&Type "Double", &Units "a.u."]       1.3962396803267325e+00
$End
$THERMOCHEMISTRY_Energies
   &GeometryIndex 1
   &ListStatus       OUT
   &TEMPERATURE [&Type "Double"]       2.9814999999999998e+02
   &PRESSURE [&Type "Double"]       1.0000000000000000e+00
   &TOTALMASS [&Type "Double"]       1.0612399999999998e+02
   &SPINDEGENERACY [&Type "Integer"] 1
   &ELENERGY [&Type "Double"]      -3.4555359447183429e+02
   &TRANSENERGY [&Type "Double"]       1.4162714244859817e-03
   &ROTENERGY [&Type "Double"]       1.4162714244859817e-03
   &VIBENERGY [&Type "Double"]       3.2433624920032550e-03
   &NUMOFFREQS [&Type "Integer"] 42
   &FREQSCALINGFACTOR [&Type "Double"]       1.0000000000000000e+00
   &FREQ [&Type "ArrayOfDoubles", &Dim (42,1)] "In cm^-1"
                                                         0

0                                      0.0000000000000000e+00
1                                      0.0000000000000000e+00
2                                      0.0000000000000000e+00
3                                      0.0000000000000000e+00
4                                      0.0000000000000000e+00
5                                      0.0000000000000000e+00
6                                      1.7198625727853897e+02
7                                      2.4891504797352852e+02
8                                      2.7426344341501493e+02
9                                      4.2240132270210103e+02
10                                     4.4987022590670387e+02
11                                     4.7307453976597282e+02
12                                     6.3000581682367169e+02
13                                     6.7061650137407412e+02
14                                     7.1731432712707237e+02
15                                     7.7997254241790085e+02
16                                     8.5675287528439753e+02
17                                     8.8695147293445541e+02
18                                     9.6396796108872081e+02
19                                     1.0172383248610344e+03
20                                     1.0173069823368909e+03
21                                     1.0368731449110385e+03
22                                     1.0494690962638526e+03
23                                     1.0553721653255491e+03
24                                     1.1105145889419464e+03
25                                     1.1796720146308630e+03
26                                     1.1949749324816514e+03
27                                     1.2522938854915242e+03
28                                     1.3130775732585946e+03
29                                     1.3486726832644570e+03
30                                     1.4229111504942121e+03
31                                     1.4932224976971913e+03
32                                     1.5346127782891347e+03
33                                     1.6348818723195284e+03
34                                     1.6654018821024076e+03
35                                     1.7108289657407374e+03
36                                     2.9485697951831148e+03
37                                     3.1728816373596324e+03
38                                     3.1814949908603239e+03
39                                     3.1906723074144793e+03
40                                     3.1986087166089824e+03
41                                     3.2049420741501876e+03
   &ZPE [&Type "Double"]       1.1044690258398594e-01
   &INNERENERGYU [&Type "Double"]      -3.4543707166390931e+02
   &ENTHALPYH [&Type "Double"]      -3.4543612745486706e+02
   &QEL [&Type "Double"]       0.0000000000000000e+00
   &QROT [&Type "Double"]       1.3243782337380784e-02
   &QVIB [&Type "Double"]       4.9900137052742242e-03
   &QTRANS [&Type "Double"]       1.8955422511117471e-02
   &ENTROPYS [&Type "Double"]       3.7189218553772475e-02
   &FREEENERGYG [&Type "Double"]      -3.4547331667342081e+02
   &ISLINEAR [&Type "Boolean"] false
$End
$Hessian
   &GeometryIndex 1
   &ListStatus       OUT
   &HESSIAN [&Type "ArrayOfDoubles", &Dim (42,42)] "The Hessian"
                                                         0                           1                           2                           3                           4                           5                           6                           7

0                                      7.3986174511733416e-01        -1.9235989653661498e-02        -1.7564864184200122e-05        -1.5627132899228063e-01         9.9825986764813801e-02         1.3348418410804562e-06        -3.5184964922790815e-03         3.8164958637429580e-02
1                                     -1.9235989653661498e-02         6.5821861216995325e-01        -1.1006057333904276e-05         2.0801104377067489e-02        -3.1008490087385004e-01         2.5691174001714091e-06         9.7683126446156732e-02         1.6736965000444456e-02
2                                     -1.7564864184200122e-05        -1.1006057333904276e-05         1.4604198495359502e-01         2.7109177838500247e-06        -8.4526583019115936e-07        -6.6368985426440763e-02         5.1260863422896037e-07         3.0850798344903794e-08
3                                     -1.5627132899228063e-01         2.0801104377067489e-02         2.7109177838500247e-06         7.0166608859855939e-01         4.6493968917332859e-02        -1.5426512585539207e-05        -3.3354448789761737e-01         7.1767877464456606e-02
4                                      9.9825986764813801e-02        -3.1008490087385004e-01        -8.4526583019115936e-07         4.6493968917332859e-02         7.0744891954750311e-01        -1.6001295318607010e-05        -4.7959704356026166e-03        -1.3794010497848383e-01
5                                      1.3348418410804562e-06         2.5691174001714091e-06        -6.6368985426440763e-02        -1.5426512585539207e-05        -1.6001295318607010e-05         1.3914199781842301e-01         4.1297547848161841e-06         3.5450130586023621e-07
6                                     -3.5184964922790815e-03         9.7683126446156732e-02         5.1260863422896037e-07        -3.3354448789761737e-01        -4.7959704356026166e-03         4.1297547848161841e-06         6.8336360349785474e-01        -3.6409964057460373e-02
7                                      3.8164958637429580e-02         1.6736965000444456e-02         3.0850798344903794e-08         7.1767877464456606e-02        -1.3794010497848383e-01         3.5450130586023621e-07        -3.6409964057460373e-02         7.1884613610172809e-01
8                                     -3.6309057112704961e-07        -1.8310191701236725e-06         7.8778672562016001e-03         3.4291232533262376e-06         2.7955336188010411e-06        -6.5740383659428955e-02        -1.0533682869101816e-05        -1.3184601031606738e-05
9                                     -4.0924690383962285e-03        -1.2299892385255008e-02         4.0765859349819696e-06        -4.5504937837101939e-02        -1.1096337796983866e-02         2.6372448273892464e-06        -1.9903892187579147e-01        -1.2105917882385528e-01
10                                    -1.2121278986156527e-02        -7.4742961376415840e-02         6.1462153776835606e-06        -6.6236060130910601e-02         5.3805709234282906e-02         3.2904093256378236e-07        -5.6641781104339789e-02        -2.4402734987326369e-01
11                                     1.5789366541988609e-06         5.0578429817020591e-06        -8.9872839653562121e-03        -2.0897383017278423e-06         1.9099551747242002e-07         9.8785377212014733e-03         4.6265264114801549e-06         4.7396719148552831e-06
12                                    -4.4648521372103664e-02        -7.2412122300492252e-02         3.5872501863385903e-06        -4.7774278115943883e-02         3.8249459417551937e-02         3.2503791113323177e-07         6.7291019671850652e-02         2.9925222288939932e-03
13                                    -1.5382220087197192e-02         6.0512026154940848e-02        -3.5734234568491466e-06         4.0722321384090029e-02        -3.3751991688185337e-02        -2.3859946661225924e-07        -4.9523754202616253e-02        -5.3030875958231499e-02
14                                     1.5342473648484322e-06         1.3057504196405289e-06         7.4716249789782731e-03        -3.2706354479822491e-07        -1.8460331775033224e-07        -7.8675970827186605e-03        -2.6199542462363872e-07         1.1922237914022354e-06
15                                    -2.1217101075205339e-01        -5.2119293217973192e-02         9.4072305168171637e-06         7.2883761505506947e-02        -5.2219553593256723e-02        -5.9089618140217351e-07        -7.2685566804330221e-02        -2.4481290935188652e-02
16                                    -1.3111088113781305e-01        -2.4646046281817491e-01         9.5466448262270175e-06         4.5650962486487642e-03        -5.3980083103876836e-02         4.8191489985713333e-07        -2.4295872734137081e-02        -9.7326222471069562e-03
17                                     7.9920579680674112e-06         4.0006429767550201e-06        -6.7083109461129123e-02        -1.3734109868911690e-06         3.4897273182196772e-06         8.4752700854825325e-03        -2.1559055534361399e-07         1.1459955751397201e-06
18                                     7.2551069063332002e-04        -1.7243643217387931e-03        -9.1859565354635898e-06         2.9246901591203399e-03        -4.8041879196650461e-03        -1.2136408902107067e-07        -3.3914070785431717e-02        -1.0212166115932717e-02
19                                    -1.9745013824514941e-03        -5.0450079247163632e-03        -5.2680847093516524e-06        -6.8829041090605562e-03        -3.1233598048566015e-03        -1.9066119735438250e-06        -2.8461483044058579e-02         7.9492069867769140e-03
20                                     1.0997928739370149e-07         1.2631791260408837e-07        -1.0236742945848743e-03        -9.9743137963219276e-07         7.5338096494566002e-07         8.9156837138935074e-03         2.7935937799517264e-06        -5.8144386554582574e-07
21                                    -9.5677484384893612e-04        -1.2405864281746478e-03         4.1594511147642652e-06        -3.6585992866307571e-03         2.5867941673940139e-04         4.8668406327255639e-07        -7.4251666481274904e-04         1.0037756927446713e-02
22                                     5.9054317567885895e-04         1.1693608476672206e-03         2.3223655372730972e-06         2.0220703416419473e-04         1.6595870314143430e-03         1.1821288469102101e-06         4.5458973007343716e-03         3.0745460075621363e-03
23                                     4.0392695059716605e-09         5.0114312216657019e-07         4.8578185256564885e-05         8.5017189805011327e-07        -3.5998370285095969e-07        -2.1144965583332529e-03        -5.8611572296959211e-07        -7.1002039682088658e-08
24                                    -3.3034014745297524e-01         4.8937243299282000e-02         5.4824572533456677e-06        -5.7148289980648425e-03        -8.5566685433017403e-04         5.5679594128324009e-07         1.2332491240627610e-03         2.0257126894933190e-03
25                                     4.8894902268569046e-02        -6.9459540159356889e-02        -1.1048516400061813e-07         2.9868056483828589e-02         9.0662513393846567e-05        -1.0170516391292443e-06         1.7661365307420213e-03        -5.3658847140966850e-03
26                                     3.4994861937688089e-06        -1.8956605195117590e-07        -4.0646989907591816e-02         2.6865389678371058e-07        -2.8454936199795601e-07         4.5115882657873725e-03        -1.7044825582128157e-07         3.0680843301158488e-07
27                                     1.0998597177378033e-02         9.8509124333417408e-03        -1.4657934830308699e-06        -1.7770114463122222e-01        -1.3786367049090620e-01         9.3488641314085485e-06        -1.4579619002738149e-02        -2.5202808614914602e-02
28                                    -2.1026770932253455e-02        -1.6809697553587105e-02         4.4516048026081181e-07        -1.3794581957339697e-01        -2.2193906973905997e-01         1.1454645214781708e-05         5.6999683138172288e-03         8.6318766303584305e-03
29                                    -3.7826994858851350e-08        -9.6911255979818889e-07         3.3875743264784510e-03         1.0375944830587098e-05         1.2273217195183524e-05        -3.8821604887315564e-02        -6.3098903025094536e-07         4.0498877700281023e-08
30                                    -5.7780080079891678e-03         2.2551154971427959e-04         3.7522118451218261e-07        -4.4330961018496373e-03         2.9769090559435482e-02        -3.6263302373418578e-07        -9.3527707088935014e-02         8.7931640486253529e-02
31                                     7.4970333857438901e-04         1.7737414765596465e-03        -5.5811290998643840e-09        -7.1190850210506307e-04        -6.1401686828483574e-04        -4.9230706113177675e-08         8.8817357981586173e-02        -3.0244207879557750e-01
32                                     4.8272559139244903e-07         1.3953510591467575e-07         7.5334237040788187e-03         2.3703283096157075e-07        -8.5689176237087441e-07         4.0093575029506705e-03        -5.3533036052969798e-07         3.1902099917029563e-06
33                                    -4.9134020238215939e-03         1.9948845468121283e-03        -1.3449913807109873e-06        -5.6553199915663176e-04         1.0570882164268247e-03        -3.5924819848784907e-08        -2.1500739941298893e-04         2.7020954990777152e-03
34                                     2.0438304303755771e-03         7.4735988197202141e-04        -6.0543890147154296e-07         6.9122636287047247e-04         4.6707462562021020e-05        -8.0050494884682368e-08         3.4485121162113825e-03        -4.0085547438986624e-03
35                                     1.8557390603463515e-07        -1.6568943335164536e-07         7.9634358098016784e-03        -1.2470535894021190e-07         6.5576417955918723e-08        -6.5750462989688514e-04         7.0500091126625485e-08         4.0221832323252221e-07
36                                     1.1022386635813314e-02        -2.0262045391987244e-02         2.3891594357946061e-07        -2.1579767235329252e-03        -3.4629946759392226e-03        -1.9253054753689841e-08        -1.2293405231106043e-03        -6.7883595940135288e-04
37                                     1.0582230393521831e-02        -1.6859695995431849e-02         1.1718502352270054e-06        -3.9058804438800521e-03        -1.8702922569648140e-03         7.1393469718444908e-07        -8.6546993501794122e-04         5.1622740491044389e-04
38                                    -5.0388185289972282e-07         2.1472083112536607e-07         3.4421921024034453e-03         1.8271403016497791e-07         6.3630273259901705e-07         7.1218346113733075e-03         4.3210796639528804e-07        -4.9898448545609310e-08
39                                     8.1919354589074424e-05        -2.4898537141415265e-04         7.9702985723128335e-07        -1.4832967978583873e-04        -5.5001554821594708e-04         6.4761993545842625e-08         1.1078622406912773e-03         2.4294776174334184e-03
40                                     4.9983588892567278e-05         3.0420116999555023e-04         1.6812086229263481e-06         5.6483850949373552e-04         2.5223352440615883e-04         8.1488901190614745e-07        -9.7450021974717499e-04         7.9251317887833912e-04
41                                    -3.8287299448981914e-08         3.1641444597475386e-07         3.4336173830891767e-04        -4.3098105825078664e-08        -2.7947718175385006e-07        -4.8369747497779597e-04        -3.2465567434512164e-07        -3.0974835720374059e-07
                                                         8                           9                          10                          11                          12                          13                          14                          15

0                                     -3.6309057112704961e-07        -4.0924690383962285e-03        -1.2121278986156527e-02         1.5789366541988609e-06        -4.4648521372103664e-02        -1.5382220087197192e-02         1.5342473648484322e-06        -2.1217101075205339e-01
1                                     -1.8310191701236725e-06        -1.2299892385255008e-02        -7.4742961376415840e-02         5.0578429817020591e-06        -7.2412122300492252e-02         6.0512026154940848e-02         1.3057504196405289e-06        -5.2119293217973192e-02
2                                      7.8778672562016001e-03         4.0765859349819696e-06         6.1462153776835606e-06        -8.9872839653562121e-03         3.5872501863385903e-06        -3.5734234568491466e-06         7.4716249789782731e-03         9.4072305168171637e-06
3                                      3.4291232533262376e-06        -4.5504937837101939e-02        -6.6236060130910601e-02        -2.0897383017278423e-06        -4.7774278115943883e-02         4.0722321384090029e-02        -3.2706354479822491e-07         7.2883761505506947e-02
4                                      2.7955336188010411e-06        -1.1096337796983866e-02         5.3805709234282906e-02         1.9099551747242002e-07         3.8249459417551937e-02        -3.3751991688185337e-02        -1.8460331775033224e-07        -5.2219553593256723e-02
5                                     -6.5740383659428955e-02         2.6372448273892464e-06         3.2904093256378236e-07         9.8785377212014733e-03         3.2503791113323177e-07        -2.3859946661225924e-07        -7.8675970827186605e-03        -5.9089618140217351e-07
6                                     -1.0533682869101816e-05        -1.9903892187579147e-01        -5.6641781104339789e-02         4.6265264114801549e-06         6.7291019671850652e-02        -4.9523754202616253e-02        -2.6199542462363872e-07        -7.2685566804330221e-02
7                                     -1.3184601031606738e-05        -1.2105917882385528e-01        -2.4402734987326369e-01         4.7396719148552831e-06         2.9925222288939932e-03        -5.3030875958231499e-02         1.1922237914022354e-06        -2.4481290935188652e-02
8                                      1.4545949652097012e-01         4.5390025602467255e-06         6.6745062779491648e-06        -6.8617108977165345e-02        -1.9616970083351942e-06         3.3863534979023938e-06         9.2846502065045706e-03         3.7456971603010688e-06
9                                      4.5390025602467255e-06         6.6755691165057218e-01         4.5065805857618848e-03        -1.5850537263964165e-05        -1.4065601423774063e-01         7.7844882457506967e-02        -2.2999015190439761e-06        -1.0261936451906286e-02
10                                     6.6745062779491648e-06         4.5065805857618848e-03         6.8730209193131375e-01        -1.2860387522126026e-05         1.8199135218658694e-02        -2.8957373457839586e-01         6.7789880534642803e-06         9.0211871267860427e-02
11                                    -6.8617108977165345e-02        -1.5850537263964165e-05        -1.2860387522126026e-05         1.4488571855200971e-01        -2.2274919580219484e-06         8.0814044893072552e-06        -7.1298139492942808e-02         2.1507126851855093e-06
12                                    -1.9616970083351942e-06        -1.4065601423774063e-01         1.8199135218658694e-02        -2.2274919580219484e-06         7.1836815928194397e-01         4.5373394417284107e-02        -1.9229318207929572e-05        -3.4320494434796311e-01
13                                     3.3863534979023938e-06         7.7844882457506967e-02        -2.8957373457839586e-01         8.0814044893072552e-06         4.5373394417284107e-02         6.8935077944378875e-01        -1.5949251521505113e-05        -4.9465855964506839e-04
14                                     9.2846502065045706e-03        -2.2999015190439761e-06         6.7789880534642803e-06        -7.1298139492942808e-02        -1.9229318207929572e-05        -1.5949251521505113e-05         1.4888778069214165e-01         1.0581132466683258e-05
15                                     3.7456971603010688e-06        -1.0261936451906286e-02         9.0211871267860427e-02         2.1507126851855093e-06        -3.4320494434796311e-01        -4.9465855964506839e-04         1.0581132466683258e-05         6.7938846393011088e-01
16                                     1.2119527672550154e-06         3.4526582184287342e-02         1.8057558279816244e-02        -2.7357472456648718e-06         7.6547323697499364e-02        -1.4166114170986827e-01        -4.2626867415500038e-07        -3.7678525338045492e-02
