*************************************************
******************* ORCA 6.0.0 ******************
*************************************************
$Calculation_Status
   &GeometryIndex 1
   &ListStatus       OUT
   &VERSION [&Type "String"] "6.0.0"
   &PROGNAME [&Type "String"] "LeanSCF"
   &STATUS [&Type "String"] "NORMAL TERMINATION"
$End
$Geometry
   &GeometryIndex 1
   &ListStatus       OUT
   &NATOMS [&Type "Integer"] 14
   &NCORELESSECP [&Type "Integer"] 0
   &NGHOSTATOMS [&Type "Integer"] 0
   &CartesianCoordinates [&Type "Coordinates", &Dim(14,4), &Units "Bohr"] 
              C     -4.244149221043    0.512546723944   -0.000041256501
              C     -2.539674561982    2.527025810117    0.000061366400
              C      0.038145921032    2.062928066965    0.000131275306
              C      0.924506617115   -0.428537744149    0.000134075124
              C     -0.787423735498   -2.438977187333    0.000053620790
              C     -3.371592707161   -1.970028332190   -0.000058641792
              C      3.662562220936   -0.956827815443    0.000206407605
              O      5.300332138095    0.646676739914   -0.000015932281
              H     -6.261713585029    0.883350416020   -0.000105462403
              H     -3.237162542210    4.455564081028    0.000083222405
              H      1.406376862849    3.590383532775    0.000191497476
              H     -0.080671769741   -4.368288201841    0.000064758458
              H     -4.704324449644   -3.528309536418   -0.000148017524
              H      4.156823631287   -3.005244153672    0.000508448013
$End
$SCF_Energy
   &GeometryIndex 1
   &ListStatus       OUT
   &SCF_ENERGY [&Type "Double"]      -3.4555447334397002e+02
$End
$DFT_Energy
   &GeometryIndex 1
   &ListStatus       OUT
   &NALPHAEL [&Type "Integer"] 28
   &NBETAEL [&Type "Integer"] 28
   &NTOTALEL [&Type "Integer"] 56
   &EEXCHANGE [&Type "Double"]       0.0000000000000000e+00
   &ECORR [&Type "Double"]       0.0000000000000000e+00
   &ECNL [&Type "Double"]       0.0000000000000000e+00
   &EXC [&Type "Double"]      -2.3481584595162353e+01
   &EEMBED [&Type "Double"]       0.0000000000000000e+00
   &FINALEN [&Type "Double"]      -3.4555447334397002e+02  "No Van der Waals correction"
$End
$Mulliken_Population_Analysis
   &GeometryIndex 1
   &ListStatus       OUT
   &NATOMS [&Type "Integer"] 14
   &ATNO [&Type "ArrayOfIntegers", &Dim (14,1)] 
                                                         0

0                                                        6
1                                                        6
2                                                        6
3                                                        6
4                                                        6
5                                                        6
6                                                        6
7                                                        8
8                                                        1
9                                                        1
10                                                       1
11                                                       1
12                                                       1
13                                                       1
   &ATOMICCHARGES [&Type "ArrayOfDoubles", &Dim (14,1)] 
                                                         0

0                                     -1.3200140062594912e-01
1                                     -1.2086564729596194e-01
2                                     -1.7787659931665889e-01
3                                      9.7366929414489434e-02
4                                     -1.7978556292992032e-01
5                                     -1.4648794387264452e-01
6                                      9.1370907978410187e-02
7                                     -2.9480331998341391e-01
8                                      1.5005865265756579e-01
9                                      1.5062279237589782e-01
10                                     1.7293789889109390e-01
11                                     1.5242513035833283e-01
12                                     1.4797697890626471e-01
13                                     8.9061183442828762e-02
$End
$Loewdin_Population_Analysis
   &GeometryIndex 1
   &ListStatus       OUT
   &NATOMS [&Type "Integer"] 14
   &ATNO [&Type "ArrayOfIntegers", &Dim (14,1)] 
                                                         0

0                                                        6
1                                                        6
2                                                        6
3                                                        6
4                                                        6
5                                                        6
6                                                        6
7                                                        8
8                                                        1
9                                                        1
10                                                       1
11                                                       1
12                                                       1
13                                                       1
   &ATOMICCHARGES [&Type "ArrayOfDoubles", &Dim (14,1)] 
                                                         0

0                                     -1.2133717711835512e-01
1                                     -1.3205922256638303e-01
2                                     -7.5123821025157689e-02
3                                     -1.6498676079734587e-01
4                                     -9.7290385550064862e-02
5                                     -1.3692039767175768e-01
6                                     -2.5172085376553355e-01
7                                      1.0559918577935345e-01
8                                      1.4797853080136780e-01
9                                      1.4828470479315081e-01
10                                     1.5847461243429484e-01
11                                     1.5091120588797313e-01
12                                     1.4763554540721502e-01
13                                     1.2055483339156736e-01
$End
$Mayer_Population_Analysis
   &GeometryIndex 1
   &ListStatus       OUT
   &NATOMS [&Type "Integer"] 14 "Total number of atoms"
   &BONDTHRESH [&Type "Double"]       1.0000000000000001e-01  "The threshold for printing"
   &NBONDORDERSPRINT [&Type "Integer"] 14 "The number of bond orders larger than threshold"
   &BONDORDERS [&Type "ArrayOfDoubles", &Dim (14,1)] "The bond orders"
                                                         0

0                                      1.4141332141915792e+00
1                                      1.4490271653549522e+00
2                                      9.4596244939489649e-01
3                                      1.4625803865841034e+00
4                                      9.4986469701376797e-01
5                                      1.3769891013809270e+00
6                                      9.1857509741542998e-01
7                                      1.3896724693838176e+00
8                                      9.2567455613853755e-01
9                                      1.4555111138194921e+00
10                                     9.2316605300978438e-01
11                                     9.4887458247772649e-01
12                                     2.0576079678533681e+00
13                                     1.0016974695732945e+00
   &COMPONENTS [&Type "ArrayOfIntegers", &Dim (14,4)] "The indices and atomic numbers of the bonding atoms"
                                                         0                           1                           2                           3

0                                                        0                           6                           1                           6
1                                                        0                           6                           5                           6
2                                                        0                           6                           8                           1
3                                                        1                           6                           2                           6
4                                                        1                           6                           9                           1
5                                                        2                           6                           3                           6
6                                                        2                           6                          10                           1
7                                                        3                           6                           4                           6
8                                                        3                           6                           6                           6
9                                                        4                           6                           5                           6
10                                                       4                           6                          11                           1
11                                                       5                           6                          12                           1
12                                                       6                           6                           7                           8
13                                                       6                           6                          13                           1
   &ATNO [&Type "ArrayOfIntegers", &Dim (14,1)] "Atomic number of the elements"
                                                         0

0                                                        6
1                                                        6
2                                                        6
3                                                        6
4                                                        6
5                                                        6
6                                                        6
7                                                        8
8                                                        1
9                                                        1
10                                                       1
11                                                       1
12                                                       1
13                                                       1
   &NA [&Type "ArrayOfDoubles", &Dim (14,1)] "Mulliken gross atomic population"
                                                         0

0                                      6.1320014006259402e+00
1                                      6.1208656472959175e+00
2                                      6.1778765993166633e+00
3                                      5.9026330705855381e+00
4                                      6.1797855629299159e+00
5                                      6.1464879438726143e+00
6                                      5.9086290920215854e+00
7                                      8.2948033199834512e+00
8                                      8.4994134734243609e-01
9                                      8.4937720762410285e-01
10                                     8.2706210110890721e-01
11                                     8.4757486964166595e-01
12                                     8.5202302109373496e-01
13                                     9.1093881655717235e-01
   &ZA [&Type "ArrayOfDoubles", &Dim (14,1)] "Total nuclear charge"
                                                         0

0                                      6.0000000000000000e+00
1                                      6.0000000000000000e+00
2                                      6.0000000000000000e+00
3                                      6.0000000000000000e+00
4                                      6.0000000000000000e+00
5                                      6.0000000000000000e+00
6                                      6.0000000000000000e+00
7                                      8.0000000000000000e+00
8                                      1.0000000000000000e+00
9                                      1.0000000000000000e+00
10                                     1.0000000000000000e+00
11                                     1.0000000000000000e+00
12                                     1.0000000000000000e+00
13                                     1.0000000000000000e+00
   &QA [&Type "ArrayOfDoubles", &Dim (14,1)] "Mulliken gross atomic charge"
                                                         0

0                                     -1.3200140062594024e-01
1                                     -1.2086564729591753e-01
2                                     -1.7787659931666333e-01
3                                      9.7366929414461900e-02
4                                     -1.7978556292991588e-01
5                                     -1.4648794387261432e-01
6                                      9.1370907978414628e-02
7                                     -2.9480331998345122e-01
8                                      1.5005865265756391e-01
9                                      1.5062279237589715e-01
10                                     1.7293789889109279e-01
11                                     1.5242513035833405e-01
12                                     1.4797697890626504e-01
13                                     8.9061183442827652e-02
   &VA [&Type "ArrayOfDoubles", &Dim (14,1)] "Mayer's total valence"
                                                         0

0                                      3.9591101369816690e+00
1                                      3.9033351066565860e+00
2                                      3.9630572773498276e+00
3                                      3.5984686822518150e+00
4                                      3.9544778508968110e+00
5                                      3.9517406484087734e+00
6                                      4.0318297027504579e+00
7                                      2.1229875879326858e+00
8                                      9.6356828385518001e-01
9                                      9.6579639744602186e-01
10                                     9.7781798982573431e-01
11                                     9.6654562369804908e-01
12                                     9.6659474330477024e-01
13                                     9.5988479918572756e-01
   &BVA [&Type "ArrayOfDoubles", &Dim (14,1)] "Mayer's bonded valence"
                                                         0

0                                      3.9591101369814181e+00
1                                      3.9033351066564559e+00
2                                      3.9630572773496011e+00
3                                      3.5984686822516472e+00
4                                      3.9544778508969376e+00
5                                      3.9517406484088013e+00
6                                      4.0318297027504890e+00
7                                      2.1229875879326836e+00
8                                      9.6356828385511428e-01
9                                      9.6579639744599888e-01
10                                     9.7781798982570922e-01
11                                     9.6654562369808383e-01
12                                     9.6659474330479911e-01
13                                     9.5988479918572778e-01
   &FA [&Type "ArrayOfDoubles", &Dim (14,1)] "Mayer's free valence"
                                                         0

0                                      0.0000000000000000e+00
1                                      0.0000000000000000e+00
2                                      0.0000000000000000e+00
3                                      0.0000000000000000e+00
4                                      0.0000000000000000e+00
5                                      0.0000000000000000e+00
6                                      0.0000000000000000e+00
7                                      0.0000000000000000e+00
8                                      0.0000000000000000e+00
9                                      0.0000000000000000e+00
10                                     0.0000000000000000e+00
11                                     0.0000000000000000e+00
12                                     0.0000000000000000e+00
13                                     0.0000000000000000e+00
$End
$Calculation_Info
   &GeometryIndex 1
   &ListStatus       OUT
   &MULT [&Type "Integer"] 1
   &CHARGE [&Type "Integer"] 0
   &NUMOFATOMS [&Type "Integer"] 14
   &NUMOFELECTRONS [&Type "Integer"] 56
   &NUMOFFCELECTRONS [&Type "Integer"] 1
   &NUMOFCORRELECTRONS [&Type "Integer"] 0
   &NUMOFBASISFUNCTS [&Type "Integer"] 284
   &NUMOFAUXCBASISFUNCTS [&Type "Integer"] 0
   &NUMOFAUXJBASISFUNCTS [&Type "Integer"] 458
   &NUMOFAUXJKBASISFUNCTS [&Type "Integer"] 0
   &NUMOFCABSBASISFUNCTS [&Type "Integer"] 0
   &TOTALENERGY [&Type "Double"]      -3.4555447334397002e+02  "Hartrees"
$End
$SCF_Dipole_Moment
   &GeometryIndex 1
   &ListStatus       OUT
   &METHOD [&Type "String"] "SCF"
   &LEVEL [&Type "String"] "Relaxed density"
   &MULT [&Type "Integer"] 1
   &STATE [&Type "Integer"] -1
   &IRREP [&Type "Integer"] 0
   &NATOMS [&Type "Integer"] 14
   &DODIPOLEATOM [&Type "Boolean"] false
   &DIPOLEELECCONTRIB [&Type "ArrayOfDoubles", &Dim (3,1)] "Electronic contribution"
                                                         0

0                                      3.0426057414069581e+00
1                                      4.8442558810955905e-01
2                                     -4.7813133603200265e-05
   &DIPOLENUCCONTRIB [&Type "ArrayOfDoubles", &Dim (3,1)] "Nuclear contribution"
                                                         0

0                                     -4.2916157396460966e+00
1                                     -9.7557647088822996e-01
2                                      1.2074177367777896e-04
   &DIPOLETOTAL [&Type "ArrayOfDoubles", &Dim (3,1)] "Total"
                                                         0

0                                     -1.2490099982391385e+00
1                                     -4.9115088277867092e-01
2                                      7.2928640074578697e-05
   &DIPOLEMAGNITUDE [&Type "Double", &Units "a.u."]       1.3421084794733200e+00
$End
$THERMOCHEMISTRY_Energies
   &GeometryIndex 1
   &ListStatus       OUT
   &TEMPERATURE [&Type "Double"]       2.9814999999999998e+02
   &PRESSURE [&Type "Double"]       1.0000000000000000e+00
   &TOTALMASS [&Type "Double"]       1.0612399999999998e+02
   &SPINDEGENERACY [&Type "Integer"] 1
   &ELENERGY [&Type "Double"]      -3.4555447334397002e+02
   &TRANSENERGY [&Type "Double"]       1.4162714244859817e-03
   &ROTENERGY [&Type "Double"]       1.4162714244859817e-03
   &VIBENERGY [&Type "Double"]       3.2798073411024280e-03
   &NUMOFFREQS [&Type "Integer"] 42
   &FREQSCALINGFACTOR [&Type "Double"]       1.0000000000000000e+00
   &FREQ [&Type "ArrayOfDoubles", &Dim (42,1)] "In cm^-1"
                                                         0

0                                      0.0000000000000000e+00
1                                      0.0000000000000000e+00
2                                      0.0000000000000000e+00
3                                      0.0000000000000000e+00
4                                      0.0000000000000000e+00
5                                      0.0000000000000000e+00
6                                      1.6142936520584041e+02
7                                      2.4246162312415390e+02
8                                      2.6887113449911982e+02
9                                      4.2145642995415346e+02
10                                     4.4645559608396513e+02
11                                     4.7324665627606419e+02
12                                     6.3056455168315154e+02
13                                     6.6723168808157016e+02
14                                     7.1783442976767799e+02
15                                     7.8107193236940316e+02
16                                     8.5062614592407272e+02
17                                     8.8901551717703649e+02
18                                     9.6567152754260201e+02
19                                     1.0177312325916490e+03
20                                     1.0191144701075079e+03
21                                     1.0379731145210305e+03
22                                     1.0531723285979851e+03
23                                     1.0653036119984788e+03
24                                     1.1104838636427128e+03
25                                     1.1805742784763486e+03
26                                     1.1957743726226149e+03
27                                     1.2425184568456305e+03
28                                     1.3167916913067886e+03
29                                     1.3509720761964622e+03
30                                     1.4312763826916268e+03
31                                     1.4963288236703427e+03
32                                     1.5351657486921004e+03
33                                     1.6427804662979445e+03
34                                     1.6668693110302797e+03
35                                     1.7785589357295030e+03
36                                     2.8801673794941871e+03
37                                     3.1665957179311331e+03
38                                     3.1791530143899736e+03
39                                     3.1888675538723473e+03
40                                     3.1972181957803164e+03
41                                     3.2034385545405230e+03
   &ZPE [&Type "Double"]       1.1042908682248952e-01
   &INNERENERGYU [&Type "Double"]      -3.4543793190695743e+02
   &ENTHALPYH [&Type "Double"]      -3.4543698769791519e+02
   &QEL [&Type "Double"]       0.0000000000000000e+00
   &QROT [&Type "Double"]       1.3242070285047765e-02
   &QVIB [&Type "Double"]       5.0854320592162031e-03
   &QTRANS [&Type "Double"]       1.8955422511117471e-02
   &ENTROPYS [&Type "Double"]       3.7282924855381441e-02
   &FREEENERGYG [&Type "Double"]      -3.4547427062277058e+02
   &ISLINEAR [&Type "Boolean"] false
$End
$Hessian
   &GeometryIndex 1
   &ListStatus       OUT
   &HESSIAN [&Type "ArrayOfDoubles", &Dim (42,42)] "The Hessian"
                                                         0                           1                           2                           3                           4                           5                           6                           7

0                                      7.4118575710347145e-01        -1.8347316298766923e-02         2.0321567400447438e-05        -2.1413099932456167e-01        -1.3285544231974672e-01        -7.5089651526396448e-06        -4.5024896195791198e-02        -1.4935228152526847e-02
1                                     -1.8347316298766923e-02         6.6122460698707031e-01         9.0247159407976374e-06        -5.4028199459571699e-02        -2.4736079742658323e-01        -4.4269908081645343e-06        -7.2149171414976010e-02         6.0953669508124815e-02
2                                      2.0321567400447438e-05         9.0247159407976374e-06         1.4536268987945011e-01        -9.0970423176401972e-06        -8.6437181682668075e-06        -6.6676474254062479e-02        -2.6824912386179164e-06         7.6483286357864437e-07
3                                     -2.1413099932456167e-01        -5.4028199459571699e-02        -9.0970423176401972e-06         6.7927648211767000e-01        -3.5909291967309340e-02         2.0035540341215890e-05        -3.4223573984056926e-01         4.6819766058698448e-04
4                                     -1.3285544231974672e-01        -2.4736079742658323e-01        -8.6437181682668075e-06        -3.5909291967309340e-02         7.3366519924976492e-01         1.2511130587701381e-05         7.7094070350036903e-02        -1.4195291947125663e-01
5                                     -7.5089651526396448e-06        -4.4269908081645343e-06        -6.6676474254062479e-02         2.0035540341215890e-05         1.2511130587701381e-05         1.4158179427168760e-01        -7.1912960607449771e-06        -2.1291588905341632e-06
6                                     -4.5024896195791198e-02        -7.2149171414976010e-02        -2.6824912386179164e-06        -3.4223573984056926e-01         7.7094070350036903e-02        -7.1912960607449771e-06         7.2304595600046295e-01         4.3155732446929558e-02
7                                     -1.4935228152526847e-02         6.0953669508124815e-02         7.6483286357864437e-07         4.6819766058698448e-04        -1.4195291947125663e-01        -2.1291588905341632e-06         4.3155732446929558e-02         6.9033094382515858e-01
8                                     -2.4598423696523157e-06        -2.7161237457388730e-06         7.4294826800219271e-03        -6.5908434970338434e-06         2.1358691824119227e-06        -6.6253787945295711e-02         1.7316752150897963e-05         9.3100207472283141e-06
9                                     -4.1361013578893532e-03        -1.2647238982813551e-02        -3.3556356658261508e-07        -9.4970590556112486e-03         3.4767287788823008e-02        -1.6018933543408936e-06        -1.4110176696537488e-01         8.0123322851154061e-02
10                                    -1.2434191558086238e-02        -7.5157167396971286e-02        -4.0627137225817385e-06         9.0745159579861831e-02         1.7623061692478653e-02         6.4063306529912469e-06         1.9450265575622627e-02        -2.9473228263424778e-01
11                                     1.5694362291258248e-07        -1.1186758615488189e-06        -9.0684459982034553e-03        -2.8642055414883858e-06         6.1176016562823167e-07         1.0018316940701547e-02        -1.5022427421978559e-06        -5.7633785016220233e-07
12                                    -3.2040116689121545e-03         9.7775070156262078e-02         3.4061959629770509e-07        -7.3039209223788426e-02        -2.4157686932711447e-02        -1.6633592913566266e-06         6.7497798827608799e-02        -5.0190631756918819e-02
13                                     3.8175298134600008e-02         1.6535482749261421e-02         1.8927178639430939e-06        -2.4447653950545600e-02        -9.7229357266644372e-03        -2.0783374867283360e-06         2.7054572853035704e-03        -5.3494805147007447e-02
14                                     4.7246819753314950e-07         4.0452229682815801e-06         7.8699007786261869e-03        -3.9023459597051815e-06        -1.7701325753171828e-06        -8.7560841008309277e-03         1.5557244103112795e-06        -1.7724473275480524e-06
15                                    -1.5610258325701626e-01         2.1242861549511154e-02        -1.0787941266126969e-06         7.2768300143941131e-02         4.2026203412223392e-03         1.2502592579893771e-06        -4.7778800418010921e-02         4.0880193004466062e-02
16                                     1.0012139981642842e-01        -3.1187071398816968e-01        -1.1658465243895878e-06        -5.2704116859990810e-02        -5.4107594052480043e-02        -3.1712825048946604e-06         3.8395909239999700e-02        -3.4169474599525927e-02
17                                    -1.4838616885871050e-06        -4.5830748949053613e-06        -6.6059052382063527e-02         2.3240983392526266e-06        -2.9610950107634569e-07         8.4908658948855218e-03         1.6189369289718077e-07         2.1801580767261841e-07
18                                     7.8757628556516462e-04        -1.5232817171557265e-03         8.3621393681975942e-07         7.5059532487486537e-03         2.1859209353000588e-03         6.3879797927181828e-07        -1.9692932079419367e-02         2.2990442384564623e-02
19                                    -1.9535113375880073e-03        -4.9623323091859805e-03        -4.7074045809974015e-07         5.6807607545193463e-03        -7.0532364892985306e-03         1.4468369283090478e-06         3.2110390582174832e-02         3.6422695982345453e-03
20                                     5.1194587060188708e-07         2.4188488263902899e-07        -1.0188823751988312e-03        -3.1731496804650253e-07        -5.4438293934512853e-07         7.5546002996293229e-03        -6.6992842465453446e-07        -1.3547488120591373e-06
21                                    -9.8894190589627739e-04        -1.2520956337158588e-03        -3.5463419510000570e-07        -5.2928112139049004e-04        -1.4363317574374694e-03        -7.1319376306552736e-07         3.4293086887049601e-03        -6.9014209537187898e-03
22                                     5.9296291397799902e-04         1.1608528104591993e-03         3.5968172703509964e-07        -2.9829499970603487e-03         1.5169164065065893e-03        -1.1887043278294884e-06         2.9241218303781269e-03        -7.9474683350866243e-03
23                                    -4.5441310616743242e-07        -2.5887835639991392e-07         4.7038895133896862e-05         1.2807258541322382e-07         3.3054440592763309e-07        -8.9760931892517940e-04         2.8285819370526646e-07         1.0087884327473452e-06
24                                    -3.2986272858554444e-01         4.9416043781013719e-02        -8.1186651911613313e-06        -1.4178725528712875e-02         6.3956168879672065e-03        -1.2568533583891788e-06        -9.9467740414775890e-04        -3.6514954245881761e-03
25                                     4.9315545555633361e-02        -6.9682504393779474e-02         3.9872575173083952e-07        -2.4285699005588950e-02         8.9751191303995351e-03        -9.4770270170112771e-07        -3.4412011510566737e-03        -3.4103246369450941e-03
26                                    -9.6936574260949494e-06         8.9271531790588852e-07        -4.0581858860076259e-02        -8.6248863219881139e-07         4.8301134513977848e-07         4.0841501660938764e-03        -4.5483048175912549e-07        -2.5859393430975271e-07
27                                     1.1014240987510332e-02        -2.0353740709421766e-02        -1.8896192826070973e-07        -9.2577703002135386e-02         8.8979976093518195e-02         2.6948946369407576e-07        -5.4432709648791974e-03         3.0293891737960630e-02
28                                     1.0492520960969053e-02        -1.6887165851449490e-02         3.2485519409328326e-07         8.8817014924437748e-02        -3.0703135248138258e-01        -2.8229290848083461e-06        -2.9223715904779651e-04        -8.6650948128821296e-04
29                                     2.8006989576520071e-07        -1.3170487319754619e-06         3.4571117527911486e-03         5.6460206730487600e-07        -3.3021812721286662e-06        -3.9711898205853281e-02        -2.4771731047398723e-07         7.4625295300038537e-07
30                                    -4.7976280359951339e-03         2.0402498216472564e-03         6.8981300434783927e-07        -1.2924784646046225e-02        -2.3195392704721075e-02        -1.2534818616771934e-06        -1.8277296463682979e-01        -1.3910487363881430e-01
31                                     2.1392483700187711e-03         7.3826310855587226e-04         1.0662858231291977e-06         6.2733248316507659e-03         9.6738111838034577e-03        -8.7684451883138458e-07        -1.3869147267382365e-01        -2.1724716381221926e-01
32                                    -4.5677155682250601e-08         2.2702412826621650e-08         7.9571926389411032e-03        -1.3932973957588137e-06        -1.1324508564117827e-06         4.7964274649218274e-03        -6.2905393614848350e-06        -6.8094773401379386e-06
33                                    -5.7875428610929917e-03         2.4424490829644653e-04        -9.2160917021659142e-07        -1.1075606530049065e-03        -5.2797349421701990e-04         1.2393135066339779e-07        -2.4983218681803821e-03        -3.2357254000454573e-03
34                                     7.9363432137586308e-04         1.7930218751966032e-03         5.1131358025396759e-07        -6.3264747332557737e-04         4.5817352052726070e-04        -1.0160375226816981e-06        -4.1431945165358117e-03        -1.9372936554153328e-03
35                                    -6.1657524822547620e-07        -1.1442019564414231e-07         7.5646963967158747e-03         2.5860327744815463e-08        -2.6730583114502098e-08        -6.2017253403320611e-04        -1.6689256590518750e-07        -4.2908593894913972e-07
36                                     1.0966820759697238e-02         9.7830526790554720e-03         9.1731404276389285e-07         3.0299575274744437e-04         2.6298646573389537e-03        -4.7002033717209309e-07        -4.8053168546895674e-04         1.0378591309343583e-03
37                                    -2.1121354920338370e-02        -1.6809443834159030e-02        -6.1752950207726517e-07         3.2138902911609734e-03        -4.2256206629118316e-03        -9.7643622734183571e-07         1.0580693964942491e-03        -2.6719998924587443e-04
38                                     1.7761374508791704e-07         8.8077665436886793e-07         3.3743725923148973e-03         7.7676580947083857e-09        -1.0642801541761597e-07         7.3804807138497857e-03        -1.0493467728743015e-07         3.2021859636022531e-07
39                                     8.1038056455292121e-05        -2.4938670951262214e-04         1.5270130574598073e-07         3.6733113271323215e-04         1.9453354799593703e-03         5.3103972538573868e-07        -5.9491614581051490e-03        -7.9443395677880266e-04
40                                     6.5342544197663412e-05         3.2422816162995581e-04         5.5072287216897332e-08        -3.2636268684829370e-04        -4.5782487290310626e-04        -7.4003769846166828e-07         1.6874302752953145e-03         1.0985588307200721e-03
41                                    -1.3808413752955600e-07        -1.0458238806044616e-08         3.4222825560941154e-04         7.5160205401142305e-07        -2.4001817275534543e-07        -9.9060939276869597e-04        -9.9791237816781122e-07         7.3764600408603605e-07
                                                         8                           9                          10                          11                          12                          13                          14                          15

0                                     -2.4598423696523157e-06        -4.1361013578893532e-03        -1.2434191558086238e-02         1.5694362291258248e-07        -3.2040116689121545e-03         3.8175298134600008e-02         4.7246819753314950e-07        -1.5610258325701626e-01
1                                     -2.7161237457388730e-06        -1.2647238982813551e-02        -7.5157167396971286e-02        -1.1186758615488189e-06         9.7775070156262078e-02         1.6535482749261421e-02         4.0452229682815801e-06         2.1242861549511154e-02
2                                      7.4294826800219271e-03        -3.3556356658261508e-07        -4.0627137225817385e-06        -9.0684459982034553e-03         3.4061959629770509e-07         1.8927178639430939e-06         7.8699007786261869e-03        -1.0787941266126969e-06
3                                     -6.5908434970338434e-06        -9.4970590556112486e-03         9.0745159579861831e-02        -2.8642055414883858e-06        -7.3039209223788426e-02        -2.4447653950545600e-02        -3.9023459597051815e-06         7.2768300143941131e-02
4                                      2.1358691824119227e-06         3.4767287788823008e-02         1.7623061692478653e-02         6.1176016562823167e-07        -2.4157686932711447e-02        -9.7229357266644372e-03        -1.7701325753171828e-06         4.2026203412223392e-03
5                                     -6.6253787945295711e-02        -1.6018933543408936e-06         6.4063306529912469e-06         1.0018316940701547e-02        -1.6633592913566266e-06        -2.0783374867283360e-06        -8.7560841008309277e-03         1.2502592579893771e-06
6                                      1.7316752150897963e-05        -1.4110176696537488e-01         1.9450265575622627e-02        -1.5022427421978559e-06         6.7497798827608799e-02         2.7054572853035704e-03         1.5557244103112795e-06        -4.7778800418010921e-02
7                                      9.3100207472283141e-06         8.0123322851154061e-02        -2.9473228263424778e-01        -5.7633785016220233e-07        -5.0190631756918819e-02        -5.3494805147007447e-02        -1.7724473275480524e-06         4.0880193004466062e-02
8                                      1.4837428990104651e-01         4.4098601646523092e-07        -1.1967287320473106e-06        -7.1199488685648613e-02         1.1995675179022723e-06        -8.9762027107296325e-07         9.4808541361003952e-03        -9.9962661986505360e-07
9                                      4.4098601646523092e-07         6.5483634325892648e-01         1.2241137118658450e-02         1.9341926894108175e-05        -2.0260434840401303e-01        -1.2437823790264238e-01        -7.3944624802971404e-06        -4.5638687519233424e-02
10                                    -1.1967287320473106e-06         1.2241137118658450e-02         6.9629743366128538e-01        -2.3437835602079178e-06        -6.0111674748535154e-02        -2.4699297293638478e-01        -1.7873315448768840e-06        -6.6630569450056062e-02
11                                    -7.1199488685648613e-02         1.9341926894108175e-05        -2.3437835602079178e-06         1.4477203586945059e-01        -7.4236574925771667e-06        -4.3560275119257501e-06        -6.7930752982501702e-02        -2.5265100906006127e-06
12                                     1.1995675179022723e-06        -2.0260434840401303e-01        -6.0111674748535154e-02        -7.4236574925771667e-06         6.8290491336836889e-01        -3.1793031259546925e-02         2.2171674771179431e-05        -3.3268226522894156e-01
13                                    -8.9762027107296325e-07        -1.2437823790264238e-01        -2.4699297293638478e-01        -4.3560275119257501e-06        -3.1793031259546925e-02         7.2141895824972957e-01         3.0766792821258324e-06         7.2130972976988963e-02
14                                     9.4808541361003952e-03        -7.3944624802971404e-06        -1.7873315448768840e-06        -6.7930752982501702e-02         2.2171674771179431e-05         3.0766792821258324e-06         1.4491789746149300e-01        -1.3619681304284207e-05
15                                    -9.9962661986505360e-07        -4.5638687519233424e-02        -6.6630569450056062e-02        -2.5265100906006127e-06        -3.3268226522894156e-01         7.2130972976988963e-02        -1.3619681304284207e-05         7.0120386361592846e-01
16                                     9.0181962825894913e-07        -1.1002165357627431e-02         5.4310171375924657e-02         5.8654616617534067e-07        -4.4942298650727866e-03        -1.3785151272857626e-01         6.3389307620369221e-07         4.5789222770286589e-02
