
$orca_hessian_file

$act_atom
  0

$act_coord
  0

$act_energy
        0.000000

$multiplicity
  1

$hessian
42
                    0                  1                  2                  3                  4        
    0      7.4118575710E-01  -1.8347316299E-02   2.0321567400E-05  -2.1413099932E-01  -1.3285544232E-01
    1     -1.8347316299E-02   6.6122460699E-01   9.0247159408E-06  -5.4028199460E-02  -2.4736079743E-01
    2      2.0321567400E-05   9.0247159408E-06   1.4536268988E-01  -9.0970423176E-06  -8.6437181683E-06
    3     -2.1413099932E-01  -5.4028199460E-02  -9.0970423176E-06   6.7927648212E-01  -3.5909291967E-02
    4     -1.3285544232E-01  -2.4736079743E-01  -8.6437181683E-06  -3.5909291967E-02   7.3366519925E-01
    5     -7.5089651526E-06  -4.4269908082E-06  -6.6676474254E-02   2.0035540341E-05   1.2511130588E-05
    6     -4.5024896196E-02  -7.2149171415E-02  -2.6824912386E-06  -3.4223573984E-01   7.7094070350E-02
    7     -1.4935228153E-02   6.0953669508E-02   7.6483286358E-07   4.6819766059E-04  -1.4195291947E-01
    8     -2.4598423697E-06  -2.7161237457E-06   7.4294826800E-03  -6.5908434970E-06   2.1358691824E-06
    9     -4.1361013579E-03  -1.2647238983E-02  -3.3556356658E-07  -9.4970590556E-03   3.4767287789E-02
   10     -1.2434191558E-02  -7.5157167397E-02  -4.0627137226E-06   9.0745159580E-02   1.7623061692E-02
   11      1.5694362291E-07  -1.1186758615E-06  -9.0684459982E-03  -2.8642055415E-06   6.1176016563E-07
   12     -3.2040116689E-03   9.7775070156E-02   3.4061959630E-07  -7.3039209224E-02  -2.4157686933E-02
   13      3.8175298135E-02   1.6535482749E-02   1.8927178639E-06  -2.4447653951E-02  -9.7229357267E-03
   14      4.7246819753E-07   4.0452229683E-06   7.8699007786E-03  -3.9023459597E-06  -1.7701325753E-06
   15     -1.5610258326E-01   2.1242861550E-02  -1.0787941266E-06   7.2768300144E-02   4.2026203412E-03
   16      1.0012139982E-01  -3.1187071399E-01  -1.1658465244E-06  -5.2704116860E-02  -5.4107594052E-02
   17     -1.4838616886E-06  -4.5830748949E-06  -6.6059052382E-02   2.3240983393E-06  -2.9610950108E-07
   18      7.8757628557E-04  -1.5232817172E-03   8.3621393682E-07   7.5059532487E-03   2.1859209353E-03
   19     -1.9535113376E-03  -4.9623323092E-03  -4.7074045810E-07   5.6807607545E-03  -7.0532364893E-03
   20      5.1194587060E-07   2.4188488264E-07  -1.0188823752E-03  -3.1731496805E-07  -5.4438293935E-07
   21     -9.8894190590E-04  -1.2520956337E-03  -3.5463419510E-07  -5.2928112139E-04  -1.4363317574E-03
   22      5.9296291398E-04   1.1608528105E-03   3.5968172704E-07  -2.9829499971E-03   1.5169164065E-03
   23     -4.5441310617E-07  -2.5887835640E-07   4.7038895134E-05   1.2807258541E-07   3.3054440593E-07
   24     -3.2986272859E-01   4.9416043781E-02  -8.1186651912E-06  -1.4178725529E-02   6.3956168880E-03
   25      4.9315545556E-02  -6.9682504394E-02   3.9872575173E-07  -2.4285699006E-02   8.9751191304E-03
   26     -9.6936574261E-06   8.9271531791E-07  -4.0581858860E-02  -8.6248863220E-07   4.8301134514E-07
   27      1.1014240988E-02  -2.0353740709E-02  -1.8896192826E-07  -9.2577703002E-02   8.8979976094E-02
   28      1.0492520961E-02  -1.6887165851E-02   3.2485519409E-07   8.8817014924E-02  -3.0703135248E-01
   29      2.8006989577E-07  -1.3170487320E-06   3.4571117528E-03   5.6460206730E-07  -3.3021812721E-06
   30     -4.7976280360E-03   2.0402498216E-03   6.8981300435E-07  -1.2924784646E-02  -2.3195392705E-02
   31      2.1392483700E-03   7.3826310856E-04   1.0662858231E-06   6.2733248317E-03   9.6738111838E-03
   32     -4.5677155682E-08   2.2702412827E-08   7.9571926389E-03  -1.3932973958E-06  -1.1324508564E-06
   33     -5.7875428611E-03   2.4424490830E-04  -9.2160917022E-07  -1.1075606530E-03  -5.2797349422E-04
   34      7.9363432138E-04   1.7930218752E-03   5.1131358025E-07  -6.3264747333E-04   4.5817352053E-04
   35     -6.1657524823E-07  -1.1442019564E-07   7.5646963967E-03   2.5860327745E-08  -2.6730583115E-08
   36      1.0966820760E-02   9.7830526791E-03   9.1731404276E-07   3.0299575275E-04   2.6298646573E-03
   37     -2.1121354920E-02  -1.6809443834E-02  -6.1752950208E-07   3.2138902912E-03  -4.2256206629E-03
   38      1.7761374509E-07   8.8077665437E-07   3.3743725923E-03   7.7676580947E-09  -1.0642801542E-07
   39      8.1038056455E-05  -2.4938670951E-04   1.5270130575E-07   3.6733113271E-04   1.9453354800E-03
   40      6.5342544198E-05   3.2422816163E-04   5.5072287217E-08  -3.2636268685E-04  -4.5782487290E-04
   41     -1.3808413753E-07  -1.0458238806E-08   3.4222825561E-04   7.5160205401E-07  -2.4001817276E-07
                    5                  6                  7                  8                  9        
    0     -7.5089651526E-06  -4.5024896196E-02  -1.4935228153E-02  -2.4598423697E-06  -4.1361013579E-03
    1     -4.4269908082E-06  -7.2149171415E-02   6.0953669508E-02  -2.7161237457E-06  -1.2647238983E-02
    2     -6.6676474254E-02  -2.6824912386E-06   7.6483286358E-07   7.4294826800E-03  -3.3556356658E-07
    3      2.0035540341E-05  -3.4223573984E-01   4.6819766059E-04  -6.5908434970E-06  -9.4970590556E-03
    4      1.2511130588E-05   7.7094070350E-02  -1.4195291947E-01   2.1358691824E-06   3.4767287789E-02
    5      1.4158179427E-01  -7.1912960607E-06  -2.1291588905E-06  -6.6253787945E-02  -1.6018933543E-06
    6     -7.1912960607E-06   7.2304595600E-01   4.3155732447E-02   1.7316752151E-05  -1.4110176697E-01
    7     -2.1291588905E-06   4.3155732447E-02   6.9033094383E-01   9.3100207472E-06   8.0123322851E-02
    8     -6.6253787945E-02   1.7316752151E-05   9.3100207472E-06   1.4837428990E-01   4.4098601647E-07
    9     -1.6018933543E-06  -1.4110176697E-01   8.0123322851E-02   4.4098601647E-07   6.5483634326E-01
   10      6.4063306530E-06   1.9450265576E-02  -2.9473228263E-01  -1.1967287320E-06   1.2241137119E-02
   11      1.0018316941E-02  -1.5022427422E-06  -5.7633785016E-07  -7.1199488686E-02   1.9341926894E-05
   12     -1.6633592914E-06   6.7497798828E-02  -5.0190631757E-02   1.1995675179E-06  -2.0260434840E-01
   13     -2.0783374867E-06   2.7054572853E-03  -5.3494805147E-02  -8.9762027107E-07  -1.2437823790E-01
   14     -8.7560841008E-03   1.5557244103E-06  -1.7724473275E-06   9.4808541361E-03  -7.3944624803E-06
   15      1.2502592580E-06  -4.7778800418E-02   4.0880193004E-02  -9.9962661987E-07  -4.5638687519E-02
   16     -3.1712825049E-06   3.8395909240E-02  -3.4169474600E-02   9.0181962826E-07  -1.1002165358E-02
   17      8.4908658949E-03   1.6189369290E-07   2.1801580767E-07  -7.9836284436E-03  -2.0698934970E-06
   18      6.3879797927E-07  -1.9692932079E-02   2.2990442385E-02  -2.1389876471E-06  -1.9705516922E-01
   19      1.4468369283E-06   3.2110390582E-02   3.6422695982E-03   1.6868198748E-07   6.1521412833E-02
   20      7.5546002996E-03  -6.6992842465E-07  -1.3547488121E-06   3.2065721422E-03  -1.1350071404E-06
   21     -7.1319376307E-07   3.4293086887E-03  -6.9014209537E-03   9.9723396035E-07  -6.2904749446E-02
   22     -1.1887043278E-06   2.9241218304E-03  -7.9474683351E-03  -4.3487855786E-07  -3.1175512264E-02
   23     -8.9760931893E-04   2.8285819371E-07   1.0087884327E-06  -4.0309533597E-04   1.5960048795E-06
   24     -1.2568533584E-06  -9.9467740415E-04  -3.6514954246E-03   4.3379339726E-07   9.3328227469E-04
   25     -9.4770270170E-07  -3.4412011511E-03  -3.4103246369E-03  -4.3380049317E-07  -3.9800394010E-04
   26      4.0841501661E-03  -4.5483048176E-07  -2.5859393431E-07   7.3773462494E-03   1.0448376430E-08
   27      2.6948946369E-07  -5.4432709649E-03   3.0293891738E-02   5.8973113520E-07  -5.8154040492E-03
   28     -2.8229290848E-06  -2.9223715905E-04  -8.6650948129E-04  -1.0290900293E-06   9.0647829595E-04
   29     -3.9711898206E-02  -2.4771731047E-07   7.4625295300E-07   4.0009783203E-03  -4.0663834214E-07
   30     -1.2534818617E-06  -1.8277296464E-01  -1.3910487364E-01  -7.1289540289E-06   1.2131510899E-02
   31     -8.7684451883E-07  -1.3869147267E-01  -2.1724716381E-01  -5.8113539249E-06  -2.0442130169E-02
   32      4.7964274649E-03  -6.2905393615E-06  -6.8094773401E-06  -4.2028335863E-02  -8.1857629304E-07
   33      1.2393135066E-07  -2.4983218682E-03  -3.2357254000E-03  -5.0459402320E-07   1.1635304686E-02
   34     -1.0160375227E-06  -4.1431945165E-03  -1.9372936554E-03  -8.1470707244E-07   9.1664917358E-03
   35     -6.2017253403E-04  -1.6689256591E-07  -4.2908593895E-07   6.4319403362E-03   4.7721147429E-07
   36     -4.7002033717E-07  -4.8053168547E-04   1.0378591309E-03   1.4523155938E-07  -5.0994032918E-03
   37     -9.7643622734E-07   1.0580693965E-03  -2.6719998925E-04   4.0287257339E-07   1.7468173988E-03
   38      7.3804807138E-03  -1.0493467729E-07   3.2021859636E-07  -6.4503047418E-04  -5.1342220209E-07
   39      5.3103972539E-07  -5.9491614581E-03  -7.9443395678E-04  -3.0889075821E-07  -5.6837518110E-03
   40     -7.4003769846E-07   1.6874302753E-03   1.0985588307E-03   6.3911339682E-07  -5.4732910040E-04
   41     -9.9060939277E-04  -9.9791237817E-07   7.3764600409E-07   2.2119029823E-03  -3.2022069655E-06
                   10                 11                 12                 13                 14        
    0     -1.2434191558E-02   1.5694362291E-07  -3.2040116689E-03   3.8175298135E-02   4.7246819753E-07
    1     -7.5157167397E-02  -1.1186758615E-06   9.7775070156E-02   1.6535482749E-02   4.0452229683E-06
    2     -4.0627137226E-06  -9.0684459982E-03   3.4061959630E-07   1.8927178639E-06   7.8699007786E-03
    3      9.0745159580E-02  -2.8642055415E-06  -7.3039209224E-02  -2.4447653951E-02  -3.9023459597E-06
    4      1.7623061692E-02   6.1176016563E-07  -2.4157686933E-02  -9.7229357267E-03  -1.7701325753E-06
    5      6.4063306530E-06   1.0018316941E-02  -1.6633592914E-06  -2.0783374867E-06  -8.7560841008E-03
    6      1.9450265576E-02  -1.5022427422E-06   6.7497798828E-02   2.7054572853E-03   1.5557244103E-06
    7     -2.9473228263E-01  -5.7633785016E-07  -5.0190631757E-02  -5.3494805147E-02  -1.7724473275E-06
    8     -1.1967287320E-06  -7.1199488686E-02   1.1995675179E-06  -8.9762027107E-07   9.4808541361E-03
    9      1.2241137119E-02   1.9341926894E-05  -2.0260434840E-01  -1.2437823790E-01  -7.3944624803E-06
   10      6.9629743366E-01  -2.3437835602E-06  -6.0111674749E-02  -2.4699297294E-01  -1.7873315449E-06
   11     -2.3437835602E-06   1.4477203587E-01  -7.4236574926E-06  -4.3560275119E-06  -6.7930752983E-02
   12     -6.0111674749E-02  -7.4236574926E-06   6.8290491337E-01  -3.1793031260E-02   2.2171674771E-05
   13     -2.4699297294E-01  -4.3560275119E-06  -3.1793031260E-02   7.2141895825E-01   3.0766792821E-06
   14     -1.7873315449E-06  -6.7930752983E-02   2.2171674771E-05   3.0766792821E-06   1.4491789746E-01
   15     -6.6630569450E-02  -2.5265100906E-06  -3.3268226523E-01   7.2130972977E-02  -1.3619681304E-05
   16      5.4310171376E-02   5.8654616618E-07  -4.4942298651E-03  -1.3785151273E-01   6.3389307620E-07
   17     -1.0707893463E-06   9.7863620427E-03  -1.1869341203E-05   2.8358948692E-06  -6.5438391455E-02
   18      3.4144807843E-02  -2.1280177256E-05  -3.1523063108E-02  -9.9312042885E-03   3.3538242773E-06
   19     -1.2523849636E-01  -1.1859421007E-05  -2.8164591470E-02   8.1015826866E-03  -3.8140267719E-07
   20      3.8277432201E-06  -7.6168183805E-02  -1.6782660662E-07   1.1432917120E-06   2.1747243067E-04
   21     -3.7577470125E-02   1.2570280038E-05  -1.1528350683E-03   1.0087339929E-02  -9.1716301029E-07
   22      1.7494149264E-02   6.7056944816E-06   4.3860772266E-03   3.0991544958E-03  -4.1978923098E-07
   23      4.4107129590E-07   1.8742972428E-02  -3.6642145104E-07  -1.3804947273E-06   2.9035852313E-03
   24     -5.6815168913E-04   1.4769214760E-06   1.2476977550E-03   2.0142027556E-03   5.6103576315E-07
   25     -1.4245346070E-03  -2.1490107866E-07   1.7499035504E-03  -5.3612490911E-03  -1.7982809856E-07
   26     -4.0955757992E-08  -7.4202613877E-04   9.9667946698E-10  -2.0615539900E-07   7.7168343486E-03
   27      2.3722390442E-04  -4.0562105146E-08  -1.2396754883E-03  -6.8464307690E-04   1.4658160714E-07
   28      1.8172544776E-03  -4.3114386064E-09  -8.4929875367E-04   5.2460193163E-04  -7.9508944036E-07
   29     -1.5679727667E-07   8.1676632766E-03  -2.4507814745E-07   1.1627430995E-07  -4.8913458601E-04
   30      6.5803724884E-03   2.4197109315E-07  -1.7729659703E-04   2.6527757936E-03   1.3032689748E-07
   31     -1.8287084548E-02   6.3815014134E-07   3.3976988416E-03  -4.1943426433E-03   1.8460258659E-07
   32      3.9443537796E-07   4.5472211141E-03  -1.3020851442E-07   1.4160869145E-07   6.1561070079E-03
   33     -1.6801057364E-02   1.6351746655E-07  -9.2749724642E-02   8.6107238891E-02  -1.2846423249E-06
   34     -1.8518270155E-02   9.2269898256E-07   8.7313519163E-02  -3.0149944100E-01   5.5559340422E-07
   35     -9.9784426106E-07   3.3448853170E-03  -2.0404181563E-06  -1.1593897320E-07  -3.8459365684E-02
   36      2.7578987623E-03   4.5557522774E-07  -1.4575933642E-02  -2.5038944842E-02  -1.0318675026E-06
   37      1.1380815935E-03   1.5897552189E-07   5.7830135940E-03   8.6494284595E-03   3.0939167155E-08
   38      2.5173725563E-07   7.5409623982E-03  -5.1311960836E-07  -1.1538079441E-06   2.8749800419E-03
   39      2.8083919357E-02  -3.1586943903E-06   1.2979531200E-03   2.4026883265E-03   2.0451066136E-07
   40     -8.3293434223E-03   8.6810012788E-06  -6.4639651867E-04   7.8805069865E-04  -2.0296488351E-07
   41      2.5042579689E-06   1.8188478223E-02   2.6058790241E-07  -2.3602912150E-07  -1.0639026280E-03
                   15                 16                 17                 18                 19        
    0     -1.5610258326E-01   1.0012139982E-01  -1.4838616886E-06   7.8757628557E-04  -1.9535113376E-03
    1      2.1242861550E-02  -3.1187071399E-01  -4.5830748949E-06  -1.5232817172E-03  -4.9623323092E-03
    2     -1.0787941266E-06  -1.1658465244E-06  -6.6059052382E-02   8.3621393682E-07  -4.7074045810E-07
    3      7.2768300144E-02  -5.2704116860E-02   2.3240983393E-06   7.5059532487E-03   5.6807607545E-03
    4      4.2026203412E-03  -5.4107594052E-02  -2.9610950108E-07   2.1859209353E-03  -7.0532364893E-03
    5      1.2502592580E-06  -3.1712825049E-06   8.4908658949E-03   6.3879797927E-07   1.4468369283E-06
    6     -4.7778800418E-02   3.8395909240E-02   1.6189369290E-07  -1.9692932079E-02   3.2110390582E-02
    7      4.0880193004E-02  -3.4169474600E-02   2.1801580767E-07   2.2990442385E-02   3.6422695982E-03
    8     -9.9962661987E-07   9.0181962826E-07  -7.9836284436E-03  -2.1389876471E-06   1.6868198748E-07
    9     -4.5638687519E-02  -1.1002165358E-02  -2.0698934970E-06  -1.9705516922E-01   6.1521412833E-02
   10     -6.6630569450E-02   5.4310171376E-02  -1.0707893463E-06   3.4144807843E-02  -1.2523849636E-01
   11     -2.5265100906E-06   5.8654616618E-07   9.7863620427E-03  -2.1280177256E-05  -1.1859421007E-05
   12     -3.3268226523E-01  -4.4942298651E-03  -1.1869341203E-05  -3.1523063108E-02  -2.8164591470E-02
   13      7.2130972977E-02  -1.3785151273E-01   2.8358948692E-06  -9.9312042885E-03   8.1015826866E-03
   14     -1.3619681304E-05   6.3389307620E-07  -6.5438391455E-02   3.3538242773E-06  -3.8140267719E-07
   15      7.0120386362E-01   4.5789222770E-02   2.6871377373E-05   3.0723946799E-03  -6.7578136381E-03
   16      4.5789222770E-02   7.0880014942E-01   1.1407713199E-05  -4.5013006571E-03  -3.1418700291E-03
   17      2.6871377373E-05   1.1407713199E-05   1.3874924895E-01  -2.3741016942E-06  -1.2364952852E-06
   18      3.0723946799E-03  -4.5013006571E-03  -2.3741016942E-06   7.3146823166E-01   1.8802922711E-01
   19     -6.7578136381E-03  -3.1418700291E-03  -1.2364952852E-06   1.8802922711E-01   7.9452892975E-01
   20      2.8655076891E-08  -2.1409125071E-07   8.9357963575E-03  -2.8791402209E-05  -7.8408097410E-05
   21     -3.6313969583E-03   1.0619999972E-04   4.7720959030E-08  -4.1198904518E-01  -3.0981865466E-01
   22      2.4169916296E-04   1.5363821634E-03  -3.5810224000E-07  -3.0447774344E-01  -4.3042536358E-01
   23     -3.6370241865E-08   2.7855116826E-07  -2.0974518793E-03   4.5409096314E-05   5.0554145615E-05
   24     -5.6919700868E-03  -8.2730330299E-04  -1.0017017728E-06  -2.4026745432E-04  -2.5188049765E-05
   25      2.9910695600E-02   1.6398564335E-05   1.1739075855E-06  -4.6119655275E-05  -1.7791575609E-04
   26      1.6709326602E-07   2.0263318054E-07   4.4442766656E-03   1.0513641113E-07  -2.4824455224E-07
   27     -2.1734408263E-03  -3.4700134664E-03  -4.9103868828E-08   7.2019421179E-04   1.9144370843E-03
   28     -3.9279434033E-03  -1.8482106415E-03  -2.1164679688E-07  -4.8062973744E-04  -1.8018625463E-04
   29     -3.4510287213E-07  -1.4261004784E-07   7.1691789012E-03   5.1276762302E-08  -1.7254944443E-08
   30     -5.4093975792E-04   1.0525847291E-03   2.4707972938E-07   1.0540036944E-04   1.1766655760E-04
   31      7.4431873084E-04   7.7443608227E-07   1.1963125428E-07  -2.9539019442E-03  -1.1711427116E-03
   32     -1.8546878221E-07  -8.6240520180E-08  -6.5367849185E-04   5.5054534867E-07  -5.5666738964E-08
   33     -4.4470936306E-03   2.9907576564E-02  -5.1014966957E-07   3.4764198559E-04  -3.3263710800E-03
   34     -6.3776364926E-04  -8.3593761308E-04   5.3703343244E-07   3.5004107486E-03  -7.5143027955E-06
   35     -2.0897143924E-07   1.4320606147E-06   3.9732938015E-03   4.8132164239E-07  -3.2514265361E-08
   36     -1.7819562738E-01  -1.3780090994E-01  -9.4868157861E-06   5.3070107309E-04  -1.5414349400E-03
   37     -1.3780350974E-01  -2.2108255394E-01  -1.0795082057E-05   3.6493195323E-04   3.8161762568E-04
   38     -8.9609827217E-06  -9.4215610397E-06  -3.8754395243E-02   6.4927612915E-08   6.4041254105E-10
   39     -1.6175337415E-04  -5.5797415826E-04  -4.4475478912E-07  -8.4037616476E-02   6.2126697443E-02
   40      6.0013623710E-04   2.4399163206E-04   6.7639239556E-07   7.2785413266E-02  -2.3429634186E-01
   41     -7.1832289997E-07   3.4112643184E-07  -5.6242472008E-04  -5.4147844720E-06   3.1647669741E-05
                   20                 21                 22                 23                 24        
    0      5.1194587060E-07  -9.8894190590E-04   5.9296291398E-04  -4.5441310617E-07  -3.2986272859E-01
    1      2.4188488264E-07  -1.2520956337E-03   1.1608528105E-03  -2.5887835640E-07   4.9416043781E-02
    2     -1.0188823752E-03  -3.5463419510E-07   3.5968172704E-07   4.7038895134E-05  -8.1186651912E-06
    3     -3.1731496805E-07  -5.2928112139E-04  -2.9829499971E-03   1.2807258541E-07  -1.4178725529E-02
    4     -5.4438293935E-07  -1.4363317574E-03   1.5169164065E-03   3.3054440593E-07   6.3956168880E-03
    5      7.5546002996E-03  -7.1319376307E-07  -1.1887043278E-06  -8.9760931893E-04  -1.2568533584E-06
    6     -6.6992842465E-07   3.4293086887E-03   2.9241218304E-03   2.8285819371E-07  -9.9467740415E-04
    7     -1.3547488121E-06  -6.9014209537E-03  -7.9474683351E-03   1.0087884327E-06  -3.6514954246E-03
    8      3.2065721422E-03   9.9723396035E-07  -4.3487855786E-07  -4.0309533597E-04   4.3379339726E-07
    9     -1.1350071404E-06  -6.2904749446E-02  -3.1175512264E-02   1.5960048795E-06   9.3328227469E-04
   10      3.8277432201E-06  -3.7577470125E-02   1.7494149264E-02   4.4107129590E-07  -5.6815168913E-04
   11     -7.6168183805E-02   1.2570280038E-05   6.7056944816E-06   1.8742972428E-02   1.4769214760E-06
   12     -1.6782660662E-07  -1.1528350683E-03   4.3860772266E-03  -3.6642145104E-07   1.2476977550E-03
   13      1.1432917120E-06   1.0087339929E-02   3.0991544958E-03  -1.3804947273E-06   2.0142027556E-03
   14      2.1747243067E-04  -9.1716301029E-07  -4.1978923098E-07   2.9035852313E-03   5.6103576315E-07
   15      2.8655076891E-08  -3.6313969583E-03   2.4169916296E-04  -3.6370241865E-08  -5.6919700868E-03
   16     -2.1409125071E-07   1.0619999972E-04   1.5363821634E-03   2.7855116826E-07  -8.2730330299E-04
   17      8.9357963575E-03   4.7720959030E-08  -3.5810224000E-07  -2.0974518793E-03  -1.0017017728E-06
   18     -2.8791402209E-05  -4.1198904518E-01  -3.0447774344E-01   4.5409096314E-05  -2.4026745432E-04
   19     -7.8408097410E-05  -3.0981865466E-01  -4.3042536358E-01   5.0554145615E-05  -2.5188049765E-05
   20      1.9879598318E-01   4.8597151082E-05   5.2754997355E-05  -7.0152743526E-02  -8.6260559156E-08
   21      4.8597151082E-05   4.6919951072E-01   3.6600850859E-01  -5.7218346990E-05  -3.8909236202E-05
   22      5.2754997355E-05   3.6600850859E-01   4.5092631677E-01  -6.0314634740E-05   1.1212139165E-04
   23     -7.0152743526E-02  -5.7218346990E-05  -6.0314634740E-05   3.1769053618E-02   4.4196805356E-07
   24     -8.6260559156E-08  -3.8909236202E-05   1.1212139165E-04   4.4196805356E-07   3.4846871063E-01
   25      6.5568394261E-08   5.9718844818E-05   2.6448511026E-04   3.4138200493E-08  -5.3188936038E-02
   26     -1.3599581228E-03   7.7420949710E-09  -1.1015805739E-07   2.8292840366E-04   8.5017676831E-06
   27     -7.2501612560E-07  -2.6762199246E-04  -5.0043157334E-04   8.4359663165E-07   7.7226966517E-04
   28      9.3238501161E-07   2.2574956828E-04   1.2176120455E-04  -8.8230606898E-07  -2.2554810455E-04
   29      1.2025236411E-04  -5.3386011540E-08   8.2145496107E-08   1.4301402041E-04   2.0591578979E-07
   30     -4.8714481738E-07  -1.1554582904E-03   3.3132528296E-04   4.0610446755E-07  -6.5703908128E-04
   31      4.4286400647E-07   6.0100981448E-04   2.2043585664E-03  -8.8335070491E-07   4.2325873367E-04
   32     -3.9585252055E-03   4.0537799388E-07  -1.2858385844E-07  -1.3397468349E-04   1.0384173135E-07
   33      6.5958893707E-07   6.3121122947E-04   1.4025682185E-03  -7.0355492882E-07  -3.7033789059E-04
   34      1.0861986116E-06  -7.4600456777E-04   5.1020496143E-04  -1.0408664167E-06  -1.3000265857E-04
   35     -4.6328330794E-03   3.3893330506E-07   6.3599772311E-07   8.2744211695E-04  -7.0763493464E-08
   36     -1.5107086166E-07  -1.1048638364E-03  -1.3572770112E-04   8.2098026386E-08   6.3586599852E-04
   37      2.7188476856E-07   8.9664080805E-05  -5.8463638788E-05   2.8057253378E-07   1.9657979029E-04
   38      4.1641368136E-04  -1.9173818623E-07   4.5151125526E-08  -2.7494703777E-04   2.1456407108E-07
   39     -8.7580562601E-06   1.0503072400E-02  -3.6825215878E-02   5.3660066775E-06  -2.3171060661E-05
   40      2.8646365103E-05  -1.9348016902E-02  -4.0403286200E-02   7.8487110445E-06   2.4747391087E-05
   41     -6.1955964340E-02   7.0732361041E-07   6.3551914223E-06   1.9243787068E-02   1.4666169772E-07
                   25                 26                 27                 28                 29        
    0      4.9315545556E-02  -9.6936574261E-06   1.1014240988E-02   1.0492520961E-02   2.8006989577E-07
    1     -6.9682504394E-02   8.9271531791E-07  -2.0353740709E-02  -1.6887165851E-02  -1.3170487320E-06
    2      3.9872575173E-07  -4.0581858860E-02  -1.8896192826E-07   3.2485519409E-07   3.4571117528E-03
    3     -2.4285699006E-02  -8.6248863220E-07  -9.2577703002E-02   8.8817014924E-02   5.6460206730E-07
    4      8.9751191304E-03   4.8301134514E-07   8.8979976094E-02  -3.0703135248E-01  -3.3021812721E-06
    5     -9.4770270170E-07   4.0841501661E-03   2.6948946369E-07  -2.8229290848E-06  -3.9711898206E-02
    6     -3.4412011511E-03  -4.5483048176E-07  -5.4432709649E-03  -2.9223715905E-04  -2.4771731047E-07
    7     -3.4103246369E-03  -2.5859393431E-07   3.0293891738E-02  -8.6650948129E-04   7.4625295300E-07
    8     -4.3380049317E-07   7.3773462494E-03   5.8973113520E-07  -1.0290900293E-06   4.0009783203E-03
    9     -3.9800394010E-04   1.0448376430E-08  -5.8154040492E-03   9.0647829595E-04  -4.0663834214E-07
   10     -1.4245346070E-03  -4.0955757992E-08   2.3722390442E-04   1.8172544776E-03  -1.5679727667E-07
   11     -2.1490107866E-07  -7.4202613877E-04  -4.0562105146E-08  -4.3114386064E-09   8.1676632766E-03
   12      1.7499035504E-03   9.9667946698E-10  -1.2396754883E-03  -8.4929875367E-04  -2.4507814745E-07
   13     -5.3612490911E-03  -2.0615539900E-07  -6.8464307690E-04   5.2460193163E-04   1.1627430995E-07
   14     -1.7982809856E-07   7.7168343486E-03   1.4658160714E-07  -7.9508944036E-07  -4.8913458601E-04
   15      2.9910695600E-02   1.6709326602E-07  -2.1734408263E-03  -3.9279434033E-03  -3.4510287213E-07
   16      1.6398564335E-05   2.0263318054E-07  -3.4700134664E-03  -1.8482106415E-03  -1.4261004784E-07
   17      1.1739075855E-06   4.4442766656E-03  -4.9103868828E-08  -2.1164679688E-07   7.1691789012E-03
   18     -4.6119655275E-05   1.0513641113E-07   7.2019421179E-04  -4.8062973744E-04   5.1276762302E-08
   19     -1.7791575609E-04  -2.4824455224E-07   1.9144370843E-03  -1.8018625463E-04  -1.7254944443E-08
   20      6.5568394261E-08  -1.3599581228E-03  -7.2501612560E-07   9.3238501161E-07   1.2025236411E-04
   21      5.9718844818E-05   7.7420949710E-09  -2.6762199246E-04   2.2574956828E-04  -5.3386011540E-08
   22      2.6448511026E-04  -1.1015805739E-07  -5.0043157334E-04   1.2176120455E-04   8.2145496107E-08
   23      3.4138200493E-08   2.8292840366E-04   8.4359663165E-07  -8.8230606898E-07   1.4301402041E-04
   24     -5.3188936038E-02   8.5017676831E-06   7.7226966517E-04  -2.2554810455E-04   2.0591578979E-07
   25      6.8696723195E-02  -6.4196747453E-07   5.9495388681E-04   8.6305159128E-04   1.3836892363E-07
   26     -6.4196747453E-07   2.7084934720E-02   1.2237424925E-07   1.6981307023E-07  -3.8750846872E-03
   27      5.9495388681E-04   1.2237424925E-07   9.3970356043E-02  -9.5692059991E-02  -5.5339428213E-07
   28      8.6305159128E-04   1.6981307023E-07  -9.5692059991E-02   3.2388843566E-01   3.8461071668E-06
   29      1.3836892363E-07  -3.8750846872E-03  -5.5339428213E-07   3.8461071668E-06   2.6965689914E-02
   30     -1.1074834325E-03  -1.4003062379E-07   1.1133719308E-03   2.5160747655E-04   6.3292511505E-08
   31      3.3586824959E-04  -1.4008039194E-07  -5.2092607671E-04   5.8327595303E-04   3.1487756431E-07
   32     -1.0688627234E-07  -2.5311562955E-04   1.4675693851E-07   1.1040578341E-07  -4.4415339368E-03
   33      1.4713770232E-03   1.3994795416E-08   7.6291894471E-05   6.9866922316E-05  -3.1852914109E-08
   34     -1.6411340230E-04  -1.4566947628E-07   8.8792242951E-05  -5.2013136424E-05   1.2372675171E-07
   35      8.5019134736E-08  -1.0525380180E-04  -2.3095738582E-08   9.0258722263E-08  -1.2274169406E-03
   36     -5.1339734386E-04   6.8124009849E-07   3.7593869878E-04   5.3188049725E-04   9.0580298355E-08
   37      9.8963738336E-04   5.7666096404E-07  -1.0024665670E-03  -8.9677105033E-04   7.8156720236E-08
   38      4.5554077378E-08  -4.0739686577E-03  -1.4345887760E-08  -2.0970025565E-08   7.7597134930E-05
   39     -8.7299357884E-05  -1.2011778618E-08  -5.2554710795E-04   8.7841386649E-05   3.7035607892E-08
   40      7.9358662997E-05   1.1582912331E-07   1.9976362736E-04  -3.6171918010E-05  -6.1879524440E-08
   41     -6.5033906252E-08   7.9534431228E-07   6.6346857917E-08  -1.5562015221E-07  -3.5641732742E-04
                   30                 31                 32                 33                 34        
    0     -4.7976280360E-03   2.1392483700E-03  -4.5677155682E-08  -5.7875428611E-03   7.9363432138E-04
    1      2.0402498216E-03   7.3826310856E-04   2.2702412827E-08   2.4424490830E-04   1.7930218752E-03
    2      6.8981300435E-07   1.0662858231E-06   7.9571926389E-03  -9.2160917022E-07   5.1131358025E-07
    3     -1.2924784646E-02   6.2733248317E-03  -1.3932973958E-06  -1.1075606530E-03  -6.3264747333E-04
    4     -2.3195392705E-02   9.6738111838E-03  -1.1324508564E-06  -5.2797349422E-04   4.5817352053E-04
    5     -1.2534818617E-06  -8.7684451883E-07   4.7964274649E-03   1.2393135066E-07  -1.0160375227E-06
    6     -1.8277296464E-01  -1.3869147267E-01  -6.2905393615E-06  -2.4983218682E-03  -4.1431945165E-03
    7     -1.3910487364E-01  -2.1724716381E-01  -6.8094773401E-06  -3.2357254000E-03  -1.9372936554E-03
    8     -7.1289540289E-06  -5.8113539249E-06  -4.2028335863E-02  -5.0459402320E-07  -8.1470707244E-07
    9      1.2131510899E-02  -2.0442130169E-02  -8.1857629304E-07   1.1635304686E-02   9.1664917358E-03
   10      6.5803724884E-03  -1.8287084548E-02   3.9443537796E-07  -1.6801057364E-02  -1.8518270155E-02
   11      2.4197109315E-07   6.3815014134E-07   4.5472211141E-03   1.6351746655E-07   9.2269898256E-07
   12     -1.7729659703E-04   3.3976988416E-03  -1.3020851442E-07  -9.2749724642E-02   8.7313519163E-02
   13      2.6527757936E-03  -4.1943426433E-03   1.4160869145E-07   8.6107238891E-02  -3.0149944100E-01
   14      1.3032689748E-07   1.8460258659E-07   6.1561070079E-03  -1.2846423249E-06   5.5559340422E-07
   15     -5.4093975792E-04   7.4431873084E-04  -1.8546878221E-07  -4.4470936306E-03  -6.3776364926E-04
   16      1.0525847291E-03   7.7443608227E-07  -8.6240520180E-08   2.9907576564E-02  -8.3593761308E-04
   17      2.4707972938E-07   1.1963125428E-07  -6.5367849185E-04  -5.1014966957E-07   5.3703343244E-07
   18      1.0540036944E-04  -2.9539019442E-03   5.5054534867E-07   3.4764198559E-04   3.5004107486E-03
   19      1.1766655760E-04  -1.1711427116E-03  -5.5666738964E-08  -3.3263710800E-03  -7.5143027955E-06
   20     -4.8714481738E-07   4.4286400647E-07  -3.9585252055E-03   6.5958893707E-07   1.0861986116E-06
   21     -1.1554582904E-03   6.0100981448E-04   4.0537799388E-07   6.3121122947E-04  -7.4600456777E-04
   22      3.3132528296E-04   2.2043585664E-03  -1.2858385844E-07   1.4025682185E-03   5.1020496143E-04
   23      4.0610446755E-07  -8.8335070491E-07  -1.3397468349E-04  -7.0355492882E-07  -1.0408664167E-06
   24     -6.5703908128E-04   4.2325873367E-04   1.0384173135E-07  -3.7033789059E-04  -1.3000265857E-04
   25     -1.1074834325E-03   3.3586824959E-04  -1.0688627234E-07   1.4713770232E-03  -1.6411340230E-04
   26     -1.4003062379E-07  -1.4008039194E-07  -2.5311562955E-04   1.3994795416E-08  -1.4566947628E-07
   27      1.1133719308E-03  -5.2092607671E-04   1.4675693851E-07   7.6291894471E-05   8.8792242951E-05
   28      2.5160747655E-04   5.8327595303E-04   1.1040578341E-07   6.9866922316E-05  -5.2013136424E-05
   29      6.3292511505E-08   3.1487756431E-07  -4.4415339368E-03  -3.1852914109E-08   1.2372675171E-07
   30      1.8923333645E-01   1.5008560771E-01   7.1593260719E-06   3.4163345460E-04   7.4829127727E-04
   31      1.5008560771E-01   2.2808493268E-01   6.7631307090E-06  -1.0238696348E-03  -9.1184318606E-04
   32      7.1593260719E-06   6.7631307090E-06   2.8489650333E-02  -6.8188982992E-08  -4.5007953573E-07
   33      3.4163345460E-04  -1.0238696348E-03  -6.8188982992E-08   9.3196998416E-02  -9.4506049853E-02
   34      7.4829127727E-04  -9.1184318606E-04  -4.5007953573E-07  -9.4506049853E-02   3.2000837151E-01
   35     -1.5870695673E-08  -7.9714650655E-08   4.6473171448E-04   2.1783840929E-06  -2.5546803261E-07
   36      1.5103000046E-05  -1.0733468013E-04   1.3574949028E-07   1.0720654679E-03   2.7625464873E-04
   37     -8.4947398504E-05   3.3125462409E-05  -5.9790974747E-08  -4.9336454015E-04   6.3742812102E-04
   38     -7.3257473728E-08  -1.0536639194E-07  -1.1884816624E-03   2.2958040430E-07  -1.0383306879E-09
   39      8.5754945012E-05   7.1469170752E-05   2.7303579983E-07  -3.4056558915E-04  -1.2042190476E-03
   40     -3.6408498107E-04   1.5716725699E-04  -3.2852313122E-08   8.2402646607E-04   5.1922646264E-04
   41      3.1814883702E-07  -2.0308606649E-07   2.4631519891E-04   1.5538284472E-07  -3.9586434996E-07
                   35                 36                 37                 38                 39        
    0     -6.1657524823E-07   1.0966820760E-02  -2.1121354920E-02   1.7761374509E-07   8.1038056455E-05
    1     -1.1442019564E-07   9.7830526791E-03  -1.6809443834E-02   8.8077665437E-07  -2.4938670951E-04
    2      7.5646963967E-03   9.1731404276E-07  -6.1752950208E-07   3.3743725923E-03   1.5270130575E-07
    3      2.5860327745E-08   3.0299575275E-04   3.2138902912E-03   7.7676580947E-09   3.6733113271E-04
    4     -2.6730583115E-08   2.6298646573E-03  -4.2256206629E-03  -1.0642801542E-07   1.9453354800E-03
    5     -6.2017253403E-04  -4.7002033717E-07  -9.7643622734E-07   7.3804807138E-03   5.3103972539E-07
    6     -1.6689256591E-07  -4.8053168547E-04   1.0580693965E-03  -1.0493467729E-07  -5.9491614581E-03
    7     -4.2908593895E-07   1.0378591309E-03  -2.6719998925E-04   3.2021859636E-07  -7.9443395678E-04
    8      6.4319403362E-03   1.4523155938E-07   4.0287257339E-07  -6.4503047418E-04  -3.0889075821E-07
    9      4.7721147429E-07  -5.0994032918E-03   1.7468173988E-03  -5.1342220209E-07  -5.6837518110E-03
   10     -9.9784426106E-07   2.7578987623E-03   1.1380815935E-03   2.5173725563E-07   2.8083919357E-02
   11      3.3448853170E-03   4.5557522774E-07   1.5897552189E-07   7.5409623982E-03  -3.1586943903E-06
   12     -2.0404181563E-06  -1.4575933642E-02   5.7830135940E-03  -5.1311960836E-07   1.2979531200E-03
   13     -1.1593897320E-07  -2.5038944842E-02   8.6494284595E-03  -1.1538079441E-06   2.4026883265E-03
   14     -3.8459365684E-02  -1.0318675026E-06   3.0939167155E-08   2.8749800419E-03   2.0451066136E-07
   15     -2.0897143924E-07  -1.7819562738E-01  -1.3780350974E-01  -8.9609827217E-06  -1.6175337415E-04
   16      1.4320606147E-06  -1.3780090994E-01  -2.2108255394E-01  -9.4215610397E-06  -5.5797415826E-04
   17      3.9732938015E-03  -9.4868157861E-06  -1.0795082057E-05  -3.8754395243E-02  -4.4475478912E-07
   18      4.8132164239E-07   5.3070107309E-04   3.6493195323E-04   6.4927612915E-08  -8.4037616476E-02
   19     -3.2514265361E-08  -1.5414349400E-03   3.8161762568E-04   6.4041254105E-10   6.2126697443E-02
   20     -4.6328330794E-03  -1.5107086166E-07   2.7188476856E-07   4.1641368136E-04  -8.7580562601E-06
   21      3.3893330506E-07  -1.1048638364E-03   8.9664080805E-05  -1.9173818623E-07   1.0503072400E-02
   22      6.3599772311E-07  -1.3572770112E-04  -5.8463638788E-05   4.5151125526E-08  -3.6825215878E-02
   23      8.2744211695E-04   8.2098026386E-08   2.8057253378E-07  -2.7494703777E-04   5.3660066775E-06
   24     -7.0763493464E-08   6.3586599852E-04   1.9657979029E-04   2.1456407108E-07  -2.3171060661E-05
   25      8.5019134736E-08  -5.1339734386E-04   9.8963738336E-04   4.5554077378E-08  -8.7299357884E-05
   26     -1.0525380180E-04   6.8124009849E-07   5.7666096404E-07  -4.0739686577E-03  -1.2011778618E-08
   27     -2.3095738582E-08   3.7593869878E-04  -1.0024665670E-03  -1.4345887760E-08  -5.2554710795E-04
   28      9.0258722263E-08   5.3188049725E-04  -8.9677105033E-04  -2.0970025565E-08   8.7841386649E-05
   29     -1.2274169406E-03   9.0580298355E-08   7.8156720236E-08   7.7597134930E-05   3.7035607892E-08
   30     -1.5870695673E-08   1.5103000046E-05  -8.4947398504E-05  -7.3257473728E-08   8.5754945012E-05
   31     -7.9714650655E-08  -1.0733468013E-04   3.3125462409E-05  -1.0536639194E-07   7.1469170752E-05
   32      4.6473171448E-04   1.3574949028E-07  -5.9790974747E-08  -1.1884816624E-03   2.7303579983E-07
   33      2.1783840929E-06   1.0720654679E-03  -4.9336454015E-04   2.2958040430E-07  -3.4056558915E-04
   34     -2.5546803261E-07   2.7625464873E-04   6.3742812102E-04  -1.0383306879E-09  -1.2042190476E-03
   35      2.6356921908E-02   3.4746111111E-07  -8.5721260948E-08  -4.0087458960E-03  -2.0637249403E-07
   36      3.4746111111E-07   1.8564563418E-01   1.4803106500E-01   8.9612399626E-06  -8.8765091407E-05
   37     -8.5721260948E-08   1.4803106500E-01   2.3150910057E-01   9.9797882729E-06   3.6132327033E-06
   38     -4.0087458960E-03   8.9612399626E-06   9.9797882729E-06   2.7242467052E-02  -2.2814022210E-08
   39     -2.0637249403E-07  -8.8765091407E-05   3.6132327033E-06  -2.2814022210E-08   8.4475182315E-02
   40      2.7726794109E-07   1.0787250653E-04   1.6338957652E-06  -1.6879250121E-08  -5.5032788707E-02
   41      8.9876345110E-05   6.2205995734E-08   5.6894102541E-08   3.8295356035E-05   7.1751578840E-06
                   40                 41        
     0      6.5342544198E-05  -1.3808413753E-07
     1      3.2422816163E-04  -1.0458238806E-08
     2      5.5072287217E-08   3.4222825561E-04
     3     -3.2636268685E-04   7.5160205401E-07
     4     -4.5782487290E-04  -2.4001817276E-07
     5     -7.4003769846E-07  -9.9060939277E-04
     6      1.6874302753E-03  -9.9791237817E-07
     7      1.0985588307E-03   7.3764600409E-07
     8      6.3911339682E-07   2.2119029823E-03
     9     -5.4732910040E-04  -3.2022069655E-06
    10     -8.3293434223E-03   2.5042579689E-06
    11      8.6810012788E-06   1.8188478223E-02
    12     -6.4639651867E-04   2.6058790241E-07
    13      7.8805069865E-04  -2.3602912150E-07
    14     -2.0296488351E-07  -1.0639026280E-03
    15      6.0013623710E-04  -7.1832289997E-07
    16      2.4399163206E-04   3.4112643184E-07
    17      6.7639239556E-07  -5.6242472008E-04
    18      7.2785413266E-02  -5.4147844720E-06
    19     -2.3429634186E-01   3.1647669741E-05
    20      2.8646365103E-05  -6.1955964340E-02
    21     -1.9348016902E-02   7.0732361041E-07
    22     -4.0403286200E-02   6.3551914223E-06
    23      7.8487110445E-06   1.9243787068E-02
    24      2.4747391087E-05   1.4666169772E-07
    25      7.9358662997E-05  -6.5033906252E-08
    26      1.1582912331E-07   7.9534431228E-07
    27      1.9976362736E-04   6.6346857917E-08
    28     -3.6171918010E-05  -1.5562015221E-07
    29     -6.1879524440E-08  -3.5641732742E-04
    30     -3.6408498107E-04   3.1814883702E-07
    31      1.5716725699E-04  -2.0308606649E-07
    32     -3.2852313122E-08   2.4631519891E-04
    33      8.2402646607E-04   1.5538284472E-07
    34      5.1922646264E-04  -3.9586434996E-07
    35      2.7726794109E-07   8.9876345110E-05
    36      1.0787250653E-04   6.2205995734E-08
    37      1.6338957652E-06   5.6894102541E-08
    38     -1.6879250121E-08   3.8295356035E-05
    39     -5.5032788707E-02   7.1751578840E-06
    40      2.8031075268E-01  -4.3110907282E-05
    41     -4.3110907282E-05   2.4567639635E-02

$vibrational_frequencies
42
    0        0.0000000000000000
    1        0.0000000000000000
    2        0.0000000000000000
    3        0.0000000000000000
    4        0.0000000000000000
    5        0.0000000000000000
    6      161.4293652058404120
    7      242.4616231241539026
    8      268.8711344991198189
    9      421.4564299541534638
   10      446.4555960839651334
   11      473.2466562760641864
   12      630.5645516831515351
   13      667.2316880815701552
   14      717.8344297676779888
   15      781.0719323694031573
   16      850.6261459240727163
   17      889.0155171770364859
   18      965.6715275426020071
   19     1017.7312325916490181
   20     1019.1144701075079411
   21     1037.9731145210305385
   22     1053.1723285979851426
   23     1065.3036119984788002
   24     1110.4838636427127767
   25     1180.5742784763485815
   26     1195.7743726226149192
   27     1242.5184568456304532
   28     1316.7916913067886071
   29     1350.9720761964622397
   30     1431.2763826916268499
   31     1496.3288236703426719
   32     1535.1657486921003510
   33     1642.7804662979444856
   34     1666.8693110302797322
   35     1778.5589357295029913
   36     2880.1673794941871165
   37     3166.5957179311330947
   38     3179.1530143899735776
   39     3188.8675538723473437
   40     3197.2181957803163641
   41     3203.4385545405230005

$normal_modes
42 42
                    0                  1                  2                  3                  4        
    0      0.0000000000E+00   0.0000000000E+00   0.0000000000E+00   0.0000000000E+00   0.0000000000E+00
    1      0.0000000000E+00   0.0000000000E+00   0.0000000000E+00   0.0000000000E+00   0.0000000000E+00
    2      0.0000000000E+00   0.0000000000E+00   0.0000000000E+00   0.0000000000E+00   0.0000000000E+00
    3      0.0000000000E+00   0.0000000000E+00   0.0000000000E+00   0.0000000000E+00   0.0000000000E+00
    4      0.0000000000E+00   0.0000000000E+00   0.0000000000E+00   0.0000000000E+00   0.0000000000E+00
