
$orca_hessian_file

$act_atom
  0

$act_coord
  0

$act_energy
        0.000000

$multiplicity
  1

$hessian
12
                    0                  1                  2                  3                  4        
    0      6.2410069589E-01   4.6793432166E-05  -3.3408357583E-05  -2.2326049372E-01   1.4788289221E-01
    1      4.6793432166E-05   6.2410512518E-01   2.0250365650E-05   1.4784832328E-01  -1.9280666296E-01
    2     -3.3408357583E-05   2.0250365650E-05   2.3177459575E-01   8.8514386192E-02  -7.9899604121E-02
    3     -2.2326049372E-01   1.4784832328E-01   8.8514386192E-02   2.4285740016E-01  -1.6582977786E-01
    4      1.4788289221E-01  -1.9280666296E-01  -7.9899604121E-02  -1.6582977786E-01   2.0872046903E-01
    5      1.3129543132E-01  -1.1848177350E-01  -7.7246837532E-02  -1.0485240093E-01   9.4625450270E-02
    6     -3.2848064880E-01  -8.7198660594E-02  -1.1340508296E-01  -2.5317284767E-02  -1.1013214137E-02
    7     -8.7114565881E-02  -8.7653179741E-02  -3.6690335169E-02   2.5765639590E-02   7.5796893617E-03
    8     -1.6823248199E-01  -5.4486510915E-02  -7.7270211437E-02   1.7693575629E-02   3.1676173468E-03
    9     -7.2359553368E-02  -6.0727941596E-02   2.4920454563E-02   5.7203783240E-03   2.8965571826E-02
   10     -6.0783634282E-02  -3.4364528248E-01   1.1656679237E-01  -7.7896570389E-03  -2.3493495431E-02
   11      3.6974109591E-02   1.7295093060E-01  -7.7257546777E-02  -1.3321924652E-03  -1.7922084176E-02
                    5                  6                  7                  8                  9        
    0      1.3129543132E-01  -3.2848064880E-01  -8.7114565881E-02  -1.6823248199E-01  -7.2359553368E-02
    1     -1.1848177350E-01  -8.7198660594E-02  -8.7653179741E-02  -5.4486510915E-02  -6.0727941596E-02
    2     -7.7246837532E-02  -1.1340508296E-01  -3.6690335169E-02  -7.7270211437E-02   2.4920454563E-02
    3     -1.0485240093E-01  -2.5317284767E-02   2.5765639590E-02   1.7693575629E-02   5.7203783240E-03
    4      9.4625450270E-02  -1.1013214137E-02   7.5796893617E-03   3.1676173468E-03   2.8965571826E-02
    5      7.6359923903E-02  -1.4885205534E-02   1.0111890351E-02   4.5063577337E-04  -1.1581193293E-02
    6     -1.4885205534E-02   3.6078344460E-01   9.7687076267E-02   1.3438029054E-01  -6.9855110359E-03
    7      1.0111890351E-02   9.7687076267E-02   9.0728681140E-02   4.3500316684E-02  -3.6318693705E-02
    8      4.5063577337E-04   1.3438029054E-01   4.3500316684E-02   7.6341008069E-02   1.6187197275E-02
    9     -1.1581193293E-02  -6.9855110359E-03  -3.6318693705E-02   1.6187197275E-02   7.3624686080E-02
   10      1.3773053560E-02   5.0534219155E-04  -1.0655190761E-02   7.8135813922E-03   6.8074506302E-02
   11      4.3627785627E-04  -6.1185835014E-03  -1.6916876372E-02   4.7856759500E-04  -2.9524896085E-02
                   10                 11        
     0     -6.0783634282E-02   3.6974109591E-02
     1     -3.4364528248E-01   1.7295093060E-01
     2      1.1656679237E-01  -7.7257546777E-02
     3     -7.7896570389E-03  -1.3321924652E-03
     4     -2.3493495431E-02  -1.7922084176E-02
     5      1.3773053560E-02   4.3627785627E-04
     6      5.0534219155E-04  -6.1185835014E-03
     7     -1.0655190761E-02  -1.6916876372E-02
     8      7.8135813922E-03   4.7856759500E-04
     9      6.8074506302E-02  -2.9524896085E-02
    10      3.7779396867E-01  -1.3813269869E-01
    11     -1.3813269869E-01   7.6342701325E-02

$vibrational_frequencies
12
    0        0.0000000000000000
    1        0.0000000000000000
    2        0.0000000000000000
    3        0.0000000000000000
    4        0.0000000000000000
    5        0.0000000000000000
    6     1096.8955673214318267
    7     1680.2595534121699075
    8     1680.5992420281340856
    9     3447.8997267190966340
   10     3572.9828578846659184
   11     3573.2594800438305356

$normal_modes
12 12
                    0                  1                  2                  3                  4        
    0      0.0000000000E+00   0.0000000000E+00   0.0000000000E+00   0.0000000000E+00   0.0000000000E+00
    1      0.0000000000E+00   0.0000000000E+00   0.0000000000E+00   0.0000000000E+00   0.0000000000E+00
    2      0.0000000000E+00   0.0000000000E+00   0.0000000000E+00   0.0000000000E+00   0.0000000000E+00
    3      0.0000000000E+00   0.0000000000E+00   0.0000000000E+00   0.0000000000E+00   0.0000000000E+00
    4      0.0000000000E+00   0.0000000000E+00   0.0000000000E+00   0.0000000000E+00   0.0000000000E+00
    5      0.0000000000E+00   0.0000000000E+00   0.0000000000E+00   0.0000000000E+00   0.0000000000E+00
    6      0.0000000000E+00   0.0000000000E+00   0.0000000000E+00   0.0000000000E+00   0.0000000000E+00
    7      0.0000000000E+00   0.0000000000E+00   0.0000000000E+00   0.0000000000E+00   0.0000000000E+00
    8      0.0000000000E+00   0.0000000000E+00   0.0000000000E+00   0.0000000000E+00   0.0000000000E+00
    9      0.0000000000E+00   0.0000000000E+00   0.0000000000E+00   0.0000000000E+00   0.0000000000E+00
   10      0.0000000000E+00   0.0000000000E+00   0.0000000000E+00   0.0000000000E+00   0.0000000000E+00
   11      0.0000000000E+00   0.0000000000E+00   0.0000000000E+00   0.0000000000E+00   0.0000000000E+00
                    5                  6                  7                  8                  9        
    0      0.0000000000E+00  -1.6478556888E-05   5.0153349178E-02   4.2638008852E-02  -1.1932399603E-04
    1      0.0000000000E+00   1.1694276369E-05   4.2626301111E-02  -5.0145545235E-02   1.6403259692E-04
    2      0.0000000000E+00  -1.1484341564E-01  -6.1806462551E-06  -3.8535301795E-05  -3.9189142116E-02
    3      0.0000000000E+00   1.5914597852E-01  -4.8849279964E-01   1.7538219900E-01  -4.0526200027E-01
    4      0.0000000000E+00  -1.4357618259E-01  -5.7031184979E-01  -2.3839620260E-02   3.6565023866E-01
    5      0.0000000000E+00   5.3190650723E-01   3.4547443402E-02   2.5970909451E-01   1.8075449136E-01
    6      0.0000000000E+00  -2.0391751027E-01   2.1872466742E-01  -1.6212015259E-01   5.2147970240E-01
    7      0.0000000000E+00  -6.6262786878E-02  -2.3283811287E-01   6.8330373977E-01   1.6882703680E-01
    8      0.0000000000E+00   5.3196769970E-01  -2.4199575958E-01  -9.9690576494E-02   1.8179835895E-01
    9      0.0000000000E+00   4.5000515028E-02  -4.2715444907E-01  -6.0575271109E-01  -1.1455959576E-01
   10      0.0000000000E+00   2.0967646776E-01   2.1082198680E-01   3.7350019495E-02  -5.3675664509E-01
   11      0.0000000000E+00   5.3197075618E-01   2.0753420140E-01  -1.5948303788E-01   1.8201293700E-01
                   10                 11        
     0     -2.1602756070E-02   7.5405264305E-02
     1      7.5418097266E-02   2.1607775753E-02
     2      9.0787630441E-05  -3.3759626250E-05
     3      4.8303644776E-01  -2.8157261852E-01
     4     -4.1833904921E-01   2.8225571255E-01
     5     -2.6515133083E-01   1.6531712255E-01
     6     -3.3242158924E-02  -7.1371866639E-01
     7      1.5137005754E-02  -2.3200688778E-01
     8     -1.1080403674E-02  -3.1170851898E-01
     9     -1.4960599094E-01  -5.2527700326E-02
    10     -6.4479526647E-01  -3.5050687534E-01
    11      2.7497016472E-01   1.4686051457E-01

#
# The atoms: label  mass x y z (in bohrs)
#
$atoms
4
 N     14.00700     -0.000008023027     0.000009173583    -0.134399870236
 H      1.00800     -1.308874634885     1.180878177764     0.622558407478
 H      1.00800      1.677086855740     0.543043986483     0.622633876525
 H      1.00800     -0.368100734211    -1.724049638834     0.622405912815

$actual_temperature
  0.000000

$frequency_scale_factor
  1.000000

$dipole_derivatives
12
   -3.6248539272E-01   -6.8390387513E-05   -5.6949878442E-04
   -3.9955604188E-04   -3.6193649548E-01    1.4668671279E-04
    1.5333618390E-04    2.2616255691E-06   -5.6591622722E-01
    1.1546584764E-01    5.2083353101E-02    7.5564390515E-02
    5.2008249247E-02    1.2605188472E-01   -6.8131210095E-02
    1.1920171979E-01   -1.0748236842E-01    1.8819139992E-01
    7.8323278564E-02   -3.0719363533E-02   -9.6702890978E-02
   -3.2587744087E-02    1.6323591709E-01   -3.1092634749E-02
   -1.5290361202E-01   -4.9652008680E-02    1.8846776747E-01
    1.6914165454E-01   -2.2919427849E-02    2.1397948761E-02
   -2.1094573689E-02    7.2668113651E-02    9.9552339036E-02
    3.3547887354E-02    1.5713260769E-01    1.8872945823E-01

#
# The IR spectrum
#  wavenumber eps Int TX TY TZ
#
$ir_spectrum
12
      0.00   0.00000000   0.00000000     0.000000     0.000000     0.000000
      0.00   0.00000000   0.00000000     0.000000     0.000000     0.000000
      0.00   0.00000000   0.00000000     0.000000     0.000000     0.000000
      0.00   0.00000000   0.00000000     0.000000     0.000000     0.000000
      0.00   0.00000000   0.00000000     0.000000     0.000000     0.000000
      0.00   0.00000000   0.00000000     0.000000     0.000000     0.000000
   1096.90   0.03040732 153.66614092     0.000040    -0.000033     0.093010
   1680.26   0.00363665  18.37812674    -0.019844    -0.016782    -0.000014
   1680.60   0.00376228  19.01302390    -0.017205     0.020064     0.000008
   3447.90   0.00033572   1.69659887    -0.000078     0.000030    -0.005512
   3572.98   0.00009726   0.49152217     0.000788    -0.002806     0.000029
   3573.26   0.00009859   0.49825008    -0.002826    -0.000789    -0.000029


$end

