*************************************************
******************* ORCA 6.0.0 ******************
*************************************************
$Calculation_Status
   &GeometryIndex 1
   &ListStatus       OUT
   &VERSION [&Type "String"] "6.0.0"
   &PROGNAME [&Type "String"] "LeanSCF"
   &STATUS [&Type "String"] "NORMAL TERMINATION"
$End
$Geometry
   &GeometryIndex 1
   &ListStatus       OUT
   &NATOMS [&Type "Integer"] 4
   &NCORELESSECP [&Type "Integer"] 0
   &NGHOSTATOMS [&Type "Integer"] 0
   &CartesianCoordinates [&Type "Coordinates", &Dim(4,4), &Units "Bohr"] 
              N     -0.000073574975   -0.000044006997   -0.160496173055
              H     -1.308940186833    1.180824997183    0.596462104659
              H      1.677021303791    0.542990805902    0.596537573706
              H     -0.368166286159   -1.724102819415    0.596309609996
$End
$SCF_Energy
   &GeometryIndex 1
   &ListStatus       OUT
   &SCF_ENERGY [&Type "Double"]      -5.6546308413335410e+01
$End
$DFT_Energy
   &GeometryIndex 1
   &ListStatus       OUT
   &NALPHAEL [&Type "Integer"] 5
   &NBETAEL [&Type "Integer"] 5
   &NTOTALEL [&Type "Integer"] 10
   &EEXCHANGE [&Type "Double"]      -7.6940020141594196e+00
   &ECORR [&Type "Double"]      -3.0206145107982274e-01
   &ECNL [&Type "Double"]       0.0000000000000000e+00
   &EXC [&Type "Double"]      -7.9960634652392422e+00
   &EEMBED [&Type "Double"]       0.0000000000000000e+00
   &FINALEN [&Type "Double"]      -5.6546308413335410e+01  "No Van der Waals correction"
$End
$Mulliken_Population_Analysis
   &GeometryIndex 1
   &ListStatus       OUT
   &NATOMS [&Type "Integer"] 4
   &ATNO [&Type "ArrayOfIntegers", &Dim (4,1)] 
                                                         0

0                                                        7
1                                                        1
2                                                        1
3                                                        1
   &ATOMICCHARGES [&Type "ArrayOfDoubles", &Dim (4,1)] 
                                                         0

0                                     -6.7028006244108962e-01
1                                      2.2342362943410565e-01
2                                      2.2342317782910293e-01
3                                      2.2343325517784307e-01
$End
$Loewdin_Population_Analysis
   &GeometryIndex 1
   &ListStatus       OUT
   &NATOMS [&Type "Integer"] 4
   &ATNO [&Type "ArrayOfIntegers", &Dim (4,1)] 
                                                         0

0                                                        7
1                                                        1
2                                                        1
3                                                        1
   &ATOMICCHARGES [&Type "ArrayOfDoubles", &Dim (4,1)] 
                                                         0

0                                     -3.9426790259959699e-01
1                                      1.3141954369236908e-01
2                                      1.3142438112374399e-01
3                                      1.3142397778343073e-01
$End
$Mayer_Population_Analysis
   &GeometryIndex 1
   &ListStatus       OUT
   &NATOMS [&Type "Integer"] 4 "Total number of atoms"
   &BONDTHRESH [&Type "Double"]       1.0000000000000001e-01  "The threshold for printing"
   &NBONDORDERSPRINT [&Type "Integer"] 3 "The number of bond orders larger than threshold"
   &BONDORDERS [&Type "ArrayOfDoubles", &Dim (3,1)] "The bond orders"
                                                         0

0                                      9.4800401921513922e-01
1                                      9.4800625666150551e-01
2                                      9.4800154898632771e-01
   &COMPONENTS [&Type "ArrayOfIntegers", &Dim (3,4)] "The indices and atomic numbers of the bonding atoms"
                                                         0                           1                           2                           3

0                                                        0                           7                           1                           1
1                                                        0                           7                           2                           1
2                                                        0                           7                           3                           1
   &ATNO [&Type "ArrayOfIntegers", &Dim (4,1)] "Atomic number of the elements"
                                                         0

0                                                        7
1                                                        1
2                                                        1
3                                                        1
   &NA [&Type "ArrayOfDoubles", &Dim (4,1)] "Mulliken gross atomic population"
                                                         0

0                                      7.6702800624410896e+00
1                                      7.7657637056589424e-01
2                                      7.7657682217089619e-01
3                                      7.7656674482215660e-01
   &ZA [&Type "ArrayOfDoubles", &Dim (4,1)] "Total nuclear charge"
                                                         0

0                                      7.0000000000000000e+00
1                                      1.0000000000000000e+00
2                                      1.0000000000000000e+00
3                                      1.0000000000000000e+00
   &QA [&Type "ArrayOfDoubles", &Dim (4,1)] "Mulliken gross atomic charge"
                                                         0

0                                     -6.7028006244108962e-01
1                                      2.2342362943410576e-01
2                                      2.2342317782910381e-01
3                                      2.2343325517784340e-01
   &VA [&Type "ArrayOfDoubles", &Dim (4,1)] "Mayer's total valence"
                                                         0

0                                      2.8440118248629229e+00
1                                      9.5298699095788741e-01
2                                      9.5298527688083556e-01
3                                      9.5298338945691174e-01
   &BVA [&Type "ArrayOfDoubles", &Dim (4,1)] "Mayer's bonded valence"
                                                         0

0                                      2.8440118248629727e+00
1                                      9.5298699095789696e-01
2                                      9.5298527688084655e-01
3                                      9.5298338945691652e-01
   &FA [&Type "ArrayOfDoubles", &Dim (4,1)] "Mayer's free valence"
                                                         0

0                                      0.0000000000000000e+00
1                                      0.0000000000000000e+00
2                                      0.0000000000000000e+00
3                                      0.0000000000000000e+00
$End
$VdW_Correction
   &GeometryIndex 1
   &ListStatus       OUT
   &VDW [&Type "Double"]      -1.7945093562739335e-04
$End
$Calculation_Info
   &GeometryIndex 1
   &ListStatus       OUT
   &MULT [&Type "Integer"] 1
   &CHARGE [&Type "Integer"] 0
   &NUMOFATOMS [&Type "Integer"] 4
   &NUMOFELECTRONS [&Type "Integer"] 10
   &NUMOFFCELECTRONS [&Type "Integer"] 1
   &NUMOFCORRELECTRONS [&Type "Integer"] 0
   &NUMOFBASISFUNCTS [&Type "Integer"] 49
   &NUMOFAUXCBASISFUNCTS [&Type "Integer"] 0
   &NUMOFAUXJBASISFUNCTS [&Type "Integer"] 63
   &NUMOFAUXJKBASISFUNCTS [&Type "Integer"] 0
   &NUMOFCABSBASISFUNCTS [&Type "Integer"] 0
   &TOTALENERGY [&Type "Double"]      -5.6542473326971034e+01  "Hartrees"
$End
$SCF_Dipole_Moment
   &GeometryIndex 1
   &ListStatus       OUT
   &METHOD [&Type "String"] "SCF"
   &LEVEL [&Type "String"] "Relaxed density"
   &MULT [&Type "Integer"] 1
   &STATE [&Type "Integer"] -1
   &IRREP [&Type "Integer"] 0
   &NATOMS [&Type "Integer"] 4
   &DODIPOLEATOM [&Type "Boolean"] false
   &DIPOLEELECCONTRIB [&Type "ArrayOfDoubles", &Dim (3,1)] "Electronic contribution"
                                                         0

0                                     -4.0157649657770751e-05
1                                      1.9965666006916544e-05
2                                     -2.2849718853714759e-01
   &DIPOLENUCCONTRIB [&Type "ArrayOfDoubles", &Dim (3,1)] "Nuclear contribution"
                                                         0

0                                      5.5325456131349871e-05
1                                     -6.3259502741219720e-05
2                                      9.2679910516758679e-01
   &DIPOLETOTAL [&Type "ArrayOfDoubles", &Dim (3,1)] "Total"
                                                         0

0                                      1.5167806473579120e-05
1                                     -4.3293836734303176e-05
2                                      6.9830191663043917e-01
   &DIPOLEMAGNITUDE [&Type "Double", &Units "a.u."]       6.9830191813725062e-01
$End
$THERMOCHEMISTRY_Energies
   &GeometryIndex 1
   &ListStatus       OUT
   &TEMPERATURE [&Type "Double"]       2.9814999999999998e+02
   &PRESSURE [&Type "Double"]       1.0000000000000000e+00
   &TOTALMASS [&Type "Double"]       1.7030999999999999e+01
   &SPINDEGENERACY [&Type "Integer"] 1
   &ELENERGY [&Type "Double"]      -5.6542473326971034e+01
   &TRANSENERGY [&Type "Double"]       1.4162714244859817e-03
   &ROTENERGY [&Type "Double"]       1.4162714244859817e-03
   &VIBENERGY [&Type "Double"]       2.9855743936860971e-05
   &NUMOFFREQS [&Type "Integer"] 12
   &FREQSCALINGFACTOR [&Type "Double"]       1.0000000000000000e+00
   &FREQ [&Type "ArrayOfDoubles", &Dim (12,1)] "In cm^-1"
                                                         0

0                                      0.0000000000000000e+00
1                                      0.0000000000000000e+00
2                                      0.0000000000000000e+00
3                                      0.0000000000000000e+00
4                                      0.0000000000000000e+00
5                                      0.0000000000000000e+00
6                                      1.0968955673214318e+03
7                                      1.6802595534121699e+03
8                                      1.6805992420281341e+03
9                                      3.4478997267190966e+03
10                                     3.5729828578846659e+03
11                                     3.5732594800438305e+03
   &ZPE [&Type "Double"]       3.4290743204074429e-02
   &INNERENERGYU [&Type "Double"]      -5.6505320185174043e+01
   &ENTHALPYH [&Type "Double"]      -5.6504375976131783e+01
   &QEL [&Type "Double"]       0.0000000000000000e+00
   &QROT [&Type "Double"]       6.4761152172204987e-03
   &QVIB [&Type "Double"]       3.5193663046814054e-05
   &QTRANS [&Type "Double"]       1.6364250539629886e-02
   &ENTROPYS [&Type "Double"]       2.2875559419897201e-02
   &FREEENERGYG [&Type "Double"]      -5.6527251535551677e+01
   &ISLINEAR [&Type "Boolean"] false
$End
$Hessian
   &GeometryIndex 1
   &ListStatus       OUT
   &HESSIAN [&Type "ArrayOfDoubles", &Dim (12,12)] "The Hessian"
                                                         0                           1                           2                           3                           4                           5                           6                           7

0                                      6.2410069589034922e-01         4.6793432165972981e-05        -3.3408357583142312e-05        -2.2326049372010687e-01         1.4788289220850906e-01         1.3129543132164956e-01        -3.2848064880210709e-01        -8.7114565881068945e-02
1                                      4.6793432165972981e-05         6.2410512517990235e-01         2.0250365649697455e-05         1.4784832328006287e-01        -1.9280666296144941e-01        -1.1848177350081582e-01        -8.7198660593695507e-02        -8.7653179740929968e-02
2                                     -3.3408357583142312e-05         2.0250365649697455e-05         2.3177459574634846e-01         8.8514386192263123e-02        -7.9899604121000584e-02        -7.7246837532295151e-02        -1.1340508296237904e-01        -3.6690335169120118e-02
3                                     -2.2326049372010687e-01         1.4784832328006287e-01         8.8514386192263123e-02         2.4285740016295654e-01        -1.6582977786442385e-01        -1.0485240092534315e-01        -2.5317284766824908e-02         2.5765639590014818e-02
4                                      1.4788289220850906e-01        -1.9280666296144941e-01        -7.9899604121000584e-02        -1.6582977786442385e-01         2.0872046903077957e-01         9.4625450270128336e-02        -1.1013214136886038e-02         7.5796893616733091e-03
5                                      1.3129543132164956e-01        -1.1848177350081582e-01        -7.7246837532295151e-02        -1.0485240092534315e-01         9.4625450270128336e-02         7.6359923902646329e-02        -1.4885205534402150e-02         1.0111890350754105e-02
6                                     -3.2848064880210709e-01        -8.7198660593695507e-02        -1.1340508296237904e-01        -2.5317284766824908e-02        -1.1013214136886038e-02        -1.4885205534402150e-02         3.6078344460479089e-01         9.7687076267317596e-02
7                                     -8.7114565881068945e-02        -8.7653179740929968e-02        -3.6690335169120118e-02         2.5765639590014818e-02         7.5796893616733091e-03         1.0111890350754105e-02         9.7687076267317596e-02         9.0728681139925146e-02
8                                     -1.6823248199059032e-01        -5.4486510915490706e-02        -7.7270211437345013e-02         1.7693575629383122e-02         3.1676173468379483e-03         4.5063577337497648e-04         1.3438029054212292e-01         4.3500316683573653e-02
9                                     -7.2359553368135210e-02        -6.0727941596072810e-02         2.4920454563462119e-02         5.7203783239752207e-03         2.8965571825997020e-02        -1.1581193293029295e-02        -6.9855110358588634e-03        -3.6318693704554511e-02
10                                    -6.0783634282066609e-02        -3.4364528247752296e-01         1.1656679237119265e-01        -7.7896570388500327e-03        -2.3493495431003455e-02         1.3773053559855829e-02         5.0534219155497911e-04        -1.0655190760668483e-02
11                                     3.6974109590760848e-02         1.7295093060393518e-01        -7.7257546776708291e-02        -1.3321924651780656e-03        -1.7922084175888146e-02         4.3627785627383710e-04        -6.1185835014212243e-03        -1.6916876372343084e-02
                                                         8                           9                          10                          11

0                                     -1.6823248199059032e-01        -7.2359553368135210e-02        -6.0783634282066609e-02         3.6974109590760848e-02
1                                     -5.4486510915490706e-02        -6.0727941596072810e-02        -3.4364528247752296e-01         1.7295093060393518e-01
2                                     -7.7270211437345013e-02         2.4920454563462119e-02         1.1656679237119265e-01        -7.7257546776708291e-02
3                                      1.7693575629383122e-02         5.7203783239752207e-03        -7.7896570388500327e-03        -1.3321924651780656e-03
4                                      3.1676173468379483e-03         2.8965571825997020e-02        -2.3493495431003455e-02        -1.7922084175888146e-02
5                                      4.5063577337497648e-04        -1.1581193293029295e-02         1.3773053559855829e-02         4.3627785627383710e-04
6                                      1.3438029054212292e-01        -6.9855110358588634e-03         5.0534219155497911e-04        -6.1185835014212243e-03
7                                      4.3500316683573653e-02        -3.6318693704554511e-02        -1.0655190760668483e-02        -1.6916876372343084e-02
8                                      7.6341008068965543e-02         1.6187197275163757e-02         7.8135813922145352e-03         4.7856759500449104e-04
9                                      1.6187197275163757e-02         7.3624686080018847e-02         6.8074506301995977e-02        -2.9524896084879071e-02
10                                     7.8135813922145352e-03         6.8074506301995977e-02         3.7779396866919490e-01        -1.3813269868948347e-01
11                                     4.7856759500449104e-04        -2.9524896084879071e-02        -1.3813269868948347e-01         7.6342701325429960e-02
   &MODES [&Type "ArrayOfDoubles", &Dim (12,12)] "The modes of vibrations"
                                                         0                           1                           2                           3                           4                           5                           6                           7

0                                      0.0000000000000000e+00         0.0000000000000000e+00         0.0000000000000000e+00         0.0000000000000000e+00         0.0000000000000000e+00         0.0000000000000000e+00        -1.5173316698435789e-05         4.8614360087587571e-02
1                                      0.0000000000000000e+00         0.0000000000000000e+00         0.0000000000000000e+00         0.0000000000000000e+00         0.0000000000000000e+00         0.0000000000000000e+00         1.0767991403153998e-05         4.1318284528540208e-02
2                                      0.0000000000000000e+00         0.0000000000000000e+00         0.0000000000000000e+00         0.0000000000000000e+00         0.0000000000000000e+00         0.0000000000000000e+00        -1.0574685198381235e-01        -5.9909889875993121e-06
3                                      0.0000000000000000e+00         0.0000000000000000e+00         0.0000000000000000e+00         0.0000000000000000e+00         0.0000000000000000e+00         0.0000000000000000e+00         1.4654027957524304e-01        -4.7350307110041168e-01
4                                      0.0000000000000000e+00         0.0000000000000000e+00         0.0000000000000000e+00         0.0000000000000000e+00         0.0000000000000000e+00         0.0000000000000000e+00        -1.3220374233210933e-01        -5.5281144892741774e-01
5                                      0.0000000000000000e+00         0.0000000000000000e+00         0.0000000000000000e+00         0.0000000000000000e+00         0.0000000000000000e+00         0.0000000000000000e+00         4.8977504176059222e-01         3.3487331976069921e-02
6                                      0.0000000000000000e+00         0.0000000000000000e+00         0.0000000000000000e+00         0.0000000000000000e+00         0.0000000000000000e+00         0.0000000000000000e+00        -1.8776552975303851e-01         2.1201295458834507e-01
7                                      0.0000000000000000e+00         0.0000000000000000e+00         0.0000000000000000e+00         0.0000000000000000e+00         0.0000000000000000e+00         0.0000000000000000e+00        -6.1014217290575913e-02        -2.2569331951998603e-01
8                                      0.0000000000000000e+00         0.0000000000000000e+00         0.0000000000000000e+00         0.0000000000000000e+00         0.0000000000000000e+00         0.0000000000000000e+00         4.8983138727835140e-01        -2.3456995770695496e-01
9                                      0.0000000000000000e+00         0.0000000000000000e+00         0.0000000000000000e+00         0.0000000000000000e+00         0.0000000000000000e+00         0.0000000000000000e+00         4.1436096057750754e-02        -4.1404692887170264e-01
10                                     0.0000000000000000e+00         0.0000000000000000e+00         0.0000000000000000e+00         0.0000000000000000e+00         0.0000000000000000e+00         0.0000000000000000e+00         1.9306832940881219e-01         2.0435277301956351e-01
11                                     0.0000000000000000e+00         0.0000000000000000e+00         0.0000000000000000e+00         0.0000000000000000e+00         0.0000000000000000e+00         0.0000000000000000e+00         4.8983420165278280e-01         2.0116587551535847e-01
                                                         8                           9                          10                          11

0                                      4.1329578248614093e-02        -1.1768978851646792e-04        -2.0710665146571799e-02         7.2292131336713750e-02
1                                     -4.8606731210259782e-02         1.6178608062697913e-04         7.2303689092961115e-02         2.0715691100179366e-02
2                                     -3.7352770773047293e-05        -3.8652425340735166e-02         8.7038533758281052e-05        -3.2365848156819083e-05
3                                      1.7000025357848120e-01        -3.9971171511494097e-01         4.6308934334862656e-01        -2.6994779352210946e-01
4                                     -2.3108054936515878e-02         3.6064245828505398e-01        -4.0106363918286342e-01         2.7060268576769653e-01
5                                      2.5173941354808477e-01         1.7827895955253129e-01        -2.5420184387518185e-01         1.5849194675873657e-01
6                                     -1.5714517896863917e-01         5.1433775212907629e-01        -3.1869416104666037e-02        -6.8425253917744311e-01
7                                      6.6233522953615465e-01         1.6651485802471042e-01         1.4511919519706718e-02        -2.2242840147917139e-01
8                                     -9.6631376387785309e-02         1.7930853081249179e-01        -1.0622835781833095e-02        -2.9883952268483988e-01
9                                     -5.8716400568954230e-01        -1.1299063932787526e-01        -1.4342797614472325e-01        -5.0359075666865830e-02
10                                     3.6203861176262890e-02        -5.2940546872181005e-01        -6.1816829335778234e-01        -3.3603607520143436e-01
11                                    -1.5458898928309886e-01         1.7952017009894289e-01         2.6361520669833216e-01         1.4079732635778244e-01
$End
