
$orca_hessian_file

$act_atom
  0

$act_coord
  0

$act_energy
        0.000000

$multiplicity
  1

$hessian
12
                    0                  1                  2                  3                  4        
    0      6.3295714437E-01  -9.8919448938E-05   7.6755253517E-06  -3.4994388112E-01   5.9680134347E-02
    1     -9.8919448938E-05   6.3306320874E-01  -4.6451240197E-05   5.9731253675E-02  -7.1934113483E-02
    2      7.6755253517E-06  -4.6451240197E-05   2.2366140935E-01  -1.1643948240E-01   2.3954214549E-02
    3     -3.4994388112E-01   5.9731253675E-02  -1.1643948240E-01   3.8348138014E-01  -6.6694431615E-02
    4      5.9680134347E-02  -7.1934113483E-02   2.3954214549E-02  -6.6694431615E-02   7.2678613604E-02
    5     -1.7245440304E-01   3.5468830045E-02  -7.4577097963E-02   1.3777722975E-01  -2.8337933133E-02
    6     -8.9863787227E-02   9.0624973360E-02   3.7458461813E-02  -1.0624480503E-02   3.6151930203E-02
    7      9.0700413828E-02  -3.3228240948E-01  -1.1277915869E-01  -7.5084469535E-04  -6.4413947463E-03
    8      5.5529473472E-02  -1.6701951103E-01  -7.4538850664E-02  -7.8122978529E-03   1.6065418961E-02
    9     -1.9314947602E-01  -1.5029165169E-01   7.8976913382E-02  -2.2913018513E-02  -2.9129525355E-02
   10     -1.5024728462E-01  -2.2884668577E-01   8.8867025876E-02   7.7059150559E-03   5.6968946260E-03
   11      1.1691368573E-01   1.3160150173E-01  -7.4545460721E-02  -1.3544972364E-02  -1.1679712531E-02
                    5                  6                  7                  8                  9        
    0     -1.7245440304E-01  -8.9863787227E-02   9.0700413828E-02   5.5529473472E-02  -1.9314947602E-01
    1      3.5468830045E-02   9.0624973360E-02  -3.3228240948E-01  -1.6701951103E-01  -1.5029165169E-01
    2     -7.4577097963E-02   3.7458461813E-02  -1.1277915869E-01  -7.4538850664E-02   7.8976913382E-02
    3      1.3777722975E-01  -1.0624480503E-02  -7.5084469535E-04  -7.8122978529E-03  -2.2913018513E-02
    4     -2.8337933133E-02   3.6151930203E-02  -6.4413947463E-03   1.6065418961E-02  -2.9129525355E-02
    5      7.4001831508E-02   1.6883726602E-02  -5.8682273558E-03   3.0510891472E-04   1.7812969562E-02
    6      1.6883726602E-02   9.2669611606E-02  -1.0131388353E-01  -4.4344090915E-02   7.8186561233E-03
    7     -5.8682273558E-03  -1.0131388353E-01   3.6370365595E-01   1.3343967761E-01   1.1384476022E-02
    8      3.0510891472E-04  -4.4344090915E-02   1.3343967761E-01   7.3954571051E-02  -3.3679677332E-03
    9      1.7812969562E-02   7.8186561233E-03   1.1384476022E-02  -3.3679677332E-03   2.0824383841E-01
   10     -1.2646574018E-03  -2.5483181662E-02  -2.4979851716E-02   1.7542897568E-02   1.6803062613E-01
   11      2.7015753986E-04  -1.0003214469E-02  -1.4820774671E-02   2.7917069825E-04  -9.3393707052E-02
                   10                 11        
     0     -1.5024728462E-01   1.1691368573E-01
     1     -2.2884668577E-01   1.3160150173E-01
     2      8.8867025876E-02  -7.4545460721E-02
     3      7.7059150559E-03  -1.3544972364E-02
     4      5.6968946260E-03  -1.1679712531E-02
     5     -1.2646574018E-03   2.7015753986E-04
     6     -2.5483181662E-02  -1.0003214469E-02
     7     -2.4979851716E-02  -1.4820774671E-02
     8      1.7542897568E-02   2.7917069825E-04
     9      1.6803062613E-01  -9.3393707052E-02
    10      2.4812964286E-01  -1.0512314029E-01
    11     -1.0512314029E-01   7.3996132483E-02

$vibrational_frequencies
12
    0        0.0000000000000000
    1        0.0000000000000000
    2        0.0000000000000000
    3        0.0000000000000000
    4        0.0000000000000000
    5        0.0000000000000000
    6     1070.5436477438017846
    7     1677.7449612535092456
    8     1678.0179150536503130
    9     3459.6481989366952803
   10     3588.5327054573599526
   11     3589.0440558861832869

$normal_modes
12 12
                    0                  1                  2                  3                  4        
    0      0.0000000000E+00   0.0000000000E+00   0.0000000000E+00   0.0000000000E+00   0.0000000000E+00
    1      0.0000000000E+00   0.0000000000E+00   0.0000000000E+00   0.0000000000E+00   0.0000000000E+00
    2      0.0000000000E+00   0.0000000000E+00   0.0000000000E+00   0.0000000000E+00   0.0000000000E+00
    3      0.0000000000E+00   0.0000000000E+00   0.0000000000E+00   0.0000000000E+00   0.0000000000E+00
    4      0.0000000000E+00   0.0000000000E+00   0.0000000000E+00   0.0000000000E+00   0.0000000000E+00
    5      0.0000000000E+00   0.0000000000E+00   0.0000000000E+00   0.0000000000E+00   0.0000000000E+00
    6      0.0000000000E+00   0.0000000000E+00   0.0000000000E+00   0.0000000000E+00   0.0000000000E+00
    7      0.0000000000E+00   0.0000000000E+00   0.0000000000E+00   0.0000000000E+00   0.0000000000E+00
    8      0.0000000000E+00   0.0000000000E+00   0.0000000000E+00   0.0000000000E+00   0.0000000000E+00
    9      0.0000000000E+00   0.0000000000E+00   0.0000000000E+00   0.0000000000E+00   0.0000000000E+00
   10      0.0000000000E+00   0.0000000000E+00   0.0000000000E+00   0.0000000000E+00   0.0000000000E+00
   11      0.0000000000E+00   0.0000000000E+00   0.0000000000E+00   0.0000000000E+00   0.0000000000E+00
                    5                  6                  7                  8                  9        
    0      0.0000000000E+00   2.3310981723E-06  -4.4813337148E-02  -4.8879137277E-02   1.8955367561E-04
    1      0.0000000000E+00   2.0284907961E-05   4.8883030761E-02  -4.4826425651E-02   6.7531677076E-05
    2      0.0000000000E+00   1.1516256715E-01  -1.0838842951E-05   3.5513437270E-05   3.8472229301E-02
    3      0.0000000000E+00   2.0637720648E-01  -2.0453314973E-01   4.0676574073E-02  -5.3907510281E-01
    4      0.0000000000E+00  -4.2623074529E-02  -4.1207835076E-01   6.1969713425E-01   1.1067963800E-01
    5      0.0000000000E+00  -5.3341093410E-01   2.0887716402E-01   1.5083691378E-01  -1.7888678396E-01
    6      0.0000000000E+00  -6.6616002622E-02   2.5284145910E-01   6.7611598395E-01   1.7308467474E-01
    7      0.0000000000E+00   1.9980585575E-01   2.2329747122E-01   1.6241673534E-01  -5.2066622976E-01
    8      0.0000000000E+00  -5.3350571309E-01  -2.3518556798E-01   1.0523145787E-01  -1.7819533772E-01
    9      0.0000000000E+00  -1.3979359641E-01   5.7441035475E-01  -3.7576212937E-02   3.6335642179E-01
   10      0.0000000000E+00  -1.5746465692E-01  -4.9048956875E-01  -1.5921332982E-01   4.0904818283E-01
   11      0.0000000000E+00  -5.3336319219E-01   2.6459018716E-02  -2.5656186046E-01  -1.7752156464E-01
                   10                 11        
     0     -7.6435246021E-02  -1.9117758401E-02
     1     -1.9109662943E-02   7.6427046009E-02
     2      9.0656552156E-05  -1.2974287309E-05
     3      6.6205236613E-01   3.2408241223E-01
     4     -1.4666963015E-01  -4.4506526126E-02
     5      2.7563235827E-01   1.3260785542E-01
     6     -4.1386404438E-03   2.3884619201E-01
     7     -6.3097354752E-02  -7.1259470791E-01
     8     -2.3668487291E-02  -3.0521886702E-01
     9      4.0421771381E-01  -2.9727141979E-01
    10      4.7531167621E-01  -3.0491625947E-01
    11     -2.5322361931E-01   1.7279130013E-01

#
# The atoms: label  mass x y z (in bohrs)
#
$atoms
4
 N     14.00700      0.000000737264     0.000000656434     0.131618099379
 H      1.00800     -1.730779387304     0.355582919707    -0.609703724477
 H      1.00800      0.557448796200    -1.676708765823    -0.609576652489
 H      1.00800      1.173320346200     1.321116724425    -0.609662795655

$actual_temperature
  0.000000

$frequency_scale_factor
  1.000000

$dipole_derivatives
12
   -3.6537133935E-01    4.2988481324E-04   -9.7767168321E-05
    5.5716629698E-05   -3.6601738465E-01   -6.0857769156E-04
   -2.1535759803E-06    1.2260798997E-04   -5.8170914135E-01
    7.4707820930E-02    1.9800138712E-02   -9.8390435309E-02
    2.1612617359E-02    1.6946133911E-01    2.0377822919E-02
   -1.5440136528E-01    3.1681614203E-02    1.9400415141E-01
    1.6281953561E-01    3.2485583434E-02    3.1379255375E-02
    3.0633219695E-02    8.1051656841E-02   -9.5128943401E-02
    4.9858836376E-02   -1.4958410944E-01    1.9376383597E-01
    1.2782666915E-01   -5.0628585698E-02    6.6608821429E-02
   -5.0731708115E-02    1.1597222559E-01    7.5056160217E-02
    1.0454368089E-01    1.1777956592E-01    1.9342945267E-01

#
# The IR spectrum
#  wavenumber eps Int TX TY TZ
#
$ir_spectrum
12
      0.00   0.00000000   0.00000000     0.000000     0.000000     0.000000
      0.00   0.00000000   0.00000000     0.000000     0.000000     0.000000
      0.00   0.00000000   0.00000000     0.000000     0.000000     0.000000
      0.00   0.00000000   0.00000000     0.000000     0.000000     0.000000
      0.00   0.00000000   0.00000000     0.000000     0.000000     0.000000
      0.00   0.00000000   0.00000000     0.000000     0.000000     0.000000
   1070.54   0.03169972 160.19741723    -0.000024    -0.000043    -0.096127
   1677.74   0.00376977  19.05085041     0.017857    -0.019552    -0.000015
   1678.02   0.00389928  19.70535213     0.019776     0.018277    -0.000004
   3459.65   0.00028881   1.45950886     0.000020     0.000079     0.005103
   3588.53   0.00015744   0.79561214     0.003594     0.000878     0.000027
   3589.04   0.00016021   0.80962808     0.000886    -0.003625    -0.000028


$end

