*************************************************
******************* ORCA 6.0.0 ******************
*************************************************
$Calculation_Status
   &GeometryIndex 1
   &ListStatus       OUT
   &VERSION [&Type "String"] "6.0.0"
   &PROGNAME [&Type "String"] "LeanSCF"
   &STATUS [&Type "String"] "NORMAL TERMINATION"
$End
$Geometry
   &GeometryIndex 1
   &ListStatus       OUT
   &NATOMS [&Type "Integer"] 4
   &NCORELESSECP [&Type "Integer"] 0
   &NGHOSTATOMS [&Type "Integer"] 0
   &CartesianCoordinates [&Type "Coordinates", &Dim(4,4), &Units "Bohr"] 
              N      0.000033092884   -0.000038541153    0.159120103397
              H     -1.730747031684    0.355543722120   -0.582201720459
              H      0.557481151820   -1.676747963410   -0.582074648471
              H      1.173352701819    1.321077526838   -0.582160791637
$End
$SCF_Energy
   &GeometryIndex 1
   &ListStatus       OUT
   &SCF_ENERGY [&Type "Double"]      -5.6546349206990335e+01
$End
$DFT_Energy
   &GeometryIndex 1
   &ListStatus       OUT
   &NALPHAEL [&Type "Integer"] 5
   &NBETAEL [&Type "Integer"] 5
   &NTOTALEL [&Type "Integer"] 10
   &EEXCHANGE [&Type "Double"]      -7.6952719624449850e+00
   &ECORR [&Type "Double"]      -3.0210064799245312e-01
   &ECNL [&Type "Double"]       0.0000000000000000e+00
   &EXC [&Type "Double"]      -7.9973726104374379e+00
   &EEMBED [&Type "Double"]       0.0000000000000000e+00
   &FINALEN [&Type "Double"]      -5.6546349206990335e+01  "No Van der Waals correction"
$End
$Mulliken_Population_Analysis
   &GeometryIndex 1
   &ListStatus       OUT
   &NATOMS [&Type "Integer"] 4
   &ATNO [&Type "ArrayOfIntegers", &Dim (4,1)] 
                                                         0

0                                                        7
1                                                        1
2                                                        1
3                                                        1
   &ATOMICCHARGES [&Type "ArrayOfDoubles", &Dim (4,1)] 
                                                         0

0                                     -6.7280214456220833e-01
1                                      2.2427053631183114e-01
2                                      2.2427115047276625e-01
3                                      2.2426045777760240e-01
$End
$Loewdin_Population_Analysis
   &GeometryIndex 1
   &ListStatus       OUT
   &NATOMS [&Type "Integer"] 4
   &ATNO [&Type "ArrayOfIntegers", &Dim (4,1)] 
                                                         0

0                                                        7
1                                                        1
2                                                        1
3                                                        1
   &ATOMICCHARGES [&Type "ArrayOfDoubles", &Dim (4,1)] 
                                                         0

0                                     -3.9313466542919340e-01
1                                      1.3104875444052044e-01
2                                      1.3104248316335254e-01
3                                      1.3104342782532363e-01
$End
$Mayer_Population_Analysis
   &GeometryIndex 1
   &ListStatus       OUT
   &NATOMS [&Type "Integer"] 4 "Total number of atoms"
   &BONDTHRESH [&Type "Double"]       1.0000000000000001e-01  "The threshold for printing"
   &NBONDORDERSPRINT [&Type "Integer"] 3 "The number of bond orders larger than threshold"
   &BONDORDERS [&Type "ArrayOfDoubles", &Dim (3,1)] "The bond orders"
                                                         0

0                                      9.4769738793556113e-01
1                                      9.4769589052281011e-01
2                                      9.4770065864890052e-01
   &COMPONENTS [&Type "ArrayOfIntegers", &Dim (3,4)] "The indices and atomic numbers of the bonding atoms"
                                                         0                           1                           2                           3

0                                                        0                           7                           1                           1
1                                                        0                           7                           2                           1
2                                                        0                           7                           3                           1
   &ATNO [&Type "ArrayOfIntegers", &Dim (4,1)] "Atomic number of the elements"
                                                         0

0                                                        7
1                                                        1
2                                                        1
3                                                        1
   &NA [&Type "ArrayOfDoubles", &Dim (4,1)] "Mulliken gross atomic population"
                                                         0

0                                      7.6728021445622163e+00
1                                      7.7572946368816842e-01
2                                      7.7572884952723364e-01
3                                      7.7573954222239783e-01
   &ZA [&Type "ArrayOfDoubles", &Dim (4,1)] "Total nuclear charge"
                                                         0

0                                      7.0000000000000000e+00
1                                      1.0000000000000000e+00
2                                      1.0000000000000000e+00
3                                      1.0000000000000000e+00
   &QA [&Type "ArrayOfDoubles", &Dim (4,1)] "Mulliken gross atomic charge"
                                                         0

0                                     -6.7280214456221632e-01
1                                      2.2427053631183158e-01
2                                      2.2427115047276636e-01
3                                      2.2426045777760217e-01
   &VA [&Type "ArrayOfDoubles", &Dim (4,1)] "Mayer's total valence"
                                                         0

0                                      2.8430939371072763e+00
1                                      9.5292123567926390e-01
2                                      9.5292130841512335e-01
3                                      9.5292490633526949e-01
   &BVA [&Type "ArrayOfDoubles", &Dim (4,1)] "Mayer's bonded valence"
                                                         0

0                                      2.8430939371072719e+00
1                                      9.5292123567926845e-01
2                                      9.5292130841512979e-01
3                                      9.5292490633526672e-01
   &FA [&Type "ArrayOfDoubles", &Dim (4,1)] "Mayer's free valence"
                                                         0

0                                      0.0000000000000000e+00
1                                      0.0000000000000000e+00
2                                      0.0000000000000000e+00
3                                      0.0000000000000000e+00
$End
$VdW_Correction
   &GeometryIndex 1
   &ListStatus       OUT
   &VDW [&Type "Double"]      -1.7932739277489560e-04
$End
$Calculation_Info
   &GeometryIndex 1
   &ListStatus       OUT
   &MULT [&Type "Integer"] 1
   &CHARGE [&Type "Integer"] 0
   &NUMOFATOMS [&Type "Integer"] 4
   &NUMOFELECTRONS [&Type "Integer"] 10
   &NUMOFFCELECTRONS [&Type "Integer"] 1
   &NUMOFCORRELECTRONS [&Type "Integer"] 0
   &NUMOFBASISFUNCTS [&Type "Integer"] 49
   &NUMOFAUXCBASISFUNCTS [&Type "Integer"] 0
   &NUMOFAUXJBASISFUNCTS [&Type "Integer"] 63
   &NUMOFAUXJKBASISFUNCTS [&Type "Integer"] 0
   &NUMOFCABSBASISFUNCTS [&Type "Integer"] 0
   &TOTALENERGY [&Type "Double"]      -5.6542530353983103e+01  "Hartrees"
$End
$SCF_Dipole_Moment
   &GeometryIndex 1
   &ListStatus       OUT
   &METHOD [&Type "String"] "SCF"
   &LEVEL [&Type "String"] "Relaxed density"
   &MULT [&Type "Integer"] 1
   &STATE [&Type "Integer"] -1
   &IRREP [&Type "Integer"] 0
   &NATOMS [&Type "Integer"] 4
   &DODIPOLEATOM [&Type "Boolean"] false
   &DIPOLEELECCONTRIB [&Type "ArrayOfDoubles", &Dim (3,1)] "Electronic contribution"
                                                         0

0                                      1.6343655667861627e-05
1                                     -1.4622846862735262e-05
2                                      2.1954741369811515e-01
   &DIPOLENUCCONTRIB [&Type "ArrayOfDoubles", &Dim (3,1)] "Nuclear contribution"
                                                         0

0                                     -5.0840525567252826e-06
1                                     -4.5266562918033770e-06
2                                     -9.0761647696759740e-01
   &DIPOLETOTAL [&Type "ArrayOfDoubles", &Dim (3,1)] "Total"
                                                         0

0                                      1.1259603111136345e-05
1                                     -1.9149503154538639e-05
2                                     -6.8806906326948225e-01
   &DIPOLEMAGNITUDE [&Type "Double", &Units "a.u."]       6.8806906362808151e-01
$End
$THERMOCHEMISTRY_Energies
   &GeometryIndex 1
   &ListStatus       OUT
   &TEMPERATURE [&Type "Double"]       2.9814999999999998e+02
   &PRESSURE [&Type "Double"]       1.0000000000000000e+00
   &TOTALMASS [&Type "Double"]       1.7030999999999999e+01
   &SPINDEGENERACY [&Type "Integer"] 1
   &ELENERGY [&Type "Double"]      -5.6542530353983103e+01
   &TRANSENERGY [&Type "Double"]       1.4162714244859817e-03
   &ROTENERGY [&Type "Double"]       1.4162714244859817e-03
   &VIBENERGY [&Type "Double"]       3.2659385396543909e-05
   &NUMOFFREQS [&Type "Integer"] 12
   &FREQSCALINGFACTOR [&Type "Double"]       1.0000000000000000e+00
   &FREQ [&Type "ArrayOfDoubles", &Dim (12,1)] "In cm^-1"
                                                         0

0                                      0.0000000000000000e+00
1                                      0.0000000000000000e+00
2                                      0.0000000000000000e+00
3                                      0.0000000000000000e+00
4                                      0.0000000000000000e+00
5                                      0.0000000000000000e+00
6                                      1.0705436477438018e+03
7                                      1.6777449612535092e+03
8                                      1.6780179150536503e+03
9                                      3.4596481989366953e+03
10                                     3.5885327054573600e+03
11                                     3.5890440558861833e+03
   &ZPE [&Type "Double"]       3.4317249814121660e-02
   &INNERENERGYU [&Type "Double"]      -5.6505347901934606e+01
   &ENTHALPYH [&Type "Double"]      -5.6504403692892346e+01
   &QEL [&Type "Double"]       0.0000000000000000e+00
   &QROT [&Type "Double"]       5.4353456816131325e-03
   &QVIB [&Type "Double"]       3.8653197462544807e-05
   &QTRANS [&Type "Double"]       1.6364250539629886e-02
   &ENTROPYS [&Type "Double"]       2.1838249418705564e-02
   &FREEENERGYG [&Type "Double"]      -5.6526241942311053e+01
   &ISLINEAR [&Type "Boolean"] false
$End
$Hessian
   &GeometryIndex 1
   &ListStatus       OUT
   &HESSIAN [&Type "ArrayOfDoubles", &Dim (12,12)] "The Hessian"
                                                         0                           1                           2                           3                           4                           5                           6                           7

0                                      6.3295714437125628e-01        -9.8919448937570542e-05         7.6755253516982980e-06        -3.4994388112132491e-01         5.9680134346863131e-02        -1.7245440304002807e-01        -8.9863787226517750e-02         9.0700413828054285e-02
1                                     -9.8919448937570542e-05         6.3306320874156996e-01        -4.6451240196712651e-05         5.9731253675289940e-02        -7.1934113483342721e-02         3.5468830044950682e-02         9.0624973360257349e-02        -3.3228240948334686e-01
2                                      7.6755253516982980e-06        -4.6451240196712651e-05         2.2366140934784340e-01        -1.1643948240465779e-01         2.3954214548788152e-02        -7.4577097962539696e-02         3.7458461812624473e-02        -1.1277915869305588e-01
3                                     -3.4994388112132491e-01         5.9731253675289940e-02        -1.1643948240465779e-01         3.8348138013729155e-01        -6.6694431615476224e-02         1.3777722974927578e-01        -1.0624480502914873e-02        -7.5084469535428855e-04
4                                      5.9680134346863131e-02        -7.1934113483342721e-02         2.3954214548788152e-02        -6.6694431615476224e-02         7.2678613603597869e-02        -2.8337933133080785e-02         3.6151930202926300e-02        -6.4413947463013866e-03
5                                     -1.7245440304002807e-01         3.5468830044950682e-02        -7.4577097962539696e-02         1.3777722974927578e-01        -2.8337933133080785e-02         7.4001831507962301e-02         1.6883726601717972e-02        -5.8682273557965799e-03
6                                     -8.9863787226517750e-02         9.0624973360257349e-02         3.7458461812624473e-02        -1.0624480502914873e-02         3.6151930202926300e-02         1.6883726601717972e-02         9.2669611606113769e-02        -1.0131388352792531e-01
7                                      9.0700413828054285e-02        -3.3228240948334686e-01        -1.1277915869305588e-01        -7.5084469535428855e-04        -6.4413947463013866e-03        -5.8682273557965799e-03        -1.0131388352792531e-01         3.6370365594552329e-01
8                                      5.5529473471952230e-02        -1.6701951102919227e-01        -7.4538850663913123e-02        -7.8122978528806890e-03         1.6065418961000656e-02         3.0510891471964389e-04        -4.4344090915474546e-02         1.3343967760971925e-01
9                                     -1.9314947602341354e-01        -1.5029165168868497e-01         7.8976913382199337e-02        -2.2913018513051761e-02        -2.9129525354690558e-02         1.7812969561514763e-02         7.8186561233188519e-03         1.1384476022087635e-02
10                                    -1.5024728462390460e-01        -2.2884668577488043e-01         8.8867025876024769e-02         7.7059150559179099e-03         5.6968946260462366e-03        -1.2646574018268554e-03        -2.5483181662120685e-02        -2.4979851715875027e-02
11                                     1.1691368572720644e-01         1.3160150173287796e-01        -7.4545460721390552e-02        -1.3544972364217731e-02        -1.1679712530954484e-02         2.7015753985774361e-04        -1.0003214469261619e-02        -1.4820774670565789e-02
                                                         8                           9                          10                          11

0                                      5.5529473471952230e-02        -1.9314947602341354e-01        -1.5024728462390460e-01         1.1691368572720644e-01
1                                     -1.6701951102919227e-01        -1.5029165168868497e-01        -2.2884668577488043e-01         1.3160150173287796e-01
2                                     -7.4538850663913123e-02         7.8976913382199337e-02         8.8867025876024769e-02        -7.4545460721390552e-02
3                                     -7.8122978528806890e-03        -2.2913018513051761e-02         7.7059150559179099e-03        -1.3544972364217731e-02
4                                      1.6065418961000656e-02        -2.9129525354690558e-02         5.6968946260462366e-03        -1.1679712530954484e-02
5                                      3.0510891471964389e-04         1.7812969561514763e-02        -1.2646574018268554e-03         2.7015753985774361e-04
6                                     -4.4344090915474546e-02         7.8186561233188519e-03        -2.5483181662120685e-02        -1.0003214469261619e-02
7                                      1.3343967760971925e-01         1.1384476022087635e-02        -2.4979851715875027e-02        -1.4820774670565789e-02
8                                      7.3954571050939000e-02        -3.3679677332032719e-03         1.7542897568171321e-02         2.7917069825447553e-04
9                                     -3.3679677332032719e-03         2.0824383841314645e-01         1.6803062612569764e-01        -9.3393707052118954e-02
10                                     1.7542897568171321e-02         1.6803062612569764e-01         2.4812964286470923e-01        -1.0512314028686345e-01
11                                     2.7917069825447553e-04        -9.3393707052118954e-02        -1.0512314028686345e-01         7.3996132483278326e-02
   &MODES [&Type "ArrayOfDoubles", &Dim (12,12)] "The modes of vibrations"
                                                         0                           1                           2                           3                           4                           5                           6                           7

0                                      0.0000000000000000e+00         0.0000000000000000e+00         0.0000000000000000e+00         0.0000000000000000e+00         0.0000000000000000e+00         0.0000000000000000e+00         2.1455878515155008e-06        -4.3420865024771126e-02
1                                      0.0000000000000000e+00         0.0000000000000000e+00         0.0000000000000000e+00         0.0000000000000000e+00         0.0000000000000000e+00         0.0000000000000000e+00         1.8670621687135771e-05         4.7364102201638510e-02
2                                      0.0000000000000000e+00         0.0000000000000000e+00         0.0000000000000000e+00         0.0000000000000000e+00         0.0000000000000000e+00         0.0000000000000000e+00         1.0599785455913008e-01        -1.0502050656159081e-05
3                                      0.0000000000000000e+00         0.0000000000000000e+00         0.0000000000000000e+00         0.0000000000000000e+00         0.0000000000000000e+00         0.0000000000000000e+00         1.8995357308984889e-01        -1.9817774914114877e-01
4                                      0.0000000000000000e+00         0.0000000000000000e+00         0.0000000000000000e+00         0.0000000000000000e+00         0.0000000000000000e+00         0.0000000000000000e+00        -3.9231102315171226e-02        -3.9927395696525891e-01
5                                      0.0000000000000000e+00         0.0000000000000000e+00         0.0000000000000000e+00         0.0000000000000000e+00         0.0000000000000000e+00         0.0000000000000000e+00        -4.9096174226724898e-01         2.0238678310579836e-01
6                                      0.0000000000000000e+00         0.0000000000000000e+00         0.0000000000000000e+00         0.0000000000000000e+00         0.0000000000000000e+00         0.0000000000000000e+00        -6.1314657460641228e-02         2.4498498810992320e-01
7                                      0.0000000000000000e+00         0.0000000000000000e+00         0.0000000000000000e+00         0.0000000000000000e+00         0.0000000000000000e+00         0.0000000000000000e+00         1.8390517475546905e-01         2.1635901219215103e-01
8                                      0.0000000000000000e+00         0.0000000000000000e+00         0.0000000000000000e+00         0.0000000000000000e+00         0.0000000000000000e+00         0.0000000000000000e+00        -4.9104897868702035e-01        -2.2787771348676347e-01
9                                      0.0000000000000000e+00         0.0000000000000000e+00         0.0000000000000000e+00         0.0000000000000000e+00         0.0000000000000000e+00         0.0000000000000000e+00        -1.2866873036039436e-01         5.5656186460460777e-01
10                                     0.0000000000000000e+00         0.0000000000000000e+00         0.0000000000000000e+00         0.0000000000000000e+00         0.0000000000000000e+00         0.0000000000000000e+00        -1.4493351628749196e-01        -4.7524872540382751e-01
11                                     0.0000000000000000e+00         0.0000000000000000e+00         0.0000000000000000e+00         0.0000000000000000e+00         0.0000000000000000e+00         0.0000000000000000e+00        -4.9091779969030958e-01         2.5636865126541206e-02
                                                         8                           9                          10                          11

0                                     -4.7360100315490046e-02         1.8702348343972218e-04        -7.3255663158269271e-02        -1.8322594650492293e-02
1                                     -4.3433336467256577e-02         6.6630253666141834e-05        -1.8314731808492989e-02         7.3248220581215884e-02
2                                      3.4409771639667028e-05         3.7958695953906336e-02         8.6885385911559333e-05        -1.2434648574557338e-05
3                                      3.9412451526355176e-02        -5.3187944384580876e-01         6.3451205629843366e-01         3.1060287237280648e-01
4                                      6.0043855268389701e-01         1.0920226884877957e-01        -1.4056841027212885e-01        -4.2655368919660673e-02
5                                      1.4614929325589188e-01        -1.7649897513256160e-01         2.6416649705024375e-01         1.2709230504206945e-01
6                                      6.5510405069018640e-01         1.7077431336976670e-01        -3.9664796813400193e-03         2.2891187702011939e-01
7                                      1.5736924395639501e-01        -5.1371629531724849e-01        -6.0472606637141373e-02        -6.8295580000977840e-01
8                                      1.0196113676662512e-01        -1.7581675842288030e-01        -2.2683916422556110e-02        -2.9252391744289319e-01
9                                     -3.6408441582544200e-02         3.5850628332074430e-01         3.8740290935302368e-01        -2.8490702789546002e-01
10                                    -1.5426539198070566e-01         4.0358814356856643e-01         4.5553947766478753e-01        -2.9223389623037366e-01
11                                    -2.4858858247425988e-01        -1.7515197897071508e-01        -2.4268992546941712e-01         1.6560440220497433e-01
$End
