*************************************************
******************* ORCA 6.0.0 ******************
*************************************************
$Calculation_Status
   &GeometryIndex 1
   &ListStatus       OUT
   &VERSION [&Type "String"] "6.0.0"
   &PROGNAME [&Type "String"] "LeanSCF"
   &STATUS [&Type "String"] "NORMAL TERMINATION"
$End
$Geometry
   &GeometryIndex 1
   &ListStatus       OUT
   &NATOMS [&Type "Integer"] 9
   &NCORELESSECP [&Type "Integer"] 0
   &NGHOSTATOMS [&Type "Integer"] 0
   &CartesianCoordinates [&Type "Coordinates", &Dim(9,4), &Units "Bohr"] 
              C      2.362736790983   -0.338515066768    0.000007231037
              C     -0.201387885624    0.840070558836    0.000011581187
              C     -2.375049268349   -0.430986553508   -0.000007247100
              H      3.450220318568    0.265368397008    1.658455151195
              H      3.450142671989    0.265223243743   -1.658546025857
              H      2.251612939128   -2.402854556198    0.000096346931
              H     -0.249440969168    2.900673332344    0.000008056280
              H     -4.184363251421    0.540303975900    0.000003691202
              H     -2.409062759327   -2.487710255189    0.000012628473
$End
$SCF_Energy
   &GeometryIndex 1
   &ListStatus       OUT
   &SCF_ENERGY [&Type "Double"]      -1.1787096587058694e+02
$End
$DFT_Energy
   &GeometryIndex 1
   &ListStatus       OUT
   &NALPHAEL [&Type "Integer"] 12
   &NBETAEL [&Type "Integer"] 12
   &NTOTALEL [&Type "Integer"] 24
   &EEXCHANGE [&Type "Double"]      -1.7691712555928682e+01
   &ECORR [&Type "Double"]      -7.2306515007480943e-01
   &ECNL [&Type "Double"]       0.0000000000000000e+00
   &EXC [&Type "Double"]      -1.8414777706003491e+01
   &EEMBED [&Type "Double"]       0.0000000000000000e+00
   &FINALEN [&Type "Double"]      -1.1787096587058694e+02  "No Van der Waals correction"
$End
$Mulliken_Population_Analysis
   &GeometryIndex 1
   &ListStatus       OUT
   &NATOMS [&Type "Integer"] 9
   &ATNO [&Type "ArrayOfIntegers", &Dim (9,1)] 
                                                         0

0                                                        6
1                                                        6
2                                                        6
3                                                        1
4                                                        1
5                                                        1
6                                                        1
7                                                        1
8                                                        1
   &ATOMICCHARGES [&Type "ArrayOfDoubles", &Dim (9,1)] 
                                                         0

0                                     -2.5806472554921545e-01
1                                     -1.0631812739686897e-01
2                                     -2.8378171826377141e-01
3                                      1.0932925502709423e-01
4                                      1.0933039407123035e-01
5                                      1.0000106682598409e-01
6                                      1.0100982244516821e-01
7                                      1.1914098169657295e-01
8                                      1.0935305114392113e-01
$End
$Loewdin_Population_Analysis
   &GeometryIndex 1
   &ListStatus       OUT
   &NATOMS [&Type "Integer"] 9
   &ATNO [&Type "ArrayOfIntegers", &Dim (9,1)] 
                                                         0

0                                                        6
1                                                        6
2                                                        6
3                                                        1
4                                                        1
5                                                        1
6                                                        1
7                                                        1
8                                                        1
   &ATOMICCHARGES [&Type "ArrayOfDoubles", &Dim (9,1)] 
                                                         0

0                                     -2.9274282212701319e-01
1                                     -2.3265466217301256e-01
2                                     -2.2733804576584404e-01
3                                      1.2697887737121649e-01
4                                      1.2697988715646924e-01
5                                      1.2363378432390115e-01
6                                      1.3617501256303810e-01
7                                      1.2011744744277530e-01
8                                      1.1885052120855089e-01
$End
$Mayer_Population_Analysis
   &GeometryIndex 1
   &ListStatus       OUT
   &NATOMS [&Type "Integer"] 9 "Total number of atoms"
   &BONDTHRESH [&Type "Double"]       1.0000000000000001e-01  "The threshold for printing"
   &NBONDORDERSPRINT [&Type "Integer"] 8 "The number of bond orders larger than threshold"
   &BONDORDERS [&Type "ArrayOfDoubles", &Dim (8,1)] "The bond orders"
                                                         0

0                                      9.6556105686291338e-01
1                                      9.5970245156733269e-01
2                                      9.5969972375049029e-01
3                                      9.7787985781131948e-01
4                                      1.9355473340174361e+00
5                                      9.5716563817477907e-01
6                                      9.6281904818894481e-01
7                                      9.6165563268703791e-01
   &COMPONENTS [&Type "ArrayOfIntegers", &Dim (8,4)] "The indices and atomic numbers of the bonding atoms"
                                                         0                           1                           2                           3

0                                                        0                           6                           1                           6
1                                                        0                           6                           3                           1
2                                                        0                           6                           4                           1
3                                                        0                           6                           5                           1
4                                                        1                           6                           2                           6
5                                                        1                           6                           6                           1
6                                                        2                           6                           7                           1
7                                                        2                           6                           8                           1
   &ATNO [&Type "ArrayOfIntegers", &Dim (9,1)] "Atomic number of the elements"
                                                         0

0                                                        6
1                                                        6
2                                                        6
3                                                        1
4                                                        1
5                                                        1
6                                                        1
7                                                        1
8                                                        1
   &NA [&Type "ArrayOfDoubles", &Dim (9,1)] "Mulliken gross atomic population"
                                                         0

0                                      6.2580647255492190e+00
1                                      6.1063181273968778e+00
2                                      6.2837817182637821e+00
3                                      8.9067074497290588e-01
4                                      8.9066960592877087e-01
5                                      8.9999893317401747e-01
6                                      8.9899017755483235e-01
7                                      8.8085901830342783e-01
8                                      8.9064694885607820e-01
   &ZA [&Type "ArrayOfDoubles", &Dim (9,1)] "Total nuclear charge"
                                                         0

0                                      6.0000000000000000e+00
1                                      6.0000000000000000e+00
2                                      6.0000000000000000e+00
3                                      1.0000000000000000e+00
4                                      1.0000000000000000e+00
5                                      1.0000000000000000e+00
6                                      1.0000000000000000e+00
7                                      1.0000000000000000e+00
8                                      1.0000000000000000e+00
   &QA [&Type "ArrayOfDoubles", &Dim (9,1)] "Mulliken gross atomic charge"
                                                         0

0                                     -2.5806472554921900e-01
1                                     -1.0631812739687785e-01
2                                     -2.8378171826378207e-01
3                                      1.0932925502709412e-01
4                                      1.0933039407122913e-01
5                                      1.0000106682598253e-01
6                                      1.0100982244516765e-01
7                                      1.1914098169657217e-01
8                                      1.0935305114392180e-01
   &VA [&Type "ArrayOfDoubles", &Dim (9,1)] "Mayer's total valence"
                                                         0

0                                      3.8794330002976367e+00
1                                      3.8486115582693810e+00
2                                      3.9327720632896792e+00
3                                      9.7498578865487751e-01
4                                      9.7498511193383297e-01
5                                      9.8965328290644461e-01
6                                      9.7421461209866356e-01
7                                      9.7731927092630311e-01
8                                      9.7937080278225408e-01
   &BVA [&Type "ArrayOfDoubles", &Dim (9,1)] "Mayer's bonded valence"
                                                         0

0                                      3.8794330002975776e+00
1                                      3.8486115582692455e+00
2                                      3.9327720632895939e+00
3                                      9.7498578865488339e-01
4                                      9.7498511193383564e-01
5                                      9.8965328290643206e-01
6                                      9.7421461209865967e-01
7                                      9.7731927092629867e-01
8                                      9.7937080278224642e-01
   &FA [&Type "ArrayOfDoubles", &Dim (9,1)] "Mayer's free valence"
                                                         0

0                                      0.0000000000000000e+00
1                                      0.0000000000000000e+00
2                                      0.0000000000000000e+00
3                                      0.0000000000000000e+00
4                                      0.0000000000000000e+00
5                                      0.0000000000000000e+00
6                                      0.0000000000000000e+00
7                                      0.0000000000000000e+00
8                                      0.0000000000000000e+00
$End
$VdW_Correction
   &GeometryIndex 1
   &ListStatus       OUT
   &VDW [&Type "Double"]      -1.3541955382251989e-03
$End
$Calculation_Info
   &GeometryIndex 1
   &ListStatus       OUT
   &MULT [&Type "Integer"] 1
   &CHARGE [&Type "Integer"] 0
   &NUMOFATOMS [&Type "Integer"] 9
   &NUMOFELECTRONS [&Type "Integer"] 24
   &NUMOFFCELECTRONS [&Type "Integer"] 1
   &NUMOFCORRELECTRONS [&Type "Integer"] 0
   &NUMOFBASISFUNCTS [&Type "Integer"] 129
   &NUMOFAUXCBASISFUNCTS [&Type "Integer"] 0
   &NUMOFAUXJBASISFUNCTS [&Type "Integer"] 156
   &NUMOFAUXJKBASISFUNCTS [&Type "Integer"] 0
   &NUMOFCABSBASISFUNCTS [&Type "Integer"] 0
   &TOTALENERGY [&Type "Double"]      -1.1786909586682516e+02  "Hartrees"
$End
$SCF_Dipole_Moment
   &GeometryIndex 1
   &ListStatus       OUT
   &METHOD [&Type "String"] "SCF"
   &LEVEL [&Type "String"] "Relaxed density"
   &MULT [&Type "Integer"] 1
   &STATE [&Type "Integer"] -1
   &IRREP [&Type "Integer"] 0
   &NATOMS [&Type "Integer"] 9
   &DODIPOLEATOM [&Type "Boolean"] false
   &DIPOLEELECCONTRIB [&Type "ArrayOfDoubles", &Dim (3,1)] "Electronic contribution"
                                                         0

0                                     -9.8761417093031334e-01
1                                      4.8265976663911259e-01
2                                     -1.4206948776741622e-06
   &DIPOLENUCCONTRIB [&Type "ArrayOfDoubles", &Dim (3,1)] "Nuclear contribution"
                                                         0

0                                      1.1633141225139765e+00
1                                     -4.5067209586622781e-01
2                                      2.8558703229613305e-06
   &DIPOLETOTAL [&Type "ArrayOfDoubles", &Dim (3,1)] "Total"
                                                         0

0                                      1.7569995158366314e-01
1                                      3.1987670772884780e-02
2                                      1.4351754452871683e-06
   &DIPOLEMAGNITUDE [&Type "Double", &Units "a.u."]       1.7858802891021494e-01
$End
$THERMOCHEMISTRY_Energies
   &GeometryIndex 1
   &ListStatus       OUT
   &TEMPERATURE [&Type "Double"]       2.9814999999999998e+02
   &PRESSURE [&Type "Double"]       1.0000000000000000e+00
   &TOTALMASS [&Type "Double"]       4.2080999999999996e+01
   &SPINDEGENERACY [&Type "Integer"] 1
   &ELENERGY [&Type "Double"]      -1.1786909586682516e+02
   &TRANSENERGY [&Type "Double"]       1.4162714244859817e-03
   &ROTENERGY [&Type "Double"]       1.4162714244859817e-03
   &VIBENERGY [&Type "Double"]       1.2146762297087505e-03
   &NUMOFFREQS [&Type "Integer"] 27
   &FREQSCALINGFACTOR [&Type "Double"]       1.0000000000000000e+00
   &FREQ [&Type "ArrayOfDoubles", &Dim (27,1)] "In cm^-1"
                                                         0

0                                      0.0000000000000000e+00
1                                      0.0000000000000000e+00
2                                      0.0000000000000000e+00
3                                      0.0000000000000000e+00
4                                      0.0000000000000000e+00
5                                      0.0000000000000000e+00
6                                      2.2710291765831769e+02
7                                      4.3645278876717464e+02
8                                      5.9537822495190676e+02
9                                      9.2946471654127038e+02
10                                     9.2952831356523473e+02
11                                     9.4958563124304396e+02
12                                     1.0278487576422908e+03
13                                     1.0646918526937304e+03
14                                     1.1942454744453103e+03
15                                     1.3251132889683252e+03
16                                     1.3961802141148362e+03
17                                     1.4422171109828569e+03
18                                     1.4697359381490476e+03
19                                     1.4869154599132528e+03
20                                     1.6899872535520185e+03
21                                     2.9937247198739365e+03
22                                     3.0494612558968552e+03
23                                     3.0848582912604184e+03
24                                     3.1029238601267275e+03
25                                     3.1132099129990675e+03
26                                     3.1928291087077059e+03
   &ZPE [&Type "Double"]       7.9055731688563655e-02
   &INNERENERGYU [&Type "Double"]      -1.1778599291605791e+02
   &ENTHALPYH [&Type "Double"]      -1.1778504870701565e+02
   &QEL [&Type "Double"]       0.0000000000000000e+00
   &QROT [&Type "Double"]       1.0466280241413576e-02
   &QVIB [&Type "Double"]       1.8313607573938310e-03
   &QTRANS [&Type "Double"]       1.7645354604948104e-02
   &ENTROPYS [&Type "Double"]       2.9942995603755511e-02
   &FREEENERGYG [&Type "Double"]      -1.1781499170261941e+02
   &ISLINEAR [&Type "Boolean"] false
$End
$Hessian
   &GeometryIndex 1
   &ListStatus       OUT
   &HESSIAN [&Type "ArrayOfDoubles", &Dim (27,27)] "The Hessian"
                                                         0                           1                           2                           3                           4                           5                           6                           7

0                                      4.8830515520588058e-01         2.9284296619718909e-02         2.0905993899084765e-06        -1.8989372197751794e-01         5.1226984903143646e-02        -1.1925648394267654e-07        -3.5593019783565702e-02         1.0566462635559177e-02
1                                      2.9284296619718909e-02         5.6224544976037161e-01        -8.6408819484353530e-07         5.8207728287664080e-02        -1.1684518054949956e-01        -3.3370295531126312e-07        -1.3968819361881787e-02         1.1298654987555525e-02
2                                      2.0905993899084765e-06        -8.6408819484353530e-07         5.1747206478853847e-01        -6.4063995849107387e-07         1.8061253970985511e-07        -7.1199493581803747e-02        -3.8852392488330966e-07         5.9423086395308857e-08
3                                     -1.8989372197751794e-01         5.8207728287664080e-02        -6.4063995849107387e-07         7.2775506121921019e-01         1.2827870612961637e-01         2.0747247746469969e-06        -4.2324164797236091e-01        -1.8719964372356168e-01
4                                      5.1226984903143646e-02        -1.1684518054949956e-01         1.8061253970985511e-07         1.2827870612961637e-01         6.7207388808800217e-01         1.0966626415869904e-06        -1.8781662982720138e-01        -2.2499203247039279e-01
5                                     -1.1925648394267654e-07        -3.3370295531126312e-07        -7.1199493581803747e-02         2.0747247746469969e-06         1.0966626415869904e-06         1.4945984768750642e-01        -2.4782730999895195e-06        -1.3307870546740001e-06
6                                     -3.5593019783565702e-02        -1.3968819361881787e-02        -3.8852392488330966e-07        -4.2324164797236091e-01        -1.8781662982720138e-01        -2.4782730999895195e-06         7.8030119322575597e-01         8.0491066980721851e-02
7                                      1.0566462635559177e-02         1.1298654987555525e-02         5.9423086395308857e-08        -1.8719964372356168e-01        -2.2499203247039279e-01        -1.3307870546740001e-06         8.0491066980721851e-02         6.7521346106840519e-01
8                                      2.1926516457466274e-07         1.5120901574190220e-07         7.9618863825304149e-03        -2.0574794413053321e-06        -1.1688902366030187e-06        -4.9814315215604185e-02         9.4325744138255928e-07        -8.1623630110364039e-07
9                                     -1.0804399028134530e-01        -3.8589489172234953e-02        -1.0742436278653443e-01        -2.0850500094292655e-02        -1.0922227078278505e-02        -2.4312989662260177e-02        -1.9704052734869563e-03         3.7993518015681728e-03
10                                    -3.6433679145015177e-02        -7.0013179222560618e-02        -6.0855459629996805e-02         5.5759956276415241e-03         4.9238784508661383e-03         1.2835457939162995e-02         1.4100266655740160e-03        -3.1435712851632857e-04
11                                    -1.0606662985212659e-01        -6.1748051036970494e-02        -2.0749771550909815e-01         6.9136303707230395e-04         9.1328983518655735e-04         2.5376298953682618e-03         6.5963195731541611e-04         7.3087891761350928e-04
12                                    -1.0803318343643691e-01        -3.8577292696775407e-02         1.0742287314274937e-01        -2.0850057981351013e-02        -1.0919979379598235e-02         2.4314533357091248e-02        -1.9699249531830556e-03         3.7991269386079825e-03
13                                    -3.6421026450215742e-02        -7.0001703960012707e-02         6.0844410823803236e-02         5.5753309667338291e-03         4.9228492203405288e-03        -1.2835688337411555e-02         1.4097114121867497e-03        -3.1429844330304593e-04
14                                     1.0606433131350132e-01         6.1737627087761003e-02        -2.0751774429684317e-01        -6.9054172214810805e-04        -9.1323821963320683e-04         2.5379500608571962e-03        -6.5984639785489265e-04        -7.3096748181512166e-04
15                                    -4.8465702890132245e-02        -1.9651462774952874e-02         4.8392415490255817e-07         2.1079344983043263e-03         3.2842313560561172e-02        -1.3042119238835234e-06         2.0311515261456099e-03         1.0439021510523080e-03
16                                    -1.7197672635521324e-02        -3.0575141649580634e-01         1.1290348030590392e-05        -3.7112129256921048e-04        -1.6201105922406207e-02         4.0388570594701553e-07        -1.7580172719995485e-03         2.0980870288781197e-03
17                                     3.1415063122757663e-07         1.1592973258562159e-05        -4.6668420398599877e-02         4.1844350632374874e-07        -4.1704065415579855e-07        -9.2786511321489660e-04        -8.1927151205256870e-08        -8.7849940441381513e-08
18                                     8.4033382247885181e-04         2.8970219665257337e-02        -3.4901941033595684e-07        -5.5846995111365046e-02         9.7712538629152589e-03        -3.4388349268696359e-09         2.1448306391636538e-03        -3.0275012328785315e-02
19                                    -1.0273302392523401e-03        -1.1311819582314826e-02         3.7562865962601409e-07         5.6511059837950420e-03        -3.1701344322935410e-01         2.5767741833222593e-07         1.5816975727472662e-03        -1.5933488658654620e-02
20                                    -2.2798336533827337e-07        -1.7223862665155085e-07         2.0486849733016288e-03         2.3647117217294800e-07         5.0657569059417144e-07        -4.0498803634177613e-02        -8.6653850061045256e-08        -3.8587675455332739e-07
21                                    -1.1183441732478955e-03        -3.7522181416273425e-03         7.4817905571227149e-08        -2.1432607747874276e-02         1.6245808249817931e-02         1.9238243336851864e-07        -2.6522603888951002e-01         1.1512559385454080e-01
22                                    -1.8772692883749541e-03        -1.2657201504613163e-03        -1.1237078572017259e-07        -1.7167593357477695e-02         9.8450987092561244e-03         9.2095088091884711e-09         1.2049921967751863e-01        -1.2233164145762246e-01
23                                     4.8680418836523165e-09         1.9259404475959189e-07         1.3839412716437294e-02        -4.5438679953729821e-07        -2.2276102932293252e-08         2.2178609417238260e-03         1.8352696532798332e-06        -7.1015878358312870e-07
24                                     2.0024735138865924e-03        -1.8777831344018274e-03         1.1629555535923157e-07         2.2525351672471670e-03        -2.8663579832980443e-02         1.6178672096984495e-07        -5.6476138518958663e-02         2.6574002337240122e-03
25                                     1.8340543091916765e-03         1.6449152127282441e-03         1.3414388434987116e-07         1.4068407901619284e-03        -1.6713952296812305e-02         2.3946004123003545e-07        -1.8565043910930643e-03        -3.2472438492634959e-01
26                                     1.1908531999071909e-07        -1.5768835930179711e-07        -8.4386750744628002e-03        -4.6585659531937065e-07        -3.3926648891045619e-07         5.6871889593447193e-03         2.9385672250739580e-07         3.2645384981438977e-06
                                                         8                           9                          10                          11                          12                          13                          14                          15

0                                      2.1926516457466274e-07        -1.0804399028134530e-01        -3.6433679145015177e-02        -1.0606662985212659e-01        -1.0803318343643691e-01        -3.6421026450215742e-02         1.0606433131350132e-01        -4.8465702890132245e-02
1                                      1.5120901574190220e-07        -3.8589489172234953e-02        -7.0013179222560618e-02        -6.1748051036970494e-02        -3.8577292696775407e-02        -7.0001703960012707e-02         6.1737627087761003e-02        -1.9651462774952874e-02
2                                      7.9618863825304149e-03        -1.0742436278653443e-01        -6.0855459629996805e-02        -2.0749771550909815e-01         1.0742287314274937e-01         6.0844410823803236e-02        -2.0751774429684317e-01         4.8392415490255817e-07
3                                     -2.0574794413053321e-06        -2.0850500094292655e-02         5.5759956276415241e-03         6.9136303707230395e-04        -2.0850057981351013e-02         5.5753309667338291e-03        -6.9054172214810805e-04         2.1079344983043263e-03
4                                     -1.1688902366030187e-06        -1.0922227078278505e-02         4.9238784508661383e-03         9.1328983518655735e-04        -1.0919979379598235e-02         4.9228492203405288e-03        -9.1323821963320683e-04         3.2842313560561172e-02
5                                     -4.9814315215604185e-02        -2.4312989662260177e-02         1.2835457939162995e-02         2.5376298953682618e-03         2.4314533357091248e-02        -1.2835688337411555e-02         2.5379500608571962e-03        -1.3042119238835234e-06
6                                      9.4325744138255928e-07        -1.9704052734869563e-03         1.4100266655740160e-03         6.5963195731541611e-04        -1.9699249531830556e-03         1.4097114121867497e-03        -6.5984639785489265e-04         2.0311515261456099e-03
7                                     -8.1623630110364039e-07         3.7993518015681728e-03        -3.1435712851632857e-04         7.3087891761350928e-04         3.7991269386079825e-03        -3.1429844330304593e-04        -7.3096748181512166e-04         1.0439021510523080e-03
8                                      1.0274237681576129e-01         1.3646180573290059e-04        -2.9953061702156616e-04        -6.5017534690992983e-05        -1.3666234514057417e-04         2.9945914808113494e-04        -6.4935160025396919e-05         5.6905456428492030e-08
9                                      1.3646180573290059e-04         1.2402954555599428e-01         4.0604915308937013e-02         1.1674523455415570e-01         8.5444537085052411e-03         5.0469261897740777e-03         1.3584290807904728e-02        -1.6833298142207476e-03
10                                    -2.9953061702156616e-04         4.0604915308937013e-02         7.0103887281010732e-02         6.6967136404340585e-02         5.0461223675980623e-03         2.0042279152459016e-03         8.1984709136865615e-03        -1.5809407799844803e-02
11                                    -6.5017534690992983e-05         1.1674523455415570e-01         6.6967136404340585e-02         2.2616945754734843e-01        -1.3586196573294768e-02        -8.2008300476204485e-03        -2.2092150763858842e-02         1.8788048498704114e-03
12                                    -1.3666234514057417e-04         8.5444537085052411e-03         5.0461223675980623e-03        -1.3586196573294768e-02         1.2401794331043556e-01         4.0591453100474344e-02        -1.1674335125371446e-01        -1.6833707922357952e-03
13                                     2.9945914808113494e-04         5.0469261897740777e-03         2.0042279152459016e-03        -8.2008300476204485e-03         4.0591453100474344e-02         7.0091656702139946e-02        -6.6955023272596448e-02        -1.5808343056579424e-02
14                                    -6.4935160025396919e-05         1.3584290807904728e-02         8.1984709136865615e-03        -2.2092150763858842e-02        -1.1674335125371446e-01        -6.6955023272596448e-02         2.2619132396866443e-01        -1.8772118012038261e-03
15                                     5.6905456428492030e-08        -1.6833298142207476e-03        -1.5809407799844803e-02         1.8788048498704114e-03        -1.6833707922357952e-03        -1.5808343056579424e-02        -1.8772118012038261e-03         5.2773502425235951e-02
16                                    -1.0227946174929735e-07        -1.4559777513871441e-04        -7.4644520261787379e-03         1.0050984925621884e-03        -1.4564023569458781e-04        -7.4624668251975692e-03        -1.0043286291121917e-03         1.6412709047438148e-02
17                                    -6.6121683367261137e-04        -6.2178633680426236e-04        -2.5773881470418397e-02         8.3752298729450466e-04         6.2195325491544039e-04         2.5775373689742732e-02         8.3547105811422736e-04        -8.6111304033862045e-07
18                                     7.5781455417238336e-08         8.0518913744132968e-04        -6.6066389120980195e-04        -5.4062918826168721e-04         8.0502253937671470e-04        -6.6061123476237379e-04         5.4069050326842122e-04        -5.2637897224444520e-03
19                                     1.0397861829347132e-07         4.1498638060759839e-04         2.6941270318548869e-04         3.4497250709149448e-04         4.1501512213022729e-04         2.6922727964494384e-04        -3.4497701292470623e-04         2.3999488708281802e-03
20                                     6.1269263342794492e-03         6.9699943908327409e-04        -2.3241305813898635e-04         3.0276302392641337e-04        -6.9698513836175717e-04         2.3261274600972772e-04         3.0267826321020517e-04        -1.4855605259200996e-08
21                                     1.0467071170994567e-06        -9.2082477865413183e-04         1.0279188473878015e-04         1.3705844041589192e-04        -9.2070999802209078e-04         1.0273366032080892e-04        -1.3698591102136431e-04         3.9842946512048559e-04
22                                    -4.0734138572003903e-07        -2.8894405026856163e-04         3.3791158643657246e-04        -7.6797584173058427e-05        -2.8888164978692018e-04         3.3785583138321897e-04         7.6761814815424177e-05        -3.1915636464218745e-04
23                                    -3.2370408709647761e-02         2.6486776458768276e-03        -6.6986151767412232e-04        -2.2466993512167930e-04        -2.6488290991301322e-03         6.6980806907452120e-04        -2.2469157093318900e-04         4.1444895017986058e-08
24                                     9.3536962522463044e-08         8.9861840058954256e-05         1.5398347024857723e-04         4.8262108764114665e-05         8.9827602911341897e-05         1.5392005789599352e-04        -4.8280556015501915e-05        -2.1482469577312961e-04
25                                     2.4065401430004390e-06         8.9993906365673938e-05         1.5267044051083369e-04         5.1602295561464610e-05         8.9981787216274634e-05         1.5265227975877396e-04        -5.1619790025771509e-05        -1.1434024360179821e-03
26                                    -3.3855296078930210e-02        -1.4194248010653623e-03        -1.5721874753205081e-04         3.2180288832062021e-05         1.4195696721693088e-03         1.5717177076155146e-04         3.2098440814518104e-05        -2.8991544236628526e-09
                                                        16                          17                          18                          19                          20                          21                          22                          23

0                                     -1.7197672635521324e-02         3.1415063122757663e-07         8.4033382247885181e-04        -1.0273302392523401e-03        -2.2798336533827337e-07        -1.1183441732478955e-03        -1.8772692883749541e-03         4.8680418836523165e-09
1                                     -3.0575141649580634e-01         1.1592973258562159e-05         2.8970219665257337e-02        -1.1311819582314826e-02        -1.7223862665155085e-07        -3.7522181416273425e-03        -1.2657201504613163e-03         1.9259404475959189e-07
2                                      1.1290348030590392e-05        -4.6668420398599877e-02        -3.4901941033595684e-07         3.7562865962601409e-07         2.0486849733016288e-03         7.4817905571227149e-08        -1.1237078572017259e-07         1.3839412716437294e-02
3                                     -3.7112129256921048e-04         4.1844350632374874e-07        -5.5846995111365046e-02         5.6511059837950420e-03         2.3647117217294800e-07        -2.1432607747874276e-02        -1.7167593357477695e-02        -4.5438679953729821e-07
4                                     -1.6201105922406207e-02        -4.1704065415579855e-07         9.7712538629152589e-03        -3.1701344322935410e-01         5.0657569059417144e-07         1.6245808249817931e-02         9.8450987092561244e-03        -2.2276102932293252e-08
5                                      4.0388570594701553e-07        -9.2786511321489660e-04        -3.4388349268696359e-09         2.5767741833222593e-07        -4.0498803634177613e-02         1.9238243336851864e-07         9.2095088091884711e-09         2.2178609417238260e-03
6                                     -1.7580172719995485e-03        -8.1927151205256870e-08         2.1448306391636538e-03         1.5816975727472662e-03        -8.6653850061045256e-08        -2.6522603888951002e-01         1.2049921967751863e-01         1.8352696532798332e-06
7                                      2.0980870288781197e-03        -8.7849940441381513e-08        -3.0275012328785315e-02        -1.5933488658654620e-02        -3.8587675455332739e-07         1.1512559385454080e-01        -1.2233164145762246e-01        -7.1015878358312870e-07
8                                     -1.0227946174929735e-07        -6.6121683367261137e-04         7.5781455417238336e-08         1.0397861829347132e-07         6.1269263342794492e-03         1.0467071170994567e-06        -4.0734138572003903e-07        -3.2370408709647761e-02
9                                     -1.4559777513871441e-04        -6.2178633680426236e-04         8.0518913744132968e-04         4.1498638060759839e-04         6.9699943908327409e-04        -9.2082477865413183e-04        -2.8894405026856163e-04         2.6486776458768276e-03
10                                    -7.4644520261787379e-03        -2.5773881470418397e-02        -6.6066389120980195e-04         2.6941270318548869e-04        -2.3241305813898635e-04         1.0279188473878015e-04         3.3791158643657246e-04        -6.6986151767412232e-04
11                                     1.0050984925621884e-03         8.3752298729450466e-04        -5.4062918826168721e-04         3.4497250709149448e-04         3.0276302392641337e-04         1.3705844041589192e-04        -7.6797584173058427e-05        -2.2466993512167930e-04
12                                    -1.4564023569458781e-04         6.2195325491544039e-04         8.0502253937671470e-04         4.1501512213022729e-04        -6.9698513836175717e-04        -9.2070999802209078e-04        -2.8888164978692018e-04        -2.6488290991301322e-03
13                                    -7.4624668251975692e-03         2.5775373689742732e-02        -6.6061123476237379e-04         2.6922727964494384e-04         2.3261274600972772e-04         1.0273366032080892e-04         3.3785583138321897e-04         6.6980806907452120e-04
14                                    -1.0043286291121917e-03         8.3547105811422736e-04         5.4069050326842122e-04        -3.4497701292470623e-04         3.0267826321020517e-04        -1.3698591102136431e-04         7.6761814815424177e-05        -2.2469157093318900e-04
15                                     1.6412709047438148e-02        -8.6111304033862045e-07        -5.2637897224444520e-03         2.3999488708281802e-03        -1.4855605259200996e-08         3.9842946512048559e-04        -3.1915636464218745e-04         4.1444895017986058e-08
16                                     3.3316013509076342e-01        -1.2493687050435276e-05         2.4096890162505569e-03         6.1035832442550336e-04         1.2616564007588593e-07        -1.1999674492550131e-04         4.1542075226806393e-04        -1.1560498898905172e-07
17                                    -1.2493687050435276e-05         4.4658233442633581e-02         1.1762754198376151e-07        -7.3630412641355154e-08         1.9697871335560601e-03        -1.4352823286817680e-08        -2.6808023029476047e-08        -2.0905034481259722e-04
18                                     2.4096890162505569e-03         1.1762754198376151e-07         5.9439288487463111e-02        -6.5948390719770961e-03         1.8439535680074156e-07         1.0498038853818362e-03         1.2266259910197891e-04         5.3101288773801767e-08
19                                     6.1035832442550336e-04        -7.3630412641355154e-08        -6.5948390719770961e-03         3.4159161696423490e-01        -5.0310152463290410e-07        -1.8921000355102274e-04         1.3482907411970554e-03         2.3041758262561259e-08
20                                     1.2616564007588593e-07         1.9697871335560601e-03         1.8439535680074156e-07        -5.0310152463290410e-07         2.5758106987703949e-02        -3.4133653180778991e-08         2.7893392904822163e-08        -7.7585674038119293e-03
21                                    -1.1999674492550131e-04        -1.4352823286817680e-08         1.0498038853818362e-03        -1.8921000355102274e-04        -3.4133653180778991e-08         2.8505303413739724e-01        -1.2474718706277690e-01        -1.2904744228760899e-06
22                                     4.1542075226806393e-04        -2.6808023029476047e-08         1.2266259910197891e-04         1.3482907411970554e-03         2.7893392904822163e-08        -1.2474718706277690e-01         1.2032134788020464e-01         6.1243115850560943e-07
23                                    -1.1560498898905172e-07        -2.0905034481259722e-04         5.3101288773801767e-08         2.3041758262561259e-08        -7.7585674038119293e-03        -1.2904744228760899e-06         6.1243115850560943e-07         2.3408129489975522e-02
24                                     9.4854669431764719e-04        -5.1990224911795574e-08        -3.9736836774960016e-03        -2.7741874004392998e-03        -7.9341574819868005e-08         3.1172580994088183e-03         2.4177294342309273e-02        -1.6523332604422502e-07
