*************************************************
******************* ORCA 6.0.0 ******************
*************************************************
$Calculation_Status
   &GeometryIndex 1
   &ListStatus       OUT
   &VERSION [&Type "String"] "6.0.0"
   &PROGNAME [&Type "String"] "LeanSCF"
   &STATUS [&Type "String"] "NORMAL TERMINATION"
$End
$Geometry
   &GeometryIndex 1
   &ListStatus       OUT
   &NATOMS [&Type "Integer"] 12
   &NCORELESSECP [&Type "Integer"] 0
   &NGHOSTATOMS [&Type "Integer"] 0
   &CartesianCoordinates [&Type "Coordinates", &Dim(12,4), &Units "Bohr"] 
              C      2.262119374804   -2.295795537950   -0.000030783261
              C      3.527001903192   -0.000011417536   -0.000112058870
              C      2.262134502439    2.295780954744   -0.000081118762
              C     -0.362332128430    2.268699761006    0.000003890001
              C     -1.720551347676    0.000005593589    0.000026672540
              C     -0.362347023629   -2.268696952495    0.000024115929
              Cl    -1.949378668280   -5.150162405436    0.000094819276
              Cl    -4.991048718793    0.000013234697    0.000096493952
              Cl    -1.949342376468    5.150177210306   -0.000024213061
              Cl     6.833573117627   -0.000022230549   -0.000165048114
              H      3.277843279518   -4.071807468659   -0.000024443985
              H      3.277870037095    4.071785997968   -0.000142193199
$End
$SCF_Energy
   &GeometryIndex 1
   &ListStatus       OUT
   &SCF_ENERGY [&Type "Double"]      -2.0705372442599119e+03
$End
$DFT_Energy
   &GeometryIndex 1
   &ListStatus       OUT
   &NALPHAEL [&Type "Integer"] 53
   &NBETAEL [&Type "Integer"] 53
   &NTOTALEL [&Type "Integer"] 106
   &EEXCHANGE [&Type "Double"]      -1.4221795566220109e+02
   &ECORR [&Type "Double"]      -3.9183036521628312e+00
   &ECNL [&Type "Double"]       0.0000000000000000e+00
   &EXC [&Type "Double"]      -1.4613625931436391e+02
   &EEMBED [&Type "Double"]       0.0000000000000000e+00
   &FINALEN [&Type "Double"]      -2.0705372442599119e+03  "No Van der Waals correction"
$End
$Mulliken_Population_Analysis
   &GeometryIndex 1
   &ListStatus       OUT
   &NATOMS [&Type "Integer"] 12
   &ATNO [&Type "ArrayOfIntegers", &Dim (12,1)] 
                                                         0

0                                                        6
1                                                        6
2                                                        6
3                                                        6
4                                                        6
5                                                        6
6                                                       17
7                                                       17
8                                                       17
9                                                       17
10                                                       1
11                                                       1
   &ATOMICCHARGES [&Type "ArrayOfDoubles", &Dim (12,1)] 
                                                         0

0                                     -2.5984954718899811e-01
1                                      2.0129193018170710e-01
2                                     -2.5983915367077248e-01
3                                      1.3246083465347436e-01
4                                      3.0389381053890219e-02
5                                      1.3247884914862684e-01
6                                     -6.5450475310633749e-02
7                                     -4.4842377971399117e-02
8                                     -6.5447849331622621e-02
9                                     -9.1432441102590190e-02
10                                     1.4511968290688926e-01
11                                     1.4512116663178687e-01
$End
$Loewdin_Population_Analysis
   &GeometryIndex 1
   &ListStatus       OUT
   &NATOMS [&Type "Integer"] 12
   &ATNO [&Type "ArrayOfIntegers", &Dim (12,1)] 
                                                         0

0                                                        6
1                                                        6
2                                                        6
3                                                        6
4                                                        6
5                                                        6
6                                                       17
7                                                       17
8                                                       17
9                                                       17
10                                                       1
11                                                       1
   &ATOMICCHARGES [&Type "ArrayOfDoubles", &Dim (12,1)] 
                                                         0

0                                     -1.4451218216217931e-01
1                                     -4.1520310077454514e-01
2                                     -1.4451222358647531e-01
3                                     -4.2620547087794947e-01
4                                     -4.5204428517354245e-01
5                                     -4.2620568167159778e-01
6                                      4.2557901870445036e-01
7                                      4.3964357057473791e-01
8                                      4.2557894218479575e-01
9                                      4.0248638980007101e-01
10                                     1.5769752749407651e-01
11                                     1.5769749548852485e-01
$End
$Mayer_Population_Analysis
   &GeometryIndex 1
   &ListStatus       OUT
   &NATOMS [&Type "Integer"] 12 "Total number of atoms"
   &BONDTHRESH [&Type "Double"]       1.0000000000000001e-01  "The threshold for printing"
   &NBONDORDERSPRINT [&Type "Integer"] 12 "The number of bond orders larger than threshold"
   &BONDORDERS [&Type "ArrayOfDoubles", &Dim (12,1)] "The bond orders"
                                                         0

0                                      1.3364194087470165e+00
1                                      1.3411530870538204e+00
2                                      9.6623912070424800e-01
3                                      1.3364437624247354e+00
4                                      9.8097551052580223e-01
5                                      1.3411667545312280e+00
6                                      9.6623274250077229e-01
7                                      1.2650413149224584e+00
8                                      1.0782949077887485e+00
9                                      1.2650494973846276e+00
10                                     1.1755896936103489e+00
11                                     1.0782946441075967e+00
   &COMPONENTS [&Type "ArrayOfIntegers", &Dim (12,4)] "The indices and atomic numbers of the bonding atoms"
                                                         0                           1                           2                           3

0                                                        0                           6                           1                           6
1                                                        0                           6                           5                           6
2                                                        0                           6                          10                           1
3                                                        1                           6                           2                           6
4                                                        1                           6                           9                          17
5                                                        2                           6                           3                           6
6                                                        2                           6                          11                           1
7                                                        3                           6                           4                           6
8                                                        3                           6                           8                          17
9                                                        4                           6                           5                           6
10                                                       4                           6                           7                          17
11                                                       5                           6                           6                          17
   &ATNO [&Type "ArrayOfIntegers", &Dim (12,1)] "Atomic number of the elements"
                                                         0

0                                                        6
1                                                        6
2                                                        6
3                                                        6
4                                                        6
5                                                        6
6                                                       17
7                                                       17
8                                                       17
9                                                       17
10                                                       1
11                                                       1
   &NA [&Type "ArrayOfDoubles", &Dim (12,1)] "Mulliken gross atomic population"
                                                         0

0                                      6.2598495471889981e+00
1                                      5.7987080698183116e+00
2                                      6.2598391536707370e+00
3                                      5.8675391653464848e+00
4                                      5.9696106189461196e+00
5                                      5.8675211508513501e+00
6                                      1.7065450475310584e+01
7                                      1.7044842377971413e+01
8                                      1.7065447849331637e+01
9                                      1.7091432441102548e+01
10                                     8.5488031709311185e-01
11                                     8.5487883336821391e-01
   &ZA [&Type "ArrayOfDoubles", &Dim (12,1)] "Total nuclear charge"
                                                         0

0                                      6.0000000000000000e+00
1                                      6.0000000000000000e+00
2                                      6.0000000000000000e+00
3                                      6.0000000000000000e+00
4                                      6.0000000000000000e+00
5                                      6.0000000000000000e+00
6                                      1.7000000000000000e+01
7                                      1.7000000000000000e+01
8                                      1.7000000000000000e+01
9                                      1.7000000000000000e+01
10                                     1.0000000000000000e+00
11                                     1.0000000000000000e+00
   &QA [&Type "ArrayOfDoubles", &Dim (12,1)] "Mulliken gross atomic charge"
                                                         0

0                                     -2.5984954718899811e-01
1                                      2.0129193018168845e-01
2                                     -2.5983915367073696e-01
3                                      1.3246083465351521e-01
4                                      3.0389381053880449e-02
5                                      1.3247884914864994e-01
6                                     -6.5450475310584011e-02
7                                     -4.4842377971413327e-02
8                                     -6.5447849331636831e-02
9                                     -9.1432441102547557e-02
10                                     1.4511968290688815e-01
11                                     1.4512116663178609e-01
   &VA [&Type "ArrayOfDoubles", &Dim (12,1)] "Mayer's total valence"
                                                         0

0                                      3.9315128905018843e+00
1                                      3.7813374062333529e+00
2                                      3.9315480239229199e+00
3                                      3.8040314032658893e+00
4                                      3.8559035039391230e+00
5                                      3.8040218524747553e+00
6                                      1.2697147513205957e+00
7                                      1.3047145565091025e+00
8                                      1.2697201896310069e+00
9                                      1.2314595821114793e+00
10                                     9.8465498936369256e-01
11                                     9.8465401038011968e-01
   &BVA [&Type "ArrayOfDoubles", &Dim (12,1)] "Mayer's bonded valence"
                                                         0

0                                      3.9315128905017453e+00
1                                      3.7813374062332179e+00
2                                      3.9315480239229452e+00
3                                      3.8040314032659852e+00
4                                      3.8559035039389666e+00
5                                      3.8040218524746781e+00
6                                      1.2697147513207130e+00
7                                      1.3047145565088825e+00
8                                      1.2697201896310706e+00
9                                      1.2314595821115453e+00
10                                     9.8465498936367013e-01
11                                     9.8465401038009259e-01
   &FA [&Type "ArrayOfDoubles", &Dim (12,1)] "Mayer's free valence"
                                                         0

0                                      0.0000000000000000e+00
1                                      0.0000000000000000e+00
2                                      0.0000000000000000e+00
3                                      0.0000000000000000e+00
4                                      0.0000000000000000e+00
5                                      0.0000000000000000e+00
6                                      0.0000000000000000e+00
7                                      0.0000000000000000e+00
8                                      0.0000000000000000e+00
9                                      0.0000000000000000e+00
10                                     0.0000000000000000e+00
11                                     0.0000000000000000e+00
$End
$VdW_Correction
   &GeometryIndex 1
   &ListStatus       OUT
   &VDW [&Type "Double"]      -6.3541701909285882e-03
$End
$Calculation_Info
   &GeometryIndex 1
   &ListStatus       OUT
   &MULT [&Type "Integer"] 1
   &CHARGE [&Type "Integer"] 0
   &NUMOFATOMS [&Type "Integer"] 12
   &NUMOFELECTRONS [&Type "Integer"] 106
   &NUMOFFCELECTRONS [&Type "Integer"] 1
   &NUMOFCORRELECTRONS [&Type "Integer"] 0
   &NUMOFBASISFUNCTS [&Type "Integer"] 346
   &NUMOFAUXCBASISFUNCTS [&Type "Integer"] 0
   &NUMOFAUXJBASISFUNCTS [&Type "Integer"] 370
   &NUMOFAUXJKBASISFUNCTS [&Type "Integer"] 0
   &NUMOFCABSBASISFUNCTS [&Type "Integer"] 0
   &TOTALENERGY [&Type "Double"]      -2.0705361672876029e+03  "Hartrees"
$End
$SCF_Dipole_Moment
   &GeometryIndex 1
   &ListStatus       OUT
   &METHOD [&Type "String"] "SCF"
   &LEVEL [&Type "String"] "Relaxed density"
   &MULT [&Type "Integer"] 1
   &STATE [&Type "Integer"] -1
   &IRREP [&Type "Integer"] 0
   &NATOMS [&Type "Integer"] 12
   &DODIPOLEATOM [&Type "Boolean"] false
   &DIPOLEELECCONTRIB [&Type "ArrayOfDoubles", &Dim (3,1)] "Electronic contribution"
                                                         0

0                                     -4.3974422593939186e+00
1                                      1.3875686855124858e-05
2                                      9.4588393811991003e-05
   &DIPOLENUCCONTRIB [&Type "ArrayOfDoubles", &Dim (3,1)] "Nuclear contribution"
                                                         0

0                                      4.7240407466086749e+00
1                                     -1.5017070849943082e-05
2                                     -1.0240701901754458e-04
   &DIPOLETOTAL [&Type "ArrayOfDoubles", &Dim (3,1)] "Total"
                                                         0

0                                      3.2659848721475626e-01
1                                     -1.1413839948182236e-06
2                                     -7.8186252055535731e-06
   &DIPOLEMAGNITUDE [&Type "Double", &Units "a.u."]       3.2659848731033797e-01
$End
$THERMOCHEMISTRY_Energies
   &GeometryIndex 1
   &ListStatus       OUT
   &TEMPERATURE [&Type "Double"]       2.9814999999999998e+02
   &PRESSURE [&Type "Double"]       1.0000000000000000e+00
   &TOTALMASS [&Type "Double"]       2.1589400000000001e+02
   &SPINDEGENERACY [&Type "Integer"] 1
   &ELENERGY [&Type "Double"]      -2.0705361672876029e+03
   &TRANSENERGY [&Type "Double"]       1.4162714244859817e-03
   &ROTENERGY [&Type "Double"]       1.4162714244859817e-03
   &VIBENERGY [&Type "Double"]       6.2676653717795364e-03
   &NUMOFFREQS [&Type "Integer"] 36
   &FREQSCALINGFACTOR [&Type "Double"]       1.0000000000000000e+00
   &FREQ [&Type "ArrayOfDoubles", &Dim (36,1)] "In cm^-1"
                                                         0

0                                      0.0000000000000000e+00
1                                      0.0000000000000000e+00
2                                      0.0000000000000000e+00
3                                      0.0000000000000000e+00
4                                      0.0000000000000000e+00
5                                      0.0000000000000000e+00
6                                      8.0626655553836869e+01
7                                      1.4891391461263169e+02
8                                      1.9519531664369035e+02
9                                      2.0733450216575039e+02
10                                     2.0864967945025907e+02
11                                     2.1980401095104912e+02
12                                     3.1748520567485411e+02
13                                     3.2401210419579019e+02
14                                     3.7077129613206228e+02
15                                     4.3609233455210585e+02
16                                     5.2747767086906151e+02
17                                     5.3479585727271558e+02
18                                     5.7402491035053856e+02
19                                     5.8608327027142616e+02
20                                     7.1079009623512059e+02
21                                     7.9443864353447839e+02
22                                     8.1774634549023506e+02
23                                     8.6854327992783544e+02
24                                     8.7267329610570732e+02
25                                     1.0470111971080185e+03
26                                     1.1256130528320029e+03
27                                     1.1608126698600415e+03
28                                     1.2084516530847436e+03
29                                     1.3172342906198053e+03
30                                     1.3947991710141725e+03
31                                     1.4292871145861527e+03
32                                     1.5751208931118567e+03
33                                     1.5835975131401137e+03
34                                     3.2109473035199330e+03
35                                     3.2112078047960267e+03
   &ZPE [&Type "Double"]       6.1646170498592702e-02
   &INNERENERGYU [&Type "Double"]      -2.0704654209088831e+03
   &ENTHALPYH [&Type "Double"]      -2.0704644766998408e+03
   &QEL [&Type "Double"]       0.0000000000000000e+00
   &QROT [&Type "Double"]       1.4528809920164565e-02
   &QVIB [&Type "Double"]       1.0559623411879202e-02
   &QTRANS [&Type "Double"]       1.9961229195027418e-02
   &ENTROPYS [&Type "Double"]       4.5049662527071183e-02
   &FREEENERGYG [&Type "Double"]      -2.0705095263623680e+03
   &ISLINEAR [&Type "Boolean"] false
$End
$Hessian
   &GeometryIndex 1
   &ListStatus       OUT
   &HESSIAN [&Type "ArrayOfDoubles", &Dim (36,36)] "The Hessian"
                                                         0                           1                           2                           3                           4                           5                           6                           7

0                                      6.7415186962651019e-01        -4.0585133615406929e-02        -1.1767785013706452e-05        -1.4689911052370841e-01        -5.6265290929234442e-02         3.3441168502750229e-06         5.3231473312622207e-02        -1.8605020312519545e-02
1                                     -4.0585133615406929e-02         7.3440388348548857e-01        -9.3737731252321147e-06        -1.1155525458712168e-01        -2.9153438582256408e-01         7.0812447072780247e-06         1.8604293589046958e-02        -5.2750350945567959e-02
2                                     -1.1767785013706452e-05        -9.3737731252321147e-06         1.1816189886014730e-01         4.3717947471835596e-06         6.6102283022677109e-06        -6.0207959906116118e-02        -9.5846428873413093e-07         4.6952279897347360e-07
3                                     -1.4689911052370841e-01        -1.1155525458712168e-01         4.3717947471835596e-06         4.8805514233173369e-01         5.2429774060041429e-07        -1.0825109462264547e-05        -1.4689801603213529e-01         1.1155433587756822e-01
4                                     -5.6265290929234442e-02        -2.9153438582256408e-01         6.6102283022677109e-06         5.2429774060041429e-07         6.6067668289666881e-01        -5.9642377873114087e-06         5.6264383304373902e-02        -2.9153562465121052e-01
5                                      3.3441168502750229e-06         7.0812447072780247e-06        -6.0207959906116118e-02        -1.0825109462264547e-05        -5.9642377873114087e-06         1.2225217699196129e-01         2.0427776813469654e-06        -1.8342515393980589e-06
6                                      5.3231473312622207e-02         1.8604293589046958e-02        -9.5846428873413093e-07        -1.4689801603213529e-01         5.6264383304373902e-02         2.0427776813469654e-06         6.7415238116517695e-01         4.0585574610905929e-02
7                                     -1.8605020312519545e-02        -5.2750350945567959e-02         4.6952279897347360e-07         1.1155433587756822e-01        -2.9153562465121052e-01        -1.8342515393980589e-06         4.0585574610905929e-02         7.3440368268265821e-01
8                                     -1.0410674283516329e-06         7.2297782430574620e-07         9.3056755771019975e-03         2.2920756585982781e-06        -8.6626578649046368e-07        -6.0207955806113017e-02        -1.7999416753657654e-05        -8.4253099648802178e-06
9                                     -4.4025549087638643e-02        -2.8022996615331620e-02         1.8497097161314215e-06        -3.3890579135614815e-02         8.1700899237700228e-02         3.5766377061579598e-07        -3.2488142300251910e-01        -4.6227442466131204e-02
10                                    -2.7018249082266257e-02        -1.4982619483907590e-02         1.0110434971138047e-06         2.6590142035829691e-02         2.8868771151836347e-02        -1.1231423450688884e-06         1.0571598658828309e-02        -1.0910320811901107e-01
11                                     1.1852579716242544e-06         4.9070650845172046e-07        -1.4982417474892571e-03         9.3373837220967275e-07        -2.2578461387964398e-06         5.6565709771123629e-03         7.8654229015085578e-06         2.0595300054542899e-06
12                                    -2.6297255070652246e-02         2.2854184884817014e-02         2.3173368345191139e-07         4.4042449450193769e-04        -2.1149780991124779e-07         9.1621694556973582e-08        -2.6297814079966397e-02        -2.2853851463691441e-02
13                                     6.7123886230523067e-02         2.9968179967122040e-02        -1.8079146093593970e-06        -2.2115534831337436e-07        -6.6331590361129705e-02         8.2434750312038269e-07        -6.7123502161718099e-02         2.9968752571627830e-02
14                                     1.1634043256634166e-07        -6.5574156327773726e-07         7.6856239826000178e-03         1.0260412649674101e-07         3.6194410683413342e-07        -2.1453618520108023e-03         1.5396633887609640e-06         4.9746802067425298e-07
15                                    -3.2488125565208936e-01         4.6228871755166046e-02         5.1100926829723048e-06        -3.3891283569591174e-02        -8.1700486353907947e-02         1.4392730060055401e-06        -4.4025181781442331e-02         2.8023204545797493e-02
16                                    -1.0570174217218949e-02        -1.0910347918400654e-01         9.6387527657748725e-07        -2.6589709964062933e-02         2.8869500234704287e-02         4.1106671238128291e-07         2.7018435609449467e-02        -1.4982985679522892e-02
17                                     5.4978791405117905e-06        -5.5497862679930725e-07        -5.8548251342982693e-02         1.6410700896976158e-06         1.6515449470715238e-06         5.6565674254084666e-03         3.9124142159069385e-07        -2.6733320905210072e-07
18                                    -2.2287619547757306e-02        -3.8848837930352355e-02         1.0183823743175256e-06        -2.1766735769006883e-03         4.8269106264248003e-03         7.4241409221836272e-08         5.0820297520439914e-04        -2.0000086821188286e-03
19                                    -1.7003065473271614e-02        -1.7746260657256884e-02         4.6128385861685114e-07         7.6030403173404839e-04         4.0867315712456807e-03        -1.0534813791931413e-07        -1.3769329085643034e-03        -1.7689779507577240e-03
20                                     1.1344730530885898e-06         1.2083109203819553e-06         5.1659266187360810e-03         8.9601275169110367e-08        -1.9060581858757348e-07         4.7175609093177764e-03        -1.5975190421403295e-07         1.2063505674904035e-07
21                                     2.7836542802272199e-03         4.4182504995241333e-03        -3.5984224854949815e-07         4.8856084659742527e-04        -4.7800778101482972e-09         3.4963949282948847e-07         2.7836311592984390e-03        -4.4182753443240980e-03
22                                    -8.7954656323123242e-05        -3.9847890496815452e-03         7.9656270880961297e-08        -1.7496521187095308e-09         3.0390085442095094e-04        -2.2532625769469843e-08         8.7915757140079190e-05        -3.9847601381368253e-03
23                                    -3.1806402938713030e-09         2.0854383735549960e-08         3.6635604766386358e-03        -6.0053358500939907e-08         4.9743728217225528e-08        -8.0655043759084361e-04         1.8336689688695641e-07         4.0787306080289292e-08
24                                     5.0823506910110266e-04         1.9999834206957437e-03        -1.2370760933955105e-07        -2.1767123535189935e-03        -4.8268665179964669e-03         2.6069735789979219e-07        -2.2287274292220931e-02         3.8848927220072195e-02
25                                     1.3769108949186065e-03        -1.7689987850089931e-03        -2.5750992070428633e-08        -7.6025635836662626e-04         4.0867671069462017e-03        -2.4925006798567087e-08         1.7003123719753419e-02        -1.7746680666219407e-02
26                                    -1.3115067778937867e-07         1.9794242123530626e-08        -1.0936440725732152e-03         2.5309333796340821e-07         3.0423706489846708e-07         4.7175526579379011e-03         6.1281534597062411e-07        -7.1754984166486927e-07
27                                    -4.0064276461573602e-02        -3.3898454641038411e-03         4.6553550906141919e-07        -1.4371377342331848e-01         3.3861404297190544e-07         2.9858559008670943e-06        -4.0064087230346074e-02         3.3901284900379677e-03
28                                    -2.7619369182470432e-02         2.7766139574336920e-03         5.2190514168167957e-07         3.3011441429841903e-07        -4.1414188967050493e-02         1.7871156547237792e-07         2.7619653612300170e-02         2.7764128427502921e-03
29                                     1.3038044583571705e-06        -7.0973358512287496e-08         4.7227524684450902e-03         1.9124240671078288e-06         3.9640566435255325e-07        -2.5248554403263769e-02         9.8973216511220489e-07        -1.1467740953784352e-07
30                                    -1.2484594900207600e-01         1.2510823953275252e-01         5.5800019420077281e-08         1.0331010115143370e-02        -1.4424225365059395e-02         2.1937033559445580e-07        -1.3742570013207474e-03        -3.2570512824222552e-03
31                                     1.2533106985501719e-01        -2.7242588133664475e-01         1.3408939792478056e-06         1.4848150093207540e-02        -1.8038283551193038e-02        -4.0405898047180533e-07        -3.8535960021237087e-03        -2.8518579141859450e-03
32                                     1.6115470512013416e-07         9.9124474447270455e-07        -3.2254201489187201e-02        -5.0028309570621910e-07         8.3752713470218554e-07         2.8079722735454629e-03         2.1195879950457719e-07         1.9849785538115777e-07
33                                    -1.3742169429651191e-03         3.2570434324661599e-03         1.0272004439217622e-07         1.0331010826811364e-02         1.4424023204576204e-02        -3.6535855919052825e-07        -1.2484763519235111e-01        -1.2510930582589599e-01
34                                     3.8535915861003123e-03        -2.8519121454059666e-03        -1.5031558347536993e-07        -1.4848336476715476e-02        -1.8038280462674514e-02         8.6483988426619832e-07        -1.2533216315667059e-01        -2.7242440203242402e-01
35                                     2.0418753199726533e-07         1.9678527849749361e-08         4.8968605746793617e-03        -1.8574523571239934e-07        -8.1438936693866958e-07         2.8079811698113050e-03         5.1479612611755743e-06         8.0553082518619527e-06
                                                         8                           9                          10                          11                          12                          13                          14                          15

0                                     -1.0410674283516329e-06        -4.4025549087638643e-02        -2.7018249082266257e-02         1.1852579716242544e-06        -2.6297255070652246e-02         6.7123886230523067e-02         1.1634043256634166e-07        -3.2488125565208936e-01
1                                      7.2297782430574620e-07        -2.8022996615331620e-02        -1.4982619483907590e-02         4.9070650845172046e-07         2.2854184884817014e-02         2.9968179967122040e-02        -6.5574156327773726e-07         4.6228871755166046e-02
2                                      9.3056755771019975e-03         1.8497097161314215e-06         1.0110434971138047e-06        -1.4982417474892571e-03         2.3173368345191139e-07        -1.8079146093593970e-06         7.6856239826000178e-03         5.1100926829723048e-06
3                                      2.2920756585982781e-06        -3.3890579135614815e-02         2.6590142035829691e-02         9.3373837220967275e-07         4.4042449450193769e-04        -2.2115534831337436e-07         1.0260412649674101e-07        -3.3891283569591174e-02
4                                     -8.6626578649046368e-07         8.1700899237700228e-02         2.8868771151836347e-02        -2.2578461387964398e-06        -2.1149780991124779e-07        -6.6331590361129705e-02         3.6194410683413342e-07        -8.1700486353907947e-02
5                                     -6.0207955806113017e-02         3.5766377061579598e-07        -1.1231423450688884e-06         5.6565709771123629e-03         9.1621694556973582e-08         8.2434750312038269e-07        -2.1453618520108023e-03         1.4392730060055401e-06
6                                     -1.7999416753657654e-05        -3.2488142300251910e-01         1.0571598658828309e-02         7.8654229015085578e-06        -2.6297814079966397e-02        -6.7123502161718099e-02         1.5396633887609640e-06        -4.4025181781442331e-02
7                                     -8.4253099648802178e-06        -4.6227442466131204e-02        -1.0910320811901107e-01         2.0595300054542899e-06        -2.2853851463691441e-02         2.9968752571627830e-02         4.9746802067425298e-07         2.8023204545797493e-02
8                                      1.1816191747294938e-01         9.5867335208516091e-06         6.1060870740728135e-07        -5.8548298447310229e-02         4.9688514385161863e-07         1.1533478110386628e-06         7.6856191415633351e-03         1.4295269716206244e-06
9                                      9.5867335208516091e-06         6.0992300394168708e-01         5.5656280864729443e-02        -1.2696211879759828e-05        -1.4821067656044140e-01        -6.3412064542164609e-02         1.0069849049929813e-06         5.8631459318822146e-02
10                                     6.1060870740728135e-07         5.5656280864729443e-02         5.1708028676827744e-01        -3.7757020583122271e-06        -1.1630200751447047e-01        -2.4082522494170266e-01         1.8775377979752888e-06         2.7488364319401628e-02
11                                    -5.8548298447310229e-02        -1.2696211879759828e-05        -3.7757020583122271e-06         1.2100319593964520e-01         2.1806764639431932e-06         1.3365342599577858e-06        -6.0003579163085047e-02        -1.4199908819535452e-06
12                                     4.9688514385161863e-07        -1.4821067656044140e-01        -1.1630200751447047e-01         2.1806764639431932e-06         5.1532684590492839e-01         1.2299457599780888e-07        -7.2083346594092665e-06        -1.4820954727094707e-01
13                                     1.1533478110386628e-06        -6.3412064542164609e-02        -2.4082522494170266e-01         1.3365342599577858e-06         1.2299457599780888e-07         6.0582814404323004e-01        -3.2209867296945490e-06         6.3411740729126753e-02
14                                     7.6856191415633351e-03         1.0069849049929813e-06         1.8775377979752888e-06        -6.0003579163085047e-02        -7.2083346594092665e-06        -3.2209867296945490e-06         1.1319443367420069e-01         9.3977693744167672e-07
15                                     1.4295269716206244e-06         5.8631459318822146e-02         2.7488364319401628e-02        -1.4199908819535452e-06        -1.4820954727094707e-01         6.3411740729126753e-02         9.3977693744167672e-07         6.0992266008451790e-01
16                                    -1.0103858854686949e-06        -2.7489132834995534e-02        -5.8478265123692655e-02         1.4968962479682976e-06         1.1630173081411666e-01        -2.4082681375239665e-01        -5.7879392146421010e-07        -5.5657150947074657e-02
17                                    -1.4982469605098921e-03        -1.1136065754796181e-06        -6.2474293588978876e-07         5.7556045686035784e-03         8.7010116246874223e-07         7.8545625839022329e-07        -6.0003548267120621e-02        -1.0230890886782221e-05
18                                    -1.0291153955855114e-07        -1.4326329815881355e-03         1.1252705082261576e-03         1.5451815750390109e-07         1.0328496833691553e-03         1.3401727161151608e-03         1.5907009895226794e-07        -6.7225493291700605e-02
19                                     5.6826707709197902e-09         6.2636305659443271e-03         1.2256409307344973e-03         4.9829521584196373e-08        -2.0507202941695748e-02        -4.0582869226107501e-02         1.0439813748071130e-06        -4.4003606454551314e-02
20                                    -1.0936553044869437e-03         2.8526294672378329e-07         1.5871649145434803e-07         3.7666070395121036e-03         2.7693183734956629e-07         4.3915857720762889e-07         4.4068364999321243e-03         1.2896125372805004e-06
21                                    -1.3767130678849451e-07        -3.9280099042850701e-02        -2.3810307748716106e-03         8.7786600739650791e-07        -1.6072603438729477e-01         3.1258199866983197e-07         2.7048734408930213e-06        -3.9280102744969139e-02
22                                     4.4019471883860378e-08        -2.2767798907755699e-02         2.1664041370677428e-04         6.0743316254978486e-07         2.5456133818865902e-07        -4.0451999185103914e-02        -2.2002464787522146e-08         2.2768049584598549e-02
23                                     3.6635575109132674e-03         7.7902009284376934e-07         1.2460898658674288e-07         3.6041442231547482e-03         2.8230958773730273e-06         1.1756507404053146e-07        -2.4457523467823337e-02         7.7652066079739066e-07
24                                    -1.8116427618543570e-07        -6.7224773652270323e-02         4.8993647480442867e-02         1.6821345042620328e-07         1.0330083224560516e-03        -1.3404778399752210e-03         8.2719206011809116e-08        -1.4326951717468599e-03
25                                     3.2559568157688492e-07         4.4003190806327003e-02        -1.2385946426862407e-01         2.3535477582376200e-07         2.0506925243654196e-02        -4.0582886765291100e-02         4.0764618429222499e-07        -6.2635897505161318e-03
26                                     5.1659583882698486e-03        -2.2048557529406038e-07         1.0224234761518914e-06        -2.6140074698403175e-02        -1.7340369237600407e-07         4.2970793114470950e-07         4.4068175732992175e-03         6.9254779670859636e-08
27                                     5.7066431868114244e-07         3.5480874207615993e-03         2.9601726174571619e-03        -4.4269982429344828e-08        -2.9280697144504599e-04         6.2252967535534445e-09        -5.3264281164921351e-09         3.5480695976744872e-03
28                                    -5.3184793489299037e-07        -1.5506325313803058e-03        -3.4196060831888008e-03         1.0124610437263957e-07         2.1771785311201472e-08         2.0532994604941408e-03        -2.4267609806886448e-08         1.5505838014477648e-03
29                                     4.7227615804915826e-03        -1.9655247094653770e-07        -2.3539877106124797e-07         4.5877446667592151e-03         5.8250855071004244e-08         9.1603346363217086e-08        -9.9721367053428179e-04         4.9187404528101364e-08
30                                     1.1459738498722380e-07        -8.6475842741587849e-04        -6.9949951834503542e-04         5.7169618341211598e-08        -3.8994953024501068e-03        -1.5977296214406021e-03         2.1310328598106164e-07        -1.2291889562843144e-02
