
$orca_hessian_file

$act_atom
  0

$act_coord
  0

$act_energy
        0.000000

$multiplicity
  1

$hessian
45
                    0                  1                  2                  3                  4        
    0      5.3883253686E-01  -4.9745473413E-02   1.6018497160E-06  -1.2656738414E-01  -5.4210124412E-02
    1     -4.9745473413E-02   5.1857088813E-01   2.1640606537E-06  -6.2096739860E-02  -1.6937938504E-01
    2      1.6018497160E-06   2.1640606537E-06   5.2806542946E-01  -4.8652196878E-07  -5.1321830286E-07
    3     -1.2656738414E-01  -6.2096739860E-02  -4.8652196878E-07   6.4132370660E-01   3.7907102284E-03
    4     -5.4210124412E-02  -1.6937938504E-01  -5.1321830286E-07   3.7907102284E-03   6.3576751889E-01
    5      8.6563663249E-08   2.6606359179E-07  -6.9246495935E-02  -9.0607871058E-07   5.0677638855E-07
    6     -2.4208780725E-02  -7.2628058974E-03  -2.0788611105E-07  -3.0275049525E-01  -1.4916007580E-02
    7     -2.9642261098E-02   1.8958613550E-03  -2.1052535938E-07   5.0067116962E-02  -1.2457688321E-01
    8      2.9748761747E-07  -1.9587217220E-07   6.1348229153E-03   1.8984759475E-07  -1.9435097213E-07
    9     -2.4372077154E-03   2.9298538349E-03  -2.1051427434E-07  -3.9115791208E-02  -2.1073650689E-02
   10      3.3650434010E-03   1.3146573463E-03  -3.0434627644E-07  -6.3148945987E-02   4.1772428142E-02
   11      2.0440157972E-07  -2.9835451335E-07   8.3820930908E-03  -1.5187473842E-07   1.4390826580E-07
   12     -1.3777292386E-03  -1.7971940418E-06   1.8086957002E-07  -3.7691411062E-02   3.1724409213E-02
   13     -1.3707985590E-03  -5.1167113772E-04   2.4532198437E-07   3.1659264924E-02  -2.1352568311E-02
   14     -6.5708752807E-09  -1.0469959670E-08  -1.1856072941E-03   8.9262124259E-08  -2.9265443404E-08
   15     -1.4385837493E-03   3.8504897943E-03  -1.0060541379E-07   5.5809085974E-02  -3.2932873877E-02
   16      5.3567752404E-03  -1.7328808785E-03  -3.0318271589E-07   8.4046129923E-03  -5.1298899738E-02
   17     -9.4183917047E-08   5.0363674732E-08   5.3787623013E-03   2.9002757888E-08  -1.6196480426E-07
   18      1.2525447847E-02  -1.3245594892E-02   1.4992256925E-07  -1.2285080846E-01   8.1450894896E-02
   19      3.8767116781E-03  -3.2451852214E-02  -2.0286650032E-07   2.7179731698E-02  -2.7431060448E-01
   20     -2.4458387124E-07   1.2488659286E-07   2.9313209911E-03   2.8662060959E-07  -5.3225493703E-07
   21     -7.4251530875E-04  -4.3369447354E-03  -1.0543171131E-07  -3.6211209121E-02   7.3871331546E-03
   22      4.3120586195E-03  -1.8829243642E-03  -4.6681470872E-07   2.7667696946E-02  -2.2503574976E-03
   23      5.3285834085E-08  -1.0178232543E-07  -2.8507382670E-03   1.4999740467E-07  -1.0490729514E-07
   24     -1.3136922481E-01   6.1130103485E-04   1.2558941656E-01  -1.4859509898E-02  -3.5154701585E-03
   25     -1.1210531273E-03  -4.5834480773E-02   2.2739204098E-03  -1.6299873172E-02  -1.1658753081E-03
   26      1.2450408095E-01   1.6579965411E-03  -2.1283294834E-01  -1.5589104175E-03   1.2407780275E-03
   27     -1.3140276333E-01   6.2127116887E-04  -1.2560088233E-01  -1.4861255837E-02  -3.5139112056E-03
   28     -1.1105980809E-03  -4.5834948498E-02  -2.2590384652E-03  -1.6302387808E-02  -1.1632101642E-03
   29     -1.2451597463E-01  -1.6443842393E-03  -2.1280213346E-01   1.5598940612E-03  -1.2403279784E-03
   30     -1.3330996439E-01   1.2665721451E-01   1.0418756082E-05   1.0587450248E-02  -1.7626511356E-02
   31      1.2191215760E-01  -2.2487590166E-01  -1.5371988369E-05   1.5656001831E-02  -2.3781530191E-02
   32      1.0219987736E-05  -1.5965144896E-05  -4.6675824738E-02   2.0782025133E-08   7.7616811274E-07
   33      1.2833569111E-03   2.3975994354E-03   1.3583294530E-07  -1.0499369250E-02   2.8900138138E-02
   34     -1.6674343338E-03   8.9011757106E-04   2.6756608523E-08   1.8176947766E-04  -2.5736141182E-03
   35     -1.3644482062E-07   2.2857797549E-07  -4.6456482305E-03  -5.8893125858E-08  -1.5227916807E-07
   36     -7.6280264201E-04   3.7612366553E-04   7.0343013894E-09   4.7838902546E-04  -3.5140191009E-03
   37     -9.5730919181E-04   4.8178599874E-04  -9.9219329729E-09  -2.8876399582E-03  -3.7564577149E-03
   38     -9.3455928481E-09   4.3154435911E-08   6.4622678638E-05  -3.5184596216E-08  -8.0296426796E-08
   39      2.0240811994E-04   1.6013698877E-05   4.5155953957E-08  -7.9768676731E-04   8.5670172786E-04
   40      2.7876375333E-05   8.3355685704E-05   5.8692784325E-08   8.4753753340E-04  -6.0958037897E-05
   41     -1.2862832987E-08   3.4666018705E-08  -9.7657606790E-04  -4.1130512051E-08   2.0085815113E-08
   42      7.7320631813E-04  -7.2574596217E-04  -4.4221520891E-08  -1.9937108516E-03  -3.1948683707E-03
   43      9.2966410682E-04  -7.3262151701E-04   2.9110103070E-08  -4.3314064150E-03  -1.8696032240E-03
   44      1.5636106158E-08   2.4526563877E-08   2.5892089916E-04  -1.0296715066E-08  -2.5666255812E-08
                    5                  6                  7                  8                  9        
    0      8.6563663249E-08  -2.4208780725E-02  -2.9642261098E-02   2.9748761747E-07  -2.4372077154E-03
    1      2.6606359179E-07  -7.2628058974E-03   1.8958613550E-03  -1.9587217220E-07   2.9298538349E-03
    2     -6.9246495935E-02  -2.0788611105E-07  -2.1052535938E-07   6.1348229153E-03  -2.1051427434E-07
    3     -9.0607871058E-07  -3.0275049525E-01   5.0067116962E-02   1.8984759475E-07  -3.9115791208E-02
    4      5.0677638855E-07  -1.4916007580E-02  -1.2457688321E-01  -1.9435097213E-07  -2.1073650689E-02
    5      1.6806286828E-01   2.3805459485E-08  -8.4146901718E-09  -6.1172320455E-02   7.8973025073E-08
    6      2.3805459485E-08   6.5192214631E-01  -1.4167066338E-02   1.2190080599E-07  -1.9803046912E-01
    7     -8.4146901718E-09  -1.4167066338E-02   7.2261637453E-01   1.7504463530E-06  -1.2686045639E-01
    8     -6.1172320455E-02   1.2190080599E-07   1.7504463530E-06   1.2506896291E-01  -4.6940080015E-07
    9      7.8973025073E-08  -1.9803046912E-01  -1.2686045639E-01  -4.6940080015E-07   7.3293901029E-01
   10     -4.1572378280E-08  -6.9517390007E-02  -2.5911467827E-01  -5.7826983356E-07  -1.0579643110E-02
   11      2.9629649177E-03  -3.4390893307E-07  -6.3098028912E-07  -5.3997561578E-02   7.0574353214E-07
   12     -1.4760064151E-08   5.6432022009E-02   8.4811897222E-03   1.1074728568E-07  -1.5728017229E-01
   13     -1.0635512013E-07  -3.3350955094E-02  -5.9172388546E-02  -1.8309489600E-07   1.0318015542E-01
   14     -3.4748368185E-03  -1.2397042168E-07  -1.5166691781E-07   4.5417886386E-03   1.1810631287E-07
   15     -2.2511177282E-07  -4.8395821902E-02  -2.3782200641E-02  -1.8032685251E-07  -2.0202400606E-02
   16     -4.1270738525E-08  -2.2193934277E-02  -1.1529171922E-02  -8.4189987163E-08   3.4812882649E-02
   17      7.0990397298E-03  -4.5060550699E-08  -1.7619945060E-08  -4.0984243253E-03   2.4967646249E-08
   18      3.3786800132E-07  -2.2133949021E-02   3.0514438108E-02   5.6536083247E-08   6.0390041675E-04
   19     -5.6052529371E-07   8.1276584617E-02   1.9673531302E-02   2.0139046087E-07  -6.2314300005E-03
   20     -6.7006510675E-02   2.5845256043E-07   6.6501664311E-08   5.8736202945E-03  -1.4004782834E-07
   21      2.0459924238E-07   3.8372698379E-03   5.4819885274E-03   8.8199340610E-08  -2.2318344704E-03
   22     -1.1729674031E-07  -1.1672346790E-03  -5.1890716864E-03  -5.3367725535E-08   8.2451998026E-06
   23      4.3744560812E-03  -2.0615275182E-08  -5.8060931198E-08   4.7307796866E-03   5.9939977707E-09
   24      1.3805584521E-02  -2.7503814373E-04  -2.5853489908E-03   2.1834580428E-04  -6.6737794349E-04
   25      2.2737097673E-02  -7.9832683945E-05  -2.3955113827E-03   1.1640959027E-04  -4.4798369675E-04
   26      2.6175920839E-03  -7.8004379955E-04  -1.0444093485E-04  -3.7713404393E-04  -1.7213617658E-04
   27     -1.3803751237E-02  -2.7512434631E-04  -2.5856626640E-03  -2.1869453669E-04  -6.6747183335E-04
   28     -2.2735353961E-02  -8.0349691890E-05  -2.3962647794E-03  -1.1633627906E-04  -4.4811626617E-04
   29      2.6169773340E-03   7.7992657044E-04   1.0441123559E-04  -3.7715942149E-04   1.7229915527E-04
   30     -1.5809617297E-06   8.1429829290E-04  -1.9568118558E-03  -4.2379728830E-08   3.0037807928E-04
   31     -1.6588378602E-06   3.0946158070E-03   1.5760538681E-03   1.5390883193E-07  -4.2289642180E-04
   32     -2.1867941598E-03   1.0731224878E-07   4.5240761201E-08  -1.3119335755E-04  -2.1693175547E-08
   33      7.7369505458E-08  -1.0098139483E-01   1.0018915404E-01   2.3821264712E-07   1.1259284727E-02
   34     -6.7798298973E-08   1.0116342472E-01  -2.8509489721E-01  -8.1765400151E-07   1.2921929515E-02
   35      3.2388244915E-03   2.7399848862E-07  -8.2613080660E-07  -3.3884695064E-02   7.3099551793E-08
   36     -1.1097716527E-08  -1.5012289283E-02   4.7553599963E-03   1.4409343281E-08  -3.2984078157E-01
   37     -1.4431456229E-08  -2.6191280325E-02   7.1176456363E-03  -7.4008363512E-09   3.1655333295E-02
   38      7.5744180944E-03  -6.0544820348E-08   1.4238097215E-08   1.0806757358E-03  -3.0147381635E-07
   39      1.6322689503E-08   6.5438422085E-05   2.9578932734E-03  -6.1024266988E-09   1.1209228820E-02
   40      3.2549051354E-09   4.1504391872E-03  -3.9641691379E-03  -1.4569828642E-09  -1.9622151727E-02
   41     -1.0492701148E-03   2.2401112719E-08  -1.1884493316E-08   7.2397749262E-03  -5.4250067358E-09
   42      2.0049128791E-08  -1.0078122547E-03  -8.2135790926E-04  -1.2261597396E-09  -5.8382955698E-03
   43     -6.0880441699E-09  -8.0418250914E-04   5.5356946887E-04  -4.3876828554E-09   1.9810549756E-04
   44      5.5890871430E-03   4.2172211813E-08   9.5440514641E-09  -6.3193686573E-04  -1.4344728147E-08
                   10                 11                 12                 13                 14        
    0      3.3650434010E-03   2.0440157972E-07  -1.3777292386E-03  -1.3707985590E-03  -6.5708752807E-09
    1      1.3146573463E-03  -2.9835451335E-07  -1.7971940418E-06  -5.1167113772E-04  -1.0469959670E-08
    2     -3.0434627644E-07   8.3820930908E-03   1.8086957002E-07   2.4532198437E-07  -1.1856072941E-03
    3     -6.3148945987E-02  -1.5187473842E-07  -3.7691411062E-02   3.1659264924E-02   8.9262124259E-08
    4      4.1772428142E-02   1.4390826580E-07   3.1724409213E-02  -2.1352568311E-02  -2.9265443404E-08
    5     -4.1572378280E-08   2.9629649177E-03  -1.4760064151E-08  -1.0635512013E-07  -3.4748368185E-03
    6     -6.9517390007E-02  -3.4390893307E-07   5.6432022009E-02  -3.3350955094E-02  -1.2397042168E-07
    7     -2.5911467827E-01  -6.3098028912E-07   8.4811897222E-03  -5.9172388546E-02  -1.5166691781E-07
    8     -5.7826983356E-07  -5.3997561578E-02   1.1074728568E-07  -1.8309489600E-07   4.5417886386E-03
    9     -1.0579643110E-02   7.0574353214E-07  -1.5728017229E-01   1.0318015542E-01   1.1810631287E-07
   10      6.5757565010E-01   1.1866484589E-06   4.6328511807E-02  -2.9821975456E-01  -1.4280376146E-07
   11      1.1866484589E-06   1.2067995589E-01  -3.2536416170E-08  -2.0740413504E-07  -5.5065083437E-02
   12      4.6328511807E-02  -3.2536416170E-08   6.7694733940E-01   3.8519313214E-02   1.8433517354E-07
   13     -2.9821975456E-01  -2.0740413504E-07   3.8519313214E-02   7.0818485820E-01   5.4572443455E-07
   14     -1.4280376146E-07  -5.5065083437E-02   1.8433517354E-07   5.4572443455E-07   1.2364045739E-01
   15      7.6769874713E-02   1.7080598602E-07  -3.2720555084E-01  -8.6938761109E-03  -1.3102524933E-07
   16      1.8155473679E-02   6.2195791413E-08   5.2750391410E-02  -1.2725790650E-01  -1.2033562464E-07
   17      1.4894251272E-08   5.7039823642E-03   7.4461613529E-08  -8.4528321983E-08  -5.7440620965E-02
   18     -8.0531419728E-03   2.8617813429E-08  -4.3895081714E-02  -1.7305244925E-02  -1.8394705296E-08
   19     -6.5244339603E-02  -1.5990806879E-07  -7.0247254150E-02   4.0490726309E-02   9.6835174670E-08
   20     -3.4884625853E-07  -4.4473430170E-03  -1.4115415566E-07   1.4329520073E-07   5.9230091032E-03
   21      9.9003625596E-04   7.0912230471E-09   3.8796135913E-03  -7.1483155949E-03  -1.3671612910E-08
   22      1.0051838478E-03  -5.0279879466E-08  -2.3936959306E-04  -2.7899362962E-03   2.0058589252E-08
   23      2.3542782514E-08  -8.0708171583E-04   2.4709733337E-09  -9.9323887572E-09   5.0433119692E-03
   24     -2.3687564972E-04  -1.2381026654E-03   1.6231927364E-04   8.0404392965E-05   1.1781477633E-04
   25     -1.5275442884E-04  -1.0403669632E-03  -4.7849922533E-04  -1.3531530132E-04   2.1854112208E-04
   26      7.0741922531E-05  -2.7913646881E-04  -5.0777912761E-06  -4.4624516370E-05  -3.5725520970E-05
   27     -2.3693470810E-04   1.2378841661E-03   1.6222413867E-04   8.0542147849E-05  -1.1776630449E-04
   28     -1.5242315625E-04   1.0403281876E-03  -4.7836605807E-04  -1.3539415004E-04  -2.1850331050E-04
   29     -7.0472501873E-05  -2.7911825225E-04   5.0623751637E-06   4.4485168652E-05  -3.5726132032E-05
   30      6.7678438836E-06  -5.9127524020E-08   2.0766345263E-05  -6.2144742917E-05  -3.4240366897E-08
   31     -9.5390969521E-05   1.2245874700E-07  -1.9312966761E-04   4.2341520851E-04  -3.5854036602E-08
   32      2.3858802482E-08  -2.7549474095E-04  -1.2010116896E-07   8.5990544257E-09   9.5601539839E-05
   33     -1.7816492600E-02  -4.6907465711E-08  -1.5206494102E-03  -3.5384916354E-03   3.0188348223E-09
   34     -1.8881285669E-02  -1.9465304793E-09  -4.6787050970E-03  -2.3162074888E-03  -4.4462653147E-08
   35     -6.2573020453E-09   1.6276503851E-03  -4.9337173369E-09  -5.0064026146E-08   7.2593556385E-03
   36      3.1524430935E-02  -2.8989897081E-07  -9.0220320449E-03  -9.3346729310E-04  -1.8744415505E-08
   37     -6.2041218934E-02  -3.1843906926E-08   2.9753906294E-02   1.6568957059E-03   2.7090360447E-08
   38     -3.9289119252E-08  -3.2768730163E-02   3.3635902138E-08   9.3325777367E-09   1.2134531331E-03
   39      1.1162259301E-02   1.8198573743E-08  -1.5201299981E-01  -1.3060076022E-01  -1.6388925755E-07
   40     -1.7897726538E-02  -4.4224051673E-08  -1.3077431953E-01  -2.4003079180E-01  -1.9258300003E-07
   41     -6.1257064395E-08   1.5742093935E-03  -1.9335450165E-07  -1.8933144908E-07  -3.3168927765E-02
   42     -5.7767733249E-04   9.3148669373E-10  -7.5986583578E-03   2.9468404725E-02   4.6000434297E-08
   43      1.9761790143E-03   2.3017541301E-09  -4.5031179530E-04   1.1660386674E-03   7.2955607325E-10
   44     -4.9518971227E-08   6.9886933361E-03  -4.2952201045E-08   1.6976503648E-08   2.6895505163E-03
                   15                 16                 17                 18                 19        
    0     -1.4385837493E-03   5.3567752404E-03  -9.4183917047E-08   1.2525447847E-02   3.8767116781E-03
    1      3.8504897943E-03  -1.7328808785E-03   5.0363674732E-08  -1.3245594892E-02  -3.2451852214E-02
    2     -1.0060541379E-07  -3.0318271589E-07   5.3787623013E-03   1.4992256925E-07  -2.0286650032E-07
    3      5.5809085974E-02   8.4046129923E-03   2.9002757888E-08  -1.2285080846E-01   2.7179731698E-02
    4     -3.2932873877E-02  -5.1298899738E-02  -1.6196480426E-07   8.1450894896E-02  -2.7431060448E-01
    5     -2.2511177282E-07  -4.1270738525E-08   7.0990397298E-03   3.3786800132E-07  -5.6052529371E-07
    6     -4.8395821902E-02  -2.2193934277E-02  -4.5060550699E-08  -2.2133949021E-02   8.1276584617E-02
    7     -2.3782200641E-02  -1.1529171922E-02  -1.7619945060E-08   3.0514438108E-02   1.9673531302E-02
    8     -1.8032685251E-07  -8.4189987163E-08  -4.0984243253E-03   5.6536083247E-08   2.0139046087E-07
    9     -2.0202400606E-02   3.4812882649E-02   2.4967646249E-08   6.0390041675E-04  -6.2314300005E-03
   10      7.6769874713E-02   1.8155473679E-02   1.4894251272E-08  -8.0531419728E-03  -6.5244339603E-02
   11      1.7080598602E-07   6.2195791413E-08   5.7039823642E-03   2.8617813429E-08  -1.5990806879E-07
   12     -3.2720555084E-01   5.2750391410E-02   7.4461613529E-08  -4.3895081714E-02  -7.0247254150E-02
   13     -8.6938761109E-03  -1.2725790650E-01  -8.4528321983E-08  -1.7305244925E-02   4.0490726309E-02
   14     -1.3102524933E-07  -1.2033562464E-07  -5.7440620965E-02  -1.8394705296E-08   9.6835174670E-08
   15      6.6782928467E-01  -3.7680764183E-02  -2.1442252961E-07  -1.6295386804E-01  -6.6969053908E-02
   16     -3.7680764183E-02   7.2200975155E-01   6.6298659999E-07  -1.2397533916E-01  -2.6596338718E-01
   17     -2.1442252961E-07   6.6298659999E-07   1.2660787514E-01  -7.9799695874E-08  -8.1995553554E-08
   18     -1.6295386804E-01  -1.2397533916E-01  -7.9799695874E-08   4.6342434866E-01   3.5610867376E-02
   19     -6.6969053908E-02  -2.6596338718E-01  -8.1995553554E-08   3.5610867376E-02   6.4132324395E-01
   20      2.0511351864E-07  -3.9342820738E-09  -6.1030820703E-02  -7.1522262765E-07   8.6088926224E-07
   21     -4.5783362906E-02   3.0574263409E-03   2.9790841278E-07  -1.2122630907E-01   1.0411925474E-02
   22     -2.1356827868E-02   6.1970688272E-03  -1.6014497979E-09   8.4327077482E-03  -4.3239723332E-02
   23      7.5011978316E-08  -3.2638821946E-08   3.9766144924E-03   4.0363218122E-07  -8.9396322667E-08
   24     -5.6497683044E-04  -3.6616084458E-04  -3.4007574687E-04  -6.9219866719E-04   2.3887917645E-03
   25      1.1330361660E-04   4.4827850073E-04  -9.7096680133E-04  -2.0548342523E-03   4.1827022050E-04
   26     -1.0960775816E-04   1.8976368669E-04  -1.4519885688E-04   1.4456203108E-03  -4.5693941184E-04
   27     -5.6482473882E-04  -3.6613628505E-04   3.3997100936E-04  -6.9227485595E-04   2.3887424112E-03
   28      1.1323265393E-04   4.4830887810E-04   9.7080698070E-04  -2.0546682930E-03   4.1855514282E-04
   29      1.0964109604E-04  -1.8969923666E-04  -1.4518432912E-04  -1.4457547945E-03   4.5679307855E-04
   30      7.3806485581E-04  -7.9226155755E-04   1.0527886933E-07  -3.6211289268E-03  -2.9437290938E-03
   31      1.4656395577E-03  -8.5997451012E-04   9.2256210799E-08  -3.9206328221E-03  -3.1083207078E-03
   32      9.4798639102E-08   6.6313101599E-08   3.7673381360E-04  -2.7610218004E-08   3.9219007751E-08
   33     -1.0583283275E-03  -6.9225126015E-04  -7.0142757428E-09  -4.2341732121E-03  -7.0984196265E-04
   34     -6.0748070136E-04   5.3398827846E-04   7.8329784127E-09   2.8307250932E-04   1.6077344082E-03
   35     -4.6003921522E-08  -2.2998272842E-08  -1.1046401534E-03   9.5370007211E-09   4.9196668569E-08
   36      1.3764400362E-03   2.7954991278E-03   4.5819278679E-10   9.1068745901E-04  -3.4581713276E-04
   37      1.9100713469E-03  -5.1673900335E-03  -1.7680829291E-08  -3.1654891868E-04  -1.7935549424E-03
   38      2.3545646672E-08  -1.0283036613E-08   7.4733481478E-03   8.1913837343E-09  -6.5145386425E-09
   39     -1.4513733905E-02  -2.7195363099E-02  -2.8614034160E-08  -3.8480141740E-03   1.9086667755E-03
   40      3.8670061636E-03   5.7294622883E-03   2.2767400544E-10   1.0588744241E-03   1.6138266836E-03
   41      2.0109715141E-08  -1.2415722006E-08   1.8401463119E-03   2.3533042490E-08  -2.2133771875E-08
   42     -1.0307142370E-01   1.0642889533E-01   1.3279120356E-07   8.6834217554E-03  -1.7634630088E-02
   43      1.0358918702E-01  -2.8971272124E-01  -2.7511965495E-07   1.3614884715E-02  -1.9434105556E-02
   44      1.8373619724E-07  -2.5292652520E-07  -3.4491612972E-02  -1.1907665518E-08  -8.2771291605E-08
                   20                 21                 22                 23                 24        
    0     -2.4458387124E-07  -7.4251530875E-04   4.3120586195E-03   5.3285834085E-08  -1.3136922481E-01
    1      1.2488659286E-07  -4.3369447354E-03  -1.8829243642E-03  -1.0178232543E-07   6.1130103485E-04
    2      2.9313209911E-03  -1.0543171131E-07  -4.6681470872E-07  -2.8507382670E-03   1.2558941656E-01
    3      2.8662060959E-07  -3.6211209121E-02   2.7667696946E-02   1.4999740467E-07  -1.4859509898E-02
    4     -5.3225493703E-07   7.3871331546E-03  -2.2503574976E-03  -1.0490729514E-07  -3.5154701585E-03
    5     -6.7006510675E-02   2.0459924238E-07  -1.1729674031E-07   4.3744560812E-03   1.3805584521E-02
    6      2.5845256043E-07   3.8372698379E-03  -1.1672346790E-03  -2.0615275182E-08  -2.7503814373E-04
    7      6.6501664311E-08   5.4819885274E-03  -5.1890716864E-03  -5.8060931198E-08  -2.5853489908E-03
    8      5.8736202945E-03   8.8199340610E-08  -5.3367725535E-08   4.7307796866E-03   2.1834580428E-04
    9     -1.4004782834E-07  -2.2318344704E-03   8.2451998026E-06   5.9939977707E-09  -6.6737794349E-04
   10     -3.4884625853E-07   9.9003625596E-04   1.0051838478E-03   2.3542782514E-08  -2.3687564972E-04
   11     -4.4473430170E-03   7.0912230471E-09  -5.0279879466E-08  -8.0708171583E-04  -1.2381026654E-03
   12     -1.4115415566E-07   3.8796135913E-03  -2.3936959306E-04   2.4709733337E-09   1.6231927364E-04
   13      1.4329520073E-07  -7.1483155949E-03  -2.7899362962E-03  -9.9323887572E-09   8.0404392965E-05
   14      5.9230091032E-03  -1.3671612910E-08   2.0058589252E-08   5.0433119692E-03   1.1781477633E-04
   15      2.0511351864E-07  -4.5783362906E-02  -2.1356827868E-02   7.5011978316E-08  -5.6497683044E-04
   16     -3.9342820738E-09   3.0574263409E-03   6.1970688272E-03  -3.2638821946E-08  -3.6616084458E-04
   17     -6.1030820703E-02   2.9790841278E-07  -1.6014497979E-09   3.9766144924E-03  -3.4007574687E-04
   18     -7.1522262765E-07  -1.2122630907E-01   8.4327077482E-03   4.0363218122E-07  -6.9219866719E-04
   19      8.6088926224E-07   1.0411925474E-02  -4.3239723332E-02  -8.9396322667E-08   2.3887917645E-03
   20      1.2359335798E-01   3.4874017943E-07  -9.0409557707E-08  -2.5199870510E-02  -4.0680257309E-04
   21      3.4874017943E-07   1.9901064946E-01  -1.8644578315E-02  -8.9464190595E-07   1.0157797645E-03
   22     -9.0409557707E-08  -1.8644578315E-02   4.7713335556E-02   5.0402278963E-07   1.9553195720E-04
   23     -2.5199870510E-02  -8.9464190595E-07   5.0402278963E-07   1.4048475140E-02  -9.2271283371E-05
   24     -4.0680257309E-04   1.0157797645E-03   1.9553195720E-04  -9.2271283371E-05   1.4607998440E-01
   25     -3.2573808124E-04   1.2516983631E-03  -6.3522061605E-04   4.9344011467E-04   4.6821606045E-03
   26      9.2574977676E-04  -6.9816065329E-04  -3.7025978279E-04  -3.9545693985E-05  -1.3625055201E-01
   27      4.0696470733E-04   1.0158073042E-03   1.9616669002E-04   9.2460485210E-05   1.1113854799E-02
   28      3.2567267985E-04   1.2518749743E-03  -6.3586653563E-04  -4.9356033399E-04   4.7648954782E-04
   29      9.2583371823E-04   6.9827161170E-04   3.7032769416E-04  -3.9579138552E-05  -1.5978015408E-02
   30      4.4789001393E-08   2.0100858755E-04   1.0417625799E-03  -1.7767877467E-08  -9.9637688730E-03
   31     -1.7412117502E-07  -5.6169044056E-04   1.3999729437E-04  -2.9890927233E-08  -1.3323871243E-03
   32      1.2796871615E-03   1.6985041504E-08   1.4712181919E-07   2.8663523180E-04   1.3751250307E-02
   33     -2.1217359310E-08  -1.8286962697E-03   1.3722135298E-03   1.6738388871E-08   1.4650061249E-04
   34      4.9109820931E-08  -8.2264364423E-05   1.4402154608E-04   7.0173224516E-09  -1.4697570265E-04
   35      6.7981733078E-03  -1.7316694882E-09   1.5725514515E-08   5.8445067116E-05   6.9039329938E-04
   36     -2.6013705640E-08  -1.2048164615E-05  -4.7172775657E-06   1.1251250607E-08  -1.5934933656E-04
   37      1.0849473168E-08   5.4501059244E-05   2.4856337341E-04   8.0349144308E-10  -1.6518547912E-04
   38     -8.5323900536E-04  -7.6596832850E-09   1.8995079312E-08  -9.1764939441E-04   1.3394630132E-06
   39      1.5203387066E-09  -1.8433811945E-03  -7.6499631493E-04   1.0135338750E-08   6.3236071860E-06
   40      2.6277953315E-08   4.0292548256E-04   1.1796707369E-04   4.2905118385E-11  -4.1244466617E-05
   41      7.3445593719E-03  -1.5358078636E-08  -1.0242048171E-09   1.8861025885E-04   1.4089658907E-04
   42     -4.9550380207E-08   9.1922796388E-04  -1.0559594345E-03   2.1649697485E-09   2.6682044381E-05
   43      3.8071699598E-08   4.9158403006E-04   1.0569628089E-03  -5.6469238099E-09  -2.1556687573E-05
   44      2.9424722106E-03  -2.2846279288E-08   2.4005072531E-08  -2.8528632070E-03  -1.5554161243E-06
                   25                 26                 27                 28                 29        
    0     -1.1210531273E-03   1.2450408095E-01  -1.3140276333E-01  -1.1105980809E-03  -1.2451597463E-01
    1     -4.5834480773E-02   1.6579965411E-03   6.2127116887E-04  -4.5834948498E-02  -1.6443842393E-03
    2      2.2739204098E-03  -2.1283294834E-01  -1.2560088233E-01  -2.2590384652E-03  -2.1280213346E-01
    3     -1.6299873172E-02  -1.5589104175E-03  -1.4861255837E-02  -1.6302387808E-02   1.5598940612E-03
    4     -1.1658753081E-03   1.2407780275E-03  -3.5139112056E-03  -1.1632101642E-03  -1.2403279784E-03
    5      2.2737097673E-02   2.6175920839E-03  -1.3803751237E-02  -2.2735353961E-02   2.6169773340E-03
    6     -7.9832683945E-05  -7.8004379955E-04  -2.7512434631E-04  -8.0349691890E-05   7.7992657044E-04
    7     -2.3955113827E-03  -1.0444093485E-04  -2.5856626640E-03  -2.3962647794E-03   1.0441123559E-04
    8      1.1640959027E-04  -3.7713404393E-04  -2.1869453669E-04  -1.1633627906E-04  -3.7715942149E-04
    9     -4.4798369675E-04  -1.7213617658E-04  -6.6747183335E-04  -4.4811626617E-04   1.7229915527E-04
   10     -1.5275442884E-04   7.0741922531E-05  -2.3693470810E-04  -1.5242315625E-04  -7.0472501873E-05
   11     -1.0403669632E-03  -2.7913646881E-04   1.2378841661E-03   1.0403281876E-03  -2.7911825225E-04
   12     -4.7849922533E-04  -5.0777912761E-06   1.6222413867E-04  -4.7836605807E-04   5.0623751637E-06
   13     -1.3531530132E-04  -4.4624516370E-05   8.0542147849E-05  -1.3539415004E-04   4.4485168652E-05
   14      2.1854112208E-04  -3.5725520970E-05  -1.1776630449E-04  -2.1850331050E-04  -3.5726132032E-05
   15      1.1330361660E-04  -1.0960775816E-04  -5.6482473882E-04   1.1323265393E-04   1.0964109604E-04
   16      4.4827850073E-04   1.8976368669E-04  -3.6613628505E-04   4.4830887810E-04  -1.8969923666E-04
   17     -9.7096680133E-04  -1.4519885688E-04   3.3997100936E-04   9.7080698070E-04  -1.4518432912E-04
   18     -2.0548342523E-03   1.4456203108E-03  -6.9227485595E-04  -2.0546682930E-03  -1.4457547945E-03
   19      4.1827022050E-04  -4.5693941184E-04   2.3887424112E-03   4.1855514282E-04   4.5679307855E-04
   20     -3.2573808124E-04   9.2574977676E-04   4.0696470733E-04   3.2567267985E-04   9.2583371823E-04
   21      1.2516983631E-03  -6.9816065329E-04   1.0158073042E-03   1.2518749743E-03   6.9827161170E-04
   22     -6.3522061605E-04  -3.7025978279E-04   1.9616669002E-04  -6.3586653563E-04   3.7032769416E-04
   23      4.9344011467E-04  -3.9545693985E-05   9.2460485210E-05  -4.9356033399E-04  -3.9579138552E-05
   24      4.6821606045E-03  -1.3625055201E-01   1.1113854799E-02   4.7648954782E-04  -1.5978015408E-02
   25      4.9101243761E-02  -1.8612100653E-03   4.7512767477E-04  -7.1749197965E-04   2.4653500226E-04
   26     -1.8612100653E-03   2.3023062207E-01   1.5973837005E-02  -2.4485775186E-04  -2.1375677646E-02
   27      4.7512767477E-04   1.5973837005E-02   1.4611666446E-01   4.6706453056E-03   1.3626285819E-01
   28     -7.1749197965E-04  -2.4485775186E-04   4.6706453056E-03   4.9101648086E-02   1.8450924162E-03
   29      2.4653500226E-04  -2.1375677646E-02   1.3626285819E-01   1.8450924162E-03   2.3019687089E-01
   30      1.4203751114E-02  -2.2995503602E-03  -9.9650965998E-03   1.4206272538E-02   2.3023666983E-03
   31      1.1303443193E-03  -1.9724972316E-04  -1.3313502531E-03   1.1286059015E-03   1.9744672021E-04
   32     -2.2133280381E-02   1.1226105815E-03  -1.3749694406E-02   2.2131372399E-02   1.1260471525E-03
   33     -1.9943708250E-04  -6.4691079782E-05   1.4660580077E-04  -1.9946817995E-04   6.4654479419E-05
   34      1.2197923538E-04   1.6055594885E-05  -1.4701620376E-04   1.2197148378E-04  -1.5998074837E-05
   35      2.6029452630E-04   1.1260239775E-04  -6.9027299556E-04  -2.6029673312E-04   1.1266141091E-04
   36     -1.5793152824E-04  -1.9928870020E-05  -1.5936618550E-04  -1.5796307674E-04   1.9943892551E-05
   37     -1.6482706566E-04   8.5999436374E-06  -1.6521847098E-04  -1.6486410786E-04  -8.5888064378E-06
   38     -3.6254887252E-05   4.5502173127E-05  -1.3098849651E-06   3.6255931164E-05   4.5489034780E-05
   39      4.0827155614E-05  -1.7939521598E-05   6.3259939785E-06   4.0835897602E-05   1.7945804667E-05
   40      1.6953297606E-05   6.3576447408E-06  -4.1249021759E-05   1.6950392082E-05  -6.3484250132E-06
   41      5.5198037053E-05   3.0454617008E-05  -1.4088151588E-04  -5.5193510442E-05   3.0464669885E-05
   42      4.9102041740E-05   4.5393969467E-05   2.6695235581E-05   4.9107364594E-05  -4.5389324586E-05
   43     -3.5592478434E-05   5.6353906998E-05  -2.1557413407E-05  -3.5576513498E-05  -5.6353785472E-05
   44     -6.8437837522E-07   2.3287769191E-07   1.5478774844E-06   6.9348294690E-07   2.3416748986E-07
                   30                 31                 32                 33                 34        
    0     -1.3330996439E-01   1.2191215760E-01   1.0219987736E-05   1.2833569111E-03  -1.6674343338E-03
    1      1.2665721451E-01  -2.2487590166E-01  -1.5965144896E-05   2.3975994354E-03   8.9011757106E-04
    2      1.0418756082E-05  -1.5371988369E-05  -4.6675824738E-02   1.3583294530E-07   2.6756608523E-08
    3      1.0587450248E-02   1.5656001831E-02   2.0782025133E-08  -1.0499369250E-02   1.8176947766E-04
    4     -1.7626511356E-02  -2.3781530191E-02   7.7616811274E-07   2.8900138138E-02  -2.5736141182E-03
    5     -1.5809617297E-06  -1.6588378602E-06  -2.1867941598E-03   7.7369505458E-08  -6.7798298973E-08
    6      8.1429829290E-04   3.0946158070E-03   1.0731224878E-07  -1.0098139483E-01   1.0116342472E-01
    7     -1.9568118558E-03   1.5760538681E-03   4.5240761201E-08   1.0018915404E-01  -2.8509489721E-01
    8     -4.2379728830E-08   1.5390883193E-07  -1.3119335755E-04   2.3821264712E-07  -8.1765400151E-07
    9      3.0037807928E-04  -4.2289642180E-04  -2.1693175547E-08   1.1259284727E-02   1.2921929515E-02
   10      6.7678438836E-06  -9.5390969521E-05   2.3858802482E-08  -1.7816492600E-02  -1.8881285669E-02
   11     -5.9127524020E-08   1.2245874700E-07  -2.7549474095E-04  -4.6907465711E-08  -1.9465304793E-09
   12      2.0766345263E-05  -1.9312966761E-04  -1.2010116896E-07  -1.5206494102E-03  -4.6787050970E-03
   13     -6.2144742917E-05   4.2341520851E-04   8.5990544257E-09  -3.5384916354E-03  -2.3162074888E-03
   14     -3.4240366897E-08  -3.5854036602E-08   9.5601539839E-05   3.0188348223E-09  -4.4462653147E-08
   15      7.3806485581E-04   1.4656395577E-03   9.4798639102E-08  -1.0583283275E-03  -6.0748070136E-04
   16     -7.9226155755E-04  -8.5997451012E-04   6.6313101599E-08  -6.9225126015E-04   5.3398827846E-04
   17      1.0527886933E-07   9.2256210799E-08   3.7673381360E-04  -7.0142757428E-09   7.8329784127E-09
   18     -3.6211289268E-03  -3.9206328221E-03  -2.7610218004E-08  -4.2341732121E-03   2.8307250932E-04
   19     -2.9437290938E-03  -3.1083207078E-03   3.9219007751E-08  -7.0984196265E-04   1.6077344082E-03
   20      4.4789001393E-08  -1.7412117502E-07   1.2796871615E-03  -2.1217359310E-08   4.9109820931E-08
   21      2.0100858755E-04  -5.6169044056E-04   1.6985041504E-08  -1.8286962697E-03  -8.2264364423E-05
   22      1.0417625799E-03   1.3999729437E-04   1.4712181919E-07   1.3722135298E-03   1.4402154608E-04
   23     -1.7767877467E-08  -2.9890927233E-08   2.8663523180E-04   1.6738388871E-08   7.0173224516E-09
   24     -9.9637688730E-03  -1.3323871243E-03   1.3751250307E-02   1.4650061249E-04  -1.4697570265E-04
   25      1.4203751114E-02   1.1303443193E-03  -2.2133280381E-02  -1.9943708250E-04   1.2197923538E-04
   26     -2.2995503602E-03  -1.9724972316E-04   1.1226105815E-03  -6.4691079782E-05   1.6055594885E-05
   27     -9.9650965998E-03  -1.3313502531E-03  -1.3749694406E-02   1.4660580077E-04  -1.4701620376E-04
   28      1.4206272538E-02   1.1286059015E-03   2.2131372399E-02  -1.9946817995E-04   1.2197148378E-04
   29      2.3023666983E-03   1.9744672021E-04   1.1260471525E-03   6.4654479419E-05  -1.5998074837E-05
   30      1.4476213327E-01  -1.3266124189E-01  -1.1740688729E-05  -4.5586908719E-04   1.0687196567E-04
   31     -1.3266124189E-01   2.4801235863E-01   1.6844617976E-05  -1.3065284540E-03   5.7839439811E-04
   32     -1.1740688729E-05   1.6844617976E-05   4.4783055521E-02  -9.0776647031E-08  -5.1164838024E-08
   33     -4.5586908719E-04  -1.3065284540E-03  -9.0776647031E-08   1.0645967142E-01  -1.0786660860E-01
   34      1.0687196567E-04   5.7839439811E-04  -5.1164838024E-08  -1.0786660860E-01   3.0513284097E-01
   35      3.9108810344E-08  -1.0908324209E-07   3.8969817888E-04  -2.7787486151E-07   8.5775853412E-07
   36      7.1855497276E-05   4.4079207695E-06  -9.5128460552E-09   8.1531260899E-04  -1.6964997860E-04
   37      6.6756967949E-05   3.8097315156E-06  -8.0635431685E-09   4.0552448290E-04   8.7243916517E-04
   38      7.0810419393E-09  -7.2437417365E-09  -4.9142995189E-05   1.4538067446E-09   1.3726582651E-08
   39      2.1283252355E-07  -6.8056100383E-05  -1.2723925282E-08   3.9733007665E-04   6.8386389806E-04
   40      1.7355822150E-05   8.2429869501E-05  -1.3995091342E-08  -1.0042631468E-03  -1.1070315380E-03
   41      2.0350012564E-08  -1.6166366799E-08   2.0381733209E-05  -4.6273909844E-09  -9.3566734889E-09
   42     -1.8034012605E-04  -3.2213278182E-04   2.1018022433E-08   7.0418229151E-05   5.7721908659E-05
   43     -2.7682961790E-04  -3.5429118486E-04  -2.3831062038E-08   3.6234288903E-05  -3.0451029667E-05
   44      9.7860678890E-09   1.1988958134E-08  -1.6200092257E-04   4.8849037807E-09   2.6872023692E-09
                   35                 36                 37                 38                 39        
    0     -1.3644482062E-07  -7.6280264201E-04  -9.5730919181E-04  -9.3455928481E-09   2.0240811994E-04
    1      2.2857797549E-07   3.7612366553E-04   4.8178599874E-04   4.3154435911E-08   1.6013698877E-05
    2     -4.6456482305E-03   7.0343013894E-09  -9.9219329729E-09   6.4622678638E-05   4.5155953957E-08
    3     -5.8893125858E-08   4.7838902546E-04  -2.8876399582E-03  -3.5184596216E-08  -7.9768676731E-04
    4     -1.5227916807E-07  -3.5140191009E-03  -3.7564577149E-03  -8.0296426796E-08   8.5670172786E-04
    5      3.2388244915E-03  -1.1097716527E-08  -1.4431456229E-08   7.5744180944E-03   1.6322689503E-08
    6      2.7399848862E-07  -1.5012289283E-02  -2.6191280325E-02  -6.0544820348E-08   6.5438422085E-05
    7     -8.2613080660E-07   4.7553599963E-03   7.1176456363E-03   1.4238097215E-08   2.9578932734E-03
    8     -3.3884695064E-02   1.4409343281E-08  -7.4008363512E-09   1.0806757358E-03  -6.1024266988E-09
    9      7.3099551793E-08  -3.2984078157E-01   3.1655333295E-02  -3.0147381635E-07   1.1209228820E-02
   10     -6.2573020453E-09   3.1524430935E-02  -6.2041218934E-02  -3.9289119252E-08   1.1162259301E-02
   11      1.6276503851E-03  -2.8989897081E-07  -3.1843906926E-08  -3.2768730163E-02   1.8198573743E-08
   12     -4.9337173369E-09  -9.0220320449E-03   2.9753906294E-02   3.3635902138E-08  -1.5201299981E-01
   13     -5.0064026146E-08  -9.3346729310E-04   1.6568957059E-03   9.3325777367E-09  -1.3060076022E-01
   14      7.2593556385E-03  -1.8744415505E-08   2.7090360447E-08   1.2134531331E-03  -1.6388925755E-07
   15     -4.6003921522E-08   1.3764400362E-03   1.9100713469E-03   2.3545646672E-08  -1.4513733905E-02
   16     -2.2998272842E-08   2.7954991278E-03  -5.1673900335E-03  -1.0283036613E-08  -2.7195363099E-02
   17     -1.1046401534E-03   4.5819278679E-10  -1.7680829291E-08   7.4733481478E-03  -2.8614034160E-08
   18      9.5370007211E-09   9.1068745901E-04  -3.1654891868E-04   8.1913837343E-09  -3.8480141740E-03
   19      4.9196668569E-08  -3.4581713276E-04  -1.7935549424E-03  -6.5145386425E-09   1.9086667755E-03
   20      6.7981733078E-03  -2.6013705640E-08   1.0849473168E-08  -8.5323900536E-04   1.5203387066E-09
   21     -1.7316694882E-09  -1.2048164615E-05   5.4501059244E-05  -7.6596832850E-09  -1.8433811945E-03
   22      1.5725514515E-08  -4.7172775657E-06   2.4856337341E-04   1.8995079312E-08  -7.6499631493E-04
   23      5.8445067116E-05   1.1251250607E-08   8.0349144308E-10  -9.1764939441E-04   1.0135338750E-08
   24      6.9039329938E-04  -1.5934933656E-04  -1.6518547912E-04   1.3394630132E-06   6.3236071860E-06
   25      2.6029452630E-04  -1.5793152824E-04  -1.6482706566E-04  -3.6254887252E-05   4.0827155614E-05
   26      1.1260239775E-04  -1.9928870020E-05   8.5999436374E-06   4.5502173127E-05  -1.7939521598E-05
   27     -6.9027299556E-04  -1.5936618550E-04  -1.6521847098E-04  -1.3098849651E-06   6.3259939785E-06
   28     -2.6029673312E-04  -1.5796307674E-04  -1.6486410786E-04   3.6255931164E-05   4.0835897602E-05
   29      1.1266141091E-04   1.9943892551E-05  -8.5888064378E-06   4.5489034780E-05   1.7945804667E-05
   30      3.9108810344E-08   7.1855497276E-05   6.6756967949E-05   7.0810419393E-09   2.1283252355E-07
   31     -1.0908324209E-07   4.4079207695E-06   3.8097315156E-06  -7.2437417365E-09  -6.8056100383E-05
   32      3.8969817888E-04  -9.5128460552E-09  -8.0635431685E-09  -4.9142995189E-05  -1.2723925282E-08
   33     -2.7787486151E-07   8.1531260899E-04   4.0552448290E-04   1.4538067446E-09   3.9733007665E-04
   34      8.5775853412E-07  -1.6964997860E-04   8.7243916517E-04   1.3726582651E-08   6.8386389806E-04
   35      2.4432044811E-02   9.2120157970E-09   1.0257912291E-08  -3.8400514558E-03   6.4867200654E-09
   36      9.2120157970E-09   3.5116761445E-01  -3.4182902606E-02   3.0230017175E-07   7.1045068116E-04
   37      1.0257912291E-08  -3.4182902606E-02   6.1750034820E-02   2.8548520095E-08  -4.8509969647E-04
   38     -3.8400514558E-03   3.0230017175E-07   2.8548520095E-08   2.4459263572E-02  -1.0742530788E-09
   39      6.4867200654E-09   7.1045068116E-04  -4.8509969647E-04  -1.0742530788E-09   1.5934870767E-01
   40     -1.4651693958E-08   1.5296121504E-04   1.0141892568E-03   9.2982362269E-09   1.4124310713E-01
   41      3.0646305987E-04   5.5602723312E-09   5.3182704857E-09  -3.7838384072E-03   1.3949146583E-07
   42      1.6430346176E-09  -5.6208052607E-04   1.5040063732E-03  -1.4378109411E-09   1.0693896237E-03
   43     -7.8713790912E-09  -1.4123003981E-04  -5.7050889589E-05   2.1284418416E-09   1.9645526371E-04
   44     -8.6088384473E-04   9.5414709945E-10  -1.5017423728E-09   2.5587885148E-04   2.2964153805E-10
                   40                 41                 42                 43                 44        
    0      2.7876375333E-05  -1.2862832987E-08   7.7320631813E-04   9.2966410682E-04   1.5636106158E-08
    1      8.3355685704E-05   3.4666018705E-08  -7.2574596217E-04  -7.3262151701E-04   2.4526563877E-08
    2      5.8692784325E-08  -9.7657606790E-04  -4.4221520891E-08   2.9110103070E-08   2.5892089916E-04
    3      8.4753753340E-04  -4.1130512051E-08  -1.9937108516E-03  -4.3314064150E-03  -1.0296715066E-08
    4     -6.0958037897E-05   2.0085815113E-08  -3.1948683707E-03  -1.8696032240E-03  -2.5666255812E-08
    5      3.2549051354E-09  -1.0492701148E-03   2.0049128791E-08  -6.0880441699E-09   5.5890871430E-03
    6      4.1504391872E-03   2.2401112719E-08  -1.0078122547E-03  -8.0418250914E-04   4.2172211813E-08
    7     -3.9641691379E-03  -1.1884493316E-08  -8.2135790926E-04   5.5356946887E-04   9.5440514641E-09
    8     -1.4569828642E-09   7.2397749262E-03  -1.2261597396E-09  -4.3876828554E-09  -6.3193686573E-04
    9     -1.9622151727E-02  -5.4250067358E-09  -5.8382955698E-03   1.9810549756E-04  -1.4344728147E-08
   10     -1.7897726538E-02  -6.1257064395E-08  -5.7767733249E-04   1.9761790143E-03  -4.9518971227E-08
   11     -4.4224051673E-08   1.5742093935E-03   9.3148669373E-10   2.3017541301E-09   6.9886933361E-03
   12     -1.3077431953E-01  -1.9335450165E-07  -7.5986583578E-03  -4.5031179530E-04  -4.2952201045E-08
   13     -2.4003079180E-01  -1.8933144908E-07   2.9468404725E-02   1.1660386674E-03   1.6976503648E-08
