*************************************************
******************* ORCA 6.0.0 ******************
*************************************************
$Calculation_Status
   &GeometryIndex 1
   &ListStatus       OUT
   &VERSION [&Type "String"] "6.0.0"
   &PROGNAME [&Type "String"] "LeanSCF"
   &STATUS [&Type "String"] "NORMAL TERMINATION"
$End
$Geometry
   &GeometryIndex 1
   &ListStatus       OUT
   &NATOMS [&Type "Integer"] 9
   &NCORELESSECP [&Type "Integer"] 0
   &NGHOSTATOMS [&Type "Integer"] 0
   &CartesianCoordinates [&Type "Coordinates", &Dim(9,4), &Units "Bohr"] 
              C      1.831226973499    1.494041407679    0.159437431690
              C     -0.656790708006    0.082607158461    0.002739491757
              F     -2.629044725432    1.693027644328    0.274953570785
              F     -0.878446842209   -1.706758021952    1.825589437428
              F     -0.957739391929   -1.115334060770   -2.240258351278
              O      3.909503559207   -0.162637903428   -0.166957878220
              H      1.853910615031    2.877434727379   -1.375863923994
              H      1.880307032112    2.491808902610    1.974627139285
              H      4.196755650408   -1.036349671903    1.410349562479
$End
$SCF_Energy
   &GeometryIndex 1
   &ListStatus       OUT
   &SCF_ENERGY [&Type "Double"]      -4.5277863328202818e+02
$End
$DFT_Energy
   &GeometryIndex 1
   &ListStatus       OUT
   &NALPHAEL [&Type "Integer"] 25
   &NBETAEL [&Type "Integer"] 25
   &NTOTALEL [&Type "Integer"] 50
   &EEXCHANGE [&Type "Double"]      -5.0104628199818343e+01
   &ECORR [&Type "Double"]      -1.6978058817394250e+00
   &ECNL [&Type "Double"]       0.0000000000000000e+00
   &EXC [&Type "Double"]      -5.1802434081557770e+01
   &EEMBED [&Type "Double"]       0.0000000000000000e+00
   &FINALEN [&Type "Double"]      -4.5277863328202818e+02  "No Van der Waals correction"
$End
$Mulliken_Population_Analysis
   &GeometryIndex 1
   &ListStatus       OUT
   &NATOMS [&Type "Integer"] 9
   &ATNO [&Type "ArrayOfIntegers", &Dim (9,1)] 
                                                         0

0                                                        6
1                                                        6
2                                                        9
3                                                        9
4                                                        9
5                                                        8
6                                                        1
7                                                        1
8                                                        1
   &ATOMICCHARGES [&Type "ArrayOfDoubles", &Dim (9,1)] 
                                                         0

0                                     -1.4176129254448888e-02
1                                      4.3981358265003578e-01
2                                     -1.7667056357900712e-01
3                                     -1.8585245557135543e-01
4                                     -1.7044227559400404e-01
5                                     -4.4676655933682774e-01
6                                      1.2144192380996022e-01
7                                      1.1477635614013526e-01
8                                      3.1787612073549898e-01
$End
$Loewdin_Population_Analysis
   &GeometryIndex 1
   &ListStatus       OUT
   &NATOMS [&Type "Integer"] 9
   &ATNO [&Type "ArrayOfIntegers", &Dim (9,1)] 
                                                         0

0                                                        6
1                                                        6
2                                                        9
3                                                        9
4                                                        9
5                                                        8
6                                                        1
7                                                        1
8                                                        1
   &ATOMICCHARGES [&Type "ArrayOfDoubles", &Dim (9,1)] 
                                                         0

0                                     -3.1393904893366109e-01
1                                     -6.6309068485246492e-01
2                                      1.7986808077900207e-01
3                                      1.7266724266892020e-01
4                                      1.8365783327918273e-01
5                                     -1.7587408041746855e-02
6                                      1.4514545083321517e-01
7                                      1.3256918439381160e-01
8                                      1.8070934987374865e-01
$End
$Mayer_Population_Analysis
   &GeometryIndex 1
   &ListStatus       OUT
   &NATOMS [&Type "Integer"] 9 "Total number of atoms"
   &BONDTHRESH [&Type "Double"]       1.0000000000000001e-01  "The threshold for printing"
   &NBONDORDERSPRINT [&Type "Integer"] 8 "The number of bond orders larger than threshold"
   &BONDORDERS [&Type "ArrayOfDoubles", &Dim (8,1)] "The bond orders"
                                                         0

0                                      9.7524027252477219e-01
1                                      1.0077613084352706e+00
2                                      9.4545175868729636e-01
3                                      9.4597206760169283e-01
4                                      1.1063264800048120e+00
5                                      1.0954131925052868e+00
6                                      1.1209731257863846e+00
7                                      8.8894502721752411e-01
   &COMPONENTS [&Type "ArrayOfIntegers", &Dim (8,4)] "The indices and atomic numbers of the bonding atoms"
                                                         0                           1                           2                           3

0                                                        0                           6                           1                           6
1                                                        0                           6                           5                           8
2                                                        0                           6                           6                           1
3                                                        0                           6                           7                           1
4                                                        1                           6                           2                           9
5                                                        1                           6                           3                           9
6                                                        1                           6                           4                           9
7                                                        5                           8                           8                           1
   &ATNO [&Type "ArrayOfIntegers", &Dim (9,1)] "Atomic number of the elements"
                                                         0

0                                                        6
1                                                        6
2                                                        9
3                                                        9
4                                                        9
5                                                        8
6                                                        1
7                                                        1
8                                                        1
   &NA [&Type "ArrayOfDoubles", &Dim (9,1)] "Mulliken gross atomic population"
                                                         0

0                                      6.0141761292544498e+00
1                                      5.5601864173499473e+00
2                                      9.1766705635789947e+00
3                                      9.1858524555713608e+00
4                                      9.1704422755940378e+00
5                                      8.4467665593368100e+00
6                                      8.7855807619003856e-01
7                                      8.8522364385986563e-01
8                                      6.8212387926450013e-01
   &ZA [&Type "ArrayOfDoubles", &Dim (9,1)] "Total nuclear charge"
                                                         0

0                                      6.0000000000000000e+00
1                                      6.0000000000000000e+00
2                                      9.0000000000000000e+00
3                                      9.0000000000000000e+00
4                                      9.0000000000000000e+00
5                                      8.0000000000000000e+00
6                                      1.0000000000000000e+00
7                                      1.0000000000000000e+00
8                                      1.0000000000000000e+00
   &QA [&Type "ArrayOfDoubles", &Dim (9,1)] "Mulliken gross atomic charge"
                                                         0

0                                     -1.4176129254449776e-02
1                                      4.3981358265005266e-01
2                                     -1.7667056357899469e-01
3                                     -1.8585245557136076e-01
4                                     -1.7044227559403780e-01
5                                     -4.4676655933680998e-01
6                                      1.2144192380996144e-01
7                                      1.1477635614013437e-01
8                                      3.1787612073549987e-01
   &VA [&Type "ArrayOfDoubles", &Dim (9,1)] "Mayer's total valence"
                                                         0

0                                      3.8975356565790911e+00
1                                      4.3876828942682931e+00
2                                      1.1124414350088334e+00
3                                      1.1007457116514663e+00
4                                      1.1205013663671997e+00
5                                      1.9641965208300827e+00
6                                      9.7635226754139182e-01
7                                      9.7312140250971546e-01
8                                      9.1770255427601910e-01
   &BVA [&Type "ArrayOfDoubles", &Dim (9,1)] "Mayer's bonded valence"
                                                         0

0                                      3.8975356565791559e+00
1                                      4.3876828942683526e+00
2                                      1.1124414350088390e+00
3                                      1.1007457116514519e+00
4                                      1.1205013663671182e+00
5                                      1.9641965208300869e+00
6                                      9.7635226754139093e-01
7                                      9.7312140250971102e-01
8                                      9.1770255427601921e-01
   &FA [&Type "ArrayOfDoubles", &Dim (9,1)] "Mayer's free valence"
                                                         0

0                                      0.0000000000000000e+00
1                                      0.0000000000000000e+00
2                                      0.0000000000000000e+00
3                                      0.0000000000000000e+00
4                                      0.0000000000000000e+00
5                                      0.0000000000000000e+00
6                                      0.0000000000000000e+00
7                                      0.0000000000000000e+00
8                                      0.0000000000000000e+00
$End
$VdW_Correction
   &GeometryIndex 1
   &ListStatus       OUT
   &VDW [&Type "Double"]      -1.5488134712278374e-03
$End
$Calculation_Info
   &GeometryIndex 1
   &ListStatus       OUT
   &MULT [&Type "Integer"] 1
   &CHARGE [&Type "Integer"] 0
   &NUMOFATOMS [&Type "Integer"] 9
   &NUMOFELECTRONS [&Type "Integer"] 50
   &NUMOFFCELECTRONS [&Type "Integer"] 1
   &NUMOFCORRELECTRONS [&Type "Integer"] 0
   &NUMOFBASISFUNCTS [&Type "Integer"] 204
   &NUMOFAUXCBASISFUNCTS [&Type "Integer"] 0
   &NUMOFAUXJBASISFUNCTS [&Type "Integer"] 228
   &NUMOFAUXJKBASISFUNCTS [&Type "Integer"] 0
   &NUMOFCABSBASISFUNCTS [&Type "Integer"] 0
   &TOTALENERGY [&Type "Double"]      -4.5276988378479939e+02  "Hartrees"
$End
$SCF_Dipole_Moment
   &GeometryIndex 1
   &ListStatus       OUT
   &METHOD [&Type "String"] "SCF"
   &LEVEL [&Type "String"] "Relaxed density"
   &MULT [&Type "Integer"] 1
   &STATE [&Type "Integer"] -1
   &IRREP [&Type "Integer"] 0
   &NATOMS [&Type "Integer"] 9
   &DODIPOLEATOM [&Type "Boolean"] false
   &DIPOLEELECCONTRIB [&Type "ArrayOfDoubles", &Dim (3,1)] "Electronic contribution"
                                                         0

0                                     -5.6736970254316095e+00
1                                     -2.2691704119277065e+00
2                                     -4.6293394140858612e-01
   &DIPOLENUCCONTRIB [&Type "ArrayOfDoubles", &Dim (3,1)] "Nuclear contribution"
                                                         0

0                                      6.1573729321708583e+00
1                                      2.7036199999547037e+00
2                                      1.0649988309511016e+00
   &DIPOLETOTAL [&Type "ArrayOfDoubles", &Dim (3,1)] "Total"
                                                         0

0                                      4.8367590673924887e-01
1                                      4.3444958802699718e-01
2                                      6.0206488954251547e-01
   &DIPOLEMAGNITUDE [&Type "Double", &Units "a.u."]       8.8609872955371261e-01
$End
$THERMOCHEMISTRY_Energies
   &GeometryIndex 1
   &ListStatus       OUT
   &TEMPERATURE [&Type "Double"]       2.9814999999999998e+02
   &PRESSURE [&Type "Double"]       1.0000000000000000e+00
   &TOTALMASS [&Type "Double"]       1.0003900000000000e+02
   &SPINDEGENERACY [&Type "Integer"] 1
   &ELENERGY [&Type "Double"]      -4.5276988378479939e+02
   &TRANSENERGY [&Type "Double"]       1.4162714244859817e-03
   &ROTENERGY [&Type "Double"]       1.4162714244859817e-03
   &VIBENERGY [&Type "Double"]       2.9685599140096466e-03
   &NUMOFFREQS [&Type "Integer"] 27
   &FREQSCALINGFACTOR [&Type "Double"]       1.0000000000000000e+00
   &FREQ [&Type "ArrayOfDoubles", &Dim (27,1)] "In cm^-1"
                                                         0

0                                      0.0000000000000000e+00
1                                      0.0000000000000000e+00
2                                      0.0000000000000000e+00
3                                      0.0000000000000000e+00
4                                      0.0000000000000000e+00
5                                      0.0000000000000000e+00
6                                      1.3870583016366999e+02
7                                      2.2981081482780684e+02
8                                      3.2925000271349990e+02
9                                      3.7753567280990569e+02
10                                     4.1434681317764517e+02
11                                     5.2477832036769166e+02
12                                     5.4093183542395479e+02
13                                     6.5612046532447550e+02
14                                     8.1693407096969952e+02
15                                     9.2218737566142397e+02
16                                     1.0584812075418579e+03
17                                     1.1173383257225503e+03
18                                     1.1294743034173082e+03
19                                     1.2648471894729510e+03
20                                     1.2684756074643356e+03
21                                     1.3979123642416046e+03
22                                     1.4148973074893579e+03
23                                     1.4703465047198965e+03
24                                     3.0283811396399678e+03
25                                     3.1052605231432658e+03
26                                     3.7780483235904821e+03
   &ZPE [&Type "Double"]       5.6917885854270031e-02
   &INNERENERGYU [&Type "Double"]      -4.5270716479618216e+02
   &ENTHALPYH [&Type "Double"]      -4.5270622058713991e+02
   &QEL [&Type "Double"]       0.0000000000000000e+00
   &QROT [&Type "Double"]       1.2582527517591707e-02
   &QVIB [&Type "Double"]       4.7627950100182139e-03
   &QTRANS [&Type "Double"]       1.8871794357735238e-02
   &ENTROPYS [&Type "Double"]       3.6217116885345159e-02
   &FREEENERGYG [&Type "Double"]      -4.5274243770402524e+02
   &ISLINEAR [&Type "Boolean"] false
$End
$Hessian
   &GeometryIndex 1
   &ListStatus       OUT
   &HESSIAN [&Type "ArrayOfDoubles", &Dim (27,27)] "The Hessian"
                                                         0                           1                           2                           3                           4                           5                           6                           7

0                                      4.4574563936391259e-01         9.1862926427647897e-04         9.3845963417269369e-03        -1.4984012741774400e-01        -7.0215130365524861e-02        -7.6841810682601007e-03        -2.9975942368455029e-02         6.7183411593015052e-04
1                                      9.1862926427647897e-04         5.3876967905461659e-01        -2.9810972031110224e-02        -6.0312699149967876e-02        -9.7504089999495142e-02        -2.3756604040123660e-03         3.6773462806812623e-02         2.3378319196920190e-03
2                                      9.3845963417269369e-03        -2.9810972031110224e-02         6.4138354531628694e-01        -1.0074731330173444e-02        -3.2126105136857791e-03        -7.2322847846020069e-02         5.8498488134577078e-03        -7.5960511439857915e-04
3                                     -1.4984012741774400e-01        -6.0312699149967876e-02        -1.0074731330173444e-02         5.6713684259851216e-01         5.2937555493470470e-02         6.7322877803110935e-03        -2.0262651737245088e-01         7.0207932457987121e-02
4                                     -7.0215130365524861e-02        -9.7504089999495142e-02        -3.2126105136857791e-03         5.2937555493470470e-02         5.1102204725235034e-01         4.1612155398807011e-03         5.7430576780262477e-02        -1.1232613173093589e-01
5                                     -7.6841810682601007e-03        -2.3756604040123660e-03        -7.2322847846020069e-02         6.7322877803110935e-03         4.1612155398807011e-03         4.7320870760837841e-01         1.0644112725820651e-02        -6.7621311677198183e-03
6                                     -2.9975942368455029e-02         3.6773462806812623e-02         5.8498488134577078e-03        -2.0262651737245088e-01         5.7430576780262477e-02         1.0644112725820651e-02         2.3755482913027212e-01        -1.3883107810271572e-01
7                                      6.7183411593015052e-04         2.3378319196920190e-03        -7.5960511439857915e-04         7.0207932457987121e-02        -1.1232613173093589e-01        -6.7621311677198183e-03        -1.3883107810271572e-01         1.8654616303698759e-01
8                                      4.2178232940534924e-04        -1.2764315257781382e-03         6.2968629851672536e-03         1.2957042801368304e-02        -6.3533634038074153e-03        -7.4319134032196255e-02        -2.3390775535401764e-02         1.8630802001259605e-02
9                                      7.6689394571826525e-04        -2.5383804903346859e-02         2.5004295895309409e-02        -8.9797306675691163e-02        -2.7903059255902408e-02         1.9654826667870239e-02         2.7986940739365487e-03         3.9177450589789761e-02
10                                     3.3408080417670488e-04        -2.6248379290728169e-02         3.0880357205336825e-02        -3.6731757809639630e-02        -1.5925841155077056e-01         7.0197990055723580e-02         2.7573734040612453e-02        -5.0059007709536266e-02
11                                    -1.1126648683412454e-03         1.5448530532328607e-02        -8.2288197082905652e-03         2.8877044903608512e-02         7.4153406104353337e-02        -1.3692113668528122e-01        -1.6229377694253783e-02         2.5499739339257647e-02
12                                     2.1292327759275288e-04        -1.8622007530783361e-02        -3.0965941590113611e-02        -9.2744363393917326e-02        -2.2102748530342834e-02        -2.7667118259653994e-02         4.9172621145898536e-03         2.9353818324538043e-02
13                                    -1.7238972741680063e-03        -1.3079645826750492e-02        -3.0848860577367038e-02        -2.8909271238957871e-02        -1.1821827331369664e-01        -6.4354156521303982e-02         2.0855603795078441e-02        -3.0838685090768335e-02
14                                    -2.6739540280339147e-04        -1.6524393346666021e-02        -2.0394381538734296e-02        -4.0325683073956363e-02        -6.7538116425625072e-02        -1.7814330745054296e-01         2.3016172731334855e-02        -3.6687491445302534e-02
15                                    -1.5504189693849263e-01         7.0308673406145591e-02         3.6391399774445353e-02        -3.4872328903662778e-02         3.3927918342328396e-02         6.8044669560460378e-03        -1.3805554319130574e-02        -1.0595000863418487e-03
16                                     8.3835008865419502e-02        -1.2605444036156327e-01        -1.9361080126671374e-02         5.7256326424319007e-03        -4.1083191370462693e-03         1.6367765806549646e-03        -3.1382372657901021e-03         2.6990713718954705e-03
17                                    -3.7362008531914050e-04         1.2557640820314651e-02        -9.6894973823342390e-02         2.5060266674681421e-03         1.1951696295097107e-03        -3.3323510348027482e-03        -1.0161440384118727e-03        -6.6047765365090383e-05
18                                    -4.8955741799812338e-02        -1.3108391067957434e-02         9.7536565120382550e-03         2.4757563959253168e-03        -1.7706717509749260e-02         2.3806493255753042e-02         3.3607466980312785e-04         1.0534125154953366e-03
19                                    -9.2521661228997278e-03        -1.5801340830725363e-01         1.2485152042651883e-01        -2.0743144236221416e-03        -1.3953056797222889e-02         1.7032277663091080e-02         2.6946342567945279e-05         1.2319003096320105e-03
20                                     7.8975216368522005e-03         1.3232237626550092e-01        -2.0311871921795874e-01        -2.0097067298754032e-03        -7.1206894958562861e-04        -1.5631748378037687e-03         1.1329462437059071e-03        -8.3677973569586768e-04
21                                    -5.1465046633193318e-02        -1.0071903311830915e-02        -1.4771855930609746e-02         2.4633809302616150e-03        -1.0999654518338795e-02        -2.7269397250857391e-02         4.8663868449191580e-04         6.1701623068508861e-04
22                                    -1.0226649829460338e-02        -1.0123810753493270e-01        -9.7310499383527121e-02        -2.6063727826131852e-03        -9.1666155547830974e-03        -1.9182383132562347e-02         1.2948150463516946e-04         7.9354066243905123e-04
23                                    -1.6001850603177811e-02        -1.0180488931786026e-01        -2.5061352347567578e-01         2.7719754602831340e-03        -2.5058276550793748e-04        -6.7529681281160280e-03        -1.3343174769303891e-03         1.0572633917837913e-03
24                                    -1.1446701429526369e-02         1.9482619589467828e-02        -3.0585533248428581e-02        -2.1953361612330521e-03         5.6140495504400176e-03        -5.3983246963956065e-03         3.1451538694294559e-04        -1.1973633881373759e-03
25                                     5.6737114394340132e-03        -1.8969439653585204e-02         2.5563812218511471e-02         7.8050482426799382e-04         3.5128508315999942e-03        -8.5066393394554220e-04        -8.1401255869385401e-04        -3.8468276940567146e-04
26                                     7.7500764822649205e-03        -8.5282630963241755e-03         3.8928573085675947e-03        -1.0574225896679435e-03        -9.4631389533818538e-04         1.4621240638463835e-04         1.2543440972179959e-03        -1.2336848262099395e-05
                                                         8                           9                          10                          11                          12                          13                          14                          15

0                                      4.2178232940534924e-04         7.6689394571826525e-04         3.3408080417670488e-04        -1.1126648683412454e-03         2.1292327759275288e-04        -1.7238972741680063e-03        -2.6739540280339147e-04        -1.5504189693849263e-01
1                                     -1.2764315257781382e-03        -2.5383804903346859e-02        -2.6248379290728169e-02         1.5448530532328607e-02        -1.8622007530783361e-02        -1.3079645826750492e-02        -1.6524393346666021e-02         7.0308673406145591e-02
2                                      6.2968629851672536e-03         2.5004295895309409e-02         3.0880357205336825e-02        -8.2288197082905652e-03        -3.0965941590113611e-02        -3.0848860577367038e-02        -2.0394381538734296e-02         3.6391399774445353e-02
3                                      1.2957042801368304e-02        -8.9797306675691163e-02        -3.6731757809639630e-02         2.8877044903608512e-02        -9.2744363393917326e-02        -2.8909271238957871e-02        -4.0325683073956363e-02        -3.4872328903662778e-02
4                                     -6.3533634038074153e-03        -2.7903059255902408e-02        -1.5925841155077056e-01         7.4153406104353337e-02        -2.2102748530342834e-02        -1.1821827331369664e-01        -6.7538116425625072e-02         3.3927918342328396e-02
5                                     -7.4319134032196255e-02         1.9654826667870239e-02         7.0197990055723580e-02        -1.3692113668528122e-01        -2.7667118259653994e-02        -6.4354156521303982e-02        -1.7814330745054296e-01         6.8044669560460378e-03
6                                     -2.3390775535401764e-02         2.7986940739365487e-03         2.7573734040612453e-02        -1.6229377694253783e-02         4.9172621145898536e-03         2.0855603795078441e-02         2.3016172731334855e-02        -1.3805554319130574e-02
7                                      1.8630802001259605e-02         3.9177450589789761e-02        -5.0059007709536266e-02         2.5499739339257647e-02         2.9353818324538043e-02        -3.0838685090768335e-02        -3.6687491445302534e-02        -1.0595000863418487e-03
8                                      7.9922598111165810e-02        -2.4052773826087417e-02         2.9806163149652877e-02         3.0564651920607436e-03         3.3478736549023475e-02        -4.0938176374627516e-02        -1.8528983150852003e-02        -2.7910245490857157e-04
9                                     -2.4052773826087417e-02         7.4930312241013167e-02         1.4147556328057091e-02        -1.6711158769076070e-02         1.3903040831142632e-02         4.0456567099622070e-03        -4.0571761887863555e-03         1.9383553138550037e-03
10                                     2.9806163149652877e-02         1.4147556328057091e-02         2.1117757773731546e-01        -1.3634868816095896e-01         3.0456335790386650e-03         2.0198798527443287e-02         8.4726449984395893e-03        -1.8175361007058896e-03
11                                     3.0564651920607436e-03        -1.6711158769076070e-02        -1.3634868816095896e-01         2.1860976454309511e-01         7.3449296596251289e-04         2.1786454323777325e-02        -8.1321595993564505e-02        -1.5334729780180044e-04
12                                     3.3478736549023475e-02         1.3903040831142632e-02         3.0456335790386650e-03         7.3449296596251289e-04         7.7554106793146851e-02         1.1517175878962296e-02         2.5420868589781986e-02         1.5981242197730752e-03
13                                    -4.0938176374627516e-02         4.0456567099622070e-03         2.0198798527443287e-02         2.1786454323777325e-02         1.1517175878962296e-02         1.3816597975769210e-01         1.1225897834870725e-01        -1.6959687021187537e-03
14                                    -1.8528983150852003e-02        -4.0571761887863555e-03         8.4726449984395893e-03        -8.1321595993564505e-02         2.5420868589781986e-02         1.1225897834870725e-01         2.9295254234483414e-01        -5.3969554652759464e-04
15                                    -2.7910245490857157e-04         1.9383553138550037e-03        -1.8175361007058896e-03        -1.5334729780180044e-04         1.5981242197730752e-03        -1.6959687021187537e-03        -5.3969554652759464e-04         2.5167383857962844e-01
16                                    -1.1999237620703327e-04        -1.0016707738347850e-03         5.7890619057636922e-03        -2.5592060798899155e-03         5.6650248299001255e-05         4.6976553325028501e-03         2.9582952182350473e-03        -1.7500027448076630e-01
17                                     2.2934128550117562e-03        -2.3616956852647031e-04        -2.0552208565569061e-03         2.1748754922796100e-03        -1.5569333616911201e-04         2.2880858772776238e-03         2.8159472902860236e-03         2.5667153902261205e-02
18                                    -1.1536945117004852e-03        -5.9751897147046571e-03        -6.1914669145882615e-03         1.8350070740237646e-03         8.2044338598967253e-04         1.5457817952651521e-03        -8.5479140104954290e-04        -7.0197427755642593e-03
19                                    -1.5482050562797371e-03        -3.0612897699997758e-03        -2.0345388286342834e-03         6.9112340451250344e-04         6.0687950986217098e-04         1.5473239264425058e-03        -7.8796059460041219e-04         9.5630324715054518e-03
20                                     3.1899037509960058e-04        -4.7087023450572438e-04        -1.1681666260195565e-03         2.1129578837273764e-03         2.3442024832541226e-05        -2.4650390198643207e-04         8.1403655777033488e-04        -2.9238925229565331e-03
21                                     1.2383111012292738e-03         7.2781897146454030e-04         9.5889645490758024e-04         1.4719576526887755e-03        -6.2778511928218801e-03        -5.5285398416769034e-03        -3.4334064991526692e-03        -8.3616929077057148e-03
22                                     1.7174010099636140e-03         6.2719131734626388e-04         1.2570631840916257e-03         1.0819406794802576e-03        -3.0402899841185200e-03        -1.7874848252672233e-03        -1.6117463104485968e-03         1.1304243808660188e-02
23                                     1.0971280541483721e-03        -1.2878815328932992e-04        -1.0564474981709406e-04         1.2827471080292139e-03        -5.3016197713296712e-04        -2.6825838455345766e-04         1.8936553780773495e-03         4.7104664031588153e-03
24                                     8.5366368053253023e-04         7.0738101326566698e-04        -1.9152270381151036e-03         1.8976062203788164e-03         1.6313964504353884e-05        -3.0846959471241106e-04         7.7765703922153386e-04        -3.6109102268700580e-02
25                                     1.8389920266682523e-05        -5.1943585815103065e-05        -8.2216397494481140e-04         4.2259967553366987e-04        -6.1318302308961030e-04        -6.8566848759803482e-04        -1.5386323349158171e-04         5.4511762441415035e-02
26                                    -1.3734038960528462e-04         3.8825398990223773e-04         1.4466516580516776e-04        -7.6525783205575511e-04        -7.5175214593292596e-05        -6.3909999171443081e-05        -8.7913437274047060e-05        -6.9664433332100623e-02
                                                        16                          17                          18                          19                          20                          21                          22                          23

0                                      8.3835008865419502e-02        -3.7362008531914050e-04        -4.8955741799812338e-02        -9.2521661228997278e-03         7.8975216368522005e-03        -5.1465046633193318e-02        -1.0226649829460338e-02        -1.6001850603177811e-02
1                                     -1.2605444036156327e-01         1.2557640820314651e-02        -1.3108391067957434e-02        -1.5801340830725363e-01         1.3232237626550092e-01        -1.0071903311830915e-02        -1.0123810753493270e-01        -1.0180488931786026e-01
2                                     -1.9361080126671374e-02        -9.6894973823342390e-02         9.7536565120382550e-03         1.2485152042651883e-01        -2.0311871921795874e-01        -1.4771855930609746e-02        -9.7310499383527121e-02        -2.5061352347567578e-01
3                                      5.7256326424319007e-03         2.5060266674681421e-03         2.4757563959253168e-03        -2.0743144236221416e-03        -2.0097067298754032e-03         2.4633809302616150e-03        -2.6063727826131852e-03         2.7719754602831340e-03
4                                     -4.1083191370462693e-03         1.1951696295097107e-03        -1.7706717509749260e-02        -1.3953056797222889e-02        -7.1206894958562861e-04        -1.0999654518338795e-02        -9.1666155547830974e-03        -2.5058276550793748e-04
5                                      1.6367765806549646e-03        -3.3323510348027482e-03         2.3806493255753042e-02         1.7032277663091080e-02        -1.5631748378037687e-03        -2.7269397250857391e-02        -1.9182383132562347e-02        -6.7529681281160280e-03
6                                     -3.1382372657901021e-03        -1.0161440384118727e-03         3.3607466980312785e-04         2.6946342567945279e-05         1.1329462437059071e-03         4.8663868449191580e-04         1.2948150463516946e-04        -1.3343174769303891e-03
7                                      2.6990713718954705e-03        -6.6047765365090383e-05         1.0534125154953366e-03         1.2319003096320105e-03        -8.3677973569586768e-04         6.1701623068508861e-04         7.9354066243905123e-04         1.0572633917837913e-03
8                                     -1.1999237620703327e-04         2.2934128550117562e-03        -1.1536945117004852e-03        -1.5482050562797371e-03         3.1899037509960058e-04         1.2383111012292738e-03         1.7174010099636140e-03         1.0971280541483721e-03
9                                     -1.0016707738347850e-03        -2.3616956852647031e-04        -5.9751897147046571e-03        -3.0612897699997758e-03        -4.7087023450572438e-04         7.2781897146454030e-04         6.2719131734626388e-04        -1.2878815328932992e-04
10                                     5.7890619057636922e-03        -2.0552208565569061e-03        -6.1914669145882615e-03        -2.0345388286342834e-03        -1.1681666260195565e-03         9.5889645490758024e-04         1.2570631840916257e-03        -1.0564474981709406e-04
11                                    -2.5592060798899155e-03         2.1748754922796100e-03         1.8350070740237646e-03         6.9112340451250344e-04         2.1129578837273764e-03         1.4719576526887755e-03         1.0819406794802576e-03         1.2827471080292139e-03
12                                     5.6650248299001255e-05        -1.5569333616911201e-04         8.2044338598967253e-04         6.0687950986217098e-04         2.3442024832541226e-05        -6.2778511928218801e-03        -3.0402899841185200e-03        -5.3016197713296712e-04
13                                     4.6976553325028501e-03         2.2880858772776238e-03         1.5457817952651521e-03         1.5473239264425058e-03        -2.4650390198643207e-04        -5.5285398416769034e-03        -1.7874848252672233e-03        -2.6825838455345766e-04
14                                     2.9582952182350473e-03         2.8159472902860236e-03        -8.5479140104954290e-04        -7.8796059460041219e-04         8.1403655777033488e-04        -3.4334064991526692e-03        -1.6117463104485968e-03         1.8936553780773495e-03
15                                    -1.7500027448076630e-01         2.5667153902261205e-02        -7.0197427755642593e-03         9.5630324715054518e-03        -2.9238925229565331e-03        -8.3616929077057148e-03         1.1304243808660188e-02         4.7104664031588153e-03
16                                     2.6806619215996186e-01        -1.8759563452810546e-01         2.5780254691806836e-02        -1.6433550135785190e-02        -2.9240496683600129e-03         2.3758472230894296e-02        -1.6090691948964571e-02        -4.5286101899075174e-03
17                                    -1.8759563452810546e-01         4.7682762500449749e-01        -2.4333160669878964e-02         1.5743063142061954e-02         7.0728237760297203e-03         2.7022659406666805e-02        -1.7642492956230212e-02         3.3308555107929537e-03
18                                     2.5780254691806836e-02        -2.4333160669878964e-02         6.0402941925964238e-02         2.1148788223231620e-03        -7.6046444842832080e-03         1.1536657588148867e-03         1.3466523057705246e-03        -2.8153316933666448e-03
19                                    -1.6433550135785190e-02         1.5743063142061954e-02         2.1148788223231620e-03         1.7879568772624507e-01        -1.4282904488206405e-01         5.4152234377963736e-04         1.1809665727344293e-02        -1.1597964144091005e-02
20                                    -2.9240496683600129e-03         7.0728237760297203e-03        -7.6046444842832080e-03        -1.4282904488206405e-01         2.0934784556570918e-01         2.4774033392857956e-03         1.7724045845807189e-02        -1.6918966609442455e-02
21                                     2.3758472230894296e-02         2.7022659406666805e-02         1.1536657588148867e-03         5.4152234377963736e-04         2.4774033392857956e-03         5.9655147444494350e-02         2.3106153709834252e-03         1.2050180453655667e-02
22                                    -1.6090691948964571e-02        -1.7642492956230212e-02         1.3466523057705246e-03         1.1809665727344293e-02         1.7724045845807189e-02         2.3106153709834252e-03         1.1351498073552220e-01         1.1681836928785379e-01
23                                    -4.5286101899075174e-03         3.3308555107929537e-03        -2.8153316933666448e-03        -1.1597964144091005e-02        -1.6918966609442455e-02         1.2050180453655667e-02         1.1681836928785379e-01         2.6478872952897525e-01
24                                     3.9941812741417775e-02        -2.9094068159706880e-02        -3.2382078464159854e-03         1.4424314294384649e-03         1.5780118285215142e-03         1.6179389441936026e-03         9.4224270514781973e-05         1.1732413917198495e-03
