*************************************************
******************* ORCA 6.0.0 ******************
*************************************************
$Calculation_Status
   &GeometryIndex 1
   &ListStatus       OUT
   &VERSION [&Type "String"] "6.0.0"
   &PROGNAME [&Type "String"] "LeanSCF"
   &STATUS [&Type "String"] "NORMAL TERMINATION"
$End
$Geometry
   &GeometryIndex 1
   &ListStatus       OUT
   &NATOMS [&Type "Integer"] 9
   &NCORELESSECP [&Type "Integer"] 0
   &NGHOSTATOMS [&Type "Integer"] 0
   &CartesianCoordinates [&Type "Coordinates", &Dim(9,4), &Units "Bohr"] 
              C      2.011674454801    0.971606422831   -0.751061685889
              C     -0.596651233552   -0.103789129310   -0.211684181297
              F     -0.541419934582   -2.590324784213    0.313077749006
              F     -2.137671455341    0.242491579545   -2.223816060371
              F     -1.672956786147    1.077507366260    1.799747873420
              O      3.650057694293    0.702637747371    1.333577465793
              H      2.823082701538   -0.094856402756   -2.324006706469
              H      1.757833917844    2.947540686249   -1.342485597183
              H      3.023663509130    1.741089004872    2.694058409998
$End
$SCF_Energy
   &GeometryIndex 1
   &ListStatus       OUT
   &SCF_ENERGY [&Type "Double"]      -4.5277935028196634e+02
$End
$DFT_Energy
   &GeometryIndex 1
   &ListStatus       OUT
   &NALPHAEL [&Type "Integer"] 25
   &NBETAEL [&Type "Integer"] 25
   &NTOTALEL [&Type "Integer"] 50
   &EEXCHANGE [&Type "Double"]      -5.0110200475822964e+01
   &ECORR [&Type "Double"]      -1.6983209599843763e+00
   &ECNL [&Type "Double"]       0.0000000000000000e+00
   &EXC [&Type "Double"]      -5.1808521435807343e+01
   &EEMBED [&Type "Double"]       0.0000000000000000e+00
   &FINALEN [&Type "Double"]      -4.5277935028196634e+02  "No Van der Waals correction"
$End
$Mulliken_Population_Analysis
   &GeometryIndex 1
   &ListStatus       OUT
   &NATOMS [&Type "Integer"] 9
   &ATNO [&Type "ArrayOfIntegers", &Dim (9,1)] 
                                                         0

0                                                        6
1                                                        6
2                                                        9
3                                                        9
4                                                        9
5                                                        8
6                                                        1
7                                                        1
8                                                        1
   &ATOMICCHARGES [&Type "ArrayOfDoubles", &Dim (9,1)] 
                                                         0

0                                      9.0118446283149467e-04
1                                      4.3283127601630156e-01
2                                     -1.6483357840550283e-01
3                                     -1.7533827217410547e-01
4                                     -1.8937919839610018e-01
5                                     -4.4646442240992279e-01
6                                      1.1846345717830786e-01
7                                      1.0865232612385756e-01
8                                      3.1516722760443727e-01
$End
$Loewdin_Population_Analysis
   &GeometryIndex 1
   &ListStatus       OUT
   &NATOMS [&Type "Integer"] 9
   &ATNO [&Type "ArrayOfIntegers", &Dim (9,1)] 
                                                         0

0                                                        6
1                                                        6
2                                                        9
3                                                        9
4                                                        9
5                                                        8
6                                                        1
7                                                        1
8                                                        1
   &ATOMICCHARGES [&Type "ArrayOfDoubles", &Dim (9,1)] 
                                                         0

0                                     -3.1902840273693123e-01
1                                     -6.7101593661605285e-01
2                                      1.9714704484509937e-01
3                                      1.8265594642786098e-01
4                                      1.6832421187424451e-01
5                                     -1.3211550992066279e-02
6                                      1.4464131122517565e-01
7                                      1.3165446184677143e-01
8                                      1.7883291412599422e-01
$End
$Mayer_Population_Analysis
   &GeometryIndex 1
   &ListStatus       OUT
   &NATOMS [&Type "Integer"] 9 "Total number of atoms"
   &BONDTHRESH [&Type "Double"]       1.0000000000000001e-01  "The threshold for printing"
   &NBONDORDERSPRINT [&Type "Integer"] 8 "The number of bond orders larger than threshold"
   &BONDORDERS [&Type "ArrayOfDoubles", &Dim (8,1)] "The bond orders"
                                                         0

0                                      9.8257579246207072e-01
1                                      1.0011254336452449e+00
2                                      9.4555221677841783e-01
3                                      9.4155231959677932e-01
4                                      1.1282755382747440e+00
5                                      1.1094790161344159e+00
6                                      1.0859684260873517e+00
7                                      8.8726160610227800e-01
   &COMPONENTS [&Type "ArrayOfIntegers", &Dim (8,4)] "The indices and atomic numbers of the bonding atoms"
                                                         0                           1                           2                           3

0                                                        0                           6                           1                           6
1                                                        0                           6                           5                           8
2                                                        0                           6                           6                           1
3                                                        0                           6                           7                           1
4                                                        1                           6                           2                           9
5                                                        1                           6                           3                           9
6                                                        1                           6                           4                           9
7                                                        5                           8                           8                           1
   &ATNO [&Type "ArrayOfIntegers", &Dim (9,1)] "Atomic number of the elements"
                                                         0

0                                                        6
1                                                        6
2                                                        9
3                                                        9
4                                                        9
5                                                        8
6                                                        1
7                                                        1
8                                                        1
   &NA [&Type "ArrayOfDoubles", &Dim (9,1)] "Mulliken gross atomic population"
                                                         0

0                                      5.9990988155371783e+00
1                                      5.5671687239837091e+00
2                                      9.1648335784055064e+00
3                                      9.1753382721740984e+00
4                                      9.1893791983960540e+00
5                                      8.4464644224099281e+00
6                                      8.8153654282169180e-01
7                                      8.9134767387614167e-01
8                                      6.8483277239556450e-01
   &ZA [&Type "ArrayOfDoubles", &Dim (9,1)] "Total nuclear charge"
                                                         0

0                                      6.0000000000000000e+00
1                                      6.0000000000000000e+00
2                                      9.0000000000000000e+00
3                                      9.0000000000000000e+00
4                                      9.0000000000000000e+00
5                                      8.0000000000000000e+00
6                                      1.0000000000000000e+00
7                                      1.0000000000000000e+00
8                                      1.0000000000000000e+00
   &QA [&Type "ArrayOfDoubles", &Dim (9,1)] "Mulliken gross atomic charge"
                                                         0

0                                      9.0118446282172471e-04
1                                      4.3283127601629090e-01
2                                     -1.6483357840550639e-01
3                                     -1.7533827217409836e-01
4                                     -1.8937919839605399e-01
5                                     -4.4646442240992812e-01
6                                      1.1846345717830820e-01
7                                      1.0865232612385833e-01
8                                      3.1516722760443550e-01
   &VA [&Type "ArrayOfDoubles", &Dim (9,1)] "Mayer's total valence"
                                                         0

0                                      3.8897660448057052e+00
1                                      4.4111101032310565e+00
2                                      1.1274864771277955e+00
3                                      1.1157788905734496e+00
4                                      1.0951816216122756e+00
5                                      1.9690347452305530e+00
6                                      9.7569925949559200e-01
7                                      9.7271270948659427e-01
8                                      9.2148006731479160e-01
   &BVA [&Type "ArrayOfDoubles", &Dim (9,1)] "Mayer's bonded valence"
                                                         0

0                                      3.8897660448056799e+00
1                                      4.4111101032309890e+00
2                                      1.1274864771277755e+00
3                                      1.1157788905733701e+00
4                                      1.0951816216123567e+00
5                                      1.9690347452305097e+00
6                                      9.7569925949559588e-01
7                                      9.7271270948657573e-01
8                                      9.2148006731478882e-01
   &FA [&Type "ArrayOfDoubles", &Dim (9,1)] "Mayer's free valence"
                                                         0

0                                      0.0000000000000000e+00
1                                      0.0000000000000000e+00
2                                      0.0000000000000000e+00
3                                      0.0000000000000000e+00
4                                      0.0000000000000000e+00
5                                      0.0000000000000000e+00
6                                      0.0000000000000000e+00
7                                      0.0000000000000000e+00
8                                      0.0000000000000000e+00
$End
$VdW_Correction
   &GeometryIndex 1
   &ListStatus       OUT
   &VDW [&Type "Double"]      -1.5517026123791809e-03
$End
$Calculation_Info
   &GeometryIndex 1
   &ListStatus       OUT
   &MULT [&Type "Integer"] 1
   &CHARGE [&Type "Integer"] 0
   &NUMOFATOMS [&Type "Integer"] 9
   &NUMOFELECTRONS [&Type "Integer"] 50
   &NUMOFFCELECTRONS [&Type "Integer"] 1
   &NUMOFCORRELECTRONS [&Type "Integer"] 0
   &NUMOFBASISFUNCTS [&Type "Integer"] 204
   &NUMOFAUXCBASISFUNCTS [&Type "Integer"] 0
   &NUMOFAUXJBASISFUNCTS [&Type "Integer"] 228
   &NUMOFAUXJKBASISFUNCTS [&Type "Integer"] 0
   &NUMOFCABSBASISFUNCTS [&Type "Integer"] 0
   &TOTALENERGY [&Type "Double"]      -4.5277056386707875e+02  "Hartrees"
$End
$SCF_Dipole_Moment
   &GeometryIndex 1
   &ListStatus       OUT
   &METHOD [&Type "String"] "SCF"
   &LEVEL [&Type "String"] "Relaxed density"
   &MULT [&Type "Integer"] 1
   &STATE [&Type "Integer"] -1
   &IRREP [&Type "Integer"] 0
   &NATOMS [&Type "Integer"] 9
   &DODIPOLEATOM [&Type "Boolean"] false
   &DIPOLEELECCONTRIB [&Type "ArrayOfDoubles", &Dim (3,1)] "Electronic contribution"
                                                         0

0                                     -5.6592058507089886e+00
1                                     -2.2654239645997403e+00
2                                      3.2140795359893404e-01
   &DIPOLENUCCONTRIB [&Type "ArrayOfDoubles", &Dim (3,1)] "Nuclear contribution"
                                                         0

0                                      5.9376599288552407e+00
1                                      2.9084038407843411e+00
2                                     -4.1967830646701509e-01
   &DIPOLETOTAL [&Type "ArrayOfDoubles", &Dim (3,1)] "Total"
                                                         0

0                                      2.7845407814625212e-01
1                                      6.4297987618460084e-01
2                                     -9.8270352868081057e-02
   &DIPOLEMAGNITUDE [&Type "Double", &Units "a.u."]       7.0754283055336009e-01
$End
$THERMOCHEMISTRY_Energies
   &GeometryIndex 1
   &ListStatus       OUT
   &TEMPERATURE [&Type "Double"]       2.9814999999999998e+02
   &PRESSURE [&Type "Double"]       1.0000000000000000e+00
   &TOTALMASS [&Type "Double"]       1.0003900000000000e+02
   &SPINDEGENERACY [&Type "Integer"] 1
   &ELENERGY [&Type "Double"]      -4.5277056386707875e+02
   &TRANSENERGY [&Type "Double"]       1.4162714244859817e-03
   &ROTENERGY [&Type "Double"]       1.4162714244859817e-03
   &VIBENERGY [&Type "Double"]       2.9905652018519667e-03
   &NUMOFFREQS [&Type "Integer"] 27
   &FREQSCALINGFACTOR [&Type "Double"]       1.0000000000000000e+00
   &FREQ [&Type "ArrayOfDoubles", &Dim (27,1)] "In cm^-1"
                                                         0

0                                      0.0000000000000000e+00
1                                      0.0000000000000000e+00
2                                      0.0000000000000000e+00
3                                      0.0000000000000000e+00
4                                      0.0000000000000000e+00
5                                      0.0000000000000000e+00
6                                      1.2753325023027182e+02
7                                      2.2881492532205206e+02
8                                      3.2022580748801761e+02
9                                      3.8368509402171554e+02
10                                     4.1498876399956936e+02
11                                     5.2500990569104306e+02
12                                     5.3794898909457766e+02
13                                     6.5490039545602508e+02
14                                     8.1665526225788471e+02
15                                     9.3372727674829082e+02
16                                     1.0736412872118567e+03
17                                     1.1270499432636195e+03
18                                     1.1415067537886853e+03
19                                     1.2550641359597494e+03
20                                     1.2758396223965858e+03
21                                     1.3874268003616899e+03
22                                     1.4263663561844121e+03
23                                     1.4765050183047290e+03
24                                     3.0029640274122085e+03
25                                     3.1000760480935223e+03
26                                     3.7969836224484620e+03
   &ZPE [&Type "Double"]       5.6969940362211577e-02
   &INNERENERGYU [&Type "Double"]      -4.5270777081866572e+02
   &ENTHALPYH [&Type "Double"]      -4.5270682660962348e+02
   &QEL [&Type "Double"]       0.0000000000000000e+00
   &QROT [&Type "Double"]       1.2579068773289162e-02
   &QVIB [&Type "Double"]       4.8298285586815537e-03
   &QTRANS [&Type "Double"]       1.8871794357735238e-02
   &ENTROPYS [&Type "Double"]       3.6280691689705956e-02
   &FREEENERGYG [&Type "Double"]      -4.5274310730131316e+02
   &ISLINEAR [&Type "Boolean"] false
$End
$Hessian
   &GeometryIndex 1
   &ListStatus       OUT
   &HESSIAN [&Type "ArrayOfDoubles", &Dim (27,27)] "The Hessian"
                                                         0                           1                           2                           3                           4                           5                           6                           7

0                                      4.7289356374464619e-01        -4.8963060411570947e-02        -3.9768916745602685e-02        -1.5995104809134919e-01        -4.1885776084853624e-02         3.7771326097007007e-02         5.0783363049137706e-03         3.7932895175569539e-03
1                                     -4.8963060411570947e-02         5.9777319948227803e-01         3.7690705225340806e-02        -4.3066926816614448e-02        -8.9031032869655718e-02         1.0150504883934810e-02        -3.3464112918072393e-02        -3.8885242182628274e-02
2                                     -3.9768916745602685e-02         3.7690705225340806e-02         5.5851835902742142e-01         2.6612892048974088e-02         7.0945863665382216e-03        -6.5363483737536920e-02         8.6163213130539974e-03         1.4175068260829787e-02
3                                     -1.5995104809134919e-01        -4.3066926816614448e-02         2.6612892048974088e-02         5.6880375377479908e-01         4.1873778197355889e-02        -1.5802346319264516e-02        -8.5504936890435410e-02        -3.2800317564257025e-02
4                                     -4.1885776084853624e-02        -8.9031032869655718e-02         7.0945863665382216e-03         4.1873778197355889e-02         5.1101099718516574e-01        -1.8246808404536328e-02        -1.8173363660053003e-02        -2.4167343079680831e-01
5                                      3.7771326097007007e-02         1.0150504883934810e-02        -6.5363483737536920e-02        -1.5802346319264516e-02        -1.8246808404536328e-02         4.8194655824977034e-01         4.5785597275659652e-03         3.9233274296335358e-02
6                                      5.0783363049137706e-03        -3.3464112918072393e-02         8.6163213130539974e-03        -8.5504936890435410e-02        -1.8173363660053003e-02         4.5785597275659652e-03         7.3069674652514335e-02        -9.2718482834157658e-03
7                                      3.7932895175569539e-03        -3.8885242182628274e-02         1.4175068260829787e-02        -3.2800317564257025e-02        -2.4167343079680831e-01         3.9233274296335358e-02        -9.2718482834157658e-03         3.6313534269569758e-01
8                                     -2.0210812903766421e-03         1.5196212630218073e-02         1.0574888808605638e-03         8.3166457148120907e-03         3.9149529508045580e-02        -8.2852683515192857e-02         2.3112164160522374e-03        -6.0512034334476821e-02
9                                     -1.9621429771859138e-02         8.1000659539739797e-03        -4.1109961260270320e-02        -1.6789269570706733e-01         3.0698538146965021e-04        -7.4886579619826393e-02         2.8327824599693151e-03         2.4066053065947036e-02
10                                    -5.8152665654566411e-03         6.8456322729243783e-03        -6.1903739563732053e-03         6.1424142313579108e-03        -7.4711602061753826e-02         8.0001626122957817e-03         3.4636473610434398e-02        -2.5896259972115764e-02
11                                    -8.4151749541815091e-03         4.3734438463535717e-03        -9.9512742499171455e-03        -8.6516106273483009e-02         4.9859452289351611e-03        -1.4961705383221291e-01        -2.1096548913111635e-02         3.7846974771739358e-02
12                                    -1.7601671246114427e-02         2.1423204668931165e-02         3.9559150576037386e-02        -1.2883286062540145e-01         2.2697674951288702e-02         6.2328974203773896e-02         8.1925212055476444e-03         2.1173533706261065e-02
13                                    -1.9407526942475176e-03         5.7736124462839378e-03        -1.4469249170661960e-03         2.9978290348225099e-02        -9.2243999218038220e-02        -3.9521347293948378e-02         2.9580613764494539e-02        -6.0477082914273783e-02
14                                     1.2196961100350769e-02        -1.6941011993047699e-02        -2.5697905749110659e-02         7.1598256757019682e-02        -3.6164657036400386e-02        -1.5769958362623732e-01         5.3201037292925826e-03        -2.8643071488815501e-02
15                                    -1.3335392395458123e-01         3.2676732885866921e-02        -5.1618640755243597e-02        -2.4801797508799024e-02         7.9195873910660568e-03        -3.6525184477872535e-02         1.3367488357827109e-03        -7.4276573875769331e-04
16                                     1.6868019119681308e-02        -7.9271861649369849e-02        -9.6927411351299380e-03        -2.2548140549202809e-03        -1.0257497077974121e-03        -7.6471388102907108e-03         2.0433234904367156e-04         4.3711817467061405e-03
17                                    -9.0591627385444171e-02         1.6400821895125390e-02        -1.7637573202100720e-01        -9.8794870459689640e-03         4.5958632170512922e-04        -1.7540401757947355e-02        -6.6907417813562992e-05        -3.8180074261610622e-03
18                                    -9.7539782344510578e-02         5.7561246591758639e-02         8.7604653559007734e-02        -9.3245379265104004e-03         2.0138590475862170e-02         2.3489159199445712e-02         1.6426136158143557e-03        -3.4458599968584160e-04
19                                     5.8903160621491271e-02        -1.2547990666477715e-01        -1.0593132513527380e-01        -5.9943890754951337e-03         5.1564637102496829e-03         8.9730433865832602e-03         4.1221306664585976e-04         6.4445998793292384e-04
20                                     8.0479741548904332e-02        -9.8783871816639612e-02        -1.8722525766076425e-01         5.7250370417714878e-03        -5.4891773694541804e-03        -7.7608256145947907e-03        -7.0075388114354846e-04         3.1529597707680330e-04
21                                    -5.3593234264506032e-02         2.2504285404872128e-02        -2.6358280621647601e-03         5.3586031479445941e-03        -2.8955283571805043e-02         6.4388673281780221e-03        -6.1602348883910913e-03        -6.8250413470886118e-03
22                                     1.8755908054085543e-02        -2.7904595220629769e-01         5.5753937260998698e-02         6.1138906819518182e-03        -1.7657125800245834e-02         2.1826666560037385e-03        -3.2793615259694505e-03        -6.7160401742699834e-04
23                                    -1.8129658866864492e-03         5.3231968228932933e-02        -6.3496727584862078e-02         2.1041876115338119e-03         1.0304014649234987e-02        -2.1005125821031943e-03         5.9231470547466321e-04         9.6423292354817802e-04
24                                     3.6891896233606017e-03        -1.6797537892944636e-02        -2.7093482553012339e-02         2.1455198268193693e-03        -3.8511560454713074e-03        -7.9227478830455299e-03        -4.8750529571561964e-04         5.3602144847628933e-04
25                                     3.1058097711323361e-04         1.3215513712423630e-03         8.5535496778868271e-03        -6.2962982463326145e-05         1.7547955888391016e-04        -2.8369488104378420e-03        -2.2928520814426113e-04        -5.4736454708354844e-04
26                                     1.1995549395249851e-02        -2.1325254547969477e-02        -3.1465466905083811e-02        -1.6291077913562952e-03        -2.3804277800078830e-03         9.8798641605500831e-04         3.4520517503488948e-04         6.9795693659258258e-04
                                                         8                           9                          10                          11                          12                          13                          14                          15

0                                     -2.0210812903766421e-03        -1.9621429771859138e-02        -5.8152665654566411e-03        -8.4151749541815091e-03        -1.7601671246114427e-02        -1.9407526942475176e-03         1.2196961100350769e-02        -1.3335392395458123e-01
1                                      1.5196212630218073e-02         8.1000659539739797e-03         6.8456322729243783e-03         4.3734438463535717e-03         2.1423204668931165e-02         5.7736124462839378e-03        -1.6941011993047699e-02         3.2676732885866921e-02
2                                      1.0574888808605638e-03        -4.1109961260270320e-02        -6.1903739563732053e-03        -9.9512742499171455e-03         3.9559150576037386e-02        -1.4469249170661960e-03        -2.5697905749110659e-02        -5.1618640755243597e-02
3                                      8.3166457148120907e-03        -1.6789269570706733e-01         6.1424142313579108e-03        -8.6516106273483009e-02        -1.2883286062540145e-01         2.9978290348225099e-02         7.1598256757019682e-02        -2.4801797508799024e-02
4                                      3.9149529508045580e-02         3.0698538146965021e-04        -7.4711602061753826e-02         4.9859452289351611e-03         2.2697674951288702e-02        -9.2243999218038220e-02        -3.6164657036400386e-02         7.9195873910660568e-03
5                                     -8.2852683515192857e-02        -7.4886579619826393e-02         8.0001626122957817e-03        -1.4961705383221291e-01         6.2328974203773896e-02        -3.9521347293948378e-02        -1.5769958362623732e-01        -3.6525184477872535e-02
6                                      2.3112164160522374e-03         2.8327824599693151e-03         3.4636473610434398e-02        -2.1096548913111635e-02         8.1925212055476444e-03         2.9580613764494539e-02         5.3201037292925826e-03         1.3367488357827109e-03
7                                     -6.0512034334476821e-02         2.4066053065947036e-02        -2.5896259972115764e-02         3.7846974771739358e-02         2.1173533706261065e-02        -6.0477082914273783e-02        -2.8643071488815501e-02        -7.4276573875769331e-04
8                                      9.1009085398301992e-02        -1.6721975644466359e-02         4.6711877916011342e-02        -2.0758044502083420e-02         5.3383336042779712e-03        -4.0182303513927153e-02         6.5470423599242010e-03         1.7136743188556200e-03
9                                     -1.6721975644466359e-02         1.7532357466447987e-01        -2.4235225759404282e-02         1.3691360629148908e-01         2.0937341444020669e-02        -4.3172762840541813e-03        -3.3572037910122934e-03        -1.2734480387927436e-02
10                                     4.6711877916011342e-02        -2.4235225759404282e-02         8.0989454709148631e-02        -2.9077686176643941e-02        -7.7831202309866796e-03         9.6919034201772350e-03        -1.8864476583540849e-02        -3.4289363255910789e-03
11                                    -2.0758044502083420e-02         1.3691360629148908e-01        -2.9077686176643941e-02         2.4962614103469069e-01        -1.7392862666398334e-02        -1.6507075793592937e-02        -7.3719572459924651e-02        -3.8861755452226517e-03
12                                     5.3383336042779712e-03         2.0937341444020669e-02        -7.7831202309866796e-03        -1.7392862666398334e-02         1.2298246936655009e-01        -5.3717731675735986e-02        -9.1181025278375238e-02         1.8923216340772037e-03
13                                    -4.0182303513927153e-02        -4.3172762840541813e-03         9.6919034201772350e-03        -1.6507075793592937e-02        -5.3717731675735986e-02         1.3352559027152713e-01         9.6328358651289095e-02        -8.8047637377741553e-04
14                                     6.5470423599242010e-03        -3.3572037910122934e-03        -1.8864476583540849e-02        -7.3719572459924651e-02        -9.1181025278375238e-02         9.6328358651289095e-02         2.4225676315766123e-01        -3.0372309675692159e-04
15                                     1.7136743188556200e-03        -1.2734480387927436e-02        -3.4289363255910789e-03        -3.8861755452226517e-03         1.8923216340772037e-03        -8.8047637377741553e-04        -3.0372309675692159e-04         2.5768721457978633e-01
16                                    -2.0215079515739287e-03        -4.8611720805236663e-03         1.2987010019348706e-03        -1.6615931345451366e-03        -4.4436650418550787e-04         1.1978342878581384e-03         7.9406734459835666e-04        -1.4202646657090057e-01
17                                     3.8825474850856965e-03        -1.6571420737419747e-03        -5.3042813467659149e-04         2.6141742239980175e-03        -8.1271931508078085e-05         1.1374992048448279e-03         6.6343051002559876e-03         7.2897928341541310e-03
18                                    -1.7390405793121181e-03         6.9491999990820312e-04        -1.1006507279354904e-03        -1.7808486218719960e-03        -7.3946849988693183e-03        -1.6588545121165065e-03         4.1937252729152526e-03         8.6975499113681916e-03
19                                    -3.1562517683102025e-04         1.1798868705016584e-03        -1.7257573495696682e-04         4.5378413948466952e-04        -3.8498105362815239e-03         1.1153969138015770e-03         2.7437044714457527e-03        -3.2626521150940693e-03
20                                     9.6271885783939543e-04        -1.0258232137947635e-04         8.0721839630607450e-04         1.1593117586040820e-03         7.3624433469448398e-04         4.1251435788617323e-04         5.9023184475454711e-04         2.9819734538549872e-03
21                                     2.2891123549541089e-03         6.5162149979561669e-04         1.2425024829690265e-03         1.7787885072469579e-04         6.6955144464638774e-04         1.6618021082722310e-03        -5.9829222282559960e-04        -7.2118965356230153e-03
22                                     1.2274447877757681e-03        -1.1775994335368849e-03         1.9459050040916120e-03        -1.2995105239903696e-03        -2.2175477839618627e-04         1.8999238445713282e-03        -2.1414661142114995e-05         4.2956279620853799e-03
23                                     4.3874801660722458e-04        -2.5119648919870192e-05        -1.3114753604983134e-03         1.4167739342363633e-04        -4.0316989106609601e-04        -6.1922643020895587e-04         6.7993443945146967e-04        -1.4295684698461344e-02
24                                     6.1360425079750214e-04        -1.9163420131979394e-04         4.1212099259590085e-04         1.6316396057527926e-03        -8.4498822445681736e-04         1.6283221560038485e-03         2.7984429476316376e-03        -9.1511736574083763e-02
25                                     4.8671621808947865e-04         8.6797057764362784e-04         8.8413605498254206e-06         8.5610201698268053e-04         3.8843356204083064e-04        -4.8317905190733913e-04         7.2593022060273233e-04         1.0543095457547877e-01
26                                    -2.8690298134279686e-04         1.3115502944302045e-03         4.8479691239664729e-04         5.0464063342172717e-04         4.2838163032414469e-04         4.4107680973411948e-04         4.0878493322518304e-04         9.4747706671671775e-02
                                                        16                          17                          18                          19                          20                          21                          22                          23

0                                      1.6868019119681308e-02        -9.0591627385444171e-02        -9.7539782344510578e-02         5.8903160621491271e-02         8.0479741548904332e-02        -5.3593234264506032e-02         1.8755908054085543e-02        -1.8129658866864492e-03
1                                     -7.9271861649369849e-02         1.6400821895125390e-02         5.7561246591758639e-02        -1.2547990666477715e-01        -9.8783871816639612e-02         2.2504285404872128e-02        -2.7904595220629769e-01         5.3231968228932933e-02
2                                     -9.6927411351299380e-03        -1.7637573202100720e-01         8.7604653559007734e-02        -1.0593132513527380e-01        -1.8722525766076425e-01        -2.6358280621647601e-03         5.5753937260998698e-02        -6.3496727584862078e-02
3                                     -2.2548140549202809e-03        -9.8794870459689640e-03        -9.3245379265104004e-03        -5.9943890754951337e-03         5.7250370417714878e-03         5.3586031479445941e-03         6.1138906819518182e-03         2.1041876115338119e-03
4                                     -1.0257497077974121e-03         4.5958632170512922e-04         2.0138590475862170e-02         5.1564637102496829e-03        -5.4891773694541804e-03        -2.8955283571805043e-02        -1.7657125800245834e-02         1.0304014649234987e-02
5                                     -7.6471388102907108e-03        -1.7540401757947355e-02         2.3489159199445712e-02         8.9730433865832602e-03        -7.7608256145947907e-03         6.4388673281780221e-03         2.1826666560037385e-03        -2.1005125821031943e-03
6                                      2.0433234904367156e-04        -6.6907417813562992e-05         1.6426136158143557e-03         4.1221306664585976e-04        -7.0075388114354846e-04        -6.1602348883910913e-03        -3.2793615259694505e-03         5.9231470547466321e-04
7                                      4.3711817467061405e-03        -3.8180074261610622e-03        -3.4458599968584160e-04         6.4445998793292384e-04         3.1529597707680330e-04        -6.8250413470886118e-03        -6.7160401742699834e-04         9.6423292354817802e-04
8                                     -2.0215079515739287e-03         3.8825474850856965e-03        -1.7390405793121181e-03        -3.1562517683102025e-04         9.6271885783939543e-04         2.2891123549541089e-03         1.2274447877757681e-03         4.3874801660722458e-04
9                                     -4.8611720805236663e-03        -1.6571420737419747e-03         6.9491999990820312e-04         1.1798868705016584e-03        -1.0258232137947635e-04         6.5162149979561669e-04        -1.1775994335368849e-03        -2.5119648919870192e-05
10                                     1.2987010019348706e-03        -5.3042813467659149e-04        -1.1006507279354904e-03        -1.7257573495696682e-04         8.0721839630607450e-04         1.2425024829690265e-03         1.9459050040916120e-03        -1.3114753604983134e-03
11                                    -1.6615931345451366e-03         2.6141742239980175e-03        -1.7808486218719960e-03         4.5378413948466952e-04         1.1593117586040820e-03         1.7787885072469579e-04        -1.2995105239903696e-03         1.4167739342363633e-04
12                                    -4.4436650418550787e-04        -8.1271931508078085e-05        -7.3946849988693183e-03        -3.8498105362815239e-03         7.3624433469448398e-04         6.6955144464638774e-04        -2.2175477839618627e-04        -4.0316989106609601e-04
13                                     1.1978342878581384e-03         1.1374992048448279e-03        -1.6588545121165065e-03         1.1153969138015770e-03         4.1251435788617323e-04         1.6618021082722310e-03         1.8999238445713282e-03        -6.1922643020895587e-04
14                                     7.9406734459835666e-04         6.6343051002559876e-03         4.1937252729152526e-03         2.7437044714457527e-03         5.9023184475454711e-04        -5.9829222282559960e-04        -2.1414661142114995e-05         6.7993443945146967e-04
15                                    -1.4202646657090057e-01         7.2897928341541310e-03         8.6975499113681916e-03        -3.2626521150940693e-03         2.9819734538549872e-03        -7.2118965356230153e-03         4.2956279620853799e-03        -1.4295684698461344e-02
16                                     2.4066184153855999e-01         1.9970906079873951e-01        -1.3806890433216368e-02         4.4167873074682056e-03        -1.4991594981891190e-02         2.2457588997648832e-02         5.5755917120798616e-03         2.6617379433648895e-02
17                                     1.9970906079873951e-01         5.1419024421459747e-01        -2.5181039305709096e-02         1.9789828217683016e-03        -3.0723615275639077e-02        -1.7009635231861005e-02         6.8023705832696325e-03        -1.8221761020613150e-02
18                                    -1.3806890433216368e-02        -2.5181039305709096e-02         1.0516517387725603e-01        -6.0720469853895426e-02        -8.2805807231490960e-02         4.1928820060114233e-04        -4.8079072467113737e-04         1.1610907362000211e-03
19                                     4.4167873074682056e-03         1.9789828217683016e-03        -6.0720469853895426e-02         1.2592004537300633e-01         1.1188103648833328e-01         1.3255874064707308e-02        -1.3020373623593085e-02        -2.1599344476645223e-02
20                                    -1.4991594981891190e-02        -3.0723615275639077e-02        -8.2805807231490960e-02         1.1188103648833328e-01         2.1843624848869980e-01        -3.2189682581079690e-03         4.2513582900784858e-03         7.9258781630908055e-03
21                                     2.2457588997648832e-02        -1.7009635231861005e-02         4.1928820060114233e-04         1.3255874064707308e-02        -3.2189682581079690e-03         5.9638284592967779e-02        -2.5078711214899012e-02         1.2965924188039366e-02
22                                     5.5755917120798616e-03         6.8023705832696325e-03        -4.8079072467113737e-04        -1.3020373623593085e-02         4.2513582900784858e-03        -2.5078711214899012e-02         2.9959528845451477e-01        -6.9174476820371811e-02
23                                     2.6617379433648895e-02        -1.8221761020613150e-02         1.1610907362000211e-03        -2.1599344476645223e-02         7.9258781630908055e-03         1.2965924188039366e-02        -6.9174476820371811e-02         7.3327890696022385e-02
24                                     1.2388216348699631e-01         1.3707357885291324e-01        -2.3605403350576183e-03         1.0837022288488177e-04        -3.0022618089970234e-03         2.2801680256461800e-04         1.0031475327511924e-03        -2.8106622703904301e-04
