*************************************************
******************* ORCA 6.0.0 ******************
*************************************************
$Calculation_Status
   &GeometryIndex 1
   &ListStatus       OUT
   &VERSION [&Type "String"] "6.0.0"
   &PROGNAME [&Type "String"] "LeanSCF"
   &STATUS [&Type "String"] "NORMAL TERMINATION"
$End
$Geometry
   &GeometryIndex 1
   &ListStatus       OUT
   &NATOMS [&Type "Integer"] 9
   &NCORELESSECP [&Type "Integer"] 0
   &NGHOSTATOMS [&Type "Integer"] 0
   &CartesianCoordinates [&Type "Coordinates", &Dim(9,4), &Units "Bohr"] 
              C     -3.236705306531    0.707019413217   -0.074984571288
              C     -1.128928309515   -1.228201673666    0.093255827587
              S      2.068340904772    0.189478962675   -0.058849597850
              H     -5.070327141676   -0.255694312374   -0.023282701157
              H     -3.165595905919    2.027096388648    1.515507669116
              H     -3.122601917245    1.792758635520   -1.829571477786
              H     -1.188664179851   -2.537868699248   -1.505423271269
              H     -1.263656608054   -2.345318454449    1.825173891375
              H      1.829371996972    1.641280814399    2.016906131367
$End
$SCF_Energy
   &GeometryIndex 1
   &ListStatus       OUT
   &SCF_ENERGY [&Type "Double"]      -4.7797596218604815e+02
$End
$DFT_Energy
   &GeometryIndex 1
   &ListStatus       OUT
   &NALPHAEL [&Type "Integer"] 17
   &NBETAEL [&Type "Integer"] 17
   &NTOTALEL [&Type "Integer"] 34
   &EEXCHANGE [&Type "Double"]      -3.7552992222279613e+01
   &ECORR [&Type "Double"]      -1.1514955676459362e+00
   &ECNL [&Type "Double"]       0.0000000000000000e+00
   &EXC [&Type "Double"]      -3.8704487789925551e+01
   &EEMBED [&Type "Double"]       0.0000000000000000e+00
   &FINALEN [&Type "Double"]      -4.7797596218604815e+02  "No Van der Waals correction"
$End
$Mulliken_Population_Analysis
   &GeometryIndex 1
   &ListStatus       OUT
   &NATOMS [&Type "Integer"] 9
   &ATNO [&Type "ArrayOfIntegers", &Dim (9,1)] 
                                                         0

0                                                        6
1                                                        6
2                                                       16
3                                                        1
4                                                        1
5                                                        1
6                                                        1
7                                                        1
8                                                        1
   &ATOMICCHARGES [&Type "ArrayOfDoubles", &Dim (9,1)] 
                                                         0

0                                     -2.9581267492601437e-01
1                                     -1.3257126453516843e-01
2                                     -2.4122581989676561e-01
3                                      1.0160939289271287e-01
4                                      9.8545885454519810e-02
5                                      1.1385480448702712e-01
6                                      1.1022302607347967e-01
7                                      1.1397649683923028e-01
8                                      1.3140015361108204e-01
$End
$Loewdin_Population_Analysis
   &GeometryIndex 1
   &ListStatus       OUT
   &NATOMS [&Type "Integer"] 9
   &ATNO [&Type "ArrayOfIntegers", &Dim (9,1)] 
                                                         0

0                                                        6
1                                                        6
2                                                       16
3                                                        1
4                                                        1
5                                                        1
6                                                        1
7                                                        1
8                                                        1
   &ATOMICCHARGES [&Type "ArrayOfDoubles", &Dim (9,1)] 
                                                         0

0                                     -3.4151051604769034e-01
1                                     -4.9797868951154722e-01
2                                      2.0154131548178889e-01
3                                      1.2064396711669390e-01
4                                      1.1669770692849557e-01
5                                      1.2022861910512828e-01
6                                      1.2621192873523990e-01
7                                      1.1969301064741344e-01
8                                      3.4472657544571406e-02
$End
$Mayer_Population_Analysis
   &GeometryIndex 1
   &ListStatus       OUT
   &NATOMS [&Type "Integer"] 9 "Total number of atoms"
   &BONDTHRESH [&Type "Double"]       1.0000000000000001e-01  "The threshold for printing"
   &NBONDORDERSPRINT [&Type "Integer"] 8 "The number of bond orders larger than threshold"
   &BONDORDERS [&Type "ArrayOfDoubles", &Dim (8,1)] "The bond orders"
                                                         0

0                                      9.7741138911892422e-01
1                                      9.5846412961670924e-01
2                                      9.7264953782899122e-01
3                                      9.7144809956221323e-01
4                                      1.0138809138906175e+00
5                                      9.5536712108564947e-01
6                                      9.6244845227741505e-01
7                                      9.6550278548305468e-01
   &COMPONENTS [&Type "ArrayOfIntegers", &Dim (8,4)] "The indices and atomic numbers of the bonding atoms"
                                                         0                           1                           2                           3

0                                                        0                           6                           1                           6
1                                                        0                           6                           3                           1
2                                                        0                           6                           4                           1
3                                                        0                           6                           5                           1
4                                                        1                           6                           2                          16
5                                                        1                           6                           6                           1
6                                                        1                           6                           7                           1
7                                                        2                          16                           8                           1
   &ATNO [&Type "ArrayOfIntegers", &Dim (9,1)] "Atomic number of the elements"
                                                         0

0                                                        6
1                                                        6
2                                                       16
3                                                        1
4                                                        1
5                                                        1
6                                                        1
7                                                        1
8                                                        1
   &NA [&Type "ArrayOfDoubles", &Dim (9,1)] "Mulliken gross atomic population"
                                                         0

0                                      6.2958126749260153e+00
1                                      6.1325712645351391e+00
2                                      1.6241225819896801e+01
3                                      8.9839060710728746e-01
4                                      9.0145411454547986e-01
5                                      8.8614519551297355e-01
6                                      8.8977697392651967e-01
7                                      8.8602350316076905e-01
8                                      8.6859984638891929e-01
   &ZA [&Type "ArrayOfDoubles", &Dim (9,1)] "Total nuclear charge"
                                                         0

0                                      6.0000000000000000e+00
1                                      6.0000000000000000e+00
2                                      1.6000000000000000e+01
3                                      1.0000000000000000e+00
4                                      1.0000000000000000e+00
5                                      1.0000000000000000e+00
6                                      1.0000000000000000e+00
7                                      1.0000000000000000e+00
8                                      1.0000000000000000e+00
   &QA [&Type "ArrayOfDoubles", &Dim (9,1)] "Mulliken gross atomic charge"
                                                         0

0                                     -2.9581267492601526e-01
1                                     -1.3257126453513912e-01
2                                     -2.4122581989680114e-01
3                                      1.0160939289271254e-01
4                                      9.8545885454520143e-02
5                                      1.1385480448702645e-01
6                                      1.1022302607348033e-01
7                                      1.1397649683923095e-01
8                                      1.3140015361108071e-01
   &VA [&Type "ArrayOfDoubles", &Dim (9,1)] "Mayer's total valence"
                                                         0

0                                      3.8907610979218861e+00
1                                      3.9150947898231232e+00
2                                      2.0540851521776080e+00
3                                      9.8055335840829272e-01
4                                      9.8787010462472236e-01
5                                      9.8670595927518390e-01
6                                      9.7462345012369700e-01
7                                      9.6976812678481805e-01
8                                      9.7679253403757316e-01
   &BVA [&Type "ArrayOfDoubles", &Dim (9,1)] "Mayer's bonded valence"
                                                         0

0                                      3.8907610979218150e+00
1                                      3.9150947898231232e+00
2                                      2.0540851521775449e+00
3                                      9.8055335840829461e-01
4                                      9.8787010462471114e-01
5                                      9.8670595927516314e-01
6                                      9.7462345012369356e-01
7                                      9.6976812678482627e-01
8                                      9.7679253403756683e-01
   &FA [&Type "ArrayOfDoubles", &Dim (9,1)] "Mayer's free valence"
                                                         0

0                                      0.0000000000000000e+00
1                                      0.0000000000000000e+00
2                                      0.0000000000000000e+00
3                                      0.0000000000000000e+00
4                                      0.0000000000000000e+00
5                                      0.0000000000000000e+00
6                                      0.0000000000000000e+00
7                                      0.0000000000000000e+00
8                                      0.0000000000000000e+00
$End
$VdW_Correction
   &GeometryIndex 1
   &ListStatus       OUT
   &VDW [&Type "Double"]      -1.6198823262610670e-03
$End
$Calculation_Info
   &GeometryIndex 1
   &ListStatus       OUT
   &MULT [&Type "Integer"] 1
   &CHARGE [&Type "Integer"] 0
   &NUMOFATOMS [&Type "Integer"] 9
   &NUMOFELECTRONS [&Type "Integer"] 34
   &NUMOFFCELECTRONS [&Type "Integer"] 1
   &NUMOFCORRELECTRONS [&Type "Integer"] 0
   &NUMOFBASISFUNCTS [&Type "Integer"] 135
   &NUMOFAUXCBASISFUNCTS [&Type "Integer"] 0
   &NUMOFAUXJBASISFUNCTS [&Type "Integer"] 168
   &NUMOFAUXJKBASISFUNCTS [&Type "Integer"] 0
   &NUMOFCABSBASISFUNCTS [&Type "Integer"] 0
   &TOTALENERGY [&Type "Double"]      -4.7796999391487441e+02  "Hartrees"
$End
$SCF_Dipole_Moment
   &GeometryIndex 1
   &ListStatus       OUT
   &METHOD [&Type "String"] "SCF"
   &LEVEL [&Type "String"] "Relaxed density"
   &MULT [&Type "Integer"] 1
   &STATE [&Type "Integer"] -1
   &IRREP [&Type "Integer"] 0
   &NATOMS [&Type "Integer"] 9
   &DODIPOLEATOM [&Type "Boolean"] false
   &DIPOLEELECCONTRIB [&Type "ArrayOfDoubles", &Dim (3,1)] "Electronic contribution"
                                                         0

0                                      5.4221970487982967e+00
1                                     -2.1233802524050774e-01
2                                     -7.2229214857191137e-01
   &DIPOLENUCCONTRIB [&Type "ArrayOfDoubles", &Dim (3,1)] "Nuclear contribution"
                                                         0

0                                     -6.0657898950705169e+00
1                                      1.5042527650290860e-01
2                                      9.7688145863211329e-01
   &DIPOLETOTAL [&Type "ArrayOfDoubles", &Dim (3,1)] "Total"
                                                         0

0                                     -6.4359284627222024e-01
1                                     -6.1912748737599138e-02
2                                      2.5458931006020191e-01
   &DIPOLEMAGNITUDE [&Type "Double", &Units "a.u."]       6.9488175758610360e-01
$End
$THERMOCHEMISTRY_Energies
   &GeometryIndex 1
   &ListStatus       OUT
   &TEMPERATURE [&Type "Double"]       2.9814999999999998e+02
   &PRESSURE [&Type "Double"]       1.0000000000000000e+00
   &TOTALMASS [&Type "Double"]       6.2130000000000003e+01
   &SPINDEGENERACY [&Type "Integer"] 1
   &ELENERGY [&Type "Double"]      -4.7796999391487441e+02
   &TRANSENERGY [&Type "Double"]       1.4162714244859817e-03
   &ROTENERGY [&Type "Double"]       1.4162714244859817e-03
   &VIBENERGY [&Type "Double"]       1.7382451459976717e-03
   &NUMOFFREQS [&Type "Integer"] 27
   &FREQSCALINGFACTOR [&Type "Double"]       1.0000000000000000e+00
   &FREQ [&Type "ArrayOfDoubles", &Dim (27,1)] "In cm^-1"
                                                         0

0                                      0.0000000000000000e+00
1                                      0.0000000000000000e+00
2                                      0.0000000000000000e+00
3                                      0.0000000000000000e+00
4                                      0.0000000000000000e+00
5                                      0.0000000000000000e+00
6                                      2.5790357017276858e+02
7                                      2.8149127656547495e+02
8                                      3.3384720062579675e+02
9                                      6.2116296294823860e+02
10                                     7.4643183884437076e+02
11                                     8.8199932644261821e+02
12                                     9.8346505186614399e+02
13                                     1.0661749783204223e+03
14                                     1.1223710790646123e+03
15                                     1.2791876648115835e+03
16                                     1.2930403247425338e+03
17                                     1.4044267310889732e+03
18                                     1.4686643257625378e+03
19                                     1.4852960045795887e+03
20                                     1.4916256978286758e+03
21                                     2.6543191384133893e+03
22                                     3.0037726594248243e+03
23                                     3.0410633891214129e+03
24                                     3.0771410952903634e+03
25                                     3.0855416391098233e+03
26                                     3.1104838444500820e+03
   &ZPE [&Type "Double"]       7.4471955233846740e-02
   &INNERENERGYU [&Type "Double"]      -4.7789095117164561e+02
   &ENTHALPYH [&Type "Double"]      -4.7789000696260337e+02
   &QEL [&Type "Double"]       0.0000000000000000e+00
   &QROT [&Type "Double"]       1.1226740772435833e-02
   &QVIB [&Type "Double"]       2.6696452536401193e-03
   &QTRANS [&Type "Double"]       1.8197180167229536e-02
   &ENTROPYS [&Type "Double"]       3.2093566193305487e-02
   &FREEENERGYG [&Type "Double"]      -4.7792210052879665e+02
   &ISLINEAR [&Type "Boolean"] false
$End
$Hessian
   &GeometryIndex 1
   &ListStatus       OUT
   &HESSIAN [&Type "ArrayOfDoubles", &Dim (27,27)] "The Hessian"
                                                         0                           1                           2                           3                           4                           5                           6                           7

0                                      4.9259410260102426e-01         4.6347486974161217e-02        -4.7573565785436946e-03        -1.2671739163221890e-01         6.7533072978075454e-02        -6.8746219583085862e-03        -3.5666253261487965e-02         7.6671402986124224e-03
1                                      4.6347486974161217e-02         5.2460009069611591e-01         9.0563173216638400e-04         6.3382033837593221e-02        -1.3519810177944630e-01         5.6584595593206725e-03        -1.4333500262217946e-02         5.9698550143370312e-03
2                                     -4.7573565785436946e-03         9.0563173216638400e-04         5.6698825788419083e-01        -4.0701354401115617e-03         6.4785021063277302e-03        -8.0664111607771663e-02        -4.3743650567403067e-05        -2.5237972557898562e-03
3                                     -1.2671739163221890e-01         6.3382033837593221e-02        -4.0701354401115617e-03         3.1801735107584828e-01        -4.5579237090716665e-02        -7.8890790163529782e-03        -8.7110815036194847e-02        -2.8965538172719060e-02
4                                      6.7533072978075454e-02        -1.3519810177944630e-01         6.4785021063277302e-03        -4.5579237090716665e-02         4.7725240115201972e-01         9.7582973893991388e-03        -1.1414677939544791e-02        -4.5393412771609985e-02
5                                     -6.8746219583085862e-03         5.6584595593206725e-03        -8.0664111607771663e-02        -7.8890790163529782e-03         9.7582973893991388e-03         5.7606435730994032e-01         2.7948211716901449e-02         3.8058154878451217e-03
6                                     -3.5666253261487965e-02        -1.4333500262217946e-02        -4.3743650567403067e-05        -8.7110815036194847e-02        -1.1414677939544791e-02         2.7948211716901449e-02         1.6930617881597884e-01         2.9212989064120832e-02
7                                      7.6671402986124224e-03         5.9698550143370312e-03        -2.5237972557898562e-03        -2.8965538172719060e-02        -4.5393412771609985e-02         3.8058154878451217e-03         2.9212989064120832e-02         1.3463844986139292e-01
8                                      2.3076906951133465e-04        -1.3598015617017414e-03         9.4780479409585852e-04         6.5119786931644059e-03        -6.3501514934721165e-03        -4.7768029255805686e-02        -4.9753273553842306e-02         1.1949286590787435e-01
9                                     -2.4181054953377867e-01        -1.0646201171570288e-01         5.4318836492053824e-03        -2.1818477959515192e-02        -1.1459642689044399e-02         9.3164330409083380e-04        -4.4538221029881784e-03         2.9860555827348604e-03
10                                    -1.0629698373745076e-01        -1.0485990420541513e-01         3.3006708979893004e-03         1.9178619865385896e-02         9.6224995887626910e-03        -5.5324902033487226e-04         4.8222845176322682e-03        -7.0031160618557917e-06
11                                     5.5152394018291662e-03         3.2546854678644883e-03        -4.6831528938048594e-02        -1.6657483995390634e-03        -8.4388996268461173e-04        -1.5180808901875649e-03        -1.6849819398291133e-04         9.6461500116376423e-06
12                                    -4.5920301083768773e-02        -9.3026459809878361e-03        -1.0512459535300814e-02        -1.9539478467467519e-03         1.6801253958071107e-02         2.0759231000934433e-02         2.1917782035806316e-03         9.1582159712166314e-04
13                                    -7.6016070044791764e-03        -1.4866641297657979e-01        -1.2597253875216763e-01        -8.7160981045526602e-04        -1.6068190874280040e-02        -1.8370976207289110e-02        -1.0620489092001070e-03         6.6039733420530109e-04
14                                    -9.4327318754004099e-03        -1.2678622345316276e-01        -2.0351864733846603e-01        -6.0524345639231814e-05         1.8110276297518321e-03         1.9699362778731995e-03         2.0627082280275620e-04         9.3236574779883164e-04
15                                    -4.6772752708009319e-02        -1.0572543435023974e-02         1.6638208483855218e-02        -4.4922236207823631e-04         1.4075500540632266e-02        -2.3056505159521363e-02         2.1060034855402746e-03         1.2868932844630919e-04
16                                    -8.6575461141095642e-03        -1.1581026002394279e-01         1.1446681898598161e-01        -1.9152119390130305e-03        -1.4053200561771189e-02         2.0482608131172319e-02        -4.7347579337948809e-04         1.2020495192344100e-03
17                                     1.4476012907574741e-02         1.1553389779707410e-01        -2.3901073612656301e-01         1.1162380498262042e-04         6.6494497045937496e-04        -1.0675305163519535e-03        -3.2108636574005624e-05        -8.9390118206918862e-04
18                                     3.5392912131450077e-04         1.7012111120047215e-02         2.0055378344304708e-02        -4.0993845732914438e-02        -6.2076481881877654e-03        -8.5593423538121993e-03        -4.5718568891412684e-03        -1.6563641680318212e-02
19                                     1.5492573967142501e-04        -1.4852833026801536e-02        -1.7538250167934050e-02        -2.6570776305241172e-03        -1.4754661617639231e-01        -1.2893286109723368e-01        -3.9858241556102510e-03        -8.2255381460704258e-03
20                                     1.2159499261810321e-04         2.5299391050796205e-03         2.4737502752716352e-03        -5.9824464426314486e-03        -1.2778730511962672e-01        -2.0899124876042710e-01        -9.6206878573688523e-04         8.7720126579511008e-04
21                                     1.4633642633537325e-03         1.4310368035262944e-02        -2.1693808421888682e-02        -3.8461606717307299e-02        -8.1485183151242570e-03         1.7314253086618513e-02        -1.5971120046804482e-02        -1.6967342750708402e-02
22                                     5.2191719079885956e-06        -1.2107082013126106e-02         1.9774581806545989e-02        -1.7734219710887674e-03        -1.2110458744501920e-01         1.1904206359518629e-01        -9.3247247575096240e-03        -6.0353645787667876e-03
23                                     6.4914828609392156e-05        -3.6429327463809169e-04        -4.0070001670399776e-04         1.2898493213163175e-02         1.1695343641337685e-01        -2.3865194906029449e-01        -6.9573138451587899e-04        -1.9606332023714527e-03
24                                     2.4758522335711565e-03        -5.1403205362877025e-04        -1.0285586888072267e-03        -5.1204378887266403e-04        -1.5612009598853466e-02        -2.0458166931633853e-02        -2.5830093168483014e-02         2.1618201851749584e-02
25                                     9.8102517410781015e-04         9.2464831485869654e-04         1.0750868610687149e-03        -7.8665074376969499e-04        -7.5107911322633749e-03        -1.0906480865801673e-02         6.5266031166691107e-03        -8.2809433116660627e-02
26                                     6.3677104996402961e-04         6.6099841380912877e-04         1.5911073994981763e-05         3.0214244047838124e-05        -6.6853890579572032e-04         6.2665650302495043e-04         2.3497567336284511e-02        -1.1972415801762495e-01
                                                         8                           9                          10                          11                          12                          13                          14                          15

0                                      2.3076906951133465e-04        -2.4181054953377867e-01        -1.0629698373745076e-01         5.5152394018291662e-03        -4.5920301083768773e-02        -7.6016070044791764e-03        -9.4327318754004099e-03        -4.6772752708009319e-02
1                                     -1.3598015617017414e-03        -1.0646201171570288e-01        -1.0485990420541513e-01         3.2546854678644883e-03        -9.3026459809878361e-03        -1.4866641297657979e-01        -1.2678622345316276e-01        -1.0572543435023974e-02
2                                      9.4780479409585852e-04         5.4318836492053824e-03         3.3006708979893004e-03        -4.6831528938048594e-02        -1.0512459535300814e-02        -1.2597253875216763e-01        -2.0351864733846603e-01         1.6638208483855218e-02
3                                      6.5119786931644059e-03        -2.1818477959515192e-02         1.9178619865385896e-02        -1.6657483995390634e-03        -1.9539478467467519e-03        -8.7160981045526602e-04        -6.0524345639231814e-05        -4.4922236207823631e-04
4                                     -6.3501514934721165e-03        -1.1459642689044399e-02         9.6224995887626910e-03        -8.4388996268461173e-04         1.6801253958071107e-02        -1.6068190874280040e-02         1.8110276297518321e-03         1.4075500540632266e-02
5                                     -4.7768029255805686e-02         9.3164330409083380e-04        -5.5324902033487226e-04        -1.5180808901875649e-03         2.0759231000934433e-02        -1.8370976207289110e-02         1.9699362778731995e-03        -2.3056505159521363e-02
6                                     -4.9753273553842306e-02        -4.4538221029881784e-03         4.8222845176322682e-03        -1.6849819398291133e-04         2.1917782035806316e-03        -1.0620489092001070e-03         2.0627082280275620e-04         2.1060034855402746e-03
7                                      1.1949286590787435e-01         2.9860555827348604e-03        -7.0031160618557917e-06         9.6461500116376423e-06         9.1582159712166314e-04         6.6039733420530109e-04         9.3236574779883164e-04         1.2868932844630919e-04
8                                      2.1729861450257534e-01        -4.6302352996154678e-04        -1.7878975507435368e-04         1.1570231348614858e-03         9.3412578662615674e-04         9.2424756507215530e-04         5.1108411121864733e-04        -2.7784230197521018e-04
9                                     -4.6302352996154678e-04         2.6758626595009399e-01         1.1472280190445243e-01        -6.1549735877098732e-03        -5.6293701148954923e-04         1.6961538916747398e-04         2.3031002549219609e-04        -9.5710003315184759e-04
10                                    -1.7878975507435368e-04         1.1472280190445243e-01         1.1102587532597491e-01        -3.4684264933443221e-03        -1.7215583079160234e-02        -9.4549338494225206e-03         2.2431691855057199e-03        -1.3637336554427565e-02
11                                     1.1570231348614858e-03        -6.1549735877098732e-03        -3.4684264933443221e-03         4.5328793801280624e-02        -2.2614381417434312e-02        -1.0942902298468879e-02         9.6749464907496668e-04         2.4539485712646188e-02
12                                     9.3412578662615674e-04        -5.6293701148954923e-04        -1.7215583079160234e-02        -2.2614381417434312e-02         5.0431733920642846e-02         4.5558131259561454e-03         1.0564045249720693e-02        -1.1982041610046467e-03
13                                     9.2424756507215530e-04         1.6961538916747398e-04        -9.4549338494225206e-03        -1.0942902298468879e-02         4.5558131259561454e-03         1.6339175931016420e-01         1.3958656074724338e-01         8.5445496780743569e-04
14                                     5.1108411121864733e-04         2.3031002549219609e-04         2.2431691855057199e-03         9.6749464907496668e-04         1.0564045249720693e-02         1.3958656074724338e-01         2.1694843160465424e-01        -1.9379718612011292e-03
15                                    -2.7784230197521018e-04        -9.5710003315184759e-04        -1.3637336554427565e-02         2.4539485712646188e-02        -1.1982041610046467e-03         8.5445496780743569e-04        -1.9379718612011292e-03         5.0171614616712892e-02
16                                    -7.5757312143440300e-04        -1.9278129462590998e-05        -7.8605740210279922e-03         1.1921511248720627e-02         1.4764591514557547e-03         1.1393187215901457e-02        -1.8107246206433156e-02         6.1616995583163147e-03
17                                     5.0798720459285188e-04        -2.3564072765489344e-04        -1.5227904246966975e-03         5.5932902166505941e-04         2.0168809865175911e-03         1.3508526772523854e-02        -1.9367487685302331e-02        -1.5986859786337883e-02
18                                    -1.9125230020475087e-02         7.8418700830859523e-04        -6.7816589899299690e-04         1.7863860592969504e-04        -3.4744043274670148e-03         3.8501857109876905e-03        -6.9942794451464127e-04         7.0246501540982694e-04
19                                    -8.3472152265890720e-03        -5.7361820609457687e-05         1.0001240772914174e-03         1.1335812535682175e-04         3.9833659360937173e-03        -2.0862372214799450e-03         7.3121640649091420e-04        -8.5482842156177721e-04
20                                     1.6179733246050026e-03         5.7111793376009301e-04        -2.4561984204753964e-04         1.0739441125269013e-04        -2.9978878184695832e-04         1.0569538528005945e-03         1.5776802579514151e-03         3.8173834047137186e-04
21                                     1.8729475791553443e-02         7.7094197597360329e-04        -8.1539353935452781e-04         6.8393421131450276e-05         6.7015434186914818e-04        -5.2849958211177456e-04         5.8177455179117587e-04        -3.4513366408447047e-03
22                                     6.4834910950117529e-03         1.4455831537796369e-04         7.4091388006242674e-04        -8.9007294148538856e-05        -9.9018946429196212e-04         3.5384303111036554e-04        -1.3978366801419614e-04         3.9420896693929371e-03
23                                     3.2082883021931400e-03        -6.2122648180090029e-04         2.8343622310486594e-04         1.3316079427277316e-05        -2.6574017498254282e-04         1.5324956725597510e-04         8.9545317207473905e-04        -2.4983743677274616e-04
24                                     4.3216394394629487e-02         4.6149170654730196e-04        -8.3186624120152003e-05         2.9779951014420033e-04        -1.8387203561588499e-04         6.3091263686760224e-04         5.3833211422197984e-04        -1.5146721257424409e-04
25                                    -1.0992247831115617e-01        -2.1793690877745190e-05        -2.0699768016392214e-04         4.4469023201001976e-05        -2.2151176879838148e-04         4.7658803038097336e-04        -2.2629604246655714e-04        -1.0519488318769016e-04
26                                    -1.7748074611833664e-01         3.1395436156416833e-04         1.4215526238967437e-04         2.1625873067406882e-04        -5.7198985150763802e-04         1.2088406315681130e-05         1.6054950921173122e-05        -3.5393757797296178e-05
                                                        16                          17                          18                          19                          20                          21                          22                          23

0                                     -8.6575461141095642e-03         1.4476012907574741e-02         3.5392912131450077e-04         1.5492573967142501e-04         1.2159499261810321e-04         1.4633642633537325e-03         5.2191719079885956e-06         6.4914828609392156e-05
1                                     -1.1581026002394279e-01         1.1553389779707410e-01         1.7012111120047215e-02        -1.4852833026801536e-02         2.5299391050796205e-03         1.4310368035262944e-02        -1.2107082013126106e-02        -3.6429327463809169e-04
2                                      1.1446681898598161e-01        -2.3901073612656301e-01         2.0055378344304708e-02        -1.7538250167934050e-02         2.4737502752716352e-03        -2.1693808421888682e-02         1.9774581806545989e-02        -4.0070001670399776e-04
3                                     -1.9152119390130305e-03         1.1162380498262042e-04        -4.0993845732914438e-02        -2.6570776305241172e-03        -5.9824464426314486e-03        -3.8461606717307299e-02        -1.7734219710887674e-03         1.2898493213163175e-02
4                                     -1.4053200561771189e-02         6.6494497045937496e-04        -6.2076481881877654e-03        -1.4754661617639231e-01        -1.2778730511962672e-01        -8.1485183151242570e-03        -1.2110458744501920e-01         1.1695343641337685e-01
5                                      2.0482608131172319e-02        -1.0675305163519535e-03        -8.5593423538121993e-03        -1.2893286109723368e-01        -2.0899124876042710e-01         1.7314253086618513e-02         1.1904206359518629e-01        -2.3865194906029449e-01
6                                     -4.7347579337948809e-04        -3.2108636574005624e-05        -4.5718568891412684e-03        -3.9858241556102510e-03        -9.6206878573688523e-04        -1.5971120046804482e-02        -9.3247247575096240e-03        -6.9573138451587899e-04
7                                      1.2020495192344100e-03        -8.9390118206918862e-04        -1.6563641680318212e-02        -8.2255381460704258e-03         8.7720126579511008e-04        -1.6967342750708402e-02        -6.0353645787667876e-03        -1.9606332023714527e-03
8                                     -7.5757312143440300e-04         5.0798720459285188e-04        -1.9125230020475087e-02        -8.3472152265890720e-03         1.6179733246050026e-03         1.8729475791553443e-02         6.4834910950117529e-03         3.2082883021931400e-03
9                                     -1.9278129462590998e-05        -2.3564072765489344e-04         7.8418700830859523e-04        -5.7361820609457687e-05         5.7111793376009301e-04         7.7094197597360329e-04         1.4455831537796369e-04        -6.2122648180090029e-04
10                                    -7.8605740210279922e-03        -1.5227904246966975e-03        -6.7816589899299690e-04         1.0001240772914174e-03        -2.4561984204753964e-04        -8.1539353935452781e-04         7.4091388006242674e-04         2.8343622310486594e-04
11                                     1.1921511248720627e-02         5.5932902166505941e-04         1.7863860592969504e-04         1.1335812535682175e-04         1.0739441125269013e-04         6.8393421131450276e-05        -8.9007294148538856e-05         1.3316079427277316e-05
12                                     1.4764591514557547e-03         2.0168809865175911e-03        -3.4744043274670148e-03         3.9833659360937173e-03        -2.9978878184695832e-04         6.7015434186914818e-04        -9.9018946429196212e-04        -2.6574017498254282e-04
13                                     1.1393187215901457e-02         1.3508526772523854e-02         3.8501857109876905e-03        -2.0862372214799450e-03         1.0569538528005945e-03        -5.2849958211177456e-04         3.5384303111036554e-04         1.5324956725597510e-04
14                                    -1.8107246206433156e-02        -1.9367487685302331e-02        -6.9942794451464127e-04         7.3121640649091420e-04         1.5776802579514151e-03         5.8177455179117587e-04        -1.3978366801419614e-04         8.9545317207473905e-04
15                                     6.1616995583163147e-03        -1.5986859786337883e-02         7.0246501540982694e-04        -8.5482842156177721e-04         3.8173834047137186e-04        -3.4513366408447047e-03         3.9420896693929371e-03        -2.4983743677274616e-04
16                                     1.2715092807195816e-01        -1.2746790251171125e-01        -6.6308408574548394e-04         3.5519382780623866e-04         2.0580936316983225e-05         3.9192638875788716e-03        -2.3381582469988943e-03        -4.6296965880513103e-04
17                                    -1.2746790251171125e-01         2.5598011745698346e-01        -4.2175845038211338e-04         1.0734802304433050e-04         8.9563081834967417e-04         6.3931369114810475e-05        -3.8329519481117335e-05         1.7363871789166391e-03
18                                    -6.6308408574548394e-04        -4.2175845038211338e-04         5.3188401495815038e-02         4.1341766992041328e-03         6.7405239287426045e-03         3.1095604736441993e-04         2.2005614816122555e-03         1.7278787428797928e-03
19                                     3.5519382780623866e-04         1.0734802304433050e-04         4.1341766992041328e-03         1.6085596233731256e-01         1.3960470883711790e-01         1.4975847943500987e-03         1.1246103481108303e-02         1.3574546634330945e-02
20                                     2.0580936316983225e-05         8.9563081834967417e-04         6.7405239287426045e-03         1.3960470883711790e-01         2.2099232091475712e-01        -1.2103923714193725e-03        -1.7322802513819281e-02        -1.9665489029499508e-02
21                                     3.9192638875788716e-03         6.3931369114810475e-05         3.1095604736441993e-04         1.4975847943500987e-03        -1.2103923714193725e-03         5.3416022507957940e-02         5.2304383882368225e-03        -1.3142208792201010e-02
22                                    -2.3381582469988943e-03        -3.8329519481117335e-05         2.2005614816122555e-03         1.1246103481108303e-02        -1.7322802513819281e-02         5.2304383882368225e-03         1.2931935223162605e-01        -1.2803472390492887e-01
23                                    -4.6296965880513103e-04         1.7363871789166391e-03         1.7278787428797928e-03         1.3574546634330945e-02        -1.9665489029499508e-02        -1.3142208792201010e-02        -1.2803472390492887e-01         2.5208890405940898e-01
24                                     1.7864269396495670e-04        -7.1037006080288973e-06        -6.2998317386896603e-03        -2.1335544502556814e-03         7.4365799901941190e-04         1.2526242684376410e-03         6.5220502929572589e-04         1.4106159225826787e-04
