*************************************************
******************* ORCA 6.0.0 ******************
*************************************************
$Calculation_Status
   &GeometryIndex 1
   &ListStatus       OUT
   &VERSION [&Type "String"] "6.0.0"
   &PROGNAME [&Type "String"] "LeanSCF"
   &STATUS [&Type "String"] "NORMAL TERMINATION"
$End
$Geometry
   &GeometryIndex 1
   &ListStatus       OUT
   &NATOMS [&Type "Integer"] 9
   &NCORELESSECP [&Type "Integer"] 0
   &NGHOSTATOMS [&Type "Integer"] 0
   &CartesianCoordinates [&Type "Coordinates", &Dim(9,4), &Units "Bohr"] 
              C     -3.245891388289    0.704735101684   -0.074448747569
              C     -1.123663956560   -1.222992186831    0.108663686754
              S      2.064772104056    0.185446337372   -0.078308074970
              H     -3.195645725810    2.019049806269    1.520885413197
              H     -3.095837296098    1.805882326584   -1.814965961753
              H     -5.083995543464   -0.250482153088   -0.053030072837
              H     -1.188450655538   -2.544779639747   -1.481205322161
              H     -1.258481100952   -2.338527271376    1.843290725868
              H      1.842656877329    1.647176093808    1.989479518557
$End
$SCF_Energy
   &GeometryIndex 1
   &ListStatus       OUT
   &SCF_ENERGY [&Type "Double"]      -4.7797607717656814e+02
$End
$DFT_Energy
   &GeometryIndex 1
   &ListStatus       OUT
   &NALPHAEL [&Type "Integer"] 17
   &NBETAEL [&Type "Integer"] 17
   &NTOTALEL [&Type "Integer"] 34
   &EEXCHANGE [&Type "Double"]      -3.7553371379610390e+01
   &ECORR [&Type "Double"]      -1.1515570573027336e+00
   &ECNL [&Type "Double"]       0.0000000000000000e+00
   &EXC [&Type "Double"]      -3.8704928436913121e+01
   &EEMBED [&Type "Double"]       0.0000000000000000e+00
   &FINALEN [&Type "Double"]      -4.7797607717656814e+02  "No Van der Waals correction"
$End
$Mulliken_Population_Analysis
   &GeometryIndex 1
   &ListStatus       OUT
   &NATOMS [&Type "Integer"] 9
   &ATNO [&Type "ArrayOfIntegers", &Dim (9,1)] 
                                                         0

0                                                        6
1                                                        6
2                                                       16
3                                                        1
4                                                        1
5                                                        1
6                                                        1
7                                                        1
8                                                        1
   &ATOMICCHARGES [&Type "ArrayOfDoubles", &Dim (9,1)] 
                                                         0

0                                     -2.9815883136248544e-01
1                                     -1.3326427808360819e-01
2                                     -2.3862022888026146e-01
3                                      9.8617203681435450e-02
4                                      1.1410102978871706e-01
5                                      1.0257064632011970e-01
6                                      1.0952298295407159e-01
7                                      1.1400737706448916e-01
8                                      1.3122409851751571e-01
$End
$Loewdin_Population_Analysis
   &GeometryIndex 1
   &ListStatus       OUT
   &NATOMS [&Type "Integer"] 9
   &ATNO [&Type "ArrayOfIntegers", &Dim (9,1)] 
                                                         0

0                                                        6
1                                                        6
2                                                       16
3                                                        1
4                                                        1
5                                                        1
6                                                        1
7                                                        1
8                                                        1
   &ATOMICCHARGES [&Type "ArrayOfDoubles", &Dim (9,1)] 
                                                         0

0                                     -3.4097455740376592e-01
1                                     -5.0122803104330771e-01
2                                      2.0527312837377920e-01
3                                      1.1644951821878735e-01
4                                      1.1996338842831866e-01
5                                      1.2022890146329934e-01
6                                      1.2636491454116960e-01
7                                      1.1952306425710568e-01
8                                      3.4399673164591360e-02
$End
$Mayer_Population_Analysis
   &GeometryIndex 1
   &ListStatus       OUT
   &NATOMS [&Type "Integer"] 9 "Total number of atoms"
   &BONDTHRESH [&Type "Double"]       1.0000000000000001e-01  "The threshold for printing"
   &NBONDORDERSPRINT [&Type "Integer"] 8 "The number of bond orders larger than threshold"
   &BONDORDERS [&Type "ArrayOfDoubles", &Dim (8,1)] "The bond orders"
                                                         0

0                                      9.7619192896740314e-01
1                                      9.7293040798010977e-01
2                                      9.7153071541679226e-01
3                                      9.5857611728247016e-01
4                                      1.0171596046228950e+00
5                                      9.5528071149647509e-01
6                                      9.6208190194370335e-01
7                                      9.6562100909513671e-01
   &COMPONENTS [&Type "ArrayOfIntegers", &Dim (8,4)] "The indices and atomic numbers of the bonding atoms"
                                                         0                           1                           2                           3

0                                                        0                           6                           1                           6
1                                                        0                           6                           3                           1
2                                                        0                           6                           4                           1
3                                                        0                           6                           5                           1
4                                                        1                           6                           2                          16
5                                                        1                           6                           6                           1
6                                                        1                           6                           7                           1
7                                                        2                          16                           8                           1
   &ATNO [&Type "ArrayOfIntegers", &Dim (9,1)] "Atomic number of the elements"
                                                         0

0                                                        6
1                                                        6
2                                                       16
3                                                        1
4                                                        1
5                                                        1
6                                                        1
7                                                        1
8                                                        1
   &NA [&Type "ArrayOfDoubles", &Dim (9,1)] "Mulliken gross atomic population"
                                                         0

0                                      6.2981588313625103e+00
1                                      6.1332642780836020e+00
2                                      1.6238620228880304e+01
3                                      9.0138279631856488e-01
4                                      8.8589897021128428e-01
5                                      8.9742935367988053e-01
6                                      8.9047701704592874e-01
7                                      8.8599262293551018e-01
8                                      8.6877590148248462e-01
   &ZA [&Type "ArrayOfDoubles", &Dim (9,1)] "Total nuclear charge"
                                                         0

0                                      6.0000000000000000e+00
1                                      6.0000000000000000e+00
2                                      1.6000000000000000e+01
3                                      1.0000000000000000e+00
4                                      1.0000000000000000e+00
5                                      1.0000000000000000e+00
6                                      1.0000000000000000e+00
7                                      1.0000000000000000e+00
8                                      1.0000000000000000e+00
   &QA [&Type "ArrayOfDoubles", &Dim (9,1)] "Mulliken gross atomic charge"
                                                         0

0                                     -2.9815883136251031e-01
1                                     -1.3326427808360197e-01
2                                     -2.3862022888030410e-01
3                                      9.8617203681435117e-02
4                                      1.1410102978871572e-01
5                                      1.0257064632011947e-01
6                                      1.0952298295407126e-01
7                                      1.1400737706448982e-01
8                                      1.3122409851751538e-01
   &VA [&Type "ArrayOfDoubles", &Dim (9,1)] "Mayer's total valence"
                                                         0

0                                      3.8904227531630005e+00
1                                      3.9159520695554453e+00
2                                      2.0579757288718752e+00
3                                      9.8740538344896378e-01
4                                      9.8663157849410643e-01
5                                      9.8060188258155689e-01
6                                      9.7447970964267550e-01
7                                      9.6952232390818971e-01
8                                      9.7675834515318483e-01
   &BVA [&Type "ArrayOfDoubles", &Dim (9,1)] "Mayer's bonded valence"
                                                         0

0                                      3.8904227531630364e+00
1                                      3.9159520695554537e+00
2                                      2.0579757288717673e+00
3                                      9.8740538344897433e-01
4                                      9.8663157849412586e-01
5                                      9.8060188258155623e-01
6                                      9.7447970964266595e-01
7                                      9.6952232390818549e-01
8                                      9.7675834515318349e-01
   &FA [&Type "ArrayOfDoubles", &Dim (9,1)] "Mayer's free valence"
                                                         0

0                                      0.0000000000000000e+00
1                                      0.0000000000000000e+00
2                                      0.0000000000000000e+00
3                                      0.0000000000000000e+00
4                                      0.0000000000000000e+00
5                                      0.0000000000000000e+00
6                                      0.0000000000000000e+00
7                                      0.0000000000000000e+00
8                                      0.0000000000000000e+00
$End
$VdW_Correction
   &GeometryIndex 1
   &ListStatus       OUT
   &VDW [&Type "Double"]      -1.6195520471471163e-03
$End
$Calculation_Info
   &GeometryIndex 1
   &ListStatus       OUT
   &MULT [&Type "Integer"] 1
   &CHARGE [&Type "Integer"] 0
   &NUMOFATOMS [&Type "Integer"] 9
   &NUMOFELECTRONS [&Type "Integer"] 34
   &NUMOFFCELECTRONS [&Type "Integer"] 1
   &NUMOFCORRELECTRONS [&Type "Integer"] 0
   &NUMOFBASISFUNCTS [&Type "Integer"] 135
   &NUMOFAUXCBASISFUNCTS [&Type "Integer"] 0
   &NUMOFAUXJBASISFUNCTS [&Type "Integer"] 168
   &NUMOFAUXJKBASISFUNCTS [&Type "Integer"] 0
   &NUMOFCABSBASISFUNCTS [&Type "Integer"] 0
   &TOTALENERGY [&Type "Double"]      -4.7797009796641527e+02  "Hartrees"
$End
$SCF_Dipole_Moment
   &GeometryIndex 1
   &ListStatus       OUT
   &METHOD [&Type "String"] "SCF"
   &LEVEL [&Type "String"] "Relaxed density"
   &MULT [&Type "Integer"] 1
   &STATE [&Type "Integer"] -1
   &IRREP [&Type "Integer"] 0
   &NATOMS [&Type "Integer"] 9
   &DODIPOLEATOM [&Type "Boolean"] false
   &DIPOLEELECCONTRIB [&Type "ArrayOfDoubles", &Dim (3,1)] "Electronic contribution"
                                                         0

0                                      5.4235826506764937e+00
1                                     -2.2026947847313708e-01
2                                     -7.4183693880961199e-01
   &DIPOLENUCCONTRIB [&Type "ArrayOfDoubles", &Dim (3,1)] "Nuclear contribution"
                                                         0

0                                     -6.0572597717429764e+00
1                                      1.6218102980953208e-01
2                                      1.0001075847811365e+00
   &DIPOLETOTAL [&Type "ArrayOfDoubles", &Dim (3,1)] "Total"
                                                         0

0                                     -6.3367712106648266e-01
1                                     -5.8088448663604991e-02
2                                      2.5827064597152449e-01
   &DIPOLEMAGNITUDE [&Type "Double", &Units "a.u."]       6.8674936345205195e-01
$End
$THERMOCHEMISTRY_Energies
   &GeometryIndex 1
   &ListStatus       OUT
   &TEMPERATURE [&Type "Double"]       2.9814999999999998e+02
   &PRESSURE [&Type "Double"]       1.0000000000000000e+00
   &TOTALMASS [&Type "Double"]       6.2130000000000003e+01
   &SPINDEGENERACY [&Type "Integer"] 1
   &ELENERGY [&Type "Double"]      -4.7797009796641527e+02
   &TRANSENERGY [&Type "Double"]       1.4162714244859817e-03
   &ROTENERGY [&Type "Double"]       1.4162714244859817e-03
   &VIBENERGY [&Type "Double"]       1.7575217184625555e-03
   &NUMOFFREQS [&Type "Integer"] 27
   &FREQSCALINGFACTOR [&Type "Double"]       1.0000000000000000e+00
   &FREQ [&Type "ArrayOfDoubles", &Dim (27,1)] "In cm^-1"
                                                         0

0                                      0.0000000000000000e+00
1                                      0.0000000000000000e+00
2                                      0.0000000000000000e+00
3                                      0.0000000000000000e+00
4                                      0.0000000000000000e+00
5                                      0.0000000000000000e+00
6                                      2.4859413075102498e+02
7                                      2.7484786591215425e+02
8                                      3.3445774361055396e+02
9                                      6.2784930924110370e+02
10                                     7.4532689482224259e+02
11                                     8.8076752525864129e+02
12                                     9.7777994570610736e+02
13                                     1.0641261905686808e+03
14                                     1.1220787320517277e+03
15                                     1.2789527403246530e+03
16                                     1.2967124373347524e+03
17                                     1.4026152260031010e+03
18                                     1.4694370741349114e+03
19                                     1.4838816332407168e+03
20                                     1.4922091717201727e+03
21                                     2.6627255358693324e+03
22                                     3.0063229359809065e+03
23                                     3.0357972512217266e+03
24                                     3.0769669716054809e+03
25                                     3.0854165174341188e+03
26                                     3.1102400803991463e+03
   &ZPE [&Type "Double"]       7.4443924918399337e-02
   &INNERENERGYU [&Type "Double"]      -4.7789106397692944e+02
   &ENTHALPYH [&Type "Double"]      -4.7789011976788720e+02
   &QEL [&Type "Double"]       0.0000000000000000e+00
   &QROT [&Type "Double"]       1.1225578361045315e-02
   &QVIB [&Type "Double"]       2.7156821371354277e-03
   &QTRANS [&Type "Double"]       1.8197180167229536e-02
   &ENTROPYS [&Type "Double"]       3.2138440665410280e-02
   &FREEENERGYG [&Type "Double"]      -4.7792225820855259e+02
   &ISLINEAR [&Type "Boolean"] false
$End
$Hessian
   &GeometryIndex 1
   &ListStatus       OUT
   &HESSIAN [&Type "ArrayOfDoubles", &Dim (27,27)] "The Hessian"
                                                         0                           1                           2                           3                           4                           5                           6                           7

0                                      4.9249151222455867e-01         4.9712282383009704e-02        -7.1021846636547259e-03        -1.2512481408528597e-01         6.4802683330876687e-02        -6.8871896810985605e-03        -3.5304100630295071e-02         7.7442951793664852e-03
1                                      4.9712282383009704e-02         5.2290103221894924e-01         9.0411557601183365e-04         6.0834549540407346e-02        -1.3288569154546054e-01         5.8621937315126559e-03        -1.4403799056307008e-02         5.9995371375940500e-03
2                                     -7.1021846636547259e-03         9.0411557601183365e-04         5.6584467338134381e-01        -4.1416474626333050e-03         6.6645341789188864e-03        -8.0493786528071487e-02        -1.7919655365364068e-04        -2.5625096378587313e-03
3                                     -1.2512481408528597e-01         6.0834549540407346e-02        -4.1416474626333050e-03         3.1954962578635504e-01        -4.1087250119348613e-02        -7.4818501737977956e-03        -9.0190587777608938e-02        -3.0284514308631230e-02
4                                      6.4802683330876687e-02        -1.3288569154546054e-01         6.6645341789188864e-03        -4.1087250119348613e-02         4.7593103509448337e-01         9.5608533575130047e-03        -1.2548818486074035e-02        -4.5966845962408104e-02
5                                     -6.8871896810985605e-03         5.8621937315126559e-03        -8.0493786528071487e-02        -7.4818501737977956e-03         9.5608533575130047e-03         5.7245845090533698e-01         2.8528964806278242e-02         4.1573397503352483e-03
6                                     -3.5304100630295071e-02        -1.4403799056307008e-02        -1.7919655365364068e-04        -9.0190587777608938e-02        -1.2548818486074035e-02         2.8528964806278242e-02         1.7118220625985017e-01         3.1203115636006376e-02
7                                      7.7442951793664852e-03         5.9995371375940500e-03        -2.5625096378587313e-03        -3.0284514308631230e-02        -4.5966845962408104e-02         4.1573397503352483e-03         3.1203115636006376e-02         1.3707914350711786e-01
8                                      2.4973440861208486e-04        -1.2536090411098093e-03         9.4616774297507679e-04         7.2227744140483854e-03        -6.2100443455549064e-03        -4.8041820024959131e-02        -4.9361330361047916e-02         1.2053723446836810e-01
9                                     -4.5835242815110616e-02        -7.6201010757146956e-03        -8.4058400281950794e-03        -2.0997575939082653e-03         1.6677310025520132e-02         2.0802151350010501e-02         2.2092415221847440e-03         8.6326473537952635e-04
10                                    -6.0743201190517158e-03        -1.4769691412093153e-01        -1.2623962630125041e-01        -5.6063113476630469e-04        -1.6013715097920215e-02        -1.8353215171967818e-02        -1.0291258364861101e-03         6.1076399639608441e-04
11                                    -7.3935398624707530e-03        -1.2698441454639042e-01        -2.0477879225449314e-01        -1.7533599644014436e-04         2.0662501329671186e-03         2.2424103454880369e-03         2.9238357772230945e-04         9.0986106583352145e-04
12                                    -4.7260527277229319e-02        -1.3298198799970917e-02         2.0443807100064396e-02        -3.2986024508224569e-04         1.4349523374289399e-02        -2.2950789782397046e-02         2.1060133743518168e-03         1.7835262481774030e-04
13                                    -1.1303340572315438e-02        -1.1809051670224488e-01         1.1627863673762416e-01        -1.9959658242204425e-03        -1.4182078512293292e-02         2.0408269725735805e-02        -5.1786613365043237e-04         1.2416538455002953e-03
14                                     1.8219774850077600e-02         1.1712203393452109e-01        -2.3705654610225332e-01         6.2111811502507663e-05         8.5853473225081228e-04        -1.3761771500707984e-03         1.2355287621993415e-05        -9.1635417044989148e-04
15                                    -2.4325198256880548e-01        -1.0627164093238431e-01         2.0676360335569761e-03        -2.1098358518614895e-02        -1.1475169798496120e-02         6.5857322292818727e-04        -4.3863314376132844e-03         2.9381264306696606e-03
16                                    -1.0593302328708996e-01        -1.0431816320877810e-01         1.6225422700151546e-03         1.9032105506717648e-02         9.7457912577515963e-03        -2.7764601484731927e-04         4.7577075155724961e-03        -5.5249535164561916e-05
17                                     2.0299517425050673e-03         1.5217740694296522e-03        -4.6580989249217393e-02        -1.7526295405855788e-03        -9.8846616979600052e-04        -1.6347743709153179e-03        -6.9312324855899156e-05         1.2702962999880767e-05
18                                     1.7133496316800887e-04         1.7223796881946120e-02         1.9974669299755894e-02        -4.1077514599521678e-02        -6.7245042983591491e-03        -8.9534067150757457e-03        -4.8095019120073194e-03        -1.6896569700140290e-02
19                                     2.4266323478208847e-04        -1.4916087209846109e-02        -1.7359138844714850e-02        -3.2256014200965884e-03        -1.4880998787937805e-01        -1.2861207666862040e-01        -4.1719389838127570e-03        -8.4304682713592857e-03
20                                     1.7038331320747696e-04         2.5688274976555479e-03         2.5284436962710872e-03        -6.5018774845326576e-03        -1.2742339097896804e-01        -2.0616110596615733e-01        -9.4886088938876331e-04         9.4713713616872541e-04
21                                     1.6369684587242061e-03         1.4178317824838128e-02        -2.1638298361682483e-02        -3.8873100933400531e-02        -8.0236162272305043e-03         1.6937085667321904e-02        -1.5728624135280967e-02        -1.6802295595631955e-02
22                                     5.9641778751354235e-06        -1.1940763336888181e-02         1.9564421118130438e-02        -1.7548265024278243e-03        -1.2013427288090675e-01         1.1823317112139289e-01        -9.2272754991479106e-03        -5.9878182916412916e-03
23                                     8.2685810369242940e-05        -3.6658941042239102e-04        -4.5461085788486464e-04         1.2644316403347209e-02         1.1606049491719483e-01        -2.3784119509659096e-01        -5.8623464093362013e-04        -1.8675217737406835e-03
24                                     2.4768517302755947e-03        -4.9029346991258534e-04        -9.9735879040513224e-04        -7.5563203293257638e-04        -1.5981172464879099e-02        -2.0539136825457799e-02        -2.5078315263581150e-02         2.1093452020185831e-02
25                                     9.3788237663525490e-04         9.4756676760611967e-04         1.0969254743938269e-03        -9.4685107393267624e-04        -7.6842344738680592e-03        -1.0993038890636988e-02         5.9007738218772345e-03        -8.4490716426035048e-02
26                                     6.0879750929966928e-04         6.5576761752154239e-04         4.5440171330331540e-05         9.7361603794872409e-06        -5.7461676494277645e-04         8.4799788594004276e-04         2.2294352556856613e-02        -1.2121474529692877e-01
                                                         8                           9                          10                          11                          12                          13                          14                          15

0                                      2.4973440861208486e-04        -4.5835242815110616e-02        -6.0743201190517158e-03        -7.3935398624707530e-03        -4.7260527277229319e-02        -1.1303340572315438e-02         1.8219774850077600e-02        -2.4325198256880548e-01
1                                     -1.2536090411098093e-03        -7.6201010757146956e-03        -1.4769691412093153e-01        -1.2698441454639042e-01        -1.3298198799970917e-02        -1.1809051670224488e-01         1.1712203393452109e-01        -1.0627164093238431e-01
2                                      9.4616774297507679e-04        -8.4058400281950794e-03        -1.2623962630125041e-01        -2.0477879225449314e-01         2.0443807100064396e-02         1.1627863673762416e-01        -2.3705654610225332e-01         2.0676360335569761e-03
3                                      7.2227744140483854e-03        -2.0997575939082653e-03        -5.6063113476630469e-04        -1.7533599644014436e-04        -3.2986024508224569e-04        -1.9959658242204425e-03         6.2111811502507663e-05        -2.1098358518614895e-02
4                                     -6.2100443455549064e-03         1.6677310025520132e-02        -1.6013715097920215e-02         2.0662501329671186e-03         1.4349523374289399e-02        -1.4182078512293292e-02         8.5853473225081228e-04        -1.1475169798496120e-02
5                                     -4.8041820024959131e-02         2.0802151350010501e-02        -1.8353215171967818e-02         2.2424103454880369e-03        -2.2950789782397046e-02         2.0408269725735805e-02        -1.3761771500707984e-03         6.5857322292818727e-04
6                                     -4.9361330361047916e-02         2.2092415221847440e-03        -1.0291258364861101e-03         2.9238357772230945e-04         2.1060133743518168e-03        -5.1786613365043237e-04         1.2355287621993415e-05        -4.3863314376132844e-03
7                                      1.2053723446836810e-01         8.6326473537952635e-04         6.1076399639608441e-04         9.0986106583352145e-04         1.7835262481774030e-04         1.2416538455002953e-03        -9.1635417044989148e-04         2.9381264306696606e-03
8                                      2.1791164765724064e-01         8.4666653048188752e-04         9.3149173938141330e-04         4.9076095394379703e-04        -3.2372796828342089e-04        -7.7005710757575190e-04         5.3815403761494057e-04        -4.8769243211476592e-04
9                                      8.4666653048188752e-04         5.0132601210363517e-02         2.7866380892692787e-03         8.3379164868163987e-03        -1.1417880623993508e-03         1.7665216415874189e-03         2.3248830833165323e-03        -3.0344426095151120e-04
10                                     9.3149173938141330e-04         2.7866380892692787e-03         1.6230503735426277e-01         1.3969746497747995e-01         6.6930583730935350e-04         1.1426306867009510e-02         1.3755215601509337e-02         2.5205737528054620e-04
11                                     4.9076095394379703e-04         8.3379164868163987e-03         1.3969746497747995e-01         2.1865951204458248e-01        -1.6837356356071542e-03        -1.7984867400010568e-02        -1.9665401886685259e-02         2.2695994633497446e-04
12                                    -3.2372796828342089e-04        -1.1417880623993508e-03         6.6930583730935350e-04        -1.6837356356071542e-03         5.0893982014521701e-02         8.8137782600550465e-03        -1.9889442160182416e-02        -1.2896108427287731e-03
13                                    -7.7005710757575190e-04         1.7665216415874189e-03         1.1426306867009510e-02        -1.7984867400010568e-02         8.8137782600550465e-03         1.2952311612972187e-01        -1.2912242469582114e-01        -1.5331473341135410e-04
14                                     5.3815403761494057e-04         2.3248830833165323e-03         1.3755215601509337e-02        -1.9665401886685259e-02        -1.9889442160182416e-02        -1.2912242469582114e-01         2.5410359631630292e-01        -3.2276473679236292e-04
15                                    -4.8769243211476592e-04        -3.0344426095151120e-04         2.5205737528054620e-04         2.2695994633497446e-04        -1.2896108427287731e-03        -1.5331473341135410e-04        -3.2276473679236292e-04         2.6837042862924837e-01
16                                    -1.7001183901002234e-04        -1.7167301178914712e-02        -9.4068709272961317e-03         1.9244228369861491e-03        -1.3718114772932246e-02        -7.8852535925073887e-03        -1.9449562188565903e-03         1.1462956622554549e-01
17                                     1.1286801540385013e-03        -2.2760678733202130e-02        -1.1034422078562868e-02         5.7855434476746914e-04         2.4361284829028284e-02         1.1740659576086523e-02         1.1433585299900528e-03        -2.4081034965060103e-03
18                                    -1.9146779999101055e-02        -3.4948766431015538e-03         3.8872681363605228e-03        -7.4362835971470689e-04         6.8527465310380393e-04        -6.5634265806805195e-04        -4.1294127806246834e-04         8.0882496315294312e-04
19                                    -8.4226257761456230e-03         3.9429702071507866e-03        -2.0784990334535131e-03         8.0459040544270902e-04        -8.4042823836543747e-04         3.1911760371273936e-04         1.0194133189849602e-04        -7.7361908211340952e-05
20                                     1.7236521865234816e-03        -3.1411873238636071e-04         1.0510775383990379e-03         1.5628781760390264e-03         3.8170900304545840e-04         8.1151707048672875e-06         8.5949564838586588e-04         5.7663862505387062e-04
21                                     1.8990522367987858e-02         7.0160731291831792e-04        -5.5461946414072706e-04         5.9010228866877639e-04        -3.5175609712047827e-03         3.8729380382247296e-03         7.4222681119518949e-06         7.0511147592904207e-04
22                                     6.5856815218721405e-03        -1.0024883208740918e-03         3.7562769576233827e-04        -1.4763820899236016e-04         3.9506560106411298e-03        -2.3175618693304337e-03         2.9095089178512697e-05         1.7663788228997404e-04
23                                     3.1033994120233752e-03        -2.6348979767280736e-04         1.4745059643901312e-04         9.1666841966018750e-04        -2.8256170003774584e-04        -4.6309159238151765e-04         1.7042191767633978e-03        -6.0711267375519393e-04
24                                     4.2026711580817618e-02        -1.6834066999527530e-04         6.2220474993039026e-04         5.4008220878030955e-04        -1.4592264333284583e-04         1.8083199999429159e-04        -1.7831561879037383e-05         4.4536256038362474e-04
25                                    -1.1123120412495294e-01        -2.4559175710887773e-04         4.7826326617068709e-04        -2.3533397487736363e-04        -1.1211431403983406e-04        -3.4783769568413371e-05         1.1907330835648610e-04        -2.0736110722744273e-05
26                                    -1.7780064211940066e-01        -5.5869481325895171e-04        -5.7721898663641927e-06        -6.5901433025875727e-06        -4.0111249344658483e-05        -9.7399326949490668e-05        -2.5069857004775611e-04         3.0561795019525863e-04
                                                        16                          17                          18                          19                          20                          21                          22                          23

0                                     -1.0593302328708996e-01         2.0299517425050673e-03         1.7133496316800887e-04         2.4266323478208847e-04         1.7038331320747696e-04         1.6369684587242061e-03         5.9641778751354235e-06         8.2685810369242940e-05
1                                     -1.0431816320877810e-01         1.5217740694296522e-03         1.7223796881946120e-02        -1.4916087209846109e-02         2.5688274976555479e-03         1.4178317824838128e-02        -1.1940763336888181e-02        -3.6658941042239102e-04
2                                      1.6225422700151546e-03        -4.6580989249217393e-02         1.9974669299755894e-02        -1.7359138844714850e-02         2.5284436962710872e-03        -2.1638298361682483e-02         1.9564421118130438e-02        -4.5461085788486464e-04
3                                      1.9032105506717648e-02        -1.7526295405855788e-03        -4.1077514599521678e-02        -3.2256014200965884e-03        -6.5018774845326576e-03        -3.8873100933400531e-02        -1.7548265024278243e-03         1.2644316403347209e-02
4                                      9.7457912577515963e-03        -9.8846616979600052e-04        -6.7245042983591491e-03        -1.4880998787937805e-01        -1.2742339097896804e-01        -8.0236162272305043e-03        -1.2013427288090675e-01         1.1606049491719483e-01
5                                     -2.7764601484731927e-04        -1.6347743709153179e-03        -8.9534067150757457e-03        -1.2861207666862040e-01        -2.0616110596615733e-01         1.6937085667321904e-02         1.1823317112139289e-01        -2.3784119509659096e-01
6                                      4.7577075155724961e-03        -6.9312324855899156e-05        -4.8095019120073194e-03        -4.1719389838127570e-03        -9.4886088938876331e-04        -1.5728624135280967e-02        -9.2272754991479106e-03        -5.8623464093362013e-04
7                                     -5.5249535164561916e-05         1.2702962999880767e-05        -1.6896569700140290e-02        -8.4304682713592857e-03         9.4713713616872541e-04        -1.6802295595631955e-02        -5.9878182916412916e-03        -1.8675217737406835e-03
8                                     -1.7001183901002234e-04         1.1286801540385013e-03        -1.9146779999101055e-02        -8.4226257761456230e-03         1.7236521865234816e-03         1.8990522367987858e-02         6.5856815218721405e-03         3.1033994120233752e-03
9                                     -1.7167301178914712e-02        -2.2760678733202130e-02        -3.4948766431015538e-03         3.9429702071507866e-03        -3.1411873238636071e-04         7.0160731291831792e-04        -1.0024883208740918e-03        -2.6348979767280736e-04
10                                    -9.4068709272961317e-03        -1.1034422078562868e-02         3.8872681363605228e-03        -2.0784990334535131e-03         1.0510775383990379e-03        -5.5461946414072706e-04         3.7562769576233827e-04         1.4745059643901312e-04
11                                     1.9244228369861491e-03         5.7855434476746914e-04        -7.4362835971470689e-04         8.0459040544270902e-04         1.5628781760390264e-03         5.9010228866877639e-04        -1.4763820899236016e-04         9.1666841966018750e-04
12                                    -1.3718114772932246e-02         2.4361284829028284e-02         6.8527465310380393e-04        -8.4042823836543747e-04         3.8170900304545840e-04        -3.5175609712047827e-03         3.9506560106411298e-03        -2.8256170003774584e-04
13                                    -7.8852535925073887e-03         1.1740659576086523e-02        -6.5634265806805195e-04         3.1911760371273936e-04         8.1151707048672875e-06         3.8729380382247296e-03        -2.3175618693304337e-03        -4.6309159238151765e-04
14                                    -1.9449562188565903e-03         1.1433585299900528e-03        -4.1294127806246834e-04         1.0194133189849602e-04         8.5949564838586588e-04         7.4222681119518949e-06         2.9095089178512697e-05         1.7042191767633978e-03
15                                     1.1462956622554549e-01        -2.4081034965060103e-03         8.0882496315294312e-04        -7.7361908211340952e-05         5.7663862505387062e-04         7.0511147592904207e-04         1.7663788228997404e-04        -6.0711267375519393e-04
16                                     1.1038964685812835e-01        -1.3422978605828922e-03        -6.8004678704155076e-04         1.0573881937488146e-03        -2.4872817625990308e-04        -8.4898171010678366e-04         6.7400718254216705e-04         3.0747212634308317e-04
17                                    -1.3422978605828922e-03         4.5035604878161252e-02         1.9609660128282885e-04         1.1418518784762606e-04         1.4349222063223574e-04         9.6934721962483521e-05        -6.8827179322396596e-05        -1.9693454433474418e-05
18                                    -6.8004678704155076e-04         1.9609660128282885e-04         5.3729819448158814e-02         4.8563733165000421e-03         7.2480580422831162e-03         3.3343675620674165e-04         2.1414756333964233e-03         1.6856838064396142e-03
19                                     1.0573881937488146e-03         1.1418518784762606e-04         4.8563733165000421e-03         1.6240038850039365e-01         1.3927118563805208e-01         1.5357842262512882e-03         1.1193479789123151e-02         1.3406213271629573e-02
20                                    -2.4872817625990308e-04         1.4349222063223574e-04         7.2480580422831162e-03         1.3927118563805208e-01         2.1820693839534749e-01        -1.2974748251148483e-03        -1.7479684972123505e-02        -1.9871781283120529e-02
21                                    -8.4898171010678366e-04         9.6934721962483521e-05         3.3343675620674165e-04         1.5357842262512882e-03        -1.2974748251148483e-03         5.3493926023030575e-02         5.1240869526440226e-03        -1.2965080789632096e-02
22                                     6.7400718254216705e-04        -6.8827179322396596e-05         2.1414756333964233e-03         1.1193479789123151e-02        -1.7479684972123505e-02         5.1240869526440226e-03         1.2820506037063667e-01        -1.2705585148869725e-01
23                                     3.0747212634308317e-04        -1.9693454433474418e-05         1.6856838064396142e-03         1.3406213271629573e-02        -1.9871781283120529e-02        -1.2965080789632096e-02        -1.2705585148869725e-01         2.5166123026380988e-01
24                                    -7.0075942310179656e-05         2.9670376147002001e-04        -6.3467976291597707e-03        -2.1840772183402118e-03         7.8157824679803232e-04         1.2482360130773994e-03         6.7060738920981632e-04         1.5402678932250659e-04
