
$orca_hessian_file

$act_atom
  0

$act_coord
  0

$act_energy
        0.000000

$multiplicity
  1

$hessian
45
                    0                  1                  2                  3                  4        
    0      5.4085864141E-01   4.8531605182E-02   1.5431939205E-02  -1.0215408849E-01   4.1302913256E-02
    1      4.8531605182E-02   4.9514629892E-01  -2.9297392869E-02   4.0305265081E-02  -1.4890682499E-01
    2      1.5431939205E-02  -2.9297392869E-02   5.5790038808E-01   5.7761242554E-03  -1.4817318695E-02
    3     -1.0215408849E-01   4.0305265081E-02   5.7761242554E-03   5.3073755046E-01  -2.1102114410E-04
    4      4.1302913256E-02  -1.4890682499E-01  -1.4817318695E-02  -2.1102114410E-04   4.9484750819E-01
    5      1.1874944298E-02  -2.0342086868E-02  -7.2333226176E-02   2.1681226581E-02   2.1515820695E-04
    6     -2.4096958471E-02   6.4987394103E-03  -4.9403534281E-03  -1.7538093241E-01   3.8198881183E-04
    7      2.9649437166E-02  -3.1198869703E-03   9.6285541741E-03   3.3902114174E-04  -7.7409600400E-02
    8      6.9268540883E-03   1.3249347948E-03   6.1175446079E-03  -2.5105867618E-02   6.8980735481E-05
    9      7.9527606576E-03   1.2766219837E-02  -4.6479486288E-03  -1.0257907386E-01  -4.1602563672E-02
   10     -1.2956280848E-02  -3.5054919074E-02   5.7252673028E-03  -4.0565180358E-02  -1.4868498276E-01
   11     -4.7699555557E-03  -5.9889460299E-03   6.5819665945E-03   5.5784561184E-03   1.4287958069E-02
   12     -1.4434520598E-03   1.8624599302E-03   2.1869001089E-02  -9.4930695705E-02   1.1187249255E-04
   13      4.0898307936E-03   1.0703708888E-03  -3.3005402545E-02  -1.9210589208E-05  -6.4841946851E-02
   14      4.6366508769E-03  -5.2489693277E-03  -3.8939882385E-02   3.5526312423E-02   1.5496978225E-04
   15     -1.1177533133E-01  -1.0649210758E-01   3.9813336352E-02   6.9039701225E-03   1.3531013788E-02
   16     -1.0487818582E-01  -2.1665951842E-01   6.4019509121E-02  -1.5220003138E-02  -2.4362513856E-02
   17      3.9531564530E-02   6.5798842136E-02  -7.0185688927E-02  -4.7382102858E-03  -8.1362046029E-03
   18     -4.7301334857E-02   1.2425408721E-03   2.0762490745E-02  -1.7767805481E-03  -3.0079649806E-03
   19      1.0216771978E-03  -4.7166163652E-02  -4.3432771081E-03  -1.0995308471E-03   2.1135774665E-03
   20      2.1656348333E-02  -6.1473601861E-03  -3.0244175005E-01  -1.0174692210E-03   3.0063375975E-03
   21     -2.6046774191E-01  -3.2547828607E-05  -9.4105963871E-02  -1.7944055651E-02  -1.0534632614E-03
   22     -7.3106513367E-04  -4.6118264189E-02  -7.3809036883E-04   2.6064701148E-02  -1.0905178122E-03
   23     -9.4148248184E-02   3.5383493149E-04  -8.6399523288E-02   9.0395242471E-03  -5.3799436989E-04
   24      1.3478941474E-03  -1.5086430142E-03   4.4524473094E-04  -1.6525235623E-02  -2.7042554613E-02
   25      7.0785842491E-04   8.3491437386E-04  -2.4750348157E-04   1.4393049357E-04  -2.0463408247E-03
   26      4.9930309976E-04  -2.4203418787E-04  -1.1016659695E-04  -5.9580877875E-03  -1.0248874092E-02
   27      1.0144569998E-03  -2.0764326214E-04   2.5500056090E-05   4.0989808957E-03   6.4440515583E-05
   28      4.5593977072E-06  -3.1157486704E-05   1.9710048979E-04  -3.2884462604E-05  -2.8767464437E-03
   29      7.9221333866E-04  -1.7988546200E-04  -5.6214161801E-05   4.5720607952E-03   1.7370651624E-05
   30     -5.6408240880E-03  -1.5397072054E-03  -3.4104185389E-03  -1.6382997077E-02   2.7050931057E-02
   31      3.6784145875E-04   1.1316294459E-03   7.2192098076E-04  -3.0865665650E-05  -2.2495459261E-03
   32     -1.9542103144E-03   1.0047144753E-04  -7.9080149594E-04  -5.8995185977E-03   1.0255441994E-02
   33      1.5026571109E-04   5.7429777184E-04  -1.7399255888E-04  -1.7371728799E-03   2.9190796064E-03
   34      3.5616000159E-04   6.6709584803E-04  -2.6333904095E-04   1.1571265155E-03   1.9333716844E-03
   35     -1.8918716747E-04  -6.6078146542E-04  -7.6987013357E-05  -1.0302282517E-03  -2.9104883344E-03
   36     -1.2022840665E-03  -2.4608131091E-03   8.9528013996E-04   6.8962734519E-03  -1.3645617306E-02
   37     -4.6203926061E-03  -3.8690934413E-03   2.7989729967E-03   1.5079672115E-02  -2.4353064917E-02
   38      6.7697536563E-04   1.4228792096E-03  -3.7586268594E-04  -4.5881745457E-03   7.9983401752E-03
   39      4.9634900139E-04   1.2593775185E-03   2.1513281092E-04  -1.8071502571E-02   1.2064404034E-03
   40     -9.7184033526E-04   1.7331604033E-03  -3.6866350986E-04  -2.6056536297E-02  -8.7343582985E-04
   41     -4.5123284125E-05  -4.2230874914E-04  -1.6917891229E-04   8.8786605070E-03   4.6898656380E-04
   42      2.2616473501E-03  -7.4146104496E-04   2.1046815327E-03  -1.1542401142E-03  -7.8065085598E-06
   43     -1.9317006891E-03   3.4235833888E-04  -1.2484979413E-04   1.4782756379E-04  -1.1989367330E-03
   44     -9.8012252243E-04  -3.5668502701E-04   1.2793824036E-03  -4.2643617832E-02   2.0055288446E-04
                    5                  6                  7                  8                  9        
    0      1.1874944298E-02  -2.4096958471E-02   2.9649437166E-02   6.9268540883E-03   7.9527606576E-03
    1     -2.0342086868E-02   6.4987394103E-03  -3.1198869703E-03   1.3249347948E-03   1.2766219837E-02
    2     -7.2333226176E-02  -4.9403534281E-03   9.6285541741E-03   6.1175446079E-03  -4.6479486288E-03
    3      2.1681226581E-02  -1.7538093241E-01   3.3902114174E-04  -2.5105867618E-02  -1.0257907386E-01
    4      2.1515820695E-04   3.8198881183E-04  -7.7409600400E-02   6.8980735481E-05  -4.1602563672E-02
    5      4.1444236275E-01  -3.5569656804E-02   1.0288236078E-04  -7.8796022969E-02   1.1695578909E-02
    6     -3.5569656804E-02   4.7971094574E-01   3.5508118598E-04  -3.5230941705E-02  -2.4291676148E-02
    7      1.0288236078E-04   3.5508118598E-04   5.7357295366E-01   1.2780438621E-04  -2.9588225799E-02
    8     -7.8796022969E-02  -3.5230941705E-02   1.2780438621E-04   5.6067345167E-01   6.7317596345E-03
    9      1.1695578909E-02  -2.4291676148E-02  -2.9588225799E-02   6.7317596345E-03   5.4038611946E-01
   10      1.9768378470E-02  -6.3596760557E-03  -2.8565059393E-03  -1.4177741301E-03  -4.8833035664E-02
   11     -7.2102052500E-02  -5.0249076752E-03  -9.6525929120E-03   6.0466979556E-03   1.5262297465E-02
   12     -1.1288722184E-02  -4.1080394768E-04   1.4801845561E-04  -4.1383439300E-02  -1.4549248177E-03
   13      2.8872800088E-04   2.8133469912E-05   1.9484359109E-03   2.3338680625E-04  -4.0942739424E-03
   14     -1.4320587985E-01  -6.5523544005E-03   1.3136101886E-04  -3.3448449635E-02   4.6265257276E-03
   15     -5.4767344364E-03   1.3943123236E-03   6.4413966391E-04  -3.0871235998E-04  -1.1684533475E-03
   16      1.0515729535E-02  -1.6517142876E-03   9.2672391583E-04   1.0493228713E-04   4.6002851657E-03
   17      8.1048443239E-04  -2.4681298470E-04   2.8677270337E-04  -1.3239401461E-04   6.9845193402E-04
   18      1.4459871764E-02   4.0285062205E-04  -4.9321369232E-04   1.5531348074E-04   1.4913243759E-04
   19     -2.4636556801E-02  -7.1000170631E-04   7.3572459177E-04   8.5778350291E-05  -3.5117454465E-04
   20     -1.0991068909E-02  -5.3821930835E-04   5.1502928837E-04  -1.0183319166E-04  -1.9036309503E-04
   21     -8.5762338605E-03  -3.1100554462E-04   4.1350359022E-03   2.3524136027E-03   4.9307684038E-04
   22      1.2109173588E-02   1.9543861296E-03  -4.6391013001E-03  -2.2250798724E-03   9.7856731958E-04
   23      7.9812453552E-04   1.1566956543E-03  -1.1011461844E-03  -2.0914511311E-04  -3.7331682846E-05
   24      1.1971148239E-02  -1.0695423280E-01  -1.0111149291E-01   3.9040456880E-02  -5.6356921082E-03
   25      1.6532979359E-04  -1.0286117099E-01  -2.2028662553E-01   6.7157795413E-02  -3.2355252077E-04
   26      2.0161392387E-03   4.0721235806E-02   6.7781597151E-02  -7.1562560296E-02  -1.9587728824E-03
   27     -2.8617424660E-02  -4.7348602343E-02  -1.4243024456E-05   6.4008096352E-03   1.0136052997E-03
   28      1.0472162967E-04  -3.1850370174E-06  -4.4976058046E-02   7.3027102515E-04  -1.4028655367E-05
   29     -1.2564818894E-02   2.9492969823E-03   7.3790279462E-04  -3.0739419584E-01   7.9240142325E-04
   30      1.2126576976E-02  -1.0583191658E-01   1.0026221611E-01   3.9240840373E-02   1.3528143774E-03
   31     -2.5809371057E-04   1.0200478426E-01  -2.2063740823E-01  -6.8222550871E-02  -7.1574093039E-04
   32      2.0767483181E-03   4.0930461080E-02  -6.8857204895E-02  -7.2343189543E-02   4.9542865102E-04
   33      1.4604576260E-02   4.0801313775E-04   4.9169260325E-04   1.5711966304E-04  -4.7260894302E-02
   34      2.4646673966E-02   7.1476943848E-04   7.3651946543E-04  -8.0347189029E-05  -1.1723825023E-03
   35     -1.0849504582E-02  -5.3856348869E-04  -5.1212702536E-04  -1.0530096538E-04   2.1366155487E-02
   36     -5.6379113095E-03   1.3987122621E-03  -6.4323237184E-04  -3.1372488934E-04  -1.1055347593E-01
   37     -1.0678472339E-02   1.6500376140E-03   9.2004365739E-04  -9.4774818011E-05   1.0393400337E-01
   38      8.0174285211E-04  -2.3728830965E-04  -2.7880178291E-04  -1.3747004198E-04   3.9978791116E-02
   39     -8.6161746254E-03  -3.4199022445E-04  -4.1684230735E-03   2.3373100707E-03  -2.6067688372E-01
   40     -1.2054036263E-02  -1.9867194316E-03  -4.6329049166E-03   2.1856508914E-03   2.5495213954E-03
   41      7.2087985450E-04   1.1467935044E-03   1.0645843748E-03  -1.8599473832E-04  -9.3913605789E-02
   42      5.2977440661E-03   1.6532843805E-03  -8.0529972275E-06  -1.1213834764E-03   2.2735651481E-03
   43      2.9253864456E-05  -1.3211168898E-05  -2.8230987148E-04   2.8788216203E-05   1.9207083984E-03
   44     -2.0823908102E-02   2.0958069987E-03   1.7588522928E-05  -8.4211378811E-03  -9.5914384179E-04
                   10                 11                 12                 13                 14        
    0     -1.2956280848E-02  -4.7699555557E-03  -1.4434520598E-03   4.0898307936E-03   4.6366508769E-03
    1     -3.5054919074E-02  -5.9889460299E-03   1.8624599302E-03   1.0703708888E-03  -5.2489693277E-03
    2      5.7252673028E-03   6.5819665945E-03   2.1869001089E-02  -3.3005402545E-02  -3.8939882385E-02
    3     -4.0565180358E-02   5.5784561184E-03  -9.4930695705E-02  -1.9210589208E-05   3.5526312423E-02
    4     -1.4868498276E-01   1.4287958069E-02   1.1187249255E-04  -6.4841946851E-02   1.5496978225E-04
    5      1.9768378470E-02  -7.2102052500E-02  -1.1288722184E-02   2.8872800088E-04  -1.4320587985E-01
    6     -6.3596760557E-03  -5.0249076752E-03  -4.1080394768E-04   2.8133469912E-05  -6.5523544005E-03
    7     -2.8565059393E-03  -9.6525929120E-03   1.4801845561E-04   1.9484359109E-03   1.3136101886E-04
    8     -1.4177741301E-03   6.0466979556E-03  -4.1383439300E-02   2.3338680625E-04  -3.3448449635E-02
    9     -4.8833035664E-02   1.5262297465E-02  -1.4549248177E-03  -4.0942739424E-03   4.6265257276E-03
   10      4.9519976964E-01   2.8816338401E-02  -1.9926491562E-03   8.3666411371E-04   5.4984675886E-03
   11      2.8816338401E-02   5.5822243310E-01   2.2025474441E-02   3.3157865370E-02  -3.8680103268E-02
   12     -1.9926491562E-03   2.2025474441E-02   5.3780731417E-01  -1.9199168175E-03   1.3113690084E-01
   13      8.3666411371E-04   3.3157865370E-02  -1.9199168175E-03   6.3536255663E-02  -1.3649503854E-03
   14      5.4984675886E-03  -3.8680103268E-02   1.3113690084E-01  -1.3649503854E-03   3.4542280286E-01
   15      2.4442895567E-03   8.9871711379E-04   3.5768551459E-04  -6.2960878906E-04  -1.5809471839E-03
   16     -3.8760071290E-03  -2.8294597942E-03  -1.3569371873E-04   3.4065030817E-03   3.6866042284E-04
   17     -1.4460098114E-03  -4.0121748221E-04  -5.5368635041E-04   3.9508283028E-04   1.1867902118E-03
   18     -5.7159204747E-04  -1.7471329381E-04  -7.2582557209E-04   3.7487337845E-03   3.7550968944E-03
   19      6.6524987332E-04   2.6799922241E-04   3.7485390743E-03  -4.3302572514E-03  -6.1669744615E-03
   20      6.6910042769E-04  -6.8510857541E-05   1.9343763357E-03  -3.9847052500E-03  -6.2519187945E-04
   21     -1.2511239336E-03   2.1163292043E-04   2.1850122483E-03  -1.1644679591E-03   3.8171508967E-04
   22      1.7306602809E-03   3.7978356215E-04  -1.3640364369E-03   1.0748607028E-03   2.3139835503E-03
   23      4.3554717892E-04  -1.6621458783E-04   7.7560515881E-04   5.9772420461E-04   2.1067978079E-03
   24      1.5977835165E-03  -3.4008932701E-03   2.2301191796E-03   9.9777773619E-04   9.4669990178E-04
   25      1.1312529071E-03  -6.9230008311E-04   2.4007183619E-04   3.8433154708E-04  -5.5283103003E-04
   26     -7.7064529242E-05  -7.9816822996E-04   3.2622723107E-04  -2.0153643198E-04   1.0888420179E-03
   27      2.0228442379E-04   2.6295445456E-05  -6.9231730938E-03   3.4862831718E-05  -4.1624250551E-03
   28     -3.4831848729E-05  -1.9903443135E-04   3.3173260581E-05   4.9953078864E-04   1.6091374572E-05
   29      1.7665951399E-04  -5.8271726800E-05  -4.0461123836E-03   1.4344573186E-05  -2.0910619480E-04
   30      1.5036595269E-03   4.5814459158E-04   2.2197164672E-03  -1.0141587025E-03   9.4176704152E-04
   31      8.2807639559E-04   2.4951263353E-04  -2.5114442407E-04   3.8597570359E-04   5.4295380263E-04
   32      2.4646276430E-04  -1.0480659652E-04   3.2615154503E-04   1.9264878805E-04   1.0925182153E-03
   33     -1.3842197807E-03   2.0457053335E-02  -7.6560886596E-04  -3.7944429651E-03   3.7675906965E-03
   34     -4.7247094138E-02   6.1013958363E-03  -3.7794809936E-03  -4.3573669340E-03   6.1193008382E-03
   35      7.8921866621E-03  -3.0235805468E-01   1.9291666731E-03   3.9544322246E-03  -5.5764555122E-04
   36      1.0554434789E-01   4.0279509921E-02   3.6191284634E-04   6.5509797671E-04  -1.5790706489E-03
   37     -2.1681875839E-01  -6.5415838106E-02   1.5824170346E-04   3.4099909492E-03  -3.4873499955E-04
   38     -6.7201174630E-02  -7.1224336378E-02  -5.5663263168E-04  -3.7446379458E-04   1.1840225249E-03
   39      1.8501382759E-03  -9.3870410340E-02   2.1966252875E-03   1.1487128095E-03   3.8270360661E-04
   40     -4.6136250735E-02   1.5258822512E-03   1.3561877931E-03   1.0805965590E-03  -2.3192203514E-03
   41      4.3647336629E-04  -8.6168326488E-02   7.7361576145E-04  -6.1198751706E-04   2.0831879739E-03
   42      7.1692739729E-04   2.1030743550E-03  -4.4070390165E-01   1.9568223754E-03  -1.7229383503E-01
   43      3.1767680171E-04   1.1240101810E-04   1.7604649883E-03  -4.1039448719E-03   8.5810258181E-04
   44      3.5617641864E-04   1.2789651522E-03  -1.2320125700E-01   7.0662272122E-04  -9.8498702853E-02
                   15                 16                 17                 18                 19        
    0     -1.1177533133E-01  -1.0487818582E-01   3.9531564530E-02  -4.7301334857E-02   1.0216771978E-03
    1     -1.0649210758E-01  -2.1665951842E-01   6.5798842136E-02   1.2425408721E-03  -4.7166163652E-02
    2      3.9813336352E-02   6.4019509121E-02  -7.0185688927E-02   2.0762490745E-02  -4.3432771081E-03
    3      6.9039701225E-03  -1.5220003138E-02  -4.7382102858E-03  -1.7767805481E-03  -1.0995308471E-03
    4      1.3531013788E-02  -2.4362513856E-02  -8.1362046029E-03  -3.0079649806E-03   2.1135774665E-03
    5     -5.4767344364E-03   1.0515729535E-02   8.1048443239E-04   1.4459871764E-02  -2.4636556801E-02
    6      1.3943123236E-03  -1.6517142876E-03  -2.4681298470E-04   4.0285062205E-04  -7.1000170631E-04
    7      6.4413966391E-04   9.2672391583E-04   2.8677270337E-04  -4.9321369232E-04   7.3572459177E-04
    8     -3.0871235998E-04   1.0493228713E-04  -1.3239401461E-04   1.5531348074E-04   8.5778350291E-05
    9     -1.1684533475E-03   4.6002851657E-03   6.9845193402E-04   1.4913243759E-04  -3.5117454465E-04
   10      2.4442895567E-03  -3.8760071290E-03  -1.4460098114E-03  -5.7159204747E-04   6.6524987332E-04
   11      8.9871711379E-04  -2.8294597942E-03  -4.0121748221E-04  -1.7471329381E-04   2.6799922241E-04
   12      3.5768551459E-04  -1.3569371873E-04  -5.5368635041E-04  -7.2582557209E-04   3.7485390743E-03
   13     -6.2960878906E-04   3.4065030817E-03   3.9508283028E-04   3.7487337845E-03  -4.3302572514E-03
   14     -1.5809471839E-03   3.6866042284E-04   1.1867902118E-03   3.7550968944E-03  -6.1669744615E-03
   15      1.1880893203E-01   1.1366217557E-01  -4.3589045637E-02  -1.9001093547E-03  -8.3059896530E-04
   16      1.1366217557E-01   2.3876112385E-01  -7.0512969031E-02   1.7677241309E-03   1.7103980692E-03
   17     -4.3589045637E-02  -7.0512969031E-02   7.2282192060E-02   1.5680136363E-02   2.5984666889E-02
   18     -1.9001093547E-03   1.7677241309E-03   1.5680136363E-02   4.8258643743E-02  -2.3304555612E-03
   19     -8.3059896530E-04   1.7103980692E-03   2.5984666889E-02  -2.3304555612E-03   4.8414694088E-02
   20     -2.1484385777E-04  -1.1884669717E-03  -7.9660063062E-03  -2.4518442004E-02   7.1954047288E-03
   21     -1.3067253761E-02   1.4450502989E-03  -6.4816489410E-03   3.5527617927E-03  -1.6335987789E-04
   22     -2.3081953688E-02   8.2097982697E-04  -1.1768506084E-02  -1.0004528673E-03  -1.3754143608E-03
   23      9.8775693404E-03  -6.1562760725E-04   3.3447689871E-03  -2.9695951501E-02   1.0321873754E-04
   24     -3.4189535285E-04   1.1239584126E-03  -1.2296035392E-04  -8.8295435721E-05   6.6294793144E-05
   25      9.3612763748E-05   4.0693649542E-04   1.8844248495E-04   1.4845799398E-05  -1.2890295414E-05
   26      2.0604178697E-04   1.7584419485E-05   2.6548106123E-04   1.1646302712E-04   1.1447490400E-04
   27     -5.9633990395E-05   8.8966588428E-05   6.0423621303E-05  -5.6896753691E-04   4.8514871257E-04
   28      3.3955025805E-06  -3.5235218407E-05   1.7278999056E-04   5.4122578313E-04   4.2629809125E-05
   29     -1.0776446056E-04  -5.3038495720E-05  -5.6213131339E-05  -2.3269024007E-04   2.5684910865E-04
   30      1.3495403653E-04  -1.2163236243E-05  -1.4786627369E-04   1.7750558961E-04  -3.2600980138E-04
   31     -1.9016475034E-04   4.3406870547E-04  -1.2217723922E-04  -1.5278746422E-04  -2.4353237361E-05
   32      6.3248913168E-06  -2.4041261731E-04  -7.7234076824E-05  -2.0583649830E-04   9.5637413394E-05
   33     -1.8586460993E-04   1.1234351120E-04  -3.7091217919E-05   3.9609537592E-04  -2.2750447719E-05
   34     -3.5474966600E-05   3.8990430203E-04  -2.3137865081E-04   1.7936844709E-05  -1.0668025151E-03
   35      1.2684276896E-05   2.4868532985E-05   3.2619577417E-04  -1.4405471093E-04   2.1792568201E-04
   36      8.3386337859E-04  -8.9689842053E-04  -2.4081449104E-05  -1.8692150239E-04   3.7617587489E-05
   37      8.8481019511E-04  -1.7515918151E-03  -4.8913604295E-04  -1.0963702829E-04   3.9075332027E-04
   38     -1.6780652317E-05   4.7439397892E-04   6.4859063814E-04  -3.7122827752E-05   2.3092500060E-04
   39      2.5245953419E-04   7.2980839737E-05   2.4261137599E-04   4.2753583370E-06  -2.9628251775E-06
   40      2.6881083634E-04   3.2381587242E-04   1.4986297757E-04  -2.2864440995E-06  -1.0661824546E-04
   41      2.1468944778E-04  -1.1352183556E-04  -3.3971067222E-05  -1.6047722079E-04  -1.4474698300E-05
   42     -1.8763518921E-04  -7.0210420505E-05  -2.6736388105E-04  -3.9303011169E-04   4.7686830170E-04
   43     -2.8095460952E-04  -4.9558767742E-04  -2.5669934180E-04   3.3608178049E-04   9.4723394292E-06
   44      2.6104492988E-04   1.4438849076E-05  -1.1778159161E-05   2.3145396818E-04   5.8667608962E-04
                   20                 21                 22                 23                 24        
    0      2.1656348333E-02  -2.6046774191E-01  -7.3106513367E-04  -9.4148248184E-02   1.3478941474E-03
    1     -6.1473601861E-03  -3.2547828607E-05  -4.6118264189E-02   3.5383493149E-04  -1.5086430142E-03
    2     -3.0244175005E-01  -9.4105963871E-02  -7.3809036883E-04  -8.6399523288E-02   4.4524473094E-04
    3     -1.0174692210E-03  -1.7944055651E-02   2.6064701148E-02   9.0395242471E-03  -1.6525235623E-02
    4      3.0063375975E-03  -1.0534632614E-03  -1.0905178122E-03  -5.3799436989E-04  -2.7042554613E-02
    5     -1.0991068909E-02  -8.5762338605E-03   1.2109173588E-02   7.9812453552E-04   1.1971148239E-02
    6     -5.3821930835E-04  -3.1100554462E-04   1.9543861296E-03   1.1566956543E-03  -1.0695423280E-01
    7      5.1502928837E-04   4.1350359022E-03  -4.6391013001E-03  -1.1011461844E-03  -1.0111149291E-01
    8     -1.0183319166E-04   2.3524136027E-03  -2.2250798724E-03  -2.0914511311E-04   3.9040456880E-02
    9     -1.9036309503E-04   4.9307684038E-04   9.7856731958E-04  -3.7331682846E-05  -5.6356921082E-03
   10      6.6910042769E-04  -1.2511239336E-03   1.7306602809E-03   4.3554717892E-04   1.5977835165E-03
   11     -6.8510857541E-05   2.1163292043E-04   3.7978356215E-04  -1.6621458783E-04  -3.4008932701E-03
   12      1.9343763357E-03   2.1850122483E-03  -1.3640364369E-03   7.7560515881E-04   2.2301191796E-03
   13     -3.9847052500E-03  -1.1644679591E-03   1.0748607028E-03   5.9772420461E-04   9.9777773619E-04
   14     -6.2519187945E-04   3.8171508967E-04   2.3139835503E-03   2.1067978079E-03   9.4669990178E-04
   15     -2.1484385777E-04  -1.3067253761E-02  -2.3081953688E-02   9.8775693404E-03  -3.4189535285E-04
   16     -1.1884669717E-03   1.4450502989E-03   8.2097982697E-04  -6.1562760725E-04   1.1239584126E-03
   17     -7.9660063062E-03  -6.4816489410E-03  -1.1768506084E-02   3.3447689871E-03  -1.2296035392E-04
   18     -2.4518442004E-02   3.5527617927E-03  -1.0004528673E-03  -2.9695951501E-02  -8.8295435721E-05
   19      7.1954047288E-03  -1.6335987789E-04  -1.3754143608E-03   1.0321873754E-04   6.6294793144E-05
   20      3.3042052528E-01   2.1966280765E-03  -1.4379763551E-04  -1.1013412264E-02  -1.5371756530E-05
   21      2.1966280765E-03   2.8519940911E-01  -3.5127524244E-03   1.0291514145E-01   4.9304625643E-04
   22     -1.4379763551E-04  -3.5127524244E-03   4.9614826151E-02   1.2111863969E-03   1.8492976707E-04
   23     -1.1013412264E-02   1.0291514145E-01   1.2111863969E-03   9.0743206629E-02  -1.6879321388E-04
   24     -1.5371756530E-05   4.9304625643E-04   1.8492976707E-04  -1.6879321388E-04   1.1905295914E-01
   25     -1.2771915437E-04  -1.8989817875E-05   1.1294039761E-04  -1.1849278292E-04   1.1320914904E-01
   26     -4.8714405111E-05  -1.5210897314E-05  -1.8496511510E-04  -8.0089971932E-05  -4.2904238884E-02
   27      2.3962274852E-04   2.7030790841E-04  -2.9780274763E-04   1.9796738383E-04  -7.3943392471E-04
   28     -9.5328178655E-06  -1.5763767295E-04  -7.6197651038E-05  -1.1989118165E-04   1.0153007361E-03
   29      7.4560089155E-04  -4.6149740417E-05  -1.4357879213E-05   3.5982786714E-04  -3.9340105931E-04
   30     -1.0109057702E-08  -1.1675998212E-03   1.8964138450E-03   3.3720846218E-04   7.7910529676E-03
   31     -6.6544080912E-05   2.9393086257E-04   2.0506042565E-04  -1.7631801964E-04   1.2908601947E-02
   32      2.7976838127E-04  -5.6648155952E-04   4.1449554108E-04   6.2903690973E-04  -5.8995114031E-03
   33     -1.4492826580E-04   5.5169865336E-06   3.4111494622E-06  -1.5971811532E-04   1.8048796882E-04
   34     -2.2977930693E-04  -8.3029499970E-07  -1.0703872809E-04   1.4669161792E-05   3.2579851618E-04
   35      8.5920074823E-04   1.5830907032E-04   6.4857873064E-05  -2.9255488758E-05   1.6812064373E-06
   36      1.2397451609E-05   2.5033184610E-04  -2.7056852687E-04   2.1367968245E-04   1.3539146736E-04
   37     -2.3683677934E-05  -7.3521815245E-05   3.2424211430E-04   1.1477004288E-04   1.3813636096E-05
   38      3.2740101460E-04   2.4101253727E-04  -1.4966341893E-04  -3.3475251074E-05  -1.4728151253E-04
   39      1.5727775439E-04   9.0343699779E-04  -5.0811950000E-04  -4.7886516964E-06  -1.1778830955E-03
   40     -6.7525373955E-05   4.9861932183E-04  -5.9096240449E-04   2.7957088073E-04  -1.8922163186E-03
   41     -3.1268719919E-05  -3.7053171503E-06  -2.8382217398E-04   2.1745331788E-04   3.2493191845E-04
   42      4.5145897172E-04  -3.9524329781E-04  -3.3804309646E-04  -3.0617306554E-04   2.3171720284E-04
   43      6.2496935573E-04   1.0784435632E-03   1.1392654571E-04  -4.2907892251E-04   1.2168804082E-04
   44      6.5526026512E-04   1.3461544687E-03  -9.9717043030E-04  -2.6810009008E-04   3.0726306340E-04
                   25                 26                 27                 28                 29        
    0      7.0785842491E-04   4.9930309976E-04   1.0144569998E-03   4.5593977072E-06   7.9221333866E-04
    1      8.3491437386E-04  -2.4203418787E-04  -2.0764326214E-04  -3.1157486704E-05  -1.7988546200E-04
    2     -2.4750348157E-04  -1.1016659695E-04   2.5500056090E-05   1.9710048979E-04  -5.6214161801E-05
    3      1.4393049357E-04  -5.9580877875E-03   4.0989808957E-03  -3.2884462604E-05   4.5720607952E-03
    4     -2.0463408247E-03  -1.0248874092E-02   6.4440515583E-05  -2.8767464437E-03   1.7370651624E-05
    5      1.6532979359E-04   2.0161392387E-03  -2.8617424660E-02   1.0472162967E-04  -1.2564818894E-02
    6     -1.0286117099E-01   4.0721235806E-02  -4.7348602343E-02  -3.1850370174E-06   2.9492969823E-03
    7     -2.2028662553E-01   6.7781597151E-02  -1.4243024456E-05  -4.4976058046E-02   7.3790279462E-04
    8      6.7157795413E-02  -7.1562560296E-02   6.4008096352E-03   7.3027102515E-04  -3.0739419584E-01
    9     -3.2355252077E-04  -1.9587728824E-03   1.0136052997E-03  -1.4028655367E-05   7.9240142325E-04
   10      1.1312529071E-03  -7.7064529242E-05   2.0228442379E-04  -3.4831848729E-05   1.7665951399E-04
   11     -6.9230008311E-04  -7.9816822996E-04   2.6295445456E-05  -1.9903443135E-04  -5.8271726800E-05
   12      2.4007183619E-04   3.2622723107E-04  -6.9231730938E-03   3.3173260581E-05  -4.0461123836E-03
   13      3.8433154708E-04  -2.0153643198E-04   3.4862831718E-05   4.9953078864E-04   1.4344573186E-05
   14     -5.5283103003E-04   1.0888420179E-03  -4.1624250551E-03   1.6091374572E-05  -2.0910619480E-04
   15      9.3612763748E-05   2.0604178697E-04  -5.9633990395E-05   3.3955025805E-06  -1.0776446056E-04
   16      4.0693649542E-04   1.7584419485E-05   8.8966588428E-05  -3.5235218407E-05  -5.3038495720E-05
   17      1.8844248495E-04   2.6548106123E-04   6.0423621303E-05   1.7278999056E-04  -5.6213131339E-05
   18      1.4845799398E-05   1.1646302712E-04  -5.6896753691E-04   5.4122578313E-04  -2.3269024007E-04
   19     -1.2890295414E-05   1.1447490400E-04   4.8514871257E-04   4.2629809125E-05   2.5684910865E-04
   20     -1.2771915437E-04  -4.8714405111E-05   2.3962274852E-04  -9.5328178655E-06   7.4560089155E-04
   21     -1.8989817875E-05  -1.5210897314E-05   2.7030790841E-04  -1.5763767295E-04  -4.6149740417E-05
   22      1.1294039761E-04  -1.8496511510E-04  -2.9780274763E-04  -7.6197651038E-05  -1.4357879213E-05
   23     -1.1849278292E-04  -8.0089971932E-05   1.9796738383E-04  -1.1989118165E-04   3.5982786714E-04
   24      1.1320914904E-01  -4.2904238884E-02  -7.3943392471E-04   1.0153007361E-03  -3.9340105931E-04
   25      2.3686213946E-01  -7.3884404566E-02   1.5527597387E-03   7.9369099403E-04  -1.1311734558E-03
   26     -7.3884404566E-02   7.3812971114E-02   1.5558068365E-02   2.6267983199E-02  -8.3758087995E-03
   27      1.5527597387E-03   1.5558068365E-02   5.0259022411E-02  -4.8514975462E-06  -3.3262791075E-03
   28      7.9369099403E-04   2.6267983199E-02  -4.8514975462E-06   4.5048276273E-02  -8.2181192626E-04
   29     -1.1311734558E-03  -8.3758087995E-03  -3.3262791075E-03  -8.2181192626E-04   3.3582632511E-01
   30     -1.3021345139E-02  -6.0222509046E-03  -7.5423340307E-04  -1.0035849359E-03  -3.9371011074E-04
   31     -1.8880057137E-02  -9.0894678970E-03  -1.6326890473E-03   9.4813566587E-04   1.1860627255E-03
   32      8.9990246107E-03   2.7759499005E-03   1.5404461171E-02  -2.6302130155E-02  -8.5193113850E-03
   33      1.5456094473E-04  -2.0400384919E-04  -5.7453052377E-04  -5.3820300520E-04  -2.3562685607E-04
   34     -2.6576209781E-05  -9.6331789028E-05  -4.8525899912E-04   4.8220287268E-05  -2.5944208363E-04
   35      6.4111215370E-05   2.8033162821E-04   2.3617596878E-04   4.8387571412E-06   7.4639204548E-04
   36      1.9203105573E-04   9.3860948539E-06  -6.0409889984E-05  -3.6934796445E-06  -1.0654307386E-04
   37      4.3010228512E-04   2.4357324663E-04  -8.8413436293E-05  -3.2963218817E-05   5.5065319901E-05
   38      1.2662313576E-04  -7.4041956600E-05   5.8693158565E-05  -1.7269074477E-04  -5.5458442980E-05
   39     -2.8327172348E-04  -5.7084340209E-04   2.7162326545E-04   1.5589863771E-04  -4.5984389962E-05
   40      2.1762823546E-04  -4.1551934584E-04   2.9449417194E-04  -7.8979339305E-05   1.2077944733E-05
   41      1.7229515216E-04   6.2774492474E-04   2.0098035573E-04   1.1690569078E-04   3.6098375400E-04
   42      1.8932081412E-04   2.1170871045E-04   1.0098792588E-04   4.3248253473E-06  -1.9037514682E-04
   43      7.8553300020E-05   2.7913949434E-05   8.1356348363E-06   7.6168543554E-04   5.3304000118E-06
   44     -1.3212616655E-04   1.8209037096E-04  -2.2842050579E-03   1.2435370954E-05  -7.4973108958E-04
                   30                 31                 32                 33                 34        
    0     -5.6408240880E-03   3.6784145875E-04  -1.9542103144E-03   1.5026571109E-04   3.5616000159E-04
    1     -1.5397072054E-03   1.1316294459E-03   1.0047144753E-04   5.7429777184E-04   6.6709584803E-04
    2     -3.4104185389E-03   7.2192098076E-04  -7.9080149594E-04  -1.7399255888E-04  -2.6333904095E-04
    3     -1.6382997077E-02  -3.0865665650E-05  -5.8995185977E-03  -1.7371728799E-03   1.1571265155E-03
    4      2.7050931057E-02  -2.2495459261E-03   1.0255441994E-02   2.9190796064E-03   1.9333716844E-03
    5      1.2126576976E-02  -2.5809371057E-04   2.0767483181E-03   1.4604576260E-02   2.4646673966E-02
    6     -1.0583191658E-01   1.0200478426E-01   4.0930461080E-02   4.0801313775E-04   7.1476943848E-04
    7      1.0026221611E-01  -2.2063740823E-01  -6.8857204895E-02   4.9169260325E-04   7.3651946543E-04
    8      3.9240840373E-02  -6.8222550871E-02  -7.2343189543E-02   1.5711966304E-04  -8.0347189029E-05
    9      1.3528143774E-03  -7.1574093039E-04   4.9542865102E-04  -4.7260894302E-02  -1.1723825023E-03
   10      1.5036595269E-03   8.2807639559E-04   2.4646276430E-04  -1.3842197807E-03  -4.7247094138E-02
   11      4.5814459158E-04   2.4951263353E-04  -1.0480659652E-04   2.0457053335E-02   6.1013958363E-03
   12      2.2197164672E-03  -2.5114442407E-04   3.2615154503E-04  -7.6560886596E-04  -3.7794809936E-03
   13     -1.0141587025E-03   3.8597570359E-04   1.9264878805E-04  -3.7944429651E-03  -4.3573669340E-03
   14      9.4176704152E-04   5.4295380263E-04   1.0925182153E-03   3.7675906965E-03   6.1193008382E-03
   15      1.3495403653E-04  -1.9016475034E-04   6.3248913168E-06  -1.8586460993E-04  -3.5474966600E-05
   16     -1.2163236243E-05   4.3406870547E-04  -2.4041261731E-04   1.1234351120E-04   3.8990430203E-04
   17     -1.4786627369E-04  -1.2217723922E-04  -7.7234076824E-05  -3.7091217919E-05  -2.3137865081E-04
   18      1.7750558961E-04  -1.5278746422E-04  -2.0583649830E-04   3.9609537592E-04   1.7936844709E-05
   19     -3.2600980138E-04  -2.4353237361E-05   9.5637413394E-05  -2.2750447719E-05  -1.0668025151E-03
   20     -1.0109057702E-08  -6.6544080912E-05   2.7976838127E-04  -1.4492826580E-04  -2.2977930693E-04
   21     -1.1675998212E-03   2.9393086257E-04  -5.6648155952E-04   5.5169865336E-06  -8.3029499970E-07
   22      1.8964138450E-03   2.0506042565E-04   4.1449554108E-04   3.4111494622E-06  -1.0703872809E-04
   23      3.3720846218E-04  -1.7631801964E-04   6.2903690973E-04  -1.5971811532E-04   1.4669161792E-05
   24      7.7910529676E-03   1.2908601947E-02  -5.8995114031E-03   1.8048796882E-04   3.2579851618E-04
   25     -1.3021345139E-02  -1.8880057137E-02   8.9990246107E-03   1.5456094473E-04  -2.6576209781E-05
   26     -6.0222509046E-03  -9.0894678970E-03   2.7759499005E-03  -2.0400384919E-04  -9.6331789028E-05
   27     -7.5423340307E-04  -1.6326890473E-03   1.5404461171E-02  -5.7453052377E-04  -4.8525899912E-04
   28     -1.0035849359E-03   9.4813566587E-04  -2.6302130155E-02  -5.3820300520E-04   4.8220287268E-05
   29     -3.9371011074E-04   1.1860627255E-03  -8.5193113850E-03  -2.3562685607E-04  -2.5944208363E-04
   30      1.1781598597E-01  -1.1231195096E-01  -4.3137164650E-02  -8.9208469745E-05  -6.6503371272E-05
   31     -1.1231195096E-01   2.3726523535E-01   7.5058696791E-02  -1.3485663258E-05  -1.2529827668E-05
   32     -4.3137164650E-02   7.5058696791E-02   7.4663412811E-02   1.1629552575E-04  -1.1535175799E-04
   33     -8.9208469745E-05  -1.3485663258E-05   1.1629552575E-04   4.8231863424E-02   2.5023047939E-03
   34     -6.6503371272E-05  -1.2529827668E-05  -1.1535175799E-04   2.5023047939E-03   4.8507780053E-02
   35     -1.4113706804E-05   1.2865789382E-04  -4.9401596310E-05  -2.4195886183E-02  -9.1250285385E-03
   36     -3.4712485135E-04  -9.0988058925E-05   2.0481089401E-04  -1.8868771934E-03   8.2018500907E-04
   37     -1.1196950492E-03   4.1480001302E-04  -1.9076741294E-05  -1.8595675526E-03   1.8958705908E-03
   38     -1.3360447274E-04  -1.8770560218E-04   2.6371097856E-04   1.5519819461E-02  -2.5995371184E-02
   39      4.9295487258E-04   1.6649413820E-05  -1.3751131850E-05   3.5262700071E-03   1.2238608035E-04
   40     -1.8522588309E-04   1.1191391499E-04   1.8620690371E-04   1.1909571605E-03  -1.3830780836E-03
   41     -1.6957733989E-04   1.2123240331E-04  -7.8652105813E-05  -2.9705253867E-02   1.2529447680E-04
   42      2.2892001608E-04  -1.9032867358E-04   2.1030501805E-04  -3.9835576648E-04  -4.7620860893E-04
   43     -1.2453855708E-04   7.8998734340E-05  -3.1222728886E-05  -3.3650558967E-04   2.1724205166E-05
   44      3.0641403956E-04   1.3013283155E-04   1.8225128529E-04   2.2572161422E-04  -5.9046508993E-04
                   35                 36                 37                 38                 39        
    0     -1.8918716747E-04  -1.2022840665E-03  -4.6203926061E-03   6.7697536563E-04   4.9634900139E-04
    1     -6.6078146542E-04  -2.4608131091E-03  -3.8690934413E-03   1.4228792096E-03   1.2593775185E-03
    2     -7.6987013357E-05   8.9528013996E-04   2.7989729967E-03  -3.7586268594E-04   2.1513281092E-04
    3     -1.0302282517E-03   6.8962734519E-03   1.5079672115E-02  -4.5881745457E-03  -1.8071502571E-02
    4     -2.9104883344E-03  -1.3645617306E-02  -2.4353064917E-02   7.9983401752E-03   1.2064404034E-03
    5     -1.0849504582E-02  -5.6379113095E-03  -1.0678472339E-02   8.0174285211E-04  -8.6161746254E-03
    6     -5.3856348869E-04   1.3987122621E-03   1.6500376140E-03  -2.3728830965E-04  -3.4199022445E-04
    7     -5.1212702536E-04  -6.4323237184E-04   9.2004365739E-04  -2.7880178291E-04  -4.1684230735E-03
    8     -1.0530096538E-04  -3.1372488934E-04  -9.4774818011E-05  -1.3747004198E-04   2.3373100707E-03
    9      2.1366155487E-02  -1.1055347593E-01   1.0393400337E-01   3.9978791116E-02  -2.6067688372E-01
   10      7.8921866621E-03   1.0554434789E-01  -2.1681875839E-01  -6.7201174630E-02   1.8501382759E-03
   11     -3.0235805468E-01   4.0279509921E-02  -6.5415838106E-02  -7.1224336378E-02  -9.3870410340E-02
   12      1.9291666731E-03   3.6191284634E-04   1.5824170346E-04  -5.5663263168E-04   2.1966252875E-03
   13      3.9544322246E-03   6.5509797671E-04   3.4099909492E-03  -3.7446379458E-04   1.1487128095E-03
   14     -5.5764555122E-04  -1.5790706489E-03  -3.4873499955E-04   1.1840225249E-03   3.8270360661E-04
   15      1.2684276896E-05   8.3386337859E-04   8.8481019511E-04  -1.6780652317E-05   2.5245953419E-04
   16      2.4868532985E-05  -8.9689842053E-04  -1.7515918151E-03   4.7439397892E-04   7.2980839737E-05
   17      3.2619577417E-04  -2.4081449104E-05  -4.8913604295E-04   6.4859063814E-04   2.4261137599E-04
   18     -1.4405471093E-04  -1.8692150239E-04  -1.0963702829E-04  -3.7122827752E-05   4.2753583370E-06
   19      2.1792568201E-04   3.7617587489E-05   3.9075332027E-04   2.3092500060E-04  -2.9628251775E-06
   20      8.5920074823E-04   1.2397451609E-05  -2.3683677934E-05   3.2740101460E-04   1.5727775439E-04
   21      1.5830907032E-04   2.5033184610E-04  -7.3521815245E-05   2.4101253727E-04   9.0343699779E-04
   22      6.4857873064E-05  -2.7056852687E-04   3.2424211430E-04  -1.4966341893E-04  -5.0811950000E-04
   23     -2.9255488758E-05   2.1367968245E-04   1.1477004288E-04  -3.3475251074E-05  -4.7886516964E-06
   24      1.6812064373E-06   1.3539146736E-04   1.3813636096E-05  -1.4728151253E-04  -1.1778830955E-03
   25      6.4111215370E-05   1.9203105573E-04   4.3010228512E-04   1.2662313576E-04  -2.8327172348E-04
   26      2.8033162821E-04   9.3860948539E-06   2.4357324663E-04  -7.4041956600E-05  -5.7084340209E-04
   27      2.3617596878E-04  -6.0409889984E-05  -8.8413436293E-05   5.8693158565E-05   2.7162326545E-04
   28      4.8387571412E-06  -3.6934796445E-06  -3.2963218817E-05  -1.7269074477E-04   1.5589863771E-04
   29      7.4639204548E-04  -1.0654307386E-04   5.5065319901E-05  -5.5458442980E-05  -4.5984389962E-05
   30     -1.4113706804E-05  -3.4712485135E-04  -1.1196950492E-03  -1.3360447274E-04   4.9295487258E-04
   31      1.2865789382E-04  -9.0988058925E-05   4.1480001302E-04  -1.8770560218E-04   1.6649413820E-05
   32     -4.9401596310E-05   2.0481089401E-04  -1.9076741294E-05   2.6371097856E-04  -1.3751131850E-05
   33     -2.4195886183E-02  -1.8868771934E-03  -1.8595675526E-03   1.5519819461E-02   3.5262700071E-03
   34     -9.1250285385E-03   8.2018500907E-04   1.8958705908E-03  -2.5995371184E-02   1.2238608035E-04
   35      3.3031418037E-01  -2.0897047225E-04   1.2629672279E-03  -8.1672677865E-03   2.1811645190E-03
   36     -2.0897047225E-04   1.1749092968E-01  -1.1260438673E-01  -4.4079870742E-02  -1.2944993659E-02
   37      1.2629672279E-03  -1.1260438673E-01   2.3892343498E-01   7.2083802973E-02  -1.3245819262E-03
   38     -8.1672677865E-03  -4.4079870742E-02   7.2083802973E-02   7.3423775664E-02  -6.4087818860E-03
   39      2.1811645190E-03  -1.2944993659E-02  -1.3245819262E-03  -6.4087818860E-03   2.8546977112E-01
   40      2.0033528077E-04   2.3096979000E-02   6.1662193240E-04   1.1753680982E-02   1.5175979415E-03
   41     -1.0977993513E-02   1.0068312794E-02   5.4460662459E-04   3.4301102466E-03   1.0268325836E-01
   42      4.4399113683E-04  -1.8532784257E-04   7.0800548217E-05  -2.6542285032E-04  -4.0051217483E-04
   43     -6.2725563478E-04   2.7875644231E-04  -5.0038806350E-04   2.5407222736E-04  -1.0835652520E-03
   44      6.4511060774E-04   2.6246439846E-04  -1.8888231976E-05  -1.1441376060E-05   1.3390980774E-03
                   40                 41                 42                 43                 44        
    0     -9.7184033526E-04  -4.5123284125E-05   2.2616473501E-03  -1.9317006891E-03  -9.8012252243E-04
    1      1.7331604033E-03  -4.2230874914E-04  -7.4146104496E-04   3.4235833888E-04  -3.5668502701E-04
    2     -3.6866350986E-04  -1.6917891229E-04   2.1046815327E-03  -1.2484979413E-04   1.2793824036E-03
    3     -2.6056536297E-02   8.8786605070E-03  -1.1542401142E-03   1.4782756379E-04  -4.2643617832E-02
    4     -8.7343582985E-04   4.6898656380E-04  -7.8065085598E-06  -1.1989367330E-03   2.0055288446E-04
    5     -1.2054036263E-02   7.2087985450E-04   5.2977440661E-03   2.9253864456E-05  -2.0823908102E-02
    6     -1.9867194316E-03   1.1467935044E-03   1.6532843805E-03  -1.3211168898E-05   2.0958069987E-03
    7     -4.6329049166E-03   1.0645843748E-03  -8.0529972275E-06  -2.8230987148E-04   1.7588522928E-05
    8      2.1856508914E-03  -1.8599473832E-04  -1.1213834764E-03   2.8788216203E-05  -8.4211378811E-03
    9      2.5495213954E-03  -9.3913605789E-02   2.2735651481E-03   1.9207083984E-03  -9.5914384179E-04
   10     -4.6136250735E-02   4.3647336629E-04   7.1692739729E-04   3.1767680171E-04   3.5617641864E-04
   11      1.5258822512E-03  -8.6168326488E-02   2.1030743550E-03   1.1240101810E-04   1.2789651522E-03
   12      1.3561877931E-03   7.7361576145E-04  -4.4070390165E-01   1.7604649883E-03  -1.2320125700E-01
   13      1.0805965590E-03  -6.1198751706E-04   1.9568223754E-03  -4.1039448719E-03   7.0662272122E-04
