
$orca_hessian_file

$act_atom
  0

$act_coord
  0

$act_energy
        0.000000

$multiplicity
  1

$hessian
45
                    0                  1                  2                  3                  4        
    0      5.3940323997E-01   4.9449230723E-02   1.2841664424E-02  -1.0110587126E-01   3.9874734587E-02
    1      4.9449230723E-02   4.9267522419E-01  -3.0791254272E-02   3.8966394682E-02  -1.4624083301E-01
    2      1.2841664424E-02  -3.0791254272E-02   5.5810983085E-01   4.8550775025E-03  -1.3388244306E-02
    3     -1.0110587126E-01   3.8966394682E-02   4.8550775025E-03   5.2546186115E-01   5.5257051266E-05
    4      3.9874734587E-02  -1.4624083301E-01  -1.3388244306E-02   5.5257051266E-05   4.8995897661E-01
    5      1.1259700467E-02  -1.9328911370E-02  -7.2905788611E-02   2.0442989098E-02   2.9416626976E-05
    6     -2.4232148842E-02   6.4534387423E-03  -4.7580422069E-03  -1.7306453828E-01  -9.4790984538E-05
    7      2.9541753237E-02  -2.9551774351E-03   9.4817982153E-03  -9.7317074703E-05  -7.7136731894E-02
    8      6.9572718777E-03   1.2864891254E-03   6.0033475302E-03  -2.4045910858E-02  -2.5494056090E-05
    9      7.6746529024E-03   1.2794619444E-02  -4.7071717181E-03  -1.0093864810E-01  -3.9789576808E-02
   10     -1.2701711018E-02  -3.4721606958E-02   5.9540509409E-03  -3.8877614465E-02  -1.4643567752E-01
   11     -4.7039692213E-03  -5.9932927669E-03   6.8605051488E-03   4.8057958264E-03   1.3362792152E-02
   12     -1.2097544197E-03   1.9078669812E-03   2.2593507033E-02  -9.5398918218E-02  -4.7463675138E-05
   13      3.9578034061E-03   8.7230990789E-04  -3.3541549351E-02  -5.6562901727E-05  -6.4696408377E-02
   14      4.6568954695E-03  -5.5760443882E-03  -3.8596259865E-02   3.6982854122E-02   7.8733487812E-05
   15     -2.6383041833E-01  -1.9888537797E-03  -8.9516396261E-02  -1.7703237541E-02  -1.4117042119E-03
   16     -2.5193480341E-03  -4.6193679940E-02  -1.5875897213E-03   2.6164179858E-02  -7.4891673892E-04
   17     -8.9365293505E-02  -6.1162549089E-04  -8.2122460416E-02   9.0941147776E-03  -2.6183464591E-04
   18     -1.0881486869E-01  -1.0441172310E-01   4.2539769863E-02   6.5776846199E-03   1.3535665293E-02
   19     -1.0293010318E-01  -2.1656593830E-01   6.9895551640E-02  -1.4852513172E-02  -2.4646175531E-02
   20      4.2288289632E-02   7.1777986922E-02  -7.4503908926E-02  -4.4318389413E-03  -8.1185807242E-03
   21     -4.6358648372E-02   1.4252248581E-03   1.6157451835E-02  -1.4271178617E-03  -2.9684168873E-03
   22      1.2826776647E-03  -4.7692437585E-02  -8.9687998187E-03  -1.9055516196E-03   2.0986348544E-03
   23      1.7132302309E-02  -1.0478414469E-02  -3.0265373374E-01  -1.2306026391E-03   3.1040264084E-03
   24      1.3881488436E-03  -1.4764369791E-03   4.7551929563E-04  -1.6755304560E-02  -2.7275206403E-02
   25      7.1714632848E-04   8.1295803359E-04  -2.4515669110E-04   4.6796302849E-05  -2.2341646951E-03
   26      4.8285778552E-04  -2.4393668696E-04  -9.4604593416E-05  -5.7905944912E-03  -9.9699268793E-03
   27      1.0225222300E-03  -2.2817166184E-04  -3.1601417642E-06   4.2491099015E-03   7.1149554881E-06
   28     -3.1694728360E-07  -4.7147955007E-05   2.2070803531E-04   6.7500145977E-06  -2.9635605595E-03
   29      7.4999571088E-04  -1.8573191145E-04  -8.6863296942E-05   4.7854284353E-03   5.8189901662E-06
   30     -5.6850399663E-03  -1.5533842180E-03  -3.3725288195E-03  -1.6809443013E-02   2.7243231440E-02
   31      3.9033972278E-04   1.1432523784E-03   7.1474446752E-04  -7.8334951811E-05  -2.1774037227E-03
   32     -1.9218848829E-03   9.5685930574E-05  -8.1017749977E-04  -5.8081784108E-03   9.9586735197E-03
   33      5.0647855930E-04   1.2653123376E-03   2.1355687499E-04  -1.7650116449E-02   1.3824592662E-03
   34     -1.0319240844E-03   1.7684015210E-03  -3.6278029646E-04  -2.6210424779E-02  -7.9092217894E-04
   35     -5.1152515595E-05  -4.4071677187E-04  -1.6446669830E-04   9.0768154163E-03   2.7607853135E-04
   36      1.2064223513E-04   5.1296557843E-04  -1.8817625049E-04  -1.4326618392E-03   2.9483753929E-03
   37      3.5993493763E-04   6.5201636697E-04  -3.8717488663E-04   1.9082074516E-03   2.0912106667E-03
   38     -1.6910078257E-04  -5.5440065194E-04  -6.1962875491E-05  -1.2241237024E-03  -3.0971762568E-03
   39     -1.1609551934E-03  -2.3749688628E-03   8.9986884068E-04   6.5716293483E-03  -1.3461892186E-02
   40     -4.5768936974E-03  -3.8943544623E-03   2.9071365700E-03   1.4917153138E-02  -2.4643543907E-02
   41      6.4996255375E-04   1.5217972132E-03  -3.8912071047E-04  -4.4370849419E-03   8.0938209204E-03
   42      2.2820203288E-03  -6.9268865172E-04   2.0271769065E-03  -5.7442789993E-04   3.6419853824E-06
   43     -1.8621497334E-03   3.8701324833E-04  -1.7783480388E-05   1.2151651410E-05  -1.4344840035E-03
   44     -8.6565650077E-04  -3.6128745660E-04   1.4156636987E-03  -4.2995325169E-02  -5.3356058619E-05
                    5                  6                  7                  8                  9        
    0      1.1259700467E-02  -2.4232148842E-02   2.9541753237E-02   6.9572718777E-03   7.6746529024E-03
    1     -1.9328911370E-02   6.4534387423E-03  -2.9551774351E-03   1.2864891254E-03   1.2794619444E-02
    2     -7.2905788611E-02  -4.7580422069E-03   9.4817982153E-03   6.0033475302E-03  -4.7071717181E-03
    3      2.0442989098E-02  -1.7306453828E-01  -9.7317074703E-05  -2.4045910858E-02  -1.0093864810E-01
    4      2.9416626976E-05  -9.4790984538E-05  -7.7136731894E-02  -2.5494056090E-05  -3.9789576808E-02
    5      4.3230676849E-01  -3.5240549212E-02  -3.6980136101E-05  -7.8506222668E-02   1.1201586953E-02
    6     -3.5240549212E-02   4.7609582999E-01  -1.0605014573E-04  -3.5576375038E-02  -2.4154354281E-02
    7     -3.6980136101E-05  -1.0605014573E-04   5.7464244280E-01  -3.9062958321E-05  -2.9590004459E-02
    8     -7.8506222668E-02  -3.5576375038E-02  -3.9062958321E-05   5.6621673948E-01   6.9493013412E-03
    9      1.1201586953E-02  -2.4154354281E-02  -2.9590004459E-02   6.9493013412E-03   5.3961160294E-01
   10      1.9318233652E-02  -6.4944635432E-03  -3.0257264888E-03  -1.2763615384E-03  -4.9349319872E-02
   11     -7.2896679967E-02  -4.7389994127E-03  -9.4941648577E-03   5.9973455972E-03   1.2730812712E-02
   12     -9.8306378567E-03  -9.7628916786E-04   5.6477598197E-06  -4.2399808027E-02  -1.1946143141E-03
   13      1.5048804023E-05  -2.9301973774E-06   2.1434891661E-03  -4.1240056956E-05  -3.9620892719E-03
   14     -1.6114301590E-01  -7.2945714963E-03  -1.0402557789E-06  -3.5355100546E-02   4.6364284429E-03
   15     -8.3002132404E-03  -2.6692356325E-04   4.1087475075E-03   2.3509895512E-03   5.0586029940E-04
   16      1.1744178555E-02   1.9878328017E-03  -4.6637556642E-03  -2.2223442302E-03   1.0294838802E-03
   17      7.6601828664E-04   1.1060855604E-03  -1.0762391109E-03  -2.0034864557E-04  -5.1858151104E-05
   18     -5.7790724335E-03   1.3838337073E-03   6.1038157593E-04  -3.2308753606E-04  -1.1768288925E-03
   19      1.1072983066E-02  -1.6190231871E-03   8.9582054983E-04   1.0776175988E-04   4.5815266391E-03
   20      1.0143434776E-03  -2.4506390420E-04   2.8018659685E-04  -1.5646781148E-04   6.5561200748E-04
   21      1.4273535598E-02   4.1604025287E-04  -4.8391500285E-04   1.8109744839E-04   1.2355901480E-04
   22     -2.4448536361E-02  -7.2681200425E-04   7.9619991903E-04   6.9842092266E-05  -3.6084600947E-04
   23     -1.0476763739E-02  -5.5713558198E-04   5.4489903042E-04  -9.5131275893E-05  -1.7107153869E-04
   24      1.2035741740E-02  -1.0520638797E-01  -1.0067986530E-01   4.0247283209E-02  -5.6871963653E-03
   25      3.3607523795E-04  -1.0240237681E-01  -2.2130099738E-01   7.0111878610E-02  -4.0567410603E-04
   26      2.0213611075E-03   4.2064220656E-02   7.0987344551E-02  -7.3789325726E-02  -1.9234932499E-03
   27     -2.8243379455E-02  -4.7594373488E-02  -2.3894783834E-06   4.2000129639E-03   1.0219514669E-03
   28     -2.8595169143E-05  -2.2941313682E-06  -4.5306995833E-02  -1.4289514622E-07   3.6359505953E-06
   29     -1.1990290668E-02   7.2107047033E-04  -1.6198013262E-06  -3.0742257833E-01   7.4792598976E-04
   30      1.2039614663E-02  -1.0562260721E-01   1.0091700947E-01   4.0387089815E-02   1.3869080491E-03
   31     -3.1347123285E-04   1.0263915810E-01  -2.2088199833E-01  -7.0025097899E-02  -7.1716655805E-04
   32      2.0215404704E-03   4.2204144634E-02  -7.0895862587E-02  -7.3788970491E-02   4.8170280049E-04
   33     -8.2693608766E-03  -2.5335025785E-04  -4.0990718212E-03   2.3447278177E-03  -2.6389858181E-01
   34     -1.1754274689E-02  -1.9792177541E-03  -4.6791392298E-03   2.2261978783E-03   2.1486575783E-03
   35      7.5679295001E-04   1.1020697177E-03   1.0749131556E-03  -1.9727780899E-04  -8.9291975324E-02
   36      1.4223624108E-02   4.1402022594E-04   4.8235882036E-04   1.8113583108E-04  -4.6337732690E-02
   37      2.4487603619E-02   7.2623901264E-04   8.0036408790E-04  -6.8449896376E-05  -1.2908074940E-03
   38     -1.0463019091E-02  -5.5568097510E-04  -5.4649880148E-04  -9.4426262713E-05   1.7016130440E-02
   39     -5.7688948910E-03   1.3821975355E-03  -6.0900378653E-04  -3.2383977026E-04  -1.0921506413E-01
   40     -1.1109266755E-02   1.6199153692E-03   8.9765264120E-04  -1.0730052279E-04   1.0308996982E-01
   41      1.0144776794E-03  -2.4316561188E-04  -2.8027416845E-04  -1.5776515581E-04   4.2533950291E-02
   42      5.8758993127E-03   1.6790513516E-03   1.9902476405E-06  -1.2501204511E-03   2.2784859119E-03
   43      2.1748441673E-05   1.1031808928E-06  -2.2544691541E-04   1.8703385566E-06   1.8667225716E-03
   44     -2.1519521813E-02   2.1322242268E-03   4.0553776713E-06  -8.4538178846E-03  -8.6571080687E-04
                   10                 11                 12                 13                 14        
    0     -1.2701711018E-02  -4.7039692213E-03  -1.2097544197E-03   3.9578034061E-03   4.6568954695E-03
    1     -3.4721606958E-02  -5.9932927669E-03   1.9078669812E-03   8.7230990789E-04  -5.5760443882E-03
    2      5.9540509409E-03   6.8605051488E-03   2.2593507033E-02  -3.3541549351E-02  -3.8596259865E-02
    3     -3.8877614465E-02   4.8057958264E-03  -9.5398918218E-02  -5.6562901727E-05   3.6982854122E-02
    4     -1.4643567752E-01   1.3362792152E-02  -4.7463675138E-05  -6.4696408377E-02   7.8733487812E-05
    5      1.9318233652E-02  -7.2896679967E-02  -9.8306378567E-03   1.5048804023E-05  -1.6114301590E-01
    6     -6.4944635432E-03  -4.7389994127E-03  -9.7628916786E-04  -2.9301973774E-06  -7.2945714963E-03
    7     -3.0257264888E-03  -9.4941648577E-03   5.6477598197E-06   2.1434891661E-03  -1.0402557789E-06
    8     -1.2763615384E-03   5.9973455972E-03  -4.2399808027E-02  -4.1240056956E-05  -3.5355100546E-02
    9     -4.9349319872E-02   1.2730812712E-02  -1.1946143141E-03  -3.9620892719E-03   4.6364284429E-03
   10      4.9241939115E-01   3.0768887274E-02  -1.9250349876E-03   8.3127669539E-04   5.6111027042E-03
   11      3.0768887274E-02   5.5815989499E-01   2.2519794559E-02   3.3615825286E-02  -3.8573438831E-02
   12     -1.9250349876E-03   2.2519794559E-02   5.3931266226E-01   6.5519682125E-04   1.4078500129E-01
   13      8.3127669539E-04   3.3615825286E-02   6.5519682125E-04   6.1712847616E-02   1.2165731621E-04
   14      5.6111027042E-03  -3.8573438831E-02   1.4078500129E-01   1.2165731621E-04   3.7233672208E-01
   15     -1.2676730882E-03   2.1291783312E-04   2.1170348824E-03  -1.0155087580E-03   5.2141366028E-04
   16      1.7672978121E-03   3.6450331655E-04  -1.4442779446E-03   1.0789670422E-03   2.2419167220E-03
   17      4.4179118155E-04  -1.6474462384E-04   5.5943095659E-04   6.7493299988E-04   2.0691979538E-03
   18      2.3812205237E-03   9.0804404089E-04   3.8792570521E-04  -6.5727704240E-04  -1.6248150114E-03
   19     -3.8760985157E-03  -2.9079886885E-03  -2.2998705794E-04   3.5515346425E-03   4.0544406160E-04
   20     -1.5219693356E-03  -3.9107878397E-04  -6.0498369713E-04   3.1730451140E-04   1.2399117516E-03
   21     -5.1438297420E-04  -1.8866856533E-04  -8.5364832573E-04   3.8833838434E-03   3.8614680574E-03
   22      6.4959997195E-04   3.8726187149E-04   3.8315305302E-03  -4.3754112004E-03  -6.0823827303E-03
   23      5.5507820238E-04  -6.0536824566E-05   1.8692437692E-03  -3.9328283732E-03  -5.4720558647E-04
   24      1.5408379695E-03  -3.3688763340E-03   2.2420923821E-03   1.0191361294E-03   1.0607660387E-03
   25      1.1464325580E-03  -7.2103437537E-04   2.9104799752E-04   4.0779744670E-04  -5.4862110046E-04
   26     -9.8913350689E-05  -8.1165495514E-04   1.7119887050E-04  -2.5389027640E-04   1.0466358190E-03
   27      2.3100292596E-04  -2.1145144039E-06  -6.9120063038E-03  -8.2361041610E-06  -4.3556229304E-03
   28     -4.7388331884E-05  -2.2124879913E-04  -6.5006128710E-06   5.3156755243E-04  -3.4334933511E-06
   29      1.8747845131E-04  -8.7541932287E-05  -4.0726783944E-03  -5.6144189476E-06  -4.4178430838E-04
   30      1.4767010635E-03   4.7611607396E-04   2.2442569137E-03  -1.0158498074E-03   1.0583821423E-03
   31      8.1449021623E-04   2.4600339305E-04  -2.8672829543E-04   4.0462710277E-04   5.5171841875E-04
   32      2.4563042386E-04  -9.3188640954E-05   1.7151790463E-04   2.5338578122E-04   1.0472288511E-03
   33      1.6168688578E-03  -8.9448364613E-02   2.1103385748E-03   1.0163862158E-03   5.2710493100E-04
   34     -4.6188400982E-02   1.4338798807E-03   1.4449320921E-03   1.0845377691E-03  -2.2412631420E-03
   35      4.5903993588E-04  -8.2056729842E-02   5.6094666947E-04  -6.7327328567E-04   2.0666484371E-03
   36     -1.4320681412E-03   1.6043651368E-02  -8.3834808671E-04  -3.8796789240E-03   3.8475758081E-03
   37     -4.7714309722E-02   9.2164734327E-03  -3.8243891499E-03  -4.3969455071E-03   6.0872889160E-03
   38      1.0727222228E-02  -3.0265014626E-01   1.8572791154E-03   3.9330167234E-03  -5.4071665112E-04
   39      1.0457173461E-01   4.2782972505E-02   3.8635529984E-04   6.5044026640E-04  -1.6238003076E-03
   40     -2.1601499159E-01  -6.9961960149E-02   2.2445105681E-04   3.5566870974E-03  -4.0859334397E-04
   41     -7.1847188289E-02  -7.4650540275E-02  -6.0409726101E-04  -3.1523090298E-04   1.2402024804E-03
   42      6.9477083663E-04   2.0287175530E-03  -4.4141708719E-01  -5.8966907683E-04  -1.8310124286E-01
   43      3.9571169537E-04   2.0134424108E-05  -5.9083611399E-04  -2.7068769536E-03  -2.3692837871E-04
   44      3.5984612580E-04   1.4185352011E-03  -1.3351355229E-01  -1.6709955111E-04  -1.0584902569E-01
                   15                 16                 17                 18                 19        
    0     -2.6383041833E-01  -2.5193480341E-03  -8.9365293505E-02  -1.0881486869E-01  -1.0293010318E-01
    1     -1.9888537797E-03  -4.6193679940E-02  -6.1162549089E-04  -1.0441172310E-01  -2.1656593830E-01
    2     -8.9516396261E-02  -1.5875897213E-03  -8.2122460416E-02   4.2539769863E-02   6.9895551640E-02
    3     -1.7703237541E-02   2.6164179858E-02   9.0941147776E-03   6.5776846199E-03  -1.4852513172E-02
    4     -1.4117042119E-03  -7.4891673892E-04  -2.6183464591E-04   1.3535665293E-02  -2.4646175531E-02
    5     -8.3002132404E-03   1.1744178555E-02   7.6601828664E-04  -5.7790724335E-03   1.1072983066E-02
    6     -2.6692356325E-04   1.9878328017E-03   1.1060855604E-03   1.3838337073E-03  -1.6190231871E-03
    7      4.1087475075E-03  -4.6637556642E-03  -1.0762391109E-03   6.1038157593E-04   8.9582054983E-04
    8      2.3509895512E-03  -2.2223442302E-03  -2.0034864557E-04  -3.2308753606E-04   1.0776175988E-04
    9      5.0586029940E-04   1.0294838802E-03  -5.1858151104E-05  -1.1768288925E-03   4.5815266391E-03
   10     -1.2676730882E-03   1.7672978121E-03   4.4179118155E-04   2.3812205237E-03  -3.8760985157E-03
   11      2.1291783312E-04   3.6450331655E-04  -1.6474462384E-04   9.0804404089E-04  -2.9079886885E-03
   12      2.1170348824E-03  -1.4442779446E-03   5.5943095659E-04   3.8792570521E-04  -2.2998705794E-04
   13     -1.0155087580E-03   1.0789670422E-03   6.7493299988E-04  -6.5727704240E-04   3.5515346425E-03
   14      5.2141366028E-04   2.2419167220E-03   2.0691979538E-03  -1.6248150114E-03   4.0544406160E-04
   15      2.8901837663E-01  -1.0685955932E-03   9.8050652149E-02  -1.2986172660E-02   1.2270671922E-03
   16     -1.0685955932E-03   4.9525414252E-02   2.0371239610E-03  -2.3353306362E-02   4.9674340163E-04
   17      9.8050652149E-02   2.0371239610E-03   8.6056978622E-02   1.0621555441E-02  -5.5152254488E-04
   18     -1.2986172660E-02  -2.3353306362E-02   1.0621555441E-02   1.1573157860E-01   1.1138670843E-01
   19      1.2270671922E-03   4.9674340163E-04  -5.5152254488E-04   1.1138670843E-01   2.3873902304E-01
   20     -6.1396826145E-03  -1.1276649763E-02   3.4807434751E-03  -4.6509299504E-02  -7.6699035869E-02
   21      2.7998913113E-03  -1.4404341733E-03  -3.0092854652E-02  -1.5655789266E-03   2.0362092913E-03
   22     -1.2413592533E-04  -1.2922996718E-03  -2.3690223003E-04  -1.8312203994E-04   2.1980717428E-03
   23      1.7943364424E-03  -2.4047121781E-04  -1.0660650154E-02  -4.2441508534E-04  -1.4626337737E-03
   24      4.9878620809E-04   1.7292354310E-04  -1.7595971766E-04  -3.5231318621E-04   1.1104342425E-03
   25     -1.9464721357E-05   1.1087242922E-04  -1.2227918354E-04   9.0342139637E-05   4.1494312724E-04
   26     -1.7195090002E-05  -1.8939458425E-04  -7.9415966322E-05   2.0363674521E-04   1.3081970843E-05
   27      2.6042933565E-04  -2.8411108417E-04   2.0775955856E-04  -6.2906647265E-05   8.4540181299E-05
   28     -1.5265317736E-04  -7.4301085044E-05  -1.2240385417E-04   1.3588037930E-05  -2.3271825469E-05
   29     -4.7499853596E-05  -1.3896229203E-06   3.6119811420E-04  -9.7465402318E-05  -6.3274608092E-05
   30     -1.1736597700E-03   1.9139714043E-03   3.2877472722E-04   1.2424863696E-04  -8.1033119993E-06
   31      2.8977349818E-04   1.9929409697E-04  -1.7695673553E-04  -2.0429200455E-04   4.2196088595E-04
   32     -5.5015068326E-04   4.1421423908E-04   6.2948218069E-04   1.5954624123E-05  -2.4315424885E-04
   33      9.1263397658E-04  -5.2617489434E-04  -1.0083334652E-05   2.6838560235E-04   8.0349729578E-05
   34      5.2899746999E-04  -5.8084173739E-04   2.7339140481E-04   2.6510812521E-04   3.3439471785E-04
   35     -9.6104926515E-06  -2.7342554299E-04   2.1165986593E-04   2.1187609697E-04  -1.1159490194E-04
   36      7.0890479428E-06   7.8224724115E-08  -1.5936868326E-04  -1.8033615319E-04   1.0376840914E-04
   37     -2.8117452706E-06  -1.0687102625E-04   1.6300557191E-05  -4.8138987544E-05   3.7515158102E-04
   38      1.5105390324E-04   6.2642801801E-05  -3.5624225722E-05   2.1115950434E-05   4.0917547071E-05
   39      2.6892296879E-04  -2.6567005126E-04   2.1156141998E-04   8.3216212225E-04  -8.6872805903E-04
   40     -8.0287904837E-05   3.3348966951E-04   1.1229500912E-04   8.7476608701E-04  -1.7819225364E-03
   41      2.3370056401E-04  -1.3519736196E-04  -3.6564638196E-05  -1.8929894272E-05   4.9910613627E-04
   42     -4.2861280046E-04  -3.8213812040E-04  -3.3589351406E-04  -1.6681384185E-04  -9.5299638670E-05
   43      9.9268978312E-04   1.4858715947E-04  -3.8872222759E-04  -3.0676717696E-04  -5.3423697608E-04
   44      1.2770610990E-03  -9.4546664188E-04  -2.7546982826E-04   2.4934507619E-04  -1.2449609755E-05
                   20                 21                 22                 23                 24        
    0      4.2288289632E-02  -4.6358648372E-02   1.2826776647E-03   1.7132302309E-02   1.3881488436E-03
    1      7.1777986922E-02   1.4252248581E-03  -4.7692437585E-02  -1.0478414469E-02  -1.4764369791E-03
    2     -7.4503908926E-02   1.6157451835E-02  -8.9687998187E-03  -3.0265373374E-01   4.7551929563E-04
    3     -4.4318389413E-03  -1.4271178617E-03  -1.9055516196E-03  -1.2306026391E-03  -1.6755304560E-02
    4     -8.1185807242E-03  -2.9684168873E-03   2.0986348544E-03   3.1040264084E-03  -2.7275206403E-02
    5      1.0143434776E-03   1.4273535598E-02  -2.4448536361E-02  -1.0476763739E-02   1.2035741740E-02
    6     -2.4506390420E-04   4.1604025287E-04  -7.2681200425E-04  -5.5713558198E-04  -1.0520638797E-01
    7      2.8018659685E-04  -4.8391500285E-04   7.9619991903E-04   5.4489903042E-04  -1.0067986530E-01
    8     -1.5646781148E-04   1.8109744839E-04   6.9842092266E-05  -9.5131275893E-05   4.0247283209E-02
    9      6.5561200748E-04   1.2355901480E-04  -3.6084600947E-04  -1.7107153869E-04  -5.6871963653E-03
   10     -1.5219693356E-03  -5.1438297420E-04   6.4959997195E-04   5.5507820238E-04   1.5408379695E-03
   11     -3.9107878397E-04  -1.8866856533E-04   3.8726187149E-04  -6.0536824566E-05  -3.3688763340E-03
   12     -6.0498369713E-04  -8.5364832573E-04   3.8315305302E-03   1.8692437692E-03   2.2420923821E-03
   13      3.1730451140E-04   3.8833838434E-03  -4.3754112004E-03  -3.9328283732E-03   1.0191361294E-03
   14      1.2399117516E-03   3.8614680574E-03  -6.0823827303E-03  -5.4720558647E-04   1.0607660387E-03
   15     -6.1396826145E-03   2.7998913113E-03  -1.2413592533E-04   1.7943364424E-03   4.9878620809E-04
   16     -1.1276649763E-02  -1.4404341733E-03  -1.2922996718E-03  -2.4047121781E-04   1.7292354310E-04
   17      3.4807434751E-03  -3.0092854652E-02  -2.3690223003E-04  -1.0660650154E-02  -1.7595971766E-04
   18     -4.6509299504E-02  -1.5655789266E-03  -1.8312203994E-04  -4.2441508534E-04  -3.5231318621E-04
   19     -7.6699035869E-02   2.0362092913E-03   2.1980717428E-03  -1.4626337737E-03   1.1104342425E-03
   20      7.6922303511E-02   1.5309333314E-02   2.5901365537E-02  -8.6043945557E-03  -1.4490771578E-04
   21      1.5309333314E-02   4.7556897226E-02  -2.5423037433E-03  -1.9110083992E-02  -9.6093694995E-05
   22      2.5901365537E-02  -2.5423037433E-03   4.8359517987E-02   1.1846333003E-02   7.4544519231E-05
   23     -8.6043945557E-03  -1.9110083992E-02   1.1846333003E-02   3.3042856837E-01  -4.2892760283E-06
   24     -1.4490771578E-04  -9.6093694995E-05   7.4544519231E-05  -4.2892760283E-06   1.1752592621E-01
   25      1.8748219912E-04  -4.7160760876E-07  -1.2742116855E-05  -1.3138241352E-04   1.1262098981E-01
   26      2.5816129724E-04   1.1394621830E-04   1.1825111085E-04  -5.2683093126E-05  -4.4108517481E-02
   27      5.5692756670E-05  -5.5849529105E-04   4.9093036747E-04   2.4343300127E-04  -6.1126959812E-04
   28      1.6493515239E-04   5.4012866533E-04   3.6480250533E-05  -1.4052282220E-05   1.3412779672E-03
   29     -4.3127039864E-05  -2.1813864802E-04   2.5981086033E-04   7.4733977315E-04  -5.1746264417E-04
   30     -1.5204968511E-04   1.8272574307E-04  -3.3903570352E-04  -7.3270768880E-06   7.6693321834E-03
   31     -1.2890719986E-04  -1.6884864232E-04  -2.1791889458E-05  -5.2945622896E-05   1.2988734177E-02
   32     -6.3506446977E-05  -1.8756000636E-04   9.3811488575E-05   2.8403006433E-04  -5.9910942923E-03
   33      2.3368567559E-04   6.7912486863E-06   2.3926485307E-06   1.5108171193E-04  -1.1685909271E-03
   34      1.3582322385E-04   5.7956471840E-07  -1.0675549528E-04  -6.2857414439E-05  -1.9172000156E-03
   35     -3.6811297637E-05  -1.5956903275E-04  -1.6766334940E-05  -3.6129631110E-05   3.2678133452E-04
   36     -2.6089591859E-05   3.8237010214E-04  -2.4155080511E-05  -1.2583908372E-04   1.8173809896E-04
   37     -2.3267394266E-04   2.7771105203E-05  -1.0271068768E-03  -2.2404067985E-04   3.3975186932E-04
   38      2.9631724883E-04  -1.2648908217E-04   2.2238896716E-04   7.9980432029E-04  -7.4383975187E-06
   39     -1.8164745155E-05  -1.8044092083E-04   4.6738686903E-05   2.1122431265E-05   1.2350481626E-04
   40     -5.0043398076E-04  -1.0508833356E-04   3.7549083645E-04  -4.0566545486E-05   7.2236170050E-06
   41      6.2961606161E-04  -2.6839985886E-05   2.3231968234E-04   2.9640947688E-04  -1.5236981707E-04
   42     -2.6474595695E-04  -4.2825150596E-04   4.7551294356E-04   4.2486692673E-04   2.4762755926E-04
   43     -2.7002526457E-04   3.1219880162E-04   1.4549273852E-05   6.1568727849E-04   1.4318181629E-04
   44     -4.2101961389E-05   2.0774917634E-04   5.9617173057E-04   6.3107659003E-04   3.0411377290E-04
                   25                 26                 27                 28                 29        
    0      7.1714632848E-04   4.8285778552E-04   1.0225222300E-03  -3.1694728360E-07   7.4999571088E-04
    1      8.1295803359E-04  -2.4393668696E-04  -2.2817166184E-04  -4.7147955007E-05  -1.8573191145E-04
    2     -2.4515669110E-04  -9.4604593416E-05  -3.1601417642E-06   2.2070803531E-04  -8.6863296942E-05
    3      4.6796302849E-05  -5.7905944912E-03   4.2491099015E-03   6.7500145977E-06   4.7854284353E-03
    4     -2.2341646951E-03  -9.9699268793E-03   7.1149554881E-06  -2.9635605595E-03   5.8189901662E-06
    5      3.3607523795E-04   2.0213611075E-03  -2.8243379455E-02  -2.8595169143E-05  -1.1990290668E-02
    6     -1.0240237681E-01   4.2064220656E-02  -4.7594373488E-02  -2.2941313682E-06   7.2107047033E-04
    7     -2.2130099738E-01   7.0987344551E-02  -2.3894783834E-06  -4.5306995833E-02  -1.6198013262E-06
    8      7.0111878610E-02  -7.3789325726E-02   4.2000129639E-03  -1.4289514622E-07  -3.0742257833E-01
    9     -4.0567410603E-04  -1.9234932499E-03   1.0219514669E-03   3.6359505953E-06   7.4792598976E-04
   10      1.1464325580E-03  -9.8913350689E-05   2.3100292596E-04  -4.7388331884E-05   1.8747845131E-04
   11     -7.2103437537E-04  -8.1165495514E-04  -2.1145144039E-06  -2.2124879913E-04  -8.7541932287E-05
   12      2.9104799752E-04   1.7119887050E-04  -6.9120063038E-03  -6.5006128710E-06  -4.0726783944E-03
   13      4.0779744670E-04  -2.5389027640E-04  -8.2361041610E-06   5.3156755243E-04  -5.6144189476E-06
   14     -5.4862110046E-04   1.0466358190E-03  -4.3556229304E-03  -3.4334933511E-06  -4.4178430838E-04
   15     -1.9464721357E-05  -1.7195090002E-05   2.6042933565E-04  -1.5265317736E-04  -4.7499853596E-05
   16      1.1087242922E-04  -1.8939458425E-04  -2.8411108417E-04  -7.4301085044E-05  -1.3896229203E-06
   17     -1.2227918354E-04  -7.9415966322E-05   2.0775955856E-04  -1.2240385417E-04   3.6119811420E-04
   18      9.0342139637E-05   2.0363674521E-04  -6.2906647265E-05   1.3588037930E-05  -9.7465402318E-05
   19      4.1494312724E-04   1.3081970843E-05   8.4540181299E-05  -2.3271825469E-05  -6.3274608092E-05
   20      1.8748219912E-04   2.5816129724E-04   5.5692756670E-05   1.6493515239E-04  -4.3127039864E-05
   21     -4.7160760876E-07   1.1394621830E-04  -5.5849529105E-04   5.4012866533E-04  -2.1813864802E-04
   22     -1.2742116855E-05   1.1825111085E-04   4.9093036747E-04   3.6480250533E-05   2.5981086033E-04
   23     -1.3138241352E-04  -5.2683093126E-05   2.4343300127E-04  -1.4052282220E-05   7.4733977315E-04
   24      1.1262098981E-01  -4.4108517481E-02  -6.1126959812E-04   1.3412779672E-03  -5.1746264417E-04
   25      2.3810517831E-01  -7.7028055662E-02   1.7038794869E-03   1.0302546996E-03  -1.2807446409E-03
   26     -7.7028055662E-02   7.6012995853E-02   1.5301886244E-02   2.6152436027E-02  -8.4992520281E-03
   27      1.7038794869E-03   1.5301886244E-02   5.0065710520E-02   3.3871678024E-06  -9.7523507031E-04
   28      1.0302546996E-03   2.6152436027E-02   3.3871678024E-06   4.5109714325E-02   2.0900601804E-06
   29     -1.2807446409E-03  -8.4992520281E-03  -9.7523507031E-04   2.0900601804E-06   3.3559176320E-01
   30     -1.2933738060E-02  -5.9721348763E-03  -6.0504355673E-04  -1.3440546651E-03  -5.1945470902E-04
   31     -1.9163440213E-02  -9.2165495481E-03  -1.7064732806E-03   1.0229581251E-03   1.2790729377E-03
   32      9.2040624431E-03   2.9544333782E-03   1.5354758261E-02  -2.6121579967E-02  -8.4990287364E-03
   33     -2.9280192215E-04  -5.4968471520E-04   2.5893104243E-04   1.5305449893E-04  -4.7884421381E-05
   34      1.9421058952E-04  -4.1622508383E-04   2.8448767622E-04  -7.3116356374E-05   8.8714922591E-07
   35      1.7751878463E-04   6.2918743041E-04   2.0789578836E-04   1.2307736264E-04   3.6097850112E-04
   36      1.6983255670E-04  -1.8683413423E-04  -5.5549247428E-04  -5.4136809590E-04  -2.1764367590E-04
   37     -2.0653507333E-05  -9.4312148352E-05  -4.9237869236E-04   3.3920644468E-05  -2.6101267633E-04
   38      5.2567940035E-05   2.8386629555E-04   2.4325228397E-04   1.4779276832E-05   7.4684027854E-04
   39      2.0383733966E-04   1.5805507595E-05  -6.2908815788E-05  -1.4146039687E-05  -9.7202674385E-05
   40      4.2201771698E-04   2.4346767945E-04  -8.4176367752E-05  -2.2872055709E-05   6.3593978224E-05
   41      1.2898729750E-04  -6.2942510169E-05   5.5798330108E-05  -1.6453316456E-04  -4.2662053284E-05
   42      2.0032830421E-04   2.1561229608E-04   8.3841678996E-05  -4.5313342616E-07  -2.0639177216E-04
   43      8.7332992187E-05   1.8219812721E-05   5.5840878204E-07   7.9375840413E-04   3.2288396550E-07
   44     -1.4289537718E-04   1.8323769047E-04  -2.2783404165E-03  -1.7239209736E-06  -6.9499147250E-04
                   30                 31                 32                 33                 34        
    0     -5.6850399663E-03   3.9033972278E-04  -1.9218848829E-03   5.0647855930E-04  -1.0319240844E-03
    1     -1.5533842180E-03   1.1432523784E-03   9.5685930574E-05   1.2653123376E-03   1.7684015210E-03
    2     -3.3725288195E-03   7.1474446752E-04  -8.1017749977E-04   2.1355687499E-04  -3.6278029646E-04
    3     -1.6809443013E-02  -7.8334951811E-05  -5.8081784108E-03  -1.7650116449E-02  -2.6210424779E-02
    4      2.7243231440E-02  -2.1774037227E-03   9.9586735197E-03   1.3824592662E-03  -7.9092217894E-04
    5      1.2039614663E-02  -3.1347123285E-04   2.0215404704E-03  -8.2693608766E-03  -1.1754274689E-02
    6     -1.0562260721E-01   1.0263915810E-01   4.2204144634E-02  -2.5335025785E-04  -1.9792177541E-03
    7      1.0091700947E-01  -2.2088199833E-01  -7.0895862587E-02  -4.0990718212E-03  -4.6791392298E-03
    8      4.0387089815E-02  -7.0025097899E-02  -7.3788970491E-02   2.3447278177E-03   2.2261978783E-03
    9      1.3869080491E-03  -7.1716655805E-04   4.8170280049E-04  -2.6389858181E-01   2.1486575783E-03
   10      1.4767010635E-03   8.1449021623E-04   2.4563042386E-04   1.6168688578E-03  -4.6188400982E-02
   11      4.7611607396E-04   2.4600339305E-04  -9.3188640954E-05  -8.9448364613E-02   1.4338798807E-03
   12      2.2442569137E-03  -2.8672829543E-04   1.7151790463E-04   2.1103385748E-03   1.4449320921E-03
   13     -1.0158498074E-03   4.0462710277E-04   2.5338578122E-04   1.0163862158E-03   1.0845377691E-03
   14      1.0583821423E-03   5.5171841875E-04   1.0472288511E-03   5.2710493100E-04  -2.2412631420E-03
   15     -1.1736597700E-03   2.8977349818E-04  -5.5015068326E-04   9.1263397658E-04   5.2899746999E-04
   16      1.9139714043E-03   1.9929409697E-04   4.1421423908E-04  -5.2617489434E-04  -5.8084173739E-04
   17      3.2877472722E-04  -1.7695673553E-04   6.2948218069E-04  -1.0083334652E-05   2.7339140481E-04
   18      1.2424863696E-04  -2.0429200455E-04   1.5954624123E-05   2.6838560235E-04   2.6510812521E-04
   19     -8.1033119993E-06   4.2196088595E-04  -2.4315424885E-04   8.0349729578E-05   3.3439471785E-04
   20     -1.5204968511E-04  -1.2890719986E-04  -6.3506446977E-05   2.3368567559E-04   1.3582322385E-04
   21      1.8272574307E-04  -1.6884864232E-04  -1.8756000636E-04   6.7912486863E-06   5.7956471840E-07
   22     -3.3903570352E-04  -2.1791889458E-05   9.3811488575E-05   2.3926485307E-06  -1.0675549528E-04
   23     -7.3270768880E-06  -5.2945622896E-05   2.8403006433E-04   1.5108171193E-04  -6.2857414439E-05
   24      7.6693321834E-03   1.2988734177E-02  -5.9910942923E-03  -1.1685909271E-03  -1.9172000156E-03
   25     -1.2933738060E-02  -1.9163440213E-02   9.2040624431E-03  -2.9280192215E-04   1.9421058952E-04
   26     -5.9721348763E-03  -9.2165495481E-03   2.9544333782E-03  -5.4968471520E-04  -4.1622508383E-04
   27     -6.0504355673E-04  -1.7064732806E-03   1.5354758261E-02   2.5893104243E-04   2.8448767622E-04
   28     -1.3440546651E-03   1.0229581251E-03  -2.6121579967E-02   1.5305449893E-04  -7.3116356374E-05
   29     -5.1945470902E-04   1.2790729377E-03  -8.4990287364E-03  -4.7884421381E-05   8.8714922591E-07
   30      1.1798816782E-01  -1.1286605044E-01  -4.4264356539E-02   4.9950563161E-04  -1.7148713327E-04
   31     -1.1286605044E-01   2.3764081875E-01   7.6933865786E-02   1.9986894686E-05   1.1071669610E-04
   32     -4.4264356539E-02   7.6933865786E-02   7.6009571991E-02  -1.7490282505E-05   1.8937300326E-04
   33      4.9950563161E-04   1.9986894686E-05  -1.7490282505E-05   2.8907958347E-01   1.4776164982E-03
   34     -1.7148713327E-04   1.1071669610E-04   1.8937300326E-04   1.4776164982E-03   4.9535742693E-02
   35     -1.7596610931E-04   1.2220426240E-04  -7.9501904222E-05   9.7978337780E-02  -1.8675357181E-03
   36     -9.6266946684E-05   9.8039385243E-07   1.1428347147E-04   2.7856317785E-03   1.4736750259E-03
   37     -7.4835906562E-05  -1.2961069347E-05  -1.1823598319E-04   1.3111347698E-04  -1.2894007676E-03
   38     -4.0111181204E-06   1.3151391541E-04  -5.3115884157E-05   1.7889770553E-03   2.5137535179E-04
   39     -3.5078117026E-04  -9.1817326614E-05   2.0301484094E-04  -1.3030173200E-02   2.3319914046E-02
   40     -1.1113703916E-03   4.1307824986E-04  -1.3080959980E-05  -1.2498717727E-03   5.3264903916E-04
   41     -1.4553609014E-04  -1.8761648949E-04   2.5807510598E-04  -6.1581076816E-03   1.1253236894E-02
   42      2.4769666087E-04  -1.9953444246E-04   2.1556962298E-04  -4.2746724440E-04   3.8208082175E-04
   43     -1.4273059974E-04   8.6398729427E-05  -1.7955948594E-05  -9.9341514587E-04   1.4792372209E-04
   44      3.0315653950E-04   1.4358862569E-04   1.8312756210E-04   1.2751678606E-03   9.4841194421E-04
                   35                 36                 37                 38                 39        
    0     -5.1152515595E-05   1.2064223513E-04   3.5993493763E-04  -1.6910078257E-04  -1.1609551934E-03
    1     -4.4071677187E-04   5.1296557843E-04   6.5201636697E-04  -5.5440065194E-04  -2.3749688628E-03
    2     -1.6446669830E-04  -1.8817625049E-04  -3.8717488663E-04  -6.1962875491E-05   8.9986884068E-04
    3      9.0768154163E-03  -1.4326618392E-03   1.9082074516E-03  -1.2241237024E-03   6.5716293483E-03
    4      2.7607853135E-04   2.9483753929E-03   2.0912106667E-03  -3.0971762568E-03  -1.3461892186E-02
    5      7.5679295001E-04   1.4223624108E-02   2.4487603619E-02  -1.0463019091E-02  -5.7688948910E-03
    6      1.1020697177E-03   4.1402022594E-04   7.2623901264E-04  -5.5568097510E-04   1.3821975355E-03
    7      1.0749131556E-03   4.8235882036E-04   8.0036408790E-04  -5.4649880148E-04  -6.0900378653E-04
    8     -1.9727780899E-04   1.8113583108E-04  -6.8449896376E-05  -9.4426262713E-05  -3.2383977026E-04
    9     -8.9291975324E-02  -4.6337732690E-02  -1.2908074940E-03   1.7016130440E-02  -1.0921506413E-01
   10      4.5903993588E-04  -1.4320681412E-03  -4.7714309722E-02   1.0727222228E-02   1.0457173461E-01
   11     -8.2056729842E-02   1.6043651368E-02   9.2164734327E-03  -3.0265014626E-01   4.2782972505E-02
   12      5.6094666947E-04  -8.3834808671E-04  -3.8243891499E-03   1.8572791154E-03   3.8635529984E-04
   13     -6.7327328567E-04  -3.8796789240E-03  -4.3969455071E-03   3.9330167234E-03   6.5044026640E-04
   14      2.0666484371E-03   3.8475758081E-03   6.0872889160E-03  -5.4071665112E-04  -1.6238003076E-03
   15     -9.6104926515E-06   7.0890479428E-06  -2.8117452706E-06   1.5105390324E-04   2.6892296879E-04
   16     -2.7342554299E-04   7.8224724115E-08  -1.0687102625E-04   6.2642801801E-05  -2.6567005126E-04
   17      2.1165986593E-04  -1.5936868326E-04   1.6300557191E-05  -3.5624225722E-05   2.1156141998E-04
   18      2.1187609697E-04  -1.8033615319E-04  -4.8138987544E-05   2.1115950434E-05   8.3216212225E-04
   19     -1.1159490194E-04   1.0376840914E-04   3.7515158102E-04   4.0917547071E-05  -8.6872805903E-04
   20     -3.6811297637E-05  -2.6089591859E-05  -2.3267394266E-04   2.9631724883E-04  -1.8164745155E-05
   21     -1.5956903275E-04   3.8237010214E-04   2.7771105203E-05  -1.2648908217E-04  -1.8044092083E-04
   22     -1.6766334940E-05  -2.4155080511E-05  -1.0271068768E-03   2.2238896716E-04   4.6738686903E-05
   23     -3.6129631110E-05  -1.2583908372E-04  -2.2404067985E-04   7.9980432029E-04   2.1122431265E-05
   24      3.2678133452E-04   1.8173809896E-04   3.3975186932E-04  -7.4383975187E-06   1.2350481626E-04
   25      1.7751878463E-04   1.6983255670E-04  -2.0653507333E-05   5.2567940035E-05   2.0383733966E-04
   26      6.2918743041E-04  -1.8683413423E-04  -9.4312148352E-05   2.8386629555E-04   1.5805507595E-05
   27      2.0789578836E-04  -5.5549247428E-04  -4.9237869236E-04   2.4325228397E-04  -6.2908815788E-05
   28      1.2307736264E-04  -5.4136809590E-04   3.3920644468E-05   1.4779276832E-05  -1.4146039687E-05
   29      3.6097850112E-04  -2.1764367590E-04  -2.6101267633E-04   7.4684027854E-04  -9.7202674385E-05
   30     -1.7596610931E-04  -9.6266946684E-05  -7.4835906562E-05  -4.0111181204E-06  -3.5078117026E-04
   31      1.2220426240E-04   9.8039385243E-07  -1.2961069347E-05   1.3151391541E-04  -9.1817326614E-05
   32     -7.9501904222E-05   1.1428347147E-04  -1.1823598319E-04  -5.3115884157E-05   2.0301484094E-04
   33      9.7978337780E-02   2.7856317785E-03   1.3111347698E-04   1.7889770553E-03  -1.3030173200E-02
   34     -1.8675357181E-03   1.4736750259E-03  -1.2894007676E-03   2.5137535179E-04   2.3319914046E-02
   35      8.5981883014E-02  -3.0097483358E-02   1.8293799464E-04  -1.0649867545E-02   1.0645889384E-02
   36     -3.0097483358E-02   4.7532192297E-02   2.5525277883E-03  -1.8981647376E-02  -1.5560490119E-03
   37      1.8293799464E-04   2.5525277883E-03   4.8387975819E-02  -1.2120363380E-02   1.6616118059E-04
   38     -1.0649867545E-02  -1.8981647376E-02  -1.2120363380E-02   3.3042147241E-01  -4.2982633238E-04
   39      1.0645889384E-02  -1.5560490119E-03   1.6616118059E-04  -4.2982633238E-04   1.1615914346E-01
   40      5.7208214915E-04  -2.0561526616E-03   2.2145284320E-03   1.4712231265E-03  -1.1157358184E-01
   41      3.4889474161E-03   1.5358296253E-02  -2.5860574616E-02  -8.6303391858E-03  -4.6773941282E-02
   42     -3.3651913774E-04  -4.2679658312E-04  -4.7691348521E-04   4.2622522615E-04  -1.6754310681E-04
   43      3.8781999304E-04  -3.1257064855E-04   1.3080878190E-05  -6.1624794957E-04   3.0795040861E-04
   44     -2.7531288646E-04   2.0879910462E-04  -5.9672714943E-04   6.3091742526E-04   2.4950706276E-04
                   40                 41                 42                 43                 44        
    0     -4.5768936974E-03   6.4996255375E-04   2.2820203288E-03  -1.8621497334E-03  -8.6565650077E-04
    1     -3.8943544623E-03   1.5217972132E-03  -6.9268865172E-04   3.8701324833E-04  -3.6128745660E-04
    2      2.9071365700E-03  -3.8912071047E-04   2.0271769065E-03  -1.7783480388E-05   1.4156636987E-03
    3      1.4917153138E-02  -4.4370849419E-03  -5.7442789993E-04   1.2151651410E-05  -4.2995325169E-02
    4     -2.4643543907E-02   8.0938209204E-03   3.6419853824E-06  -1.4344840035E-03  -5.3356058619E-05
    5     -1.1109266755E-02   1.0144776794E-03   5.8758993127E-03   2.1748441673E-05  -2.1519521813E-02
    6      1.6199153692E-03  -2.4316561188E-04   1.6790513516E-03   1.1031808928E-06   2.1322242268E-03
    7      8.9765264120E-04  -2.8027416845E-04   1.9902476405E-06  -2.2544691541E-04   4.0553776713E-06
    8     -1.0730052279E-04  -1.5776515581E-04  -1.2501204511E-03   1.8703385566E-06  -8.4538178846E-03
    9      1.0308996982E-01   4.2533950291E-02   2.2784859119E-03   1.8667225716E-03  -8.6571080687E-04
   10     -2.1601499159E-01  -7.1847188289E-02   6.9477083663E-04   3.9571169537E-04   3.5984612580E-04
   11     -6.9961960149E-02  -7.4650540275E-02   2.0287175530E-03   2.0134424108E-05   1.4185352011E-03
   12      2.2445105681E-04  -6.0409726101E-04  -4.4141708719E-01  -5.9083611399E-04  -1.3351355229E-01
   13      3.5566870974E-03  -3.1523090298E-04  -5.8966907683E-04  -2.7068769536E-03  -1.6709955111E-04
