
$orca_hessian_file

$act_atom
  0

$act_coord
  0

$act_energy
        0.000000

$multiplicity
  1

$hessian
45
                    0                  1                  2                  3                  4        
    0      4.8542008003E-01   3.8016141028E-02   2.6445430576E-02  -1.5478323763E-01   4.2177442277E-02
    1      3.8016141028E-02   5.3582502465E-01  -9.7552836032E-03   4.0499307398E-02  -1.0048751024E-01
    2      2.6445430576E-02  -9.7552836032E-03   5.4941061646E-01   2.4355976506E-02  -1.3225387287E-02
    3     -1.5478323763E-01   4.0499307398E-02   2.4355976506E-02   4.4804851834E-01  -7.9529334273E-03
    4      4.2177442277E-02  -1.0048751024E-01  -1.3225387287E-02  -7.9529334273E-03   5.4146791122E-01
    5      2.3560242749E-02  -1.3253455241E-02  -8.6249290535E-02  -1.4570002542E-02  -3.4174053140E-02
    6     -3.2968562142E-02  -1.1480234285E-02  -1.1422948580E-02  -1.3721350559E-01  -2.4441598169E-02
    7      8.5290083255E-03   1.0176079058E-02   8.2498435775E-03  -2.8587968609E-02  -8.4856412251E-02
    8      6.1901551737E-03   5.7739327946E-03   3.8674677286E-03  -3.6917735422E-02  -2.0354154520E-02
    9      2.3296441767E-03   1.1167359459E-05  -1.1979189853E-03  -3.3688380599E-04  -2.0202178689E-03
   10      6.9295605156E-04  -3.2205737716E-05   5.8226532898E-04   3.3483844739E-04   1.6573971096E-03
   11      1.0656616043E-03   3.8463874651E-04   7.5496841825E-04   1.2268567111E-03  -2.3686476554E-03
   12     -2.4557930904E-03  -2.9551921642E-03  -2.2965171204E-03  -3.2689677281E-02   1.0784206640E-02
   13     -3.4539633301E-03  -1.9771117007E-03  -1.9018982077E-03  -9.5216488820E-03   1.0422268443E-02
   14     -2.0172379282E-03  -1.6143250571E-03  -1.6241579408E-03  -1.3392591465E-02   6.8219343279E-03
   15      5.2166495692E-04   7.5558149646E-04  -5.5768902022E-04  -9.3605093539E-04  -2.9559204307E-02
   16      3.5692066087E-03  -1.5629573134E-04   8.9305176304E-05  -7.4530044798E-03  -3.9351937587E-02
   17     -4.6063459004E-04   7.2928905305E-04  -2.3647341930E-04   2.5818357465E-04  -7.4505812139E-03
   18     -4.5934767490E-02   1.0135389404E-02  -3.7049992732E-03  -7.4590657060E-04   2.8103434751E-02
   19      9.6698945865E-03  -2.6922195424E-01   8.2269285137E-02   1.6871201256E-03  -1.3863317412E-02
   20     -3.8098754578E-03   8.3432559860E-02  -7.8027566005E-02  -3.8948696099E-04  -9.4116162949E-03
   21     -1.9598937693E-01  -1.0207479903E-01  -7.9170412281E-02  -2.2315523351E-02  -1.5296709331E-02
   22     -1.0336096503E-01  -1.1325293025E-01  -5.3658862543E-02   1.3708858565E-02   7.7382572184E-03
   23     -7.9829963330E-02  -5.3585317816E-02  -8.7191136250E-02   7.6809580211E-03   5.4023559416E-03
   24     -4.8697533622E-02   5.8631427696E-05   2.6835090034E-02  -4.7059732643E-03  -1.2473864891E-04
   25      1.0395547037E-04  -4.7360435367E-02  -1.8680691178E-03   1.5997127502E-03  -9.1658482225E-04
   26      2.6911674804E-02  -2.1554612372E-03  -2.9758432384E-01   1.8229563816E-03  -4.0531497168E-04
   27     -2.3412747992E-03   3.0038937623E-02  -9.1033787220E-03  -4.4910818960E-02  -4.1091608144E-03
   28      6.6959644812E-04  -1.3616670490E-02   4.0964552228E-03  -4.5941090347E-03  -2.7216890570E-01
   29      3.5117831985E-04  -8.6379631998E-03   1.9610267245E-03   7.7791799804E-04   7.3545634590E-02
   30     -5.0557785336E-03   8.7227106470E-05   2.9990365424E-02  -4.9144821072E-02  -6.3341791210E-04
   31      2.5499313678E-03  -7.8783011237E-04  -1.5359650159E-02  -7.4758915953E-05  -4.7276097806E-02
   32      1.1830640793E-03  -1.3620243804E-04  -7.1887965873E-03   2.8216249596E-02   2.3752910926E-03
   33      2.8161186913E-04  -1.4480303754E-04   2.3760110546E-04   5.9966690494E-04   9.3103117484E-06
   34      2.7733387513E-04   3.1250769052E-04  -1.9995075492E-04  -1.0982170206E-03  -2.9659112572E-04
   35     -1.3773492458E-04  -1.8723413937E-04  -6.0515290456E-05  -5.7325520837E-05   2.2122212844E-04
   36     -9.1018747830E-04  -1.3214341438E-03  -1.1832655645E-03  -3.8406333245E-03   4.6539142885E-03
   37      8.4984632788E-04   8.0857492507E-04   1.8742156035E-04   1.9485755973E-03  -1.8108828324E-03
   38      5.0088575455E-04   3.4140040504E-05   7.4458724385E-04   1.1013500203E-03  -9.4446834184E-04
   39     -1.2710341738E-04   8.4767630579E-05  -1.9292198906E-04   1.9438303152E-03  -6.2388971891E-05
   40     -5.0107190310E-05  -1.0038651638E-04  -6.8041510355E-05  -1.0099838149E-03  -1.3013118076E-04
   41     -2.4241693451E-05  -1.5822652102E-05   4.5947191271E-04  -9.6916987202E-04   8.7271832410E-05
   42      7.1061409770E-04  -1.6999937600E-03   9.7550821075E-04   1.0310162192E-03  -1.6214701653E-03
   43     -2.5097087551E-04  -1.2885594576E-04   5.4788565208E-04   6.0774264790E-04  -1.2746303802E-04
   44      6.1474542861E-05  -9.9881358287E-04   9.6412137730E-04   8.1553021041E-04  -1.4944893510E-04
                    5                  6                  7                  8                  9        
    0      2.3560242749E-02  -3.2968562142E-02   8.5290083255E-03   6.1901551737E-03   2.3296441767E-03
    1     -1.3253455241E-02  -1.1480234285E-02   1.0176079058E-02   5.7739327946E-03   1.1167359459E-05
    2     -8.6249290535E-02  -1.1422948580E-02   8.2498435775E-03   3.8674677286E-03  -1.1979189853E-03
    3     -1.4570002542E-02  -1.3721350559E-01  -2.8587968609E-02  -3.6917735422E-02  -3.3688380599E-04
    4     -3.4174053140E-02  -2.4441598169E-02  -8.4856412251E-02  -2.0354154520E-02  -2.0202178689E-03
    5      5.6346045552E-01  -3.7851313347E-02  -2.3784854718E-02  -1.0447957627E-01  -2.7329539053E-02
    6     -3.7851313347E-02   4.9864820879E-01  -2.5149478531E-02  -2.6544260519E-02  -5.2497785033E-02
    7     -2.3784854718E-02  -2.5149478531E-02   4.1002342259E-01   2.5762565830E-02   1.2410665393E-03
    8     -1.0447957627E-01  -2.6544260519E-02   2.5762565830E-02   5.8155830621E-01   2.1787134416E-02
    9     -2.7329539053E-02  -5.2497785033E-02   1.2410665393E-03   2.1787134416E-02   5.8428964407E-02
   10     -1.5276783244E-02   2.8694724183E-03  -4.3786027483E-02  -1.0760660268E-02   5.9483873040E-04
   11     -1.7043434879E-02   2.2420670434E-02  -9.6924559836E-03  -2.8098016760E-01  -2.5310825125E-02
   12      6.1464531143E-03  -1.6650608470E-01   4.5267287827E-02   2.8670688460E-02  -4.7037971273E-03
   13      4.4274396238E-03   3.5698854527E-02  -8.9227775392E-02  -1.3716506634E-02   1.7422156242E-03
   14      3.8336971361E-03   3.3123692875E-02  -1.9282038608E-02  -9.0816953757E-02   2.9269227961E-02
   15      1.0411871626E-02  -8.6644429723E-02   1.1486004140E-02   1.3071172710E-02   2.5293671135E-03
   16      1.0642574335E-02  -2.5221587156E-02  -1.4836343072E-01   4.1407951659E-02  -1.8415993817E-03
   17      7.3717378692E-03   2.2393520473E-02   2.1623230356E-02  -8.5749312946E-02   3.4797960648E-03
   18     -1.0988989835E-02   1.4414746438E-03   2.0207125956E-03  -7.8719066669E-04  -1.5265917947E-04
   19      4.6917349976E-03  -1.0542477474E-03  -2.3066433863E-03  -1.3728968387E-04   1.6394099564E-04
   20      2.4903008118E-03  -1.1398089623E-04   1.1830494835E-03  -1.4468039830E-04  -3.4450380079E-05
   21     -1.2474922688E-02  -3.5154347447E-03   4.9984529118E-03   3.4783553752E-03   2.8949248120E-04
   22      7.5134780064E-03   2.6146374712E-03  -3.0975030517E-03  -1.1841326037E-03  -7.5144228846E-05
   23      2.8273418527E-03   9.5760599751E-04  -6.0937461295E-04  -4.5861792097E-04   3.2890083738E-04
   24      3.0490541551E-02   2.1672467841E-03  -1.5578957657E-04   2.2945261462E-03  -2.6718081637E-04
   25     -1.5882707418E-02  -7.9228539312E-04   5.0508081491E-04   3.7955833125E-04   9.5221276510E-05
   26     -8.8778132729E-03  -1.1339336325E-03  -4.2226986147E-04   5.6509566767E-04   8.7895807652E-04
   27     -1.4471782659E-04   1.0643827639E-03  -2.2320767340E-02   1.0473562412E-02   8.0021669256E-04
   28      7.2664153121E-02   1.7881342042E-03  -1.6239069887E-02   7.4012993185E-03   1.0595563884E-04
   29     -7.1777993634E-02   3.9049036689E-05  -1.2790868096E-02   2.8672394597E-03   6.7956226353E-04
   30      2.8484757744E-02   4.1439306399E-04   7.8979868675E-04  -2.8617274558E-02  -3.9599819074E-03
   31      3.7943242122E-03  -7.8649384722E-05  -1.2525829892E-03  -1.6513014922E-02  -2.2657808323E-03
   32     -2.9220620265E-01   5.3748103292E-04   1.1613007159E-03  -1.9468373478E-02  -2.7820234551E-03
   33     -3.1835609689E-04   3.6002499744E-03   2.4194769096E-02  -1.1330961105E-02   9.2840874612E-04
   34      2.4543546057E-04  -4.8606200299E-03  -1.4271949179E-02   6.2817796299E-03   3.5719747225E-05
   35      9.7991111127E-06  -1.2885945816E-03  -8.1512824723E-03   4.5938224003E-04  -5.4916227434E-04
   36      3.0726719234E-03  -2.3691767002E-02  -1.5514475320E-02  -1.3536523798E-02   1.0161386034E-03
   37     -6.4560133880E-04   1.3169961820E-02   6.0711431648E-03   7.9944269336E-03  -7.9797390243E-04
   38     -8.8152143142E-06   7.9823392344E-03   5.1941886627E-03   2.7559073065E-03  -1.7929533261E-04
   39      1.5710357148E-03  -5.2830642709E-03  -1.2987738659E-03   3.1717008010E-02  -4.6383394170E-03
   40      2.0219653671E-04   2.3956297822E-03  -1.2167319207E-03  -1.6760207120E-02   2.8550419033E-03
   41      7.0552211186E-04   2.0772581509E-03   4.8025082400E-04  -1.1897052582E-02   1.8751502747E-03
   42     -1.9400269936E-05   9.8467718176E-04  -5.3723303848E-03   5.1631678684E-05   2.3439506593E-04
   43     -1.1339187479E-03   3.4414493980E-02  -2.2157599361E-02  -1.5402258265E-02   1.7220174799E-04
   44     -5.5727958573E-05  -1.1176873992E-02   1.0905424421E-02   1.9213363430E-03  -9.1266435202E-04
                   10                 11                 12                 13                 14        
    0      6.9295605156E-04   1.0656616043E-03  -2.4557930904E-03  -3.4539633301E-03  -2.0172379282E-03
    1     -3.2205737716E-05   3.8463874651E-04  -2.9551921642E-03  -1.9771117007E-03  -1.6143250571E-03
    2      5.8226532898E-04   7.5496841825E-04  -2.2965171204E-03  -1.9018982077E-03  -1.6241579408E-03
    3      3.3483844739E-04   1.2268567111E-03  -3.2689677281E-02  -9.5216488820E-03  -1.3392591465E-02
    4      1.6573971096E-03  -2.3686476554E-03   1.0784206640E-02   1.0422268443E-02   6.8219343279E-03
    5     -1.5276783244E-02  -1.7043434879E-02   6.1464531143E-03   4.4274396238E-03   3.8336971361E-03
    6      2.8694724183E-03   2.2420670434E-02  -1.6650608470E-01   3.5698854527E-02   3.3123692875E-02
    7     -4.3786027483E-02  -9.6924559836E-03   4.5267287827E-02  -8.9227775392E-02  -1.9282038608E-02
    8     -1.0760660268E-02  -2.8098016760E-01   2.8670688460E-02  -1.3716506634E-02  -9.0816953757E-02
    9      5.9483873040E-04  -2.5310825125E-02  -4.7037971273E-03   1.7422156242E-03   2.9269227961E-02
   10      6.1133801388E-02   1.4371409166E-03   2.1833538229E-03   5.3664547514E-04  -1.5834822823E-02
   11      1.4371409166E-03   3.0998540405E-01   8.9181735741E-04  -1.2607973884E-03  -8.0854852630E-03
   12      2.1833538229E-03   8.9181735741E-04   5.0322525409E-01   3.9529525070E-02   2.3848438068E-02
   13      5.3664547514E-04  -1.2607973884E-03   3.9529525070E-02   5.5176723242E-01  -1.1975837419E-02
   14     -1.5834822823E-02  -8.0854852630E-03   2.3848438068E-02  -1.1975837419E-02   5.5580903713E-01
   15     -5.4352789034E-03   1.1313220447E-03   1.7740471278E-03   3.5796564611E-02  -1.0698653549E-02
   16     -2.0921416027E-02   1.3918566185E-02   4.2902255723E-03  -3.5561115503E-02   8.2864732812E-03
   17      4.0358045755E-02  -8.1571642480E-03  -9.7337560210E-04  -7.2464961291E-03   5.6297976535E-03
   18     -1.5809870157E-04   1.8505886048E-05   1.4842872326E-05  -1.5149356152E-04   1.5822572262E-04
   19      7.4543635635E-05  -1.1879088468E-05   1.6390481155E-04   4.8729487508E-05   1.2945456697E-04
   20      2.9641296050E-05   3.5945474808E-05  -9.6173508370E-05  -1.4899535243E-04   6.6136790019E-05
   21      1.0848885220E-04   7.4769272493E-06  -1.1657803051E-03  -1.4042221521E-03  -9.9177051324E-04
   22     -3.7107545879E-05  -2.5744186821E-06   6.5656611599E-04   6.4692772858E-04   3.5547452847E-04
   23      4.7814410183E-05   4.7961512198E-04   3.0827321694E-04   9.8794820105E-05   5.1967380307E-04
   24     -1.7756790287E-04  -1.1103086096E-03  -1.6811440140E-05   2.0177935413E-04  -1.5745078322E-04
   25      2.0714547848E-04   3.2751874426E-04  -6.7519407567E-05  -1.0201036839E-04  -1.3363310806E-05
   26      3.3129864989E-04   5.3241969513E-04  -3.3899816077E-05   7.5500927887E-05   5.1344009780E-04
   27      6.7757903329E-04  -3.7389843138E-04   4.7078658014E-04  -1.1492405688E-04   5.0774892841E-04
   28      4.5023239450E-04  -7.4580652668E-04   1.1595089150E-03   3.3416184949E-05   5.2903059252E-04
   29      3.6652750472E-04   7.2126341279E-05   2.9283409278E-04   2.3039257843E-04   1.8174650486E-04
   30     -2.7037055146E-03  -2.3038926141E-03   1.7286216771E-03  -1.4615959704E-04  -1.1955136125E-03
   31     -7.6182501103E-04  -1.7005235037E-03   8.4292354303E-04  -3.7225053624E-05   3.5003802908E-04
   32     -1.6424632074E-03   8.2820795366E-05   1.0535783276E-03   4.6425741500E-05   5.9226002553E-04
   33     -5.4290691896E-04   3.7885527775E-04  -4.7072837129E-02  -6.6237770509E-03   3.0310151751E-03
   34      3.5260348081E-04  -7.3143716476E-04  -3.6656202523E-03  -2.8180410247E-01   7.6433341226E-02
   35      1.2959629382E-04   9.9365092619E-05   2.1762370786E-03   7.7441174137E-02  -7.0122695394E-02
   36     -2.5253729308E-04   3.8682147211E-04  -2.0323620058E-01  -9.2568466105E-02  -8.6798782838E-02
   37      4.0487254774E-04   3.3886622999E-04  -9.5120481271E-02  -1.0150941428E-01  -5.2693744116E-02
   38      7.9331008926E-04   6.5139812176E-04  -8.8000431951E-02  -5.2747855635E-02  -9.5676600382E-02
   39      3.0678997506E-03   1.0986484342E-03  -4.9716195696E-02  -3.5865201404E-04   2.6611833736E-02
   40     -9.3060496089E-04  -7.9630046955E-04  -1.1015502934E-03  -4.5496800756E-02   4.9302430449E-03
   41     -1.0050915477E-03   1.1817492884E-03   2.7974132466E-02   4.2500565725E-03  -3.0013511485E-01
   42     -1.2759852209E-03   4.6943769448E-04   3.4962499766E-04   1.4153891831E-03  -1.3219767150E-03
   43      1.6519452555E-03   7.4945222386E-04  -2.0081605493E-03  -7.7396642068E-03   3.6026365547E-03
   44      5.9841999831E-04   3.9043958682E-04   6.1740755638E-05   2.4041075462E-03  -6.8478154381E-04
                   15                 16                 17                 18                 19        
    0      5.2166495692E-04   3.5692066087E-03  -4.6063459004E-04  -4.5934767490E-02   9.6698945865E-03
    1      7.5558149646E-04  -1.5629573134E-04   7.2928905305E-04   1.0135389404E-02  -2.6922195424E-01
    2     -5.5768902022E-04   8.9305176304E-05  -2.3647341930E-04  -3.7049992732E-03   8.2269285137E-02
    3     -9.3605093539E-04  -7.4530044798E-03   2.5818357465E-04  -7.4590657060E-04   1.6871201256E-03
    4     -2.9559204307E-02  -3.9351937587E-02  -7.4505812139E-03   2.8103434751E-02  -1.3863317412E-02
    5      1.0411871626E-02   1.0642574335E-02   7.3717378692E-03  -1.0988989835E-02   4.6917349976E-03
    6     -8.6644429723E-02  -2.5221587156E-02   2.2393520473E-02   1.4414746438E-03  -1.0542477474E-03
    7      1.1486004140E-02  -1.4836343072E-01   2.1623230356E-02   2.0207125956E-03  -2.3066433863E-03
    8      1.3071172710E-02   4.1407951659E-02  -8.5749312946E-02  -7.8719066669E-04  -1.3728968387E-04
    9      2.5293671135E-03  -1.8415993817E-03   3.4797960648E-03  -1.5265917947E-04   1.6394099564E-04
   10     -5.4352789034E-03  -2.0921416027E-02   4.0358045755E-02  -1.5809870157E-04   7.4543635635E-05
   11      1.1313220447E-03   1.3918566185E-02  -8.1571642480E-03   1.8505886048E-05  -1.1879088468E-05
   12      1.7740471278E-03   4.2902255723E-03  -9.7337560210E-04   1.4842872326E-05   1.6390481155E-04
   13      3.5796564611E-02  -3.5561115503E-02  -7.2464961291E-03  -1.5149356152E-04   4.8729487508E-05
   14     -1.0698653549E-02   8.2864732812E-03   5.6297976535E-03   1.5822572262E-04   1.2945456697E-04
   15      4.1346298022E-01  -1.6959757440E-01  -1.6755020882E-01   2.9540301757E-04  -1.9329826801E-03
   16     -1.6959757440E-01   3.8745009312E-01   1.5102361694E-02  -1.5504389857E-03   1.6398638352E-03
   17     -1.6755020882E-01   1.5102361694E-02   1.4936352305E-01   6.2221587395E-04  -6.2047710455E-04
   18      2.9540301757E-04  -1.5504389857E-03   6.2221587395E-04   5.1550670415E-02  -1.2650857836E-02
   19     -1.9329826801E-03   1.6398638352E-03  -6.2047710455E-04  -1.2650857836E-02   2.9570258441E-01
   20      3.0426467093E-04  -4.1514731978E-04  -1.2098541575E-04   3.8935884954E-03  -9.0292398010E-02
   21      4.1665411685E-04   8.3123588839E-05  -7.2543668182E-05   1.0776055943E-03   1.2366490840E-03
   22     -9.2593825247E-04   9.1246827686E-04  -3.4470452726E-04  -2.2938026602E-02  -1.5285596286E-02
   23      3.0678198959E-04  -2.1516494535E-04   3.4803531796E-04   9.9120513456E-03   6.4112410292E-03
   24     -1.9078003193E-04  -1.2731084203E-04  -4.7004483344E-04  -1.3827472080E-03  -4.6150124040E-04
   25     -2.7069332228E-04  -7.9965109565E-05  -2.9123556416E-04  -2.9811589271E-03   1.7344061413E-03
   26      4.4783017668E-04   5.7233448443E-04   2.5833428398E-04   5.1569151672E-04  -1.0593737147E-03
   27     -4.8195204162E-03  -6.2382180924E-03  -2.3938875584E-03  -5.3043549090E-03   2.9000385928E-03
   28     -3.8698978363E-03  -2.2235684603E-03  -2.4987983934E-03   2.4137955998E-03   1.2634780717E-04
   29     -2.5066827502E-03  -2.5760147067E-03   8.3862502847E-04   1.4293015179E-03  -1.3422454047E-03
   30      1.3462403483E-03   1.7161648592E-03   1.8718345029E-03   1.3736840384E-03   1.5249155756E-05
   31      1.3140086869E-03   1.5790946426E-03   5.6717446013E-04  -6.9450421529E-04   4.0124744909E-04
   32      8.5362739539E-04  -2.3596453047E-04   2.8214432238E-03   1.7431431664E-05  -3.4446444805E-04
   33     -5.6685330208E-03   4.1460341134E-03   1.9955986235E-03   1.7602484299E-04  -3.0578488549E-05
   34      4.4749755659E-03  -1.5411821440E-03  -1.9874789892E-03  -2.0860084371E-04   2.1301643849E-04
   35      1.7833307960E-03  -1.6092124779E-03   2.5105169448E-04   2.4320394168E-05  -4.2630864118E-05
   36      2.5845554993E-03  -5.7533662433E-04   1.9977127656E-04  -6.7008901346E-05   1.3020519434E-04
   37     -4.1883978771E-04   1.3768782190E-03  -2.1038310686E-05  -1.4402201159E-04   3.1985180315E-05
   38     -6.6266379047E-04   5.2916534905E-04  -6.1929496286E-05   8.8101520697E-06  -2.4673352877E-05
   39      1.7393030890E-03  -1.3333225982E-03  -1.5910511577E-03   1.3632098174E-05   4.7602290767E-06
   40     -6.8898719518E-04   1.3249643596E-03   1.2433072605E-04   5.4050121579E-05  -2.4940459325E-05
   41     -4.5163632684E-04  -5.2492001899E-04   1.3206154618E-03   1.6074856631E-05   2.2853151167E-05
   42     -3.2641090137E-01   2.0015003271E-01   1.4263777195E-01  -2.3558932633E-03   1.4870181450E-04
   43      1.5885586729E-01  -1.4608445117E-01  -5.8076081256E-02  -1.2404773853E-03   7.2972739655E-04
   44      1.5417038674E-01  -8.4939848721E-02  -7.3877298056E-02  -1.1372707881E-03   3.4633582500E-04
                   20                 21                 22                 23                 24        
    0     -3.8098754578E-03  -1.9598937693E-01  -1.0336096503E-01  -7.9829963330E-02  -4.8697533622E-02
    1      8.3432559860E-02  -1.0207479903E-01  -1.1325293025E-01  -5.3585317816E-02   5.8631427696E-05
    2     -7.8027566005E-02  -7.9170412281E-02  -5.3658862543E-02  -8.7191136250E-02   2.6835090034E-02
    3     -3.8948696099E-04  -2.2315523351E-02   1.3708858565E-02   7.6809580211E-03  -4.7059732643E-03
    4     -9.4116162949E-03  -1.5296709331E-02   7.7382572184E-03   5.4023559416E-03  -1.2473864891E-04
    5      2.4903008118E-03  -1.2474922688E-02   7.5134780064E-03   2.8273418527E-03   3.0490541551E-02
    6     -1.1398089623E-04  -3.5154347447E-03   2.6146374712E-03   9.5760599751E-04   2.1672467841E-03
    7      1.1830494835E-03   4.9984529118E-03  -3.0975030517E-03  -6.0937461295E-04  -1.5578957657E-04
    8     -1.4468039830E-04   3.4783553752E-03  -1.1841326037E-03  -4.5861792097E-04   2.2945261462E-03
    9     -3.4450380079E-05   2.8949248120E-04  -7.5144228846E-05   3.2890083738E-04  -2.6718081637E-04
   10      2.9641296050E-05   1.0848885220E-04  -3.7107545879E-05   4.7814410183E-05  -1.7756790287E-04
   11      3.5945474808E-05   7.4769272493E-06  -2.5744186821E-06   4.7961512198E-04  -1.1103086096E-03
   12     -9.6173508370E-05  -1.1657803051E-03   6.5656611599E-04   3.0827321694E-04  -1.6811440140E-05
   13     -1.4899535243E-04  -1.4042221521E-03   6.4692772858E-04   9.8794820105E-05   2.0177935413E-04
   14      6.6136790019E-05  -9.9177051324E-04   3.5547452847E-04   5.1967380307E-04  -1.5745078322E-04
   15      3.0426467093E-04   4.1665411685E-04  -9.2593825247E-04   3.0678198959E-04  -1.9078003193E-04
   16     -4.1514731978E-04   8.3123588839E-05   9.1246827686E-04  -2.1516494535E-04  -1.2731084203E-04
   17     -1.2098541575E-04  -7.2543668182E-05  -3.4470452726E-04   3.4803531796E-04  -4.7004483344E-04
   18      3.8935884954E-03   1.0776055943E-03  -2.2938026602E-02   9.9120513456E-03  -1.3827472080E-03
   19     -9.0292398010E-02   1.2366490840E-03  -1.5285596286E-02   6.4112410292E-03  -4.6150124040E-04
   20      7.9861835821E-02   1.0597343427E-03  -1.2969544461E-02   4.0412447171E-03  -1.0067420768E-03
   21      1.0597343427E-03   2.1672910573E-01   1.0929851096E-01   8.5938458685E-02   3.1457342508E-03
   22     -1.2969544461E-02   1.0929851096E-01   1.2134372251E-01   5.8639952336E-02   1.1789411795E-03
   23      4.0412447171E-03   8.5938458685E-02   5.8639952336E-02   9.1118922592E-02  -2.4593914709E-02
   24     -1.0067420768E-03   3.1457342508E-03   1.1789411795E-03  -2.4593914709E-02   5.3809514692E-02
   25      3.0503795269E-02   2.7634225945E-03  -7.1512941726E-04  -1.6776195702E-02  -2.8299875414E-03
   26     -9.5989331859E-03   1.9047496094E-03   8.9122095639E-04  -1.1683581552E-02  -3.2828354890E-02
   27      2.1033322775E-03   1.1888044015E-03  -4.1615436140E-04  -6.1834289268E-04   1.1078152027E-03
   28     -1.1694685910E-03   2.3286301206E-04   8.6398581422E-04   1.5815310687E-04  -1.9586718475E-04
   29      6.4825652602E-04  -5.3401492230E-04   4.5467144294E-04   1.6602604201E-04  -5.7649146758E-04
   30     -6.5447208036E-04   7.2366139707E-04  -7.3859062056E-04  -2.1186627359E-04  -5.0830829075E-03
   31     -3.5396487149E-04  -4.2145811721E-04   3.5296993295E-04   5.0524152244E-04   2.9309553811E-03
   32      4.9875438503E-04   5.3445222258E-04   5.8710895541E-05   3.8696955049E-04   1.1862890193E-03
   33     -3.5550443405E-06   6.9031810189E-05  -3.7302343484E-05  -7.1877926631E-06  -6.1444829260E-06
   34     -2.5693493814E-05   2.3154842967E-05   2.1294500457E-05  -1.9199817951E-05   1.7021677830E-05
   35     -2.6287125963E-05  -4.7437230090E-05   4.1801473599E-05  -5.2100789762E-06   3.3849007028E-05
   36     -2.8756556833E-05  -6.4286575292E-04   3.5107446864E-04   1.6342066177E-04   7.4387242046E-06
   37      5.6955850515E-05   3.3105144467E-04  -1.1871672369E-04  -8.7190064564E-05  -1.8710143898E-05
   38     -1.1719553107E-05   2.0120583396E-04  -4.5377060566E-05  -3.9593944185E-05  -1.5809430058E-04
   39     -6.1034877580E-06  -2.3038769081E-05  -2.0514838328E-05  -1.0325063565E-04   1.5786869576E-04
   40     -5.1934381664E-06  -1.7147350987E-05  -3.6681221963E-06   5.6393454481E-05  -4.7757809624E-05
   41     -1.4184796417E-05   6.3453887769E-05  -4.4107764516E-05  -6.8650840030E-06  -2.5847513212E-04
   42     -1.2150899664E-03   1.1930072749E-05   7.1561841706E-04  -2.3009029633E-04  -4.5364575852E-05
   43     -4.0945296122E-04   1.2704777740E-04   6.3102542097E-04  -3.0784784939E-05  -2.4848323760E-04
   44      3.0188195473E-04   1.0137959372E-04   2.9727486233E-04  -5.0282416661E-04   3.1624010667E-04
                   25                 26                 27                 28                 29        
    0      1.0395547037E-04   2.6911674804E-02  -2.3412747992E-03   6.6959644812E-04   3.5117831985E-04
    1     -4.7360435367E-02  -2.1554612372E-03   3.0038937623E-02  -1.3616670490E-02  -8.6379631998E-03
    2     -1.8680691178E-03  -2.9758432384E-01  -9.1033787220E-03   4.0964552228E-03   1.9610267245E-03
    3      1.5997127502E-03   1.8229563816E-03  -4.4910818960E-02  -4.5941090347E-03   7.7791799804E-04
    4     -9.1658482225E-04  -4.0531497168E-04  -4.1091608144E-03  -2.7216890570E-01   7.3545634590E-02
    5     -1.5882707418E-02  -8.8778132729E-03  -1.4471782659E-04   7.2664153121E-02  -7.1777993634E-02
    6     -7.9228539312E-04  -1.1339336325E-03   1.0643827639E-03   1.7881342042E-03   3.9049036689E-05
    7      5.0508081491E-04  -4.2226986147E-04  -2.2320767340E-02  -1.6239069887E-02  -1.2790868096E-02
    8      3.7955833125E-04   5.6509566767E-04   1.0473562412E-02   7.4012993185E-03   2.8672394597E-03
    9      9.5221276510E-05   8.7895807652E-04   8.0021669256E-04   1.0595563884E-04   6.7956226353E-04
   10      2.0714547848E-04   3.3129864989E-04   6.7757903329E-04   4.5023239450E-04   3.6652750472E-04
   11      3.2751874426E-04   5.3241969513E-04  -3.7389843138E-04  -7.4580652668E-04   7.2126341279E-05
   12     -6.7519407567E-05  -3.3899816077E-05   4.7078658014E-04   1.1595089150E-03   2.9283409278E-04
   13     -1.0201036839E-04   7.5500927887E-05  -1.1492405688E-04   3.3416184949E-05   2.3039257843E-04
   14     -1.3363310806E-05   5.1344009780E-04   5.0774892841E-04   5.2903059252E-04   1.8174650486E-04
   15     -2.7069332228E-04   4.4783017668E-04  -4.8195204162E-03  -3.8698978363E-03  -2.5066827502E-03
   16     -7.9965109565E-05   5.7233448443E-04  -6.2382180924E-03  -2.2235684603E-03  -2.5760147067E-03
   17     -2.9123556416E-04   2.5833428398E-04  -2.3938875584E-03  -2.4987983934E-03   8.3862502847E-04
   18     -2.9811589271E-03   5.1569151672E-04  -5.3043549090E-03   2.4137955998E-03   1.4293015179E-03
   19      1.7344061413E-03  -1.0593737147E-03   2.9000385928E-03   1.2634780717E-04  -1.3422454047E-03
   20      3.0503795269E-02  -9.5989331859E-03   2.1033322775E-03  -1.1694685910E-03   6.4825652602E-04
   21      2.7634225945E-03   1.9047496094E-03   1.1888044015E-03   2.3286301206E-04  -5.3401492230E-04
   22     -7.1512941726E-04   8.9122095639E-04  -4.1615436140E-04   8.6398581422E-04   4.5467144294E-04
   23     -1.6776195702E-02  -1.1683581552E-02  -6.1834289268E-04   1.5815310687E-04   1.6602604201E-04
   24     -2.8299875414E-03  -3.2828354890E-02   1.1078152027E-03  -1.9586718475E-04  -5.7649146758E-04
   25      4.7289112854E-02   3.8908266894E-03  -6.2723332368E-04   1.6935550806E-04  -3.0283459072E-04
   26      3.8908266894E-03   3.2474025677E-01   1.5657941215E-04  -4.6172223017E-04   5.0676380296E-04
   27     -6.2723332368E-04   1.5657941215E-04   5.5104618598E-02   2.6670510628E-03  -1.0159818878E-03
   28      1.6935550806E-04  -4.6172223017E-04   2.6670510628E-03   3.0039911575E-01  -7.9313662677E-02
   29     -3.0283459072E-04   5.0676380296E-04  -1.0159818878E-03  -7.9313662677E-02   7.2749354689E-02
   30      3.0851850790E-03   1.3617996804E-03  -9.5659753236E-04  -1.3917687855E-04   8.3621935187E-04
   31     -5.5599825370E-04  -1.3341815772E-03  -2.9867295817E-03   3.9044560088E-04   3.0212286883E-02
   32     -6.0865461566E-04   1.3025036442E-03   5.5309183543E-04  -5.3354377959E-04  -8.4137822698E-03
   33      1.8160118329E-05  -3.9582261375E-06  -1.0532943669E-03  -2.2700013739E-04  -2.5824156123E-05
   34     -4.4917141187E-05   7.0434648864E-06   1.3558206592E-04   9.5435612610E-04  -7.2611709843E-05
   35     -1.6232220234E-05  -4.2181087529E-05  -2.3429465574E-04  -1.0986012625E-04   3.5761678499E-04
   36     -2.0065312711E-05   9.2322606123E-05   3.5837314357E-04   7.5534062945E-05   1.9053143629E-04
   37      1.5066332521E-05  -5.6686992690E-06   1.8798743644E-04   3.4214045118E-04  -1.5875423444E-04
   38      6.5051866198E-05   6.2219840116E-06  -4.0434648656E-05  -2.8166958212E-04  -1.4815839116E-04
   39     -7.9192481122E-05  -2.5764596841E-04  -1.2312759348E-04  -9.5453429539E-05  -1.0602154837E-05
   40     -9.9894373693E-06   3.4181178185E-05  -5.8125357293E-05  -8.3981090663E-06   1.4456036142E-04
   41      5.8473800457E-05   2.7343136009E-05   8.1962499214E-05  -1.0648776567E-04  -3.9832760723E-06
   42      2.8635277198E-06   1.6857120830E-04  -5.8600880518E-04  -2.9589830329E-05   8.3299485959E-05
   43     -1.3513721218E-04   5.0509651788E-05   3.0279250064E-04   5.2721701328E-04   2.5166793436E-04
   44      5.2514412721E-04  -6.6554615284E-04   3.8363094110E-05   3.6114163405E-04  -4.8643332596E-06
                   30                 31                 32                 33                 34        
    0     -5.0557785336E-03   2.5499313678E-03   1.1830640793E-03   2.8161186913E-04   2.7733387513E-04
    1      8.7227106470E-05  -7.8783011237E-04  -1.3620243804E-04  -1.4480303754E-04   3.1250769052E-04
    2      2.9990365424E-02  -1.5359650159E-02  -7.1887965873E-03   2.3760110546E-04  -1.9995075492E-04
    3     -4.9144821072E-02  -7.4758915953E-05   2.8216249596E-02   5.9966690494E-04  -1.0982170206E-03
    4     -6.3341791210E-04  -4.7276097806E-02   2.3752910926E-03   9.3103117484E-06  -2.9659112572E-04
    5      2.8484757744E-02   3.7943242122E-03  -2.9220620265E-01  -3.1835609689E-04   2.4543546057E-04
    6      4.1439306399E-04  -7.8649384722E-05   5.3748103292E-04   3.6002499744E-03  -4.8606200299E-03
    7      7.8979868675E-04  -1.2525829892E-03   1.1613007159E-03   2.4194769096E-02  -1.4271949179E-02
    8     -2.8617274558E-02  -1.6513014922E-02  -1.9468373478E-02  -1.1330961105E-02   6.2817796299E-03
    9     -3.9599819074E-03  -2.2657808323E-03  -2.7820234551E-03   9.2840874612E-04   3.5719747225E-05
   10     -2.7037055146E-03  -7.6182501103E-04  -1.6424632074E-03  -5.4290691896E-04   3.5260348081E-04
   11     -2.3038926141E-03  -1.7005235037E-03   8.2820795366E-05   3.7885527775E-04  -7.3143716476E-04
   12      1.7286216771E-03   8.4292354303E-04   1.0535783276E-03  -4.7072837129E-02  -3.6656202523E-03
   13     -1.4615959704E-04  -3.7225053624E-05   4.6425741500E-05  -6.6237770509E-03  -2.8180410247E-01
   14     -1.1955136125E-03   3.5003802908E-04   5.9226002553E-04   3.0310151751E-03   7.6433341226E-02
   15      1.3462403483E-03   1.3140086869E-03   8.5362739539E-04  -5.6685330208E-03   4.4749755659E-03
   16      1.7161648592E-03   1.5790946426E-03  -2.3596453047E-04   4.1460341134E-03  -1.5411821440E-03
   17      1.8718345029E-03   5.6717446013E-04   2.8214432238E-03   1.9955986235E-03  -1.9874789892E-03
   18      1.3736840384E-03  -6.9450421529E-04   1.7431431664E-05   1.7602484299E-04  -2.0860084371E-04
   19      1.5249155756E-05   4.0124744909E-04  -3.4446444805E-04  -3.0578488549E-05   2.1301643849E-04
   20     -6.5447208036E-04  -3.5396487149E-04   4.9875438503E-04  -3.5550443405E-06  -2.5693493814E-05
   21      7.2366139707E-04  -4.2145811721E-04   5.3445222258E-04   6.9031810189E-05   2.3154842967E-05
   22     -7.3859062056E-04   3.5296993295E-04   5.8710895541E-05  -3.7302343484E-05   2.1294500457E-05
   23     -2.1186627359E-04   5.0524152244E-04   3.8696955049E-04  -7.1877926631E-06  -1.9199817951E-05
   24     -5.0830829075E-03   2.9309553811E-03   1.1862890193E-03  -6.1444829260E-06   1.7021677830E-05
   25      3.0851850790E-03  -5.5599825370E-04  -6.0865461566E-04   1.8160118329E-05  -4.4917141187E-05
   26      1.3617996804E-03  -1.3341815772E-03   1.3025036442E-03  -3.9582261375E-06   7.0434648864E-06
   27     -9.5659753236E-04  -2.9867295817E-03   5.5309183543E-04  -1.0532943669E-03   1.3558206592E-04
   28     -1.3917687855E-04   3.9044560088E-04  -5.3354377959E-04  -2.2700013739E-04   9.5435612610E-04
   29      8.3621935187E-04   3.0212286883E-02  -8.4137822698E-03  -2.5824156123E-05  -7.2611709843E-05
   30      5.9161341468E-02  -1.2676712234E-03  -3.0473576475E-02  -5.3039413668E-05   7.4017446883E-05
   31     -1.2676712234E-03   4.7817852737E-02  -4.1705835761E-04  -4.8722429466E-07  -4.6379343379E-06
   32     -3.0473576475E-02  -4.1705835761E-04   3.2074255061E-01  -7.0754940330E-05  -8.6018641223E-05
   33     -5.3039413668E-05  -4.8722429466E-07  -7.0754940330E-05   4.9415910184E-02   3.9243569994E-03
   34      7.4017446883E-05  -4.6379343379E-06  -8.6018641223E-05   3.9243569994E-03   3.0846876127E-01
   35     -2.5576718728E-05   1.7095285465E-04  -1.7603567810E-05  -3.0081739196E-03  -8.4103155086E-02
   36      2.1206814158E-04   1.1865792997E-04   2.1491908830E-05   3.5314660366E-04   9.5412188754E-04
   37     -1.6693952768E-05  -1.5030646791E-04  -3.9980677313E-05  -2.3270018808E-02  -1.2430775297E-02
   38      3.6865461485E-04   8.2731201240E-06   5.0722707856E-04   9.2098944611E-03   4.6342535805E-03
   39     -5.4867798443E-04   1.9224361125E-05  -7.7385328393E-04  -1.5180776253E-03  -7.4794621444E-05
   40     -5.5955849381E-05   3.8278682256E-04   3.0546678080E-04  -3.4807914340E-03   8.8746830117E-04
   41      6.2091176710E-04   3.3235428295E-04   6.4286042856E-04   4.7582139358E-04  -9.8075563430E-04
   42     -1.5803078404E-04   2.1709065934E-05  -1.0781615580E-04  -5.2124896747E-05   1.9600942445E-05
   43     -7.3641626588E-05  -9.7893557054E-05   1.1327694001E-04   2.0370025209E-03  -8.1585251398E-04
   44     -1.1032920857E-06  -2.7837344466E-04  -2.8263119499E-04  -5.5007619949E-04   5.8664327053E-04
                   35                 36                 37                 38                 39        
    0     -1.3773492458E-04  -9.1018747830E-04   8.4984632788E-04   5.0088575455E-04  -1.2710341738E-04
    1     -1.8723413937E-04  -1.3214341438E-03   8.0857492507E-04   3.4140040504E-05   8.4767630579E-05
    2     -6.0515290456E-05  -1.1832655645E-03   1.8742156035E-04   7.4458724385E-04  -1.9292198906E-04
    3     -5.7325520837E-05  -3.8406333245E-03   1.9485755973E-03   1.1013500203E-03   1.9438303152E-03
    4      2.2122212844E-04   4.6539142885E-03  -1.8108828324E-03  -9.4446834184E-04  -6.2388971891E-05
    5      9.7991111127E-06   3.0726719234E-03  -6.4560133880E-04  -8.8152143142E-06   1.5710357148E-03
    6     -1.2885945816E-03  -2.3691767002E-02   1.3169961820E-02   7.9823392344E-03  -5.2830642709E-03
    7     -8.1512824723E-03  -1.5514475320E-02   6.0711431648E-03   5.1941886627E-03  -1.2987738659E-03
    8      4.5938224003E-04  -1.3536523798E-02   7.9944269336E-03   2.7559073065E-03   3.1717008010E-02
    9     -5.4916227434E-04   1.0161386034E-03  -7.9797390243E-04  -1.7929533261E-04  -4.6383394170E-03
   10      1.2959629382E-04  -2.5253729308E-04   4.0487254774E-04   7.9331008926E-04   3.0678997506E-03
   11      9.9365092619E-05   3.8682147211E-04   3.3886622999E-04   6.5139812176E-04   1.0986484342E-03
   12      2.1762370786E-03  -2.0323620058E-01  -9.5120481271E-02  -8.8000431951E-02  -4.9716195696E-02
   13      7.7441174137E-02  -9.2568466105E-02  -1.0150941428E-01  -5.2747855635E-02  -3.5865201404E-04
   14     -7.0122695394E-02  -8.6798782838E-02  -5.2693744116E-02  -9.5676600382E-02   2.6611833736E-02
   15      1.7833307960E-03   2.5845554993E-03  -4.1883978771E-04  -6.6266379047E-04   1.7393030890E-03
   16     -1.6092124779E-03  -5.7533662433E-04   1.3768782190E-03   5.2916534905E-04  -1.3333225982E-03
   17      2.5105169448E-04   1.9977127656E-04  -2.1038310686E-05  -6.1929496286E-05  -1.5910511577E-03
   18      2.4320394168E-05  -6.7008901346E-05  -1.4402201159E-04   8.8101520697E-06   1.3632098174E-05
   19     -4.2630864118E-05   1.3020519434E-04   3.1985180315E-05  -2.4673352877E-05   4.7602290767E-06
   20     -2.6287125963E-05  -2.8756556833E-05   5.6955850515E-05  -1.1719553107E-05  -6.1034877580E-06
   21     -4.7437230090E-05  -6.4286575292E-04   3.3105144467E-04   2.0120583396E-04  -2.3038769081E-05
   22      4.1801473599E-05   3.5107446864E-04  -1.1871672369E-04  -4.5377060566E-05  -2.0514838328E-05
   23     -5.2100789762E-06   1.6342066177E-04  -8.7190064564E-05  -3.9593944185E-05  -1.0325063565E-04
   24      3.3849007028E-05   7.4387242046E-06  -1.8710143898E-05  -1.5809430058E-04   1.5786869576E-04
   25     -1.6232220234E-05  -2.0065312711E-05   1.5066332521E-05   6.5051866198E-05  -7.9192481122E-05
   26     -4.2181087529E-05   9.2322606123E-05  -5.6686992690E-06   6.2219840116E-06  -2.5764596841E-04
   27     -2.3429465574E-04   3.5837314357E-04   1.8798743644E-04  -4.0434648656E-05  -1.2312759348E-04
   28     -1.0986012625E-04   7.5534062945E-05   3.4214045118E-04  -2.8166958212E-04  -9.5453429539E-05
   29      3.5761678499E-04   1.9053143629E-04  -1.5875423444E-04  -1.4815839116E-04  -1.0602154837E-05
   30     -2.5576718728E-05   2.1206814158E-04  -1.6693952768E-05   3.6865461485E-04  -5.4867798443E-04
   31      1.7095285465E-04   1.1865792997E-04  -1.5030646791E-04   8.2731201240E-06   1.9224361125E-05
   32     -1.7603567810E-05   2.1491908830E-05  -3.9980677313E-05   5.0722707856E-04  -7.7385328393E-04
   33     -3.0081739196E-03   3.5314660366E-04  -2.3270018808E-02   9.2098944611E-03  -1.5180776253E-03
   34     -8.4103155086E-02   9.5412188754E-04  -1.2430775297E-02   4.6342535805E-03  -7.4794621444E-05
   35      7.2303087266E-02   7.6191995130E-04  -1.3835683083E-02   3.6749068972E-03   2.2867720512E-04
   36      7.6191995130E-04   2.2415867396E-01   1.0156747708E-01   9.4218974834E-02   3.4183335456E-03
   37     -1.3835683083E-02   1.0156747708E-01   1.0700768579E-01   5.7646113910E-02   1.8309709705E-03
   38      3.6749068972E-03   9.4218974834E-02   5.7646113910E-02   9.9513794283E-02  -2.4747348819E-02
   39      2.2867720512E-04   3.4183335456E-03   1.8309709705E-03  -2.4747348819E-02   5.4489016109E-02
   40      3.0609412484E-02   2.6180199787E-03  -2.9345824077E-04  -1.5035819705E-02  -1.1435195153E-03
   41     -7.7533522780E-03   2.3310979636E-03   1.2823894208E-03  -1.1834913782E-02  -3.3488533263E-02
   42      3.3002683779E-04   2.7993481544E-04  -8.3876655301E-05   1.8296209429E-04   2.1564092087E-04
   43     -5.4106424390E-04  -2.3194423419E-04   2.5520723410E-04   1.5777869142E-04  -5.3324797006E-04
   44      8.7263573696E-04   1.2149656606E-04  -9.2501410593E-07  -7.2312151837E-05  -8.5382680502E-05
                   40                 41                 42                 43                 44        
    0     -5.0107190310E-05  -2.4241693451E-05   7.1061409770E-04  -2.5097087551E-04   6.1474542861E-05
    1     -1.0038651638E-04  -1.5822652102E-05  -1.6999937600E-03  -1.2885594576E-04  -9.9881358287E-04
    2     -6.8041510355E-05   4.5947191271E-04   9.7550821075E-04   5.4788565208E-04   9.6412137730E-04
    3     -1.0099838149E-03  -9.6916987202E-04   1.0310162192E-03   6.0774264790E-04   8.1553021041E-04
    4     -1.3013118076E-04   8.7271832410E-05  -1.6214701653E-03  -1.2746303802E-04  -1.4944893510E-04
    5      2.0219653671E-04   7.0552211186E-04  -1.9400269936E-05  -1.1339187479E-03  -5.5727958573E-05
    6      2.3956297822E-03   2.0772581509E-03   9.8467718176E-04   3.4414493980E-02  -1.1176873992E-02
    7     -1.2167319207E-03   4.8025082400E-04  -5.3723303848E-03  -2.2157599361E-02   1.0905424421E-02
    8     -1.6760207120E-02  -1.1897052582E-02   5.1631678684E-05  -1.5402258265E-02   1.9213363430E-03
    9      2.8550419033E-03   1.8751502747E-03   2.3439506593E-04   1.7220174799E-04  -9.1266435202E-04
   10     -9.3060496089E-04  -1.0050915477E-03  -1.2759852209E-03   1.6519452555E-03   5.9841999831E-04
   11     -7.9630046955E-04   1.1817492884E-03   4.6943769448E-04   7.4945222386E-04   3.9043958682E-04
   12     -1.1015502934E-03   2.7974132466E-02   3.4962499766E-04  -2.0081605493E-03   6.1740755638E-05
   13     -4.5496800756E-02   4.2500565725E-03   1.4153891831E-03  -7.7396642068E-03   2.4041075462E-03
