
$orca_hessian_file

$act_atom
  0

$act_coord
  0

$act_energy
        0.000000

$multiplicity
  1

$hessian
45
                    0                  1                  2                  3                  4        
    0      4.8597790544E-01   3.9556115087E-02   2.5415072349E-02  -1.5358888991E-01   4.2321099078E-02
    1      3.9556115087E-02   5.3373308836E-01  -1.0209952430E-02   4.0685211067E-02  -1.0096340969E-01
    2      2.5415072349E-02  -1.0209952430E-02   5.5015953635E-01   2.2765665212E-02  -1.2560303934E-02
    3     -1.5358888991E-01   4.0685211067E-02   2.2765665212E-02   4.4334228722E-01  -7.9660722599E-03
    4      4.2321099078E-02  -1.0096340969E-01  -1.2560303934E-02  -7.9660722599E-03   5.4048315750E-01
    5      2.2282780262E-02  -1.2877337009E-02  -8.5546143870E-02  -1.5719643162E-02  -3.5387352842E-02
    6     -3.2994787392E-02  -1.1626093810E-02  -1.1200967438E-02  -1.3424851932E-01  -2.3373397062E-02
    7      8.4327250781E-03   1.0444438415E-02   8.1499767046E-03  -2.7868628457E-02  -8.5590063077E-02
    8      6.0767281747E-03   5.5968610970E-03   3.6358605303E-03  -3.5271669996E-02  -1.9333414820E-02
    9      2.3447706887E-03  -3.3977863822E-05  -1.1923321521E-03  -5.4999826349E-04  -2.2628709644E-03
   10      6.9513358723E-04  -4.0697798072E-05   5.8415483499E-04   2.5696000346E-04   1.5409749545E-03
   11      1.0409892196E-03   3.7321281238E-04   7.1499565201E-04   1.1246586328E-03  -2.5787809787E-03
   12     -2.4429821292E-03  -3.0224616539E-03  -2.1827590820E-03  -3.2485681575E-02   1.0615946163E-02
   13     -3.5017286007E-03  -2.0636561655E-03  -1.8594356525E-03  -9.9151673112E-03   1.0540048943E-02
   14     -2.0026910800E-03  -1.6558428932E-03  -1.5614168327E-03  -1.3119588001E-02   6.6494622841E-03
   15      5.1784591580E-04   6.7577289392E-04  -5.6692983037E-04  -8.2785946183E-04  -2.9963952928E-02
   16      3.6950571112E-03  -8.4198658552E-05   1.0315930285E-04  -7.5858944860E-03  -3.9659612633E-02
   17     -5.3616663103E-04   7.4595894056E-04  -3.1127432215E-04   4.5592233060E-04  -7.1741873462E-03
   18     -1.9781740273E-01  -1.0501279221E-01  -7.6110919263E-02  -2.2094931620E-02  -1.5575572135E-02
   19     -1.0619847127E-01  -1.1598358617E-01  -5.2494521243E-02   1.4022709387E-02   8.1517639796E-03
   20     -7.6671038640E-02  -5.2445557532E-02  -8.3332820387E-02   7.2605858819E-03   5.3220963082E-03
   21     -4.8723524219E-02   1.0730406095E-03   2.6926735668E-02  -4.5313575581E-03   7.3155000656E-04
   22      1.1456854351E-03  -4.7894438914E-02  -1.0174595863E-02   1.4621426781E-03  -1.3230529655E-03
   23      2.6811643463E-02  -1.0355117608E-02  -2.9674482351E-01   1.8155113785E-03  -5.6623804326E-04
   24     -4.5762819646E-02   1.0153179848E-02  -4.0746188815E-03  -8.9248507012E-04   2.7801334314E-02
   25      9.6861912009E-03  -2.6320030950E-01   8.9126044776E-02   1.7146007875E-03  -1.4130422259E-02
   26     -4.2223632950E-03   9.0405014534E-02  -8.4385616848E-02  -3.1700661527E-04  -9.0101513758E-03
   27     -2.3026786830E-03   2.9813666591E-02  -9.7321534711E-03  -4.5080512794E-02  -5.0605678239E-03
   28      6.6351702215E-04  -1.3685390299E-02   4.4410736119E-03  -5.4587523621E-03  -2.6961497898E-01
   29      2.5617941830E-04  -8.1909485527E-03   2.0422080455E-03   1.1373948595E-03   7.6324506422E-02
   30     -5.1879444340E-03   7.5026865151E-04   3.0071249078E-02  -4.8818533745E-02  -3.2926068603E-04
   31      2.7027539816E-03  -1.1366313076E-03  -1.5566591508E-02   1.7073775361E-04  -4.7217006022E-02
   32      1.1310865178E-03  -2.5078466643E-04  -6.8895200776E-03   2.8926033015E-02  -9.6166534553E-04
   33     -9.3613535738E-04  -1.3685617255E-03  -1.1404016865E-03  -3.8892372277E-03   4.7086945539E-03
   34      8.4679849033E-04   7.8749992450E-04   1.6990231490E-04   1.9356149813E-03  -1.7539756447E-03
   35      4.9812444592E-04   5.3867427133E-05   7.5084315035E-04   1.0941365305E-03  -9.5396976024E-04
   36     -1.2053581004E-04   9.9447151585E-05  -1.8917855453E-04   1.9759377394E-03  -5.1128616947E-05
   37     -5.3322668907E-05  -9.9216938898E-05  -8.1945055830E-05  -9.9781739214E-04  -1.3587813053E-04
   38     -2.8913616054E-05  -8.1552539955E-06   4.6445456072E-04  -9.9880022960E-04   8.1672166172E-05
   39      2.7609947745E-04  -1.4472067750E-04   2.3866027168E-04   6.3880993193E-04  -8.1706821557E-06
   40      2.7813679529E-04   2.9808397913E-04  -1.8876528550E-04  -1.0251222200E-03  -2.8277292203E-04
   41     -1.3733281602E-04  -1.7748512562E-04  -6.4937425249E-05  -6.3019900630E-05   2.0575395398E-04
   42      7.6107878655E-04  -1.5886516538E-03   9.9927913396E-04   1.0509716542E-03  -1.6707234526E-03
   43     -2.7913263016E-04  -1.1157523886E-04   5.4806474317E-04   6.5257032665E-04  -4.4773046203E-05
   44      5.9500872492E-05  -9.8999905790E-04   1.0686549809E-03   8.6843098781E-04  -8.4620712193E-05
                    5                  6                  7                  8                  9        
    0      2.2282780262E-02  -3.2994787392E-02   8.4327250781E-03   6.0767281747E-03   2.3447706887E-03
    1     -1.2877337009E-02  -1.1626093810E-02   1.0444438415E-02   5.5968610970E-03  -3.3977863822E-05
    2     -8.5546143870E-02  -1.1200967438E-02   8.1499767046E-03   3.6358605303E-03  -1.1923321521E-03
    3     -1.5719643162E-02  -1.3424851932E-01  -2.7868628457E-02  -3.5271669996E-02  -5.4999826349E-04
    4     -3.5387352842E-02  -2.3373397062E-02  -8.5590063077E-02  -1.9333414820E-02  -2.2628709644E-03
    5      5.6479133625E-01  -3.6508472780E-02  -2.3163821252E-02  -1.0311800641E-01  -2.7207507878E-02
    6     -3.6508472780E-02   4.9392157791E-01  -2.3435870680E-02  -2.6048252361E-02  -5.2512527205E-02
    7     -2.3163821252E-02  -2.3435870680E-02   4.2943309041E-01   1.7208798550E-02   1.0301741144E-03
    8     -1.0311800641E-01  -2.6048252361E-02   1.7208798550E-02   5.7495301044E-01   1.9771023642E-02
    9     -2.7207507878E-02  -5.2512527205E-02   1.0301741144E-03   1.9771023642E-02   5.8522827041E-02
   10     -1.5469172463E-02   2.6815168000E-03  -4.5163323412E-02  -1.0278433401E-02   8.9958485810E-04
   11     -1.7030450962E-02   2.0440331779E-02  -9.0998695736E-03  -2.7378741293E-01  -2.3400494580E-02
   12      6.0860548112E-03  -1.6409119979E-01   4.3948698554E-02   2.7975989874E-02  -4.6906386571E-03
   13      4.3385899475E-03   3.3527137725E-02  -8.8597709961E-02  -1.2819873747E-02   1.8650327843E-03
   14      3.6155743510E-03   3.2950602328E-02  -1.8819130770E-02  -9.0243394025E-02   2.9227065830E-02
   15      1.0866546598E-02  -8.6782373371E-02   1.0905130231E-02   1.3163124945E-02   2.6247968392E-03
   16      1.1195170295E-02  -2.6087599570E-02  -1.6665477952E-01   4.7522735160E-02  -1.7033501667E-03
   17      7.5847556090E-03   2.2858274635E-02   2.8054649328E-02  -8.7853578152E-02   3.4012260095E-03
   18     -1.1924156911E-02  -3.4658916577E-03   5.0602593259E-03   3.4212367773E-03   2.8024345956E-04
   19      7.4089297063E-03   2.6468762479E-03  -3.2130590116E-03  -1.1647156918E-03  -6.7911825277E-05
   20      2.4421505507E-03   8.6165702544E-04  -5.3978043949E-04  -4.1747600777E-04   3.3690375116E-04
   21      3.0324346895E-02   2.1901698395E-03  -1.3666722913E-04   2.2833233644E-03  -2.5271186736E-04
   22     -1.6001549022E-02  -8.4285846643E-04   5.5450658812E-04   3.6301490551E-04   1.3516455266E-04
   23     -8.2982849517E-03  -1.1346258998E-03  -5.0005683340E-04   5.7555461640E-04   8.9123696472E-04
   24     -1.1777235740E-02   1.3846589987E-03   2.0344559764E-03  -8.2353022787E-04  -1.4777862946E-04
   25      5.1777747123E-03  -1.0360479511E-03  -2.2749936045E-03  -1.1066727686E-04   1.5148234061E-04
   26      2.6355936241E-03  -8.2798261272E-05   1.2940806384E-03  -2.1689585371E-04  -4.2275708673E-05
   27      2.1739231740E-04   1.3137794666E-03  -2.1865873379E-02   1.0978469785E-02   8.0771410579E-04
   28      7.5534727735E-02   2.1156681064E-03  -1.5794270502E-02   7.7404965021E-03   1.1049828899E-04
   29     -7.4210233912E-02   1.7223791343E-04  -1.2566196496E-02   2.9856528082E-03   6.7293752679E-04
   30      2.9091641811E-02   2.6155647935E-04   2.9630395415E-04  -2.8588551065E-02  -3.9395796331E-03
   31      4.7278809708E-04  -4.1974991697E-05  -1.3594700574E-03  -1.6744213863E-02  -2.2813445291E-03
   32     -2.9350846438E-01   4.6396567067E-04   9.8066819457E-04  -1.9346301128E-02  -2.7532154558E-03
   33      3.0204587207E-03  -2.4127779789E-02  -1.5824679687E-02  -1.3411493627E-02   1.0517672654E-03
   34     -5.6536095652E-04   1.2905294621E-02   6.0675798740E-03   7.5903190416E-03  -7.8539124923E-04
   35     -4.7699357212E-05   8.1273991309E-03   5.1904233185E-03   2.6980962828E-03  -1.7502986193E-04
   36      1.6150333020E-03  -5.4184972249E-03  -1.0207155209E-03   3.2007830891E-02  -4.6599058063E-03
   37      2.4551490416E-04   2.3372254008E-03  -1.2256601178E-03  -1.6435249595E-02   2.7890335137E-03
   38      7.1918473275E-04   2.1229564521E-03   4.7360468675E-04  -1.2271668565E-02   1.9522816092E-03
   39     -3.1106344039E-04   3.6294959364E-03   2.3918933863E-02  -1.1600367509E-02   9.1687382784E-04
   40      2.5023831334E-04  -4.9086008689E-03  -1.3587506665E-02   6.1996325296E-03   4.5609886875E-05
   41      1.3655801862E-05  -1.3013830794E-03  -8.2210603843E-03   5.0782696407E-04  -5.4860634266E-04
   42     -1.4785732552E-05   9.4033712512E-04  -5.3589153455E-03   7.0690391644E-05   2.0414683528E-04
   43     -1.1319461425E-03   3.5023393701E-02  -2.3038779360E-02  -1.5165217913E-02   1.1915647427E-04
   44     -4.2967075278E-05  -1.1725478176E-02   1.1387642850E-02   1.8987314216E-03  -9.2363189756E-04
                   10                 11                 12                 13                 14        
    0      6.9513358723E-04   1.0409892196E-03  -2.4429821292E-03  -3.5017286007E-03  -2.0026910800E-03
    1     -4.0697798072E-05   3.7321281238E-04  -3.0224616539E-03  -2.0636561655E-03  -1.6558428932E-03
    2      5.8415483499E-04   7.1499565201E-04  -2.1827590820E-03  -1.8594356525E-03  -1.5614168327E-03
    3      2.5696000346E-04   1.1246586328E-03  -3.2485681575E-02  -9.9151673112E-03  -1.3119588001E-02
    4      1.5409749545E-03  -2.5787809787E-03   1.0615946163E-02   1.0540048943E-02   6.6494622841E-03
    5     -1.5469172463E-02  -1.7030450962E-02   6.0860548112E-03   4.3385899475E-03   3.6155743510E-03
    6      2.6815168000E-03   2.0440331779E-02  -1.6409119979E-01   3.3527137725E-02   3.2950602328E-02
    7     -4.5163323412E-02  -9.0998695736E-03   4.3948698554E-02  -8.8597709961E-02  -1.8819130770E-02
    8     -1.0278433401E-02  -2.7378741293E-01   2.7975989874E-02  -1.2819873747E-02  -9.0243394025E-02
    9      8.9958485810E-04  -2.3400494580E-02  -4.6906386571E-03   1.8650327843E-03   2.9227065830E-02
   10      6.1991736574E-02   5.8834433513E-04   2.0512313380E-03   5.2325099980E-04  -1.5683567636E-02
   11      5.8834433513E-04   3.0366486084E-01   9.9665110559E-04  -1.3720590705E-03  -8.3648303130E-03
   12      2.0512313380E-03   9.9665110559E-04   4.9909884290E-01   4.1058300235E-02   2.5550983907E-02
   13      5.2325099980E-04  -1.3720590705E-03   4.1058300235E-02   5.5722000553E-01  -1.3508968855E-02
   14     -1.5683567636E-02  -8.3648303130E-03   2.5550983907E-02  -1.3508968855E-02   5.5653865949E-01
   15     -5.2309105610E-03   1.0864551584E-03   1.0546705676E-03   3.6974412795E-02  -1.1026615277E-02
   16     -2.0267845043E-02   1.4506501931E-02   5.1459261734E-03  -3.6846969263E-02   8.7566624677E-03
   17      4.0988998228E-02  -8.7560702335E-03  -8.4420917097E-04  -7.0559851074E-03   5.7492315268E-03
   18      1.0254909674E-04  -9.9974638626E-06  -1.1638057201E-03  -1.4195667369E-03  -9.8183281319E-04
   19     -2.8350994352E-05   7.2095128825E-06   6.6852792090E-04   6.6800080278E-04   3.6822282109E-04
   20      4.7826289896E-05   4.7424612693E-04   2.9071959028E-04   8.3608101086E-05   5.0301737939E-04
   21     -1.6895839465E-04  -1.1130854548E-03  -1.4753414960E-05   1.9711331975E-04  -1.6206073279E-04
   22      2.0536979703E-04   3.5291954785E-04  -7.1024602032E-05  -1.0424158403E-04   1.1596585373E-05
   23      3.3262589283E-04   5.2031348213E-04  -3.6363011909E-05   8.5354547581E-05   5.0945653089E-04
   24     -1.5568044667E-04   4.3968777058E-05   2.1966019025E-05  -1.4852857130E-04   1.6688405331E-04
   25      7.1505873394E-05  -2.2355866694E-05   1.5176269526E-04   5.2601776878E-05   1.2757139008E-04
   26      1.3173450173E-05   5.4715679333E-05  -1.0342017701E-04  -1.6602132794E-04   8.1704860020E-05
   27      6.7402189860E-04  -3.9147117831E-04   5.2744853830E-04  -6.0428497246E-05   5.2080648421E-04
   28      4.4569395598E-04  -7.7052741107E-04   1.0778434305E-03   3.6870705460E-05   4.9140841805E-04
   29      3.5234942483E-04   8.5133611963E-05   2.9759988152E-04   2.5693852913E-04   1.4675405337E-04
   30     -2.7433993581E-03  -2.3206505520E-03   1.7253576740E-03  -1.3229170646E-04  -1.2450966157E-03
   31     -8.0495601081E-04  -1.7012249724E-03   8.7276699827E-04   1.8522705454E-06   3.4092854223E-04
   32     -1.7169454419E-03   9.8931740531E-05   1.0751216094E-03   8.0359315009E-05   6.1478988530E-04
   33     -2.6377896875E-04   3.7137650189E-04  -2.0201019349E-01  -9.6413499936E-02  -8.5311420484E-02
   34      4.1580121883E-04   3.7395782570E-04  -9.9159353572E-02  -1.0640442530E-01  -5.3915971622E-02
   35      8.0383637883E-04   6.4678464988E-04  -8.6417129692E-02  -5.3822359991E-02  -9.3581148242E-02
   36      3.0728920883E-03   1.1537281872E-03  -4.8709706114E-02  -4.6502322204E-04   2.4927465232E-02
   37     -9.2587075301E-04  -7.9681984324E-04  -1.2100932879E-03  -4.5577715289E-02   5.8878356961E-03
   38     -1.0631174412E-03   1.1529529875E-03   2.6283913259E-02   4.9920599164E-03  -3.0233853936E-01
   39     -5.4081885812E-04   3.8951527772E-04  -4.7228927139E-02  -3.0791410222E-03   1.8559063254E-03
   40      3.3206845335E-04  -7.3230280337E-04  -2.0096524106E-04  -2.8169975123E-01   7.7303063418E-02
   41      1.2701364401E-04   9.3565259240E-05   1.0052395385E-03   7.8335566956E-02  -7.1004402175E-02
   42     -1.3412332985E-03   5.7844313243E-04   4.0960232662E-04   1.5497005113E-03  -1.3749160356E-03
   43      1.7046421840E-03   7.2669124564E-04  -1.9634269175E-03  -7.7481622314E-03   3.6722742665E-03
   44      5.1801721342E-04   4.3226440302E-04   4.6114435028E-05   2.4066823263E-03  -6.6545712255E-04
                   15                 16                 17                 18                 19        
    0      5.1784591580E-04   3.6950571112E-03  -5.3616663103E-04  -1.9781740273E-01  -1.0619847127E-01
    1      6.7577289392E-04  -8.4198658552E-05   7.4595894056E-04  -1.0501279221E-01  -1.1598358617E-01
    2     -5.6692983037E-04   1.0315930285E-04  -3.1127432215E-04  -7.6110919263E-02  -5.2494521243E-02
    3     -8.2785946183E-04  -7.5858944860E-03   4.5592233060E-04  -2.2094931620E-02   1.4022709387E-02
    4     -2.9963952928E-02  -3.9659612633E-02  -7.1741873462E-03  -1.5575572135E-02   8.1517639796E-03
    5      1.0866546598E-02   1.1195170295E-02   7.5847556090E-03  -1.1924156911E-02   7.4089297063E-03
    6     -8.6782373371E-02  -2.6087599570E-02   2.2858274635E-02  -3.4658916577E-03   2.6468762479E-03
    7      1.0905130231E-02  -1.6665477952E-01   2.8054649328E-02   5.0602593259E-03  -3.2130590116E-03
    8      1.3163124945E-02   4.7522735160E-02  -8.7853578152E-02   3.4212367773E-03  -1.1647156918E-03
    9      2.6247968392E-03  -1.7033501667E-03   3.4012260095E-03   2.8024345956E-04  -6.7911825277E-05
   10     -5.2309105610E-03  -2.0267845043E-02   4.0988998228E-02   1.0254909674E-04  -2.8350994352E-05
   11      1.0864551584E-03   1.4506501931E-02  -8.7560702335E-03  -9.9974638626E-06   7.2095128825E-06
   12      1.0546705676E-03   5.1459261734E-03  -8.4420917097E-04  -1.1638057201E-03   6.6852792090E-04
   13      3.6974412795E-02  -3.6846969263E-02  -7.0559851074E-03  -1.4195667369E-03   6.6800080278E-04
   14     -1.1026615277E-02   8.7566624677E-03   5.7492315268E-03  -9.8183281319E-04   3.6822282109E-04
   15      4.1960249622E-01  -1.7680262844E-01  -1.6643522972E-01   4.4077817496E-04  -9.2716377498E-04
   16     -1.7680262844E-01   4.1178410507E-01   7.3887599519E-03   9.9976544461E-05   9.2835815485E-04
   17     -1.6643522972E-01   7.3887599519E-03   1.4801670863E-01  -7.4889002889E-05  -3.6795093474E-04
   18      4.4077817496E-04   9.9976544461E-05  -7.4889002889E-05   2.1834558647E-01   1.1249903734E-01
   19     -9.2716377498E-04   9.2835815485E-04  -3.6795093474E-04   1.1249903734E-01   1.2462047736E-01
   20      3.2280982798E-04  -2.2066000994E-04   3.6827131310E-04   8.2617922280E-02   5.7258265354E-02
   21     -1.8726909602E-04  -1.5872564679E-04  -4.6420140941E-04   3.1034263239E-03   3.0778985356E-04
   22     -2.1741339090E-04  -6.8026300522E-05  -2.6584471286E-04   2.7540613137E-03  -1.2475963605E-03
   23      4.3861109284E-04   6.3753059162E-04   2.5808985892E-04   1.7712459288E-03   5.2610475102E-04
   24      2.9981856300E-04  -1.5636114235E-03   6.5737847993E-04   1.0367814001E-03  -2.2767574842E-02
   25     -1.8777800912E-03   1.6202195269E-03  -6.6956233298E-04   1.1917872364E-03  -1.5682897993E-02
   26      3.8862723474E-04  -4.8757329060E-04  -6.4860174014E-05   9.6708089435E-04  -1.2282504867E-02
   27     -4.8715652157E-03  -6.2478681315E-03  -2.3881409819E-03   1.2141173339E-03  -4.3647824612E-04
   28     -3.9231809182E-03  -2.3135983456E-03  -2.4794512946E-03   2.1946213294E-04   9.0368388746E-04
   29     -2.5344697952E-03  -2.5716801133E-03   8.6739675833E-04  -5.3823052065E-04   4.4081721827E-04
   30      1.4000980017E-03   1.7252154576E-03   1.8863992050E-03   6.9736139562E-04  -7.4701361817E-04
   31      1.3131759601E-03   1.5692897033E-03   6.2879696092E-04  -3.9633778382E-04   3.4986720580E-04
   32      8.1938921728E-04  -2.9975755643E-04   2.8366377068E-03   5.4475952529E-04   5.7076913956E-05
   33      2.6433989995E-03  -6.6125851082E-04   2.1633457317E-04  -6.4854284891E-04   3.6230193103E-04
   34     -2.8102148781E-04   1.3617928517E-03  -2.5132739868E-05   3.2759429260E-04  -1.1713221635E-04
   35     -7.0017199122E-04   5.7051285026E-04  -7.0320844977E-05   2.0162935948E-04  -4.8066161468E-05
   36      1.7638234689E-03  -1.4404436647E-03  -1.5771696554E-03  -1.7400700921E-05  -2.3459743758E-05
   37     -6.2467568007E-04   1.2867127954E-03   6.0755024734E-05  -1.8634994324E-05  -2.6363153026E-06
   38     -5.1410168827E-04  -4.7534253753E-04   1.3880064707E-03   6.1000731632E-05  -4.4223015439E-05
   39     -5.7441117952E-03   4.2686233955E-03   1.9935509918E-03   6.5997895830E-05  -3.7033135899E-05
   40      4.4603480556E-03  -1.6918847846E-03  -1.9010451962E-03   2.5093134839E-05   2.0886602359E-05
   41      1.8150960096E-03  -1.5849683032E-03   2.6680462039E-04  -4.6293877550E-05   4.1186954878E-05
   42     -3.3193454781E-01   2.0733610977E-01   1.4080464341E-01   2.3682817669E-05   7.1218985543E-04
   43      1.6550035893E-01  -1.5096356355E-01  -5.7965177847E-02   1.2875737344E-04   6.3222106595E-04
   44      1.5292313516E-01  -8.5004631660E-02  -7.0279798767E-02   9.8350735959E-05   2.9743101717E-04
                   20                 21                 22                 23                 24        
    0     -7.6671038640E-02  -4.8723524219E-02   1.1456854351E-03   2.6811643463E-02  -4.5762819646E-02
    1     -5.2445557532E-02   1.0730406095E-03  -4.7894438914E-02  -1.0355117608E-02   1.0153179848E-02
    2     -8.3332820387E-02   2.6926735668E-02  -1.0174595863E-02  -2.9674482351E-01  -4.0746188815E-03
    3      7.2605858819E-03  -4.5313575581E-03   1.4621426781E-03   1.8155113785E-03  -8.9248507012E-04
    4      5.3220963082E-03   7.3155000656E-04  -1.3230529655E-03  -5.6623804326E-04   2.7801334314E-02
    5      2.4421505507E-03   3.0324346895E-02  -1.6001549022E-02  -8.2982849517E-03  -1.1777235740E-02
    6      8.6165702544E-04   2.1901698395E-03  -8.4285846643E-04  -1.1346258998E-03   1.3846589987E-03
    7     -5.3978043949E-04  -1.3666722913E-04   5.5450658812E-04  -5.0005683340E-04   2.0344559764E-03
    8     -4.1747600777E-04   2.2833233644E-03   3.6301490551E-04   5.7555461640E-04  -8.2353022787E-04
    9      3.3690375116E-04  -2.5271186736E-04   1.3516455266E-04   8.9123696472E-04  -1.4777862946E-04
   10      4.7826289896E-05  -1.6895839465E-04   2.0536979703E-04   3.3262589283E-04  -1.5568044667E-04
   11      4.7424612693E-04  -1.1130854548E-03   3.5291954785E-04   5.2031348213E-04   4.3968777058E-05
   12      2.9071959028E-04  -1.4753414960E-05  -7.1024602032E-05  -3.6363011909E-05   2.1966019025E-05
   13      8.3608101086E-05   1.9711331975E-04  -1.0424158403E-04   8.5354547581E-05  -1.4852857130E-04
   14      5.0301737939E-04  -1.6206073279E-04   1.1596585373E-05   5.0945653089E-04   1.6688405331E-04
   15      3.2280982798E-04  -1.8726909602E-04  -2.1741339090E-04   4.3861109284E-04   2.9981856300E-04
   16     -2.2066000994E-04  -1.5872564679E-04  -6.8026300522E-05   6.3753059162E-04  -1.5636114235E-03
   17      3.6827131310E-04  -4.6420140941E-04  -2.6584471286E-04   2.5808985892E-04   6.5737847993E-04
   18      8.2617922280E-02   3.1034263239E-03   2.7540613137E-03   1.7712459288E-03   1.0367814001E-03
   19      5.7258265354E-02   3.0778985356E-04  -1.2475963605E-03   5.2610475102E-04  -2.2767574842E-02
   20      8.7026368739E-02  -2.4690162720E-02  -1.7165011827E-02  -1.1256028773E-02   1.0669137523E-02
   21     -2.4690162720E-02   5.3782230667E-02  -3.8098670509E-03  -3.2593765763E-02  -1.4507712387E-03
   22     -1.7165011827E-02  -3.8098670509E-03   4.7699745429E-02   1.3081892098E-02  -2.9125188268E-03
   23     -1.1256028773E-02  -3.2593765763E-02   1.3081892098E-02   3.2380249718E-01   5.6152856569E-04
   24      1.0669137523E-02  -1.4507712387E-03  -2.9125188268E-03   5.6152856569E-04   5.1568341850E-02
   25      7.0992258093E-03  -5.1464768652E-04   2.8489225293E-03  -1.5602680132E-03  -1.2676864926E-02
   26      4.2499273783E-03  -1.0058191573E-03   3.0023201865E-02  -1.0478242589E-02   4.3070752219E-03
   27     -6.0610367321E-04   1.0656630511E-03  -6.1900055213E-04   1.9006887236E-04  -5.2962789278E-03
   28      1.4557943637E-04  -1.9168212556E-04   1.2353648565E-04  -4.5031324063E-04   2.4341194325E-03
   29      1.7862277707E-04  -5.6810272542E-04  -2.7366366293E-04   4.7956315105E-04   1.3360984006E-03
   30     -1.9853299555E-04  -5.0746584607E-03   3.0845903674E-03   1.2371406011E-03   1.4033909024E-03
   31      4.9662585741E-04   2.9906661151E-03  -6.1590548581E-04  -1.3179792997E-03  -6.8701745846E-04
   32      3.4367717315E-04   1.1208751425E-03  -5.5609526787E-04   1.3380980755E-03   2.9016185856E-05
   33      1.5405176862E-04   5.1433255988E-06  -1.6443649305E-05   9.4728862488E-05  -6.5591360858E-05
   34     -8.2566194609E-05  -2.4691577215E-05   1.8107043664E-05  -6.2924314204E-06  -1.4247323167E-04
   35     -3.6458213742E-05  -1.5820815041E-04   6.6224646279E-05   4.5756917157E-06   1.2334763960E-05
   36     -1.0416545171E-04   1.5926502337E-04  -8.8343289003E-05  -2.5716680100E-04   6.3844261741E-06
   37      5.5955251927E-05  -4.2866786022E-05  -9.8079842224E-06   3.0529044404E-05   5.3715994784E-05
   38     -4.5582474942E-06  -2.6066425535E-04   5.7479361906E-05   2.4641978608E-05   1.9584082050E-05
   39     -5.7904121594E-06  -3.3153898453E-06   1.8332634274E-05  -5.7825433697E-06   1.7712639351E-04
   40     -1.8657849310E-05   1.3481353739E-05  -4.5690039090E-05   9.7263248727E-06  -2.0042660627E-04
   41     -5.4495806453E-06   3.5352652359E-05  -1.8590663449E-05  -4.1127874479E-05   2.1432336144E-05
   42     -2.3490013633E-04  -6.7536986314E-05  -2.5576509689E-05   2.0539403793E-04  -2.2827436803E-03
   43     -4.0210892214E-05  -2.6246540554E-04  -1.4142823992E-04   5.8554263544E-05  -1.2122164564E-03
   44     -5.3349022812E-04   3.3603089655E-04   4.9296996496E-04  -6.9428286745E-04  -1.1475678917E-03
                   25                 26                 27                 28                 29        
    0      9.6861912009E-03  -4.2223632950E-03  -2.3026786830E-03   6.6351702215E-04   2.5617941830E-04
    1     -2.6320030950E-01   9.0405014534E-02   2.9813666591E-02  -1.3685390299E-02  -8.1909485527E-03
    2      8.9126044776E-02  -8.4385616848E-02  -9.7321534711E-03   4.4410736119E-03   2.0422080455E-03
    3      1.7146007875E-03  -3.1700661527E-04  -4.5080512794E-02  -5.4587523621E-03   1.1373948595E-03
    4     -1.4130422259E-02  -9.0101513758E-03  -5.0605678239E-03  -2.6961497898E-01   7.6324506422E-02
    5      5.1777747123E-03   2.6355936241E-03   2.1739231740E-04   7.5534727735E-02  -7.4210233912E-02
    6     -1.0360479511E-03  -8.2798261272E-05   1.3137794666E-03   2.1156681064E-03   1.7223791343E-04
    7     -2.2749936045E-03   1.2940806384E-03  -2.1865873379E-02  -1.5794270502E-02  -1.2566196496E-02
    8     -1.1066727686E-04  -2.1689585371E-04   1.0978469785E-02   7.7404965021E-03   2.9856528082E-03
    9      1.5148234061E-04  -4.2275708673E-05   8.0771410579E-04   1.1049828899E-04   6.7293752679E-04
   10      7.1505873394E-05   1.3173450173E-05   6.7402189860E-04   4.4569395598E-04   3.5234942483E-04
   11     -2.2355866694E-05   5.4715679333E-05  -3.9147117831E-04  -7.7052741107E-04   8.5133611963E-05
   12      1.5176269526E-04  -1.0342017701E-04   5.2744853830E-04   1.0778434305E-03   2.9759988152E-04
   13      5.2601776878E-05  -1.6602132794E-04  -6.0428497246E-05   3.6870705460E-05   2.5693852913E-04
   14      1.2757139008E-04   8.1704860020E-05   5.2080648421E-04   4.9140841805E-04   1.4675405337E-04
   15     -1.8777800912E-03   3.8862723474E-04  -4.8715652157E-03  -3.9231809182E-03  -2.5344697952E-03
   16      1.6202195269E-03  -4.8757329060E-04  -6.2478681315E-03  -2.3135983456E-03  -2.5716801133E-03
   17     -6.6956233298E-04  -6.4860174014E-05  -2.3881409819E-03  -2.4794512946E-03   8.6739675833E-04
   18      1.1917872364E-03   9.6708089435E-04   1.2141173339E-03   2.1946213294E-04  -5.3823052065E-04
   19     -1.5682897993E-02  -1.2282504867E-02  -4.3647824612E-04   9.0368388746E-04   4.4081721827E-04
   20      7.0992258093E-03   4.2499273783E-03  -6.0610367321E-04   1.4557943637E-04   1.7862277707E-04
   21     -5.1464768652E-04  -1.0058191573E-03   1.0656630511E-03  -1.9168212556E-04  -5.6810272542E-04
   22      2.8489225293E-03   3.0023201865E-02  -6.1900055213E-04   1.2353648565E-04  -2.7366366293E-04
   23     -1.5602680132E-03  -1.0478242589E-02   1.9006887236E-04  -4.5031324063E-04   4.7956315105E-04
   24     -1.2676864926E-02   4.3070752219E-03  -5.2962789278E-03   2.4341194325E-03   1.3360984006E-03
   25      2.8930834572E-01  -9.7820558091E-02   2.9984004809E-03   4.5953007889E-05  -1.3052448485E-03
   26     -9.7820558091E-02   8.6696320871E-02   2.0585755728E-03  -1.1845122796E-03   7.1568277770E-04
   27      2.9984004809E-03   2.0585755728E-03   5.4954641476E-02   3.3195991535E-03  -1.3212328745E-03
   28      4.5953007889E-05  -1.1845122796E-03   3.3195991535E-03   2.9724598469E-01  -8.2664278850E-02
   29     -1.3052448485E-03   7.1568277770E-04  -1.3212328745E-03  -8.2664278850E-02   7.5287811407E-02
   30     -2.5853148264E-05  -6.3694986877E-04  -9.6826769696E-04  -1.1420718316E-04   8.5124204020E-04
   31      4.2108132117E-04  -3.7150462896E-04  -3.0575228225E-03   8.4460148151E-04   3.0050364073E-02
   32     -3.5050480702E-04   5.5115442193E-04   6.2047027769E-04  -6.9678249887E-04  -8.7828240737E-03
   33      1.2955398213E-04  -3.5668571760E-05   3.4798449899E-04   6.1563197708E-05   1.8832492198E-04
   34      3.4976599719E-05   5.7216765600E-05   1.8765251114E-04   3.1882654906E-04  -1.5762692080E-04
   35     -2.7961500336E-05  -1.2386753282E-05  -5.4490258687E-05  -2.7876436734E-04  -1.3907371799E-04
   36      6.7878812830E-06  -1.0485611751E-05  -1.2436225553E-04  -8.7181709332E-05  -1.5913634054E-05
   37     -2.3852548324E-05  -5.2753410034E-07  -5.7609174562E-05  -2.3444095171E-06   1.3797775680E-04
   38      2.2823245075E-05  -1.6050880204E-05   6.6616779994E-05  -1.0831357331E-04   4.7705970755E-06
   39     -3.4467202239E-05   6.5224138345E-07  -1.0071750607E-03  -2.4904700686E-04  -6.7607982417E-06
   40      2.0625170918E-04  -3.3835874488E-05   1.3478416913E-04   9.0246688038E-04  -7.6001207024E-05
   41     -4.3134711104E-05  -2.5040358654E-05  -2.1668836704E-04  -1.0013002202E-04   3.4904099519E-04
   42      1.2520162284E-04  -1.2667095462E-03  -5.8050783721E-04  -2.1475757365E-05   8.4110811614E-05
   43      7.0261783939E-04  -4.3033570605E-04   3.2048011981E-04   5.4296488886E-04   2.5136219903E-04
   44      3.5165523583E-04   2.1399384347E-04   4.6465289337E-05   3.7111286214E-04  -1.0505278907E-05
                   30                 31                 32                 33                 34        
    0     -5.1879444340E-03   2.7027539816E-03   1.1310865178E-03  -9.3613535738E-04   8.4679849033E-04
    1      7.5026865151E-04  -1.1366313076E-03  -2.5078466643E-04  -1.3685617255E-03   7.8749992450E-04
    2      3.0071249078E-02  -1.5566591508E-02  -6.8895200776E-03  -1.1404016865E-03   1.6990231490E-04
    3     -4.8818533745E-02   1.7073775361E-04   2.8926033015E-02  -3.8892372277E-03   1.9356149813E-03
    4     -3.2926068603E-04  -4.7217006022E-02  -9.6166534553E-04   4.7086945539E-03  -1.7539756447E-03
    5      2.9091641811E-02   4.7278809708E-04  -2.9350846438E-01   3.0204587207E-03  -5.6536095652E-04
    6      2.6155647935E-04  -4.1974991697E-05   4.6396567067E-04  -2.4127779789E-02   1.2905294621E-02
    7      2.9630395415E-04  -1.3594700574E-03   9.8066819457E-04  -1.5824679687E-02   6.0675798740E-03
    8     -2.8588551065E-02  -1.6744213863E-02  -1.9346301128E-02  -1.3411493627E-02   7.5903190416E-03
    9     -3.9395796331E-03  -2.2813445291E-03  -2.7532154558E-03   1.0517672654E-03  -7.8539124923E-04
   10     -2.7433993581E-03  -8.0495601081E-04  -1.7169454419E-03  -2.6377896875E-04   4.1580121883E-04
   11     -2.3206505520E-03  -1.7012249724E-03   9.8931740531E-05   3.7137650189E-04   3.7395782570E-04
   12      1.7253576740E-03   8.7276699827E-04   1.0751216094E-03  -2.0201019349E-01  -9.9159353572E-02
   13     -1.3229170646E-04   1.8522705454E-06   8.0359315009E-05  -9.6413499936E-02  -1.0640442530E-01
   14     -1.2450966157E-03   3.4092854223E-04   6.1478988530E-04  -8.5311420484E-02  -5.3915971622E-02
   15      1.4000980017E-03   1.3131759601E-03   8.1938921728E-04   2.6433989995E-03  -2.8102148781E-04
   16      1.7252154576E-03   1.5692897033E-03  -2.9975755643E-04  -6.6125851082E-04   1.3617928517E-03
   17      1.8863992050E-03   6.2879696092E-04   2.8366377068E-03   2.1633457317E-04  -2.5132739868E-05
   18      6.9736139562E-04  -3.9633778382E-04   5.4475952529E-04  -6.4854284891E-04   3.2759429260E-04
   19     -7.4701361817E-04   3.4986720580E-04   5.7076913956E-05   3.6230193103E-04  -1.1713221635E-04
   20     -1.9853299555E-04   4.9662585741E-04   3.4367717315E-04   1.5405176862E-04  -8.2566194609E-05
   21     -5.0746584607E-03   2.9906661151E-03   1.1208751425E-03   5.1433255988E-06  -2.4691577215E-05
   22      3.0845903674E-03  -6.1590548581E-04  -5.5609526787E-04  -1.6443649305E-05   1.8107043664E-05
   23      1.2371406011E-03  -1.3179792997E-03   1.3380980755E-03   9.4728862488E-05  -6.2924314204E-06
   24      1.4033909024E-03  -6.8701745846E-04   2.9016185856E-05  -6.5591360858E-05  -1.4247323167E-04
   25     -2.5853148264E-05   4.2108132117E-04  -3.5050480702E-04   1.2955398213E-04   3.4976599719E-05
   26     -6.3694986877E-04  -3.7150462896E-04   5.5115442193E-04  -3.5668571760E-05   5.7216765600E-05
   27     -9.6826769696E-04  -3.0575228225E-03   6.2047027769E-04   3.4798449899E-04   1.8765251114E-04
   28     -1.1420718316E-04   8.4460148151E-04  -6.9678249887E-04   6.1563197708E-05   3.1882654906E-04
   29      8.5124204020E-04   3.0050364073E-02  -8.7828240737E-03   1.8832492198E-04  -1.5762692080E-04
   30      5.9069295820E-02  -1.7242276246E-03  -3.1090015441E-02   2.2445955916E-04  -6.8327693458E-06
   31     -1.7242276246E-03   4.7833013852E-02   3.4430082477E-03   1.2821064545E-04  -1.5104722804E-04
   32     -3.1090015441E-02   3.4430082477E-03   3.2188973252E-01   3.6037142613E-05  -2.9289558254E-05
   33      2.2445955916E-04   1.2821064545E-04   3.6037142613E-05   2.2310557674E-01   1.0550328282E-01
   34     -6.8327693458E-06  -1.5104722804E-04  -2.9289558254E-05   1.0550328282E-01   1.1199933466E-01
   35      3.6166070746E-04   1.8499194781E-05   5.1181444688E-04   9.2433189657E-02   5.8934721549E-02
   36     -5.4396337789E-04  -6.4134306963E-06  -7.8853940157E-04   3.1442350169E-03   1.7448519393E-03
   37     -7.2608172984E-05   3.7868353103E-04   2.9030679087E-04   2.5428170707E-03  -2.3102057142E-04
   38      6.4162178590E-04   3.4680977283E-04   6.5455417081E-04   2.1956757906E-03   1.2168428087E-03
   39     -5.1383784469E-05  -7.8353865382E-06  -7.6174547864E-05   8.5679740795E-04  -2.2958536122E-02
   40      8.4315317597E-05  -1.0488286461E-05  -7.9665216269E-05   1.3253167295E-03  -1.2604738442E-02
   41     -2.5012658846E-05   1.7189329811E-04  -2.4246501934E-05   1.0749571377E-03  -1.3552537909E-02
   42     -1.9718870000E-04   2.9003614352E-05  -1.0726225200E-04   2.9811725431E-04  -8.0060845861E-05
   43     -4.9640522459E-05  -1.0288496663E-04   1.0802894484E-04  -2.2624724486E-04   2.5842068688E-04
   44      1.2306761760E-05  -2.8615782018E-04  -2.8803397715E-04   1.2655594158E-04   8.2549368608E-06
                   35                 36                 37                 38                 39        
    0      4.9812444592E-04  -1.2053581004E-04  -5.3322668907E-05  -2.8913616054E-05   2.7609947745E-04
    1      5.3867427133E-05   9.9447151585E-05  -9.9216938898E-05  -8.1552539955E-06  -1.4472067750E-04
    2      7.5084315035E-04  -1.8917855453E-04  -8.1945055830E-05   4.6445456072E-04   2.3866027168E-04
    3      1.0941365305E-03   1.9759377394E-03  -9.9781739214E-04  -9.9880022960E-04   6.3880993193E-04
    4     -9.5396976024E-04  -5.1128616947E-05  -1.3587813053E-04   8.1672166172E-05  -8.1706821557E-06
    5     -4.7699357212E-05   1.6150333020E-03   2.4551490416E-04   7.1918473275E-04  -3.1106344039E-04
    6      8.1273991309E-03  -5.4184972249E-03   2.3372254008E-03   2.1229564521E-03   3.6294959364E-03
    7      5.1904233185E-03  -1.0207155209E-03  -1.2256601178E-03   4.7360468675E-04   2.3918933863E-02
    8      2.6980962828E-03   3.2007830891E-02  -1.6435249595E-02  -1.2271668565E-02  -1.1600367509E-02
    9     -1.7502986193E-04  -4.6599058063E-03   2.7890335137E-03   1.9522816092E-03   9.1687382784E-04
   10      8.0383637883E-04   3.0728920883E-03  -9.2587075301E-04  -1.0631174412E-03  -5.4081885812E-04
   11      6.4678464988E-04   1.1537281872E-03  -7.9681984324E-04   1.1529529875E-03   3.8951527772E-04
   12     -8.6417129692E-02  -4.8709706114E-02  -1.2100932879E-03   2.6283913259E-02  -4.7228927139E-02
   13     -5.3822359991E-02  -4.6502322204E-04  -4.5577715289E-02   4.9920599164E-03  -3.0791410222E-03
   14     -9.3581148242E-02   2.4927465232E-02   5.8878356961E-03  -3.0233853936E-01   1.8559063254E-03
   15     -7.0017199122E-04   1.7638234689E-03  -6.2467568007E-04  -5.1410168827E-04  -5.7441117952E-03
   16      5.7051285026E-04  -1.4404436647E-03   1.2867127954E-03  -4.7534253753E-04   4.2686233955E-03
   17     -7.0320844977E-05  -1.5771696554E-03   6.0755024734E-05   1.3880064707E-03   1.9935509918E-03
   18      2.0162935948E-04  -1.7400700921E-05  -1.8634994324E-05   6.1000731632E-05   6.5997895830E-05
   19     -4.8066161468E-05  -2.3459743758E-05  -2.6363153026E-06  -4.4223015439E-05  -3.7033135899E-05
   20     -3.6458213742E-05  -1.0416545171E-04   5.5955251927E-05  -4.5582474942E-06  -5.7904121594E-06
   21     -1.5820815041E-04   1.5926502337E-04  -4.2866786022E-05  -2.6066425535E-04  -3.3153898453E-06
   22      6.6224646279E-05  -8.8343289003E-05  -9.8079842224E-06   5.7479361906E-05   1.8332634274E-05
   23      4.5756917157E-06  -2.5716680100E-04   3.0529044404E-05   2.4641978608E-05  -5.7825433697E-06
   24      1.2334763960E-05   6.3844261741E-06   5.3715994784E-05   1.9584082050E-05   1.7712639351E-04
   25     -2.7961500336E-05   6.7878812830E-06  -2.3852548324E-05   2.2823245075E-05  -3.4467202239E-05
   26     -1.2386753282E-05  -1.0485611751E-05  -5.2753410034E-07  -1.6050880204E-05   6.5224138345E-07
   27     -5.4490258687E-05  -1.2436225553E-04  -5.7609174562E-05   6.6616779994E-05  -1.0071750607E-03
   28     -2.7876436734E-04  -8.7181709332E-05  -2.3444095171E-06  -1.0831357331E-04  -2.4904700686E-04
   29     -1.3907371799E-04  -1.5913634054E-05   1.3797775680E-04   4.7705970755E-06  -6.7607982417E-06
   30      3.6166070746E-04  -5.4396337789E-04  -7.2608172984E-05   6.4162178590E-04  -5.1383784469E-05
   31      1.8499194781E-05  -6.4134306963E-06   3.7868353103E-04   3.4680977283E-04  -7.8353865382E-06
   32      5.1181444688E-04  -7.8853940157E-04   2.9030679087E-04   6.5455417081E-04  -7.6174547864E-05
   33      9.2433189657E-02   3.1442350169E-03   2.5428170707E-03   2.1956757906E-03   8.5679740795E-04
   34      5.8934721549E-02   1.7448519393E-03  -2.3102057142E-04   1.2168428087E-03  -2.2958536122E-02
   35      9.7542019425E-02  -2.4784737824E-02  -1.5563976593E-02  -1.1827360864E-02   9.3684733159E-03
   36     -2.4784737824E-02   5.3841710867E-02  -1.0778344583E-03  -3.1659620403E-02  -1.5174270004E-03
   37     -1.5563976593E-02  -1.0778344583E-03   4.5318918826E-02  -4.5254232465E-03  -3.2946087427E-03
   38     -1.1827360864E-02  -3.1659620403E-02  -4.5254232465E-03   3.2937693748E-01   4.3761184656E-04
   39      9.3684733159E-03  -1.5174270004E-03  -3.2946087427E-03   4.3761184656E-04   4.9070402489E-02
   40      4.8749347083E-03  -1.1489520670E-04   9.6236735388E-04  -1.0607952457E-03   6.5676302008E-05
   41      3.6407652895E-03  -2.5286462014E-04   3.0520908457E-02  -7.6095347495E-03  -1.7254328666E-03
   42      1.8011321776E-04   2.2044174805E-04  -2.8203056072E-04  -2.9163375626E-04  -7.9263190690E-05
   43      1.6564139006E-04  -5.3923025937E-04   2.8732055244E-04   9.2118669572E-05   2.0512062310E-03
   44     -8.0450943341E-05  -9.1744042951E-05   1.7611862777E-04   2.8220969014E-04  -5.4180672586E-04
                   40                 41                 42                 43                 44        
    0      2.7813679529E-04  -1.3733281602E-04   7.6107878655E-04  -2.7913263016E-04   5.9500872492E-05
    1      2.9808397913E-04  -1.7748512562E-04  -1.5886516538E-03  -1.1157523886E-04  -9.8999905790E-04
    2     -1.8876528550E-04  -6.4937425249E-05   9.9927913396E-04   5.4806474317E-04   1.0686549809E-03
    3     -1.0251222200E-03  -6.3019900630E-05   1.0509716542E-03   6.5257032665E-04   8.6843098781E-04
    4     -2.8277292203E-04   2.0575395398E-04  -1.6707234526E-03  -4.4773046203E-05  -8.4620712193E-05
    5      2.5023831334E-04   1.3655801862E-05  -1.4785732552E-05  -1.1319461425E-03  -4.2967075278E-05
    6     -4.9086008689E-03  -1.3013830794E-03   9.4033712512E-04   3.5023393701E-02  -1.1725478176E-02
    7     -1.3587506665E-02  -8.2210603843E-03  -5.3589153455E-03  -2.3038779360E-02   1.1387642850E-02
    8      6.1996325296E-03   5.0782696407E-04   7.0690391644E-05  -1.5165217913E-02   1.8987314216E-03
    9      4.5609886875E-05  -5.4860634266E-04   2.0414683528E-04   1.1915647427E-04  -9.2363189756E-04
   10      3.3206845335E-04   1.2701364401E-04  -1.3412332985E-03   1.7046421840E-03   5.1801721342E-04
   11     -7.3230280337E-04   9.3565259240E-05   5.7844313243E-04   7.2669124564E-04   4.3226440302E-04
   12     -2.0096524106E-04   1.0052395385E-03   4.0960232662E-04  -1.9634269175E-03   4.6114435028E-05
   13     -2.8169975123E-01   7.8335566956E-02   1.5497005113E-03  -7.7481622314E-03   2.4066823263E-03
