*************************************************
******************* ORCA 6.0.0 ******************
*************************************************
$Calculation_Status
   &GeometryIndex 1
   &ListStatus       OUT
   &VERSION [&Type "String"] "6.0.0"
   &PROGNAME [&Type "String"] "LeanSCF"
   &STATUS [&Type "String"] "NORMAL TERMINATION"
$End
$Geometry
   &GeometryIndex 1
   &ListStatus       OUT
   &NATOMS [&Type "Integer"] 13
   &NCORELESSECP [&Type "Integer"] 0
   &NGHOSTATOMS [&Type "Integer"] 0
   &CartesianCoordinates [&Type "Coordinates", &Dim(13,4), &Units "Bohr"] 
              C     -4.564575553168    0.009401114451    0.000408218450
              C     -1.861021677528    1.001261660536   -0.000293546845
              C      0.063298816681   -1.179978793694   -0.000214096711
              C      2.665429066250   -0.304389675847   -0.003670224208
              C      4.807249188740    0.483537169377    0.003459031816
              H     -4.928165017873   -1.154009624794   -1.672552035344
              H     -4.927747655605   -1.152921223233    1.674195956485
              H     -5.923642192887    1.567428081728    0.000008986782
              H     -1.532395604499    2.185522044903   -1.666047476293
              H     -1.531562274391    2.186586001157    1.664544753977
              H     -0.250806513807   -2.379248702424   -1.662435614387
              H     -0.249159686268   -2.378088392625    1.663127511344
              H      6.704826268875    1.164351597227    0.000166493754
$End
$SCF_Energy
   &GeometryIndex 1
   &ListStatus       OUT
   &SCF_ENERGY [&Type "Double"]      -1.9522583827569758e+02
$End
$DFT_Energy
   &GeometryIndex 1
   &ListStatus       OUT
   &NALPHAEL [&Type "Integer"] 19
   &NBETAEL [&Type "Integer"] 19
   &NTOTALEL [&Type "Integer"] 38
   &EEXCHANGE [&Type "Double"]      -2.8790446022147741e+01
   &ECORR [&Type "Double"]      -1.1663013417789125e+00
   &ECNL [&Type "Double"]       0.0000000000000000e+00
   &EXC [&Type "Double"]      -2.9956747363926652e+01
   &EEMBED [&Type "Double"]       0.0000000000000000e+00
   &FINALEN [&Type "Double"]      -1.9522583827569758e+02  "No Van der Waals correction"
$End
$Mulliken_Population_Analysis
   &GeometryIndex 1
   &ListStatus       OUT
   &NATOMS [&Type "Integer"] 13
   &ATNO [&Type "ArrayOfIntegers", &Dim (13,1)] 
                                                         0

0                                                        6
1                                                        6
2                                                        6
3                                                        6
4                                                        6
5                                                        1
6                                                        1
7                                                        1
8                                                        1
9                                                        1
10                                                       1
11                                                       1
12                                                       1
   &ATOMICCHARGES [&Type "ArrayOfDoubles", &Dim (13,1)] 
                                                         0

0                                     -3.2296970601580366e-01
1                                     -1.1432195849787963e-01
2                                     -3.6223080031907173e-01
3                                     -9.1501209829075059e-02
4                                     -1.5375552802943560e-02
5                                      1.0028705306420416e-01
6                                      1.0022904415739753e-01
7                                      1.1196812677001211e-01
8                                      9.3502682266874526e-02
9                                      9.3643627160906351e-02
10                                     1.1169381606810413e-01
11                                     1.1126441550515231e-01
12                                     1.8381046247197386e-01
$End
$Loewdin_Population_Analysis
   &GeometryIndex 1
   &ListStatus       OUT
   &NATOMS [&Type "Integer"] 13
   &ATNO [&Type "ArrayOfIntegers", &Dim (13,1)] 
                                                         0

0                                                        6
1                                                        6
2                                                        6
3                                                        6
4                                                        6
5                                                        1
6                                                        1
7                                                        1
8                                                        1
9                                                        1
10                                                       1
11                                                       1
12                                                       1
   &ATOMICCHARGES [&Type "ArrayOfDoubles", &Dim (13,1)] 
                                                         0

0                                     -3.0951937130477614e-01
1                                     -2.7216776512251695e-01
2                                     -2.4578327959878532e-01
3                                     -1.2230471644154139e-01
4                                     -1.1723758014420138e-01
5                                      1.1832467312473249e-01
6                                      1.1832079246155647e-01
7                                      1.2030113155168298e-01
8                                      1.3684841677432225e-01
9                                      1.3684616041098341e-01
10                                     1.5518156136331351e-01
11                                     1.5519404859715391e-01
12                                     1.2599592832795370e-01
$End
$Mayer_Population_Analysis
   &GeometryIndex 1
   &ListStatus       OUT
   &NATOMS [&Type "Integer"] 13 "Total number of atoms"
   &BONDTHRESH [&Type "Double"]       1.0000000000000001e-01  "The threshold for printing"
   &NBONDORDERSPRINT [&Type "Integer"] 13 "The number of bond orders larger than threshold"
   &BONDORDERS [&Type "ArrayOfDoubles", &Dim (13,1)] "The bond orders"
                                                         0

0                                      9.6620766559447568e-01
1                                      9.7449951130657331e-01
2                                      9.7437486333510770e-01
3                                      9.7731316146559211e-01
4                                      9.7740022735441012e-01
5                                      9.6631348959955943e-01
6                                      9.6602876560666595e-01
7                                      1.2534710826961353e+00
8                                     -1.4709596145567413e-01
9                                      9.4820688944566367e-01
10                                     9.4560259615321030e-01
11                                     2.7287276311145554e+00
12                                     9.3985048438507235e-01
   &COMPONENTS [&Type "ArrayOfIntegers", &Dim (13,4)] "The indices and atomic numbers of the bonding atoms"
                                                         0                           1                           2                           3

0                                                        0                           6                           1                           6
1                                                        0                           6                           5                           1
2                                                        0                           6                           6                           1
3                                                        0                           6                           7                           1
4                                                        1                           6                           2                           6
5                                                        1                           6                           8                           1
6                                                        1                           6                           9                           1
7                                                        2                           6                           3                           6
8                                                        2                           6                           4                           6
9                                                        2                           6                          10                           1
10                                                       2                           6                          11                           1
11                                                       3                           6                           4                           6
12                                                       4                           6                          12                           1
   &ATNO [&Type "ArrayOfIntegers", &Dim (13,1)] "Atomic number of the elements"
                                                         0

0                                                        6
1                                                        6
2                                                        6
3                                                        6
4                                                        6
5                                                        1
6                                                        1
7                                                        1
8                                                        1
9                                                        1
10                                                       1
11                                                       1
12                                                       1
   &NA [&Type "ArrayOfDoubles", &Dim (13,1)] "Mulliken gross atomic population"
                                                         0

0                                      6.3229697060158285e+00
1                                      6.1143219584978850e+00
2                                      6.3622308003191002e+00
3                                      6.0915012098290919e+00
4                                      6.0153755528029560e+00
5                                      8.9971294693579495e-01
6                                      8.9977095584260081e-01
7                                      8.8803187322998789e-01
8                                      9.0649731773312503e-01
9                                      9.0635637283909465e-01
10                                     8.8830618393189598e-01
11                                     8.8873558449484613e-01
12                                     8.1618953752802614e-01
   &ZA [&Type "ArrayOfDoubles", &Dim (13,1)] "Total nuclear charge"
                                                         0

0                                      6.0000000000000000e+00
1                                      6.0000000000000000e+00
2                                      6.0000000000000000e+00
3                                      6.0000000000000000e+00
4                                      6.0000000000000000e+00
5                                      1.0000000000000000e+00
6                                      1.0000000000000000e+00
7                                      1.0000000000000000e+00
8                                      1.0000000000000000e+00
9                                      1.0000000000000000e+00
10                                     1.0000000000000000e+00
11                                     1.0000000000000000e+00
12                                     1.0000000000000000e+00
   &QA [&Type "ArrayOfDoubles", &Dim (13,1)] "Mulliken gross atomic charge"
                                                         0

0                                     -3.2296970601582853e-01
1                                     -1.1432195849788496e-01
2                                     -3.6223080031910015e-01
3                                     -9.1501209829091934e-02
4                                     -1.5375552802955994e-02
5                                      1.0028705306420505e-01
6                                      1.0022904415739919e-01
7                                      1.1196812677001211e-01
8                                      9.3502682266874970e-02
9                                      9.3643627160905352e-02
10                                     1.1169381606810402e-01
11                                     1.1126441550515387e-01
12                                     1.8381046247197386e-01
   &VA [&Type "ArrayOfDoubles", &Dim (13,1)] "Mayer's total valence"
                                                         0

0                                      3.9071004012639654e+00
1                                      3.8586203087636020e+00
2                                      3.9873542638544808e+00
3                                      3.9747548674520514e+00
4                                      3.5988231035388449e+00
5                                      9.8084105056171067e-01
6                                      9.8086628492695338e-01
7                                      9.7975071316386309e-01
8                                      9.8175323828849115e-01
9                                      9.8154629494839685e-01
10                                     9.6448948246920674e-01
11                                     9.6463460625501207e-01
12                                     9.7353179678243607e-01
   &BVA [&Type "ArrayOfDoubles", &Dim (13,1)] "Mayer's bonded valence"
                                                         0

0                                      3.9071004012639219e+00
1                                      3.8586203087636650e+00
2                                      3.9873542638544839e+00
3                                      3.9747548674520297e+00
4                                      3.5988231035389178e+00
5                                      9.8084105056172077e-01
6                                      9.8086628492694983e-01
7                                      9.7975071316384643e-01
8                                      9.8175323828851135e-01
9                                      9.8154629494839818e-01
10                                     9.6448948246921273e-01
11                                     9.6463460625503128e-01
12                                     9.7353179678248092e-01
   &FA [&Type "ArrayOfDoubles", &Dim (13,1)] "Mayer's free valence"
                                                         0

0                                      0.0000000000000000e+00
1                                      0.0000000000000000e+00
2                                      0.0000000000000000e+00
3                                      0.0000000000000000e+00
4                                      0.0000000000000000e+00
5                                      0.0000000000000000e+00
6                                      0.0000000000000000e+00
7                                      0.0000000000000000e+00
8                                      0.0000000000000000e+00
9                                      0.0000000000000000e+00
10                                     0.0000000000000000e+00
11                                     0.0000000000000000e+00
12                                     0.0000000000000000e+00
$End
$VdW_Correction
   &GeometryIndex 1
   &ListStatus       OUT
   &VDW [&Type "Double"]      -2.6551402258753669e-03
$End
$Calculation_Info
   &GeometryIndex 1
   &ListStatus       OUT
   &MULT [&Type "Integer"] 1
   &CHARGE [&Type "Integer"] 0
   &NUMOFATOMS [&Type "Integer"] 13
   &NUMOFELECTRONS [&Type "Integer"] 38
   &NUMOFFCELECTRONS [&Type "Integer"] 1
   &NUMOFCORRELECTRONS [&Type "Integer"] 0
   &NUMOFBASISFUNCTS [&Type "Integer"] 203
   &NUMOFAUXCBASISFUNCTS [&Type "Integer"] 0
   &NUMOFAUXJBASISFUNCTS [&Type "Integer"] 238
   &NUMOFAUXJKBASISFUNCTS [&Type "Integer"] 0
   &NUMOFCABSBASISFUNCTS [&Type "Integer"] 0
   &TOTALENERGY [&Type "Double"]      -1.9522386700082345e+02  "Hartrees"
$End
$SCF_Dipole_Moment
   &GeometryIndex 1
   &ListStatus       OUT
   &METHOD [&Type "String"] "SCF"
   &LEVEL [&Type "String"] "Relaxed density"
   &MULT [&Type "Integer"] 1
   &STATE [&Type "Integer"] -1
   &IRREP [&Type "Integer"] 0
   &NATOMS [&Type "Integer"] 13
   &DODIPOLEATOM [&Type "Boolean"] false
   &DIPOLEELECCONTRIB [&Type "ArrayOfDoubles", &Dim (3,1)] "Electronic contribution"
                                                         0

0                                      5.9359025186198586e+00
1                                     -4.1870763885801236e-02
2                                     -1.0498635983792089e-03
   &DIPOLENUCCONTRIB [&Type "ArrayOfDoubles", &Dim (3,1)] "Nuclear contribution"
                                                         0

0                                     -6.3094142527402415e+00
1                                      1.0456159420723976e-02
2                                      6.5897033111936786e-04
   &DIPOLETOTAL [&Type "ArrayOfDoubles", &Dim (3,1)] "Total"
                                                         0

0                                     -3.7351173412038285e-01
1                                     -3.1414604465077260e-02
2                                     -3.9089326725984101e-04
   &DIPOLEMAGNITUDE [&Type "Double", &Units "a.u."]       3.7483068937436170e-01
$End
$THERMOCHEMISTRY_Energies
   &GeometryIndex 1
   &ListStatus       OUT
   &TEMPERATURE [&Type "Double"]       2.9814999999999998e+02
   &PRESSURE [&Type "Double"]       1.0000000000000000e+00
   &TOTALMASS [&Type "Double"]       6.8118999999999986e+01
   &SPINDEGENERACY [&Type "Integer"] 1
   &ELENERGY [&Type "Double"]      -1.9522386700082345e+02
   &TRANSENERGY [&Type "Double"]       1.4162714244859817e-03
   &ROTENERGY [&Type "Double"]       1.4162714244859817e-03
   &VIBENERGY [&Type "Double"]       3.4320310258189961e-03
   &NUMOFFREQS [&Type "Integer"] 39
   &FREQSCALINGFACTOR [&Type "Double"]       1.0000000000000000e+00
   &FREQ [&Type "ArrayOfDoubles", &Dim (39,1)] "In cm^-1"
                                                         0

0                                      0.0000000000000000e+00
1                                      0.0000000000000000e+00
2                                      0.0000000000000000e+00
3                                      0.0000000000000000e+00
4                                      0.0000000000000000e+00
5                                      0.0000000000000000e+00
6                                      1.0366937516250586e+02
7                                      1.6027905158178757e+02
8                                      2.5871854661587753e+02
9                                      3.4720168911410707e+02
10                                     3.4887452709339016e+02
11                                     5.0706044168332033e+02
12                                     6.6157462456719929e+02
13                                     6.6747964745417698e+02
14                                     7.5154567064946696e+02
15                                     8.7462755146290556e+02
16                                     8.7923995857576051e+02
17                                     9.7343654206426095e+02
18                                     1.0432578018695469e+03
19                                     1.1071419263899534e+03
20                                     1.1200951944722060e+03
21                                     1.2570776829120628e+03
22                                     1.2947628609600431e+03
23                                     1.3211082261364622e+03
24                                     1.3668260725610151e+03
25                                     1.4033527674601180e+03
26                                     1.4591616093805192e+03
27                                     1.4848197149340658e+03
28                                     1.4936067230464332e+03
29                                     1.4992188450052761e+03
30                                     2.1816280855798491e+03
31                                     3.0004697552820485e+03
32                                     3.0044404489216950e+03
33                                     3.0228809136576883e+03
34                                     3.0363032304531462e+03
35                                     3.0626141021085600e+03
36                                     3.0881314053341453e+03
37                                     3.0885836315138877e+03
38                                     3.4418020840634549e+03
   &ZPE [&Type "Double"]       1.1233870281154043e-01
   &INNERENERGYU [&Type "Double"]      -1.9510526372413710e+02
   &ENTHALPYH [&Type "Double"]      -1.9510431951509486e+02
   &QEL [&Type "Double"]       0.0000000000000000e+00
   &QROT [&Type "Double"]       1.2101887927284553e-02
   &QVIB [&Type "Double"]       5.7283057390048464e-03
   &QTRANS [&Type "Double"]       1.8327515677342771e-02
   &ENTROPYS [&Type "Double"]       3.6157709343632174e-02
   &FREEENERGYG [&Type "Double"]      -1.9514047722443848e+02
   &ISLINEAR [&Type "Boolean"] false
$End
$Hessian
   &GeometryIndex 1
   &ListStatus       OUT
   &HESSIAN [&Type "ArrayOfDoubles", &Dim (39,39)] "The Hessian"
                                                         0                           1                           2                           3                           4                           5                           6                           7

0                                      4.7573910592347768e-01        -3.8060031815610358e-02         1.5036347172770507e-05        -1.7233782877923642e-01        -3.6809447859422473e-02         2.8200882796906222e-05        -3.0185934574401302e-02        -4.5378282258308131e-03
1                                     -3.8060031815610358e-02         5.4979816145719773e-01        -6.1873473486643655e-06        -4.0885349652447410e-02        -9.2859749306650252e-02         1.3162109091811311e-05         2.5883731556336415e-02         7.6491622203059620e-03
2                                      1.5036347172770507e-05        -6.1873473486643655e-06         5.5720178355563066e-01         2.3558779427861419e-05         1.0856436800102504e-05        -7.9124530204896626e-02         3.8908240650105638e-06        -2.3771373281096242e-06
3                                     -1.7233782877923642e-01        -4.0885349652447410e-02         2.3558779427861419e-05         4.3950777914417910e-01         3.5332313084263940e-02         2.3944680871206847e-05        -9.9535202810309698e-02         4.7368348133224172e-02
4                                     -3.6809447859422473e-02        -9.2859749306650252e-02         1.0856436800102504e-05         3.5332313084263940e-02         5.0890372642384807e-01         2.3276413738698038e-05         3.7857893190015687e-02        -1.3158525392977680e-01
5                                      2.8200882796906222e-05         1.3162109091811311e-05        -7.9124530204896626e-02         2.3944680871206847e-05         2.3276413738698038e-05         5.9387117106367460e-01         1.6107094317752156e-05         2.1077256324527171e-05
6                                     -3.0185934574401302e-02         2.5883731556336415e-02         3.8908240650105638e-06        -9.9535202810309698e-02         3.7857893190015687e-02         1.6107094317752156e-05         4.7610115306521261e-01         5.3228070974681914e-02
7                                     -4.5378282258308131e-03         7.6491622203059620e-03        -2.3771373281096242e-06         4.7368348133224172e-02        -1.3158525392977680e-01         2.1077256324527171e-05         5.3228070974681914e-02         4.8032757586330582e-01
8                                      1.6018221528059685e-05        -1.7474551256168245e-05        -3.1652412821472388e-04        -1.1333314329360183e-05         3.3632939750094371e-05        -7.4611368228337055e-02        -2.2982267752437966e-05        -1.0126066941304101e-04
9                                     -3.6184462185578957e-03         3.2499146733551681e-03        -7.4795119087818797e-06        -3.8056387530492550e-02         9.4256884849981681e-04         5.3791411539353730e-06        -2.4365091874968059e-01        -6.5214255012615907e-02
10                                     3.0213437219196422e-03        -4.9799724546799925e-03        -3.1050480803259703e-06         1.9518589254889668e-02         1.4648718803338893e-02        -2.9463491029854115e-05        -6.5427326664627070e-02        -8.6407010622001221e-02
11                                     8.6989073448901031e-08        -4.4315227645936564e-06         3.9282152024610857e-04         1.3485626459962610e-05        -4.0485034939336515e-06        -2.4840283610556776e-03         6.1859783743965823e-05         3.6488624308800749e-05
12                                    -1.4229169510988036e-04         2.2391325287419881e-03        -2.3256766567078337e-06         2.7629026287761382e-03        -6.3232441910872515e-03        -1.2699427475897922e-05        -7.0212346856115271e-03        -5.3510369127728608e-03
13                                    -2.0657997870649619e-04         1.4720978892490840e-03        -3.5515184439127177e-06         1.0454781815520883e-03        -3.5478417596094096e-03         7.1080846574345968e-06        -4.7224343229045201e-03         2.3426343163918048e-03
14                                    -1.5179289824024031e-06         5.5233265242339151e-06         2.7911418760038066e-04         1.3576747744044695e-05        -1.5207678391308019e-05         4.9326732607387204e-04         7.5915342111415119e-05        -8.2099881587850113e-06
15                                    -5.2312242366009801e-02        -2.2067982005727967e-02        -3.2818702924710397e-02        -6.9239838915089889e-03        -1.8388554971891097e-02        -2.7547359490591845e-02         1.8197135304119545e-03        -1.1637692764600617e-03
16                                    -2.2511483488069823e-02        -1.2595601960255653e-01        -1.1586273724588966e-01        -2.2966747078358701e-03        -8.3966871615922326e-03        -1.0141839920016011e-02         6.7425527511726015e-04         7.3822794112882563e-04
17                                    -3.3535279964653615e-02        -1.1617635536414080e-01        -2.1712132838613557e-01        -1.1673432954090526e-04         3.1123930151167310e-04         2.3762287581845665e-04         2.3609494631821352e-04         1.9752727118194351e-04
18                                    -5.2299069377732411e-02        -2.2021453206875766e-02         3.2797932199197105e-02        -6.9115789573864555e-03        -1.8371957214137032e-02         2.7563363833085032e-02         1.8186276759059438e-03        -1.1603674748481205e-03
19                                    -2.2460634496115253e-02        -1.2580953408576612e-01         1.1581582294376301e-01        -2.2946441514396908e-03        -8.3888619528486308e-03         1.0146997230546686e-02         6.7190925385228375e-04         7.3734490316201698e-04
20                                     3.3510413637499792e-02         1.1613042600985590e-01        -2.1729578465586985e-01         1.2132232309036359e-04        -3.0186442359520405e-04         2.2541534541342407e-04        -2.3580799884766624e-04        -1.9692869924393692e-04
21                                    -1.5420753609256849e-01         1.2834064233025344e-01        -3.3947864430214535e-05        -1.9799163829070716e-02         2.5139519706035923e-02        -5.2545264203416295e-06        -5.4000629761657513e-03        -4.2274419389276277e-03
22                                     1.2961600772253024e-01        -1.9853218600034608e-01         3.8609520399166152e-05        -9.1669576328686983e-03         9.9949974378798732e-03        -2.9971076916195399e-06        -2.4472566126571161e-03        -4.8661307473797481e-05
23                                    -3.4858981892173536e-05         3.9932175763763065e-05        -4.6185205939170131e-02         5.4407578805064242e-06        -7.5786538334590416e-06        -1.8633805307534598e-03         3.7581740771631972e-06        -9.7506242713630196e-07
24                                    -7.0453453854299854e-03        -1.8715824081816802e-02         2.6698586806123838e-02        -5.1297207202043484e-02        -2.3017955127475849e-02         3.2275268195290224e-02         4.4615621280436838e-04         1.4141254977231696e-02
25                                    -2.4262481216648403e-03        -6.6545475204744112e-03         8.5887760027670030e-03        -2.2261460554344817e-02        -1.2647804786614159e-01         1.1441869867211557e-01        -1.2037572144089643e-03        -1.6829668581636582e-02
26                                    -1.2703792745015138e-04        -1.1221916149680294e-03         8.2753737115382993e-04         3.1483142688534443e-02         1.1588115992454812e-01        -2.1830137942034383e-01        -1.6826959653159015e-04        -6.8586325184092842e-04
27                                    -7.0483853979424549e-03        -1.8725347971905292e-02        -2.6681409714944038e-02        -5.1335956483395062e-02        -2.3097580001938810e-02        -3.2342431578487624e-02         4.5164650162228624e-04         1.4147809486448519e-02
28                                    -2.4267911749826249e-03        -6.6567916499283156e-03        -8.5802901701712234e-03        -2.2343160035375557e-02        -1.2661882933100574e-01        -1.1446963011522697e-01        -1.2075981934526799e-03        -1.6841772859556590e-02
29                                     1.3315901036153877e-04         1.1361837361053562e-03         8.4293730354170011e-04        -3.1553150104613653e-02        -1.1592743827216898e-01        -2.1812290650154853e-01         1.6658130204802099e-04         6.8584038310544326e-04
30                                     1.7091525265644498e-03         4.8696909656180962e-04         1.1247441376254410e-03         1.7939890080956606e-03         1.3116581415488245e-02         1.7878754668111368e-02        -4.8250240862808699e-02        -2.2822892254797427e-02
31                                    -1.5486157914101047e-03         1.1035817584198761e-03         1.8137881808457214e-04        -1.3632843960265477e-03        -1.7550390755207857e-02        -2.1559946436564930e-02        -2.1127729330215061e-02        -1.2291753208352867e-01
32                                    -7.5701794416990591e-05         4.4763109810329587e-04         2.6485412298181063e-04         1.9464447229312204e-04        -2.5200958286933015e-04        -2.6316966249576924e-04        -2.8733059141279951e-02        -1.1477374019854480e-01
33                                     1.7096136143918807e-03         4.8462484591609359e-04        -1.1231462693706573e-03         1.7774457447703998e-03         1.3088105888044516e-02        -1.7890835568868151e-02        -4.8183712575899040e-02        -2.2671617396457466e-02
34                                    -1.5421816031454577e-03         1.0976764430267925e-03        -1.8104206129181447e-04        -1.3330516386409075e-03        -1.7519659853269382e-02         2.1575884275924013e-02        -2.0969331721583287e-02        -1.2277575629376336e-01
35                                     7.1303805655642885e-05        -4.4678287866202916e-04         2.6347863456689788e-04        -1.9200181401351352e-04         2.4653608726656583e-04        -2.5820480944260539e-04         2.8583101701486972e-02         1.1479958508253137e-01
36                                     3.9207822554669647e-05        -1.7382751585340913e-04         3.6237831343823337e-06         3.5519295762207132e-04         4.3644069277853220e-04         7.8733947408600542e-06         1.5900102489195492e-03        -1.7603888283814293e-03
37                                    -1.4270767041956031e-04         3.2812085220229300e-04         3.3258072683170530e-06        -1.2248293441245112e-03        -6.0212074896492202e-04        -3.3511660209720408e-06        -1.1863124406494476e-03         5.6107104334426451e-03
38                                    -1.8321141843579244e-07         1.0858231674562460e-06        -2.9153381434469463e-05        -6.2078123275025595e-06         2.4702048885809820e-06         2.0149110789309164e-04         1.8810686623975123e-05         3.0047764304365225e-05
                                                         8                           9                          10                          11                          12                          13                          14                          15

0                                      1.6018221528059685e-05        -3.6184462185578957e-03         3.0213437219196422e-03         8.6989073448901031e-08        -1.4229169510988036e-04        -2.0657997870649619e-04        -1.5179289824024031e-06        -5.2312242366009801e-02
1                                     -1.7474551256168245e-05         3.2499146733551681e-03        -4.9799724546799925e-03        -4.4315227645936564e-06         2.2391325287419881e-03         1.4720978892490840e-03         5.5233265242339151e-06        -2.2067982005727967e-02
2                                     -3.1652412821472388e-04        -7.4795119087818797e-06        -3.1050480803259703e-06         3.9282152024610857e-04        -2.3256766567078337e-06        -3.5515184439127177e-06         2.7911418760038066e-04        -3.2818702924710397e-02
3                                     -1.1333314329360183e-05        -3.8056387530492550e-02         1.9518589254889668e-02         1.3485626459962610e-05         2.7629026287761382e-03         1.0454781815520883e-03         1.3576747744044695e-05        -6.9239838915089889e-03
4                                      3.3632939750094371e-05         9.4256884849981681e-04         1.4648718803338893e-02        -4.0485034939336515e-06        -6.3232441910872515e-03        -3.5478417596094096e-03        -1.5207678391308019e-05        -1.8388554971891097e-02
5                                     -7.4611368228337055e-02         5.3791411539353730e-06        -2.9463491029854115e-05        -2.4840283610556776e-03        -1.2699427475897922e-05         7.1080846574345968e-06         4.9326732607387204e-04        -2.7547359490591845e-02
6                                     -2.2982267752437966e-05        -2.4365091874968059e-01        -6.5427326664627070e-02         6.1859783743965823e-05        -7.0212346856115271e-03        -4.7224343229045201e-03         7.5915342111415119e-05         1.8197135304119545e-03
7                                     -1.0126066941304101e-04        -6.5214255012615907e-02        -8.6407010622001221e-02         3.6488624308800749e-05        -5.3510369127728608e-03         2.3426343163918048e-03        -8.2099881587850113e-06        -1.1637692764600617e-03
8                                      5.5009337378498868e-01         4.8651018945513328e-04         1.7488542347531992e-04        -6.4805601168353530e-02        -2.9678631133993349e-04        -1.3547607444737138e-04         4.1149851434685459e-03        -1.0197264457245891e-03
9                                      4.8651018945513328e-04         1.2295168177284601e+00         4.0669136993933580e-01         2.0627106378952342e-03        -9.2874731437388558e-01        -3.2904031806533524e-01        -2.1774985069820535e-03         1.5238526110859275e-04
10                                     1.7488542347531992e-04         4.0669136993933580e-01         2.3944720655291815e-01         7.2210286332185895e-04        -3.2793325233768378e-01        -1.4716559438229745e-01        -7.2874928873580729e-04        -5.2858309417795125e-05
11                                    -6.4805601168353530e-02         2.0627106378952342e-03         7.2210286332185895e-04         8.8575027574283718e-02        -2.2423640733721189e-03        -7.5600775615884729e-04        -2.7061362175053949e-02         4.2038458302317877e-04
12                                    -2.9678631133993349e-04        -9.2874731437388558e-01        -3.2793325233768378e-01        -2.2423640733721189e-03         1.3041982941159411e+00         4.5896511487599578e-01         1.7001773098550431e-03         1.9012033466717071e-04
13                                    -1.3547607444737138e-04        -3.2904031806533524e-01        -1.4716559438229745e-01        -7.5600775615884729e-04         4.5896511487599578e-01         2.0934857324001632e-01         5.7352561505810207e-04         1.8230475807297266e-04
14                                     4.1149851434685459e-03        -2.1774985069820535e-03        -7.2874928873580729e-04        -2.7061362175053949e-02         1.7001773098550431e-03         5.7352561505810207e-04         4.1532921707878312e-02         4.6731617364950337e-05
15                                    -1.0197264457245891e-03         1.5238526110859275e-04        -5.2858309417795125e-05         4.2038458302317877e-04         1.9012033466717071e-04         1.8230475807297266e-04         4.6731617364950337e-05         5.9161260549670108e-02
16                                     6.9810625680788376e-04         1.6031453806804926e-04         7.6528475243007894e-05         2.5767124961550199e-04        -6.1073707131490546e-05        -3.0977579224715241e-05         2.1895220147828969e-06         2.8203037611642827e-02
17                                     2.1042035478374948e-04         1.5004332586670763e-05         3.1165228120491086e-04         2.4705311823432588e-04         2.5427965213212049e-05         1.7641203848755248e-05        -1.1691854701222971e-05         3.7717400818327682e-02
18                                     1.0139273534300114e-03         1.5471228093928311e-04        -5.1898959602592466e-05        -4.1807930398355704e-04         1.8799984588485684e-04         1.8231132289875298e-04        -4.6867535440152350e-05        -3.7821480676769343e-04
19                                    -6.9880697804323641e-04         1.6033291336874089e-04         7.6609879032902509e-05        -2.5542343179117780e-04        -6.2330960990696939e-05        -3.1523641558383556e-05        -3.6848802281685934e-06         3.4674897326890742e-03
20                                     2.1163514981198742e-04        -1.5683003830199022e-05        -3.1262899051527800e-04         2.4547659045345502e-04        -2.4034126378161443e-05        -1.6369770743155515e-05        -1.0835532530779565e-05         3.9758131331376224e-03
21                                     6.0718412339687287e-06        -7.6885154483440250e-04         1.8730505075069408e-03        -1.5180400482250932e-07        -8.6337683511618097e-04        -4.2657628131983127e-04        -1.6135493736636124e-06         3.4456074212692502e-03
22                                    -7.4068862053094330e-07        -2.4754365287476144e-04         7.7490189670608757e-04         1.3984684088626980e-06        -1.3929925498627933e-04        -1.6003564963581454e-04        -2.0867409761078843e-07         1.0660177785009037e-02
23                                     2.7472741828695304e-04        -1.5650855294479440e-06        -7.9892732440937791e-07         6.3997118528153949e-04         1.8039149395426932e-06         2.6702901159642749e-07        -4.5901406265868935e-05         1.8011229864133498e-02
