*************************************************
******************* ORCA 6.0.0 ******************
*************************************************
$Calculation_Status
   &GeometryIndex 1
   &ListStatus       OUT
   &VERSION [&Type "String"] "6.0.0"
   &PROGNAME [&Type "String"] "LeanSCF"
   &STATUS [&Type "String"] "NORMAL TERMINATION"
$End
$Geometry
   &GeometryIndex 1
   &ListStatus       OUT
   &NATOMS [&Type "Integer"] 13
   &NCORELESSECP [&Type "Integer"] 0
   &NGHOSTATOMS [&Type "Integer"] 0
   &CartesianCoordinates [&Type "Coordinates", &Dim(13,4), &Units "Bohr"] 
              C     -4.571030411666    0.014060794727    0.000017881723
              C     -1.859012052050    0.991750459711    0.000029781328
              C      0.071807510611   -1.184959218509    0.000288655289
              C      2.672502048120   -0.305765354520    0.001024212478
              C      4.805346995894    0.489887772062   -0.004249114597
              H     -4.945749052397   -1.147390950851    1.672016568027
              H     -5.925321552062    1.575498198190   -0.000278203403
              H     -4.945593260918   -1.147901928262   -1.671660495814
              H     -1.520865099775    2.180799430322   -1.660213030002
              H     -1.520972708529    2.181022472430    1.660126992850
              H     -0.244260158549   -2.388412286236   -1.660600566723
              H     -0.244727617835   -2.388493119083    1.661033128059
              H      6.693377953066    1.175092374439    0.002542233639
$End
$SCF_Energy
   &GeometryIndex 1
   &ListStatus       OUT
   &SCF_ENERGY [&Type "Double"]      -1.9522590480824749e+02
$End
$DFT_Energy
   &GeometryIndex 1
   &ListStatus       OUT
   &NALPHAEL [&Type "Integer"] 19
   &NBETAEL [&Type "Integer"] 19
   &NTOTALEL [&Type "Integer"] 38
   &EEXCHANGE [&Type "Double"]      -2.8793186883105367e+01
   &ECORR [&Type "Double"]      -1.1662700196457707e+00
   &ECNL [&Type "Double"]       0.0000000000000000e+00
   &EXC [&Type "Double"]      -2.9959456902751139e+01
   &EEMBED [&Type "Double"]       0.0000000000000000e+00
   &FINALEN [&Type "Double"]      -1.9522590480824749e+02  "No Van der Waals correction"
$End
$Mulliken_Population_Analysis
   &GeometryIndex 1
   &ListStatus       OUT
   &NATOMS [&Type "Integer"] 13
   &ATNO [&Type "ArrayOfIntegers", &Dim (13,1)] 
                                                         0

0                                                        6
1                                                        6
2                                                        6
3                                                        6
4                                                        6
5                                                        1
6                                                        1
7                                                        1
8                                                        1
9                                                        1
10                                                       1
11                                                       1
12                                                       1
   &ATOMICCHARGES [&Type "ArrayOfDoubles", &Dim (13,1)] 
                                                         0

0                                     -3.2381115009749450e-01
1                                     -1.1564401071469366e-01
2                                     -3.6312733420882193e-01
3                                     -9.3192165941338168e-02
4                                     -1.1533760152463657e-02
5                                      1.0059609913532985e-01
6                                      1.1246694048572858e-01
7                                      1.0057394552849697e-01
8                                      9.3693425575282374e-02
9                                      9.3580416352126661e-02
10                                     1.1118234338323685e-01
11                                     1.1152129079163053e-01
12                                     1.8369395986334736e-01
$End
$Loewdin_Population_Analysis
   &GeometryIndex 1
   &ListStatus       OUT
   &NATOMS [&Type "Integer"] 13
   &ATNO [&Type "ArrayOfIntegers", &Dim (13,1)] 
                                                         0

0                                                        6
1                                                        6
2                                                        6
3                                                        6
4                                                        6
5                                                        1
6                                                        1
7                                                        1
8                                                        1
9                                                        1
10                                                       1
11                                                       1
12                                                       1
   &ATOMICCHARGES [&Type "ArrayOfDoubles", &Dim (13,1)] 
                                                         0

0                                     -3.0937926669289872e-01
1                                     -2.7216553039829794e-01
2                                     -2.4570930945705172e-01
3                                     -1.2239810725890798e-01
4                                     -1.1546080905421618e-01
5                                      1.1822791542439348e-01
6                                      1.2028957782822325e-01
7                                      1.1822954811590314e-01
8                                      1.3675236726572648e-01
9                                      1.3674182384358891e-01
10                                     1.5508809223929532e-01
11                                     1.5505763097690162e-01
12                                     1.2472606716771095e-01
$End
$Mayer_Population_Analysis
   &GeometryIndex 1
   &ListStatus       OUT
   &NATOMS [&Type "Integer"] 13 "Total number of atoms"
   &BONDTHRESH [&Type "Double"]       1.0000000000000001e-01  "The threshold for printing"
   &NBONDORDERSPRINT [&Type "Integer"] 13 "The number of bond orders larger than threshold"
   &BONDORDERS [&Type "ArrayOfDoubles", &Dim (13,1)] "The bond orders"
                                                         0

0                                      9.6617523133136085e-01
1                                      9.7446648008322345e-01
2                                      9.7714685760511855e-01
3                                      9.7441029985478889e-01
4                                      9.7646225679563559e-01
5                                      9.6640474489625261e-01
6                                      9.6656290177676873e-01
7                                      1.2543242896490994e+00
8                                     -1.5008041000404307e-01
9                                      9.4660570735111627e-01
10                                     9.4847001921151675e-01
11                                     2.7300312274495959e+00
12                                     9.3853008596541110e-01
   &COMPONENTS [&Type "ArrayOfIntegers", &Dim (13,4)] "The indices and atomic numbers of the bonding atoms"
                                                         0                           1                           2                           3

0                                                        0                           6                           1                           6
1                                                        0                           6                           5                           1
2                                                        0                           6                           6                           1
3                                                        0                           6                           7                           1
4                                                        1                           6                           2                           6
5                                                        1                           6                           8                           1
6                                                        1                           6                           9                           1
7                                                        2                           6                           3                           6
8                                                        2                           6                           4                           6
9                                                        2                           6                          10                           1
10                                                       2                           6                          11                           1
11                                                       3                           6                           4                           6
12                                                       4                           6                          12                           1
   &ATNO [&Type "ArrayOfIntegers", &Dim (13,1)] "Atomic number of the elements"
                                                         0

0                                                        6
1                                                        6
2                                                        6
3                                                        6
4                                                        6
5                                                        1
6                                                        1
7                                                        1
8                                                        1
9                                                        1
10                                                       1
11                                                       1
12                                                       1
   &NA [&Type "ArrayOfDoubles", &Dim (13,1)] "Mulliken gross atomic population"
                                                         0

0                                      6.3238111500974838e+00
1                                      6.1156440107146981e+00
2                                      6.3631273342088326e+00
3                                      6.0931921659413204e+00
4                                      6.0115337601524859e+00
5                                      8.9940390086466881e-01
6                                      8.8753305951427108e-01
7                                      8.9942605447150226e-01
8                                      9.0630657442471796e-01
9                                      9.0641958364787356e-01
10                                     8.8881765661676138e-01
11                                     8.8847870920836958e-01
12                                     8.1630604013665131e-01
   &ZA [&Type "ArrayOfDoubles", &Dim (13,1)] "Total nuclear charge"
                                                         0

0                                      6.0000000000000000e+00
1                                      6.0000000000000000e+00
2                                      6.0000000000000000e+00
3                                      6.0000000000000000e+00
4                                      6.0000000000000000e+00
5                                      1.0000000000000000e+00
6                                      1.0000000000000000e+00
7                                      1.0000000000000000e+00
8                                      1.0000000000000000e+00
9                                      1.0000000000000000e+00
10                                     1.0000000000000000e+00
11                                     1.0000000000000000e+00
12                                     1.0000000000000000e+00
   &QA [&Type "ArrayOfDoubles", &Dim (13,1)] "Mulliken gross atomic charge"
                                                         0

0                                     -3.2381115009748385e-01
1                                     -1.1564401071469810e-01
2                                     -3.6312733420883259e-01
3                                     -9.3192165941320404e-02
4                                     -1.1533760152485861e-02
5                                      1.0059609913533119e-01
6                                      1.1246694048572892e-01
7                                      1.0057394552849774e-01
8                                      9.3693425575282041e-02
9                                      9.3580416352126439e-02
10                                     1.1118234338323862e-01
11                                     1.1152129079163042e-01
12                                     1.8369395986334869e-01
   &VA [&Type "ArrayOfDoubles", &Dim (13,1)] "Mayer's total valence"
                                                         0

0                                      3.9076754235056663e+00
1                                      3.8593778507134502e+00
2                                      3.9858502020800479e+00
3                                      3.9785917838691534e+00
4                                      3.5956797005524264e+00
5                                      9.8066883307215513e-01
6                                      9.7964487551774893e-01
7                                      9.8068830320555855e-01
8                                      9.8137575122243315e-01
9                                      9.8151065003041149e-01
10                                     9.6453971871910127e-01
11                                     9.6446273459462195e-01
12                                     9.7377042226315425e-01
   &BVA [&Type "ArrayOfDoubles", &Dim (13,1)] "Mayer's bonded valence"
                                                         0

0                                      3.9076754235056570e+00
1                                      3.8593778507134577e+00
2                                      3.9858502020798001e+00
3                                      3.9785917838691764e+00
4                                      3.5956797005521262e+00
5                                      9.8066883307215369e-01
6                                      9.7964487551772961e-01
7                                      9.8068830320556533e-01
8                                      9.8137575122244503e-01
9                                      9.8151065003042415e-01
10                                     9.6453971871905797e-01
11                                     9.6446273459458209e-01
12                                     9.7377042226304245e-01
   &FA [&Type "ArrayOfDoubles", &Dim (13,1)] "Mayer's free valence"
                                                         0

0                                      0.0000000000000000e+00
1                                      0.0000000000000000e+00
2                                      0.0000000000000000e+00
3                                      0.0000000000000000e+00
4                                      0.0000000000000000e+00
5                                      0.0000000000000000e+00
6                                      0.0000000000000000e+00
7                                      0.0000000000000000e+00
8                                      0.0000000000000000e+00
9                                      0.0000000000000000e+00
10                                     0.0000000000000000e+00
11                                     0.0000000000000000e+00
12                                     0.0000000000000000e+00
$End
$VdW_Correction
   &GeometryIndex 1
   &ListStatus       OUT
   &VDW [&Type "Double"]      -2.6540027266871470e-03
$End
$Calculation_Info
   &GeometryIndex 1
   &ListStatus       OUT
   &MULT [&Type "Integer"] 1
   &CHARGE [&Type "Integer"] 0
   &NUMOFATOMS [&Type "Integer"] 13
   &NUMOFELECTRONS [&Type "Integer"] 38
   &NUMOFFCELECTRONS [&Type "Integer"] 1
   &NUMOFCORRELECTRONS [&Type "Integer"] 0
   &NUMOFBASISFUNCTS [&Type "Integer"] 203
   &NUMOFAUXCBASISFUNCTS [&Type "Integer"] 0
   &NUMOFAUXJBASISFUNCTS [&Type "Integer"] 238
   &NUMOFAUXJKBASISFUNCTS [&Type "Integer"] 0
   &NUMOFCABSBASISFUNCTS [&Type "Integer"] 0
   &TOTALENERGY [&Type "Double"]      -1.9522393556847419e+02  "Hartrees"
$End
$SCF_Dipole_Moment
   &GeometryIndex 1
   &ListStatus       OUT
   &METHOD [&Type "String"] "SCF"
   &LEVEL [&Type "String"] "Relaxed density"
   &MULT [&Type "Integer"] 1
   &STATE [&Type "Integer"] -1
   &IRREP [&Type "Integer"] 0
   &NATOMS [&Type "Integer"] 13
   &DODIPOLEATOM [&Type "Boolean"] false
   &DIPOLEELECCONTRIB [&Type "ArrayOfDoubles", &Dim (3,1)] "Electronic contribution"
                                                         0

0                                      5.9507538361498566e+00
1                                     -4.5094842882620181e-02
2                                     -1.6719419118772748e-03
   &DIPOLENUCCONTRIB [&Type "ArrayOfDoubles", &Dim (3,1)] "Nuclear contribution"
                                                         0

0                                     -6.3226472038015000e+00
1                                      1.4117717153632192e-02
2                                      3.3213490164997021e-03
   &DIPOLETOTAL [&Type "ArrayOfDoubles", &Dim (3,1)] "Total"
                                                         0

0                                     -3.7189336765164338e-01
1                                     -3.0977125728987989e-02
2                                      1.6494071046224273e-03
   &DIPOLEMAGNITUDE [&Type "Double", &Units "a.u."]       3.7318491363599715e-01
$End
$THERMOCHEMISTRY_Energies
   &GeometryIndex 1
   &ListStatus       OUT
   &TEMPERATURE [&Type "Double"]       2.9814999999999998e+02
   &PRESSURE [&Type "Double"]       1.0000000000000000e+00
   &TOTALMASS [&Type "Double"]       6.8118999999999986e+01
   &SPINDEGENERACY [&Type "Integer"] 1
   &ELENERGY [&Type "Double"]      -1.9522393556847419e+02
   &TRANSENERGY [&Type "Double"]       1.4162714244859817e-03
   &ROTENERGY [&Type "Double"]       1.4162714244859817e-03
   &VIBENERGY [&Type "Double"]       3.5125185658686389e-03
   &NUMOFFREQS [&Type "Integer"] 39
   &FREQSCALINGFACTOR [&Type "Double"]       1.0000000000000000e+00
   &FREQ [&Type "ArrayOfDoubles", &Dim (39,1)] "In cm^-1"
                                                         0

0                                      0.0000000000000000e+00
1                                      0.0000000000000000e+00
2                                      0.0000000000000000e+00
3                                      0.0000000000000000e+00
4                                      0.0000000000000000e+00
5                                      0.0000000000000000e+00
6                                      9.8779501703294969e+01
7                                      1.4763535851907210e+02
8                                      2.5189954344010869e+02
9                                      3.3934004068514190e+02
10                                     3.4614652956999277e+02
11                                     5.0309243241483489e+02
12                                     6.3644003880697790e+02
13                                     6.4280944013183773e+02
14                                     7.4907586515736625e+02
15                                     8.7381113118786038e+02
16                                     8.7753276082344314e+02
17                                     9.7250025099381969e+02
18                                     1.0413930906302587e+03
19                                     1.1061300378213612e+03
20                                     1.1193558460251725e+03
21                                     1.2559584328937365e+03
22                                     1.2961313243216812e+03
23                                     1.3216455228366283e+03
24                                     1.3681450973600533e+03
25                                     1.4035914809018238e+03
26                                     1.4613773794831031e+03
27                                     1.4854725542110125e+03
28                                     1.4931625831243323e+03
29                                     1.4995403689317695e+03
30                                     2.1986424590832239e+03
31                                     2.9939292556275523e+03
32                                     3.0054199675356413e+03
33                                     3.0241828902103121e+03
34                                     3.0281542165685159e+03
35                                     3.0609201736780351e+03
36                                     3.0868636352687172e+03
37                                     3.0903132814784908e+03
38                                     3.4798596415186066e+03
   &ZPE [&Type "Double"]       1.1222083366449644e-01
   &INNERENERGYU [&Type "Double"]      -1.9510536967339485e+02
   &ENTHALPYH [&Type "Double"]      -1.9510442546435260e+02
   &QEL [&Type "Double"]       0.0000000000000000e+00
   &QROT [&Type "Double"]       1.2103135410518773e-02
   &QVIB [&Type "Double"]       5.8997498633422390e-03
   &QTRANS [&Type "Double"]       1.8327515677342771e-02
   &ENTROPYS [&Type "Double"]       3.6330400951203781e-02
   &FREEENERGYG [&Type "Double"]      -1.9514075586530382e+02
   &ISLINEAR [&Type "Boolean"] false
$End
$Hessian
   &GeometryIndex 1
   &ListStatus       OUT
   &HESSIAN [&Type "ArrayOfDoubles", &Dim (39,39)] "The Hessian"
                                                         0                           1                           2                           3                           4                           5                           6                           7

0                                      4.7419624563187091e-01        -3.7803520184610723e-02         2.1481769792560852e-06        -1.7115214180739449e-01        -3.5838054823306410e-02         8.5695680026937046e-07        -2.9399588525667070e-02        -4.6128049578545646e-03
1                                     -3.7803520184610723e-02         5.4977913737294315e-01         6.2281596083126932e-08        -3.9708692886568198e-02        -9.2551276552538669e-02        -8.0877747082391445e-07         2.5756114353612018e-02         7.7685940221392594e-03
2                                      2.1481769792560852e-06         6.2281596083126932e-08         5.5599886343596083e-01         2.2792086390868770e-06         4.5157210247648299e-07        -7.9178985022739110e-02        -6.2504226861556243e-06        -8.8748077059459965e-07
3                                     -1.7115214180739449e-01        -3.9708692886568198e-02         2.2792086390868770e-06         4.3887234310331691e-01         3.5832028465067625e-02        -8.6172813440236370e-06        -9.9687190042142548e-02         4.6908137305460638e-02
4                                     -3.5838054823306410e-02        -9.2551276552538669e-02         4.5157210247648299e-07         3.5832028465067625e-02         5.0894700207599319e-01         9.7362536552491009e-06         3.7702877563827245e-02        -1.3138724829376286e-01
5                                      8.5695680026937046e-07        -8.0877747082391445e-07        -7.9178985022739110e-02        -8.6172813440236370e-06         9.7362536552491009e-06         5.9146506769227813e-01        -1.4460950627380984e-05         2.8547721405232016e-07
6                                     -2.9399588525667070e-02         2.5756114353612018e-02        -6.2504226861556243e-06        -9.9687190042142548e-02         3.7702877563827245e-02        -1.4460950627380984e-05         4.7632479652275356e-01         5.4022910489764507e-02
7                                     -4.6128049578545646e-03         7.7685940221392594e-03        -8.8748077059459965e-07         4.6908137305460638e-02        -1.3138724829376286e-01         2.8547721405232016e-07         5.4022910489764507e-02         4.8050958028168289e-01
8                                     -3.4341553698877467e-06         2.8447660950463554e-06        -3.9385871013323040e-04         2.3099588076455510e-06        -6.2972419515095791e-06        -7.4314502657642306e-02        -2.3800245614193557e-05         1.1606934828105703e-05
9                                     -3.5401663044863441e-03         3.2277030703704865e-03         4.0717506545710464e-06        -3.8004311205698436e-02         7.7720123072565900e-04        -4.4303556840974466e-08        -2.4389723319970136e-01        -6.5217035453676908e-02
10                                     2.9556443135817004e-03        -4.9772021735521206e-03         1.4577932842483230e-06         1.9425266124870288e-02         1.4644081664396491e-02         1.0665122111684719e-05        -6.5756341644792757e-02        -8.6806940664073962e-02
11                                    -1.0676821007027924e-06         3.0390259357690854e-06         4.0347091945741945e-04         1.1002696642358465e-08        -6.7191139606682417e-06        -2.5071472825775824e-03         4.0926333203924841e-05        -4.0968481278674796e-07
12                                    -1.0911172130081796e-04         2.2147681944161062e-03        -1.1727814568994428e-07         2.8197675651369936e-03        -6.2719578152435496e-03         1.4435442595547616e-05        -7.1227314776957928e-03        -5.6728352210005523e-03
13                                    -1.9262012782331368e-04         1.4815430037923619e-03         3.4192542234685584e-06         1.0546607399013769e-03        -3.5781829014094931e-03        -9.1426591613142036e-06        -4.8258356435056382e-03         2.4142390729522158e-03
14                                     1.0816072484278101e-06        -3.2314669963202323e-06         2.7935607337539292e-04        -1.5319433595727255e-05         1.3898298451606454e-05         4.9709280462391977e-04        -3.4734928678913091e-05         3.5549828892030515e-05
15                                    -5.2821579054005835e-02        -2.2847195390298791e-02         3.3903022284931181e-02        -6.9273873618816827e-03        -1.8335199248451492e-02         2.7531091588073035e-02         1.8502607751071320e-03        -1.1295115441958101e-03
16                                    -2.3206604572999671e-02        -1.2559889649195680e-01         1.1562697183095993e-01        -2.2399742225425543e-03        -8.2246620701115943e-03         9.8816301323463238e-03         6.2795132087636743e-04         7.3679728539228183e-04
17                                     3.4470575586512106e-02         1.1592423647614870e-01        -2.1679486010261390e-01         1.0546622024423108e-04        -3.8654880359709947e-04         3.1461389868532195e-04        -2.0573856162564574e-04        -1.8811450490453362e-04
18                                    -1.5370331784600977e-01         1.2862266669842531e-01        -2.4027913677729916e-05        -1.9539998069656839e-02         2.5191900329742674e-02        -4.3351670188692015e-06        -5.3217558603424839e-03        -4.2297742375102636e-03
19                                     1.2977832399270417e-01        -1.9968211362117361e-01         2.9111490444643054e-05        -9.0516845004357700e-03         9.9549500564230977e-03        -1.9281059943397853e-06        -2.4363386641770386e-03        -5.0869167876991216e-05
20                                    -2.4153163754345493e-05         2.9071508912260396e-05        -4.5896352843853044e-02         8.4640318429785550e-07        -1.6900627725189489e-07        -1.9019382005974568e-03        -3.5881371774592724e-07         2.1606132041984756e-07
21                                    -5.2816079014579381e-02        -2.2847997073850098e-02        -3.3881581341542497e-02        -6.9230493504642172e-03        -1.8342294170827188e-02        -2.7526749411063610e-02         1.8501483743317130e-03        -1.1290249197576795e-03
22                                    -2.3206730511941092e-02        -1.2566976146309300e-01        -1.1565743228447806e-01        -2.2386370935586590e-03        -8.2259187519902084e-03        -9.8789148389343499e-03         6.2800542904438103e-04         7.3709783915383228e-04
23                                    -3.4447469158154005e-02        -1.1595450705553205e-01        -2.1673023477099668e-01        -1.0678711374742522e-04         3.8753153559453854e-04         3.1451339003364404e-04         2.0592442016726916e-04         1.8780190426922940e-04
24                                    -7.0736759945573642e-03        -1.8634583993203436e-02         2.6623465223295752e-02        -5.1723008452051737e-02        -2.3799488895403138e-02         3.3136302329621815e-02         4.5874081318598471e-04         1.4182904077280201e-02
25                                    -2.3814374421502957e-03        -6.5358175364126376e-03         8.4082905511794464e-03        -2.2997134037207049e-02        -1.2693247633665822e-01         1.1471633479772604e-01        -1.1372860353070207e-03        -1.6973767948530560e-02
26                                    -1.7214610264779280e-04        -1.2247045383239601e-03         9.0957412088262652e-04         3.2236177824375621e-02         1.1609386587925484e-01        -2.1719151044904589e-01        -1.6980445740092352e-04        -6.8626317405304921e-04
27                                    -7.0717275041698386e-03        -1.8640900912577602e-02        -2.6621343973389847e-02        -5.1717346193715999e-02        -2.3795079028321557e-02        -3.3122163501023538e-02         4.6025002607722344e-04         1.4187573640417676e-02
28                                    -2.3807659547384081e-03        -6.5378849121089915e-03        -8.4075504005106851e-03        -2.2992496948384112e-02        -1.2696592907792498e-01        -1.1473087854154637e-01        -1.1375348382183115e-03        -1.6976550111340229e-02
29                                     1.7217400573281937e-04         1.2247386340201640e-03         9.0908253068102459e-04        -3.2222134318226334e-02        -1.1610935669416445e-01        -2.1716465615069505e-01         1.7179411247593077e-04         6.9021221609437064e-04
30                                     1.7270486927303884e-03         4.3707750805612724e-04         1.0980257678429102e-03         1.8096661503411420e-03         1.3171966217250888e-02         1.7908241591840516e-02        -4.8532980040418588e-02        -2.2764236359640977e-02
31                                    -1.5052025310923040e-03         1.1005728642368268e-03         1.9046844006654143e-04        -1.3366279721793925e-03        -1.7543686987490040e-02        -2.1528090652537749e-02        -2.1093819281133550e-02        -1.2276281908649526e-01
32                                    -5.1417446404102701e-05         4.2594697001757057e-04         2.6125173231413500e-04         2.0873886197741998e-04        -2.5205887247467355e-04        -2.6351414010204418e-04        -2.8594176189883341e-02        -1.1410114387341261e-01
33                                     1.7269931095446694e-03         4.3708393020526785e-04        -1.0986034172355843e-03         1.8143681177898267e-03         1.3174382407043562e-02        -1.7907613025944649e-02        -4.8554214625419236e-02        -2.2798958432514674e-02
34                                    -1.5071715130521878e-03         1.1025945076872843e-03        -1.9094341337485480e-04        -1.3461526302796980e-03        -1.7546196444297776e-02         2.1526291933856058e-02        -2.1136750756299883e-02        -1.2277015357751139e-01
35                                     5.2854214311556097e-05        -4.2605410687212176e-04         2.6246562978944014e-04        -2.0981203371793142e-04         2.5668066182823676e-04        -2.6859769903512501e-04         2.8637003751351024e-02         1.1408144080884224e-01
36                                     3.7100338024981250e-05        -1.7498787801026577e-04        -1.4427467883446370e-06         3.5828754642111028e-04         4.3572026042316102e-04        -7.2534842805527642e-06         1.5714972599314564e-03        -1.7758122965371810e-03
37                                    -1.3659112268310514e-04         3.2051098003688409e-04        -2.8804330181535236e-06        -1.2126948366719726e-03        -5.9045638062896633e-04         5.6816706300361748e-06        -1.1854843839247346e-03         5.5620403482707879e-03
38                                     3.5184196948853711e-07        -1.1729192348290305e-06        -2.9772992124994700e-05         7.1499166347777557e-06        -1.8762803557913686e-06         1.9956381681352311e-04        -1.0276442744033348e-05        -3.1226375006172737e-05
                                                         8                           9                          10                          11                          12                          13                          14                          15

0                                     -3.4341553698877467e-06        -3.5401663044863441e-03         2.9556443135817004e-03        -1.0676821007027924e-06        -1.0911172130081796e-04        -1.9262012782331368e-04         1.0816072484278101e-06        -5.2821579054005835e-02
1                                      2.8447660950463554e-06         3.2277030703704865e-03        -4.9772021735521206e-03         3.0390259357690854e-06         2.2147681944161062e-03         1.4815430037923619e-03        -3.2314669963202323e-06        -2.2847195390298791e-02
2                                     -3.9385871013323040e-04         4.0717506545710464e-06         1.4577932842483230e-06         4.0347091945741945e-04        -1.1727814568994428e-07         3.4192542234685584e-06         2.7935607337539292e-04         3.3903022284931181e-02
3                                      2.3099588076455510e-06        -3.8004311205698436e-02         1.9425266124870288e-02         1.1002696642358465e-08         2.8197675651369936e-03         1.0546607399013769e-03        -1.5319433595727255e-05        -6.9273873618816827e-03
4                                     -6.2972419515095791e-06         7.7720123072565900e-04         1.4644081664396491e-02        -6.7191139606682417e-06        -6.2719578152435496e-03        -3.5781829014094931e-03         1.3898298451606454e-05        -1.8335199248451492e-02
5                                     -7.4314502657642306e-02        -4.4303556840974466e-08         1.0665122111684719e-05        -2.5071472825775824e-03         1.4435442595547616e-05        -9.1426591613142036e-06         4.9709280462391977e-04         2.7531091588073035e-02
6                                     -2.3800245614193557e-05        -2.4389723319970136e-01        -6.5756341644792757e-02         4.0926333203924841e-05        -7.1227314776957928e-03        -4.8258356435056382e-03        -3.4734928678913091e-05         1.8502607751071320e-03
7                                      1.1606934828105703e-05        -6.5217035453676908e-02        -8.6806940664073962e-02        -4.0968481278674796e-07        -5.6728352210005523e-03         2.4142390729522158e-03         3.5549828892030515e-05        -1.1295115441958101e-03
8                                      5.4648932907009695e-01        -2.5042853284773086e-04        -9.7907025487336305e-05        -6.5063261906515873e-02         2.3847209798615585e-04         1.2762584107637359e-04         4.3379415163328130e-03         9.9159424620783227e-04
9                                     -2.5042853284773086e-04         1.2423424467134336e+00         4.1689077567452459e-01        -1.5593712603018067e-03        -9.4178457108447455e-01        -3.3893209755714304e-01         1.4318798503982577e-03         1.4302734031873825e-04
10                                    -9.7907025487336305e-05         4.1689077567452459e-01         2.4319116620107084e-01        -5.3501678610951963e-04        -3.3773280169458592e-01        -1.5065611786651939e-01         4.7402478545292869e-04        -4.7521388894776430e-05
11                                    -6.5063261906515873e-02        -1.5593712603018067e-03        -5.3501678610951963e-04         8.6734904762403017e-02         1.6202528016721791e-03         5.4817160664427016e-04        -2.5251646498017810e-02        -4.2296727050736076e-04
12                                     2.3847209798615585e-04        -9.4178457108447455e-01        -3.3773280169458592e-01         1.6202528016721791e-03         1.3243606534406811e+00         4.7332092467155051e-01        -3.6801249924111820e-04         1.8466635324533793e-04
13                                     1.2762584107637359e-04        -3.3893209755714304e-01        -1.5065611786651939e-01         5.4817160664427016e-04         4.7332092467155051e-01         2.1387135373882613e-01        -1.1295679503196137e-04         1.8103538428169757e-04
14                                     4.3379415163328130e-03         1.4318798503982577e-03         4.7402478545292869e-04        -2.5251646498017810e-02        -3.6801249924111820e-04        -1.1295679503196137e-04         3.8530325192631193e-02        -4.6665101852520641e-05
15                                     9.9159424620783227e-04         1.4302734031873825e-04        -4.7521388894776430e-05        -4.2296727050736076e-04         1.8466635324533793e-04         1.8103538428169757e-04        -4.6665101852520641e-05         5.9541100797964985e-02
16                                    -6.9639292543872554e-04         1.5824905341985020e-04         7.9649196704269405e-05        -2.4594826223843996e-04        -6.5037863611116208e-05        -3.2844088220642352e-05        -2.5050071202726304e-06         2.8844955075007686e-02
17                                     2.0887519396548676e-04        -1.0227012750760323e-05        -3.0751598758622630e-04         2.3913302280820830e-04        -2.2769376055484236e-05        -1.5948288041766658e-05        -1.1814236261252835e-05        -3.8741260743503668e-02
18                                    -1.4104048951774658e-06        -7.6636913869536187e-04         1.8588033393395836e-03        -7.7466142850509572e-07        -8.5132929699938999e-04        -4.2893529578929288e-04         1.5723564147808721e-06         3.4906401985075166e-03
19                                     2.3902160153701006e-07        -2.5933648287357509e-04         7.6083848550040183e-04        -2.0946577858064661e-07        -1.4221621375467598e-04        -1.6302818462371818e-04        -4.5441133096594415e-07         1.0599379857019670e-02
20                                     2.6794549752751431e-04         1.6867141996808849e-06         3.5987088252831793e-07         6.2667692330786349e-04        -1.4748671657134940e-06         8.9396069298165948e-08        -4.6075731016000806e-05        -1.7911474763258346e-02
21                                    -9.8914507901615763e-04         1.4496575762837621e-04        -4.6975620857625934e-05         4.2148870453089687e-04         1.8287571336943350e-04         1.8152118088037299e-04         4.6386843949611489e-05        -3.0995298295275267e-04
22                                     6.9678329463310641e-04         1.5878265011137760e-04         7.9952522622908379e-05         2.4451399186832046e-04        -6.5973801400364025e-05        -3.3193956325014776e-05         3.6532000647412634e-06         3.5376022069137612e-03
23                                     2.0971823165789102e-04         1.0977536691632664e-05         3.0842740677105261e-04         2.3763674104859700e-04         2.1785091873794890e-05         1.4744231217708736e-05        -1.1172347074842412e-05        -4.0580089883493148e-03
