
$orca_hessian_file

$act_atom
  0

$act_coord
  0

$act_energy
        0.000000

$multiplicity
  1

$hessian
39
                    0                  1                  2                  3                  4        
    0      4.7419624563E-01  -3.7803520185E-02   2.1481769793E-06  -1.7115214181E-01  -3.5838054823E-02
    1     -3.7803520185E-02   5.4977913737E-01   6.2281596083E-08  -3.9708692887E-02  -9.2551276553E-02
    2      2.1481769793E-06   6.2281596083E-08   5.5599886344E-01   2.2792086391E-06   4.5157210248E-07
    3     -1.7115214181E-01  -3.9708692887E-02   2.2792086391E-06   4.3887234310E-01   3.5832028465E-02
    4     -3.5838054823E-02  -9.2551276553E-02   4.5157210248E-07   3.5832028465E-02   5.0894700208E-01
    5      8.5695680027E-07  -8.0877747082E-07  -7.9178985023E-02  -8.6172813440E-06   9.7362536552E-06
    6     -2.9399588526E-02   2.5756114354E-02  -6.2504226862E-06  -9.9687190042E-02   3.7702877564E-02
    7     -4.6128049579E-03   7.7685940221E-03  -8.8748077059E-07   4.6908137305E-02  -1.3138724829E-01
    8     -3.4341553699E-06   2.8447660950E-06  -3.9385871013E-04   2.3099588076E-06  -6.2972419515E-06
    9     -3.5401663045E-03   3.2277030704E-03   4.0717506546E-06  -3.8004311206E-02   7.7720123073E-04
   10      2.9556443136E-03  -4.9772021736E-03   1.4577932842E-06   1.9425266125E-02   1.4644081664E-02
   11     -1.0676821007E-06   3.0390259358E-06   4.0347091946E-04   1.1002696642E-08  -6.7191139607E-06
   12     -1.0911172130E-04   2.2147681944E-03  -1.1727814569E-07   2.8197675651E-03  -6.2719578152E-03
   13     -1.9262012782E-04   1.4815430038E-03   3.4192542235E-06   1.0546607399E-03  -3.5781829014E-03
   14      1.0816072484E-06  -3.2314669963E-06   2.7935607338E-04  -1.5319433596E-05   1.3898298452E-05
   15     -5.2821579054E-02  -2.2847195390E-02   3.3903022285E-02  -6.9273873619E-03  -1.8335199248E-02
   16     -2.3206604573E-02  -1.2559889649E-01   1.1562697183E-01  -2.2399742225E-03  -8.2246620701E-03
   17      3.4470575587E-02   1.1592423648E-01  -2.1679486010E-01   1.0546622024E-04  -3.8654880360E-04
   18     -1.5370331785E-01   1.2862266670E-01  -2.4027913678E-05  -1.9539998070E-02   2.5191900330E-02
   19      1.2977832399E-01  -1.9968211362E-01   2.9111490445E-05  -9.0516845004E-03   9.9549500564E-03
   20     -2.4153163754E-05   2.9071508912E-05  -4.5896352844E-02   8.4640318430E-07  -1.6900627725E-07
   21     -5.2816079015E-02  -2.2847997074E-02  -3.3881581342E-02  -6.9230493505E-03  -1.8342294171E-02
   22     -2.3206730512E-02  -1.2566976146E-01  -1.1565743228E-01  -2.2386370936E-03  -8.2259187520E-03
   23     -3.4447469158E-02  -1.1595450706E-01  -2.1673023477E-01  -1.0678711375E-04   3.8753153559E-04
   24     -7.0736759946E-03  -1.8634583993E-02   2.6623465223E-02  -5.1723008452E-02  -2.3799488895E-02
   25     -2.3814374422E-03  -6.5358175364E-03   8.4082905512E-03  -2.2997134037E-02  -1.2693247634E-01
   26     -1.7214610265E-04  -1.2247045383E-03   9.0957412088E-04   3.2236177824E-02   1.1609386588E-01
   27     -7.0717275042E-03  -1.8640900913E-02  -2.6621343973E-02  -5.1717346194E-02  -2.3795079028E-02
   28     -2.3807659547E-03  -6.5378849121E-03  -8.4075504005E-03  -2.2992496948E-02  -1.2696592908E-01
   29      1.7217400573E-04   1.2247386340E-03   9.0908253068E-04  -3.2222134318E-02  -1.1610935669E-01
   30      1.7270486927E-03   4.3707750806E-04   1.0980257678E-03   1.8096661503E-03   1.3171966217E-02
   31     -1.5052025311E-03   1.1005728642E-03   1.9046844007E-04  -1.3366279722E-03  -1.7543686987E-02
   32     -5.1417446404E-05   4.2594697002E-04   2.6125173231E-04   2.0873886198E-04  -2.5205887247E-04
   33      1.7269931095E-03   4.3708393021E-04  -1.0986034172E-03   1.8143681178E-03   1.3174382407E-02
   34     -1.5071715131E-03   1.1025945077E-03  -1.9094341337E-04  -1.3461526303E-03  -1.7546196444E-02
   35      5.2854214312E-05  -4.2605410687E-04   2.6246562979E-04  -2.0981203372E-04   2.5668066183E-04
   36      3.7100338025E-05  -1.7498787801E-04  -1.4427467883E-06   3.5828754642E-04   4.3572026042E-04
   37     -1.3659112268E-04   3.2051098004E-04  -2.8804330182E-06  -1.2126948367E-03  -5.9045638063E-04
   38      3.5184196949E-07  -1.1729192348E-06  -2.9772992125E-05   7.1499166348E-06  -1.8762803558E-06
                    5                  6                  7                  8                  9        
    0      8.5695680027E-07  -2.9399588526E-02  -4.6128049579E-03  -3.4341553699E-06  -3.5401663045E-03
    1     -8.0877747082E-07   2.5756114354E-02   7.7685940221E-03   2.8447660950E-06   3.2277030704E-03
    2     -7.9178985023E-02  -6.2504226862E-06  -8.8748077059E-07  -3.9385871013E-04   4.0717506546E-06
    3     -8.6172813440E-06  -9.9687190042E-02   4.6908137305E-02   2.3099588076E-06  -3.8004311206E-02
    4      9.7362536552E-06   3.7702877564E-02  -1.3138724829E-01  -6.2972419515E-06   7.7720123073E-04
    5      5.9146506769E-01  -1.4460950627E-05   2.8547721405E-07  -7.4314502658E-02  -4.4303556841E-08
    6     -1.4460950627E-05   4.7632479652E-01   5.4022910490E-02  -2.3800245614E-05  -2.4389723320E-01
    7      2.8547721405E-07   5.4022910490E-02   4.8050958028E-01   1.1606934828E-05  -6.5217035454E-02
    8     -7.4314502658E-02  -2.3800245614E-05   1.1606934828E-05   5.4648932907E-01  -2.5042853285E-04
    9     -4.4303556841E-08  -2.4389723320E-01  -6.5217035454E-02  -2.5042853285E-04   1.2423424467E+00
   10      1.0665122112E-05  -6.5756341645E-02  -8.6806940664E-02  -9.7907025487E-05   4.1689077567E-01
   11     -2.5071472826E-03   4.0926333204E-05  -4.0968481279E-07  -6.5063261907E-02  -1.5593712603E-03
   12      1.4435442596E-05  -7.1227314777E-03  -5.6728352210E-03   2.3847209799E-04  -9.4178457108E-01
   13     -9.1426591613E-06  -4.8258356435E-03   2.4142390730E-03   1.2762584108E-04  -3.3893209756E-01
   14      4.9709280462E-04  -3.4734928679E-05   3.5549828892E-05   4.3379415163E-03   1.4318798504E-03
   15      2.7531091588E-02   1.8502607751E-03  -1.1295115442E-03   9.9159424621E-04   1.4302734032E-04
   16      9.8816301323E-03   6.2795132088E-04   7.3679728539E-04  -6.9639292544E-04   1.5824905342E-04
   17      3.1461389869E-04  -2.0573856163E-04  -1.8811450490E-04   2.0887519397E-04  -1.0227012751E-05
   18     -4.3351670189E-06  -5.3217558603E-03  -4.2297742375E-03  -1.4104048952E-06  -7.6636913870E-04
   19     -1.9281059943E-06  -2.4363386642E-03  -5.0869167877E-05   2.3902160154E-07  -2.5933648287E-04
   20     -1.9019382006E-03  -3.5881371775E-07   2.1606132042E-07   2.6794549753E-04   1.6867141997E-06
   21     -2.7526749411E-02   1.8501483743E-03  -1.1290249198E-03  -9.8914507902E-04   1.4496575763E-04
   22     -9.8789148389E-03   6.2800542904E-04   7.3709783915E-04   6.9678329463E-04   1.5878265011E-04
   23      3.1451339003E-04   2.0592442017E-04   1.8780190427E-04   2.0971823166E-04   1.0977536692E-05
   24      3.3136302330E-02   4.5874081319E-04   1.4182904077E-02  -1.8620105742E-02   2.1924961708E-03
   25      1.1471633480E-01  -1.1372860353E-03  -1.6973767949E-02   2.0864119228E-02  -1.9049499631E-03
   26     -2.1719151045E-01  -1.6980445740E-04  -6.8626317405E-04   4.1519647505E-05   2.4729935896E-04
   27     -3.3122163501E-02   4.6025002608E-04   1.4187573640E-02   1.8620213095E-02   2.1900043131E-03
   28     -1.1473087854E-01  -1.1375348382E-03  -1.6976550111E-02  -2.0861572428E-02  -1.9011408370E-03
   29     -2.1716465615E-01   1.7179411248E-04   6.9021221609E-04   4.6527642249E-05  -2.4625355136E-04
   30      1.7908241592E-02  -4.8532980040E-02  -2.2764236360E-02  -3.0697447950E-02  -1.1950229800E-02
   31     -2.1528090653E-02  -2.1093819281E-02  -1.2276281909E-01  -1.1432632354E-01  -6.8982824931E-03
   32     -2.6351414010E-04  -2.8594176190E-02  -1.1410114387E-01  -2.0910464540E-01  -4.1879652182E-03
   33     -1.7907613026E-02  -4.8554214625E-02  -2.2798958433E-02   3.0739748404E-02  -1.1893554930E-02
   34      2.1526291934E-02  -2.1136750756E-02  -1.2277015358E-01   1.1431136695E-01  -6.8873363470E-03
   35     -2.6859769904E-04   2.8637003751E-02   1.1408144081E-01  -2.0906504617E-01   4.1982946470E-03
   36     -7.2534842806E-06   1.5714972599E-03  -1.7758122965E-03  -2.6132957833E-06   4.8234953675E-03
   37      5.6816706300E-06  -1.1854843839E-03   5.5620403483E-03  -2.5161007179E-05   8.2364842462E-04
   38      1.9956381681E-04  -1.0276442744E-05  -3.1226375006E-05   6.3394580496E-03   3.6259557075E-04
                   10                 11                 12                 13                 14        
    0      2.9556443136E-03  -1.0676821007E-06  -1.0911172130E-04  -1.9262012782E-04   1.0816072484E-06
    1     -4.9772021736E-03   3.0390259358E-06   2.2147681944E-03   1.4815430038E-03  -3.2314669963E-06
    2      1.4577932842E-06   4.0347091946E-04  -1.1727814569E-07   3.4192542235E-06   2.7935607338E-04
    3      1.9425266125E-02   1.1002696642E-08   2.8197675651E-03   1.0546607399E-03  -1.5319433596E-05
    4      1.4644081664E-02  -6.7191139607E-06  -6.2719578152E-03  -3.5781829014E-03   1.3898298452E-05
    5      1.0665122112E-05  -2.5071472826E-03   1.4435442596E-05  -9.1426591613E-06   4.9709280462E-04
    6     -6.5756341645E-02   4.0926333204E-05  -7.1227314777E-03  -4.8258356435E-03  -3.4734928679E-05
    7     -8.6806940664E-02  -4.0968481279E-07  -5.6728352210E-03   2.4142390730E-03   3.5549828892E-05
    8     -9.7907025487E-05  -6.5063261907E-02   2.3847209799E-04   1.2762584108E-04   4.3379415163E-03
    9      4.1689077567E-01  -1.5593712603E-03  -9.4178457108E-01  -3.3893209756E-01   1.4318798504E-03
   10      2.4319116620E-01  -5.3501678611E-04  -3.3773280169E-01  -1.5065611787E-01   4.7402478545E-04
   11     -5.3501678611E-04   8.6734904762E-02   1.6202528017E-03   5.4817160664E-04  -2.5251646498E-02
   12     -3.3773280169E-01   1.6202528017E-03   1.3243606534E+00   4.7332092467E-01  -3.6801249924E-04
   13     -1.5065611787E-01   5.4817160664E-04   4.7332092467E-01   2.1387135374E-01  -1.1295679503E-04
   14      4.7402478545E-04  -2.5251646498E-02  -3.6801249924E-04  -1.1295679503E-04   3.8530325193E-02
   15     -4.7521388895E-05  -4.2296727051E-04   1.8466635325E-04   1.8103538428E-04  -4.6665101853E-05
   16      7.9649196704E-05  -2.4594826224E-04  -6.5037863611E-05  -3.2844088221E-05  -2.5050071203E-06
   17     -3.0751598759E-04   2.3913302281E-04  -2.2769376055E-05  -1.5948288042E-05  -1.1814236261E-05
   18      1.8588033393E-03  -7.7466142851E-07  -8.5132929700E-04  -4.2893529579E-04   1.5723564148E-06
   19      7.6083848550E-04  -2.0946577858E-07  -1.4221621375E-04  -1.6302818462E-04  -4.5441133097E-07
   20      3.5987088253E-07   6.2667692331E-04  -1.4748671657E-06   8.9396069298E-08  -4.6075731016E-05
   21     -4.6975620858E-05   4.2148870453E-04   1.8287571337E-04   1.8152118088E-04   4.6386843950E-05
   22      7.9952522623E-05   2.4451399187E-04  -6.5973801400E-05  -3.3193956325E-05   3.6532000647E-06
   23      3.0842740677E-04   2.3763674105E-04   2.1785091874E-05   1.4744231218E-05  -1.1172347075E-05
   24      7.4353509424E-04  -9.0713648609E-04  -3.2182385287E-04  -5.1600660535E-04   2.8266569669E-04
   25      2.2148631179E-04  -1.4412373572E-04   6.8573954787E-04   4.7897216186E-04  -2.0452474979E-04
   26      6.2497092264E-05   3.6499389493E-04  -4.0904141325E-04  -3.3947393256E-04   1.0882224566E-05
   27      7.4167088158E-04   9.0531467325E-04  -3.2394631230E-04  -5.1628773644E-04  -2.7951847781E-04
   28      2.2406412878E-04   1.4625340754E-04   6.8507972304E-04   4.7664996480E-04   2.0068041267E-04
   29     -6.2581006023E-05   3.6884565060E-04   4.0806760053E-04   3.3915642866E-04   7.5431106784E-06
   30     -2.0560258081E-02  -2.7376145739E-02  -1.4919846843E-03  -1.2851285310E-04   1.1365006854E-03
   31     -8.5481974236E-03  -7.6716076372E-03   5.8254469905E-04   8.1992151348E-04  -1.9781797018E-05
   32      1.0137936059E-03   2.0960624351E-03   1.7844936553E-03   3.3802796915E-04   2.2378079471E-04
   33     -2.0539814311E-02   2.7368227996E-02  -1.5736036618E-03  -1.7801453930E-04  -1.1027130005E-03
   34     -8.5392769998E-03   7.6851725908E-03   5.6155540958E-04   7.9798195059E-04  -4.3368818265E-06
   35     -1.0121032589E-03   2.1040863471E-03  -1.7815305324E-03  -3.4601832291E-04   2.2261842281E-04
   36      2.0318363429E-03  -9.1273961621E-05  -3.7396886098E-01  -1.2900267579E-01  -1.0593107810E-03
   37      3.2649661659E-04  -2.4008190222E-05  -1.2811694546E-01  -6.5877294409E-02  -3.8242590678E-04
   38      1.4479064080E-04  -3.5375500964E-04  -1.4983735412E-03  -5.4528423898E-04  -1.8788831327E-02
                   15                 16                 17                 18                 19        
    0     -5.2821579054E-02  -2.3206604573E-02   3.4470575587E-02  -1.5370331785E-01   1.2977832399E-01
    1     -2.2847195390E-02  -1.2559889649E-01   1.1592423648E-01   1.2862266670E-01  -1.9968211362E-01
    2      3.3903022285E-02   1.1562697183E-01  -2.1679486010E-01  -2.4027913678E-05   2.9111490445E-05
    3     -6.9273873619E-03  -2.2399742225E-03   1.0546622024E-04  -1.9539998070E-02  -9.0516845004E-03
    4     -1.8335199248E-02  -8.2246620701E-03  -3.8654880360E-04   2.5191900330E-02   9.9549500564E-03
    5      2.7531091588E-02   9.8816301323E-03   3.1461389869E-04  -4.3351670189E-06  -1.9281059943E-06
    6      1.8502607751E-03   6.2795132088E-04  -2.0573856163E-04  -5.3217558603E-03  -2.4363386642E-03
    7     -1.1295115442E-03   7.3679728539E-04  -1.8811450490E-04  -4.2297742375E-03  -5.0869167877E-05
    8      9.9159424621E-04  -6.9639292544E-04   2.0887519397E-04  -1.4104048952E-06   2.3902160154E-07
    9      1.4302734032E-04   1.5824905342E-04  -1.0227012751E-05  -7.6636913870E-04  -2.5933648287E-04
   10     -4.7521388895E-05   7.9649196704E-05  -3.0751598759E-04   1.8588033393E-03   7.6083848550E-04
   11     -4.2296727051E-04  -2.4594826224E-04   2.3913302281E-04  -7.7466142851E-07  -2.0946577858E-07
   12      1.8466635325E-04  -6.5037863611E-05  -2.2769376055E-05  -8.5132929700E-04  -1.4221621375E-04
   13      1.8103538428E-04  -3.2844088221E-05  -1.5948288042E-05  -4.2893529579E-04  -1.6302818462E-04
   14     -4.6665101853E-05  -2.5050071203E-06  -1.1814236261E-05   1.5723564148E-06  -4.5441133097E-07
   15      5.9541100798E-02   2.8844955075E-02  -3.8741260744E-02   3.4906401985E-03   1.0599379857E-02
   16      2.8844955075E-02   1.3477831802E-01  -1.2848312342E-01  -5.0692130453E-03  -1.3147686784E-02
   17     -3.8741260744E-02  -1.2848312342E-01   2.3326441796E-01  -4.1397990654E-04  -1.5227864369E-03
   18      3.4906401985E-03  -5.0692130453E-03  -4.1397990654E-04   1.7057319050E-01  -1.4018174227E-01
   19      1.0599379857E-02  -1.3147686784E-02  -1.5227864369E-03  -1.4018174227E-01   2.1413903611E-01
   20     -1.7911474763E-02   2.0047690209E-02   3.7986527367E-04   2.6972476476E-05  -3.2112375421E-05
   21     -3.0995298295E-04   3.5403684154E-03   4.0589436280E-03   3.4889111499E-03   1.0604520014E-02
   22      3.5376022069E-03   1.0752061169E-02   1.5410297988E-02  -5.0671238112E-03  -1.3153189299E-02
   23     -4.0580089883E-03  -1.5419422347E-02  -2.0125347676E-02   4.1582249917E-04   1.5279770515E-03
   24     -6.1059315182E-03  -2.4850006755E-03  -3.2981126968E-04   1.0174184381E-03   6.8846401652E-04
   25     -2.0461000477E-03   2.2697768919E-04  -2.2457206932E-04  -1.1300695708E-05   6.4369584017E-04
   26     -3.5249359307E-04  -6.7205010165E-04   1.7453236375E-03   6.5520790465E-04  -6.1502343976E-05
   27      1.3638053481E-03   2.4961011917E-04   4.6030978235E-04   1.0175142804E-03   6.8856640435E-04
   28      3.4958957540E-04  -1.4147454256E-04  -9.0984246769E-05  -1.1460002910E-05   6.4357730687E-04
   29     -3.6439855670E-04  -2.9019472814E-05   8.6553439657E-04  -6.5514038244E-04   6.1441802265E-05
   30     -8.1992267272E-05  -6.4901028123E-05   3.6962850753E-05   2.5023261084E-04  -1.5952291849E-04
   31      1.2518938675E-04  -7.1817224510E-06   9.2140604343E-05  -2.7413763945E-04   5.5451511627E-05
   32      2.5610295993E-05  -7.3904994657E-05  -1.7046617608E-04   1.1535758782E-04   2.3980823384E-04
   33     -3.4528504001E-04  -3.2000686823E-04   6.1982346355E-04   2.5053687910E-04  -1.5963777030E-04
   34      7.7336789857E-04   5.8382817522E-04  -2.5299114487E-04  -2.7461725525E-04   5.5272356116E-05
   35     -5.8553805239E-04   5.8770982309E-05   1.0707475434E-04  -1.1527383668E-04  -2.3994838096E-04
   36      1.8627411080E-05   2.7631231510E-05  -3.0024802684E-05   9.4326158072E-05   7.1059513771E-06
   37     -3.6187034333E-06  -4.8858379893E-06   3.0586795471E-05  -1.0094752764E-04  -5.5934614228E-05
   38      3.3218795888E-05   2.2626408688E-05  -2.2349948146E-05  -6.9533128779E-08   6.0068433738E-07
                   20                 21                 22                 23                 24        
    0     -2.4153163754E-05  -5.2816079015E-02  -2.3206730512E-02  -3.4447469158E-02  -7.0736759946E-03
    1      2.9071508912E-05  -2.2847997074E-02  -1.2566976146E-01  -1.1595450706E-01  -1.8634583993E-02
    2     -4.5896352844E-02  -3.3881581342E-02  -1.1565743228E-01  -2.1673023477E-01   2.6623465223E-02
    3      8.4640318430E-07  -6.9230493505E-03  -2.2386370936E-03  -1.0678711375E-04  -5.1723008452E-02
    4     -1.6900627725E-07  -1.8342294171E-02  -8.2259187520E-03   3.8753153559E-04  -2.3799488895E-02
    5     -1.9019382006E-03  -2.7526749411E-02  -9.8789148389E-03   3.1451339003E-04   3.3136302330E-02
    6     -3.5881371775E-07   1.8501483743E-03   6.2800542904E-04   2.0592442017E-04   4.5874081319E-04
    7      2.1606132042E-07  -1.1290249198E-03   7.3709783915E-04   1.8780190427E-04   1.4182904077E-02
    8      2.6794549753E-04  -9.8914507902E-04   6.9678329463E-04   2.0971823166E-04  -1.8620105742E-02
    9      1.6867141997E-06   1.4496575763E-04   1.5878265011E-04   1.0977536692E-05   2.1924961708E-03
   10      3.5987088253E-07  -4.6975620858E-05   7.9952522623E-05   3.0842740677E-04   7.4353509424E-04
   11      6.2667692331E-04   4.2148870453E-04   2.4451399187E-04   2.3763674105E-04  -9.0713648609E-04
   12     -1.4748671657E-06   1.8287571337E-04  -6.5973801400E-05   2.1785091874E-05  -3.2182385287E-04
   13      8.9396069298E-08   1.8152118088E-04  -3.3193956325E-05   1.4744231218E-05  -5.1600660535E-04
   14     -4.6075731016E-05   4.6386843950E-05   3.6532000647E-06  -1.1172347075E-05   2.8266569669E-04
   15     -1.7911474763E-02  -3.0995298295E-04   3.5376022069E-03  -4.0580089883E-03  -6.1059315182E-03
   16      2.0047690209E-02   3.5403684154E-03   1.0752061169E-02  -1.5419422347E-02  -2.4850006755E-03
   17      3.7986527367E-04   4.0589436280E-03   1.5410297988E-02  -2.0125347676E-02  -3.2981126968E-04
   18      2.6972476476E-05   3.4889111499E-03  -5.0671238112E-03   4.1582249917E-04   1.0174184381E-03
   19     -3.2112375421E-05   1.0604520014E-02  -1.3153189299E-02   1.5279770515E-03   6.8846401652E-04
   20      4.5605182330E-02   1.7908487590E-02  -2.0044506082E-02   3.8680150472E-04   1.3523141226E-04
   21      1.7908487590E-02   5.9533553580E-02   2.8844884126E-02   3.8717124012E-02   1.3634496256E-03
   22     -2.0044506082E-02   2.8844884126E-02   1.3485561924E-01   1.2851653757E-01   2.4938444946E-04
   23      3.8680150472E-04   3.8717124012E-02   1.2851653757E-01   2.3319355108E-01  -4.6035382407E-04
   24      1.3523141226E-04   1.3634496256E-03   2.4938444946E-04  -4.6035382407E-04   6.2254032063E-02
   25     -3.3274307989E-04   3.4952962041E-04  -1.4160579118E-04   9.1266766449E-05   2.3799381035E-02
   26      9.1270032323E-05   3.6446157246E-04   2.9285237301E-05   8.6504573411E-04  -3.6154216036E-02
   27     -1.3527312304E-04  -6.1063256335E-03  -2.4843471080E-03   3.2984534159E-04   1.9697432095E-04
   28      3.3261472074E-04  -2.0466626962E-03   2.2708186618E-04   2.2457285951E-04   2.8717070483E-03
   29      9.0857815193E-05   3.5211172518E-04   6.7231099276E-04   1.7452208851E-03  -4.0508164925E-03
   30     -1.9868874080E-04  -3.4528070899E-04  -3.2044322416E-04  -6.1980672548E-04   6.9334713279E-04
   31      3.8567563111E-04   7.7287640071E-04   5.8382888720E-04   2.5260191161E-04  -8.6482162431E-04
   32      2.1674646831E-04   5.8523483872E-04  -5.9132743104E-05   1.0682973816E-04   3.0518531660E-04
   33      1.9843093893E-04  -8.2207465031E-05  -6.5077782313E-05  -3.7160074876E-05  -2.9151499586E-03
   34     -3.8601992350E-04   1.2547190240E-04  -7.1121418376E-06  -9.2121511102E-05   3.7159501593E-03
   35      2.1697412913E-04  -2.5796487350E-05   7.3863505069E-05  -1.7064198117E-04   5.7020644130E-05
   36     -1.5308215947E-07   1.8990955099E-05   2.7749280202E-05   2.9851769594E-05  -3.6868788380E-05
   37     -4.0369417243E-07  -4.2919869010E-06  -4.8601196552E-06  -3.0207757242E-05   2.7870800783E-05
   38     -3.7953198637E-05  -3.2711381608E-05  -2.2462394477E-05  -2.1920529836E-05   7.7133844035E-06
                   25                 26                 27                 28                 29        
    0     -2.3814374422E-03  -1.7214610265E-04  -7.0717275042E-03  -2.3807659547E-03   1.7217400573E-04
    1     -6.5358175364E-03  -1.2247045383E-03  -1.8640900913E-02  -6.5378849121E-03   1.2247386340E-03
    2      8.4082905512E-03   9.0957412088E-04  -2.6621343973E-02  -8.4075504005E-03   9.0908253068E-04
    3     -2.2997134037E-02   3.2236177824E-02  -5.1717346194E-02  -2.2992496948E-02  -3.2222134318E-02
    4     -1.2693247634E-01   1.1609386588E-01  -2.3795079028E-02  -1.2696592908E-01  -1.1610935669E-01
    5      1.1471633480E-01  -2.1719151045E-01  -3.3122163501E-02  -1.1473087854E-01  -2.1716465615E-01
    6     -1.1372860353E-03  -1.6980445740E-04   4.6025002608E-04  -1.1375348382E-03   1.7179411248E-04
    7     -1.6973767949E-02  -6.8626317405E-04   1.4187573640E-02  -1.6976550111E-02   6.9021221609E-04
    8      2.0864119228E-02   4.1519647505E-05   1.8620213095E-02  -2.0861572428E-02   4.6527642249E-05
    9     -1.9049499631E-03   2.4729935896E-04   2.1900043131E-03  -1.9011408370E-03  -2.4625355136E-04
   10      2.2148631179E-04   6.2497092264E-05   7.4167088158E-04   2.2406412878E-04  -6.2581006023E-05
   11     -1.4412373572E-04   3.6499389493E-04   9.0531467325E-04   1.4625340754E-04   3.6884565060E-04
   12      6.8573954787E-04  -4.0904141325E-04  -3.2394631230E-04   6.8507972304E-04   4.0806760053E-04
   13      4.7897216186E-04  -3.3947393256E-04  -5.1628773644E-04   4.7664996480E-04   3.3915642866E-04
   14     -2.0452474979E-04   1.0882224566E-05  -2.7951847781E-04   2.0068041267E-04   7.5431106784E-06
   15     -2.0461000477E-03  -3.5249359307E-04   1.3638053481E-03   3.4958957540E-04  -3.6439855670E-04
   16      2.2697768919E-04  -6.7205010165E-04   2.4961011917E-04  -1.4147454256E-04  -2.9019472814E-05
   17     -2.2457206932E-04   1.7453236375E-03   4.6030978235E-04  -9.0984246769E-05   8.6553439657E-04
   18     -1.1300695708E-05   6.5520790465E-04   1.0175142804E-03  -1.1460002910E-05  -6.5514038244E-04
   19      6.4369584017E-04  -6.1502343976E-05   6.8856640435E-04   6.4357730687E-04   6.1441802265E-05
   20     -3.3274307989E-04   9.1270032323E-05  -1.3527312304E-04   3.3261472074E-04   9.0857815193E-05
   21      3.4952962041E-04   3.6446157246E-04  -6.1063256335E-03  -2.0466626962E-03   3.5211172518E-04
   22     -1.4160579118E-04   2.9285237301E-05  -2.4843471080E-03   2.2708186618E-04   6.7231099276E-04
   23      9.1266766449E-05   8.6504573411E-04   3.2984534159E-04   2.2457285951E-04   1.7452208851E-03
   24      2.3799381035E-02  -3.6154216036E-02   1.9697432095E-04   2.8717070483E-03  -4.0508164925E-03
   25      1.4114747925E-01  -1.2786781986E-01   2.8738048748E-03   1.0609581874E-02  -1.5077679183E-02
   26     -1.2786781986E-01   2.3152669567E-01   4.0517309733E-03   1.5072396580E-02  -2.0855634939E-02
   27      2.8738048748E-03   4.0517309733E-03   6.2250121219E-02   2.3794062375E-02   3.6138568270E-02
   28      1.0609581874E-02   1.5072396580E-02   2.3794062375E-02   1.4118521347E-01   1.2788424631E-01
   29     -1.5077679183E-02  -2.0855634939E-02   3.6138568270E-02   1.2788424631E-01   2.3149511502E-01
   30     -8.4995929887E-04  -3.1704599517E-04  -2.9150544245E-03   3.6223265504E-03  -2.4330811441E-06
   31      5.4022821655E-04   1.3555774359E-04   3.7167025263E-03  -3.2485304288E-03   5.6713926391E-04
   32      2.5167560640E-05   9.0384183784E-04  -5.8799749758E-05   2.8265644603E-04   1.6176845936E-03
   33      3.6220974247E-03   1.5448056789E-06   6.9302663809E-04  -8.5010609678E-04   3.1684297819E-04
   34     -3.2485652288E-03  -5.6703863000E-04  -8.6455806753E-04   5.3950406367E-04  -1.3603678667E-04
   35     -2.8106201413E-04   1.6181342754E-03  -3.0549088411E-04  -2.4817284731E-05   9.0316945264E-04
   36      1.8320129360E-05  -6.8189983755E-06  -3.7296077893E-05   1.8132105394E-05   6.5927348033E-06
   37     -3.6188505075E-05   2.0607053077E-05   2.8452027385E-05  -3.5303600178E-05  -2.0648019839E-05
   38      3.1988788308E-05  -3.0135690420E-05  -8.3674708174E-06  -3.1542324920E-05  -2.9290008958E-05
                   30                 31                 32                 33                 34        
    0      1.7270486927E-03  -1.5052025311E-03  -5.1417446404E-05   1.7269931095E-03  -1.5071715131E-03
    1      4.3707750806E-04   1.1005728642E-03   4.2594697002E-04   4.3708393021E-04   1.1025945077E-03
    2      1.0980257678E-03   1.9046844007E-04   2.6125173231E-04  -1.0986034172E-03  -1.9094341337E-04
    3      1.8096661503E-03  -1.3366279722E-03   2.0873886198E-04   1.8143681178E-03  -1.3461526303E-03
    4      1.3171966217E-02  -1.7543686987E-02  -2.5205887247E-04   1.3174382407E-02  -1.7546196444E-02
    5      1.7908241592E-02  -2.1528090653E-02  -2.6351414010E-04  -1.7907613026E-02   2.1526291934E-02
    6     -4.8532980040E-02  -2.1093819281E-02  -2.8594176190E-02  -4.8554214625E-02  -2.1136750756E-02
    7     -2.2764236360E-02  -1.2276281909E-01  -1.1410114387E-01  -2.2798958433E-02  -1.2277015358E-01
    8     -3.0697447950E-02  -1.1432632354E-01  -2.0910464540E-01   3.0739748404E-02   1.1431136695E-01
    9     -1.1950229800E-02  -6.8982824931E-03  -4.1879652182E-03  -1.1893554930E-02  -6.8873363470E-03
   10     -2.0560258081E-02  -8.5481974236E-03   1.0137936059E-03  -2.0539814311E-02  -8.5392769998E-03
   11     -2.7376145739E-02  -7.6716076372E-03   2.0960624351E-03   2.7368227996E-02   7.6851725908E-03
   12     -1.4919846843E-03   5.8254469905E-04   1.7844936553E-03  -1.5736036618E-03   5.6155540958E-04
   13     -1.2851285310E-04   8.1992151348E-04   3.3802796915E-04  -1.7801453930E-04   7.9798195059E-04
   14      1.1365006854E-03  -1.9781797018E-05   2.2378079471E-04  -1.1027130005E-03  -4.3368818265E-06
   15     -8.1992267272E-05   1.2518938675E-04   2.5610295993E-05  -3.4528504001E-04   7.7336789857E-04
   16     -6.4901028123E-05  -7.1817224510E-06  -7.3904994657E-05  -3.2000686823E-04   5.8382817522E-04
   17      3.6962850753E-05   9.2140604343E-05  -1.7046617608E-04   6.1982346355E-04  -2.5299114487E-04
   18      2.5023261084E-04  -2.7413763945E-04   1.1535758782E-04   2.5053687910E-04  -2.7461725525E-04
   19     -1.5952291849E-04   5.5451511627E-05   2.3980823384E-04  -1.5963777030E-04   5.5272356116E-05
   20     -1.9868874080E-04   3.8567563111E-04   2.1674646831E-04   1.9843093893E-04  -3.8601992350E-04
   21     -3.4528070899E-04   7.7287640071E-04   5.8523483872E-04  -8.2207465031E-05   1.2547190240E-04
   22     -3.2044322416E-04   5.8382888720E-04  -5.9132743104E-05  -6.5077782313E-05  -7.1121418376E-06
   23     -6.1980672548E-04   2.5260191161E-04   1.0682973816E-04  -3.7160074876E-05  -9.2121511102E-05
   24      6.9334713279E-04  -8.6482162431E-04   3.0518531660E-04  -2.9151499586E-03   3.7159501593E-03
   25     -8.4995929887E-04   5.4022821655E-04   2.5167560640E-05   3.6220974247E-03  -3.2485652288E-03
   26     -3.1704599517E-04   1.3555774359E-04   9.0384183784E-04   1.5448056789E-06  -5.6703863000E-04
   27     -2.9150544245E-03   3.7167025263E-03  -5.8799749758E-05   6.9302663809E-04  -8.6455806753E-04
   28      3.6223265504E-03  -3.2485304288E-03   2.8265644603E-04  -8.5010609678E-04   5.3950406367E-04
   29     -2.4330811441E-06   5.6713926391E-04   1.6176845936E-03   3.1684297819E-04  -1.3603678667E-04
   30      6.0453067394E-02   2.3711037924E-02   3.3827393073E-02   5.5443822775E-04   3.2554528086E-03
   31      2.3711037924E-02   1.3837376432E-01   1.2696183658E-01   3.2481264120E-03   1.0375065600E-02
   32      3.3827393073E-02   1.2696183658E-01   2.2527455798E-01  -3.9452035347E-03  -1.4659962439E-02
   33      5.5443822775E-04   3.2481264120E-03  -3.9452035347E-03   6.0495796528E-02   2.3768993069E-02
   34      3.2554528086E-03   1.0375065600E-02  -1.4659962439E-02   2.3768993069E-02   1.3838873635E-01
   35      3.9557681932E-03   1.4664313119E-02  -2.1081563136E-02  -3.3889010674E-02  -1.2695232378E-01
   36     -1.7027828342E-04  -1.3991255459E-04   4.2025125063E-05  -1.7114381926E-04  -1.4063926966E-04
   37      6.0629950287E-04   2.6158273208E-04  -1.4283938378E-04   6.1736714985E-04   2.6832138835E-04
   38      1.1921994532E-03   2.9787527904E-04  -8.0566730328E-05  -1.2080241305E-03  -2.8290552164E-04
                   35                 36                 37                 38        
     0      5.2854214312E-05   3.7100338025E-05  -1.3659112268E-04   3.5184196949E-07
     1     -4.2605410687E-04  -1.7498787801E-04   3.2051098004E-04  -1.1729192348E-06
     2      2.6246562979E-04  -1.4427467883E-06  -2.8804330182E-06  -2.9772992125E-05
     3     -2.0981203372E-04   3.5828754642E-04  -1.2126948367E-03   7.1499166348E-06
     4      2.5668066183E-04   4.3572026042E-04  -5.9045638063E-04  -1.8762803558E-06
     5     -2.6859769904E-04  -7.2534842806E-06   5.6816706300E-06   1.9956381681E-04
     6      2.8637003751E-02   1.5714972599E-03  -1.1854843839E-03  -1.0276442744E-05
     7      1.1408144081E-01  -1.7758122965E-03   5.5620403483E-03  -3.1226375006E-05
     8     -2.0906504617E-01  -2.6132957833E-06  -2.5161007179E-05   6.3394580496E-03
     9      4.1982946470E-03   4.8234953675E-03   8.2364842462E-04   3.6259557075E-04
    10     -1.0121032589E-03   2.0318363429E-03   3.2649661659E-04   1.4479064080E-04
    11      2.1040863471E-03  -9.1273961621E-05  -2.4008190222E-05  -3.5375500964E-04
    12     -1.7815305324E-03  -3.7396886098E-01  -1.2811694546E-01  -1.4983735412E-03
    13     -3.4601832291E-04  -1.2900267579E-01  -6.5877294409E-02  -5.4528423898E-04
    14      2.2261842281E-04  -1.0593107810E-03  -3.8242590678E-04  -1.8788831327E-02
    15     -5.8553805239E-04   1.8627411080E-05  -3.6187034333E-06   3.3218795888E-05
    16      5.8770982309E-05   2.7631231510E-05  -4.8858379893E-06   2.2626408688E-05
    17      1.0707475434E-04  -3.0024802684E-05   3.0586795471E-05  -2.2349948146E-05
    18     -1.1527383668E-04   9.4326158072E-05  -1.0094752764E-04  -6.9533128779E-08
    19     -2.3994838096E-04   7.1059513771E-06  -5.5934614228E-05   6.0068433738E-07
    20      2.1697412913E-04  -1.5308215947E-07  -4.0369417243E-07  -3.7953198637E-05
    21     -2.5796487350E-05   1.8990955099E-05  -4.2919869010E-06  -3.2711381608E-05
    22      7.3863505069E-05   2.7749280202E-05  -4.8601196552E-06  -2.2462394477E-05
    23     -1.7064198117E-04   2.9851769594E-05  -3.0207757242E-05  -2.1920529836E-05
    24      5.7020644130E-05  -3.6868788380E-05   2.7870800783E-05   7.7133844035E-06
    25     -2.8106201413E-04   1.8320129360E-05  -3.6188505075E-05   3.1988788308E-05
    26      1.6181342754E-03  -6.8189983755E-06   2.0607053077E-05  -3.0135690420E-05
    27     -3.0549088411E-04  -3.7296077893E-05   2.8452027385E-05  -8.3674708174E-06
    28     -2.4817284731E-05   1.8132105394E-05  -3.5303600178E-05  -3.1542324920E-05
    29      9.0316945264E-04   6.5927348033E-06  -2.0648019839E-05  -2.9290008958E-05
    30      3.9557681932E-03  -1.7027828342E-04   6.0629950287E-04   1.1921994532E-03
    31      1.4664313119E-02  -1.3991255459E-04   2.6158273208E-04   2.9787527904E-04
    32     -2.1081563136E-02   4.2025125063E-05  -1.4283938378E-04  -8.0566730328E-05
    33     -3.3889010674E-02  -1.7114381926E-04   6.1736714985E-04  -1.2080241305E-03
    34     -1.2695232378E-01  -1.4063926966E-04   2.6832138835E-04  -2.8290552164E-04
    35      2.2523113070E-01  -4.4779677515E-05   1.4910663824E-04  -7.9804722544E-05
    36     -4.4779677515E-05   3.6746212291E-01   1.2866223430E-01   1.1598973690E-03
    37      1.4910663824E-04   1.2866223430E-01   5.9865971402E-02   4.2059024412E-04
    38     -7.9804722544E-05   1.1598973690E-03   4.2059024412E-04   1.2935358292E-02

$vibrational_frequencies
39
    0        0.0000000000000000
    1        0.0000000000000000
    2        0.0000000000000000
    3        0.0000000000000000
    4        0.0000000000000000
    5        0.0000000000000000
    6       98.7795017032949687
    7      147.6353585190720992
    8      251.8995434401086868
    9      339.3400406851419007
   10      346.1465295699927651
   11      503.0924324148348887
   12      636.4400388069778955
   13      642.8094401318377322
   14      749.0758651573662519
   15      873.8111311878603829
   16      877.5327608234431409
   17      972.5002509938196908
   18     1041.3930906302587118
   19     1106.1300378213611566
   20     1119.3558460251724682
   21     1255.9584328937364717
   22     1296.1313243216811770
   23     1321.6455228366282881
   24     1368.1450973600533416
   25     1403.5914809018238429
   26     1461.3773794831031410
   27     1485.4725542110124934
   28     1493.1625831243322864
   29     1499.5403689317695353
   30     2198.6424590832239119
   31     2993.9292556275522657
   32     3005.4199675356412627
   33     3024.1828902103120527
   34     3028.1542165685159489
   35     3060.9201736780350984
   36     3086.8636352687171893
   37     3090.3132814784908078
   38     3479.8596415186066224

$normal_modes
39 39
                    0                  1                  2                  3                  4        
    0      0.0000000000E+00   0.0000000000E+00   0.0000000000E+00   0.0000000000E+00   0.0000000000E+00
    1      0.0000000000E+00   0.0000000000E+00   0.0000000000E+00   0.0000000000E+00   0.0000000000E+00
    2      0.0000000000E+00   0.0000000000E+00   0.0000000000E+00   0.0000000000E+00   0.0000000000E+00
    3      0.0000000000E+00   0.0000000000E+00   0.0000000000E+00   0.0000000000E+00   0.0000000000E+00
    4      0.0000000000E+00   0.0000000000E+00   0.0000000000E+00   0.0000000000E+00   0.0000000000E+00
    5      0.0000000000E+00   0.0000000000E+00   0.0000000000E+00   0.0000000000E+00   0.0000000000E+00
    6      0.0000000000E+00   0.0000000000E+00   0.0000000000E+00   0.0000000000E+00   0.0000000000E+00
    7      0.0000000000E+00   0.0000000000E+00   0.0000000000E+00   0.0000000000E+00   0.0000000000E+00
    8      0.0000000000E+00   0.0000000000E+00   0.0000000000E+00   0.0000000000E+00   0.0000000000E+00
    9      0.0000000000E+00   0.0000000000E+00   0.0000000000E+00   0.0000000000E+00   0.0000000000E+00
   10      0.0000000000E+00   0.0000000000E+00   0.0000000000E+00   0.0000000000E+00   0.0000000000E+00
   11      0.0000000000E+00   0.0000000000E+00   0.0000000000E+00   0.0000000000E+00   0.0000000000E+00
   12      0.0000000000E+00   0.0000000000E+00   0.0000000000E+00   0.0000000000E+00   0.0000000000E+00
   13      0.0000000000E+00   0.0000000000E+00   0.0000000000E+00   0.0000000000E+00   0.0000000000E+00
   14      0.0000000000E+00   0.0000000000E+00   0.0000000000E+00   0.0000000000E+00   0.0000000000E+00
   15      0.0000000000E+00   0.0000000000E+00   0.0000000000E+00   0.0000000000E+00   0.0000000000E+00
   16      0.0000000000E+00   0.0000000000E+00   0.0000000000E+00   0.0000000000E+00   0.0000000000E+00
   17      0.0000000000E+00   0.0000000000E+00   0.0000000000E+00   0.0000000000E+00   0.0000000000E+00
   18      0.0000000000E+00   0.0000000000E+00   0.0000000000E+00   0.0000000000E+00   0.0000000000E+00
   19      0.0000000000E+00   0.0000000000E+00   0.0000000000E+00   0.0000000000E+00   0.0000000000E+00
   20      0.0000000000E+00   0.0000000000E+00   0.0000000000E+00   0.0000000000E+00   0.0000000000E+00
   21      0.0000000000E+00   0.0000000000E+00   0.0000000000E+00   0.0000000000E+00   0.0000000000E+00
   22      0.0000000000E+00   0.0000000000E+00   0.0000000000E+00   0.0000000000E+00   0.0000000000E+00
   23      0.0000000000E+00   0.0000000000E+00   0.0000000000E+00   0.0000000000E+00   0.0000000000E+00
   24      0.0000000000E+00   0.0000000000E+00   0.0000000000E+00   0.0000000000E+00   0.0000000000E+00
   25      0.0000000000E+00   0.0000000000E+00   0.0000000000E+00   0.0000000000E+00   0.0000000000E+00
   26      0.0000000000E+00   0.0000000000E+00   0.0000000000E+00   0.0000000000E+00   0.0000000000E+00
   27      0.0000000000E+00   0.0000000000E+00   0.0000000000E+00   0.0000000000E+00   0.0000000000E+00
   28      0.0000000000E+00   0.0000000000E+00   0.0000000000E+00   0.0000000000E+00   0.0000000000E+00
   29      0.0000000000E+00   0.0000000000E+00   0.0000000000E+00   0.0000000000E+00   0.0000000000E+00
   30      0.0000000000E+00   0.0000000000E+00   0.0000000000E+00   0.0000000000E+00   0.0000000000E+00
   31      0.0000000000E+00   0.0000000000E+00   0.0000000000E+00   0.0000000000E+00   0.0000000000E+00
   32      0.0000000000E+00   0.0000000000E+00   0.0000000000E+00   0.0000000000E+00   0.0000000000E+00
   33      0.0000000000E+00   0.0000000000E+00   0.0000000000E+00   0.0000000000E+00   0.0000000000E+00
   34      0.0000000000E+00   0.0000000000E+00   0.0000000000E+00   0.0000000000E+00   0.0000000000E+00
   35      0.0000000000E+00   0.0000000000E+00   0.0000000000E+00   0.0000000000E+00   0.0000000000E+00
   36      0.0000000000E+00   0.0000000000E+00   0.0000000000E+00   0.0000000000E+00   0.0000000000E+00
   37      0.0000000000E+00   0.0000000000E+00   0.0000000000E+00   0.0000000000E+00   0.0000000000E+00
   38      0.0000000000E+00   0.0000000000E+00   0.0000000000E+00   0.0000000000E+00   0.0000000000E+00
                    5                  6                  7                  8                  9        
    0      0.0000000000E+00   1.7575780677E-04  -4.0006688283E-02  -9.4836314487E-06  -3.2496458661E-03
    1      0.0000000000E+00   3.2460387882E-04  -1.6804576625E-01   2.4430514816E-06   1.8775663301E-03
    2      0.0000000000E+00  -1.8900479305E-01  -5.6865300665E-04   1.4756274194E-02  -2.5540541731E-02
    3      0.0000000000E+00   3.3270352056E-04  -1.2870173612E-01  -4.1313935280E-06  -1.1030220903E-03
    4      0.0000000000E+00  -1.4854356360E-04   9.6675609554E-02  -1.2965457536E-05  -3.0863848932E-03
    5      0.0000000000E+00   1.6917360994E-01   7.8260291129E-04  -7.1769333885E-02   6.8213353154E-02
    6      0.0000000000E+00   4.7076544738E-05  -3.1679673141E-03  -2.1741501430E-06   1.3832231724E-03
    7      0.0000000000E+00  -4.1019663406E-04   2.1410768584E-01  -1.7103448420E-06  -1.3566115539E-03
    8      0.0000000000E+00   1.7045008819E-01   3.9811321806E-04   3.3343334088E-02   8.0814291362E-02
    9      0.0000000000E+00   6.8605375623E-05   2.0389619502E-02  -5.3148817351E-06   6.7585744787E-04
   10      0.0000000000E+00  -3.3579995838E-04   1.5136743615E-01   1.4819077553E-05   2.3348161148E-03
   11      0.0000000000E+00   3.9239982450E-02  -2.8675837796E-04  -9.3194762823E-04  -3.8175584308E-01
   12      0.0000000000E+00  -7.0692220358E-04   1.6848450020E-01   2.5042367968E-05   2.6499544369E-03
   13      0.0000000000E+00   4.4951306178E-04  -2.4444806011E-01  -2.3769774806E-07   9.7027763470E-05
   14      0.0000000000E+00  -1.7394215129E-01  -3.5575043077E-04   1.4286437320E-02   1.6739408143E-01
   15      0.0000000000E+00  -1.5697603409E-01   8.2814777284E-02   2.1752939155E-01  -9.6156596774E-02
