*************************************************
******************* ORCA 6.0.0 ******************
*************************************************
$Calculation_Status
   &GeometryIndex 1
   &ListStatus       OUT
   &VERSION [&Type "String"] "6.0.0"
   &PROGNAME [&Type "String"] "LeanSCF"
   &STATUS [&Type "String"] "NORMAL TERMINATION"
$End
$Geometry
   &GeometryIndex 1
   &ListStatus       OUT
   &NATOMS [&Type "Integer"] 11
   &NCORELESSECP [&Type "Integer"] 0
   &NGHOSTATOMS [&Type "Integer"] 0
   &CartesianCoordinates [&Type "Coordinates", &Dim(11,4), &Units "Bohr"] 
              C     -2.677623915535   -1.876367922930    0.000373054049
              S     -0.000071582070    0.206049432761   -0.000846269441
              O     -0.001685674640    1.673181625952    2.394119200579
              O     -0.000871693249    1.669111144521   -2.398314639206
              C      2.680921124811   -1.871938802660    0.001306405849
              H     -2.609995716628   -3.042835782502   -1.701263659658
              H     -2.612586420986   -3.037677528789    1.705622633672
              H     -4.361764187681   -0.679222467186   -0.002760731712
              H      2.615370288048   -3.039040512471   -1.699988420684
              H      4.363084714508   -0.671995399126   -0.002023333362
              H      2.617586510103   -3.032827852424    1.706919465413
$End
$SCF_Energy
   &GeometryIndex 1
   &ListStatus       OUT
   &SCF_ENERGY [&Type "Double"]      -6.2841808356284537e+02
$End
$DFT_Energy
   &GeometryIndex 1
   &ListStatus       OUT
   &NALPHAEL [&Type "Integer"] 25
   &NBETAEL [&Type "Integer"] 25
   &NTOTALEL [&Type "Integer"] 50
   &EEXCHANGE [&Type "Double"]      -5.4191071010751450e+01
   &ECORR [&Type "Double"]      -1.7258209902203248e+00
   &ECNL [&Type "Double"]       0.0000000000000000e+00
   &EXC [&Type "Double"]      -5.5916892000971778e+01
   &EEMBED [&Type "Double"]       0.0000000000000000e+00
   &FINALEN [&Type "Double"]      -6.2841808356284537e+02  "No Van der Waals correction"
$End
$Mulliken_Population_Analysis
   &GeometryIndex 1
   &ListStatus       OUT
   &NATOMS [&Type "Integer"] 11
   &ATNO [&Type "ArrayOfIntegers", &Dim (11,1)] 
                                                         0

0                                                        6
1                                                       16
2                                                        8
3                                                        8
4                                                        6
5                                                        1
6                                                        1
7                                                        1
8                                                        1
9                                                        1
10                                                       1
   &ATOMICCHARGES [&Type "ArrayOfDoubles", &Dim (11,1)] 
                                                         0

0                                     -3.4345332784424176e-01
1                                      7.8027106792773537e-01
2                                     -4.8584946406709406e-01
3                                     -4.8583997687681091e-01
4                                     -3.4344739253634060e-01
5                                      1.3960116267463141e-01
6                                      1.3966011775589204e-01
7                                      1.5989987925642501e-01
8                                      1.3958798456142030e-01
9                                      1.5989846233011784e-01
10                                     1.3967148681831065e-01
$End
$Loewdin_Population_Analysis
   &GeometryIndex 1
   &ListStatus       OUT
   &NATOMS [&Type "Integer"] 11
   &ATNO [&Type "ArrayOfIntegers", &Dim (11,1)] 
                                                         0

0                                                        6
1                                                       16
2                                                        8
3                                                        8
4                                                        6
5                                                        1
6                                                        1
7                                                        1
8                                                        1
9                                                        1
10                                                       1
   &ATOMICCHARGES [&Type "ArrayOfDoubles", &Dim (11,1)] 
                                                         0

0                                     -4.1221730894916320e-01
1                                      7.0734806481978119e-01
2                                     -3.2029102165604861e-01
3                                     -3.2029237886419182e-01
4                                     -4.1221833838349831e-01
5                                      1.2299512631856246e-01
6                                      1.2300475806231370e-01
7                                      1.3283376351165599e-01
8                                      1.2299447662009144e-01
9                                      1.3283516837925613e-01
10                                     1.2300769014132273e-01
$End
$Mayer_Population_Analysis
   &GeometryIndex 1
   &ListStatus       OUT
   &NATOMS [&Type "Integer"] 11 "Total number of atoms"
   &BONDTHRESH [&Type "Double"]       1.0000000000000001e-01  "The threshold for printing"
   &NBONDORDERSPRINT [&Type "Integer"] 10 "The number of bond orders larger than threshold"
   &BONDORDERS [&Type "ArrayOfDoubles", &Dim (10,1)] "The bond orders"
                                                         0

0                                      8.8342138647839263e-01
1                                      9.4319210115710317e-01
2                                      9.4318560999799372e-01
3                                      9.4502730794143697e-01
4                                      1.8083472482561442e+00
5                                      1.8083023614496030e+00
6                                      8.8342005661084899e-01
7                                      9.4318798839806173e-01
8                                      9.4502695976347140e-01
9                                      9.4318887000399210e-01
   &COMPONENTS [&Type "ArrayOfIntegers", &Dim (10,4)] "The indices and atomic numbers of the bonding atoms"
                                                         0                           1                           2                           3

0                                                        0                           6                           1                          16
1                                                        0                           6                           5                           1
2                                                        0                           6                           6                           1
3                                                        0                           6                           7                           1
4                                                        1                          16                           2                           8
5                                                        1                          16                           3                           8
6                                                        1                          16                           4                           6
7                                                        4                           6                           8                           1
8                                                        4                           6                           9                           1
9                                                        4                           6                          10                           1
   &ATNO [&Type "ArrayOfIntegers", &Dim (11,1)] "Atomic number of the elements"
                                                         0

0                                                        6
1                                                       16
2                                                        8
3                                                        8
4                                                        6
5                                                        1
6                                                        1
7                                                        1
8                                                        1
9                                                        1
10                                                       1
   &NA [&Type "ArrayOfDoubles", &Dim (11,1)] "Mulliken gross atomic population"
                                                         0

0                                      6.3434533278442249e+00
1                                      1.5219728932072286e+01
2                                      8.4858494640670603e+00
3                                      8.4858399768767505e+00
4                                      6.3434473925363717e+00
5                                      8.6039883732536881e-01
6                                      8.6033988224410807e-01
7                                      8.4010012074357610e-01
8                                      8.6041201543857904e-01
9                                      8.4010153766988260e-01
10                                     8.6032851318168824e-01
   &ZA [&Type "ArrayOfDoubles", &Dim (11,1)] "Total nuclear charge"
                                                         0

0                                      6.0000000000000000e+00
1                                      1.6000000000000000e+01
2                                      8.0000000000000000e+00
3                                      8.0000000000000000e+00
4                                      6.0000000000000000e+00
5                                      1.0000000000000000e+00
6                                      1.0000000000000000e+00
7                                      1.0000000000000000e+00
8                                      1.0000000000000000e+00
9                                      1.0000000000000000e+00
10                                     1.0000000000000000e+00
   &QA [&Type "ArrayOfDoubles", &Dim (11,1)] "Mulliken gross atomic charge"
                                                         0

0                                     -3.4345332784422489e-01
1                                      7.8027106792771406e-01
2                                     -4.8584946406706031e-01
3                                     -4.8583997687675051e-01
4                                     -3.4344739253637169e-01
5                                      1.3960116267463119e-01
6                                      1.3966011775589193e-01
7                                      1.5989987925642390e-01
8                                      1.3958798456142096e-01
9                                      1.5989846233011740e-01
10                                     1.3967148681831176e-01
   &VA [&Type "ArrayOfDoubles", &Dim (11,1)] "Mayer's total valence"
                                                         0

0                                      3.8088125370434476e+00
1                                      5.4948922448779669e+00
2                                      1.9524897692422241e+00
3                                      1.9524637830864944e+00
4                                      3.8088077620305394e+00
5                                      9.8190128394087983e-01
6                                      9.8190258142030762e-01
7                                      9.9336540267119389e-01
8                                      9.8189828856848471e-01
9                                      9.9336594441741044e-01
10                                     9.8190730172412444e-01
   &BVA [&Type "ArrayOfDoubles", &Dim (11,1)] "Mayer's bonded valence"
                                                         0

0                                      3.8088125370434387e+00
1                                      5.4948922448779625e+00
2                                      1.9524897692423278e+00
3                                      1.9524637830865736e+00
4                                      3.8088077620304581e+00
5                                      9.8190128394087883e-01
6                                      9.8190258142029130e-01
7                                      9.9336540267119677e-01
8                                      9.8189828856848838e-01
9                                      9.9336594441741022e-01
10                                     9.8190730172411911e-01
   &FA [&Type "ArrayOfDoubles", &Dim (11,1)] "Mayer's free valence"
                                                         0

0                                      0.0000000000000000e+00
1                                      0.0000000000000000e+00
2                                      0.0000000000000000e+00
3                                      0.0000000000000000e+00
4                                      0.0000000000000000e+00
5                                      0.0000000000000000e+00
6                                      0.0000000000000000e+00
7                                      0.0000000000000000e+00
8                                      0.0000000000000000e+00
9                                      0.0000000000000000e+00
10                                     0.0000000000000000e+00
$End
$VdW_Correction
   &GeometryIndex 1
   &ListStatus       OUT
   &VDW [&Type "Double"]      -2.6590586636266447e-03
$End
$Calculation_Info
   &GeometryIndex 1
   &ListStatus       OUT
   &MULT [&Type "Integer"] 1
   &CHARGE [&Type "Integer"] 0
   &NUMOFATOMS [&Type "Integer"] 11
   &NUMOFELECTRONS [&Type "Integer"] 50
   &NUMOFFCELECTRONS [&Type "Integer"] 1
   &NUMOFCORRELECTRONS [&Type "Integer"] 0
   &NUMOFBASISFUNCTS [&Type "Integer"] 197
   &NUMOFAUXCBASISFUNCTS [&Type "Integer"] 0
   &NUMOFAUXJBASISFUNCTS [&Type "Integer"] 228
   &NUMOFAUXJKBASISFUNCTS [&Type "Integer"] 0
   &NUMOFCABSBASISFUNCTS [&Type "Integer"] 0
   &TOTALENERGY [&Type "Double"]      -6.2840534601100899e+02  "Hartrees"
$End
$SCF_Dipole_Moment
   &GeometryIndex 1
   &ListStatus       OUT
   &METHOD [&Type "String"] "SCF"
   &LEVEL [&Type "String"] "Relaxed density"
   &MULT [&Type "Integer"] 1
   &STATE [&Type "Integer"] -1
   &IRREP [&Type "Integer"] 0
   &NATOMS [&Type "Integer"] 11
   &DODIPOLEATOM [&Type "Boolean"] false
   &DIPOLEELECCONTRIB [&Type "ArrayOfDoubles", &Dim (3,1)] "Electronic contribution"
                                                         0

0                                     -3.9482616415650405e-03
1                                      4.8053121638895959e+00
2                                     -3.7462953020426003e-03
   &DIPOLENUCCONTRIB [&Type "ArrayOfDoubles", &Dim (3,1)] "Nuclear contribution"
                                                         0

0                                      5.5283601174482833e-03
1                                     -6.7268063136520952e+00
2                                      5.3471929263584350e-03
   &DIPOLETOTAL [&Type "ArrayOfDoubles", &Dim (3,1)] "Total"
                                                         0

0                                      1.5800984758832428e-03
1                                     -1.9214941497624993e+00
2                                      1.6008976243158347e-03
   &DIPOLEMAGNITUDE [&Type "Double", &Units "a.u."]       1.9214954663375887e+00
$End
$THERMOCHEMISTRY_Energies
   &GeometryIndex 1
   &ListStatus       OUT
   &TEMPERATURE [&Type "Double"]       2.9814999999999998e+02
   &PRESSURE [&Type "Double"]       1.0000000000000000e+00
   &TOTALMASS [&Type "Double"]       9.4127999999999986e+01
   &SPINDEGENERACY [&Type "Integer"] 1
   &ELENERGY [&Type "Double"]      -6.2840534601100899e+02
   &TRANSENERGY [&Type "Double"]       1.4162714244859817e-03
   &ROTENERGY [&Type "Double"]       1.4162714244859817e-03
   &VIBENERGY [&Type "Double"]       3.2944468814472025e-03
   &NUMOFFREQS [&Type "Integer"] 33
   &FREQSCALINGFACTOR [&Type "Double"]       1.0000000000000000e+00
   &FREQ [&Type "ArrayOfDoubles", &Dim (33,1)] "In cm^-1"
                                                         0

0                                      0.0000000000000000e+00
1                                      0.0000000000000000e+00
2                                      0.0000000000000000e+00
3                                      0.0000000000000000e+00
4                                      0.0000000000000000e+00
5                                      0.0000000000000000e+00
6                                      1.9374951464344130e+02
7                                      2.3114341629306887e+02
8                                      2.6963850518156897e+02
9                                      3.0402653581097462e+02
10                                     3.6196543966326260e+02
11                                     4.6112658124832723e+02
12                                     4.9248791684508728e+02
13                                     6.4866809919622528e+02
14                                     7.2789051256751247e+02
15                                     9.3298992261736214e+02
16                                     9.4129414631162263e+02
17                                     9.7252623822163855e+02
18                                     9.7565604606808017e+02
19                                     1.0689618792117992e+03
20                                     1.1853538504602445e+03
21                                     1.3200736839885683e+03
22                                     1.3349261581854530e+03
23                                     1.4338455711622573e+03
24                                     1.4393856190393237e+03
25                                     1.4511054904559894e+03
26                                     1.4520302278016516e+03
27                                     3.0269579737914009e+03
28                                     3.0288988017418219e+03
29                                     3.1392157641913168e+03
30                                     3.1393984494951847e+03
31                                     3.1403830272961427e+03
32                                     3.1432367542863931e+03
   &ZPE [&Type "Double"]       8.3875152100490444e-02
   &INNERENERGYU [&Type "Double"]      -6.2831534386917815e+02
   &ENTHALPYH [&Type "Double"]      -6.2831439966013590e+02
   &QEL [&Type "Double"]       0.0000000000000000e+00
   &QROT [&Type "Double"]       1.2298555187583582e-02
   &QVIB [&Type "Double"]       5.2021379649682918e-03
   &QTRANS [&Type "Double"]       1.8785536981349125e-02
   &ENTROPYS [&Type "Double"]       3.6286230133901004e-02
   &FREEENERGYG [&Type "Double"]      -6.2835068589026980e+02
   &ISLINEAR [&Type "Boolean"] false
$End
$Hessian
   &GeometryIndex 1
   &ListStatus       OUT
   &HESSIAN [&Type "ArrayOfDoubles", &Dim (33,33)] "The Hessian"
                                                         0                           1                           2                           3                           4                           5                           6                           7

0                                      4.2134313880886398e-01        -1.0509045950954102e-01         4.5655616301456906e-05        -1.1556762626876975e-01        -3.2579529861832102e-02         2.1482064689585349e-05         9.0084437869669479e-03         2.5179477883531601e-03
1                                     -1.0509045950954102e-01         4.8901704035050314e-01         2.4651619031414099e-05        -2.9036188037106198e-02        -9.5559967700774767e-02         2.4529563271006967e-05        -1.3735463805507758e-02        -4.6029116688460579e-03
2                                      4.5655616301456906e-05         2.4651619031414099e-05         5.6931910768038874e-01         1.4548496683944438e-05         2.4697766276039262e-05        -6.1427328837201138e-02        -1.7008092693823224e-02        -1.9480436776581646e-02
3                                     -1.1556762626876975e-01        -2.9036188037106198e-02         1.4548496683944438e-05         4.7366378046182678e-01        -1.3667535336035590e-04        -7.4095451518080128e-05        -1.0026423113390948e-01         1.1832019617757958e-04
4                                     -3.2579529861832102e-02        -9.5559967700774767e-02         2.4697766276039262e-05        -1.3667535336035590e-04         5.9238387479660670e-01         1.9722360059605036e-04         1.2400630485809023e-04        -1.9003261638394275e-01
5                                      2.1482064689585349e-05         2.4529563271006967e-05        -6.1427328837201138e-02        -7.4095451518080128e-05         1.9722360059605036e-04         8.2449658628861011e-01         2.0105673189069954e-04        -1.6172813673052436e-01
6                                      9.0084437869669479e-03        -1.3735463805507758e-02        -1.7008092693823224e-02        -1.0026423113390948e-01         1.2400630485809023e-04         2.0105673189069954e-04         6.5521991292103857e-02        -1.5027210632481561e-04
7                                      2.5179477883531601e-03        -4.6029116688460579e-03        -1.9480436776581646e-02         1.1832019617757958e-04        -1.9003261638394275e-01        -1.6172813673052436e-01        -1.5027210632481561e-04         1.8529124277849737e-01
8                                      5.0781600819645584e-03        -2.5563487972204216e-03        -3.4716040124074064e-03         1.6231687297634594e-04        -1.4865280352030635e-01        -3.4428284187621289e-01        -2.0522187658935525e-04         1.8101625181250325e-01
9                                      8.9925825020660613e-03        -1.3703036189367891e-02         1.7042584352613434e-02        -1.0021421642576213e-01         6.2423700779571845e-05        -1.0016848659646457e-04         1.8971931123463105e-02        -1.4696890266476400e-06
10                                     2.5041524214281970e-03        -4.5645277195045658e-03         1.9495950866654396e-02         5.3549004568089015e-05        -1.8945660839943629e-01         1.6147531000347368e-01         8.2089766302104799e-06         1.5920001223137331e-02
11                                    -5.0750334574029346e-03         2.5562298327736696e-03        -3.5067179526888318e-03        -7.0148501039556043e-05         1.4838567344045922e-01        -3.4474874798048943e-01        -2.1736994375364245e-05         2.1783412576847988e-02
12                                    -1.0748777864726257e-02         1.4515424550940320e-02        -2.1689113779740626e-05        -1.1567944563458940e-01         3.2549234276334299e-02        -4.2411520887885556e-05         8.9891449313219372e-03        -2.4878602494057683e-03
13                                    -1.4557405410062074e-02         1.4641783793717469e-02        -1.5784787852261149e-05         2.9011155549295398e-02        -9.5465070226415871e-02         3.1613770350530203e-05         1.3758347373297137e-02        -4.5859243009777496e-03
14                                     1.8959132876681655e-05        -1.4287157652556348e-05         6.7908301193187279e-03        -3.0637460475087583e-05         3.6743270123534174e-05        -6.1432587817158907e-02         1.7036785850141515e-02        -1.9450919156857278e-02
15                                    -4.3061096692111972e-02         6.1896263825885487e-03         7.5837650631265111e-03         1.8622599595959329e-03        -1.3028870167520542e-02        -2.1813634108172053e-02        -4.4655482663125369e-03        -5.3533854656864950e-03
16                                     7.3673791692210073e-03        -1.3093955695146570e-01        -1.2710994140301213e-01         3.1770824178479380e-03        -1.2012388044921603e-02        -1.6713179537440309e-02        -4.3484543704628937e-03        -1.7959500389146156e-03
17                                     9.2903347374784680e-03        -1.2651461762169125e-01        -2.3179428126223117e-01        -1.2046529116211853e-03        -1.7889599614000088e-04        -2.4406104648942361e-03         1.3544671642237596e-04         5.3408838201784038e-04
18                                    -4.3042244663612325e-02         5.9776537777598924e-03        -7.3101856021732664e-03         1.8294145427939935e-03        -1.2961582966214958e-02         2.1856651196117637e-02         1.3559391792287249e-04         1.8060997292854868e-03
19                                     7.1516458543483038e-03        -1.3017164824459557e-01         1.2681702682444659e-01         3.1545063843634175e-03        -1.1964115955171164e-02         1.6745719777783732e-02         1.9718838566867229e-04         1.3138581071228672e-03
20                                    -9.0239183585288738e-03         1.2622754139289616e-01        -2.3259882127619549e-01         1.1989928081101841e-03         1.8977986189704869e-04        -2.4560336088141760e-03        -4.4343825510176002e-04        -6.4503369571248213e-04
21                                    -2.2463297459790629e-01         1.3311378633481083e-01        -3.4481885417274994e-04        -2.4643308252266877e-02         1.6909022896830328e-02        -3.8681366269038968e-05         3.2225617537273276e-03        -1.2140495607210148e-03
22                                     1.3018080427672329e-01        -1.3572410851581457e-01         2.4131510430883124e-04        -1.6871656832057984e-02         1.3025833092150711e-02        -3.2595966702809397e-05         2.0143211811516999e-03        -5.1841998097550048e-04
23                                    -3.4605423848491421e-04         2.4758795934453812e-04        -4.2896009939809410e-02         7.7950651151985885e-06        -1.0518260097644943e-05        -1.4058440512389274e-03         2.6204437449955844e-04        -6.2580648870545872e-04
24                                     4.3370330166558467e-04        -1.5523164586874149e-03        -1.2123933210198465e-03         1.8437456175800994e-03         1.3058629538544550e-02         2.1839284143756924e-02        -4.4831466719194709e-03         5.3489279787546718e-03
25                                    -4.2381850349470780e-04         7.4999445625005458e-04         7.3491101966767156e-04        -3.1494952469408467e-03        -1.2000848635757818e-02        -1.6675062268903841e-02         4.3419222315937249e-03        -1.7788398016222130e-03
26                                    -4.5663807641256431e-05         2.8538942985405734e-05        -1.9235168686652405e-04         1.2109763775963941e-03        -1.7237846853348756e-04        -2.4332362444668739e-03        -1.4009917565184233e-04         5.3434137762742306e-04
27                                    -3.1569635180899950e-03         4.8198233571964122e-03        -7.8641318755657023e-06        -2.4645553657005773e-02        -1.6971231039193228e-02         3.9400385378001587e-05         3.2239467243050154e-03         1.2213367734819590e-03
28                                     3.3956771688432629e-03        -3.5908220883828440e-03         6.4455004196967408e-06         1.6807662858417720e-02         1.3025940562745158e-02        -3.3807677420127463e-05        -2.0071554373133150e-03        -5.2106411101073089e-04
29                                    -8.9565750212244822e-06         5.8029092419980919e-06        -3.1773821649980390e-05        -1.6760421114669617e-05        -1.7104317565383547e-05        -1.4056716981072047e-03        -2.5889616005955209e-04        -6.2662325011362597e-04
30                                     4.3181520565400310e-04        -1.5465004486708745e-03         1.2192789090173146e-03         1.8151807905066038e-03         1.2977640821905724e-02        -2.1886930811034988e-02         1.3931254233044514e-04        -1.8082551478374271e-03
31                                    -4.1874334840218141e-04         7.4472428891335807e-04        -7.3934535961392303e-04        -3.1313290923361391e-03        -1.1944033105082338e-02         1.6712978606270891e-02        -1.9998898064144035e-04         1.3106241775320566e-03
32                                     4.4246082870186580e-05        -2.9119016724667851e-05        -1.9104901065763319e-04        -1.2002876520678281e-03         1.9298948253653869e-04        -2.4636837100264104e-03         4.4603694304838756e-04        -6.4570999436946996e-04
                                                         8                           9                          10                          11                          12                          13                          14                          15

0                                      5.0781600819645584e-03         8.9925825020660613e-03         2.5041524214281970e-03        -5.0750334574029346e-03        -1.0748777864726257e-02        -1.4557405410062074e-02         1.8959132876681655e-05        -4.3061096692111972e-02
1                                     -2.5563487972204216e-03        -1.3703036189367891e-02        -4.5645277195045658e-03         2.5562298327736696e-03         1.4515424550940320e-02         1.4641783793717469e-02        -1.4287157652556348e-05         6.1896263825885487e-03
2                                     -3.4716040124074064e-03         1.7042584352613434e-02         1.9495950866654396e-02        -3.5067179526888318e-03        -2.1689113779740626e-05        -1.5784787852261149e-05         6.7908301193187279e-03         7.5837650631265111e-03
3                                      1.6231687297634594e-04        -1.0021421642576213e-01         5.3549004568089015e-05        -7.0148501039556043e-05        -1.1567944563458940e-01         2.9011155549295398e-02        -3.0637460475087583e-05         1.8622599595959329e-03
4                                     -1.4865280352030635e-01         6.2423700779571845e-05        -1.8945660839943629e-01         1.4838567344045922e-01         3.2549234276334299e-02        -9.5465070226415871e-02         3.6743270123534174e-05        -1.3028870167520542e-02
5                                     -3.4428284187621289e-01        -1.0016848659646457e-04         1.6147531000347368e-01        -3.4474874798048943e-01        -4.2411520887885556e-05         3.1613770350530203e-05        -6.1432587817158907e-02        -2.1813634108172053e-02
6                                     -2.0522187658935525e-04         1.8971931123463105e-02         8.2089766302104799e-06        -2.1736994375364245e-05         8.9891449313219372e-03         1.3758347373297137e-02         1.7036785850141515e-02        -4.4655482663125369e-03
7                                      1.8101625181250325e-01        -1.4696890266476400e-06         1.5920001223137331e-02         2.1783412576847988e-02        -2.4878602494057683e-03        -4.5859243009777496e-03        -1.9450919156857278e-02        -5.3533854656864950e-03
8                                      3.6453547270649550e-01         2.6550197960869615e-05        -2.1840158755736791e-02        -1.7387105354421881e-02        -5.0696109246689547e-03        -2.5597530995948997e-03        -3.4673171207663268e-03        -1.7537553326967418e-03
9                                      2.6550197960869615e-05         6.5486789609566110e-02        -7.7188173823065920e-05         1.0011578398209424e-04         8.9770388158639698e-03         1.3720644576898412e-02        -1.7068991005749698e-02         1.2951764189286018e-04
10                                    -2.1840158755736791e-02        -7.7188173823065920e-05         1.8461960884368894e-01        -1.8071814944935272e-01        -2.4889425429124069e-03        -4.5445341735095828e-03         1.9469301941935791e-02         1.8066798447848691e-03
11                                    -1.7387105354421881e-02         1.0011578398209424e-04        -1.8071814944935272e-01         3.6509735138408134e-01         5.0746079982917289e-03         2.5699090839005970e-03        -3.5106798876804006e-03         1.6256854138285363e-03
12                                    -5.0696109246689547e-03         8.9770388158639698e-03        -2.4889425429124069e-03         5.0746079982917289e-03         4.2099722683705521e-01         1.0497172701772213e-01        -9.4883111727930326e-05         4.2949256810764411e-04
13                                    -2.5597530995948997e-03         1.3720644576898412e-02        -4.5445341735095828e-03         2.5699090839005970e-03         1.0497172701772213e-01         4.8936123048767527e-01         5.8785712602954510e-05         1.5508696562273098e-03
14                                    -3.4673171207663268e-03        -1.7068991005749698e-02         1.9469301941935791e-02        -3.5106798876804006e-03        -9.4883111727930326e-05         5.8785712602954510e-05         5.6931545950534868e-01         1.2112039327201302e-03
15                                    -1.7537553326967418e-03         1.2951764189286018e-04         1.8066798447848691e-03         1.6256854138285363e-03         4.2949256810764411e-04         1.5508696562273098e-03         1.2112039327201302e-03         4.5302064774412037e-02
16                                    -7.4364805720724758e-04         1.9198152633356151e-04         1.3195013743059116e-03         2.5524360775323642e-03         4.2236272851075857e-04         7.5220206757236480e-04         7.3753720566380708e-04        -4.9388206171035159e-03
17                                     2.1958461783686198e-03         4.4319639355789035e-04         6.4221065057343089e-04         4.7644333116948420e-04         4.5498394357898703e-05         2.8553380031869427e-05        -1.9246239371089637e-04        -8.4692224533214136e-03
18                                    -1.6290295629050138e-03        -4.4607714651463499e-03        -5.3508082161481153e-03         1.7574594681070469e-03         4.2927654759059882e-04         1.5470349666670486e-03        -1.2181360749126706e-03        -1.2335372389068499e-03
19                                    -2.5538494573730660e-03        -4.3506497230386037e-03        -1.8008801419467182e-03         7.5138723468632989e-04         4.1912100839300759e-04         7.4898371132687148e-04        -7.4067301839535454e-04         1.6263790177530334e-04
20                                     4.8411092098697532e-04        -1.3521127704170223e-04        -5.3524625874511612e-04         2.1980876499259807e-03        -4.4208926327311956e-05        -2.9185916919668813e-05        -1.9109655899200760e-04        -4.2462104561197039e-04
21                                    -4.3447257312674223e-04         3.2279666381292930e-03        -1.2083293150973312e-03         4.3951526020097331e-04        -3.1433776869225563e-03        -4.8191255251911142e-03         7.2844165317265722e-06         1.9241560184752829e-03
22                                     2.5770048879690532e-04         2.0143382086479640e-03        -5.1134236799081287e-04        -2.5884697675900188e-04        -3.3949250773163443e-03        -3.6042941026330796e-03         5.2519995300151454e-06         1.3444932938465663e-02
23                                    -6.4405072540673421e-04        -2.6261643730752490e-04         6.2155307854806915e-04        -6.4558482645724871e-04         6.1912790085484856e-06         2.4292941371671357e-06        -3.1796320534172723e-05         2.1783011618170981e-02
24                                     1.7532374496492991e-03         1.3235045933610552e-04        -1.8083929171116059e-03        -1.6302376900822308e-03        -4.3037187879410077e-02        -6.0339378904318937e-03        -7.3540576127709770e-03        -1.3226391440813437e-03
25                                    -7.3889992816641168e-04        -1.9402730507837168e-04         1.3163704264121182e-03         2.5495824133779359e-03        -7.2119589348116015e-03        -1.3103821721586734e-01        -1.2714953558500211e-01         3.3414089683620038e-04
26                                     2.1959239339959047e-03        -4.4515067248888452e-04         6.4044217297882199e-04         4.7492329465609329e-04        -9.0609696275990338e-03        -1.2655564680278850e-01        -2.3171177653932920e-01         5.1749998351675983e-05
27                                     4.3484173990474342e-04         3.2315069733667452e-03         1.2133053594841816e-03        -4.3812224358172336e-04        -2.2418768006745105e-01        -1.3325267436745547e-01         3.6691768657229096e-04         4.2936434042521027e-04
28                                     2.5735425245043166e-04        -2.0075503305636445e-03        -5.1153521396908250e-04        -2.6047298695193975e-04        -1.3032069216030245e-01        -1.3615504488642952e-01         2.5683703392854096e-04        -1.1965151550768393e-04
29                                    -6.4383527059227725e-04         2.6251775411424374e-04         6.2161340085930368e-04        -6.4571675880487826e-04         3.6880601742992790e-04         2.6399292761862493e-04        -4.2898263188051157e-02         2.0858647470663237e-04
30                                     1.6330984671295542e-03        -4.4746958727757517e-03         5.3467026206554073e-03        -1.7603377209006741e-03        -4.3025710566839986e-02        -5.8485071510819319e-03         7.1248239058573221e-03         5.9660385037402049e-06
31                                    -2.5512729942776258e-03         4.3455963357802857e-03        -1.7860538511872853e-03         7.5035688547351199e-04        -7.0216194130369204e-03        -1.3011111515445883e-01         1.2679031471459587e-01        -5.5527687802205800e-05
32                                     4.8540061996049308e-04         1.3540607992784638e-04        -5.3434578317683185e-04         2.1977471007098162e-03         8.8393998768394478e-03         1.2620572947804040e-01        -2.3267030979844439e-01        -1.1564580686675217e-05
                                                        16                          17                          18                          19                          20                          21                          22                          23

0                                      7.3673791692210073e-03         9.2903347374784680e-03        -4.3042244663612325e-02         7.1516458543483038e-03        -9.0239183585288738e-03        -2.2463297459790629e-01         1.3018080427672329e-01        -3.4605423848491421e-04
1                                     -1.3093955695146570e-01        -1.2651461762169125e-01         5.9776537777598924e-03        -1.3017164824459557e-01         1.2622754139289616e-01         1.3311378633481083e-01        -1.3572410851581457e-01         2.4758795934453812e-04
2                                     -1.2710994140301213e-01        -2.3179428126223117e-01        -7.3101856021732664e-03         1.2681702682444659e-01        -2.3259882127619549e-01        -3.4481885417274994e-04         2.4131510430883124e-04        -4.2896009939809410e-02
3                                      3.1770824178479380e-03        -1.2046529116211853e-03         1.8294145427939935e-03         3.1545063843634175e-03         1.1989928081101841e-03        -2.4643308252266877e-02        -1.6871656832057984e-02         7.7950651151985885e-06
4                                     -1.2012388044921603e-02        -1.7889599614000088e-04        -1.2961582966214958e-02        -1.1964115955171164e-02         1.8977986189704869e-04         1.6909022896830328e-02         1.3025833092150711e-02        -1.0518260097644943e-05
