*************************************************
******************* ORCA 6.0.0 ******************
*************************************************
$Calculation_Status
   &GeometryIndex 1
   &ListStatus       OUT
   &VERSION [&Type "String"] "6.0.0"
   &PROGNAME [&Type "String"] "LeanSCF"
   &STATUS [&Type "String"] "NORMAL TERMINATION"
$End
$Geometry
   &GeometryIndex 1
   &ListStatus       OUT
   &NATOMS [&Type "Integer"] 11
   &NCORELESSECP [&Type "Integer"] 0
   &NGHOSTATOMS [&Type "Integer"] 0
   &CartesianCoordinates [&Type "Coordinates", &Dim(11,4), &Units "Bohr"] 
              C     -2.686000673321   -1.902930496260   -0.000532537108
              S     -0.000001942072    0.229054233438    0.000105885513
              O     -0.000225693772    1.602785717519    2.418989190620
              O      0.000213964430    1.603654211651   -2.418294285975
              C      2.686008818986   -1.902915259777   -0.000037036554
              H     -4.359756886189   -0.693447786950   -0.000309177148
              H     -2.638059397125   -3.058135401180   -1.709936586095
              H     -2.638221316419   -3.058976445528    1.708307587177
              H      4.359758294602   -0.693423808404    0.000469039853
              H      2.637933105215   -3.058939947735    1.708808718548
              H      2.638377509087   -3.058141960987   -1.709434841130
$End
$SCF_Energy
   &GeometryIndex 1
   &ListStatus       OUT
   &SCF_ENERGY [&Type "Double"]      -6.2842022123884317e+02
$End
$DFT_Energy
   &GeometryIndex 1
   &ListStatus       OUT
   &NALPHAEL [&Type "Integer"] 25
   &NBETAEL [&Type "Integer"] 25
   &NTOTALEL [&Type "Integer"] 50
   &EEXCHANGE [&Type "Double"]      -5.4202121244947676e+01
   &ECORR [&Type "Double"]      -1.7257010624214475e+00
   &ECNL [&Type "Double"]       0.0000000000000000e+00
   &EXC [&Type "Double"]      -5.5927822307369127e+01
   &EEMBED [&Type "Double"]       0.0000000000000000e+00
   &FINALEN [&Type "Double"]      -6.2842022123884317e+02  "No Van der Waals correction"
$End
$Mulliken_Population_Analysis
   &GeometryIndex 1
   &ListStatus       OUT
   &NATOMS [&Type "Integer"] 11
   &ATNO [&Type "ArrayOfIntegers", &Dim (11,1)] 
                                                         0

0                                                        6
1                                                       16
2                                                        8
3                                                        8
4                                                        6
5                                                        1
6                                                        1
7                                                        1
8                                                        1
9                                                        1
10                                                       1
   &ATOMICCHARGES [&Type "ArrayOfDoubles", &Dim (11,1)] 
                                                         0

0                                     -3.5215691464582832e-01
1                                      7.9169648378869439e-01
2                                     -4.7732621152262134e-01
3                                     -4.7732961306466315e-01
4                                     -3.5215691652998604e-01
5                                      1.5491292725486661e-01
6                                      1.3936432032748447e-01
7                                      1.3935938165979223e-01
8                                      1.5491287959907019e-01
9                                      1.3935969289690797e-01
10                                     1.3936397023622527e-01
$End
$Loewdin_Population_Analysis
   &GeometryIndex 1
   &ListStatus       OUT
   &NATOMS [&Type "Integer"] 11
   &ATNO [&Type "ArrayOfIntegers", &Dim (11,1)] 
                                                         0

0                                                        6
1                                                       16
2                                                        8
3                                                        8
4                                                        6
5                                                        1
6                                                        1
7                                                        1
8                                                        1
9                                                        1
10                                                       1
   &ATOMICCHARGES [&Type "ArrayOfDoubles", &Dim (11,1)] 
                                                         0

0                                     -4.1235232533186217e-01
1                                      6.9403049180892573e-01
2                                     -3.0620445482759351e-01
3                                     -3.0620882103083247e-01
4                                     -4.1235228610130736e-01
5                                      1.2956918164399800e-01
6                                      1.2098790740657095e-01
7                                      1.2098665667924080e-01
8                                      1.2956914164599598e-01
9                                      1.2098673169852314e-01
10                                     1.2098777640830438e-01
$End
$Mayer_Population_Analysis
   &GeometryIndex 1
   &ListStatus       OUT
   &NATOMS [&Type "Integer"] 11 "Total number of atoms"
   &BONDTHRESH [&Type "Double"]       1.0000000000000001e-01  "The threshold for printing"
   &NBONDORDERSPRINT [&Type "Integer"] 10 "The number of bond orders larger than threshold"
   &BONDORDERS [&Type "ArrayOfDoubles", &Dim (10,1)] "The bond orders"
                                                         0

0                                      8.7771256171642120e-01
1                                      9.4674663311438145e-01
2                                      9.4525540661748797e-01
3                                      9.4525511113734217e-01
4                                      1.8194807365924670e+00
5                                      1.8194799485726696e+00
6                                      8.7771266971689199e-01
7                                      9.4674666569857491e-01
8                                      9.4525530037538663e-01
9                                      9.4525531625432324e-01
   &COMPONENTS [&Type "ArrayOfIntegers", &Dim (10,4)] "The indices and atomic numbers of the bonding atoms"
                                                         0                           1                           2                           3

0                                                        0                           6                           1                          16
1                                                        0                           6                           5                           1
2                                                        0                           6                           6                           1
3                                                        0                           6                           7                           1
4                                                        1                          16                           2                           8
5                                                        1                          16                           3                           8
6                                                        1                          16                           4                           6
7                                                        4                           6                           8                           1
8                                                        4                           6                           9                           1
9                                                        4                           6                          10                           1
   &ATNO [&Type "ArrayOfIntegers", &Dim (11,1)] "Atomic number of the elements"
                                                         0

0                                                        6
1                                                       16
2                                                        8
3                                                        8
4                                                        6
5                                                        1
6                                                        1
7                                                        1
8                                                        1
9                                                        1
10                                                       1
   &NA [&Type "ArrayOfDoubles", &Dim (11,1)] "Mulliken gross atomic population"
                                                         0

0                                      6.3521569146458248e+00
1                                      1.5208303516211293e+01
2                                      8.4773262115226657e+00
3                                      8.4773296130646987e+00
4                                      6.3521569165300065e+00
5                                      8.4508707274513251e-01
6                                      8.6063567967251486e-01
7                                      8.6064061834020755e-01
8                                      8.4508712040092993e-01
9                                      8.6064030710309203e-01
10                                     8.6063602976377518e-01
   &ZA [&Type "ArrayOfDoubles", &Dim (11,1)] "Total nuclear charge"
                                                         0

0                                      6.0000000000000000e+00
1                                      1.6000000000000000e+01
2                                      8.0000000000000000e+00
3                                      8.0000000000000000e+00
4                                      6.0000000000000000e+00
5                                      1.0000000000000000e+00
6                                      1.0000000000000000e+00
7                                      1.0000000000000000e+00
8                                      1.0000000000000000e+00
9                                      1.0000000000000000e+00
10                                     1.0000000000000000e+00
   &QA [&Type "ArrayOfDoubles", &Dim (11,1)] "Mulliken gross atomic charge"
                                                         0

0                                     -3.5215691464582477e-01
1                                      7.9169648378870683e-01
2                                     -4.7732621152266574e-01
3                                     -4.7732961306469868e-01
4                                     -3.5215691653000647e-01
5                                      1.5491292725486749e-01
6                                      1.3936432032748514e-01
7                                      1.3935938165979245e-01
8                                      1.5491287959907007e-01
9                                      1.3935969289690797e-01
10                                     1.3936397023622482e-01
   &VA [&Type "ArrayOfDoubles", &Dim (11,1)] "Mayer's total valence"
                                                         0

0                                      3.8093347857098441e+00
1                                      5.5013708699281594e+00
2                                      1.9705156806613469e+00
3                                      1.9705138522479062e+00
4                                      3.8093351846510348e+00
5                                      9.9422089928789736e-01
6                                      9.8177733614429696e-01
7                                      9.8177645755330611e-01
8                                      9.9422093497887121e-01
9                                      9.8177672424455742e-01
10                                     9.8177709114833900e-01
   &BVA [&Type "ArrayOfDoubles", &Dim (11,1)] "Mayer's bonded valence"
                                                         0

0                                      3.8093347857098938e+00
1                                      5.5013708699280883e+00
2                                      1.9705156806611936e+00
3                                      1.9705138522478838e+00
4                                      3.8093351846510184e+00
5                                      9.9422089928790569e-01
6                                      9.8177733614430274e-01
7                                      9.8177645755332066e-01
8                                      9.9422093497886832e-01
9                                      9.8177672424456797e-01
10                                     9.8177709114835521e-01
   &FA [&Type "ArrayOfDoubles", &Dim (11,1)] "Mayer's free valence"
                                                         0

0                                      0.0000000000000000e+00
1                                      0.0000000000000000e+00
2                                      0.0000000000000000e+00
3                                      0.0000000000000000e+00
4                                      0.0000000000000000e+00
5                                      0.0000000000000000e+00
6                                      0.0000000000000000e+00
7                                      0.0000000000000000e+00
8                                      0.0000000000000000e+00
9                                      0.0000000000000000e+00
10                                     0.0000000000000000e+00
$End
$VdW_Correction
   &GeometryIndex 1
   &ListStatus       OUT
   &VDW [&Type "Double"]      -2.6576371813047135e-03
$End
$Calculation_Info
   &GeometryIndex 1
   &ListStatus       OUT
   &MULT [&Type "Integer"] 1
   &CHARGE [&Type "Integer"] 0
   &NUMOFATOMS [&Type "Integer"] 11
   &NUMOFELECTRONS [&Type "Integer"] 50
   &NUMOFFCELECTRONS [&Type "Integer"] 1
   &NUMOFCORRELECTRONS [&Type "Integer"] 0
   &NUMOFBASISFUNCTS [&Type "Integer"] 197
   &NUMOFAUXCBASISFUNCTS [&Type "Integer"] 0
   &NUMOFAUXJBASISFUNCTS [&Type "Integer"] 228
   &NUMOFAUXJKBASISFUNCTS [&Type "Integer"] 0
   &NUMOFCABSBASISFUNCTS [&Type "Integer"] 0
   &TOTALENERGY [&Type "Double"]      -6.2840781388502444e+02  "Hartrees"
$End
$SCF_Dipole_Moment
   &GeometryIndex 1
   &ListStatus       OUT
   &METHOD [&Type "String"] "SCF"
   &LEVEL [&Type "String"] "Relaxed density"
   &MULT [&Type "Integer"] 1
   &STATE [&Type "Integer"] -1
   &IRREP [&Type "Integer"] 0
   &NATOMS [&Type "Integer"] 11
   &DODIPOLEATOM [&Type "Boolean"] false
   &DIPOLEELECCONTRIB [&Type "ArrayOfDoubles", &Dim (3,1)] "Electronic contribution"
                                                         0

0                                     -1.4179497596831809e-05
1                                      4.9369224253102493e+00
2                                      9.0107416235254523e-04
   &DIPOLENUCCONTRIB [&Type "ArrayOfDoubles", &Dim (3,1)] "Nuclear contribution"
                                                         0

0                                      1.9296256665413125e-05
1                                     -6.7154708372972465e+00
2                                     -1.2123480733241543e-03
   &DIPOLETOTAL [&Type "ArrayOfDoubles", &Dim (3,1)] "Total"
                                                         0

0                                      5.1167590685813162e-06
1                                     -1.7785484119869972e+00
2                                     -3.1127391097160906e-04
   &DIPOLEMAGNITUDE [&Type "Double", &Units "a.u."]       1.7785484392332693e+00
$End
$THERMOCHEMISTRY_Energies
   &GeometryIndex 1
   &ListStatus       OUT
   &TEMPERATURE [&Type "Double"]       2.9814999999999998e+02
   &PRESSURE [&Type "Double"]       1.0000000000000000e+00
   &TOTALMASS [&Type "Double"]       9.4127999999999986e+01
   &SPINDEGENERACY [&Type "Integer"] 1
   &ELENERGY [&Type "Double"]      -6.2840781388502444e+02
   &TRANSENERGY [&Type "Double"]       1.4162714244859817e-03
   &ROTENERGY [&Type "Double"]       1.4162714244859817e-03
   &VIBENERGY [&Type "Double"]       3.3566623907169695e-03
   &NUMOFFREQS [&Type "Integer"] 33
   &FREQSCALINGFACTOR [&Type "Double"]       1.0000000000000000e+00
   &FREQ [&Type "ArrayOfDoubles", &Dim (33,1)] "In cm^-1"
                                                         0

0                                      0.0000000000000000e+00
1                                      0.0000000000000000e+00
2                                      0.0000000000000000e+00
3                                      0.0000000000000000e+00
4                                      0.0000000000000000e+00
5                                      0.0000000000000000e+00
6                                      1.8747989750519071e+02
7                                      2.1916422141796343e+02
8                                      2.6953479601730248e+02
9                                      3.0441615639845179e+02
10                                     3.6344872896731982e+02
11                                     4.5082179983702878e+02
12                                     4.7957300750575615e+02
13                                     6.2502641729127106e+02
14                                     6.9654045759799658e+02
15                                     9.2996246546845850e+02
16                                     9.3433748680591532e+02
17                                     9.7924955533049581e+02
18                                     9.8700443252222578e+02
19                                     1.0828966024324434e+03
20                                     1.2446504638744532e+03
21                                     1.3138311780725535e+03
22                                     1.3292868356785220e+03
23                                     1.4378844470011757e+03
24                                     1.4400465960615406e+03
25                                     1.4510136109301634e+03
26                                     1.4550143855117758e+03
27                                     3.0299462379457386e+03
28                                     3.0317953200327129e+03
29                                     3.1410557775482921e+03
30                                     3.1420884716907944e+03
31                                     3.1448233000598025e+03
32                                     3.1486387095105697e+03
   &ZPE [&Type "Double"]       8.3881064476849343e-02
   &INNERENERGYU [&Type "Double"]      -6.2831774361530802e+02
   &ENTHALPYH [&Type "Double"]      -6.2831679940626577e+02
   &QEL [&Type "Double"]       0.0000000000000000e+00
   &QROT [&Type "Double"]       1.2301329739185032e-02
   &QVIB [&Type "Double"]       5.3289216066053505e-03
   &QTRANS [&Type "Double"]       1.8785536981349125e-02
   &ENTROPYS [&Type "Double"]       3.6415788327139507e-02
   &FREEENERGYG [&Type "Double"]      -6.2835321519459296e+02
   &ISLINEAR [&Type "Boolean"] false
$End
$Hessian
   &GeometryIndex 1
   &ListStatus       OUT
   &HESSIAN [&Type "ArrayOfDoubles", &Dim (33,33)] "The Hessian"
                                                         0                           1                           2                           3                           4                           5                           6                           7

0                                      4.0791311364366672e-01        -1.1033213118385893e-01        -3.5773051226722555e-05        -1.0625096883517335e-01        -2.5468418893337119e-02        -9.3347937025699314e-06         9.4210126341748406e-03         2.3911777917737173e-03
1                                     -1.1033213118385893e-01         4.8402319435134744e-01        -2.8002359337522419e-05        -2.1669399093096037e-02        -8.9942468167802714e-02        -6.7845299414433905e-06        -1.3955771857542709e-02        -4.3501950490133466e-03
2                                     -3.5773051226722555e-05        -2.8002359337522419e-05         5.7716708766741276e-01        -7.1380171908552170e-06        -7.3650345853283601e-06        -6.1970251292620432e-02        -1.7722425532517537e-02        -2.0197355052910891e-02
3                                     -1.0625096883517335e-01        -2.1669399093096037e-02        -7.1380171908552170e-06         4.4807149741595259e-01        -5.4690738274763839e-07        -5.2027294706686309e-05        -9.7181500405939286e-02         2.0023963942472485e-05
4                                     -2.5468418893337119e-02        -8.9942468167802714e-02        -7.3650345853283601e-06        -5.4690738274763839e-07         5.8808059753326813e-01        -4.7083614334504406e-05         1.8346287651807454e-05        -1.9457893577704299e-01
5                                     -9.3347937025699314e-06        -6.7845299414433905e-06        -6.1970251292620432e-02        -5.2027294706686309e-05        -4.7083614334504406e-05         9.1400624979432588e-01         3.2543788366146972e-05        -1.7926275734247951e-01
6                                      9.4210126341748406e-03        -1.3955771857542709e-02        -1.7722425532517537e-02        -9.7181500405939286e-02         1.8346287651807454e-05         3.2543788366146972e-05         6.2436731745686154e-02        -2.1592878031152091e-05
7                                      2.3911777917737173e-03        -4.3501950490133466e-03        -2.0197355052910891e-02         2.0023963942472485e-05        -1.9457893577704299e-01        -1.7926275734247951e-01        -2.1592878031152091e-05         1.8740604371183039e-01
8                                      5.4508372075810219e-03        -2.3351285614100006e-03        -4.4310832510185659e-03         3.0753182013581868e-05        -1.6935670048231960e-01        -3.8953698800113068e-01        -3.3598601948835923e-05         2.0075975837545271e-01
9                                      9.4197140182323939e-03        -1.3963285509373277e-02         1.7718178300530730e-02        -9.7191066417509436e-02        -1.7674520706204636e-05         3.1383907914239647e-05         1.8483777320121447e-02        -2.6004948553115959e-06
10                                     2.3888727870368144e-03        -4.3590496405274595e-03         2.0196996310393098e-02        -1.9364338948987827e-05        -1.9470297345093490e-01         1.7931909548727573e-01         2.6112875129194749e-06         1.8166267935003109e-02
11                                    -5.4473827117221957e-03         2.3328310700343260e-03        -4.4210766001306131e-03         2.9760162755764218e-05         1.6941859426923894e-01        -3.8939718437530779e-01         3.8510528987897874e-07         2.0869056896391638e-02
12                                    -1.0842563216514466e-02         1.4303947113062373e-02         1.5799413299485848e-06        -1.0625129951451989e-01         2.5468346060944336e-02         7.2533501606715662e-07         9.4188533347128074e-03        -2.3873045633281617e-03
13                                    -1.4304083655444850e-02         1.3930800257170049e-02         6.0111897467782717e-07         2.1669343785360243e-02        -8.9942258939184477e-02        -3.4398217409543708e-06         1.3956151751076236e-02        -4.3502636109813125e-03
14                                    -4.6565449859373201e-06         3.0915035677226837e-06         6.7536317778352836e-03         1.0014724219838951e-06        -3.1763486070884796e-06        -6.1970278093519106e-02         1.7723857297794837e-02        -2.0197701240589862e-02
15                                    -2.2263874165341790e-01         1.3437768361157570e-01         2.5172610535476866e-05        -2.5013796320456999e-02         1.6923051637940063e-02         2.4716692547467562e-06         3.3136112440614370e-03        -1.3867949693923669e-03
16                                     1.3075119034670918e-01        -1.3742598958097230e-01        -1.7318778694889608e-05        -1.6863921037359432e-02         1.2765198850312097e-02         2.5271621697413880e-06         2.1132987665564533e-03        -5.2863268572298210e-04
17                                     2.4656332491328827e-05        -1.7391853975226495e-05        -4.3117546392762586e-02        -5.3714978906047357e-06         4.3094086791802990e-06        -1.1354497923176184e-03         2.5465185560406194e-04        -6.2201670349865275e-04
18                                    -4.2273448402273824e-02         4.7101645950810645e-03         5.6310701235072350e-03         2.2087170893794594e-03        -1.2263389749963176e-02        -2.1174818820322419e-02        -4.7076513283131269e-03        -5.5562322275289509e-03
19                                     6.0274292015807408e-03        -1.2990159154868158e-01        -1.2675460942920130e-01         3.8894544992409633e-03        -1.1107479392302447e-02        -1.5985228456629284e-02        -4.4634862315414744e-03        -1.8987712847984340e-03
20                                     7.7422793179802484e-03        -1.2626927235049074e-01        -2.3481369006537783e-01        -1.0609605297201095e-03         1.6030802862298420e-04        -2.2202066915032832e-03         1.8044495132726570e-04         5.1947873862799544e-04
21                                    -4.2271533731372685e-02         4.7005486249711310e-03        -5.6107607866765635e-03         2.2067893635910160e-03        -1.2273583142765226e-02         2.1169494344308804e-02         1.0495179255130713e-04         1.8454134156074826e-03
22                                     6.0187394354140810e-03        -1.3002666150542991e-01         1.2680723359244489e-01         3.8875695605372282e-03        -1.1114747905659408e-02         1.5980937202457877e-02         1.0763908725034191e-04         1.2809222588631890e-03
23                                    -7.7212897091819624e-03         1.2632074434270033e-01        -2.3468974333634901e-01         1.0636502675380518e-03        -1.6622359618400907e-04        -2.2101225627431413e-03        -4.5241002464992824e-04        -6.4491396944942568e-04
24                                    -3.2974134235674267e-03         4.8173942996731483e-03         8.1419846899653821e-07        -2.5013785175547976e-02        -1.6923267228375054e-02        -6.6596642575220351e-06         3.3136551969127123e-03         1.3869510717153116e-03
25                                     3.3521799139255544e-03        -3.4500786612043630e-03        -4.9275592637400789e-07         1.6863711698175632e-02         1.2765202379420288e-02         5.3187990957521759e-06        -2.1132159938325110e-03        -5.2867339446169802e-04
26                                     5.9236245013115817e-07        -2.3191047933033677e-07        -4.3270213756482659e-05         5.5946213362432222e-07         1.2284398946844920e-06        -1.1354518956598896e-03        -2.5375337614640331e-04        -6.2180638428593741e-04
27                                     4.1034028780287065e-04        -1.5245642692657984e-03         1.1747266517557163e-03         2.2106862342161984e-03         1.2273529014948686e-02        -2.1168866433463659e-02         1.0459256490504880e-04        -1.8453345112735501e-03
28                                    -3.8284340156907238e-04         7.5123398776198551e-04        -7.0499922985327898e-04        -3.8905223270087209e-03        -1.1114561333641203e-02         1.5980315548305341e-02        -1.0720348805556921e-04         1.2809110064856011e-03
29                                     9.0401027882601979e-06        -1.5587247165129575e-06        -2.1706275085048342e-04        -1.0626991930956300e-03        -1.6386634739220515e-04        -2.2142905752150612e-03         4.5248404408602732e-04        -6.4531420454193647e-04
30                                     4.1048867844285862e-04        -1.5239743313005781e-03        -1.1754584333489447e-03         2.2047265660076606e-03         1.2263599422991860e-02         2.1175630391052924e-02        -4.7080340988733494e-03         5.5561476169624013e-03
31                                    -3.8272434215621252e-04         7.5080555735217939e-04         7.0541206358662911e-04        -3.8863417854078375e-03        -1.1107573796432367e-02        -1.5985608979544225e-02         4.4633690533637648e-03        -1.8986731101615735e-03
32                                    -8.9545176390813750e-06         1.6029291586890787e-06        -2.1699554238196897e-04         1.0619295562808093e-03         1.6268382235240135e-04        -2.2160265143089906e-03        -1.8194397420093962e-04         5.2045268988371550e-04
                                                         8                           9                          10                          11                          12                          13                          14                          15

0                                      5.4508372075810219e-03         9.4197140182323939e-03         2.3888727870368144e-03        -5.4473827117221957e-03        -1.0842563216514466e-02        -1.4304083655444850e-02        -4.6565449859373201e-06        -2.2263874165341790e-01
1                                     -2.3351285614100006e-03        -1.3963285509373277e-02        -4.3590496405274595e-03         2.3328310700343260e-03         1.4303947113062373e-02         1.3930800257170049e-02         3.0915035677226837e-06         1.3437768361157570e-01
2                                     -4.4310832510185659e-03         1.7718178300530730e-02         2.0196996310393098e-02        -4.4210766001306131e-03         1.5799413299485848e-06         6.0111897467782717e-07         6.7536317778352836e-03         2.5172610535476866e-05
3                                      3.0753182013581868e-05        -9.7191066417509436e-02        -1.9364338948987827e-05         2.9760162755764218e-05        -1.0625129951451989e-01         2.1669343785360243e-02         1.0014724219838951e-06        -2.5013796320456999e-02
4                                     -1.6935670048231960e-01        -1.7674520706204636e-05        -1.9470297345093490e-01         1.6941859426923894e-01         2.5468346060944336e-02        -8.9942258939184477e-02        -3.1763486070884796e-06         1.6923051637940063e-02
5                                     -3.8953698800113068e-01         3.1383907914239647e-05         1.7931909548727573e-01        -3.8939718437530779e-01         7.2533501606715662e-07        -3.4398217409543708e-06        -6.1970278093519106e-02         2.4716692547467562e-06
6                                     -3.3598601948835923e-05         1.8483777320121447e-02         2.6112875129194749e-06         3.8510528987897874e-07         9.4188533347128074e-03         1.3956151751076236e-02         1.7723857297794837e-02         3.3136112440614370e-03
7                                      2.0075975837545271e-01        -2.6004948553115959e-06         1.8166267935003109e-02         2.0869056896391638e-02        -2.3873045633281617e-03        -4.3502636109813125e-03        -2.0197701240589862e-02        -1.3867949693923669e-03
8                                      4.0485086495532874e-01         5.4684205471999821e-07        -2.0858794279249249e-02        -1.0665847227541908e-02        -5.4481272142109238e-03        -2.3326641585971059e-03        -4.4289133478106323e-03        -6.3041812163204189e-04
9                                      5.4684205471999821e-07         6.2445710791544339e-02         2.0773954811595537e-05        -3.2382240843839517e-05         9.4217503310137646e-03         1.3963053141737404e-02        -1.7716951646646190e-02         3.3132020363334774e-03
10                                    -2.0858794279249249e-02         2.0773954811595537e-05         1.8755043851244024e-01        -2.0082714762295689e-01        -2.3925886455247840e-03        -4.3588480644713556e-03         2.0196449965176475e-02        -1.3875745462630477e-03
11                                    -1.0665847227541908e-02        -3.2382240843839517e-05        -2.0082714762295689e-01         4.0469209518876931e-01         5.4500594421246079e-03         2.3353582948672791e-03        -4.4232427863602798e-03         6.3049759135496222e-04
12                                    -5.4481272142109238e-03         9.4217503310137646e-03        -2.3925886455247840e-03         5.4500594421246079e-03         4.0791212077410327e-01         1.1033176972841975e-01         4.2674685329594647e-06        -3.2973704102507682e-03
13                                    -2.3326641585971059e-03         1.3963053141737404e-02        -4.3588480644713556e-03         2.3353582948672791e-03         1.1033176972841975e-01         4.8402465479005974e-01        -6.3536495162191953e-06        -4.8173931701140649e-03
14                                    -4.4289133478106323e-03        -1.7716951646646190e-02         2.0196449965176475e-02        -4.4232427863602798e-03         4.2674685329594647e-06        -6.3536495162191953e-06         5.7716738403198886e-01        -1.3915416286357395e-06
15                                    -6.3041812163204189e-04         3.3132020363334774e-03        -1.3875745462630477e-03         6.3049759135496222e-04        -3.2973704102507682e-03        -4.8173931701140649e-03        -1.3915416286357395e-06         2.4092478305017709e-01
16                                     2.5165592058483052e-04         2.1133079509973668e-03        -5.2930743007303938e-04        -2.5108274537440078e-04        -3.3521787360950035e-03        -3.4501233441315685e-03        -1.1032643209363647e-06        -1.4076794529179396e-01
17                                    -6.3829668120667343e-04        -2.5305373431993780e-04         6.2212400535259537e-04        -6.3803103342466782e-04        -1.2504052700250730e-06        -1.1830802410551219e-06        -4.3269700875615109e-05        -2.5816719175822517e-05
18                                    -2.0675585964901174e-03         1.0501654968886169e-04         1.8448853495210047e-03         1.6373522100129184e-03         4.1024493267598455e-04         1.5239359308150933e-03         1.1755607928733936e-03         1.8757420996447223e-03
19                                    -8.9600208445673318e-04         1.0750036022899633e-04         1.2797528977240109e-03         2.5328161188900699e-03         3.8258210319102562e-04         7.5078249986843286e-04         7.0550390126686161e-04        -1.8847760594206849e-03
20                                     2.2561705480371765e-03         4.5265315335710839e-04         6.4590650171645475e-04         4.8952721442423359e-04         9.0640889108773923e-06         1.8683992651404024e-06        -2.1679763942240079e-04        -6.1912978273246863e-04
21                                    -1.6368685833732532e-03        -4.7084713970075090e-03        -5.5568403864994335e-03         2.0646109355375217e-03         4.1056581289319524e-04         1.5245992150298682e-03        -1.1746188617287596e-03         1.8777173714356582e-03
22                                    -2.5325500348310926e-03        -4.4630891805871615e-03        -1.8983846986466040e-03         8.9348371216271772e-04         3.8298342550467917e-04         7.5127683970443570e-04        -7.0492182661970374e-04        -1.8862503369109947e-03
23                                     4.8770394538939256e-04        -1.8338421983723097e-04        -5.2147806353889520e-04         2.2565368110515922e-03        -8.9322362858701172e-06        -1.2939952724342133e-06        -2.1726057631590466e-04         6.1826355577778574e-04
24                                     6.3111230680963984e-04         3.3131710081764727e-03         1.3874633836203718e-03        -6.2980412160048432e-04        -2.2263748980609727e-01        -1.3437828831073681e-01        -5.5426150684486530e-05        -1.2301555461189783e-03
25                                     2.5126397962201182e-04        -2.1133460958931739e-03        -5.2927582403631407e-04        -2.5148165673055493e-04        -1.3075178844245133e-01        -1.3742748558230111e-01        -3.9476435396645644e-05         1.2867864438875511e-03
26                                    -6.3823459357538774e-04         2.5394143699649784e-04         6.2233899245331306e-04        -6.3809424450597197e-04        -5.5058383989719735e-05        -4.0250336048102081e-05        -4.3117522382739186e-02         2.0230624453912689e-07
27                                     1.6367642750926760e-03        -4.7082014393875059e-03         5.5568910334464830e-03        -2.0658561714216963e-03        -4.2273860288929953e-02        -4.7225079454531714e-03         5.6443733124118337e-03         4.3754045559594101e-04
28                                    -2.5325534764807436e-03         4.4631644531742450e-03        -1.8983651695179315e-03         8.9429312736825570e-04        -6.0407331897959163e-03        -1.3002361983884009e-01         1.2680497861064055e-01        -2.1996793815894002e-04
29                                     4.8810165257638649e-04         1.8190538673390122e-04        -5.2050767234765880e-04         2.2561892891170901e-03         7.7548565309177395e-03         1.2631883561919183e-01        -2.3469073007831504e-01        -5.3339412192058601e-05
30                                     2.0663217710989597e-03         1.0539719879368680e-04        -1.8449811848858240e-03        -1.6374846256382348e-03        -4.2270951949086678e-02        -4.6871868239429845e-03        -5.5959626899996220e-03         4.3746767299633236e-04
31                                    -8.9516700091480002e-04        -1.0795275336159264e-04         1.2797449330402676e-03         2.5327934523681900e-03        -6.0044285006736822e-03        -1.2990491500689272e-01        -1.2675721794551867e-01        -2.1996791965417893e-04
32                                     2.2565220009521138e-03        -4.5259276178920261e-04         6.4550145946550182e-04         4.8912776390904085e-04        -7.7072374754370383e-03        -1.2627155166096554e-01        -2.3481300120446605e-01         5.3354489633783420e-05
                                                        16                          17                          18                          19                          20                          21                          22                          23

0                                      1.3075119034670918e-01         2.4656332491328827e-05        -4.2273448402273824e-02         6.0274292015807408e-03         7.7422793179802484e-03        -4.2271533731372685e-02         6.0187394354140810e-03        -7.7212897091819624e-03
1                                     -1.3742598958097230e-01        -1.7391853975226495e-05         4.7101645950810645e-03        -1.2990159154868158e-01        -1.2626927235049074e-01         4.7005486249711310e-03        -1.3002666150542991e-01         1.2632074434270033e-01
2                                     -1.7318778694889608e-05        -4.3117546392762586e-02         5.6310701235072350e-03        -1.2675460942920130e-01        -2.3481369006537783e-01        -5.6107607866765635e-03         1.2680723359244489e-01        -2.3468974333634901e-01
3                                     -1.6863921037359432e-02        -5.3714978906047357e-06         2.2087170893794594e-03         3.8894544992409633e-03        -1.0609605297201095e-03         2.2067893635910160e-03         3.8875695605372282e-03         1.0636502675380518e-03
4                                      1.2765198850312097e-02         4.3094086791802990e-06        -1.2263389749963176e-02        -1.1107479392302447e-02         1.6030802862298420e-04        -1.2273583142765226e-02        -1.1114747905659408e-02        -1.6622359618400907e-04
