
$orca_hessian_file

$act_atom
  0

$act_coord
  0

$act_energy
        0.000000

$multiplicity
  1

$hessian
45
                    0                  1                  2                  3                  4        
    0      4.7578231896E-01   3.5898328915E-03   1.0180844517E-02  -2.0877063678E-01   9.3081125765E-04
    1      3.5898328915E-03   5.7609223610E-01  -2.5473574484E-04  -1.6172819260E-03  -8.8638158969E-02
    2      1.0180844517E-02  -2.5473574484E-04   5.2525699648E-01  -2.0362824486E-03   1.7740101438E-05
    3     -2.0877063678E-01  -1.6172819260E-03  -2.0362824486E-03   6.3464812154E-01  -2.5742470232E-03
    4      9.3081125765E-04  -8.8638158969E-02   1.7740101438E-05  -2.5742470232E-03   6.5408012589E-01
    5      2.2039147593E-03   1.0396729552E-04  -6.8490739752E-02  -2.2860350549E-03  -3.0473711133E-05
    6     -2.3326488287E-02   2.9694799309E-02  -5.7901639048E-04  -1.7023075040E-01   4.7904825326E-02
    7      5.3980097234E-03   3.0625895647E-03  -2.9317361270E-04   1.0974570590E-01  -2.6301066902E-01
    8      1.2074745551E-04  -1.3110340023E-03   4.7071960962E-03  -3.4620665895E-04  -1.0566239335E-03
    9      2.4383214682E-03   1.5423870365E-03  -1.0138605505E-03  -2.8995387957E-02   7.4253841635E-02
   10      1.1243086488E-03  -4.5494257481E-03   4.3195134389E-04   3.0141755872E-02   3.2792617526E-02
   11     -4.7840827211E-04  -1.1354885565E-03   7.5626153355E-03   2.0572094435E-04   6.0892931017E-04
   12     -1.4846827512E-03   4.7887244424E-04   9.1880651050E-04   3.9117567288E-03  -6.5700915193E-06
   13      6.2864972357E-04  -6.4765508174E-04  -4.3232277401E-05  -4.1148494949E-04  -6.6426617653E-02
   14     -1.9891603722E-04   1.5750110311E-05  -1.2380892907E-03   3.7975568513E-04  -7.7733628851E-06
   15      3.7406277697E-03  -2.3131828250E-03  -1.0948697171E-03  -2.9667230901E-02  -7.4390697603E-02
   16     -1.7172440594E-03  -5.0726608139E-03  -3.7978989217E-04  -2.9948692015E-02   3.2874315720E-02
   17     -4.8421839053E-04   1.1301138717E-03   6.4897386031E-03   2.0721679173E-04  -6.2424403424E-04
   18     -2.4603507581E-02  -3.0403611387E-02  -4.4517362434E-04  -1.6774583048E-01  -4.6599207484E-02
   19     -6.1248986508E-03   3.6536200018E-03   3.1298666229E-04  -1.0722388376E-01  -2.6182987405E-01
   20      1.2198275770E-04   1.3080852455E-03   3.6058826351E-03  -3.3902427018E-04   1.1051939741E-03
   21     -7.9078464119E-02  -7.8592839841E-02  -3.3057998096E-02  -1.2615287270E-02  -3.0283686678E-02
   22     -8.1323685281E-02  -2.4545030995E-01  -7.8324988913E-02  -1.5626117354E-04  -2.3353433897E-04
   23     -3.4670432629E-02  -7.8662602076E-02  -7.6329356979E-02   2.2401596762E-03   2.1584026980E-03
   24     -6.9233990240E-02   1.0255878292E-02   8.0112198298E-02  -1.5505379282E-02   4.5931561343E-03
   25      9.7049650942E-03  -4.7575817193E-02  -3.0984730065E-02   6.9416674699E-04  -4.4043060486E-04
   26      7.6305669191E-02  -3.1091384823E-02  -2.6804112437E-01   1.5976083481E-03   3.5884653454E-04
   27     -7.7628679266E-02   6.7025555961E-02  -5.3189155066E-02  -1.3667261714E-02   2.6267355665E-02
   28      6.7991714523E-02  -1.9324734696E-01   1.0948548249E-01   1.1441256089E-03  -5.5576391247E-04
   29     -5.4576227701E-02   1.0991732382E-01  -1.2580457250E-01   2.4562969723E-03  -2.5614050641E-03
   30      1.3669123056E-03   1.2069495043E-03   2.8969630321E-04   9.4347077756E-03   1.3153271189E-02
   31     -1.9665720547E-03   1.0434357456E-03  -4.4704671428E-04  -1.6274016380E-02  -2.0707639803E-02
   32      4.7412459889E-04   7.9814426794E-04  -3.8344727637E-03  -6.6699486450E-04   2.2700866259E-05
   33     -2.5945729327E-04   1.4931206491E-03  -1.3885511139E-04  -5.6999088455E-03  -1.5675082234E-03
   34     -7.8734734957E-05  -5.9186035755E-05   6.7115411834E-06  -6.1944508979E-04   2.1261297858E-03
   35      1.4591024842E-04   6.7451349413E-05   1.1325271191E-04  -2.7711408932E-04   1.1306864100E-04
   36      1.6153984588E-04  -2.9182904292E-05  -7.7509199551E-05   5.8602817417E-04   2.5100059701E-06
   37      1.8335874945E-06   1.7511239432E-04   1.1816678256E-06  -1.6494426088E-05  -1.5027604365E-03
   38      2.1139892572E-04  -3.1360436554E-06  -1.0455442630E-03  -1.4029597232E-04   1.7075635172E-07
   39     -2.3363291776E-04  -1.5777786791E-03  -1.3622434921E-04  -5.7141446732E-03   1.5744336080E-03
   40      6.6623437062E-05  -6.2335954588E-05  -6.8053143037E-06   5.9853178690E-04   2.1186025617E-03
   41      1.4390896458E-04  -7.5457564825E-05   1.2038443862E-04  -2.7455163801E-04  -1.0735853674E-04
   42      1.1298188824E-03  -7.3349213595E-04   2.7964470581E-04   1.0031204092E-02  -1.3253951165E-02
   43      1.7543595049E-03   1.2759029041E-03   4.6942262457E-04   1.6513184273E-02  -2.0646342702E-02
   44      4.8745583075E-04  -7.9797104717E-04  -3.0721663736E-03  -6.6829060594E-04   3.4846303774E-06
                    5                  6                  7                  8                  9        
    0      2.2039147593E-03  -2.3326488287E-02   5.3980097234E-03   1.2074745551E-04   2.4383214682E-03
    1      1.0396729552E-04   2.9694799309E-02   3.0625895647E-03  -1.3110340023E-03   1.5423870365E-03
    2     -6.8490739752E-02  -5.7901639048E-04  -2.9317361270E-04   4.7071960962E-03  -1.0138605505E-03
    3     -2.2860350549E-03  -1.7023075040E-01   1.0974570590E-01  -3.4620665895E-04  -2.8995387957E-02
    4     -3.0473711133E-05   4.7904825326E-02  -2.6301066902E-01  -1.0566239335E-03   7.4253841635E-02
    5      1.7289336601E-01  -4.9691543860E-05   4.0204481163E-04  -6.5809168415E-02  -4.9284952184E-04
    6     -4.9691543860E-05   6.7855380710E-01   3.5813923879E-02   3.2008198453E-03  -3.2706067649E-01
    7      4.0204481163E-04   3.5813923879E-02   6.9632966898E-01   2.3582332523E-03  -2.9733783446E-02
    8     -6.5809168415E-02   3.2008198453E-03   2.3582332523E-03   1.2912347563E-01  -1.2290524719E-03
    9     -4.9284952184E-04  -3.2706067649E-01  -2.9733783446E-02  -1.2290524719E-03   6.6917907038E-01
   10     -6.0442536851E-04   2.9544059123E-02  -1.2716673217E-01   4.4536231928E-04  -3.1898446405E-02
   11      6.1181087717E-03  -1.6251395290E-03  -2.9003996541E-04  -5.9960827074E-02   3.1956266801E-03
   12     -3.6894951823E-04  -3.0173365864E-02  -2.9528709043E-02  -3.0777189872E-04  -1.7692781878E-01
   13      1.7383269538E-05  -7.3310275453E-02   3.0255148143E-02  -1.1676333561E-03  -5.8527344977E-02
   14     -8.0425010313E-03  -4.7355848833E-04  -6.2788471266E-05   8.8888628630E-03  -4.4843399952E-04
   15     -4.4935009509E-04  -4.6500174627E-02   2.5703276590E-02  -8.3280106114E-04   5.9078842792E-02
   16      5.7915168365E-04   2.7887387394E-02  -1.5934464006E-02   4.4021906812E-04  -2.1657095667E-02
   17      6.1273662797E-03  -3.0739742772E-04   2.5167291488E-04  -8.3052203180E-03   2.3091158916E-04
   18     -4.7217245987E-05   5.7319175167E-02  -1.9540520374E-02   1.0660879999E-03  -4.6087374731E-02
   19     -3.7497611139E-04   2.0373170389E-02  -5.8061599284E-02   4.8250908607E-04  -2.6086060070E-02
   20     -6.6576248456E-02   1.0771192671E-03  -4.9202063053E-04   9.4854399046E-03  -8.4366006701E-04
   21     -1.1135147397E-02   2.0616678120E-03  -1.9475028567E-03   5.3165907960E-04  -1.5751706321E-04
   22      1.4459515664E-03   2.1718521069E-03   6.0973735565E-04   4.1691780027E-04  -5.0817359644E-04
   23     -9.3457907650E-04   2.9526142373E-04  -1.8763099085E-04   2.8901223807E-04  -2.4652586518E-04
   24      3.0555802812E-02  -8.2923833355E-04  -1.5412513345E-03  -1.9801667715E-04  -5.8826937205E-04
   25      2.9250349803E-04   1.9026867063E-03  -2.8061011760E-04   5.9231665935E-04  -9.8366464548E-04
   26      3.0770780332E-03  -3.4844103974E-04   6.3839343104E-04   1.2749169420E-04   3.5059611985E-04
   27     -1.8053136076E-02  -5.0965583700E-03  -2.0326727976E-03  -5.9152066467E-04  -3.3564524868E-04
   28     -1.8327852820E-03   7.6215232516E-04   3.9092716040E-04   5.0169136991E-04  -1.7393347113E-04
   29      6.0277315660E-04   3.5430337106E-05  -1.4213845502E-04   3.2181185935E-04   9.0629231195E-04
   30     -9.7609801771E-06  -1.2321574500E-01  -1.1579577817E-01  -1.3414539227E-03  -1.0973279060E-02
   31     -2.5520716535E-04  -1.1514508055E-01  -2.6142247389E-01  -1.7672273796E-03   1.6244630312E-03
   32      3.1748206249E-03  -1.1581665849E-03  -2.0355049382E-03  -3.4011514513E-02  -1.4931259232E-05
   33      2.7258160666E-05  -1.0656644969E-02   2.9454969383E-02   7.8775816258E-05  -1.2570049851E-01
   34      8.6379984998E-06  -1.7839088195E-03   2.7717746087E-03  -6.1576722051E-06   1.1711337687E-01
   35      7.5837815798E-03  -7.5934073498E-05   1.0678620201E-04   2.1478286845E-03  -1.7725721990E-04
   36      5.9569021144E-05   8.5883545361E-04  -3.5119575602E-03  -4.9226431125E-05  -1.2340867797E-02
   37      1.4733860246E-06  -2.2423148676E-03  -4.7036199429E-03  -2.9760611457E-05  -2.8509540636E-02
   38     -5.9445769645E-04   9.0470292681E-06  -6.7531033390E-05   7.1376227526E-03  -1.4839555077E-04
   39      1.9449768223E-05  -8.6989644343E-04   1.0052489253E-03  -1.8049441868E-05  -7.6993807639E-04
   40     -4.3723642919E-06   9.7509536557E-04   3.5761319117E-04   3.9516114513E-05   4.5272576790E-03
   41      7.8295920646E-03  -4.9237949524E-05   2.4380835765E-05  -5.1322487949E-04  -2.7995647079E-05
   42     -2.5819903225E-05  -8.3394675177E-04  -3.5413760681E-03  -7.2403606341E-05  -7.5896155992E-04
   43      2.5046762373E-04  -4.4959549861E-03  -3.1972905787E-03   3.8849904731E-05  -9.9540710776E-04
   44      3.0408079087E-03   3.7317762504E-05  -1.8786196952E-04   6.3712134802E-03  -4.9505363334E-05
                   10                 11                 12                 13                 14        
    0      1.1243086488E-03  -4.7840827211E-04  -1.4846827512E-03   6.2864972357E-04  -1.9891603722E-04
    1     -4.5494257481E-03  -1.1354885565E-03   4.7887244424E-04  -6.4765508174E-04   1.5750110311E-05
    2      4.3195134389E-04   7.5626153355E-03   9.1880651050E-04  -4.3232277401E-05  -1.2380892907E-03
    3      3.0141755872E-02   2.0572094435E-04   3.9117567288E-03  -4.1148494949E-04   3.7975568513E-04
    4      3.2792617526E-02   6.0892931017E-04  -6.5700915193E-06  -6.6426617653E-02  -7.7733628851E-06
    5     -6.0442536851E-04   6.1181087717E-03  -3.6894951823E-04   1.7383269538E-05  -8.0425010313E-03
    6      2.9544059123E-02  -1.6251395290E-03  -3.0173365864E-02  -7.3310275453E-02  -4.7355848833E-04
    7     -1.2716673217E-01  -2.9003996541E-04  -2.9528709043E-02   3.0255148143E-02  -6.2788471266E-05
    8      4.4536231928E-04  -5.9960827074E-02  -3.0777189872E-04  -1.1676333561E-03   8.8888628630E-03
    9     -3.1898446405E-02   3.1956266801E-03  -1.7692781878E-01  -5.8527344977E-02  -4.4843399952E-04
   10      7.1172915446E-01   1.2396401032E-03  -1.1734736957E-01  -2.7669752940E-01  -8.7079322832E-04
   11      1.2396401032E-03   1.3225128043E-01  -6.7794108920E-04  -7.0417386292E-04  -6.2186202949E-02
   12     -1.1734736957E-01  -6.7794108920E-04   7.3273182287E-01   1.1058208505E-03   3.2221399850E-03
   13     -2.7669752940E-01  -7.0417386292E-04   1.1058208505E-03   6.4755793894E-01   7.0242621531E-07
   14     -8.7079322832E-04  -6.2186202949E-02   3.2221399850E-03   7.0242621531E-07   1.2934087473E-01
   15      2.2159834199E-02   2.1377353921E-04  -1.7691716513E-01   5.7894212647E-02  -4.4217535017E-04
   16     -6.0099567628E-02  -2.0903227120E-04   1.1677327348E-01  -2.7434775089E-01   8.7298468195E-04
   17      2.1602543625E-04   9.3501143643E-03  -6.9020058971E-04   6.8448039001E-04  -6.2162056318E-02
   18     -2.7943570749E-02  -2.9916676283E-04  -3.0650606634E-02   7.2902762912E-02  -4.8938075447E-04
   19     -1.6264171594E-02  -2.4244218000E-04   2.9239966721E-02   3.0851056862E-02   6.1542358832E-05
   20     -4.4213428283E-04  -8.1807102479E-03  -3.0887252661E-04   1.1952718647E-03   8.8486745630E-03
   21     -8.4991554232E-07   2.8945738568E-04   4.6353442391E-05   2.1484021282E-04  -1.3537955424E-04
   22      1.7485222253E-04   5.0051402416E-04   1.5230804187E-04   3.2730237109E-04   4.9082363572E-05
   23     -1.0372528867E-05  -1.4520997068E-04  -1.4842141849E-04   4.4441986315E-04   1.5221108391E-05
   24     -7.5922303304E-05  -1.6861433324E-03  -3.6109901828E-04   6.1716810529E-05   2.7023850441E-04
   25     -6.1853089928E-04   5.5457928710E-04  -1.2582169389E-04   1.1997272210E-03   1.1083121936E-05
   26      6.4082223193E-05  -4.8302449704E-06  -2.8826807562E-04   7.8711801356E-05  -4.9440530673E-05
   27      1.2753501230E-03   1.1733127118E-03  -7.0846377554E-05  -6.7306134283E-05  -2.0602245037E-04
   28     -2.0164345620E-04  -1.2936583478E-04  -2.9896929905E-04   4.6624433624E-04  -6.9988646534E-05
   29      1.1229549657E-04   4.7340747342E-06  -1.1845073650E-04  -5.2053854278E-04  -7.9125312524E-06
   30     -2.9363932792E-02  -4.4923791621E-05  -5.8972117360E-03   1.5994202014E-03  -7.7702305619E-05
   31      2.7675628862E-03   5.8098874011E-05   3.0164917607E-04   2.1612485657E-03  -4.7217464618E-05
   32     -2.2944532276E-04   1.6215640348E-03  -1.1282511520E-04  -2.4332285641E-05   7.5071583732E-03
   33      1.1712889923E-01  -2.0270078687E-04   1.1585241047E-02  -1.4583577129E-02   3.1148021848E-06
   34     -2.6340918683E-01  -1.6481772398E-04   1.6737441673E-02  -1.9157516857E-02  -5.4367062655E-06
   35     -2.8280745228E-04  -3.4781372966E-02   1.1871021649E-04  -5.7321863619E-05   2.4181828152E-03
   36      2.7714633626E-03  -3.6143604852E-05  -3.3147995711E-01  -5.5365188160E-04  -1.3253336952E-03
   37      4.6636452017E-03  -1.1145814716E-04  -5.4565399553E-04  -5.8533403044E-02  -1.8584245112E-06
   38     -9.1566771026E-05   1.8198546483E-03  -1.2455900236E-03  -3.2097751601E-06  -3.3322582548E-02
   39      3.3264378955E-03  -3.2268623615E-05   1.1588588995E-02   1.4687864969E-02   5.5576782726E-06
   40     -3.3420051643E-03   2.8924100824E-05  -1.6629063578E-02  -1.9139457135E-02   1.0220265859E-05
   41      5.2038622087E-05   7.0925719478E-03   1.1941885832E-04   6.5172425832E-05   2.3506479129E-03
   42     -8.2989295006E-04   1.3985346397E-05  -5.9010096747E-03  -1.6395203925E-03  -8.1151924880E-05
   43      2.2096060084E-04  -1.6170447313E-06  -3.0930252600E-04   2.1312636248E-03   5.1093203112E-05
   44     -3.2100702724E-05  -5.6169015724E-04  -1.1453667347E-04   2.7697695426E-05   7.6391628313E-03
                   15                 16                 17                 18                 19        
    0      3.7406277697E-03  -1.7172440594E-03  -4.8421839053E-04  -2.4603507581E-02  -6.1248986508E-03
    1     -2.3131828250E-03  -5.0726608139E-03   1.1301138717E-03  -3.0403611387E-02   3.6536200018E-03
    2     -1.0948697171E-03  -3.7978989217E-04   6.4897386031E-03  -4.4517362434E-04   3.1298666229E-04
    3     -2.9667230901E-02  -2.9948692015E-02   2.0721679173E-04  -1.6774583048E-01  -1.0722388376E-01
    4     -7.4390697603E-02   3.2874315720E-02  -6.2424403424E-04  -4.6599207484E-02  -2.6182987405E-01
    5     -4.4935009509E-04   5.7915168365E-04   6.1273662797E-03  -4.7217245987E-05  -3.7497611139E-04
    6     -4.6500174627E-02   2.7887387394E-02  -3.0739742772E-04   5.7319175167E-02   2.0373170389E-02
    7      2.5703276590E-02  -1.5934464006E-02   2.5167291488E-04  -1.9540520374E-02  -5.8061599284E-02
    8     -8.3280106114E-04   4.4021906812E-04  -8.3052203180E-03   1.0660879999E-03   4.8250908607E-04
    9      5.9078842792E-02  -2.1657095667E-02   2.3091158916E-04  -4.6087374731E-02  -2.6086060070E-02
   10      2.2159834199E-02  -6.0099567628E-02   2.1602543625E-04  -2.7943570749E-02  -1.6264171594E-02
   11      2.1377353921E-04  -2.0903227120E-04   9.3501143643E-03  -2.9916676283E-04  -2.4244218000E-04
   12     -1.7691716513E-01   1.1677327348E-01  -6.9020058971E-04  -3.0650606634E-02   2.9239966721E-02
   13      5.7894212647E-02  -2.7434775089E-01   6.8448039001E-04   7.2902762912E-02   3.0851056862E-02
   14     -4.4217535017E-04   8.7298468195E-04  -6.2162056318E-02  -4.8938075447E-04   6.1542358832E-05
   15      6.7078490294E-01   3.2726118861E-02   3.2735069725E-03  -3.3005308385E-01   2.9082025087E-02
   16      3.2726118861E-02   7.1031253854E-01  -1.2082180160E-03  -3.0255998894E-02  -1.2721655437E-01
   17      3.2735069725E-03  -1.2082180160E-03   1.3201794018E-01  -1.6660294055E-03   2.7397618776E-04
   18     -3.3005308385E-01  -3.0255998894E-02  -1.6660294055E-03   6.8169205261E-01  -3.6631631688E-02
   19      2.9082025087E-02  -1.2721655437E-01   2.7397618776E-04  -3.6631631688E-02   6.9336457601E-01
   20     -1.2771976656E-03  -4.7579599652E-04  -5.9260048520E-02   3.2026253870E-03  -2.3784252485E-03
   21     -1.0597820853E-04  -1.6900314751E-03   7.4831006128E-04  -6.2070072948E-03   1.9910075466E-03
   22      3.0981654315E-04  -1.3814665427E-04  -1.8349387839E-05  -4.4362818046E-04   6.0503627452E-04
   23      7.9609816358E-04  -1.2567632009E-04   3.0134641902E-04  -2.5948879930E-05   2.8010436081E-05
   24     -3.9942319059E-04   2.6194269038E-04  -1.5284031933E-03   2.4087192784E-04   1.3068730261E-03
   25      1.3780120371E-03  -6.1921561501E-04  -2.7795339352E-04  -2.1158394447E-03  -2.9112817053E-04
   26      5.4863612257E-04  -3.4375061396E-05   1.7115679021E-04  -4.0393321083E-04  -6.2726578958E-04
   27     -1.1358746821E-04   1.1293100873E-04   5.5892690333E-04   1.8617789288E-03   1.6530469386E-03
   28      8.5739967208E-04   8.3990654472E-06  -6.1315908896E-04  -2.0978161886E-03   3.5469121245E-04
   29     -3.3512078187E-04  -1.9832819085E-05  -7.5243108884E-06   3.4676647689E-04   3.2389037702E-04
   30     -7.6837173741E-04   8.2319902345E-04   1.1297696365E-05  -8.0449805445E-04   3.5754425587E-03
   31      1.0175473289E-03   2.0624583066E-04   3.9509407197E-06   4.4779469876E-03  -3.2164521087E-03
   32     -4.4089232908E-05   2.7329415790E-05  -5.5147082416E-04   2.8687540807E-05   1.9135859163E-04
   33     -7.2949594302E-04  -3.3141883970E-03  -3.3085929360E-05  -8.5848482864E-04  -1.0173659067E-03
   34     -4.5213207378E-03  -3.3642131034E-03  -2.8683183535E-05  -9.7230972129E-04   3.4381494472E-04
   35     -2.6057423916E-05  -5.3716963275E-05   7.1768629625E-03  -4.7943152293E-05  -2.3201173127E-05
   36     -1.2414416606E-02  -2.8616965103E-03  -3.5188542643E-05   8.1250061507E-04   3.5321065560E-03
   37      2.8424800283E-02   4.7648322151E-03   1.1352214776E-04   2.2742322116E-03  -4.6737705806E-03
   38     -1.5166102300E-04   9.3825506117E-05   1.7804278327E-03   8.8595337416E-06   6.8028688584E-05
   39     -1.2483685699E-01  -1.1658963859E-01  -2.1872603092E-04  -1.0624642779E-02  -2.9495144588E-02
   40     -1.1659970424E-01  -2.6421868473E-01   1.5259422681E-04   1.7233117994E-03   2.6707580156E-03
   41     -1.8536730498E-04   2.6572585989E-04  -3.4796070351E-02  -8.3712431305E-05  -1.0614973421E-04
   42     -1.1098588840E-02   2.9420405828E-02  -4.4123573388E-05  -1.2429134301E-01   1.1586497391E-01
   43     -1.6988105144E-03   2.8449264480E-03  -5.9683972870E-05   1.1558625213E-01  -2.6029000316E-01
   44     -1.6122073288E-05   2.3115608529E-04   1.6674372119E-03  -1.1574510646E-03   1.9960066922E-03
                   20                 21                 22                 23                 24        
    0      1.2198275770E-04  -7.9078464119E-02  -8.1323685281E-02  -3.4670432629E-02  -6.9233990240E-02
    1      1.3080852455E-03  -7.8592839841E-02  -2.4545030995E-01  -7.8662602076E-02   1.0255878292E-02
    2      3.6058826351E-03  -3.3057998096E-02  -7.8324988913E-02  -7.6329356979E-02   8.0112198298E-02
    3     -3.3902427018E-04  -1.2615287270E-02  -1.5626117354E-04   2.2401596762E-03  -1.5505379282E-02
    4      1.1051939741E-03  -3.0283686678E-02  -2.3353433897E-04   2.1584026980E-03   4.5931561343E-03
    5     -6.6576248456E-02  -1.1135147397E-02   1.4459515664E-03  -9.3457907650E-04   3.0555802812E-02
    6      1.0771192671E-03   2.0616678120E-03   2.1718521069E-03   2.9526142373E-04  -8.2923833355E-04
    7     -4.9202063053E-04  -1.9475028567E-03   6.0973735565E-04  -1.8763099085E-04  -1.5412513345E-03
    8      9.4854399046E-03   5.3165907960E-04   4.1691780027E-04   2.8901223807E-04  -1.9801667715E-04
    9     -8.4366006701E-04  -1.5751706321E-04  -5.0817359644E-04  -2.4652586518E-04  -5.8826937205E-04
   10     -4.4213428283E-04  -8.4991554232E-07   1.7485222253E-04  -1.0372528867E-05  -7.5922303304E-05
   11     -8.1807102479E-03   2.8945738568E-04   5.0051402416E-04  -1.4520997068E-04  -1.6861433324E-03
   12     -3.0887252661E-04   4.6353442391E-05   1.5230804187E-04  -1.4842141849E-04  -3.6109901828E-04
   13      1.1952718647E-03   2.1484021282E-04   3.2730237109E-04   4.4441986315E-04   6.1716810529E-05
   14      8.8486745630E-03  -1.3537955424E-04   4.9082363572E-05   1.5221108391E-05   2.7023850441E-04
   15     -1.2771976656E-03  -1.0597820853E-04   3.0981654315E-04   7.9609816358E-04  -3.9942319059E-04
   16     -4.7579599652E-04  -1.6900314751E-03  -1.3814665427E-04  -1.2567632009E-04   2.6194269038E-04
   17     -5.9260048520E-02   7.4831006128E-04  -1.8349387839E-05   3.0134641902E-04  -1.5284031933E-03
   18      3.2026253870E-03  -6.2070072948E-03  -4.4362818046E-04  -2.5948879930E-05   2.4087192784E-04
   19     -2.3784252485E-03   1.9910075466E-03   6.0503627452E-04   2.8010436081E-05   1.3068730261E-03
   20      1.2894752809E-01  -4.7360954626E-04  -5.3268883060E-04   9.8695248459E-04  -5.1211606105E-04
   21     -4.7360954626E-04   8.9643507313E-02   8.9107705738E-02   3.5324837531E-02   3.2914995630E-03
   22     -5.3268883060E-04   8.9107705738E-02   2.6419853722E-01   8.6752088288E-02  -7.1587242305E-04
   23      9.8695248459E-04   3.5324837531E-02   8.6752088288E-02   7.8905355041E-02  -1.1290844299E-02
   24     -5.1211606105E-04   3.2914995630E-03  -7.1587242305E-04  -1.1290844299E-02   8.0206689170E-02
   25     -4.7803424066E-04   9.7048910065E-03  -2.9328500765E-03  -2.6741362896E-02  -1.1790268060E-02
   26      7.1221281813E-04   2.9040157398E-03  -1.4851600170E-04  -9.6481967405E-03  -8.6408307255E-02
   27      7.4636496358E-04   3.7071022474E-03  -8.4319026670E-03   7.9598586737E-03   3.3114841594E-03
   28     -4.8176652175E-04   1.0157489449E-02  -1.7970092844E-02   1.6195171675E-02  -2.1797443199E-03
   29      7.2863775437E-04   5.5222657115E-03  -9.5043051541E-03   6.7233344504E-03  -1.0937908733E-02
   30     -7.0415020857E-05  -1.3879198256E-04  -1.6805026995E-04  -2.9971979334E-04   2.0113188998E-05
   31     -3.8184404739E-05   1.2461767257E-03   3.0813113603E-04   2.5984855783E-04   2.5238882101E-04
   32      6.2892001124E-03  -2.9764649106E-04  -4.4555870355E-04   1.5035062067E-04   6.8933868989E-04
   33     -1.7709233297E-05   4.9715138782E-05  -7.5427809127E-05  -2.6282861152E-05  -1.6230618682E-04
   34     -4.2953875371E-05   1.5201280363E-05   1.8277686653E-05   1.0267559003E-06   4.3364044289E-05
   35     -5.2425163021E-04   6.3599996221E-06  -3.3869575402E-05  -4.3378151522E-05   5.5326794448E-06
   36     -4.8091615481E-05   2.3880026194E-05  -3.7866498873E-05   2.3352298439E-05   1.5082658804E-05
   37      2.5854490014E-05   9.8187317716E-05   5.5598577922E-05   1.9477855310E-05  -1.1698003160E-05
   38      6.9980302696E-03  -4.9148988980E-05  -1.2838446439E-04   4.0847435306E-06   2.0531795790E-04
   39      8.6016106015E-05  -5.5355783595E-04  -7.0994157059E-05   3.5540934353E-05  -7.1256068132E-05
   40      1.5353337663E-06  -3.2151884097E-05  -3.1414790779E-06   9.5064459705E-06  -4.4449587263E-05
   41      2.0530984552E-03   3.3045702811E-05  -2.3242061116E-06  -1.2940821714E-04   3.2837237038E-05
   42     -1.3304828812E-03   3.2878231442E-05   1.8572592465E-04   2.8317120607E-05   6.5221023397E-05
   43      1.7402142796E-03   1.6017075849E-05   4.3060250668E-04  -1.4660468351E-04  -4.1435597187E-04
   44     -3.4114398235E-02  -2.0627121355E-04  -1.9271885314E-05  -1.4552797001E-04   6.8057868402E-04
                   25                 26                 27                 28                 29        
    0      9.7049650942E-03   7.6305669191E-02  -7.7628679266E-02   6.7991714523E-02  -5.4576227701E-02
    1     -4.7575817193E-02  -3.1091384823E-02   6.7025555961E-02  -1.9324734696E-01   1.0991732382E-01
    2     -3.0984730065E-02  -2.6804112437E-01  -5.3189155066E-02   1.0948548249E-01  -1.2580457250E-01
    3      6.9416674699E-04   1.5976083481E-03  -1.3667261714E-02   1.1441256089E-03   2.4562969723E-03
    4     -4.4043060486E-04   3.5884653454E-04   2.6267355665E-02  -5.5576391247E-04  -2.5614050641E-03
    5      2.9250349803E-04   3.0770780332E-03  -1.8053136076E-02  -1.8327852820E-03   6.0277315660E-04
    6      1.9026867063E-03  -3.4844103974E-04  -5.0965583700E-03   7.6215232516E-04   3.5430337106E-05
    7     -2.8061011760E-04   6.3839343104E-04  -2.0326727976E-03   3.9092716040E-04  -1.4213845502E-04
    8      5.9231665935E-04   1.2749169420E-04  -5.9152066467E-04   5.0169136991E-04   3.2181185935E-04
    9     -9.8366464548E-04   3.5059611985E-04  -3.3564524868E-04  -1.7393347113E-04   9.0629231195E-04
   10     -6.1853089928E-04   6.4082223193E-05   1.2753501230E-03  -2.0164345620E-04   1.1229549657E-04
   11      5.5457928710E-04  -4.8302449704E-06   1.1733127118E-03  -1.2936583478E-04   4.7340747342E-06
   12     -1.2582169389E-04  -2.8826807562E-04  -7.0846377554E-05  -2.9896929905E-04  -1.1845073650E-04
   13      1.1997272210E-03   7.8711801356E-05  -6.7306134283E-05   4.6624433624E-04  -5.2053854278E-04
   14      1.1083121936E-05  -4.9440530673E-05  -2.0602245037E-04  -6.9988646534E-05  -7.9125312524E-06
   15      1.3780120371E-03   5.4863612257E-04  -1.1358746821E-04   8.5739967208E-04  -3.3512078187E-04
   16     -6.1921561501E-04  -3.4375061396E-05   1.1293100873E-04   8.3990654472E-06  -1.9832819085E-05
   17     -2.7795339352E-04   1.7115679021E-04   5.5892690333E-04  -6.1315908896E-04  -7.5243108884E-06
   18     -2.1158394447E-03  -4.0393321083E-04   1.8617789288E-03  -2.0978161886E-03   3.4676647689E-04
   19     -2.9112817053E-04  -6.2726578958E-04   1.6530469386E-03   3.5469121245E-04   3.2389037702E-04
   20     -4.7803424066E-04   7.1221281813E-04   7.4636496358E-04  -4.8176652175E-04   7.2863775437E-04
   21      9.7048910065E-03   2.9040157398E-03   3.7071022474E-03   1.0157489449E-02   5.5222657115E-03
   22     -2.9328500765E-03  -1.4851600170E-04  -8.4319026670E-03  -1.7970092844E-02  -9.5043051541E-03
   23     -2.6741362896E-02  -9.6481967405E-03   7.9598586737E-03   1.6195171675E-02   6.7233344504E-03
   24     -1.1790268060E-02  -8.6408307255E-02   3.3114841594E-03  -2.1797443199E-03  -1.0937908733E-02
   25      4.8461997003E-02   3.3856098379E-02  -8.4084612240E-03   3.3556345705E-03   2.3543388767E-02
   26      3.3856098379E-02   2.9103537776E-01   5.4256804897E-03  -3.2298419180E-03  -1.6771502161E-02
   27     -8.4084612240E-03   5.4256804897E-03   8.8423920988E-02  -7.6277606047E-02   5.7020457922E-02
   28      3.3556345705E-03  -3.2298419180E-03  -7.6277606047E-02   2.0676547608E-01  -1.2082294179E-01
   29      2.3543388767E-02  -1.6771502161E-02   5.7020457922E-02  -1.2082294179E-01   1.3433198068E-01
   30      5.7043003347E-05   6.2410941560E-05   2.4771002151E-05  -1.4246085570E-04   3.3617446340E-05
   31     -3.2885258108E-05   9.4408485756E-05   9.3534481270E-06   4.6029518450E-04   9.7609731429E-05
   32     -4.1699001911E-04  -1.9423803191E-04  -3.4971047354E-04   1.6244045052E-04   3.2624022284E-05
   33      2.5421376289E-05   3.3526543531E-05  -4.8443919683E-04   7.3992546259E-05   3.1205580529E-05
   34     -2.4497068150E-05  -4.8780519534E-06   3.3396644879E-05  -1.0913131680E-05  -9.5499600706E-06
   35     -7.2381086789E-05   3.1412603386E-05   5.0022542083E-05   2.6042816557E-05  -5.5022045343E-05
   36      1.4441645702E-05   2.7603946081E-05   2.3366600595E-05   4.8553658016E-05   1.6402894981E-05
   37      1.5826648819E-05   8.7132688671E-06  -8.0316782424E-05   4.7572114161E-05  -2.9695344471E-05
   38     -5.9161485171E-05  -9.2850430074E-05  -9.0482717577E-05   1.9033431133E-04   1.2290386358E-06
   39     -1.9091871466E-07   4.4700487813E-05   3.9898000148E-05   6.0052400391E-05  -4.1184347625E-05
   40     -1.9478789346E-05   8.4317114190E-06  -2.5439591755E-05   1.1149876445E-05  -1.5673629466E-06
   41      4.1297310352E-05   1.6438121875E-05  -3.1711579091E-06   4.2514745721E-05  -2.4310735999E-05
   42     -5.9139444030E-05   1.5839633854E-04   4.6957151274E-06   7.2240988872E-05  -3.6511399248E-04
   43     -1.9774165015E-04   3.0672321459E-05  -1.0504755364E-03   1.2537070914E-04  -3.6966022104E-04
   44      1.3724965182E-04  -3.6898530688E-04  -4.4615496085E-04   5.6329774885E-04  -7.6280754311E-05
                   30                 31                 32                 33                 34        
    0      1.3669123056E-03  -1.9665720547E-03   4.7412459889E-04  -2.5945729327E-04  -7.8734734957E-05
    1      1.2069495043E-03   1.0434357456E-03   7.9814426794E-04   1.4931206491E-03  -5.9186035755E-05
    2      2.8969630321E-04  -4.4704671428E-04  -3.8344727637E-03  -1.3885511139E-04   6.7115411834E-06
    3      9.4347077756E-03  -1.6274016380E-02  -6.6699486450E-04  -5.6999088455E-03  -6.1944508979E-04
    4      1.3153271189E-02  -2.0707639803E-02   2.2700866259E-05  -1.5675082234E-03   2.1261297858E-03
    5     -9.7609801771E-06  -2.5520716535E-04   3.1748206249E-03   2.7258160666E-05   8.6379984998E-06
    6     -1.2321574500E-01  -1.1514508055E-01  -1.1581665849E-03  -1.0656644969E-02  -1.7839088195E-03
    7     -1.1579577817E-01  -2.6142247389E-01  -2.0355049382E-03   2.9454969383E-02   2.7717746087E-03
    8     -1.3414539227E-03  -1.7672273796E-03  -3.4011514513E-02   7.8775816258E-05  -6.1576722051E-06
    9     -1.0973279060E-02   1.6244630312E-03  -1.4931259232E-05  -1.2570049851E-01   1.1711337687E-01
   10     -2.9363932792E-02   2.7675628862E-03  -2.2944532276E-04   1.1712889923E-01  -2.6340918683E-01
   11     -4.4923791621E-05   5.8098874011E-05   1.6215640348E-03  -2.0270078687E-04  -1.6481772398E-04
   12     -5.8972117360E-03   3.0164917607E-04  -1.1282511520E-04   1.1585241047E-02   1.6737441673E-02
   13      1.5994202014E-03   2.1612485657E-03  -2.4332285641E-05  -1.4583577129E-02  -1.9157516857E-02
   14     -7.7702305619E-05  -4.7217464618E-05   7.5071583732E-03   3.1148021848E-06  -5.4367062655E-06
   15     -7.6837173741E-04   1.0175473289E-03  -4.4089232908E-05  -7.2949594302E-04  -4.5213207378E-03
   16      8.2319902345E-04   2.0624583066E-04   2.7329415790E-05  -3.3141883970E-03  -3.3642131034E-03
   17      1.1297696365E-05   3.9509407197E-06  -5.5147082416E-04  -3.3085929360E-05  -2.8683183535E-05
   18     -8.0449805445E-04   4.4779469876E-03   2.8687540807E-05  -8.5848482864E-04  -9.7230972129E-04
   19      3.5754425587E-03  -3.2164521087E-03   1.9135859163E-04  -1.0173659067E-03   3.4381494472E-04
   20     -7.0415020857E-05  -3.8184404739E-05   6.2892001124E-03  -1.7709233297E-05  -4.2953875371E-05
   21     -1.3879198256E-04   1.2461767257E-03  -2.9764649106E-04   4.9715138782E-05   1.5201280363E-05
   22     -1.6805026995E-04   3.0813113603E-04  -4.4555870355E-04  -7.5427809127E-05   1.8277686653E-05
   23     -2.9971979334E-04   2.5984855783E-04   1.5035062067E-04  -2.6282861152E-05   1.0267559003E-06
   24      2.0113188998E-05   2.5238882101E-04   6.8933868989E-04  -1.6230618682E-04   4.3364044289E-05
   25      5.7043003347E-05  -3.2885258108E-05  -4.1699001911E-04   2.5421376289E-05  -2.4497068150E-05
   26      6.2410941560E-05   9.4408485756E-05  -1.9423803191E-04   3.3526543531E-05  -4.8780519534E-06
   27      2.4771002151E-05   9.3534481270E-06  -3.4971047354E-04  -4.8443919683E-04   3.3396644879E-05
   28     -1.4246085570E-04   4.6029518450E-04   1.6244045052E-04   7.3992546259E-05  -1.0913131680E-05
   29      3.3617446340E-05   9.7609731429E-05   3.2624022284E-05   3.1205580529E-05  -9.5499600706E-06
   30      1.3012605889E-01   1.2556049275E-01   1.3933197738E-03   1.0003849534E-03   3.0567966994E-04
   31      1.2556049275E-01   2.7891402517E-01   1.9809808020E-03  -3.2908260745E-04   8.0575338089E-04
   32      1.3933197738E-03   1.9809808020E-03   2.4281610535E-02   1.7165480400E-05   1.8784479762E-05
   33      1.0003849534E-03  -3.2908260745E-04   1.7165480400E-05   1.3064506438E-01  -1.2702465313E-01
   34      3.0567966994E-04   8.0575338089E-04   1.8784479762E-05  -1.2702465313E-01   2.8015134583E-01
   35      4.2314546252E-05   3.3244107668E-05  -3.8194982068E-03   1.8923912838E-04   1.9388081182E-04
   36     -7.9407367129E-04   1.6338106608E-04  -1.6209069264E-05   7.8822289044E-04  -1.9648612357E-04
   37     -1.5334703160E-03  -6.1293315509E-06  -2.5557753349E-05   4.7632973991E-04   9.8726778910E-04
   38     -4.5506194662E-05  -9.4711856275E-06   3.2776501434E-04   2.3841856510E-05   1.4024579321E-05
   39      5.2698725431E-05  -1.0126161216E-04   8.4540063911E-06   4.2374470506E-04   8.6235160428E-04
   40     -9.8549785249E-05   1.1923337001E-05  -6.5920003865E-06  -8.5551379130E-04  -1.1919025025E-03
   41      8.8819720679E-06   1.7392865389E-05  -1.3782410522E-03   8.2692584557E-06   1.1068889220E-05
   42      5.6632440505E-04  -8.3044309924E-04   4.9028938719E-05   5.8862654495E-05   9.9366386435E-05
   43      8.1380125759E-04  -1.2930408435E-03  -1.9459501916E-05   1.0126424840E-04   1.3051504569E-05
   44      4.8397391080E-05   2.0521600530E-05   4.0434205390E-04   8.7417460209E-06   6.5531254057E-06
                   35                 36                 37                 38                 39        
    0      1.4591024842E-04   1.6153984588E-04   1.8335874945E-06   2.1139892572E-04  -2.3363291776E-04
    1      6.7451349413E-05  -2.9182904292E-05   1.7511239432E-04  -3.1360436554E-06  -1.5777786791E-03
    2      1.1325271191E-04  -7.7509199551E-05   1.1816678256E-06  -1.0455442630E-03  -1.3622434921E-04
    3     -2.7711408932E-04   5.8602817417E-04  -1.6494426088E-05  -1.4029597232E-04  -5.7141446732E-03
    4      1.1306864100E-04   2.5100059701E-06  -1.5027604365E-03   1.7075635172E-07   1.5744336080E-03
    5      7.5837815798E-03   5.9569021144E-05   1.4733860246E-06  -5.9445769645E-04   1.9449768223E-05
    6     -7.5934073498E-05   8.5883545361E-04  -2.2423148676E-03   9.0470292681E-06  -8.6989644343E-04
    7      1.0678620201E-04  -3.5119575602E-03  -4.7036199429E-03  -6.7531033390E-05   1.0052489253E-03
    8      2.1478286845E-03  -4.9226431125E-05  -2.9760611457E-05   7.1376227526E-03  -1.8049441868E-05
    9     -1.7725721990E-04  -1.2340867797E-02  -2.8509540636E-02  -1.4839555077E-04  -7.6993807639E-04
   10     -2.8280745228E-04   2.7714633626E-03   4.6636452017E-03  -9.1566771026E-05   3.3264378955E-03
   11     -3.4781372966E-02  -3.6143604852E-05  -1.1145814716E-04   1.8198546483E-03  -3.2268623615E-05
   12      1.1871021649E-04  -3.3147995711E-01  -5.4565399553E-04  -1.2455900236E-03   1.1588588995E-02
   13     -5.7321863619E-05  -5.5365188160E-04  -5.8533403044E-02  -3.2097751601E-06   1.4687864969E-02
   14      2.4181828152E-03  -1.3253336952E-03  -1.8584245112E-06  -3.3322582548E-02   5.5576782726E-06
   15     -2.6057423916E-05  -1.2414416606E-02   2.8424800283E-02  -1.5166102300E-04  -1.2483685699E-01
   16     -5.3716963275E-05  -2.8616965103E-03   4.7648322151E-03   9.3825506117E-05  -1.1658963859E-01
   17      7.1768629625E-03  -3.5188542643E-05   1.1352214776E-04   1.7804278327E-03  -2.1872603092E-04
   18     -4.7943152293E-05   8.1250061507E-04   2.2742322116E-03   8.8595337416E-06  -1.0624642779E-02
   19     -2.3201173127E-05   3.5321065560E-03  -4.6737705806E-03   6.8028688584E-05  -2.9495144588E-02
   20     -5.2425163021E-04  -4.8091615481E-05   2.5854490014E-05   6.9980302696E-03   8.6016106015E-05
   21      6.3599996221E-06   2.3880026194E-05   9.8187317716E-05  -4.9148988980E-05  -5.5355783595E-04
   22     -3.3869575402E-05  -3.7866498873E-05   5.5598577922E-05  -1.2838446439E-04  -7.0994157059E-05
   23     -4.3378151522E-05   2.3352298439E-05   1.9477855310E-05   4.0847435306E-06   3.5540934353E-05
   24      5.5326794448E-06   1.5082658804E-05  -1.1698003160E-05   2.0531795790E-04  -7.1256068132E-05
   25     -7.2381086789E-05   1.4441645702E-05   1.5826648819E-05  -5.9161485171E-05  -1.9091871466E-07
   26      3.1412603386E-05   2.7603946081E-05   8.7132688671E-06  -9.2850430074E-05   4.4700487813E-05
   27      5.0022542083E-05   2.3366600595E-05  -8.0316782424E-05  -9.0482717577E-05   3.9898000148E-05
   28      2.6042816557E-05   4.8553658016E-05   4.7572114161E-05   1.9033431133E-04   6.0052400391E-05
   29     -5.5022045343E-05   1.6402894981E-05  -2.9695344471E-05   1.2290386358E-06  -4.1184347625E-05
   30      4.2314546252E-05  -7.9407367129E-04  -1.5334703160E-03  -4.5506194662E-05   5.2698725431E-05
   31      3.3244107668E-05   1.6338106608E-04  -6.1293315509E-06  -9.4711856275E-06  -1.0126161216E-04
   32     -3.8194982068E-03  -1.6209069264E-05  -2.5557753349E-05   3.2776501434E-04   8.4540063911E-06
   33      1.8923912838E-04   7.8822289044E-04   4.7632973991E-04   2.3841856510E-05   4.2374470506E-04
   34      1.9388081182E-04  -1.9648612357E-04   9.8726778910E-04   1.4024579321E-05   8.6235160428E-04
   35      2.4665168838E-02   2.7437871227E-05   1.5504878767E-05  -3.7572574537E-03   7.4625230236E-06
   36      2.7437871227E-05   3.5377392472E-01   6.1386647556E-04   1.4287735746E-03   7.8516513631E-04
   37      1.5504878767E-05   6.1386647556E-04   5.7732172100E-02   1.7693262836E-06  -4.8030096520E-04
   38     -3.7572574537E-03   1.4287735746E-03   1.7693262836E-06   2.4127162529E-02   2.4491273342E-05
   39      7.4625230236E-06   7.8516513631E-04  -4.8030096520E-04   2.4491273342E-05   1.2977093716E-01
   40     -1.1186235646E-05   1.9998355257E-04   9.8271335051E-04  -1.4037045393E-05   1.2648660754E-01
   41      2.4681365957E-04   2.6944347478E-05  -1.5931998374E-05  -3.6855805645E-03   2.0071711294E-04
   42      8.8117531361E-06  -7.9923093087E-04   1.5341904852E-03  -4.6730672840E-05   1.0128930701E-03
   43     -1.9705464834E-05  -1.5911495184E-04  -5.0570561212E-06   8.5004973366E-06   3.2445196369E-04
   44     -1.4025234006E-03  -1.6300803264E-05   2.6609396957E-05   3.0209612723E-04   1.8249271369E-05
                   40                 41                 42                 43                 44        
    0      6.6623437062E-05   1.4390896458E-04   1.1298188824E-03   1.7543595049E-03   4.8745583075E-04
    1     -6.2335954588E-05  -7.5457564825E-05  -7.3349213595E-04   1.2759029041E-03  -7.9797104717E-04
    2     -6.8053143037E-06   1.2038443862E-04   2.7964470581E-04   4.6942262457E-04  -3.0721663736E-03
    3      5.9853178690E-04  -2.7455163801E-04   1.0031204092E-02   1.6513184273E-02  -6.6829060594E-04
    4      2.1186025617E-03  -1.0735853674E-04  -1.3253951165E-02  -2.0646342702E-02   3.4846303774E-06
    5     -4.3723642919E-06   7.8295920646E-03  -2.5819903225E-05   2.5046762373E-04   3.0408079087E-03
    6      9.7509536557E-04  -4.9237949524E-05  -8.3394675177E-04  -4.4959549861E-03   3.7317762504E-05
    7      3.5761319117E-04   2.4380835765E-05  -3.5413760681E-03  -3.1972905787E-03  -1.8786196952E-04
    8      3.9516114513E-05  -5.1322487949E-04  -7.2403606341E-05   3.8849904731E-05   6.3712134802E-03
    9      4.5272576790E-03  -2.7995647079E-05  -7.5896155992E-04  -9.9540710776E-04  -4.9505363334E-05
   10     -3.3420051643E-03   5.2038622087E-05  -8.2989295006E-04   2.2096060084E-04  -3.2100702724E-05
   11      2.8924100824E-05   7.0925719478E-03   1.3985346397E-05  -1.6170447313E-06  -5.6169015724E-04
   12     -1.6629063578E-02   1.1941885832E-04  -5.9010096747E-03  -3.0930252600E-04  -1.1453667347E-04
   13     -1.9139457135E-02   6.5172425832E-05  -1.6395203925E-03   2.1312636248E-03   2.7697695426E-05
