
$orca_hessian_file

$act_atom
  0

$act_coord
  0

$act_energy
        0.000000

$multiplicity
  1

$hessian
45
                    0                  1                  2                  3                  4        
    0      4.7429305323E-01   6.4671198324E-05   1.1088783193E-02  -2.0632715562E-01   1.7138655474E-05
    1      6.4671198324E-05   5.7470272983E-01  -5.3255177288E-06  -2.8037484797E-05  -8.8754170308E-02
    2      1.1088783193E-02  -5.3255177288E-06   5.2715918537E-01  -2.0856246507E-03   1.1581007268E-06
    3     -2.0632715562E-01  -2.8037484797E-05  -2.0856246507E-03   6.3428785406E-01  -5.6212093620E-05
    4      1.7138655474E-05  -8.8754170308E-02   1.1581007268E-06  -5.6212093620E-05   6.6113948493E-01
    5      2.4631509252E-03   2.9166883772E-06  -6.8775503917E-02  -2.5987650419E-03  -3.0345974583E-05
    6     -2.3969440973E-02   3.0077734959E-02  -5.7078592361E-04  -1.7008011892E-01   4.9499606846E-02
    7      5.7439026954E-03   3.3538538423E-03  -3.0281953572E-04   1.1062702159E-01  -2.6580375396E-01
    8      1.4203247181E-04  -1.4287140692E-03   4.1751813080E-03  -3.4647047926E-04  -1.1881926289E-03
    9      3.0692472980E-03   1.9045683899E-03  -1.1363979938E-03  -2.9456453426E-02   7.4549619677E-02
   10      1.4235488446E-03  -4.7993768804E-03   4.3588688680E-04   3.0141244701E-02   3.2856728581E-02
   11     -5.0944516732E-04  -1.2229150345E-03   7.0590682812E-03   2.2202176693E-04   6.6523055007E-04
   12     -1.4629143761E-03   8.5411661899E-06   9.8519980154E-04   3.8662401924E-03  -9.5901188678E-08
   13      1.1086822895E-05  -6.2955985231E-04  -9.2312319287E-07  -6.9864280402E-06  -6.6625357091E-02
   14     -2.1321708584E-04  -7.8941368496E-09  -1.2376067628E-03   4.0788554566E-04   4.9407121237E-06
   15      3.0920847244E-03  -1.9183346935E-03  -1.1378540156E-03  -2.9467885037E-02  -7.4552475285E-02
   16     -1.4341756274E-03  -4.8086651561E-03  -4.3345699583E-04  -3.0138188030E-02   3.2857697829E-02
   17     -5.0946770031E-04   1.2241443757E-03   7.0395410835E-03   2.2507022417E-04  -6.6838682772E-04
   18     -2.3992168608E-02  -3.0090683680E-02  -5.6477980741E-04  -1.7003068471E-01  -4.9467785135E-02
   19     -5.7567413877E-03   3.3639720509E-03   3.0342526199E-04  -1.1057408295E-01  -2.6577138677E-01
   20      1.4264218597E-04   1.4286879439E-03   4.1552509776E-03  -3.3267365886E-04   1.2128147070E-03
   21     -7.8829359957E-02  -7.4002902591E-02  -4.3713499204E-02  -1.3020742143E-02  -2.8481981110E-02
   22     -7.5820179161E-02  -2.2128188266E-01  -9.7213621438E-02  -5.5760252290E-04  -3.6212627644E-04
   23     -4.5369052186E-02  -9.7707486799E-02  -9.8998660624E-02   2.5194948958E-03   2.5343067889E-03
   24     -6.9218263958E-02   1.8381770276E-04   8.0978730597E-02  -1.5426954187E-02   8.2209635599E-05
   25      1.7533292280E-04  -4.3176160095E-02  -5.5744306966E-04   1.4311323284E-05  -4.2680935224E-04
   26      7.6923913263E-02  -5.5982565174E-04  -2.7291737092E-01   1.7159204591E-03   6.4523943615E-06
   27     -7.8802933007E-02   7.3793893708E-02  -4.4076287844E-02  -1.3039945311E-02   2.8410291775E-02
   28      7.5579871131E-02  -2.2033851608E-01   9.7774236560E-02   5.7581621592E-04  -3.6945453797E-04
   29     -4.5727394388E-02   9.8268314810E-02  -9.9901722043E-02   2.5234504966E-03  -2.5412556692E-03
   30      1.2432194736E-03   9.7443001389E-04   3.0714448470E-04   9.7580259150E-03   1.3231388666E-02
   31     -1.8765351384E-03   1.1586630395E-03  -4.9452403717E-04  -1.6415439231E-02  -2.0745502354E-02
   32      5.1200130072E-04   8.6329902867E-04  -3.4755420348E-03  -7.2003019946E-04   1.9268821324E-05
   33     -2.4785759141E-04   1.5296898992E-03  -1.4669340985E-04  -5.7119277128E-03  -1.5619589060E-03
   34     -7.4564684387E-05  -6.4212126394E-05   7.9609435819E-06  -5.9794556001E-04   2.1291511573E-03
   35      1.5624299275E-04   7.8600721402E-05   1.1638457576E-04  -2.9989767858E-04   1.1805543046E-04
   36      1.6093088764E-04  -5.2033013206E-07  -8.2782085967E-05   5.9331388675E-04   7.2552903345E-08
   37      3.9429608391E-08   1.7477605476E-04  -5.5578440316E-08  -3.0211344330E-07  -1.5087594635E-03
   38      2.2573114284E-04  -1.3128953915E-07  -1.0530304509E-03  -1.4847344074E-04   2.7490874509E-08
   39     -2.4740869259E-04  -1.5312164437E-03  -1.4645416229E-04  -5.7120622090E-03   1.5621427443E-03
   40      7.4368876702E-05  -6.4286214529E-05  -7.9564483545E-06   5.9760179610E-04   2.1290283478E-03
   41      1.5620703272E-04  -7.8660667392E-05   1.1654946569E-04  -2.9974548662E-04  -1.1754957660E-04
   42      1.2389671677E-03  -9.6619929681E-04   3.0708538680E-04   9.7684952185E-03  -1.3232964364E-02
   43      1.8727829030E-03   1.1628345616E-03   4.9432813449E-04   1.6419803033E-02  -2.0744770734E-02
   44      5.1208765098E-04  -8.6376678740E-04  -3.4617243088E-03  -7.2200686130E-04  -1.5967299431E-05
                    5                  6                  7                  8                  9        
    0      2.4631509252E-03  -2.3969440973E-02   5.7439026954E-03   1.4203247181E-04   3.0692472980E-03
    1      2.9166883772E-06   3.0077734959E-02   3.3538538423E-03  -1.4287140692E-03   1.9045683899E-03
    2     -6.8775503917E-02  -5.7078592361E-04  -3.0281953572E-04   4.1751813080E-03  -1.1363979938E-03
    3     -2.5987650419E-03  -1.7008011892E-01   1.1062702159E-01  -3.4647047926E-04  -2.9456453426E-02
    4     -3.0345974583E-05   4.9499606846E-02  -2.6580375396E-01  -1.1881926289E-03   7.4549619677E-02
    5      1.7235894558E-01   1.3301836016E-06   3.8850050562E-04  -6.5935524165E-02  -5.2491958712E-04
    6      1.3301836016E-06   6.8513194882E-01   3.3983984103E-02   3.4449054521E-03  -3.3243267243E-01
    7      3.8850050562E-04   3.3983984103E-02   6.9878350416E-01   2.5170447572E-03  -2.9333680605E-02
    8     -6.5935524165E-02   3.4449054521E-03   2.5170447572E-03   1.2852480269E-01  -1.4269780580E-03
    9     -5.2491958712E-04  -3.3243267243E-01  -2.9333680605E-02  -1.4269780580E-03   6.7521326910E-01
   10     -6.4560783207E-04   2.9971208430E-02  -1.2706330235E-01   5.1463861075E-04  -3.0842317568E-02
   11      6.2558524160E-03  -1.8844189615E-03  -2.9361260804E-04  -5.9509907371E-02   3.6785437564E-03
   12     -4.0248143730E-04  -3.0570976180E-02  -2.9533514302E-02  -3.3906410187E-04  -1.7780352209E-01
   13      3.6013957363E-06  -7.3358411487E-02   3.0622054896E-02  -1.2919968217E-03  -5.9970279727E-02
   14     -8.0874101741E-03  -5.1505893676E-04  -7.5654929784E-05   8.9971305504E-03  -5.3602891027E-04
   15     -5.1521148321E-04  -4.6461831464E-02   2.5986886842E-02  -9.0687868248E-04   5.9226030881E-02
   16      6.4244028341E-04   2.7981331337E-02  -1.6172183210E-02   4.7882918689E-04  -2.1945595247E-02
   17      6.2560247019E-03  -3.3645807526E-04   2.6841227315E-04  -8.3020391112E-03   2.4429548507E-04
   18      7.5790808109E-06   5.7499613683E-02  -2.0021010231E-02   1.1582142365E-03  -4.6454242194E-02
   19     -3.6415784824E-04   2.0036216428E-02  -5.8398416513E-02   5.4385634524E-04  -2.5993751084E-02
   20     -6.5950619848E-02   1.1559400222E-03  -5.3605662012E-04   9.6167144816E-03  -9.0392796674E-04
   21     -1.4604995059E-02   2.0097236080E-03  -1.8101985688E-03   6.5638642444E-04  -1.3355309346E-04
   22      1.7742348094E-03   2.0893560714E-03   4.9036253365E-04   4.7310676045E-04  -6.5942163913E-04
   23     -2.0298905052E-04   3.4185001071E-04  -2.5522272675E-04   5.0181918933E-04  -3.0357287970E-04
   24      3.0775433533E-02  -2.7183391606E-04  -1.4210363100E-03  -3.6751102551E-04  -5.0444340512E-04
   25      5.2043376588E-06   2.0277554209E-03  -3.0107276413E-04   5.8809147683E-04  -1.1974374319E-03
   26      3.1377698436E-03  -3.7166308908E-04   6.3556351236E-04   4.0947881440E-04   4.7571485767E-04
   27     -1.4729216086E-02  -5.7065026433E-03  -2.0181871764E-03  -5.5504353733E-04  -2.1697107094E-04
   28     -1.7808815566E-03   5.8779368710E-04   4.9125212777E-04   5.6191881074E-04  -2.1993877622E-04
   29     -1.7462725918E-04   2.5346763504E-05  -9.0437432442E-05   6.4853445072E-04   8.7880464007E-04
   30     -2.3146464034E-05  -1.2361082050E-01  -1.1572776535E-01  -1.4019715573E-03  -1.1138354170E-02
   31     -2.6391783386E-04  -1.1529030382E-01  -2.6115612932E-01  -1.8401435893E-03   1.6368759994E-03
   32      3.1361028768E-03  -1.1853978975E-03  -2.1162855781E-03  -3.4187642397E-02  -3.8363806861E-05
   33      2.4681302897E-05  -1.0692495662E-02   2.9553248538E-02   8.7105010386E-05  -1.2540625860E-01
   34      4.8418993520E-06  -1.7594399854E-03   2.7105970695E-03  -4.9027650686E-06   1.1708608356E-01
   35      7.7233564553E-03  -8.8874100103E-05   1.2418065902E-04   2.1283986252E-03  -2.0504133261E-04
   36      6.3962331225E-05   8.3187222061E-04  -3.5388195340E-03  -5.4978753527E-05  -1.2450905562E-02
   37      8.0945847945E-08  -2.2713639815E-03  -4.6910144808E-03  -3.0370196519E-05  -2.8563588984E-02
   38     -6.0302016795E-04   1.1431465879E-05  -7.8945568178E-05   7.1027208251E-03  -1.6939569590E-04
   39      2.4333995223E-05  -8.6649624572E-04   1.0161992076E-03  -1.9660038069E-05  -7.4237858723E-04
   40     -4.2024829616E-06   9.7853082247E-04   3.5315855781E-04   4.4503738664E-05   4.5289953271E-03
   41      7.7279536587E-03  -5.5413590592E-05   2.7429338621E-05  -5.2774744921E-04  -3.0302770812E-05
   42     -2.1892083254E-05  -8.0996940474E-04  -3.5660939037E-03  -7.6105334901E-05  -7.6879265817E-04
   43      2.6673564357E-04  -4.4949358207E-03  -3.2189105951E-03   4.4274693473E-05  -1.0066854485E-03
   44      3.1336890493E-03   3.3284649528E-05  -1.9404035627E-04   6.3580795605E-03  -4.1269346637E-05
                   10                 11                 12                 13                 14        
    0      1.4235488446E-03  -5.0944516732E-04  -1.4629143761E-03   1.1086822895E-05  -2.1321708584E-04
    1     -4.7993768804E-03  -1.2229150345E-03   8.5411661899E-06  -6.2955985231E-04  -7.8941368496E-09
    2      4.3588688680E-04   7.0590682812E-03   9.8519980154E-04  -9.2312319287E-07  -1.2376067628E-03
    3      3.0141244701E-02   2.2202176693E-04   3.8662401924E-03  -6.9864280402E-06   4.0788554566E-04
    4      3.2856728581E-02   6.6523055007E-04  -9.5901188678E-08  -6.6625357091E-02   4.9407121237E-06
    5     -6.4560783207E-04   6.2558524160E-03  -4.0248143730E-04   3.6013957363E-06  -8.0874101741E-03
    6      2.9971208430E-02  -1.8844189615E-03  -3.0570976180E-02  -7.3358411487E-02  -5.1505893676E-04
    7     -1.2706330235E-01  -2.9361260804E-04  -2.9533514302E-02   3.0622054896E-02  -7.5654929784E-05
    8      5.1463861075E-04  -5.9509907371E-02  -3.3906410187E-04  -1.2919968217E-03   8.9971305504E-03
    9     -3.0842317568E-02   3.6785437564E-03  -1.7780352209E-01  -5.9970279727E-02  -5.3602891027E-04
   10      7.1450065136E-01   1.3884951759E-03  -1.1877287173E-01  -2.7847369389E-01  -1.0207180132E-03
   11      1.3884951759E-03   1.3155344868E-01  -7.8826014645E-04  -8.1167462725E-04  -6.2018855243E-02
   12     -1.1877287173E-01  -7.8826014645E-04   7.3522643182E-01   3.1143652669E-05   3.6987283157E-03
   13     -2.7847369389E-01  -8.1167462725E-04   3.1143652669E-05   6.5366761149E-01  -3.1224899764E-05
   14     -1.0207180132E-03  -6.2018855243E-02   3.6987283157E-03  -3.1224899764E-05   1.2881785621E-01
   15      2.1955078677E-02   2.4107143503E-04  -1.7780017836E-01   5.9951126918E-02  -5.4550261071E-04
   16     -6.0299286562E-02  -2.2672894952E-04   1.1875580887E-01  -2.7841779030E-01   1.0480397963E-03
   17      2.3501857290E-04   9.4619080143E-03  -8.0396630551E-04   8.3802585239E-04  -6.2020227418E-02
   18     -2.7982639314E-02  -3.3319844567E-04  -3.0579607425E-02   7.3350822735E-02  -5.2183900554E-04
   19     -1.6178202419E-02  -2.6711507134E-04   2.9528056208E-02   3.0633068619E-02   7.2900437759E-05
   20     -4.7781349814E-04  -8.2996558792E-03  -3.4281779512E-04   1.2897476163E-03   8.9963023953E-03
   21     -5.2326251408E-05   4.1727127065E-04  -8.3947389205E-06   1.4691590707E-04  -1.7275461057E-04
   22      1.1103911027E-04   5.7802096951E-04   2.2562223861E-04   3.7360985808E-04   6.1500995682E-05
   23      7.7659826264E-06  -8.0523777200E-05  -1.5263956548E-04   4.9958287963E-04   3.1111123210E-06
   24     -1.7993685067E-04  -1.6335226795E-03  -3.6321766521E-04   1.1849187756E-06   2.7008000574E-04
   25     -6.3156274033E-04   4.4417120893E-04  -1.9655576525E-06   1.1960852512E-03   1.5413363912E-07
   26      5.4924943027E-05   8.7751644622E-05  -3.0301537114E-04   1.2737710322E-06  -5.1048492713E-05
   27      1.4949549184E-03   9.7829088059E-04  -1.0475411163E-05  -1.4432582511E-04  -1.7381951619E-04
   28     -1.5629137621E-04  -3.5107382560E-05  -2.2822962664E-04   3.7589254576E-04  -6.1966807539E-05
   29      1.2629200316E-04   1.4446073423E-04  -1.5226661622E-04  -5.0063203556E-04   2.8543746775E-06
   30     -2.9511260241E-02  -4.3396364015E-05  -5.9163790711E-03   1.6053830060E-03  -8.9343770853E-05
   31      2.7739410278E-03   6.3740485581E-05   2.9159897412E-04   2.1535583193E-03  -5.3876213935E-05
   32     -2.5756950221E-04   1.7110719050E-03  -1.2447179425E-04  -1.6624428229E-05   7.5909159596E-03
   33      1.1708368381E-01  -2.3939463699E-04   1.1604441397E-02  -1.4676109627E-02   2.9116101468E-06
   34     -2.6420791373E-01  -1.7248390904E-04   1.6723894258E-02  -1.9233935130E-02   2.7292056805E-07
   35     -3.0217683535E-04  -3.4803324966E-02   1.3306605388E-04  -6.7269089181E-05   2.4077900110E-03
   36      2.8086716198E-03  -4.2886053195E-05  -3.3186941260E-01  -1.3568147200E-05  -1.5093236573E-03
   37      4.7088829481E-03  -1.3138117433E-04  -1.3923851672E-05  -5.8560487219E-02   1.4051483470E-06
   38     -9.9681557081E-05   1.8472969163E-03  -1.4334322707E-03   1.2511059068E-06  -3.3400994762E-02
   39      3.3222885975E-03  -3.8462341841E-05   1.1604253736E-02   1.4678147695E-02   4.9658006208E-07
   40     -3.3601810023E-03   3.3971689276E-05  -1.6722075873E-02  -1.9234141649E-02   1.7636402677E-07
   41      6.0437948218E-05   7.1580054452E-03   1.3526494935E-04   7.0119207792E-05   2.4066661423E-03
   42     -8.3277408548E-04   1.4625296218E-05  -5.9162892277E-03  -1.6062436526E-03  -8.8609879934E-05
   43      2.1856792922E-04  -3.0066638962E-06  -2.9187528401E-04   2.1530841493E-03   5.3257549892E-05
   44     -2.9497544077E-05  -5.6659680004E-04  -1.2444778981E-04   1.7543896117E-05   7.5935160972E-03
                   15                 16                 17                 18                 19        
    0      3.0920847244E-03  -1.4341756274E-03  -5.0946770031E-04  -2.3992168608E-02  -5.7567413877E-03
    1     -1.9183346935E-03  -4.8086651561E-03   1.2241443757E-03  -3.0090683680E-02   3.3639720509E-03
    2     -1.1378540156E-03  -4.3345699583E-04   7.0395410835E-03  -5.6477980741E-04   3.0342526199E-04
    3     -2.9467885037E-02  -3.0138188030E-02   2.2507022417E-04  -1.7003068471E-01  -1.1057408295E-01
    4     -7.4552475285E-02   3.2857697829E-02  -6.6838682772E-04  -4.9467785135E-02  -2.6577138677E-01
    5     -5.1521148321E-04   6.4244028341E-04   6.2560247019E-03   7.5790808109E-06  -3.6415784824E-04
    6     -4.6461831464E-02   2.7981331337E-02  -3.3645807526E-04   5.7499613683E-02   2.0036216428E-02
    7      2.5986886842E-02  -1.6172183210E-02   2.6841227315E-04  -2.0021010231E-02  -5.8398416513E-02
    8     -9.0687868248E-04   4.7882918689E-04  -8.3020391112E-03   1.1582142365E-03   5.4385634524E-04
    9      5.9226030881E-02  -2.1945595247E-02   2.4429548507E-04  -4.6454242194E-02  -2.5993751084E-02
   10      2.1955078677E-02  -6.0299286562E-02   2.3501857290E-04  -2.7982639314E-02  -1.6178202419E-02
   11      2.4107143503E-04  -2.2672894952E-04   9.4619080143E-03  -3.3319844567E-04  -2.6711507134E-04
   12     -1.7780017836E-01   1.1875580887E-01  -8.0396630551E-04  -3.0579607425E-02   2.9528056208E-02
   13      5.9951126918E-02  -2.7841779030E-01   8.3802585239E-04   7.3350822735E-02   3.0633068619E-02
   14     -5.4550261071E-04   1.0480397963E-03  -6.2020227418E-02  -5.2183900554E-04   7.2900437759E-05
   15      6.7525955092E-01   3.0868681941E-02   3.6796619816E-03  -3.3250230706E-01   2.9320848190E-02
   16      3.0868681941E-02   7.1445664166E-01  -1.4524818590E-03  -2.9984330468E-02  -1.2706375457E-01
   17      3.6796619816E-03  -1.4524818590E-03   1.3154934605E-01  -1.8802303274E-03   3.0074587927E-04
   18     -3.3250230706E-01  -2.9984330468E-02  -1.8802303274E-03   6.8520318791E-01  -3.4007575621E-02
   19      2.9320848190E-02  -1.2706375457E-01   3.0074587927E-04  -3.4007575621E-02   6.9871380737E-01
   20     -1.4298140591E-03  -5.0724228939E-04  -5.9495671511E-02   3.4473220201E-03  -2.5861254755E-03
   21     -2.1288407360E-04  -1.5021286338E-03   9.7101232963E-04  -5.7260394158E-03   2.0172850704E-03
   22      2.2258116098E-04  -1.5514651399E-04   3.2501520165E-05  -5.8202170068E-04   4.9493531477E-04
   23      8.7790620613E-04  -1.2647716749E-04   1.4983125932E-04   2.3927912329E-05   8.8040467281E-05
   24     -5.0099035011E-04   1.8293420979E-04  -1.6307265578E-03  -2.5312701093E-04   1.4167680943E-03
   25      1.2030593969E-03  -6.3129693843E-04  -4.3918450466E-04  -2.0327709923E-03  -3.0232134532E-04
   26      4.7898082215E-04  -5.4282195336E-05   9.0938549414E-05  -3.7238199003E-04  -6.3521794813E-04
   27     -1.3271814536E-04   5.4376255868E-05   4.2198949456E-04   2.0061352449E-03   1.8051274387E-03
   28      6.6544432727E-04   1.0805901141E-04  -5.8000496990E-04  -2.0880810787E-03   4.8601098860E-04
   29     -3.0548182563E-04  -8.4512141385E-06  -7.8021023432E-05   3.4347708148E-04   2.5746135115E-04
   30     -7.6899275361E-04   8.3265102278E-04   1.4461113792E-05  -8.0945134525E-04   3.5667523015E-03
   31      1.0070391182E-03   2.1832794523E-04   2.8914259187E-06   4.4946707423E-03  -3.2190534043E-03
   32     -4.1201842863E-05   2.9218198095E-05  -5.6640302639E-04   3.2588212383E-05   1.9524504876E-04
   33     -7.4165186313E-04  -3.3220638701E-03  -3.8068999174E-05  -8.6629175708E-04  -1.0164448255E-03
   34     -4.5288779335E-03  -3.3604010026E-03  -3.2830955803E-05  -9.7847735606E-04   3.5288727906E-04
   35     -2.9395458008E-05  -5.9095765944E-05   7.1597930809E-03  -5.5472207950E-05  -2.7600332895E-05
   36     -1.2453042911E-02  -2.8103909311E-03  -4.2453652780E-05   8.3086111205E-04   3.5392808100E-03
   37      2.8562312784E-02   4.7105461588E-03   1.3102419122E-04   2.2720557987E-03  -4.6904556300E-03
   38     -1.7330310457E-04   9.9571767106E-05   1.8467286990E-03   1.1257369715E-05   8.0374138955E-05
   39     -1.2539485092E-01  -1.1707698102E-01  -2.2864373822E-04  -1.0691525008E-02  -2.9553646666E-02
   40     -1.1707902867E-01  -2.6421852444E-01   1.9441276821E-04   1.7583884200E-03   2.7091047129E-03
   41     -1.9474230404E-04   3.2258595877E-04  -3.4803504714E-02  -8.9221163151E-05  -1.2385896469E-04
   42     -1.1140333597E-02   2.9511957002E-02  -4.6997276956E-05  -1.2363435342E-01   1.1573135293E-01
   43     -1.6382295855E-03   2.7757760923E-03  -6.3845584120E-05   1.1529999295E-01  -2.6113019568E-01
   44     -3.7713054260E-05   2.5708908835E-04   1.7117553690E-03  -1.2002707739E-03   2.1440398150E-03
                   20                 21                 22                 23                 24        
    0      1.4264218597E-04  -7.8829359957E-02  -7.5820179161E-02  -4.5369052186E-02  -6.9218263958E-02
    1      1.4286879439E-03  -7.4002902591E-02  -2.2128188266E-01  -9.7707486799E-02   1.8381770276E-04
    2      4.1552509776E-03  -4.3713499204E-02  -9.7213621438E-02  -9.8998660624E-02   8.0978730597E-02
    3     -3.3267365886E-04  -1.3020742143E-02  -5.5760252290E-04   2.5194948958E-03  -1.5426954187E-02
    4      1.2128147070E-03  -2.8481981110E-02  -3.6212627644E-04   2.5343067889E-03   8.2209635599E-05
    5     -6.5950619848E-02  -1.4604995059E-02   1.7742348094E-03  -2.0298905052E-04   3.0775433533E-02
    6      1.1559400222E-03   2.0097236080E-03   2.0893560714E-03   3.4185001071E-04  -2.7183391606E-04
    7     -5.3605662012E-04  -1.8101985688E-03   4.9036253365E-04  -2.5522272675E-04  -1.4210363100E-03
    8      9.6167144816E-03   6.5638642444E-04   4.7310676045E-04   5.0181918933E-04  -3.6751102551E-04
    9     -9.0392796674E-04  -1.3355309346E-04  -6.5942163913E-04  -3.0357287970E-04  -5.0444340512E-04
   10     -4.7781349814E-04  -5.2326251408E-05   1.1103911027E-04   7.7659826264E-06  -1.7993685067E-04
   11     -8.2996558792E-03   4.1727127065E-04   5.7802096951E-04  -8.0523777200E-05  -1.6335226795E-03
   12     -3.4281779512E-04  -8.3947389205E-06   2.2562223861E-04  -1.5263956548E-04  -3.6321766521E-04
   13      1.2897476163E-03   1.4691590707E-04   3.7360985808E-04   4.9958287963E-04   1.1849187756E-06
   14      8.9963023953E-03  -1.7275461057E-04   6.1500995682E-05   3.1111123210E-06   2.7008000574E-04
   15     -1.4298140591E-03  -2.1288407360E-04   2.2258116098E-04   8.7790620613E-04  -5.0099035011E-04
   16     -5.0724228939E-04  -1.5021286338E-03  -1.5514651399E-04  -1.2647716749E-04   1.8293420979E-04
   17     -5.9495671511E-02   9.7101232963E-04   3.2501520165E-05   1.4983125932E-04  -1.6307265578E-03
   18      3.4473220201E-03  -5.7260394158E-03  -5.8202170068E-04   2.3927912329E-05  -2.5312701093E-04
   19     -2.5861254755E-03   2.0172850704E-03   4.9493531477E-04   8.8040467281E-05   1.4167680943E-03
   20      1.2852207504E-01  -5.5324907498E-04  -5.6240581499E-04   6.6041349375E-04  -3.7316631317E-04
   21     -5.5324907498E-04   8.9365870998E-02   8.3874014984E-02   4.6804217754E-02   3.2952727963E-03
   22     -5.6240581499E-04   8.3874014984E-02   2.3788255558E-01   1.0743722395E-01   7.4259458026E-04
   23      6.6041349375E-04   4.6804217754E-02   1.0743722395E-01   1.0427450549E-01  -1.1233871330E-02
   24     -3.7316631317E-04   3.2952727963E-03   7.4259458026E-04  -1.1233871330E-02   8.0081452489E-02
   25     -5.8576254054E-04   9.1403939800E-03   3.7242021430E-04  -2.5660090056E-02  -2.1049075639E-04
   26      4.2010333312E-04   4.1569884775E-03   1.0711859203E-03  -1.3331311457E-02  -8.7219442319E-02
   27      6.5987631786E-04   3.7525345379E-03  -9.3911143457E-03   6.7708402247E-03   3.2954912790E-03
   28     -4.7421973092E-04   9.4221260744E-03  -1.8666658622E-02   1.2946902126E-02  -7.9538595561E-04
   29      5.0968857596E-04   6.7269760201E-03  -1.2824455876E-02   7.1571244727E-03  -1.1227528429E-02
   30     -7.6534578090E-05  -6.4142733675E-05  -1.1652027865E-04  -3.5181987395E-04   4.0546524831E-05
   31     -4.3055004664E-05   1.1554906542E-03   2.2410763459E-04   3.2178493769E-04   3.3147895527E-04
   32      6.3568093767E-03  -3.8097696136E-04  -5.2150367152E-04   3.9158410000E-05   6.9678669476E-04
   33     -1.9535702454E-05   4.4407464546E-05  -6.8889965675E-05  -3.4850402940E-05  -1.1561515501E-04
   34     -4.4647202507E-05   2.0265604241E-05   1.5423723741E-05   1.7136436640E-06   4.4057926328E-05
   35     -5.2791744471E-04   3.8914165008E-06  -4.0019163782E-05  -3.3513786782E-05   2.0137508489E-05
   36     -5.5310985927E-05   2.3612620935E-05  -4.3496582038E-05   2.6480474434E-05   1.4327166165E-05
   37      3.1784665104E-05   9.0221427531E-05   5.2232562314E-05   2.4906085220E-05  -1.9105597224E-07
   38      7.1000024086E-03  -6.9685235739E-05  -1.6133082395E-04   4.7960888497E-06   2.1088697853E-04
   39      9.0284590599E-05  -5.2290026453E-04  -7.2453536534E-05   3.8282009130E-05  -1.1403293953E-04
   40      4.6563556810E-06  -3.3563593707E-05  -6.7004385461E-06   1.2245615601E-05  -4.4074484712E-05
   41      2.1265350483E-03   4.2157779378E-05  -1.2306167232E-05  -9.2037122177E-05   2.0645994749E-05
   42     -1.4160071946E-03   2.6594394656E-05   1.6671583439E-04   3.9234553412E-05   4.1388331073E-05
   43      1.8676237841E-03   7.2019090996E-06   4.5582798172E-04  -1.4333387478E-04  -3.3420699643E-04
   44     -3.4190030452E-02  -2.8016912961E-04  -7.3993828519E-05  -5.1723700694E-05   6.9659458524E-04
                   25                 26                 27                 28                 29        
    0      1.7533292280E-04   7.6923913263E-02  -7.8802933007E-02   7.5579871131E-02  -4.5727394388E-02
    1     -4.3176160095E-02  -5.5982565174E-04   7.3793893708E-02  -2.2033851608E-01   9.8268314810E-02
    2     -5.5744306966E-04  -2.7291737092E-01  -4.4076287844E-02   9.7774236560E-02  -9.9901722043E-02
    3      1.4311323284E-05   1.7159204591E-03  -1.3039945311E-02   5.7581621592E-04   2.5234504966E-03
    4     -4.2680935224E-04   6.4523943615E-06   2.8410291775E-02  -3.6945453797E-04  -2.5412556692E-03
    5      5.2043376588E-06   3.1377698436E-03  -1.4729216086E-02  -1.7808815566E-03  -1.7462725918E-04
    6      2.0277554209E-03  -3.7166308908E-04  -5.7065026433E-03   5.8779368710E-04   2.5346763504E-05
    7     -3.0107276413E-04   6.3556351236E-04  -2.0181871764E-03   4.9125212777E-04  -9.0437432442E-05
    8      5.8809147683E-04   4.0947881440E-04  -5.5504353733E-04   5.6191881074E-04   6.4853445072E-04
    9     -1.1974374319E-03   4.7571485767E-04  -2.1697107094E-04  -2.1993877622E-04   8.7880464007E-04
   10     -6.3156274033E-04   5.4924943027E-05   1.4949549184E-03  -1.5629137621E-04   1.2629200316E-04
   11      4.4417120893E-04   8.7751644622E-05   9.7829088059E-04  -3.5107382560E-05   1.4446073423E-04
   12     -1.9655576525E-06  -3.0301537114E-04  -1.0475411163E-05  -2.2822962664E-04  -1.5226661622E-04
   13      1.1960852512E-03   1.2737710322E-06  -1.4432582511E-04   3.7589254576E-04  -5.0063203556E-04
   14      1.5413363912E-07  -5.1048492713E-05  -1.7381951619E-04  -6.1966807539E-05   2.8543746775E-06
   15      1.2030593969E-03   4.7898082215E-04  -1.3271814536E-04   6.6544432727E-04  -3.0548182563E-04
   16     -6.3129693843E-04  -5.4282195336E-05   5.4376255868E-05   1.0805901141E-04  -8.4512141385E-06
   17     -4.3918450466E-04   9.0938549414E-05   4.2198949456E-04  -5.8000496990E-04  -7.8021023432E-05
   18     -2.0327709923E-03  -3.7238199003E-04   2.0061352449E-03  -2.0880810787E-03   3.4347708148E-04
   19     -3.0232134532E-04  -6.3521794813E-04   1.8051274387E-03   4.8601098860E-04   2.5746135115E-04
   20     -5.8576254054E-04   4.2010333312E-04   6.5987631786E-04  -4.7421973092E-04   5.0968857596E-04
   21      9.1403939800E-03   4.1569884775E-03   3.7525345379E-03   9.4221260744E-03   6.7269760201E-03
   22      3.7242021430E-04   1.0711859203E-03  -9.3911143457E-03  -1.8666658622E-02  -1.2824455876E-02
   23     -2.5660090056E-02  -1.3331311457E-02   6.7708402247E-03   1.2946902126E-02   7.1571244727E-03
   24     -2.1049075639E-04  -8.7219442319E-02   3.2954912790E-03  -7.9538595561E-04  -1.1227528429E-02
   25      4.3693939100E-02   6.1143046661E-04  -9.1193569945E-03   4.9027708903E-04   2.5599205086E-02
   26      6.1143046661E-04   2.9624129056E-01   4.2019392511E-03  -1.1330608918E-03  -1.3458762725E-02
   27     -9.1193569945E-03   4.2019392511E-03   8.9344354013E-02  -8.3641563028E-02   4.7195080129E-02
   28      4.9027708903E-04  -1.1330608918E-03  -8.3641563028E-02   2.3684163230E-01  -1.0804955968E-01
   29      2.5599205086E-02  -1.3458762725E-02   4.7195080129E-02  -1.0804955968E-01   1.0528303296E-01
   30      6.2149638527E-05   1.0915881770E-04   2.6468236724E-05  -1.6594606556E-04   3.9583057835E-05
   31     -1.3116093159E-04   4.5621898074E-05  -6.7617887068E-06   4.5641393698E-04   1.4273205531E-04
   32     -2.9814647760E-04  -2.8910553800E-04  -2.8272349996E-04   7.6460670338E-05  -4.8516898175E-05
   33      1.0192232571E-05   3.9784484759E-05  -5.2169708763E-04   7.2527903186E-05   3.8255318201E-05
   34     -1.6869637104E-05  -7.1906278551E-06   3.3587606777E-05  -6.8420185206E-06  -1.2339417417E-05
   35     -5.9292620982E-05   2.4530324316E-05   4.2452564116E-05   1.2730174267E-05  -9.0742647662E-05
   36      4.0644898345E-07   2.9767166719E-05   2.3602027088E-05   4.3692067945E-05   2.6531223390E-05
   37      1.5758952308E-05   1.4566820950E-07  -8.9920747691E-05   5.2105534944E-05  -2.5078349787E-05
   38     -1.0561389526E-06  -9.6261841403E-05  -7.0406333939E-05   1.6240761191E-04   4.7507548406E-06
   39     -9.5434437878E-06   3.9977812182E-05   4.4238281386E-05   6.8600252758E-05  -3.5113169440E-05
   40     -1.6615644547E-05   7.2596774007E-06  -2.0445836014E-05   1.5305271435E-05  -1.7476100457E-06
   41      5.8748491858E-05   2.4237994038E-05   3.7061283418E-06   4.0173299676E-05  -3.3185765136E-05
   42     -6.1759800647E-05   1.1083011297E-04  -6.1580944009E-05   1.1478621732E-04  -3.5303215481E-04
   43     -1.3461115872E-04  -4.3439844957E-05  -1.1520693089E-03   2.2081383141E-04  -3.2354848571E-04
   44      2.9312911544E-04  -2.9224008874E-04  -3.8336632092E-04   5.2347223502E-04   3.5132033864E-05
                   30                 31                 32                 33                 34        
    0      1.2432194736E-03  -1.8765351384E-03   5.1200130072E-04  -2.4785759141E-04  -7.4564684387E-05
    1      9.7443001389E-04   1.1586630395E-03   8.6329902867E-04   1.5296898992E-03  -6.4212126394E-05
    2      3.0714448470E-04  -4.9452403717E-04  -3.4755420348E-03  -1.4669340985E-04   7.9609435819E-06
    3      9.7580259150E-03  -1.6415439231E-02  -7.2003019946E-04  -5.7119277128E-03  -5.9794556001E-04
    4      1.3231388666E-02  -2.0745502354E-02   1.9268821324E-05  -1.5619589060E-03   2.1291511573E-03
    5     -2.3146464034E-05  -2.6391783386E-04   3.1361028768E-03   2.4681302897E-05   4.8418993520E-06
    6     -1.2361082050E-01  -1.1529030382E-01  -1.1853978975E-03  -1.0692495662E-02  -1.7594399854E-03
    7     -1.1572776535E-01  -2.6115612932E-01  -2.1162855781E-03   2.9553248538E-02   2.7105970695E-03
    8     -1.4019715573E-03  -1.8401435893E-03  -3.4187642397E-02   8.7105010386E-05  -4.9027650686E-06
    9     -1.1138354170E-02   1.6368759994E-03  -3.8363806861E-05  -1.2540625860E-01   1.1708608356E-01
   10     -2.9511260241E-02   2.7739410278E-03  -2.5756950221E-04   1.1708368381E-01  -2.6420791373E-01
   11     -4.3396364015E-05   6.3740485581E-05   1.7110719050E-03  -2.3939463699E-04  -1.7248390904E-04
   12     -5.9163790711E-03   2.9159897412E-04  -1.2447179425E-04   1.1604441397E-02   1.6723894258E-02
   13      1.6053830060E-03   2.1535583193E-03  -1.6624428229E-05  -1.4676109627E-02  -1.9233935130E-02
   14     -8.9343770853E-05  -5.3876213935E-05   7.5909159596E-03   2.9116101468E-06   2.7292056805E-07
   15     -7.6899275361E-04   1.0070391182E-03  -4.1201842863E-05  -7.4165186313E-04  -4.5288779335E-03
   16      8.3265102278E-04   2.1832794523E-04   2.9218198095E-05  -3.3220638701E-03  -3.3604010026E-03
   17      1.4461113792E-05   2.8914259187E-06  -5.6640302639E-04  -3.8068999174E-05  -3.2830955803E-05
   18     -8.0945134525E-04   4.4946707423E-03   3.2588212383E-05  -8.6629175708E-04  -9.7847735606E-04
   19      3.5667523015E-03  -3.2190534043E-03   1.9524504876E-04  -1.0164448255E-03   3.5288727906E-04
   20     -7.6534578090E-05  -4.3055004664E-05   6.3568093767E-03  -1.9535702454E-05  -4.4647202507E-05
   21     -6.4142733675E-05   1.1554906542E-03  -3.8097696136E-04   4.4407464546E-05   2.0265604241E-05
   22     -1.1652027865E-04   2.2410763459E-04  -5.2150367152E-04  -6.8889965675E-05   1.5423723741E-05
   23     -3.5181987395E-04   3.2178493769E-04   3.9158410000E-05  -3.4850402940E-05   1.7136436640E-06
   24      4.0546524831E-05   3.3147895527E-04   6.9678669476E-04  -1.1561515501E-04   4.4057926328E-05
   25      6.2149638527E-05  -1.3116093159E-04  -2.9814647760E-04   1.0192232571E-05  -1.6869637104E-05
   26      1.0915881770E-04   4.5621898074E-05  -2.8910553800E-04   3.9784484759E-05  -7.1906278551E-06
   27      2.6468236724E-05  -6.7617887068E-06  -2.8272349996E-04  -5.2169708763E-04   3.3587606777E-05
   28     -1.6594606556E-04   4.5641393698E-04   7.6460670338E-05   7.2527903186E-05  -6.8420185206E-06
   29      3.9583057835E-05   1.4273205531E-04  -4.8516898175E-05   3.8255318201E-05  -1.2339417417E-05
   30      1.3040843474E-01   1.2575560410E-01   1.4635203388E-03   1.0111689659E-03   2.9975664273E-04
   31      1.2575560410E-01   2.7873582955E-01   2.0579848618E-03  -3.1733051278E-04   8.1993089198E-04
   32      1.4635203388E-03   2.0579848618E-03   2.4274313416E-02   1.9575339289E-05   1.9942385243E-05
   33      1.0111689659E-03  -3.1733051278E-04   1.9575339289E-05   1.3037277075E-01  -1.2701755363E-01
   34      2.9975664273E-04   8.1993089198E-04   1.9942385243E-05  -1.2701755363E-01   2.8105085038E-01
   35      4.7817160651E-05   3.4939155269E-05  -3.8655033820E-03   2.2280828589E-04   2.0283958808E-04
   36     -8.0020385667E-04   1.6023748582E-04  -1.7775002728E-05   7.9390213075E-04  -1.9366455482E-04
   37     -1.5330729668E-03  -9.5544852461E-06  -2.7863655152E-05   4.7384589626E-04   9.9198347724E-04
   38     -5.1052752413E-05  -9.5012590502E-06   3.1155990654E-04   2.7659389739E-05   1.5649571625E-05
   39      5.5734641243E-05  -1.0120838235E-04   9.8172841350E-06   4.2126332330E-04   8.5756917730E-04
   40     -9.8694519648E-05   1.2246298695E-05  -7.7604027119E-06  -8.5745111047E-04  -1.1929182927E-03
   41      9.4036335426E-06   1.9440090317E-05  -1.3934349039E-03   9.0800516885E-06   1.2565781498E-05
   42      5.6474593103E-04  -8.2165551684E-04   5.1461369623E-05   5.5841393500E-05   9.8725406146E-05
   43      8.2138240400E-04  -1.2916181461E-03  -2.2289894412E-05   1.0119768272E-04   1.2267967993E-05
   44      5.1367218828E-05   2.2507623815E-05   4.0621632940E-04   9.8110071010E-06   7.5847199932E-06
                   35                 36                 37                 38                 39        
    0      1.5624299275E-04   1.6093088764E-04   3.9429608391E-08   2.2573114284E-04  -2.4740869259E-04
    1      7.8600721402E-05  -5.2033013206E-07   1.7477605476E-04  -1.3128953915E-07  -1.5312164437E-03
    2      1.1638457576E-04  -8.2782085967E-05  -5.5578440316E-08  -1.0530304509E-03  -1.4645416229E-04
    3     -2.9989767858E-04   5.9331388675E-04  -3.0211344330E-07  -1.4847344074E-04  -5.7120622090E-03
    4      1.1805543046E-04   7.2552903345E-08  -1.5087594635E-03   2.7490874509E-08   1.5621427443E-03
    5      7.7233564553E-03   6.3962331225E-05   8.0945847945E-08  -6.0302016795E-04   2.4333995223E-05
    6     -8.8874100103E-05   8.3187222061E-04  -2.2713639815E-03   1.1431465879E-05  -8.6649624572E-04
    7      1.2418065902E-04  -3.5388195340E-03  -4.6910144808E-03  -7.8945568178E-05   1.0161992076E-03
    8      2.1283986252E-03  -5.4978753527E-05  -3.0370196519E-05   7.1027208251E-03  -1.9660038069E-05
    9     -2.0504133261E-04  -1.2450905562E-02  -2.8563588984E-02  -1.6939569590E-04  -7.4237858723E-04
   10     -3.0217683535E-04   2.8086716198E-03   4.7088829481E-03  -9.9681557081E-05   3.3222885975E-03
   11     -3.4803324966E-02  -4.2886053195E-05  -1.3138117433E-04   1.8472969163E-03  -3.8462341841E-05
   12      1.3306605388E-04  -3.3186941260E-01  -1.3923851672E-05  -1.4334322707E-03   1.1604253736E-02
   13     -6.7269089181E-05  -1.3568147200E-05  -5.8560487219E-02   1.2511059068E-06   1.4678147695E-02
   14      2.4077900110E-03  -1.5093236573E-03   1.4051483470E-06  -3.3400994762E-02   4.9658006208E-07
   15     -2.9395458008E-05  -1.2453042911E-02   2.8562312784E-02  -1.7330310457E-04  -1.2539485092E-01
   16     -5.9095765944E-05  -2.8103909311E-03   4.7105461588E-03   9.9571767106E-05  -1.1707698102E-01
   17      7.1597930809E-03  -4.2453652780E-05   1.3102419122E-04   1.8467286990E-03  -2.2864373822E-04
   18     -5.5472207950E-05   8.3086111205E-04   2.2720557987E-03   1.1257369715E-05  -1.0691525008E-02
   19     -2.7600332895E-05   3.5392808100E-03  -4.6904556300E-03   8.0374138955E-05  -2.9553646666E-02
   20     -5.2791744471E-04  -5.5310985927E-05   3.1784665104E-05   7.1000024086E-03   9.0284590599E-05
   21      3.8914165008E-06   2.3612620935E-05   9.0221427531E-05  -6.9685235739E-05  -5.2290026453E-04
   22     -4.0019163782E-05  -4.3496582038E-05   5.2232562314E-05  -1.6133082395E-04  -7.2453536534E-05
   23     -3.3513786782E-05   2.6480474434E-05   2.4906085220E-05   4.7960888497E-06   3.8282009130E-05
   24      2.0137508489E-05   1.4327166165E-05  -1.9105597224E-07   2.1088697853E-04  -1.1403293953E-04
   25     -5.9292620982E-05   4.0644898345E-07   1.5758952308E-05  -1.0561389526E-06  -9.5434437878E-06
   26      2.4530324316E-05   2.9767166719E-05   1.4566820950E-07  -9.6261841403E-05   3.9977812182E-05
   27      4.2452564116E-05   2.3602027088E-05  -8.9920747691E-05  -7.0406333939E-05   4.4238281386E-05
   28      1.2730174267E-05   4.3692067945E-05   5.2105534944E-05   1.6240761191E-04   6.8600252758E-05
   29     -9.0742647662E-05   2.6531223390E-05  -2.5078349787E-05   4.7507548406E-06  -3.5113169440E-05
   30      4.7817160651E-05  -8.0020385667E-04  -1.5330729668E-03  -5.1052752413E-05   5.5734641243E-05
   31      3.4939155269E-05   1.6023748582E-04  -9.5544852461E-06  -9.5012590502E-06  -1.0120838235E-04
   32     -3.8655033820E-03  -1.7775002728E-05  -2.7863655152E-05   3.1155990654E-04   9.8172841350E-06
   33      2.2280828589E-04   7.9390213075E-04   4.7384589626E-04   2.7659389739E-05   4.2126332330E-04
   34      2.0283958808E-04  -1.9366455482E-04   9.9198347724E-04   1.5649571625E-05   8.5756917730E-04
   35      2.4645741521E-02   3.0805102584E-05   1.6880470713E-05  -3.7385936667E-03   8.9914088462E-06
   36      3.0805102584E-05   3.5430755419E-01   1.4573279121E-05   1.6336373945E-03   7.9391304606E-04
   37      1.6880470713E-05   1.4573279121E-05   5.7771618626E-02  -2.0077934932E-06  -4.7376760002E-04
   38     -3.7385936667E-03   1.6336373945E-03  -2.0077934932E-06   2.4100123429E-02   2.7778674452E-05
   39      8.9914088462E-06   7.9391304606E-04  -4.7376760002E-04   2.7778674452E-05   1.3036080832E-01
   40     -1.2209012425E-05   1.9370371831E-04   9.9188722104E-04  -1.6101846344E-05   1.2701005516E-01
   41      2.4748266578E-04   3.0674753366E-05  -1.7444735359E-05  -3.7371635357E-03   2.1158898600E-04
   42      9.3396348530E-06  -8.0032436385E-04   1.5330704372E-03  -5.1244030913E-05   1.0114435118E-03
   43     -1.9539954563E-05  -1.6016565556E-04  -9.5202573162E-06   9.5283015545E-06   3.1731059225E-04
   44     -1.3938813653E-03  -1.7737805555E-05   2.7920597078E-05   3.1108539571E-04   1.9604743816E-05
                   40                 41                 42                 43                 44        
    0      7.4368876702E-05   1.5620703272E-04   1.2389671677E-03   1.8727829030E-03   5.1208765098E-04
    1     -6.4286214529E-05  -7.8660667392E-05  -9.6619929681E-04   1.1628345616E-03  -8.6376678740E-04
    2     -7.9564483545E-06   1.1654946569E-04   3.0708538680E-04   4.9432813449E-04  -3.4617243088E-03
    3      5.9760179610E-04  -2.9974548662E-04   9.7684952185E-03   1.6419803033E-02  -7.2200686130E-04
    4      2.1290283478E-03  -1.1754957660E-04  -1.3232964364E-02  -2.0744770734E-02  -1.5967299431E-05
    5     -4.2024829616E-06   7.7279536587E-03  -2.1892083254E-05   2.6673564357E-04   3.1336890493E-03
    6      9.7853082247E-04  -5.5413590592E-05  -8.0996940474E-04  -4.4949358207E-03   3.3284649528E-05
    7      3.5315855781E-04   2.7429338621E-05  -3.5660939037E-03  -3.2189105951E-03  -1.9404035627E-04
    8      4.4503738664E-05  -5.2774744921E-04  -7.6105334901E-05   4.4274693473E-05   6.3580795605E-03
    9      4.5289953271E-03  -3.0302770812E-05  -7.6879265817E-04  -1.0066854485E-03  -4.1269346637E-05
   10     -3.3601810023E-03   6.0437948218E-05  -8.3277408548E-04   2.1856792922E-04  -2.9497544077E-05
   11      3.3971689276E-05   7.1580054452E-03   1.4625296218E-05  -3.0066638962E-06  -5.6659680004E-04
   12     -1.6722075873E-02   1.3526494935E-04  -5.9162892277E-03  -2.9187528401E-04  -1.2444778981E-04
   13     -1.9234141649E-02   7.0119207792E-05  -1.6062436526E-03   2.1530841493E-03   1.7543896117E-05
