*************************************************
******************* ORCA 6.0.0 ******************
*************************************************
$Calculation_Status
   &GeometryIndex 1
   &ListStatus       OUT
   &VERSION [&Type "String"] "6.0.0"
   &PROGNAME [&Type "String"] "LeanSCF"
   &STATUS [&Type "String"] "NORMAL TERMINATION"
$End
$Geometry
   &GeometryIndex 1
   &ListStatus       OUT
   &NATOMS [&Type "Integer"] 12
   &NCORELESSECP [&Type "Integer"] 0
   &NGHOSTATOMS [&Type "Integer"] 0
   &CartesianCoordinates [&Type "Coordinates", &Dim(12,4), &Units "Bohr"] 
              C     -4.129707169212   -0.060232863018   -0.007158498780
              C     -1.317855863332   -0.068958699520   -0.005141682138
              C      0.281601248434   -2.109806417753    0.033255838165
              N      2.693236493458   -1.123300562792    0.015787823566
              C      2.474267135212    1.428242660201   -0.031816906768
              N      0.078701052401    2.147277622652   -0.045596537269
              H     -4.875835633188    0.875709411954   -1.696103721631
              H     -4.860459903333   -1.990654510772    0.035390364525
              H     -4.877829293125    0.950130927058    1.637372237711
              H     -0.068788356205   -4.119043223351    0.070256008038
              H      4.324454196453   -2.112919645561    0.034423536982
              H      4.102271675256    2.664151769176   -0.053993044205
$End
$SCF_Energy
   &GeometryIndex 1
   &ListStatus       OUT
   &SCF_ENERGY [&Type "Double"]      -2.6549296641582055e+02
$End
$DFT_Energy
   &GeometryIndex 1
   &ListStatus       OUT
   &NALPHAEL [&Type "Integer"] 22
   &NBETAEL [&Type "Integer"] 22
   &NTOTALEL [&Type "Integer"] 44
   &EEXCHANGE [&Type "Double"]      -3.6241873260509038e+01
   &ECORR [&Type "Double"]      -1.4240357507151669e+00
   &ECNL [&Type "Double"]       0.0000000000000000e+00
   &EXC [&Type "Double"]      -3.7665909011224208e+01
   &EEMBED [&Type "Double"]       0.0000000000000000e+00
   &FINALEN [&Type "Double"]      -2.6549296641582055e+02  "No Van der Waals correction"
$End
$Mulliken_Population_Analysis
   &GeometryIndex 1
   &ListStatus       OUT
   &NATOMS [&Type "Integer"] 12
   &ATNO [&Type "ArrayOfIntegers", &Dim (12,1)] 
                                                         0

0                                                        6
1                                                        6
2                                                        6
3                                                        7
4                                                        6
5                                                        7
6                                                        1
7                                                        1
8                                                        1
9                                                        1
10                                                       1
11                                                       1
   &ATOMICCHARGES [&Type "ArrayOfDoubles", &Dim (12,1)] 
                                                         0

0                                     -3.3019641689506862e-01
1                                      9.7954514923279667e-02
2                                     -1.0879163460003305e-01
3                                     -2.2806694899144642e-01
4                                      7.8292940434262270e-02
5                                     -3.3788172392762839e-01
6                                      1.1622896198506227e-01
7                                      1.0017474301550244e-01
8                                      1.1634010816869833e-01
9                                      1.3006123919483503e-01
10                                     2.3003004384075521e-01
11                                     1.3585417285215673e-01
$End
$Loewdin_Population_Analysis
   &GeometryIndex 1
   &ListStatus       OUT
   &NATOMS [&Type "Integer"] 12
   &ATNO [&Type "ArrayOfIntegers", &Dim (12,1)] 
                                                         0

0                                                        6
1                                                        6
2                                                        6
3                                                        7
4                                                        6
5                                                        7
6                                                        1
7                                                        1
8                                                        1
9                                                        1
10                                                       1
11                                                       1
   &ATOMICCHARGES [&Type "ArrayOfDoubles", &Dim (12,1)] 
                                                         0

0                                     -2.6355783346520045e-01
1                                     -2.9226435619075630e-01
2                                     -2.3146525969329623e-01
3                                      1.7183035369610433e-01
4                                     -3.1064973660784290e-01
5                                      9.4271245896226930e-02
6                                      1.3001655532292689e-01
7                                      1.2587522806598805e-01
8                                      1.3004675366222551e-01
9                                      1.3113353880763867e-01
10                                     1.8822636257418401e-01
11                                     1.2653714793216686e-01
$End
$Mayer_Population_Analysis
   &GeometryIndex 1
   &ListStatus       OUT
   &NATOMS [&Type "Integer"] 12 "Total number of atoms"
   &BONDTHRESH [&Type "Double"]       1.0000000000000001e-01  "The threshold for printing"
   &NBONDORDERSPRINT [&Type "Integer"] 13 "The number of bond orders larger than threshold"
   &BONDORDERS [&Type "ArrayOfDoubles", &Dim (13,1)] "The bond orders"
                                                         0

0                                      9.4716317610720879e-01
1                                      9.6632318759906455e-01
2                                      9.8948166438138230e-01
3                                      9.6658008946600105e-01
4                                      1.5971453527689221e+00
5                                      1.2902932646548060e+00
6                                      1.1404778419022807e+00
7                                      1.0170370400254546e-01
8                                      9.5133691668247033e-01
9                                      1.2247394127117976e+00
10                                     9.1284821087084023e-01
11                                     1.6173928271734974e+00
12                                     9.6520451148867903e-01
   &COMPONENTS [&Type "ArrayOfIntegers", &Dim (13,4)] "The indices and atomic numbers of the bonding atoms"
                                                         0                           1                           2                           3

0                                                        0                           6                           1                           6
1                                                        0                           6                           6                           1
2                                                        0                           6                           7                           1
3                                                        0                           6                           8                           1
4                                                        1                           6                           2                           6
5                                                        1                           6                           5                           7
6                                                        2                           6                           3                           7
7                                                        2                           6                           4                           6
8                                                        2                           6                           9                           1
9                                                        3                           7                           4                           6
10                                                       3                           7                          10                           1
11                                                       4                           6                           5                           7
12                                                       4                           6                          11                           1
   &ATNO [&Type "ArrayOfIntegers", &Dim (12,1)] "Atomic number of the elements"
                                                         0

0                                                        6
1                                                        6
2                                                        6
3                                                        7
4                                                        6
5                                                        7
6                                                        1
7                                                        1
8                                                        1
9                                                        1
10                                                       1
11                                                       1
   &NA [&Type "ArrayOfDoubles", &Dim (12,1)] "Mulliken gross atomic population"
                                                         0

0                                      6.3301964168950828e+00
1                                      5.9020454850767035e+00
2                                      6.1087916346000153e+00
3                                      7.2280669489914331e+00
4                                      5.9217070595657315e+00
5                                      7.3378817239276248e+00
6                                      8.8377103801493861e-01
7                                      8.9982525698449611e-01
8                                      8.8365989183130167e-01
9                                      8.6993876080516486e-01
10                                     7.6996995615924546e-01
11                                     8.6414582714784205e-01
   &ZA [&Type "ArrayOfDoubles", &Dim (12,1)] "Total nuclear charge"
                                                         0

0                                      6.0000000000000000e+00
1                                      6.0000000000000000e+00
2                                      6.0000000000000000e+00
3                                      7.0000000000000000e+00
4                                      6.0000000000000000e+00
5                                      7.0000000000000000e+00
6                                      1.0000000000000000e+00
7                                      1.0000000000000000e+00
8                                      1.0000000000000000e+00
9                                      1.0000000000000000e+00
10                                     1.0000000000000000e+00
11                                     1.0000000000000000e+00
   &QA [&Type "ArrayOfDoubles", &Dim (12,1)] "Mulliken gross atomic charge"
                                                         0

0                                     -3.3019641689508283e-01
1                                      9.7954514923296543e-02
2                                     -1.0879163460001529e-01
3                                     -2.2806694899143309e-01
4                                      7.8292940434268488e-02
5                                     -3.3788172392762483e-01
6                                      1.1622896198506139e-01
7                                      1.0017474301550389e-01
8                                      1.1634010816869833e-01
9                                      1.3006123919483514e-01
10                                     2.3003004384075454e-01
11                                     1.3585417285215795e-01
   &VA [&Type "ArrayOfDoubles", &Dim (12,1)] "Mayer's total valence"
                                                         0

0                                      3.9331155725238003e+00
1                                      3.8401606720015313e+00
2                                      3.8828484040291857e+00
3                                      3.3163248831343219e+00
4                                      3.9493578407889092e+00
5                                      3.0406387022906367e+00
6                                      9.7781158964677195e-01
7                                      9.7802153791682844e-01
8                                      9.7792049863615982e-01
9                                      9.8476370455268014e-01
10                                     9.5603737235671804e-01
11                                     9.8689048746460628e-01
   &BVA [&Type "ArrayOfDoubles", &Dim (12,1)] "Mayer's bonded valence"
                                                         0

0                                      3.9331155725236626e+00
1                                      3.8401606720012720e+00
2                                      3.8828484040291542e+00
3                                      3.3163248831342940e+00
4                                      3.9493578407888155e+00
5                                      3.0406387022906300e+00
6                                      9.7781158964676962e-01
7                                      9.7802153791682067e-01
8                                      9.7792049863616093e-01
9                                      9.8476370455267559e-01
10                                     9.5603737235671316e-01
11                                     9.8689048746457708e-01
   &FA [&Type "ArrayOfDoubles", &Dim (12,1)] "Mayer's free valence"
                                                         0

0                                      0.0000000000000000e+00
1                                      0.0000000000000000e+00
2                                      0.0000000000000000e+00
3                                      0.0000000000000000e+00
4                                      0.0000000000000000e+00
5                                      0.0000000000000000e+00
6                                      0.0000000000000000e+00
7                                      0.0000000000000000e+00
8                                      0.0000000000000000e+00
9                                      0.0000000000000000e+00
10                                     0.0000000000000000e+00
11                                     0.0000000000000000e+00
$End
$VdW_Correction
   &GeometryIndex 1
   &ListStatus       OUT
   &VDW [&Type "Double"]      -2.9914609672533018e-03
$End
$Calculation_Info
   &GeometryIndex 1
   &ListStatus       OUT
   &MULT [&Type "Integer"] 1
   &CHARGE [&Type "Integer"] 0
   &NUMOFATOMS [&Type "Integer"] 12
   &NUMOFELECTRONS [&Type "Integer"] 44
   &NUMOFFCELECTRONS [&Type "Integer"] 1
   &NUMOFCORRELECTRONS [&Type "Integer"] 0
   &NUMOFBASISFUNCTS [&Type "Integer"] 222
   &NUMOFAUXCBASISFUNCTS [&Type "Integer"] 0
   &NUMOFAUXJBASISFUNCTS [&Type "Integer"] 246
   &NUMOFAUXJKBASISFUNCTS [&Type "Integer"] 0
   &NUMOFCABSBASISFUNCTS [&Type "Integer"] 0
   &TOTALENERGY [&Type "Double"]      -2.6548648176888781e+02  "Hartrees"
$End
$SCF_Dipole_Moment
   &GeometryIndex 1
   &ListStatus       OUT
   &METHOD [&Type "String"] "SCF"
   &LEVEL [&Type "String"] "Relaxed density"
   &MULT [&Type "Integer"] 1
   &STATE [&Type "Integer"] -1
   &IRREP [&Type "Integer"] 0
   &NATOMS [&Type "Integer"] 12
   &DODIPOLEATOM [&Type "Boolean"] false
   &DIPOLEELECCONTRIB [&Type "ArrayOfDoubles", &Dim (3,1)] "Electronic contribution"
                                                         0

0                                      3.9330716041263569e+00
1                                      8.0616832124645621e-01
2                                     -1.2532021755001354e-02
   &DIPOLENUCCONTRIB [&Type "ArrayOfDoubles", &Dim (3,1)] "Nuclear contribution"
                                                         0

0                                     -3.1047984570632883e+00
1                                     -1.8807420682481562e+00
2                                      3.2406652336199417e-02
   &DIPOLETOTAL [&Type "ArrayOfDoubles", &Dim (3,1)] "Total"
                                                         0

0                                      8.2827314706306865e-01
1                                     -1.0745737470017001e+00
2                                      1.9874630581198063e-02
   &DIPOLEMAGNITUDE [&Type "Double", &Units "a.u."]       1.3568861945026092e+00
$End
$THERMOCHEMISTRY_Energies
   &GeometryIndex 1
   &ListStatus       OUT
   &TEMPERATURE [&Type "Double"]       2.9814999999999998e+02
   &PRESSURE [&Type "Double"]       1.0000000000000000e+00
   &TOTALMASS [&Type "Double"]       8.2105999999999995e+01
   &SPINDEGENERACY [&Type "Integer"] 1
   &ELENERGY [&Type "Double"]      -2.6548648176888781e+02
   &TRANSENERGY [&Type "Double"]       1.4162714244859817e-03
   &ROTENERGY [&Type "Double"]       1.4162714244859817e-03
   &VIBENERGY [&Type "Double"]       2.5194960150185172e-03
   &NUMOFFREQS [&Type "Integer"] 36
   &FREQSCALINGFACTOR [&Type "Double"]       1.0000000000000000e+00
   &FREQ [&Type "ArrayOfDoubles", &Dim (36,1)] "In cm^-1"
                                                         0

0                                      0.0000000000000000e+00
1                                      0.0000000000000000e+00
2                                      0.0000000000000000e+00
3                                      0.0000000000000000e+00
4                                      0.0000000000000000e+00
5                                      0.0000000000000000e+00
6                                      1.3689779703625169e+02
7                                      2.7135813686898990e+02
8                                      3.4481961506932220e+02
9                                      5.3268852925582655e+02
10                                     6.5568156939740641e+02
11                                     6.6692801744558778e+02
12                                     6.9153841226638269e+02
13                                     7.1809665139049457e+02
14                                     7.9749130712551994e+02
15                                     9.5044986323843909e+02
16                                     9.6782548231972567e+02
17                                     1.0002719424341259e+03
18                                     1.0594779430381425e+03
19                                     1.0932887682306516e+03
20                                     1.1444410556142777e+03
21                                     1.2364463518204400e+03
22                                     1.2761061953551236e+03
23                                     1.3120307911880775e+03
24                                     1.4073050754578146e+03
25                                     1.4618553483436381e+03
26                                     1.4694854461603716e+03
27                                     1.4826341696926072e+03
28                                     1.5009743631703104e+03
29                                     1.5946130293540150e+03
30                                     3.0099871368555241e+03
31                                     3.0705488516972196e+03
32                                     3.1031711914254247e+03
33                                     3.2313137759080973e+03
34                                     3.2492728287758196e+03
35                                     3.6017074469951549e+03
   &ZPE [&Type "Double"]       9.8049389316259075e-02
   &INNERENERGYU [&Type "Double"]      -2.6538308034070758e+02
   &ENTHALPYH [&Type "Double"]      -2.6538213613166533e+02
   &QEL [&Type "Double"]       0.0000000000000000e+00
   &QROT [&Type "Double"]       1.2253077926621597e-02
   &QVIB [&Type "Double"]       3.9639095921854316e-03
   &QTRANS [&Type "Double"]       1.8592011333475697e-02
   &ENTROPYS [&Type "Double"]       3.4808998852282724e-02
   &FREEENERGYG [&Type "Double"]      -2.6541694513051760e+02
   &ISLINEAR [&Type "Boolean"] false
$End
$Hessian
   &GeometryIndex 1
   &ListStatus       OUT
   &HESSIAN [&Type "ArrayOfDoubles", &Dim (36,36)] "The Hessian"
                                                         0                           1                           2                           3                           4                           5                           6                           7

0                                      4.9496482943563169e-01         5.1580099462008953e-03        -1.7732323252341855e-04        -2.3304539966665835e-01         9.2883661515694056e-03        -3.1635573673491980e-04        -1.5689245891400569e-02         1.5725124181956152e-04
1                                      5.1580099462008953e-03         5.6902521599700850e-01        -7.1042564726582665e-04         7.9655227027025620e-03        -8.7451526114229058e-02         4.2044742163519020e-04         2.0644390528433330e-02         6.4767231168378660e-03
2                                     -1.7732323252341855e-04        -7.1042564726582665e-04         5.3017031204566445e-01        -2.4467488693318668e-04         4.2206210850296005e-04        -6.4736602136452687e-02        -3.5862012571197380e-04        -8.3259093663886079e-05
3                                     -2.3304539966665835e-01         7.9655227027025620e-03        -2.4467488693318668e-04         7.7648993999238480e-01        -8.1604254621735928e-02         1.7610356557267012e-03        -2.1073622936932651e-01         1.4144941373097833e-01
4                                      9.2883661515694056e-03        -8.7451526114229058e-02         4.2206210850296005e-04        -8.1604254621735928e-02         5.6023777185517332e-01        -7.1426410804260494e-03         1.2428028719821634e-01        -2.5673964494170987e-01
5                                     -3.1635573673491980e-04         4.2044742163519020e-04        -6.4736602136452687e-02         1.7610356557267012e-03        -7.1426410804260494e-03         1.7552615669844518e-01        -2.3397785583692595e-03         3.5838175938540965e-03
6                                     -1.5689245891400569e-02         2.0644390528433330e-02        -3.5862012571197380e-04        -2.1073622936932651e-01         1.2428028719821634e-01        -2.3397785583692595e-03         5.7247888091762944e-01         8.6308104146115006e-03
7                                      1.5725124181956152e-04         6.4767231168378660e-03        -8.3259093663886079e-05         1.4144941373097833e-01        -2.5673964494170987e-01         3.5838175938540965e-03         8.6308104146115006e-03         8.7383799115690108e-01
8                                     -1.5498729507546676e-05        -8.2167813500792379e-05         1.1042981140022140e-03        -2.6555820975094043e-03         3.5838004067433420e-03        -6.6398119594608673e-02         1.6669654056675084e-05        -1.4236606205739296e-02
9                                     -9.3566986730101668e-04         6.1239585166326087e-03        -1.3539419230746219e-04        -7.6158183200082857e-02         5.6139877810595179e-02        -1.0393195859185250e-03        -2.6215122897885174e-01        -6.5615742815905015e-02
10                                     1.5430754484695383e-03        -2.0831045226561090e-03         1.2906666852216298e-04         1.1938015095674138e-03        -6.8409998974026456e-03         3.7461867400874276e-04        -6.4006225262636829e-02        -1.4010992839326492e-01
11                                    -2.1929114166020987e-05         1.7299204910702198e-04         6.3002152202303735e-03        -5.2418654467610570e-05         3.7298936257971441e-04         1.1909929856359046e-02         1.0869969463801555e-03         1.6439463149074047e-03
12                                     1.8860394893375938e-03        -2.8564381183868448e-03         4.3768838972405842e-05        -8.6173284228802882e-02        -7.3107409576671584e-02         1.3405670565731021e-03        -3.3656409015360697e-02        -2.0785706468933664e-02
13                                    -2.0398817175212389e-03        -8.0991503550446528e-03         2.2974182958710707e-04        -1.7390892761298432e-02         3.1908770834172401e-03         8.4053273469317358e-05        -6.5160061625865753e-02        -7.4261095072574446e-02
14                                     3.9266352811047887e-05         1.9965328765978390e-04         3.4895574912664788e-03         2.7866349442677845e-04         9.7773725167427301e-05         9.5919379519467315e-03         1.1948178886477196e-03         1.6719686177101051e-03
15                                    -2.0696509342156475e-02        -3.5143529674124749e-02         6.7852747360933920e-04        -1.3120734660968833e-01        -5.1921348539019418e-02         9.7174158020380810e-04         2.3370691406198393e-02        -4.2090143786978541e-02
16                                    -7.0191700191906958e-03         3.2817099076237833e-03        -1.1294404641967867e-04        -4.4732131265030645e-02        -2.0107245416173386e-01         2.2631094823354109e-03         2.8345923347386989e-02        -7.6220280748294372e-02
17                                     1.2278286337170116e-04        -1.4067339407149631e-04        -3.1988929206519471e-03         8.5491469272380629e-04         2.2676407174872459e-03        -7.6308377656329085e-02        -5.3392817267338126e-04         1.6970460905526210e-03
18                                    -7.4302906118143455e-02         3.8983757893965729e-02        -7.4110371855723334e-02        -1.6781092318448029e-02         1.8349293580378994e-02        -2.7320415830663334e-02        -7.5790454052820162e-04        -2.1378803809827393e-03
19                                     3.8395391477887161e-02        -9.7827954490010194e-02         9.6840779702361879e-02         2.3612037728998874e-03        -9.5012198875865650e-04        -1.5269594476306110e-03         9.0627496791945454e-04         7.7421057703637929e-04
20                                    -7.3333011758708905e-02         9.7086150678342184e-02        -2.1872603718115777e-01        -5.3169984533618653e-04        -1.3889164323626184e-03         3.1362392178510782e-03         8.0068796068602163e-04        -3.5615448774692544e-04
21                                    -7.8824945876161484e-02        -8.2468616842784351e-02         1.8215423841212027e-03        -8.3038252902633090e-03        -3.4600050161798075e-02         7.4559653453239443e-04         1.7629398036915645e-03         3.7990076452386768e-04
22                                    -8.6636345414009636e-02        -2.7884824296020927e-01         5.1346596962656647e-03         2.0840903767717842e-03         3.9165625184060023e-04        -7.3960998061199174e-05         7.4110079409202105e-04         6.5630560697208873e-04
23                                     1.9284436780330132e-03         5.1406440416433517e-03        -4.5246188259975617e-02        -7.6646279340779116e-05        -1.0537530200252699e-04        -2.6080889451414388e-03        -3.0904310972337454e-05        -1.2051450315821982e-05
24                                    -7.4515897977446247e-02         4.2389773573334150e-02         7.2472018763855756e-02        -1.6786464413540723e-02         1.9574729264052879e-02         2.6477731451108884e-02        -8.0537849968573207e-04        -2.1097704550558623e-03
25                                     4.1795903858678887e-02        -1.0672840069556298e-01        -1.0181524749083765e-01         2.3742669158495402e-03        -8.2937351963989102e-04         1.6962262090598516e-03         8.6400839027129346e-04         7.7841566506607921e-04
26                                     7.1765816711208782e-02        -1.0205303844459182e-01        -2.0970981315268544e-01         3.8171542947995282e-04         1.5781841505907441e-03         3.0168736190123013e-03        -8.3279026432396628e-04         3.1005792299421998e-04
27                                     1.1319289769495442e-03        -1.2445018483334038e-04        -1.7008390307835311e-07         1.2437254797230650e-02         1.2640155637783368e-02        -2.3073752853651968e-04        -6.4760796926067926e-02        -3.9710576467670303e-02
28                                    -6.2771266117722050e-04         2.3497049569736177e-04        -5.5421505603933975e-05        -1.0727994903688122e-02        -7.8023045630145962e-03         1.1224966633650510e-04        -4.8970673437572686e-02        -3.4576885218987474e-01
29                                     7.8768298418106146e-06        -6.4820290050167077e-05        -2.8227928409293402e-03         2.2439803102061197e-04         1.1981635991455738e-04        -1.4568058065026011e-03         8.8363295452955259e-04         6.0444155987893280e-03
30                                     7.0496716517697358e-05         9.3651977698628328e-04        -1.7118818778173633e-05        -5.2514296571720019e-03        -2.2471665305596501e-03         2.3159982872788637e-05        -9.2372019148501544e-03         1.9492105845849345e-02
31                                    -1.6233886068107431e-04         1.2372117625037925e-03         2.2221560777373152e-05        -6.3192255056990177e-03        -3.1802084758872184e-03         9.4702887829686670e-05        -1.0824173573484860e-02         1.5458670987989656e-02
32                                     8.4295187023171383e-07         2.6614602365666630e-05         2.4448728783710528e-03         1.1462120363643433e-04         9.2598674628841896e-05         1.5394682424553110e-03         2.0216684142120858e-04        -4.1553978547946362e-04
33                                    -4.2719879168951272e-05        -1.6537605362269955e-03         3.3144603669567506e-05        -4.4839400356325504e-03         3.3731302042172354e-03        -6.9555815805874387e-05         1.8188300855199058e-04         2.3536540967468581e-03
34                                     1.9231296605514217e-04         7.8254785804095358e-04         2.6582633079533860e-06         3.1805896316538800e-03         1.0463284719445401e-03         1.0639037496969152e-04         4.5350225396258766e-03        -4.8825157650848614e-03
35                                    -6.2396838434220262e-06         7.3146319277063269e-07         9.3107074231828560e-04        -5.7995948416362287e-05         1.1001325179573046e-04         6.7873885529648311e-03        -8.7741253579437287e-05         1.4559165100311918e-04
                                                         8                           9                          10                          11                          12                          13                          14                          15

0                                     -1.5498729507546676e-05        -9.3566986730101668e-04         1.5430754484695383e-03        -2.1929114166020987e-05         1.8860394893375938e-03        -2.0398817175212389e-03         3.9266352811047887e-05        -2.0696509342156475e-02
1                                     -8.2167813500792379e-05         6.1239585166326087e-03        -2.0831045226561090e-03         1.7299204910702198e-04        -2.8564381183868448e-03        -8.0991503550446528e-03         1.9965328765978390e-04        -3.5143529674124749e-02
2                                      1.1042981140022140e-03        -1.3539419230746219e-04         1.2906666852216298e-04         6.3002152202303735e-03         4.3768838972405842e-05         2.2974182958710707e-04         3.4895574912664788e-03         6.7852747360933920e-04
3                                     -2.6555820975094043e-03        -7.6158183200082857e-02         1.1938015095674138e-03        -5.2418654467610570e-05        -8.6173284228802882e-02        -1.7390892761298432e-02         2.7866349442677845e-04        -1.3120734660968833e-01
4                                      3.5838004067433420e-03         5.6139877810595179e-02        -6.8409998974026456e-03         3.7298936257971441e-04        -7.3107409576671584e-02         3.1908770834172401e-03         9.7773725167427301e-05        -5.1921348539019418e-02
5                                     -6.6398119594608673e-02        -1.0393195859185250e-03         3.7461867400874276e-04         1.1909929856359046e-02         1.3405670565731021e-03         8.4053273469317358e-05         9.5919379519467315e-03         9.7174158020380810e-04
6                                      1.6669654056675084e-05        -2.6215122897885174e-01        -6.4006225262636829e-02         1.0869969463801555e-03        -3.3656409015360697e-02        -6.5160061625865753e-02         1.1948178886477196e-03         2.3370691406198393e-02
7                                     -1.4236606205739296e-02        -6.5615742815905015e-02        -1.4010992839326492e-01         1.6439463149074047e-03        -2.0785706468933664e-02        -7.4261095072574446e-02         1.6719686177101051e-03        -4.2090143786978541e-02
8                                      1.0436241690739285e-01         1.1217340802839012e-03         1.6421459847927361e-03        -4.9292557126242836e-02         3.8004046867615062e-04         1.6686948764797725e-03         1.7537230397919018e-02         7.7954281454874230e-04
9                                      1.1217340802839012e-03         8.4842789106890304e-01        -1.5410622290187986e-01         3.0825762940860897e-03        -1.0440364663739332e-01         1.0124739539995788e-03        -4.3911524074732172e-05        -6.2044812606659817e-02
10                                     1.6421459847927361e-03        -1.5410622290187986e-01         7.1261946229521422e-01        -1.1815553736256614e-02         4.2209608642435614e-03        -3.2056846960221930e-01         4.9051172859411359e-03         7.8741218628951060e-02
11                                    -4.9292557126242836e-02         3.0825762940860897e-03        -1.1815553736256614e-02         7.7652388678325732e-02        -1.0428038599393234e-04         4.9193961670822503e-03        -5.7638103215053846e-02        -1.4768247596113802e-03
12                                     3.8004046867615062e-04        -1.0440364663739332e-01         4.2209608642435614e-03        -1.0428038599393234e-04         8.0617683781585747e-01         1.3424201438560940e-01        -2.2883788183295593e-03        -3.4008712567047716e-01
13                                     1.6686948764797725e-03         1.0124739539995788e-03        -3.2056846960221930e-01         4.9193961670822503e-03         1.3424201438560940e-01         6.8685616740737676e-01        -1.0200276979715962e-02         8.9008610759226683e-02
14                                     1.7537230397919018e-02        -4.3911524074732172e-05         4.9051172859411359e-03        -5.7638103215053846e-02        -2.2883788183295593e-03        -1.0200276979715962e-02         1.3296073228129096e-01        -1.6907138784986084e-03
15                                     7.7954281454874230e-04        -6.2044812606659817e-02         7.8741218628951060e-02        -1.4768247596113802e-03        -3.4008712567047716e-01         8.9008610759226683e-02        -1.6907138784986084e-03         5.4964443869510238e-01
16                                     1.7188539874539730e-03         2.0989263410820670e-02        -5.1423120673308655e-02         1.3742261525660491e-03         6.0960173562863595e-02        -1.2349498978147883e-01         8.6348972932904242e-04        -4.7546399480623516e-02
17                                     1.6156786457738822e-02        -4.1370726862128112e-04         1.3943191552170395e-03         2.2733139168836847e-02        -1.1551444346964228e-03         8.6981017940911142e-04        -7.7226351129760312e-02         9.2335335141337412e-04
18                                    -1.0725280611370066e-03        -2.3601817157013344e-03        -8.7559650092922472e-04         1.1105483420626198e-03        -1.5131457878358621e-03         1.6724885080034340e-03         4.5657538821139323e-04         3.4426367674237871e-03
19                                     3.5258670331108233e-04        -6.4494244314180235e-04        -3.1114873881326818e-04        -6.6153332698376337e-04         4.8455538860370766e-04         2.2529843847078190e-04        -1.9070728828905151e-04        -6.6559761696772743e-04
20                                    -2.6228104353017648e-05         4.9389621133306191e-05        -6.3367736341095392e-04        -2.0967968820907439e-04        -8.2431906938987244e-04         2.3373716639584624e-04         1.0447563817758033e-04         4.4733082520926964e-04
21                                    -1.4244432697793104e-05        -2.3795118721859103e-04         1.0793049151454446e-04        -1.1437325704441247e-06        -4.3943911519112586e-04        -1.9686755269152133e-03         3.0564425558868866e-05        -7.3433794282760151e-03
22                                    -1.7729305122523567e-05        -7.9715652926048118e-04         2.1474136815678377e-04        -1.7470532586373149e-05         4.9744325196558097e-04         1.3727324318912101e-04         8.3800574309151102e-06        -4.0481187786656908e-04
23                                    -1.4123153406029091e-05         2.5349999538619940e-05        -1.2995695745075572e-05        -4.0520826516881540e-04        -6.4293043512827851e-06         8.4524630714399239e-06         5.7799443496953822e-04        -1.4759196685589730e-05
24                                     1.1530487706064496e-03        -2.3505411176833399e-03        -8.9667529467683782e-04        -1.0758158199228166e-03        -1.5010050391668765e-03         1.6473027134400074e-03        -5.1186669006358194e-04         3.4606818513768893e-03
25                                    -3.8531118539048871e-04        -6.4686321058202937e-04        -2.6695704799145842e-04         6.5632907261926931e-04         5.0830688840126741e-04         2.3012699193397440e-04         1.9612494752499845e-04        -6.6834223465891875e-04
26                                    -1.9162287434629569e-05        -3.2602951066686842e-05         6.3996157674687778e-04        -2.5820285122989649e-04         8.0749543585559736e-04        -2.3571193637892188e-04         1.0609008480581014e-04        -4.2542570779011970e-04
27                                     7.2283483814810528e-04        -1.4781952789296700e-03        -3.4464224305481211e-02         6.3942099827673702e-04        -8.4159063859404262e-03         6.1472790391619691e-04        -1.4545285170963751e-05        -1.8739117575972890e-04
28                                     6.0416681428661200e-03         2.1230955854766309e-03        -2.6822648537372235e-03        -4.6002422564425031e-05         1.5527632947587794e-03        -2.2323110014819958e-04         5.5948495176234218e-05         7.9092992266525074e-04
29                                    -1.8449593880831172e-02        -4.6339735729943499e-05        -5.7549261983167745e-05        -4.9881892325403712e-03        -4.0395471784592196e-05         6.4368684797021963e-05         2.4769897385508591e-03        -1.8910183479480788e-05
