*************************************************
******************* ORCA 6.0.0 ******************
*************************************************
$Calculation_Status
   &GeometryIndex 1
   &ListStatus       OUT
   &VERSION [&Type "String"] "6.0.0"
   &PROGNAME [&Type "String"] "LeanSCF"
   &STATUS [&Type "String"] "NORMAL TERMINATION"
$End
$Geometry
   &GeometryIndex 1
   &ListStatus       OUT
   &NATOMS [&Type "Integer"] 12
   &NCORELESSECP [&Type "Integer"] 0
   &NGHOSTATOMS [&Type "Integer"] 0
   &CartesianCoordinates [&Type "Coordinates", &Dim(12,4), &Units "Bohr"] 
              C     -4.125246745061    0.057614063723   -0.000084720580
              C     -1.310747610670    0.083183078957    0.000130096684
              C      0.291265355693    2.124802118580    0.000307349027
              N      2.701204060908    1.124403998070    0.000038655293
              C      2.456143830297   -1.441389806735   -0.000210327086
              N      0.069247554553   -2.130244417407   -0.000187248994
              H     -4.848483585003   -0.928198755721   -1.668648393676
              H     -4.848460256144   -0.935568509631    1.664070915542
              H     -4.881386006208    1.979322420300    0.004086026129
              H     -0.051049832601    4.135039288312    0.000572045612
              H      4.327072132143    2.109549225837    0.000306841257
              H      4.070483696605   -2.696520793071   -0.000341655682
$End
$SCF_Energy
   &GeometryIndex 1
   &ListStatus       OUT
   &SCF_ENERGY [&Type "Double"]      -2.6549315452859457e+02
$End
$DFT_Energy
   &GeometryIndex 1
   &ListStatus       OUT
   &NALPHAEL [&Type "Integer"] 22
   &NBETAEL [&Type "Integer"] 22
   &NTOTALEL [&Type "Integer"] 44
   &EEXCHANGE [&Type "Double"]      -3.6246125305320092e+01
   &ECORR [&Type "Double"]      -1.4241812067069475e+00
   &ECNL [&Type "Double"]       0.0000000000000000e+00
   &EXC [&Type "Double"]      -3.7670306512027040e+01
   &EEMBED [&Type "Double"]       0.0000000000000000e+00
   &FINALEN [&Type "Double"]      -2.6549315452859457e+02  "No Van der Waals correction"
$End
$Mulliken_Population_Analysis
   &GeometryIndex 1
   &ListStatus       OUT
   &NATOMS [&Type "Integer"] 12
   &ATNO [&Type "ArrayOfIntegers", &Dim (12,1)] 
                                                         0

0                                                        6
1                                                        6
2                                                        6
3                                                        7
4                                                        6
5                                                        7
6                                                        1
7                                                        1
8                                                        1
9                                                        1
10                                                       1
11                                                       1
   &ATOMICCHARGES [&Type "ArrayOfDoubles", &Dim (12,1)] 
                                                         0

0                                     -3.2857759166483902e-01
1                                      9.9029225781032792e-02
2                                     -1.0929984642779900e-01
3                                     -2.3069220874794105e-01
4                                      7.8069171298730922e-02
5                                     -3.3536831356031271e-01
6                                      1.1579973459680404e-01
7                                      1.1585608822870985e-01
8                                      9.9876748167256668e-02
9                                      1.3094018856584422e-01
10                                     2.2895321362468224e-01
11                                     1.3541359013781662e-01
$End
$Loewdin_Population_Analysis
   &GeometryIndex 1
   &ListStatus       OUT
   &NATOMS [&Type "Integer"] 12
   &ATNO [&Type "ArrayOfIntegers", &Dim (12,1)] 
                                                         0

0                                                        6
1                                                        6
2                                                        6
3                                                        7
4                                                        6
5                                                        7
6                                                        1
7                                                        1
8                                                        1
9                                                        1
10                                                       1
11                                                       1
   &ATOMICCHARGES [&Type "ArrayOfDoubles", &Dim (12,1)] 
                                                         0

0                                     -2.6324764313768068e-01
1                                     -2.9471838192812250e-01
2                                     -2.2963958704376441e-01
3                                      1.6993308944831398e-01
4                                     -3.1022488506052959e-01
5                                      9.9538493426821084e-02
6                                      1.3003144410588041e-01
7                                      1.3005046962369449e-01
8                                      1.2520204389376133e-01
9                                      1.3101633048344630e-01
10                                     1.8546130782073189e-01
11                                     1.2659731836741006e-01
$End
$Mayer_Population_Analysis
   &GeometryIndex 1
   &ListStatus       OUT
   &NATOMS [&Type "Integer"] 12 "Total number of atoms"
   &BONDTHRESH [&Type "Double"]       1.0000000000000001e-01  "The threshold for printing"
   &NBONDORDERSPRINT [&Type "Integer"] 13 "The number of bond orders larger than threshold"
   &BONDORDERS [&Type "ArrayOfDoubles", &Dim (13,1)] "The bond orders"
                                                         0

0                                      9.4564392386489027e-01
1                                      9.6714579587550409e-01
2                                      9.6727766819714101e-01
3                                      9.8933514906063491e-01
4                                      1.5965617114333683e+00
5                                      1.2874115332147555e+00
6                                      1.1434859648639193e+00
7                                      1.0320281677925228e-01
8                                      9.5169782145815895e-01
9                                      1.2177408477466038e+00
10                                     9.1386253722198274e-01
11                                     1.6260023226328746e+00
12                                     9.6503229258836054e-01
   &COMPONENTS [&Type "ArrayOfIntegers", &Dim (13,4)] "The indices and atomic numbers of the bonding atoms"
                                                         0                           1                           2                           3

0                                                        0                           6                           1                           6
1                                                        0                           6                           6                           1
2                                                        0                           6                           7                           1
3                                                        0                           6                           8                           1
4                                                        1                           6                           2                           6
5                                                        1                           6                           5                           7
6                                                        2                           6                           3                           7
7                                                        2                           6                           4                           6
8                                                        2                           6                           9                           1
9                                                        3                           7                           4                           6
10                                                       3                           7                          10                           1
11                                                       4                           6                           5                           7
12                                                       4                           6                          11                           1
   &ATNO [&Type "ArrayOfIntegers", &Dim (12,1)] "Atomic number of the elements"
                                                         0

0                                                        6
1                                                        6
2                                                        6
3                                                        7
4                                                        6
5                                                        7
6                                                        1
7                                                        1
8                                                        1
9                                                        1
10                                                       1
11                                                       1
   &NA [&Type "ArrayOfDoubles", &Dim (12,1)] "Mulliken gross atomic population"
                                                         0

0                                      6.3285775916648364e+00
1                                      5.9009707742189672e+00
2                                      6.1092998464278132e+00
3                                      7.2306922087479339e+00
4                                      5.9219308287012673e+00
5                                      7.3353683135603154e+00
6                                      8.8420026540319530e-01
7                                      8.8414391177129037e-01
8                                      9.0012325183274378e-01
9                                      8.6905981143415523e-01
10                                     7.7104678637531820e-01
11                                     8.6458640986218294e-01
   &ZA [&Type "ArrayOfDoubles", &Dim (12,1)] "Total nuclear charge"
                                                         0

0                                      6.0000000000000000e+00
1                                      6.0000000000000000e+00
2                                      6.0000000000000000e+00
3                                      7.0000000000000000e+00
4                                      6.0000000000000000e+00
5                                      7.0000000000000000e+00
6                                      1.0000000000000000e+00
7                                      1.0000000000000000e+00
8                                      1.0000000000000000e+00
9                                      1.0000000000000000e+00
10                                     1.0000000000000000e+00
11                                     1.0000000000000000e+00
   &QA [&Type "ArrayOfDoubles", &Dim (12,1)] "Mulliken gross atomic charge"
                                                         0

0                                     -3.2857759166483635e-01
1                                      9.9029225781032792e-02
2                                     -1.0929984642781321e-01
3                                     -2.3069220874793395e-01
4                                      7.8069171298732698e-02
5                                     -3.3536831356031538e-01
6                                      1.1579973459680470e-01
7                                      1.1585608822870963e-01
8                                      9.9876748167256224e-02
9                                      1.3094018856584477e-01
10                                     2.2895321362468180e-01
11                                     1.3541359013781706e-01
   &VA [&Type "ArrayOfDoubles", &Dim (12,1)] "Mayer's total valence"
                                                         0

0                                      3.9309087516910526e+00
1                                      3.8324101347405422e+00
2                                      3.8862221789205944e+00
3                                      3.3129347149814055e+00
4                                      3.9516195927623081e+00
5                                      3.0442891882516978e+00
6                                      9.7832733552660212e-01
7                                      9.7838972792987977e-01
8                                      9.7824801236667536e-01
9                                      9.8464530350937696e-01
10                                     9.5685926928263521e-01
11                                     9.8686376344815774e-01
   &BVA [&Type "ArrayOfDoubles", &Dim (12,1)] "Mayer's bonded valence"
                                                         0

0                                      3.9309087516910726e+00
1                                      3.8324101347406461e+00
2                                      3.8862221789205993e+00
3                                      3.3129347149812727e+00
4                                      3.9516195927622975e+00
5                                      3.0442891882518208e+00
6                                      9.7832733552660833e-01
7                                      9.7838972792988210e-01
8                                      9.7824801236666337e-01
9                                      9.8464530350936330e-01
10                                     9.5685926928261567e-01
11                                     9.8686376344815863e-01
   &FA [&Type "ArrayOfDoubles", &Dim (12,1)] "Mayer's free valence"
                                                         0

0                                      0.0000000000000000e+00
1                                      0.0000000000000000e+00
2                                      0.0000000000000000e+00
3                                      0.0000000000000000e+00
4                                      0.0000000000000000e+00
5                                      0.0000000000000000e+00
6                                      0.0000000000000000e+00
7                                      0.0000000000000000e+00
8                                      0.0000000000000000e+00
9                                      0.0000000000000000e+00
10                                     0.0000000000000000e+00
11                                     0.0000000000000000e+00
$End
$VdW_Correction
   &GeometryIndex 1
   &ListStatus       OUT
   &VDW [&Type "Double"]      -2.9920902968135314e-03
$End
$Calculation_Info
   &GeometryIndex 1
   &ListStatus       OUT
   &MULT [&Type "Integer"] 1
   &CHARGE [&Type "Integer"] 0
   &NUMOFATOMS [&Type "Integer"] 12
   &NUMOFELECTRONS [&Type "Integer"] 44
   &NUMOFFCELECTRONS [&Type "Integer"] 1
   &NUMOFCORRELECTRONS [&Type "Integer"] 0
   &NUMOFBASISFUNCTS [&Type "Integer"] 222
   &NUMOFAUXCBASISFUNCTS [&Type "Integer"] 0
   &NUMOFAUXJBASISFUNCTS [&Type "Integer"] 246
   &NUMOFAUXJKBASISFUNCTS [&Type "Integer"] 0
   &NUMOFCABSBASISFUNCTS [&Type "Integer"] 0
   &TOTALENERGY [&Type "Double"]      -2.6548667754499138e+02  "Hartrees"
$End
$SCF_Dipole_Moment
   &GeometryIndex 1
   &ListStatus       OUT
   &METHOD [&Type "String"] "SCF"
   &LEVEL [&Type "String"] "Relaxed density"
   &MULT [&Type "Integer"] 1
   &STATE [&Type "Integer"] -1
   &IRREP [&Type "Integer"] 0
   &NATOMS [&Type "Integer"] 12
   &DODIPOLEATOM [&Type "Boolean"] false
   &DIPOLEELECCONTRIB [&Type "ArrayOfDoubles", &Dim (3,1)] "Electronic contribution"
                                                         0

0                                      3.9193694310256637e+00
1                                     -7.8198900478300670e-01
2                                      5.6589982288180974e-05
   &DIPOLENUCCONTRIB [&Type "ArrayOfDoubles", &Dim (3,1)] "Nuclear contribution"
                                                         0

0                                     -3.0942010128608883e+00
1                                      1.8339575719907373e+00
2                                      3.4103572642892532e-05
   &DIPOLETOTAL [&Type "ArrayOfDoubles", &Dim (3,1)] "Total"
                                                         0

0                                      8.2516841816477537e-01
1                                      1.0519685672077306e+00
2                                      9.0693554931073513e-05
   &DIPOLEMAGNITUDE [&Type "Double", &Units "a.u."]       1.3369894513252392e+00
$End
$THERMOCHEMISTRY_Energies
   &GeometryIndex 1
   &ListStatus       OUT
   &TEMPERATURE [&Type "Double"]       2.9814999999999998e+02
   &PRESSURE [&Type "Double"]       1.0000000000000000e+00
   &TOTALMASS [&Type "Double"]       8.2105999999999995e+01
   &SPINDEGENERACY [&Type "Integer"] 1
   &ELENERGY [&Type "Double"]      -2.6548667754499138e+02
   &TRANSENERGY [&Type "Double"]       1.4162714244859817e-03
   &ROTENERGY [&Type "Double"]       1.4162714244859817e-03
   &VIBENERGY [&Type "Double"]       2.5642519394182429e-03
   &NUMOFFREQS [&Type "Integer"] 36
   &FREQSCALINGFACTOR [&Type "Double"]       1.0000000000000000e+00
   &FREQ [&Type "ArrayOfDoubles", &Dim (36,1)] "In cm^-1"
                                                         0

0                                      0.0000000000000000e+00
1                                      0.0000000000000000e+00
2                                      0.0000000000000000e+00
3                                      0.0000000000000000e+00
4                                      0.0000000000000000e+00
5                                      0.0000000000000000e+00
6                                      1.3470493621771519e+02
7                                      2.6718344312828850e+02
8                                      3.4479625183504862e+02
9                                      4.9076698276242092e+02
10                                     6.5117681733783081e+02
11                                     6.6742736784363399e+02
12                                     6.8743666854523042e+02
13                                     7.1582847950593543e+02
14                                     7.9853994702481998e+02
15                                     9.5216343371762935e+02
16                                     9.7147754609869060e+02
17                                     9.9830339042279991e+02
18                                     1.0590862507202226e+03
19                                     1.0880358859218109e+03
20                                     1.1227856550563242e+03
21                                     1.2381575337796025e+03
22                                     1.2824296683550156e+03
23                                     1.3321867314021440e+03
24                                     1.4036987524267304e+03
25                                     1.4451636978755068e+03
26                                     1.4690287195660337e+03
27                                     1.4811091003252780e+03
28                                     1.5089278841137134e+03
29                                     1.5913561198891059e+03
30                                     3.0137784170124260e+03
31                                     3.0781170949535222e+03
32                                     3.1039616473206306e+03
33                                     3.2273668452597381e+03
34                                     3.2534010744339721e+03
35                                     3.6452759987703457e+03
   &ZPE [&Type "Double"]       9.8015137632509616e-02
   &INNERENERGYU [&Type "Double"]      -2.6538326561257048e+02
   &ENTHALPYH [&Type "Double"]      -2.6538232140352824e+02
   &QEL [&Type "Double"]       0.0000000000000000e+00
   &QROT [&Type "Double"]       1.2251938588238188e-02
   &QVIB [&Type "Double"]       4.0431742704240678e-03
   &QTRANS [&Type "Double"]       1.8592011333475697e-02
   &ENTROPYS [&Type "Double"]       3.4887124192137950e-02
   &FREEENERGYG [&Type "Double"]      -2.6541720852772039e+02
   &ISLINEAR [&Type "Boolean"] false
$End
$Hessian
   &GeometryIndex 1
   &ListStatus       OUT
   &HESSIAN [&Type "ArrayOfDoubles", &Dim (36,36)] "The Hessian"
                                                         0                           1                           2                           3                           4                           5                           6                           7

0                                      4.9137119974211507e-01        -8.1524303413940055e-03        -3.5972400708266007e-05        -2.3073991580243094e-01        -9.5380019635775692e-03        -2.5661283476294407e-05        -1.5027040371627897e-02        -2.0648644820560336e-04
1                                     -8.1524303413940055e-03         5.7170908283418509e-01        -2.5044736425078206e-06        -9.3678163519455484e-03        -8.7819823545119913e-02        -2.4463854338841745e-06        -2.0554109288000541e-02         6.5283346537973845e-03
2                                     -3.5972400708266007e-05        -2.5044736425078206e-06         5.3244673892626071e-01        -6.6723848276218357e-06        -2.6681307703674805e-06        -6.4643285125511457e-02         1.5111678395090874e-05        -5.6740573628546111e-06
3                                     -2.3073991580243094e-01        -9.3678163519455484e-03        -6.6723848276218357e-06         7.7820512177903700e-01         7.3989860746755398e-02         3.4562878876861030e-05        -2.1010432209779095e-01        -1.3951532871876723e-01
4                                     -9.5380019635775692e-03        -8.7819823545119913e-02        -2.6681307703674805e-06         7.3989860746755398e-02         5.6813643194562180e-01         4.0578678176689492e-05        -1.2287752512084857e-01        -2.5508943723578609e-01
5                                     -2.5661283476294407e-05        -2.4463854338841745e-06        -6.4643285125511457e-02         3.4562878876861030e-05         4.0578678176689492e-05         1.7478445917137689e-01        -2.4047411378185465e-05        -1.9717674909964275e-05
6                                     -1.5027040371627897e-02        -2.0554109288000541e-02         1.5111678395090874e-05        -2.1010432209779095e-01        -1.2287752512084857e-01        -2.4047411378185465e-05         5.6591584666953898e-01        -6.9607833184158092e-03
7                                     -2.0648644820560336e-04         6.5283346537973845e-03        -5.6740573628546111e-06        -1.3951532871876723e-01        -2.5508943723578609e-01        -1.9717674909964275e-05        -6.9607833184158092e-03         8.7420418727109062e-01
8                                     -4.0865894582786608e-06        -2.1140512227369747e-06         9.2685376381572860e-04        -1.2729568539604623e-05        -2.2865192644572175e-05        -6.6477646051792239e-02        -1.5226561799879000e-05         9.8755805668921618e-05
9                                     -9.7601382567560381e-04        -6.1256552566305404e-03        -1.1731712730869014e-05        -7.6611130216895876e-02        -5.6397376896898541e-02         9.1864248036795713e-06        -2.5836046097016307e-01         6.4650170259342998e-02
10                                    -1.5221876426765274e-03        -2.1072955321920529e-03         1.3062594201582777e-05        -9.3075642640078407e-04        -6.5887717296425549e-03        -1.3775888556743704e-05         6.2563008265955733e-02        -1.4031766827780046e-01
11                                     4.9663339639689496e-06        -9.5081458226441695e-06         6.3081138928810180e-03         3.9121997875192132e-07         6.3954890941920982e-06         1.2018528899699198e-02         8.9994031878861400e-06        -1.6620517402388258e-05
12                                     1.9094398719601332e-03         2.9253642203567586e-03        -1.3356944939322309e-06        -8.7632870274130331e-02         7.4814100729613933e-02         2.2434447745567313e-05        -3.2620169760067132e-02         1.9579872950579010e-02
13                                     2.0662082023289239e-03        -7.9858440188216723e-03        -7.2272737037949458e-06         1.8400497564391844e-02         1.7118408900914650e-03         8.6519477855950044e-06         6.4784998273066774e-02        -7.4261708904853743e-02
14                                     4.6156274158900007e-06         6.1740413694038189e-06         3.4479834900889260e-03         2.2754457892244572e-06        -9.0849478804221766e-06         1.0201098847206588e-02         1.3553566770226763e-05        -1.1621067254995260e-05
15                                    -2.1756585169926825e-02         3.5921096737678293e-02         2.3684733137971476e-05        -1.3391949796798638e-01         5.7627301855063623e-02        -2.2105538264303246e-06         2.3447843664073733e-02         4.1729397610962983e-02
16                                     7.2492236119171480e-03         2.8643599991220459e-03        -6.2931297145360337e-06         5.1120633224420849e-02        -2.0964071694787220e-01        -1.3733816425824926e-05        -2.9051800683060888e-02        -7.6527932362066370e-02
17                                     7.0431385413158640e-07         2.3443764929471376e-06        -3.0144970960233521e-03         8.1390633144641667e-06        -1.0913908895330724e-05        -7.6005001334654404e-02        -6.3014636702222211e-06        -1.3551871825223742e-05
18                                    -7.2323071570074865e-02        -4.0055237759169610e-02        -7.1709158461990580e-02        -1.6915866305573023e-02        -1.9152951628833976e-02        -2.7122401390794318e-02        -7.5590670048935173e-04         2.1018193274424291e-03
19                                    -3.9582872221945030e-02        -1.0403069657750363e-01        -1.0149566124954791e-01        -2.5938699883382311e-03        -1.0776253077278298e-03         1.1567058577320432e-03        -9.1697767595151766e-04         7.8887154021150586e-04
20                                    -7.1018547922572312e-02        -1.0156608991802812e-01        -2.1577240526852065e-01        -4.9591567838871455e-04         1.3628269851496599e-03         2.9968767368138312e-03         7.9113913179916766e-04         3.3703490292776831e-04
21                                    -7.2343088832735103e-02        -4.0374448827438868e-02         7.1535616886592185e-02        -1.6905359652268925e-02        -1.9283737638160169e-02         2.7052768808470400e-02        -7.7999607293907137e-04         2.1082932407326194e-03
22                                    -3.9915137029211151e-02        -1.0494891877089246e-01         1.0200699529392204e-01        -2.5941896640325340e-03        -1.0755916243021359e-03        -1.1661038131846235e-03        -9.1054152029413542e-04         7.9164554291051386e-04
23                                     7.0873399478766849e-02         1.0207390061471526e-01        -2.1489855846947137e-01         4.7397246372737900e-04        -1.3754342382601269e-03         2.9760953275482574e-03        -7.9069273243577258e-04        -3.2956288920690823e-04
24                                    -8.1246726262166585e-02         8.4955873496199902e-02         1.9254913376139750e-04        -8.0440191108616457e-03         3.4256008774736661e-02         6.3455525570480157e-05         1.8407454856596579e-03        -4.4722051346809694e-04
25                                     8.8995308877229007e-02        -2.7643832178620770e-01        -4.9665231452462703e-04        -2.2835606159989225e-03         9.2782904101135558e-04         1.0554165966860364e-05        -6.1425687527862961e-04         5.9859378947482896e-04
26                                     2.0450284686923870e-04        -5.0249267126378718e-04        -4.5396815080009117e-02        -1.4817549819058518e-05         1.3982194989010103e-05        -2.7093885090346470e-03        -4.3478728668690015e-06         2.0787845672516390e-06
27                                     1.0944176383094798e-03         1.5308042992676118e-04        -2.0956577476361364e-06         1.2502637977061425e-02        -1.2579462292281749e-02        -2.9239614576117434e-06        -6.4209426820453386e-02         3.8862266517659519e-02
28                                     6.0003514425991181e-04         2.3086541991234038e-04        -1.9363882981329303e-06         1.0613799131949028e-02        -7.5740752074901288e-03        -1.7495710951146292e-06         4.8070039306235664e-02        -3.4741176297319898e-01
29                                    -2.5929123835548556e-06         4.4606020714590433e-06        -2.7938747142871902e-03         3.7992816606178539e-06         2.6473430289624707e-06        -1.5681560333854500e-03         9.3242164982937840e-06        -4.3613749946708281e-05
30                                     8.9797869370513046e-05        -9.3744510840436488e-04        -3.2606127427087019e-07        -5.3319923977995344e-03         2.2434053525242749e-03        -9.6831642388122393e-07        -9.3880661028675691e-03        -1.9478069896866904e-02
31                                     1.6446272584438870e-04         1.2522272083280302e-03        -1.0916123428123208e-06         6.3656717692301985e-03        -3.1577043093444666e-03        -2.0287854268157853e-06         1.1087487125579075e-02         1.5503401026426276e-02
32                                    -1.4620735986565197e-06        -2.5718163504347023e-06         2.4786145648814581e-03         1.8989455116784130e-06        -1.3810959491830667e-06         1.5217194715275257e-03         5.4564779294788701e-06         4.8487307606919654e-06
33                                    -5.2413287117345810e-05         1.6484011871197273e-03         1.6850031135409709e-06        -4.5027859303607403e-03        -3.2547719791994247e-03        -1.1445095259752402e-06         4.0953077126025875e-05        -2.4368049120231192e-03
34                                    -1.9479605286745576e-04         7.4603011539240024e-04        -3.1660621809912484e-07        -3.0517906101579931e-03         1.2476440305606434e-03        -4.5809620583138741e-07        -4.6066645879599489e-03        -4.8065240702054868e-03
35                                    -1.2204798997245679e-06         8.1517511706303322e-07         9.1113111589538858e-04         2.0452241317304100e-06        -5.5979446089704224e-07         6.9046986002059153e-03        -8.3937999270211473e-07        -1.0143815370141228e-06
                                                         8                           9                          10                          11                          12                          13                          14                          15

0                                     -4.0865894582786608e-06        -9.7601382567560381e-04        -1.5221876426765274e-03         4.9663339639689496e-06         1.9094398719601332e-03         2.0662082023289239e-03         4.6156274158900007e-06        -2.1756585169926825e-02
1                                     -2.1140512227369747e-06        -6.1256552566305404e-03        -2.1072955321920529e-03        -9.5081458226441695e-06         2.9253642203567586e-03        -7.9858440188216723e-03         6.1740413694038189e-06         3.5921096737678293e-02
2                                      9.2685376381572860e-04        -1.1731712730869014e-05         1.3062594201582777e-05         6.3081138928810180e-03        -1.3356944939322309e-06        -7.2272737037949458e-06         3.4479834900889260e-03         2.3684733137971476e-05
3                                     -1.2729568539604623e-05        -7.6611130216895876e-02        -9.3075642640078407e-04         3.9121997875192132e-07        -8.7632870274130331e-02         1.8400497564391844e-02         2.2754457892244572e-06        -1.3391949796798638e-01
4                                     -2.2865192644572175e-05        -5.6397376896898541e-02        -6.5887717296425549e-03         6.3954890941920982e-06         7.4814100729613933e-02         1.7118408900914650e-03        -9.0849478804221766e-06         5.7627301855063623e-02
5                                     -6.6477646051792239e-02         9.1864248036795713e-06        -1.3775888556743704e-05         1.2018528899699198e-02         2.2434447745567313e-05         8.6519477855950044e-06         1.0201098847206588e-02        -2.2105538264303246e-06
6                                     -1.5226561799879000e-05        -2.5836046097016307e-01         6.2563008265955733e-02         8.9994031878861400e-06        -3.2620169760067132e-02         6.4784998273066774e-02         1.3553566770226763e-05         2.3447843664073733e-02
7                                      9.8755805668921618e-05         6.4650170259342998e-02        -1.4031766827780046e-01        -1.6620517402388258e-05         1.9579872950579010e-02        -7.4261708904853743e-02        -1.1621067254995260e-05         4.1729397610962983e-02
8                                      1.0477729033467684e-01         1.7182892610068398e-05        -2.0116864479952648e-05        -4.9473579598734468e-02         1.0194952416506878e-05        -1.0495395765208258e-05         1.7234779442737769e-02         1.0949339155276636e-06
9                                      1.7182892610068398e-05         8.5494011837767214e-01         1.6168361592183292e-01         3.3953778932592287e-05        -1.0497594379166185e-01        -1.8824818828756806e-04        -6.5191633337315909e-06        -6.3310674331156877e-02
10                                    -2.0116864479952648e-05         1.6168361592183292e-01         6.9213362876619466e-01         9.6393318547534498e-05        -4.2614932166104708e-03        -2.9831752286337854e-01        -1.9448652562776328e-05        -7.9414494652932557e-02
11                                    -4.9473579598734468e-02         3.3953778932592287e-05         9.6393318547534498e-05         7.6476318988417377e-02        -1.0890390225960197e-05        -3.4241942770397231e-05        -5.8415355608812419e-02         1.7221066884207112e-06
12                                     1.0194952416506878e-05        -1.0497594379166185e-01        -4.2614932166104708e-03        -1.0890390225960197e-05         8.2958563504225169e-01        -1.3149340237278867e-01        -3.1076464261044693e-05        -3.6641711853393494e-01
13                                    -1.0495395765208258e-05        -1.8824818828756806e-04        -2.9831752286337854e-01        -3.4241942770397231e-05        -1.3149340237278867e-01         6.6578692107134818e-01         5.2049903161354734e-05        -9.3221821476591263e-02
14                                     1.7234779442737769e-02        -6.5191633337315909e-06        -1.9448652562776328e-05        -5.8415355608812419e-02        -3.1076464261044693e-05         5.2049903161354734e-05         1.3215870935367427e-01        -5.4405626670194769e-06
15                                     1.0949339155276636e-06        -6.3310674331156877e-02        -7.9414494652932557e-02         1.7221066884207112e-06        -3.6641711853393494e-01        -9.3221821476591263e-02        -5.4405626670194769e-06         5.8163844490102168e-01
16                                    -1.0255338524637180e-05        -2.1169049495126008e-02        -5.1103564997750026e-02        -9.8274793859236788e-06        -6.5843314242194917e-02        -1.2186751202753705e-01        -1.9415942880888366e-06         4.6159106657151242e-02
17                                     1.6175590770952576e-02         6.2673598502411555e-06        -5.2723643899179118e-06         2.2705261127170029e-02        -9.8599511777834571e-07         1.5101157421951004e-07        -7.5334713707819412e-02        -6.6817199044795105e-06
18                                    -1.1223110319352929e-03        -2.3707738858574352e-03         9.1275157640657292e-04         1.0969788479644020e-03        -1.5360432597462867e-03        -1.6673144565902101e-03         4.5187762871784043e-04         3.5034179355946256e-03
19                                    -3.6257160411419086e-04         6.5480717325910225e-04        -2.9388002927840831e-04         6.5649689029263379e-04        -5.3107126542395369e-04         2.2243373199670475e-04         2.1866267733922437e-04         7.6631434340641564e-04
20                                    -1.5391724459865811e-05         4.9792725451148264e-05         6.3359077892848753e-04        -2.3329382245666015e-04        -8.3619794181250147e-04        -2.2598198576339462e-04         1.0453775676214620e-04         4.7623654551597235e-04
21                                     1.1261180489601915e-03        -2.3665632272598792e-03         9.0207643208799096e-04        -1.0950818630522002e-03        -1.5290062452258213e-03        -1.6632670802735968e-03        -4.4730645085600158e-04         3.5126696379783168e-03
22                                     3.6661674864880761e-04         6.5447512191202525e-04        -2.9542891177407793e-04        -6.5337066775287905e-04        -5.2733991077326360e-04         2.2525138674046961e-04        -2.2325234655300619e-04         7.6242628433871823e-04
23                                    -1.6143676955232469e-05        -5.1998486862811499e-05        -6.3589699442189417e-04        -2.3323599453720805e-04         8.3700297199884902e-04         2.2528729632572721e-04         1.0336858119048769e-04        -4.7992392140980549e-04
24                                    -4.0421299421685174e-06        -2.7294746355909817e-04        -7.7965535220504245e-05         5.9079237636158799e-07        -4.4307277742272611e-04         1.9248850111664119e-03        -3.0210602713901232e-06        -7.5003871786726833e-03
25                                     1.4627182403346518e-06         8.1431223540206869e-04         2.2340662293573923e-04         3.0575692716271036e-06        -5.1917753634884772e-04         1.8278170694303354e-04        -2.1296905654321779e-07         3.9466820902795199e-04
26                                     7.5869140248681268e-07         4.6774854930817898e-06        -4.8543294993163336e-07        -4.0136119667449709e-04        -1.2492999943177596e-06         1.7535454068957314e-06         5.7965795115529561e-04        -6.6260078003326121e-06
27                                     9.0158685075095366e-06        -1.2740802162294132e-03         3.4304139604022794e-02         3.5170733311340537e-06        -8.4788996610237425e-03        -5.8846956680803399e-04         2.6934002824947899e-07        -1.9587206358496622e-04
28                                    -4.3833732715666473e-05        -2.1220398415710204e-03        -2.7663472284710292e-03         1.1623185592241266e-06        -1.5472796937552030e-03        -1.9331326636890661e-04         2.1969795286682046e-07        -7.6126734101621650e-04
29                                    -1.8170788809150795e-02        -8.1943657411603001e-07        -2.9037316930553607e-06        -4.9175696813849989e-03         1.7573864297259793e-06         1.5870379222489069e-06         2.4455892348905139e-03        -1.4436034074629973e-06
