*************************************************
******************* ORCA 6.0.0 ******************
*************************************************
$Calculation_Status
   &GeometryIndex 1
   &ListStatus       OUT
   &VERSION [&Type "String"] "6.0.0"
   &PROGNAME [&Type "String"] "LeanSCF"
   &STATUS [&Type "String"] "NORMAL TERMINATION"
$End
$Geometry
   &GeometryIndex 1
   &ListStatus       OUT
   &NATOMS [&Type "Integer"] 12
   &NCORELESSECP [&Type "Integer"] 0
   &NGHOSTATOMS [&Type "Integer"] 0
   &CartesianCoordinates [&Type "Coordinates", &Dim(12,4), &Units "Bohr"] 
              C      3.307762875735   -0.594164185586   -0.422986681568
              C      1.072597763844    1.098641957895    0.301096727336
              C     -1.291968845363   -0.392339923647    0.728089493381
              C     -3.447627058355   -0.087946962700   -0.536220555136
              H      3.677297327206   -2.001000087479    1.049534615038
              H      5.027134032749    0.526193274829   -0.679595360797
              H      2.926786591349   -1.604288576840   -2.188018378984
              H      0.745263611725    2.522349221139   -1.167309588001
              H      1.552191634138    2.117700771732    2.045381825829
              H     -1.179262862255   -1.850768938909    2.182697986579
              H     -5.095357889585   -1.247697051090   -0.141941652478
              H     -3.630133524025    1.339357241739   -2.005601678707
$End
$SCF_Energy
   &GeometryIndex 1
   &ListStatus       OUT
   &SCF_ENERGY [&Type "Double"]      -1.5717321169181156e+02
$End
$DFT_Energy
   &GeometryIndex 1
   &ListStatus       OUT
   &NALPHAEL [&Type "Integer"] 16
   &NBETAEL [&Type "Integer"] 16
   &NTOTALEL [&Type "Integer"] 32
   &EEXCHANGE [&Type "Double"]      -2.3609079283498989e+01
   &ECORR [&Type "Double"]      -9.7148941661231925e-01
   &ECNL [&Type "Double"]       0.0000000000000000e+00
   &EXC [&Type "Double"]      -2.4580568700111307e+01
   &EEMBED [&Type "Double"]       0.0000000000000000e+00
   &FINALEN [&Type "Double"]      -1.5717321169181156e+02  "No Van der Waals correction"
$End
$Mulliken_Population_Analysis
   &GeometryIndex 1
   &ListStatus       OUT
   &NATOMS [&Type "Integer"] 12
   &ATNO [&Type "ArrayOfIntegers", &Dim (12,1)] 
                                                         0

0                                                        6
1                                                        6
2                                                        6
3                                                        6
4                                                        1
5                                                        1
6                                                        1
7                                                        1
8                                                        1
9                                                        1
10                                                       1
11                                                       1
   &ATOMICCHARGES [&Type "ArrayOfDoubles", &Dim (12,1)] 
                                                         0

0                                     -3.2069053431531991e-01
1                                     -7.6938554541322368e-02
2                                     -1.3351314827629057e-01
3                                     -2.7677988753228533e-01
4                                      9.9395881527493346e-02
5                                      1.0543112469075744e-01
6                                      1.0735648403754317e-01
7                                      8.0297711707806418e-02
8                                      8.7068056679089345e-02
9                                      1.0002483944229423e-01
10                                     1.1865653115228603e-01
11                                     1.0969149542802892e-01
$End
$Loewdin_Population_Analysis
   &GeometryIndex 1
   &ListStatus       OUT
   &NATOMS [&Type "Integer"] 12
   &ATNO [&Type "ArrayOfIntegers", &Dim (12,1)] 
                                                         0

0                                                        6
1                                                        6
2                                                        6
3                                                        6
4                                                        1
5                                                        1
6                                                        1
7                                                        1
8                                                        1
9                                                        1
10                                                       1
11                                                       1
   &ATOMICCHARGES [&Type "ArrayOfDoubles", &Dim (12,1)] 
                                                         0

0                                     -3.0335115273846913e-01
1                                     -2.7823047286872260e-01
2                                     -2.0669799943424216e-01
3                                     -2.2113854401453015e-01
4                                      1.1779734316855150e-01
5                                      1.1742409013031330e-01
6                                      1.1951830769464178e-01
7                                      1.3640365788468078e-01
8                                      1.4023970457472956e-01
9                                      1.3846150691341985e-01
10                                     1.2003478551908386e-01
11                                     1.1953877317064243e-01
$End
$Mayer_Population_Analysis
   &GeometryIndex 1
   &ListStatus       OUT
   &NATOMS [&Type "Integer"] 12 "Total number of atoms"
   &BONDTHRESH [&Type "Double"]       1.0000000000000001e-01  "The threshold for printing"
   &NBONDORDERSPRINT [&Type "Integer"] 11 "The number of bond orders larger than threshold"
   &BONDORDERS [&Type "ArrayOfDoubles", &Dim (11,1)] "The bond orders"
                                                         0

0                                      9.6200467684040214e-01
1                                      9.7760570589840690e-01
2                                      9.7176302176637896e-01
3                                      9.7458620491901538e-01
4                                      9.6088379881786090e-01
5                                      9.6819997782356004e-01
6                                      9.5693238566389294e-01
7                                      1.9425866076180691e+00
8                                      9.5300966107594809e-01
9                                      9.6248378524218614e-01
10                                     9.6141768303531039e-01
   &COMPONENTS [&Type "ArrayOfIntegers", &Dim (11,4)] "The indices and atomic numbers of the bonding atoms"
                                                         0                           1                           2                           3

0                                                        0                           6                           1                           6
1                                                        0                           6                           4                           1
2                                                        0                           6                           5                           1
3                                                        0                           6                           6                           1
4                                                        1                           6                           2                           6
5                                                        1                           6                           7                           1
6                                                        1                           6                           8                           1
7                                                        2                           6                           3                           6
8                                                        2                           6                           9                           1
9                                                        3                           6                          10                           1
10                                                       3                           6                          11                           1
   &ATNO [&Type "ArrayOfIntegers", &Dim (12,1)] "Atomic number of the elements"
                                                         0

0                                                        6
1                                                        6
2                                                        6
3                                                        6
4                                                        1
5                                                        1
6                                                        1
7                                                        1
8                                                        1
9                                                        1
10                                                       1
11                                                       1
   &NA [&Type "ArrayOfDoubles", &Dim (12,1)] "Mulliken gross atomic population"
                                                         0

0                                      6.3206905343153030e+00
1                                      6.0769385545413366e+00
2                                      6.1335131482762790e+00
3                                      6.2767798875322880e+00
4                                      9.0060411847250410e-01
5                                      8.9456887530924256e-01
6                                      8.9264351596245706e-01
7                                      9.1970228829219292e-01
8                                      9.1293194332091177e-01
9                                      8.9997516055770521e-01
10                                     8.8134346884771408e-01
11                                     8.9030850457197241e-01
   &ZA [&Type "ArrayOfDoubles", &Dim (12,1)] "Total nuclear charge"
                                                         0

0                                      6.0000000000000000e+00
1                                      6.0000000000000000e+00
2                                      6.0000000000000000e+00
3                                      6.0000000000000000e+00
4                                      1.0000000000000000e+00
5                                      1.0000000000000000e+00
6                                      1.0000000000000000e+00
7                                      1.0000000000000000e+00
8                                      1.0000000000000000e+00
9                                      1.0000000000000000e+00
10                                     1.0000000000000000e+00
11                                     1.0000000000000000e+00
   &QA [&Type "ArrayOfDoubles", &Dim (12,1)] "Mulliken gross atomic charge"
                                                         0

0                                     -3.2069053431530303e-01
1                                     -7.6938554541336579e-02
2                                     -1.3351314827627903e-01
3                                     -2.7677988753228799e-01
4                                      9.9395881527495900e-02
5                                      1.0543112469075744e-01
6                                      1.0735648403754294e-01
7                                      8.0297711707807085e-02
8                                      8.7068056679088235e-02
9                                      1.0002483944229479e-01
10                                     1.1865653115228592e-01
11                                     1.0969149542802759e-01
   &VA [&Type "ArrayOfDoubles", &Dim (12,1)] "Mayer's total valence"
                                                         0

0                                      3.9040983281452584e+00
1                                      3.8528026215413091e+00
2                                      3.8655007944957505e+00
3                                      3.9421607487281176e+00
4                                      9.8301703500320192e-01
5                                      9.7934594212406423e-01
6                                      9.8383604614515741e-01
7                                      9.8756448410794684e-01
8                                      9.7704703216459210e-01
9                                      9.7653183650215891e-01
10                                     9.7743876172964561e-01
11                                     9.7988986829449831e-01
   &BVA [&Type "ArrayOfDoubles", &Dim (12,1)] "Mayer's bonded valence"
                                                         0

0                                      3.9040983281452766e+00
1                                      3.8528026215412225e+00
2                                      3.8655007944957349e+00
3                                      3.9421607487280736e+00
4                                      9.8301703500319293e-01
5                                      9.7934594212407056e-01
6                                      9.8383604614515541e-01
7                                      9.8756448410792830e-01
8                                      9.7704703216456212e-01
9                                      9.7653183650215847e-01
10                                     9.7743876172963762e-01
11                                     9.7988986829449154e-01
   &FA [&Type "ArrayOfDoubles", &Dim (12,1)] "Mayer's free valence"
                                                         0

0                                      0.0000000000000000e+00
1                                      0.0000000000000000e+00
2                                      0.0000000000000000e+00
3                                      0.0000000000000000e+00
4                                      0.0000000000000000e+00
5                                      0.0000000000000000e+00
6                                      0.0000000000000000e+00
7                                      0.0000000000000000e+00
8                                      0.0000000000000000e+00
9                                      0.0000000000000000e+00
10                                     0.0000000000000000e+00
11                                     0.0000000000000000e+00
$End
$VdW_Correction
   &GeometryIndex 1
   &ListStatus       OUT
   &VDW [&Type "Double"]      -2.2482573794635197e-03
$End
$Calculation_Info
   &GeometryIndex 1
   &ListStatus       OUT
   &MULT [&Type "Integer"] 1
   &CHARGE [&Type "Integer"] 0
   &NUMOFATOMS [&Type "Integer"] 12
   &NUMOFELECTRONS [&Type "Integer"] 32
   &NUMOFFCELECTRONS [&Type "Integer"] 1
   &NUMOFCORRELECTRONS [&Type "Integer"] 0
   &NUMOFBASISFUNCTS [&Type "Integer"] 172
   &NUMOFAUXCBASISFUNCTS [&Type "Integer"] 0
   &NUMOFAUXJBASISFUNCTS [&Type "Integer"] 208
   &NUMOFAUXJKBASISFUNCTS [&Type "Integer"] 0
   &NUMOFCABSBASISFUNCTS [&Type "Integer"] 0
   &TOTALENERGY [&Type "Double"]      -1.5717100234879103e+02  "Hartrees"
$End
$SCF_Dipole_Moment
   &GeometryIndex 1
   &ListStatus       OUT
   &METHOD [&Type "String"] "SCF"
   &LEVEL [&Type "String"] "Relaxed density"
   &MULT [&Type "Integer"] 1
   &STATE [&Type "Integer"] -1
   &IRREP [&Type "Integer"] 0
   &NATOMS [&Type "Integer"] 12
   &DODIPOLEATOM [&Type "Boolean"] false
   &DIPOLEELECCONTRIB [&Type "ArrayOfDoubles", &Dim (3,1)] "Electronic contribution"
                                                         0

0                                     -1.8467587110142971e+00
1                                      1.3633748591010394e-01
2                                      4.7982160021648051e-01
   &DIPOLENUCCONTRIB [&Type "ArrayOfDoubles", &Dim (3,1)] "Nuclear contribution"
                                                         0

0                                      2.0160311034324119e+00
1                                     -1.0480456775520341e-01
2                                     -4.4415792542267241e-01
   &DIPOLETOTAL [&Type "ArrayOfDoubles", &Dim (3,1)] "Total"
                                                         0

0                                      1.6927239241811476e-01
1                                      3.1532918154900530e-02
2                                      3.5663674793808109e-02
   &DIPOLEMAGNITUDE [&Type "Double", &Units "a.u."]       1.7583903281727409e-01
$End
$THERMOCHEMISTRY_Energies
   &GeometryIndex 1
   &ListStatus       OUT
   &TEMPERATURE [&Type "Double"]       2.9814999999999998e+02
   &PRESSURE [&Type "Double"]       1.0000000000000000e+00
   &TOTALMASS [&Type "Double"]       5.6107999999999990e+01
   &SPINDEGENERACY [&Type "Integer"] 1
   &ELENERGY [&Type "Double"]      -1.5717100234879103e+02
   &TRANSENERGY [&Type "Double"]       1.4162714244859817e-03
   &ROTENERGY [&Type "Double"]       1.4162714244859817e-03
   &VIBENERGY [&Type "Double"]       2.3744941894713310e-03
   &NUMOFFREQS [&Type "Integer"] 36
   &FREQSCALINGFACTOR [&Type "Double"]       1.0000000000000000e+00
   &FREQ [&Type "ArrayOfDoubles", &Dim (36,1)] "In cm^-1"
                                                         0

0                                      0.0000000000000000e+00
1                                      0.0000000000000000e+00
2                                      0.0000000000000000e+00
3                                      0.0000000000000000e+00
4                                      0.0000000000000000e+00
5                                      0.0000000000000000e+00
6                                      1.1933771291275221e+02
7                                      2.5009729613176339e+02
8                                      3.2289245198167157e+02
9                                      4.4418603259727564e+02
10                                     6.5891230966750970e+02
11                                     8.0228349198648380e+02
12                                     8.6404630847312160e+02
13                                     9.3060116995299734e+02
14                                     9.9026279616178135e+02
15                                     1.0195730673011586e+03
16                                     1.0322636290356963e+03
17                                     1.0916233893365711e+03
18                                     1.2014732254729663e+03
19                                     1.2870706881524493e+03
20                                     1.3165852247608721e+03
21                                     1.3350077176637765e+03
22                                     1.3983602619923472e+03
23                                     1.4488596988019747e+03
24                                     1.4729279042633254e+03
25                                     1.4909779416103047e+03
26                                     1.4987655247502771e+03
27                                     1.6859141786236030e+03
28                                     2.9921522701003541e+03
29                                     3.0050612003673191e+03
30                                     3.0449886859349235e+03
31                                     3.0840085095006689e+03
32                                     3.0870910010748594e+03
33                                     3.0996904831948245e+03
34                                     3.1082661807678064e+03
35                                     3.1949884012872590e+03
   &ZPE [&Type "Double"]       1.0770782145561310e-01
   &INNERENERGYU [&Type "Double"]      -1.5705808749029697e+02
   &ENTHALPYH [&Type "Double"]      -1.5705714328125472e+02
   &QEL [&Type "Double"]       0.0000000000000000e+00
   &QROT [&Type "Double"]       1.1517214713548319e-02
   &QVIB [&Type "Double"]       3.8922227342904491e-03
   &QTRANS [&Type "Double"]       1.8052790503498464e-02
   &ENTROPYS [&Type "Double"]       3.3462227951337235e-02
   &FREEENERGYG [&Type "Double"]      -1.5709060550920606e+02
   &ISLINEAR [&Type "Boolean"] false
$End
$Hessian
   &GeometryIndex 1
   &ListStatus       OUT
   &HESSIAN [&Type "ArrayOfDoubles", &Dim (36,36)] "The Hessian"
                                                         0                           1                           2                           3                           4                           5                           6                           7

0                                      4.9522426834243966e-01         5.3642401264477349e-02         2.0353444292450638e-02        -1.2915522251778383e-01         4.9290574341459684e-02         2.1240340822428816e-02        -3.5744954925953212e-02         1.4089421697778097e-02
1                                      5.3642401264477349e-02         5.1969480606345353e-01        -1.5443616226947968e-02         4.4482457544514388e-02        -1.1327178571525449e-01        -1.1404569080342621e-02        -9.3242530384018661e-03         1.5432753983300879e-02
2                                      2.0353444292450638e-02        -1.5443616226947968e-02         5.5200192210956078e-01         2.0568996296933845e-02        -1.3433650946343660e-02        -8.2388207778367473e-02         4.9681292466697479e-03        -2.5181913869050578e-03
3                                     -1.2915522251778383e-01         4.4482457544514388e-02         2.0568996296933845e-02         4.4865926833576508e-01         1.5439821407866747e-02         3.8589206541312648e-02        -1.6191522292675589e-01        -5.9228917987168991e-02
4                                      4.9290574341459684e-02        -1.1327178571525449e-01        -1.3433650946343660e-02         1.5439821407866747e-02         5.1577129314123216e-01        -3.4401235828710020e-02        -6.1282645539195546e-02        -1.2266154532333728e-01
5                                      2.1240340822428816e-02        -1.1404569080342621e-02        -8.2388207778367473e-02         3.8589206541312648e-02        -3.4401235828710020e-02         5.6553093552118350e-01         1.6981295818917042e-02         2.1969125601124760e-02
6                                     -3.5744954925953212e-02        -9.3242530384018661e-03         4.9681292466697479e-03        -1.6191522292675589e-01        -6.1282645539195546e-02         1.6981295818917042e-02         6.9262578115597406e-01         3.1149663623050463e-02
7                                      1.4089421697778097e-02         1.5432753983300879e-02        -2.5181913869050578e-03        -5.9228917987168991e-02        -1.2266154532333728e-01         2.1969125601124760e-02         3.1149663623050463e-02         3.9760841532210839e-01
8                                      7.7760934948799855e-03         3.9282170485937934e-03        -1.7769435036796895e-03         1.2970926773017397e-02         1.9469181737156074e-02        -8.5331943731808149e-02         2.0458813643369061e-01        -2.2180043888358925e-01
9                                      1.5725684629304577e-04        -3.7864500006243116e-03        -6.5367664484101366e-04        -3.0327276847803765e-02        -1.1114870227333512e-03        -1.5796318775881567e-02        -4.1390468574077366e-01         3.5083136964662594e-02
10                                    -1.4307629503235711e-03        -2.7716865327510479e-03        -9.4534118636365746e-05        -1.7840827771596204e-02         7.2208607699097305e-03        -7.7264108438104082e-03         3.3578336207506630e-02        -9.1161642083444808e-02
11                                     2.1220552351938447e-03        -1.4976993603961616e-04        -1.5433262814113782e-04        -2.8213791709920041e-04        -5.1177897299523219e-04         7.2032901598097871e-03        -1.9573254284315053e-01         5.7199750018424145e-02
12                                    -5.2946400235131308e-02         2.8010987449370226e-02        -3.0755471532942877e-02        -5.9524771041523589e-03         1.7899341649924086e-02        -1.9313234698036755e-02         1.7804733775296060e-03         9.3014143250483067e-04
13                                     2.8234266491919027e-02        -1.6191108725092529e-01         1.2447201279899271e-01         3.9685141452540564e-03        -1.5047281555255873e-02         1.4263094830421928e-02        -1.4215707193406470e-03         5.1566991163318893e-04
14                                    -3.1339500364550035e-02         1.2496689277107509e-01        -1.8083277478376625e-01         1.3865631801252415e-03        -6.6745370258295255e-03         6.5317805385281449e-03         4.0049001218863019e-05        -1.4086106576218210e-04
15                                    -2.2120236807602542e-01        -1.1894207356992129e-01         2.5682638111973521e-02        -2.0764901337696862e-02        -1.4572675587813864e-02         3.3190405669766623e-03        -3.1161006971661166e-03         5.6437262107561295e-03
16                                    -1.1999155423564928e-01        -1.2611132302161843e-01         1.7537143471970947e-02         1.9053066021901141e-02         1.1180137153417816e-02        -3.5668518945518660e-03         1.9244729580711615e-03        -2.8823601335122963e-03
17                                     2.5296807445478603e-02         1.6893658685122874e-02        -5.0486570645891890e-02         6.6438190457436559e-03         5.1679897607348358e-03        -2.5547166809871034e-03         1.3013940421686470e-03        -1.6532027963207527e-03
18                                    -5.6499340267290421e-02        -2.5991541308757419e-02        -4.5179509912674221e-02         3.1561638122830984e-03         1.2757516058260258e-02         2.3575242620110591e-02         2.6576038266614395e-03         5.3928447351915673e-04
19                                    -2.5521094383782597e-02        -1.0574301054301531e-01        -1.0510805589491051e-01        -2.9258045494653159e-03        -1.0425965986935584e-02        -1.7373149742030653e-02        -1.4699904734830445e-03         2.6618196861094199e-04
20                                    -4.4001796006407058e-02        -1.0539996485585137e-01        -2.3584727941937067e-01        -6.7776317318456528e-04        -3.4798088365336384e-03        -6.9493707600692314e-03        -1.0903016203170158e-03        -3.5558517041830995e-05
21                                    -5.5665600674454328e-03         1.8062461860727574e-02        -1.8920871491342528e-02        -5.2756494963858779e-02         2.6997654354263885e-02        -3.0242015590244593e-02         2.9502187004207345e-03        -2.0197589008304630e-02
22                                     4.1133029448297172e-03        -1.3604875768518182e-02         1.3159203048689306e-02         2.5459128645997094e-02        -1.6226703667292966e-01         1.2150884137926439e-01         1.6971349069565284e-03        -1.4503458665930034e-02
23                                     1.9340222585553374e-03        -7.1105018579711871e-03         6.8028212870719588e-03        -2.9125457515964990e-02         1.2291099865711705e-01        -1.7913649305581980e-01        -6.3798746196406207e-04         4.3761626252184554e-03
24                                     3.7380805157615354e-03         1.5199602463151480e-02         2.3947680671732457e-02        -5.4066635500895618e-02        -3.0546323375940456e-02        -5.1657075456196820e-02        -1.1937559181188710e-02        -1.3899876335232823e-02
25                                    -1.8111236562020662e-03        -1.1795126668092978e-02        -1.8106792387217175e-02        -2.9592912535285287e-02        -1.0339343494739750e-01        -9.7847222791478422e-02        -5.9042270135599879e-03        -8.2304933844320367e-03
26                                    -1.3323086275628393e-03        -4.9520245820444389e-03        -8.1698823393566329e-03        -4.8211781989998620e-02        -9.6329325836188862e-02        -2.2310222600516311e-01        -1.1292715122988798e-03         2.8783965808874146e-03
27                                     2.1956313590456651e-03        -7.8898904662502299e-04         9.5581154658444544e-05         2.0904910197836967e-03        -1.7991119766059955e-02         1.8496205085469099e-02        -5.4638782110947845e-02         4.0276788577767696e-03
28                                     2.5085610318546911e-04         4.9994154259582878e-04        -3.6490835768541140e-04         2.1867114612586294e-03        -1.0933574577031924e-02         1.3234362287460564e-02         6.8331853477088811e-03        -1.7846444667343644e-01
29                                    -8.2591790232950215e-04        -2.7801906932584629e-05         3.9290341657553047e-04        -1.5621417576752797e-03         3.6728315246751780e-03        -1.6390350334129409e-03        -1.3013627118211166e-02         1.3548585415960807e-01
30                                     1.7474540734765216e-04        -2.6404801478869177e-04        -1.6953246431408828e-04        -3.5341498234919833e-05        -5.9268752630646862e-04        -5.9071111860286357e-03        -1.9352379396135370e-02        -1.7443215784248213e-02
31                                    -1.4821290518575014e-03        -1.0066042351979257e-03        -2.4884718012723318e-04        -1.4384701100958203e-03         6.8273873982690365e-03         6.5498735130104374e-03         5.1100298010731127e-03         4.3280731362197577e-03
32                                    -1.8328886635121072e-03        -1.5804628622366156e-03         1.5014229164901502e-04        -3.7033468041118489e-03         7.5909655164957332e-03         5.1154455033306928e-03        -1.5158610710018826e-02        -1.0266082625184865e-02
33                                    -3.7513638125789541e-04        -2.6342871669645068e-04         4.7091673926696756e-05         1.0676495293501656e-03         3.6322279620618699e-03         7.8812893652547146e-04         5.9560791833477515e-04         1.9232480854813640e-02
34                                     5.7871454773968795e-04         5.8799814602345435e-04         1.3393961769765043e-04         5.1703677103266937e-04        -2.9990536846864375e-03        -5.1987178040701892e-03        -8.1607106029270987e-04        -2.4714805778020769e-04
35                                     6.2514861314368932e-04         2.9624036499741090e-04         3.0820199371646949e-04         3.3294126355497677e-03        -3.9887693758658173e-03        -3.2794586772243433e-03        -1.2083442135464723e-03         1.4489422825220703e-02
                                                         8                           9                          10                          11                          12                          13                          14                          15

0                                      7.7760934948799855e-03         1.5725684629304577e-04        -1.4307629503235711e-03         2.1220552351938447e-03        -5.2946400235131308e-02         2.8234266491919027e-02        -3.1339500364550035e-02        -2.2120236807602542e-01
1                                      3.9282170485937934e-03        -3.7864500006243116e-03        -2.7716865327510479e-03        -1.4976993603961616e-04         2.8010987449370226e-02        -1.6191108725092529e-01         1.2496689277107509e-01        -1.1894207356992129e-01
2                                     -1.7769435036796895e-03        -6.5367664484101366e-04        -9.4534118636365746e-05        -1.5433262814113782e-04        -3.0755471532942877e-02         1.2447201279899271e-01        -1.8083277478376625e-01         2.5682638111973521e-02
3                                      1.2970926773017397e-02        -3.0327276847803765e-02        -1.7840827771596204e-02        -2.8213791709920041e-04        -5.9524771041523589e-03         3.9685141452540564e-03         1.3865631801252415e-03        -2.0764901337696862e-02
4                                      1.9469181737156074e-02        -1.1114870227333512e-03         7.2208607699097305e-03        -5.1177897299523219e-04         1.7899341649924086e-02        -1.5047281555255873e-02        -6.6745370258295255e-03        -1.4572675587813864e-02
5                                     -8.5331943731808149e-02        -1.5796318775881567e-02        -7.7264108438104082e-03         7.2032901598097871e-03        -1.9313234698036755e-02         1.4263094830421928e-02         6.5317805385281449e-03         3.3190405669766623e-03
6                                      2.0458813643369061e-01        -4.1390468574077366e-01         3.3578336207506630e-02        -1.9573254284315053e-01         1.7804733775296060e-03        -1.4215707193406470e-03         4.0049001218863019e-05        -3.1161006971661166e-03
7                                     -2.2180043888358925e-01         3.5083136964662594e-02        -9.1161642083444808e-02         5.7199750018424145e-02         9.3014143250483067e-04         5.1566991163318893e-04        -1.4086106576218210e-04         5.6437262107561295e-03
8                                      4.5859663040359250e-01        -1.9697373303902233e-01         5.6567379892278308e-02        -1.9184390155862499e-01        -1.6581528681753133e-03        -2.8980626185435383e-05         5.0016799213314879e-04         6.1317608300295130e-04
9                                     -1.9697373303902233e-01         7.2760712158605267e-01         9.1014369799824080e-02         1.9079164958455619e-01        -2.0828262187305160e-04         1.7347395249902057e-04        -8.3561030672969598e-05        -6.8655671192456493e-04
10                                     5.6567379892278308e-02         9.1014369799824080e-02         3.9972176529537740e-01        -2.4889324617576075e-01        -2.8880510345528660e-04         2.7002996437690242e-04        -2.2968974923179644e-04        -8.1149648324852733e-04
11                                    -1.9184390155862499e-01         1.9079164958455619e-01        -2.4889324617576075e-01         4.2997513342875981e-01         1.7985087350215180e-04        -2.2925955958180439e-04         1.0751668566805553e-04         7.6378506575174986e-04
12                                    -1.6581528681753133e-03        -2.0828262187305160e-04        -2.8880510345528660e-04         1.7985087350215180e-04         5.7452500825396977e-02        -3.5305353563123351e-02         3.3206595316456006e-02         5.3255978088046531e-03
13                                    -2.8980626185435383e-05         1.7347395249902057e-04         2.7002996437690242e-04        -2.2925955958180439e-04        -3.5305353563123351e-02         1.7713662014080306e-01        -1.3675104862767351e-01         3.8708937491983425e-03
14                                     5.0016799213314879e-04        -8.3561030672969598e-05        -2.2968974923179644e-04         1.0751668566805553e-04         3.3206595316456006e-02        -1.3675104862767351e-01         1.9322534264436159e-01        -7.3982809262284829e-04
15                                     6.1317608300295130e-04        -6.8655671192456493e-04        -8.1149648324852733e-04         7.6378506575174986e-04         5.3255978088046531e-03         3.8708937491983425e-03        -7.3982809262284829e-04         2.4346901433058665e-01
16                                    -7.8151834103069710e-04         9.5655511526687980e-04         9.3319908535338008e-04         1.1340776138309312e-04        -1.7461707524618130e-02        -1.1628915016254234e-02         7.7184538950129944e-04         1.2788755343067598e-01
17                                     3.5130507478006105e-04         5.1658984247418831e-04         3.4938644680820836e-04         2.4492827657521032e-04         1.9991018904898909e-02         1.2194031944849890e-02        -2.8306924857730556e-03        -2.9803375247704503e-02
18                                     8.4954739802264216e-04        -3.3661208139888939e-05        -1.5966556793939898e-04        -6.9368075915957235e-04        -2.2110317492733339e-03        -2.8707430302135550e-03        -3.4818264379336506e-03        -4.6859674636253491e-03
19                                     8.5706440014167657e-04         4.1106295558977334e-04         3.3705426422283690e-04         2.2580413039628602e-04         4.4733443569486969e-03         1.1321660469726002e-02         1.9254281882385389e-02        -2.4594252375786663e-03
20                                     3.8283358602194274e-04         5.3112929137853239e-04         3.3624596296254086e-04         2.9525507989814010e-04        -4.4836422806903559e-03        -1.1726296571504043e-02        -1.8532101817105014e-02         1.0413810800834443e-03
21                                     2.1385892080923036e-02         1.4128895654280283e-03        -3.8842535762857543e-04         1.2133959407428815e-03        -3.8442292943196483e-03         3.3523617954046253e-03         1.9624871007817421e-03         4.6484499586378408e-04
22                                     1.4609327534258965e-02         1.7615518595235444e-03         8.3130435422812442e-04        -6.6230765805750345e-04         3.1173782829566499e-03        -1.3525834265215653e-03        -1.3950026778574095e-03        -6.3279885709597097e-05
23                                    -5.3310588064043856e-03        -5.9976025988322038e-04        -1.6917938753135491e-03         7.9845132556952223e-04         1.8671864717951666e-03        -1.8450759137038147e-03         8.9131992256414943e-04        -7.3271940264546965e-04
24                                    -2.5814626482644914e-02        -1.9334177169792791e-03        -2.5918350111393002e-03         2.1199542229730305e-03         1.0595249408120750e-03        -5.8562988285963365e-04        -5.3566809125453084e-04         1.1591323262337269e-03
25                                    -1.5468065698939191e-02        -1.0092935116210412e-03        -1.3648255950702297e-03         1.1363590496183470e-03        -7.2517087600910144e-04         1.7373248667327482e-04         1.1217177236731756e-04        -2.2510586527445166e-04
26                                     5.2888268783321084e-03         9.0095791057140558e-04        -5.1814299279317848e-04         7.5099743587394891e-04         1.3673916186653567e-04        -3.2125603167860312e-05         9.8325653068410002e-04         2.9794869427304978e-04
27                                    -1.0181061062733178e-02         3.6261013167358921e-04         2.0150803725634436e-02        -2.2085197224597175e-02        -4.8726680283234019e-04         6.5954178678113626e-04        -4.3830611537099906e-04         1.8367377885949597e-04
28                                     1.3724098797138823e-01        -1.8835176808638804e-03         5.6871298895570224e-04         4.4563300467623350e-03        -5.2328458438024260e-04         5.6031865245270273e-04         1.1121261524528817e-05        -1.5941898210247978e-04
29                                    -1.7733861854955776e-01        -9.6786220454316008e-04         1.4522890781452675e-02        -8.4544406577903922e-03         5.3657150598585121e-04        -1.6149407199612335e-04         3.9922244526599884e-06         4.2887051605535083e-05
30                                     7.5610907818567143e-03        -2.2684972901250222e-01        -1.2858548229798877e-01         3.8472599277796400e-02        -5.1957751280983216e-05         4.2086338927907647e-05        -1.6562240728609703e-05        -4.7750361919108014e-05
31                                     3.2125214308335870e-05        -1.3201124684456933e-01        -1.3685666378334732e-01         4.2477530501294686e-02        -6.2277924660298755e-05         6.2981343026578644e-05        -2.6568590637420300e-05        -4.4017162766712969e-04
