*************************************************
******************* ORCA 6.0.0 ******************
*************************************************
$Calculation_Status
   &GeometryIndex 1
   &ListStatus       OUT
   &VERSION [&Type "String"] "6.0.0"
   &PROGNAME [&Type "String"] "LeanSCF"
   &STATUS [&Type "String"] "NORMAL TERMINATION"
$End
$Geometry
   &GeometryIndex 1
   &ListStatus       OUT
   &NATOMS [&Type "Integer"] 12
   &NCORELESSECP [&Type "Integer"] 0
   &NGHOSTATOMS [&Type "Integer"] 0
   &CartesianCoordinates [&Type "Coordinates", &Dim(12,4), &Units "Bohr"] 
              C      3.308746799441   -0.600916562755    0.419931007637
              C      1.074083352391    1.100808417036   -0.294122420351
              C     -1.295597502399   -0.380020630983   -0.737624757223
              C     -3.442758300292   -0.096348128567    0.537420343581
              H      5.029843861097    0.510241097245    0.698368761926
              H      3.683541894334   -1.991892130211   -1.065520596421
              H      2.911544656750   -1.633497912877    2.166419081016
              H      1.554484228341    2.148804652704   -2.021248040021
              H      0.745738436218    2.508419025952    1.189499897628
              H     -1.190840768680   -1.815945033776   -2.213737444142
              H     -5.092754412945   -1.245591741786    0.135780101586
              H     -3.620083823818    1.307140324169    2.027304884212
$End
$SCF_Energy
   &GeometryIndex 1
   &ListStatus       OUT
   &SCF_ENERGY [&Type "Double"]      -1.5717323695825522e+02
$End
$DFT_Energy
   &GeometryIndex 1
   &ListStatus       OUT
   &NALPHAEL [&Type "Integer"] 16
   &NBETAEL [&Type "Integer"] 16
   &NTOTALEL [&Type "Integer"] 32
   &EEXCHANGE [&Type "Double"]      -2.3611222691975211e+01
   &ECORR [&Type "Double"]      -9.7152404141836124e-01
   &ECNL [&Type "Double"]       0.0000000000000000e+00
   &EXC [&Type "Double"]      -2.4582746733393574e+01
   &EEMBED [&Type "Double"]       0.0000000000000000e+00
   &FINALEN [&Type "Double"]      -1.5717323695825522e+02  "No Van der Waals correction"
$End
$Mulliken_Population_Analysis
   &GeometryIndex 1
   &ListStatus       OUT
   &NATOMS [&Type "Integer"] 12
   &ATNO [&Type "ArrayOfIntegers", &Dim (12,1)] 
                                                         0

0                                                        6
1                                                        6
2                                                        6
3                                                        6
4                                                        1
5                                                        1
6                                                        1
7                                                        1
8                                                        1
9                                                        1
10                                                       1
11                                                       1
   &ATOMICCHARGES [&Type "ArrayOfDoubles", &Dim (12,1)] 
                                                         0

0                                     -3.2043621942012734e-01
1                                     -7.8568996446291450e-02
2                                     -1.3272790260764999e-01
3                                     -2.7596492426475461e-01
4                                      1.0577809471802013e-01
5                                      9.9338098001974573e-02
6                                      1.0745141797402558e-01
7                                      8.7438596007424652e-02
8                                      7.9966104860700327e-02
9                                      9.9811446166219286e-02
10                                     1.1857480904709417e-01
11                                     1.0933947596328353e-01
$End
$Loewdin_Population_Analysis
   &GeometryIndex 1
   &ListStatus       OUT
   &NATOMS [&Type "Integer"] 12
   &ATNO [&Type "ArrayOfIntegers", &Dim (12,1)] 
                                                         0

0                                                        6
1                                                        6
2                                                        6
3                                                        6
4                                                        1
5                                                        1
6                                                        1
7                                                        1
8                                                        1
9                                                        1
10                                                       1
11                                                       1
   &ATOMICCHARGES [&Type "ArrayOfDoubles", &Dim (12,1)] 
                                                         0

0                                     -3.0306453628785679e-01
1                                     -2.7769969594137933e-01
2                                     -2.0686227860591089e-01
3                                     -2.2062967445308512e-01
4                                      1.1727871706931958e-01
5                                      1.1764619835584900e-01
6                                      1.1947738641831873e-01
7                                      1.3982885839502124e-01
8                                      1.3633629376268885e-01
9                                      1.3843705916793370e-01
10                                     1.1983372341286036e-01
11                                     1.1941794870616673e-01
$End
$Mayer_Population_Analysis
   &GeometryIndex 1
   &ListStatus       OUT
   &NATOMS [&Type "Integer"] 12 "Total number of atoms"
   &BONDTHRESH [&Type "Double"]       1.0000000000000001e-01  "The threshold for printing"
   &NBONDORDERSPRINT [&Type "Integer"] 11 "The number of bond orders larger than threshold"
   &BONDORDERS [&Type "ArrayOfDoubles", &Dim (11,1)] "The bond orders"
                                                         0

0                                      9.6183966501847840e-01
1                                      9.7161512633499969e-01
2                                      9.7775094933053353e-01
3                                      9.7473403507446921e-01
4                                      9.6053071626373365e-01
5                                      9.5723717135264474e-01
6                                      9.6865107832668185e-01
7                                      1.9439252469608754e+00
8                                      9.5306339070106472e-01
9                                      9.6257146539702443e-01
10                                     9.6144440720966928e-01
   &COMPONENTS [&Type "ArrayOfIntegers", &Dim (11,4)] "The indices and atomic numbers of the bonding atoms"
                                                         0                           1                           2                           3

0                                                        0                           6                           1                           6
1                                                        0                           6                           4                           1
2                                                        0                           6                           5                           1
3                                                        0                           6                           6                           1
4                                                        1                           6                           2                           6
5                                                        1                           6                           7                           1
6                                                        1                           6                           8                           1
7                                                        2                           6                           3                           6
8                                                        2                           6                           9                           1
9                                                        3                           6                          10                           1
10                                                       3                           6                          11                           1
   &ATNO [&Type "ArrayOfIntegers", &Dim (12,1)] "Atomic number of the elements"
                                                         0

0                                                        6
1                                                        6
2                                                        6
3                                                        6
4                                                        1
5                                                        1
6                                                        1
7                                                        1
8                                                        1
9                                                        1
10                                                       1
11                                                       1
   &NA [&Type "ArrayOfDoubles", &Dim (12,1)] "Mulliken gross atomic population"
                                                         0

0                                      6.3204362194201247e+00
1                                      6.0785689964463119e+00
2                                      6.1327279026076722e+00
3                                      6.2759649242647448e+00
4                                      8.9422190528197987e-01
5                                      9.0066190199802609e-01
6                                      8.9254858202597520e-01
7                                      9.1256140399257379e-01
8                                      9.2003389513929834e-01
9                                      9.0018855383378149e-01
10                                     8.8142519095290683e-01
11                                     8.9066052403671814e-01
   &ZA [&Type "ArrayOfDoubles", &Dim (12,1)] "Total nuclear charge"
                                                         0

0                                      6.0000000000000000e+00
1                                      6.0000000000000000e+00
2                                      6.0000000000000000e+00
3                                      6.0000000000000000e+00
4                                      1.0000000000000000e+00
5                                      1.0000000000000000e+00
6                                      1.0000000000000000e+00
7                                      1.0000000000000000e+00
8                                      1.0000000000000000e+00
9                                      1.0000000000000000e+00
10                                     1.0000000000000000e+00
11                                     1.0000000000000000e+00
   &QA [&Type "ArrayOfDoubles", &Dim (12,1)] "Mulliken gross atomic charge"
                                                         0

0                                     -3.2043621942012468e-01
1                                     -7.8568996446311878e-02
2                                     -1.3272790260767220e-01
3                                     -2.7596492426474484e-01
4                                      1.0577809471802013e-01
5                                      9.9338098001973907e-02
6                                      1.0745141797402480e-01
7                                      8.7438596007426206e-02
8                                      7.9966104860701659e-02
9                                      9.9811446166218509e-02
10                                     1.1857480904709317e-01
11                                     1.0933947596328186e-01
   &VA [&Type "ArrayOfDoubles", &Dim (12,1)] "Mayer's total valence"
                                                         0

0                                      3.9038779423633243e+00
1                                      3.8533026846887002e+00
2                                      3.8662940857265462e+00
3                                      3.9433995428863238e+00
4                                      9.7937441442495854e-01
5                                      9.8302305307738203e-01
6                                      9.8380157747701413e-01
7                                      9.7692272603379327e-01
8                                      9.8758025797940718e-01
9                                      9.7653240376822681e-01
10                                     9.7746154860844614e-01
11                                     9.7992352512682546e-01
   &BVA [&Type "ArrayOfDoubles", &Dim (12,1)] "Mayer's bonded valence"
                                                         0

0                                      3.9038779423633678e+00
1                                      3.8533026846886984e+00
2                                      3.8662940857265351e+00
3                                      3.9433995428863557e+00
4                                      9.7937441442496331e-01
5                                      9.8302305307739946e-01
6                                      9.8380157747700403e-01
7                                      9.7692272603382235e-01
8                                      9.8758025797941307e-01
9                                      9.7653240376822947e-01
10                                     9.7746154860842849e-01
11                                     9.7992352512682257e-01
   &FA [&Type "ArrayOfDoubles", &Dim (12,1)] "Mayer's free valence"
                                                         0

0                                      0.0000000000000000e+00
1                                      0.0000000000000000e+00
2                                      0.0000000000000000e+00
3                                      0.0000000000000000e+00
4                                      0.0000000000000000e+00
5                                      0.0000000000000000e+00
6                                      0.0000000000000000e+00
7                                      0.0000000000000000e+00
8                                      0.0000000000000000e+00
9                                      0.0000000000000000e+00
10                                     0.0000000000000000e+00
11                                     0.0000000000000000e+00
$End
$VdW_Correction
   &GeometryIndex 1
   &ListStatus       OUT
   &VDW [&Type "Double"]      -2.2484842358313920e-03
$End
$Calculation_Info
   &GeometryIndex 1
   &ListStatus       OUT
   &MULT [&Type "Integer"] 1
   &CHARGE [&Type "Integer"] 0
   &NUMOFATOMS [&Type "Integer"] 12
   &NUMOFELECTRONS [&Type "Integer"] 32
   &NUMOFFCELECTRONS [&Type "Integer"] 1
   &NUMOFCORRELECTRONS [&Type "Integer"] 0
   &NUMOFBASISFUNCTS [&Type "Integer"] 172
   &NUMOFAUXCBASISFUNCTS [&Type "Integer"] 0
   &NUMOFAUXJBASISFUNCTS [&Type "Integer"] 208
   &NUMOFAUXJKBASISFUNCTS [&Type "Integer"] 0
   &NUMOFCABSBASISFUNCTS [&Type "Integer"] 0
   &TOTALENERGY [&Type "Double"]      -1.5717102480699103e+02  "Hartrees"
$End
$SCF_Dipole_Moment
   &GeometryIndex 1
   &ListStatus       OUT
   &METHOD [&Type "String"] "SCF"
   &LEVEL [&Type "String"] "Relaxed density"
   &MULT [&Type "Integer"] 1
   &STATE [&Type "Integer"] -1
   &IRREP [&Type "Integer"] 0
   &NATOMS [&Type "Integer"] 12
   &DODIPOLEATOM [&Type "Boolean"] false
   &DIPOLEELECCONTRIB [&Type "ArrayOfDoubles", &Dim (3,1)] "Electronic contribution"
                                                         0

0                                     -1.8451759696386296e+00
1                                      1.4113890374979723e-01
2                                     -4.8706910610398046e-01
   &DIPOLENUCCONTRIB [&Type "ArrayOfDoubles", &Dim (3,1)] "Nuclear contribution"
                                                         0

0                                      2.0118377984798808e+00
1                                     -1.1025955911105911e-01
2                                      4.5302063405800186e-01
   &DIPOLETOTAL [&Type "ArrayOfDoubles", &Dim (3,1)] "Total"
                                                         0

0                                      1.6666182884125114e-01
1                                      3.0879344638738121e-02
2                                     -3.4048472045978606e-02
   &DIPOLEMAGNITUDE [&Type "Double", &Units "a.u."]       1.7288434737330688e-01
$End
$THERMOCHEMISTRY_Energies
   &GeometryIndex 1
   &ListStatus       OUT
   &TEMPERATURE [&Type "Double"]       2.9814999999999998e+02
   &PRESSURE [&Type "Double"]       1.0000000000000000e+00
   &TOTALMASS [&Type "Double"]       5.6107999999999990e+01
   &SPINDEGENERACY [&Type "Integer"] 1
   &ELENERGY [&Type "Double"]      -1.5717102480699103e+02
   &TRANSENERGY [&Type "Double"]       1.4162714244859817e-03
   &ROTENERGY [&Type "Double"]       1.4162714244859817e-03
   &VIBENERGY [&Type "Double"]       2.4195756723514260e-03
   &NUMOFFREQS [&Type "Integer"] 36
   &FREQSCALINGFACTOR [&Type "Double"]       1.0000000000000000e+00
   &FREQ [&Type "ArrayOfDoubles", &Dim (36,1)] "In cm^-1"
                                                         0

0                                      0.0000000000000000e+00
1                                      0.0000000000000000e+00
2                                      0.0000000000000000e+00
3                                      0.0000000000000000e+00
4                                      0.0000000000000000e+00
5                                      0.0000000000000000e+00
6                                      1.0868296715176650e+02
7                                      2.4167192130980797e+02
8                                      3.1796302282173428e+02
9                                      4.4127759290675380e+02
10                                     6.5494212124811668e+02
11                                     7.9985623841225595e+02
12                                     8.6104426393067922e+02
13                                     9.2761208699668919e+02
14                                     9.8756683480651350e+02
15                                     1.0172215877014058e+03
16                                     1.0304924716283267e+03
17                                     1.0908645694506283e+03
18                                     1.1996366445489502e+03
19                                     1.2864140169943175e+03
20                                     1.3170466924352520e+03
21                                     1.3358750399774929e+03
22                                     1.3968557244086096e+03
23                                     1.4484329347754822e+03
24                                     1.4739204611565781e+03
25                                     1.4901363492539574e+03
26                                     1.4984866781480762e+03
27                                     1.6931154925463568e+03
28                                     2.9921871775288187e+03
29                                     3.0093030144558770e+03
30                                     3.0442973305086684e+03
31                                     3.0866524291936203e+03
32                                     3.0933424196300875e+03
33                                     3.1048327743152145e+03
34                                     3.1181938648052369e+03
35                                     3.2061081432125420e+03
   &ZPE [&Type "Double"]       1.0769817139360296e-01
   &INNERENERGYU [&Type "Double"]      -1.5705807451707611e+02
   &ENTHALPYH [&Type "Double"]      -1.5705713030803386e+02
   &QEL [&Type "Double"]       0.0000000000000000e+00
   &QROT [&Type "Double"]       1.1518002552982631e-02
   &QVIB [&Type "Double"]       3.9945325399893313e-03
   &QTRANS [&Type "Double"]       1.8052790503498464e-02
   &ENTROPYS [&Type "Double"]       3.3565325596470429e-02
   &FREEENERGYG [&Type "Double"]      -1.5709069563363033e+02
   &ISLINEAR [&Type "Boolean"] false
$End
$Hessian
   &GeometryIndex 1
   &ListStatus       OUT
   &HESSIAN [&Type "ArrayOfDoubles", &Dim (36,36)] "The Hessian"
                                                         0                           1                           2                           3                           4                           5                           6                           7

0                                      4.9584586953051085e-01         5.5527752407372781e-02        -2.1131637560029490e-02        -1.2818373175781470e-01         4.8698595846692484e-02        -2.0426160253307530e-02        -3.5438880664851499e-02         1.4195885401454177e-02
1                                      5.5527752407372781e-02         5.1942063383107828e-01         1.5085758315451551e-02         4.3922215488236542e-02        -1.1328462971840635e-01         1.1080612889979195e-02        -9.2010603352133367e-03         1.5446583057895966e-02
2                                     -2.1131637560029490e-02         1.5085758315451551e-02         5.5219478478780559e-01        -1.9956819994923179e-02         1.3172690020417150e-02        -8.2103644182929980e-02        -5.1405551691696277e-03         2.7098007018362576e-03
3                                     -1.2818373175781470e-01         4.3922215488236542e-02        -1.9956819994923179e-02         4.4721195504010691e-01         1.6303344845562742e-02        -3.8547089914540048e-02        -1.6148190487199446e-01        -5.8458998011704760e-02
4                                      4.8698595846692484e-02        -1.1328462971840635e-01         1.3172690020417150e-02         1.6303344845562742e-02         5.1496512867710720e-01         3.2713217342892523e-02        -6.0559717822910628e-02        -1.2165235839341074e-01
5                                     -2.0426160253307530e-02         1.1080612889979195e-02        -8.2103644182929980e-02        -3.8547089914540048e-02         3.2713217342892523e-02         5.6507530666789807e-01        -1.7681830764614919e-02        -2.2111105550734578e-02
6                                     -3.5438880664851499e-02        -9.2010603352133367e-03        -5.1405551691696277e-03        -1.6148190487199446e-01        -6.0559717822910628e-02        -1.7681830764614919e-02         6.9528471505581479e-01         3.3879353031950027e-02
7                                      1.4195885401454177e-02         1.5446583057895966e-02         2.7098007018362576e-03        -5.8458998011704760e-02        -1.2165235839341074e-01        -2.2111105550734578e-02         3.3879353031950027e-02         3.9023961461047824e-01
8                                     -7.5309191844638891e-03        -3.7195205642159617e-03        -1.8235165576208322e-03        -1.3512090988936592e-02        -1.9635728652153954e-02        -8.5903538796409190e-02        -2.0821165213086051e-01         2.2156136511442664e-01
9                                      1.7920188203607648e-04        -3.7769595759456782e-03         6.4028179538756346e-04        -3.0339057640929815e-02        -1.3972036565989398e-03         1.5902966170918988e-02        -4.1767405577403627e-01         3.2542005744624708e-02
10                                    -1.3948217969951878e-03        -2.7673037433345229e-03         8.5566856033934141e-05        -1.7805489648296129e-02         7.0831513596084777e-03         7.7439399593203246e-03         3.1003685539273851e-02        -8.8847773080102971e-02
11                                    -2.1643561858476559e-03         1.1641880184449756e-04        -1.7232430650443404e-04         1.1021643769599729e-04         4.9590426120938932e-04         7.2996865546896932e-03         2.0054891420936119e-01        -5.6181709046310410e-02
12                                    -2.2230749933347713e-01        -1.1870517134305833e-01        -2.8171496435038367e-02        -2.0479182289163546e-02        -1.4442895384275260e-02        -3.4988581368811176e-03        -3.0582518615453087e-03         5.6069895112618373e-03
13                                    -1.1964309801646389e-01        -1.2516768580316215e-01        -1.8947718327367330e-02         1.9093087986833551e-02         1.1237929042154532e-02         3.7768185911675797e-03         1.9327327264550519e-03        -2.9330602645583400e-03
14                                    -2.7844983626381159e-02        -1.8349330186263009e-02        -5.1109434051689828e-02        -6.4469728980142572e-03        -5.0877580055993287e-03        -2.6337371513723523e-03        -1.2589232063552128e-03         1.6413756538164808e-03
15                                    -5.3179725504646030e-02         2.8165099612846002e-02         3.1597979313684417e-02        -5.9876243891978410e-03         1.7609727762460076e-02         1.9442456693819408e-02         1.7946271153358624e-03         8.8319385986003755e-04
16                                     2.8362374593594437e-02        -1.5940853550359876e-01        -1.2445583239370039e-01         4.0277052869709170e-03        -1.4949133266689049e-02        -1.4492808031654775e-02        -1.4022968127499662e-03         5.1343180665200730e-04
17                                     3.2136600373896020e-02        -1.2486392877749408e-01        -1.8340991414118951e-01        -1.3906758991374425e-03         6.5444881427307025e-03         6.5720287750905991e-03        -2.0605839634028900e-05         1.3167811196118390e-04
18                                    -5.7184906225931961e-02        -2.7834044771174543e-02         4.6700974728771036e-02         3.2101099470463871e-03         1.3119771074360383e-02        -2.3371476527534525e-02         2.6379810233473060e-03         5.4015952781227166e-04
19                                    -2.7341464449208510e-02        -1.0873125445612296e-01         1.0735811832765735e-01        -2.9639744099408376e-03        -1.0754534949194440e-02         1.7389963994795941e-02        -1.4869870224374889e-03         2.8820777999286713e-04
20                                     4.5517130989206622e-02         1.0761138790439040e-01        -2.3339838333017504e-01         6.7845478536114612e-04         3.5429393674394657e-03        -6.8500565893471381e-03         1.0880731865696722e-03         3.4234885997337303e-05
21                                     3.9095285371702777e-03         1.5365691875334975e-02        -2.3644987808621690e-02        -5.4347672874755601e-02        -3.1335216180891926e-02         5.1082227550800247e-02        -1.1822701997527144e-02        -1.4106199877160927e-02
22                                    -1.9555798327485514e-03        -1.1979931924076408e-02         1.7932996736296353e-02        -3.0374654972367299e-02        -1.0648543590662908e-01         9.9710447732952984e-02        -5.8596321006699897e-03        -8.3309371630808857e-03
23                                     1.3643919102542743e-03         4.7945500414821995e-03        -7.8143083782543539e-03         4.7760525428520675e-02         9.8177070539834571e-02        -2.1970250469310720e-01         9.9233251362524331e-04        -3.1503229219473940e-03
24                                    -5.6443098883170208e-03         1.7862648486551887e-02         1.9071306880275852e-02        -5.2725459956719817e-02         2.6746811663871738e-02         3.0644664943181958e-02         2.8627403387817343e-03        -2.0006950353019776e-02
25                                     4.2175922646142273e-03        -1.3571941284595011e-02        -1.3387773525247056e-02         2.5184134110918112e-02        -1.5942017870958841e-01        -1.2121483573678433e-01         1.6424746050011305e-03        -1.4275700954126147e-02
26                                    -1.9292580711417033e-03         6.9333967687349105e-03         6.7619776331563318e-03         2.9481546806020043e-02        -1.2260604137234049e-01        -1.8166821881734382e-01         6.2296529521991585e-04        -4.5293856764469786e-03
27                                     2.1944472949828116e-03        -7.6376713936037192e-04        -7.3654416997953186e-05         2.0543423936389554e-03        -1.7765772244361898e-02        -1.8787875672099514e-02        -5.4483115157077468e-02         3.1919218721725064e-03
28                                     2.0592798376926902e-04         4.7306251405505786e-04         3.5544105810971709e-04         2.0820403027155300e-03        -1.0627659843560362e-02        -1.3293625159528666e-02         6.0936678414545351e-03        -1.7474311741304976e-01
29                                     8.0965005902785452e-04         3.1835283423168638e-05         4.0067253601254151e-04         1.5779385114879085e-03        -3.7458401675493722e-03        -1.8166133654917791e-03         1.2502289172717290e-02        -1.3582699846726543e-01
30                                     1.9032254009423164e-04        -2.5328115360426923e-04         1.6687279507090168e-04         1.5490664045320415e-05        -7.3540727914563238e-04         5.9226490205327087e-03        -1.9305028658087114e-02        -1.7251646937865545e-02
31                                    -1.5132402183701539e-03        -1.0294181778850711e-03         2.3306006104687046e-04        -1.5068664356421395e-03         7.0438162839103185e-03        -6.5290098046446197e-03         4.9243680031083453e-03         4.2220061968983834e-03
32                                     1.8119363859038107e-03         1.5618518936307494e-03         1.7101943204044781e-04         3.6788735270521077e-03        -7.5697818156852739e-03         4.8803703054037476e-03         1.5425244461188436e-02         1.0289111604822217e-02
33                                    -3.8031640975592533e-04        -2.6940860461511796e-04        -4.9317653956602821e-05         1.0527357357382828e-03         3.6804584027132665e-03        -7.5870629244479478e-04         6.8387545183944251e-04         1.8910365143384272e-02
34                                     6.0036086891838286e-04         6.0042120815200764e-04        -1.3070083345651353e-04         5.7495842923736395e-04        -3.1560945753019449e-03         5.2272392534276207e-03        -8.9266656603035482e-04         7.3103816411406938e-05
35                                    -6.2134131157001683e-04        -2.9443936804150663e-04         3.0307055934906220e-04        -3.3568726184172344e-03         3.9979848576154036e-03        -3.1490787070806905e-03         1.2247830719800193e-03        -1.4548748203967288e-02
                                                         8                           9                          10                          11                          12                          13                          14                          15

0                                     -7.5309191844638891e-03         1.7920188203607648e-04        -1.3948217969951878e-03        -2.1643561858476559e-03        -2.2230749933347713e-01        -1.1964309801646389e-01        -2.7844983626381159e-02        -5.3179725504646030e-02
1                                     -3.7195205642159617e-03        -3.7769595759456782e-03        -2.7673037433345229e-03         1.1641880184449756e-04        -1.1870517134305833e-01        -1.2516768580316215e-01        -1.8349330186263009e-02         2.8165099612846002e-02
2                                     -1.8235165576208322e-03         6.4028179538756346e-04         8.5566856033934141e-05        -1.7232430650443404e-04        -2.8171496435038367e-02        -1.8947718327367330e-02        -5.1109434051689828e-02         3.1597979313684417e-02
3                                     -1.3512090988936592e-02        -3.0339057640929815e-02        -1.7805489648296129e-02         1.1021643769599729e-04        -2.0479182289163546e-02         1.9093087986833551e-02        -6.4469728980142572e-03        -5.9876243891978410e-03
4                                     -1.9635728652153954e-02        -1.3972036565989398e-03         7.0831513596084777e-03         4.9590426120938932e-04        -1.4442895384275260e-02         1.1237929042154532e-02        -5.0877580055993287e-03         1.7609727762460076e-02
5                                     -8.5903538796409190e-02         1.5902966170918988e-02         7.7439399593203246e-03         7.2996865546896932e-03        -3.4988581368811176e-03         3.7768185911675797e-03        -2.6337371513723523e-03         1.9442456693819408e-02
6                                     -2.0821165213086051e-01        -4.1767405577403627e-01         3.1003685539273851e-02         2.0054891420936119e-01        -3.0582518615453087e-03         1.9327327264550519e-03        -1.2589232063552128e-03         1.7946271153358624e-03
7                                      2.2156136511442664e-01         3.2542005744624708e-02        -8.8847773080102971e-02        -5.6181709046310410e-02         5.6069895112618373e-03        -2.9330602645583400e-03         1.6413756538164808e-03         8.8319385986003755e-04
8                                      4.6888050009703997e-01         2.0180396415719487e-01        -5.5544609335821726e-02        -1.9656277439630687e-01        -5.4466172991171884e-04         7.6054207961277342e-04         3.6660950934001390e-04         1.6475859641243245e-03
9                                      2.0180396415719487e-01         7.3368186542431502e-01         9.5267629431301099e-02        -1.9396290463175017e-01        -6.7429201225636688e-04         9.6209339863326899e-04        -5.0308389654550438e-04        -2.1589461453499470e-04
10                                    -5.5544609335821726e-02         9.5267629431301099e-02         3.9274559985431345e-01         2.4952014234303960e-01        -7.9275312640191356e-04         9.3630262452219597e-04        -3.4731052011217922e-04        -2.8934265024492431e-04
11                                    -1.9656277439630687e-01        -1.9396290463175017e-01         2.4952014234303960e-01         4.4123151056285581e-01        -7.7396037391884356e-04        -1.0600606481598522e-04         2.3627666485973362e-04        -1.7877324364870708e-04
12                                    -5.4466172991171884e-04        -6.7429201225636688e-04        -7.9275312640191356e-04        -7.7396037391884356e-04         2.4430404922803428e-01         1.2756792296284303e-01         3.2470295630161482e-02         5.3881161870744949e-03
13                                     7.6054207961277342e-04         9.6209339863326899e-04         9.3630262452219597e-04        -1.0600606481598522e-04         1.2756792296284303e-01         1.3408765976947529e-01         1.9840450325867127e-02        -1.7289742923502906e-02
14                                     3.6660950934001390e-04        -5.0308389654550438e-04        -3.4731052011217922e-04         2.3627666485973362e-04         3.2470295630161482e-02         1.9840450325867127e-02         5.0979451706342771e-02        -2.0192631739465859e-02
15                                     1.6475859641243245e-03        -2.1589461453499470e-04        -2.8934265024492431e-04        -1.7877324364870708e-04         5.3881161870744949e-03        -1.7289742923502906e-02        -2.0192631739465859e-02         5.7657982745706098e-02
16                                     3.1749193643919012e-05         1.7578841816027991e-04         2.6305358119585063e-04         2.2954279975459925e-04         3.8670551929898128e-03        -1.1473235844999836e-02        -1.2276956984994172e-02        -3.5435744698432269e-02
17                                     5.0735921508782318e-04         8.4459823470040257e-05         2.2380856042688858e-04         1.0937096463137794e-04         8.3169134567027958e-04        -9.9216096139491394e-04        -3.1015553407597175e-03        -3.4183613094250970e-02
18                                    -8.5889170946556754e-04        -2.3177158787641549e-05        -1.6613909440774485e-04         6.9147595364960123e-04        -4.8103661309400738e-03        -1.1425059006156471e-02         2.3075846176913335e-02        -2.2363423349610460e-03
19                                    -8.4858595412328711e-04         4.1458170857379319e-04         3.4438114751576934e-04        -2.2982431171304123e-04        -2.4921057003321444e-03        -8.6898522500822445e-03         1.4775370236319715e-02         4.5826533442662777e-03
20                                     3.6834964232249426e-04        -5.2832429055670125e-04        -3.3801598786856109e-04         2.9599297164163685e-04        -1.1700751679252185e-03        -3.6315965609208141e-03         4.7603925001040923e-03         4.6943650568643195e-03
21                                     2.5625427867331303e-02        -1.9734520891331740e-03        -2.5737940259507536e-03        -2.1568001146791459e-03         1.1411532341393039e-03        -8.9536849289636143e-04         4.3419146070956707e-05         1.0636592796456790e-03
22                                     1.5227616513814655e-02        -1.0071614660954083e-03        -1.3654873087826922e-03        -1.1701927868556373e-03        -2.0501437771254256e-04         9.8205670776125350e-04        -5.1341306888628784e-04        -7.2962190453763854e-04
23                                     5.4797754641272107e-03        -8.9484236613439523e-04         4.8997023279424195e-04         7.2780224600875682e-04        -3.0891976464796252e-04        -3.1606805712291759e-04        -1.7967246300131358e-05        -1.5358650325002178e-04
24                                    -2.1669543140175808e-02         1.4153988464439828e-03        -3.7610664770440353e-04        -1.2448064667002394e-03         4.6331393720478549e-04        -6.4840887404919506e-04         4.3002925818345900e-04        -3.8343411880157070e-03
25                                    -1.4753878103842741e-02         1.7619741305734370e-03         8.0425994544175124e-04         6.5472952503726274e-04        -7.1513312294612524e-05         8.1520958426341966e-04         2.0082906694447874e-04         3.1389051223244969e-03
26                                    -5.6084201065392525e-03         6.3576823960001007e-04         1.7073606408781381e-03         8.3183197507637630e-04         7.3261443742727184e-04        -3.6767467895016358e-04         2.9974490405883822e-04        -1.8403431540247328e-03
27                                     9.5035561977414272e-03         4.2800270101741141e-04         1.9837856245922665e-02         2.2492444995044231e-02         1.7455704708400365e-04         1.9991399668635944e-04         3.4142234336293381e-04        -4.8164457208353119e-04
28                                    -1.3768210023366040e-01        -1.9259472183010065e-03         8.5847023911925962e-04        -4.4087927721964820e-03        -1.6278663182367828e-04         1.3250356033240934e-04         1.5351042107482598e-04        -5.1157213144481441e-04
29                                    -1.8193472421354701e-01         9.5435866186972806e-04        -1.4612506770785252e-02        -8.8930899083221396e-03        -4.6899312944949888e-05         2.6591102887753380e-04         5.3507675811337936e-05        -5.3972472828201759e-04
30                                    -7.7316261822113694e-03        -2.2946121222256649e-01        -1.2945705449228959e-01        -4.0001952356138966e-02        -4.1519657248572251e-05         1.0347246588420173e-04        -8.1207522557357218e-05        -5.2156867273558125e-05
31                                    -9.8004677290496750e-05        -1.3278625231883234e-01        -1.3581109968146049e-01        -4.3171924697810213e-02        -4.4686334792648670e-04         3.0630242194490918e-04        -7.7862601582262786e-05        -6.2448200614153323e-05
