*************************************************
******************* ORCA 6.0.0 ******************
*************************************************
$Calculation_Status
   &GeometryIndex 1
   &ListStatus       OUT
   &VERSION [&Type "String"] "6.0.0"
   &PROGNAME [&Type "String"] "LeanSCF"
   &STATUS [&Type "String"] "NORMAL TERMINATION"
$End
$Geometry
   &GeometryIndex 1
   &ListStatus       OUT
   &NATOMS [&Type "Integer"] 13
   &NCORELESSECP [&Type "Integer"] 0
   &NGHOSTATOMS [&Type "Integer"] 0
   &CartesianCoordinates [&Type "Coordinates", &Dim(13,4), &Units "Bohr"] 
              C     -4.206626838770    0.000001101899    0.000041527488
              C     -2.897648843241   -2.286031715512    0.000029174915
              C     -0.274927384472   -2.304992366770   -0.000021810463
              C      1.033689865361    0.000004312544   -0.000056432703
              C     -0.274929770629    2.304998256857   -0.000064436827
              C     -2.897650090460    2.286034568810   -0.000015178847
              C      3.718577080864    0.000026578431   -0.000078372612
              N      5.912213319524   -0.000045180517   -0.000012363533
              H     -6.257238160799    0.000001178433    0.000082843893
              H     -3.923694006343   -4.060694186553    0.000061341266
              H      0.768938069739   -4.068183980213   -0.000025655867
              H      0.768935079436    4.068190113697   -0.000103442664
              H     -3.923694876184    4.060697057614   -0.000015500101
$End
$SCF_Energy
   &GeometryIndex 1
   &ListStatus       OUT
   &SCF_ENERGY [&Type "Double"]      -3.2442583222740870e+02
$End
$DFT_Energy
   &GeometryIndex 1
   &ListStatus       OUT
   &NALPHAEL [&Type "Integer"] 27
   &NBETAEL [&Type "Integer"] 27
   &NTOTALEL [&Type "Integer"] 54
   &EEXCHANGE [&Type "Double"]      -4.4813850565359949e+01
   &ECORR [&Type "Double"]      -1.7344772816383973e+00
   &ECNL [&Type "Double"]       0.0000000000000000e+00
   &EXC [&Type "Double"]      -4.6548327846998347e+01
   &EEMBED [&Type "Double"]       0.0000000000000000e+00
   &FINALEN [&Type "Double"]      -3.2442583222740870e+02  "No Van der Waals correction"
$End
$Mulliken_Population_Analysis
   &GeometryIndex 1
   &ListStatus       OUT
   &NATOMS [&Type "Integer"] 13
   &ATNO [&Type "ArrayOfIntegers", &Dim (13,1)] 
                                                         0

0                                                        6
1                                                        6
2                                                        6
3                                                        6
4                                                        6
5                                                        6
6                                                        6
7                                                        7
8                                                        1
9                                                        1
10                                                       1
11                                                       1
12                                                       1
   &ATOMICCHARGES [&Type "ArrayOfDoubles", &Dim (13,1)] 
                                                         0

0                                     -1.0713775702560735e-01
1                                     -7.9747143378796181e-02
2                                     -2.3757733971314732e-01
3                                      3.1486347701563488e-01
4                                     -2.3756539200524251e-01
5                                     -7.9751528958438733e-02
6                                     -1.3868318220937326e-01
7                                     -6.7266296118868141e-02
8                                      1.2262870452700225e-01
9                                      1.2234885647790605e-01
10                                     1.3277079120210256e-01
11                                     1.3276582286459471e-01
12                                     1.2235098732228600e-01
$End
$Loewdin_Population_Analysis
   &GeometryIndex 1
   &ListStatus       OUT
   &NATOMS [&Type "Integer"] 13
   &ATNO [&Type "ArrayOfIntegers", &Dim (13,1)] 
                                                         0

0                                                        6
1                                                        6
2                                                        6
3                                                        6
4                                                        6
5                                                        6
6                                                        6
7                                                        7
8                                                        1
9                                                        1
10                                                       1
11                                                       1
12                                                       1
   &ATOMICCHARGES [&Type "ArrayOfDoubles", &Dim (13,1)] 
                                                         0

0                                     -1.1973899724315018e-01
1                                     -1.2574270647306207e-01
2                                     -7.4146888434817981e-02
3                                     -1.4864254881463168e-01
4                                     -7.4148260393238630e-02
5                                     -1.2574298492741942e-01
6                                     -1.5433289700578001e-01
7                                      6.4709339356563866e-02
8                                      1.4769280886064529e-01
9                                      1.4881367702097259e-01
10                                     1.5623301739343431e-01
11                                     1.5623293012207851e-01
12                                     1.4881351053844138e-01
$End
$Mayer_Population_Analysis
   &GeometryIndex 1
   &ListStatus       OUT
   &NATOMS [&Type "Integer"] 13 "Total number of atoms"
   &BONDTHRESH [&Type "Double"]       1.0000000000000001e-01  "The threshold for printing"
   &NBONDORDERSPRINT [&Type "Integer"] 13 "The number of bond orders larger than threshold"
   &BONDORDERS [&Type "ArrayOfDoubles", &Dim (13,1)] "The bond orders"
                                                         0

0                                      1.3805683913519191e+00
1                                      1.3805687684629591e+00
2                                      9.6481362371373425e-01
3                                      1.4374202200426411e+00
4                                      9.6826463181235822e-01
5                                      1.3101467111687342e+00
6                                      9.7394347489657418e-01
7                                      1.3101338361286416e+00
8                                      9.2787145383311742e-01
9                                      1.4374223885258823e+00
10                                     9.7395764636900739e-01
11                                     9.6825748223538377e-01
12                                     2.9882729225187523e+00
   &COMPONENTS [&Type "ArrayOfIntegers", &Dim (13,4)] "The indices and atomic numbers of the bonding atoms"
                                                         0                           1                           2                           3

0                                                        0                           6                           1                           6
1                                                        0                           6                           5                           6
2                                                        0                           6                           8                           1
3                                                        1                           6                           2                           6
4                                                        1                           6                           9                           1
5                                                        2                           6                           3                           6
6                                                        2                           6                          10                           1
7                                                        3                           6                           4                           6
8                                                        3                           6                           6                           6
9                                                        4                           6                           5                           6
10                                                       4                           6                          11                           1
11                                                       5                           6                          12                           1
12                                                       6                           6                           7                           7
   &ATNO [&Type "ArrayOfIntegers", &Dim (13,1)] "Atomic number of the elements"
                                                         0

0                                                        6
1                                                        6
2                                                        6
3                                                        6
4                                                        6
5                                                        6
6                                                        6
7                                                        7
8                                                        1
9                                                        1
10                                                       1
11                                                       1
12                                                       1
   &NA [&Type "ArrayOfDoubles", &Dim (13,1)] "Mulliken gross atomic population"
                                                         0

0                                      6.1071377570255887e+00
1                                      6.0797471433787873e+00
2                                      6.2375773397131438e+00
3                                      5.6851365229843633e+00
4                                      6.2375653920052327e+00
5                                      6.0797515289584485e+00
6                                      6.1386831822093821e+00
7                                      7.0672662961188513e+00
8                                      8.7737129547299697e-01
9                                      8.7765114352209328e-01
10                                     8.6722920879789755e-01
11                                     8.6723417713540463e-01
12                                     8.7764901267771411e-01
   &ZA [&Type "ArrayOfDoubles", &Dim (13,1)] "Total nuclear charge"
                                                         0

0                                      6.0000000000000000e+00
1                                      6.0000000000000000e+00
2                                      6.0000000000000000e+00
3                                      6.0000000000000000e+00
4                                      6.0000000000000000e+00
5                                      6.0000000000000000e+00
6                                      6.0000000000000000e+00
7                                      7.0000000000000000e+00
8                                      1.0000000000000000e+00
9                                      1.0000000000000000e+00
10                                     1.0000000000000000e+00
11                                     1.0000000000000000e+00
12                                     1.0000000000000000e+00
   &QA [&Type "ArrayOfDoubles", &Dim (13,1)] "Mulliken gross atomic charge"
                                                         0

0                                     -1.0713775702558870e-01
1                                     -7.9747143378787300e-02
2                                     -2.3757733971314376e-01
3                                      3.1486347701563666e-01
4                                     -2.3756539200523275e-01
5                                     -7.9751528958448503e-02
6                                     -1.3868318220938214e-01
7                                     -6.7266296118851265e-02
8                                      1.2262870452700303e-01
9                                      1.2234885647790672e-01
10                                     1.3277079120210245e-01
11                                     1.3276582286459537e-01
12                                     1.2235098732228589e-01
   &VA [&Type "ArrayOfDoubles", &Dim (13,1)] "Mayer's total valence"
                                                         0

0                                      3.9087284490436423e+00
1                                      3.8759860570275078e+00
2                                      3.9637145865775132e+00
3                                      3.5286906390527912e+00
4                                      3.9637237592291066e+00
5                                      3.8759771442420705e+00
6                                      3.9365705870441388e+00
7                                      3.1192659862406531e+00
8                                      9.7600711792312733e-01
9                                      9.7727508308461131e-01
10                                     9.8232320746012558e-01
11                                     9.8232308246596689e-01
12                                     9.7727436221836717e-01
   &BVA [&Type "ArrayOfDoubles", &Dim (13,1)] "Mayer's bonded valence"
                                                         0

0                                      3.9087284490436729e+00
1                                      3.8759860570276135e+00
2                                      3.9637145865774741e+00
3                                      3.5286906390526767e+00
4                                      3.9637237592292571e+00
5                                      3.8759771442420896e+00
6                                      3.9365705870440757e+00
7                                      3.1192659862405723e+00
8                                      9.7600711792310435e-01
9                                      9.7727508308459898e-01
10                                     9.8232320746010604e-01
11                                     9.8232308246598332e-01
12                                     9.7727436221838604e-01
   &FA [&Type "ArrayOfDoubles", &Dim (13,1)] "Mayer's free valence"
                                                         0

0                                      0.0000000000000000e+00
1                                      0.0000000000000000e+00
2                                      0.0000000000000000e+00
3                                      0.0000000000000000e+00
4                                      0.0000000000000000e+00
5                                      0.0000000000000000e+00
6                                      0.0000000000000000e+00
7                                      0.0000000000000000e+00
8                                      0.0000000000000000e+00
9                                      0.0000000000000000e+00
10                                     0.0000000000000000e+00
11                                     0.0000000000000000e+00
12                                     0.0000000000000000e+00
$End
$VdW_Correction
   &GeometryIndex 1
   &ListStatus       OUT
   &VDW [&Type "Double"]      -4.2120172112126691e-03
$End
$Calculation_Info
   &GeometryIndex 1
   &ListStatus       OUT
   &MULT [&Type "Integer"] 1
   &CHARGE [&Type "Integer"] 0
   &NUMOFATOMS [&Type "Integer"] 13
   &NUMOFELECTRONS [&Type "Integer"] 54
   &NUMOFFCELECTRONS [&Type "Integer"] 1
   &NUMOFCORRELECTRONS [&Type "Integer"] 0
   &NUMOFBASISFUNCTS [&Type "Integer"] 278
   &NUMOFAUXCBASISFUNCTS [&Type "Integer"] 0
   &NUMOFAUXJBASISFUNCTS [&Type "Integer"] 295
   &NUMOFAUXJKBASISFUNCTS [&Type "Integer"] 0
   &NUMOFCABSBASISFUNCTS [&Type "Integer"] 0
   &TOTALENERGY [&Type "Double"]      -3.2442751720171992e+02  "Hartrees"
$End
$SCF_Dipole_Moment
   &GeometryIndex 1
   &ListStatus       OUT
   &METHOD [&Type "String"] "SCF"
   &LEVEL [&Type "String"] "Relaxed density"
   &MULT [&Type "Integer"] 1
   &STATE [&Type "Integer"] -1
   &IRREP [&Type "Integer"] 0
   &NATOMS [&Type "Integer"] 13
   &DODIPOLEATOM [&Type "Boolean"] false
   &DIPOLEELECCONTRIB [&Type "ArrayOfDoubles", &Dim (3,1)] "Electronic contribution"
                                                         0

0                                      4.3705162913577205e+00
1                                      6.0728317687339453e-06
2                                     -5.8881584012728349e-05
   &DIPOLENUCCONTRIB [&Type "ArrayOfDoubles", &Dim (3,1)] "Nuclear contribution"
                                                         0

0                                     -6.2334210293201382e+00
1                                      8.1361454320472149e-06
2                                      5.1855774444090099e-05
   &DIPOLETOTAL [&Type "ArrayOfDoubles", &Dim (3,1)] "Total"
                                                         0

0                                     -1.8629047379624177e+00
1                                      1.4208977200781160e-05
2                                     -7.0258095686382500e-06
   &DIPOLEMAGNITUDE [&Type "Double", &Units "a.u."]       1.8629047380298545e+00
$End
$THERMOCHEMISTRY_Energies
   &GeometryIndex 1
   &ListStatus       OUT
   &TEMPERATURE [&Type "Double"]       2.9814999999999998e+02
   &PRESSURE [&Type "Double"]       1.0000000000000000e+00
   &TOTALMASS [&Type "Double"]       1.0312399999999998e+02
   &SPINDEGENERACY [&Type "Integer"] 1
   &ELENERGY [&Type "Double"]      -3.2442751720171992e+02
   &TRANSENERGY [&Type "Double"]       1.4162714244859817e-03
   &ROTENERGY [&Type "Double"]       1.4162714244859817e-03
   &VIBENERGY [&Type "Double"]       3.2590666240695561e-03
   &NUMOFFREQS [&Type "Integer"] 39
   &FREQSCALINGFACTOR [&Type "Double"]       1.0000000000000000e+00
   &FREQ [&Type "ArrayOfDoubles", &Dim (39,1)] "In cm^-1"
                                                         0

0                                      0.0000000000000000e+00
1                                      0.0000000000000000e+00
2                                      0.0000000000000000e+00
3                                      0.0000000000000000e+00
4                                      0.0000000000000000e+00
5                                      0.0000000000000000e+00
6                                      1.5043507089577358e+02
7                                      1.7514165480245507e+02
8                                      3.9137991950088684e+02
9                                      4.0509967648027748e+02
10                                     4.6899360262911830e+02
11                                     5.6326436709593281e+02
12                                     5.6773654821715650e+02
13                                     6.4248674790320979e+02
14                                     7.0513215037875432e+02
15                                     7.7294558607217937e+02
16                                     7.7844007584693293e+02
17                                     8.5294484920816069e+02
18                                     9.3454941336565162e+02
19                                     9.6908519984275495e+02
20                                     9.9445197268129459e+02
21                                     1.0200728049954306e+03
22                                     1.0471597541815684e+03
23                                     1.1037745061569876e+03
24                                     1.1869482970509036e+03
25                                     1.1975556213449856e+03
26                                     1.2283496062382403e+03
27                                     1.3247602336904272e+03
28                                     1.3537865873841256e+03
29                                     1.4728999194182950e+03
30                                     1.5158382849391726e+03
31                                     1.6053672772226482e+03
32                                     1.6321286664514046e+03
33                                     2.2803289129945538e+03
34                                     3.1658380909930670e+03
35                                     3.1755241312829880e+03
36                                     3.1831657764314878e+03
37                                     3.1920510706874343e+03
38                                     3.1953352100170564e+03
   &ZPE [&Type "Double"]       9.8537519749442859e-02
   &INNERENERGYU [&Type "Double"]      -3.2432288807249739e+02
   &ENTHALPYH [&Type "Double"]      -3.2432194386345515e+02
   &QEL [&Type "Double"]       0.0000000000000000e+00
   &QROT [&Type "Double"]       1.2550316357380072e-02
   &QVIB [&Type "Double"]       5.1212720808407027e-03
   &QTRANS [&Type "Double"]       1.8914809406805223e-02
   &ENTROPYS [&Type "Double"]       3.6586397845026000e-02
   &FREEENERGYG [&Type "Double"]      -3.2435853026130019e+02
   &ISLINEAR [&Type "Boolean"] false
$End
$Hessian
   &GeometryIndex 1
   &ListStatus       OUT
   &HESSIAN [&Type "ArrayOfDoubles", &Dim (39,39)] "The Hessian"
                                                         0                           1                           2                           3                           4                           5                           6                           7

0                                      7.3456102654542865e-01        -5.9326360895076147e-08        -1.2890391747416285e-05        -1.7761463288181498e-01         1.1489100355651836e-01         1.5782258968861156e-06        -2.9170951000696010e-02         3.1161830302546552e-02
1                                     -5.9326360895076147e-08         6.5199950926130434e-01        -4.8731877479885289e-06         5.4242734703494153e-02        -2.7832946978009820e-01        -5.3710116970833450e-08         7.3725289369204167e-02         3.1087011999518441e-02
2                                     -1.2890391747416285e-05        -4.8731877479885289e-06         1.3391518170766692e-01         1.9673335752225216e-06        -8.7719192359335957e-07        -6.1831700961872391e-02        -1.1192098616576873e-07        -9.3265237689753540e-07
3                                     -1.7761463288181498e-01         5.4242734703494153e-02         1.9673335752225216e-06         6.8208494679856901e-01         3.7996300457516244e-02        -1.1007801531983995e-05        -3.3905865292118170e-01         3.0113628594572384e-02
4                                      1.1489100355651836e-01        -2.7832946978009820e-01        -8.7719192359335957e-07         3.7996300457516244e-02         7.1466440475321424e-01        -4.8427215888158217e-06        -2.8410150206247799e-02        -1.2901416621200409e-01
5                                      1.5782258968861156e-06        -5.3710116970833450e-08        -6.1831700961872391e-02        -1.1007801531983995e-05        -4.8427215888158217e-06         1.3140264854978295e-01         5.9493518916466455e-06         1.1547344187390786e-07
6                                     -2.9170951000696010e-02         7.3725289369204167e-02        -1.1192098616576873e-07        -3.3905865292118170e-01        -2.8410150206247799e-02         5.9493518916466455e-06         6.8841363444458392e-01        -4.8305705240988997e-02
7                                      3.1161830302546552e-02         3.1087011999518441e-02        -9.3265237689753540e-07         3.0113628594572384e-02        -1.2901416621200409e-01         1.1547344187390786e-07        -4.8305705240988997e-02         7.0243099364743411e-01
8                                      4.8904759932662213e-07        -1.4790119753920145e-06         7.4194842738558048e-03         5.0014760116666105e-06         1.1976403121772555e-06        -6.0881014159834365e-02        -9.2821018078634043e-06        -3.0777018395939884e-06
9                                      2.1854251328070617e-03        -3.3871579245680830e-08        -2.6160583563222227e-07        -3.3836679290272141e-02        -2.8632154233957353e-02         1.0301393385031472e-06        -1.5173550795958163e-01        -9.4844840545204423e-02
10                                     5.5342833636596477e-08        -6.2155311722921512e-02         6.2552348428343326e-07        -7.0108018386308424e-02         2.9102128620066833e-02         7.6287978965224606e-07        -5.0806895134455764e-02        -2.6685992497673777e-01
11                                    -1.7543774025966954e-07         4.5322278884805138e-07        -7.8403914471571624e-03         1.6263206028615593e-06         4.4642635335974714e-07         7.8847928322254499e-03         1.8733692883916288e-06         3.0245078187800053e-06
12                                    -2.9170810680511847e-02        -7.3725385922751546e-02         1.0380835187542087e-06        -4.6193276448076991e-02         2.6933321507916455e-02         7.9911051927115392e-07         5.7734916988228399e-02         1.9312526801333673e-02
13                                    -3.1161925761875861e-02         3.1086902754331423e-02         4.6307478475089780e-07         2.7718331749679422e-02        -1.4773335047957950e-02        -6.2235939473912068e-07        -1.9312268070774803e-02        -5.6533058865946492e-02
14                                     1.1221475938365018e-06         1.0729541457359324e-06         7.4195176381925193e-03         2.5395386635056339e-07        -2.9122623197047130e-07        -8.3781489854915150e-03        -7.7841422194378556e-07        -5.5627392642698708e-08
15                                    -1.7761463641147465e-01        -5.4242699908029463e-02         3.2173122672990109e-06         6.2029968956133261e-02        -2.0691071748405739e-02        -7.4353422862295157e-07        -4.6193185137718709e-02        -2.7718432541589573e-02
16                                    -1.1489093933345242e-01        -2.7832957446991097e-01         5.1392477871283904e-06         2.0691186789482521e-02        -5.7723103568786543e-02         4.8887445026187988e-07        -2.6933321443030823e-02        -1.4773433992514153e-02
17                                     3.8694379077052567e-06         4.2166806591576481e-06        -6.1831849863291544e-02        -1.0095837117368885e-06         6.2189801403579299e-07         7.9911519787547736e-03         1.2593449589438617e-06         7.6337398383732101e-07
18                                    -2.0432334141765262e-03         1.4270570080969778e-07         2.7189895651856365e-07         6.6615118356984004e-03        -5.9318663619523197e-03        -5.4579809282245098e-07        -4.2117706566707047e-02        -1.9760373704358444e-02
19                                     6.0820408629179603e-08        -2.8284159496807146e-03        -1.2958872024964362e-08        -4.1713560549137699e-03        -5.4205455038990758e-03         3.0150719817971229e-07        -3.2172162661239845e-02         6.4945049216083633e-03
20                                    -2.9927306805720846e-08         3.4332428001462134e-08        -1.5094995406619699e-03         2.9169250796819373e-08         1.4130603479265587e-08         8.2529640688147731e-03         3.2161224474383677e-07        -4.7871527749910443e-07
21                                     1.1964998890087307e-03         5.0509082040283933e-09         9.3077745585181668e-09        -2.8634799782680078e-03         4.7098796472559061e-04         2.0999509145825259e-07         5.6616793034291076e-03         9.7567984741309052e-03
22                                    -4.2137377525143467e-08         8.2828637043562468e-04        -1.7874415428356137e-08         8.3779163461149915e-04         1.1219887762919328e-03        -4.7428868859369749e-08         2.6126437513745858e-03        -2.4523729390054198e-03
23                                     9.9412241842376878e-08         3.6697963968939240e-10         3.0008342382231007e-04        -1.1610863797073462e-07         6.6465027007932833e-08        -1.4774824291185421e-03         4.9214301892380960e-08         2.7303786175094054e-07
24                                    -3.3423667452108430e-01         2.1519189433769880e-09         6.2400731677737717e-06        -1.1764202377255374e-02        -2.5027728194894627e-03         1.1408229012788273e-07         6.1504786136179664e-04         3.3688504812863160e-03
25                                     1.0220381850150836e-08        -5.8923224772265810e-02         2.1115846003321300e-07         2.8466429283502914e-02         4.5119449708655949e-03        -5.7397343544523018e-07         2.6260762360718116e-03        -4.8033255757436479e-03
26                                     5.9161463725413397e-06         2.1605490876022289e-07        -3.6466760543668417e-02         1.9605393265523619e-08         1.7357294177313982e-07         3.0258068658589685e-03         7.0862176154891614e-08        -6.2118307042809180e-08
27                                     1.1810774538039293e-02         1.4830664986445599e-02        -2.6051554554213798e-07        -1.2786645438433927e-01        -1.1986177681893903e-01         2.6385084217949762e-06        -1.1517585517742922e-02        -2.8992253452509817e-02
28                                    -1.6111019090238987e-02        -1.8902337101710319e-02         5.0596333334361806e-07        -1.2012837931215893e-01        -2.6579208623421924e-01         3.8771433638976359e-06         1.7941553841625338e-03         3.5121825798350836e-03
29                                    -8.4788150142347824e-08        -2.0640897796095517e-07         2.5171541744130593e-03         2.7643108377311268e-06         3.8695616425776669e-06        -3.5846407260969208e-02         5.1797710940700212e-08         5.4313471793511874e-07
30                                    -5.8567751190811562e-03        -1.3968315279765404e-03         3.4978853294612985e-07        -9.9562755265363116e-03         2.8311306874120628e-02        -1.5639288460978751e-07        -1.3062315297389482e-01         1.2354218505284756e-01
31                                    -6.4773623965547894e-04         1.6844678197941304e-03        -6.8694898722288600e-08        -2.0832638317255098e-03         4.3811047212938721e-03         2.5757540963129517e-07         1.2174134516482027e-01        -2.6652411829030015e-01
32                                     2.7907282247955415e-07         1.4530611213706242e-07         7.6957811143688378e-03         3.8296010991153467e-07        -5.8015045607421822e-07         3.1294351146959089e-03         4.4834870292441890e-07        -2.7727886706786912e-07
33                                    -5.8567762838750642e-03         1.3968251110399454e-03         2.9035469604341932e-07        -7.2621479725373805e-04         8.4641575037237480e-04        -4.2695908436911927e-08        -1.2716666016827098e-03         3.3313093758178492e-03
34                                     6.4772631972363943e-04         1.6844712394666205e-03         1.1675832676585835e-07         6.7272062345725167e-04         3.9969135695366094e-04        -2.6853362358539754e-08         4.3628130804481162e-03        -2.7417054392816394e-03
35                                     2.8740808987613875e-07        -5.2404748176757218e-08         7.6957887453348662e-03        -7.1266535793553808e-08         1.5544215286254946e-08        -6.5786450178634498e-04        -4.9175743432662441e-09         5.8135681440246188e-08
36                                     1.1810764207430696e-02        -1.4830649374267708e-02         1.1145314591876804e-07        -8.9655898540213098e-04        -3.4055705717718509e-03         1.1615285707018915e-07        -7.3686991839749848e-04        -9.4184557681088190e-04
37                                     1.6111031178802054e-02        -1.8902315648262932e-02        -2.7355761542574152e-07        -4.2620796016158528e-03        -3.1285568517208599e-03         3.2825239328941871e-07        -9.4549825041654288e-04         1.7741314313732856e-04
38                                    -4.3152510014838033e-07         5.2019721798438366e-07         2.5172112789971710e-03         2.2028710939664771e-07         2.2139181115963530e-07         7.3858188889395085e-03         7.3007960508116326e-08         3.3416544488426707e-08
                                                         8                           9                          10                          11                          12                          13                          14                          15

0                                      4.8904759932662213e-07         2.1854251328070617e-03         5.5342833636596477e-08        -1.7543774025966954e-07        -2.9170810680511847e-02        -3.1161925761875861e-02         1.1221475938365018e-06        -1.7761463641147465e-01
1                                     -1.4790119753920145e-06        -3.3871579245680830e-08        -6.2155311722921512e-02         4.5322278884805138e-07        -7.3725385922751546e-02         3.1086902754331423e-02         1.0729541457359324e-06        -5.4242699908029463e-02
2                                      7.4194842738558048e-03        -2.6160583563222227e-07         6.2552348428343326e-07        -7.8403914471571624e-03         1.0380835187542087e-06         4.6307478475089780e-07         7.4195176381925193e-03         3.2173122672990109e-06
3                                      5.0014760116666105e-06        -3.3836679290272141e-02        -7.0108018386308424e-02         1.6263206028615593e-06        -4.6193276448076991e-02         2.7718331749679422e-02         2.5395386635056339e-07         6.2029968956133261e-02
4                                      1.1976403121772555e-06        -2.8632154233957353e-02         2.9102128620066833e-02         4.4642635335974714e-07         2.6933321507916455e-02        -1.4773335047957950e-02        -2.9122623197047130e-07        -2.0691071748405739e-02
5                                     -6.0881014159834365e-02         1.0301393385031472e-06         7.6287978965224606e-07         7.8847928322254499e-03         7.9911051927115392e-07        -6.2235939473912068e-07        -8.3781489854915150e-03        -7.4353422862295157e-07
6                                     -9.2821018078634043e-06        -1.5173550795958163e-01        -5.0806895134455764e-02         1.8733692883916288e-06         5.7734916988228399e-02        -1.9312268070774803e-02        -7.7841422194378556e-07        -4.6193185137718709e-02
7                                     -3.0777018395939884e-06        -9.4844840545204423e-02        -2.6685992497673777e-01         3.0245078187800053e-06         1.9312526801333673e-02        -5.6533058865946492e-02        -5.5627392642698708e-08        -2.7718432541589573e-02
8                                      1.3242178756874248e-01         1.9622151357671899e-06         1.9704240093683416e-06        -6.4329169142472886e-02        -1.1250064425765695e-06         1.2362368983541349e-06         1.1328103913390753e-02         8.6859355762041983e-07
9                                      1.9622151357671899e-06         6.7185145058207973e-01         6.6476761491135114e-07        -2.3156211737538982e-06        -1.5173718422443211e-01         9.4845971144551955e-02        -4.1156721385899049e-08        -3.3836695316386486e-02
10                                     1.9704240093683416e-06         6.6476761491135114e-07         6.3504107204332283e-01        -4.7214188157065936e-06         5.0807862398427522e-02        -2.6686121307753136e-01         1.9621754857327830e-06         7.0107893940963090e-02
11                                    -6.4329169142472886e-02        -2.3156211737538982e-06        -4.7214188157065936e-06         1.4075401636782103e-01         9.9210290908547755e-07         7.3746351782142411e-07        -6.4329611517361621e-02         1.0942687042915541e-07
12                                    -1.1250064425765695e-06        -1.5173718422443211e-01         5.0807862398427522e-02         9.9210290908547755e-07         6.8841739788671652e-01         4.8304207666867757e-02        -1.0240036831249373e-05        -3.3905999745318183e-01
13                                     1.2362368983541349e-06         9.4845971144551955e-02        -2.6686121307753136e-01         7.3746351782142411e-07         4.8304207666867757e-02         7.0243223494223694e-01        -7.8017392842698477e-06        -3.0113654066872983e-02
14                                     1.1328103913390753e-02        -4.1156721385899049e-08         1.9621754857327830e-06        -6.4329611517361621e-02        -1.0240036831249373e-05        -7.8017392842698477e-06         1.3242216963924167e-01         5.4214139240563730e-06
15                                     8.6859355762041983e-07        -3.3836695316386486e-02         7.0107893940963090e-02         1.0942687042915541e-07        -3.3905999745318183e-01        -3.0113654066872983e-02         5.4214139240563730e-06         6.8208667873014395e-01
16                                     4.5136176357453628e-07         2.8632249549238112e-02         2.9102508582352166e-02        -8.1952350577389544e-07         2.8409950305931089e-02        -1.2901441641916875e-01         8.4992982310712530e-08        -3.7996310418438754e-02
17                                    -8.3780675759155612e-03         5.3211998448492374e-07        -1.2387013571798008e-06         7.8849373880356000e-03         5.2615715637266035e-06         1.1392046168339178e-06        -6.0881451991556312e-02        -1.0138560549544946e-05
18                                     9.3716964337253885e-07        -2.8593141968470615e-01        -3.7926697886094328e-06        -1.5533310922364820e-06        -4.2117570829150436e-02         1.9760809806002699e-02         8.7537340355561920e-07         6.6611343078311737e-03
19                                     2.5487763033270125e-07        -1.5819989445494093e-06        -8.3958867070865098e-02         2.9306662664176315e-07         3.2173118961381683e-02         6.4945026782755192e-03        -3.7389977983839948e-07         4.1712983799574929e-03
20                                     1.2697665671986755e-03        -2.8567131290174957e-06         3.0980083110484275e-07        -5.6081858757233607e-02        -3.0704210585550364e-07         3.8950471939045763e-07         1.2700396005595124e-03         5.0826954243451617e-10
21                                    -2.4893257305215792e-07        -2.7619572303109921e-02         2.4320096685136616e-06        -7.1500462019974579e-08         5.6608485948471590e-03        -9.7569768216309739e-03        -1.1019787122464561e-07        -2.8635377550464466e-03
22                                     3.1352797375711398e-08        -3.3695057657046714e-07         2.0782019438000635e-02        -3.9845918544667039e-08        -2.6132290800275986e-03        -2.4519159677165617e-03         3.6400502436846022e-08        -8.3762170365853203e-04
23                                     1.7198913637083771e-03         1.3799648732824070e-06        -3.6112726795194662e-08         1.5503062667811277e-02         8.3629192339366975e-08        -1.9656929259310723e-07         1.7199829603222350e-03        -8.4746155165717314e-08
