
$orca_hessian_file

$act_atom
  0

$act_coord
  0

$act_energy
        0.000000

$multiplicity
  1

$hessian
39
                    0                  1                  2                  3                  4        
    0      7.3456102655E-01  -5.9326360895E-08  -1.2890391747E-05  -1.7761463288E-01   1.1489100356E-01
    1     -5.9326360895E-08   6.5199950926E-01  -4.8731877480E-06   5.4242734703E-02  -2.7832946978E-01
    2     -1.2890391747E-05  -4.8731877480E-06   1.3391518171E-01   1.9673335752E-06  -8.7719192359E-07
    3     -1.7761463288E-01   5.4242734703E-02   1.9673335752E-06   6.8208494680E-01   3.7996300458E-02
    4      1.1489100356E-01  -2.7832946978E-01  -8.7719192359E-07   3.7996300458E-02   7.1466440475E-01
    5      1.5782258969E-06  -5.3710116971E-08  -6.1831700962E-02  -1.1007801532E-05  -4.8427215888E-06
    6     -2.9170951001E-02   7.3725289369E-02  -1.1192098617E-07  -3.3905865292E-01  -2.8410150206E-02
    7      3.1161830303E-02   3.1087012000E-02  -9.3265237690E-07   3.0113628595E-02  -1.2901416621E-01
    8      4.8904759933E-07  -1.4790119754E-06   7.4194842739E-03   5.0014760117E-06   1.1976403122E-06
    9      2.1854251328E-03  -3.3871579246E-08  -2.6160583563E-07  -3.3836679290E-02  -2.8632154234E-02
   10      5.5342833637E-08  -6.2155311723E-02   6.2552348428E-07  -7.0108018386E-02   2.9102128620E-02
   11     -1.7543774026E-07   4.5322278885E-07  -7.8403914472E-03   1.6263206029E-06   4.4642635336E-07
   12     -2.9170810681E-02  -7.3725385923E-02   1.0380835188E-06  -4.6193276448E-02   2.6933321508E-02
   13     -3.1161925762E-02   3.1086902754E-02   4.6307478475E-07   2.7718331750E-02  -1.4773335048E-02
   14      1.1221475938E-06   1.0729541457E-06   7.4195176382E-03   2.5395386635E-07  -2.9122623197E-07
   15     -1.7761463641E-01  -5.4242699908E-02   3.2173122673E-06   6.2029968956E-02  -2.0691071748E-02
   16     -1.1489093933E-01  -2.7832957447E-01   5.1392477871E-06   2.0691186789E-02  -5.7723103569E-02
   17      3.8694379077E-06   4.2166806592E-06  -6.1831849863E-02  -1.0095837117E-06   6.2189801404E-07
   18     -2.0432334142E-03   1.4270570081E-07   2.7189895652E-07   6.6615118357E-03  -5.9318663620E-03
   19      6.0820408629E-08  -2.8284159497E-03  -1.2958872025E-08  -4.1713560549E-03  -5.4205455039E-03
   20     -2.9927306806E-08   3.4332428001E-08  -1.5094995407E-03   2.9169250797E-08   1.4130603479E-08
   21      1.1964998890E-03   5.0509082040E-09   9.3077745585E-09  -2.8634799783E-03   4.7098796473E-04
   22     -4.2137377525E-08   8.2828637044E-04  -1.7874415428E-08   8.3779163461E-04   1.1219887763E-03
   23      9.9412241842E-08   3.6697963969E-10   3.0008342382E-04  -1.1610863797E-07   6.6465027008E-08
   24     -3.3423667452E-01   2.1519189434E-09   6.2400731678E-06  -1.1764202377E-02  -2.5027728195E-03
   25      1.0220381850E-08  -5.8923224772E-02   2.1115846003E-07   2.8466429284E-02   4.5119449709E-03
   26      5.9161463725E-06   2.1605490876E-07  -3.6466760544E-02   1.9605393266E-08   1.7357294177E-07
   27      1.1810774538E-02   1.4830664986E-02  -2.6051554554E-07  -1.2786645438E-01  -1.1986177682E-01
   28     -1.6111019090E-02  -1.8902337102E-02   5.0596333334E-07  -1.2012837931E-01  -2.6579208623E-01
   29     -8.4788150142E-08  -2.0640897796E-07   2.5171541744E-03   2.7643108377E-06   3.8695616426E-06
   30     -5.8567751191E-03  -1.3968315280E-03   3.4978853295E-07  -9.9562755265E-03   2.8311306874E-02
   31     -6.4773623966E-04   1.6844678198E-03  -6.8694898722E-08  -2.0832638317E-03   4.3811047213E-03
   32      2.7907282248E-07   1.4530611214E-07   7.6957811144E-03   3.8296010991E-07  -5.8015045607E-07
   33     -5.8567762839E-03   1.3968251110E-03   2.9035469604E-07  -7.2621479725E-04   8.4641575037E-04
   34      6.4772631972E-04   1.6844712395E-03   1.1675832677E-07   6.7272062346E-04   3.9969135695E-04
   35      2.8740808988E-07  -5.2404748177E-08   7.6957887453E-03  -7.1266535794E-08   1.5544215286E-08
   36      1.1810764207E-02  -1.4830649374E-02   1.1145314592E-07  -8.9655898540E-04  -3.4055705718E-03
   37      1.6111031179E-02  -1.8902315648E-02  -2.7355761543E-07  -4.2620796016E-03  -3.1285568517E-03
   38     -4.3152510015E-07   5.2019721798E-07   2.5172112790E-03   2.2028710940E-07   2.2139181116E-07
                    5                  6                  7                  8                  9        
    0      1.5782258969E-06  -2.9170951001E-02   3.1161830303E-02   4.8904759933E-07   2.1854251328E-03
    1     -5.3710116971E-08   7.3725289369E-02   3.1087012000E-02  -1.4790119754E-06  -3.3871579246E-08
    2     -6.1831700962E-02  -1.1192098617E-07  -9.3265237690E-07   7.4194842739E-03  -2.6160583563E-07
    3     -1.1007801532E-05  -3.3905865292E-01   3.0113628595E-02   5.0014760117E-06  -3.3836679290E-02
    4     -4.8427215888E-06  -2.8410150206E-02  -1.2901416621E-01   1.1976403122E-06  -2.8632154234E-02
    5      1.3140264855E-01   5.9493518916E-06   1.1547344187E-07  -6.0881014160E-02   1.0301393385E-06
    6      5.9493518916E-06   6.8841363444E-01  -4.8305705241E-02  -9.2821018079E-06  -1.5173550796E-01
    7      1.1547344187E-07  -4.8305705241E-02   7.0243099365E-01  -3.0777018396E-06  -9.4844840545E-02
    8     -6.0881014160E-02  -9.2821018079E-06  -3.0777018396E-06   1.3242178757E-01   1.9622151358E-06
    9      1.0301393385E-06  -1.5173550796E-01  -9.4844840545E-02   1.9622151358E-06   6.7185145058E-01
   10      7.6287978965E-07  -5.0806895134E-02  -2.6685992498E-01   1.9704240094E-06   6.6476761491E-07
   11      7.8847928322E-03   1.8733692884E-06   3.0245078188E-06  -6.4329169142E-02  -2.3156211738E-06
   12      7.9911051927E-07   5.7734916988E-02   1.9312526801E-02  -1.1250064426E-06  -1.5173718422E-01
   13     -6.2235939474E-07  -1.9312268071E-02  -5.6533058866E-02   1.2362368984E-06   9.4845971145E-02
   14     -8.3781489855E-03  -7.7841422194E-07  -5.5627392643E-08   1.1328103913E-02  -4.1156721386E-08
   15     -7.4353422862E-07  -4.6193185138E-02  -2.7718432542E-02   8.6859355762E-07  -3.3836695316E-02
   16      4.8887445026E-07  -2.6933321443E-02  -1.4773433993E-02   4.5136176357E-07   2.8632249549E-02
   17      7.9911519788E-03   1.2593449589E-06   7.6337398384E-07  -8.3780675759E-03   5.3211998448E-07
   18     -5.4579809282E-07  -4.2117706567E-02  -1.9760373704E-02   9.3716964337E-07  -2.8593141968E-01
   19      3.0150719818E-07  -3.2172162661E-02   6.4945049216E-03   2.5487763033E-07  -1.5819989445E-06
   20      8.2529640688E-03   3.2161224474E-07  -4.7871527750E-07   1.2697665672E-03  -2.8567131290E-06
   21      2.0999509146E-07   5.6616793034E-03   9.7567984741E-03  -2.4893257305E-07  -2.7619572303E-02
   22     -4.7428868859E-08   2.6126437514E-03  -2.4523729390E-03   3.1352797376E-08  -3.3695057657E-07
   23     -1.4774824291E-03   4.9214301892E-08   2.7303786175E-07   1.7198913637E-03   1.3799648733E-06
   24      1.1408229013E-07   6.1504786136E-04   3.3688504813E-03   1.9937362025E-07   8.4820646802E-04
   25     -5.7397343545E-07   2.6260762361E-03  -4.8033255757E-03   3.5487300984E-08  -8.2800434595E-09
   26      3.0258068659E-03   7.0862176155E-08  -6.2118307043E-08   7.6006752859E-03  -5.8391946859E-08
   27      2.6385084218E-06  -1.1517585518E-02  -2.8992253453E-02   4.6182904420E-07  -5.5227443130E-03
   28      3.8771433639E-06   1.7941553842E-03   3.5121825798E-03  -1.1551113330E-07   8.9773908361E-04
   29     -3.5846407261E-02   5.1797710941E-08   5.4313471794E-07   2.4309615146E-03   2.4097920665E-07
   30     -1.5639288461E-07  -1.3062315297E-01   1.2354218505E-01   6.8658078522E-07   1.0428722018E-02
   31      2.5757540963E-07   1.2174134516E-01  -2.6652411829E-01  -4.3453106293E-07   1.5311595944E-02
   32      3.1294351147E-03   4.4834870292E-07  -2.7727886707E-07  -3.5696055967E-02  -2.0329330797E-07
   33     -4.2695908437E-08  -1.2716666017E-03   3.3313093758E-03   8.2983813970E-08   1.0428772991E-02
   34     -2.6853362359E-08   4.3628130804E-03  -2.7417054393E-03   3.5883221877E-08  -1.5311666276E-02
   35     -6.5786450179E-04  -4.9175743433E-09   5.8135681440E-08   5.9667922404E-03   8.6882757165E-08
   36      1.1615285707E-07  -7.3686991840E-04  -9.4184557681E-04   4.7216966270E-08  -5.5227740999E-03
   37      3.2825239329E-07  -9.4549825042E-04   1.7741314314E-04  -3.3493912189E-08  -8.9773764215E-04
   38      7.3858188889E-03   7.3007960508E-08   3.3416544488E-08  -8.7315588293E-04   2.3353710503E-07
                   10                 11                 12                 13                 14        
    0      5.5342833637E-08  -1.7543774026E-07  -2.9170810681E-02  -3.1161925762E-02   1.1221475938E-06
    1     -6.2155311723E-02   4.5322278885E-07  -7.3725385923E-02   3.1086902754E-02   1.0729541457E-06
    2      6.2552348428E-07  -7.8403914472E-03   1.0380835188E-06   4.6307478475E-07   7.4195176382E-03
    3     -7.0108018386E-02   1.6263206029E-06  -4.6193276448E-02   2.7718331750E-02   2.5395386635E-07
    4      2.9102128620E-02   4.4642635336E-07   2.6933321508E-02  -1.4773335048E-02  -2.9122623197E-07
    5      7.6287978965E-07   7.8847928322E-03   7.9911051927E-07  -6.2235939474E-07  -8.3781489855E-03
    6     -5.0806895134E-02   1.8733692884E-06   5.7734916988E-02  -1.9312268071E-02  -7.7841422194E-07
    7     -2.6685992498E-01   3.0245078188E-06   1.9312526801E-02  -5.6533058866E-02  -5.5627392643E-08
    8      1.9704240094E-06  -6.4329169142E-02  -1.1250064426E-06   1.2362368984E-06   1.1328103913E-02
    9      6.6476761491E-07  -2.3156211738E-06  -1.5173718422E-01   9.4845971145E-02  -4.1156721386E-08
   10      6.3504107204E-01  -4.7214188157E-06   5.0807862398E-02  -2.6686121308E-01   1.9621754857E-06
   11     -4.7214188157E-06   1.4075401637E-01   9.9210290909E-07   7.3746351782E-07  -6.4329611517E-02
   12      5.0807862398E-02   9.9210290909E-07   6.8841739789E-01   4.8304207667E-02  -1.0240036831E-05
   13     -2.6686121308E-01   7.3746351782E-07   4.8304207667E-02   7.0243223494E-01  -7.8017392843E-06
   14      1.9621754857E-06  -6.4329611517E-02  -1.0240036831E-05  -7.8017392843E-06   1.3242216964E-01
   15      7.0107893941E-02   1.0942687043E-07  -3.3905999745E-01  -3.0113654067E-02   5.4214139241E-06
   16      2.9102508582E-02  -8.1952350577E-07   2.8409950306E-02  -1.2901441642E-01   8.4992982311E-08
   17     -1.2387013572E-06   7.8849373880E-03   5.2615715637E-06   1.1392046168E-06  -6.0881451992E-02
   18     -3.7926697886E-06  -1.5533310922E-06  -4.2117570829E-02   1.9760809806E-02   8.7537340356E-07
   19     -8.3958867071E-02   2.9306662664E-07   3.2173118961E-02   6.4945026783E-03  -3.7389977984E-07
   20      3.0980083110E-07  -5.6081858757E-02  -3.0704210586E-07   3.8950471939E-07   1.2700396006E-03
   21      2.4320096685E-06  -7.1500462020E-08   5.6608485948E-03  -9.7569768216E-03  -1.1019787122E-07
   22      2.0782019438E-02  -3.9845918545E-08  -2.6132290800E-03  -2.4519159677E-03   3.6400502437E-08
   23     -3.6112726795E-08   1.5503062668E-02   8.3629192339E-08  -1.9656929259E-07   1.7199829603E-03
   24     -2.1523630096E-08   1.3500254573E-08   6.1505278273E-04  -3.3688423165E-03   3.0537248780E-07
   25     -1.3555171090E-03   1.2909808874E-08  -2.6260685346E-03  -4.8033288475E-03   1.9853637653E-07
   26      4.7254320933E-09  -9.4206435393E-04   1.3213950289E-07   2.9772345286E-07   7.6007073411E-03
   27      1.0226391788E-03   2.0248901869E-07  -7.3685949937E-04   9.4183595510E-04   1.9924310058E-08
   28      2.0703668085E-03  -3.1521377935E-09   9.4550282467E-04   1.7740428064E-04   8.9651277453E-09
   29      4.6737262645E-08   7.7651021255E-03   8.2941318714E-08  -5.4468274346E-08  -8.7313855071E-04
   30     -1.5294303694E-02  -1.9717423906E-07  -1.2716552852E-03  -3.3313418356E-03   1.5612892700E-07
   31     -1.8488882657E-02   1.8403485365E-07  -4.3628007898E-03  -2.7416882388E-03   1.0191142411E-07
   32      4.3062559086E-07   2.9830101756E-03   1.3519906919E-07   9.3017594372E-08   5.9668158083E-03
   33      1.5294369729E-02  -4.2459002427E-07  -1.3062322491E-01  -1.2354221416E-01   3.1053601775E-06
   34     -1.8488766341E-02   3.5939775403E-07  -1.2174124034E-01  -2.6652428103E-01   4.9586557796E-06
   35     -2.0425672168E-07   2.9830168923E-03   2.9177326774E-06   4.9247522387E-06  -3.5696139347E-02
   36     -1.0227466501E-03   1.9138950130E-07  -1.1517636927E-02   2.8992434639E-02  -4.8821252514E-08
   37      2.0703874634E-03   1.6254964617E-07  -1.7941337257E-03   3.5121928348E-03   3.9310233962E-08
   38     -2.0410547343E-09   7.7651567689E-03   1.8852731646E-07  -5.4725094655E-07   2.4311534911E-03
                   15                 16                 17                 18                 19        
    0     -1.7761463641E-01  -1.1489093933E-01   3.8694379077E-06  -2.0432334142E-03   6.0820408629E-08
    1     -5.4242699908E-02  -2.7832957447E-01   4.2166806592E-06   1.4270570081E-07  -2.8284159497E-03
    2      3.2173122673E-06   5.1392477871E-06  -6.1831849863E-02   2.7189895652E-07  -1.2958872025E-08
    3      6.2029968956E-02   2.0691186789E-02  -1.0095837117E-06   6.6615118357E-03  -4.1713560549E-03
    4     -2.0691071748E-02  -5.7723103569E-02   6.2189801404E-07  -5.9318663620E-03  -5.4205455039E-03
    5     -7.4353422862E-07   4.8887445026E-07   7.9911519788E-03  -5.4579809282E-07   3.0150719818E-07
    6     -4.6193185138E-02  -2.6933321443E-02   1.2593449589E-06  -4.2117706567E-02  -3.2172162661E-02
    7     -2.7718432542E-02  -1.4773433993E-02   7.6337398384E-07  -1.9760373704E-02   6.4945049216E-03
    8      8.6859355762E-07   4.5136176357E-07  -8.3780675759E-03   9.3716964337E-07   2.5487763033E-07
    9     -3.3836695316E-02   2.8632249549E-02   5.3211998448E-07  -2.8593141968E-01  -1.5819989445E-06
   10      7.0107893941E-02   2.9102508582E-02  -1.2387013572E-06  -3.7926697886E-06  -8.3958867071E-02
   11      1.0942687043E-07  -8.1952350577E-07   7.8849373880E-03  -1.5533310922E-06   2.9306662664E-07
   12     -3.3905999745E-01   2.8409950306E-02   5.2615715637E-06  -4.2117570829E-02   3.2173118961E-02
   13     -3.0113654067E-02  -1.2901441642E-01   1.1392046168E-06   1.9760809806E-02   6.4945026783E-03
   14      5.4214139241E-06   8.4992982311E-08  -6.0881451992E-02   8.7537340356E-07  -3.7389977984E-07
   15      6.8208667873E-01  -3.7996310418E-02  -1.0138560550E-05   6.6611343078E-03   4.1712983800E-03
   16     -3.7996310418E-02   7.1466468675E-01  -6.0875455926E-06   5.9316978501E-03  -5.4206807172E-03
   17     -1.0138560550E-05  -6.0875455926E-06   1.3140307535E-01  -6.4159948847E-07  -3.6731064315E-08
   18      6.6611343078E-03   5.9316978501E-03  -6.4159948847E-07   1.4996685263E+00  -3.2407291070E-05
   19      4.1712983800E-03  -5.4206807172E-03  -3.6731064315E-08  -3.2407291070E-05   1.2208774407E-01
   20      5.0826954243E-10   2.4728891054E-07   8.2531314665E-03   3.5368405737E-05  -3.7595665047E-07
   21     -2.8635377550E-03  -4.7081450388E-04   1.3389526730E-07  -1.1429453959E+00   3.2675414538E-05
   22     -8.3762170366E-04   1.1220315356E-03   8.6278206231E-09   3.5734521637E-05  -3.8690156464E-02
   23     -8.4746155166E-08  -1.1414227463E-07  -1.4775723100E-03  -3.4493377424E-05   4.0654086457E-09
   24     -1.1764215688E-02   2.5027531578E-03  -5.4251536150E-08   1.1015135091E-04   2.6687099973E-08
   25     -2.8466460309E-02   4.5119215968E-03   5.4668716271E-07   1.4726246972E-08   9.9330756664E-05
   26      5.5881179469E-07  -2.0825730790E-07   3.0258595727E-03   9.7884288865E-09  -1.6488827721E-08
   27     -8.9656803494E-04   3.4055721504E-03   7.7775568715E-08  -5.1976360243E-04  -1.6073063484E-03
   28      4.2620773667E-03  -3.1285617647E-03  -1.0011677815E-07   1.5755255059E-05   2.1602780662E-04
   29      8.2384656146E-08  -8.0407411874E-09   7.3857861749E-03   6.8423583860E-08   6.4015173338E-08
   30     -7.2620736995E-04  -8.4639921995E-04  -3.2466873109E-08   1.5467838308E-03  -6.3623721853E-04
   31     -6.7271365212E-04   3.9968503735E-04   3.1668900736E-08   1.7043858723E-03   3.5530641765E-04
   32     -8.3336987470E-08  -2.2120201966E-08  -6.5784313403E-04  -8.4816840023E-09  -2.8759256613E-08
   33     -9.9562358254E-03  -2.8311337739E-02   4.1191841601E-07   1.5467075711E-03   6.3639054258E-04
   34      2.0832669544E-03   4.3810820953E-03  -2.5276838959E-07  -1.7042588903E-03   3.5527571351E-04
   35      1.7274464504E-07   5.0044661314E-07   3.1295034360E-03   1.1201313539E-07  -1.9799763961E-08
   36     -1.2786650300E-01   1.1986171959E-01   3.9666991102E-07  -5.1972526413E-04   1.6073834232E-03
   37      1.2012842097E-01  -2.6579214467E-01   4.1177306567E-07  -1.5744475667E-05   2.1597334611E-04
   38      5.5271051707E-07   3.2336607536E-07  -3.5846660489E-02   4.7206771768E-08  -3.1584633338E-08
                   20                 21                 22                 23                 24        
    0     -2.9927306806E-08   1.1964998890E-03  -4.2137377525E-08   9.9412241842E-08  -3.3423667452E-01
    1      3.4332428001E-08   5.0509082040E-09   8.2828637044E-04   3.6697963969E-10   2.1519189434E-09
    2     -1.5094995407E-03   9.3077745585E-09  -1.7874415428E-08   3.0008342382E-04   6.2400731678E-06
    3      2.9169250797E-08  -2.8634799783E-03   8.3779163461E-04  -1.1610863797E-07  -1.1764202377E-02
    4      1.4130603479E-08   4.7098796473E-04   1.1219887763E-03   6.6465027008E-08  -2.5027728195E-03
    5      8.2529640688E-03   2.0999509146E-07  -4.7428868859E-08  -1.4774824291E-03   1.1408229013E-07
    6      3.2161224474E-07   5.6616793034E-03   2.6126437514E-03   4.9214301892E-08   6.1504786136E-04
    7     -4.7871527750E-07   9.7567984741E-03  -2.4523729390E-03   2.7303786175E-07   3.3688504813E-03
    8      1.2697665672E-03  -2.4893257305E-07   3.1352797376E-08   1.7198913637E-03   1.9937362025E-07
    9     -2.8567131290E-06  -2.7619572303E-02  -3.3695057657E-07   1.3799648733E-06   8.4820646802E-04
   10      3.0980083110E-07   2.4320096685E-06   2.0782019438E-02  -3.6112726795E-08  -2.1523630096E-08
   11     -5.6081858757E-02  -7.1500462020E-08  -3.9845918545E-08   1.5503062668E-02   1.3500254573E-08
   12     -3.0704210586E-07   5.6608485948E-03  -2.6132290800E-03   8.3629192339E-08   6.1505278273E-04
   13      3.8950471939E-07  -9.7569768216E-03  -2.4519159677E-03  -1.9656929259E-07  -3.3688423165E-03
   14      1.2700396006E-03  -1.1019787122E-07   3.6400502437E-08   1.7199829603E-03   3.0537248780E-07
   15      5.0826954243E-10  -2.8635377550E-03  -8.3762170366E-04  -8.4746155166E-08  -1.1764215688E-02
   16      2.4728891054E-07  -4.7081450388E-04   1.1220315356E-03  -1.1414227463E-07   2.5027531578E-03
   17      8.2531314665E-03   1.3389526730E-07   8.6278206231E-09  -1.4775723100E-03  -5.4251536150E-08
   18      3.5368405737E-05  -1.1429453959E+00   3.5734521637E-05  -3.4493377424E-05   1.1015135091E-04
   19     -3.7595665047E-07   3.2675414538E-05  -3.8690156464E-02   4.0654086457E-09   2.6687099973E-08
   20      8.5519847771E-02  -3.3216492695E-05   3.7585391502E-09  -3.8340484313E-02  -1.5412674530E-07
   21     -3.3216492695E-05   1.1649279403E+00  -3.5039325657E-05   3.3183930755E-05  -1.0749670516E-04
   22      3.7585391502E-09  -3.5039325657E-05   1.9503792589E-02   1.0284236125E-08   2.3638063977E-09
   23     -3.8340484313E-02   3.3183930755E-05   1.0284236125E-08   2.1318893282E-02   1.1777501036E-07
   24     -1.5412674530E-07  -1.0749670516E-04   2.3638063977E-09   1.1777501036E-07   3.5553953555E-01
   25     -1.8890909062E-08  -1.5729903951E-09   1.7270471610E-05   1.8752687627E-09   4.5757108723E-09
   26     -1.5045741430E-03   5.3145262275E-08   3.8030660307E-09   2.7733216748E-04  -6.6433952729E-06
   27      1.0471383356E-07  -3.8938905583E-04   3.2646171625E-04  -1.8888529557E-08   7.6613990452E-04
   28      1.5817675544E-08   4.0525742512E-05  -9.9483351157E-05   1.7346899092E-08   7.2002357865E-05
   29      5.8420564435E-04   4.9033529470E-09  -5.6555019418E-09  -2.2772515021E-04  -1.0288775933E-07
   30      1.1999193110E-07  -1.3432138565E-04   2.9526576933E-04  -2.8816060932E-08  -6.9384575063E-04
   31     -2.8502040306E-07  -7.2605743744E-04   2.0902872600E-04   3.9192617969E-08  -2.1450774474E-04
   32     -4.1488463770E-03  -1.5035288088E-08   8.2608402499E-09   4.5586338265E-04   3.1728159547E-08
   33      8.6490732979E-08  -1.3433143587E-04  -2.9522911380E-04  -2.6883930316E-08  -6.9384356663E-04
   34      1.5725840054E-07   7.2603559670E-04   2.0898894983E-04  -4.2451641552E-08   2.1450852099E-04
   35     -4.1488387578E-03  -6.9721205334E-08   4.2260415365E-09   4.5587015329E-04   4.6962887393E-08
   36      8.5718103486E-08  -3.8944355308E-04  -3.2645134294E-04  -9.9694829917E-09   7.6614469395E-04
   37     -3.4662056510E-08  -4.0520694560E-05  -9.9478135106E-05  -2.6660502335E-08  -7.2001934269E-05
   38      5.8414676944E-04   1.5664366531E-09   7.3930001599E-09  -2.2771519955E-04  -9.2860388872E-08
                   25                 26                 27                 28                 29        
    0      1.0220381850E-08   5.9161463725E-06   1.1810774538E-02  -1.6111019090E-02  -8.4788150142E-08
    1     -5.8923224772E-02   2.1605490876E-07   1.4830664986E-02  -1.8902337102E-02  -2.0640897796E-07
    2      2.1115846003E-07  -3.6466760544E-02  -2.6051554554E-07   5.0596333334E-07   2.5171541744E-03
    3      2.8466429284E-02   1.9605393266E-08  -1.2786645438E-01  -1.2012837931E-01   2.7643108377E-06
    4      4.5119449709E-03   1.7357294177E-07  -1.1986177682E-01  -2.6579208623E-01   3.8695616426E-06
    5     -5.7397343545E-07   3.0258068659E-03   2.6385084218E-06   3.8771433639E-06  -3.5846407261E-02
    6      2.6260762361E-03   7.0862176155E-08  -1.1517585518E-02   1.7941553842E-03   5.1797710941E-08
    7     -4.8033255757E-03  -6.2118307043E-08  -2.8992253453E-02   3.5121825798E-03   5.4313471794E-07
    8      3.5487300984E-08   7.6006752859E-03   4.6182904420E-07  -1.1551113330E-07   2.4309615146E-03
    9     -8.2800434595E-09  -5.8391946859E-08  -5.5227443130E-03   8.9773908361E-04   2.4097920665E-07
   10     -1.3555171090E-03   4.7254320933E-09   1.0226391788E-03   2.0703668085E-03   4.6737262645E-08
   11      1.2909808874E-08  -9.4206435393E-04   2.0248901869E-07  -3.1521377935E-09   7.7651021255E-03
   12     -2.6260685346E-03   1.3213950289E-07  -7.3685949937E-04   9.4550282467E-04   8.2941318714E-08
   13     -4.8033288475E-03   2.9772345286E-07   9.4183595510E-04   1.7740428064E-04  -5.4468274346E-08
   14      1.9853637653E-07   7.6007073411E-03   1.9924310058E-08   8.9651277453E-09  -8.7313855071E-04
   15     -2.8466460309E-02   5.5881179469E-07  -8.9656803494E-04   4.2620773667E-03   8.2384656146E-08
   16      4.5119215968E-03  -2.0825730790E-07   3.4055721504E-03  -3.1285617647E-03  -8.0407411874E-09
   17      5.4668716271E-07   3.0258595727E-03   7.7775568715E-08  -1.0011677815E-07   7.3857861749E-03
   18      1.4726246972E-08   9.7884288865E-09  -5.1976360243E-04   1.5755255059E-05   6.8423583860E-08
   19      9.9330756664E-05  -1.6488827721E-08  -1.6073063484E-03   2.1602780662E-04   6.4015173338E-08
   20     -1.8890909062E-08  -1.5045741430E-03   1.0471383356E-07   1.5817675544E-08   5.8420564435E-04
   21     -1.5729903951E-09   5.3145262275E-08  -3.8938905583E-04   4.0525742512E-05   4.9033529470E-09
   22      1.7270471610E-05   3.8030660307E-09   3.2646171625E-04  -9.9483351157E-05  -5.6555019418E-09
   23      1.8752687627E-09   2.7733216748E-04  -1.8888529557E-08   1.7346899092E-08  -2.2772515021E-04
   24      4.5757108723E-09  -6.6433952729E-06   7.6613990452E-04   7.2002357865E-05  -1.0288775933E-07
   25      5.8628252588E-02  -3.2655709720E-07  -3.9502253409E-04   9.8315838934E-04  -2.4977512242E-08
   26     -3.2655709720E-07   2.5044905632E-02  -7.8592770502E-08  -3.3853281099E-08  -3.8294931523E-03
   27     -3.9502253409E-04  -7.8592770502E-08   1.3332174302E-01   1.2932333380E-01  -3.0190556281E-06
   28      9.8315838934E-04  -3.3853281099E-08   1.2932333380E-01   2.8138614904E-01  -4.2332197055E-06
   29     -2.4977512242E-08  -3.8294931523E-03  -3.0190556281E-06  -4.2332197055E-06   2.5281595002E-02
   30      1.4748482609E-03   2.9461840978E-08   1.0304329529E-03  -2.1584697310E-04  -8.1656728708E-08
   31      7.5180573588E-05  -1.4192395011E-08   2.5328005772E-04   6.7976729013E-04  -3.4736733937E-08
   32     -2.6517669363E-08  -1.4311249305E-06  -9.3461432352E-08  -9.5315619459E-09  -4.0146375713E-03
   33     -1.4748509604E-03   5.6933934839E-08   8.3144839215E-05  -7.8926417281E-05  -1.2831082401E-09
   34      7.5179567542E-05   1.2494456889E-08  -6.4348462174E-05   8.5157057677E-06   2.3302402156E-08
   35      3.1123048653E-08  -1.4363883263E-06  -6.0117042855E-11   3.3865003897E-08  -1.3225571130E-03
   36      3.9502493035E-04  -8.7860891532E-08   4.3712915306E-04  -8.3376950244E-04  -1.4498616532E-08
   37      9.8315739061E-04  -5.3732860339E-08   8.3376924538E-04  -1.1111034497E-03   1.0509224837E-08
   38     -6.0034985318E-08  -3.8295271587E-03  -2.6236849932E-08   4.6530217946E-08   1.4915416220E-04
                   30                 31                 32                 33                 34        
    0     -5.8567751191E-03  -6.4773623966E-04   2.7907282248E-07  -5.8567762839E-03   6.4772631972E-04
    1     -1.3968315280E-03   1.6844678198E-03   1.4530611214E-07   1.3968251110E-03   1.6844712395E-03
    2      3.4978853295E-07  -6.8694898722E-08   7.6957811144E-03   2.9035469604E-07   1.1675832677E-07
    3     -9.9562755265E-03  -2.0832638317E-03   3.8296010991E-07  -7.2621479725E-04   6.7272062346E-04
    4      2.8311306874E-02   4.3811047213E-03  -5.8015045607E-07   8.4641575037E-04   3.9969135695E-04
    5     -1.5639288461E-07   2.5757540963E-07   3.1294351147E-03  -4.2695908437E-08  -2.6853362359E-08
    6     -1.3062315297E-01   1.2174134516E-01   4.4834870292E-07  -1.2716666017E-03   4.3628130804E-03
    7      1.2354218505E-01  -2.6652411829E-01  -2.7727886707E-07   3.3313093758E-03  -2.7417054393E-03
    8      6.8658078522E-07  -4.3453106293E-07  -3.5696055967E-02   8.2983813970E-08   3.5883221877E-08
    9      1.0428722018E-02   1.5311595944E-02  -2.0329330797E-07   1.0428772991E-02  -1.5311666276E-02
   10     -1.5294303694E-02  -1.8488882657E-02   4.3062559086E-07   1.5294369729E-02  -1.8488766341E-02
   11     -1.9717423906E-07   1.8403485365E-07   2.9830101756E-03  -4.2459002427E-07   3.5939775403E-07
   12     -1.2716552852E-03  -4.3628007898E-03   1.3519906919E-07  -1.3062322491E-01  -1.2174124034E-01
   13     -3.3313418356E-03  -2.7416882388E-03   9.3017594372E-08  -1.2354221416E-01  -2.6652428103E-01
   14      1.5612892700E-07   1.0191142411E-07   5.9668158083E-03   3.1053601775E-06   4.9586557796E-06
   15     -7.2620736995E-04  -6.7271365212E-04  -8.3336987470E-08  -9.9562358254E-03   2.0832669544E-03
   16     -8.4639921995E-04   3.9968503735E-04  -2.2120201966E-08  -2.8311337739E-02   4.3810820953E-03
   17     -3.2466873109E-08   3.1668900736E-08  -6.5784313403E-04   4.1191841601E-07  -2.5276838959E-07
   18      1.5467838308E-03   1.7043858723E-03  -8.4816840023E-09   1.5467075711E-03  -1.7042588903E-03
   19     -6.3623721853E-04   3.5530641765E-04  -2.8759256613E-08   6.3639054258E-04   3.5527571351E-04
   20      1.1999193110E-07  -2.8502040306E-07  -4.1488463770E-03   8.6490732979E-08   1.5725840054E-07
   21     -1.3432138565E-04  -7.2605743744E-04  -1.5035288088E-08  -1.3433143587E-04   7.2603559670E-04
   22      2.9526576933E-04   2.0902872600E-04   8.2608402499E-09  -2.9522911380E-04   2.0898894983E-04
   23     -2.8816060932E-08   3.9192617969E-08   4.5586338265E-04  -2.6883930316E-08  -4.2451641552E-08
   24     -6.9384575063E-04  -2.1450774474E-04   3.1728159547E-08  -6.9384356663E-04   2.1450852099E-04
   25      1.4748482609E-03   7.5180573588E-05  -2.6517669363E-08  -1.4748509604E-03   7.5179567542E-05
   26      2.9461840978E-08  -1.4192395011E-08  -1.4311249305E-06   5.6933934839E-08   1.2494456889E-08
   27      1.0304329529E-03   2.5328005772E-04  -9.3461432352E-08   8.3144839215E-05  -6.4348462174E-05
   28     -2.1584697310E-04   6.7976729013E-04  -9.5315619459E-09  -7.8926417281E-05   8.5157057677E-06
   29     -8.1656728708E-08  -3.4736733937E-08  -4.0146375713E-03  -1.2831082401E-09   2.3302402156E-08
   30      1.3560951307E-01  -1.3117472381E-01  -8.5364882306E-07   5.6363806176E-04  -8.3126104776E-04
   31     -1.3117472381E-01   2.8099460429E-01   2.3086191671E-07   8.3126186118E-04  -1.0329707348E-03
   32     -8.5364882306E-07   2.3086191671E-07   2.4930403588E-02   1.8231459040E-08   2.7851498793E-08
   33      5.6363806176E-04   8.3126186118E-04   1.8231459040E-08   1.3560959785E-01   1.3117456538E-01
   34     -8.3126104776E-04  -1.0329707348E-03   2.7851498793E-08   1.3117456538E-01   2.8099474762E-01
   35      2.7954037108E-08   2.7464531820E-08   6.8006224274E-04  -3.4474493571E-06  -5.2872552588E-06
   36      8.3143480620E-05   6.4351300357E-05  -2.6909186415E-08   1.0304321084E-03  -2.5328682389E-04
   37      7.8922683508E-05   8.5150450229E-06  -2.1898943395E-08   2.1584601347E-04   6.7977128966E-04
   38     -3.1124058608E-08  -5.2007576708E-09  -1.3225572523E-03  -8.6182903718E-08  -4.6976219200E-08
                   35                 36                 37                 38        
     0      2.8740808988E-07   1.1810764207E-02   1.6111031179E-02  -4.3152510015E-07
     1     -5.2404748177E-08  -1.4830649374E-02  -1.8902315648E-02   5.2019721798E-07
     2      7.6957887453E-03   1.1145314592E-07  -2.7355761543E-07   2.5172112790E-03
     3     -7.1266535794E-08  -8.9655898540E-04  -4.2620796016E-03   2.2028710940E-07
     4      1.5544215286E-08  -3.4055705718E-03  -3.1285568517E-03   2.2139181116E-07
     5     -6.5786450179E-04   1.1615285707E-07   3.2825239329E-07   7.3858188889E-03
     6     -4.9175743433E-09  -7.3686991840E-04  -9.4549825042E-04   7.3007960508E-08
     7      5.8135681440E-08  -9.4184557681E-04   1.7741314314E-04   3.3416544488E-08
     8      5.9667922404E-03   4.7216966270E-08  -3.3493912189E-08  -8.7315588293E-04
     9      8.6882757165E-08  -5.5227740999E-03  -8.9773764215E-04   2.3353710503E-07
    10     -2.0425672168E-07  -1.0227466501E-03   2.0703874634E-03  -2.0410547343E-09
    11      2.9830168923E-03   1.9138950130E-07   1.6254964617E-07   7.7651567689E-03
    12      2.9177326774E-06  -1.1517636927E-02  -1.7941337257E-03   1.8852731646E-07
    13      4.9247522387E-06   2.8992434639E-02   3.5121928348E-03  -5.4725094655E-07
    14     -3.5696139347E-02  -4.8821252514E-08   3.9310233962E-08   2.4311534911E-03
    15      1.7274464504E-07  -1.2786650300E-01   1.2012842097E-01   5.5271051707E-07
    16      5.0044661314E-07   1.1986171959E-01  -2.6579214467E-01   3.2336607536E-07
    17      3.1295034360E-03   3.9666991102E-07   4.1177306567E-07  -3.5846660489E-02
    18      1.1201313539E-07  -5.1972526413E-04  -1.5744475667E-05   4.7206771768E-08
    19     -1.9799763961E-08   1.6073834232E-03   2.1597334611E-04  -3.1584633338E-08
    20     -4.1488387578E-03   8.5718103486E-08  -3.4662056510E-08   5.8414676944E-04
    21     -6.9721205334E-08  -3.8944355308E-04  -4.0520694560E-05   1.5664366531E-09
    22      4.2260415365E-09  -3.2645134294E-04  -9.9478135106E-05   7.3930001599E-09
    23      4.5587015329E-04  -9.9694829917E-09  -2.6660502335E-08  -2.2771519955E-04
    24      4.6962887393E-08   7.6614469395E-04  -7.2001934269E-05  -9.2860388872E-08
    25      3.1123048653E-08   3.9502493035E-04   9.8315739061E-04  -6.0034985318E-08
    26     -1.4363883263E-06  -8.7860891532E-08  -5.3732860339E-08  -3.8295271587E-03
    27     -6.0117042855E-11   4.3712915306E-04   8.3376924538E-04  -2.6236849932E-08
    28      3.3865003897E-08  -8.3376950244E-04  -1.1111034497E-03   4.6530217946E-08
    29     -1.3225571130E-03  -1.4498616532E-08   1.0509224837E-08   1.4915416220E-04
    30      2.7954037108E-08   8.3143480620E-05   7.8922683508E-05  -3.1124058608E-08
    31      2.7464531820E-08   6.4351300357E-05   8.5150450229E-06  -5.2007576708E-09
    32      6.8006224274E-04  -2.6909186415E-08  -2.1898943395E-08  -1.3225572523E-03
    33     -3.4474493571E-06   1.0304321084E-03   2.1584601347E-04  -8.6182903718E-08
    34     -5.2872552588E-06  -2.5328682389E-04   6.7977128966E-04  -4.6976219200E-08
    35      2.4930469818E-02  -8.1471438114E-08  -6.7137850997E-08  -4.0146674204E-03
    36     -8.1471438114E-08   1.3332189811E-01  -1.2932343390E-01  -6.6399176629E-07
    37     -6.7137850997E-08  -1.2932343390E-01   2.8138618824E-01  -4.5022854651E-07
    38     -4.0146674204E-03  -6.6399176629E-07  -4.5022854651E-07   2.5281642043E-02

$vibrational_frequencies
39
    0        0.0000000000000000
    1        0.0000000000000000
    2        0.0000000000000000
    3        0.0000000000000000
    4        0.0000000000000000
    5        0.0000000000000000
    6      150.4350708957735776
    7      175.1416548024550650
    8      391.3799195008868423
    9      405.0996764802774806
   10      468.9936026291182998
   11      563.2643670959328119
   12      567.7365482171564963
   13      642.4867479032097890
   14      705.1321503787543179
   15      772.9455860721793670
   16      778.4400758469329276
   17      852.9448492081606901
   18      934.5494133656516169
   19      969.0851998427549461
   20      994.4519726812945919
   21     1020.0728049954306016
   22     1047.1597541815683599
   23     1103.7745061569876270
   24     1186.9482970509036477
   25     1197.5556213449856386
   26     1228.3496062382403125
   27     1324.7602336904271851
   28     1353.7865873841255961
   29     1472.8999194182949850
   30     1515.8382849391725813
   31     1605.3672772226482266
   32     1632.1286664514045697
   33     2280.3289129945537752
   34     3165.8380909930669986
   35     3175.5241312829880371
   36     3183.1657764314877568
   37     3192.0510706874342759
   38     3195.3352100170563972

$normal_modes
39 39
                    0                  1                  2                  3                  4        
    0      0.0000000000E+00   0.0000000000E+00   0.0000000000E+00   0.0000000000E+00   0.0000000000E+00
    1      0.0000000000E+00   0.0000000000E+00   0.0000000000E+00   0.0000000000E+00   0.0000000000E+00
    2      0.0000000000E+00   0.0000000000E+00   0.0000000000E+00   0.0000000000E+00   0.0000000000E+00
    3      0.0000000000E+00   0.0000000000E+00   0.0000000000E+00   0.0000000000E+00   0.0000000000E+00
    4      0.0000000000E+00   0.0000000000E+00   0.0000000000E+00   0.0000000000E+00   0.0000000000E+00
    5      0.0000000000E+00   0.0000000000E+00   0.0000000000E+00   0.0000000000E+00   0.0000000000E+00
    6      0.0000000000E+00   0.0000000000E+00   0.0000000000E+00   0.0000000000E+00   0.0000000000E+00
    7      0.0000000000E+00   0.0000000000E+00   0.0000000000E+00   0.0000000000E+00   0.0000000000E+00
    8      0.0000000000E+00   0.0000000000E+00   0.0000000000E+00   0.0000000000E+00   0.0000000000E+00
    9      0.0000000000E+00   0.0000000000E+00   0.0000000000E+00   0.0000000000E+00   0.0000000000E+00
   10      0.0000000000E+00   0.0000000000E+00   0.0000000000E+00   0.0000000000E+00   0.0000000000E+00
   11      0.0000000000E+00   0.0000000000E+00   0.0000000000E+00   0.0000000000E+00   0.0000000000E+00
   12      0.0000000000E+00   0.0000000000E+00   0.0000000000E+00   0.0000000000E+00   0.0000000000E+00
   13      0.0000000000E+00   0.0000000000E+00   0.0000000000E+00   0.0000000000E+00   0.0000000000E+00
   14      0.0000000000E+00   0.0000000000E+00   0.0000000000E+00   0.0000000000E+00   0.0000000000E+00
   15      0.0000000000E+00   0.0000000000E+00   0.0000000000E+00   0.0000000000E+00   0.0000000000E+00
   16      0.0000000000E+00   0.0000000000E+00   0.0000000000E+00   0.0000000000E+00   0.0000000000E+00
   17      0.0000000000E+00   0.0000000000E+00   0.0000000000E+00   0.0000000000E+00   0.0000000000E+00
   18      0.0000000000E+00   0.0000000000E+00   0.0000000000E+00   0.0000000000E+00   0.0000000000E+00
   19      0.0000000000E+00   0.0000000000E+00   0.0000000000E+00   0.0000000000E+00   0.0000000000E+00
   20      0.0000000000E+00   0.0000000000E+00   0.0000000000E+00   0.0000000000E+00   0.0000000000E+00
   21      0.0000000000E+00   0.0000000000E+00   0.0000000000E+00   0.0000000000E+00   0.0000000000E+00
   22      0.0000000000E+00   0.0000000000E+00   0.0000000000E+00   0.0000000000E+00   0.0000000000E+00
   23      0.0000000000E+00   0.0000000000E+00   0.0000000000E+00   0.0000000000E+00   0.0000000000E+00
   24      0.0000000000E+00   0.0000000000E+00   0.0000000000E+00   0.0000000000E+00   0.0000000000E+00
   25      0.0000000000E+00   0.0000000000E+00   0.0000000000E+00   0.0000000000E+00   0.0000000000E+00
   26      0.0000000000E+00   0.0000000000E+00   0.0000000000E+00   0.0000000000E+00   0.0000000000E+00
   27      0.0000000000E+00   0.0000000000E+00   0.0000000000E+00   0.0000000000E+00   0.0000000000E+00
   28      0.0000000000E+00   0.0000000000E+00   0.0000000000E+00   0.0000000000E+00   0.0000000000E+00
   29      0.0000000000E+00   0.0000000000E+00   0.0000000000E+00   0.0000000000E+00   0.0000000000E+00
   30      0.0000000000E+00   0.0000000000E+00   0.0000000000E+00   0.0000000000E+00   0.0000000000E+00
   31      0.0000000000E+00   0.0000000000E+00   0.0000000000E+00   0.0000000000E+00   0.0000000000E+00
   32      0.0000000000E+00   0.0000000000E+00   0.0000000000E+00   0.0000000000E+00   0.0000000000E+00
   33      0.0000000000E+00   0.0000000000E+00   0.0000000000E+00   0.0000000000E+00   0.0000000000E+00
   34      0.0000000000E+00   0.0000000000E+00   0.0000000000E+00   0.0000000000E+00   0.0000000000E+00
   35      0.0000000000E+00   0.0000000000E+00   0.0000000000E+00   0.0000000000E+00   0.0000000000E+00
   36      0.0000000000E+00   0.0000000000E+00   0.0000000000E+00   0.0000000000E+00   0.0000000000E+00
   37      0.0000000000E+00   0.0000000000E+00   0.0000000000E+00   0.0000000000E+00   0.0000000000E+00
   38      0.0000000000E+00   0.0000000000E+00   0.0000000000E+00   0.0000000000E+00   0.0000000000E+00
                    5                  6                  7                  8                  9        
    0      0.0000000000E+00   9.5994405869E-06   2.8578808213E-06   4.3918581060E-06   6.5592488070E-07
    1      0.0000000000E+00   2.5794651620E-06  -1.1673151417E-01  -2.2323973725E-06   6.4675605421E-07
    2      0.0000000000E+00   2.7219921991E-01   8.9720941044E-07  -2.4102990751E-01  -2.3973721798E-06
    3      0.0000000000E+00   4.7578798067E-06   1.5388128211E-01   8.3666368466E-06   4.7795586748E-06
    4      0.0000000000E+00   6.2139212833E-07  -2.6718694331E-02  -1.7978333721E-06   1.5729536456E-06
    5      0.0000000000E+00   6.2788155091E-02   4.3225431641E-06   1.2527478084E-01   2.1001367500E-01
    6      0.0000000000E+00  -1.1019884843E-06   1.4627725735E-01   7.8163127550E-06  -3.2310765870E-06
    7      0.0000000000E+00  -2.1691837902E-06   1.7186769217E-01  -2.4858733714E-06  -1.4936865114E-06
    8      0.0000000000E+00  -2.3354220948E-01   1.6412066856E-06   1.4837065241E-01  -2.0723162302E-01
    9      0.0000000000E+00  -2.3736499216E-06   9.7939578476E-07  -5.4975394709E-06  -3.3232122108E-07
   10      0.0000000000E+00  -2.8717668888E-06   2.5645417880E-01  -1.8527610839E-06  -6.2401559603E-08
   11      0.0000000000E+00  -2.9444543399E-01  -2.6280915260E-06  -2.0286582249E-01  -2.1953653483E-06
   12      0.0000000000E+00  -1.0197827357E-06  -1.4627238106E-01   7.7953367617E-06   3.8317147130E-06
   13      0.0000000000E+00  -2.2745048167E-06   1.7186776890E-01   5.2269880255E-06   2.6964598868E-06
   14      0.0000000000E+00  -2.3353999628E-01  -4.7540491700E-06   1.4836472954E-01   2.0723467100E-01
   15      0.0000000000E+00   4.4059794542E-06  -1.5387605073E-01   8.6922977128E-06  -3.7133422951E-06
