*************************************************
******************* ORCA 6.0.0 ******************
*************************************************
$Calculation_Status
   &GeometryIndex 1
   &ListStatus       OUT
   &VERSION [&Type "String"] "6.0.0"
   &PROGNAME [&Type "String"] "LeanSCF"
   &STATUS [&Type "String"] "NORMAL TERMINATION"
$End
$Geometry
   &GeometryIndex 1
   &ListStatus       OUT
   &NATOMS [&Type "Integer"] 13
   &NCORELESSECP [&Type "Integer"] 0
   &NGHOSTATOMS [&Type "Integer"] 0
   &CartesianCoordinates [&Type "Coordinates", &Dim(13,4), &Units "Bohr"] 
              C     -4.214394181232    0.000090186613   -0.000333519655
              C     -2.902106028401   -2.281502140424   -0.000149905171
              C     -0.279493894068   -2.296174574494    0.000167994953
              C      1.040306482149   -0.000101543867    0.000290916535
              C     -0.279334585053    2.296082242853    0.000190914118
              C     -2.901954108593    2.281600904693   -0.000125213065
              C      3.733153384187   -0.000342687850    0.000526764183
              N      5.921189729365    0.000273086402   -0.000011531865
              H     -6.264828811978    0.000161563459   -0.000641665768
              H     -3.925966434333   -4.057491653690   -0.000269640865
              H      0.763657448321   -4.059544951683    0.000316593000
              H      0.763940593358    4.059384138824    0.000358704413
              H     -3.925712280530    4.057653193716   -0.000227924026
$End
$SCF_Energy
   &GeometryIndex 1
   &ListStatus       OUT
   &SCF_ENERGY [&Type "Double"]      -3.2442593426368052e+02
$End
$DFT_Energy
   &GeometryIndex 1
   &ListStatus       OUT
   &NALPHAEL [&Type "Integer"] 27
   &NBETAEL [&Type "Integer"] 27
   &NTOTALEL [&Type "Integer"] 54
   &EEXCHANGE [&Type "Double"]      -4.4817403365669982e+01
   &ECORR [&Type "Double"]      -1.7345342492918541e+00
   &ECNL [&Type "Double"]       0.0000000000000000e+00
   &EXC [&Type "Double"]      -4.6551937614961837e+01
   &EEMBED [&Type "Double"]       0.0000000000000000e+00
   &FINALEN [&Type "Double"]      -3.2442593426368052e+02  "No Van der Waals correction"
$End
$Mulliken_Population_Analysis
   &GeometryIndex 1
   &ListStatus       OUT
   &NATOMS [&Type "Integer"] 13
   &ATNO [&Type "ArrayOfIntegers", &Dim (13,1)] 
                                                         0

0                                                        6
1                                                        6
2                                                        6
3                                                        6
4                                                        6
5                                                        6
6                                                        6
7                                                        7
8                                                        1
9                                                        1
10                                                       1
11                                                       1
12                                                       1
   &ATOMICCHARGES [&Type "ArrayOfDoubles", &Dim (13,1)] 
                                                         0

0                                     -1.0675717632930226e-01
1                                     -7.9571437222765162e-02
2                                     -2.3769840588734681e-01
3                                      3.1418270668303006e-01
4                                     -2.3771643040632373e-01
5                                     -7.9564152638748276e-02
6                                     -1.4293440164373106e-01
7                                     -6.1417931895846323e-02
8                                      1.2272840889685432e-01
9                                      1.2233188218662761e-01
10                                     1.3204579574796593e-01
11                                     1.3203989548006700e-01
12                                     1.2233124702926990e-01
$End
$Loewdin_Population_Analysis
   &GeometryIndex 1
   &ListStatus       OUT
   &NATOMS [&Type "Integer"] 13
   &ATNO [&Type "ArrayOfIntegers", &Dim (13,1)] 
                                                         0

0                                                        6
1                                                        6
2                                                        6
3                                                        6
4                                                        6
5                                                        6
6                                                        6
7                                                        7
8                                                        1
9                                                        1
10                                                       1
11                                                       1
12                                                       1
   &ATOMICCHARGES [&Type "ArrayOfDoubles", &Dim (13,1)] 
                                                         0

0                                     -1.2009832547289445e-01
1                                     -1.2585806893296336e-01
2                                     -7.4914148778287171e-02
3                                     -1.4842891117835677e-01
4                                     -7.4901298278033934e-02
5                                     -1.2585573977769382e-01
6                                     -1.5406547758592648e-01
7                                      6.6280769174889009e-02
8                                      1.4773323984741671e-01
9                                      1.4894237600656335e-01
10                                     1.5611017171927244e-01
11                                     1.5611173253262123e-01
12                                     1.4894368072313513e-01
$End
$Mayer_Population_Analysis
   &GeometryIndex 1
   &ListStatus       OUT
   &NATOMS [&Type "Integer"] 13 "Total number of atoms"
   &BONDTHRESH [&Type "Double"]       1.0000000000000001e-01  "The threshold for printing"
   &NBONDORDERSPRINT [&Type "Integer"] 13 "The number of bond orders larger than threshold"
   &BONDORDERS [&Type "ArrayOfDoubles", &Dim (13,1)] "The bond orders"
                                                         0

0                                      1.3806217325325401e+00
1                                      1.3805728493410938e+00
2                                      9.6465534576396939e-01
3                                      1.4369775120014787e+00
4                                      9.6839729480052028e-01
5                                      1.3113546060816841e+00
6                                      9.7381991456966543e-01
7                                      1.3113902150502343e+00
8                                      9.2706206622422271e-01
9                                      1.4369882436791781e+00
10                                     9.7384193883537407e-01
11                                     9.6840212687390015e-01
12                                     2.9907751778578926e+00
   &COMPONENTS [&Type "ArrayOfIntegers", &Dim (13,4)] "The indices and atomic numbers of the bonding atoms"
                                                         0                           1                           2                           3

0                                                        0                           6                           1                           6
1                                                        0                           6                           5                           6
2                                                        0                           6                           8                           1
3                                                        1                           6                           2                           6
4                                                        1                           6                           9                           1
5                                                        2                           6                           3                           6
6                                                        2                           6                          10                           1
7                                                        3                           6                           4                           6
8                                                        3                           6                           6                           6
9                                                        4                           6                           5                           6
10                                                       4                           6                          11                           1
11                                                       5                           6                          12                           1
12                                                       6                           6                           7                           7
   &ATNO [&Type "ArrayOfIntegers", &Dim (13,1)] "Atomic number of the elements"
                                                         0

0                                                        6
1                                                        6
2                                                        6
3                                                        6
4                                                        6
5                                                        6
6                                                        6
7                                                        7
8                                                        1
9                                                        1
10                                                       1
11                                                       1
12                                                       1
   &NA [&Type "ArrayOfDoubles", &Dim (13,1)] "Mulliken gross atomic population"
                                                         0

0                                      6.1067571763293076e+00
1                                      6.0795714372227554e+00
2                                      6.2376984058873761e+00
3                                      5.6858172933170010e+00
4                                      6.2377164304063211e+00
5                                      6.0795641526387616e+00
6                                      6.1429344016437080e+00
7                                      7.0614179318958357e+00
8                                      8.7727159110314612e-01
9                                      8.7766811781337273e-01
10                                     8.6795420425203251e-01
11                                     8.6796010451993222e-01
12                                     8.7766875297073121e-01
   &ZA [&Type "ArrayOfDoubles", &Dim (13,1)] "Total nuclear charge"
                                                         0

0                                      6.0000000000000000e+00
1                                      6.0000000000000000e+00
2                                      6.0000000000000000e+00
3                                      6.0000000000000000e+00
4                                      6.0000000000000000e+00
5                                      6.0000000000000000e+00
6                                      6.0000000000000000e+00
7                                      7.0000000000000000e+00
8                                      1.0000000000000000e+00
9                                      1.0000000000000000e+00
10                                     1.0000000000000000e+00
11                                     1.0000000000000000e+00
12                                     1.0000000000000000e+00
   &QA [&Type "ArrayOfDoubles", &Dim (13,1)] "Mulliken gross atomic charge"
                                                         0

0                                     -1.0675717632930759e-01
1                                     -7.9571437222755392e-02
2                                     -2.3769840588737612e-01
3                                      3.1418270668299897e-01
4                                     -2.3771643040632107e-01
5                                     -7.9564152638761598e-02
6                                     -1.4293440164370796e-01
7                                     -6.1417931895835665e-02
8                                      1.2272840889685388e-01
9                                      1.2233188218662727e-01
10                                     1.3204579574796749e-01
11                                     1.3203989548006778e-01
12                                     1.2233124702926879e-01
   &VA [&Type "ArrayOfDoubles", &Dim (13,1)] "Mayer's total valence"
                                                         0

0                                      3.9090135595068296e+00
1                                      3.8756319353854884e+00
2                                      3.9634225560607361e+00
3                                      3.5344354580598112e+00
4                                      3.9634997627420723e+00
5                                      3.8755658544994729e+00
6                                      3.9390106967638898e+00
7                                      3.1205156470367754e+00
8                                      9.7600681691844782e-01
9                                      9.7718210441322362e-01
10                                     9.8210761826489823e-01
11                                     9.8211130768602362e-01
12                                     9.7718141890278964e-01
   &BVA [&Type "ArrayOfDoubles", &Dim (13,1)] "Mayer's bonded valence"
                                                         0

0                                      3.9090135595069437e+00
1                                      3.8756319353856576e+00
2                                      3.9634225560606264e+00
3                                      3.5344354580595878e+00
4                                      3.9634997627421877e+00
5                                      3.8755658544996421e+00
6                                      3.9390106967640199e+00
7                                      3.1205156470367461e+00
8                                      9.7600681691846936e-01
9                                      9.7718210441323927e-01
10                                     9.8210761826491966e-01
11                                     9.8211130768602672e-01
12                                     9.7718141890280663e-01
   &FA [&Type "ArrayOfDoubles", &Dim (13,1)] "Mayer's free valence"
                                                         0

0                                      0.0000000000000000e+00
1                                      0.0000000000000000e+00
2                                      0.0000000000000000e+00
3                                      0.0000000000000000e+00
4                                      0.0000000000000000e+00
5                                      0.0000000000000000e+00
6                                      0.0000000000000000e+00
7                                      0.0000000000000000e+00
8                                      0.0000000000000000e+00
9                                      0.0000000000000000e+00
10                                     0.0000000000000000e+00
11                                     0.0000000000000000e+00
12                                     0.0000000000000000e+00
$End
$VdW_Correction
   &GeometryIndex 1
   &ListStatus       OUT
   &VDW [&Type "Double"]      -4.2104191413313780e-03
$End
$Calculation_Info
   &GeometryIndex 1
   &ListStatus       OUT
   &MULT [&Type "Integer"] 1
   &CHARGE [&Type "Integer"] 0
   &NUMOFATOMS [&Type "Integer"] 13
   &NUMOFELECTRONS [&Type "Integer"] 54
   &NUMOFFCELECTRONS [&Type "Integer"] 1
   &NUMOFCORRELECTRONS [&Type "Integer"] 0
   &NUMOFBASISFUNCTS [&Type "Integer"] 278
   &NUMOFAUXCBASISFUNCTS [&Type "Integer"] 0
   &NUMOFAUXJBASISFUNCTS [&Type "Integer"] 295
   &NUMOFAUXJKBASISFUNCTS [&Type "Integer"] 0
   &NUMOFCABSBASISFUNCTS [&Type "Integer"] 0
   &TOTALENERGY [&Type "Double"]      -3.2442761731032181e+02  "Hartrees"
$End
$SCF_Dipole_Moment
   &GeometryIndex 1
   &ListStatus       OUT
   &METHOD [&Type "String"] "SCF"
   &LEVEL [&Type "String"] "Relaxed density"
   &MULT [&Type "Integer"] 1
   &STATE [&Type "Integer"] -1
   &IRREP [&Type "Integer"] 0
   &NATOMS [&Type "Integer"] 13
   &DODIPOLEATOM [&Type "Boolean"] false
   &DIPOLEELECCONTRIB [&Type "ArrayOfDoubles", &Dim (3,1)] "Electronic contribution"
                                                         0

0                                      4.3870263814664208e+00
1                                     -1.7901832347292073e-04
2                                      4.3665960730231612e-04
   &DIPOLENUCCONTRIB [&Type "ArrayOfDoubles", &Dim (3,1)] "Nuclear contribution"
                                                         0

0                                     -6.2456394604675900e+00
1                                      8.5860476996657553e-05
2                                     -3.7959385897980060e-04
   &DIPOLETOTAL [&Type "ArrayOfDoubles", &Dim (3,1)] "Total"
                                                         0

0                                     -1.8586130790011692e+00
1                                     -9.3157846476263177e-05
2                                      5.7065748322515522e-05
   &DIPOLEMAGNITUDE [&Type "Double", &Units "a.u."]       1.8586130822118654e+00
$End
$THERMOCHEMISTRY_Energies
   &GeometryIndex 1
   &ListStatus       OUT
   &TEMPERATURE [&Type "Double"]       2.9814999999999998e+02
   &PRESSURE [&Type "Double"]       1.0000000000000000e+00
   &TOTALMASS [&Type "Double"]       1.0312399999999998e+02
   &SPINDEGENERACY [&Type "Integer"] 1
   &ELENERGY [&Type "Double"]      -3.2442761731032181e+02
   &TRANSENERGY [&Type "Double"]       1.4162714244859817e-03
   &ROTENERGY [&Type "Double"]       1.4162714244859817e-03
   &VIBENERGY [&Type "Double"]       3.3050004948609645e-03
   &NUMOFFREQS [&Type "Integer"] 39
   &FREQSCALINGFACTOR [&Type "Double"]       1.0000000000000000e+00
   &FREQ [&Type "ArrayOfDoubles", &Dim (39,1)] "In cm^-1"
                                                         0

0                                      0.0000000000000000e+00
1                                      0.0000000000000000e+00
2                                      0.0000000000000000e+00
3                                      0.0000000000000000e+00
4                                      0.0000000000000000e+00
5                                      0.0000000000000000e+00
6                                      1.4343098225043019e+02
7                                      1.6260558645195107e+02
8                                      3.8472568310931968e+02
9                                      4.0444026593144144e+02
10                                     4.6773305368565008e+02
11                                     5.6059801082977754e+02
12                                     5.6287777070686809e+02
13                                     6.4180135366844991e+02
14                                     7.0435232332932958e+02
15                                     7.7327215522326003e+02
16                                     7.7704002986009414e+02
17                                     8.5320926637998843e+02
18                                     9.3552753470235837e+02
19                                     9.6955892121488193e+02
20                                     9.9469648558090910e+02
21                                     1.0217971441555334e+03
22                                     1.0503134986842381e+03
23                                     1.1037718803879243e+03
24                                     1.1873629470765902e+03
25                                     1.1994423663558323e+03
26                                     1.2237118685142552e+03
27                                     1.3285398026494936e+03
28                                     1.3562326722514738e+03
29                                     1.4731138747417740e+03
30                                     1.5180331128256250e+03
31                                     1.6088025560614585e+03
32                                     1.6343433660778517e+03
33                                     2.2976858331754161e+03
34                                     3.1661120110870279e+03
35                                     3.1753022176403806e+03
36                                     3.1835252188388899e+03
37                                     3.1921365717669737e+03
38                                     3.1954463244964854e+03
   &ZPE [&Type "Double"]       9.8534264483259165e-02
   &INNERENERGYU [&Type "Double"]      -3.2432294550249475e+02
   &ENTHALPYH [&Type "Double"]      -3.2432200129345250e+02
   &QEL [&Type "Double"]       0.0000000000000000e+00
   &QROT [&Type "Double"]       1.3205065451044204e-02
   &QVIB [&Type "Double"]       5.2409278594737320e-03
   &QTRANS [&Type "Double"]       1.8914809406805223e-02
   &ENTROPYS [&Type "Double"]       3.7360802717323158e-02
   &FREEENERGYG [&Type "Double"]      -3.2435936209616983e+02
   &ISLINEAR [&Type "Boolean"] false
$End
$Hessian
   &GeometryIndex 1
   &ListStatus       OUT
   &HESSIAN [&Type "ArrayOfDoubles", &Dim (39,39)] "The Hessian"
                                                         0                           1                           2                           3                           4                           5                           6                           7

0                                      7.3670479146427181e-01        -5.7331071977688441e-06         8.7115539693677127e-05        -1.7870646121161812e-01         1.1637112601164024e-01        -1.6025982494333493e-05        -2.9204462574281116e-02         3.1203711913295521e-02
1                                     -5.7331071977688441e-06         6.5546279974139621e-01         2.6840413185233480e-06         5.5841609013110173e-02        -2.7997567127396256e-01         9.7287262796692711e-06         7.3927849605747567e-02         3.1111455528278910e-02
2                                      8.7115539693677127e-05         2.6840413185233480e-06         1.3360600689480417e-01        -1.6746956779758406e-05         1.6865344798766438e-05        -6.1721599708020020e-02        -3.5464305591606420e-06         4.5472610010851996e-06
3                                     -1.7870646121161812e-01         5.5841609013110173e-02        -1.6746956779758406e-05         6.8259080197895927e-01         3.6413342685810188e-02         6.8611163089578650e-05        -3.3899050030977601e-01         2.9791000989142766e-02
4                                      1.1637112601164024e-01        -2.7997567127396256e-01         1.6865344798766438e-05         3.6413342685810188e-02         7.1689042508081502e-01         1.8985525475573501e-06        -2.8883644262336416e-02        -1.2894801973098516e-01
5                                     -1.6025982494333493e-05         9.7287262796692711e-06        -6.1721599708020020e-02         6.8611163089578650e-05         1.8985525475573501e-06         1.3113899510790869e-01        -3.4461277126567544e-05         3.6485845378855168e-06
6                                     -2.9204462574281116e-02         7.3927849605747567e-02        -3.5464305591606420e-06        -3.3899050030977601e-01        -2.8883644262336416e-02        -3.4461277126567544e-05         6.8947227948367062e-01        -4.6443430363415771e-02
7                                      3.1203711913295521e-02         3.1111455528278910e-02         4.5472610010851996e-06         2.9791000989142766e-02        -1.2894801973098516e-01         3.6485845378855168e-06        -4.6443430363415771e-02         7.0419232681617983e-01
8                                     -4.5040584572697107e-06         8.3984281752631013e-06         7.4429318818687758e-03        -3.4148174903219124e-05        -3.0408741156341390e-06        -6.0827248916793204e-02         6.6792366555424692e-05        -1.2355158361536586e-05
9                                      2.4564588249428032e-03        -1.6555261256030450e-06         1.7491746192752896e-06        -3.3412822143208377e-02        -2.8356121677405085e-02        -4.9499561444731901e-06        -1.5331336272878016e-01        -9.6781642671363924e-02
10                                    -2.4139207893388248e-06        -6.2188903315150888e-02        -4.2092908382505446e-07        -7.0032583800661657e-02         2.9134181960281582e-02        -6.9808232611064294e-06        -5.2513063635652363e-02        -2.6782412208250256e-01
11                                     1.8788295357762174e-06        -2.7683513551567489e-07        -7.9296511075628365e-03        -6.5557981565811947e-06        -3.9763989899714691e-06         7.7867199029350593e-03        -1.3138945346971013e-05        -1.0921680022522190e-05
12                                    -2.9212026882744248e-02        -7.3923293543276702e-02        -4.0805595448483375e-06        -4.6509395460957642e-02         2.6860507522498786e-02        -5.6276441353899069e-06         5.8038564112618429e-02         1.9379688425602257e-02
13                                    -3.1199275087837923e-02         3.1118904982455724e-02        -4.2915899964213365e-06         2.7688926645274146e-02        -1.4844835923320584e-02         4.1134531475274873e-06        -1.9389051338402671e-02        -5.7418805328828551e-02
14                                    -4.8561807565564459e-06        -8.2298893881658201e-06         7.4426318614845763e-03        -4.5160666851875534e-06         3.3301734108828720e-06        -8.3797244661299331e-03         5.7935832549738536e-06         2.9574968251490709e-06
15                                    -1.7871608016039622e-01        -5.5845491405093671e-02        -1.7561633280389828e-05         6.2166750315317258e-02        -2.0645636072014018e-02         6.3617931172473541e-06        -4.6513507510523244e-02        -2.7686026000444012e-02
16                                    -1.1637551521845123e-01        -2.7995970989003582e-01        -1.9267962608832536e-05         2.0637009857798889e-02        -5.8068849903534739e-02         9.9450552910449254e-07        -2.6858571022958220e-02        -1.4840600107588251e-02
17                                    -1.7331668693739826e-05        -1.1970592564616909e-05        -6.1722202106482861e-02         6.4795764040945654e-06        -1.6217708165735153e-06         8.1681227389743035e-03        -5.7902640056506476e-06        -4.1672308159842381e-06
18                                    -2.0252755986295370e-03        -1.2879240856817256e-06        -8.6818841169743211e-07         6.5973495825897149e-03        -5.8612990480457813e-03         2.1425992006182562e-06        -4.1766038196819094e-02        -1.9230818357706222e-02
19                                    -5.8778821221113876e-07        -2.7742406345739540e-03         3.2131867227632104e-08        -4.0553313612117252e-03        -5.3847334292211049e-03        -1.2884673149875640e-06        -3.1867487937722733e-02         6.6897003409829639e-03
20                                     4.7987770150019027e-07        -1.4579358932528887e-08        -1.4932244075728824e-03        -1.6891720433734011e-07         1.9705359614475412e-07         8.2516662668361274e-03        -6.6701603709217854e-07         2.3855397146743857e-06
21                                     1.1802608707303889e-03        -7.1497777242794326e-08         3.2496884238744347e-07        -2.8069271827084038e-03         4.5467053260571941e-04        -1.3528295127511733e-06         5.6246354773507364e-03         9.6185061990585151e-03
22                                     4.1403671550038446e-07         8.0643104480296237e-04         1.7762974948477570e-08         8.0905271486551400e-04         1.1182101666263309e-03         2.9293323639816452e-07         2.6273167470136933e-03        -2.4554840392592096e-03
23                                    -8.7465577934043087e-07        -2.6232502498294681e-09         2.9493981995626855e-04         8.0494005546928256e-07        -6.7270405377030121e-07        -1.4808689205098630e-03        -5.6315853695372977e-07        -1.7523415357707061e-06
24                                    -3.3442209259598343e-01         9.5701243481215228e-06        -4.4394261750884763e-05        -1.1753670083101440e-02        -2.5279055673747136e-03        -1.2622159363084019e-06         6.1826313694202106e-04         3.3612361553517402e-03
25                                     9.6535216533941588e-06        -5.8994299019447291e-02        -1.0302134002667959e-07         2.8431587031155128e-02         4.5782567200267008e-03         3.8439919268474172e-06         2.6282419485215590e-03        -4.7927600543303467e-03
26                                    -4.4891293488304881e-05        -1.2328241926502837e-07        -3.6528287913640149e-02        -8.3563588135974858e-07        -1.6240579993719661e-06         3.0342629964555346e-03        -7.9530577333417770e-07         7.6953948608604921e-07
27                                     1.1837746683888754e-02         1.4887492632792973e-02         9.4879249452728299e-07        -1.2748847450998269e-01        -1.1965203646897588e-01        -1.0917377521324017e-05        -1.1537402282972918e-02        -2.8967775203688758e-02
28                                    -1.6119943776420731e-02        -1.8996064767578778e-02        -2.3325678076940297e-06        -1.1984874724779120e-01        -2.6607367221436151e-01        -1.3861209542888990e-05         1.8064442055401031e-03         3.4898294072098820e-03
29                                     1.3035902344077964e-06         1.7949724595921513e-06         2.5731046436869385e-03        -1.1631197272177724e-05        -1.3692032870335914e-05        -3.5798009410988901e-02        -5.4322878031068231e-07        -3.3212818925069351e-06
30                                    -5.8654364711271788e-03        -1.3858883692934370e-03        -1.9417184568484924e-06        -1.0063557202095997e-02         2.8379752107170430e-02        -1.2159790770676027e-06        -1.3043983944900162e-01         1.2338327721536745e-01
31                                    -6.4889984433881987e-04         1.6928561442900944e-03         3.5228589588142849e-07        -2.0806966754161674e-03         4.3415578270088306e-03        -1.3088368217153309e-06         1.2148038275077860e-01        -2.6652894499931168e-01
32                                    -1.8141504961557403e-06        -3.0666354496090442e-07         7.7309669020216706e-03        -1.0573857114936794e-06         3.3674740684599523e-06         3.1273347716555015e-03        -1.2803985712030072e-05         1.7672519775691495e-05
33                                    -5.8652397785792796e-03         1.3864755670227324e-03        -1.8729509784989314e-06        -7.3201141285267075e-04         8.6532403090929834e-04         4.6932660410673136e-08        -1.2458797005825365e-03         3.3585313155911874e-03
34                                     6.4945833281027879e-04         1.6927014227106768e-03        -3.0300726393282826e-07         6.8552240759924151e-04         4.0559661006242661e-04        -4.7571543129368064e-08         4.4043559192769753e-03        -2.8587573322861395e-03
35                                    -1.8213654866712829e-06         2.5474736253649557e-07         7.7311922115867382e-03         7.0033989733806642e-08        -1.4279939505040096e-08        -6.6884255802306439e-04        -3.2936806978447520e-07         3.7033013467602675e-07
36                                     1.1837817429525473e-02        -1.4889487717064376e-02         7.2117807775091510e-07        -8.9108236056505185e-04        -3.4100172157719199e-03        -7.7993256875483587e-07        -7.4274945784511047e-04        -9.5109617670257598e-04
37                                     1.6117917074026013e-02        -1.8996259963185245e-02         2.2685908388692635e-06        -4.2887548383861310e-03        -3.1724458894351812e-03        -1.1334324605973743e-06        -9.5450605647850334e-04         1.8418158244026817e-04
38                                     1.4945645214792546e-06        -1.9847905284469954e-06         2.5731910278696240e-03        -8.7487449564631843e-07        -9.1688589721366951e-07         7.3691921956997941e-03        -3.5887444075934089e-07        -2.0678426577860747e-07
                                                         8                           9                          10                          11                          12                          13                          14                          15

0                                     -4.5040584572697107e-06         2.4564588249428032e-03        -2.4139207893388248e-06         1.8788295357762174e-06        -2.9212026882744248e-02        -3.1199275087837923e-02        -4.8561807565564459e-06        -1.7871608016039622e-01
1                                      8.3984281752631013e-06        -1.6555261256030450e-06        -6.2188903315150888e-02        -2.7683513551567489e-07        -7.3923293543276702e-02         3.1118904982455724e-02        -8.2298893881658201e-06        -5.5845491405093671e-02
2                                      7.4429318818687758e-03         1.7491746192752896e-06        -4.2092908382505446e-07        -7.9296511075628365e-03        -4.0805595448483375e-06        -4.2915899964213365e-06         7.4426318614845763e-03        -1.7561633280389828e-05
3                                     -3.4148174903219124e-05        -3.3412822143208377e-02        -7.0032583800661657e-02        -6.5557981565811947e-06        -4.6509395460957642e-02         2.7688926645274146e-02        -4.5160666851875534e-06         6.2166750315317258e-02
4                                     -3.0408741156341390e-06        -2.8356121677405085e-02         2.9134181960281582e-02        -3.9763989899714691e-06         2.6860507522498786e-02        -1.4844835923320584e-02         3.3301734108828720e-06        -2.0645636072014018e-02
5                                     -6.0827248916793204e-02        -4.9499561444731901e-06        -6.9808232611064294e-06         7.7867199029350593e-03        -5.6276441353899069e-06         4.1134531475274873e-06        -8.3797244661299331e-03         6.3617931172473541e-06
6                                      6.6792366555424692e-05        -1.5331336272878016e-01        -5.2513063635652363e-02        -1.3138945346971013e-05         5.8038564112618429e-02        -1.9389051338402671e-02         5.7935832549738536e-06        -4.6513507510523244e-02
7                                     -1.2355158361536586e-05        -9.6781642671363924e-02        -2.6782412208250256e-01        -1.0921680022522190e-05         1.9379688425602257e-02        -5.7418805328828551e-02         2.9574968251490709e-06        -2.7686026000444012e-02
8                                      1.3241483989784783e-01        -9.7012610417334638e-06        -2.6003217675595624e-06        -6.4219834578597979e-02         6.0286818770438193e-06        -3.6212765540601197e-06         1.1591946442802904e-02        -4.8965583255497186e-06
9                                     -9.7012610417334638e-06         6.6566228171209862e-01         1.9249200793843620e-06         2.7624870048264383e-05        -1.5328792493868165e-01         9.6761407219630391e-02        -8.6327656110286251e-06        -3.3406510363469678e-02
10                                    -2.6003217675595624e-06         1.9249200793843620e-06         6.3848210628173030e-01         2.5563624917293388e-06         5.2494764227283316e-02        -2.6781691945532876e-01         3.6922963774951541e-07         7.0037374737353164e-02
11                                    -6.4219834578597979e-02         2.7624870048264383e-05         2.5563624917293388e-06         1.4104080409990380e-01        -1.2587988777683405e-05         8.8741167988889590e-06        -6.4216394586794595e-02        -5.8082924531523850e-06
12                                     6.0286818770438193e-06        -1.5328792493868165e-01         5.2494764227283316e-02        -1.2587988777683405e-05         6.8944944866457292e-01         4.6458838398258054e-02         6.7226240752456487e-05        -3.3898290268607784e-01
13                                    -3.6212765540601197e-06         9.6761407219630391e-02        -2.6781691945532876e-01         8.8741167988889590e-06         4.6458838398258054e-02         7.0416656032459546e-01         1.8280381325023621e-05        -2.9777340958937096e-02
14                                     1.1591946442802904e-02        -8.6327656110286251e-06         3.6922963774951541e-07        -6.4216394586794595e-02         6.7226240752456487e-05         1.8280381325023621e-05         1.3241389381110805e-01        -3.4348164462947645e-05
15                                    -4.8965583255497186e-06        -3.3406510363469678e-02         7.0037374737353164e-02        -5.8082924531523850e-06        -3.3898290268607784e-01        -2.9777340958937096e-02        -3.4348164462947645e-05         6.8257461253714169e-01
16                                    -3.4245399265302767e-06         2.8359085635599322e-02         2.9124689128109893e-02         4.1651766627123223e-06         2.8898581227869754e-02        -1.2894565292191446e-01         2.3408589314794288e-06        -3.6413011177178052e-02
17                                    -8.3805454400009034e-03        -4.6489224060139852e-06         7.3446536625868168e-06         7.7854524528158785e-03        -3.4052908043055033e-05        -4.3262163430385229e-06        -6.0825644827932193e-02         6.8303587031269636e-05
18                                    -4.3355035477371885e-06        -2.7842225775057211e-01         3.4598189305910821e-05         2.6770940337235517e-06        -4.1765223269934287e-02         1.9230693502015103e-02        -4.2304481250639071e-06         6.6009384804392611e-03
19                                    -2.6722176334974937e-06         1.4763039353693250e-05        -8.4889751593613338e-02        -1.3236196694384758e-07         3.1861979284141660e-02         6.6872195859685830e-03         2.7619455125758372e-06         4.0553117394276361e-03
20                                     1.0937790236047722e-03         1.0550165186573801e-05        -1.5775042231261129e-07        -5.6591798141593111e-02        -3.3000289466020451e-07        -2.3380931175966754e-06         1.0916962900815331e-03        -1.5174630463487492e-07
21                                     9.0201670195559792e-07        -2.7124075891944141e-02        -2.0453862329728547e-05         3.7185625181104277e-06         5.6310917853961695e-03        -9.6174039821183693e-03         7.9911271912066554e-07        -2.8063710194110494e-03
22                                    -5.9771599634723969e-08         3.9211793363375674e-06         2.0787541670043121e-02         2.8227955826671915e-08        -2.6225695040924405e-03        -2.4591336029610115e-03         2.7516971529503213e-08        -8.1041875951981296e-04
23                                     1.7162593660680916e-03        -1.1251247884764382e-05         2.1797312279745396e-08         1.5437560223212538e-02        -5.8398600026808071e-07         1.7101457853008525e-06         1.7155293024996748e-03         7.8668291265803743e-07
