
$orca_hessian_file

$act_atom
  0

$act_coord
  0

$act_energy
        0.000000

$multiplicity
  1

$hessian
39
                    0                  1                  2                  3                  4        
    0      7.3670479146E-01  -5.7331071978E-06   8.7115539694E-05  -1.7870646121E-01   1.1637112601E-01
    1     -5.7331071978E-06   6.5546279974E-01   2.6840413185E-06   5.5841609013E-02  -2.7997567127E-01
    2      8.7115539694E-05   2.6840413185E-06   1.3360600689E-01  -1.6746956780E-05   1.6865344799E-05
    3     -1.7870646121E-01   5.5841609013E-02  -1.6746956780E-05   6.8259080198E-01   3.6413342686E-02
    4      1.1637112601E-01  -2.7997567127E-01   1.6865344799E-05   3.6413342686E-02   7.1689042508E-01
    5     -1.6025982494E-05   9.7287262797E-06  -6.1721599708E-02   6.8611163090E-05   1.8985525476E-06
    6     -2.9204462574E-02   7.3927849606E-02  -3.5464305592E-06  -3.3899050031E-01  -2.8883644262E-02
    7      3.1203711913E-02   3.1111455528E-02   4.5472610011E-06   2.9791000989E-02  -1.2894801973E-01
    8     -4.5040584573E-06   8.3984281753E-06   7.4429318819E-03  -3.4148174903E-05  -3.0408741156E-06
    9      2.4564588249E-03  -1.6555261256E-06   1.7491746193E-06  -3.3412822143E-02  -2.8356121677E-02
   10     -2.4139207893E-06  -6.2188903315E-02  -4.2092908383E-07  -7.0032583801E-02   2.9134181960E-02
   11      1.8788295358E-06  -2.7683513552E-07  -7.9296511076E-03  -6.5557981566E-06  -3.9763989900E-06
   12     -2.9212026883E-02  -7.3923293543E-02  -4.0805595448E-06  -4.6509395461E-02   2.6860507522E-02
   13     -3.1199275088E-02   3.1118904982E-02  -4.2915899964E-06   2.7688926645E-02  -1.4844835923E-02
   14     -4.8561807566E-06  -8.2298893882E-06   7.4426318615E-03  -4.5160666852E-06   3.3301734109E-06
   15     -1.7871608016E-01  -5.5845491405E-02  -1.7561633280E-05   6.2166750315E-02  -2.0645636072E-02
   16     -1.1637551522E-01  -2.7995970989E-01  -1.9267962609E-05   2.0637009858E-02  -5.8068849904E-02
   17     -1.7331668694E-05  -1.1970592565E-05  -6.1722202106E-02   6.4795764041E-06  -1.6217708166E-06
   18     -2.0252755986E-03  -1.2879240857E-06  -8.6818841170E-07   6.5973495826E-03  -5.8612990480E-03
   19     -5.8778821221E-07  -2.7742406346E-03   3.2131867228E-08  -4.0553313612E-03  -5.3847334292E-03
   20      4.7987770150E-07  -1.4579358933E-08  -1.4932244076E-03  -1.6891720434E-07   1.9705359614E-07
   21      1.1802608707E-03  -7.1497777243E-08   3.2496884239E-07  -2.8069271827E-03   4.5467053261E-04
   22      4.1403671550E-07   8.0643104480E-04   1.7762974948E-08   8.0905271487E-04   1.1182101666E-03
   23     -8.7465577934E-07  -2.6232502498E-09   2.9493981996E-04   8.0494005547E-07  -6.7270405377E-07
   24     -3.3442209260E-01   9.5701243481E-06  -4.4394261751E-05  -1.1753670083E-02  -2.5279055674E-03
   25      9.6535216534E-06  -5.8994299019E-02  -1.0302134003E-07   2.8431587031E-02   4.5782567200E-03
   26     -4.4891293488E-05  -1.2328241927E-07  -3.6528287914E-02  -8.3563588136E-07  -1.6240579994E-06
   27      1.1837746684E-02   1.4887492633E-02   9.4879249453E-07  -1.2748847451E-01  -1.1965203647E-01
   28     -1.6119943776E-02  -1.8996064768E-02  -2.3325678077E-06  -1.1984874725E-01  -2.6607367221E-01
   29      1.3035902344E-06   1.7949724596E-06   2.5731046437E-03  -1.1631197272E-05  -1.3692032870E-05
   30     -5.8654364711E-03  -1.3858883693E-03  -1.9417184568E-06  -1.0063557202E-02   2.8379752107E-02
   31     -6.4889984434E-04   1.6928561443E-03   3.5228589588E-07  -2.0806966754E-03   4.3415578270E-03
   32     -1.8141504962E-06  -3.0666354496E-07   7.7309669020E-03  -1.0573857115E-06   3.3674740685E-06
   33     -5.8652397786E-03   1.3864755670E-03  -1.8729509785E-06  -7.3201141285E-04   8.6532403091E-04
   34      6.4945833281E-04   1.6927014227E-03  -3.0300726393E-07   6.8552240760E-04   4.0559661006E-04
   35     -1.8213654867E-06   2.5474736254E-07   7.7311922116E-03   7.0033989734E-08  -1.4279939505E-08
   36      1.1837817430E-02  -1.4889487717E-02   7.2117807775E-07  -8.9108236057E-04  -3.4100172158E-03
   37      1.6117917074E-02  -1.8996259963E-02   2.2685908389E-06  -4.2887548384E-03  -3.1724458894E-03
   38      1.4945645215E-06  -1.9847905284E-06   2.5731910279E-03  -8.7487449565E-07  -9.1688589721E-07
                    5                  6                  7                  8                  9        
    0     -1.6025982494E-05  -2.9204462574E-02   3.1203711913E-02  -4.5040584573E-06   2.4564588249E-03
    1      9.7287262797E-06   7.3927849606E-02   3.1111455528E-02   8.3984281753E-06  -1.6555261256E-06
    2     -6.1721599708E-02  -3.5464305592E-06   4.5472610011E-06   7.4429318819E-03   1.7491746193E-06
    3      6.8611163090E-05  -3.3899050031E-01   2.9791000989E-02  -3.4148174903E-05  -3.3412822143E-02
    4      1.8985525476E-06  -2.8883644262E-02  -1.2894801973E-01  -3.0408741156E-06  -2.8356121677E-02
    5      1.3113899511E-01  -3.4461277127E-05   3.6485845379E-06  -6.0827248917E-02  -4.9499561445E-06
    6     -3.4461277127E-05   6.8947227948E-01  -4.6443430363E-02   6.6792366555E-05  -1.5331336273E-01
    7      3.6485845379E-06  -4.6443430363E-02   7.0419232682E-01  -1.2355158362E-05  -9.6781642671E-02
    8     -6.0827248917E-02   6.6792366555E-05  -1.2355158362E-05   1.3241483990E-01  -9.7012610417E-06
    9     -4.9499561445E-06  -1.5331336273E-01  -9.6781642671E-02  -9.7012610417E-06   6.6566228171E-01
   10     -6.9808232611E-06  -5.2513063636E-02  -2.6782412208E-01  -2.6003217676E-06   1.9249200794E-06
   11      7.7867199029E-03  -1.3138945347E-05  -1.0921680023E-05  -6.4219834579E-02   2.7624870048E-05
   12     -5.6276441354E-06   5.8038564113E-02   1.9379688426E-02   6.0286818770E-06  -1.5328792494E-01
   13      4.1134531475E-06  -1.9389051338E-02  -5.7418805329E-02  -3.6212765541E-06   9.6761407220E-02
   14     -8.3797244661E-03   5.7935832550E-06   2.9574968251E-06   1.1591946443E-02  -8.6327656110E-06
   15      6.3617931172E-06  -4.6513507511E-02  -2.7686026000E-02  -4.8965583255E-06  -3.3406510363E-02
   16      9.9450552910E-07  -2.6858571023E-02  -1.4840600108E-02  -3.4245399265E-06   2.8359085636E-02
   17      8.1681227390E-03  -5.7902640057E-06  -4.1672308160E-06  -8.3805454400E-03  -4.6489224060E-06
   18      2.1425992006E-06  -4.1766038197E-02  -1.9230818358E-02  -4.3355035477E-06  -2.7842225775E-01
   19     -1.2884673150E-06  -3.1867487938E-02   6.6897003410E-03  -2.6722176335E-06   1.4763039354E-05
   20      8.2516662668E-03  -6.6701603709E-07   2.3855397147E-06   1.0937790236E-03   1.0550165187E-05
   21     -1.3528295128E-06   5.6246354774E-03   9.6185061991E-03   9.0201670196E-07  -2.7124075892E-02
   22      2.9293323640E-07   2.6273167470E-03  -2.4554840393E-03  -5.9771599635E-08   3.9211793363E-06
   23     -1.4808689205E-03  -5.6315853695E-07  -1.7523415358E-06   1.7162593661E-03  -1.1251247885E-05
   24     -1.2622159363E-06   6.1826313694E-04   3.3612361554E-03  -9.7670255915E-07   8.2523717739E-04
   25      3.8439919268E-06   2.6282419485E-03  -4.7927600543E-03   4.3330649284E-07  -3.1714161486E-08
   26      3.0342629965E-03  -7.9530577333E-07   7.6953948609E-07   7.6226056112E-03   4.5855258874E-07
   27     -1.0917377521E-05  -1.1537402283E-02  -2.8967775204E-02  -1.2796497944E-06  -5.4579927701E-03
   28     -1.3861209543E-05   1.8064442055E-03   3.4898294072E-03   7.9589927792E-07   9.0811246146E-04
   29     -3.5798009411E-02  -5.4322878031E-07  -3.3212818925E-06   2.3387374150E-03  -1.5833442217E-06
   30     -1.2159790771E-06  -1.3043983945E-01   1.2338327722E-01  -1.2790606673E-05   1.0469697881E-02
   31     -1.3088368217E-06   1.2148038275E-01  -2.6652894500E-01   1.8018928256E-05   1.5384321928E-02
   32      3.1273347717E-03  -1.2803985712E-05   1.7672519776E-05  -3.5914711242E-02   6.1312484516E-07
   33      4.6932660411E-08  -1.2458797006E-03   3.3585313156E-03  -6.5200373361E-07   1.0469137574E-02
   34     -4.7571543129E-08   4.4043559193E-03  -2.8587573323E-03   5.1624834416E-07  -1.5385455141E-02
   35     -6.6884255802E-04  -3.2936806978E-07   3.7033013468E-07   5.9884274905E-03   4.5269802238E-07
   36     -7.7993256875E-07  -7.4274945785E-04  -9.5109617670E-04  -2.6641520637E-08  -5.4578665827E-03
   37     -1.1334324606E-06  -9.5450605648E-04   1.8418158244E-04  -1.5445169342E-08  -9.0770318723E-04
   38      7.3691921957E-03  -3.5887444076E-07  -2.0678426578E-07  -8.6718695184E-04  -1.5675435147E-06
                   10                 11                 12                 13                 14        
    0     -2.4139207893E-06   1.8788295358E-06  -2.9212026883E-02  -3.1199275088E-02  -4.8561807566E-06
    1     -6.2188903315E-02  -2.7683513552E-07  -7.3923293543E-02   3.1118904982E-02  -8.2298893882E-06
    2     -4.2092908383E-07  -7.9296511076E-03  -4.0805595448E-06  -4.2915899964E-06   7.4426318615E-03
    3     -7.0032583801E-02  -6.5557981566E-06  -4.6509395461E-02   2.7688926645E-02  -4.5160666852E-06
    4      2.9134181960E-02  -3.9763989900E-06   2.6860507522E-02  -1.4844835923E-02   3.3301734109E-06
    5     -6.9808232611E-06   7.7867199029E-03  -5.6276441354E-06   4.1134531475E-06  -8.3797244661E-03
    6     -5.2513063636E-02  -1.3138945347E-05   5.8038564113E-02  -1.9389051338E-02   5.7935832550E-06
    7     -2.6782412208E-01  -1.0921680023E-05   1.9379688426E-02  -5.7418805329E-02   2.9574968251E-06
    8     -2.6003217676E-06  -6.4219834579E-02   6.0286818770E-06  -3.6212765541E-06   1.1591946443E-02
    9      1.9249200794E-06   2.7624870048E-05  -1.5328792494E-01   9.6761407220E-02  -8.6327656110E-06
   10      6.3848210628E-01   2.5563624917E-06   5.2494764227E-02  -2.6781691946E-01   3.6922963775E-07
   11      2.5563624917E-06   1.4104080410E-01  -1.2587988778E-05   8.8741167989E-06  -6.4216394587E-02
   12      5.2494764227E-02  -1.2587988778E-05   6.8944944866E-01   4.6458838398E-02   6.7226240752E-05
   13     -2.6781691946E-01   8.8741167989E-06   4.6458838398E-02   7.0416656032E-01   1.8280381325E-05
   14      3.6922963775E-07  -6.4216394587E-02   6.7226240752E-05   1.8280381325E-05   1.3241389381E-01
   15      7.0037374737E-02  -5.8082924532E-06  -3.3898290269E-01  -2.9777340959E-02  -3.4348164463E-05
   16      2.9124689128E-02   4.1651766627E-06   2.8898581228E-02  -1.2894565292E-01   2.3408589315E-06
   17      7.3446536626E-06   7.7854524528E-03  -3.4052908043E-05  -4.3262163430E-06  -6.0825644828E-02
   18      3.4598189306E-05   2.6770940337E-06  -4.1765223270E-02   1.9230693502E-02  -4.2304481251E-06
   19     -8.4889751594E-02  -1.3236196694E-07   3.1861979284E-02   6.6872195860E-03   2.7619455126E-06
   20     -1.5775042231E-07  -5.6591798142E-02  -3.3000289466E-07  -2.3380931176E-06   1.0916962901E-03
   21     -2.0453862330E-05   3.7185625181E-06   5.6310917854E-03  -9.6174039821E-03   7.9911271912E-07
   22      2.0787541670E-02   2.8227955827E-08  -2.6225695041E-03  -2.4591336030E-03   2.7516971530E-08
   23      2.1797312280E-08   1.5437560223E-02  -5.8398600027E-07   1.7101457853E-06   1.7155293025E-03
   24      1.0894465861E-07   5.3804739870E-07   6.1776421692E-04  -3.3616893244E-03  -1.0262232007E-06
   25     -1.3478894366E-03  -7.6052945217E-10  -2.6287559894E-03  -4.7923609841E-03  -5.6133054766E-07
   26     -1.0467597482E-08  -9.4120473354E-04  -8.2262427272E-07  -8.9820589455E-07   7.6222925394E-03
   27      1.0347343160E-03  -1.1057637717E-06  -7.4270630501E-04   9.5124753343E-04  -8.2462812885E-09
   28      2.0596622615E-03   6.9369417983E-07   9.5456807613E-04   1.8410220204E-04   6.0703768166E-08
   29     -3.8126367759E-07   7.7647869871E-03  -3.6940053090E-07   2.2609387183E-07  -8.6702833393E-04
   30     -1.5399198686E-02   2.3055536542E-06  -1.2464600969E-03  -3.3583566872E-03  -7.2496738599E-07
   31     -1.8789566735E-02   4.4983777462E-07  -4.4045497842E-03  -2.8583858072E-03  -5.4707140928E-07
   32     -1.8143848475E-06   3.1596742785E-03  -4.0973184154E-07  -4.5247484936E-07   5.9880962137E-03
   33      1.5396661525E-02   2.4577758470E-06  -1.3045500362E-01  -1.2339055040E-01  -1.4087920614E-05
   34     -1.8790650176E-02  -6.9513990708E-07  -1.2148866807E-01  -2.6650875175E-01  -2.0445804490E-05
   35      1.6897000921E-06   3.1594761923E-03  -1.4147592429E-05  -2.0212552444E-05  -3.5915553751E-02
   36     -1.0333794207E-03  -1.1174890156E-06  -1.1535225523E-02   2.8967137319E-02  -1.0245323445E-06
   37      2.0596214931E-03  -7.4256862235E-07  -1.8056731094E-03   3.4880586783E-03  -7.1686966469E-07
   38      3.6252677125E-07   7.7644090113E-03  -6.0590541825E-07   3.3088773868E-06   2.3382595047E-03
                   15                 16                 17                 18                 19        
    0     -1.7871608016E-01  -1.1637551522E-01  -1.7331668694E-05  -2.0252755986E-03  -5.8778821221E-07
    1     -5.5845491405E-02  -2.7995970989E-01  -1.1970592565E-05  -1.2879240857E-06  -2.7742406346E-03
    2     -1.7561633280E-05  -1.9267962609E-05  -6.1722202106E-02  -8.6818841170E-07   3.2131867228E-08
    3      6.2166750315E-02   2.0637009858E-02   6.4795764041E-06   6.5973495826E-03  -4.0553313612E-03
    4     -2.0645636072E-02  -5.8068849904E-02  -1.6217708166E-06  -5.8612990480E-03  -5.3847334292E-03
    5      6.3617931172E-06   9.9450552910E-07   8.1681227390E-03   2.1425992006E-06  -1.2884673150E-06
    6     -4.6513507511E-02  -2.6858571023E-02  -5.7902640057E-06  -4.1766038197E-02  -3.1867487938E-02
    7     -2.7686026000E-02  -1.4840600108E-02  -4.1672308160E-06  -1.9230818358E-02   6.6897003410E-03
    8     -4.8965583255E-06  -3.4245399265E-06  -8.3805454400E-03  -4.3355035477E-06  -2.6722176335E-06
    9     -3.3406510363E-02   2.8359085636E-02  -4.6489224060E-06  -2.7842225775E-01   1.4763039354E-05
   10      7.0037374737E-02   2.9124689128E-02   7.3446536626E-06   3.4598189306E-05  -8.4889751594E-02
   11     -5.8082924532E-06   4.1651766627E-06   7.7854524528E-03   2.6770940337E-06  -1.3236196694E-07
   12     -3.3898290269E-01   2.8898581228E-02  -3.4052908043E-05  -4.1765223270E-02   3.1861979284E-02
   13     -2.9777340959E-02  -1.2894565292E-01  -4.3262163430E-06   1.9230693502E-02   6.6872195860E-03
   14     -3.4348164463E-05   2.3408589315E-06  -6.0825644828E-02  -4.2304481251E-06   2.7619455126E-06
   15      6.8257461254E-01  -3.6413011177E-02   6.8303587031E-05   6.6009384804E-03   4.0553117394E-03
   16     -3.6413011177E-02   7.1688602644E-01   4.0868034168E-06   5.8619341946E-03  -5.3841775797E-03
   17      6.8303587031E-05   4.0868034168E-06   1.3113983101E-01   2.0781703230E-06   1.1128502880E-06
   18      6.6009384804E-03   5.8619341946E-03   2.0781703230E-06   1.5151043718E+00   2.8020928901E-04
   19      4.0553117394E-03  -5.3841775797E-03   1.1128502880E-06   2.8020928901E-04   1.1956619418E-01
   20     -1.5174630463E-07  -3.4079106515E-07   8.2502572455E-03  -2.7912161578E-04   9.8680134305E-08
   21     -2.8063710194E-03  -4.5591539354E-04  -1.2767771213E-06  -1.1664444293E+00  -2.8652849305E-04
   22     -8.1041875952E-04   1.1180003175E-03  -2.8213960369E-07  -3.1329791287E-04  -3.5814216918E-02
   23      7.8668291266E-07   7.0096646156E-07  -1.4801625041E-03   2.8517842995E-04   7.8015083559E-08
   24     -1.1755476923E-02   2.5290518404E-03  -1.1923275542E-06   1.0921481055E-04  -2.3426663673E-07
   25     -2.8430423923E-02   4.5800562189E-03  -3.8441856758E-06  -4.6838757422E-08   1.0404467593E-04
   26     -1.1447033805E-06   1.6434025997E-06   3.0342472178E-03  -3.9678223961E-07   9.3205169208E-09
   27     -8.9054784040E-04   3.4098814207E-03  -7.7390929307E-07  -5.2446127995E-04  -1.5952860761E-03
   28      4.2886333271E-03  -3.1728735812E-03   9.6063772276E-07   2.2162627814E-05   2.1963138928E-04
   29     -7.9731351942E-07   7.9662544965E-07   7.3694077128E-03  -4.1804059942E-07  -2.1453753984E-07
   30     -7.3217152636E-04  -8.6539514067E-04   6.7192865854E-08   1.5299768321E-03  -6.3116170572E-04
   31     -6.8550433497E-04   4.0575314880E-04  -2.5656782741E-09   1.7001702941E-03   3.8005527117E-04
   32      7.3134055885E-08   1.3375202947E-08  -6.6874636017E-04  -1.4978560363E-08   5.5840883887E-08
   33     -1.0065444156E-02  -2.8378497993E-02  -1.5517898941E-06   1.5305583476E-03   6.3011100475E-04
   34      2.0815771858E-03   4.3433769836E-03   1.2460499837E-06  -1.7013720916E-03   3.8030991403E-04
   35     -9.3307137427E-07  -3.3101501010E-06   3.1275788585E-03  -8.0128501858E-08  -3.0059592964E-08
   36     -1.2747328915E-01   1.1964327458E-01  -9.7184139012E-06  -5.2472440464E-04   1.5947643324E-03
   37      1.1983904283E-01  -2.6608603825E-01   1.1554895752E-05  -2.2166984209E-05   2.1996479775E-04
   38     -1.0475259728E-05   1.1510540120E-05  -3.5797595999E-02  -4.2487343991E-07   1.9565927617E-07
                   20                 21                 22                 23                 24        
    0      4.7987770150E-07   1.1802608707E-03   4.1403671550E-07  -8.7465577934E-07  -3.3442209260E-01
    1     -1.4579358933E-08  -7.1497777243E-08   8.0643104480E-04  -2.6232502498E-09   9.5701243481E-06
    2     -1.4932244076E-03   3.2496884239E-07   1.7762974948E-08   2.9493981996E-04  -4.4394261751E-05
    3     -1.6891720434E-07  -2.8069271827E-03   8.0905271487E-04   8.0494005547E-07  -1.1753670083E-02
    4      1.9705359614E-07   4.5467053261E-04   1.1182101666E-03  -6.7270405377E-07  -2.5279055674E-03
    5      8.2516662668E-03  -1.3528295128E-06   2.9293323640E-07  -1.4808689205E-03  -1.2622159363E-06
    6     -6.6701603709E-07   5.6246354774E-03   2.6273167470E-03  -5.6315853695E-07   6.1826313694E-04
    7      2.3855397147E-06   9.6185061991E-03  -2.4554840393E-03  -1.7523415358E-06   3.3612361554E-03
    8      1.0937790236E-03   9.0201670196E-07  -5.9771599635E-08   1.7162593661E-03  -9.7670255915E-07
    9      1.0550165187E-05  -2.7124075892E-02   3.9211793363E-06  -1.1251247885E-05   8.2523717739E-04
   10     -1.5775042231E-07  -2.0453862330E-05   2.0787541670E-02   2.1797312280E-08   1.0894465861E-07
   11     -5.6591798142E-02   3.7185625181E-06   2.8227955827E-08   1.5437560223E-02   5.3804739870E-07
   12     -3.3000289466E-07   5.6310917854E-03  -2.6225695041E-03  -5.8398600027E-07   6.1776421692E-04
   13     -2.3380931176E-06  -9.6174039821E-03  -2.4591336030E-03   1.7101457853E-06  -3.3616893244E-03
   14      1.0916962901E-03   7.9911271912E-07   2.7516971530E-08   1.7155293025E-03  -1.0262232007E-06
   15     -1.5174630463E-07  -2.8063710194E-03  -8.1041875952E-04   7.8668291266E-07  -1.1755476923E-02
   16     -3.4079106515E-07  -4.5591539354E-04   1.1180003175E-03   7.0096646156E-07   2.5290518404E-03
   17      8.2502572455E-03  -1.2767771213E-06  -2.8213960369E-07  -1.4801625041E-03  -1.1923275542E-06
   18     -2.7912161578E-04  -1.1664444293E+00  -3.1329791287E-04   2.8517842995E-04   1.0921481055E-04
   19      9.8680134305E-08  -2.8652849305E-04  -3.5814216918E-02   7.8015083559E-08  -2.3426663673E-07
   20      8.3491970918E-02   2.6864217962E-04   7.6510662866E-08  -3.5451838888E-02   8.0276202746E-07
   21      2.6864217962E-04   1.1878886308E+00   3.0652297774E-04  -2.7257653101E-04  -1.0764327783E-04
   22      7.6510662866E-08   3.0652297774E-04   1.6677563199E-02  -9.0698764002E-08  -2.3140991715E-08
   23     -3.5451838888E-02  -2.7257653101E-04  -9.0698764002E-08   1.8494139898E-02  -9.2649680177E-07
   24      8.0276202746E-07  -1.0764327783E-04  -2.3140991715E-08  -9.2649680177E-07   3.5573274367E-01
   25      1.0400906804E-08   1.0136351584E-09   1.5921430815E-05  -1.3404497573E-09  -1.0243397012E-05
   26     -1.5313047273E-03  -2.4499631078E-07  -2.9674390080E-09   2.8479253890E-04   4.7902620992E-05
   27     -5.9816838698E-07  -3.8469179116E-04   3.2440431552E-04   8.7564537573E-08   7.6360360877E-04
   28     -1.3042676175E-07   3.9397864224E-05  -9.8804526925E-05  -1.8137236285E-07   6.9072930454E-05
   29      5.8840842905E-04  -7.5558179486E-08   3.1868961013E-08  -2.2643939479E-04   6.3836067435E-07
   30     -5.2577961927E-07  -1.3319781324E-04   2.9510802675E-04   2.0763686590E-07  -6.9573988726E-04
   31      1.3411640124E-06  -7.2769844342E-04   2.0120195082E-04  -2.7836897224E-07  -2.1429027294E-04
   32     -4.1442783196E-03   3.0060724056E-07  -3.0598076739E-08   4.6135672314E-04  -2.2781505807E-07
   33     -5.1077893003E-07  -1.3308086545E-04  -2.9542985942E-04   2.0829040351E-07  -6.9581875796E-04
   34     -1.2740291836E-06   7.2789716295E-04   2.0159997001E-04   2.8054270232E-07   2.1435953386E-04
   35     -4.1441599312E-03   3.2426448875E-07   2.5148734710E-08   4.6122613757E-04  -2.3955209957E-07
   36     -5.8669367507E-07  -3.8420180261E-04  -3.2451023593E-04   8.2490130713E-08   7.6361490740E-04
   37      1.3952136774E-07  -3.9414663081E-05  -9.8830662574E-05   1.8665794570E-07  -6.9045763660E-05
   38      5.8882624196E-04  -6.4978833155E-08  -3.2469916293E-08  -2.2649430135E-04   6.2933684572E-07
                   25                 26                 27                 28                 29        
    0      9.6535216534E-06  -4.4891293488E-05   1.1837746684E-02  -1.6119943776E-02   1.3035902344E-06
    1     -5.8994299019E-02  -1.2328241927E-07   1.4887492633E-02  -1.8996064768E-02   1.7949724596E-06
    2     -1.0302134003E-07  -3.6528287914E-02   9.4879249453E-07  -2.3325678077E-06   2.5731046437E-03
    3      2.8431587031E-02  -8.3563588136E-07  -1.2748847451E-01  -1.1984874725E-01  -1.1631197272E-05
    4      4.5782567200E-03  -1.6240579994E-06  -1.1965203647E-01  -2.6607367221E-01  -1.3692032870E-05
    5      3.8439919268E-06   3.0342629965E-03  -1.0917377521E-05  -1.3861209543E-05  -3.5798009411E-02
    6      2.6282419485E-03  -7.9530577333E-07  -1.1537402283E-02   1.8064442055E-03  -5.4322878031E-07
    7     -4.7927600543E-03   7.6953948609E-07  -2.8967775204E-02   3.4898294072E-03  -3.3212818925E-06
    8      4.3330649284E-07   7.6226056112E-03  -1.2796497944E-06   7.9589927792E-07   2.3387374150E-03
    9     -3.1714161486E-08   4.5855258874E-07  -5.4579927701E-03   9.0811246146E-04  -1.5833442217E-06
   10     -1.3478894366E-03  -1.0467597482E-08   1.0347343160E-03   2.0596622615E-03  -3.8126367759E-07
   11     -7.6052945217E-10  -9.4120473354E-04  -1.1057637717E-06   6.9369417983E-07   7.7647869871E-03
   12     -2.6287559894E-03  -8.2262427272E-07  -7.4270630501E-04   9.5456807613E-04  -3.6940053090E-07
   13     -4.7923609841E-03  -8.9820589455E-07   9.5124753343E-04   1.8410220204E-04   2.2609387183E-07
   14     -5.6133054766E-07   7.6222925394E-03  -8.2462812885E-09   6.0703768166E-08  -8.6702833393E-04
   15     -2.8430423923E-02  -1.1447033805E-06  -8.9054784040E-04   4.2886333271E-03  -7.9731351942E-07
   16      4.5800562189E-03   1.6434025997E-06   3.4098814207E-03  -3.1728735812E-03   7.9662544965E-07
   17     -3.8441856758E-06   3.0342472178E-03  -7.7390929307E-07   9.6063772276E-07   7.3694077128E-03
   18     -4.6838757422E-08  -3.9678223961E-07  -5.2446127995E-04   2.2162627814E-05  -4.1804059942E-07
   19      1.0404467593E-04   9.3205169208E-09  -1.5952860761E-03   2.1963138928E-04  -2.1453753984E-07
   20      1.0400906804E-08  -1.5313047273E-03  -5.9816838698E-07  -1.3042676175E-07   5.8840842905E-04
   21      1.0136351584E-09  -2.4499631078E-07  -3.8469179116E-04   3.9397864224E-05  -7.5558179486E-08
   22      1.5921430815E-05  -2.9674390080E-09   3.2440431552E-04  -9.8804526925E-05   3.1868961013E-08
   23     -1.3404497573E-09   2.8479253890E-04   8.7564537573E-08  -1.8137236285E-07  -2.2643939479E-04
   24     -1.0243397012E-05   4.7902620992E-05   7.6360360877E-04   6.9072930454E-05   6.3836067435E-07
   25      5.8526262056E-02   1.7823098561E-07  -3.9532087294E-04   9.8767062183E-04  -6.7913740113E-08
   26      1.7823098561E-07   2.5052079973E-02   4.7638223266E-07   4.6298166664E-09  -3.8241625481E-03
   27     -3.9532087294E-04   4.7638223266E-07   1.3287280654E-01   1.2899497520E-01   1.2601285589E-05
   28      9.8767062183E-04   4.6298166664E-09   1.2899497520E-01   2.8181737983E-01   1.4611508174E-05
   29     -6.7913740113E-08  -3.8241625481E-03   1.2601285589E-05   1.4611508174E-05   2.5293825587E-02
   30      1.4734832446E-03  -2.1856604685E-07   1.0316945814E-03  -2.1395350945E-04   5.6314815192E-07
   31      7.3691132052E-05   1.2509836582E-07   2.4946718297E-04   6.9132312256E-04   1.2455292253E-08
   32      1.7036242929E-07  -6.4635182968E-07   6.1015764517E-07  -7.8309549459E-08  -4.0474412144E-03
   33     -1.4734123287E-03  -2.3218731072E-07   8.2960506118E-05  -7.8655294569E-05   6.6084243507E-08
   34      7.3799124991E-05  -1.2433336977E-07  -6.3750891191E-05   7.9606724986E-06  -9.7831066276E-08
   35     -1.6916413989E-07  -6.8357713468E-07   4.8456915624E-08  -2.0784293038E-07  -1.3176741259E-03
   36      3.9530050783E-04   4.7900591329E-07   4.3746486297E-04  -8.3693407221E-04   7.7406353412E-08
   37      9.8760751375E-04   4.8082074100E-08   8.3683410928E-04  -1.1161444143E-03   1.2839926938E-07
   38      1.1643455591E-07  -3.8239910256E-03   7.8683490292E-08  -1.6240667555E-07   1.5248425397E-04
                   30                 31                 32                 33                 34        
    0     -5.8654364711E-03  -6.4889984434E-04  -1.8141504962E-06  -5.8652397786E-03   6.4945833281E-04
    1     -1.3858883693E-03   1.6928561443E-03  -3.0666354496E-07   1.3864755670E-03   1.6927014227E-03
    2     -1.9417184568E-06   3.5228589588E-07   7.7309669020E-03  -1.8729509785E-06  -3.0300726393E-07
    3     -1.0063557202E-02  -2.0806966754E-03  -1.0573857115E-06  -7.3201141285E-04   6.8552240760E-04
    4      2.8379752107E-02   4.3415578270E-03   3.3674740685E-06   8.6532403091E-04   4.0559661006E-04
    5     -1.2159790771E-06  -1.3088368217E-06   3.1273347717E-03   4.6932660411E-08  -4.7571543129E-08
    6     -1.3043983945E-01   1.2148038275E-01  -1.2803985712E-05  -1.2458797006E-03   4.4043559193E-03
    7      1.2338327722E-01  -2.6652894500E-01   1.7672519776E-05   3.3585313156E-03  -2.8587573323E-03
    8     -1.2790606673E-05   1.8018928256E-05  -3.5914711242E-02  -6.5200373361E-07   5.1624834416E-07
    9      1.0469697881E-02   1.5384321928E-02   6.1312484516E-07   1.0469137574E-02  -1.5385455141E-02
   10     -1.5399198686E-02  -1.8789566735E-02  -1.8143848475E-06   1.5396661525E-02  -1.8790650176E-02
   11      2.3055536542E-06   4.4983777462E-07   3.1596742785E-03   2.4577758470E-06  -6.9513990708E-07
   12     -1.2464600969E-03  -4.4045497842E-03  -4.0973184154E-07  -1.3045500362E-01  -1.2148866807E-01
   13     -3.3583566872E-03  -2.8583858072E-03  -4.5247484936E-07  -1.2339055040E-01  -2.6650875175E-01
   14     -7.2496738599E-07  -5.4707140928E-07   5.9880962137E-03  -1.4087920614E-05  -2.0445804490E-05
   15     -7.3217152636E-04  -6.8550433497E-04   7.3134055885E-08  -1.0065444156E-02   2.0815771858E-03
   16     -8.6539514067E-04   4.0575314880E-04   1.3375202947E-08  -2.8378497993E-02   4.3433769836E-03
   17      6.7192865854E-08  -2.5656782741E-09  -6.6874636017E-04  -1.5517898941E-06   1.2460499837E-06
   18      1.5299768321E-03   1.7001702941E-03  -1.4978560363E-08   1.5305583476E-03  -1.7013720916E-03
   19     -6.3116170572E-04   3.8005527117E-04   5.5840883887E-08   6.3011100475E-04   3.8030991403E-04
   20     -5.2577961927E-07   1.3411640124E-06  -4.1442783196E-03  -5.1077893003E-07  -1.2740291836E-06
   21     -1.3319781324E-04  -7.2769844342E-04   3.0060724056E-07  -1.3308086545E-04   7.2789716295E-04
   22      2.9510802675E-04   2.0120195082E-04  -3.0598076739E-08  -2.9542985942E-04   2.0159997001E-04
   23      2.0763686590E-07  -2.7836897224E-07   4.6135672314E-04   2.0829040351E-07   2.8054270232E-07
   24     -6.9573988726E-04  -2.1429027294E-04  -2.2781505807E-07  -6.9581875796E-04   2.1435953386E-04
   25      1.4734832446E-03   7.3691132052E-05   1.7036242929E-07  -1.4734123287E-03   7.3799124991E-05
   26     -2.1856604685E-07   1.2509836582E-07  -6.4635182968E-07  -2.3218731072E-07  -1.2433336977E-07
   27      1.0316945814E-03   2.4946718297E-04   6.1015764517E-07   8.2960506118E-05  -6.3750891191E-05
   28     -2.1395350945E-04   6.9132312256E-04  -7.8309549459E-08  -7.8655294569E-05   7.9606724986E-06
   29      5.6314815192E-07   1.2455292253E-08  -4.0474412144E-03   6.6084243507E-08  -9.7831066276E-08
   30      1.3549958780E-01  -1.3093631292E-01   1.4508150417E-05   5.6245121651E-04  -8.4246375338E-04
   31     -1.3093631292E-01   2.8143621947E-01  -1.8509700362E-05   8.4234841936E-04  -1.0536997545E-03
   32      1.4508150417E-05  -1.8509700362E-05   2.4951682499E-02  -7.3937667442E-08   5.2900432762E-09
   33      5.6245121651E-04   8.4234841936E-04  -7.3937667442E-08   1.3551567186E-01   1.3094554821E-01
   34     -8.4246375338E-04  -1.0536997545E-03   5.2900432762E-09   1.3094554821E-01   2.8141522817E-01
   35     -7.4018445257E-08  -3.8091981584E-08   6.7434345726E-04   1.5884219588E-05   2.1216683624E-05
   36      8.2994135603E-05   6.3723189856E-05   6.1162281501E-08   1.0316987812E-03  -2.4943454090E-04
   37      7.8648684951E-05   7.9392260314E-06   1.9777401602E-07   2.1397154527E-04   6.9128613990E-04
   38      7.5602311565E-08   9.4360437460E-08  -1.3176313576E-03   5.5990019138E-07   2.8812896828E-08
                   35                 36                 37                 38        
     0     -1.8213654867E-06   1.1837817430E-02   1.6117917074E-02   1.4945645215E-06
     1      2.5474736254E-07  -1.4889487717E-02  -1.8996259963E-02  -1.9847905284E-06
     2      7.7311922116E-03   7.2117807775E-07   2.2685908389E-06   2.5731910279E-03
     3      7.0033989734E-08  -8.9108236057E-04  -4.2887548384E-03  -8.7487449565E-07
     4     -1.4279939505E-08  -3.4100172158E-03  -3.1724458894E-03  -9.1688589721E-07
     5     -6.6884255802E-04  -7.7993256875E-07  -1.1334324606E-06   7.3691921957E-03
     6     -3.2936806978E-07  -7.4274945785E-04  -9.5450605648E-04  -3.5887444076E-07
     7      3.7033013468E-07  -9.5109617670E-04   1.8418158244E-04  -2.0678426578E-07
     8      5.9884274905E-03  -2.6641520637E-08  -1.5445169342E-08  -8.6718695184E-04
     9      4.5269802238E-07  -5.4578665827E-03  -9.0770318723E-04  -1.5675435147E-06
    10      1.6897000921E-06  -1.0333794207E-03   2.0596214931E-03   3.6252677125E-07
    11      3.1594761923E-03  -1.1174890156E-06  -7.4256862235E-07   7.7644090113E-03
    12     -1.4147592429E-05  -1.1535225523E-02  -1.8056731094E-03  -6.0590541825E-07
    13     -2.0212552444E-05   2.8967137319E-02   3.4880586783E-03   3.3088773868E-06
    14     -3.5915553751E-02  -1.0245323445E-06  -7.1686966469E-07   2.3382595047E-03
    15     -9.3307137427E-07  -1.2747328915E-01   1.1983904283E-01  -1.0475259728E-05
    16     -3.3101501010E-06   1.1964327458E-01  -2.6608603825E-01   1.1510540120E-05
    17      3.1275788585E-03  -9.7184139012E-06   1.1554895752E-05  -3.5797595999E-02
    18     -8.0128501858E-08  -5.2472440464E-04  -2.2166984209E-05  -4.2487343991E-07
    19     -3.0059592964E-08   1.5947643324E-03   2.1996479775E-04   1.9565927617E-07
    20     -4.1441599312E-03  -5.8669367507E-07   1.3952136774E-07   5.8882624196E-04
    21      3.2426448875E-07  -3.8420180261E-04  -3.9414663081E-05  -6.4978833155E-08
    22      2.5148734710E-08  -3.2451023593E-04  -9.8830662574E-05  -3.2469916293E-08
    23      4.6122613757E-04   8.2490130713E-08   1.8665794570E-07  -2.2649430135E-04
    24     -2.3955209957E-07   7.6361490740E-04  -6.9045763660E-05   6.2933684572E-07
    25     -1.6916413989E-07   3.9530050783E-04   9.8760751375E-04   1.1643455591E-07
    26     -6.8357713468E-07   4.7900591329E-07   4.8082074100E-08  -3.8239910256E-03
    27      4.8456915624E-08   4.3746486297E-04   8.3683410928E-04   7.8683490292E-08
    28     -2.0784293038E-07  -8.3693407221E-04  -1.1161444143E-03  -1.6240667555E-07
    29     -1.3176741259E-03   7.7406353412E-08   1.2839926938E-07   1.5248425397E-04
    30     -7.4018445257E-08   8.2994135603E-05   7.8648684951E-05   7.5602311565E-08
    31     -3.8091981584E-08   6.3723189856E-05   7.9392260314E-06   9.4360437460E-08
    32      6.7434345726E-04   6.1162281501E-08   1.9777401602E-07  -1.3176313576E-03
    33      1.5884219588E-05   1.0316987812E-03   2.1397154527E-04   5.5990019138E-07
    34      2.1216683624E-05  -2.4943454090E-04   6.9128613990E-04   2.8812896828E-08
    35      2.4952250767E-02   6.0378959608E-07   1.1962040923E-07  -4.0475811720E-03
    36      6.0378959608E-07   1.3285554916E-01  -1.2898424510E-01   1.1381446592E-05
    37      1.1962040923E-07  -1.2898424510E-01   2.8183105975E-01  -1.2174549958E-05
    38     -4.0475811720E-03   1.1381446592E-05  -1.2174549958E-05   2.5294118571E-02

$vibrational_frequencies
39
    0        0.0000000000000000
    1        0.0000000000000000
    2        0.0000000000000000
    3        0.0000000000000000
    4        0.0000000000000000
    5        0.0000000000000000
    6      143.4309822504301906
    7      162.6055864519510692
    8      384.7256831093196752
    9      404.4402659314414450
   10      467.7330536856500771
   11      560.5980108297775359
   12      562.8777707068680911
   13      641.8013536684499059
   14      704.3523233293295789
   15      773.2721552232600288
   16      777.0400298600941369
   17      853.2092663799884349
   18      935.5275347023583663
   19      969.5589212148819342
   20      994.6964855809090977
   21     1021.7971441555333740
   22     1050.3134986842380840
   23     1103.7718803879242842
   24     1187.3629470765902170
   25     1199.4423663558322914
   26     1223.7118685142552295
   27     1328.5398026494935948
   28     1356.2326722514737867
   29     1473.1138747417739978
   30     1518.0331128256250395
   31     1608.8025560614585174
   32     1634.3433660778516696
   33     2297.6858331754160645
   34     3166.1120110870278950
   35     3175.3022176403806043
   36     3183.5252188388899413
   37     3192.1365717669737023
   38     3195.4463244964854312

$normal_modes
39 39
                    0                  1                  2                  3                  4        
    0      0.0000000000E+00   0.0000000000E+00   0.0000000000E+00   0.0000000000E+00   0.0000000000E+00
    1      0.0000000000E+00   0.0000000000E+00   0.0000000000E+00   0.0000000000E+00   0.0000000000E+00
    2      0.0000000000E+00   0.0000000000E+00   0.0000000000E+00   0.0000000000E+00   0.0000000000E+00
    3      0.0000000000E+00   0.0000000000E+00   0.0000000000E+00   0.0000000000E+00   0.0000000000E+00
    4      0.0000000000E+00   0.0000000000E+00   0.0000000000E+00   0.0000000000E+00   0.0000000000E+00
    5      0.0000000000E+00   0.0000000000E+00   0.0000000000E+00   0.0000000000E+00   0.0000000000E+00
    6      0.0000000000E+00   0.0000000000E+00   0.0000000000E+00   0.0000000000E+00   0.0000000000E+00
    7      0.0000000000E+00   0.0000000000E+00   0.0000000000E+00   0.0000000000E+00   0.0000000000E+00
    8      0.0000000000E+00   0.0000000000E+00   0.0000000000E+00   0.0000000000E+00   0.0000000000E+00
    9      0.0000000000E+00   0.0000000000E+00   0.0000000000E+00   0.0000000000E+00   0.0000000000E+00
   10      0.0000000000E+00   0.0000000000E+00   0.0000000000E+00   0.0000000000E+00   0.0000000000E+00
   11      0.0000000000E+00   0.0000000000E+00   0.0000000000E+00   0.0000000000E+00   0.0000000000E+00
   12      0.0000000000E+00   0.0000000000E+00   0.0000000000E+00   0.0000000000E+00   0.0000000000E+00
   13      0.0000000000E+00   0.0000000000E+00   0.0000000000E+00   0.0000000000E+00   0.0000000000E+00
   14      0.0000000000E+00   0.0000000000E+00   0.0000000000E+00   0.0000000000E+00   0.0000000000E+00
   15      0.0000000000E+00   0.0000000000E+00   0.0000000000E+00   0.0000000000E+00   0.0000000000E+00
   16      0.0000000000E+00   0.0000000000E+00   0.0000000000E+00   0.0000000000E+00   0.0000000000E+00
   17      0.0000000000E+00   0.0000000000E+00   0.0000000000E+00   0.0000000000E+00   0.0000000000E+00
   18      0.0000000000E+00   0.0000000000E+00   0.0000000000E+00   0.0000000000E+00   0.0000000000E+00
   19      0.0000000000E+00   0.0000000000E+00   0.0000000000E+00   0.0000000000E+00   0.0000000000E+00
   20      0.0000000000E+00   0.0000000000E+00   0.0000000000E+00   0.0000000000E+00   0.0000000000E+00
   21      0.0000000000E+00   0.0000000000E+00   0.0000000000E+00   0.0000000000E+00   0.0000000000E+00
   22      0.0000000000E+00   0.0000000000E+00   0.0000000000E+00   0.0000000000E+00   0.0000000000E+00
   23      0.0000000000E+00   0.0000000000E+00   0.0000000000E+00   0.0000000000E+00   0.0000000000E+00
   24      0.0000000000E+00   0.0000000000E+00   0.0000000000E+00   0.0000000000E+00   0.0000000000E+00
   25      0.0000000000E+00   0.0000000000E+00   0.0000000000E+00   0.0000000000E+00   0.0000000000E+00
   26      0.0000000000E+00   0.0000000000E+00   0.0000000000E+00   0.0000000000E+00   0.0000000000E+00
   27      0.0000000000E+00   0.0000000000E+00   0.0000000000E+00   0.0000000000E+00   0.0000000000E+00
   28      0.0000000000E+00   0.0000000000E+00   0.0000000000E+00   0.0000000000E+00   0.0000000000E+00
   29      0.0000000000E+00   0.0000000000E+00   0.0000000000E+00   0.0000000000E+00   0.0000000000E+00
   30      0.0000000000E+00   0.0000000000E+00   0.0000000000E+00   0.0000000000E+00   0.0000000000E+00
   31      0.0000000000E+00   0.0000000000E+00   0.0000000000E+00   0.0000000000E+00   0.0000000000E+00
   32      0.0000000000E+00   0.0000000000E+00   0.0000000000E+00   0.0000000000E+00   0.0000000000E+00
   33      0.0000000000E+00   0.0000000000E+00   0.0000000000E+00   0.0000000000E+00   0.0000000000E+00
   34      0.0000000000E+00   0.0000000000E+00   0.0000000000E+00   0.0000000000E+00   0.0000000000E+00
   35      0.0000000000E+00   0.0000000000E+00   0.0000000000E+00   0.0000000000E+00   0.0000000000E+00
   36      0.0000000000E+00   0.0000000000E+00   0.0000000000E+00   0.0000000000E+00   0.0000000000E+00
   37      0.0000000000E+00   0.0000000000E+00   0.0000000000E+00   0.0000000000E+00   0.0000000000E+00
   38      0.0000000000E+00   0.0000000000E+00   0.0000000000E+00   0.0000000000E+00   0.0000000000E+00
                    5                  6                  7                  8                  9        
    0      0.0000000000E+00   6.0020560556E-05  -3.0517027521E-05   3.3743294848E-05   1.6270101152E-07
    1      0.0000000000E+00   1.4599111398E-06  -1.1678528357E-01  -1.1990062564E-06   7.7525022808E-07
    2      0.0000000000E+00  -2.7102492066E-01  -6.0178742444E-07   2.4369516884E-01  -1.3255783935E-05
    3      0.0000000000E+00   3.2997865437E-05   1.5356739422E-01   5.9332614378E-05   2.6888960225E-05
    4      0.0000000000E+00  -1.2057502452E-06  -2.6824149590E-02  -1.5672511176E-05  -2.4028716667E-07
    5      0.0000000000E+00  -6.4636644839E-02  -2.3184349717E-05  -1.2114255858E-01  -2.1044423097E-01
    6      0.0000000000E+00  -2.8427710359E-06   1.4641708241E-01   5.6487704684E-05  -2.1516014360E-05
    7      0.0000000000E+00  -5.8173276854E-07   1.6961916324E-01  -2.0826875859E-05   3.7347930788E-06
    8      0.0000000000E+00   2.3113254515E-01  -2.6175542450E-05  -1.5368298240E-01   2.0769268176E-01
    9      0.0000000000E+00  -1.5545372136E-05  -4.6946164723E-06  -3.2949857163E-05  -7.6453718057E-08
   10      0.0000000000E+00  -1.6678169733E-06   2.5570911267E-01  -9.3662726180E-07   1.3151735825E-06
   11      0.0000000000E+00   2.9668344451E-01   1.5392618161E-06   1.9078797528E-01  -1.2184169593E-05
   12      0.0000000000E+00  -2.6209372211E-06  -1.4645396224E-01   5.6386328605E-05   2.1572456575E-05
   13      0.0000000000E+00  -1.9381532180E-06   1.6962831407E-01   2.2256817120E-05   5.8308072633E-06
   14      0.0000000000E+00   2.3116184250E-01   2.8087342891E-05  -1.5370978214E-01  -2.0767457963E-01
   15      0.0000000000E+00   3.2974427442E-05  -1.5361941684E-01   5.9621058758E-05  -2.6576295118E-05
