*************************************************
******************* ORCA 6.0.0 ******************
*************************************************
$Calculation_Status
   &GeometryIndex 1
   &ListStatus       OUT
   &VERSION [&Type "String"] "6.0.0"
   &PROGNAME [&Type "String"] "LeanSCF"
   &STATUS [&Type "String"] "NORMAL TERMINATION"
$End
$Geometry
   &GeometryIndex 1
   &ListStatus       OUT
   &NATOMS [&Type "Integer"] 12
   &NCORELESSECP [&Type "Integer"] 0
   &NGHOSTATOMS [&Type "Integer"] 0
   &CartesianCoordinates [&Type "Coordinates", &Dim(12,4), &Units "Bohr"] 
              C     -1.309013891632   -3.909515160803   -0.000036331497
              C      1.309042934078   -3.909506870952   -0.000020756374
              C      2.619796847362   -1.636010783384    0.000023490997
              C      1.325088979272    0.665846826117    0.000049627988
              C     -1.325089650880    0.665838460110    0.000034102943
              C     -2.619782496215   -1.636027456438   -0.000010698118
              Cl    -5.910949707091   -1.698195689090   -0.000029353683
              Cl    -2.968991542072    3.496346679487    0.000052846569
              Cl     2.968972468121    3.496366059007    0.000092966400
              Cl     5.910964353791   -1.698157984519    0.000049891227
              H     -2.333627942645   -5.681794382186   -0.000073209124
              H      2.333668308707   -5.681779543490   -0.000048197465
$End
$SCF_Energy
   &GeometryIndex 1
   &ListStatus       OUT
   &SCF_ENERGY [&Type "Double"]      -2.0705344945053175e+03
$End
$DFT_Energy
   &GeometryIndex 1
   &ListStatus       OUT
   &NALPHAEL [&Type "Integer"] 53
   &NBETAEL [&Type "Integer"] 53
   &NTOTALEL [&Type "Integer"] 106
   &EEXCHANGE [&Type "Double"]      -1.4221836642590495e+02
   &ECORR [&Type "Double"]      -3.9200502386398965e+00
   &ECNL [&Type "Double"]       0.0000000000000000e+00
   &EXC [&Type "Double"]      -1.4613841666454485e+02
   &EEMBED [&Type "Double"]       0.0000000000000000e+00
   &FINALEN [&Type "Double"]      -2.0705344945053175e+03  "No Van der Waals correction"
$End
$Mulliken_Population_Analysis
   &GeometryIndex 1
   &ListStatus       OUT
   &NATOMS [&Type "Integer"] 12
   &ATNO [&Type "ArrayOfIntegers", &Dim (12,1)] 
                                                         0

0                                                        6
1                                                        6
2                                                        6
3                                                        6
4                                                        6
5                                                        6
6                                                       17
7                                                       17
8                                                       17
9                                                       17
10                                                       1
11                                                       1
   &ATOMICCHARGES [&Type "ArrayOfDoubles", &Dim (12,1)] 
                                                         0

0                                     -1.7336277961284274e-01
1                                     -1.7338497093822713e-01
2                                      9.4059970375686142e-02
3                                      5.8608553499039928e-02
4                                      5.8630795942266722e-02
5                                      9.4037652669843652e-02
6                                     -7.1882749886515995e-02
7                                     -4.3221582489866961e-02
8                                     -4.3221086103503836e-02
9                                     -7.1880241485310137e-02
10                                     1.3580747254471692e-01
11                                     1.3580896548526122e-01
$End
$Loewdin_Population_Analysis
   &GeometryIndex 1
   &ListStatus       OUT
   &NATOMS [&Type "Integer"] 12
   &ATNO [&Type "ArrayOfIntegers", &Dim (12,1)] 
                                                         0

0                                                        6
1                                                        6
2                                                        6
3                                                        6
4                                                        6
5                                                        6
6                                                       17
7                                                       17
8                                                       17
9                                                       17
10                                                       1
11                                                       1
   &ATOMICCHARGES [&Type "ArrayOfDoubles", &Dim (12,1)] 
                                                         0

0                                     -1.3567252787736717e-01
1                                     -1.3567262343645847e-01
2                                     -4.3350859485984916e-01
3                                     -4.4549873108847660e-01
4                                     -4.4549883210696084e-01
5                                     -4.3350859649136986e-01
6                                      4.1734638097414845e-01
7                                      4.4162843746601155e-01
8                                      4.4162825875871192e-01
9                                      4.1734647807655634e-01
10                                     1.5570517118762828e-01
11                                     1.5570517939792072e-01
$End
$Mayer_Population_Analysis
   &GeometryIndex 1
   &ListStatus       OUT
   &NATOMS [&Type "Integer"] 12 "Total number of atoms"
   &BONDTHRESH [&Type "Double"]       1.0000000000000001e-01  "The threshold for printing"
   &NBONDORDERSPRINT [&Type "Integer"] 12 "The number of bond orders larger than threshold"
   &BONDORDERS [&Type "ArrayOfDoubles", &Dim (12,1)] "The bond orders"
                                                         0

0                                      1.3904126548202691e+00
1                                      1.3618647767468068e+00
2                                      9.6332323401944109e-01
3                                      1.3618681649523188e+00
4                                      9.6331891212575749e-01
5                                      1.2767409164611336e+00
6                                      1.0776134520273328e+00
7                                      1.2691904728648113e+00
8                                      1.1794277405111757e+00
9                                      1.2767490866449682e+00
10                                     1.1794410668846647e+00
11                                     1.0776288302348016e+00
   &COMPONENTS [&Type "ArrayOfIntegers", &Dim (12,4)] "The indices and atomic numbers of the bonding atoms"
                                                         0                           1                           2                           3

0                                                        0                           6                           1                           6
1                                                        0                           6                           5                           6
2                                                        0                           6                          10                           1
3                                                        1                           6                           2                           6
4                                                        1                           6                          11                           1
5                                                        2                           6                           3                           6
6                                                        2                           6                           9                          17
7                                                        3                           6                           4                           6
8                                                        3                           6                           8                          17
9                                                        4                           6                           5                           6
10                                                       4                           6                           7                          17
11                                                       5                           6                           6                          17
   &ATNO [&Type "ArrayOfIntegers", &Dim (12,1)] "Atomic number of the elements"
                                                         0

0                                                        6
1                                                        6
2                                                        6
3                                                        6
4                                                        6
5                                                        6
6                                                       17
7                                                       17
8                                                       17
9                                                       17
10                                                       1
11                                                       1
   &NA [&Type "ArrayOfDoubles", &Dim (12,1)] "Mulliken gross atomic population"
                                                         0

0                                      6.1733627796128339e+00
1                                      6.1733849709382289e+00
2                                      5.9059400296243290e+00
3                                      5.9413914465009769e+00
4                                      5.9413692040577413e+00
5                                      5.9059623473301608e+00
6                                      1.7071882749886505e+01
7                                      1.7043221582489881e+01
8                                      1.7043221086103465e+01
9                                      1.7071880241485353e+01
10                                     8.6419252745528197e-01
11                                     8.6419103451474111e-01
   &ZA [&Type "ArrayOfDoubles", &Dim (12,1)] "Total nuclear charge"
                                                         0

0                                      6.0000000000000000e+00
1                                      6.0000000000000000e+00
2                                      6.0000000000000000e+00
3                                      6.0000000000000000e+00
4                                      6.0000000000000000e+00
5                                      6.0000000000000000e+00
6                                      1.7000000000000000e+01
7                                      1.7000000000000000e+01
8                                      1.7000000000000000e+01
9                                      1.7000000000000000e+01
10                                     1.0000000000000000e+00
11                                     1.0000000000000000e+00
   &QA [&Type "ArrayOfDoubles", &Dim (12,1)] "Mulliken gross atomic charge"
                                                         0

0                                     -1.7336277961283386e-01
1                                     -1.7338497093822891e-01
2                                      9.4059970375671043e-02
3                                      5.8608553499023053e-02
4                                      5.8630795942258729e-02
5                                      9.4037652669839211e-02
6                                     -7.1882749886505337e-02
7                                     -4.3221582489881172e-02
8                                     -4.3221086103464756e-02
9                                     -7.1880241485352769e-02
10                                     1.3580747254471803e-01
11                                     1.3580896548525889e-01
   &VA [&Type "ArrayOfDoubles", &Dim (12,1)] "Mayer's total valence"
                                                         0

0                                      3.9240214988061481e+00
1                                      3.9240464848818211e+00
2                                      3.8505634120368470e+00
3                                      3.8417244117078519e+00
4                                      3.8417311611800868e+00
5                                      3.8505858595763245e+00
6                                      1.2637638223171412e+00
7                                      1.3071084513175533e+00
8                                      1.3071086279521384e+00
9                                      1.2637683407817710e+00
10                                     9.7998592547914298e-01
11                                     9.7998733965082963e-01
   &BVA [&Type "ArrayOfDoubles", &Dim (12,1)] "Mayer's bonded valence"
                                                         0

0                                      3.9240214988061313e+00
1                                      3.9240464848817469e+00
2                                      3.8505634120368115e+00
3                                      3.8417244117077125e+00
4                                      3.8417311611796379e+00
5                                      3.8505858595761309e+00
6                                      1.2637638223171646e+00
7                                      1.3071084513174851e+00
8                                      1.3071086279522337e+00
9                                      1.2637683407815565e+00
10                                     9.7998592547915397e-01
11                                     9.7998733965083074e-01
   &FA [&Type "ArrayOfDoubles", &Dim (12,1)] "Mayer's free valence"
                                                         0

0                                      0.0000000000000000e+00
1                                      0.0000000000000000e+00
2                                      0.0000000000000000e+00
3                                      0.0000000000000000e+00
4                                      0.0000000000000000e+00
5                                      0.0000000000000000e+00
6                                      0.0000000000000000e+00
7                                      0.0000000000000000e+00
8                                      0.0000000000000000e+00
9                                      0.0000000000000000e+00
10                                     0.0000000000000000e+00
11                                     0.0000000000000000e+00
$End
$VdW_Correction
   &GeometryIndex 1
   &ListStatus       OUT
   &VDW [&Type "Double"]      -6.4442519441162086e-03
$End
$Calculation_Info
   &GeometryIndex 1
   &ListStatus       OUT
   &MULT [&Type "Integer"] 1
   &CHARGE [&Type "Integer"] 0
   &NUMOFATOMS [&Type "Integer"] 12
   &NUMOFELECTRONS [&Type "Integer"] 106
   &NUMOFFCELECTRONS [&Type "Integer"] 1
   &NUMOFCORRELECTRONS [&Type "Integer"] 0
   &NUMOFBASISFUNCTS [&Type "Integer"] 346
   &NUMOFAUXCBASISFUNCTS [&Type "Integer"] 0
   &NUMOFAUXJBASISFUNCTS [&Type "Integer"] 370
   &NUMOFAUXJKBASISFUNCTS [&Type "Integer"] 0
   &NUMOFCABSBASISFUNCTS [&Type "Integer"] 0
   &TOTALENERGY [&Type "Double"]      -2.0705335537321616e+03  "Hartrees"
$End
$SCF_Dipole_Moment
   &GeometryIndex 1
   &ListStatus       OUT
   &METHOD [&Type "String"] "SCF"
   &LEVEL [&Type "String"] "Relaxed density"
   &MULT [&Type "Integer"] 1
   &STATE [&Type "Integer"] -1
   &IRREP [&Type "Integer"] 0
   &NATOMS [&Type "Integer"] 12
   &DODIPOLEATOM [&Type "Boolean"] false
   &DIPOLEELECCONTRIB [&Type "ArrayOfDoubles", &Dim (3,1)] "Electronic contribution"
                                                         0

0                                     -2.4334585098525607e-05
1                                      7.4787960579968713e+00
2                                      1.1230863573723546e-04
   &DIPOLENUCCONTRIB [&Type "ArrayOfDoubles", &Dim (3,1)] "Nuclear contribution"
                                                         0

0                                      2.6582032147892676e-05
1                                     -8.2059859991580559e+00
2                                     -1.2493356032356883e-04
   &DIPOLETOTAL [&Type "ArrayOfDoubles", &Dim (3,1)] "Total"
                                                         0

0                                      2.2474470493670691e-06
1                                     -7.2718994116118463e-01
2                                     -1.2624924586333364e-05
   &DIPOLEMAGNITUDE [&Type "Double", &Units "a.u."]       7.2718994127424974e-01
$End
$THERMOCHEMISTRY_Energies
   &GeometryIndex 1
   &ListStatus       OUT
   &TEMPERATURE [&Type "Double"]       2.9814999999999998e+02
   &PRESSURE [&Type "Double"]       1.0000000000000000e+00
   &TOTALMASS [&Type "Double"]       2.1589400000000001e+02
   &SPINDEGENERACY [&Type "Integer"] 1
   &ELENERGY [&Type "Double"]      -2.0705335537321616e+03
   &TRANSENERGY [&Type "Double"]       1.4162714244859817e-03
   &ROTENERGY [&Type "Double"]       1.4162714244859817e-03
   &VIBENERGY [&Type "Double"]       6.2362228536773541e-03
   &NUMOFFREQS [&Type "Integer"] 36
   &FREQSCALINGFACTOR [&Type "Double"]       1.0000000000000000e+00
   &FREQ [&Type "ArrayOfDoubles", &Dim (36,1)] "In cm^-1"
                                                         0

0                                      0.0000000000000000e+00
1                                      0.0000000000000000e+00
2                                      0.0000000000000000e+00
3                                      0.0000000000000000e+00
4                                      0.0000000000000000e+00
5                                      0.0000000000000000e+00
6                                      8.7694568040986582e+01
7                                      1.0467531604028305e+02
8                                      2.1128300068878193e+02
9                                      2.1592232826109154e+02
10                                     2.2519337397507067e+02
11                                     2.5006130500322470e+02
12                                     3.0881636482622037e+02
13                                     3.2908823906809499e+02
14                                     3.4910943304410296e+02
15                                     4.8543898713057274e+02
16                                     5.0206397444647075e+02
17                                     5.2234413729400899e+02
18                                     5.7022101466276229e+02
19                                     5.9631549003366354e+02
20                                     7.2797393692421724e+02
21                                     7.6791441864308194e+02
22                                     8.1391869605934630e+02
23                                     8.1858079190016224e+02
24                                     9.4239469413079098e+02
25                                     1.0614807082590726e+03
26                                     1.1428628873718571e+03
27                                     1.1757376467712816e+03
28                                     1.1863746282977497e+03
29                                     1.3136573896108287e+03
30                                     1.3724497116389662e+03
31                                     1.4427478511798640e+03
32                                     1.5782140409038730e+03
33                                     1.5803882024835802e+03
34                                     3.1937308184127951e+03
35                                     3.2064506472744497e+03
   &ZPE [&Type "Double"]       6.1699852212512778e-02
   &INNERENERGYU [&Type "Double"]      -2.0704627851142463e+03
   &ENTHALPYH [&Type "Double"]      -2.0704618409052041e+03
   &QEL [&Type "Double"]       0.0000000000000000e+00
   &QROT [&Type "Double"]       1.4378166638667674e-02
   &QVIB [&Type "Double"]       1.0500351776447514e-02
   &QTRANS [&Type "Double"]       1.9961229195027418e-02
   &ENTROPYS [&Type "Double"]       4.4839747610142609e-02
   &FREEENERGYG [&Type "Double"]      -2.0705066806528143e+03
   &ISLINEAR [&Type "Boolean"] false
$End
$Hessian
   &GeometryIndex 1
   &ListStatus       OUT
   &HESSIAN [&Type "ArrayOfDoubles", &Dim (36,36)] "The Hessian"
                                                         0                           1                           2                           3                           4                           5                           6                           7

0                                      6.9243219271822665e-01         3.9193970624372611e-02         4.1401257495961889e-06        -3.4562000722101510e-01         3.1946604604431703e-02        -1.2107526466027318e-06        -3.2712207331200012e-02        -7.4638380203956356e-02
1                                      3.9193970624372611e-02         7.1546886777257634e-01         9.9398226418701709e-06        -3.1948007278552445e-02        -1.2467923732025545e-01        -1.3368986161405214e-06        -2.6036943135219832e-02         2.9806556766514447e-02
2                                      4.1401257495961889e-06         9.9398226418701709e-06         1.2170063673511586e-01        -2.2465780776934275e-06        -9.1612565942192301e-07        -5.5584738662024805e-02        -6.5273368838432726e-07        -1.2528460776928967e-07
3                                     -3.4562000722101510e-01        -3.1948007278552445e-02        -2.2465780776934275e-06         6.9243263709530600e-01        -3.9194052812912376e-02         2.6823678303088612e-06        -1.4981252753913379e-01        -5.6903932815624871e-02
4                                      3.1946604604431703e-02        -1.2467923732025545e-01        -9.1612565942192301e-07        -3.9194052812912376e-02         7.1546848505546756e-01         1.0129561223927993e-05        -1.1400439968762706e-01        -2.8303145880739139e-01
5                                     -1.2107526466027318e-06        -1.3368986161405214e-06        -5.5584738662024805e-02         2.6823678303088612e-06         1.0129561223927993e-05         1.2170064400260429e-01        -2.4115919936004616e-06        -4.1379500121287562e-06
6                                     -3.2712207331200012e-02        -2.6036943135219832e-02        -6.5273368838432726e-07        -1.4981252753913379e-01        -1.1400439968762706e-01        -2.4115919936004616e-06         4.9801898432568464e-01         1.1775685042053072e-02
7                                     -7.4638380203956356e-02         2.9806556766514447e-02        -1.2528460776928967e-07        -5.6903932815624871e-02        -2.8303145880739139e-01        -4.1379500121287562e-06         1.1775685042053072e-02         6.3477460945715636e-01
8                                     -1.2632872218986886e-06         1.7466057597807707e-07         6.6407236674262335e-03        -1.6260916162851823e-06        -4.3800221138268783e-06        -5.9761691785282026e-02         2.8779732668842753e-06         8.0367208967089311e-06
9                                     -4.2882963180573316e-02         2.6922843912495584e-02         7.4042585195762576e-08         5.4390787685939926e-02         2.1193556598983535e-02         5.1416613652543176e-07        -1.4261332479767866e-01         6.2151409916880673e-02
10                                     2.7671366553142781e-02        -1.5286807219820444e-02        -8.0613827637378625e-09        -2.5015434782918223e-02        -5.4116065159824395e-02        -1.0384922860388209e-06         1.1427630729915794e-01        -2.4971477005146570e-01
11                                     1.5706496087705428e-07        -3.7870192960405173e-08        -1.5256137641850923e-03        -3.3227310890773513e-07        -9.7479914412670410e-07         7.3115964808241549e-03         1.3015915211738921e-06        -2.3466290834896556e-06
12                                     5.4390761002611088e-02        -2.1192837099997142e-02         5.4162323983886723e-08        -4.2882598522700023e-02        -2.6923038951505711e-02        -6.6987853453820758e-07        -2.7460522801530399e-02         7.4262591403789657e-02
13                                     2.5016111672886400e-02        -5.4116072862043056e-02        -7.8940578406936748e-07        -2.7671542735882536e-02        -1.5287137128134537e-02        -3.8292535695486484e-07         2.3569355426191100e-02         2.9767165233576587e-02
14                                     9.0829144303697239e-07        -1.2216482401314963e-06         7.3115988577296814e-03        -5.3788095271437754e-07        -3.0211711728496351e-07        -1.5256514089427367e-03        -9.7640490095045034e-10         8.8376113495132944e-07
15                                    -1.4981363293398212e-01         1.1400521257556072e-01         1.2246448300388899e-06        -3.2712833971240529e-02         2.6036521323863256e-02         1.6628255171744442e-07         3.4740249196554482e-04         1.5585472014992881e-03
16                                     5.6904759893035971e-02        -2.8303021947004342e-01        -3.1388226453011992e-06         7.4637984644360417e-02         2.9807205788440705e-02         7.8310560218133637e-07        -1.5581301909053415e-03        -6.6418944222005838e-02
17                                     2.8468241710739421e-07        -2.6754244779731634e-06        -5.9761755307161449e-02         8.7561793429515273e-07         5.1996686095530584e-07         6.6407554649321812e-03         6.2517163743539112e-09        -1.1124631690500582e-06
18                                    -4.2381991991466562e-02         3.7644259951988834e-03        -2.6319298516657019e-07         3.7484126234895183e-03         5.0772337760852737e-03         9.6901477380164664e-08        -6.7268689549586369e-06        -8.7899349045923649e-04
19                                     2.6785861672974517e-02         3.5737974831851491e-03         1.3537160236435304e-07        -4.7706865164880673e-04        -3.4719693882218541e-03        -1.2687566933885772e-07         8.7510734629911435e-05         1.0670802739227740e-03
20                                     1.1710910276287672e-07         1.8428524951800209e-08         4.6832965953923535e-03        -5.5196712405270910e-08        -1.0775606916388699e-07         4.4147990477265203e-03         1.6273192757443766e-08         2.9589631509309510e-08
21                                     2.3388058740503488e-04        -2.0555699012992108e-03        -6.3378799677499382e-08        -4.9523386451075149e-04         1.2286052556554773e-03         2.7022890939390205e-08        -2.2619463906991752e-03        -4.8357054191537144e-03
22                                    -7.5372217838169560e-03        -6.9174457181898040e-04        -1.1150580552784123e-07         1.5403577159233323e-03        -1.2698503170759791e-03         2.6172941391781607e-08        -1.2317121457592491e-03         3.3749726932265967e-03
23                                    -1.1854845904179621e-07        -7.3655228724498977e-08         3.6350091894918374e-03         2.3455059622037620e-08         1.9820060608783273e-08        -9.3391362983738231e-04        -4.6576854345165192e-08        -9.9753649164298906e-08
24                                    -4.9521931501311941e-04        -1.2286038700476867e-03        -1.9492441515060491e-08         2.3382359216383508e-04         2.0555707009216623e-03         3.7903629677585406e-08         1.1237134659806570e-03        -1.4593616466826373e-03
25                                    -1.5403510430396249e-03        -1.2698597413968544e-03        -6.5031629147602003e-09         7.5372166293202454e-03        -6.9168599126643790e-04         4.5204763961940723e-09        -2.1776677976012203e-02        -4.1268335469752095e-02
26                                    -3.2215813227401822e-08         1.7655590313062058e-08        -9.3388725763517578e-04         6.2923119100984203e-08        -5.2992488518447399e-08         3.6349857727547888e-03        -2.7673938315291418e-07        -7.4984378875972071e-07
27                                     3.7484384268617072e-03        -5.0771980059719996e-03        -7.6911031546076450e-08        -4.2381794162758911e-02        -3.7647255998704277e-03        -3.5284778460704156e-07        -1.4966734678941551e-01         3.6235165132366982e-03
28                                     4.7711268100425041e-04        -3.4720086849949509e-03        -1.2589961056532151e-07        -2.6786165374741218e-02         3.5736013214982517e-03        -2.1553957973661809e-07        -1.1700788189643579e-03        -4.0772982391389850e-02
29                                     1.7722682332276801e-09        -1.3446678503983866e-07         4.4148071276263051e-03        -8.0632687373380400e-07        -7.4356595268122319e-08         4.6832876235145884e-03        -1.0293924887465923e-06        -2.5736964630075638e-07
30                                    -1.2529438689358269e-01        -1.2437712194371990e-01        -2.7002252720666202e-06        -1.1604698867418252e-02        -2.7756091491970020e-02        -5.3706789334619688e-07        -4.1909183188543440e-03         9.8054648926771716e-04
31                                    -1.2212777514138851e-01        -2.7055252064630536e-01        -4.7825451649139268e-06         1.8780914379616861e-03         4.2490689227953488e-03         4.3798940004983493e-08         6.6940872143109132e-04         1.7953109830414311e-03
32                                    -2.6772960039516226e-06        -4.9472761314174263e-06        -3.3211086112056504e-02         1.2544856492763076e-08        -1.3692316125885037e-07         2.6310079164532218e-03        -7.6162628516894146e-08        -6.7277729405781799e-09
33                                    -1.1604863868271535e-02         2.7755972105897642e-02         4.0397882093765182e-07        -1.2529596684812194e-01         1.2437805539403754e-01         1.7967235392812520e-06         9.2354205538359400e-03        -1.5372343164654217e-02
34                                    -1.8782035083640264e-03         4.2492484944026392e-03        -4.7109058839512169e-09         1.2212871491462193e-01        -2.7055095697603182e-01        -3.6735550984226959e-06         1.5136094904828840e-02        -1.9379204465433286e-02
35                                    -1.8138781059427356e-07         2.1034282417103540e-07         2.6310089302807559e-03         1.8082093387845083e-06        -3.7991783617634619e-06        -3.3211080822722783e-02         3.0945131746250653e-07        -3.0076006668146355e-07
                                                         8                           9                          10                          11                          12                          13                          14                          15

0                                     -1.2632872218986886e-06        -4.2882963180573316e-02         2.7671366553142781e-02         1.5706496087705428e-07         5.4390761002611088e-02         2.5016111672886400e-02         9.0829144303697239e-07        -1.4981363293398212e-01
1                                      1.7466057597807707e-07         2.6922843912495584e-02        -1.5286807219820444e-02        -3.7870192960405173e-08        -2.1192837099997142e-02        -5.4116072862043056e-02        -1.2216482401314963e-06         1.1400521257556072e-01
2                                      6.6407236674262335e-03         7.4042585195762576e-08        -8.0613827637378625e-09        -1.5256137641850923e-03         5.4162323983886723e-08        -7.8940578406936748e-07         7.3115988577296814e-03         1.2246448300388899e-06
3                                     -1.6260916162851823e-06         5.4390787685939926e-02        -2.5015434782918223e-02        -3.3227310890773513e-07        -4.2882598522700023e-02        -2.7671542735882536e-02        -5.3788095271437754e-07        -3.2712833971240529e-02
4                                     -4.3800221138268783e-06         2.1193556598983535e-02        -5.4116065159824395e-02        -9.7479914412670410e-07        -2.6923038951505711e-02        -1.5287137128134537e-02        -3.0211711728496351e-07         2.6036521323863256e-02
5                                     -5.9761691785282026e-02         5.1416613652543176e-07        -1.0384922860388209e-06         7.3115964808241549e-03        -6.6987853453820758e-07        -3.8292535695486484e-07        -1.5256514089427367e-03         1.6628255171744442e-07
6                                      2.8779732668842753e-06        -1.4261332479767866e-01         1.1427630729915794e-01         1.3015915211738921e-06        -2.7460522801530399e-02         2.3569355426191100e-02        -9.7640490095045034e-10         3.4740249196554482e-04
7                                      8.0367208967089311e-06         6.2151409916880673e-02        -2.4971477005146570e-01        -2.3466290834896556e-06         7.4262591403789657e-02         2.9767165233576587e-02         8.8376113495132944e-07         1.5585472014992881e-03
8                                      1.1799275110084240e-01         4.8366027247946555e-07        -2.0796051046179502e-06        -5.9859788659011676e-02         8.0273186149310872e-07         5.2623417277568896e-07         5.7327767007404259e-03         4.2980138609625073e-08
9                                      4.8366027247946555e-07         5.7796274068069442e-01        -4.8777718764330805e-02         1.9742191936062237e-06        -2.9118054686297612e-01         2.5904985277334511e-02        -8.8468335964041055e-07        -2.7459928130373866e-02
10                                    -2.0796051046179502e-06        -4.8777718764330805e-02         5.3608337415188989e-01         5.4655597179923450e-06        -2.5906210801504945e-02        -9.3066526019064968e-02        -8.6740735596261382e-07        -2.3569712974040410e-02
11                                    -5.9859788659011676e-02         1.9742191936062237e-06         5.4655597179923450e-06         1.1643340031912837e-01        -1.9163425494103598e-06        -4.4510991211007081e-07        -5.7922512708828408e-02        -5.5187162675403281e-07
12                                     8.0273186149310872e-07        -2.9118054686297612e-01        -2.5906210801504945e-02        -1.9163425494103598e-06         5.7796211672120679e-01         4.8777928595814334e-02         4.1655456737486036e-06        -1.4261214819183632e-01
13                                     5.2623417277568896e-07         2.5904985277334511e-02        -9.3066526019064968e-02        -4.4510991211007081e-07         4.8777928595814334e-02         5.3608426214353311e-01         6.3090576000500925e-06        -1.1427567636068800e-01
14                                     5.7327767007404259e-03        -8.8468335964041055e-07        -8.6740735596261382e-07        -5.7922512708828408e-02         4.1655456737486036e-06         6.3090576000500925e-06         1.1643342600615808e-01        -2.4525420333414247e-06
15                                     4.2980138609625073e-08        -2.7459928130373866e-02        -2.3569712974040410e-02        -5.5187162675403281e-07        -1.4261214819183632e-01        -1.1427567636068800e-01        -2.4525420333414247e-06         4.9801908546151724e-01
16                                    -1.0967065856074578e-06        -7.4262965176696769e-02         2.9766554270266369e-02        -2.1188072981580953e-07        -6.2150760371324172e-02        -2.4971604329128094e-01        -3.2088985473317381e-06        -1.1776542597894277e-02
17                                    -2.6223155012288935e-03        -1.1456691155159775e-06         2.6278510398105824e-07         5.7327708529028368e-03        -1.6829732697359343e-06        -3.7116647456063853e-06        -5.9859783920072837e-02         2.2847485450554880e-06
18                                     1.3170467639392232e-08         3.0805326551258394e-03        -2.2296452159664701e-03         4.7107963882631901e-08        -3.7573748409850977e-02        -2.2552373382819027e-03        -4.6961304058907287e-07        -1.4966728122323991e-01
19                                     4.8210920887322237e-08         1.7440261491344889e-03        -3.7404842383884115e-03        -8.5260436052980194e-08        -2.3935195278070573e-02        -1.3833353536231441e-03        -2.1173339406507286e-07         1.1694420421337563e-03
20                                    -8.8542153452131713e-04         2.8284937731760446e-08        -1.1468855138365606e-07         3.7409169765619463e-03        -6.9750449365122846e-07        -1.2711918845382295e-07         3.9146502408021200e-03        -6.6056996521372894e-07
21                                    -1.3714108433115164e-07        -2.1906202219069311e-02         3.3194548827125768e-02         2.0186552403270477e-07        -6.9929134405163795e-02         5.0635546149068018e-02         2.3813627039676956e-07         1.1235709199719449e-03
22                                     3.4782604161157038e-08         1.4143132540523101e-02        -1.8466003402069997e-02        -1.0625817013010056e-07         5.0339090298543443e-02        -1.2811566320815071e-01        -7.7913835786236911e-07         2.1776972485911282e-02
23                                     3.8864568845565490e-03         1.7341699274847994e-08        -1.9428876931216013e-08         4.1711938769613960e-03         2.3098171780854991e-07        -6.7528594398932311e-07        -2.5970977420708939e-02         2.3575063617809154e-07
24                                     4.4808880075894578e-09        -6.9928451469205261e-02        -5.0635099649098562e-02        -8.3437754642062711e-07        -2.1905919187196574e-02        -3.3194573907119572e-02        -6.5210241809695706e-07        -2.2619870035088829e-03
25                                    -5.8308659562577052e-07        -5.0338664123317028e-02        -1.2811623387644255e-01        -1.3885761359972530e-06        -1.4143143431399552e-02        -1.8466302856169244e-02        -4.1815714853982337e-07         1.2316831861210417e-03
26                                     4.2410605023067618e-03        -8.9834538471883772e-07        -1.3554085126857059e-06        -2.5970950575751654e-02        -3.6865111394488005e-07        -4.5463436800614512e-07         4.1711955986173856e-03        -2.6416690931771875e-08
27                                    -8.9396812232366190e-07        -3.7573880894493074e-02         2.2550014999974249e-03        -1.4719352159201388e-07         3.0805197453715044e-03         2.2296973408796007e-03        -1.2417939292238194e-07        -6.7407671969516719e-06
28                                    -2.5792637880364239e-07         2.3934942370199226e-02        -1.3831391068776649e-03         1.0952513238684985e-07        -1.7439786366254119e-03        -3.7404804761195266e-03        -1.1307765887548823e-07        -8.7521892959737963e-05
29                                    -2.5015428971737402e-02         4.2036065863503653e-08        -1.7692908304278860e-08         3.9146417176862073e-03        -6.8427546013321634e-08        -1.2965680543069607e-07         3.7409216468234406e-03         2.7310529013825706e-08
30                                    -3.6504315183464926e-08        -8.2606297314162893e-04         8.2132092518690273e-04         5.5141172882598106e-08        -1.0627299680463543e-03         2.1569669820856782e-03        -6.1319718077685579e-08         9.2354121423653193e-03
