
$orca_hessian_file

$act_atom
  0

$act_coord
  0

$act_energy
        0.000000

$multiplicity
  1

$hessian
15
                    0                  1                  2                  3                  4        
    0      2.0056777036E-01  -3.9804687290E-07   2.1939625206E-05  -6.7157006331E-02  -3.0466287454E-02
    1     -3.9804687290E-07   3.9767657157E-01  -6.1544127373E-06  -5.0333613847E-02  -7.1996733895E-02
    2      2.1939625206E-05  -6.1544127373E-06   5.9138501709E-01  -4.6797612310E-08   6.1744429837E-07
    3     -6.7157006331E-02  -5.0333613847E-02  -4.6797612310E-08   1.3269965112E-01   7.1489729648E-02
    4     -3.0466287454E-02  -7.1996733895E-02   6.1744429837E-07   7.1489729648E-02   7.9952656868E-02
    5      4.8923548743E-07   1.6357753068E-06  -3.9651749220E-02  -3.4987092277E-06  -2.0774189450E-06
    6     -6.7156379584E-02   5.0331002292E-02   2.9996178914E-06  -4.1029416434E-02  -8.8428710626E-04
    7      3.0463969071E-02  -7.1991519065E-02  -2.5487170633E-06   8.8179990059E-04   1.3532260106E-02
    8      2.2767626430E-06  -3.5992617332E-06  -3.9651677564E-02   2.2841975450E-06   2.7874510429E-07
    9     -3.3127226006E-02  -5.6841557586E-06  -1.0259754775E-05  -1.2257221689E-02  -2.0026566688E-02
   10     -5.9050612718E-06  -1.2683623247E-01  -1.2936697846E-01  -1.1061657617E-02  -1.0743818413E-02
   11     -1.0233645492E-05  -1.2744561102E-01  -2.5604857433E-01   1.3414438057E-03   3.4382604870E-03
   12     -3.3127158438E-02   8.7009322332E-06  -1.4617176154E-05  -1.2256006663E-02  -2.0028212398E-02
   13      8.6143158536E-06  -1.2685208614E-01   1.2937507331E-01  -1.1060634086E-02  -1.0744364666E-02
   14     -1.4487492399E-05   1.2745371975E-01  -2.5603301598E-01  -1.3401936788E-03  -3.4370823789E-03
                    5                  6                  7                  8                  9        
    0      4.8923548743E-07  -6.7156379584E-02   3.0463969071E-02   2.2767626430E-06  -3.3127226006E-02
    1      1.6357753068E-06   5.0331002292E-02  -7.1991519065E-02  -3.5992617332E-06  -5.6841557586E-06
    2     -3.9651749220E-02   2.9996178914E-06  -2.5487170633E-06  -3.9651677564E-02  -1.0259754775E-05
    3     -3.4987092277E-06  -4.1029416434E-02   8.8179990059E-04   2.2841975450E-06  -1.2257221689E-02
    4     -2.0774189450E-06  -8.8428710626E-04   1.3532260106E-02   2.7874510429E-07  -2.0026566688E-02
    5      2.4527112760E-02   2.2754924566E-06   3.1839885833E-07   3.4827037891E-03  -1.5556326551E-02
    6      2.2754924566E-06   1.3270176761E-01  -7.1484571393E-02  -7.8400372335E-06  -1.2257333859E-02
    7      3.1839885833E-07  -7.1484571393E-02   7.9944725310E-02   5.4219439912E-06   2.0027009453E-02
    8      3.4827037891E-03  -7.8400372335E-06   5.4219439912E-06   2.4527273786E-02   1.5558655254E-02
    9     -1.5556326551E-02  -1.2257333859E-02   2.0027009453E-02   1.5558655254E-02   5.4428470370E-02
   10     -1.0290022567E-02   1.1060655677E-02  -1.0742548514E-02  -1.0290361685E-02   6.2590889122E-06
   11      5.8214727052E-03  -1.3396571080E-03   3.4359478420E-03   5.8199653866E-03   9.1426039614E-06
   12      1.5557071714E-02  -1.2258637737E-02   2.0027389969E-02  -1.5555433427E-02   3.2133111839E-03
   13      1.0290148933E-02   1.1061603528E-02  -1.0742917838E-02   1.0288296007E-02  -1.0266502290E-06
   14      5.8204599658E-03   1.3422792849E-03  -3.4391752175E-03   5.8217346026E-03  -1.2360729748E-06
                   10                 11                 12                 13                 14        
    0     -5.9050612718E-06  -1.0233645492E-05  -3.3127158438E-02   8.6143158536E-06  -1.4487492399E-05
    1     -1.2683623247E-01  -1.2744561102E-01   8.7009322332E-06  -1.2685208614E-01   1.2745371975E-01
    2     -1.2936697846E-01  -2.5604857433E-01  -1.4617176154E-05   1.2937507331E-01  -2.5603301598E-01
    3     -1.1061657617E-02   1.3414438057E-03  -1.2256006663E-02  -1.1060634086E-02  -1.3401936788E-03
    4     -1.0743818413E-02   3.4382604870E-03  -2.0028212398E-02  -1.0744364666E-02  -3.4370823789E-03
    5     -1.0290022567E-02   5.8214727052E-03   1.5557071714E-02   1.0290148933E-02   5.8204599658E-03
    6      1.1060655677E-02  -1.3396571080E-03  -1.2258637737E-02   1.1061603528E-02   1.3422792849E-03
    7     -1.0742548514E-02   3.4359478420E-03   2.0027389969E-02  -1.0742917838E-02  -3.4391752175E-03
    8     -1.0290361685E-02   5.8199653866E-03  -1.5555433427E-02   1.0288296007E-02   5.8217346026E-03
    9      6.2590889122E-06   9.1426039614E-06   3.2133111839E-03  -1.0266502290E-06  -1.2360729748E-06
   10      1.3558150202E-01   1.3525851953E-01   6.5686372152E-07   1.2741097371E-02   1.4535357376E-02
   11      1.3525851953E-01   2.6010436050E-01  -6.7113590661E-07  -1.4533631046E-02  -1.5697224260E-02
   12      6.5686372152E-07  -6.7113590661E-07   5.4428491654E-02  -8.5462373856E-06   1.3643992076E-05
   13      1.2741097371E-02  -1.4533631046E-02  -8.5462373856E-06   1.3559827128E-01  -1.3526635337E-01
   14      1.4535357376E-02  -1.5697224260E-02   1.3643992076E-05  -1.3526635337E-01   2.6008804567E-01

$vibrational_frequencies
15
    0        0.0000000000000000
    1        0.0000000000000000
    2        0.0000000000000000
    3        0.0000000000000000
    4        0.0000000000000000
    5        0.0000000000000000
    6      279.3891123915369690
    7      656.2837742799976013
    8      680.2780274319504770
    9      908.7455636830362664
   10     1164.7556056671744500
   11     1279.4786747908501638
   12     1451.3517140998037576
   13     3089.4559757387974059
   14     3180.1611203624383961

$normal_modes
15 15
                    0                  1                  2                  3                  4        
    0      0.0000000000E+00   0.0000000000E+00   0.0000000000E+00   0.0000000000E+00   0.0000000000E+00
    1      0.0000000000E+00   0.0000000000E+00   0.0000000000E+00   0.0000000000E+00   0.0000000000E+00
    2      0.0000000000E+00   0.0000000000E+00   0.0000000000E+00   0.0000000000E+00   0.0000000000E+00
    3      0.0000000000E+00   0.0000000000E+00   0.0000000000E+00   0.0000000000E+00   0.0000000000E+00
    4      0.0000000000E+00   0.0000000000E+00   0.0000000000E+00   0.0000000000E+00   0.0000000000E+00
    5      0.0000000000E+00   0.0000000000E+00   0.0000000000E+00   0.0000000000E+00   0.0000000000E+00
    6      0.0000000000E+00   0.0000000000E+00   0.0000000000E+00   0.0000000000E+00   0.0000000000E+00
    7      0.0000000000E+00   0.0000000000E+00   0.0000000000E+00   0.0000000000E+00   0.0000000000E+00
    8      0.0000000000E+00   0.0000000000E+00   0.0000000000E+00   0.0000000000E+00   0.0000000000E+00
    9      0.0000000000E+00   0.0000000000E+00   0.0000000000E+00   0.0000000000E+00   0.0000000000E+00
   10      0.0000000000E+00   0.0000000000E+00   0.0000000000E+00   0.0000000000E+00   0.0000000000E+00
   11      0.0000000000E+00   0.0000000000E+00   0.0000000000E+00   0.0000000000E+00   0.0000000000E+00
   12      0.0000000000E+00   0.0000000000E+00   0.0000000000E+00   0.0000000000E+00   0.0000000000E+00
   13      0.0000000000E+00   0.0000000000E+00   0.0000000000E+00   0.0000000000E+00   0.0000000000E+00
   14      0.0000000000E+00   0.0000000000E+00   0.0000000000E+00   0.0000000000E+00   0.0000000000E+00
                    5                  6                  7                  8                  9        
    0      0.0000000000E+00   3.6498736810E-06   7.5722199438E-01   1.4997441277E-04   8.1563637067E-06
    1      0.0000000000E+00  -3.9382738995E-01  -1.5820179073E-04   6.4448005428E-01  -5.3785295957E-06
    2      0.0000000000E+00  -1.2368315958E-05  -3.9688987262E-05   2.0683493693E-05   1.6589212301E-01
    3      0.0000000000E+00  -5.0010724180E-01  -1.4041592191E-01  -1.1707258417E-01  -9.6873678576E-07
    4      0.0000000000E+00   7.8293106431E-02  -1.0032593898E-01  -1.2357934169E-01   7.6334106301E-07
    5      0.0000000000E+00   2.9172234083E-05   4.1833967980E-06   2.1873152766E-06  -2.0840701225E-02
    6      0.0000000000E+00   5.0010554264E-01  -1.4048018415E-01   1.1701705408E-01  -1.0848428363E-06
    7      0.0000000000E+00   7.8313259303E-02   1.0038660735E-01  -1.2352992218E-01   6.1644557252E-07
    8      0.0000000000E+00  -2.4233208438E-05   1.0607476828E-05  -1.0095520031E-05  -2.0840698901E-02
    9      0.0000000000E+00   8.1530021970E-06   4.2838221761E-01   9.4052389169E-05  -3.1632599719E-05
   10      0.0000000000E+00  -4.0769027470E-01  -1.2075205088E-04   5.0590849509E-01   6.4854335636E-01
   11      0.0000000000E+00  -6.3875011634E-04  -4.7634591198E-05   8.6111280639E-02  -2.5533715790E-01
   12      0.0000000000E+00   8.1186088940E-06   4.2837995829E-01   7.1984921415E-05   6.6717602955E-06
   13      0.0000000000E+00  -4.0769137576E-01  -1.2797229865E-04   5.0591174304E-01  -6.4852779689E-01
   14      0.0000000000E+00   6.1241337703E-04   3.3655881330E-07  -8.6079593992E-02  -2.5537674171E-01
                   10                 11                 12                 13                 14        
    0     -1.9398685885E-07   8.2969855665E-02   1.8927417529E-07   9.6125889552E-07  -5.5701264157E-06
    1     -8.8868976594E-07   7.4505817631E-07  -7.5245402918E-02  -6.2744557073E-02   3.7366897491E-06
    2      1.1615987964E-06  -4.3401628569E-06  -2.3270480552E-06  -2.9387897920E-06  -1.0002832190E-01
    3     -4.9467188858E-07   5.9764807409E-03  -3.8936178698E-03  -2.7449916010E-04   1.5489297967E-08
    4      5.2655778630E-07   1.2175399701E-02  -3.6581599021E-03   4.2652265936E-05  -2.1952267204E-09
    5     -1.2229825154E-02   1.6395826030E-08   1.0794047162E-07   3.0630277113E-08   1.9427586152E-04
    6      5.3912677577E-07   5.9773178408E-03   3.8937703887E-03   2.7450756650E-04   8.1616882097E-09
    7     -2.4217126135E-07  -1.2175283212E-02  -3.6578388939E-03   4.2656912897E-05  -7.4847249506E-09
    8      1.2229601925E-02  -7.2358209850E-07  -3.3385140018E-07  -1.9589745007E-08   1.9426811699E-04
    9      7.0700138685E-01  -7.0453767941E-01  -2.7224169158E-05   2.7044443588E-05   2.6562992831E-05
   10      1.8097000681E-05  -4.6850384672E-06   5.7696997848E-01   3.7230707162E-01   3.8460138386E-01
   11     -4.2543371434E-05   3.5083409170E-05  -4.0527265387E-01   5.9952384870E-01   5.8912506156E-01
   12     -7.0700063891E-01  -7.0453866732E-01   1.9604504017E-05  -3.8794158809E-05   3.8976977373E-05
   13     -1.7509999381E-05  -8.2899319419E-06   5.7694533875E-01   3.7233619097E-01  -3.8464556857E-01
   14      3.6553467504E-05   4.1505450942E-05   4.0530832787E-01  -5.9948921935E-01   5.8911414940E-01

#
# The atoms: label  mass x y z (in bohrs)
#
$atoms
5
 C     12.01100     -0.000042287800     1.569416239068     0.000050019905
 Cl    35.45300     -2.814628682185    -0.342949308857     0.000139399226
 Cl    35.45300      2.814646436012    -0.342826583239    -0.000161180612
 H      1.00800      0.000035484824     2.709548018247     1.712508557586
 H      1.00800     -0.000156028148     2.709652631596    -1.712338491708

$actual_temperature
  0.000000

$frequency_scale_factor
  1.000000

$dipole_derivatives
15
    1.4405690195E+00    2.2582544170E-05   -6.8756318896E-05
    2.3751714784E-05    4.2174963825E-01    8.9833371482E-06
   -6.7489221683E-05    1.0225932650E-05    1.5179014187E-01
   -6.4611565843E-01   -1.1183965244E-01    2.4746370745E-05
   -2.8871954933E-01   -2.0558642759E-01    1.2712157065E-05
    1.9607628358E-05    8.4676515800E-06   -1.1966128045E-01
   -6.4614005437E-01    1.1182006527E-01    3.1985229428E-05
    2.8869846517E-01   -2.0557223998E-01   -1.8419785552E-05
    3.9179800854E-05   -1.8980685851E-05   -1.1966556030E-01
   -7.6579478136E-02    2.4810782353E-07    6.8716784811E-06
   -3.4701690584E-06   -4.1921491686E-03   -4.2371181798E-02
    7.0335381058E-06   -4.4276307974E-02    4.1604035848E-02
   -7.6579468904E-02   -6.4063319033E-06    5.3001860646E-06
    1.2516124638E-06   -4.1977285651E-03    4.2367884061E-02
    5.8516371707E-06    4.4273535244E-02    4.1609460087E-02

#
# The IR spectrum
#  wavenumber eps Int TX TY TZ
#
$ir_spectrum
15
      0.00   0.00000000   0.00000000     0.000000     0.000000     0.000000
      0.00   0.00000000   0.00000000     0.000000     0.000000     0.000000
      0.00   0.00000000   0.00000000     0.000000     0.000000     0.000000
      0.00   0.00000000   0.00000000     0.000000     0.000000     0.000000
      0.00   0.00000000   0.00000000     0.000000     0.000000     0.000000
      0.00   0.00000000   0.00000000     0.000000     0.000000     0.000000
    279.39   0.00006519   0.32944872    -0.000001    -0.008533    -0.000000
    656.28   0.03292880 166.40867690     0.125131    -0.000006    -0.000007
    680.28   0.00289137  14.61181860     0.000029     0.036419     0.000001
    908.75   0.00030495   1.54107456    -0.000001     0.000000    -0.010233
   1164.76   0.00000000   0.00000005    -0.000000     0.000002    -0.000000
   1279.48   0.00795816  40.21729847     0.044057     0.000001    -0.000002
   1451.35   0.00000051   0.00259046    -0.000001     0.000332    -0.000000
   3089.46   0.00125278   6.33104972     0.000000    -0.011249    -0.000000
   3180.16   0.00000025   0.00125610    -0.000000     0.000000     0.000156


$end

