*************************************************
******************* ORCA 6.0.0 ******************
*************************************************
$Calculation_Status
   &GeometryIndex 1
   &ListStatus       OUT
   &VERSION [&Type "String"] "6.0.0"
   &PROGNAME [&Type "String"] "LeanSCF"
   &STATUS [&Type "String"] "NORMAL TERMINATION"
$End
$Geometry
   &GeometryIndex 1
   &ListStatus       OUT
   &NATOMS [&Type "Integer"] 5
   &NCORELESSECP [&Type "Integer"] 0
   &NGHOSTATOMS [&Type "Integer"] 0
   &CartesianCoordinates [&Type "Coordinates", &Dim(5,4), &Units "Bohr"] 
              C     -0.000077728971    1.568983422146    0.000038483139
              Cl    -2.814664123357   -0.343382125779    0.000127862461
              Cl     2.814610994840   -0.343259400161   -0.000172717378
              H      0.000000043653    2.709115201325    1.712497020821
              H     -0.000191469320    2.709219814674   -1.712350028473
$End
$SCF_Energy
   &GeometryIndex 1
   &ListStatus       OUT
   &SCF_ENERGY [&Type "Double"]      -9.5965956658134917e+02
$End
$DFT_Energy
   &GeometryIndex 1
   &ListStatus       OUT
   &NALPHAEL [&Type "Integer"] 21
   &NBETAEL [&Type "Integer"] 21
   &NTOTALEL [&Type "Integer"] 42
   &EEXCHANGE [&Type "Double"]      -6.1005489068478802e+01
   &ECORR [&Type "Double"]      -1.5675334186971117e+00
   &ECNL [&Type "Double"]       0.0000000000000000e+00
   &EXC [&Type "Double"]      -6.2573022487175912e+01
   &EEMBED [&Type "Double"]       0.0000000000000000e+00
   &FINALEN [&Type "Double"]      -9.5965956658134917e+02  "No Van der Waals correction"
$End
$Mulliken_Population_Analysis
   &GeometryIndex 1
   &ListStatus       OUT
   &NATOMS [&Type "Integer"] 5
   &ATNO [&Type "ArrayOfIntegers", &Dim (5,1)] 
                                                         0

0                                                        6
1                                                       17
2                                                       17
3                                                        1
4                                                        1
   &ATOMICCHARGES [&Type "ArrayOfDoubles", &Dim (5,1)] 
                                                         0

0                                     -5.8529882343833606e-02
1                                     -1.2017999013630032e-01
2                                     -1.2018529187197302e-01
3                                      1.4944763299041774e-01
4                                      1.4944753136171618e-01
$End
$Loewdin_Population_Analysis
   &GeometryIndex 1
   &ListStatus       OUT
   &NATOMS [&Type "Integer"] 5
   &ATNO [&Type "ArrayOfIntegers", &Dim (5,1)] 
                                                         0

0                                                        6
1                                                       17
2                                                       17
3                                                        1
4                                                        1
   &ATOMICCHARGES [&Type "ArrayOfDoubles", &Dim (5,1)] 
                                                         0

0                                     -7.3105160867790975e-01
1                                      2.5712932628310625e-01
2                                      2.5712002434680059e-01
3                                      1.0840115487529589e-01
4                                      1.0840110317275742e-01
$End
$Mayer_Population_Analysis
   &GeometryIndex 1
   &ListStatus       OUT
   &NATOMS [&Type "Integer"] 5 "Total number of atoms"
   &BONDTHRESH [&Type "Double"]       1.0000000000000001e-01  "The threshold for printing"
   &NBONDORDERSPRINT [&Type "Integer"] 4 "The number of bond orders larger than threshold"
   &BONDORDERS [&Type "ArrayOfDoubles", &Dim (4,1)] "The bond orders"
                                                         0

0                                      1.0850856458203644e+00
1                                      1.0850796312861248e+00
2                                      9.5421049860671392e-01
3                                      9.5421068667920184e-01
   &COMPONENTS [&Type "ArrayOfIntegers", &Dim (4,4)] "The indices and atomic numbers of the bonding atoms"
                                                         0                           1                           2                           3

0                                                        0                           6                           1                          17
1                                                        0                           6                           2                          17
2                                                        0                           6                           3                           1
3                                                        0                           6                           4                           1
   &ATNO [&Type "ArrayOfIntegers", &Dim (5,1)] "Atomic number of the elements"
                                                         0

0                                                        6
1                                                       17
2                                                       17
3                                                        1
4                                                        1
   &NA [&Type "ArrayOfDoubles", &Dim (5,1)] "Mulliken gross atomic population"
                                                         0

0                                      6.0585298823438372e+00
1                                      1.7120179990136339e+01
2                                      1.7120185291872030e+01
3                                      8.5055236700958314e-01
4                                      8.5055246863828504e-01
   &ZA [&Type "ArrayOfDoubles", &Dim (5,1)] "Total nuclear charge"
                                                         0

0                                      6.0000000000000000e+00
1                                      1.7000000000000000e+01
2                                      1.7000000000000000e+01
3                                      1.0000000000000000e+00
4                                      1.0000000000000000e+00
   &QA [&Type "ArrayOfDoubles", &Dim (5,1)] "Mulliken gross atomic charge"
                                                         0

0                                     -5.8529882343837158e-02
1                                     -1.2017999013633940e-01
2                                     -1.2018529187202986e-01
3                                      1.4944763299041686e-01
4                                      1.4944753136171496e-01
   &VA [&Type "ArrayOfDoubles", &Dim (5,1)] "Mayer's total valence"
                                                         0

0                                      4.0785864623924946e+00
1                                      1.1462321768659425e+00
2                                      1.1462256290670756e+00
3                                      9.6520429367311489e-01
4                                      9.6520442137731055e-01
   &BVA [&Type "ArrayOfDoubles", &Dim (5,1)] "Mayer's bonded valence"
                                                         0

0                                      4.0785864623924049e+00
1                                      1.1462321768659327e+00
2                                      1.1462256290669293e+00
3                                      9.6520429367309657e-01
4                                      9.6520442137730111e-01
   &FA [&Type "ArrayOfDoubles", &Dim (5,1)] "Mayer's free valence"
                                                         0

0                                      0.0000000000000000e+00
1                                      0.0000000000000000e+00
2                                      0.0000000000000000e+00
3                                      0.0000000000000000e+00
4                                      0.0000000000000000e+00
$End
$VdW_Correction
   &GeometryIndex 1
   &ListStatus       OUT
   &VDW [&Type "Double"]      -9.5507924275508812e-04
$End
$Calculation_Info
   &GeometryIndex 1
   &ListStatus       OUT
   &MULT [&Type "Integer"] 1
   &CHARGE [&Type "Integer"] 0
   &NUMOFATOMS [&Type "Integer"] 5
   &NUMOFELECTRONS [&Type "Integer"] 42
   &NUMOFFCELECTRONS [&Type "Integer"] 1
   &NUMOFCORRELECTRONS [&Type "Integer"] 0
   &NUMOFBASISFUNCTS [&Type "Integer"] 117
   &NUMOFAUXCBASISFUNCTS [&Type "Integer"] 0
   &NUMOFAUXJBASISFUNCTS [&Type "Integer"] 136
   &NUMOFAUXJKBASISFUNCTS [&Type "Integer"] 0
   &NUMOFCABSBASISFUNCTS [&Type "Integer"] 0
   &TOTALENERGY [&Type "Double"]      -9.5965386238269195e+02  "Hartrees"
$End
$SCF_Dipole_Moment
   &GeometryIndex 1
   &ListStatus       OUT
   &METHOD [&Type "String"] "SCF"
   &LEVEL [&Type "String"] "Relaxed density"
   &MULT [&Type "Integer"] 1
   &STATE [&Type "Integer"] -1
   &IRREP [&Type "Integer"] 0
   &NATOMS [&Type "Integer"] 5
   &DODIPOLEATOM [&Type "Boolean"] false
   &DIPOLEELECCONTRIB [&Type "ArrayOfDoubles", &Dim (3,1)] "Electronic contribution"
                                                         0

0                                      4.4102932807346061e-05
1                                     -2.4853894927383862e+00
2                                     -7.8168640445001924e-05
   &DIPOLENUCCONTRIB [&Type "ArrayOfDoubles", &Dim (3,1)] "Nuclear contribution"
                                                         0

0                                     -7.2455060753350155e-05
1                                      3.1775079186146549e+00
2                                      9.9901743197072790e-05
   &DIPOLETOTAL [&Type "ArrayOfDoubles", &Dim (3,1)] "Total"
                                                         0

0                                     -2.8352127946004095e-05
1                                      6.9211842587626871e-01
2                                      2.1733102752070866e-05
   &DIPOLEMAGNITUDE [&Type "Double", &Units "a.u."]       6.9211842679819968e-01
$End
$THERMOCHEMISTRY_Energies
   &GeometryIndex 1
   &ListStatus       OUT
   &TEMPERATURE [&Type "Double"]       2.9814999999999998e+02
   &PRESSURE [&Type "Double"]       1.0000000000000000e+00
   &TOTALMASS [&Type "Double"]       8.4933000000000007e+01
   &SPINDEGENERACY [&Type "Integer"] 1
   &ELENERGY [&Type "Double"]      -9.5965386238269195e+02
   &TRANSENERGY [&Type "Double"]       1.4162714244859817e-03
   &ROTENERGY [&Type "Double"]       1.4162714244859817e-03
   &VIBENERGY [&Type "Double"]       7.8868545713040039e-04
   &NUMOFFREQS [&Type "Integer"] 15
   &FREQSCALINGFACTOR [&Type "Double"]       1.0000000000000000e+00
   &FREQ [&Type "ArrayOfDoubles", &Dim (15,1)] "In cm^-1"
                                                         0

0                                      0.0000000000000000e+00
1                                      0.0000000000000000e+00
2                                      0.0000000000000000e+00
3                                      0.0000000000000000e+00
4                                      0.0000000000000000e+00
5                                      0.0000000000000000e+00
6                                      2.7938911239153697e+02
7                                      6.5628377427999760e+02
8                                      6.8027802743195048e+02
9                                      9.0874556368303627e+02
10                                     1.1647556056671744e+03
11                                     1.2794786747908502e+03
12                                     1.4513517140998038e+03
13                                     3.0894559757387974e+03
14                                     3.1801611203624384e+03
   &ZPE [&Type "Double"]       2.8909718418914081e-02
   &INNERENERGYU [&Type "Double"]      -9.5962133143596702e+02
   &ENTHALPYH [&Type "Double"]      -9.5962038722692478e+02
   &QEL [&Type "Double"]       0.0000000000000000e+00
   &QROT [&Type "Double"]       1.0999892276967758e-02
   &QVIB [&Type "Double"]       1.1700557071246584e-03
   &QTRANS [&Type "Double"]       1.8639954408443959e-02
   &ENTROPYS [&Type "Double"]       3.0809902392536375e-02
   &FREEENERGYG [&Type "Double"]      -9.5965119712931732e+02
   &ISLINEAR [&Type "Boolean"] false
$End
$Hessian
   &GeometryIndex 1
   &ListStatus       OUT
   &HESSIAN [&Type "ArrayOfDoubles", &Dim (15,15)] "The Hessian"
                                                         0                           1                           2                           3                           4                           5                           6                           7

0                                      2.0056777035877632e-01        -3.9804687290452110e-07         2.1939625205724094e-05        -6.7157006331367924e-02        -3.0466287454268937e-02         4.8923548743420687e-07        -6.7156379583550682e-02         3.0463969071432194e-02
1                                     -3.9804687290452110e-07         3.9767657156932351e-01        -6.1544127373247548e-06        -5.0333613846559766e-02        -7.1996733895209622e-02         1.6357753067505932e-06         5.0331002292085848e-02        -7.1991519064636925e-02
2                                      2.1939625205724094e-05        -6.1544127373247548e-06         5.9138501709168811e-01        -4.6797612310036864e-08         6.1744429836716737e-07        -3.9651749219703214e-02         2.9996178914019864e-06        -2.5487170633124980e-06
3                                     -6.7157006331367924e-02        -5.0333613846559766e-02        -4.6797612310036864e-08         1.3269965111628307e-01         7.1489729647504108e-02        -3.4987092277161602e-06        -4.1029416433690589e-02         8.8179990059448002e-04
4                                     -3.0466287454268937e-02        -7.1996733895209622e-02         6.1744429836716737e-07         7.1489729647504108e-02         7.9952656867785354e-02        -2.0774189450072263e-06        -8.8428710626243731e-04         1.3532260106337126e-02
5                                      4.8923548743420687e-07         1.6357753067505932e-06        -3.9651749219703214e-02        -3.4987092277161602e-06        -2.0774189450072263e-06         2.4527112759596400e-02         2.2754924565672557e-06         3.1839885833183064e-07
6                                     -6.7156379583550682e-02         5.0331002292085848e-02         2.9996178914019864e-06        -4.1029416433690589e-02        -8.8428710626243731e-04         2.2754924565672557e-06         1.3270176761373589e-01        -7.1484571392633547e-02
7                                      3.0463969071432194e-02        -7.1991519064636925e-02        -2.5487170633124980e-06         8.8179990059448002e-04         1.3532260106337126e-02         3.1839885833183064e-07        -7.1484571392633547e-02         7.9944725310123421e-02
8                                      2.2767626429663593e-06        -3.5992617332288264e-06        -3.9651677564196908e-02         2.2841975449744420e-06         2.7874510428707080e-07         3.4827037891325850e-03        -7.8400372334786221e-06         5.4219439911712842e-06
9                                     -3.3127226006146350e-02        -5.6841557585800519e-06        -1.0259754775434584e-05        -1.2257221688569322e-02        -2.0026566687557514e-02        -1.5556326550744785e-02        -1.2257333859380357e-02         2.0027009452909701e-02
10                                    -5.9050612717671410e-06        -1.2683623246601844e-01        -1.2936697845957501e-01        -1.1061657616966657e-02        -1.0743818413405500e-02        -1.0290022566515898e-02         1.1060655677328033e-02        -1.0742548514247342e-02
11                                    -1.0233645492189852e-05        -1.2744561101683100e-01        -2.5604857433180156e-01         1.3414438057188678e-03         3.4382604870034361e-03         5.8214727051904298e-03        -1.3396571080294996e-03         3.4359478419716052e-03
12                                    -3.3127158437711399e-02         8.7009322332129673e-06        -1.4617176154413294e-05        -1.2256006662655229e-02        -2.0028212398360758e-02         1.5557071714386844e-02        -1.2258637737114280e-02         2.0027389968744924e-02
13                                     8.6143158536036504e-06        -1.2685208614345850e-01         1.2937507331255316e-01        -1.1060634085626601e-02        -1.0744364665507357e-02         1.0290148932750957e-02         1.1061603528434362e-02        -1.0742917837576279e-02
14                                    -1.4487492398902971e-05         1.2745371974851891e-01        -2.5603301597598643e-01        -1.3401936787821589e-03        -3.4370823789162171e-03         5.8204599657838037e-03         1.3422792848986551e-03        -3.4391752175298319e-03
                                                         8                           9                          10                          11                          12                          13                          14

0                                      2.2767626429663593e-06        -3.3127226006146350e-02        -5.9050612717671410e-06        -1.0233645492189852e-05        -3.3127158437711399e-02         8.6143158536036504e-06        -1.4487492398902971e-05
1                                     -3.5992617332288264e-06        -5.6841557585800519e-06        -1.2683623246601844e-01        -1.2744561101683100e-01         8.7009322332129673e-06        -1.2685208614345850e-01         1.2745371974851891e-01
2                                     -3.9651677564196908e-02        -1.0259754775434584e-05        -1.2936697845957501e-01        -2.5604857433180156e-01        -1.4617176154413294e-05         1.2937507331255316e-01        -2.5603301597598643e-01
3                                      2.2841975449744420e-06        -1.2257221688569322e-02        -1.1061657616966657e-02         1.3414438057188678e-03        -1.2256006662655229e-02        -1.1060634085626601e-02        -1.3401936787821589e-03
4                                      2.7874510428707080e-07        -2.0026566687557514e-02        -1.0743818413405500e-02         3.4382604870034361e-03        -2.0028212398360758e-02        -1.0744364665507357e-02        -3.4370823789162171e-03
5                                      3.4827037891325850e-03        -1.5556326550744785e-02        -1.0290022566515898e-02         5.8214727051904298e-03         1.5557071714386844e-02         1.0290148932750957e-02         5.8204599657838037e-03
6                                     -7.8400372334786221e-06        -1.2257333859380357e-02         1.1060655677328033e-02        -1.3396571080294996e-03        -1.2258637737114280e-02         1.1061603528434362e-02         1.3422792848986551e-03
7                                      5.4219439911712842e-06         2.0027009452909701e-02        -1.0742548514247342e-02         3.4359478419716052e-03         2.0027389968744924e-02        -1.0742917837576279e-02        -3.4391752175298319e-03
8                                      2.4527273785901776e-02         1.5558655254281552e-02        -1.0290361684596516e-02         5.8199653865916067e-03        -1.5555433427219659e-02         1.0288296007006323e-02         5.8217346025709431e-03
9                                      1.5558655254281552e-02         5.4428470370197379e-02         6.2590889121527704e-06         9.1426039614350732e-06         3.2133111838986445e-03        -1.0266502290447102e-06        -1.2360729747670132e-06
10                                    -1.0290361684596516e-02         6.2590889121527704e-06         1.3558150202219690e-01         1.3525851953425827e-01         6.5686372152198555e-07         1.2741097371474360e-02         1.4535357376459088e-02
11                                     5.8199653865916067e-03         9.1426039614350732e-06         1.3525851953425827e-01         2.6010436050028790e-01        -6.7113590661282774e-07        -1.4533631046432259e-02        -1.5697224260268410e-02
12                                    -1.5555433427219659e-02         3.2133111838986445e-03         6.5686372152198555e-07        -6.7113590661282774e-07         5.4428491653582267e-02        -8.5462373856117585e-06         1.3643992075508142e-05
13                                     1.0288296007006323e-02        -1.0266502290447102e-06         1.2741097371474360e-02        -1.4533631046432259e-02        -8.5462373856117585e-06         1.3559827127506777e-01        -1.3526635336720505e-01
14                                     5.8217346025709431e-03        -1.2360729747670132e-06         1.4535357376459088e-02        -1.5697224260268410e-02         1.3643992075508142e-05        -1.3526635336720505e-01         2.6008804566790011e-01
   &MODES [&Type "ArrayOfDoubles", &Dim (15,15)] "The modes of vibrations"
                                                         0                           1                           2                           3                           4                           5                           6                           7

0                                      0.0000000000000000e+00         0.0000000000000000e+00         0.0000000000000000e+00         0.0000000000000000e+00         0.0000000000000000e+00         0.0000000000000000e+00         8.0875424552537825e-07         2.4737793157630242e-01
1                                      0.0000000000000000e+00         0.0000000000000000e+00         0.0000000000000000e+00         0.0000000000000000e+00         0.0000000000000000e+00         0.0000000000000000e+00        -8.7265916979233249e-02        -5.1683168280993808e-05
2                                      0.0000000000000000e+00         0.0000000000000000e+00         0.0000000000000000e+00         0.0000000000000000e+00         0.0000000000000000e+00         0.0000000000000000e+00        -2.7406230778931918e-06        -1.2966051763012910e-05
3                                      0.0000000000000000e+00         0.0000000000000000e+00         0.0000000000000000e+00         0.0000000000000000e+00         0.0000000000000000e+00         0.0000000000000000e+00        -1.1081585018550273e-01        -4.5872677470105573e-02
4                                      0.0000000000000000e+00         0.0000000000000000e+00         0.0000000000000000e+00         0.0000000000000000e+00         0.0000000000000000e+00         0.0000000000000000e+00         1.7348513334042606e-02        -3.2775623862190649e-02
5                                      0.0000000000000000e+00         0.0000000000000000e+00         0.0000000000000000e+00         0.0000000000000000e+00         0.0000000000000000e+00         0.0000000000000000e+00         6.4641053988065617e-06         1.3666798568131944e-06
6                                      0.0000000000000000e+00         0.0000000000000000e+00         0.0000000000000000e+00         0.0000000000000000e+00         0.0000000000000000e+00         0.0000000000000000e+00         1.1081547367792922e-01        -4.5893671392336043e-02
7                                      0.0000000000000000e+00         0.0000000000000000e+00         0.0000000000000000e+00         0.0000000000000000e+00         0.0000000000000000e+00         0.0000000000000000e+00         1.7352978891441516e-02         3.2795443699581928e-02
8                                      0.0000000000000000e+00         0.0000000000000000e+00         0.0000000000000000e+00         0.0000000000000000e+00         0.0000000000000000e+00         0.0000000000000000e+00        -5.3696954798971297e-06         3.4653717091130641e-06
9                                      0.0000000000000000e+00         0.0000000000000000e+00         0.0000000000000000e+00         0.0000000000000000e+00         0.0000000000000000e+00         0.0000000000000000e+00         1.8065762590544873e-06         1.3994879665701590e-01
10                                     0.0000000000000000e+00         0.0000000000000000e+00         0.0000000000000000e+00         0.0000000000000000e+00         0.0000000000000000e+00         0.0000000000000000e+00        -9.0337712848466728e-02        -3.9448659444511305e-05
11                                     0.0000000000000000e+00         0.0000000000000000e+00         0.0000000000000000e+00         0.0000000000000000e+00         0.0000000000000000e+00         0.0000000000000000e+00        -1.4153691704766778e-04        -1.5561812426747528e-05
12                                     0.0000000000000000e+00         0.0000000000000000e+00         0.0000000000000000e+00         0.0000000000000000e+00         0.0000000000000000e+00         0.0000000000000000e+00         1.7989552474319839e-06         1.3994805855843645e-01
13                                     0.0000000000000000e+00         0.0000000000000000e+00         0.0000000000000000e+00         0.0000000000000000e+00         0.0000000000000000e+00         0.0000000000000000e+00        -9.0337956826650662e-02        -4.1807452470127617e-05
14                                     0.0000000000000000e+00         0.0000000000000000e+00         0.0000000000000000e+00         0.0000000000000000e+00         0.0000000000000000e+00         0.0000000000000000e+00         1.3570111241837418e-04         1.0995087795485191e-07
                                                         8                           9                          10                          11                          12                          13                          14

0                                      5.4496309325029547e-05         7.0441169917492400e-06        -1.9223553574145922e-07         7.9237780093740426e-02         1.8278499394129851e-07         9.3750227456617049e-07        -5.2677567439172453e-06
1                                      2.3418517694893021e-01        -4.6450836522600207e-06        -8.8066663010034827e-07         7.1154463820996678e-07        -7.2665647572026315e-02        -6.1193883610953057e-02         3.5338466592575775e-06
2                                      7.5157758542137843e-06         1.4327015867759987e-01         1.1511118241322172e-06        -4.1449375471957415e-06        -2.2472662422505915e-06        -2.8661603313191116e-06        -9.4598367781133674e-02
3                                     -4.2540748402406861e-02        -8.3663449773625179e-07        -4.9020596593167464e-07         5.7076520489406958e-03        -3.7601269039581756e-03        -2.6771516825973337e-04         1.4648474331811082e-08
4                                     -4.4905113521742424e-02         6.5924766792802622e-07         5.2180399616269916e-07         1.1627736800662418e-02        -3.5327415084912025e-03         4.1598154790971115e-05        -2.0760606668538432e-09
5                                      7.9480631199834651e-07        -1.7998748326765002e-02        -1.2119413678529051e-02         1.5658323701147117e-08         1.0423978030580836e-07         2.9873278258462312e-08         1.8372975823792038e-04
6                                      4.2520570394000493e-02        -9.3690768724731786e-07         5.3425951216036631e-07         5.7084514951048874e-03         3.7602741937547094e-03         2.6772336691020853e-04         7.7186377650235097e-09
7                                     -4.4887155922278363e-02         5.3238365624944727e-07        -2.3998492704438250e-07        -1.1627625551684249e-02        -3.5324315058796944e-03         4.1602686906993036e-05        -7.0784228924394920e-09
8                                     -3.6684163136180652e-06        -1.7998746319737753e-02         1.2119192464788915e-02        -6.9103457806038349e-07        -3.2240545263919304e-07        -1.9105602651016386e-08         1.8372243411552566e-04
9                                      3.4175883728057330e-05        -2.7319004054714295e-05         7.0061854282189551e-01        -6.7284679793260982e-01        -2.6290800564028915e-05         2.6376065279018779e-05         2.5121042895806507e-05
10                                     1.8383233066276056e-01         5.6010440935068817e-01         1.7933620049990711e-05        -4.4743002722807209e-06         5.5718881805282461e-01         3.6310584807255181e-01         3.6372361815951271e-01
11                                     3.1290317458187319e-02        -2.2051797556705746e-01        -4.2159287740072445e-05         3.3505318750887201e-05        -3.9137806024817406e-01         5.8470717351273083e-01         5.5714489841258108e-01
12                                     2.6157212232254984e-05         5.7619622852068746e-06        -7.0061780164069987e-01        -6.7284774140564807e-01         1.8932372271410233e-05        -3.7835397198674043e-05         3.6861144629771963e-05
13                                     1.8383351087024541e-01        -5.6009097165782029e-01        -1.7351918227724921e-05        -7.9170416646600395e-06         5.5716502308417848e-01         3.6313424777113756e-01        -3.6376540434832089e-01
14                                    -3.1278803458581632e-02        -2.2055216151051119e-01         3.6223460963643248e-05         3.9638490004317519e-05         3.9141251118311171e-01        -5.8467339999553225e-01         5.5713457861488880e-01
$End
