*************************************************
******************* ORCA 6.0.0 ******************
*************************************************
$Calculation_Status
   &GeometryIndex 1
   &ListStatus       OUT
   &VERSION [&Type "String"] "6.0.0"
   &PROGNAME [&Type "String"] "LeanSCF"
   &STATUS [&Type "String"] "NORMAL TERMINATION"
$End
$Geometry
   &GeometryIndex 1
   &ListStatus       OUT
   &NATOMS [&Type "Integer"] 5
   &NCORELESSECP [&Type "Integer"] 0
   &NGHOSTATOMS [&Type "Integer"] 0
   &CartesianCoordinates [&Type "Coordinates", &Dim(5,4), &Units "Bohr"] 
              C     -0.000046420367    1.547514224452    0.000036898792
              Cl    -2.818969082195   -0.334119687936   -0.000044277417
              Cl     2.818944641989   -0.334050798537   -0.000039143976
              H     -0.000055034494    2.696699739742    1.707973104328
              H     -0.000051811377    2.696838488348   -1.707806427460
$End
$SCF_Energy
   &GeometryIndex 1
   &ListStatus       OUT
   &SCF_ENERGY [&Type "Double"]      -9.5965984424332282e+02
$End
$DFT_Energy
   &GeometryIndex 1
   &ListStatus       OUT
   &NALPHAEL [&Type "Integer"] 21
   &NBETAEL [&Type "Integer"] 21
   &NTOTALEL [&Type "Integer"] 42
   &EEXCHANGE [&Type "Double"]      -6.1009530099877388e+01
   &ECORR [&Type "Double"]      -1.5679627866280414e+00
   &ECNL [&Type "Double"]       0.0000000000000000e+00
   &EXC [&Type "Double"]      -6.2577492886505432e+01
   &EEMBED [&Type "Double"]       0.0000000000000000e+00
   &FINALEN [&Type "Double"]      -9.5965984424332282e+02  "No Van der Waals correction"
$End
$Mulliken_Population_Analysis
   &GeometryIndex 1
   &ListStatus       OUT
   &NATOMS [&Type "Integer"] 5
   &ATNO [&Type "ArrayOfIntegers", &Dim (5,1)] 
                                                         0

0                                                        6
1                                                       17
2                                                       17
3                                                        1
4                                                        1
   &ATOMICCHARGES [&Type "ArrayOfDoubles", &Dim (5,1)] 
                                                         0

0                                     -5.9588615476051210e-02
1                                     -1.1842125648334800e-01
2                                     -1.1842737084153754e-01
3                                      1.4821868532165128e-01
4                                      1.4821855747933610e-01
$End
$Loewdin_Population_Analysis
   &GeometryIndex 1
   &ListStatus       OUT
   &NATOMS [&Type "Integer"] 5
   &ATNO [&Type "ArrayOfIntegers", &Dim (5,1)] 
                                                         0

0                                                        6
1                                                       17
2                                                       17
3                                                        1
4                                                        1
   &ATOMICCHARGES [&Type "ArrayOfDoubles", &Dim (5,1)] 
                                                         0

0                                     -7.4434717046689070e-01
1                                      2.6374540107889288e-01
2                                      2.6373439377625374e-01
3                                      1.0843365401224292e-01
4                                      1.0843372159955766e-01
$End
$Mayer_Population_Analysis
   &GeometryIndex 1
   &ListStatus       OUT
   &NATOMS [&Type "Integer"] 5 "Total number of atoms"
   &BONDTHRESH [&Type "Double"]       1.0000000000000001e-01  "The threshold for printing"
   &NBONDORDERSPRINT [&Type "Integer"] 4 "The number of bond orders larger than threshold"
   &BONDORDERS [&Type "ArrayOfDoubles", &Dim (4,1)] "The bond orders"
                                                         0

0                                      1.0872802929373326e+00
1                                      1.0872731318255522e+00
2                                      9.5465456133723814e-01
3                                      9.5465470527879426e-01
   &COMPONENTS [&Type "ArrayOfIntegers", &Dim (4,4)] "The indices and atomic numbers of the bonding atoms"
                                                         0                           1                           2                           3

0                                                        0                           6                           1                          17
1                                                        0                           6                           2                          17
2                                                        0                           6                           3                           1
3                                                        0                           6                           4                           1
   &ATNO [&Type "ArrayOfIntegers", &Dim (5,1)] "Atomic number of the elements"
                                                         0

0                                                        6
1                                                       17
2                                                       17
3                                                        1
4                                                        1
   &NA [&Type "ArrayOfDoubles", &Dim (5,1)] "Mulliken gross atomic population"
                                                         0

0                                      6.0595886154760432e+00
1                                      1.7118421256483344e+01
2                                      1.7118427370841562e+01
3                                      8.5178131467834894e-01
4                                      8.5178144252066512e-01
   &ZA [&Type "ArrayOfDoubles", &Dim (5,1)] "Total nuclear charge"
                                                         0

0                                      6.0000000000000000e+00
1                                      1.7000000000000000e+01
2                                      1.7000000000000000e+01
3                                      1.0000000000000000e+00
4                                      1.0000000000000000e+00
   &QA [&Type "ArrayOfDoubles", &Dim (5,1)] "Mulliken gross atomic charge"
                                                         0

0                                     -5.9588615476043216e-02
1                                     -1.1842125648334445e-01
2                                     -1.1842737084156241e-01
3                                      1.4821868532165106e-01
4                                      1.4821855747933488e-01
   &VA [&Type "ArrayOfDoubles", &Dim (5,1)] "Mayer's total valence"
                                                         0

0                                      4.0838626913789415e+00
1                                      1.1492160701927083e+00
2                                      1.1492083215379871e+00
3                                      9.6528357816808585e-01
4                                      9.6528369711734086e-01
   &BVA [&Type "ArrayOfDoubles", &Dim (5,1)] "Mayer's bonded valence"
                                                         0

0                                      4.0838626913789176e+00
1                                      1.1492160701927203e+00
2                                      1.1492083215378792e+00
3                                      9.6528357816807686e-01
4                                      9.6528369711733530e-01
   &FA [&Type "ArrayOfDoubles", &Dim (5,1)] "Mayer's free valence"
                                                         0

0                                      0.0000000000000000e+00
1                                      0.0000000000000000e+00
2                                      0.0000000000000000e+00
3                                      0.0000000000000000e+00
4                                      0.0000000000000000e+00
$End
$VdW_Correction
   &GeometryIndex 1
   &ListStatus       OUT
   &VDW [&Type "Double"]      -9.5506627820368564e-04
$End
$Calculation_Info
   &GeometryIndex 1
   &ListStatus       OUT
   &MULT [&Type "Integer"] 1
   &CHARGE [&Type "Integer"] 0
   &NUMOFATOMS [&Type "Integer"] 5
   &NUMOFELECTRONS [&Type "Integer"] 42
   &NUMOFFCELECTRONS [&Type "Integer"] 1
   &NUMOFCORRELECTRONS [&Type "Integer"] 0
   &NUMOFBASISFUNCTS [&Type "Integer"] 117
   &NUMOFAUXCBASISFUNCTS [&Type "Integer"] 0
   &NUMOFAUXJBASISFUNCTS [&Type "Integer"] 136
   &NUMOFAUXJKBASISFUNCTS [&Type "Integer"] 0
   &NUMOFCABSBASISFUNCTS [&Type "Integer"] 0
   &TOTALENERGY [&Type "Double"]      -9.5965404806850097e+02  "Hartrees"
$End
$SCF_Dipole_Moment
   &GeometryIndex 1
   &ListStatus       OUT
   &METHOD [&Type "String"] "SCF"
   &LEVEL [&Type "String"] "Relaxed density"
   &MULT [&Type "Integer"] 1
   &STATE [&Type "Integer"] -1
   &IRREP [&Type "Integer"] 0
   &NATOMS [&Type "Integer"] 5
   &DODIPOLEATOM [&Type "Boolean"] false
   &DIPOLEELECCONTRIB [&Type "ArrayOfDoubles", &Dim (3,1)] "Electronic contribution"
                                                         0

0                                      1.9443441396263947e-05
1                                     -2.4730743596194458e+00
2                                     -1.0204566436368564e-04
   &DIPOLENUCCONTRIB [&Type "ArrayOfDoubles", &Dim (3,1)] "Nuclear contribution"
                                                         0

0                                     -4.3397580265961127e-05
1                                      3.1539507727300649e+00
2                                      1.3018701802924859e-04
   &DIPOLETOTAL [&Type "ArrayOfDoubles", &Dim (3,1)] "Total"
                                                         0

0                                     -2.3954138869697179e-05
1                                      6.8087641311061908e-01
2                                      2.8141353665562955e-05
   &DIPOLEMAGNITUDE [&Type "Double", &Units "a.u."]       6.8087641411354460e-01
$End
$THERMOCHEMISTRY_Energies
   &GeometryIndex 1
   &ListStatus       OUT
   &TEMPERATURE [&Type "Double"]       2.9814999999999998e+02
   &PRESSURE [&Type "Double"]       1.0000000000000000e+00
   &TOTALMASS [&Type "Double"]       8.4933000000000007e+01
   &SPINDEGENERACY [&Type "Integer"] 1
   &ELENERGY [&Type "Double"]      -9.5965404806850097e+02
   &TRANSENERGY [&Type "Double"]       1.4162714244859817e-03
   &ROTENERGY [&Type "Double"]       1.4162714244859817e-03
   &VIBENERGY [&Type "Double"]       7.7750326411469498e-04
   &NUMOFFREQS [&Type "Integer"] 15
   &FREQSCALINGFACTOR [&Type "Double"]       1.0000000000000000e+00
   &FREQ [&Type "ArrayOfDoubles", &Dim (15,1)] "In cm^-1"
                                                         0

0                                      0.0000000000000000e+00
1                                      0.0000000000000000e+00
2                                      0.0000000000000000e+00
3                                      0.0000000000000000e+00
4                                      0.0000000000000000e+00
5                                      0.0000000000000000e+00
6                                      2.7815809725975248e+02
7                                      6.7344702674390044e+02
8                                      6.8801377661132858e+02
9                                      9.1067717375323582e+02
10                                     1.1761575294330769e+03
11                                     1.2892093581686588e+03
12                                     1.4553180379375688e+03
13                                     3.0832570891806549e+03
14                                     3.1696780617577929e+03
   &ZPE [&Type "Double"]       2.8987213895806128e-02
   &INNERENERGYU [&Type "Double"]      -9.5962145080849223e+02
   &ENTHALPYH [&Type "Double"]      -9.5962050659944998e+02
   &QEL [&Type "Double"]       0.0000000000000000e+00
   &QROT [&Type "Double"]       1.0990029454990257e-02
   &QVIB [&Type "Double"]       1.1557964681587546e-03
   &QTRANS [&Type "Double"]       1.8639954408443959e-02
   &ENTROPYS [&Type "Double"]       3.0785780331592974e-02
   &FREEENERGYG [&Type "Double"]      -9.5965129237978158e+02
   &ISLINEAR [&Type "Boolean"] false
$End
$Hessian
   &GeometryIndex 1
   &ListStatus       OUT
   &HESSIAN [&Type "ArrayOfDoubles", &Dim (15,15)] "The Hessian"
                                                         0                           1                           2                           3                           4                           5                           6                           7

0                                      2.0897562260948990e-01         2.5631606552508496e-06        -3.5486299703587376e-07        -7.1154134746093611e-02        -3.3166394893452286e-02        -1.3462822888236280e-06        -7.1151125196112608e-02         3.3162971032450188e-02
1                                      2.5631606552508496e-06         4.0192198493617115e-01        -7.0591946032538821e-06        -5.3116332940918824e-02        -7.3392867445170887e-02        -1.5136252420533174e-06         5.3112547531911074e-02        -7.3388050295730034e-02
2                                     -3.5486299703587376e-07        -7.0591946032538821e-06         5.8520714291147358e-01        -2.1969964736831381e-06        -1.4902952732177062e-06        -3.9306137546716344e-02         2.1364682159775351e-06        -1.4243429078556362e-06
3                                     -7.1154134746093611e-02        -5.3116332940918824e-02        -2.1969964736831381e-06         1.3696925207770305e-01         7.4784609142539787e-02         3.1348408724687828e-06        -4.0588144511597458e-02         8.5950261149437407e-04
4                                     -3.3166394893452286e-02        -7.3392867445170887e-02        -1.4902952732177062e-06         7.4784609142539787e-02         8.1355592285684647e-02         2.4540891274545899e-06        -8.6096561622645007e-04         1.3641628398569066e-02
5                                     -1.3462822888236280e-06        -1.5136252420533174e-06        -3.9306137546716344e-02         3.1348408724687828e-06         2.4540891274545899e-06         2.4148395902671111e-02        -4.0272941973441660e-08         4.0076487291901898e-07
6                                     -7.1151125196112608e-02         5.3112547531911074e-02         2.1364682159775351e-06        -4.0588144511597458e-02        -8.6096561622645007e-04        -4.0272941973441660e-08         1.3696785441601325e-01        -7.4779327871781959e-02
7                                      3.3162971032450188e-02        -7.3388050295730034e-02        -1.4243429078556362e-06         8.5950261149437407e-04         1.3641628398569066e-02         4.0076487291901898e-07        -7.4779327871781959e-02         8.1349185436806096e-02
8                                      1.2893209855578922e-06        -1.4125156125580811e-06        -3.9306019887966399e-02        -3.6328762599532267e-08         4.0150767335713125e-07         3.3813818828423645e-03        -2.9315483175550595e-06         2.3139988365699759e-06
9                                     -3.3335166025032316e-02         7.3202515373841020e-07         1.1508684018821608e-06        -1.2613458168523438e-02        -2.0336780554692416e-02        -1.5788490124646223e-02        -1.2614286246828192e-02         2.0336569493508348e-02
10                                     5.5193934643394182e-07        -1.2756018302511840e-01        -1.2878510518424963e-01        -1.1305094946651372e-02        -1.0801874135037266e-02        -1.0420692399478461e-02         1.1305099663198967e-02        -1.0801078317547813e-02
11                                     1.1006930929503860e-06        -1.2699507619605305e-01        -2.5330804859453404e-01         1.2794237819053304e-03         3.4031116184007979e-03         5.8879148609633537e-03        -1.2795515869956711e-03         3.4030713781604723e-03
12                                    -3.3335196642251375e-02         4.9081488974435555e-07        -7.3604035138140768e-07        -1.2613514651488560e-02        -2.0338100820233455e-02         1.5786789739012833e-02        -1.2614298461474993e-02         2.0337910095795522e-02
13                                     3.0816930943048255e-07        -1.2758088417015187e-01         1.2879508400980311e-01        -1.1305051124399139e-02        -1.0802479104045573e-02         1.0419378118547529e-02         1.1305020931431920e-02        -1.0801685222097318e-02
14                                    -6.8830558840805281e-07         1.2700505653874178e-01        -2.5328693688225673e-01        -1.2803731975497973e-03        -3.4045038677557801e-03         5.8884449002395145e-03         1.2804336946366582e-03        -3.4043879447401421e-03
                                                         8                           9                          10                          11                          12                          13                          14

0                                      1.2893209855578922e-06        -3.3335166025032316e-02         5.5193934643394182e-07         1.1006930929503860e-06        -3.3335196642251375e-02         3.0816930943048255e-07        -6.8830558840805281e-07
1                                     -1.4125156125580811e-06         7.3202515373841020e-07        -1.2756018302511840e-01        -1.2699507619605305e-01         4.9081488974435555e-07        -1.2758088417015187e-01         1.2700505653874178e-01
2                                     -3.9306019887966399e-02         1.1508684018821608e-06        -1.2878510518424963e-01        -2.5330804859453404e-01        -7.3604035138140768e-07         1.2879508400980311e-01        -2.5328693688225673e-01
3                                     -3.6328762599532267e-08        -1.2613458168523438e-02        -1.1305094946651372e-02         1.2794237819053304e-03        -1.2613514651488560e-02        -1.1305051124399139e-02        -1.2803731975497973e-03
4                                      4.0150767335713125e-07        -2.0336780554692416e-02        -1.0801874135037266e-02         3.4031116184007979e-03        -2.0338100820233455e-02        -1.0802479104045573e-02        -3.4045038677557801e-03
5                                      3.3813818828423645e-03        -1.5788490124646223e-02        -1.0420692399478461e-02         5.8879148609633537e-03         1.5786789739012833e-02         1.0419378118547529e-02         5.8884449002395145e-03
6                                     -2.9315483175550595e-06        -1.2614286246828192e-02         1.1305099663198967e-02        -1.2795515869956711e-03        -1.2614298461474993e-02         1.1305020931431920e-02         1.2804336946366582e-03
7                                      2.3139988365699759e-06         2.0336569493508348e-02        -1.0801078317547813e-02         3.4030713781604723e-03         2.0337910095795522e-02        -1.0801685222097318e-02        -3.4043879447401421e-03
8                                      2.4148549491335186e-02         1.5788574048836101e-02        -1.0420173945673525e-02         5.8878030701839876e-03        -1.5786942247338939e-02         1.0418897100554193e-02         5.8882854436048595e-03
9                                      1.5788574048836101e-02         5.5395518740662869e-02        -4.3596164165767764e-07        -1.1203714930502614e-06         3.1673916997210774e-03        -8.8417435475340497e-08        -1.1669615521705720e-07
10                                    -1.0420173945673525e-02        -4.3596164165767764e-07         1.3643164980145656e-01         1.3490626476446022e-01        -1.1727914490997268e-07         1.2731485676246932e-02         1.4571512951669509e-02
11                                     5.8878030701839876e-03        -1.1203714930502614e-06         1.3490626476446022e-01         2.5767166288917170e-01         1.4975854694554066e-07        -1.4569177751696579e-02        -1.6139332225784987e-02
12                                    -1.5786942247338939e-02         3.1673916997210774e-03        -1.1727914490997268e-07         1.4975854694554066e-07         5.5395618055493853e-02        -1.8618510681873351e-07         7.4164739365426603e-07
13                                     1.0418897100554193e-02        -8.8417435475340497e-08         1.2731485676246932e-02        -1.4569177751696579e-02        -1.8618510681873351e-07         1.3645356282004784e-01        -1.3491592957756182e-01
14                                     5.8882854436048595e-03        -1.1669615521705720e-07         1.4571512951669509e-02        -1.6139332225784987e-02         7.4164739365426603e-07        -1.3491592957756182e-01         2.5764953876419733e-01
   &MODES [&Type "ArrayOfDoubles", &Dim (15,15)] "The modes of vibrations"
                                                         0                           1                           2                           3                           4                           5                           6                           7

0                                      0.0000000000000000e+00         0.0000000000000000e+00         0.0000000000000000e+00         0.0000000000000000e+00         0.0000000000000000e+00         0.0000000000000000e+00         1.0551727010629156e-07         2.4766805995086241e-01
1                                      0.0000000000000000e+00         0.0000000000000000e+00         0.0000000000000000e+00         0.0000000000000000e+00         0.0000000000000000e+00         0.0000000000000000e+00        -8.9075741457112639e-02        -1.2152738521147566e-04
2                                      0.0000000000000000e+00         0.0000000000000000e+00         0.0000000000000000e+00         0.0000000000000000e+00         0.0000000000000000e+00         0.0000000000000000e+00        -3.6690059053050446e-06         2.1556212779802986e-07
3                                      0.0000000000000000e+00         0.0000000000000000e+00         0.0000000000000000e+00         0.0000000000000000e+00         0.0000000000000000e+00         0.0000000000000000e+00        -1.1047909114706281e-01        -4.5918302549259327e-02
4                                      0.0000000000000000e+00         0.0000000000000000e+00         0.0000000000000000e+00         0.0000000000000000e+00         0.0000000000000000e+00         0.0000000000000000e+00         1.7700700956623280e-02        -3.2267529957406546e-02
5                                      0.0000000000000000e+00         0.0000000000000000e+00         0.0000000000000000e+00         0.0000000000000000e+00         0.0000000000000000e+00         0.0000000000000000e+00         6.3171405085166618e-07        -1.3896691653657932e-06
6                                      0.0000000000000000e+00         0.0000000000000000e+00         0.0000000000000000e+00         0.0000000000000000e+00         0.0000000000000000e+00         0.0000000000000000e+00         1.1047899182517304e-01        -4.5964342416444641e-02
7                                      0.0000000000000000e+00         0.0000000000000000e+00         0.0000000000000000e+00         0.0000000000000000e+00         0.0000000000000000e+00         0.0000000000000000e+00         1.7703050537792659e-02         3.2314100042966053e-02
8                                      0.0000000000000000e+00         0.0000000000000000e+00         0.0000000000000000e+00         0.0000000000000000e+00         0.0000000000000000e+00         0.0000000000000000e+00         8.3286147085075343e-07         1.3092824833812790e-06
9                                      0.0000000000000000e+00         0.0000000000000000e+00         0.0000000000000000e+00         0.0000000000000000e+00         0.0000000000000000e+00         0.0000000000000000e+00         1.1175867545223482e-06         1.4026520694950451e-01
10                                     0.0000000000000000e+00         0.0000000000000000e+00         0.0000000000000000e+00         0.0000000000000000e+00         0.0000000000000000e+00         0.0000000000000000e+00        -9.1904823560700399e-02        -9.4952848209091433e-05
11                                     0.0000000000000000e+00         0.0000000000000000e+00         0.0000000000000000e+00         0.0000000000000000e+00         0.0000000000000000e+00         0.0000000000000000e+00        -3.3766495866255293e-04        -1.6785424457181479e-05
12                                     0.0000000000000000e+00         0.0000000000000000e+00         0.0000000000000000e+00         0.0000000000000000e+00         0.0000000000000000e+00         0.0000000000000000e+00         1.1184162485118889e-06         1.4026489612519330e-01
13                                     0.0000000000000000e+00         0.0000000000000000e+00         0.0000000000000000e+00         0.0000000000000000e+00         0.0000000000000000e+00         0.0000000000000000e+00        -9.1905167600161555e-02        -9.4912052154273456e-05
14                                     0.0000000000000000e+00         0.0000000000000000e+00         0.0000000000000000e+00         0.0000000000000000e+00         0.0000000000000000e+00         0.0000000000000000e+00         3.2987213520771768e-04         1.7044186678743855e-05
                                                         8                           9                          10                          11                          12                          13                          14

0                                      1.2859306633167085e-04         1.2108789340260870e-07        -4.3220103219016594e-07        -7.9171326324760580e-02        -7.7794806608093471e-07         3.2827123707472197e-07         8.8705798603252281e-08
1                                      2.3341574933469456e-01         5.9384161827561355e-06         1.3526775112807678e-08         1.9391135976425078e-07        -7.2624526104402468e-02        -6.1573463560759892e-02         3.2719480365694701e-06
2                                      9.6576619647807005e-06        -1.4471993255151511e-01         1.4063944697657721e-06        -7.0874699028496304e-08        -3.0893140451635051e-06        -1.6779428572490607e-06        -9.4333749138006601e-02
3                                     -4.3422791721405875e-02        -2.6627805402347472e-08        -6.3119511202124923e-09        -5.7203712412613019e-03        -3.7435350478773354e-03        -2.7804895220118290e-04        -1.0554328682710107e-09
4                                     -4.4780046525313762e-02        -7.3224332968118051e-07         4.4203018302325055e-07        -1.1618236489098967e-02        -3.4900568075412813e-03         3.9438551608336791e-05        -4.5045592950369707e-09
5                                     -1.8978918292208007e-06         1.8225056159600628e-02        -1.2069360553243478e-02        -4.2395213273493749e-07        -1.2869942172240721e-07         1.8956175542646113e-09         1.8519757986179303e-04
6                                      4.3375088967583367e-02        -3.6310968482237163e-09        -2.3990583320478375e-08        -5.7210073870352538e-03         3.7436216846137333e-03         2.7806202072606993e-04         7.1466993491912262e-10
7                                     -4.4744346527872951e-02        -7.3455329365340080e-07        -4.4619487348232766e-07         1.1618257963962859e-02        -3.4897878828053044e-03         3.9436621245113349e-05        -4.4709331935558910e-09
8                                     -1.8185878039794686e-06         1.8225067378850362e-02         1.2069078913039396e-02         4.1264615563239650e-07        -1.2137363321300171e-07         2.7180515150199313e-09         1.8519295572285577e-04
9                                      7.2691807790311704e-05         1.2065399161188852e-05         7.0065168837405523e-01         6.7289255733630315e-01         3.4975897996361664e-06        -2.7265124061704111e-06        -2.8039634031381423e-06
10                                     1.8370476441143929e-01        -5.5735526692428505e-01         1.1704943515363685e-05        -1.5098840853323231e-06         5.5544679615033121e-01         3.6543062239117746e-01         3.6661339994790215e-01
11                                     3.1102750097395188e-02         2.2119045354162023e-01        -2.7625206547581538e-06         4.5005201278410302e-06        -3.9390982760454796e-01         5.8300375865108389e-01         5.5553158620894649e-01
12                                     7.2818521137492216e-05        -1.2443988274299143e-05        -7.0064547261775456e-01         6.7289910634990435e-01         2.7250312382333578e-06        -1.6447021189309040e-06         1.7589591585848219e-06
13                                     1.8370767770722396e-01         5.5733609631309078e-01        -1.1719645226744723e-05        -1.5560064817588798e-06         5.5541591897549780e-01         3.6548456543135588e-01        -3.6665207173335057e-01
14                                    -3.1087113019441965e-02         2.2123502271586412e-01        -4.0898740091438479e-06        -3.2583506672448530e-06         3.9395543434166436e-01        -5.8298392710024227e-01         5.5549143486100794e-01
$End
