*************************************************
******************* ORCA 6.0.0 ******************
*************************************************
$Calculation_Status
   &GeometryIndex 1
   &ListStatus       OUT
   &VERSION [&Type "String"] "6.0.0"
   &PROGNAME [&Type "String"] "LeanSCF"
   &STATUS [&Type "String"] "NORMAL TERMINATION"
$End
$Geometry
   &GeometryIndex 1
   &ListStatus       OUT
   &NATOMS [&Type "Integer"] 11
   &NCORELESSECP [&Type "Integer"] 0
   &NGHOSTATOMS [&Type "Integer"] 0
   &CartesianCoordinates [&Type "Coordinates", &Dim(11,4), &Units "Bohr"] 
              C     -2.220064822282   -2.391229187223   -0.250462032607
              C     -1.035854825949   -0.000019344937    0.762364559683
              C     -2.220301678665    2.391071377894   -0.250467127119
              Cl     2.399423150099    0.000147086456   -0.094876080475
              H     -4.206293163968   -2.431090781730    0.335952873842
              H     -2.153765138830   -2.435417583535   -2.316105313261
              H     -1.293118992404   -4.078695662146    0.494251356441
              H     -1.006857015841   -0.000015998421    2.825713761187
              H     -2.153992629164    2.435268196527   -2.316109590467
              H     -1.293529531438    4.078630192207    0.494251660876
              H     -4.206537772009    2.430731051007    0.335936046398
$End
$SCF_Energy
   &GeometryIndex 1
   &ListStatus       OUT
   &SCF_ENERGY [&Type "Double"]      -5.7869321457174010e+02
$End
$DFT_Energy
   &GeometryIndex 1
   &ListStatus       OUT
   &NALPHAEL [&Type "Integer"] 21
   &NBETAEL [&Type "Integer"] 21
   &NTOTALEL [&Type "Integer"] 42
   &EEXCHANGE [&Type "Double"]      -4.5632400536488447e+01
   &ECORR [&Type "Double"]      -1.4206113479406319e+00
   &ECNL [&Type "Double"]       0.0000000000000000e+00
   &EXC [&Type "Double"]      -4.7053011884429083e+01
   &EEMBED [&Type "Double"]       0.0000000000000000e+00
   &FINALEN [&Type "Double"]      -5.7869321457174010e+02  "No Van der Waals correction"
$End
$Mulliken_Population_Analysis
   &GeometryIndex 1
   &ListStatus       OUT
   &NATOMS [&Type "Integer"] 11
   &ATNO [&Type "ArrayOfIntegers", &Dim (11,1)] 
                                                         0

0                                                        6
1                                                        6
2                                                        6
3                                                       17
4                                                        1
5                                                        1
6                                                        1
7                                                        1
8                                                        1
9                                                        1
10                                                       1
   &ATOMICCHARGES [&Type "ArrayOfDoubles", &Dim (11,1)] 
                                                         0

0                                     -3.0328864913479592e-01
1                                      5.6097509655332445e-02
2                                     -3.0329044772013347e-01
3                                     -2.2493088935398831e-01
4                                      1.0287117306673466e-01
5                                      1.1157810703993742e-01
6                                      1.2352404649551763e-01
7                                      9.9464834675481173e-02
8                                      1.1157835378088787e-01
9                                      1.2352446646435622e-01
10                                     1.0287149503089410e-01
$End
$Loewdin_Population_Analysis
   &GeometryIndex 1
   &ListStatus       OUT
   &NATOMS [&Type "Integer"] 11
   &ATNO [&Type "ArrayOfIntegers", &Dim (11,1)] 
                                                         0

0                                                        6
1                                                        6
2                                                        6
3                                                       17
4                                                        1
5                                                        1
6                                                        1
7                                                        1
8                                                        1
9                                                        1
10                                                       1
   &ATOMICCHARGES [&Type "ArrayOfDoubles", &Dim (11,1)] 
                                                         0

0                                     -3.0968414274968037e-01
1                                     -4.7361617785699472e-01
2                                     -3.0968394889506179e-01
3                                      1.9973199628695681e-01
4                                      1.2784326187893891e-01
5                                      1.2528189546330826e-01
6                                      1.2494657612991189e-01
7                                      1.3710876126772775e-01
8                                      1.2528187571622096e-01
9                                      1.2494653618094886e-01
10                                     1.2784336657793927e-01
$End
$Mayer_Population_Analysis
   &GeometryIndex 1
   &ListStatus       OUT
   &NATOMS [&Type "Integer"] 11 "Total number of atoms"
   &BONDTHRESH [&Type "Double"]       1.0000000000000001e-01  "The threshold for printing"
   &NBONDORDERSPRINT [&Type "Integer"] 10 "The number of bond orders larger than threshold"
   &BONDORDERS [&Type "ArrayOfDoubles", &Dim (10,1)] "The bond orders"
                                                         0

0                                      9.9284980902371156e-01
1                                      9.5348268986049300e-01
2                                      9.6795790577156871e-01
3                                      9.6982353135806709e-01
4                                      9.9284805960785305e-01
5                                      9.7804017257222875e-01
6                                      9.6426280546100385e-01
7                                      9.6795786507359405e-01
8                                      9.6982413851712457e-01
9                                      9.5348275164992646e-01
   &COMPONENTS [&Type "ArrayOfIntegers", &Dim (10,4)] "The indices and atomic numbers of the bonding atoms"
                                                         0                           1                           2                           3

0                                                        0                           6                           1                           6
1                                                        0                           6                           4                           1
2                                                        0                           6                           5                           1
3                                                        0                           6                           6                           1
4                                                        1                           6                           2                           6
5                                                        1                           6                           3                          17
6                                                        1                           6                           7                           1
7                                                        2                           6                           8                           1
8                                                        2                           6                           9                           1
9                                                        2                           6                          10                           1
   &ATNO [&Type "ArrayOfIntegers", &Dim (11,1)] "Atomic number of the elements"
                                                         0

0                                                        6
1                                                        6
2                                                        6
3                                                       17
4                                                        1
5                                                        1
6                                                        1
7                                                        1
8                                                        1
9                                                        1
10                                                       1
   &NA [&Type "ArrayOfDoubles", &Dim (11,1)] "Mulliken gross atomic population"
                                                         0

0                                      6.3032886491347879e+00
1                                      5.9439024903446649e+00
2                                      6.3032904477201344e+00
3                                      1.7224930889354017e+01
4                                      8.9712882693326557e-01
5                                      8.8842189296006158e-01
6                                      8.7647595350448415e-01
7                                      9.0053516532451972e-01
8                                      8.8842164621911202e-01
9                                      8.7647553353564200e-01
10                                     8.9712850496910568e-01
   &ZA [&Type "ArrayOfDoubles", &Dim (11,1)] "Total nuclear charge"
                                                         0

0                                      6.0000000000000000e+00
1                                      6.0000000000000000e+00
2                                      6.0000000000000000e+00
3                                      1.7000000000000000e+01
4                                      1.0000000000000000e+00
5                                      1.0000000000000000e+00
6                                      1.0000000000000000e+00
7                                      1.0000000000000000e+00
8                                      1.0000000000000000e+00
9                                      1.0000000000000000e+00
10                                     1.0000000000000000e+00
   &QA [&Type "ArrayOfDoubles", &Dim (11,1)] "Mulliken gross atomic charge"
                                                         0

0                                     -3.0328864913478792e-01
1                                      5.6097509655335109e-02
2                                     -3.0329044772013436e-01
3                                     -2.2493088935401673e-01
4                                      1.0287117306673443e-01
5                                      1.1157810703993842e-01
6                                      1.2352404649551585e-01
7                                      9.9464834675480285e-02
8                                      1.1157835378088798e-01
9                                      1.2352446646435800e-01
10                                     1.0287149503089432e-01
   &VA [&Type "ArrayOfDoubles", &Dim (11,1)] "Mayer's total valence"
                                                         0

0                                      3.8816933135831624e+00
1                                      3.9540473017044655e+00
2                                      3.8816928297585092e+00
3                                      1.0698598366317567e+00
4                                      9.8115079780869707e-01
5                                      9.9440373382768754e-01
6                                      9.8809354935486537e-01
7                                      9.7145781157306776e-01
8                                      9.9440354228547456e-01
9                                      9.8809327560311300e-01
10                                     9.8115048801912652e-01
   &BVA [&Type "ArrayOfDoubles", &Dim (11,1)] "Mayer's bonded valence"
                                                         0

0                                      3.8816933135831029e+00
1                                      3.9540473017044064e+00
2                                      3.8816928297584510e+00
3                                      1.0698598366315555e+00
4                                      9.8115079780868697e-01
5                                      9.9440373382767600e-01
6                                      9.8809354935484961e-01
7                                      9.7145781157304423e-01
8                                      9.9440354228546268e-01
9                                      9.8809327560311566e-01
10                                     9.8115048801912808e-01
   &FA [&Type "ArrayOfDoubles", &Dim (11,1)] "Mayer's free valence"
                                                         0

0                                      0.0000000000000000e+00
1                                      0.0000000000000000e+00
2                                      0.0000000000000000e+00
3                                      0.0000000000000000e+00
4                                      0.0000000000000000e+00
5                                      0.0000000000000000e+00
6                                      0.0000000000000000e+00
7                                      0.0000000000000000e+00
8                                      0.0000000000000000e+00
9                                      0.0000000000000000e+00
10                                     0.0000000000000000e+00
$End
$VdW_Correction
   &GeometryIndex 1
   &ListStatus       OUT
   &VDW [&Type "Double"]      -2.3188613009453283e-03
$End
$Calculation_Info
   &GeometryIndex 1
   &ListStatus       OUT
   &MULT [&Type "Integer"] 1
   &CHARGE [&Type "Integer"] 0
   &NUMOFATOMS [&Type "Integer"] 11
   &NUMOFELECTRONS [&Type "Integer"] 42
   &NUMOFFCELECTRONS [&Type "Integer"] 1
   &NUMOFCORRELECTRONS [&Type "Integer"] 0
   &NUMOFBASISFUNCTS [&Type "Integer"] 172
   &NUMOFAUXCBASISFUNCTS [&Type "Integer"] 0
   &NUMOFAUXJBASISFUNCTS [&Type "Integer"] 209
   &NUMOFAUXJKBASISFUNCTS [&Type "Integer"] 0
   &NUMOFCABSBASISFUNCTS [&Type "Integer"] 0
   &TOTALENERGY [&Type "Double"]      -5.7868860054964102e+02  "Hartrees"
$End
$SCF_Dipole_Moment
   &GeometryIndex 1
   &ListStatus       OUT
   &METHOD [&Type "String"] "SCF"
   &LEVEL [&Type "String"] "Relaxed density"
   &MULT [&Type "Integer"] 1
   &STATE [&Type "Integer"] -1
   &IRREP [&Type "Integer"] 0
   &NATOMS [&Type "Integer"] 11
   &DODIPOLEATOM [&Type "Boolean"] false
   &DIPOLEELECCONTRIB [&Type "ArrayOfDoubles", &Dim (3,1)] "Electronic contribution"
                                                         0

0                                      8.9513212868753360e+00
1                                      4.3907940836860465e-04
2                                      1.6788085356635835e-01
   &DIPOLENUCCONTRIB [&Type "ArrayOfDoubles", &Dim (3,1)] "Nuclear contribution"
                                                         0

0                                     -9.9037821736472793e+00
1                                     -4.8538525656072196e-04
2                                      7.9037990091256893e-03
   &DIPOLETOTAL [&Type "ArrayOfDoubles", &Dim (3,1)] "Total"
                                                         0

0                                     -9.5246088677194329e-01
1                                     -4.6305848192117302e-05
2                                      1.7578465257548403e-01
   &DIPOLEMAGNITUDE [&Type "Double", &Units "a.u."]       9.6854632674731245e-01
$End
$THERMOCHEMISTRY_Energies
   &GeometryIndex 1
   &ListStatus       OUT
   &TEMPERATURE [&Type "Double"]       2.9814999999999998e+02
   &PRESSURE [&Type "Double"]       1.0000000000000000e+00
   &TOTALMASS [&Type "Double"]       7.8541999999999987e+01
   &SPINDEGENERACY [&Type "Integer"] 1
   &ELENERGY [&Type "Double"]      -5.7868860054964102e+02
   &TRANSENERGY [&Type "Double"]       1.4162714244859817e-03
   &ROTENERGY [&Type "Double"]       1.4162714244859817e-03
   &VIBENERGY [&Type "Double"]       2.4292077199455360e-03
   &NUMOFFREQS [&Type "Integer"] 33
   &FREQSCALINGFACTOR [&Type "Double"]       1.0000000000000000e+00
   &FREQ [&Type "ArrayOfDoubles", &Dim (33,1)] "In cm^-1"
                                                         0

0                                      0.0000000000000000e+00
1                                      0.0000000000000000e+00
2                                      0.0000000000000000e+00
3                                      0.0000000000000000e+00
4                                      0.0000000000000000e+00
5                                      0.0000000000000000e+00
6                                      2.5488698045254912e+02
7                                      2.8723407502490625e+02
8                                      3.2037873069983863e+02
9                                      3.3631617432922974e+02
10                                     4.2594565526068294e+02
11                                     5.5696789774713659e+02
12                                     8.8971765853602733e+02
13                                     9.4407754693088577e+02
14                                     9.4858404344984967e+02
15                                     1.0708077319818485e+03
16                                     1.1495828056127998e+03
17                                     1.1832432481386475e+03
18                                     1.2638668241531013e+03
19                                     1.3543561635514009e+03
20                                     1.3962188298680778e+03
21                                     1.4109937623395006e+03
22                                     1.4697987346126693e+03
23                                     1.4761332289972286e+03
24                                     1.4838170133234553e+03
25                                     1.4995518556370837e+03
26                                     3.0080728486054759e+03
27                                     3.0127609870299925e+03
28                                     3.0745155139224894e+03
29                                     3.0836816626039931e+03
30                                     3.0942203720035277e+03
31                                     3.1124137639316696e+03
32                                     3.1189094727481493e+03
   &ZPE [&Type "Double"]       9.3922138930561838e-02
   &INNERENERGYU [&Type "Double"]      -5.7858941666014164e+02
   &ENTHALPYH [&Type "Double"]      -5.7858847245109939e+02
   &QEL [&Type "Double"]       0.0000000000000000e+00
   &QROT [&Type "Double"]       1.2107612169673172e-02
   &QVIB [&Type "Double"]       3.7197372448150219e-03
   &QTRANS [&Type "Double"]       1.8529160632429535e-02
   &ENTROPYS [&Type "Double"]       3.4356510046917726e-02
   &FREEENERGYG [&Type "Double"]      -5.7862282896114630e+02
   &ISLINEAR [&Type "Boolean"] false
$End
$Hessian
   &GeometryIndex 1
   &ListStatus       OUT
   &HESSIAN [&Type "ArrayOfDoubles", &Dim (33,33)] "The Hessian"
                                                         0                           1                           2                           3                           4                           5                           6                           7

0                                      5.2992666520239817e-01        -4.7316697769150651e-02        -1.1068747617077891e-02        -8.0257854440826865e-02        -3.9694714901454597e-02        -2.3295518964120011e-02         9.9557811175411508e-03         1.0684833805529001e-02
1                                     -4.7316697769150651e-02         5.1383568006555658e-01        -2.9410790880732285e-02        -3.7327587795612856e-02        -1.6506864899358334e-01        -3.9337505411255733e-02        -1.0680552414109217e-02        -3.2770576242095277e-02
2                                     -1.1068747617077891e-02        -2.9410790880732285e-02         5.6097411846910983e-01        -2.3898614939344295e-02        -4.0346979393646655e-02        -1.0036051685515235e-01         5.4366936983654326e-03         1.0347056208585776e-02
3                                     -8.0257854440826865e-02        -3.7327587795612856e-02        -2.3898614939344295e-02         2.7447276470049981e-01        -9.3179433763718178e-06         5.0820300910415533e-02        -8.0265395982524024e-02         3.7336070541615515e-02
4                                     -3.9694714901454597e-02        -1.6506864899358334e-01        -4.0346979393646655e-02        -9.3179433763718178e-06         4.6343312660656932e-01         2.4889996945438690e-06         3.9703097412305190e-02        -1.6506079805303481e-01
5                                     -2.3295518964120011e-02        -3.9337505411255733e-02        -1.0036051685515235e-01         5.0820300910415533e-02         2.4889996945438690e-06         5.7711108954790458e-01        -2.3299521152899991e-02         3.9335357901346853e-02
6                                      9.9557811175411508e-03        -1.0680552414109217e-02         5.4366936983654326e-03        -8.0265395982524024e-02         3.9703097412305190e-02        -2.3299521152899991e-02         5.2991705620416729e-01         4.7318466868686987e-02
7                                      1.0684833805529001e-02        -3.2770576242095277e-02         1.0347056208585776e-02         3.7336070541615515e-02        -1.6506079805303481e-01         3.9335357901346853e-02         4.7318466868686987e-02         5.1384527555361115e-01
8                                      5.4377009744399872e-03        -1.0346472772333335e-02         5.5261895255232681e-03        -2.3902639642652289e-02         4.0344725902948270e-02        -1.0036052576704443e-01        -1.1071855856139456e-02         2.9409868300072594e-02
9                                     -3.4419610123824600e-02        -3.5668481543717923e-03         8.3458910445743280e-03        -5.0422412035101137e-02        -9.1130490999078035e-07         1.1285860225626644e-02        -3.4421963411160141e-02         3.5633966738031486e-03
10                                    -2.1696437652283830e-02        -4.1568216413344350e-05         6.3499482275801971e-03        -9.4969179241140927e-07        -3.2799789007786566e-02         6.5731542369125256e-07         2.1693027866101930e-02        -3.9165059228095378e-05
11                                    -3.3103870670918283e-03         6.8101588262242229e-04         2.4515061511510769e-03         1.0444046336553953e-02         5.5393265790623069e-07        -4.1229182888215365e-02        -3.3103962170516945e-03        -6.8131927130405268e-04
12                                    -2.7891674719928272e-01        -2.9628520657766430e-03         7.0686795267977595e-02        -1.6415440797049947e-02         9.7561086671842795e-05         4.5749178468245735e-03         1.8319423059364511e-04         1.2031628102974366e-03
13                                    -2.8547560973553147e-03        -4.6603260085599535e-02         1.0022693802119492e-04        -2.4133025839987630e-02        -1.1100302783619261e-03         8.7512359391587746e-03         2.7414309984227824e-04         8.8726211573083138e-04
14                                     7.0300549814756669e-02         1.1907274510612524e-04        -6.6909452731512914e-02        -9.9902777174078299e-03         3.7243692537530619e-04         1.5503072576669597e-03         1.3179732344583989e-04         1.7669713596560137e-04
15                                    -4.5204578856633829e-02         1.4048782565951440e-03         1.1686682141423897e-02        -2.0896506904523500e-03        -1.4867410796652169e-03        -1.6471356881904715e-02        -3.1098537358037514e-04         8.2782439143711689e-04
16                                     4.1943324176627831e-04        -4.7175228341207742e-02        -1.0436368275833652e-04         1.4464207370381260e-03        -1.6665006153926483e-03        -3.0845824405404600e-02         3.3916355915348563e-05         1.9994332831300577e-03
17                                     9.8541099369171478e-03        -2.3661757951160527e-03        -3.0782668882645448e-01         7.2082914905541046e-04        -8.2925871121845504e-04        -1.4455059981205491e-02         7.0213281000839744e-05         8.7877201449214630e-04
18                                    -1.0134654461757403e-01         1.0126772506906537e-01        -4.5642975246911757e-02         4.9012116610126300e-03        -1.4091402529986374e-02         6.9682942710464178e-03        -1.1428445062010371e-03        -2.2199784574446491e-03
19                                     9.7421907003570118e-02        -2.1991225355040661e-01         7.8384384093214271e-02         1.4413140118554216e-02        -2.2892511139527366e-02         1.1308301383611649e-02        -4.1064340837422761e-03        -3.6994351614659873e-03
20                                    -4.5892007228152662e-02         8.0062432247562390e-02        -8.4183170121440137e-02         7.3743378448979388e-03        -1.0373120995044997e-02         3.8293502102712505e-03        -1.3656590361884064e-03        -1.7790829535377700e-03
21                                     1.5339126449269965e-03        -8.6256022329881830e-04        -1.4970076737458199e-02        -3.6317013193933538e-02         6.3174931986976794e-07        -5.5406952868455629e-03         1.5337960632661653e-03         8.6282619604831660e-04
22                                    -9.0638459823011224e-04        -1.4518144528457870e-03        -2.9460956733163263e-02         6.3182941214497689e-07        -4.9168188001929534e-02        -5.2888082713902091e-07         9.0663642964911658e-04        -1.4516041238772275e-03
23                                    -9.4399335048684675e-04        -1.6583115434396986e-04        -1.0368514743107711e-02        -9.7847660634001205e-03        -7.3344168549718902e-07        -3.1700998768758182e-01        -9.4398821368958143e-04         1.6572114066925464e-04
24                                    -3.1091409491823649e-04        -8.2805129941471113e-04         5.0758279165437944e-04        -2.0895970835835545e-03         1.4867351474930528e-03        -1.6474420613466517e-02        -4.5204470265238821e-02        -1.4047212130215143e-03
25                                    -3.4134399401568902e-05         1.9993398455313153e-03         1.0869344731208970e-03        -1.4466308712301106e-03        -1.6664994585081747e-03         3.0844151598820046e-02        -4.1926687617228984e-04        -4.7175356454592560e-02
26                                     7.0288348090274001e-05        -8.7876023626237828e-04         9.7074279675454008e-04         7.2077931043923894e-04         8.2932530980346988e-04        -1.4455144011988583e-02         9.8556183241000628e-03         2.3673916401089051e-03
27                                    -1.1434654769010471e-03         2.2202229745851253e-03        -1.2134090194285219e-03         4.9012092352306597e-03         1.4094168446855470e-02         6.9694549151372237e-03        -1.0132620708999468e-01        -1.0125561804042982e-01
28                                     4.1066927116728148e-03        -3.6987958979747791e-03         3.3981924895310554e-03        -1.4410319144271426e-02        -2.2892564821280905e-02        -1.1307673362901375e-02        -9.7409811692104081e-02        -2.1993237045399908e-01
29                                    -1.3658566475696983e-03         1.7789725938678622e-03        -4.1401011918947885e-04         7.3732806365765834e-03         1.0373988055431049e-02         3.8294138870629633e-03        -4.5884148145869191e-02        -8.0067831693087371e-02
30                                     1.8335584509497193e-04        -1.2032412421965153e-03         2.1223424337120031e-04        -1.6417821373271666e-02        -9.9075981436148181e-05         4.5757272566508845e-03        -2.7891796098686922e-01         2.9393097262962690e-03
31                                    -2.7417668097658100e-04         8.8712586903842813e-04        -3.0291938354820168e-04         2.4131537957834077e-02        -1.1075962371641102e-03        -8.7506258087157052e-03         2.8312037308092096e-03        -4.6602665404178970e-02
32                                     1.3180617314869541e-04        -1.7668957531970112e-04         1.3979645431839082e-04        -9.9903183515986094e-03        -3.7346185326594689e-04         1.5502562882821823e-03         7.0299203754084869e-02        -1.1192533000423636e-04
                                                         8                           9                          10                          11                          12                          13                          14                          15

0                                      5.4377009744399872e-03        -3.4419610123824600e-02        -2.1696437652283830e-02        -3.3103870670918283e-03        -2.7891674719928272e-01        -2.8547560973553147e-03         7.0300549814756669e-02        -4.5204578856633829e-02
1                                     -1.0346472772333335e-02        -3.5668481543717923e-03        -4.1568216413344350e-05         6.8101588262242229e-04        -2.9628520657766430e-03        -4.6603260085599535e-02         1.1907274510612524e-04         1.4048782565951440e-03
2                                      5.5261895255232681e-03         8.3458910445743280e-03         6.3499482275801971e-03         2.4515061511510769e-03         7.0686795267977595e-02         1.0022693802119492e-04        -6.6909452731512914e-02         1.1686682141423897e-02
3                                     -2.3902639642652289e-02        -5.0422412035101137e-02        -9.4969179241140927e-07         1.0444046336553953e-02        -1.6415440797049947e-02        -2.4133025839987630e-02        -9.9902777174078299e-03        -2.0896506904523500e-03
4                                      4.0344725902948270e-02        -9.1130490999078035e-07        -3.2799789007786566e-02         5.5393265790623069e-07         9.7561086671842795e-05        -1.1100302783619261e-03         3.7243692537530619e-04        -1.4867410796652169e-03
5                                     -1.0036052576704443e-01         1.1285860225626644e-02         6.5731542369125256e-07        -4.1229182888215365e-02         4.5749178468245735e-03         8.7512359391587746e-03         1.5503072576669597e-03        -1.6471356881904715e-02
6                                     -1.1071855856139456e-02        -3.4421963411160141e-02         2.1693027866101930e-02        -3.3103962170516945e-03         1.8319423059364511e-04         2.7414309984227824e-04         1.3179732344583989e-04        -3.1098537358037514e-04
7                                      2.9409868300072594e-02         3.5633966738031486e-03        -3.9165059228095378e-05        -6.8131927130405268e-04         1.2031628102974366e-03         8.8726211573083138e-04         1.7669713596560137e-04         8.2782439143711689e-04
8                                      5.6097412193144902e-01         8.3463903981027612e-03        -6.3490512160831580e-03         2.4514892903545471e-03         2.1218907198408254e-04         3.0293871973908218e-04         1.3977862942001352e-04         5.0768554811547240e-04
9                                      8.3463903981027612e-03         1.3678367808633002e-01         5.2339376326801523e-06        -2.7749160176345912e-02        -1.0044094436444306e-03        -5.0607758915179584e-03        -2.7429679693614212e-03         1.4466657925115986e-03
10                                    -6.3490512160831580e-03         5.2339376326801523e-06         3.3261676018369338e-02        -1.4470804191253129e-06        -2.8691952633339889e-03        -2.6485217355045206e-03        -1.5902029498176540e-03         5.0961637457863781e-04
11                                     2.4514892903545471e-03        -2.7749160176345912e-02        -1.4470804191253129e-06         3.3861337810674852e-02        -1.1711679365414983e-03        -7.5196663657973463e-04         1.1961267788946949e-03        -5.0359988652000972e-04
12                                     2.1218907198408254e-04        -1.0044094436444306e-03        -2.8691952633339889e-03        -1.1711679365414983e-03         3.0689030018400126e-01         5.9373449140849334e-03        -7.6987711424363003e-02        -1.2156035208233176e-06
13                                     3.0293871973908218e-04        -5.0607758915179584e-03        -2.6485217355045206e-03        -7.5196663657973463e-04         5.9373449140849334e-03         4.9014825349651597e-02         5.8892974977355745e-04         6.0578815589777506e-04
14                                     1.3977862942001352e-04        -2.7429679693614212e-03        -1.5902029498176540e-03         1.1961267788946949e-03        -7.6987711424363003e-02         5.8892974977355745e-04         6.8164163313710432e-02         3.0682987744583459e-02
15                                     5.0768554811547240e-04         1.4466657925115986e-03         5.0961637457863781e-04        -5.0359988652000972e-04        -1.2156035208233176e-06         6.0578815589777506e-04         3.0682987744583459e-02         4.6399767406917376e-02
16                                    -1.0868768623831762e-03         1.0873552937528204e-03         6.2227005908246967e-04         6.3783053978784250e-04         2.5271638394879295e-04        -1.3630869567846917e-03         5.7011388054969145e-04         1.9660368289490015e-03
17                                     9.7075002960245009e-04        -3.8697546202048037e-04         4.4641912038093090e-04         1.2370486789504424e-03        -7.1871999954586235e-04         1.5214609362019463e-04        -6.9315638335819803e-03        -1.0125917756735183e-02
18                                    -1.2130721466672497e-03         1.2485647754923402e-03        -4.6513459750707352e-04         1.2511839878220465e-04        -1.2368372364871826e-02         2.4332861964875992e-02        -1.1630324469687151e-02        -6.4157805701487314e-05
19                                    -3.3983219204873800e-03         1.7424322873252525e-04         1.3058983517506306e-03         2.0475436944419716e-05        -1.3668278620142943e-03         1.5938240728895327e-03        -1.0615228979925003e-03        -1.1793114145455931e-03
20                                    -4.1398858611693375e-04         2.1201450957517324e-04         1.4197248834053042e-04        -8.9461726534915850e-05         4.3141576465071871e-03        -8.7373730990229544e-03         2.5535454969818419e-03        -1.4931951466951332e-02
21                                    -1.4972982917062892e-02        -2.0900706869937936e-02        -1.0342527108591544e-06         2.6976475931808120e-02         5.2385525950838889e-04         5.4763562881976404e-04         2.9853433959065446e-04        -3.8385585351474131e-04
22                                     2.9459445451503568e-02        -1.0715669641455260e-06         1.0589078254008306e-03         1.3253886630571952e-06        -2.1098578151343850e-07         9.5729978701405950e-04         6.1610558314822538e-04        -2.8785393620590614e-03
23                                    -1.0368553968650773e-02         5.6556842720476147e-03         1.9459450175308478e-07        -2.2225671416485366e-03        -5.6839885882702459e-04        -2.2097465758417068e-04         9.2948472399940162e-05        -1.2588957345506533e-03
24                                     1.1688467694669928e-02         1.4468306980673033e-03        -5.0953800247246735e-04        -5.0355539904267806e-04        -4.1769456662870299e-05        -1.0453138317787504e-04         1.4397945171332947e-04         3.9627310390402508e-04
25                                     1.0579138574101253e-04        -1.0872695920538028e-03         6.2211800432984514e-04        -6.3788182958075140e-04        -4.6413495812361793e-05        -7.6802736945268658e-05         7.7592352712181075e-06         3.2914815174171380e-05
26                                    -3.0782691867597889e-01        -3.8691627331902123e-04        -4.4644735814054369e-04         1.2370570629850069e-03        -6.2342156547719185e-05         5.9926130972121408e-05        -3.4712216045468518e-05         3.3341170561109926e-04
27                                    -4.5635309442711797e-02         1.2485323683053325e-03         4.6504318825771785e-04         1.2511273082183797e-04         3.1113247334979598e-04         1.9413220980799820e-04        -1.6207958661274002e-04        -1.4647228314090447e-04
28                                    -7.8389711994073505e-02        -1.7425104408538838e-04         1.3059270387766990e-03        -2.0453783708289808e-05         1.5725313232029144e-05         3.8254705926228183e-04         1.3180006471645491e-04         9.5294603125683903e-05
29                                    -8.4183716496668781e-02         2.1203216485970794e-04        -1.4196093384658914e-04        -8.9466479910455736e-05        -2.4880606600316980e-04        -1.7628938741529439e-04        -1.3500712177149353e-04        -6.0545992889447950e-05
30                                     7.0685468558762732e-02        -1.0051698370383468e-03         2.8693444615558849e-03        -1.1712542051209277e-03         8.3947271757952961e-04         2.7292786187912646e-04        -3.7707458186419466e-05        -4.1789836788497078e-05
31                                    -9.3040087951662843e-05         5.0609220519556835e-03        -2.6477532787772835e-03         7.5186709775097163e-04        -2.7275545868532482e-04        -1.0340565913523594e-03         7.1252621333692045e-05         1.0453066404028712e-04
32                                    -6.6908625911889508e-02        -2.7430852439909656e-03         1.5899181152453016e-03         1.1961124632986517e-03        -3.7693439936580756e-05        -7.1241884112489807e-05         3.1386595383799305e-04         1.4398514453236211e-04
                                                        16                          17                          18                          19                          20                          21                          22                          23

0                                      4.1943324176627831e-04         9.8541099369171478e-03        -1.0134654461757403e-01         9.7421907003570118e-02        -4.5892007228152662e-02         1.5339126449269965e-03        -9.0638459823011224e-04        -9.4399335048684675e-04
1                                     -4.7175228341207742e-02        -2.3661757951160527e-03         1.0126772506906537e-01        -2.1991225355040661e-01         8.0062432247562390e-02        -8.6256022329881830e-04        -1.4518144528457870e-03        -1.6583115434396986e-04
2                                     -1.0436368275833652e-04        -3.0782668882645448e-01        -4.5642975246911757e-02         7.8384384093214271e-02        -8.4183170121440137e-02        -1.4970076737458199e-02        -2.9460956733163263e-02        -1.0368514743107711e-02
3                                      1.4464207370381260e-03         7.2082914905541046e-04         4.9012116610126300e-03         1.4413140118554216e-02         7.3743378448979388e-03        -3.6317013193933538e-02         6.3182941214497689e-07        -9.7847660634001205e-03
4                                     -1.6665006153926483e-03        -8.2925871121845504e-04        -1.4091402529986374e-02        -2.2892511139527366e-02        -1.0373120995044997e-02         6.3174931986976794e-07        -4.9168188001929534e-02        -7.3344168549718902e-07
