*************************************************
******************* ORCA 6.0.0 ******************
*************************************************
$Calculation_Status
   &GeometryIndex 1
   &ListStatus       OUT
   &VERSION [&Type "String"] "6.0.0"
   &PROGNAME [&Type "String"] "LeanSCF"
   &STATUS [&Type "String"] "NORMAL TERMINATION"
$End
$Geometry
   &GeometryIndex 1
   &ListStatus       OUT
   &NATOMS [&Type "Integer"] 11
   &NCORELESSECP [&Type "Integer"] 0
   &NGHOSTATOMS [&Type "Integer"] 0
   &CartesianCoordinates [&Type "Coordinates", &Dim(11,4), &Units "Bohr"] 
              C     -2.214794896714   -2.393380231678   -0.247477299940
              C     -1.008471495616    0.000031325234    0.761527033628
              C     -2.214370430587    2.393682714283   -0.247415082030
              Cl     2.376024875371   -0.000248129167   -0.087487444799
              H     -1.277946765645   -4.078195782152    0.489013993878
              H     -4.204743075478   -2.443839110068    0.326318275412
              H     -2.129557361362   -2.438181823146   -2.311999135848
              H     -1.007258692060    0.000003365035    2.828217369013
              H     -2.129054246912    2.438559419907   -2.311931460976
              H     -1.277275506387    4.078315406163    0.489181358229
              H     -4.204331323428    2.444440716099    0.326311533625
$End
$SCF_Energy
   &GeometryIndex 1
   &ListStatus       OUT
   &SCF_ENERGY [&Type "Double"]      -5.7869374070621643e+02
$End
$DFT_Energy
   &GeometryIndex 1
   &ListStatus       OUT
   &NALPHAEL [&Type "Integer"] 21
   &NBETAEL [&Type "Integer"] 21
   &NTOTALEL [&Type "Integer"] 42
   &EEXCHANGE [&Type "Double"]      -4.5635620709938976e+01
   &ECORR [&Type "Double"]      -1.4211871678280708e+00
   &ECNL [&Type "Double"]       0.0000000000000000e+00
   &EXC [&Type "Double"]      -4.7056807877767049e+01
   &EEMBED [&Type "Double"]       0.0000000000000000e+00
   &FINALEN [&Type "Double"]      -5.7869374070621643e+02  "No Van der Waals correction"
$End
$Mulliken_Population_Analysis
   &GeometryIndex 1
   &ListStatus       OUT
   &NATOMS [&Type "Integer"] 11
   &ATNO [&Type "ArrayOfIntegers", &Dim (11,1)] 
                                                         0

0                                                        6
1                                                        6
2                                                        6
3                                                       17
4                                                        1
5                                                        1
6                                                        1
7                                                        1
8                                                        1
9                                                        1
10                                                       1
   &ATOMICCHARGES [&Type "ArrayOfDoubles", &Dim (11,1)] 
                                                         0

0                                     -3.0575405380266929e-01
1                                      5.4725382314672721e-02
2                                     -3.0575295849700979e-01
3                                     -2.1218691767799314e-01
4                                      1.2227505183438292e-01
5                                      1.0338549851047851e-01
6                                      1.1032659884490692e-01
7                                      9.6994378016728167e-02
8                                      1.1032766469829058e-01
9                                      1.2227436667475233e-01
10                                     1.0338498908329052e-01
$End
$Loewdin_Population_Analysis
   &GeometryIndex 1
   &ListStatus       OUT
   &NATOMS [&Type "Integer"] 11
   &ATNO [&Type "ArrayOfIntegers", &Dim (11,1)] 
                                                         0

0                                                        6
1                                                        6
2                                                        6
3                                                       17
4                                                        1
5                                                        1
6                                                        1
7                                                        1
8                                                        1
9                                                        1
10                                                       1
   &ATOMICCHARGES [&Type "ArrayOfDoubles", &Dim (11,1)] 
                                                         0

0                                     -3.1036437064571398e-01
1                                     -4.9370905576868651e-01
2                                     -3.1036494128006087e-01
3                                      2.2748721522654947e-01
4                                      1.2404674749594546e-01
5                                      1.2658363050536880e-01
6                                      1.2450499981429419e-01
7                                      1.3668056032944542e-01
8                                      1.2450493527335482e-01
9                                      1.2404662829440538e-01
10                                     1.2658365075491307e-01
$End
$Mayer_Population_Analysis
   &GeometryIndex 1
   &ListStatus       OUT
   &NATOMS [&Type "Integer"] 11 "Total number of atoms"
   &BONDTHRESH [&Type "Double"]       1.0000000000000001e-01  "The threshold for printing"
   &NBONDORDERSPRINT [&Type "Integer"] 10 "The number of bond orders larger than threshold"
   &BONDORDERS [&Type "ArrayOfDoubles", &Dim (10,1)] "The bond orders"
                                                         0

0                                      9.9006690130382802e-01
1                                      9.7032083663579805e-01
2                                      9.5488940973723324e-01
3                                      9.6835052719379300e-01
4                                      9.9006690293531352e-01
5                                      9.9306616822619720e-01
6                                      9.6449730224087393e-01
7                                      9.6835007859549416e-01
8                                      9.7032114184648821e-01
9                                      9.5488938980366445e-01
   &COMPONENTS [&Type "ArrayOfIntegers", &Dim (10,4)] "The indices and atomic numbers of the bonding atoms"
                                                         0                           1                           2                           3

0                                                        0                           6                           1                           6
1                                                        0                           6                           4                           1
2                                                        0                           6                           5                           1
3                                                        0                           6                           6                           1
4                                                        1                           6                           2                           6
5                                                        1                           6                           3                          17
6                                                        1                           6                           7                           1
7                                                        2                           6                           8                           1
8                                                        2                           6                           9                           1
9                                                        2                           6                          10                           1
   &ATNO [&Type "ArrayOfIntegers", &Dim (11,1)] "Atomic number of the elements"
                                                         0

0                                                        6
1                                                        6
2                                                        6
3                                                       17
4                                                        1
5                                                        1
6                                                        1
7                                                        1
8                                                        1
9                                                        1
10                                                       1
   &NA [&Type "ArrayOfDoubles", &Dim (11,1)] "Mulliken gross atomic population"
                                                         0

0                                      6.3057540538026577e+00
1                                      5.9452746176853353e+00
2                                      6.3057529584969751e+00
3                                      1.7212186917677951e+01
4                                      8.7772494816561653e-01
5                                      8.9661450148952204e-01
6                                      8.8967340115509419e-01
7                                      9.0300562198327317e-01
8                                      8.8967233530170753e-01
9                                      8.7772563332524745e-01
10                                     8.9661501091670914e-01
   &ZA [&Type "ArrayOfDoubles", &Dim (11,1)] "Total nuclear charge"
                                                         0

0                                      6.0000000000000000e+00
1                                      6.0000000000000000e+00
2                                      6.0000000000000000e+00
3                                      1.7000000000000000e+01
4                                      1.0000000000000000e+00
5                                      1.0000000000000000e+00
6                                      1.0000000000000000e+00
7                                      1.0000000000000000e+00
8                                      1.0000000000000000e+00
9                                      1.0000000000000000e+00
10                                     1.0000000000000000e+00
   &QA [&Type "ArrayOfDoubles", &Dim (11,1)] "Mulliken gross atomic charge"
                                                         0

0                                     -3.0575405380265774e-01
1                                      5.4725382314664728e-02
2                                     -3.0575295849697515e-01
3                                     -2.1218691767795050e-01
4                                      1.2227505183438347e-01
5                                      1.0338549851047796e-01
6                                      1.1032659884490581e-01
7                                      9.6994378016726834e-02
8                                      1.1032766469829247e-01
9                                      1.2227436667475255e-01
10                                     1.0338498908329086e-01
   &VA [&Type "ArrayOfDoubles", &Dim (11,1)] "Mayer's total valence"
                                                         0

0                                      3.8790382927550140e+00
1                                      3.9625546879396221e+00
2                                      3.8790380428094307e+00
3                                      1.0827074855730312e+00
4                                      9.8827547819765993e-01
5                                      9.8132184760863672e-01
6                                      9.9486325246415075e-01
7                                      9.7120791261880646e-01
8                                      9.9486397552729811e-01
9                                      9.8827541792858509e-01
10                                     9.8132162864045158e-01
   &BVA [&Type "ArrayOfDoubles", &Dim (11,1)] "Mayer's bonded valence"
                                                         0

0                                      3.8790382927551303e+00
1                                      3.9625546879396256e+00
2                                      3.8790380428096007e+00
3                                      1.0827074855731542e+00
4                                      9.8827547819767891e-01
5                                      9.8132184760864816e-01
6                                      9.9486325246414897e-01
7                                      9.7120791261879913e-01
8                                      9.9486397552731198e-01
9                                      9.8827541792860862e-01
10                                     9.8132162864046379e-01
   &FA [&Type "ArrayOfDoubles", &Dim (11,1)] "Mayer's free valence"
                                                         0

0                                      0.0000000000000000e+00
1                                      0.0000000000000000e+00
2                                      0.0000000000000000e+00
3                                      0.0000000000000000e+00
4                                      0.0000000000000000e+00
5                                      0.0000000000000000e+00
6                                      0.0000000000000000e+00
7                                      0.0000000000000000e+00
8                                      0.0000000000000000e+00
9                                      0.0000000000000000e+00
10                                     0.0000000000000000e+00
$End
$VdW_Correction
   &GeometryIndex 1
   &ListStatus       OUT
   &VDW [&Type "Double"]      -2.3207843712885860e-03
$End
$Calculation_Info
   &GeometryIndex 1
   &ListStatus       OUT
   &MULT [&Type "Integer"] 1
   &CHARGE [&Type "Integer"] 0
   &NUMOFATOMS [&Type "Integer"] 11
   &NUMOFELECTRONS [&Type "Integer"] 42
   &NUMOFFCELECTRONS [&Type "Integer"] 1
   &NUMOFCORRELECTRONS [&Type "Integer"] 0
   &NUMOFBASISFUNCTS [&Type "Integer"] 172
   &NUMOFAUXCBASISFUNCTS [&Type "Integer"] 0
   &NUMOFAUXJBASISFUNCTS [&Type "Integer"] 209
   &NUMOFAUXJKBASISFUNCTS [&Type "Integer"] 0
   &NUMOFCABSBASISFUNCTS [&Type "Integer"] 0
   &TOTALENERGY [&Type "Double"]      -5.7868904310608764e+02  "Hartrees"
$End
$SCF_Dipole_Moment
   &GeometryIndex 1
   &ListStatus       OUT
   &METHOD [&Type "String"] "SCF"
   &LEVEL [&Type "String"] "Relaxed density"
   &MULT [&Type "Integer"] 1
   &STATE [&Type "Integer"] -1
   &IRREP [&Type "Integer"] 0
   &NATOMS [&Type "Integer"] 11
   &DODIPOLEATOM [&Type "Boolean"] false
   &DIPOLEELECCONTRIB [&Type "ArrayOfDoubles", &Dim (3,1)] "Electronic contribution"
                                                         0

0                                      8.9331938991790487e+00
1                                     -7.7775162778906577e-04
2                                      1.8696223210370483e-01
   &DIPOLENUCCONTRIB [&Type "ArrayOfDoubles", &Dim (3,1)] "Nuclear contribution"
                                                         0

0                                     -9.8355866237591059e+00
1                                      8.5286143527119052e-04
2                                     -1.7420682740507731e-02
   &DIPOLETOTAL [&Type "ArrayOfDoubles", &Dim (3,1)] "Total"
                                                         0

0                                     -9.0239272458005715e-01
1                                      7.5109807482124746e-05
2                                      1.6954154936319710e-01
   &DIPOLEMAGNITUDE [&Type "Double", &Units "a.u."]       9.1818133937527591e-01
$End
$THERMOCHEMISTRY_Energies
   &GeometryIndex 1
   &ListStatus       OUT
   &TEMPERATURE [&Type "Double"]       2.9814999999999998e+02
   &PRESSURE [&Type "Double"]       1.0000000000000000e+00
   &TOTALMASS [&Type "Double"]       7.8541999999999987e+01
   &SPINDEGENERACY [&Type "Integer"] 1
   &ELENERGY [&Type "Double"]      -5.7868904310608764e+02
   &TRANSENERGY [&Type "Double"]       1.4162714244859817e-03
   &ROTENERGY [&Type "Double"]       1.4162714244859817e-03
   &VIBENERGY [&Type "Double"]       2.4047053306672349e-03
   &NUMOFFREQS [&Type "Integer"] 33
   &FREQSCALINGFACTOR [&Type "Double"]       1.0000000000000000e+00
   &FREQ [&Type "ArrayOfDoubles", &Dim (33,1)] "In cm^-1"
                                                         0

0                                      0.0000000000000000e+00
1                                      0.0000000000000000e+00
2                                      0.0000000000000000e+00
3                                      0.0000000000000000e+00
4                                      0.0000000000000000e+00
5                                      0.0000000000000000e+00
6                                      2.5338548444275366e+02
7                                      2.8454934357515174e+02
8                                      3.2539379247163123e+02
9                                      3.4079095184715305e+02
10                                     4.2700669559146570e+02
11                                     5.8917185057334882e+02
12                                     8.8580515752581562e+02
13                                     9.4083062786429412e+02
14                                     9.4743175845739984e+02
15                                     1.0766217297110345e+03
16                                     1.1432359872266554e+03
17                                     1.1814500535904524e+03
18                                     1.2758591251421337e+03
19                                     1.3520086978911329e+03
20                                     1.3937474605149387e+03
21                                     1.4101786892672158e+03
22                                     1.4701361704514484e+03
23                                     1.4768959196040266e+03
24                                     1.4838936423600951e+03
25                                     1.4997172992504973e+03
26                                     3.0087120805753366e+03
27                                     3.0133361324078073e+03
28                                     3.0616724779324768e+03
29                                     3.0859927053249726e+03
30                                     3.0935719248367209e+03
31                                     3.1133694455291102e+03
32                                     3.1177414685192070e+03
   &ZPE [&Type "Double"]       9.3980125338531631e-02
   &INNERENERGYU [&Type "Double"]      -5.7858982573256958e+02
   &ENTHALPYH [&Type "Double"]      -5.7858888152352733e+02
   &QEL [&Type "Double"]       0.0000000000000000e+00
   &QROT [&Type "Double"]       1.2097494717036647e-02
   &QVIB [&Type "Double"]       3.6808017711440662e-03
   &QTRANS [&Type "Double"]       1.8529160632429535e-02
   &ENTROPYS [&Type "Double"]       3.4307457120610244e-02
   &FREEENERGYG [&Type "Double"]      -5.7862318898064791e+02
   &ISLINEAR [&Type "Boolean"] false
$End
$Hessian
   &GeometryIndex 1
   &ListStatus       OUT
   &HESSIAN [&Type "ArrayOfDoubles", &Dim (33,33)] "The Hessian"
                                                         0                           1                           2                           3                           4                           5                           6                           7

0                                      5.3443626057601856e-01        -4.8468823371866442e-02        -1.3493793638880175e-02        -8.1053746773623175e-02        -3.7912128412454997e-02        -2.1815626007069350e-02         9.8612373451374517e-03         1.0673944654184002e-02
1                                     -4.8468823371866442e-02         5.0838279199087899e-01        -3.1076441740952199e-02        -3.6035201193572869e-02        -1.5996507761590370e-01        -3.7200159321075468e-02        -1.0681290869027025e-02        -3.2705916926651597e-02
2                                     -1.3493793638880175e-02        -3.1076441740952199e-02         5.5800556653095756e-01        -2.2653339162910374e-02        -3.8490651469415729e-02        -9.8890283090813658e-02         5.3741371439309654e-03         1.0240030097234242e-02
3                                     -8.1053746773623175e-02        -3.6035201193572869e-02        -2.2653339162910374e-02         2.9078371076993570e-01         1.4361305451169627e-05         4.0957880958843132e-02        -8.1040118298582098e-02         3.6021494671996626e-02
4                                     -3.7912128412454997e-02        -1.5996507761590370e-01        -3.8490651469415729e-02         1.4361305451169627e-05         4.5333832319352629e-01        -5.0961578136944109e-06         3.7897998754874596e-02        -1.5998033093098787e-01
5                                     -2.1815626007069350e-02        -3.7200159321075468e-02        -9.8890283090813658e-02         4.0957880958843132e-02        -5.0961578136944109e-06         5.7174805427444875e-01        -2.1807412945723428e-02         3.7202172623633067e-02
6                                      9.8612373451374517e-03        -1.0681290869027025e-02         5.3741371439309654e-03        -8.1040118298582098e-02         3.7897998754874596e-02        -2.1807412945723428e-02         5.3445258777874871e-01         4.8464411070373054e-02
7                                      1.0673944654184002e-02        -3.2705916926651597e-02         1.0240030097234242e-02         3.6021494671996626e-02        -1.5998033093098787e-01         3.7202172623633067e-02         4.8464411070373054e-02         5.0836428497812713e-01
8                                      5.3728068076645168e-03        -1.0242294524054580e-02         5.3585179547613708e-03        -2.2644950444122174e-02         3.8492657933020237e-02        -9.8888265303044981e-02        -1.3487554138906913e-02         3.1078343560538804e-02
9                                     -3.4816461406670794e-02        -3.4988902876373837e-03         8.4650002956574554e-03        -6.6520384182231385e-02         2.7664079260644478e-06         1.5206726806793695e-02        -3.4812620856724166e-02         3.5045903594891400e-03
10                                    -2.2397289041460822e-02        -9.1004361729117578e-06         6.5184414168848199e-03         2.8150214853272462e-06        -3.2876949672050737e-02        -1.1404571010572972e-06         2.2403653967059046e-02        -1.3054153155025311e-05
11                                    -3.5899938911095660e-03         6.2533749396857276e-04         2.5722920466122508e-03         1.4714180302502777e-02        -1.1396808309973571e-06        -4.2375250993083979e-02        -3.5896103205057209e-03        -6.2459173172744846e-04
12                                    -1.0280395741934456e-01         1.0223219565834531e-01        -4.5689358297463005e-02         4.9045592023125896e-03        -1.3951352419683632e-02         6.8421454551200363e-03        -1.1675937883337296e-03        -2.2508598075670224e-03
13                                     9.8413178358290915e-02        -2.1962939353012917e-01         7.7964583317855371e-02         1.4292157214929629e-02        -2.3003241178560271e-02         1.1220856145383699e-02        -4.1348596805868224e-03        -3.7324355025708696e-03
14                                    -4.5794136651687987e-02         7.9474040576878541e-02        -8.3078438152027562e-02         7.1913629829779878e-03        -1.0544750161241463e-02         3.7688791615080996e-03        -1.3480511626131834e-03        -1.7603200369091920e-03
15                                    -2.8029139008675896e-01        -4.0754923607991753e-03         6.9491776529062715e-02        -1.5532226695317793e-02         5.9249498204228326e-04         4.5107789143822383e-03         1.7792902148407001e-04         1.1424132882634163e-03
16                                    -3.8439134731950929e-03        -4.7001125719016795e-02         3.4245733928412922e-04        -2.3747510276987228e-02        -8.2747759572573357e-04         8.8083746908831813e-03         2.1227462609735011e-04         9.4283253696635246e-04
17                                     6.9178450322156290e-02         3.8718063206388413e-04        -6.6332594065770772e-02        -1.0139765722104578e-02         4.5751248142457662e-04         1.5018273641979108e-03         1.3572706564576723e-04         2.1084093518154874e-04
18                                    -4.5623976590407421e-02         1.2912655731345452e-03         1.4085362287803870e-02        -1.9281999628377724e-03        -1.4937046096744045e-03        -1.6385722571556117e-02        -2.8140815247471702e-04         8.3139828478312743e-04
19                                     3.5439315873522347e-04        -4.6644079470128531e-02        -2.2755227467996216e-04         1.3932128127807459e-03        -1.9636737126343469e-03        -3.0868371712818157e-02         5.0462974715536723e-05         2.0222956992127354e-03
20                                     1.2163402063049243e-02        -2.3270197711322271e-03        -3.0772408401793472e-01         7.5119562120948800e-04        -8.9932151055087395e-04        -1.4620559536002130e-02         7.9958095029498358e-05         8.8325233295754994e-04
21                                     1.5622830257499640e-03        -9.0175150942265999e-04        -1.5025064732521423e-02        -3.7061627832811812e-02        -8.8987947377041757e-07        -2.3679416326877782e-03         1.5628743373723806e-03         9.0153159790233909e-04
22                                    -8.3062537480948638e-04        -1.6598853603924943e-03        -2.9390796370085608e-02        -9.3507084291702334e-07        -4.8922796535191507e-02         3.7066930488690086e-06         8.2982543641692123e-04        -1.6611456343367048e-03
23                                    -9.7045177344111042e-04        -3.4788307619425252e-04        -1.0589412901174881e-02        -6.0914463992314538e-03         4.0842475363360725e-06        -3.1289512066009395e-01        -9.7031402002528341e-04         3.4832001568054285e-04
24                                    -2.8164482795073787e-04        -8.3099307718277973e-04         4.9954455420806473e-04        -1.9279179748499372e-03         1.4945465681710196e-03        -1.6380300244038502e-02        -4.5624773474853150e-02        -1.2922802706807194e-03
25                                    -5.0019176824726841e-05         2.0224038285576252e-03         1.0963077585930989e-03        -1.3941793742807418e-03        -1.9649186956083543e-03         3.0871428603857415e-02        -3.5514684627354558e-04        -4.6643941038954320e-02
26                                     7.9764527018358605e-05        -8.8317719291508155e-04         9.6721012630310126e-04         7.5153155838602291e-04         8.9969039539080850e-04        -1.4619735750801994e-02         1.2172865929148303e-02         2.3363186738029436e-03
27                                    -1.1663837414365909e-03         2.2503509789174609e-03        -1.1767472988174110e-03         4.9042219817748145e-03         1.3946078668619737e-02         6.8409817850793638e-03        -1.0283336555874818e-01        -1.0224593102176699e-01
28                                     4.1345314516431225e-03        -3.7336845830664225e-03         3.3788969549541675e-03        -1.4296758406979701e-02        -2.3003110589519697e-02        -1.1223427539365390e-02        -9.8427100771552950e-02        -2.1959005352824817e-01
29                                    -1.3477057577791682e-03         1.7605758774170768e-03        -4.2510117487946241e-04         7.1924398075195947e-03         1.0543103330546042e-02         3.7692134956249547e-03        -4.5811935666700498e-02        -7.9476206090457469e-02
30                                     1.7777989928627856e-04        -1.1423898868392003e-03         2.0413429050216174e-04        -1.5528270233769150e-02        -5.9020314449068079e-04         4.5087767677163158e-03        -2.8029474835302659e-01         4.1102950072138180e-03
31                                    -2.1222842629146623e-04         9.4306782202497209e-04        -3.1457887249237277e-04         2.3750575074712572e-02        -8.3074666734409865e-04        -8.8084010879408911e-03         3.8787635037130356e-03        -4.7002535499401643e-02
32                                     1.3563202950609625e-04        -2.1085511118421735e-04         1.3632674396675526e-04        -1.0139376789930047e-02        -4.5603188875681117e-04         1.5012410380609892e-03         6.9170508108545609e-02        -3.9743869749284632e-04
                                                         8                           9                          10                          11                          12                          13                          14                          15

0                                      5.3728068076645168e-03        -3.4816461406670794e-02        -2.2397289041460822e-02        -3.5899938911095660e-03        -1.0280395741934456e-01         9.8413178358290915e-02        -4.5794136651687987e-02        -2.8029139008675896e-01
1                                     -1.0242294524054580e-02        -3.4988902876373837e-03        -9.1004361729117578e-06         6.2533749396857276e-04         1.0223219565834531e-01        -2.1962939353012917e-01         7.9474040576878541e-02        -4.0754923607991753e-03
2                                      5.3585179547613708e-03         8.4650002956574554e-03         6.5184414168848199e-03         2.5722920466122508e-03        -4.5689358297463005e-02         7.7964583317855371e-02        -8.3078438152027562e-02         6.9491776529062715e-02
3                                     -2.2644950444122174e-02        -6.6520384182231385e-02         2.8150214853272462e-06         1.4714180302502777e-02         4.9045592023125896e-03         1.4292157214929629e-02         7.1913629829779878e-03        -1.5532226695317793e-02
4                                      3.8492657933020237e-02         2.7664079260644478e-06        -3.2876949672050737e-02        -1.1396808309973571e-06        -1.3951352419683632e-02        -2.3003241178560271e-02        -1.0544750161241463e-02         5.9249498204228326e-04
5                                     -9.8888265303044981e-02         1.5206726806793695e-02        -1.1404571010572972e-06        -4.2375250993083979e-02         6.8421454551200363e-03         1.1220856145383699e-02         3.7688791615080996e-03         4.5107789143822383e-03
6                                     -1.3487554138906913e-02        -3.4812620856724166e-02         2.2403653967059046e-02        -3.5896103205057209e-03        -1.1675937883337296e-03        -4.1348596805868224e-03        -1.3480511626131834e-03         1.7792902148407001e-04
7                                      3.1078343560538804e-02         3.5045903594891400e-03        -1.3054153155025311e-05        -6.2459173172744846e-04        -2.2508598075670224e-03        -3.7324355025708696e-03        -1.7603200369091920e-03         1.1424132882634163e-03
8                                      5.5800767301425835e-01         8.4634596682803109e-03        -6.5197856980043142e-03         2.5720411165877800e-03        -1.1774372830069073e-03        -3.3788988955461580e-03        -4.2518596273316550e-04         2.0414824153983969e-04
9                                      8.4634596682803109e-03         1.5396013433531505e-01        -1.0292003951348867e-05        -3.2299512029626151e-02         1.2928896271247117e-03         1.9373718373368390e-04         2.8862165817154003e-04        -1.0557615674857707e-03
10                                    -6.5197856980043142e-03        -1.0292003951348867e-05         3.3242123741166682e-02         2.5487541046487379e-06        -5.0172796015909708e-04         1.3128506862239635e-03         1.8591479834224666e-04        -2.8888320314995101e-03
11                                     2.5720411165877800e-03        -3.2299512029626151e-02         2.5487541046487379e-06         3.4792884335253758e-02         1.2761958152420351e-04         2.0997601239256761e-05        -9.6520171216367043e-05        -1.1623407053304147e-03
12                                    -1.1774372830069073e-03         1.2928896271247117e-03        -5.0172796015909708e-04         1.2761958152420351e-04         1.0895574376995221e-01        -1.0700067217074324e-01         4.9941305373046148e-02        -1.2300678988890101e-02
13                                    -3.3788988955461580e-03         1.9373718373368390e-04         1.3128506862239635e-03         2.0997601239256761e-05        -1.0700067217074324e-01         2.4200921389078953e-01        -8.3850068571873188e-02        -1.4707759808124249e-03
14                                    -4.2518596273316550e-04         2.8862165817154003e-04         1.8591479834224666e-04        -9.6520171216367043e-05         4.9941305373046148e-02        -8.3850068571873188e-02         8.5524420066034265e-02         4.3374370476012506e-03
15                                     2.0414824153983969e-04        -1.0557615674857707e-03        -2.8888320314995101e-03        -1.1623407053304147e-03        -1.2300678988890101e-02        -1.4707759808124249e-03         4.3374370476012506e-03         3.0761265671179588e-01
16                                     3.1458532427518704e-04        -5.0803343250480039e-03        -2.7130035037153362e-03        -8.0039689890398151e-04         2.4226787866526635e-02         1.7437644691412151e-03        -8.7112010264437170e-03         6.7409186918755033e-03
17                                     1.3624254313084191e-04        -2.6788337650458143e-03        -1.6220674817662031e-03         1.1746294051454059e-03        -1.1629599711914733e-02        -1.1262005374550153e-03         2.5091169044674172e-03        -7.5789845589060739e-02
18                                     4.9935359736354081e-04         1.4359993903656520e-03         4.9296615856201352e-04        -5.5023897412447920e-04         3.5922006833739167e-05        -1.0682574262483211e-03        -1.5089816277383658e-02        -1.6087083475172241e-04
19                                    -1.0963360124066962e-03         1.1602656855711929e-03         6.6005675193225421e-04         6.4064374387352179e-04        -2.5460298670849091e-03         1.2224752702073233e-03         2.5872683546880045e-02         2.7324078675830185e-04
20                                     9.6726110935183192e-04        -4.0991145119240874e-04         4.5960748711580007e-04         1.2667513281184374e-03         1.4179089765617540e-03        -1.0848642158571911e-03        -9.7701134805638148e-03        -7.1805189639754380e-04
21                                    -1.5019862336347511e-02        -2.1158125072102199e-02         1.5216938701365775e-06         2.7888529091712730e-02         1.4641490987541512e-04         3.0036439224526590e-05         6.9438299286121859e-04         4.8070305466060685e-04
22                                     2.9393629133747393e-02         1.8969696234332955e-06         1.1384486289713423e-03        -2.4043783074630178e-06         7.5298561754221394e-04         9.2881450672016065e-04         2.4790666118285434e-04        -5.5908724135264902e-06
23                                    -1.0588551340217899e-02         5.8103082488872339e-03        -3.1940742175185396e-07        -2.2517435579545598e-03         3.1233819250500814e-04        -2.4220287539215325e-04         6.3794881852114425e-04        -5.5665672310112845e-04
24                                     1.4094681000209833e-02         1.4357194162549318e-03        -4.9302571322991959e-04        -5.5051707383870939e-04        -1.4426552755884055e-04        -9.7857883690387082e-05        -6.6047880366699218e-05        -3.6287174913810107e-05
25                                     2.3662687385590754e-04        -1.1604019030193740e-03         6.6039276425926957e-04        -6.4053760073678871e-04         8.8419110213617483e-05         2.9129420374496420e-04        -3.9519485388655139e-04        -5.0143009989281969e-05
26                                    -3.0772372584390401e-01        -4.0993937072544319e-04        -4.5966836458612853e-04         1.2667758837937848e-03        -5.3989820096497602e-05        -8.9788925880425648e-05         3.5780774028094237e-04        -5.9551248692526343e-05
27                                    -4.5707012943558958e-02         1.2929115937819094e-03         5.0167872321592538e-04         1.2763245320755382e-04         7.8129017263497090e-04         8.5114027692879219e-04         7.1793293559954023e-05         2.9970289245965110e-04
28                                    -7.7966511025805124e-02        -1.9365903276137922e-04         1.3127353186250831e-03        -2.0958021171660086e-05        -8.5157914550939694e-04        -1.5146135434112489e-03        -6.8724106003809245e-04         1.2626990207056932e-05
29                                    -8.3088384700717360e-02         2.8864385270044443e-04        -1.8589316175753978e-04        -9.6558448143045127e-05         7.1917775098938276e-05         6.8720367547013290e-04         7.0897185362777933e-04        -2.3292231411397701e-04
30                                     6.9484049743059301e-02        -1.0543012776279264e-03         2.8885317620533108e-03        -1.1621456665048100e-03         2.9967603539362078e-04        -1.2629678294438958e-05        -2.3289713065511881e-04         8.0622366771799896e-04
31                                    -3.5273835206238967e-04         5.0803203701289129e-03        -2.7145001260845689e-03         8.0049724463746160e-04        -1.9336353461238241e-04         3.7127072784443071e-04         1.7204601092316669e-04        -2.7969535867769285e-04
32                                    -6.6327622587472837e-02        -2.6781666818082744e-03         1.6223655880443573e-03         1.1746990548865343e-03        -1.5680448688641158e-04        -1.2543260175898528e-04        -1.3688677789873329e-04        -2.8462800173133847e-05
                                                        16                          17                          18                          19                          20                          21                          22                          23

0                                     -3.8439134731950929e-03         6.9178450322156290e-02        -4.5623976590407421e-02         3.5439315873522347e-04         1.2163402063049243e-02         1.5622830257499640e-03        -8.3062537480948638e-04        -9.7045177344111042e-04
1                                     -4.7001125719016795e-02         3.8718063206388413e-04         1.2912655731345452e-03        -4.6644079470128531e-02        -2.3270197711322271e-03        -9.0175150942265999e-04        -1.6598853603924943e-03        -3.4788307619425252e-04
2                                      3.4245733928412922e-04        -6.6332594065770772e-02         1.4085362287803870e-02        -2.2755227467996216e-04        -3.0772408401793472e-01        -1.5025064732521423e-02        -2.9390796370085608e-02        -1.0589412901174881e-02
3                                     -2.3747510276987228e-02        -1.0139765722104578e-02        -1.9281999628377724e-03         1.3932128127807459e-03         7.5119562120948800e-04        -3.7061627832811812e-02        -9.3507084291702334e-07        -6.0914463992314538e-03
4                                     -8.2747759572573357e-04         4.5751248142457662e-04        -1.4937046096744045e-03        -1.9636737126343469e-03        -8.9932151055087395e-04        -8.8987947377041757e-07        -4.8922796535191507e-02         4.0842475363360725e-06
