*************************************************
******************* ORCA 6.0.0 ******************
*************************************************
$Calculation_Status
   &GeometryIndex 1
   &ListStatus       OUT
   &VERSION [&Type "String"] "6.0.0"
   &PROGNAME [&Type "String"] "LeanSCF"
   &STATUS [&Type "String"] "NORMAL TERMINATION"
$End
$Geometry
   &GeometryIndex 1
   &ListStatus       OUT
   &NATOMS [&Type "Integer"] 10
   &NCORELESSECP [&Type "Integer"] 0
   &NGHOSTATOMS [&Type "Integer"] 0
   &CartesianCoordinates [&Type "Coordinates", &Dim(10,4), &Units "Bohr"] 
              C     -1.865857640717    1.344604535002    0.000126655115
              C     -1.864664067392   -1.346259630472    0.000258810844
              C      0.625290323752   -2.121891148160    0.000177490259
              N      2.111399211031    0.000932395977    0.000171676706
              C      0.623409744270    2.122441833064    0.000111658437
              H     -3.500615055306    2.569528241339    0.000100908541
              H     -3.498335413853   -2.572638714493    0.000315443291
              H      1.448609747692   -3.990005812576    0.000209886213
              H      4.016828384632    0.001779545841    0.000096833536
              H      1.445077706307    3.991284177724    0.000065289471
$End
$SCF_Energy
   &GeometryIndex 1
   &ListStatus       OUT
   &SCF_ENERGY [&Type "Double"]      -2.1013114610819375e+02
$End
$DFT_Energy
   &GeometryIndex 1
   &ListStatus       OUT
   &NALPHAEL [&Type "Integer"] 18
   &NBETAEL [&Type "Integer"] 18
   &NTOTALEL [&Type "Integer"] 36
   &EEXCHANGE [&Type "Double"]      -2.9235030192405272e+01
   &ECORR [&Type "Double"]      -1.1581462909276798e+00
   &ECNL [&Type "Double"]       0.0000000000000000e+00
   &EXC [&Type "Double"]      -3.0393176483332951e+01
   &EEMBED [&Type "Double"]       0.0000000000000000e+00
   &FINALEN [&Type "Double"]      -2.1013114610819375e+02  "No Van der Waals correction"
$End
$Mulliken_Population_Analysis
   &GeometryIndex 1
   &ListStatus       OUT
   &NATOMS [&Type "Integer"] 10
   &ATNO [&Type "ArrayOfIntegers", &Dim (10,1)] 
                                                         0

0                                                        6
1                                                        6
2                                                        6
3                                                        7
4                                                        6
5                                                        1
6                                                        1
7                                                        1
8                                                        1
9                                                        1
   &ATOMICCHARGES [&Type "ArrayOfDoubles", &Dim (10,1)] 
                                                         0

0                                     -1.7991913464548404e-01
1                                     -1.7991169078613645e-01
2                                     -6.6634092626879138e-02
3                                     -2.1581763327872405e-01
4                                     -6.6628231243075930e-02
5                                      1.0867242924773113e-01
6                                      1.0867325167136688e-01
7                                      1.3166307730356908e-01
8                                      2.2823971441081659e-01
9                                      1.3166230994670824e-01
$End
$Loewdin_Population_Analysis
   &GeometryIndex 1
   &ListStatus       OUT
   &NATOMS [&Type "Integer"] 10
   &ATNO [&Type "ArrayOfIntegers", &Dim (10,1)] 
                                                         0

0                                                        6
1                                                        6
2                                                        6
3                                                        7
4                                                        6
5                                                        1
6                                                        1
7                                                        1
8                                                        1
9                                                        1
   &ATOMICCHARGES [&Type "ArrayOfDoubles", &Dim (10,1)] 
                                                         0

0                                     -2.0201023060485745e-01
1                                     -2.0201067748079815e-01
2                                     -2.4206783625000217e-01
3                                      1.7610013806532887e-01
4                                     -2.4206689217358690e-01
5                                      1.3443190668867155e-01
6                                      1.3443241682785922e-01
7                                      1.2823796767346152e-01
8                                      1.8671533439214549e-01
9                                      1.2823787286168875e-01
$End
$Mayer_Population_Analysis
   &GeometryIndex 1
   &ListStatus       OUT
   &NATOMS [&Type "Integer"] 10 "Total number of atoms"
   &BONDTHRESH [&Type "Double"]       1.0000000000000001e-01  "The threshold for printing"
   &NBONDORDERSPRINT [&Type "Integer"] 11 "The number of bond orders larger than threshold"
   &BONDORDERS [&Type "ArrayOfDoubles", &Dim (11,1)] "The bond orders"
                                                         0

0                                      1.3064755329561215e+00
1                                      1.5702769729203805e+00
2                                      9.8295139354682104e-01
3                                      1.5702816317079640e+00
4                                      9.8294826599035801e-01
5                                      1.1665300458849557e+00
6                                      1.0725673672756787e-01
7                                      9.5938156402912167e-01
8                                      1.1665244031493402e+00
9                                      9.2150796655572209e-01
10                                     9.5938382374649167e-01
   &COMPONENTS [&Type "ArrayOfIntegers", &Dim (11,4)] "The indices and atomic numbers of the bonding atoms"
                                                         0                           1                           2                           3

0                                                        0                           6                           1                           6
1                                                        0                           6                           4                           6
2                                                        0                           6                           5                           1
3                                                        1                           6                           2                           6
4                                                        1                           6                           6                           1
5                                                        2                           6                           3                           7
6                                                        2                           6                           4                           6
7                                                        2                           6                           7                           1
8                                                        3                           7                           4                           6
9                                                        3                           7                           8                           1
10                                                       4                           6                           9                           1
   &ATNO [&Type "ArrayOfIntegers", &Dim (10,1)] "Atomic number of the elements"
                                                         0

0                                                        6
1                                                        6
2                                                        6
3                                                        7
4                                                        6
5                                                        1
6                                                        1
7                                                        1
8                                                        1
9                                                        1
   &NA [&Type "ArrayOfDoubles", &Dim (10,1)] "Mulliken gross atomic population"
                                                         0

0                                      6.1799191346454867e+00
1                                      6.1799116907861409e+00
2                                      6.0666340926268889e+00
3                                      7.2158176332787400e+00
4                                      6.0666282312430839e+00
5                                      8.9132757075226943e-01
6                                      8.9132674832863312e-01
7                                      8.6833692269643081e-01
8                                      7.7176028558918353e-01
9                                      8.6833769005329053e-01
   &ZA [&Type "ArrayOfDoubles", &Dim (10,1)] "Total nuclear charge"
                                                         0

0                                      6.0000000000000000e+00
1                                      6.0000000000000000e+00
2                                      6.0000000000000000e+00
3                                      7.0000000000000000e+00
4                                      6.0000000000000000e+00
5                                      1.0000000000000000e+00
6                                      1.0000000000000000e+00
7                                      1.0000000000000000e+00
8                                      1.0000000000000000e+00
9                                      1.0000000000000000e+00
   &QA [&Type "ArrayOfDoubles", &Dim (10,1)] "Mulliken gross atomic charge"
                                                         0

0                                     -1.7991913464548670e-01
1                                     -1.7991169078614089e-01
2                                     -6.6634092626888908e-02
3                                     -2.1581763327874004e-01
4                                     -6.6628231243083924e-02
5                                      1.0867242924773057e-01
6                                      1.0867325167136688e-01
7                                      1.3166307730356919e-01
8                                      2.2823971441081647e-01
9                                      1.3166230994670947e-01
   &VA [&Type "ArrayOfDoubles", &Dim (10,1)] "Mayer's total valence"
                                                         0

0                                      3.9249772945089427e+00
1                                      3.9249760955769899e+00
2                                      3.8389742802494413e+00
3                                      3.3130141319192328e+00
4                                      3.8389640189717009e+00
5                                      9.8292699153819707e-01
6                                      9.8292682318783964e-01
7                                      9.8365619738890298e-01
8                                      9.5262918315728984e-01
9                                      9.8365600859665969e-01
   &BVA [&Type "ArrayOfDoubles", &Dim (10,1)] "Mayer's bonded valence"
                                                         0

0                                      3.9249772945090102e+00
1                                      3.9249760955769917e+00
2                                      3.8389742802494329e+00
3                                      3.3130141319191599e+00
4                                      3.8389640189718288e+00
5                                      9.8292699153820284e-01
6                                      9.8292682318781877e-01
7                                      9.8365619738887533e-01
8                                      9.5262918315727696e-01
9                                      9.8365600859671309e-01
   &FA [&Type "ArrayOfDoubles", &Dim (10,1)] "Mayer's free valence"
                                                         0

0                                      0.0000000000000000e+00
1                                      0.0000000000000000e+00
2                                      0.0000000000000000e+00
3                                      0.0000000000000000e+00
4                                      0.0000000000000000e+00
5                                      0.0000000000000000e+00
6                                      0.0000000000000000e+00
7                                      0.0000000000000000e+00
8                                      0.0000000000000000e+00
9                                      0.0000000000000000e+00
$End
$VdW_Correction
   &GeometryIndex 1
   &ListStatus       OUT
   &VDW [&Type "Double"]      -2.3099922387128241e-03
$End
$Calculation_Info
   &GeometryIndex 1
   &ListStatus       OUT
   &MULT [&Type "Integer"] 1
   &CHARGE [&Type "Integer"] 0
   &NUMOFATOMS [&Type "Integer"] 10
   &NUMOFELECTRONS [&Type "Integer"] 36
   &NUMOFFCELECTRONS [&Type "Integer"] 1
   &NUMOFCORRELECTRONS [&Type "Integer"] 0
   &NUMOFBASISFUNCTS [&Type "Integer"] 185
   &NUMOFAUXCBASISFUNCTS [&Type "Integer"] 0
   &NUMOFAUXJBASISFUNCTS [&Type "Integer"] 205
   &NUMOFAUXJKBASISFUNCTS [&Type "Integer"] 0
   &NUMOFCABSBASISFUNCTS [&Type "Integer"] 0
   &TOTALENERGY [&Type "Double"]      -2.1012844293683244e+02  "Hartrees"
$End
$SCF_Dipole_Moment
   &GeometryIndex 1
   &ListStatus       OUT
   &METHOD [&Type "String"] "SCF"
   &LEVEL [&Type "String"] "Relaxed density"
   &MULT [&Type "Integer"] 1
   &STATE [&Type "Integer"] -1
   &IRREP [&Type "Integer"] 0
   &NATOMS [&Type "Integer"] 10
   &DODIPOLEATOM [&Type "Boolean"] false
   &DIPOLEELECCONTRIB [&Type "ArrayOfDoubles", &Dim (3,1)] "Electronic contribution"
                                                         0

0                                      7.9237149809416785e-01
1                                      3.5333452594613849e-04
2                                      2.9661775515560535e-06
   &DIPOLENUCCONTRIB [&Type "ArrayOfDoubles", &Dim (3,1)] "Nuclear contribution"
                                                         0

0                                     -2.5752480323521620e-02
1                                     -1.3821581468231869e-05
2                                     -2.6768883997539718e-05
   &DIPOLETOTAL [&Type "ArrayOfDoubles", &Dim (3,1)] "Total"
                                                         0

0                                      7.6661901777064623e-01
1                                      3.3951294447790662e-04
2                                     -2.3802706445983665e-05
   &DIPOLEMAGNITUDE [&Type "Double", &Units "a.u."]       7.6661909332029987e-01
$End
$THERMOCHEMISTRY_Energies
   &GeometryIndex 1
   &ListStatus       OUT
   &TEMPERATURE [&Type "Double"]       2.9814999999999998e+02
   &PRESSURE [&Type "Double"]       1.0000000000000000e+00
   &TOTALMASS [&Type "Double"]       6.7090999999999980e+01
   &SPINDEGENERACY [&Type "Integer"] 1
   &ELENERGY [&Type "Double"]      -2.1012844293683244e+02
   &TRANSENERGY [&Type "Double"]       1.4162714244859817e-03
   &ROTENERGY [&Type "Double"]       1.4162714244859817e-03
   &VIBENERGY [&Type "Double"]       1.1271913619839936e-03
   &NUMOFFREQS [&Type "Integer"] 30
   &FREQSCALINGFACTOR [&Type "Double"]       1.0000000000000000e+00
   &FREQ [&Type "ArrayOfDoubles", &Dim (30,1)] "In cm^-1"
                                                         0

0                                      0.0000000000000000e+00
1                                      0.0000000000000000e+00
2                                      0.0000000000000000e+00
3                                      0.0000000000000000e+00
4                                      0.0000000000000000e+00
5                                      0.0000000000000000e+00
6                                      5.0894422689327052e+02
7                                      6.3316301172349449e+02
8                                      6.5119966916930241e+02
9                                      6.7361083139879645e+02
10                                     7.2371132144656690e+02
11                                     8.1485114579148842e+02
12                                     8.6071299792510365e+02
13                                     8.8261266134177492e+02
14                                     9.0363558896025268e+02
15                                     1.0329950829174027e+03
16                                     1.0645122447609815e+03
17                                     1.0934725318294586e+03
18                                     1.1658545175316483e+03
19                                     1.1662781100518528e+03
20                                     1.3068762074793967e+03
21                                     1.4049580793386642e+03
22                                     1.4513637806846746e+03
23                                     1.4923220302596212e+03
24                                     1.5628215070259746e+03
25                                     3.2178631256104868e+03
26                                     3.2282275890592214e+03
27                                     3.2424012144638282e+03
28                                     3.2484790967275712e+03
29                                     3.6236115557982093e+03
   &ZPE [&Type "Double"]       8.1910328208552763e-02
   &INNERENERGYU [&Type "Double"]      -2.1004257287441294e+02
   &ENTHALPYH [&Type "Double"]      -2.1004162866537069e+02
   &QEL [&Type "Double"]       0.0000000000000000e+00
   &QROT [&Type "Double"]       1.0875673516152628e-02
   &QVIB [&Type "Double"]       1.4546340628441075e-03
   &QTRANS [&Type "Double"]       1.8305979473233040e-02
   &ENTROPYS [&Type "Double"]       3.0636287052229774e-02
   &FREEENERGYG [&Type "Double"]      -2.1007226495242293e+02
   &ISLINEAR [&Type "Boolean"] false
$End
$Hessian
   &GeometryIndex 1
   &ListStatus       OUT
   &HESSIAN [&Type "ArrayOfDoubles", &Dim (30,30)] "The Hessian"
                                                         0                           1                           2                           3                           4                           5                           6                           7

0                                      7.7547518569454654e-01        -1.1997493313085680e-01         7.1376020384271298e-07        -1.0933159672579948e-01         1.4067234713113086e-02         5.5666857643333617e-07        -1.9229122037168218e-03         1.6900452494044017e-02
1                                     -1.1997493313085680e-01         6.1164832130310498e-01        -1.5978996920571334e-05        -1.3916285961216860e-02        -2.7211192975369991e-01         1.0083970055954354e-05         7.2531280375496499e-02        -3.6327207636447201e-02
2                                      7.1376020384271298e-07        -1.5978996920571334e-05         1.1373609118177544e-01         4.2055349183298660e-07         9.8251943468395672e-06        -5.7916578150171365e-02        -9.2041455724174234e-07        -8.4735817780376559e-08
3                                     -1.0933159672579948e-01        -1.3916285961216860e-02         4.2055349183298660e-07         7.7526568341716906e-01         1.2010652817144440e-01        -1.7153031465918809e-05        -3.4035054633590295e-01         7.8357654149413938e-02
4                                      1.4067234713113086e-02        -2.7211192975369991e-01         9.8251943468395672e-06         1.2010652817144440e-01         6.1186879679061779e-01        -1.7052619474014293e-05         6.4926740272884587e-02        -1.2245151993462149e-01
5                                      5.5666857643333617e-07         1.0083970055954354e-05        -5.7916578150171365e-02        -1.7153031465918809e-05        -1.7052619474014293e-05         1.1373983718718259e-01         8.3680299328254378e-06        -1.2284636015343522e-06
6                                     -1.9229122037168218e-03         7.2531280375496499e-02        -9.2041455724174234e-07        -3.4035054633590295e-01         6.4926740272884587e-02         8.3680299328254378e-06         6.5844964700325748e-01        -1.2488954310370834e-01
7                                      1.6900452494044017e-02        -3.6327207636447201e-02        -8.4735817780376559e-08         7.8357654149413938e-02        -1.2245151993462149e-01        -1.2284636015343522e-06        -1.2488954310370834e-01         7.8154180040745458e-01
8                                     -1.3221931551208977e-06         1.0331313643745194e-06         1.1061943898734959e-02         7.5485900506538291e-06        -1.3891827035147222e-06        -6.1019264617683269e-02        -8.7290032429826839e-06        -9.5155195934584769e-06
9                                     -8.3757681294012051e-02         2.8051092553469451e-03         4.7971667279168650e-07        -8.3719436875701880e-02        -2.8725256112586035e-03        -1.8435543352549913e-07        -1.7048067253222779e-01        -8.7469506468832656e-02
10                                     4.3966474163012664e-02        -8.3601123346835476e-03         6.2500306447512878e-07        -4.4033570894859347e-02        -8.4016738414736669e-03         1.2854977412900543e-06        -9.1840915418999941e-02        -2.4438744419677313e-01
11                                    -1.9106640207326853e-06        -1.0023674488827506e-06         1.3445753064234789e-02         2.0028675827774473e-06         2.3395080023989655e-06         1.3445698978957067e-02         3.9896230100608798e-06         2.9787837321811008e-06
12                                    -3.4021994519787685e-01        -6.5116072997542199e-02         1.9645866219674635e-06        -1.8443275871369933e-03        -7.2500957587766174e-02         1.8191105929342693e-06        -1.0016630270862720e-02         1.3835955352563215e-02
13                                    -7.8546006771298665e-02        -1.2257037967541458e-01         1.9591160274010856e-06        -1.6869643465624414e-02        -3.6406676236588442e-02        -1.2711904667661317e-08        -1.3760542472195762e-02        -9.4018607566808438e-02
14                                     2.2306295897864866e-06         1.2187722344344609e-06        -6.1015926558934078e-02         9.5338080860792603e-07         2.4169160110162065e-06         1.1062140091168411e-02        -9.3221717548001854e-08         1.3035940133123246e-06
15                                    -2.4381517868613048e-01         1.3826277111207647e-01        -2.8575422851539763e-06         6.2963002170785941e-03        -3.4804663540046257e-03         8.6446362181455602e-08         5.3486036707655520e-05        -1.9445354194219354e-03
16                                     1.4075777655559024e-01        -1.6054487557165920e-01         3.8783741577756079e-06         2.3767106540352041e-02        -6.1728222820729740e-03        -5.6835289015302193e-07        -6.6517698350056480e-04        -6.6215083018510163e-03
17                                    -1.9676682089313209e-06         3.3689492771197294e-06        -2.4153581218297415e-02        -1.2108793272930113e-06         1.0338308024177070e-07        -1.4520415839706854e-03         4.8802130553107771e-07         5.7716567205816125e-07
18                                     6.3142921065939550e-03         3.4918961414571598e-03        -5.3853665711550597e-07        -2.4356379110302434e-01        -1.3833405851278036e-01         7.5504335180100970e-06        -1.0738447761257701e-02        -1.9791878440148944e-02
19                                    -2.3755767663237594e-02        -6.1904554444408774e-03        -2.2488708683386763e-07        -1.4082921964859763e-01        -1.6079099023504245e-01         6.1689036445852121e-06         8.7204147223858483e-03         1.0358380487164545e-02
20                                     9.5808910834514800e-07         9.8916515738713844e-08        -1.4520766636111054e-03         6.2467372567151477e-06         5.2100301054149067e-06        -2.4154437042200730e-02         2.6124920557450922e-07         6.3860616584748022e-07
21                                    -6.0945751831868750e-03         1.7990466640920594e-03         2.8332300196718098e-07         3.0650223179154862e-03         2.3397688295215918e-02        -1.3998680560014892e-06        -1.1077989548729529e-01         1.1603444836601504e-01
22                                     7.3638499395453725e-04         7.9924060712556391e-04         5.3328950205337480e-08        -1.2131936375325558e-03         3.0666653289474280e-04         5.9873088334542955e-07         1.0673251357056351e-01        -2.9855739670403292e-01
23                                     4.9444376542394573e-07         4.3126801878761283e-07         4.3546583582530895e-03         2.5040083066166959e-07        -1.3105074965494111e-06        -7.9306276315815188e-05        -1.5818043176809361e-06         6.0449478331932587e-06
24                                     2.6759843084181098e-04         3.6048586084962463e-03        -2.1335272562024483e-07         2.7499521412440147e-04        -3.5986018104517195e-03         1.0865651488914142e-07        -9.8184320348471965e-03         5.7162154829419540e-03
25                                     4.5397059092224055e-03        -6.6292583673842852e-03         3.0956351963119792e-07        -4.5332208503022012e-03        -6.6369865729659213e-03         1.4709056023476365e-07        -2.6238672431746407e-02         1.1532797014734867e-02
26                                     2.2139482546513828e-07         6.4783671837306408e-07         2.0191091276568944e-03         7.4120687824002432e-07        -2.8769654110972482e-07         2.0192090572967065e-03        -1.4871051191968013e-06        -6.3354753066388896e-07
27                                     3.0848130587401608e-03        -2.3395317886386990e-02         6.9444093991707414e-07        -6.0923025387219863e-03        -1.8050752909922491e-03         2.2785872353374008e-07        -4.3955964138547047e-03         3.0452361178727625e-03
28                                     1.2163265554935646e-03         2.8665687349893262e-04        -3.1863908146020486e-07        -7.4266068848162590e-04         7.9713553295229951e-04         5.0485932689355377e-07         4.6894029380814776e-03        -1.0692935688196795e-03
29                                    -9.9539169949948039e-10         5.5199024989491367e-08        -7.9393039641205768e-05         2.2022462836110370e-07         2.1807032734269864e-07         4.3547423557371160e-03        -4.4529909953305648e-07        -2.4933518035081830e-07
                                                         8                           9                          10                          11                          12                          13                          14                          15

0                                     -1.3221931551208977e-06        -8.3757681294012051e-02         4.3966474163012664e-02        -1.9106640207326853e-06        -3.4021994519787685e-01        -7.8546006771298665e-02         2.2306295897864866e-06        -2.4381517868613048e-01
1                                      1.0331313643745194e-06         2.8051092553469451e-03        -8.3601123346835476e-03        -1.0023674488827506e-06        -6.5116072997542199e-02        -1.2257037967541458e-01         1.2187722344344609e-06         1.3826277111207647e-01
2                                      1.1061943898734959e-02         4.7971667279168650e-07         6.2500306447512878e-07         1.3445753064234789e-02         1.9645866219674635e-06         1.9591160274010856e-06        -6.1015926558934078e-02        -2.8575422851539763e-06
3                                      7.5485900506538291e-06        -8.3719436875701880e-02        -4.4033570894859347e-02         2.0028675827774473e-06        -1.8443275871369933e-03        -1.6869643465624414e-02         9.5338080860792603e-07         6.2963002170785941e-03
4                                     -1.3891827035147222e-06        -2.8725256112586035e-03        -8.4016738414736669e-03         2.3395080023989655e-06        -7.2500957587766174e-02        -3.6406676236588442e-02         2.4169160110162065e-06        -3.4804663540046257e-03
5                                     -6.1019264617683269e-02        -1.8435543352549913e-07         1.2854977412900543e-06         1.3445698978957067e-02         1.8191105929342693e-06        -1.2711904667661317e-08         1.1062140091168411e-02         8.6446362181455602e-08
6                                     -8.7290032429826839e-06        -1.7048067253222779e-01        -9.1840915418999941e-02         3.9896230100608798e-06        -1.0016630270862720e-02        -1.3760542472195762e-02        -9.3221717548001854e-08         5.3486036707655520e-05
7                                     -9.5155195934584769e-06        -8.7469506468832656e-02        -2.4438744419677313e-01         2.9787837321811008e-06         1.3835955352563215e-02        -9.4018607566808438e-02         1.3035940133123246e-06        -1.9445354194219354e-03
8                                      1.0813941776898517e-01         1.7279277511736155e-06         1.4807902857235742e-06        -5.1755193353973931e-02         3.9186319627946022e-07         3.2742419727556437e-06         1.6446072778417406e-02         2.8476780346756684e-07
9                                      1.7279277511736155e-06         9.4269967930532161e-01         1.4749767823596903e-04        -2.0022340761778718e-05        -1.7063829104903122e-01         8.7532281442389032e-02        -1.9188461035802796e-06        -5.3400452454221772e-03
10                                     1.4807902857235742e-06         1.4749767823596903e-04         6.1944250571367854e-01        -9.4250211684656048e-06         9.1903338674051857e-02        -2.4422502663607454e-01         6.3932148654067741e-06        -1.8748377939335488e-03
11                                    -5.1755193353973931e-02        -2.0022340761778718e-05        -9.4250211684656048e-06         7.7976418158869104e-02         1.0729982644897263e-06         3.5264448947631392e-06        -5.1755655549066845e-02        -1.2064564319949938e-07
12                                     3.9186319627946022e-07        -1.7063829104903122e-01         9.1903338674051857e-02         1.0729982644897263e-06         6.5822626300872999e-01         1.2477855681246100e-01        -4.5115947764530786e-06        -1.0748692664319680e-02
13                                     3.2742419727556437e-06         8.7532281442389032e-02        -2.4422502663607454e-01         3.5264448947631392e-06         1.2477855681246100e-01         7.8175075294227803e-01        -1.6668821554603065e-05         1.9773299554710039e-02
14                                     1.6446072778417406e-02        -1.9188461035802796e-06         6.3932148654067741e-06        -5.1755655549066845e-02        -4.5115947764530786e-06        -1.6668821554603065e-05         1.0813658696554319e-01        -1.2439173252128493e-07
15                                     2.8476780346756684e-07        -5.3400452454221772e-03        -1.8748377939335488e-03        -1.2064564319949938e-07        -1.0748692664319680e-02         1.9773299554710039e-02        -1.2439173252128493e-07         2.5306295163175124e-01
16                                     3.1846970988669920e-07        -4.1451422757842289e-03        -3.8945237070168662e-04         3.1570179066838823e-07        -8.7388080130652440e-03         1.0367866370573769e-02        -3.6938335312101144e-07        -1.5221805057892879e-01
17                                     3.4952571771497730e-03         3.6098088411673482e-07        -3.6444896051481206e-07         4.4781499104641076e-03         8.5699813935169839e-08        -3.3965086078426791e-07        -2.0530221551862005e-03         2.6978983663691690e-06
18                                     2.8767326913138681e-08        -5.3455168797449191e-03         1.8704762656492004e-03         1.9565153820930634e-07         5.1162062275608928e-05         1.9502533401134312e-03         1.7674945542407115e-07        -7.6344107489833765e-05
19                                    -2.9939488868499992e-07         4.1406534465135555e-03        -3.8429660434371484e-04        -1.0136456474224691e-07         6.7098774203062320e-04        -6.6191846499878762e-03         5.0554354026877969e-07         6.6383681437900358e-04
20                                    -2.0530134413128589e-03        -9.9878737203924601e-08        -3.4050438573708032e-07         4.4780399263629330e-03        -3.4660902278070567e-07         4.2517172685534764e-07         3.4953067485351229e-03         1.9361150538426629e-08
21                                    -7.2585607090733047e-07         1.2757133752789848e-02        -2.3486492474742639e-02         3.3963800264537028e-07        -4.3888126874082958e-03        -3.0481737191003413e-03         1.2250962272211735e-07         4.4746750727379936e-04
22                                     4.0361511471907996e-06         1.3040953227560468e-02        -1.9721573937648146e-02         6.1821278328716615e-07        -4.6924503796707939e-03        -1.0761977326661770e-03        -3.1644308863584018e-07        -4.3185516862657980e-05
23                                    -1.8719817056583675e-02        -1.6918639032249708e-07        -8.1489015285860266e-07        -4.0893523601541627e-03        -3.9694294100104681e-07         7.9395927553832429e-07         1.8750290392139744e-03         1.7682780032368341e-08
24                                     1.0656861191551772e-06        -4.4892307064026127e-01        -1.6709650954476881e-04         1.5022654915240941e-05        -9.8364174307823092e-03        -5.7353516491449111e-03         1.0495305028455419e-06        -2.5846043562400937e-04
25                                     1.2816588750385448e-06        -1.6753200678872702e-04        -7.3860797011490328e-02         4.7040898120435501e-07         2.6220383978319082e-02         1.1551715335130715e-02        -1.6644805005548355e-06         1.2827563967480584e-03
26                                    -7.4703683407923386e-03         1.9308887978214751e-05         3.6278656401614531e-07        -2.1346116724668962e-03        -2.3285901128277441e-06         3.5798796209270433e-07        -7.4703111571661727e-03        -3.9866786380666784e-08
27                                    -1.2062517844055647e-07         1.2747901458289822e-02         2.3515239931132241e-02        -5.5909878669222954e-07        -1.1058430818358748e-01        -1.1586841874108406e-01         2.2541401238265687e-06         3.7851574617488604e-04
28                                    -5.1841862115996607e-08        -1.3011902307383437e-02        -1.9712128780489786e-02         2.8900042305371423e-07        -1.0656718791260671e-01        -2.9875426215044260e-01         7.0421478996907885e-06        -4.4978884466321915e-04
29                                     1.8749651870587647e-03         5.0641003909358997e-07         7.8826472119819297e-07        -4.0892471032261662e-03         2.1105925903464189e-06         6.8232023934341601e-06        -1.8720220202524823e-02         9.1355344753512559e-08
                                                        16                          17                          18                          19                          20                          21                          22                          23

0                                      1.4075777655559024e-01        -1.9676682089313209e-06         6.3142921065939550e-03        -2.3755767663237594e-02         9.5808910834514800e-07        -6.0945751831868750e-03         7.3638499395453725e-04         4.9444376542394573e-07
1                                     -1.6054487557165920e-01         3.3689492771197294e-06         3.4918961414571598e-03        -6.1904554444408774e-03         9.8916515738713844e-08         1.7990466640920594e-03         7.9924060712556391e-04         4.3126801878761283e-07
2                                      3.8783741577756079e-06        -2.4153581218297415e-02        -5.3853665711550597e-07        -2.2488708683386763e-07        -1.4520766636111054e-03         2.8332300196718098e-07         5.3328950205337480e-08         4.3546583582530895e-03
3                                      2.3767106540352041e-02        -1.2108793272930113e-06        -2.4356379110302434e-01        -1.4082921964859763e-01         6.2467372567151477e-06         3.0650223179154862e-03        -1.2131936375325558e-03         2.5040083066166959e-07
4                                     -6.1728222820729740e-03         1.0338308024177070e-07        -1.3833405851278036e-01        -1.6079099023504245e-01         5.2100301054149067e-06         2.3397688295215918e-02         3.0666653289474280e-04        -1.3105074965494111e-06
5                                     -5.6835289015302193e-07        -1.4520415839706854e-03         7.5504335180100970e-06         6.1689036445852121e-06        -2.4154437042200730e-02        -1.3998680560014892e-06         5.9873088334542955e-07        -7.9306276315815188e-05
6                                     -6.6517698350056480e-04         4.8802130553107771e-07        -1.0738447761257701e-02         8.7204147223858483e-03         2.6124920557450922e-07        -1.1077989548729529e-01         1.0673251357056351e-01        -1.5818043176809361e-06
7                                     -6.6215083018510163e-03         5.7716567205816125e-07        -1.9791878440148944e-02         1.0358380487164545e-02         6.3860616584748022e-07         1.1603444836601504e-01        -2.9855739670403292e-01         6.0449478331932587e-06
8                                      3.1846970988669920e-07         3.4952571771497730e-03         2.8767326913138681e-08        -2.9939488868499992e-07        -2.0530134413128589e-03        -7.2585607090733047e-07         4.0361511471907996e-06        -1.8719817056583675e-02
9                                     -4.1451422757842289e-03         3.6098088411673482e-07        -5.3455168797449191e-03         4.1406534465135555e-03        -9.9878737203924601e-08         1.2757133752789848e-02         1.3040953227560468e-02        -1.6918639032249708e-07
10                                    -3.8945237070168662e-04        -3.6444896051481206e-07         1.8704762656492004e-03        -3.8429660434371484e-04        -3.4050438573708032e-07        -2.3486492474742639e-02        -1.9721573937648146e-02        -8.1489015285860266e-07
11                                     3.1570179066838823e-07         4.4781499104641076e-03         1.9565153820930634e-07        -1.0136456474224691e-07         4.4780399263629330e-03         3.3963800264537028e-07         6.1821278328716615e-07        -4.0893523601541627e-03
12                                    -8.7388080130652440e-03         8.5699813935169839e-08         5.1162062275608928e-05         6.7098774203062320e-04        -3.4660902278070567e-07        -4.3888126874082958e-03        -4.6924503796707939e-03        -3.9694294100104681e-07
