*************************************************
******************* ORCA 6.0.0 ******************
*************************************************
$Calculation_Status
   &GeometryIndex 1
   &ListStatus       OUT
   &VERSION [&Type "String"] "6.0.0"
   &PROGNAME [&Type "String"] "LeanSCF"
   &STATUS [&Type "String"] "NORMAL TERMINATION"
$End
$Geometry
   &GeometryIndex 1
   &ListStatus       OUT
   &NATOMS [&Type "Integer"] 10
   &NCORELESSECP [&Type "Integer"] 0
   &NGHOSTATOMS [&Type "Integer"] 0
   &CartesianCoordinates [&Type "Coordinates", &Dim(10,4), &Units "Bohr"] 
              C     -1.857514640243    1.342634332046    0.000044938632
              C     -1.857803990951   -1.342270026485   -0.000068603484
              C      0.623772656726   -2.124722254974    0.000099856719
              N      2.113414330320   -0.000239352145    0.000239192274
              C      0.624228388182    2.124558384916    0.000250455798
              H     -3.491046585764    2.564605054817   -0.000063900900
              H     -3.491593875586   -2.563892237458   -0.000274275607
              H      1.440882363111   -3.993587978948    0.000048656480
              H      4.011600468054   -0.000467053751    0.000767664959
              H      1.441717416649    3.993257466792    0.000383405401
$End
$SCF_Energy
   &GeometryIndex 1
   &ListStatus       OUT
   &SCF_ENERGY [&Type "Double"]      -2.1013120055775011e+02
$End
$DFT_Energy
   &GeometryIndex 1
   &ListStatus       OUT
   &NALPHAEL [&Type "Integer"] 18
   &NBETAEL [&Type "Integer"] 18
   &NTOTALEL [&Type "Integer"] 36
   &EEXCHANGE [&Type "Double"]      -2.9241881867749139e+01
   &ECORR [&Type "Double"]      -1.1584007966595833e+00
   &ECNL [&Type "Double"]       0.0000000000000000e+00
   &EXC [&Type "Double"]      -3.0400282664408724e+01
   &EEMBED [&Type "Double"]       0.0000000000000000e+00
   &FINALEN [&Type "Double"]      -2.1013120055775011e+02  "No Van der Waals correction"
$End
$Mulliken_Population_Analysis
   &GeometryIndex 1
   &ListStatus       OUT
   &NATOMS [&Type "Integer"] 10
   &ATNO [&Type "ArrayOfIntegers", &Dim (10,1)] 
                                                         0

0                                                        6
1                                                        6
2                                                        6
3                                                        7
4                                                        6
5                                                        1
6                                                        1
7                                                        1
8                                                        1
9                                                        1
   &ATOMICCHARGES [&Type "ArrayOfDoubles", &Dim (10,1)] 
                                                         0

0                                     -1.7888760325339703e-01
1                                     -1.7889716469983874e-01
2                                     -6.6453705236893867e-02
3                                     -2.1587271407371578e-01
4                                     -6.6460268018798452e-02
5                                      1.0810226507422138e-01
6                                      1.0810164079226081e-01
7                                      1.3176926685661927e-01
8                                      2.2682887685915643e-01
9                                      1.3176940570030993e-01
$End
$Loewdin_Population_Analysis
   &GeometryIndex 1
   &ListStatus       OUT
   &NATOMS [&Type "Integer"] 10
   &ATNO [&Type "ArrayOfIntegers", &Dim (10,1)] 
                                                         0

0                                                        6
1                                                        6
2                                                        6
3                                                        7
4                                                        6
5                                                        1
6                                                        1
7                                                        1
8                                                        1
9                                                        1
   &ATOMICCHARGES [&Type "ArrayOfDoubles", &Dim (10,1)] 
                                                         0

0                                     -2.0263610047746905e-01
1                                     -2.0263595598599959e-01
2                                     -2.4054326693064798e-01
3                                      1.7650182500368228e-01
4                                     -2.4054396381423260e-01
5                                      1.3445209187856810e-01
6                                      1.3445182487150609e-01
7                                      1.2820798742055128e-01
8                                      1.8453726269492665e-01
9                                      1.2820829533901656e-01
$End
$Mayer_Population_Analysis
   &GeometryIndex 1
   &ListStatus       OUT
   &NATOMS [&Type "Integer"] 10 "Total number of atoms"
   &BONDTHRESH [&Type "Double"]       1.0000000000000001e-01  "The threshold for printing"
   &NBONDORDERSPRINT [&Type "Integer"] 11 "The number of bond orders larger than threshold"
   &BONDORDERS [&Type "ArrayOfDoubles", &Dim (11,1)] "The bond orders"
                                                         0

0                                      1.3056198146537585e+00
1                                      1.5724859105641418e+00
2                                      9.8335548148284690e-01
3                                      1.5724881366077152e+00
4                                      9.8335738526291849e-01
5                                      1.1653666091909129e+00
6                                      1.0827537836096382e-01
7                                      9.5959137648651716e-01
8                                      1.1653713463377018e+00
9                                      9.2274576433312872e-01
10                                     9.5959160814580857e-01
   &COMPONENTS [&Type "ArrayOfIntegers", &Dim (11,4)] "The indices and atomic numbers of the bonding atoms"
                                                         0                           1                           2                           3

0                                                        0                           6                           1                           6
1                                                        0                           6                           4                           6
2                                                        0                           6                           5                           1
3                                                        1                           6                           2                           6
4                                                        1                           6                           6                           1
5                                                        2                           6                           3                           7
6                                                        2                           6                           4                           6
7                                                        2                           6                           7                           1
8                                                        3                           7                           4                           6
9                                                        3                           7                           8                           1
10                                                       4                           6                           9                           1
   &ATNO [&Type "ArrayOfIntegers", &Dim (10,1)] "Atomic number of the elements"
                                                         0

0                                                        6
1                                                        6
2                                                        6
3                                                        7
4                                                        6
5                                                        1
6                                                        1
7                                                        1
8                                                        1
9                                                        1
   &NA [&Type "ArrayOfDoubles", &Dim (10,1)] "Mulliken gross atomic population"
                                                         0

0                                      6.1788876032534024e+00
1                                      6.1788971646998405e+00
2                                      6.0664537052369241e+00
3                                      7.2158727140737131e+00
4                                      6.0664602680187771e+00
5                                      8.9189773492577873e-01
6                                      8.9189835920773941e-01
7                                      8.6823073314338128e-01
8                                      7.7317112314084280e-01
9                                      8.6823059429969096e-01
   &ZA [&Type "ArrayOfDoubles", &Dim (10,1)] "Total nuclear charge"
                                                         0

0                                      6.0000000000000000e+00
1                                      6.0000000000000000e+00
2                                      6.0000000000000000e+00
3                                      7.0000000000000000e+00
4                                      6.0000000000000000e+00
5                                      1.0000000000000000e+00
6                                      1.0000000000000000e+00
7                                      1.0000000000000000e+00
8                                      1.0000000000000000e+00
9                                      1.0000000000000000e+00
   &QA [&Type "ArrayOfDoubles", &Dim (10,1)] "Mulliken gross atomic charge"
                                                         0

0                                     -1.7888760325340236e-01
1                                     -1.7889716469984052e-01
2                                     -6.6453705236924066e-02
3                                     -2.1587271407371311e-01
4                                     -6.6460268018777136e-02
5                                      1.0810226507422127e-01
6                                      1.0810164079226059e-01
7                                      1.3176926685661872e-01
8                                      2.2682887685915720e-01
9                                      1.3176940570030904e-01
   &VA [&Type "ArrayOfDoubles", &Dim (10,1)] "Mayer's total valence"
                                                         0

0                                      3.9260029586617819e+00
1                                      3.9260147195026120e+00
2                                      3.8410192234433689e+00
3                                      3.3117704022595857e+00
4                                      3.8410269549797400e+00
5                                      9.8304205454941096e-01
6                                      9.8304247454170701e-01
7                                      9.8377515197133858e-01
8                                      9.5348512533355689e-01
9                                      9.8377578488117201e-01
   &BVA [&Type "ArrayOfDoubles", &Dim (10,1)] "Mayer's bonded valence"
                                                         0

0                                      3.9260029586617597e+00
1                                      3.9260147195025672e+00
2                                      3.8410192234433822e+00
3                                      3.3117704022596466e+00
4                                      3.8410269549798652e+00
5                                      9.8304205454941418e-01
6                                      9.8304247454167959e-01
7                                      9.8377515197135268e-01
8                                      9.5348512533355989e-01
9                                      9.8377578488119843e-01
   &FA [&Type "ArrayOfDoubles", &Dim (10,1)] "Mayer's free valence"
                                                         0

0                                      0.0000000000000000e+00
1                                      0.0000000000000000e+00
2                                      0.0000000000000000e+00
3                                      0.0000000000000000e+00
4                                      0.0000000000000000e+00
5                                      0.0000000000000000e+00
6                                      0.0000000000000000e+00
7                                      0.0000000000000000e+00
8                                      0.0000000000000000e+00
9                                      0.0000000000000000e+00
$End
$VdW_Correction
   &GeometryIndex 1
   &ListStatus       OUT
   &VDW [&Type "Double"]      -2.3107862778696453e-03
$End
$Calculation_Info
   &GeometryIndex 1
   &ListStatus       OUT
   &MULT [&Type "Integer"] 1
   &CHARGE [&Type "Integer"] 0
   &NUMOFATOMS [&Type "Integer"] 10
   &NUMOFELECTRONS [&Type "Integer"] 36
   &NUMOFFCELECTRONS [&Type "Integer"] 1
   &NUMOFCORRELECTRONS [&Type "Integer"] 0
   &NUMOFBASISFUNCTS [&Type "Integer"] 185
   &NUMOFAUXCBASISFUNCTS [&Type "Integer"] 0
   &NUMOFAUXJBASISFUNCTS [&Type "Integer"] 205
   &NUMOFAUXJKBASISFUNCTS [&Type "Integer"] 0
   &NUMOFCABSBASISFUNCTS [&Type "Integer"] 0
   &TOTALENERGY [&Type "Double"]      -2.1012850470572798e+02  "Hartrees"
$End
$SCF_Dipole_Moment
   &GeometryIndex 1
   &ListStatus       OUT
   &METHOD [&Type "String"] "SCF"
   &LEVEL [&Type "String"] "Relaxed density"
   &MULT [&Type "Integer"] 1
   &STATE [&Type "Integer"] -1
   &IRREP [&Type "Integer"] 0
   &NATOMS [&Type "Integer"] 10
   &DODIPOLEATOM [&Type "Boolean"] false
   &DIPOLEELECCONTRIB [&Type "ArrayOfDoubles", &Dim (3,1)] "Electronic contribution"
                                                         0

0                                      7.9311992158275790e-01
1                                     -7.9839828924649359e-05
2                                      2.1821251023235662e-05
   &DIPOLENUCCONTRIB [&Type "ArrayOfDoubles", &Dim (3,1)] "Nuclear contribution"
                                                         0

0                                     -3.3247842347300827e-02
1                                     -4.5957697509813045e-06
2                                      1.2681673410042934e-04
   &DIPOLETOTAL [&Type "ArrayOfDoubles", &Dim (3,1)] "Total"
                                                         0

0                                      7.5987207923545708e-01
1                                     -8.4435598675630663e-05
2                                      1.4863798512366501e-04
   &DIPOLEMAGNITUDE [&Type "Double", &Units "a.u."]       7.5987209846410186e-01
$End
$THERMOCHEMISTRY_Energies
   &GeometryIndex 1
   &ListStatus       OUT
   &TEMPERATURE [&Type "Double"]       2.9814999999999998e+02
   &PRESSURE [&Type "Double"]       1.0000000000000000e+00
   &TOTALMASS [&Type "Double"]       6.7090999999999980e+01
   &SPINDEGENERACY [&Type "Integer"] 1
   &ELENERGY [&Type "Double"]      -2.1012850470572798e+02
   &TRANSENERGY [&Type "Double"]       1.4162714244859817e-03
   &ROTENERGY [&Type "Double"]       1.4162714244859817e-03
   &VIBENERGY [&Type "Double"]       1.1691553155338439e-03
   &NUMOFFREQS [&Type "Integer"] 30
   &FREQSCALINGFACTOR [&Type "Double"]       1.0000000000000000e+00
   &FREQ [&Type "ArrayOfDoubles", &Dim (30,1)] "In cm^-1"
                                                         0

0                                      0.0000000000000000e+00
1                                      0.0000000000000000e+00
2                                      0.0000000000000000e+00
3                                      0.0000000000000000e+00
4                                      0.0000000000000000e+00
5                                      0.0000000000000000e+00
6                                      4.6918476535444654e+02
7                                      6.3082336715727752e+02
8                                      6.4511050652448910e+02
9                                      6.6809589910587908e+02
10                                     7.1698969959348642e+02
11                                     8.1026107829714579e+02
12                                     8.5712107042040259e+02
13                                     8.8220548073918690e+02
14                                     9.0379434088444577e+02
15                                     1.0325097811355452e+03
16                                     1.0640143213971298e+03
17                                     1.0923372917558158e+03
18                                     1.1593329841551267e+03
19                                     1.1694045811584012e+03
20                                     1.3042205406859468e+03
21                                     1.4150078865071850e+03
22                                     1.4438453861611306e+03
23                                     1.4929865436923360e+03
24                                     1.5672960315092721e+03
25                                     3.2301551556578352e+03
26                                     3.2397770892323720e+03
27                                     3.2522083009691592e+03
28                                     3.2591438485110893e+03
29                                     3.6684002333974054e+03
   &ZPE [&Type "Double"]       8.1955317590053312e-02
   &INNERENERGYU [&Type "Double"]      -2.1004254768997342e+02
   &ENTHALPYH [&Type "Double"]      -2.1004160348093117e+02
   &QEL [&Type "Double"]       0.0000000000000000e+00
   &QROT [&Type "Double"]       1.1527558439213581e-02
   &QVIB [&Type "Double"]       1.5202989908341886e-03
   &QTRANS [&Type "Double"]       1.8305979473233040e-02
   &ENTROPYS [&Type "Double"]       3.1353836903280807e-02
   &FREEENERGYG [&Type "Double"]      -2.1007295731783447e+02
   &ISLINEAR [&Type "Boolean"] false
$End
$Hessian
   &GeometryIndex 1
   &ListStatus       OUT
   &HESSIAN [&Type "ArrayOfDoubles", &Dim (30,30)] "The Hessian"
                                                         0                           1                           2                           3                           4                           5                           6                           7

0                                      7.8460269410589323e-01        -1.1844220115695342e-01         4.8717375469614494e-05        -1.0911931759588689e-01         1.3999398354657449e-02        -5.3665510534294286e-06        -1.8696507638807421e-03         1.6979110639016696e-02
1                                     -1.1844220115695342e-01         6.1976254508965456e-01         5.7365105204656429e-06        -1.4037517690743736e-02        -2.7826025400633203e-01        -1.2816616382574344e-05         7.2686354912183448e-02        -3.6694503750107993e-02
2                                      4.8717375469614494e-05         5.7365105204656429e-06         1.1263184171896756e-01        -6.1786963555398728e-06        -5.9852236350186705e-06        -5.7759800393535579e-02         2.3480243629736841e-06        -4.9260394292622276e-07
3                                     -1.0911931759588689e-01        -1.4037517690743736e-02        -6.1786963555398728e-06         7.8465296034702459e-01         1.1841169663242387e-01         6.0279485687983860e-05        -3.4700866557173560e-01         8.1499667466448947e-02
4                                      1.3999398354657449e-02        -2.7826025400633203e-01        -5.9852236350186705e-06         1.1841169663242387e-01         6.1971043793818015e-01         3.4572944896655630e-05         6.8100786284159637e-02        -1.2329862862208671e-01
5                                     -5.3665510534294286e-06        -1.2816616382574344e-05        -5.7759800393535579e-02         6.0279485687983860e-05         3.4572944896655630e-05         1.1263088735020144e-01        -2.1750990465631343e-05         3.8170770977411298e-06
6                                     -1.8696507638807421e-03         7.2686354912183448e-02         2.3480243629736841e-06        -3.4700866557173560e-01         6.8100786284159637e-02        -2.1750990465631343e-05         6.6390537487926904e-01        -1.3050469368526874e-01
7                                      1.6979110639016696e-02        -3.6694503750107993e-02        -4.9260394292622276e-07         8.1499667466448947e-02        -1.2329862862208671e-01         3.8170770977411298e-06        -1.3050469368526874e-01         7.8143473467091695e-01
8                                      1.6058117099499852e-07         2.9332887795343329e-06         1.1199257018178494e-02        -2.0711527459514859e-05         2.7135143776858895e-06        -6.0691038895879415e-02         3.8546658981646825e-05         1.9267057146385416e-05
9                                     -8.4383929754953416e-02         2.9650263333639362e-03        -5.5349773941563643e-06        -8.4392806811028759e-02        -2.9485807294031656e-03        -5.6037607552666524e-06        -1.6958018685651652e-01        -8.5316669718457708e-02
10                                     4.4149399258577630e-02        -8.4223073137402737e-03         2.6865258667692224e-06        -4.4132568775903644e-02        -8.4124387983821464e-03        -4.1725506999792536e-06        -8.9968255851229861e-02        -2.4145901586950241e-01
11                                    -9.8692476540681465e-07         4.7717833550660987e-06         1.3582190370783918e-02        -4.5892773570838319e-06        -6.4361327226892595e-06         1.3582238671922542e-02        -2.6220308810696022e-05        -1.5490761406120813e-05
12                                    -3.4704090421475925e-01        -6.8054234145133188e-02        -2.4714076870155749e-05        -1.8887108995379216e-03        -7.2693435273161758e-02        -2.4229927998104341e-06        -1.0106865939994228e-02         1.3880795481844238e-02
13                                    -8.1453581293573399e-02        -1.2326891862823128e-01        -8.5603423688662686e-06        -1.6986571309169241e-02        -3.6675140054460167e-02        -2.6367714580002727e-06        -1.3898674307040820e-02        -9.3407081981251028e-02
14                                    -2.6159285135999889e-05        -7.9915889233818717e-06        -6.0691918017677746e-02        -1.5595612993088187e-06        -6.2596278896908977e-06         1.1199130032143425e-02        -8.2032827083778066e-07        -1.2123809914533015e-06
15                                    -2.4574269365551271e-01         1.3956683228350866e-01        -1.4230068677375372e-05         6.3228643615404435e-03        -3.5200160756084092e-03         5.1851283592189463e-07         4.6586345312810400e-05        -1.9477573535917597e-03
16                                     1.4204344334037933e-01        -1.6118313503071274e-01         8.2236179926563984e-06         2.3970184652192118e-02        -6.3105313209647351e-03         2.2511120782233854e-06        -6.6657203320625007e-04        -6.6222973018829605e-03
17                                    -1.5514691679849309e-05         9.0221485490326728e-06        -2.4025174711313976e-02         2.0505594783700798e-06        -1.5247640768055939e-06        -1.3864183622602118e-03        -8.2114017595735497e-07        -8.4120462756053003e-07
18                                     6.3185201490357839e-03         3.5172412844556300e-03         1.1575813893538428e-06        -2.4580412161562731e-01        -1.3955008157707999e-01        -2.5689650611350979e-05        -1.0947903230658598e-02        -1.9886462029816476e-02
19                                    -2.3972879165074679e-02        -6.3061178777149771e-03        -2.2628784073267668e-06        -1.4202675819320285e-01        -1.6112408625531960e-01        -1.9218053395001617e-05         8.8206738802248455e-03         1.0418151203568536e-02
20                                     1.4392532563032092e-07         1.4930314898431613e-06        -1.3864920759578854e-03        -2.6460867044469042e-05        -1.9884210270651031e-05        -2.4024834259711123e-02         9.1883691449920508e-07        -1.2863867645313060e-06
21                                    -6.0828105774001495e-03         1.8207780273603062e-03        -7.9173145819661779e-07         3.1111067693275693e-03         2.3522776732004175e-02         1.8079444698878870e-06        -1.1034126031658546e-01         1.1625948723976215e-01
22                                     7.6517523490054465e-04         7.9831278008129797e-04        -1.1683313154278083e-07        -1.2390969707428701e-03         2.3502139588421275e-04        -6.8815422221620240e-07         1.0721842347055216e-01        -3.0094322620344860e-01
23                                    -1.0436295525716787e-06         4.2870342375941781e-07         4.4113044141837806e-03         3.0339592153676589e-07         2.1149965333742328e-06         2.6122528473844497e-07        -3.9697211022286667e-08        -9.4998664620755824e-06
24                                     2.1190280622521759e-04         3.5961738733721656e-03        -2.3044063983588015e-07         2.1001284621634513e-04        -3.5977256740555253e-03        -7.4238163458689595e-07        -9.6676662788682810e-03         5.7950335648662352e-03
25                                     4.5990233862121636e-03        -6.6653008235217307e-03        -3.3772717424334935e-07        -4.6007956382139179e-03        -6.6632175604438848e-03        -3.3320478947802013e-07        -2.6253674975136702e-02         1.1613362021541425e-02
26                                    -1.5328126330244415e-06        -2.1065427836909683e-06         2.0383520617498485e-03        -2.0577715257962160e-06         1.4314167687338937e-06         2.0382810061960969e-03         8.3146064032918389e-06         5.0879583803049128e-06
27                                     3.1061895012388201e-03        -2.3523612001952434e-02        -5.5508978108641565e-07        -6.0833218302924225e-03        -1.8193805838363220e-03        -9.6128515871749531e-07        -4.4297622663424831e-03         3.0495950944786267e-03
28                                     1.2382696823963202e-03         2.3967956062506332e-04         7.0405098202997228e-07        -7.6367826318863392e-04         7.9883728392496443e-04        -3.8571703396237430e-07         4.6575256054800195e-03        -1.0414941677470892e-03
29                                     1.5941128084460005e-06        -1.0658147300513203e-06         4.3961462160152509e-07        -1.1440705611784993e-06        -1.1329800730022610e-06         4.4112936256380736e-03         2.3564588427670356e-07         1.2949052196382299e-06
                                                         8                           9                          10                          11                          12                          13                          14                          15

0                                      1.6058117099499852e-07        -8.4383929754953416e-02         4.4149399258577630e-02        -9.8692476540681465e-07        -3.4704090421475925e-01        -8.1453581293573399e-02        -2.6159285135999889e-05        -2.4574269365551271e-01
1                                      2.9332887795343329e-06         2.9650263333639362e-03        -8.4223073137402737e-03         4.7717833550660987e-06        -6.8054234145133188e-02        -1.2326891862823128e-01        -7.9915889233818717e-06         1.3956683228350866e-01
2                                      1.1199257018178494e-02        -5.5349773941563643e-06         2.6865258667692224e-06         1.3582190370783918e-02        -2.4714076870155749e-05        -8.5603423688662686e-06        -6.0691918017677746e-02        -1.4230068677375372e-05
3                                     -2.0711527459514859e-05        -8.4392806811028759e-02        -4.4132568775903644e-02        -4.5892773570838319e-06        -1.8887108995379216e-03        -1.6986571309169241e-02        -1.5595612993088187e-06         6.3228643615404435e-03
4                                      2.7135143776858895e-06        -2.9485807294031656e-03        -8.4124387983821464e-03        -6.4361327226892595e-06        -7.2693435273161758e-02        -3.6675140054460167e-02        -6.2596278896908977e-06        -3.5200160756084092e-03
5                                     -6.0691038895879415e-02        -5.6037607552666524e-06        -4.1725506999792536e-06         1.3582238671922542e-02        -2.4229927998104341e-06        -2.6367714580002727e-06         1.1199130032143425e-02         5.1851283592189463e-07
6                                      3.8546658981646825e-05        -1.6958018685651652e-01        -8.9968255851229861e-02        -2.6220308810696022e-05        -1.0106865939994228e-02        -1.3898674307040820e-02        -8.2032827083778066e-07         4.6586345312810400e-05
7                                      1.9267057146385416e-05        -8.5316669718457708e-02        -2.4145901586950241e-01        -1.5490761406120813e-05         1.3880795481844238e-02        -9.3407081981251028e-02        -1.2123809914533015e-06        -1.9477573535917597e-03
8                                      1.0783186571094280e-01        -1.3848218366927220e-05        -5.1101971235262222e-06        -5.2027790131241800e-02        -7.9336022553766573e-07        -6.1242879560944195e-06         1.6264272751180447e-02        -5.5473891754798584e-07
9                                     -1.3848218366927220e-05         9.5387069106379996e-01        -4.4583301911452385e-05         1.6730867494737337e-04        -1.6954399269710013e-01         8.5303246706087799e-02        -7.5550782798793434e-06        -5.3903699274948109e-03
10                                    -5.1101971235262222e-06        -4.4583301911452385e-05         6.1214067332388900e-01         2.0193003009618519e-05         8.9955722258845724e-02        -2.4150000326978843e-01        -1.0471680407772830e-05        -1.8722497578388532e-03
11                                    -5.2027790131241800e-02         1.6730867494737337e-04         2.0193003009618519e-05         7.6469203497582364e-02        -2.0047884838334327e-05         1.1038137711795596e-06        -5.2026124315857888e-02        -6.3260723102519347e-07
12                                    -7.9336022553766573e-07        -1.6954399269710013e-01         8.9955722258845724e-02        -2.0047884838334327e-05         6.6395884178004105e-01         1.3052741155776482e-01         5.0288030816454596e-05        -1.0945358320655171e-02
13                                    -6.1242879560944195e-06         8.5303246706087799e-02        -2.4150000326978843e-01         1.1038137711795596e-06         1.3052741155776482e-01         7.8138738805810060e-01         3.7113627837625342e-05         1.9890934427566748e-02
14                                     1.6264272751180447e-02        -7.5550782798793434e-06        -1.0471680407772830e-05        -5.2026124315857888e-02         5.0288030816454596e-05         3.7113627837625342e-05         1.0783176351068813e-01        -1.8011722136658303e-07
15                                    -5.5473891754798584e-07        -5.3903699274948109e-03        -1.8722497578388532e-03        -6.3260723102519347e-07        -1.0945358320655171e-02         1.9890934427566748e-02        -1.8011722136658303e-07         2.5519053098468858e-01
16                                    -5.3544270954137159e-07        -4.1583722244937053e-03        -3.7589545370414566e-04        -9.7846114448215880e-07        -8.8162007914289395e-03         1.0415836353523000e-02        -3.9555078576427503e-07        -1.5362292198579736e-01
17                                     3.5107967802891693e-03        -1.1563998091453558e-06         1.2710574697181391e-06         4.5067760194141635e-03         1.5886796486764265e-07         2.1552307022717425e-06        -1.9181902007144574e-03         1.5747410645928127e-05
18                                    -1.6153007386095558e-06        -5.3890447671385757e-03         1.8733393742572141e-03        -5.7205563039454644e-07         4.7148358103267854e-05         1.9464099682079961e-03        -4.9413278474955320e-07        -6.9763267409926263e-05
19                                     1.3649575665629568e-06         4.1594700850097217e-03        -3.7711539045100239e-04         6.1112798079214460e-07         6.6519718191106018e-04        -6.6228381122043246e-03        -3.7662568865594934e-07         6.7119563160605248e-04
20                                    -1.9181910182370018e-03        -7.7434873306690100e-07        -1.5645185635929147e-06         4.5069445847249088e-03        -6.5807744089899228e-07        -7.8974578498366984e-08         3.5108456038377726e-03         4.3725413934409550e-08
21                                     2.9441346286015985e-07         1.2757399232748349e-02        -2.3486625617036874e-02         4.4309976767392667e-07        -4.4313350991406703e-03        -3.0489045853332561e-03        -7.4347645881817146e-07         4.4654611967842074e-04
22                                    -7.6382590371261492e-06         1.2915446832394387e-02        -1.9499781450293872e-02         3.9656325045239271e-08        -4.6567815980556237e-03        -1.0399431120918564e-03         1.5610669876753279e-07        -4.5263362707631538e-05
23                                    -1.8491111595076153e-02         1.8046960599807156e-06         3.2194451911503985e-07        -4.1157061042746100e-03         8.7249739443461846e-08        -1.5525053124134435e-06         1.8465726459767219e-03        -2.3974763443872252e-07
24                                    -1.8526171630436670e-06        -4.6070745400545055e-01         4.6161932575113562e-05        -1.1744760778563850e-04        -9.6623781240490689e-03        -5.7904459141620915e-03        -2.7365083079547558e-06        -2.5672867673313601e-04
25                                    -7.3789268819402525e-06         4.7167731715244321e-05        -7.2592404030712682e-02        -2.3969726827783135e-06         2.6257362146398351e-02         1.1608905699519259e-02         8.7355694587860684e-06         1.2963616534209033e-03
26                                    -7.5246928276006993e-03        -1.3513109157587666e-04        -2.5251313016889767e-06        -3.6182000586051921e-04         1.0038962544739192e-05        -3.6192082101400340e-06        -7.5253949186682746e-03        -5.9652802823630022e-07
27                                    -3.3719835686450374e-07         1.2759694523134520e-02         2.3479672430621736e-02         2.6188298961266537e-06        -1.1038644484290805e-01        -1.1629816458626682e-01        -1.0703783513962720e-05         3.9838603658548175e-04
28                                    -1.3549781134211281e-07        -1.2922163665261787e-02        -1.9501711747313966e-02        -1.4579809948895952e-06        -1.0725749748306640e-01        -3.0089820495311570e-01        -1.8667437146171247e-05        -4.4803448257994816e-04
29                                     1.8466322074441757e-03         6.1656571436969313e-07        -5.8752825940213948e-07        -4.1159125871930869e-03        -1.1272478434344715e-05        -1.8430994589352410e-05        -1.8490957090908137e-02        -9.4933941532807460e-08
                                                        16                          17                          18                          19                          20                          21                          22                          23

0                                      1.4204344334037933e-01        -1.5514691679849309e-05         6.3185201490357839e-03        -2.3972879165074679e-02         1.4392532563032092e-07        -6.0828105774001495e-03         7.6517523490054465e-04        -1.0436295525716787e-06
1                                     -1.6118313503071274e-01         9.0221485490326728e-06         3.5172412844556300e-03        -6.3061178777149771e-03         1.4930314898431613e-06         1.8207780273603062e-03         7.9831278008129797e-04         4.2870342375941781e-07
2                                      8.2236179926563984e-06        -2.4025174711313976e-02         1.1575813893538428e-06        -2.2628784073267668e-06        -1.3864920759578854e-03        -7.9173145819661779e-07        -1.1683313154278083e-07         4.4113044141837806e-03
3                                      2.3970184652192118e-02         2.0505594783700798e-06        -2.4580412161562731e-01        -1.4202675819320285e-01        -2.6460867044469042e-05         3.1111067693275693e-03        -1.2390969707428701e-03         3.0339592153676589e-07
4                                     -6.3105313209647351e-03        -1.5247640768055939e-06        -1.3955008157707999e-01        -1.6112408625531960e-01        -1.9884210270651031e-05         2.3522776732004175e-02         2.3502139588421275e-04         2.1149965333742328e-06
5                                      2.2511120782233854e-06        -1.3864183622602118e-03        -2.5689650611350979e-05        -1.9218053395001617e-05        -2.4024834259711123e-02         1.8079444698878870e-06        -6.8815422221620240e-07         2.6122528473844497e-07
6                                     -6.6657203320625007e-04        -8.2114017595735497e-07        -1.0947903230658598e-02         8.8206738802248455e-03         9.1883691449920508e-07        -1.1034126031658546e-01         1.0721842347055216e-01        -3.9697211022286667e-08
7                                     -6.6222973018829605e-03        -8.4120462756053003e-07        -1.9886462029816476e-02         1.0418151203568536e-02        -1.2863867645313060e-06         1.1625948723976215e-01        -3.0094322620344860e-01        -9.4998664620755824e-06
8                                     -5.3544270954137159e-07         3.5107967802891693e-03        -1.6153007386095558e-06         1.3649575665629568e-06        -1.9181910182370018e-03         2.9441346286015985e-07        -7.6382590371261492e-06        -1.8491111595076153e-02
9                                     -4.1583722244937053e-03        -1.1563998091453558e-06        -5.3890447671385757e-03         4.1594700850097217e-03        -7.7434873306690100e-07         1.2757399232748349e-02         1.2915446832394387e-02         1.8046960599807156e-06
10                                    -3.7589545370414566e-04         1.2710574697181391e-06         1.8733393742572141e-03        -3.7711539045100239e-04        -1.5645185635929147e-06        -2.3486625617036874e-02        -1.9499781450293872e-02         3.2194451911503985e-07
11                                    -9.7846114448215880e-07         4.5067760194141635e-03        -5.7205563039454644e-07         6.1112798079214460e-07         4.5069445847249088e-03         4.4309976767392667e-07         3.9656325045239271e-08        -4.1157061042746100e-03
12                                    -8.8162007914289395e-03         1.5886796486764265e-07         4.7148358103267854e-05         6.6519718191106018e-04        -6.5807744089899228e-07        -4.4313350991406703e-03        -4.6567815980556237e-03         8.7249739443461846e-08
