
$orca_hessian_file

$act_atom
  0

$act_coord
  0

$act_energy
        0.000000

$multiplicity
  1

$hessian
48
                    0                  1                  2                  3                  4        
    0      7.0859921368E-01   3.9796564286E-02  -2.4930513789E-05  -1.3004082969E-01  -3.1087549300E-02
    1      3.9796564286E-02   6.6200520856E-01   8.9582308595E-07   3.1090582850E-02  -3.1953560238E-01
    2     -2.4930513789E-05   8.9582308595E-07   1.3577268980E-01   2.5885796488E-06  -4.6955211817E-07
    3     -1.3004082969E-01   3.1090582850E-02   2.5885796488E-06   7.0860039781E-01  -3.9795800354E-02
    4     -3.1087549300E-02  -3.1953560238E-01  -4.6955211817E-07  -3.9795800354E-02   6.6200411214E-01
    5      1.9714814182E-06  -1.5698489313E-06  -6.3021596377E-02  -2.1759749408E-05   2.8269545043E-06
    6      3.0753493307E-02  -7.1536529919E-02  -1.4455132900E-06  -2.6523085040E-01  -5.4532530049E-02
    7     -3.0952880202E-02  -2.6551825725E-02   1.3297637513E-06  -1.1425751385E-01  -1.8081423865E-01
    8     -7.8621290216E-07   2.4204102420E-06   7.2710390159E-03   7.5514704051E-06   1.3579950134E-06
    9     -1.2972339064E-02   2.3077413529E-02   9.2266640206E-07  -6.2559221490E-02  -2.1103269163E-02
   10      2.6504213667E-02  -4.6810977217E-02  -1.7221756524E-06   1.9727277535E-02   5.8936555258E-02
   11      6.5650410822E-07  -1.1660141008E-06  -8.7528589767E-03   2.5886499008E-06   6.7263039888E-07
   12     -6.2559232977E-02   2.1101314269E-02   1.3897447522E-06  -1.2971532931E-02  -2.3076876218E-02
   13     -1.9729276627E-02   5.8936590700E-02  -1.0571155419E-07  -2.6503654721E-02  -4.6811779994E-02
   14      2.1990115920E-06  -7.0365945474E-07   9.2217463489E-03   4.4588791349E-07   1.3720882897E-06
   15     -2.6523365337E-01   5.4531191211E-02   1.0991498316E-05   3.0751847810E-02   7.1537437112E-02
   16      1.1425617797E-01  -1.8081140449E-01  -5.9785248944E-06   3.0953819421E-02  -2.6550236197E-02
   17      1.0389194541E-05  -3.0985760157E-06  -6.3130693110E-02  -7.5620873358E-07  -1.7067333356E-06
   18      3.5387948266E-04  -7.1318356408E-03  -1.3983534059E-07  -8.5833635740E-04  -3.6344014299E-03
   19     -9.6800448169E-03   9.6543763122E-04   6.9670434025E-07  -2.8990706437E-03  -5.6879953327E-03
   20      2.0959163696E-07   3.7790446102E-07   8.8792477952E-03   1.1050491122E-07   3.0618164167E-07
   21      8.8865644707E-04   3.1186186498E-04   9.0353966053E-08   6.0864045434E-04   1.3897507404E-03
   22      2.1460752475E-03  -1.0111641667E-05  -1.6207691994E-07  -6.6164809110E-04   6.0923209323E-04
   23     -2.2522021463E-08  -2.7235327833E-08  -1.2452311618E-03  -3.5305108426E-08  -7.2803998819E-08
   24     -4.6865315337E-03   2.6160078958E-03   1.1716345296E-07  -4.6864928116E-03  -2.6161228331E-03
   25      6.7814774522E-05   2.5561671894E-03   3.0647757971E-08  -6.7935844025E-05   2.5561389920E-03
   26      3.7057134948E-08  -5.3994348633E-08  -7.9216961115E-04  -2.9455029814E-08  -5.3040079017E-08
   27     -8.5842474661E-04   3.6344743727E-03   5.1471891784E-07   3.5362428780E-04   7.1318132338E-03
   28      2.8991538622E-03  -5.6878795047E-03  -1.7350004817E-07   9.6800432097E-03   9.6568584481E-04
   29     -2.4052946772E-07   2.0803860549E-07  -1.2645816317E-03   3.6734678331E-07  -2.3232787205E-07
   30      6.0865050048E-04  -1.3897434180E-03  -6.1126633583E-08   8.8869689051E-04  -3.1183909440E-04
   31      6.6163899377E-04   6.0921733058E-04   1.9449892404E-07  -2.1460529156E-03  -1.0145632431E-05
   32      6.7953548490E-08  -6.4773783045E-08   3.7173423852E-04  -1.0755198258E-07   1.2175280334E-08
   33     -2.6887295639E-01  -1.1839509062E-01   1.0135959625E-05   3.3543070524E-03   2.1843537836E-03
   34     -1.1826933683E-01  -1.2489913150E-01   4.8704694526E-06  -2.9000293453E-02  -1.0823663167E-02
   35      9.3113905817E-06   4.6679517754E-06  -3.6832850412E-02  -1.8120643995E-07  -5.4955301881E-07
   36      3.3538720966E-03  -2.1841223759E-03  -1.9015070103E-07  -2.6887674566E-01   1.1839276878E-01
   37      2.9000515730E-02  -1.0823231089E-02  -1.0808905108E-06   1.1826701884E-01  -1.2489530405E-01
   38      1.9565619104E-07  -8.3432758185E-08   3.0302316113E-03   8.6254597087E-06  -4.0008541863E-06
   39     -4.6610796086E-03  -2.2295860178E-03   4.8863297324E-07   5.1414239011E-03  -2.7398926673E-02
   40     -2.8793439992E-03   7.8789606886E-04   5.9765111540E-07   2.3921232198E-03  -1.0373725092E-02
   41      4.5372176720E-07   1.2974560318E-08   7.5048611940E-03   2.0378471223E-07   1.2273477326E-06
   42      5.1410195933E-03   2.7399172171E-02  -3.4629255784E-07  -4.6611687886E-03   2.2294933845E-03
   43     -2.3918720528E-03  -1.0373317595E-02   1.0974209868E-06   2.8792569284E-03   7.8798042314E-04
   44      3.2030816472E-07  -1.8276758503E-06   3.2862885402E-03   6.8593262329E-07  -2.1358421327E-08
   45      1.8626226515E-04  -6.3691774040E-04   2.6037688741E-08   1.8623992050E-04   6.3693432738E-04
   46     -3.9660742226E-04  -3.5703633130E-04  -1.4721190266E-08   3.9661162623E-04  -3.5701425880E-04
   47      1.5984064999E-08   6.2813143584E-09  -2.9785726525E-04   1.0882474520E-08  -1.5049302205E-09
                    5                  6                  7                  8                  9        
    0      1.9714814182E-06   3.0753493307E-02  -3.0952880202E-02  -7.8621290216E-07  -1.2972339064E-02
    1     -1.5698489313E-06  -7.1536529919E-02  -2.6551825725E-02   2.4204102420E-06   2.3077413529E-02
    2     -6.3021596377E-02  -1.4455132900E-06   1.3297637513E-06   7.2710390159E-03   9.2266640206E-07
    3     -2.1759749408E-05  -2.6523085040E-01  -1.1425751385E-01   7.5514704051E-06  -6.2559221490E-02
    4      2.8269545043E-06  -5.4532530049E-02  -1.8081423865E-01   1.3579950134E-06  -2.1103269163E-02
    5      1.3577258057E-01   8.4668754904E-06   4.0863660351E-06  -6.3130731312E-02   1.6569418968E-06
    6      8.4668754904E-06   6.4286500881E-01  -1.8674170946E-02  -1.9147783831E-05  -2.7515997359E-01
    7      4.0863660351E-06  -1.8674170946E-02   7.5116260672E-01   4.1023006114E-06   1.2648460010E-01
    8     -6.3130731312E-02  -1.9147783831E-05   4.1023006114E-06   1.3566893093E-01   7.8967329254E-06
    9      1.6569418968E-06  -2.7515997359E-01   1.2648460010E-01   7.8967329254E-06   7.1412678797E-01
   10      3.4761380199E-08   8.3216634662E-02  -1.9729456936E-01  -4.2839528527E-06  -9.6286460955E-02
   11      9.2217831060E-03   6.4942714652E-06  -5.1871658686E-06  -6.1243776053E-02  -1.5556385045E-05
   12      1.1345069709E-06   2.0611337894E-02   3.0440045650E-02  -4.4211345864E-07  -1.1588448148E-01
   13      1.4424038312E-06   6.9007320605E-02  -2.7710133607E-02  -2.7089408925E-06  -2.5314111254E-02
   14     -8.7528123646E-03   8.1729933569E-07  -1.1311484193E-06   9.9368355162E-03   3.9867894692E-07
   15     -1.4607682358E-07  -5.8813667012E-02   1.6448172370E-03   1.6993391510E-06   2.0612947930E-02
   16     -2.0601756804E-06  -1.6458009874E-03   2.9545182069E-03   1.9659514727E-07  -3.0439271534E-02
   17      7.2710106777E-03   2.2539495266E-06  -3.7515943814E-07  -6.8503956888E-03  -1.5882296803E-07
   18     -1.8472582243E-07   1.0395642314E-02  -4.9598704774E-03  -4.5531954534E-07  -1.3989144620E-02
   19      5.1745952124E-07   2.9013704415E-03  -8.9960983906E-03  -6.4011229094E-07   2.8307965427E-02
   20     -1.2645860494E-03   2.6142058372E-07  -1.7506534046E-07   6.4365260386E-03   4.0317832319E-07
   21      2.0538071790E-08  -1.7037783831E-03   3.3616058994E-03   4.3026794477E-08  -6.6763025196E-03
   22     -2.6900552074E-07   7.1422655310E-04  -1.6328252788E-04   2.4615288421E-07   4.9696043793E-03
   23      3.7175034809E-04  -4.2208996965E-08  -1.2685405147E-08  -1.3613438728E-03   2.2022838556E-07
   24      2.2505763633E-07   1.2001763781E-03  -7.2063201075E-03  -1.4096791207E-07  -5.5306654688E-02
   25     -1.3951584461E-08  -7.2771538101E-03   1.7361885994E-03   2.9041233275E-07   1.9633682837E-02
   26     -7.9216474482E-04   1.9517824624E-07   1.1038213406E-07   6.2203944348E-04   1.7958498688E-06
   27     -3.2724256169E-07  -3.1116315910E-02  -1.5325014368E-03   1.1877494371E-06  -1.8006006808E-01
   28     -7.9434952111E-07   7.2220494189E-03   1.8778382106E-02   4.4778387498E-07   5.4316311366E-03
   29      8.8792469598E-03   1.4821399408E-06   1.8186768394E-07  -2.3793976400E-04   1.3335369751E-06
   30      4.4713882657E-08   4.1909693369E-03  -7.3088752834E-04  -2.6005121727E-07  -1.0541770504E-02
   31      7.0689137384E-08   4.1009954325E-03  -3.6389679835E-03  -2.3397749936E-07  -3.3496974993E-02
   32     -1.2452075436E-03  -7.7132632194E-08   6.4322648555E-09  -6.6351564717E-04   3.7503118800E-07
   33     -4.1014376723E-07   1.6231534237E-03   5.1305131867E-04   4.9203310084E-07   4.2407172178E-04
   34      9.1079979443E-07   9.7837356544E-04  -5.8882426166E-03   2.1672430454E-08   1.0653793817E-03
   35      3.0302392022E-03   1.6872368469E-07   8.0194084087E-08   7.3615820891E-03  -1.7067659367E-07
   36      8.8175878450E-06  -1.8961545698E-02   1.5220841086E-02   7.8495057868E-07  -3.9157061287E-03
   37     -4.4633186855E-06  -1.5419478809E-02   1.1447502533E-02   7.5895809313E-07  -3.6675308310E-03
   38     -3.6832817468E-02   7.0539135260E-07  -7.8234669444E-07   3.1736093013E-03   3.8868337319E-07
   39     -2.9600024589E-07  -5.8848139410E-02   1.0451207396E-03   8.3830014844E-07   6.2599970558E-03
   40     -8.7969428189E-07   1.5716438692E-04  -3.3707474270E-01  -1.9731713818E-06  -7.1495803192E-05
   41      3.2862978171E-03   4.2334842407E-07  -2.5138722268E-06  -3.7468523987E-02   3.2194774564E-08
   42      5.2503166953E-07  -1.1403130659E-03   6.7694623051E-05   2.6789702875E-08  -4.9550128688E-03
   43     -5.1637794519E-07   2.0897464088E-05   6.0565763882E-04   1.8239294793E-07  -2.5820271071E-03
   44      7.5048708504E-03   6.7221560543E-09   1.1318007749E-07  -7.6014143872E-04   2.4221915464E-07
   45     -4.7818631250E-08  -6.6519799179E-04  -5.6129399310E-04   1.4279557914E-07   5.9687034896E-04
   46      9.6430462729E-09   8.6429387653E-04   1.4472457476E-03   9.7732851056E-09   3.7562354675E-03
   47     -2.9786367163E-04   6.5795881210E-09  -2.7335194617E-08   1.2458054281E-03  -5.5904224334E-08
                   10                 11                 12                 13                 14        
    0      2.6504213667E-02   6.5650410822E-07  -6.2559232977E-02  -1.9729276627E-02   2.1990115920E-06
    1     -4.6810977217E-02  -1.1660141008E-06   2.1101314269E-02   5.8936590700E-02  -7.0365945474E-07
    2     -1.7221756524E-06  -8.7528589767E-03   1.3897447522E-06  -1.0571155419E-07   9.2217463489E-03
    3      1.9727277535E-02   2.5886499008E-06  -1.2971532931E-02  -2.6503654721E-02   4.4588791349E-07
    4      5.8936555258E-02   6.7263039888E-07  -2.3076876218E-02  -4.6811779994E-02   1.3720882897E-06
    5      3.4761380199E-08   9.2217831060E-03   1.1345069709E-06   1.4424038312E-06  -8.7528123646E-03
    6      8.3216634662E-02   6.4942714652E-06   2.0611337894E-02   6.9007320605E-02   8.1729933569E-07
    7     -1.9729456936E-01  -5.1871658686E-06   3.0440045650E-02  -2.7710133607E-02  -1.1311484193E-06
    8     -4.2839528527E-06  -6.1243776053E-02  -4.4211345864E-07  -2.7089408925E-06   9.9368355162E-03
    9     -9.6286460955E-02  -1.5556385045E-05  -1.1588448148E-01  -2.5314111254E-02   3.9867894692E-07
   10      6.7795216983E-01   7.5754442404E-06   2.5317152548E-02  -3.0444103135E-01  -1.6392927293E-06
   11      7.5754442404E-06   1.4183001831E-01   3.4922750953E-07  -1.4878055151E-06  -7.1755315464E-02
   12      2.5317152548E-02   3.4922750953E-07   7.1412406114E-01   9.6286871667E-02  -1.2355936141E-05
   13     -3.0444103135E-01  -1.4878055151E-06   9.6286871667E-02   6.7795556279E-01   1.3611893536E-07
   14     -1.6392927293E-06  -7.1755315464E-02  -1.2355936141E-05   1.3611893536E-07   1.4182992068E-01
   15     -6.9006548189E-02  -1.0248905144E-06  -2.7515655704E-01  -8.3217866139E-02   5.1534247957E-06
   16     -2.7711677204E-02   6.6208703371E-07  -1.2648583625E-01  -1.9729807074E-01   3.0743576909E-06
   17      2.4208587040E-06   9.9368540300E-03   6.1335896240E-06   3.5739501007E-06  -6.1243716708E-02
   18      2.8899984995E-02   1.4837486912E-06  -1.8006071848E-01   2.4615404278E-02   7.7631833413E-07
   19     -2.3339138367E-02  -2.1003185094E-06  -5.4326963776E-03  -1.0258580231E-01  -1.9887852588E-06
   20     -1.6333213931E-06   3.5326210846E-03   1.8135599692E-06  -1.3343767888E-06  -7.8972550181E-02
   21     -2.4301911763E-03  -2.3986387636E-07  -1.0543019845E-02   4.6642193124E-02   6.1153632202E-07
   22      4.2603145515E-03   7.1251263216E-07   3.3497169328E-02  -2.2971997681E-02   6.8227632392E-09
   23      3.3686373209E-07   1.6842949613E-03   3.2870594556E-07  -3.6902881806E-07   1.8916996058E-02
   24      3.1203523292E-02   1.6729283514E-06  -5.5305914486E-02  -3.1204482727E-02   1.8463429123E-06
   25      3.4057514107E-03  -7.9096662573E-07  -1.9634600885E-02   3.4049800790E-03   1.2430045202E-06
   26     -5.4914189510E-07   1.4930102148E-02   9.2700055701E-07   9.0711825282E-07   1.4930091922E-02
   27     -2.4616479993E-02   2.0812926591E-06  -1.3988248247E-02  -2.8899820264E-02  -9.4253276245E-07
   28     -1.0258597614E-01   1.6550627171E-07  -2.8307861203E-02  -2.3340079548E-02  -2.0665182076E-07
   29      1.6188403257E-07  -7.8972643511E-02   2.0165222740E-07  -2.9535658286E-08   3.5326381275E-03
   30     -4.6641988973E-02   1.2544345693E-07  -6.6762566670E-03   2.4300087659E-03   3.4549093663E-07
   31     -2.2973266156E-02   2.5487518877E-07  -4.9697733860E-03   4.2602881589E-03   2.8329229774E-07
   32      4.1091949418E-07   1.8917024022E-02   8.4827484027E-08   1.3705365765E-07   1.6843023850E-03
   33      9.4368730897E-04   2.8130265378E-07  -3.9158450557E-03   4.2313307185E-03  -7.8687163363E-08
   34     -9.6035757804E-04   1.7612846971E-07   3.6674868630E-03  -9.7470257368E-04  -5.0539356515E-07
   35     -9.9635842211E-08  -8.3537725757E-04   3.3975044896E-07  -5.8786278232E-07   7.2502282709E-03
   36     -4.2313726157E-03   3.8842886240E-07   4.2410592178E-04  -9.4366532754E-04  -1.8197095751E-07
   37     -9.7483763705E-04   1.4651300795E-07  -1.0653559520E-03  -9.6039137251E-04   2.5607540999E-08
   38      2.9022691453E-07   7.2502415413E-03   2.4724486175E-08   2.0032532534E-07  -8.3539277745E-04
   39      2.8182038675E-02   1.5419097977E-07  -4.9550878548E-03   1.7196571266E-03   3.3453422223E-07
   40     -1.2741800278E-02   6.2958160914E-08   2.5819183451E-03   1.2192842531E-03  -5.1271921697E-07
   41     -1.1855289205E-06   2.8919646116E-03   4.7562378064E-07   7.7639765069E-08   7.9672133717E-03
   42     -1.7197613227E-03   4.5331073191E-07   6.2604444135E-03  -2.8181732580E-02   2.2875471252E-07
   43      1.2192129547E-03   5.4412990985E-07   7.1809739550E-05  -1.2742254224E-02  -2.4420523005E-07
   44     -5.0223055525E-08   7.9672076143E-03  -5.3315710350E-08   7.9600012582E-07   2.8919488926E-03
   45      1.1729199204E-03   3.6768668253E-07   5.9694568675E-04  -1.1728189336E-03   2.1542137428E-07
   46     -5.9403727235E-03  -2.3890733378E-07  -3.7561258541E-03  -5.9404625878E-03   1.4364064617E-08
   47     -6.9293517859E-08   3.3978598311E-03  -1.6512281839E-07   1.2885160766E-07   3.3978659206E-03
                   15                 16                 17                 18                 19        
    0     -2.6523365337E-01   1.1425617797E-01   1.0389194541E-05   3.5387948266E-04  -9.6800448169E-03
    1      5.4531191211E-02  -1.8081140449E-01  -3.0985760157E-06  -7.1318356408E-03   9.6543763122E-04
    2      1.0991498316E-05  -5.9785248944E-06  -6.3130693110E-02  -1.3983534059E-07   6.9670434025E-07
    3      3.0751847810E-02   3.0953819421E-02  -7.5620873358E-07  -8.5833635740E-04  -2.8990706437E-03
    4      7.1537437112E-02  -2.6550236197E-02  -1.7067333356E-06  -3.6344014299E-03  -5.6879953327E-03
    5     -1.4607682358E-07  -2.0601756804E-06   7.2710106777E-03  -1.8472582243E-07   5.1745952124E-07
    6     -5.8813667012E-02  -1.6458009874E-03   2.2539495266E-06   1.0395642314E-02   2.9013704415E-03
    7      1.6448172370E-03   2.9545182069E-03  -3.7515943814E-07  -4.9598704774E-03  -8.9960983906E-03
    8      1.6993391510E-06   1.9659514727E-07  -6.8503956888E-03  -4.5531954534E-07  -6.4011229094E-07
    9      2.0612947930E-02  -3.0439271534E-02  -1.5882296803E-07  -1.3989144620E-02   2.8307965427E-02
   10     -6.9006548189E-02  -2.7711677204E-02   2.4208587040E-06   2.8899984995E-02  -2.3339138367E-02
   11     -1.0248905144E-06   6.6208703371E-07   9.9368540300E-03   1.4837486912E-06  -2.1003185094E-06
   12     -2.7515655704E-01  -1.2648583625E-01   6.1335896240E-06  -1.8006071848E-01  -5.4326963776E-03
   13     -8.3217866139E-02  -1.9729807074E-01   3.5739501007E-06   2.4615404278E-02  -1.0258580231E-01
   14      5.1534247957E-06   3.0743576909E-06  -6.1243716708E-02   7.7631833413E-07  -1.9887852588E-06
   15      6.4286444916E-01   1.8672354851E-02  -1.9192603515E-05  -3.1116220376E-02  -7.2228552946E-03
   16      1.8672354851E-02   7.5116322931E-01  -2.7311887944E-06   1.5317080001E-03   1.8778292004E-02
   17     -1.9192603515E-05  -2.7311887944E-06   1.3566881144E-01   9.0742263358E-07   1.3175569764E-08
   18     -3.1116220376E-02   1.5317080001E-03   9.0742263358E-07   5.6836168079E-01  -1.6519315953E-01
   19     -7.2228552946E-03   1.8778292004E-02   1.3175569764E-08  -1.6519315953E-01   8.9452249982E-01
   20      1.1860271146E-06   2.1768020574E-07  -2.3796770120E-04  -1.1185787164E-05   1.2914792469E-05
   21      4.1910197224E-03   7.3101512745E-04  -2.7696068794E-07  -1.8880816895E-01   1.8696195195E-01
   22     -4.1008888840E-03  -3.6390230644E-03   1.7860401531E-07   1.9323309597E-01  -5.6681295127E-01
   23     -1.8411868887E-07  -1.9689549192E-07  -6.6348889966E-04   4.8886888529E-06  -9.8411121721E-06
   24      1.1999414505E-03   7.2063144201E-03   4.3551403456E-08  -2.0886366381E-01  -5.5111120868E-02
   25      7.2771574877E-03   1.7364148763E-03  -3.3390477730E-07  -3.7561519340E-02  -1.5817621018E-01
   26      2.0588028257E-07  -1.3114697245E-07   6.2203651724E-04   5.0548470717E-06   1.1766284530E-06
   27      1.0395602697E-02   4.9601771975E-03  -1.4483255702E-06   6.1932984828E-02   2.8865262024E-02
   28     -2.9010610138E-03  -8.9960616548E-03  -1.9066147797E-07  -2.8863078773E-02  -7.6761288191E-02
   29      3.9069261427E-07  -2.8592477691E-07   6.4365205341E-03  -2.5369788017E-06  -9.0508255053E-07
   30     -1.7037090765E-03  -3.3616295782E-03   1.8923739024E-07  -1.0210321366E-02  -2.6728454920E-03
   31     -7.1424558885E-04  -1.6334926149E-04  -8.6941497177E-08   2.5214249138E-02   1.3603929985E-02
   32     -4.7001849235E-08   6.8549000951E-08  -1.3613321412E-03   7.3326812910E-07   1.3311604355E-07
   33     -1.8961565033E-02  -1.5221341151E-02   2.2016369845E-07   4.4703164301E-04  -1.5024682117E-03
   34      1.5418989837E-02   1.1447501936E-02  -1.0501053623E-06   3.0502560573E-04   8.7654165771E-04
   35      1.2705043027E-06   1.0189219628E-06   3.1736268979E-03   3.7427632402E-08  -2.9077585811E-09
   36      1.6231821066E-03  -5.1292548845E-04   1.8869308198E-07  -1.3950336317E-04  -3.7031119385E-04
   37     -9.7825228739E-04  -5.8882682494E-03  -6.2822215646E-09  -1.8959979171E-04  -2.9568215516E-04
   38     -4.3932896912E-08  -1.5472304155E-07   7.3615887430E-03   1.5494465695E-07   5.0622568071E-08
   39     -1.1403093868E-03  -6.7719571191E-05  -1.9603975826E-08   1.5965847959E-03   1.9911026850E-03
   40     -2.0926837448E-05   6.0565694406E-04  -3.5591894920E-07  -5.5177424449E-04  -8.9564993703E-04
   41     -1.0558999635E-07  -4.9414541761E-09  -7.6014688482E-04   3.0568271590E-08  -1.7785675437E-07
   42     -5.8848122937E-02  -1.0406067526E-03   8.6541678342E-07   1.4167627662E-03  -1.5431900000E-03
   43     -1.5265937500E-04  -3.3707476771E-01   4.0253392218E-06   1.7675762585E-03  -9.1346017941E-04
   44      5.2378611311E-07   6.0125025689E-06  -3.7468507425E-02  -2.1258679110E-07  -5.6229536886E-08
   45     -6.6518664653E-04   5.6125495097E-04  -3.7592775463E-08  -1.0458489301E-02   2.6228566088E-03
   46     -8.6433475531E-04   1.4472452995E-03   2.2363513512E-08  -2.7504551716E-02   1.5717575212E-02
   47      2.1961137010E-08  -5.9917598940E-09   1.2457997168E-03   3.6882877248E-07  -8.9777775489E-07
                   20                 21                 22                 23                 24        
    0      2.0959163696E-07   8.8865644707E-04   2.1460752475E-03  -2.2522021463E-08  -4.6865315337E-03
    1      3.7790446102E-07   3.1186186498E-04  -1.0111641667E-05  -2.7235327833E-08   2.6160078958E-03
    2      8.8792477952E-03   9.0353966053E-08  -1.6207691994E-07  -1.2452311618E-03   1.1716345296E-07
    3      1.1050491122E-07   6.0864045434E-04  -6.6164809110E-04  -3.5305108426E-08  -4.6864928116E-03
    4      3.0618164167E-07   1.3897507404E-03   6.0923209323E-04  -7.2803998819E-08  -2.6161228331E-03
    5     -1.2645860494E-03   2.0538071790E-08  -2.6900552074E-07   3.7175034809E-04   2.2505763633E-07
    6      2.6142058372E-07  -1.7037783831E-03   7.1422655310E-04  -4.2208996965E-08   1.2001763781E-03
    7     -1.7506534046E-07   3.3616058994E-03  -1.6328252788E-04  -1.2685405147E-08  -7.2063201075E-03
    8      6.4365260386E-03   4.3026794477E-08   2.4615288421E-07  -1.3613438728E-03  -1.4096791207E-07
    9      4.0317832319E-07  -6.6763025196E-03   4.9696043793E-03   2.2022838556E-07  -5.5306654688E-02
   10     -1.6333213931E-06  -2.4301911763E-03   4.2603145515E-03   3.3686373209E-07   3.1203523292E-02
   11      3.5326210846E-03  -2.3986387636E-07   7.1251263216E-07   1.6842949613E-03   1.6729283514E-06
   12      1.8135599692E-06  -1.0543019845E-02   3.3497169328E-02   3.2870594556E-07  -5.5305914486E-02
   13     -1.3343767888E-06   4.6642193124E-02  -2.2971997681E-02  -3.6902881806E-07  -3.1204482727E-02
   14     -7.8972550181E-02   6.1153632202E-07   6.8227632392E-09   1.8916996058E-02   1.8463429123E-06
   15      1.1860271146E-06   4.1910197224E-03  -4.1008888840E-03  -1.8411868887E-07   1.1999414505E-03
   16      2.1768020574E-07   7.3101512745E-04  -3.6390230644E-03  -1.9689549192E-07   7.2063144201E-03
   17     -2.3796770120E-04  -2.7696068794E-07   1.7860401531E-07  -6.6348889966E-04   4.3551403456E-08
   18     -1.1185787164E-05  -1.8880816895E-01   1.9323309597E-01   4.8886888529E-06  -2.0886366381E-01
   19      1.2914792469E-05   1.8696195195E-01  -5.6681295127E-01  -9.8411121721E-06  -5.5111120868E-02
   20      2.0486390916E-01   4.7408289082E-06  -1.0168749621E-05  -7.5374675276E-02   4.6740658953E-06
   21      4.7408289082E-06   1.7116893534E-01  -2.1971955387E-01  -4.5420885939E-06   3.8709703457E-02
   22     -1.0168749621E-05  -2.1971955387E-01   6.8196418161E-01   9.0873145898E-06   6.4611631127E-03
   23     -7.5374675276E-02  -4.5420885939E-06   9.0873145898E-06   3.6688834833E-02  -7.4623497889E-07
   24      4.6740658953E-06   3.8709703457E-02   6.4611631127E-03  -7.4623497889E-07   8.9855697044E-01
   25      9.8230250932E-07  -2.0966981877E-02  -9.7169632320E-02   5.5457421290E-07   2.9271862320E-06
   26     -5.5257285133E-02  -8.1302114367E-07   3.4808994226E-08   1.8107033235E-02  -2.6972011238E-05
   27     -1.3098509460E-06  -1.0209955651E-02  -2.5214602473E-02   6.0156501138E-08  -2.0886507646E-01
   28      8.3985913483E-07   2.6724880849E-03   1.3603599301E-02   8.4813921020E-08   5.5110093865E-02
   29     -1.1875864881E-02   6.3691642941E-07   5.2455770613E-07   7.4718567619E-03   4.5490661799E-06
   30      2.0749417648E-07   1.8439736464E-03   4.6821854733E-03   2.3241792742E-08   3.8709491613E-02
   31     -1.5923610609E-06  -4.6820031749E-03  -9.9242968878E-03   3.0973265482E-07  -6.4590414439E-03
   32      7.4718513203E-03  -1.8628855819E-07  -1.0715092649E-07  -1.9098049973E-03  -6.8435198083E-07
   33     -1.5502268284E-07  -2.3710703440E-04   4.4668411448E-04   4.5754007202E-08  -7.1480287092E-04
   34     -1.2557578844E-07  -3.6433189540E-05  -1.0250353484E-04   1.6712402682E-08   3.8765932066E-04
   35      4.7062043496E-04   9.1173902399E-09   4.3272446983E-08   3.9097143772E-05   1.3892090574E-08
   36     -4.2815238475E-08  -3.9836791895E-05   2.2936280874E-04   2.8197465428E-09  -7.1480422041E-04
   37     -3.0628187135E-08   1.0710236195E-04   1.4752820716E-04   7.4611309373E-09  -3.8767241129E-04
   38     -1.2239114752E-03  -1.8166281921E-08  -5.5183660635E-08   1.7231783730E-04   2.3620477537E-08
   39      4.1890210421E-08  -9.7689010164E-04   9.1940946272E-05  -4.6309335183E-09   5.8828949015E-05
   40     -1.6212562971E-07   4.8991387444E-04  -1.1710054795E-04   2.2660648080E-08   2.2137349547E-04
   41      7.6127687823E-04   2.0492559996E-08  -5.0659656823E-09  -4.6743847359E-04  -4.6607448933E-09
   42     -3.7092275254E-07   2.6600966002E-04   1.6587749296E-03   5.6742841735E-08   5.8812184091E-05
   43     -2.9322632915E-07  -4.1790053310E-04   1.1181728814E-03   5.5254481228E-08  -2.2137536169E-04
   44     -4.4540519601E-03   9.3335853387E-09  -4.1302796500E-08   3.5822783983E-04   2.6018506894E-08
   45     -3.0499252647E-07   1.5181205526E-03   1.6536942323E-03   3.6783169103E-08  -4.3934998358E-01
   46      9.8439333969E-07   5.4978970242E-03  -7.9212916788E-04  -2.7937541914E-07  -2.9501247852E-06
   47     -3.7551600528E-03  -1.9176680601E-07   2.9823823869E-07  -2.7884263362E-03   1.5195980828E-05
                   25                 26                 27                 28                 29        
    0      6.7814774522E-05   3.7057134948E-08  -8.5842474661E-04   2.8991538622E-03  -2.4052946772E-07
    1      2.5561671894E-03  -5.3994348633E-08   3.6344743727E-03  -5.6878795047E-03   2.0803860549E-07
    2      3.0647757971E-08  -7.9216961115E-04   5.1471891784E-07  -1.7350004817E-07  -1.2645816317E-03
    3     -6.7935844025E-05  -2.9455029814E-08   3.5362428780E-04   9.6800432097E-03   3.6734678331E-07
    4      2.5561389920E-03  -5.3040079017E-08   7.1318132338E-03   9.6568584481E-04  -2.3232787205E-07
    5     -1.3951584461E-08  -7.9216474482E-04  -3.2724256169E-07  -7.9434952111E-07   8.8792469598E-03
    6     -7.2771538101E-03   1.9517824624E-07  -3.1116315910E-02   7.2220494189E-03   1.4821399408E-06
    7      1.7361885994E-03   1.1038213406E-07  -1.5325014368E-03   1.8778382106E-02   1.8186768394E-07
    8      2.9041233275E-07   6.2203944348E-04   1.1877494371E-06   4.4778387498E-07  -2.3793976400E-04
    9      1.9633682837E-02   1.7958498688E-06  -1.8006006808E-01   5.4316311366E-03   1.3335369751E-06
   10      3.4057514107E-03  -5.4914189510E-07  -2.4616479993E-02  -1.0258597614E-01   1.6188403257E-07
   11     -7.9096662573E-07   1.4930102148E-02   2.0812926591E-06   1.6550627171E-07  -7.8972643511E-02
   12     -1.9634600885E-02   9.2700055701E-07  -1.3988248247E-02  -2.8307861203E-02   2.0165222740E-07
   13      3.4049800790E-03   9.0711825282E-07  -2.8899820264E-02  -2.3340079548E-02  -2.9535658286E-08
   14      1.2430045202E-06   1.4930091922E-02  -9.4253276245E-07  -2.0665182076E-07   3.5326381275E-03
   15      7.2771574877E-03   2.0588028257E-07   1.0395602697E-02  -2.9010610138E-03   3.9069261427E-07
   16      1.7364148763E-03  -1.3114697245E-07   4.9601771975E-03  -8.9960616548E-03  -2.8592477691E-07
   17     -3.3390477730E-07   6.2203651724E-04  -1.4483255702E-06  -1.9066147797E-07   6.4365205341E-03
   18     -3.7561519340E-02   5.0548470717E-06   6.1932984828E-02  -2.8863078773E-02  -2.5369788017E-06
   19     -1.5817621018E-01   1.1766284530E-06   2.8865262024E-02  -7.6761288191E-02  -9.0508255053E-07
   20      9.8230250932E-07  -5.5257285133E-02  -1.3098509460E-06   8.3985913483E-07  -1.1875864881E-02
   21     -2.0966981877E-02  -8.1302114367E-07  -1.0209955651E-02   2.6724880849E-03   6.3691642941E-07
   22     -9.7169632320E-02   3.4808994226E-08  -2.5214602473E-02   1.3603599301E-02   5.2455770613E-07
   23      5.5457421290E-07   1.8107033235E-02   6.0156501138E-08   8.4813921020E-08   7.4718567619E-03
   24      2.9271862320E-06  -2.6972011238E-05  -2.0886507646E-01   5.5110093865E-02   4.5490661799E-06
   25      5.6885999051E-01   1.3656498899E-06   3.7560469213E-02  -1.5817436316E-01  -2.0622816304E-06
   26      1.3656498899E-06   5.2658503340E-02   4.6364261625E-06  -2.6949475391E-06  -5.5257441780E-02
   27      3.7560469213E-02   4.6364261625E-06   5.6835623289E-01   1.6518857231E-01  -5.2996832331E-06
   28     -1.5817436316E-01  -2.6949475391E-06   1.6518857231E-01   8.9452797623E-01   5.8050782032E-06
   29     -2.0622816304E-06  -5.5257441780E-02  -5.2996832331E-06   5.8050782032E-06   2.0486409984E-01
   30      2.0969121449E-02  -3.2545787413E-07  -1.8880238001E-01  -1.8695650579E-01  -3.0140240594E-07
   31     -9.7169455435E-02  -4.2919405082E-07  -1.9322758446E-01  -5.6681971054E-01  -3.3878393105E-06
   32     -1.2897483822E-06   1.8107043552E-02  -1.5460102502E-07  -3.5764128385E-06  -7.5374713470E-02
   33     -1.5016530536E-04   1.4272338294E-08  -1.3949828798E-04   3.7032574839E-04  -1.6749961567E-07
   34      7.5762525307E-05  -3.7779834142E-09   1.8960083126E-04  -2.9568569242E-04  -6.8496193973E-08
   35      6.9961529542E-08   1.2529500546E-04   2.9136001875E-07   3.6896338144E-08  -1.2239077426E-03
   36      1.5015371485E-04  -3.5360389881E-08   4.4700459982E-04   1.5024581868E-03   4.3613918758E-08
   37      7.5749789612E-05   4.1695087693E-08  -3.0502593141E-04   8.7656856532E-04  -1.2784017805E-08
   38     -5.9265426175E-08   1.2529368677E-04   3.4283591540E-08  -7.3995553655E-10   4.7062253099E-04
   39     -1.1075179805E-03  -1.8580802247E-08   1.4167754028E-03   1.5432210373E-03  -1.2015282572E-07
   40      7.4623622916E-05   3.6475284539E-08  -1.7675373885E-03  -9.1346468567E-04  -3.8402114136E-08
   41     -2.3498467785E-08   1.5041256905E-04  -1.7769936380E-07   1.7861724470E-07  -4.4540611297E-03
   42      1.1075167735E-03   3.2279169853E-08   1.5966209928E-03  -1.9910481135E-03  -4.7620559345E-08
   43      7.4624817922E-05   4.6590413040E-08   5.5182477183E-04  -8.9565787733E-04  -1.1845766544E-07
   44      3.1251894333E-09   1.5041350337E-04  -3.4941368750E-08   6.0449994570E-08   7.6129160062E-04
   45     -2.9451044612E-06   1.5455634766E-05  -1.0458878301E-02  -2.6232656324E-03   4.7680769618E-07
   46     -7.3866731321E-02   1.9453278894E-07   2.7504141656E-02   1.5717954940E-02  -6.2781343325E-07
   47      3.5300522303E-08  -8.4292036534E-03   1.2098368717E-07   9.0577721004E-07  -3.7551224482E-03
                   30                 31                 32                 33                 34        
    0      6.0865050048E-04   6.6163899377E-04   6.7953548490E-08  -2.6887295639E-01  -1.1826933683E-01
    1     -1.3897434180E-03   6.0921733058E-04  -6.4773783045E-08  -1.1839509062E-01  -1.2489913150E-01
    2     -6.1126633583E-08   1.9449892404E-07   3.7173423852E-04   1.0135959625E-05   4.8704694526E-06
    3      8.8869689051E-04  -2.1460529156E-03  -1.0755198258E-07   3.3543070524E-03  -2.9000293453E-02
    4     -3.1183909440E-04  -1.0145632431E-05   1.2175280334E-08   2.1843537836E-03  -1.0823663167E-02
    5      4.4713882657E-08   7.0689137384E-08  -1.2452075436E-03  -4.1014376723E-07   9.1079979443E-07
    6      4.1909693369E-03   4.1009954325E-03  -7.7132632194E-08   1.6231534237E-03   9.7837356544E-04
    7     -7.3088752834E-04  -3.6389679835E-03   6.4322648555E-09   5.1305131867E-04  -5.8882426166E-03
    8     -2.6005121727E-07  -2.3397749936E-07  -6.6351564717E-04   4.9203310084E-07   2.1672430454E-08
    9     -1.0541770504E-02  -3.3496974993E-02   3.7503118800E-07   4.2407172178E-04   1.0653793817E-03
   10     -4.6641988973E-02  -2.2973266156E-02   4.1091949418E-07   9.4368730897E-04  -9.6035757804E-04
   11      1.2544345693E-07   2.5487518877E-07   1.8917024022E-02   2.8130265378E-07   1.7612846971E-07
   12     -6.6762566670E-03  -4.9697733860E-03   8.4827484027E-08  -3.9158450557E-03   3.6674868630E-03
   13      2.4300087659E-03   4.2602881589E-03   1.3705365765E-07   4.2313307185E-03  -9.7470257368E-04
   14      3.4549093663E-07   2.8329229774E-07   1.6843023850E-03  -7.8687163363E-08  -5.0539356515E-07
   15     -1.7037090765E-03  -7.1424558885E-04  -4.7001849235E-08  -1.8961565033E-02   1.5418989837E-02
   16     -3.3616295782E-03  -1.6334926149E-04   6.8549000951E-08  -1.5221341151E-02   1.1447501936E-02
   17      1.8923739024E-07  -8.6941497177E-08  -1.3613321412E-03   2.2016369845E-07  -1.0501053623E-06
   18     -1.0210321366E-02   2.5214249138E-02   7.3326812910E-07   4.4703164301E-04   3.0502560573E-04
   19     -2.6728454920E-03   1.3603929985E-02   1.3311604355E-07  -1.5024682117E-03   8.7654165771E-04
   20      2.0749417648E-07  -1.5923610609E-06   7.4718513203E-03  -1.5502268284E-07  -1.2557578844E-07
   21      1.8439736464E-03  -4.6820031749E-03  -1.8628855819E-07  -2.3710703440E-04  -3.6433189540E-05
   22      4.6821854733E-03  -9.9242968878E-03  -1.0715092649E-07   4.4668411448E-04  -1.0250353484E-04
   23      2.3241792742E-08   3.0973265482E-07  -1.9098049973E-03   4.5754007202E-08   1.6712402682E-08
   24      3.8709491613E-02  -6.4590414439E-03  -6.8435198083E-07  -7.1480287092E-04   3.8765932066E-04
   25      2.0969121449E-02  -9.7169455435E-02  -1.2897483822E-06  -1.5016530536E-04   7.5762525307E-05
   26     -3.2545787413E-07  -4.2919405082E-07   1.8107043552E-02   1.4272338294E-08  -3.7779834142E-09
   27     -1.8880238001E-01  -1.9322758446E-01  -1.5460102502E-07  -1.3949828798E-04   1.8960083126E-04
   28     -1.8695650579E-01  -5.6681971054E-01  -3.5764128385E-06   3.7032574839E-04  -2.9568569242E-04
   29     -3.0140240594E-07  -3.3878393105E-06  -7.5374713470E-02  -1.6749961567E-07  -6.8496193973E-08
   30      1.7116219681E-01   2.1971198017E-01   2.4642923532E-07  -3.9836231153E-05  -1.0710505024E-04
   31      2.1971198017E-01   6.8197194177E-01   4.4115227973E-06  -2.2937192081E-04   1.4752556899E-04
   32      2.4642923532E-07   4.4115227973E-06   3.6688839718E-02   8.2968354167E-09   9.6703447764E-09
   33     -3.9836231153E-05  -2.2937192081E-04   8.2968354167E-09   2.8529400473E-01   1.2704954743E-01
   34     -1.0710505024E-04   1.4752556899E-04   9.6703447764E-09   1.2704954743E-01   1.3019524342E-01
   35     -3.8404915246E-08   3.9048530445E-08   1.7232163219E-04  -1.0324959967E-05  -4.5603957028E-06
   36     -2.3709451347E-04  -4.4668780218E-04  -3.0930973886E-08   7.3682989708E-04   2.2853836376E-04
   37      3.6426811070E-05  -1.0251288137E-04   2.0929385944E-08  -2.2854195810E-04   9.5499845003E-04
   38      3.9881819638E-09  -3.4479667555E-08   3.9092334223E-05  -2.5732168084E-07  -7.7835391388E-09
   39      2.6602918242E-04  -1.6587896621E-03  -2.9224063378E-08   6.2883251472E-05  -1.4260099393E-03
   40      4.1788676424E-04   1.1181551988E-03   4.5659799362E-08   1.7159935015E-04  -6.0530549810E-04
   41      9.4194644971E-09  -1.2918273455E-08   3.5823410158E-04  -1.2005557707E-09   3.0897483555E-08
   42     -9.7687684051E-04  -9.1955441771E-05   4.7466560025E-09   9.7815778715E-04  -4.7452723573E-04
   43     -4.8992948716E-04  -1.1711209054E-04   3.0775998511E-08  -3.2778229943E-05   7.4194626645E-04
   44      2.9937078623E-08   1.9014409746E-08  -4.6744263398E-04  -2.0144678484E-07   3.4624438540E-08
   45      1.5182372297E-03  -1.6536590582E-03  -2.2678109990E-07  -3.8828606389E-05   3.5621055500E-05
   46     -5.4978589043E-03  -7.9224114646E-04   1.3322936358E-07  -1.6333892532E-04   1.1007233571E-04
   47     -2.1564146107E-07  -1.8691008108E-07  -2.7884268718E-03   2.6460015534E-09   1.2852025918E-08
                   35                 36                 37                 38                 39        
    0      9.3113905817E-06   3.3538720966E-03   2.9000515730E-02   1.9565619104E-07  -4.6610796086E-03
    1      4.6679517754E-06  -2.1841223759E-03  -1.0823231089E-02  -8.3432758185E-08  -2.2295860178E-03
    2     -3.6832850412E-02  -1.9015070103E-07  -1.0808905108E-06   3.0302316113E-03   4.8863297324E-07
    3     -1.8120643995E-07  -2.6887674566E-01   1.1826701884E-01   8.6254597087E-06   5.1414239011E-03
    4     -5.4955301881E-07   1.1839276878E-01  -1.2489530405E-01  -4.0008541863E-06  -2.7398926673E-02
    5      3.0302392022E-03   8.8175878450E-06  -4.4633186855E-06  -3.6832817468E-02  -2.9600024589E-07
    6      1.6872368469E-07  -1.8961545698E-02  -1.5419478809E-02   7.0539135260E-07  -5.8848139410E-02
    7      8.0194084087E-08   1.5220841086E-02   1.1447502533E-02  -7.8234669444E-07   1.0451207396E-03
    8      7.3615820891E-03   7.8495057868E-07   7.5895809313E-07   3.1736093013E-03   8.3830014844E-07
    9     -1.7067659367E-07  -3.9157061287E-03  -3.6675308310E-03   3.8868337319E-07   6.2599970558E-03
   10     -9.9635842211E-08  -4.2313726157E-03  -9.7483763705E-04   2.9022691453E-07   2.8182038675E-02
   11     -8.3537725757E-04   3.8842886240E-07   1.4651300795E-07   7.2502415413E-03   1.5419097977E-07
   12      3.3975044896E-07   4.2410592178E-04  -1.0653559520E-03   2.4724486175E-08  -4.9550878548E-03
   13     -5.8786278232E-07  -9.4366532754E-04  -9.6039137251E-04   2.0032532534E-07   1.7196571266E-03
   14      7.2502282709E-03  -1.8197095751E-07   2.5607540999E-08  -8.3539277745E-04   3.3453422223E-07
   15      1.2705043027E-06   1.6231821066E-03  -9.7825228739E-04  -4.3932896912E-08  -1.1403093868E-03
   16      1.0189219628E-06  -5.1292548845E-04  -5.8882682494E-03  -1.5472304155E-07  -6.7719571191E-05
   17      3.1736268979E-03   1.8869308198E-07  -6.2822215646E-09   7.3615887430E-03  -1.9603975826E-08
   18      3.7427632402E-08  -1.3950336317E-04  -1.8959979171E-04   1.5494465695E-07   1.5965847959E-03
   19     -2.9077585811E-09  -3.7031119385E-04  -2.9568215516E-04   5.0622568071E-08   1.9911026850E-03
   20      4.7062043496E-04  -4.2815238475E-08  -3.0628187135E-08  -1.2239114752E-03   4.1890210421E-08
   21      9.1173902399E-09  -3.9836791895E-05   1.0710236195E-04  -1.8166281921E-08  -9.7689010164E-04
   22      4.3272446983E-08   2.2936280874E-04   1.4752820716E-04  -5.5183660635E-08   9.1940946272E-05
   23      3.9097143772E-05   2.8197465428E-09   7.4611309373E-09   1.7231783730E-04  -4.6309335183E-09
   24      1.3892090574E-08  -7.1480422041E-04  -3.8767241129E-04   2.3620477537E-08   5.8828949015E-05
   25      6.9961529542E-08   1.5015371485E-04   7.5749789612E-05  -5.9265426175E-08  -1.1075179805E-03
   26      1.2529500546E-04  -3.5360389881E-08   4.1695087693E-08   1.2529368677E-04  -1.8580802247E-08
   27      2.9136001875E-07   4.4700459982E-04  -3.0502593141E-04   3.4283591540E-08   1.4167754028E-03
   28      3.6896338144E-08   1.5024581868E-03   8.7656856532E-04  -7.3995553655E-10   1.5432210373E-03
   29     -1.2239077426E-03   4.3613918758E-08  -1.2784017805E-08   4.7062253099E-04  -1.2015282572E-07
   30     -3.8404915246E-08  -2.3709451347E-04   3.6426811070E-05   3.9881819638E-09   2.6602918242E-04
   31      3.9048530445E-08  -4.4668780218E-04  -1.0251288137E-04  -3.4479667555E-08  -1.6587896621E-03
   32      1.7232163219E-04  -3.0930973886E-08   2.0929385944E-08   3.9092334223E-05  -2.9224063378E-08
   33     -1.0324959967E-05   7.3682989708E-04  -2.2854195810E-04  -2.5732168084E-07   6.2883251472E-05
   34     -4.5603957028E-06   2.2853836376E-04   9.5499845003E-04  -7.7835391388E-09  -1.4260099393E-03
   35      2.5251157359E-02  -1.7730465543E-07   2.4324556568E-08  -3.8903240643E-03   1.7610132771E-08
   36     -1.7730465543E-07   2.8529806851E-01  -1.2704704742E-01  -9.5455290947E-06   9.7814491069E-04
   37      2.4324556568E-08  -1.2704704742E-01   1.3019113955E-01   4.7002230398E-06   4.7453051697E-04
   38     -3.8903240643E-03  -9.5455290947E-06   4.7002230398E-06   2.5251154298E-02  -1.9033666413E-07
