
$orca_hessian_file

$act_atom
  0

$act_coord
  0

$act_energy
        0.000000

$multiplicity
  1

$hessian
42
                    0                  1                  2                  3                  4        
    0      7.3539226255E-01   8.9929146086E-08  -2.6042049820E-03  -1.7560108910E-01   1.1574090941E-01
    1      8.9929146086E-08   6.3965512232E-01  -6.7338800224E-07   5.8596612612E-02  -2.7160924935E-01
    2     -2.6042049820E-03  -6.7338800224E-07   1.1414818910E-01   6.4894292484E-04  -1.1625603839E-04
    3     -1.7560108910E-01   5.8596612612E-02   6.4894292484E-04   6.7505128050E-01   3.1295085269E-02
    4      1.1574090941E-01  -2.7160924935E-01  -1.1625603839E-04   3.1295085269E-02   7.0846705940E-01
    5      4.2885861163E-04   9.7846069191E-05  -5.6066909465E-02  -3.0141246560E-03  -1.8795307788E-03
    6     -3.1871436323E-02   7.0024541753E-02   3.4531369973E-05  -3.3991373747E-01  -2.6630575200E-02
    7      2.8021625973E-02   2.7590201409E-02  -2.6086839993E-04   2.8334654858E-02  -1.2502300541E-01
    8     -1.0589272216E-04   6.1208721564E-04   7.0571228331E-03   2.6408966904E-03  -8.8780721885E-06
    9      8.1433443233E-03   7.6138217088E-08   2.6744657679E-04  -2.9817744594E-02  -3.2532673411E-02
   10      8.7019040521E-08  -6.8774508670E-02   8.2925009988E-08  -7.5529786556E-02   3.6018279466E-02
   11     -9.2095942991E-04   5.2284008141E-08  -5.5851704105E-03   3.2821590909E-04   9.2478336399E-04
   12     -3.1871217581E-02  -7.0024672677E-02   3.4693326407E-05  -4.2745400042E-02   2.7753811611E-02
   13     -2.8021745094E-02   2.7590020813E-02   2.6081768943E-04   2.1546013402E-02  -1.5178723407E-02
   14     -1.0585167445E-04  -6.1212486292E-04   7.0570849904E-03  -4.3620613485E-04   1.5532739324E-04
   15     -1.7560070917E-01  -5.8596430590E-02   6.4911942955E-04   5.6682822964E-02  -2.2079942706E-02
   16     -1.1574074339E-01  -2.7160973833E-01   1.1683151688E-04   2.2080182179E-02  -6.1472328471E-02
   17      4.2917189084E-04  -9.7290853585E-05  -5.6066664925E-02  -2.4456036324E-04  -1.8466698562E-05
   18     -7.8791072765E-03  -1.7384404571E-08  -2.1724620594E-04   5.9183725918E-03  -4.2654806915E-05
   19     -3.1096800984E-09   6.8511458063E-03  -1.2198264365E-09   5.6082013050E-03  -9.2348612788E-03
   20      2.7117896049E-03   2.5991807212E-09  -1.3008840338E-03  -2.1011704320E-03  -1.0564889457E-03
   21     -3.3357857146E-01  -2.7093623047E-07   1.4749695402E-03  -1.2245458663E-02  -2.7479583243E-03
   22     -2.6838169471E-07  -5.7651551412E-02   5.2226904200E-08   2.8394686278E-02   4.3756311822E-03
   23      1.5470608609E-03   5.1282943041E-08  -2.7930240409E-02   3.8841668099E-05   3.2980271232E-05
   24      1.1677108019E-02   1.4195833243E-02  -9.9889288376E-05  -1.2405920427E-01  -1.1596625046E-01
   25     -1.6576630824E-02  -1.8737120953E-02   2.0092241246E-04  -1.1643282327E-01  -2.6462833141E-01
   26      8.1051302511E-05  -1.5953917662E-04   2.0322005654E-03   6.9164088769E-04   1.6239501117E-03
   27     -5.6916710571E-03  -1.8006771947E-03   1.0152965599E-04  -1.1033769153E-02   2.9759868884E-02
   28     -3.9502219522E-04   2.4103282539E-03   8.4527060298E-06  -1.2503832999E-03   2.6291870935E-03
   29      6.0564500614E-06  -2.8447183625E-06   7.2691146873E-03  -1.1495065784E-05  -6.2345597701E-06
   30     -5.6916825111E-03   1.8006624893E-03   1.0153415496E-04  -8.5785411937E-04   8.1769414877E-04
   31      3.9501367578E-04   2.4103279012E-03  -8.4450680716E-06   1.1884735562E-03   1.2632099768E-04
   32      6.0573661171E-06   2.8520247056E-06   7.2690943474E-03  -1.8807008102E-05   5.1152556598E-05
   33      1.1677116020E-02  -1.4195775901E-02  -9.9833992158E-05  -7.5681750174E-04  -3.4038878095E-03
   34      1.6576715070E-02  -1.8737114393E-02  -2.0087910630E-04  -4.4998883651E-03  -3.6135573014E-03
   35      8.1010394941E-05   1.5959750958E-04   2.0321208563E-03   6.5850981590E-05  -4.4713423830E-05
   36      4.4782936698E-04  -4.7178365084E-04  -1.5030367845E-04  -6.4870521401E-04   7.7584526978E-05
   37     -6.6149824951E-04   3.0607042637E-04  -5.2051219276E-05   8.2025547631E-04  -6.3714133672E-04
   38     -7.7255335783E-04  -8.1847504381E-04   4.2460443996E-05  -2.5886061774E-04   2.3214597428E-04
   39      4.4782419545E-04   4.7178347252E-04  -1.5032931624E-04   2.7304066039E-05  -2.0607389046E-03
   40      6.6149886830E-04   3.0606618636E-04   5.2011814247E-05  -1.3155567377E-04  -2.1928017286E-04
   41     -7.7255383117E-04   8.1846220688E-04   4.2481417172E-05   1.6708502220E-03   1.1530445912E-04
                    5                  6                  7                  8                  9        
    0      4.2885861163E-04  -3.1871436323E-02   2.8021625973E-02  -1.0589272216E-04   8.1433443233E-03
    1      9.7846069191E-05   7.0024541753E-02   2.7590201409E-02   6.1208721564E-04   7.6138217088E-08
    2     -5.6066909465E-02   3.4531369973E-05  -2.6086839993E-04   7.0571228331E-03   2.6744657679E-04
    3     -3.0141246560E-03  -3.3991373747E-01   2.8334654858E-02   2.6408966904E-03  -2.9817744594E-02
    4     -1.8795307788E-03  -2.6630575200E-02  -1.2502300541E-01  -8.8780721885E-06  -3.2532673411E-02
    5      1.2793463908E-01   1.3796136081E-03   2.9960215781E-04  -5.2494037826E-02  -1.7202460260E-04
    6      1.3796136081E-03   6.9930611065E-01  -3.7465414769E-02  -4.4670945222E-03  -1.5997928343E-01
    7      2.9960215781E-04  -3.7465414769E-02   6.8403839447E-01  -1.9226197182E-03  -9.6836350670E-02
    8     -5.2494037826E-02  -4.4670945222E-03  -1.9226197182E-03   1.1781410377E-01  -3.6169032517E-04
    9     -1.7202460260E-04  -1.5997928343E-01  -9.6836350670E-02  -3.6169032517E-04   6.9815362682E-01
   10     -2.6274316618E-06  -3.4646833974E-02  -2.6199669748E-01   1.0155598298E-03   2.8547006336E-07
   11      1.6164563579E-03   9.2088200738E-04  -5.7905597172E-04  -6.8053925603E-02   3.1995299559E-03
   12      8.1134998231E-05   5.2753766762E-02   1.6173085769E-02   2.7929589065E-04  -1.5997949868E-01
   13     -6.8992351849E-05  -1.6172871524E-02  -4.8539058353E-02  -8.7476102535E-05   9.6836425661E-02
   14     -5.6395633838E-03   2.7934095914E-04   8.7584079456E-05   9.5482373037E-03  -3.6187547423E-04
   15     -2.4451947545E-04  -4.2745288893E-02  -2.1546089657E-02  -4.3614060050E-04  -2.9817925871E-02
   16      1.8630662391E-05  -2.7753868086E-02  -1.5178805299E-02  -1.5530724912E-04   3.2532514488E-02
   17      5.8548596109E-03   8.1204976075E-05   6.9016046787E-05  -5.6395328467E-03  -1.7211249178E-04
   18     -7.3606461511E-04  -3.9370009251E-02  -1.3463613204E-02   1.9279816098E-03  -2.9749885361E-01
   19      9.4997526290E-04  -4.6718448462E-02   1.8072215429E-03   1.8269846084E-03  -3.3433705814E-07
   20      5.0302406735E-03   2.0269073482E-03   4.1989024444E-03   7.3966311616E-03  -2.5496201920E-02
   21      7.2888904498E-05   9.3571870065E-04   3.3135089876E-03   8.6055024555E-06   5.5913972844E-04
   22     -1.3194892839E-04   2.0434625914E-03  -4.5027929979E-03   1.5498359679E-05   1.5127330837E-10
   23     -4.6086174526E-04   1.3225286385E-05   2.4233763988E-05   6.8874703844E-03   5.4755106196E-06
   24      8.1166040576E-04  -1.1146315685E-02  -2.8919275276E-02   2.4818945158E-04  -5.5859939851E-03
   25      1.4830963682E-03   1.6522665027E-03   2.5633133413E-03  -1.6069381899E-05   9.7277292789E-04
   26     -3.4291831243E-02   1.5908031899E-04   1.4698656295E-04   1.7169798497E-03  -7.4127264517E-05
   27      4.1382650047E-05  -1.2308715128E-01   1.1506190213E-01  -6.0952727501E-05   8.8028722145E-03
   28      1.4104673801E-05   1.1476060682E-01  -2.6167817268E-01   5.4084790459E-05   1.8399629561E-02
   29      5.3837690607E-04   3.2383403938E-04  -1.6599524970E-04  -3.0261657922E-02  -1.2954377331E-04
   30     -9.6698437917E-06  -8.0755344689E-04   3.2979166159E-03   6.1445422595E-05   8.8028728082E-03
   31      1.8243776303E-05   4.5867039513E-03  -3.1730698092E-03  -1.1329484858E-04  -1.8399579137E-02
   32     -3.2892211620E-04   9.2281978324E-05  -2.6176896691E-05   5.0199749996E-03  -1.2949289842E-04
   33      6.4542911236E-05  -7.9469296740E-04  -7.9842126073E-04  -2.5543762324E-05  -5.5859903716E-03
   34     -6.9085605484E-07  -9.3751021801E-04   4.5191817588E-04  -1.1458058847E-05  -9.7279117114E-04
   35      7.1708387594E-03  -3.6528817552E-05   4.1226997468E-05  -8.1143940364E-04  -7.4130934737E-05
   36      7.0869963933E-04   2.7746004372E-03   1.7431381934E-03   8.9137791082E-04  -1.8098342565E-02
   37     -1.0049575570E-03  -3.7059494186E-03   1.8293658189E-03  -5.3255457323E-04   3.2022769423E-03
   38     -4.9310387285E-04  -5.3705846624E-04  -7.4310247483E-04  -3.6514577982E-04   1.1773821564E-02
   39      5.8760645803E-04  -6.0547278014E-03   3.1732318549E-03  -5.6479950890E-04  -1.8098222790E-02
   40      2.0217332017E-04   8.7399049351E-04   1.8111872713E-03  -6.4964927978E-04  -3.2022520916E-03
   41      1.6298182625E-03  -3.0589839556E-04  -1.1966408614E-03   2.1852190760E-03   1.1773780295E-02
                   10                 11                 12                 13                 14        
    0      8.7019040521E-08  -9.2095942991E-04  -3.1871217581E-02  -2.8021745094E-02  -1.0585167445E-04
    1     -6.8774508670E-02   5.2284008141E-08  -7.0024672677E-02   2.7590020813E-02  -6.1212486292E-04
    2      8.2925009988E-08  -5.5851704105E-03   3.4693326407E-05   2.6081768943E-04   7.0570849904E-03
    3     -7.5529786556E-02   3.2821590909E-04  -4.2745400042E-02   2.1546013402E-02  -4.3620613485E-04
    4      3.6018279466E-02   9.2478336399E-04   2.7753811611E-02  -1.5178723407E-02   1.5532739324E-04
    5     -2.6274316618E-06   1.6164563579E-03   8.1134998231E-05  -6.8992351849E-05  -5.6395633838E-03
    6     -3.4646833974E-02   9.2088200738E-04   5.2753766762E-02  -1.6172871524E-02   2.7934095914E-04
    7     -2.6199669748E-01  -5.7905597172E-04   1.6173085769E-02  -4.8539058353E-02   8.7584079456E-05
    8      1.0155598298E-03  -6.8053925603E-02   2.7929589065E-04  -8.7476102535E-05   9.5482373037E-03
    9      2.8547006336E-07   3.1995299559E-03  -1.5997949868E-01   9.6836425661E-02  -3.6187547423E-04
   10      6.7719006845E-01  -6.5260047567E-07   3.4646847257E-02  -2.6199616531E-01  -1.0150955697E-03
   11     -6.5260047567E-07   1.6455606613E-01   9.2081858417E-04   5.7948993985E-04  -6.8053966115E-02
   12      3.4646847257E-02   9.2081858417E-04   6.9930574194E-01   3.7465637610E-02  -4.4670108511E-03
   13     -2.6199616531E-01   5.7948993985E-04   3.7465637610E-02   6.8403834920E-01   1.9214727629E-03
   14     -1.0150955697E-03  -6.8053966115E-02  -4.4670108511E-03   1.9214727629E-03   1.1781392193E-01
   15      7.5529644557E-02   3.2801975432E-04  -3.3991353024E-01  -2.8335098637E-02   2.6408842015E-03
   16      3.6018524605E-02  -9.2483742377E-04   2.6630148543E-02  -1.2502305756E-01   9.0318686688E-06
   17      2.5098414241E-06   1.6164333925E-03   1.3794506959E-03  -2.9943334265E-04  -5.2493749268E-02
   18     -1.3067945347E-07   2.2129605456E-02  -3.9370162740E-02   1.3463519256E-02   1.9279575819E-03
   19     -1.2127354713E-01   2.2640508150E-07   4.6718367222E-02   1.8073084454E-03  -1.8269634728E-03
   20      1.7667496233E-07  -3.9562736573E-02   2.0267992025E-03  -4.1988960715E-03   7.3966565634E-03
   21     -1.7381457542E-09   4.5495875050E-05   9.3573184163E-04  -3.3134932327E-03   8.6113168494E-06
   22     -1.6803675764E-03  -6.1703293485E-10  -2.0434474179E-03  -4.5028107238E-03  -1.5462088619E-05
   23      3.9940814893E-09  -7.5659127323E-04   1.3227508077E-05  -2.4202950128E-05   6.8874860169E-03
   24      1.5906198659E-03   1.7988084224E-04  -7.9470685956E-04   7.9842829969E-04  -2.5552511924E-05
   25      2.1275478960E-03  -3.0519117187E-05   9.3751171919E-04   4.5191145713E-04   1.1455458605E-05
   26     -4.4365464282E-05   8.1040167701E-03  -3.6529809472E-05  -4.1230827463E-05  -8.1145260492E-04
   27     -1.3301516468E-02   1.3628009431E-05  -8.0752949924E-04  -3.2979087837E-03   6.1446356225E-05
   28     -2.0228781891E-02  -7.8001707065E-05  -4.5866867924E-03  -3.1730839182E-03   1.1331748312E-04
   29      2.2046596235E-04   3.7247547623E-03   9.2287496902E-05   2.6205339532E-05   5.0199912592E-03
   30      1.3301569027E-02   1.3600648118E-05  -1.2308672538E-01  -1.1506167851E-01  -6.0767733272E-05
   31     -2.0228784802E-02   7.8049898913E-05  -1.1476035269E-01  -2.6167864002E-01  -5.3688864888E-05
   32     -2.2042978726E-04   3.7247596612E-03   3.2400738475E-04   1.6640116205E-04  -3.0261561343E-02
   33     -1.5906377612E-03   1.7986395190E-04  -1.1146362748E-02   2.8919236506E-02   2.4813138731E-04
   34      2.1275371003E-03   3.0546217087E-05  -1.6522925688E-03   2.5633744921E-03   1.6064348097E-05
   35      4.4386658015E-05   8.1040251005E-03   1.5909191889E-04  -1.4698868893E-04   1.7168569935E-03
   36      3.5914073033E-02  -1.3693820874E-02  -6.0547044042E-03  -3.1732545811E-03  -5.6478536823E-04
   37      1.3484828923E-03  -1.1347504927E-04  -8.7399493701E-04   1.8111872580E-03   6.4963599894E-04
   38     -5.4218858869E-03  -4.7170418183E-03  -3.0588935855E-04   1.1966422630E-03   2.1852080864E-03
   39     -3.5914219575E-02  -1.3693614907E-02   2.7745976328E-03  -1.7431356748E-03   8.9136968752E-04
   40      1.3484124503E-03   1.1339672051E-04   3.7059626584E-03   1.8293876296E-03   5.3254020832E-04
   41      5.4218685117E-03  -4.7170803775E-03  -5.3706872973E-04   7.4309643590E-04  -3.6515042504E-04
                   15                 16                 17                 18                 19        
    0     -1.7560070917E-01  -1.1574074339E-01   4.2917189084E-04  -7.8791072765E-03  -3.1096800984E-09
    1     -5.8596430590E-02  -2.7160973833E-01  -9.7290853585E-05  -1.7384404571E-08   6.8511458063E-03
    2      6.4911942955E-04   1.1683151688E-04  -5.6066664925E-02  -2.1724620594E-04  -1.2198264365E-09
    3      5.6682822964E-02   2.2080182179E-02  -2.4456036324E-04   5.9183725918E-03   5.6082013050E-03
    4     -2.2079942706E-02  -6.1472328471E-02  -1.8466698562E-05  -4.2654806915E-05  -9.2348612788E-03
    5     -2.4451947545E-04   1.8630662391E-05   5.8548596109E-03  -7.3606461511E-04   9.4997526290E-04
    6     -4.2745288893E-02  -2.7753868086E-02   8.1204976075E-05  -3.9370009251E-02  -4.6718448462E-02
    7     -2.1546089657E-02  -1.5178805299E-02   6.9016046787E-05  -1.3463613204E-02   1.8072215429E-03
    8     -4.3614060050E-04  -1.5530724912E-04  -5.6395328467E-03   1.9279816098E-03   1.8269846084E-03
    9     -2.9817925871E-02   3.2532514488E-02  -1.7211249178E-04  -2.9749885361E-01  -3.3433705814E-07
   10      7.5529644557E-02   3.6018524605E-02   2.5098414241E-06  -1.3067945347E-07  -1.2127354713E-01
   11      3.2801975432E-04  -9.2483742377E-04   1.6164333925E-03   2.2129605456E-02   2.2640508150E-07
   12     -3.3991353024E-01   2.6630148543E-02   1.3794506959E-03  -3.9370162740E-02   4.6718367222E-02
   13     -2.8335098637E-02  -1.2502305756E-01  -2.9943334265E-04   1.3463519256E-02   1.8073084454E-03
   14      2.6408842015E-03   9.0318686688E-06  -5.2493749268E-02   1.9279575819E-03  -1.8269634728E-03
   15      6.7505121541E-01  -3.1295230320E-02  -3.0138679281E-03   5.9183704186E-03  -5.6081892808E-03
   16     -3.1295230320E-02   7.0846719521E-01   1.8779260853E-03   4.2692541912E-05  -9.2348683602E-03
   17     -3.0138679281E-03   1.8779260853E-03   1.2793401662E-01  -7.3609863258E-04  -9.4994912778E-04
   18      5.9183704186E-03   4.2692541912E-05  -7.3609863258E-04   6.1852400237E-01   4.5654303413E-07
   19     -5.6081892808E-03  -9.2348683602E-03  -9.4994912778E-04   4.5654303413E-07   7.7079225162E-01
   20     -2.1011846408E-03   1.0565130443E-03   5.0302619552E-03   1.5183970252E-01  -1.5294729681E-06
   21     -1.2245414157E-02   2.7479208769E-03   7.2884319186E-05   1.9892512140E-04  -1.7963013038E-09
   22     -2.8394726180E-02   4.3755813829E-03   1.3192393232E-04   8.8909217110E-10   4.4369020635E-04
   23      3.8908681501E-05  -3.3004740105E-05  -4.6091002113E-04   1.9301000754E-04  -4.7221187574E-09
   24     -7.5682385387E-04   3.4038917166E-03   6.4542371130E-05  -4.7306655175E-04  -1.7439660447E-03
   25      4.4998828976E-03  -3.6135320975E-03   7.2885974475E-07  -2.2323251303E-04  -1.0740266434E-04
   26      6.5838724003E-05   4.4733241701E-05   7.1708307946E-03   1.7483594522E-04   3.0903305358E-05
   27     -8.5785566879E-04  -8.1769832524E-04  -9.6532880566E-06   2.1610113464E-03  -8.8470513694E-04
   28     -1.1884874614E-03   1.2631725863E-04  -1.8246144641E-05   7.3119472122E-04   1.8326702837E-03
   29     -1.8801572630E-05  -5.1146155173E-05  -3.2893370766E-04   4.4395416185E-04  -8.0190532730E-04
   30     -1.1033689005E-02  -2.9759877886E-02   4.1439048851E-05   2.1610142504E-03   8.8471982747E-04
   31      1.2503538950E-03   2.6291445326E-03  -1.4100459174E-05  -7.3119733284E-04   1.8326710585E-03
   32     -1.1502552515E-05   6.2266313258E-06   5.3831159653E-04   4.4394337600E-04   8.0188981590E-04
   33     -1.2405977041E-01   1.1596669457E-01   8.1127929446E-04  -4.7306968617E-04   1.7439605464E-03
   34      1.1643323351E-01  -2.6462800054E-01  -1.4823877330E-03   2.2323324271E-04  -1.0739733809E-04
   35      6.9126434614E-04  -1.6232436817E-03  -3.4291608893E-02   1.7484543841E-04  -3.0901943006E-05
   36      2.7290225900E-05   2.0607431384E-03   5.8758812849E-04  -1.2490900770E-01   1.2142814988E-01
   37      1.3155705969E-04  -2.1928613887E-04  -2.0213378205E-04   1.2614817376E-01  -3.2270320178E-01
   38      1.6708589708E-03  -1.1529386567E-04   1.6298192546E-03  -8.8791895183E-02   1.3906820355E-01
   39     -6.4869174535E-04  -7.7586267684E-05   7.0871106984E-04  -1.2490841929E-01  -1.2142820926E-01
   40     -8.2026086867E-04  -6.3714619369E-04   1.0049861834E-03  -1.2614842293E-01  -3.2270568041E-01
   41     -2.5885642873E-04  -2.3214274253E-04  -4.9313356516E-04  -8.8790759839E-02  -1.3906692309E-01
                   20                 21                 22                 23                 24        
    0      2.7117896049E-03  -3.3357857146E-01  -2.6838169471E-07   1.5470608609E-03   1.1677108019E-02
    1      2.5991807212E-09  -2.7093623047E-07  -5.7651551412E-02   5.1282943041E-08   1.4195833243E-02
    2     -1.3008840338E-03   1.4749695402E-03   5.2226904200E-08  -2.7930240409E-02  -9.9889288376E-05
    3     -2.1011704320E-03  -1.2245458663E-02   2.8394686278E-02   3.8841668099E-05  -1.2405920427E-01
    4     -1.0564889457E-03  -2.7479583243E-03   4.3756311822E-03   3.2980271232E-05  -1.1596625046E-01
    5      5.0302406735E-03   7.2888904498E-05  -1.3194892839E-04  -4.6086174526E-04   8.1166040576E-04
    6      2.0269073482E-03   9.3571870065E-04   2.0434625914E-03   1.3225286385E-05  -1.1146315685E-02
    7      4.1989024444E-03   3.3135089876E-03  -4.5027929979E-03   2.4233763988E-05  -2.8919275276E-02
    8      7.3966311616E-03   8.6055024555E-06   1.5498359679E-05   6.8874703844E-03   2.4818945158E-04
    9     -2.5496201920E-02   5.5913972844E-04   1.5127330837E-10   5.4755106196E-06  -5.5859939851E-03
   10      1.7667496233E-07  -1.7381457542E-09  -1.6803675764E-03   3.9940814893E-09   1.5906198659E-03
   11     -3.9562736573E-02   4.5495875050E-05  -6.1703293485E-10  -7.5659127323E-04   1.7988084224E-04
   12      2.0267992025E-03   9.3573184163E-04  -2.0434474179E-03   1.3227508077E-05  -7.9470685956E-04
   13     -4.1988960715E-03  -3.3134932327E-03  -4.5028107238E-03  -2.4202950128E-05   7.9842829969E-04
   14      7.3966565634E-03   8.6113168494E-06  -1.5462088619E-05   6.8874860169E-03  -2.5552511924E-05
   15     -2.1011846408E-03  -1.2245414157E-02  -2.8394726180E-02   3.8908681501E-05  -7.5682385387E-04
   16      1.0565130443E-03   2.7479208769E-03   4.3755813829E-03  -3.3004740105E-05   3.4038917166E-03
   17      5.0302619552E-03   7.2884319186E-05   1.3192393232E-04  -4.6091002113E-04   6.4542371130E-05
   18      1.5183970252E-01   1.9892512140E-04   8.8909217110E-10   1.9301000754E-04  -4.7306655175E-04
   19     -1.5294729681E-06  -1.7963013038E-09   4.4369020635E-04  -4.7221187574E-09  -1.7439660447E-03
   20      1.4441957319E-01  -8.4998907762E-05  -1.1907629822E-09  -6.6125209518E-04  -1.9374166399E-04
   21     -8.4998907762E-05   3.5540015962E-01   2.9649031810E-07  -1.6078264996E-03   7.5585298611E-04
   22     -1.1907629822E-09   2.9649031810E-07   5.7204348789E-02  -5.2658840610E-08  -5.0851421140E-04
   23     -6.6125209518E-04  -1.6078264996E-03  -5.2658840610E-08   2.2745523880E-02  -3.2187058797E-05
   24     -1.9374166399E-04   7.5585298611E-04  -5.0851421140E-04  -3.2187058797E-05   1.2931689497E-01
   25      7.8847864472E-05   2.0363989325E-04   1.0087710749E-03  -3.3689056479E-05   1.2615297747E-01
   26      1.7992856067E-04  -2.6494313425E-05  -1.5132258915E-05  -3.6523406337E-03  -1.0062976707E-03
   27      2.8747368901E-04  -7.8675048816E-04   1.5405177528E-03  -8.3120283018E-06   1.0401987169E-03
   28      2.9231844672E-04  -1.2860392774E-04  -1.8971775448E-05   2.2344615450E-06   2.9276835700E-04
   29     -2.8678554304E-03  -2.1598077282E-06   1.3203332830E-05   6.3536235634E-04  -2.1103147289E-05
   30      2.8747430081E-04  -7.8674579288E-04  -1.5405197592E-03  -8.3105091722E-06   6.2937883089E-05
   31     -2.9232940405E-04   1.2860237349E-04  -1.8975081607E-05  -2.2348296113E-06  -6.8917222259E-05
   32     -2.8678585381E-03  -2.1597057089E-06  -1.3203807650E-05   6.3536438669E-04  -7.5507806041E-06
   33     -1.9374910890E-04   7.5585138596E-04   5.0851128650E-04  -3.2190057657E-05   4.2046559080E-04
   34     -7.8851691598E-05  -2.0363913324E-04   1.0087715518E-03   3.3679091593E-05   8.6664371645E-04
   35      1.7992412486E-04  -2.6493305082E-05   1.5122412447E-05  -3.6523237493E-03   9.3545263726E-06
   36     -6.4496927692E-02   5.0781047965E-05  -1.1520773305E-04  -7.9572965005E-05   1.0668163003E-04
   37      1.0456183846E-01   6.6775799076E-05  -2.0663182177E-05   2.2952553687E-04  -4.3927258916E-05
   38     -6.1187077345E-02   3.2446588705E-05  -3.4692567367E-05  -1.0834156636E-04  -3.8227795501E-05
   39     -6.4495943932E-02   5.0780128611E-05   1.1520756079E-04  -7.9566497564E-05  -5.6402859560E-04
   40     -1.0456050733E-01  -6.6774648936E-05  -2.0661437435E-05  -2.2951746030E-04  -4.1606213558E-05
   41     -6.1185552210E-02   3.2446585295E-05   3.4691868724E-05  -1.0834553087E-04   1.1446011885E-04
                   25                 26                 27                 28                 29        
    0     -1.6576630824E-02   8.1051302511E-05  -5.6916710571E-03  -3.9502219522E-04   6.0564500614E-06
    1     -1.8737120953E-02  -1.5953917662E-04  -1.8006771947E-03   2.4103282539E-03  -2.8447183625E-06
    2      2.0092241246E-04   2.0322005654E-03   1.0152965599E-04   8.4527060298E-06   7.2691146873E-03
    3     -1.1643282327E-01   6.9164088769E-04  -1.1033769153E-02  -1.2503832999E-03  -1.1495065784E-05
    4     -2.6462833141E-01   1.6239501117E-03   2.9759868884E-02   2.6291870935E-03  -6.2345597701E-06
    5      1.4830963682E-03  -3.4291831243E-02   4.1382650047E-05   1.4104673801E-05   5.3837690607E-04
    6      1.6522665027E-03   1.5908031899E-04  -1.2308715128E-01   1.1476060682E-01   3.2383403938E-04
    7      2.5633133413E-03   1.4698656295E-04   1.1506190213E-01  -2.6167817268E-01  -1.6599524970E-04
    8     -1.6069381899E-05   1.7169798497E-03  -6.0952727501E-05   5.4084790459E-05  -3.0261657922E-02
    9      9.7277292789E-04  -7.4127264517E-05   8.8028722145E-03   1.8399629561E-02  -1.2954377331E-04
   10      2.1275478960E-03  -4.4365464282E-05  -1.3301516468E-02  -2.0228781891E-02   2.2046596235E-04
   11     -3.0519117187E-05   8.1040167701E-03   1.3628009431E-05  -7.8001707065E-05   3.7247547623E-03
   12      9.3751171919E-04  -3.6529809472E-05  -8.0752949924E-04  -4.5866867924E-03   9.2287496902E-05
   13      4.5191145713E-04  -4.1230827463E-05  -3.2979087837E-03  -3.1730839182E-03   2.6205339532E-05
   14      1.1455458605E-05  -8.1145260492E-04   6.1446356225E-05   1.1331748312E-04   5.0199912592E-03
   15      4.4998828976E-03   6.5838724003E-05  -8.5785566879E-04  -1.1884874614E-03  -1.8801572630E-05
   16     -3.6135320975E-03   4.4733241701E-05  -8.1769832524E-04   1.2631725863E-04  -5.1146155173E-05
   17      7.2885974475E-07   7.1708307946E-03  -9.6532880566E-06  -1.8246144641E-05  -3.2893370766E-04
   18     -2.2323251303E-04   1.7483594522E-04   2.1610113464E-03   7.3119472122E-04   4.4395416185E-04
   19     -1.0740266434E-04   3.0903305358E-05  -8.8470513694E-04   1.8326702837E-03  -8.0190532730E-04
   20      7.8847864472E-05   1.7992856067E-04   2.8747368901E-04   2.9231844672E-04  -2.8678554304E-03
   21      2.0363989325E-04  -2.6494313425E-05  -7.8675048816E-04  -1.2860392774E-04  -2.1598077282E-06
   22      1.0087710749E-03  -1.5132258915E-05   1.5405177528E-03  -1.8971775448E-05   1.3203332830E-05
   23     -3.3689056479E-05  -3.6523406337E-03  -8.3120283018E-06   2.2344615450E-06   6.3536235634E-04
   24      1.2615297747E-01  -1.0062976707E-03   1.0401987169E-03   2.9276835700E-04  -2.1103147289E-05
   25      2.8127616792E-01  -1.6265048481E-03  -2.8765823074E-04   8.5441875767E-04  -1.1662279398E-05
   26     -1.6265048481E-03   2.4729760417E-02  -4.5656201550E-05  -1.9281817750E-05  -4.0075444367E-03
   27     -2.8765823074E-04  -4.5656201550E-05   1.2978786892E-01  -1.2583250704E-01   2.3307164890E-05
   28      8.5441875767E-04  -1.9281817750E-05  -1.2583250704E-01   2.7882886254E-01   1.8748846538E-04
   29     -1.1662279398E-05  -4.0075444367E-03   2.3307164890E-05   1.8748846538E-04   2.1696998443E-02
   30     -9.1429013625E-05  -9.6566866699E-06   5.2947567165E-04   8.0326615097E-04   8.6015451222E-06
   31     -1.5965271333E-06   9.0892530853E-06  -8.0326283627E-04  -1.3073574549E-03   1.9633664139E-05
   32     -6.4642845400E-06  -1.1711373985E-03   8.6031976318E-06  -1.9631651360E-05   1.2784495265E-04
   33     -8.6663970513E-04   9.3548331311E-06   6.2935748220E-05   6.8917260077E-05  -7.5477166355E-06
   34     -1.2261806559E-03   4.5787712811E-06   9.1429276066E-05  -1.5936462265E-06   6.4595745921E-06
   35     -4.5753352951E-06   1.8273501307E-04  -9.6606455291E-06  -9.0907456791E-06  -1.1711462796E-03
   36      1.7517831893E-05  -1.6384269267E-05  -2.6210364485E-04  -1.6045422897E-03  -5.8556311290E-04
   37     -2.3725234049E-06   5.6395134424E-05   4.1461656812E-04  -6.3180145702E-04   7.5334364688E-04
   38     -2.8112044487E-05   2.8750785457E-07  -3.9143984561E-04  -3.9659233521E-04   2.4833398333E-04
   39      3.3138335921E-05   2.9806405385E-05   1.4246817702E-04  -5.1446932583E-05  -1.2348203219E-04
   40      3.4406389010E-05  -1.6085188278E-05   1.3889647689E-04   3.5797863784E-04  -1.8247919316E-04
   41     -1.1951415118E-05  -1.8243316202E-04  -1.0040616403E-05  -1.3568912818E-04  -6.2363957332E-04
                   30                 31                 32                 33                 34        
    0     -5.6916825111E-03   3.9501367578E-04   6.0573661171E-06   1.1677116020E-02   1.6576715070E-02
    1      1.8006624893E-03   2.4103279012E-03   2.8520247056E-06  -1.4195775901E-02  -1.8737114393E-02
    2      1.0153415496E-04  -8.4450680716E-06   7.2690943474E-03  -9.9833992158E-05  -2.0087910630E-04
    3     -8.5785411937E-04   1.1884735562E-03  -1.8807008102E-05  -7.5681750174E-04  -4.4998883651E-03
    4      8.1769414877E-04   1.2632099768E-04   5.1152556598E-05  -3.4038878095E-03  -3.6135573014E-03
    5     -9.6698437917E-06   1.8243776303E-05  -3.2892211620E-04   6.4542911236E-05  -6.9085605484E-07
    6     -8.0755344689E-04   4.5867039513E-03   9.2281978324E-05  -7.9469296740E-04  -9.3751021801E-04
    7      3.2979166159E-03  -3.1730698092E-03  -2.6176896691E-05  -7.9842126073E-04   4.5191817588E-04
    8      6.1445422595E-05  -1.1329484858E-04   5.0199749996E-03  -2.5543762324E-05  -1.1458058847E-05
    9      8.8028728082E-03  -1.8399579137E-02  -1.2949289842E-04  -5.5859903716E-03  -9.7279117114E-04
   10      1.3301569027E-02  -2.0228784802E-02  -2.2042978726E-04  -1.5906377612E-03   2.1275371003E-03
   11      1.3600648118E-05   7.8049898913E-05   3.7247596612E-03   1.7986395190E-04   3.0546217087E-05
   12     -1.2308672538E-01  -1.1476035269E-01   3.2400738475E-04  -1.1146362748E-02  -1.6522925688E-03
   13     -1.1506167851E-01  -2.6167864002E-01   1.6640116205E-04   2.8919236506E-02   2.5633744921E-03
   14     -6.0767733272E-05  -5.3688864888E-05  -3.0261561343E-02   2.4813138731E-04   1.6064348097E-05
   15     -1.1033689005E-02   1.2503538950E-03  -1.1502552515E-05  -1.2405977041E-01   1.1643323351E-01
   16     -2.9759877886E-02   2.6291445326E-03   6.2266313258E-06   1.1596669457E-01  -2.6462800054E-01
   17      4.1439048851E-05  -1.4100459174E-05   5.3831159653E-04   8.1127929446E-04  -1.4823877330E-03
   18      2.1610142504E-03  -7.3119733284E-04   4.4394337600E-04  -4.7306968617E-04   2.2323324271E-04
   19      8.8471982747E-04   1.8326710585E-03   8.0188981590E-04   1.7439605464E-03  -1.0739733809E-04
   20      2.8747430081E-04  -2.9232940405E-04  -2.8678585381E-03  -1.9374910890E-04  -7.8851691598E-05
   21     -7.8674579288E-04   1.2860237349E-04  -2.1597057089E-06   7.5585138596E-04  -2.0363913324E-04
   22     -1.5405197592E-03  -1.8975081607E-05  -1.3203807650E-05   5.0851128650E-04   1.0087715518E-03
   23     -8.3105091722E-06  -2.2348296113E-06   6.3536438669E-04  -3.2190057657E-05   3.3679091593E-05
   24      6.2937883089E-05  -6.8917222259E-05  -7.5507806041E-06   4.2046559080E-04   8.6664371645E-04
   25     -9.1429013625E-05  -1.5965271333E-06  -6.4642845400E-06  -8.6663970513E-04  -1.2261806559E-03
   26     -9.6566866699E-06   9.0892530853E-06  -1.1711373985E-03   9.3548331311E-06   4.5787712811E-06
   27      5.2947567165E-04  -8.0326283627E-04   8.6031976318E-06   6.2935748220E-05   9.1429276066E-05
   28      8.0326615097E-04  -1.3073574549E-03  -1.9631651360E-05   6.8917260077E-05  -1.5936462265E-06
   29      8.6015451222E-06   1.9633664139E-05   1.2784495265E-04  -7.5477166355E-06   6.4595745921E-06
   30      1.2978739190E-01   1.2583223412E-01   2.3105568892E-05   1.0401989978E-03   2.8765879254E-04
   31      1.2583223412E-01   2.7882935821E-01  -1.8793699604E-04  -2.9277059474E-04   8.5441807323E-04
   32      2.3105568892E-05  -1.8793699604E-04   2.1696941078E-02  -2.1099861410E-05   1.1647383442E-05
   33      1.0401989978E-03  -2.9277059474E-04  -2.1099861410E-05   1.2931748570E-01  -1.2615342990E-01
   34      2.8765879254E-04   8.5441807323E-04   1.1647383442E-05  -1.2615342990E-01   2.8127579227E-01
   35     -4.5654566738E-05   1.9270104501E-05  -4.0075122556E-03  -1.0059070898E-03   1.6257285120E-03
   36      1.4246752663E-04   5.1445722455E-05  -1.2348634334E-04  -5.6402867030E-04  -3.3138662959E-05
   37     -1.3889415974E-04   3.5798030445E-04   1.8248165626E-04   4.1606416413E-05   3.4402830061E-05
   38     -1.0041627875E-05   1.3568802407E-04  -6.2364112404E-04   1.1446280265E-04   1.1952791847E-05
   39     -2.6210878258E-04   1.6045493708E-03  -5.8556175031E-04   1.0667890640E-04  -1.7518653808E-05
   40     -4.1461869973E-04  -6.3179738421E-04  -7.5334314242E-04   4.3931400520E-05  -2.3706186152E-06
   41     -3.9143769313E-04   3.9659108509E-04   2.4834175254E-04  -3.8228933341E-05   2.8113050970E-05
                   35                 36                 37                 38                 39        
    0      8.1010394941E-05   4.4782936698E-04  -6.6149824951E-04  -7.7255335783E-04   4.4782419545E-04
    1      1.5959750958E-04  -4.7178365084E-04   3.0607042637E-04  -8.1847504381E-04   4.7178347252E-04
    2      2.0321208563E-03  -1.5030367845E-04  -5.2051219276E-05   4.2460443996E-05  -1.5032931624E-04
    3      6.5850981590E-05  -6.4870521401E-04   8.2025547631E-04  -2.5886061774E-04   2.7304066039E-05
    4     -4.4713423830E-05   7.7584526978E-05  -6.3714133672E-04   2.3214597428E-04  -2.0607389046E-03
    5      7.1708387594E-03   7.0869963933E-04  -1.0049575570E-03  -4.9310387285E-04   5.8760645803E-04
    6     -3.6528817552E-05   2.7746004372E-03  -3.7059494186E-03  -5.3705846624E-04  -6.0547278014E-03
    7      4.1226997468E-05   1.7431381934E-03   1.8293658189E-03  -7.4310247483E-04   3.1732318549E-03
    8     -8.1143940364E-04   8.9137791082E-04  -5.3255457323E-04  -3.6514577982E-04  -5.6479950890E-04
    9     -7.4130934737E-05  -1.8098342565E-02   3.2022769423E-03   1.1773821564E-02  -1.8098222790E-02
   10      4.4386658015E-05   3.5914073033E-02   1.3484828923E-03  -5.4218858869E-03  -3.5914219575E-02
   11      8.1040251005E-03  -1.3693820874E-02  -1.1347504927E-04  -4.7170418183E-03  -1.3693614907E-02
   12      1.5909191889E-04  -6.0547044042E-03  -8.7399493701E-04  -3.0588935855E-04   2.7745976328E-03
   13     -1.4698868893E-04  -3.1732545811E-03   1.8111872580E-03   1.1966422630E-03  -1.7431356748E-03
   14      1.7168569935E-03  -5.6478536823E-04   6.4963599894E-04   2.1852080864E-03   8.9136968752E-04
   15      6.9126434614E-04   2.7290225900E-05   1.3155705969E-04   1.6708589708E-03  -6.4869174535E-04
   16     -1.6232436817E-03   2.0607431384E-03  -2.1928613887E-04  -1.1529386567E-04  -7.7586267684E-05
   17     -3.4291608893E-02   5.8758812849E-04  -2.0213378205E-04   1.6298192546E-03   7.0871106984E-04
   18      1.7484543841E-04  -1.2490900770E-01   1.2614817376E-01  -8.8791895183E-02  -1.2490841929E-01
   19     -3.0901943006E-05   1.2142814988E-01  -3.2270320178E-01   1.3906820355E-01  -1.2142820926E-01
   20      1.7992412486E-04  -6.4496927692E-02   1.0456183846E-01  -6.1187077345E-02  -6.4495943932E-02
   21     -2.6493305082E-05   5.0781047965E-05   6.6775799076E-05   3.2446588705E-05   5.0780128611E-05
   22      1.5122412447E-05  -1.1520773305E-04  -2.0663182177E-05  -3.4692567367E-05   1.1520756079E-04
   23     -3.6523237493E-03  -7.9572965005E-05   2.2952553687E-04  -1.0834156636E-04  -7.9566497564E-05
   24      9.3545263726E-06   1.0668163003E-04  -4.3927258916E-05  -3.8227795501E-05  -5.6402859560E-04
   25     -4.5753352951E-06   1.7517831893E-05  -2.3725234049E-06  -2.8112044487E-05   3.3138335921E-05
   26      1.8273501307E-04  -1.6384269267E-05   5.6395134424E-05   2.8750785457E-07   2.9806405385E-05
   27     -9.6606455291E-06  -2.6210364485E-04   4.1461656812E-04  -3.9143984561E-04   1.4246817702E-04
   28     -9.0907456791E-06  -1.6045422897E-03  -6.3180145702E-04  -3.9659233521E-04  -5.1446932583E-05
   29     -1.1711462796E-03  -5.8556311290E-04   7.5334364688E-04   2.4833398333E-04  -1.2348203219E-04
   30     -4.5654566738E-05   1.4246752663E-04  -1.3889415974E-04  -1.0041627875E-05  -2.6210878258E-04
   31      1.9270104501E-05   5.1445722455E-05   3.5798030445E-04   1.3568802407E-04   1.6045493708E-03
   32     -4.0075122556E-03  -1.2348634334E-04   1.8248165626E-04  -6.2364112404E-04  -5.8556175031E-04
   33     -1.0059070898E-03  -5.6402867030E-04   4.1606416413E-05   1.1446280265E-04   1.0667890640E-04
   34      1.6257285120E-03  -3.3138662959E-05   3.4402830061E-05   1.1952791847E-05  -1.7518653808E-05
   35      2.4729669270E-02   2.9809578438E-05   1.6078261754E-05  -1.8243225405E-04  -1.6386483810E-05
   36      2.9809578438E-05   1.3816962151E-01  -1.4064792759E-01   6.9718127458E-02   8.8176204501E-03
   37      1.6078261754E-05  -1.4064792759E-01   3.3761242974E-01  -1.1881537729E-01   1.5263940215E-02
   38     -1.8243225405E-04   6.9718127458E-02  -1.1881537729E-01   6.2816958127E-02   7.7857185014E-03
   39     -1.6386483810E-05   8.8176204501E-03   1.5263940215E-02   7.7857185014E-03   1.3816892545E-01
   40     -5.6398932450E-05  -1.5263808439E-02  -1.9085452849E-02  -1.4244557346E-02   1.4064801206E-01
   41      2.9271803268E-07   7.7857719547E-03   1.4244707029E-02   7.5371635700E-04   6.9717003798E-02
                   40                 41        
     0      6.6149886830E-04  -7.7255383117E-04
     1      3.0606618636E-04   8.1846220688E-04
     2      5.2011814247E-05   4.2481417172E-05
     3     -1.3155567377E-04   1.6708502220E-03
     4     -2.1928017286E-04   1.1530445912E-04
     5      2.0217332017E-04   1.6298182625E-03
     6      8.7399049351E-04  -3.0589839556E-04
     7      1.8111872713E-03  -1.1966408614E-03
     8     -6.4964927978E-04   2.1852190760E-03
     9     -3.2022520916E-03   1.1773780295E-02
    10      1.3484124503E-03   5.4218685117E-03
    11      1.1339672051E-04  -4.7170803775E-03
    12      3.7059626584E-03  -5.3706872973E-04
    13      1.8293876296E-03   7.4309643590E-04
    14      5.3254020832E-04  -3.6515042504E-04
    15     -8.2026086867E-04  -2.5885642873E-04
    16     -6.3714619369E-04  -2.3214274253E-04
    17      1.0049861834E-03  -4.9313356516E-04
    18     -1.2614842293E-01  -8.8790759839E-02
    19     -3.2270568041E-01  -1.3906692309E-01
    20     -1.0456050733E-01  -6.1185552210E-02
    21     -6.6774648936E-05   3.2446585295E-05
    22     -2.0661437435E-05   3.4691868724E-05
    23     -2.2951746030E-04  -1.0834553087E-04
    24     -4.1606213558E-05   1.1446011885E-04
    25      3.4406389010E-05  -1.1951415118E-05
    26     -1.6085188278E-05  -1.8243316202E-04
    27      1.3889647689E-04  -1.0040616403E-05
    28      3.5797863784E-04  -1.3568912818E-04
    29     -1.8247919316E-04  -6.2363957332E-04
    30     -4.1461869973E-04  -3.9143769313E-04
    31     -6.3179738421E-04   3.9659108509E-04
    32     -7.5334314242E-04   2.4834175254E-04
    33      4.3931400520E-05  -3.8228933341E-05
    34     -2.3706186152E-06   2.8113050970E-05
    35     -5.6398932450E-05   2.9271803268E-07
    36     -1.5263808439E-02   7.7857719547E-03
    37     -1.9085452849E-02   1.4244707029E-02
    38     -1.4244557346E-02   7.5371635700E-04
    39      1.4064801206E-01   6.9717003798E-02
    40      3.3761495050E-01   1.1881397111E-01
    41      1.1881397111E-01   6.2815465261E-02

$vibrational_frequencies
42
    0        0.0000000000000000
    1        0.0000000000000000
    2        0.0000000000000000
    3        0.0000000000000000
    4        0.0000000000000000
    5        0.0000000000000000
    6      220.9543541419124040
    7      366.6590770373117039
    8      395.5802553222235360
    9      417.0305988532334709
   10      502.6240073871608729
   11      540.5118317643596129
   12      628.4326385538693103
   13      637.8288869559139584
   14      699.6504109067095669
   15      757.2976481665992878
   16      815.5051546589426152
   17      834.5590491536906939
   18      870.8241992668642979
   19      936.0619323893672572
   20      952.7749523379959555
   21     1015.6818096135451697
   22     1045.2379861530810103
   23     1071.8601697917752062
   24     1141.4703471962320691
   25     1176.9294188977478370
   26     1199.3822675060043821
   27     1310.6471967201464395
   28     1354.3489280777764634
   29     1365.0650628485943798
   30     1497.7773375877393391
   31     1525.4171810519944756
   32     1614.4978456571791412
   33     1637.3454437132559178
   34     1663.3342268923870506
   35     3145.2137869502789727
   36     3145.9883861511480063
   37     3160.4699504172845081
   38     3165.0944428861394044
   39     3182.2858027443407991
   40     3528.0071099785532169
   41     3634.0131969450067118

$normal_modes
42 42
                    0                  1                  2                  3                  4        
    0      0.0000000000E+00   0.0000000000E+00   0.0000000000E+00   0.0000000000E+00   0.0000000000E+00
    1      0.0000000000E+00   0.0000000000E+00   0.0000000000E+00   0.0000000000E+00   0.0000000000E+00
    2      0.0000000000E+00   0.0000000000E+00   0.0000000000E+00   0.0000000000E+00   0.0000000000E+00
    3      0.0000000000E+00   0.0000000000E+00   0.0000000000E+00   0.0000000000E+00   0.0000000000E+00
    4      0.0000000000E+00   0.0000000000E+00   0.0000000000E+00   0.0000000000E+00   0.0000000000E+00
