*************************************************
******************* ORCA 6.0.0 ******************
*************************************************
$Calculation_Status
   &GeometryIndex 1
   &ListStatus       OUT
   &VERSION [&Type "String"] "6.0.0"
   &PROGNAME [&Type "String"] "LeanSCF"
   &STATUS [&Type "String"] "NORMAL TERMINATION"
$End
$Geometry
   &GeometryIndex 1
   &ListStatus       OUT
   &NATOMS [&Type "Integer"] 14
   &NCORELESSECP [&Type "Integer"] 0
   &NGHOSTATOMS [&Type "Integer"] 0
   &CartesianCoordinates [&Type "Coordinates", &Dim(14,4), &Units "Bohr"] 
              C     -3.530776997374   -0.000001049743    0.002125728173
              C     -2.189607056816   -2.268817917644   -0.000588671234
              C      0.436970787806   -2.281655343356   -0.011751269145
              C      1.791805484303    0.000004362244   -0.024038976737
              C      0.436965926675    2.281661600995   -0.011756106844
              C     -2.189612054197    2.268818660874   -0.000594472315
              N      4.414778382095    0.000007416419   -0.162365555531
              H     -5.580707085415   -0.000003044160    0.012142393133
              H     -3.198219137285   -4.056379283408    0.011501524262
              H      1.463807360276   -4.060251761792   -0.011411384703
              H      1.463799146393    4.060259919550   -0.011419256735
              H     -3.198227960038    4.056377659378    0.011490192141
              H      5.244309747987   -1.584066051886    0.506442383566
              H      5.244305458875    1.584087068853    0.506432227610
$End
$SCF_Energy
   &GeometryIndex 1
   &ListStatus       OUT
   &SCF_ENERGY [&Type "Double"]      -2.8755119271673971e+02
$End
$DFT_Energy
   &GeometryIndex 1
   &ListStatus       OUT
   &NALPHAEL [&Type "Integer"] 25
   &NBETAEL [&Type "Integer"] 25
   &NTOTALEL [&Type "Integer"] 50
   &EEXCHANGE [&Type "Double"]      -4.0375976365377667e+01
   &ECORR [&Type "Double"]      -1.6022157538786943e+00
   &ECNL [&Type "Double"]       0.0000000000000000e+00
   &EXC [&Type "Double"]      -4.1978192119256363e+01
   &EEMBED [&Type "Double"]       0.0000000000000000e+00
   &FINALEN [&Type "Double"]      -2.8755119271673971e+02  "No Van der Waals correction"
$End
$Mulliken_Population_Analysis
   &GeometryIndex 1
   &ListStatus       OUT
   &NATOMS [&Type "Integer"] 14
   &ATNO [&Type "ArrayOfIntegers", &Dim (14,1)] 
                                                         0

0                                                        6
1                                                        6
2                                                        6
3                                                        6
4                                                        6
5                                                        6
6                                                        7
7                                                        1
8                                                        1
9                                                        1
10                                                       1
11                                                       1
12                                                       1
13                                                       1
   &ATOMICCHARGES [&Type "ArrayOfDoubles", &Dim (14,1)] 
                                                         0

0                                     -1.8011917798272759e-01
1                                     -5.5905015510806955e-02
2                                     -2.8196110625065973e-01
3                                      3.5258082000705748e-01
4                                     -2.8197162401143672e-01
5                                     -5.5902877933999839e-02
6                                     -4.4085659430562441e-01
7                                      1.0208356916254657e-01
8                                      1.0408550252724891e-01
9                                      8.7983333052625845e-02
10                                     8.7987786260281586e-02
11                                     1.0408466132010985e-01
12                                     2.2895546428566016e-01
13                                     2.2895525938028305e-01
$End
$Loewdin_Population_Analysis
   &GeometryIndex 1
   &ListStatus       OUT
   &NATOMS [&Type "Integer"] 14
   &ATNO [&Type "ArrayOfIntegers", &Dim (14,1)] 
                                                         0

0                                                        6
1                                                        6
2                                                        6
3                                                        6
4                                                        6
5                                                        6
6                                                        7
7                                                        1
8                                                        1
9                                                        1
10                                                       1
11                                                       1
12                                                       1
13                                                       1
   &ATOMICCHARGES [&Type "ArrayOfDoubles", &Dim (14,1)] 
                                                         0

0                                     -1.6903679519185566e-01
1                                     -1.4556586678597228e-01
2                                     -1.4007451082292910e-01
3                                     -2.4802930393479716e-01
4                                     -1.4007448690708468e-01
5                                     -1.4556582533902507e-01
6                                     -4.2631503613088206e-02
7                                      1.3943223829131901e-01
8                                      1.4240182180021221e-01
9                                      1.3975808795347400e-01
10                                     1.3975803770725226e-01
11                                     1.4240174839553554e-01
12                                     1.6361322334881157e-01
13                                     1.6361313509871123e-01
$End
$Mayer_Population_Analysis
   &GeometryIndex 1
   &ListStatus       OUT
   &NATOMS [&Type "Integer"] 14 "Total number of atoms"
   &BONDTHRESH [&Type "Double"]       1.0000000000000001e-01  "The threshold for printing"
   &NBONDORDERSPRINT [&Type "Integer"] 14 "The number of bond orders larger than threshold"
   &BONDORDERS [&Type "ArrayOfDoubles", &Dim (14,1)] "The bond orders"
                                                         0

0                                      1.3886637842060741e+00
1                                      1.3886638297436993e+00
2                                      9.7603253529670386e-01
3                                      1.4430356602224397e+00
4                                      9.6768808010910101e-01
5                                      1.3311193058115536e+00
6                                      9.7817784034881383e-01
7                                      1.3310983908463598e+00
8                                      1.0611055876856568e+00
9                                      1.4430124592441154e+00
10                                     9.7816454545694209e-01
11                                     9.6768643421938971e-01
12                                     9.2077564328945094e-01
13                                     9.2077669251093297e-01
   &COMPONENTS [&Type "ArrayOfIntegers", &Dim (14,4)] "The indices and atomic numbers of the bonding atoms"
                                                         0                           1                           2                           3

0                                                        0                           6                           1                           6
1                                                        0                           6                           5                           6
2                                                        0                           6                           7                           1
3                                                        1                           6                           2                           6
4                                                        1                           6                           8                           1
5                                                        2                           6                           3                           6
6                                                        2                           6                           9                           1
7                                                        3                           6                           4                           6
8                                                        3                           6                           6                           7
9                                                        4                           6                           5                           6
10                                                       4                           6                          10                           1
11                                                       5                           6                          11                           1
12                                                       6                           7                          12                           1
13                                                       6                           7                          13                           1
   &ATNO [&Type "ArrayOfIntegers", &Dim (14,1)] "Atomic number of the elements"
                                                         0

0                                                        6
1                                                        6
2                                                        6
3                                                        6
4                                                        6
5                                                        6
6                                                        7
7                                                        1
8                                                        1
9                                                        1
10                                                       1
11                                                       1
12                                                       1
13                                                       1
   &NA [&Type "ArrayOfDoubles", &Dim (14,1)] "Mulliken gross atomic population"
                                                         0

0                                      6.1801191779827107e+00
1                                      6.0559050155107883e+00
2                                      6.2819611062506420e+00
3                                      5.6474191799929478e+00
4                                      6.2819716240114509e+00
5                                      6.0559028779339732e+00
6                                      7.4408565943056129e+00
7                                      8.9791643083745354e-01
8                                      8.9591449747275276e-01
9                                      9.1201666694737415e-01
10                                     9.1201221373971741e-01
11                                     8.9591533867988982e-01
12                                     7.7104453571433895e-01
13                                     7.7104474061971651e-01
   &ZA [&Type "ArrayOfDoubles", &Dim (14,1)] "Total nuclear charge"
                                                         0

0                                      6.0000000000000000e+00
1                                      6.0000000000000000e+00
2                                      6.0000000000000000e+00
3                                      6.0000000000000000e+00
4                                      6.0000000000000000e+00
5                                      6.0000000000000000e+00
6                                      7.0000000000000000e+00
7                                      1.0000000000000000e+00
8                                      1.0000000000000000e+00
9                                      1.0000000000000000e+00
10                                     1.0000000000000000e+00
11                                     1.0000000000000000e+00
12                                     1.0000000000000000e+00
13                                     1.0000000000000000e+00
   &QA [&Type "ArrayOfDoubles", &Dim (14,1)] "Mulliken gross atomic charge"
                                                         0

0                                     -1.8011917798271071e-01
1                                     -5.5905015510788303e-02
2                                     -2.8196110625064197e-01
3                                      3.5258082000705215e-01
4                                     -2.8197162401145093e-01
5                                     -5.5902877933973194e-02
6                                     -4.4085659430561286e-01
7                                      1.0208356916254646e-01
8                                      1.0408550252724724e-01
9                                      8.7983333052625845e-02
10                                     8.7987786260282586e-02
11                                     1.0408466132011018e-01
12                                     2.2895546428566105e-01
13                                     2.2895525938028349e-01
   &VA [&Type "ArrayOfDoubles", &Dim (14,1)] "Mayer's total valence"
                                                         0

0                                      3.9319544922607617e+00
1                                      3.8962098939773893e+00
2                                      3.9725368952560336e+00
3                                      3.7347134899855310e+00
4                                      3.9724799718271675e+00
5                                      3.8962011880532463e+00
6                                      3.0184434363976940e+00
7                                      9.7821593707095678e-01
8                                      9.7428210098738877e-01
9                                      9.9117171736934384e-01
10                                     9.9117353064904823e-01
11                                     9.7428367574038521e-01
12                                     9.5304300973349088e-01
13                                     9.5304312854670914e-01
   &BVA [&Type "ArrayOfDoubles", &Dim (14,1)] "Mayer's bonded valence"
                                                         0

0                                      3.9319544922605054e+00
1                                      3.8962098939773382e+00
2                                      3.9725368952560083e+00
3                                      3.7347134899853822e+00
4                                      3.9724799718271102e+00
5                                      3.8962011880531717e+00
6                                      3.0184434363974746e+00
7                                      9.7821593707089483e-01
8                                      9.7428210098738555e-01
9                                      9.9117171736934118e-01
10                                     9.9117353064907343e-01
11                                     9.7428367574038655e-01
12                                     9.5304300973346523e-01
13                                     9.5304312854668582e-01
   &FA [&Type "ArrayOfDoubles", &Dim (14,1)] "Mayer's free valence"
                                                         0

0                                      0.0000000000000000e+00
1                                      0.0000000000000000e+00
2                                      0.0000000000000000e+00
3                                      0.0000000000000000e+00
4                                      0.0000000000000000e+00
5                                      0.0000000000000000e+00
6                                      0.0000000000000000e+00
7                                      0.0000000000000000e+00
8                                      0.0000000000000000e+00
9                                      0.0000000000000000e+00
10                                     0.0000000000000000e+00
11                                     0.0000000000000000e+00
12                                     0.0000000000000000e+00
13                                     0.0000000000000000e+00
$End
$VdW_Correction
   &GeometryIndex 1
   &ListStatus       OUT
   &VDW [&Type "Double"]      -4.1572319618660269e-03
$End
$Calculation_Info
   &GeometryIndex 1
   &ListStatus       OUT
   &MULT [&Type "Integer"] 1
   &CHARGE [&Type "Integer"] 0
   &NUMOFATOMS [&Type "Integer"] 14
   &NUMOFELECTRONS [&Type "Integer"] 50
   &NUMOFFCELECTRONS [&Type "Integer"] 1
   &NUMOFCORRELECTRONS [&Type "Integer"] 0
   &NUMOFBASISFUNCTS [&Type "Integer"] 259
   &NUMOFAUXCBASISFUNCTS [&Type "Integer"] 0
   &NUMOFAUXJBASISFUNCTS [&Type "Integer"] 287
   &NUMOFAUXJKBASISFUNCTS [&Type "Integer"] 0
   &NUMOFCABSBASISFUNCTS [&Type "Integer"] 0
   &TOTALENERGY [&Type "Double"]      -2.8754987718630156e+02  "Hartrees"
$End
$SCF_Dipole_Moment
   &GeometryIndex 1
   &ListStatus       OUT
   &METHOD [&Type "String"] "SCF"
   &LEVEL [&Type "String"] "Relaxed density"
   &MULT [&Type "Integer"] 1
   &STATE [&Type "Integer"] -1
   &IRREP [&Type "Integer"] 0
   &NATOMS [&Type "Integer"] 14
   &DODIPOLEATOM [&Type "Boolean"] false
   &DIPOLEELECCONTRIB [&Type "ArrayOfDoubles", &Dim (3,1)] "Electronic contribution"
                                                         0

0                                     -1.4184254744975547e-01
1                                     -9.7889175859882521e-07
2                                     -1.9158004759687278e-01
   &DIPOLENUCCONTRIB [&Type "ArrayOfDoubles", &Dim (3,1)] "Nuclear contribution"
                                                         0

0                                      7.1611527637451200e-01
1                                      2.7594538107855726e-06
2                                      5.7573771042597333e-01
   &DIPOLETOTAL [&Type "ArrayOfDoubles", &Dim (3,1)] "Total"
                                                         0

0                                      5.7427272892475656e-01
1                                      1.7805620521867474e-06
2                                      3.8415766282910058e-01
   &DIPOLEMAGNITUDE [&Type "Double", &Units "a.u."]       6.9091698278459923e-01
$End
$THERMOCHEMISTRY_Energies
   &GeometryIndex 1
   &ListStatus       OUT
   &TEMPERATURE [&Type "Double"]       2.9814999999999998e+02
   &PRESSURE [&Type "Double"]       1.0000000000000000e+00
   &TOTALMASS [&Type "Double"]       9.3128999999999991e+01
   &SPINDEGENERACY [&Type "Integer"] 1
   &ELENERGY [&Type "Double"]      -2.8754987718630156e+02
   &TRANSENERGY [&Type "Double"]       1.4162714244859817e-03
   &ROTENERGY [&Type "Double"]       1.4162714244859817e-03
   &VIBENERGY [&Type "Double"]       2.8768995897100213e-03
   &NUMOFFREQS [&Type "Integer"] 42
   &FREQSCALINGFACTOR [&Type "Double"]       1.0000000000000000e+00
   &FREQ [&Type "ArrayOfDoubles", &Dim (42,1)] "In cm^-1"
                                                         0

0                                      0.0000000000000000e+00
1                                      0.0000000000000000e+00
2                                      0.0000000000000000e+00
3                                      0.0000000000000000e+00
4                                      0.0000000000000000e+00
5                                      0.0000000000000000e+00
6                                      2.2095435414191240e+02
7                                      3.6665907703731170e+02
8                                      3.9558025532222354e+02
9                                      4.1703059885323347e+02
10                                     5.0262400738716087e+02
11                                     5.4051183176435961e+02
12                                     6.2843263855386931e+02
13                                     6.3782888695591396e+02
14                                     6.9965041090670957e+02
15                                     7.5729764816659929e+02
16                                     8.1550515465894262e+02
17                                     8.3455904915369069e+02
18                                     8.7082419926686430e+02
19                                     9.3606193238936726e+02
20                                     9.5277495233799596e+02
21                                     1.0156818096135452e+03
22                                     1.0452379861530810e+03
23                                     1.0718601697917752e+03
24                                     1.1414703471962321e+03
25                                     1.1769294188977478e+03
26                                     1.1993822675060044e+03
27                                     1.3106471967201464e+03
28                                     1.3543489280777765e+03
29                                     1.3650650628485944e+03
30                                     1.4977773375877393e+03
31                                     1.5254171810519945e+03
32                                     1.6144978456571791e+03
33                                     1.6373454437132559e+03
34                                     1.6633342268923871e+03
35                                     3.1452137869502790e+03
36                                     3.1459883861511480e+03
37                                     3.1604699504172845e+03
38                                     3.1650944428861394e+03
39                                     3.1822858027443408e+03
40                                     3.5280071099785532e+03
41                                     3.6340131969450067e+03
   &ZPE [&Type "Double"]       1.1654276999152277e-01
   &INNERENERGYU [&Type "Double"]      -2.8742762497387139e+02
   &ENTHALPYH [&Type "Double"]      -2.8742668076482914e+02
   &QEL [&Type "Double"]       0.0000000000000000e+00
   &QROT [&Type "Double"]       1.2787674974344822e-02
   &QVIB [&Type "Double"]       4.1590610677831276e-03
   &QTRANS [&Type "Double"]       1.8770425465345273e-02
   &ENTROPYS [&Type "Double"]       3.5717161507473220e-02
   &FREEENERGYG [&Type "Double"]      -2.8746239792633662e+02
   &ISLINEAR [&Type "Boolean"] false
$End
$Hessian
   &GeometryIndex 1
   &ListStatus       OUT
   &HESSIAN [&Type "ArrayOfDoubles", &Dim (42,42)] "The Hessian"
                                                         0                           1                           2                           3                           4                           5                           6                           7

0                                      7.3539226254965195e-01         8.9929146086234132e-08        -2.6042049820214110e-03        -1.7560108909623345e-01         1.1574090941042295e-01         4.2885861162517721e-04        -3.1871436323201545e-02         2.8021625972549962e-02
1                                      8.9929146086234132e-08         6.3965512231742172e-01        -6.7338800223546889e-07         5.8596612611623689e-02        -2.7160924935283293e-01         9.7846069191106252e-05         7.0024541753028954e-02         2.7590201409036341e-02
2                                     -2.6042049820214110e-03        -6.7338800223546889e-07         1.1414818910204454e-01         6.4894292483739038e-04        -1.1625603839200991e-04        -5.6066909464508999e-02         3.4531369972539338e-05        -2.6086839993017625e-04
3                                     -1.7560108909623345e-01         5.8596612611623689e-02         6.4894292483739038e-04         6.7505128049752816e-01         3.1295085268960493e-02        -3.0141246559692242e-03        -3.3991373746929199e-01         2.8334654858162858e-02
4                                      1.1574090941042295e-01        -2.7160924935283293e-01        -1.1625603839200991e-04         3.1295085268960493e-02         7.0846705940300270e-01        -1.8795307787793942e-03        -2.6630575200320323e-02        -1.2502300540806871e-01
5                                      4.2885861162517721e-04         9.7846069191106252e-05        -5.6066909464508999e-02        -3.0141246559692242e-03        -1.8795307787793942e-03         1.2793463908048155e-01         1.3796136080818670e-03         2.9960215780921898e-04
6                                     -3.1871436323201545e-02         7.0024541753028954e-02         3.4531369972539338e-05        -3.3991373746929199e-01        -2.6630575200320323e-02         1.3796136080818670e-03         6.9930611064593584e-01        -3.7465414769084104e-02
7                                      2.8021625972549962e-02         2.7590201409036341e-02        -2.6086839993017625e-04         2.8334654858162858e-02        -1.2502300540806871e-01         2.9960215780921898e-04        -3.7465414769084104e-02         6.8403839447006176e-01
8                                     -1.0589272216281220e-04         6.1208721564361514e-04         7.0571228330905799e-03         2.6408966904379462e-03        -8.8780721885364040e-06        -5.2494037825574283e-02        -4.4670945221888456e-03        -1.9226197181832798e-03
9                                      8.1433443232953456e-03         7.6138217087566302e-08         2.6744657679160814e-04        -2.9817744594136539e-02        -3.2532673410642275e-02        -1.7202460260328623e-04        -1.5997928342883255e-01        -9.6836350670438248e-02
10                                     8.7019040521190178e-08        -6.8774508670472800e-02         8.2925009987571690e-08        -7.5529786555942335e-02         3.6018279465722586e-02        -2.6274316617644117e-06        -3.4646833973878313e-02        -2.6199669748278953e-01
11                                    -9.2095942990881130e-04         5.2284008141154755e-08        -5.5851704104940593e-03         3.2821590908848762e-04         9.2478336399474872e-04         1.6164563579168789e-03         9.2088200738459287e-04        -5.7905597172138226e-04
12                                    -3.1871217580548672e-02        -7.0024672677353628e-02         3.4693326407084875e-05        -4.2745400042341578e-02         2.7753811611123662e-02         8.1134998231453511e-05         5.2753766762261095e-02         1.6173085769162876e-02
13                                    -2.8021745093783971e-02         2.7590020813101857e-02         2.6081768943013884e-04         2.1546013401603017e-02        -1.5178723407410230e-02        -6.8992351849311222e-05        -1.6172871524100570e-02        -4.8539058353052444e-02
14                                    -1.0585167445281100e-04        -6.1212486291583451e-04         7.0570849903914250e-03        -4.3620613484754341e-04         1.5532739324046019e-04        -5.6395633837829449e-03         2.7934095913858203e-04         8.7584079456260074e-05
15                                    -1.7560070917224579e-01        -5.8596430589982318e-02         6.4911942955453959e-04         5.6682822964228302e-02        -2.2079942705878368e-02        -2.4451947545245102e-04        -4.2745288893004239e-02        -2.1546089656915263e-02
16                                    -1.1574074339346166e-01        -2.7160973833213431e-01         1.1683151687981507e-04         2.2080182179415639e-02        -6.1472328471080195e-02         1.8630662390520529e-05        -2.7753868086183225e-02        -1.5178805298795894e-02
17                                     4.2917189083527014e-04        -9.7290853584706618e-05        -5.6066664924926748e-02        -2.4456036323871168e-04        -1.8466698561963994e-05         5.8548596108942020e-03         8.1204976074642800e-05         6.9016046787471010e-05
18                                    -7.8791072764623320e-03        -1.7384404570721438e-08        -2.1724620594300011e-04         5.9183725917788879e-03        -4.2654806915116798e-05        -7.3606461510924070e-04        -3.9370009250622749e-02        -1.3463613204125188e-02
19                                    -3.1096800983705518e-09         6.8511458062658868e-03        -1.2198264364516290e-09         5.6082013050231441e-03        -9.2348612788427601e-03         9.4997526289664492e-04        -4.6718448461812737e-02         1.8072215428788091e-03
20                                     2.7117896049497422e-03         2.5991807212379569e-09        -1.3008840338137638e-03        -2.1011704320126811e-03        -1.0564889456691202e-03         5.0302406734717671e-03         2.0269073482245600e-03         4.1989024443686747e-03
21                                    -3.3357857145711306e-01        -2.7093623046604817e-07         1.4749695402398206e-03        -1.2245458662975287e-02        -2.7479583243309041e-03         7.2888904497505930e-05         9.3571870065149026e-04         3.3135089876469744e-03
22                                    -2.6838169471084501e-07        -5.7651551412096450e-02         5.2226904199770845e-08         2.8394686277689988e-02         4.3756311822478692e-03        -1.3194892839085183e-04         2.0434625914492102e-03        -4.5027929978838331e-03
23                                     1.5470608609459444e-03         5.1282943041029484e-08        -2.7930240409292404e-02         3.8841668099289179e-05         3.2980271232102695e-05        -4.6086174526256164e-04         1.3225286384768503e-05         2.4233763987770545e-05
24                                     1.1677108018980113e-02         1.4195833243356819e-02        -9.9889288375741098e-05        -1.2405920426620595e-01        -1.1596625045886334e-01         8.1166040576140805e-04        -1.1146315684533590e-02        -2.8919275275773672e-02
25                                    -1.6576630823739787e-02        -1.8737120952629232e-02         2.0092241246089863e-04        -1.1643282326988266e-01        -2.6462833141292375e-01         1.4830963681626297e-03         1.6522665026887928e-03         2.5633133413463030e-03
26                                     8.1051302511052768e-05        -1.5953917662025585e-04         2.0322005654132003e-03         6.9164088769229357e-04         1.6239501117061668e-03        -3.4291831242622903e-02         1.5908031899312860e-04         1.4698656294817949e-04
27                                    -5.6916710570648473e-03        -1.8006771946705432e-03         1.0152965598621565e-04        -1.1033769153271662e-02         2.9759868884376334e-02         4.1382650046638335e-05        -1.2308715128084832e-01         1.1506190212781865e-01
28                                    -3.9502219521905888e-04         2.4103282538968695e-03         8.4527060297564616e-06        -1.2503832998890865e-03         2.6291870935275475e-03         1.4104673801481542e-05         1.1476060681753172e-01        -2.6167817267961274e-01
29                                     6.0564500613757654e-06        -2.8447183625193468e-06         7.2691146872593858e-03        -1.1495065784060014e-05        -6.2345597701104403e-06         5.3837690607439620e-04         3.2383403937731798e-04        -1.6599524970488768e-04
30                                    -5.6916825111031242e-03         1.8006624893412470e-03         1.0153415495531786e-04        -8.5785411937017381e-04         8.1769414877134691e-04        -9.6698437917341483e-06        -8.0755344688934229e-04         3.2979166158528749e-03
31                                     3.9501367577673020e-04         2.4103279011780977e-03        -8.4450680715707238e-06         1.1884735562329239e-03         1.2632099768130917e-04         1.8243776303019692e-05         4.5867039513486337e-03        -3.1730698092301592e-03
32                                     6.0573661170515653e-06         2.8520247056161666e-06         7.2690943473580835e-03        -1.8807008102468432e-05         5.1152556597633463e-05        -3.2892211620022391e-04         9.2281978324010555e-05        -2.6176896691175076e-05
33                                     1.1677116019613475e-02        -1.4195775901413441e-02        -9.9833992157944090e-05        -7.5681750173625293e-04        -3.4038878095204936e-03         6.4542911236107844e-05        -7.9469296740418589e-04        -7.9842126073413860e-04
34                                     1.6576715069525575e-02        -1.8737114393461395e-02        -2.0087910630417808e-04        -4.4998883650787724e-03        -3.6135573014423241e-03        -6.9085605483633033e-07        -9.3751021801163610e-04         4.5191817587662700e-04
35                                     8.1010394941028745e-05         1.5959750958410412e-04         2.0321208563107273e-03         6.5850981590045494e-05        -4.4713423830329194e-05         7.1708387594417687e-03        -3.6528817551968473e-05         4.1226997468245792e-05
36                                     4.4782936697911649e-04        -4.7178365083794574e-04        -1.5030367845033483e-04        -6.4870521401110947e-04         7.7584526977691852e-05         7.0869963933298946e-04         2.7746004372003388e-03         1.7431381934451809e-03
37                                    -6.6149824951451132e-04         3.0607042637093864e-04        -5.2051219275867043e-05         8.2025547630751045e-04        -6.3714133671717230e-04        -1.0049575569573614e-03        -3.7059494186202236e-03         1.8293658189468300e-03
38                                    -7.7255335783171179e-04        -8.1847504381241326e-04         4.2460443995850234e-05        -2.5886061774355669e-04         2.3214597427504346e-04        -4.9310387284586194e-04        -5.3705846624459153e-04        -7.4310247483385424e-04
39                                     4.4782419545278437e-04         4.7178347251559255e-04        -1.5032931623972271e-04         2.7304066038830784e-05        -2.0607389046221189e-03         5.8760645803304418e-04        -6.0547278014202229e-03         3.1732318548823696e-03
40                                     6.6149886829539224e-04         3.0606618635527813e-04         5.2011814246783483e-05        -1.3155567376595047e-04        -2.1928017286397799e-04         2.0217332016874779e-04         8.7399049351268054e-04         1.8111872712866402e-03
41                                    -7.7255383116545020e-04         8.1846220688251399e-04         4.2481417172182190e-05         1.6708502220325384e-03         1.1530445911545897e-04         1.6298182625172465e-03        -3.0589839556374916e-04        -1.1966408614193908e-03
                                                         8                           9                          10                          11                          12                          13                          14                          15

0                                     -1.0589272216281220e-04         8.1433443232953456e-03         8.7019040521190178e-08        -9.2095942990881130e-04        -3.1871217580548672e-02        -2.8021745093783971e-02        -1.0585167445281100e-04        -1.7560070917224579e-01
1                                      6.1208721564361514e-04         7.6138217087566302e-08        -6.8774508670472800e-02         5.2284008141154755e-08        -7.0024672677353628e-02         2.7590020813101857e-02        -6.1212486291583451e-04        -5.8596430589982318e-02
2                                      7.0571228330905799e-03         2.6744657679160814e-04         8.2925009987571690e-08        -5.5851704104940593e-03         3.4693326407084875e-05         2.6081768943013884e-04         7.0570849903914250e-03         6.4911942955453959e-04
3                                      2.6408966904379462e-03        -2.9817744594136539e-02        -7.5529786555942335e-02         3.2821590908848762e-04        -4.2745400042341578e-02         2.1546013401603017e-02        -4.3620613484754341e-04         5.6682822964228302e-02
4                                     -8.8780721885364040e-06        -3.2532673410642275e-02         3.6018279465722586e-02         9.2478336399474872e-04         2.7753811611123662e-02        -1.5178723407410230e-02         1.5532739324046019e-04        -2.2079942705878368e-02
5                                     -5.2494037825574283e-02        -1.7202460260328623e-04        -2.6274316617644117e-06         1.6164563579168789e-03         8.1134998231453511e-05        -6.8992351849311222e-05        -5.6395633837829449e-03        -2.4451947545245102e-04
6                                     -4.4670945221888456e-03        -1.5997928342883255e-01        -3.4646833973878313e-02         9.2088200738459287e-04         5.2753766762261095e-02        -1.6172871524100570e-02         2.7934095913858203e-04        -4.2745288893004239e-02
7                                     -1.9226197181832798e-03        -9.6836350670438248e-02        -2.6199669748278953e-01        -5.7905597172138226e-04         1.6173085769162876e-02        -4.8539058353052444e-02         8.7584079456260074e-05        -2.1546089656915263e-02
8                                      1.1781410377253854e-01        -3.6169032517189984e-04         1.0155598298335349e-03        -6.8053925602695090e-02         2.7929589064617860e-04        -8.7476102534604248e-05         9.5482373036810050e-03        -4.3614060049850054e-04
9                                     -3.6169032517189984e-04         6.9815362681900706e-01         2.8547006335763805e-07         3.1995299558599064e-03        -1.5997949868082922e-01         9.6836425661257136e-02        -3.6187547422839982e-04        -2.9817925870605957e-02
10                                     1.0155598298335349e-03         2.8547006335763805e-07         6.7719006845471907e-01        -6.5260047567252853e-07         3.4646847256964264e-02        -2.6199616531166053e-01        -1.0150955697351190e-03         7.5529644556978137e-02
11                                    -6.8053925602695090e-02         3.1995299558599064e-03        -6.5260047567252853e-07         1.6455606612503756e-01         9.2081858416671685e-04         5.7948993984961782e-04        -6.8053966114524259e-02         3.2801975431994324e-04
12                                     2.7929589064617860e-04        -1.5997949868082922e-01         3.4646847256964264e-02         9.2081858416671685e-04         6.9930574194293382e-01         3.7465637609883043e-02        -4.4670108510836614e-03        -3.3991353024356841e-01
13                                    -8.7476102534604248e-05         9.6836425661257136e-02        -2.6199616531166053e-01         5.7948993984961782e-04         3.7465637609883043e-02         6.8403834919717654e-01         1.9214727628746467e-03        -2.8335098636816238e-02
14                                     9.5482373036810050e-03        -3.6187547422839982e-04        -1.0150955697351190e-03        -6.8053966114524259e-02        -4.4670108510836614e-03         1.9214727628746467e-03         1.1781392192579966e-01         2.6408842014713587e-03
15                                    -4.3614060049850054e-04        -2.9817925870605957e-02         7.5529644556978137e-02         3.2801975431994324e-04        -3.3991353024356841e-01        -2.8335098636816238e-02         2.6408842014713587e-03         6.7505121540541979e-01
16                                    -1.5530724911793465e-04         3.2532514488134087e-02         3.6018524605311408e-02        -9.2483742376735321e-04         2.6630148543344143e-02        -1.2502305755893817e-01         9.0318686687583326e-06        -3.1295230320402503e-02
