*************************************************
******************* ORCA 6.0.0 ******************
*************************************************
$Calculation_Status
   &GeometryIndex 1
   &ListStatus       OUT
   &VERSION [&Type "String"] "6.0.0"
   &PROGNAME [&Type "String"] "LeanSCF"
   &STATUS [&Type "String"] "NORMAL TERMINATION"
$End
$Geometry
   &GeometryIndex 1
   &ListStatus       OUT
   &NATOMS [&Type "Integer"] 14
   &NCORELESSECP [&Type "Integer"] 0
   &NGHOSTATOMS [&Type "Integer"] 0
   &CartesianCoordinates [&Type "Coordinates", &Dim(14,4), &Units "Bohr"] 
              C     -3.525465781101    0.000058077709   -0.007856956110
              C     -2.187890649371   -2.265949182793   -0.001139860505
              C      0.436436342075   -2.277911021286    0.010902091416
              C      1.786891294955    0.000006206994    0.016166850283
              C      0.436484696765    2.277953094905    0.010693674465
              C     -2.187840861324    2.266038632790   -0.001355543453
              N      4.420823675712   -0.000015660916    0.148776477076
              H     -5.574321782067    0.000084676171   -0.018801482082
              H     -3.196316617516   -4.052660779533   -0.007271664841
              H      1.456522020622   -4.060289129236    0.028140423409
              H      1.456605447495    4.060312141565    0.027783932810
              H     -3.196238676328    4.052766826995   -0.007657730221
              H      5.251380515097    1.574744441804   -0.531130816845
              H      5.251315927659   -1.574990044975   -0.530720867972
$End
$SCF_Energy
   &GeometryIndex 1
   &ListStatus       OUT
   &SCF_ENERGY [&Type "Double"]      -2.8755124942275847e+02
$End
$DFT_Energy
   &GeometryIndex 1
   &ListStatus       OUT
   &NALPHAEL [&Type "Integer"] 25
   &NBETAEL [&Type "Integer"] 25
   &NTOTALEL [&Type "Integer"] 50
   &EEXCHANGE [&Type "Double"]      -4.0382324277359935e+01
   &ECORR [&Type "Double"]      -1.6024311108036213e+00
   &ECNL [&Type "Double"]       0.0000000000000000e+00
   &EXC [&Type "Double"]      -4.1984755388163556e+01
   &EEMBED [&Type "Double"]       0.0000000000000000e+00
   &FINALEN [&Type "Double"]      -2.8755124942275847e+02  "No Van der Waals correction"
$End
$Mulliken_Population_Analysis
   &GeometryIndex 1
   &ListStatus       OUT
   &NATOMS [&Type "Integer"] 14
   &ATNO [&Type "ArrayOfIntegers", &Dim (14,1)] 
                                                         0

0                                                        6
1                                                        6
2                                                        6
3                                                        6
4                                                        6
5                                                        6
6                                                        7
7                                                        1
8                                                        1
9                                                        1
10                                                       1
11                                                       1
12                                                       1
13                                                       1
   &ATOMICCHARGES [&Type "ArrayOfDoubles", &Dim (14,1)] 
                                                         0

0                                     -1.7933623447590374e-01
1                                     -5.5222083946892653e-02
2                                     -2.8279674796071497e-01
3                                      3.5447616840496998e-01
4                                     -2.8278520780843053e-01
5                                     -5.5232954149984970e-02
6                                     -4.4264391335108311e-01
7                                      1.0178492642134529e-01
8                                      1.0405992298950473e-01
9                                      8.8773937714301421e-02
10                                     8.8784666058659090e-02
11                                     1.0405837240807192e-01
12                                     2.2804156918671192e-01
13                                     2.2803757850964534e-01
$End
$Loewdin_Population_Analysis
   &GeometryIndex 1
   &ListStatus       OUT
   &NATOMS [&Type "Integer"] 14
   &ATNO [&Type "ArrayOfIntegers", &Dim (14,1)] 
                                                         0

0                                                        6
1                                                        6
2                                                        6
3                                                        6
4                                                        6
5                                                        6
6                                                        7
7                                                        1
8                                                        1
9                                                        1
10                                                       1
11                                                       1
12                                                       1
13                                                       1
   &ATOMICCHARGES [&Type "ArrayOfDoubles", &Dim (14,1)] 
                                                         0

0                                     -1.6872866956361232e-01
1                                     -1.4541239630814395e-01
2                                     -1.3954410151362673e-01
3                                     -2.4538078501351634e-01
4                                     -1.3954228233580768e-01
5                                     -1.4541229239049258e-01
6                                     -4.5290186705066127e-02
7                                      1.3961153205478738e-01
8                                      1.4252744313233212e-01
9                                      1.4029189669401432e-01
10                                     1.4029267506065812e-01
11                                     1.4252758757607464e-01
12                                     1.6202974735557818e-01
13                                     1.6202983195704901e-01
$End
$Mayer_Population_Analysis
   &GeometryIndex 1
   &ListStatus       OUT
   &NATOMS [&Type "Integer"] 14 "Total number of atoms"
   &BONDTHRESH [&Type "Double"]       1.0000000000000001e-01  "The threshold for printing"
   &NBONDORDERSPRINT [&Type "Integer"] 14 "The number of bond orders larger than threshold"
   &BONDORDERS [&Type "ArrayOfDoubles", &Dim (14,1)] "The bond orders"
                                                         0

0                                      1.3899820110564229e+00
1                                      1.3899812567658263e+00
2                                      9.7608221369574288e-01
3                                      1.4423034988452546e+00
4                                      9.6778486047669554e-01
5                                      1.3344479815220081e+00
6                                      9.7818222959662049e-01
7                                      1.3344729261292909e+00
8                                      1.0538346123067275e+00
9                                      1.4423313632765378e+00
10                                     9.7816659058187905e-01
11                                     9.6778657556523495e-01
12                                     9.2194411326853087e-01
13                                     9.2194746623807011e-01
   &COMPONENTS [&Type "ArrayOfIntegers", &Dim (14,4)] "The indices and atomic numbers of the bonding atoms"
                                                         0                           1                           2                           3

0                                                        0                           6                           1                           6
1                                                        0                           6                           5                           6
2                                                        0                           6                           7                           1
3                                                        1                           6                           2                           6
4                                                        1                           6                           8                           1
5                                                        2                           6                           3                           6
6                                                        2                           6                           9                           1
7                                                        3                           6                           4                           6
8                                                        3                           6                           6                           7
9                                                        4                           6                           5                           6
10                                                       4                           6                          10                           1
11                                                       5                           6                          11                           1
12                                                       6                           7                          12                           1
13                                                       6                           7                          13                           1
   &ATNO [&Type "ArrayOfIntegers", &Dim (14,1)] "Atomic number of the elements"
                                                         0

0                                                        6
1                                                        6
2                                                        6
3                                                        6
4                                                        6
5                                                        6
6                                                        7
7                                                        1
8                                                        1
9                                                        1
10                                                       1
11                                                       1
12                                                       1
13                                                       1
   &NA [&Type "ArrayOfDoubles", &Dim (14,1)] "Mulliken gross atomic population"
                                                         0

0                                      6.1793362344759100e+00
1                                      6.0552220839469024e+00
2                                      6.2827967479607505e+00
3                                      5.6455238315950318e+00
4                                      6.2827852078084314e+00
5                                      6.0552329541500045e+00
6                                      7.4426439133510929e+00
7                                      8.9821507357865560e-01
8                                      8.9594007701049483e-01
9                                      9.1122606228569691e-01
10                                     9.1121533394134158e-01
11                                     8.9594162759192952e-01
12                                     7.7195843081328908e-01
13                                     7.7196242149035510e-01
   &ZA [&Type "ArrayOfDoubles", &Dim (14,1)] "Total nuclear charge"
                                                         0

0                                      6.0000000000000000e+00
1                                      6.0000000000000000e+00
2                                      6.0000000000000000e+00
3                                      6.0000000000000000e+00
4                                      6.0000000000000000e+00
5                                      6.0000000000000000e+00
6                                      7.0000000000000000e+00
7                                      1.0000000000000000e+00
8                                      1.0000000000000000e+00
9                                      1.0000000000000000e+00
10                                     1.0000000000000000e+00
11                                     1.0000000000000000e+00
12                                     1.0000000000000000e+00
13                                     1.0000000000000000e+00
   &QA [&Type "ArrayOfDoubles", &Dim (14,1)] "Mulliken gross atomic charge"
                                                         0

0                                     -1.7933623447590996e-01
1                                     -5.5222083946902423e-02
2                                     -2.8279674796075049e-01
3                                      3.5447616840496821e-01
4                                     -2.8278520780843142e-01
5                                     -5.5232954150004510e-02
6                                     -4.4264391335109288e-01
7                                      1.0178492642134440e-01
8                                      1.0405992298950517e-01
9                                      8.8773937714303086e-02
10                                     8.8784666058658424e-02
11                                     1.0405837240807048e-01
12                                     2.2804156918671092e-01
13                                     2.2803757850964490e-01
   &VA [&Type "ArrayOfDoubles", &Dim (14,1)] "Mayer's total valence"
                                                         0

0                                      3.9343158736251862e+00
1                                      3.8964016809763420e+00
2                                      3.9765810753006483e+00
3                                      3.7340974125554953e+00
4                                      3.9766241128556095e+00
5                                      3.8964333645041695e+00
6                                      3.0145171731956109e+00
7                                      9.7824927281221452e-01
8                                      9.7438060261797088e-01
9                                      9.9117086488424522e-01
10                                     9.9116781204672932e-01
11                                     9.7438149947025710e-01
12                                     9.5344348212569807e-01
13                                     9.5344659745447446e-01
   &BVA [&Type "ArrayOfDoubles", &Dim (14,1)] "Mayer's bonded valence"
                                                         0

0                                      3.9343158736252613e+00
1                                      3.8964016809763735e+00
2                                      3.9765810753004849e+00
3                                      3.7340974125554158e+00
4                                      3.9766241128554300e+00
5                                      3.8964333645039742e+00
6                                      3.0145171731955651e+00
7                                      9.7824927281224094e-01
8                                      9.7438060261799309e-01
9                                      9.9117086488427297e-01
10                                     9.9116781204670956e-01
11                                     9.7438149947019115e-01
12                                     9.5344348212568408e-01
13                                     9.5344659745446347e-01
   &FA [&Type "ArrayOfDoubles", &Dim (14,1)] "Mayer's free valence"
                                                         0

0                                      0.0000000000000000e+00
1                                      0.0000000000000000e+00
2                                      0.0000000000000000e+00
3                                      0.0000000000000000e+00
4                                      0.0000000000000000e+00
5                                      0.0000000000000000e+00
6                                      0.0000000000000000e+00
7                                      0.0000000000000000e+00
8                                      0.0000000000000000e+00
9                                      0.0000000000000000e+00
10                                     0.0000000000000000e+00
11                                     0.0000000000000000e+00
12                                     0.0000000000000000e+00
13                                     0.0000000000000000e+00
$End
$VdW_Correction
   &GeometryIndex 1
   &ListStatus       OUT
   &VDW [&Type "Double"]      -4.1583157623704221e-03
$End
$Calculation_Info
   &GeometryIndex 1
   &ListStatus       OUT
   &MULT [&Type "Integer"] 1
   &CHARGE [&Type "Integer"] 0
   &NUMOFATOMS [&Type "Integer"] 14
   &NUMOFELECTRONS [&Type "Integer"] 50
   &NUMOFFCELECTRONS [&Type "Integer"] 1
   &NUMOFCORRELECTRONS [&Type "Integer"] 0
   &NUMOFBASISFUNCTS [&Type "Integer"] 259
   &NUMOFAUXCBASISFUNCTS [&Type "Integer"] 0
   &NUMOFAUXJBASISFUNCTS [&Type "Integer"] 287
   &NUMOFAUXJKBASISFUNCTS [&Type "Integer"] 0
   &NUMOFCABSBASISFUNCTS [&Type "Integer"] 0
   &TOTALENERGY [&Type "Double"]      -2.8754994077992086e+02  "Hartrees"
$End
$SCF_Dipole_Moment
   &GeometryIndex 1
   &ListStatus       OUT
   &METHOD [&Type "String"] "SCF"
   &LEVEL [&Type "String"] "Relaxed density"
   &MULT [&Type "Integer"] 1
   &STATE [&Type "Integer"] -1
   &IRREP [&Type "Integer"] 0
   &NATOMS [&Type "Integer"] 14
   &DODIPOLEATOM [&Type "Boolean"] false
   &DIPOLEELECCONTRIB [&Type "ArrayOfDoubles", &Dim (3,1)] "Electronic contribution"
                                                         0

0                                     -1.6199885891076873e-01
1                                      3.9555864959932817e-05
2                                      1.8095401877887679e-01
   &DIPOLENUCCONTRIB [&Type "ArrayOfDoubles", &Dim (3,1)] "Nuclear contribution"
                                                         0

0                                      7.1621624519987126e-01
1                                     -9.4310234810102145e-05
2                                     -5.6670231954303274e-01
   &DIPOLETOTAL [&Type "ArrayOfDoubles", &Dim (3,1)] "Total"
                                                         0

0                                      5.5421738628910255e-01
1                                     -5.4754369850169328e-05
2                                     -3.8574830076415595e-01
   &DIPOLEMAGNITUDE [&Type "Double", &Units "a.u."]       6.7524711462219444e-01
$End
$THERMOCHEMISTRY_Energies
   &GeometryIndex 1
   &ListStatus       OUT
   &TEMPERATURE [&Type "Double"]       2.9814999999999998e+02
   &PRESSURE [&Type "Double"]       1.0000000000000000e+00
   &TOTALMASS [&Type "Double"]       9.3128999999999991e+01
   &SPINDEGENERACY [&Type "Integer"] 1
   &ELENERGY [&Type "Double"]      -2.8754994077992086e+02
   &TRANSENERGY [&Type "Double"]       1.4162714244859817e-03
   &ROTENERGY [&Type "Double"]       1.4162714244859817e-03
   &VIBENERGY [&Type "Double"]       2.9362029771977951e-03
   &NUMOFFREQS [&Type "Integer"] 42
   &FREQSCALINGFACTOR [&Type "Double"]       1.0000000000000000e+00
   &FREQ [&Type "ArrayOfDoubles", &Dim (42,1)] "In cm^-1"
                                                         0

0                                      0.0000000000000000e+00
1                                      0.0000000000000000e+00
2                                      0.0000000000000000e+00
3                                      0.0000000000000000e+00
4                                      0.0000000000000000e+00
5                                      0.0000000000000000e+00
6                                      2.2131165459605418e+02
7                                      3.2309717260731719e+02
8                                      3.9090219097179028e+02
9                                      4.1397288968913927e+02
10                                     5.0188087521990423e+02
11                                     5.3973905554358532e+02
12                                     6.2223950072774323e+02
13                                     6.3823106855900960e+02
14                                     6.9870990414447772e+02
15                                     7.5612652149006885e+02
16                                     8.1655137630908428e+02
17                                     8.3438773948781852e+02
18                                     8.7207844028248223e+02
19                                     9.3616062355225824e+02
20                                     9.5289643812653128e+02
21                                     1.0183864727126776e+03
22                                     1.0487338072803971e+03
23                                     1.0701723029870145e+03
24                                     1.1390041208160903e+03
25                                     1.1785335909445243e+03
26                                     1.2009564092515702e+03
27                                     1.3006674423526699e+03
28                                     1.3622458437460361e+03
29                                     1.3659018445820857e+03
30                                     1.4995886133308325e+03
31                                     1.5273143619226323e+03
32                                     1.6231776102233296e+03
33                                     1.6415708241473176e+03
34                                     1.6615880846977050e+03
35                                     3.1466283688318254e+03
36                                     3.1468316840568637e+03
37                                     3.1634215706316018e+03
38                                     3.1683989601392932e+03
39                                     3.1867376897768336e+03
40                                     3.5502946458822853e+03
41                                     3.6531524659724550e+03
   &ZPE [&Type "Double"]       1.1657746482354721e-01
   &INNERENERGYU [&Type "Double"]      -2.8742759456927115e+02
   &ENTHALPYH [&Type "Double"]      -2.8742665036022890e+02
   &QEL [&Type "Double"]       0.0000000000000000e+00
   &QROT [&Type "Double"]       1.2785968259280784e-02
   &QVIB [&Type "Double"]       4.2724365990172378e-03
   &QTRANS [&Type "Double"]       1.8770425465345273e-02
   &ENTROPYS [&Type "Double"]       3.5828830323643292e-02
   &FREEENERGYG [&Type "Double"]      -2.8746247919055253e+02
   &ISLINEAR [&Type "Boolean"] false
$End
$Hessian
   &GeometryIndex 1
   &ListStatus       OUT
   &HESSIAN [&Type "ArrayOfDoubles", &Dim (42,42)] "The Hessian"
                                                         0                           1                           2                           3                           4                           5                           6                           7

0                                      7.3894330274729580e-01        -2.5469253078791454e-06         3.2361166144553436e-03        -1.7678860535267921e-01         1.1798087752146852e-01        -6.3612725586669947e-04        -3.1972701497049970e-02         2.8195210560714661e-02
1                                     -2.5469253078791454e-06         6.4772737435278305e-01        -2.5668683465985005e-05         6.0813863439263670e-02        -2.7552313313934229e-01         5.4147878129478903e-04         7.0316239661931512e-02         2.7783794263421528e-02
2                                      3.2361166144553436e-03        -2.5668683465985005e-05         1.1368729431385638e-01        -7.5496634216521276e-04         5.6110923237006228e-04        -5.5912145860701201e-02        -1.2863999662122093e-04         2.4343596579674473e-04
3                                     -1.7678860535267921e-01         6.0813863439263670e-02        -7.5496634216521276e-04         6.7962892058764579e-01         2.9395307329661814e-02         3.1316267333902966e-03        -3.4266195706576846e-01         2.8378570877194195e-02
4                                      1.1798087752146852e-01        -2.7552313313934229e-01         5.6110923237006228e-04         2.9395307329661814e-02         7.1330545171859960e-01         2.3867139225630096e-04        -2.6734603004891597e-02        -1.2504811453318809e-01
5                                     -6.3612725586669947e-04         5.4147878129478903e-04        -5.5912145860701201e-02         3.1316267333902966e-03         2.3867139225630096e-04         1.2733796034819039e-01        -1.5389464723860836e-03        -8.0783718494566647e-05
6                                     -3.1972701497049970e-02         7.0316239661931512e-02        -1.2863999662122093e-04        -3.4266195706576846e-01        -2.6734603004891597e-02        -1.5389464723860836e-03         7.0245523019694989e-01        -3.4267162176792848e-02
7                                      2.8195210560714661e-02         2.7783794263421528e-02         2.4343596579674473e-04         2.8378570877194195e-02        -1.2504811453318809e-01        -8.0783718494566647e-05        -3.4267162176792848e-02         6.8994100263869218e-01
8                                     -2.2661176390608166e-05        -6.7908773310173653e-04         7.1747662844230623e-03        -2.8825061167308064e-03         3.0802425584407575e-04        -5.2595221119540528e-02         5.3389824923482238e-03        -1.4707421827306480e-03
9                                      7.9817606220418183e-03        -6.7562477370495970e-07        -1.9768632955271268e-04        -2.9976444116268354e-02        -3.2561453272064368e-02         3.0650081099122288e-04        -1.6128338353554661e-01        -9.9742839402477065e-02
10                                    -6.7637919569799667e-07        -6.9086884550067312e-02         2.8852753606828683e-06        -7.5882212322744280e-02         3.6071541569128604e-02         4.2692953113132638e-05        -3.7635911121371629e-02        -2.6662322074115979e-01
11                                     8.8572116223891058e-04         2.4414851227720488e-06        -5.6117510470367008e-03        -3.5635963121780816e-04        -9.2601227496498008e-04         1.7873526465792145e-03        -7.4721025547554339e-04         1.3056924849958571e-03
12                                    -3.1974535829329354e-02        -7.0314830636439410e-02        -1.2232523871227386e-04        -4.2970481207595258e-02         2.7840203002479049e-02        -1.0449454968748217e-04         5.3024905107936546e-02         1.6372137503668328e-02
13                                    -2.8193872896168801e-02         2.7786006152304175e-02        -2.4534496571313629e-04         2.1791780035986089e-02        -1.5315428442256744e-02         6.9478950091714762e-05        -1.6374278238763425e-02        -4.9065611863103403e-02
14                                    -2.0554760784908047e-05         6.7691542419277069e-04         7.1749423136196408e-03         4.6642132086417698e-04        -1.3842095508711746e-04        -5.7037164126983913e-03        -1.1586329192252620e-04        -2.2281317903378181e-05
15                                    -1.7679203315466196e-01        -6.0814934788089317e-02        -7.4874290244627607e-04         5.6919198889803596e-02        -2.2139650939798097e-02         1.8546602608622502e-04        -4.2971619293940347e-02        -2.1791018946088758e-02
16                                    -1.1798222084814786e-01        -2.7551749922531188e-01        -5.3984077145474208e-04         2.2137224488088483e-02        -6.1720559286019910e-02        -2.5582898351856893e-05        -2.7839682135153712e-02        -1.5314530817042177e-02
17                                    -6.2456563523827419e-04        -5.2004216648888764e-04        -5.5912748052877874e-02         1.8380596822153067e-04         3.1677073806892159e-05         5.9853669800020194e-03        -1.0229117471546151e-04        -6.8648039776629240e-05
18                                    -7.7835353552942205e-03        -5.7402900442991517e-08         1.8936647302818764e-04         5.8868200607681198e-03        -1.0329825761447265e-04         7.4699674471999941e-04        -3.9161492106299656e-02        -1.3213200549236352e-02
19                                    -3.3530692670356671e-07         6.7343815374644803e-03        -2.9934349966507181e-07         5.4841726100423689e-03        -9.1655730693853358e-03        -9.3134619547693932e-04        -4.6476321761404309e-02         1.9430457397460353e-03
20                                    -2.7119192597664043e-03         1.7285245964553039e-07        -1.3037286882185454e-03         2.1057408121127243e-03         1.0914873511211594e-03         5.0554973715785864e-03        -1.9017215590147445e-03        -4.2069243207170717e-03
21                                    -3.3445227024773594e-01         3.5282691117057945e-06        -1.6221209142036658e-03        -1.2344473863133778e-02        -2.7336271202648005e-03        -6.9484353099309097e-05         9.3062514471079980e-04         3.3332986290851609e-03
22                                     3.6516454731278152e-06        -5.7664305149292910e-02         1.4389584844078181e-06         2.8529728113626612e-02         4.3737030106349066e-03         1.2695979455265013e-04         2.0665722747409071e-03        -4.5026957332356737e-03
23                                    -1.6626196670904256e-03         1.4013744126510543e-06        -2.8102431827258814e-02        -7.6185553460994689e-05        -2.9497731356497952e-05        -3.6259131783359690e-04        -9.1349256299122072e-06        -2.0457053666198341e-06
24                                     1.1694984371485870e-02         1.4256100372873417e-02         5.0060561583149766e-05        -1.2426481294667553e-01        -1.1634554040593381e-01        -4.5363831000912885e-04        -1.1196309205059766e-02        -2.8974224476586780e-02
25                                    -1.6629568362438580e-02        -1.8832882261982237e-02        -1.3713959452795214e-04        -1.1679278719070656e-01        -2.6523692761045170e-01        -6.9991446923918748e-04         1.6840644930257997e-03         2.5704910734393096e-03
26                                     4.2620581056167545e-06         1.3240482513935409e-04         2.0642795907711642e-03        -4.4275934435823787e-04        -7.4843754069192831e-04        -3.4254361110671622e-02        -1.7022898510144834e-05        -1.0490649509647162e-04
27                                    -5.7276021743397233e-03        -1.7639781528711405e-03        -1.2299189211403464e-04        -1.1188542173283366e-02         2.9932601450651537e-02        -2.1038813943152822e-04        -1.2227566794615148e-01         1.1442289980453346e-01
28                                    -3.6788919917742427e-04         2.4026672801472325e-03         6.6395715620918877e-05        -1.2106715210072061e-03         2.5554620947688010e-03        -3.5216961810802196e-05         1.1424719368733631e-01        -2.6247410563279983e-01
29                                     4.2651158785655599e-07        -6.2664382749227733e-06         7.2983708211448606e-03         5.4287700637110589e-05        -1.0340045790568199e-05         6.6386679188968484e-04        -1.5203430173854444e-03         2.5751443930091900e-03
30                                    -5.7275191978991826e-03         1.7641221808224281e-03        -1.2318224221587778e-04        -8.6269705372972027e-04         8.2943130841655016e-04         1.5886380499263922e-05        -8.1578969545297248e-04         3.3069481967797176e-03
31                                     3.6806847418300974e-04         2.4026025591573656e-03        -6.5910434309566254e-05         1.1734638184004702e-03         1.4238583768547402e-04        -1.3941535636475516e-05         4.5936263144078539e-03        -3.1744075487565408e-03
32                                     3.6069682663262002e-07         6.6119377145549188e-06         7.2984359163937983e-03         5.6366952730461738e-05        -4.8174471189751919e-05        -3.4794987791166476e-04        -7.5604296761089338e-05         1.0685215479629389e-05
33                                     1.1694942155100467e-02        -1.4256757346273765e-02         5.1434018265892375e-05        -7.4635906772469330e-04        -3.4033898597720129e-03        -6.4549674211277798e-05        -7.9648072822960793e-04        -8.0606298665801069e-04
34                                     1.6628985816454226e-02        -1.8833114739462080e-02         1.3912607078425860e-04        -4.5045500306779476e-03        -3.6174852512506489e-03        -3.1257558197210760e-05        -9.4116163649259792e-04         4.5282958668880135e-04
35                                     2.7360104035986053e-06        -1.3028967836475159e-04         2.0644126008551589e-03        -6.5682705385630344e-05         2.0678572817268547e-06         7.2058940679218600e-03        -2.5053084484722768e-05        -6.6604842131541477e-05
36                                     4.5192604566491500e-04         4.6326041151481079e-04         1.5266832722956106e-04         1.1926848150556509e-05        -2.0552848750724786e-03        -5.8197204581146675e-04        -6.0900211986183173e-03         3.1700768630714112e-03
37                                     6.5812471894648443e-04         3.1047273797738038e-04        -5.2302691357559690e-05        -1.1312023250406052e-04        -2.0716687474655292e-04        -1.8022032515912213e-04         8.6514563747974618e-04         1.7140630605671369e-03
38                                     7.6866151700059708e-04        -7.9742191133711242e-04         4.0189539882128577e-05        -1.6528623514826114e-03        -1.2192204537479735e-04         1.6220680230354379e-03         2.7561577353715875e-04         1.1916287722555038e-03
39                                     4.5188686740081641e-04        -4.6333057264247361e-04         1.5264287246282278e-04        -6.4249353950959157e-04         7.8208864077027561e-05        -7.3041755390313638e-04         2.8146618225199493e-03         1.7144229184797846e-03
40                                    -6.5781170609649552e-04         3.1052018220336329e-04         5.2233749561562314e-05         8.1944884403349497e-04        -6.1415602417618171e-04         9.8464711762175430e-04        -3.6027788097389227e-03         1.7974605067305940e-03
41                                     7.6853017552508233e-04         7.9723144704682764e-04         4.0114095146952602e-05         2.3661421556410520e-04        -2.1589742478875717e-04        -4.8202052984013248e-04         5.9439480498934107e-04         7.2053232294708777e-04
                                                         8                           9                          10                          11                          12                          13                          14                          15

0                                     -2.2661176390608166e-05         7.9817606220418183e-03        -6.7637919569799667e-07         8.8572116223891058e-04        -3.1974535829329354e-02        -2.8193872896168801e-02        -2.0554760784908047e-05        -1.7679203315466196e-01
1                                     -6.7908773310173653e-04        -6.7562477370495970e-07        -6.9086884550067312e-02         2.4414851227720488e-06        -7.0314830636439410e-02         2.7786006152304175e-02         6.7691542419277069e-04        -6.0814934788089317e-02
2                                      7.1747662844230623e-03        -1.9768632955271268e-04         2.8852753606828683e-06        -5.6117510470367008e-03        -1.2232523871227386e-04        -2.4534496571313629e-04         7.1749423136196408e-03        -7.4874290244627607e-04
3                                     -2.8825061167308064e-03        -2.9976444116268354e-02        -7.5882212322744280e-02        -3.5635963121780816e-04        -4.2970481207595258e-02         2.1791780035986089e-02         4.6642132086417698e-04         5.6919198889803596e-02
4                                      3.0802425584407575e-04        -3.2561453272064368e-02         3.6071541569128604e-02        -9.2601227496498008e-04         2.7840203002479049e-02        -1.5315428442256744e-02        -1.3842095508711746e-04        -2.2139650939798097e-02
5                                     -5.2595221119540528e-02         3.0650081099122288e-04         4.2692953113132638e-05         1.7873526465792145e-03        -1.0449454968748217e-04         6.9478950091714762e-05        -5.7037164126983913e-03         1.8546602608622502e-04
6                                      5.3389824923482238e-03        -1.6128338353554661e-01        -3.7635911121371629e-02        -7.4721025547554339e-04         5.3024905107936546e-02        -1.6374278238763425e-02        -1.1586329192252620e-04        -4.2971619293940347e-02
7                                     -1.4707421827306480e-03        -9.9742839402477065e-02        -2.6662322074115979e-01         1.3056924849958571e-03         1.6372137503668328e-02        -4.9065611863103403e-02        -2.2281317903378181e-05        -2.1791018946088758e-02
8                                      1.1752658315877818e-01         6.6984189299568197e-04         5.3073473653779228e-05        -6.7568679044549856e-02        -1.1727511575786588e-04         2.6919757767790171e-05         9.6724187339029960e-03         4.6847100170367510e-04
9                                      6.6984189299568197e-04         6.8863866758978565e-01        -8.3183256710528397e-07        -4.8621697153795841e-03        -1.6127959662889665e-01         9.9739292685245173e-02         6.6075121084414878e-04        -2.9974730797689607e-02
10                                     5.3073473653779228e-05        -8.3183256710528397e-07         6.8652461903163131e-01        -2.8252923082307409e-05         3.7633379204817990e-02        -2.6662600792235841e-01        -3.4017032191070891e-05         7.5883425700184789e-02
11                                    -6.7568679044549856e-02        -4.8621697153795841e-03        -2.8252923082307409e-05         1.6433414063698767e-01        -7.5186917726000838e-04        -1.2859328297030090e-03        -6.7568932875723381e-02        -3.6304779200838663e-04
12                                    -1.1727511575786588e-04        -1.6127959662889665e-01         3.7633379204817990e-02        -7.5186917726000838e-04         7.0245765677396410e-01         3.4268710426637441e-02         5.3389884583208373e-03        -3.4266422351787990e-01
13                                     2.6919757767790171e-05         9.9739292685245173e-02        -2.6662600792235841e-01        -1.2859328297030090e-03         3.4268710426637441e-02         6.8993988814713914e-01         1.4198317348016244e-03        -2.8375027081758011e-02
14                                     9.6724187339029960e-03         6.6075121084414878e-04        -3.4017032191070891e-05        -6.7568932875723381e-02         5.3389884583208373e-03         1.4198317348016244e-03         1.1752718264759904e-01        -2.8801673124638676e-03
15                                     4.6847100170367510e-04        -2.9974730797689607e-02         7.5883425700184789e-02        -3.6304779200838663e-04        -3.4266422351787990e-01        -2.8375027081758011e-02        -2.8801673124638676e-03         6.7963062099760985e-01
16                                     1.3972283340001426e-04         3.2562851365789722e-02         3.6069608029687783e-02         9.2339319359146979e-04         2.6738199949030313e-02        -1.2504825624212440e-01        -3.0171474622116311e-04        -2.9394658855985301e-02
