
$orca_hessian_file

$act_atom
  0

$act_coord
  0

$act_energy
        0.000000

$multiplicity
  1

$hessian
42
                    0                  1                  2                  3                  4        
    0      7.3894330275E-01  -2.5469253079E-06   3.2361166145E-03  -1.7678860535E-01   1.1798087752E-01
    1     -2.5469253079E-06   6.4772737435E-01  -2.5668683466E-05   6.0813863439E-02  -2.7552313314E-01
    2      3.2361166145E-03  -2.5668683466E-05   1.1368729431E-01  -7.5496634217E-04   5.6110923237E-04
    3     -1.7678860535E-01   6.0813863439E-02  -7.5496634217E-04   6.7962892059E-01   2.9395307330E-02
    4      1.1798087752E-01  -2.7552313314E-01   5.6110923237E-04   2.9395307330E-02   7.1330545172E-01
    5     -6.3612725587E-04   5.4147878129E-04  -5.5912145861E-02   3.1316267334E-03   2.3867139226E-04
    6     -3.1972701497E-02   7.0316239662E-02  -1.2863999662E-04  -3.4266195707E-01  -2.6734603005E-02
    7      2.8195210561E-02   2.7783794263E-02   2.4343596580E-04   2.8378570877E-02  -1.2504811453E-01
    8     -2.2661176391E-05  -6.7908773310E-04   7.1747662844E-03  -2.8825061167E-03   3.0802425584E-04
    9      7.9817606220E-03  -6.7562477370E-07  -1.9768632955E-04  -2.9976444116E-02  -3.2561453272E-02
   10     -6.7637919570E-07  -6.9086884550E-02   2.8852753607E-06  -7.5882212323E-02   3.6071541569E-02
   11      8.8572116224E-04   2.4414851228E-06  -5.6117510470E-03  -3.5635963122E-04  -9.2601227496E-04
   12     -3.1974535829E-02  -7.0314830636E-02  -1.2232523871E-04  -4.2970481208E-02   2.7840203002E-02
   13     -2.8193872896E-02   2.7786006152E-02  -2.4534496571E-04   2.1791780036E-02  -1.5315428442E-02
   14     -2.0554760785E-05   6.7691542419E-04   7.1749423136E-03   4.6642132086E-04  -1.3842095509E-04
   15     -1.7679203315E-01  -6.0814934788E-02  -7.4874290245E-04   5.6919198890E-02  -2.2139650940E-02
   16     -1.1798222085E-01  -2.7551749923E-01  -5.3984077145E-04   2.2137224488E-02  -6.1720559286E-02
   17     -6.2456563524E-04  -5.2004216649E-04  -5.5912748053E-02   1.8380596822E-04   3.1677073807E-05
   18     -7.7835353553E-03  -5.7402900443E-08   1.8936647303E-04   5.8868200608E-03  -1.0329825761E-04
   19     -3.3530692670E-07   6.7343815375E-03  -2.9934349967E-07   5.4841726100E-03  -9.1655730694E-03
   20     -2.7119192598E-03   1.7285245965E-07  -1.3037286882E-03   2.1057408121E-03   1.0914873511E-03
   21     -3.3445227025E-01   3.5282691117E-06  -1.6221209142E-03  -1.2344473863E-02  -2.7336271203E-03
   22      3.6516454731E-06  -5.7664305149E-02   1.4389584844E-06   2.8529728114E-02   4.3737030106E-03
   23     -1.6626196671E-03   1.4013744127E-06  -2.8102431827E-02  -7.6185553461E-05  -2.9497731356E-05
   24      1.1694984371E-02   1.4256100373E-02   5.0060561583E-05  -1.2426481295E-01  -1.1634554041E-01
   25     -1.6629568362E-02  -1.8832882262E-02  -1.3713959453E-04  -1.1679278719E-01  -2.6523692761E-01
   26      4.2620581056E-06   1.3240482514E-04   2.0642795908E-03  -4.4275934436E-04  -7.4843754069E-04
   27     -5.7276021743E-03  -1.7639781529E-03  -1.2299189211E-04  -1.1188542173E-02   2.9932601451E-02
   28     -3.6788919918E-04   2.4026672801E-03   6.6395715621E-05  -1.2106715210E-03   2.5554620948E-03
   29      4.2651158786E-07  -6.2664382749E-06   7.2983708211E-03   5.4287700637E-05  -1.0340045791E-05
   30     -5.7275191979E-03   1.7641221808E-03  -1.2318224222E-04  -8.6269705373E-04   8.2943130842E-04
   31      3.6806847418E-04   2.4026025592E-03  -6.5910434310E-05   1.1734638184E-03   1.4238583769E-04
   32      3.6069682663E-07   6.6119377146E-06   7.2984359164E-03   5.6366952730E-05  -4.8174471190E-05
   33      1.1694942155E-02  -1.4256757346E-02   5.1434018266E-05  -7.4635906772E-04  -3.4033898598E-03
   34      1.6628985816E-02  -1.8833114739E-02   1.3912607078E-04  -4.5045500307E-03  -3.6174852513E-03
   35      2.7360104036E-06  -1.3028967836E-04   2.0644126009E-03  -6.5682705386E-05   2.0678572817E-06
   36      4.5192604566E-04   4.6326041151E-04   1.5266832723E-04   1.1926848151E-05  -2.0552848751E-03
   37      6.5812471895E-04   3.1047273798E-04  -5.2302691358E-05  -1.1312023250E-04  -2.0716687475E-04
   38      7.6866151700E-04  -7.9742191134E-04   4.0189539882E-05  -1.6528623515E-03  -1.2192204537E-04
   39      4.5188686740E-04  -4.6333057264E-04   1.5264287246E-04  -6.4249353951E-04   7.8208864077E-05
   40     -6.5781170610E-04   3.1052018220E-04   5.2233749562E-05   8.1944884403E-04  -6.1415602418E-04
   41      7.6853017553E-04   7.9723144705E-04   4.0114095147E-05   2.3661421556E-04  -2.1589742479E-04
                    5                  6                  7                  8                  9        
    0     -6.3612725587E-04  -3.1972701497E-02   2.8195210561E-02  -2.2661176391E-05   7.9817606220E-03
    1      5.4147878129E-04   7.0316239662E-02   2.7783794263E-02  -6.7908773310E-04  -6.7562477370E-07
    2     -5.5912145861E-02  -1.2863999662E-04   2.4343596580E-04   7.1747662844E-03  -1.9768632955E-04
    3      3.1316267334E-03  -3.4266195707E-01   2.8378570877E-02  -2.8825061167E-03  -2.9976444116E-02
    4      2.3867139226E-04  -2.6734603005E-02  -1.2504811453E-01   3.0802425584E-04  -3.2561453272E-02
    5      1.2733796035E-01  -1.5389464724E-03  -8.0783718495E-05  -5.2595221120E-02   3.0650081099E-04
    6     -1.5389464724E-03   7.0245523020E-01  -3.4267162177E-02   5.3389824923E-03  -1.6128338354E-01
    7     -8.0783718495E-05  -3.4267162177E-02   6.8994100264E-01  -1.4707421827E-03  -9.9742839402E-02
    8     -5.2595221120E-02   5.3389824923E-03  -1.4707421827E-03   1.1752658316E-01   6.6984189300E-04
    9      3.0650081099E-04  -1.6128338354E-01  -9.9742839402E-02   6.6984189300E-04   6.8863866759E-01
   10      4.2692953113E-05  -3.7635911121E-02  -2.6662322074E-01   5.3073473654E-05  -8.3183256711E-07
   11      1.7873526466E-03  -7.4721025548E-04   1.3056924850E-03  -6.7568679045E-02  -4.8621697154E-03
   12     -1.0449454969E-04   5.3024905108E-02   1.6372137504E-02  -1.1727511576E-04  -1.6127959663E-01
   13      6.9478950092E-05  -1.6374278239E-02  -4.9065611863E-02   2.6919757768E-05   9.9739292685E-02
   14     -5.7037164127E-03  -1.1586329192E-04  -2.2281317903E-05   9.6724187339E-03   6.6075121084E-04
   15      1.8546602609E-04  -4.2971619294E-02  -2.1791018946E-02   4.6847100170E-04  -2.9974730798E-02
   16     -2.5582898352E-05  -2.7839682135E-02  -1.5314530817E-02   1.3972283340E-04   3.2562851366E-02
   17      5.9853669800E-03  -1.0229117472E-04  -6.8648039777E-05  -5.7037749815E-03   3.0359101606E-04
   18      7.4699674472E-04  -3.9161492106E-02  -1.3213200549E-02  -1.8091726395E-03  -2.8589063188E-01
   19     -9.3134619548E-04  -4.6476321761E-02   1.9430457397E-03  -1.7203030041E-03   6.4725717576E-06
   20      5.0554973716E-03  -1.9017215590E-03  -4.2069243207E-03   7.2848772035E-03   2.6763419048E-02
   21     -6.9484353099E-05   9.3062514471E-04   3.3332986291E-03  -2.6140105865E-05   5.7560580092E-04
   22      1.2695979455E-04   2.0665722747E-03  -4.5026957332E-03   1.9624609870E-05  -4.4160379520E-09
   23     -3.6259131783E-04  -9.1349256299E-06  -2.0457053666E-06   6.9476102018E-03   2.4577638134E-07
   24     -4.5363831001E-04  -1.1196309205E-02  -2.8974224477E-02  -1.5311494748E-04  -5.5784200780E-03
   25     -6.9991446924E-04   1.6840644930E-03   2.5704910734E-03   3.3082242810E-06   9.5547103743E-04
   26     -3.4254361111E-02  -1.7022898510E-05  -1.0490649510E-04   1.7272613352E-03   4.7108710476E-05
   27     -2.1038813943E-04  -1.2227566795E-01   1.1442289980E-01  -1.0702258788E-03   8.9206706821E-03
   28     -3.5216961811E-05   1.1424719369E-01  -2.6247410563E-01   2.0841660489E-03   1.8380636469E-02
   29      6.6386679189E-04  -1.5203430174E-03   2.5751443930E-03  -3.0526660770E-02  -8.1562090085E-05
   30      1.5886380499E-05  -8.1578969545E-04   3.3069481968E-03  -8.9615678680E-05   8.9211658636E-03
   31     -1.3941535636E-05   4.5936263144E-03  -3.1744075488E-03   7.1723829956E-05  -1.8381180486E-02
   32     -3.4794987791E-04  -7.5604296761E-05   1.0685215480E-05   5.0587011309E-03  -7.9353800615E-05
   33     -6.4549674211E-05  -7.9648072823E-04  -8.0606298666E-04   2.2089045260E-05  -5.5784810509E-03
   34     -3.1257558197E-05  -9.4116163649E-04   4.5282958669E-04   1.3358593638E-05  -9.5532396225E-04
   35      7.2058940679E-03  -2.5053084485E-05  -6.6604842132E-05  -8.2583841847E-04   4.7088348743E-05
   36     -5.8197204581E-04  -6.0900211986E-03   3.1700768631E-03   5.5367265117E-04  -1.7738885245E-02
   37     -1.8022032516E-04   8.6514563748E-04   1.7140630606E-03   6.2155701030E-04  -2.8178680265E-03
   38      1.6220680230E-03   2.7561577354E-04   1.1916287723E-03   2.1588346551E-03  -1.1811660547E-02
   39     -7.3041755390E-04   2.8146618225E-03   1.7144229185E-03  -9.0950752221E-04  -1.7737297223E-02
   40      9.8464711762E-04  -3.6027788097E-03   1.7974605067E-03   5.0447175003E-04   2.8154704693E-03
   41     -4.8202052984E-04   5.9439480499E-04   7.2053232295E-04  -3.3087836935E-04  -1.1810052508E-02
                   10                 11                 12                 13                 14        
    0     -6.7637919570E-07   8.8572116224E-04  -3.1974535829E-02  -2.8193872896E-02  -2.0554760785E-05
    1     -6.9086884550E-02   2.4414851228E-06  -7.0314830636E-02   2.7786006152E-02   6.7691542419E-04
    2      2.8852753607E-06  -5.6117510470E-03  -1.2232523871E-04  -2.4534496571E-04   7.1749423136E-03
    3     -7.5882212323E-02  -3.5635963122E-04  -4.2970481208E-02   2.1791780036E-02   4.6642132086E-04
    4      3.6071541569E-02  -9.2601227496E-04   2.7840203002E-02  -1.5315428442E-02  -1.3842095509E-04
    5      4.2692953113E-05   1.7873526466E-03  -1.0449454969E-04   6.9478950092E-05  -5.7037164127E-03
    6     -3.7635911121E-02  -7.4721025548E-04   5.3024905108E-02  -1.6374278239E-02  -1.1586329192E-04
    7     -2.6662322074E-01   1.3056924850E-03   1.6372137504E-02  -4.9065611863E-02  -2.2281317903E-05
    8      5.3073473654E-05  -6.7568679045E-02  -1.1727511576E-04   2.6919757768E-05   9.6724187339E-03
    9     -8.3183256711E-07  -4.8621697154E-03  -1.6127959663E-01   9.9739292685E-02   6.6075121084E-04
   10      6.8652461903E-01  -2.8252923082E-05   3.7633379205E-02  -2.6662600792E-01  -3.4017032191E-05
   11     -2.8252923082E-05   1.6433414064E-01  -7.5186917726E-04  -1.2859328297E-03  -6.7568932876E-02
   12      3.7633379205E-02  -7.5186917726E-04   7.0245765677E-01   3.4268710427E-02   5.3389884583E-03
   13     -2.6662600792E-01  -1.2859328297E-03   3.4268710427E-02   6.8993988815E-01   1.4198317348E-03
   14     -3.4017032191E-05  -6.7568932876E-02   5.3389884583E-03   1.4198317348E-03   1.1752718265E-01
   15      7.5883425700E-02  -3.6304779201E-04  -3.4266422352E-01  -2.8375027082E-02  -2.8801673125E-03
   16      3.6069608030E-02   9.2339319359E-04   2.6738199949E-02  -1.2504825624E-01  -3.0171474622E-04
   17     -4.6114999456E-05   1.7874075036E-03  -1.5416681762E-03   8.7429592893E-05  -5.2595565113E-02
   18     -1.5819127668E-06  -2.1174530016E-02  -3.9159654606E-02   1.3214405604E-02  -1.8112338791E-03
   19     -1.2166881263E-01   8.6848991691E-06   4.6477200274E-02   1.9433549181E-03   1.7211845519E-03
   20      8.7018403854E-06  -4.0244670252E-02  -1.9063445966E-03   4.2069069781E-03   7.2835673358E-03
   21     -3.6689003053E-08  -4.3446445735E-05   9.3047419056E-04  -3.3334297643E-03  -2.5808944914E-05
   22     -1.6976009893E-03   5.2323576840E-08  -2.0666989835E-03  -4.5025751382E-03  -1.8561187267E-05
   23      7.2525043329E-08  -7.6023558982E-04  -9.1001208871E-06   3.1312875208E-06   6.9475147014E-03
   24      1.5804443704E-03  -1.8202462578E-04  -7.9645389227E-04   8.0609481400E-04   2.2043957279E-05
   25      2.1274104602E-03   5.3937194820E-05   9.4116765980E-04   4.5279640367E-04  -1.3480551019E-05
   26     -3.2430707762E-05   8.1104704016E-03  -2.5139603117E-05   6.6498263855E-05  -8.2583978353E-04
   27     -1.3325870891E-02   1.0252979926E-04  -8.1586724995E-04  -3.3070408766E-03  -8.9274714562E-05
   28     -2.0121970051E-02   2.4679494621E-04  -4.5937207569E-03  -3.1743090444E-03  -7.0966852417E-05
   29     -3.1984639217E-04   3.6824646211E-03  -7.5208264665E-05  -9.8088800409E-06   5.0586600017E-03
   30      1.3325416083E-02   1.0139127914E-04  -1.2228047226E-01  -1.1442599772E-01  -1.0609740252E-03
   31     -2.0121744896E-02  -2.4472174789E-04  -1.1425042686E-01  -2.6247057452E-01  -2.0649382525E-03
   32      3.2196703009E-04   3.6824993632E-03  -1.5116576136E-03  -2.5557631283E-03  -3.0526611454E-02
   33     -1.5803252065E-03  -1.8200129868E-04  -1.1195760364E-02   2.8974385582E-02  -1.5567462776E-04
   34      2.1274513334E-03  -5.3277553609E-05  -1.6838019092E-03   2.5700148419E-03  -3.3706049019E-06
   35      3.3127291328E-05   8.1105393545E-03  -1.6769179477E-05   1.0476222006E-04   1.7273461212E-03
   36     -3.5654608968E-02   1.3812529334E-02   2.8147113359E-03  -1.7143083724E-03  -9.0955511171E-04
   37      1.5130826950E-03  -2.4520394467E-04   3.6026312767E-03   1.7966876607E-03  -5.0464658357E-04
   38     -5.5088183014E-03  -4.8696609279E-03   5.9394950773E-04  -7.2092231743E-04  -3.3048299373E-04
   39      3.5659372389E-02   1.3804425560E-02  -6.0907018539E-03  -3.1697774984E-03   5.5368794524E-04
   40      1.5125286629E-03   2.4251301285E-04  -8.6508684499E-04   1.7140150457E-03  -6.2133505968E-04
   41      5.5068517007E-03  -4.8709447901E-03   2.7612744572E-04  -1.1913852321E-03   2.1595167777E-03
                   15                 16                 17                 18                 19        
    0     -1.7679203315E-01  -1.1798222085E-01  -6.2456563524E-04  -7.7835353553E-03  -3.3530692670E-07
    1     -6.0814934788E-02  -2.7551749923E-01  -5.2004216649E-04  -5.7402900443E-08   6.7343815375E-03
    2     -7.4874290245E-04  -5.3984077145E-04  -5.5912748053E-02   1.8936647303E-04  -2.9934349967E-07
    3      5.6919198890E-02   2.2137224488E-02   1.8380596822E-04   5.8868200608E-03   5.4841726100E-03
    4     -2.2139650940E-02  -6.1720559286E-02   3.1677073807E-05  -1.0329825761E-04  -9.1655730694E-03
    5      1.8546602609E-04  -2.5582898352E-05   5.9853669800E-03   7.4699674472E-04  -9.3134619548E-04
    6     -4.2971619294E-02  -2.7839682135E-02  -1.0229117472E-04  -3.9161492106E-02  -4.6476321761E-02
    7     -2.1791018946E-02  -1.5314530817E-02  -6.8648039777E-05  -1.3213200549E-02   1.9430457397E-03
    8      4.6847100170E-04   1.3972283340E-04  -5.7037749815E-03  -1.8091726395E-03  -1.7203030041E-03
    9     -2.9974730798E-02   3.2562851366E-02   3.0359101606E-04  -2.8589063188E-01   6.4725717576E-06
   10      7.5883425700E-02   3.6069608030E-02  -4.6114999456E-05  -1.5819127668E-06  -1.2166881263E-01
   11     -3.6304779201E-04   9.2339319359E-04   1.7874075036E-03  -2.1174530016E-02   8.6848991691E-06
   12     -3.4266422352E-01   2.6738199949E-02  -1.5416681762E-03  -3.9159654606E-02   4.6477200274E-02
   13     -2.8375027082E-02  -1.2504825624E-01   8.7429592893E-05   1.3214405604E-02   1.9433549181E-03
   14     -2.8801673125E-03  -3.0171474622E-04  -5.2595565113E-02  -1.8112338791E-03   1.7211845519E-03
   15      6.7963062100E-01  -2.9394658856E-02   3.1349011528E-03   5.8871336186E-03  -5.4837372554E-03
   16     -2.9394658856E-02   7.1330283496E-01  -2.9465202825E-04   1.0314498998E-04  -9.1658516144E-03
   17      3.1349011528E-03  -2.9465202825E-04   1.2733911932E-01   7.4642917793E-04   9.3276407852E-04
   18      5.8871336186E-03   1.0314498998E-04   7.4642917793E-04   6.0755876769E-01  -1.3489914770E-05
   19     -5.4837372554E-03  -9.1658516144E-03   9.3276407852E-04  -1.3489914770E-05   7.7347960967E-01
   20      2.1050809844E-03  -1.0903472076E-03   5.0549897640E-03  -1.5737399316E-01  -7.6407932470E-05
   21     -1.2345184314E-02   2.7340000619E-03  -6.9771450192E-05   1.9183883847E-04   1.8061916585E-08
   22     -2.8529464695E-02   4.3741950016E-03  -1.2735340242E-04  -2.9159392086E-09   4.4087735305E-04
   23     -7.3371178088E-05   2.9132622376E-05  -3.6247115882E-04  -1.9030281463E-04  -1.2033157261E-07
   24     -7.4620536404E-04   3.4033295045E-03  -6.4884043526E-05  -4.8524685741E-04  -1.7387635519E-03
   25      4.5045004562E-03  -3.6176021758E-03   3.2321704271E-05  -2.1506733203E-04  -1.0573442684E-04
   26     -6.6147226458E-05  -1.0965553591E-06   7.2059985295E-03  -1.7459572051E-04  -3.3457382882E-05
   27     -8.6274769255E-04  -8.2940771558E-04   1.5908314016E-05   2.0972738505E-03  -8.2622616898E-04
   28     -1.1734504085E-03   1.4243326107E-04   1.3922646240E-05   7.2394024217E-04   1.8418199867E-03
   29      5.6592262848E-05   4.8196981830E-05  -3.4797613973E-04  -3.7764582168E-04   7.9105270246E-04
   30     -1.1189073558E-02  -2.9932315098E-02  -2.0770933681E-04   2.0970045661E-03   8.2577142007E-04
   31      1.2109692820E-03   2.5561088110E-03   3.5176585367E-05  -7.2382343035E-04   1.8418687759E-03
   32      5.4289546757E-05   1.0083682326E-05   6.6403975479E-04  -3.7771340885E-04  -7.9175902324E-04
   33     -1.2426077694E-01   1.1634267660E-01  -4.6477416306E-04  -4.8514948570E-04   1.7388365438E-03
   34      1.1678974794E-01  -2.6523958858E-01   7.2198073196E-04   2.1505562934E-04  -1.0574190480E-04
   35     -4.5406096240E-04   7.7042254078E-04  -3.4254923806E-02  -1.7454617964E-04   3.3364628671E-05
   36     -6.4252834406E-04  -7.8331911795E-05  -7.3062473274E-04  -1.2538170140E-01  -1.2328178627E-01
   37     -8.1969903187E-04  -6.1417277592E-04  -9.8460716731E-04  -1.2789137105E-01  -3.2397050302E-01
   38      2.3667517257E-04   2.1611792103E-04  -4.8172196046E-04   9.0921509138E-02   1.4291985964E-01
   39      1.2169470774E-05   2.0553959704E-03  -5.8181857301E-04  -1.2537142693E-01   1.2328820529E-01
   40      1.1279226458E-04  -2.0711934607E-04   1.8043206770E-04   1.2790532976E-01  -3.2404274132E-01
   41     -1.6524671168E-03   1.2187775484E-04   1.6222593580E-03   9.0879256054E-02  -1.4285314195E-01
                   20                 21                 22                 23                 24        
    0     -2.7119192598E-03  -3.3445227025E-01   3.6516454731E-06  -1.6626196671E-03   1.1694984371E-02
    1      1.7285245965E-07   3.5282691117E-06  -5.7664305149E-02   1.4013744127E-06   1.4256100373E-02
    2     -1.3037286882E-03  -1.6221209142E-03   1.4389584844E-06  -2.8102431827E-02   5.0060561583E-05
    3      2.1057408121E-03  -1.2344473863E-02   2.8529728114E-02  -7.6185553461E-05  -1.2426481295E-01
    4      1.0914873511E-03  -2.7336271203E-03   4.3737030106E-03  -2.9497731356E-05  -1.1634554041E-01
    5      5.0554973716E-03  -6.9484353099E-05   1.2695979455E-04  -3.6259131783E-04  -4.5363831001E-04
    6     -1.9017215590E-03   9.3062514471E-04   2.0665722747E-03  -9.1349256299E-06  -1.1196309205E-02
    7     -4.2069243207E-03   3.3332986291E-03  -4.5026957332E-03  -2.0457053666E-06  -2.8974224477E-02
    8      7.2848772035E-03  -2.6140105865E-05   1.9624609870E-05   6.9476102018E-03  -1.5311494748E-04
    9      2.6763419048E-02   5.7560580092E-04  -4.4160379520E-09   2.4577638134E-07  -5.5784200780E-03
   10      8.7018403854E-06  -3.6689003053E-08  -1.6976009893E-03   7.2525043329E-08   1.5804443704E-03
   11     -4.0244670252E-02  -4.3446445735E-05   5.2323576840E-08  -7.6023558982E-04  -1.8202462578E-04
   12     -1.9063445966E-03   9.3047419056E-04  -2.0666989835E-03  -9.1001208871E-06  -7.9645389227E-04
   13      4.2069069781E-03  -3.3334297643E-03  -4.5025751382E-03   3.1312875208E-06   8.0609481400E-04
   14      7.2835673358E-03  -2.5808944914E-05  -1.8561187267E-05   6.9475147014E-03   2.2043957279E-05
   15      2.1050809844E-03  -1.2345184314E-02  -2.8529464695E-02  -7.3371178088E-05  -7.4620536404E-04
   16     -1.0903472076E-03   2.7340000619E-03   4.3741950016E-03   2.9132622376E-05   3.4033295045E-03
   17      5.0549897640E-03  -6.9771450192E-05  -1.2735340242E-04  -3.6247115882E-04  -6.4884043526E-05
   18     -1.5737399316E-01   1.9183883847E-04  -2.9159392086E-09  -1.9030281463E-04  -4.8524685741E-04
   19     -7.6407932470E-05   1.8061916585E-08   4.4087735305E-04  -1.2033157261E-07  -1.7387635519E-03
   20      1.4941977177E-01   8.5040374504E-05  -5.0796117790E-08  -6.7883470315E-04   2.0226830796E-04
   21      8.5040374504E-05   3.5646577189E-01  -3.7648937689E-06   1.7746569408E-03   7.6613175832E-04
   22     -5.0796117790E-08  -3.7648937689E-06   5.7233785342E-02  -1.6879840890E-06  -5.0286912035E-04
   23     -6.7883470315E-04   1.7746569408E-03  -1.6879840890E-06   2.2702149927E-02   3.0526153106E-05
   24      2.0226830796E-04   7.6613175832E-04  -5.0286912035E-04   3.0526153106E-05   1.2954513880E-01
   25     -7.6851662996E-05   1.9748286452E-04   1.0161214024E-03   1.9245685138E-05   1.2653308958E-01
   26      1.8298309836E-04   2.8226317323E-05   4.4482021769E-06  -3.6777137141E-03   5.9224728681E-04
   27     -2.8627891943E-04  -7.9216133736E-04   1.5389349058E-03   8.3131734641E-06   1.0403863680E-03
   28     -3.1784010691E-04  -1.2647627101E-04  -2.5021648903E-05   4.7109642155E-06   2.7172802244E-04
   29     -2.8643582586E-03   3.9558071220E-06  -1.3444094968E-05   6.2001490924E-04   1.9062100664E-05
   30     -2.8639576481E-04  -7.9219297491E-04  -1.5389072472E-03   8.4537801839E-06   6.3051786890E-05
   31      3.1734735974E-04   1.2649041640E-04  -2.4988549002E-05  -4.6797768002E-06  -6.8464107301E-05
   32     -2.8640432924E-03   3.9446090205E-06   1.3497705350E-05   6.1998896675E-04   6.9741365516E-06
   33      2.0199403431E-04   7.6615848397E-04   5.0283992870E-04   3.0458624812E-05   4.1696289402E-04
   34      7.6869233967E-05  -1.9747019982E-04   1.0161088114E-03  -1.9681569503E-05   8.6495008793E-04
   35      1.8299903683E-04   2.8288773138E-05  -4.8980040135E-06  -3.6776928216E-03   1.7226912659E-06
   36      6.6510698586E-02   4.9835984206E-05   1.1442361377E-04   8.3014669355E-05  -5.6426066101E-04
   37      1.0781503621E-01  -6.5947340246E-05  -1.8794654689E-05   2.2291972037E-04  -3.5853152367E-05
   38     -6.3286544465E-02  -3.2645080035E-05  -3.5955564093E-05  -1.0767495668E-04  -1.1369691781E-04
   39      6.6472587171E-02   4.9840649768E-05  -1.1443838304E-04   8.2981927678E-05   1.0505303051E-04
   40     -1.0774817513E-01   6.5934148737E-05  -1.8809059074E-05  -2.2291130145E-04  -4.1860656204E-05
   41     -6.3222505923E-02  -3.2632313843E-05   3.5939660017E-05  -1.0763261688E-04   3.8713262801E-05
                   25                 26                 27                 28                 29        
    0     -1.6629568362E-02   4.2620581056E-06  -5.7276021743E-03  -3.6788919918E-04   4.2651158786E-07
    1     -1.8832882262E-02   1.3240482514E-04  -1.7639781529E-03   2.4026672801E-03  -6.2664382749E-06
    2     -1.3713959453E-04   2.0642795908E-03  -1.2299189211E-04   6.6395715621E-05   7.2983708211E-03
    3     -1.1679278719E-01  -4.4275934436E-04  -1.1188542173E-02  -1.2106715210E-03   5.4287700637E-05
    4     -2.6523692761E-01  -7.4843754069E-04   2.9932601451E-02   2.5554620948E-03  -1.0340045791E-05
    5     -6.9991446924E-04  -3.4254361111E-02  -2.1038813943E-04  -3.5216961811E-05   6.6386679189E-04
    6      1.6840644930E-03  -1.7022898510E-05  -1.2227566795E-01   1.1424719369E-01  -1.5203430174E-03
    7      2.5704910734E-03  -1.0490649510E-04   1.1442289980E-01  -2.6247410563E-01   2.5751443930E-03
    8      3.3082242810E-06   1.7272613352E-03  -1.0702258788E-03   2.0841660489E-03  -3.0526660770E-02
    9      9.5547103743E-04   4.7108710476E-05   8.9206706821E-03   1.8380636469E-02  -8.1562090085E-05
   10      2.1274104602E-03  -3.2430707762E-05  -1.3325870891E-02  -2.0121970051E-02  -3.1984639217E-04
   11      5.3937194820E-05   8.1104704016E-03   1.0252979926E-04   2.4679494621E-04   3.6824646211E-03
   12      9.4116765980E-04  -2.5139603117E-05  -8.1586724995E-04  -4.5937207569E-03  -7.5208264665E-05
   13      4.5279640367E-04   6.6498263855E-05  -3.3070408766E-03  -3.1743090444E-03  -9.8088800409E-06
   14     -1.3480551019E-05  -8.2583978353E-04  -8.9274714562E-05  -7.0966852417E-05   5.0586600017E-03
   15      4.5045004562E-03  -6.6147226458E-05  -8.6274769255E-04  -1.1734504085E-03   5.6592262848E-05
   16     -3.6176021758E-03  -1.0965553591E-06  -8.2940771558E-04   1.4243326107E-04   4.8196981830E-05
   17      3.2321704271E-05   7.2059985295E-03   1.5908314016E-05   1.3922646240E-05  -3.4797613973E-04
   18     -2.1506733203E-04  -1.7459572051E-04   2.0972738505E-03   7.2394024217E-04  -3.7764582168E-04
   19     -1.0573442684E-04  -3.3457382882E-05  -8.2622616898E-04   1.8418199867E-03   7.9105270246E-04
   20     -7.6851662996E-05   1.8298309836E-04  -2.8627891943E-04  -3.1784010691E-04  -2.8643582586E-03
   21      1.9748286452E-04   2.8226317323E-05  -7.9216133736E-04  -1.2647627101E-04   3.9558071220E-06
   22      1.0161214024E-03   4.4482021769E-06   1.5389349058E-03  -2.5021648903E-05  -1.3444094968E-05
   23      1.9245685138E-05  -3.6777137141E-03   8.3131734641E-06   4.7109642155E-06   6.2001490924E-04
   24      1.2653308958E-01   5.9224728681E-04   1.0403863680E-03   2.7172802244E-04   1.9062100664E-05
   25      2.8195223113E-01   7.8347172707E-04  -2.8003963516E-04   8.6980704244E-04  -5.1335640421E-06
   26      7.8347172707E-04   2.4646999581E-02   6.0440360057E-05  -3.0383825382E-05  -4.0140401549E-03
   27     -2.8003963516E-04   6.0440360057E-05   1.2912694933E-01  -1.2539045484E-01   1.1912434756E-03
   28      8.6980704244E-04  -3.0383825382E-05  -1.2539045484E-01   2.7954368458E-01  -2.4951471298E-03
   29     -5.1335640421E-06  -4.0140401549E-03   1.1912434756E-03  -2.4951471298E-03   2.1859660474E-02
   30     -9.0091648415E-05   1.1016632173E-05   5.2685518526E-04   8.0409544179E-04  -2.1092539838E-05
   31     -1.2094577023E-06   1.5124106008E-06  -8.0410155224E-04  -1.2920882183E-03  -8.5285165360E-06
   32      1.8617674582E-06  -1.1722626130E-03  -2.1031836549E-05   8.7056239587E-06   1.4684710228E-04
   33     -8.6498076689E-04   1.7975167132E-06   6.3052603853E-05   6.8465609832E-05   6.9708130070E-06
   34     -1.2257926479E-03   6.7495736578E-06   9.0088635618E-05  -1.2126589638E-06  -1.9766838525E-06
   35     -6.6223321786E-06   1.8401732869E-04   1.1016044960E-05  -1.6303272345E-06  -1.1722241475E-03
   36      3.1911803920E-05  -3.1724416413E-05   1.3998879886E-04  -4.3269368750E-05   1.3056083366E-04
   37      3.4188563170E-05   1.7586668381E-05   1.3220619950E-04   3.6519227006E-04   1.6467646153E-04
   38      1.0778744579E-05  -1.7907966636E-04   1.0284870689E-05   1.1233906376E-04  -6.3533210113E-04
   39      1.6685750804E-05   1.6030714294E-05  -2.5258824359E-04  -1.5699026818E-03   6.1205118943E-04
   40     -2.8974935531E-06  -5.5652368239E-05   3.9016440441E-04  -6.3235925674E-04  -7.0953722634E-04
   41      2.7910330926E-05   1.2871774325E-06   4.0115638193E-04   4.1510862763E-04   2.3070685118E-04
                   30                 31                 32                 33                 34        
    0     -5.7275191979E-03   3.6806847418E-04   3.6069682663E-07   1.1694942155E-02   1.6628985816E-02
    1      1.7641221808E-03   2.4026025592E-03   6.6119377146E-06  -1.4256757346E-02  -1.8833114739E-02
    2     -1.2318224222E-04  -6.5910434310E-05   7.2984359164E-03   5.1434018266E-05   1.3912607078E-04
    3     -8.6269705373E-04   1.1734638184E-03   5.6366952730E-05  -7.4635906772E-04  -4.5045500307E-03
    4      8.2943130842E-04   1.4238583769E-04  -4.8174471190E-05  -3.4033898598E-03  -3.6174852513E-03
    5      1.5886380499E-05  -1.3941535636E-05  -3.4794987791E-04  -6.4549674211E-05  -3.1257558197E-05
    6     -8.1578969545E-04   4.5936263144E-03  -7.5604296761E-05  -7.9648072823E-04  -9.4116163649E-04
    7      3.3069481968E-03  -3.1744075488E-03   1.0685215480E-05  -8.0606298666E-04   4.5282958669E-04
    8     -8.9615678680E-05   7.1723829956E-05   5.0587011309E-03   2.2089045260E-05   1.3358593638E-05
    9      8.9211658636E-03  -1.8381180486E-02  -7.9353800615E-05  -5.5784810509E-03  -9.5532396225E-04
   10      1.3325416083E-02  -2.0121744896E-02   3.2196703009E-04  -1.5803252065E-03   2.1274513334E-03
   11      1.0139127914E-04  -2.4472174789E-04   3.6824993632E-03  -1.8200129868E-04  -5.3277553609E-05
   12     -1.2228047226E-01  -1.1425042686E-01  -1.5116576136E-03  -1.1195760364E-02  -1.6838019092E-03
   13     -1.1442599772E-01  -2.6247057452E-01  -2.5557631283E-03   2.8974385582E-02   2.5700148419E-03
   14     -1.0609740252E-03  -2.0649382525E-03  -3.0526611454E-02  -1.5567462776E-04  -3.3706049019E-06
   15     -1.1189073558E-02   1.2109692820E-03   5.4289546757E-05  -1.2426077694E-01   1.1678974794E-01
   16     -2.9932315098E-02   2.5561088110E-03   1.0083682326E-05   1.1634267660E-01  -2.6523958858E-01
   17     -2.0770933681E-04   3.5176585367E-05   6.6403975479E-04  -4.6477416306E-04   7.2198073196E-04
   18      2.0970045661E-03  -7.2382343035E-04  -3.7771340885E-04  -4.8514948570E-04   2.1505562934E-04
   19      8.2577142007E-04   1.8418687759E-03  -7.9175902324E-04   1.7388365438E-03  -1.0574190480E-04
   20     -2.8639576481E-04   3.1734735974E-04  -2.8640432924E-03   2.0199403431E-04   7.6869233967E-05
   21     -7.9219297491E-04   1.2649041640E-04   3.9446090205E-06   7.6615848397E-04  -1.9747019982E-04
   22     -1.5389072472E-03  -2.4988549002E-05   1.3497705350E-05   5.0283992870E-04   1.0161088114E-03
   23      8.4537801839E-06  -4.6797768002E-06   6.1998896675E-04   3.0458624812E-05  -1.9681569503E-05
   24      6.3051786890E-05  -6.8464107301E-05   6.9741365516E-06   4.1696289402E-04   8.6495008793E-04
   25     -9.0091648415E-05  -1.2094577023E-06   1.8617674582E-06  -8.6498076689E-04  -1.2257926479E-03
   26      1.1016632173E-05   1.5124106008E-06  -1.1722626130E-03   1.7975167132E-06   6.7495736578E-06
   27      5.2685518526E-04  -8.0410155224E-04  -2.1031836549E-05   6.3052603853E-05   9.0088635618E-05
   28      8.0409544179E-04  -1.2920882183E-03   8.7056239587E-06   6.8465609832E-05  -1.2126589638E-06
   29     -2.1092539838E-05  -8.5285165360E-06   1.4684710228E-04   6.9708130070E-06  -1.9766838525E-06
   30      1.2913177522E-01   1.2539391715E-01   1.1809202931E-03   1.0403971779E-03   2.8004705355E-04
   31      1.2539391715E-01   2.7953957238E-01   2.4736514749E-03  -2.7173172895E-04   8.6980622832E-04
   32      1.1809202931E-03   2.4736514749E-03   2.1859403130E-02   1.9139044437E-05   4.6586576029E-06
   33      1.0403971779E-03  -2.7173172895E-04   1.9139044437E-05   1.2954075318E-01  -1.2652982657E-01
   34      2.8004705355E-04   8.6980622832E-04   4.6586576029E-06  -1.2652982657E-01   2.8195544206E-01
   35      6.0435727925E-05   2.9935247444E-05  -4.0141246897E-03   6.0428663914E-04  -8.0808631243E-04
   36     -2.5248733154E-04   1.5697019248E-03   6.1214637103E-04   1.0503057113E-04  -1.6675427362E-05
   37     -3.8999763633E-04  -6.3245633284E-04   7.0960018281E-04   4.1855488087E-05  -2.9054063170E-06
   38      4.0133215007E-04  -4.1512862877E-04   2.3046977003E-04   3.8668865399E-05  -2.7908507053E-05
   39      1.3998226833E-04   4.3275473789E-05   1.3047944354E-04  -5.6428943048E-04  -3.1901761250E-05
   40     -1.3222416800E-04   3.6512492270E-04  -1.6474209846E-04   3.5851053412E-05   3.4188326839E-05
   41      1.0273206735E-05  -1.1238257206E-04  -6.3539320792E-04  -1.1361787192E-04  -1.0806991643E-05
                   35                 36                 37                 38                 39        
    0      2.7360104036E-06   4.5192604566E-04   6.5812471895E-04   7.6866151700E-04   4.5188686740E-04
    1     -1.3028967836E-04   4.6326041151E-04   3.1047273798E-04  -7.9742191134E-04  -4.6333057264E-04
    2      2.0644126009E-03   1.5266832723E-04  -5.2302691358E-05   4.0189539882E-05   1.5264287246E-04
    3     -6.5682705386E-05   1.1926848151E-05  -1.1312023250E-04  -1.6528623515E-03  -6.4249353951E-04
    4      2.0678572817E-06  -2.0552848751E-03  -2.0716687475E-04  -1.2192204537E-04   7.8208864077E-05
    5      7.2058940679E-03  -5.8197204581E-04  -1.8022032516E-04   1.6220680230E-03  -7.3041755390E-04
    6     -2.5053084485E-05  -6.0900211986E-03   8.6514563748E-04   2.7561577354E-04   2.8146618225E-03
    7     -6.6604842132E-05   3.1700768631E-03   1.7140630606E-03   1.1916287723E-03   1.7144229185E-03
    8     -8.2583841847E-04   5.5367265117E-04   6.2155701030E-04   2.1588346551E-03  -9.0950752221E-04
    9      4.7088348743E-05  -1.7738885245E-02  -2.8178680265E-03  -1.1811660547E-02  -1.7737297223E-02
   10      3.3127291328E-05  -3.5654608968E-02   1.5130826950E-03  -5.5088183014E-03   3.5659372389E-02
   11      8.1105393545E-03   1.3812529334E-02  -2.4520394467E-04  -4.8696609279E-03   1.3804425560E-02
   12     -1.6769179477E-05   2.8147113359E-03   3.6026312767E-03   5.9394950773E-04  -6.0907018539E-03
   13      1.0476222006E-04  -1.7143083724E-03   1.7966876607E-03  -7.2092231743E-04  -3.1697774984E-03
   14      1.7273461212E-03  -9.0955511171E-04  -5.0464658357E-04  -3.3048299373E-04   5.5368794524E-04
   15     -4.5406096240E-04  -6.4252834406E-04  -8.1969903187E-04   2.3667517257E-04   1.2169470774E-05
   16      7.7042254078E-04  -7.8331911795E-05  -6.1417277592E-04   2.1611792103E-04   2.0553959704E-03
   17     -3.4254923806E-02  -7.3062473274E-04  -9.8460716731E-04  -4.8172196046E-04  -5.8181857301E-04
   18     -1.7454617964E-04  -1.2538170140E-01  -1.2789137105E-01   9.0921509138E-02  -1.2537142693E-01
   19      3.3364628671E-05  -1.2328178627E-01  -3.2397050302E-01   1.4291985964E-01   1.2328820529E-01
   20      1.8299903683E-04   6.6510698586E-02   1.0781503621E-01  -6.3286544465E-02   6.6472587171E-02
   21      2.8288773138E-05   4.9835984206E-05  -6.5947340246E-05  -3.2645080035E-05   4.9840649768E-05
   22     -4.8980040135E-06   1.1442361377E-04  -1.8794654689E-05  -3.5955564093E-05  -1.1443838304E-04
   23     -3.6776928216E-03   8.3014669355E-05   2.2291972037E-04  -1.0767495668E-04   8.2981927678E-05
   24      1.7226912659E-06  -5.6426066101E-04  -3.5853152367E-05  -1.1369691781E-04   1.0505303051E-04
   25     -6.6223321786E-06   3.1911803920E-05   3.4188563170E-05   1.0778744579E-05   1.6685750804E-05
   26      1.8401732869E-04  -3.1724416413E-05   1.7586668381E-05  -1.7907966636E-04   1.6030714294E-05
   27      1.1016044960E-05   1.3998879886E-04   1.3220619950E-04   1.0284870689E-05  -2.5258824359E-04
   28     -1.6303272345E-06  -4.3269368750E-05   3.6519227006E-04   1.1233906376E-04  -1.5699026818E-03
   29     -1.1722241475E-03   1.3056083366E-04   1.6467646153E-04  -6.3533210113E-04   6.1205118943E-04
   30      6.0435727925E-05  -2.5248733154E-04  -3.8999763633E-04   4.0133215007E-04   1.3998226833E-04
   31      2.9935247444E-05   1.5697019248E-03  -6.3245633284E-04  -4.1512862877E-04   4.3275473789E-05
   32     -4.0141246897E-03   6.1214637103E-04   7.0960018281E-04   2.3046977003E-04   1.3047944354E-04
   33      6.0428663914E-04   1.0503057113E-04   4.1855488087E-05   3.8668865399E-05  -5.6428943048E-04
   34     -8.0808631243E-04  -1.6675427362E-05  -2.9054063170E-06  -2.7908507053E-05  -3.1901761250E-05
   35      2.4647440627E-02   1.6024176270E-05   5.5669957074E-05   1.2976732078E-06  -3.1707266161E-05
   36      1.6024176270E-05   1.3828495781E-01   1.4216597603E-01  -7.1921884628E-02   8.8115067912E-03
   37      5.5669957074E-05   1.4216597603E-01   3.3964078410E-01  -1.2223422321E-01  -1.5344315043E-02
   38      1.2976732078E-06  -7.1921884628E-02  -1.2223422321E-01   6.4717217388E-02  -7.7031305355E-03
   39     -3.1707266161E-05   8.8115067912E-03  -1.5344315043E-02  -7.7031305355E-03   1.3827369632E-01
   40     -1.7595326713E-05   1.5341146702E-02  -1.9928472021E-02  -1.4557558314E-02  -1.4217413809E-01
   41     -1.7914292695E-04  -7.7063709494E-03   1.4563292368E-02   1.1204200217E-03  -7.1879115080E-02
                   40                 41        
     0     -6.5781170610E-04   7.6853017553E-04
     1      3.1052018220E-04   7.9723144705E-04
     2      5.2233749562E-05   4.0114095147E-05
     3      8.1944884403E-04   2.3661421556E-04
     4     -6.1415602418E-04  -2.1589742479E-04
     5      9.8464711762E-04  -4.8202052984E-04
     6     -3.6027788097E-03   5.9439480499E-04
     7      1.7974605067E-03   7.2053232295E-04
     8      5.0447175003E-04  -3.3087836935E-04
     9      2.8154704693E-03  -1.1810052508E-02
    10      1.5125286629E-03   5.5068517007E-03
    11      2.4251301285E-04  -4.8709447901E-03
    12     -8.6508684499E-04   2.7612744572E-04
    13      1.7140150457E-03  -1.1913852321E-03
    14     -6.2133505968E-04   2.1595167777E-03
    15      1.1279226458E-04  -1.6524671168E-03
    16     -2.0711934607E-04   1.2187775484E-04
    17      1.8043206770E-04   1.6222593580E-03
    18      1.2790532976E-01   9.0879256054E-02
    19     -3.2404274132E-01  -1.4285314195E-01
    20     -1.0774817513E-01  -6.3222505923E-02
    21      6.5934148737E-05  -3.2632313843E-05
    22     -1.8809059074E-05   3.5939660017E-05
    23     -2.2291130145E-04  -1.0763261688E-04
    24     -4.1860656204E-05   3.8713262801E-05
    25     -2.8974935531E-06   2.7910330926E-05
    26     -5.5652368239E-05   1.2871774325E-06
    27      3.9016440441E-04   4.0115638193E-04
    28     -6.3235925674E-04   4.1510862763E-04
    29     -7.0953722634E-04   2.3070685118E-04
    30     -1.3222416800E-04   1.0273206735E-05
    31      3.6512492270E-04  -1.1238257206E-04
    32     -1.6474209846E-04  -6.3539320792E-04
    33      3.5851053412E-05  -1.1361787192E-04
    34      3.4188326839E-05  -1.0806991643E-05
    35     -1.7595326713E-05  -1.7914292695E-04
    36      1.5341146702E-02  -7.7063709494E-03
    37     -1.9928472021E-02   1.4563292368E-02
    38     -1.4557558314E-02   1.1204200217E-03
    39     -1.4217413809E-01  -7.1879115080E-02
    40      3.3971271687E-01   1.2216403954E-01
    41      1.2216403954E-01   6.4654214082E-02

$vibrational_frequencies
42
    0        0.0000000000000000
    1        0.0000000000000000
    2        0.0000000000000000
    3        0.0000000000000000
    4        0.0000000000000000
    5        0.0000000000000000
    6      221.3116545960541828
    7      323.0971726073171908
    8      390.9021909717902759
    9      413.9728896891392651
   10      501.8808752199042260
   11      539.7390555435853230
   12      622.2395007277432342
   13      638.2310685590096000
   14      698.7099041444777185
   15      756.1265214900688534
   16      816.5513763090842758
   17      834.3877394878185214
   18      872.0784402824822337
   19      936.1606235522582438
   20      952.8964381265312795
   21     1018.3864727126775733
   22     1048.7338072803970590
   23     1070.1723029870145183
   24     1139.0041208160903352
   25     1178.5335909445243487
   26     1200.9564092515702214
   27     1300.6674423526699229
   28     1362.2458437460361438
   29     1365.9018445820856869
   30     1499.5886133308324588
   31     1527.3143619226323153
   32     1623.1776102233295660
   33     1641.5708241473175804
   34     1661.5880846977049714
   35     3146.6283688318253553
   36     3146.8316840568636508
   37     3163.4215706316017531
   38     3168.3989601392931945
   39     3186.7376897768335766
   40     3550.2946458822852946
   41     3653.1524659724550474

$normal_modes
42 42
                    0                  1                  2                  3                  4        
    0      0.0000000000E+00   0.0000000000E+00   0.0000000000E+00   0.0000000000E+00   0.0000000000E+00
    1      0.0000000000E+00   0.0000000000E+00   0.0000000000E+00   0.0000000000E+00   0.0000000000E+00
    2      0.0000000000E+00   0.0000000000E+00   0.0000000000E+00   0.0000000000E+00   0.0000000000E+00
    3      0.0000000000E+00   0.0000000000E+00   0.0000000000E+00   0.0000000000E+00   0.0000000000E+00
    4      0.0000000000E+00   0.0000000000E+00   0.0000000000E+00   0.0000000000E+00   0.0000000000E+00
