*************************************************
******************* ORCA 6.0.0 ******************
*************************************************
$Calculation_Status
   &GeometryIndex 1
   &ListStatus       OUT
   &VERSION [&Type "String"] "6.0.0"
   &PROGNAME [&Type "String"] "LeanSCF"
   &STATUS [&Type "String"] "NORMAL TERMINATION"
$End
$Geometry
   &GeometryIndex 1
   &ListStatus       OUT
   &NATOMS [&Type "Integer"] 12
   &NCORELESSECP [&Type "Integer"] 0
   &NGHOSTATOMS [&Type "Integer"] 0
   &CartesianCoordinates [&Type "Coordinates", &Dim(12,4), &Units "Bohr"] 
              C      2.395248665512   -1.318232897333   -0.000006396723
              C     -0.000010215859    0.198539187728    0.000006714764
              C     -0.000167651022    2.724737310082    0.000012510554
              C     -2.395081509598   -1.318529181069    0.000010487980
              H      2.467678842396   -2.558417363532    1.660079413326
              H      2.467484383907   -2.558726083177   -1.659868062953
              H      4.073274533921   -0.113987071729   -0.000209616360
              H     -1.755792981872    3.791899179948    0.000030002615
              H      1.755324140252    3.792119046371   -0.000025796651
              H     -2.467165286642   -2.559034308092    1.659869880303
              H     -4.073256887470   -0.114491731030    0.000213941943
              H     -2.467356703427   -2.558720620357   -1.660076896966
$End
$SCF_Energy
   &GeometryIndex 1
   &ListStatus       OUT
   &SCF_ENERGY [&Type "Double"]      -1.5718026506254063e+02
$End
$DFT_Energy
   &GeometryIndex 1
   &ListStatus       OUT
   &NALPHAEL [&Type "Integer"] 16
   &NBETAEL [&Type "Integer"] 16
   &NTOTALEL [&Type "Integer"] 32
   &EEXCHANGE [&Type "Double"]      -2.3611736959878463e+01
   &ECORR [&Type "Double"]      -9.7306979599614207e-01
   &ECNL [&Type "Double"]       0.0000000000000000e+00
   &EXC [&Type "Double"]      -2.4584806755874606e+01
   &EEMBED [&Type "Double"]       0.0000000000000000e+00
   &FINALEN [&Type "Double"]      -1.5718026506254063e+02  "No Van der Waals correction"
$End
$Mulliken_Population_Analysis
   &GeometryIndex 1
   &ListStatus       OUT
   &NATOMS [&Type "Integer"] 12
   &ATNO [&Type "ArrayOfIntegers", &Dim (12,1)] 
                                                         0

0                                                        6
1                                                        6
2                                                        6
3                                                        6
4                                                        1
5                                                        1
6                                                        1
7                                                        1
8                                                        1
9                                                        1
10                                                       1
11                                                       1
   &ATOMICCHARGES [&Type "ArrayOfDoubles", &Dim (12,1)] 
                                                         0

0                                     -2.9357519130508436e-01
1                                      2.4331617416552653e-02
2                                     -2.8844989075198235e-01
3                                     -2.9357424421117440e-01
4                                      1.0732768822755945e-01
5                                      1.0732211131004554e-01
6                                      1.0406012166771428e-01
7                                      1.0692451245691581e-01
8                                      1.0692342566341240e-01
9                                      1.0732200699396521e-01
10                                     1.0406014691820231e-01
11                                     1.0732769561363176e-01
$End
$Loewdin_Population_Analysis
   &GeometryIndex 1
   &ListStatus       OUT
   &NATOMS [&Type "Integer"] 12
   &ATNO [&Type "ArrayOfIntegers", &Dim (12,1)] 
                                                         0

0                                                        6
1                                                        6
2                                                        6
3                                                        6
4                                                        1
5                                                        1
6                                                        1
7                                                        1
8                                                        1
9                                                        1
10                                                       1
11                                                       1
   &ATOMICCHARGES [&Type "ArrayOfDoubles", &Dim (12,1)] 
                                                         0

0                                     -2.6124772509319261e-01
1                                     -2.6725059532366036e-01
2                                     -2.1120397070672503e-01
3                                     -2.6124776349809942e-01
4                                      1.2762566160043143e-01
5                                      1.2762395544075744e-01
6                                      1.2532557292268509e-01
7                                      1.1989987363747168e-01
8                                      1.1989984712321278e-01
9                                      1.2762399794714896e-01
10                                     1.2532555872669859e-01
11                                     1.2762558722298667e-01
$End
$Mayer_Population_Analysis
   &GeometryIndex 1
   &ListStatus       OUT
   &NATOMS [&Type "Integer"] 12 "Total number of atoms"
   &BONDTHRESH [&Type "Double"]       1.0000000000000001e-01  "The threshold for printing"
   &NBONDORDERSPRINT [&Type "Integer"] 11 "The number of bond orders larger than threshold"
   &BONDORDERS [&Type "ArrayOfDoubles", &Dim (11,1)] "The bond orders"
                                                         0

0                                      9.5873660636019398e-01
1                                      9.6205128952950492e-01
2                                      9.6205446539885242e-01
3                                      9.7710045922193356e-01
4                                      1.8801900240461480e+00
5                                      9.5873615591668826e-01
6                                      9.6266798451831759e-01
7                                      9.6266811654446327e-01
8                                      9.6205467464025440e-01
9                                      9.7710026605945066e-01
10                                     9.6205123803974368e-01
   &COMPONENTS [&Type "ArrayOfIntegers", &Dim (11,4)] "The indices and atomic numbers of the bonding atoms"
                                                         0                           1                           2                           3

0                                                        0                           6                           1                           6
1                                                        0                           6                           4                           1
2                                                        0                           6                           5                           1
3                                                        0                           6                           6                           1
4                                                        1                           6                           2                           6
5                                                        1                           6                           3                           6
6                                                        2                           6                           7                           1
7                                                        2                           6                           8                           1
8                                                        3                           6                           9                           1
9                                                        3                           6                          10                           1
10                                                       3                           6                          11                           1
   &ATNO [&Type "ArrayOfIntegers", &Dim (12,1)] "Atomic number of the elements"
                                                         0

0                                                        6
1                                                        6
2                                                        6
3                                                        6
4                                                        1
5                                                        1
6                                                        1
7                                                        1
8                                                        1
9                                                        1
10                                                       1
11                                                       1
   &NA [&Type "ArrayOfDoubles", &Dim (12,1)] "Mulliken gross atomic population"
                                                         0

0                                      6.2935751913050781e+00
1                                      5.9756683825834456e+00
2                                      6.2884498907519673e+00
3                                      6.2935742442111877e+00
4                                      8.9267231177244011e-01
5                                      8.9267788868995501e-01
6                                      8.9593987833228605e-01
7                                      8.9307548754308264e-01
8                                      8.9307657433658794e-01
9                                      8.9267799300603501e-01
10                                     8.9593985308179769e-01
11                                     8.9267230438636758e-01
   &ZA [&Type "ArrayOfDoubles", &Dim (12,1)] "Total nuclear charge"
                                                         0

0                                      6.0000000000000000e+00
1                                      6.0000000000000000e+00
2                                      6.0000000000000000e+00
3                                      6.0000000000000000e+00
4                                      1.0000000000000000e+00
5                                      1.0000000000000000e+00
6                                      1.0000000000000000e+00
7                                      1.0000000000000000e+00
8                                      1.0000000000000000e+00
9                                      1.0000000000000000e+00
10                                     1.0000000000000000e+00
11                                     1.0000000000000000e+00
   &QA [&Type "ArrayOfDoubles", &Dim (12,1)] "Mulliken gross atomic charge"
                                                         0

0                                     -2.9357519130507814e-01
1                                      2.4331617416554430e-02
2                                     -2.8844989075196725e-01
3                                     -2.9357424421118772e-01
4                                      1.0732768822755989e-01
5                                      1.0732211131004499e-01
6                                      1.0406012166771395e-01
7                                      1.0692451245691736e-01
8                                      1.0692342566341206e-01
9                                      1.0732200699396499e-01
10                                     1.0406014691820231e-01
11                                     1.0732769561363242e-01
   &VA [&Type "ArrayOfDoubles", &Dim (12,1)] "Mayer's total valence"
                                                         0

0                                      3.8633921776677163e+00
1                                      3.7755235166876262e+00
2                                      3.9067182327051824e+00
3                                      3.8633928717080059e+00
4                                      9.7524144469916185e-01
5                                      9.7524233096622825e-01
6                                      9.8875322911901098e-01
7                                      9.7923158349388562e-01
8                                      9.7923229981124127e-01
9                                      9.7524245806649967e-01
10                                     9.8875315386414198e-01
11                                     9.7524144342239694e-01
   &BVA [&Type "ArrayOfDoubles", &Dim (12,1)] "Mayer's bonded valence"
                                                         0

0                                      3.8633921776677727e+00
1                                      3.7755235166877243e+00
2                                      3.9067182327053778e+00
3                                      3.8633928717080290e+00
4                                      9.7524144469916996e-01
5                                      9.7524233096624313e-01
6                                      9.8875322911901431e-01
7                                      9.7923158349391715e-01
8                                      9.7923229981126103e-01
9                                      9.7524245806649690e-01
10                                     9.8875315386415341e-01
11                                     9.7524144342241947e-01
   &FA [&Type "ArrayOfDoubles", &Dim (12,1)] "Mayer's free valence"
                                                         0

0                                      0.0000000000000000e+00
1                                      0.0000000000000000e+00
2                                      0.0000000000000000e+00
3                                      0.0000000000000000e+00
4                                      0.0000000000000000e+00
5                                      0.0000000000000000e+00
6                                      0.0000000000000000e+00
7                                      0.0000000000000000e+00
8                                      0.0000000000000000e+00
9                                      0.0000000000000000e+00
10                                     0.0000000000000000e+00
11                                     0.0000000000000000e+00
$End
$VdW_Correction
   &GeometryIndex 1
   &ListStatus       OUT
   &VDW [&Type "Double"]      -2.3324127999089627e-03
$End
$Calculation_Info
   &GeometryIndex 1
   &ListStatus       OUT
   &MULT [&Type "Integer"] 1
   &CHARGE [&Type "Integer"] 0
   &NUMOFATOMS [&Type "Integer"] 12
   &NUMOFELECTRONS [&Type "Integer"] 32
   &NUMOFFCELECTRONS [&Type "Integer"] 1
   &NUMOFCORRELECTRONS [&Type "Integer"] 0
   &NUMOFBASISFUNCTS [&Type "Integer"] 172
   &NUMOFAUXCBASISFUNCTS [&Type "Integer"] 0
   &NUMOFAUXJBASISFUNCTS [&Type "Integer"] 208
   &NUMOFAUXJKBASISFUNCTS [&Type "Integer"] 0
   &NUMOFCABSBASISFUNCTS [&Type "Integer"] 0
   &TOTALENERGY [&Type "Double"]      -1.5717766512684054e+02  "Hartrees"
$End
$SCF_Dipole_Moment
   &GeometryIndex 1
   &ListStatus       OUT
   &METHOD [&Type "String"] "SCF"
   &LEVEL [&Type "String"] "Relaxed density"
   &MULT [&Type "Integer"] 1
   &STATE [&Type "Integer"] -1
   &IRREP [&Type "Integer"] 0
   &NATOMS [&Type "Integer"] 12
   &DODIPOLEATOM [&Type "Boolean"] false
   &DIPOLEELECCONTRIB [&Type "ArrayOfDoubles", &Dim (3,1)] "Electronic contribution"
                                                         0

0                                     -7.4497339573154292e-05
1                                      1.2212600290670586e+00
2                                      9.6773951821121137e-06
   &DIPOLENUCCONTRIB [&Type "ArrayOfDoubles", &Dim (3,1)] "Nuclear contribution"
                                                         0

0                                      8.9894765064713056e-05
1                                     -1.4676401507260981e+00
2                                     -1.4355026104251323e-05
   &DIPOLETOTAL [&Type "ArrayOfDoubles", &Dim (3,1)] "Total"
                                                         0

0                                      1.5397425491558763e-05
1                                     -2.4638012165903955e-01
2                                     -4.6776309221392091e-06
   &DIPOLEMAGNITUDE [&Type "Double", &Units "a.u."]       2.4638012218457087e-01
$End
$THERMOCHEMISTRY_Energies
   &GeometryIndex 1
   &ListStatus       OUT
   &TEMPERATURE [&Type "Double"]       2.9814999999999998e+02
   &PRESSURE [&Type "Double"]       1.0000000000000000e+00
   &TOTALMASS [&Type "Double"]       5.6107999999999990e+01
   &SPINDEGENERACY [&Type "Integer"] 1
   &ELENERGY [&Type "Double"]      -1.5717766512684054e+02
   &TRANSENERGY [&Type "Double"]       1.4162714244859817e-03
   &ROTENERGY [&Type "Double"]       1.4162714244859817e-03
   &VIBENERGY [&Type "Double"]       2.4094336592779928e-03
   &NUMOFFREQS [&Type "Integer"] 36
   &FREQSCALINGFACTOR [&Type "Double"]       1.0000000000000000e+00
   &FREQ [&Type "ArrayOfDoubles", &Dim (36,1)] "In cm^-1"
                                                         0

0                                      0.0000000000000000e+00
1                                      0.0000000000000000e+00
2                                      0.0000000000000000e+00
3                                      0.0000000000000000e+00
4                                      0.0000000000000000e+00
5                                      0.0000000000000000e+00
6                                      1.8737718583329735e+02
7                                      2.3145196291211636e+02
8                                      3.8913944459975431e+02
9                                      4.4379895367794091e+02
10                                     4.4694004330190552e+02
11                                     7.1000421873501421e+02
12                                     8.1940948309118050e+02
13                                     9.0160804783522985e+02
14                                     9.5957581101548192e+02
15                                     9.8707924762007735e+02
16                                     1.0174138492790033e+03
17                                     1.0837528824742569e+03
18                                     1.1007087588649085e+03
19                                     1.2961101301633462e+03
20                                     1.3946134984791793e+03
21                                     1.4000916972261928e+03
22                                     1.4328596114082457e+03
23                                     1.4598470910939664e+03
24                                     1.4718787044801441e+03
25                                     1.4804517246589849e+03
26                                     1.4946189291039771e+03
27                                     1.6944201703599717e+03
28                                     2.9904066394356128e+03
29                                     2.9954060575982398e+03
30                                     3.0472946807724593e+03
31                                     3.0492644876054651e+03
32                                     3.0979570384722483e+03
33                                     3.0995375632569126e+03
34                                     3.1077918420854694e+03
35                                     3.1942915309005425e+03
   &ZPE [&Type "Double"]       1.0703993682108108e-01
   &INNERENERGYU [&Type "Double"]      -1.5706538321351121e+02
   &ENTHALPYH [&Type "Double"]      -1.5706443900446897e+02
   &QEL [&Type "Double"]       0.0000000000000000e+00
   &QROT [&Type "Double"]       1.0895723789061675e-02
   &QVIB [&Type "Double"]       3.7729025070455890e-03
   &QTRANS [&Type "Double"]       1.8052790503498464e-02
   &ENTROPYS [&Type "Double"]       3.2721416799605725e-02
   &FREEENERGYG [&Type "Double"]      -1.5709716042126857e+02
   &ISLINEAR [&Type "Boolean"] false
$End
$Hessian
   &GeometryIndex 1
   &ListStatus       OUT
   &HESSIAN [&Type "ArrayOfDoubles", &Dim (36,36)] "The Hessian"
                                                         0                           1                           2                           3                           4                           5                           6                           7

0                                      5.1677596233817313e-01         5.5281137120542459e-02        -4.3066081911384926e-06        -1.7417813552664926e-01         5.3862525452747556e-02         2.7042940898135516e-07        -1.7456961830546146e-03         8.7104060476713985e-03
1                                      5.5281137120542459e-02         5.3444947987588054e-01         1.1880534444292778e-06         4.9171249981661058e-02        -1.1560814805762423e-01        -5.4058312080117069e-07         3.2960374922704455e-02        -2.4896409155555719e-02
2                                     -4.3066081911384926e-06         1.1880534444292778e-06         5.1835531411255342e-01         1.3762356569039572e-06        -1.6835231287097375e-06        -7.4234360236517111e-02         3.4823892517019031e-08        -2.6085690478204886e-07
3                                     -1.7417813552664926e-01         4.9171249981661058e-02         1.3762356569039572e-06         5.0709566871670819e-01        -1.9872706998610469e-05        -9.8230242052414123e-07        -1.0952147699209509e-01         2.5044761122266493e-05
4                                      5.3862525452747556e-02        -1.1560814805762423e-01        -1.6835231287097375e-06        -1.9872706998610469e-05         8.1498906272290694e-01         1.0229587160364105e-06         2.5111232507708417e-05        -5.1352867296550997e-01
5                                      2.7042940898135516e-07        -5.4058312080117069e-07        -7.4234360236517111e-02        -9.8230242052414123e-07         1.0229587160364105e-06         1.9089767669018937e-01         1.0872481424365465e-06        -8.6527846091750186e-07
6                                     -1.7456961830546146e-03         3.2960374922704455e-02         3.4823892517019031e-08        -1.0952147699209509e-01         2.5111232507708417e-05         1.0872481424365465e-06         6.4047643152961331e-01        -1.0652944207559570e-05
7                                      8.7104060476713985e-03        -2.4896409155555719e-02        -2.6085690478204886e-07         2.5044761122266493e-05        -5.1352867296550997e-01        -8.6527846091750186e-07        -1.0652944207559570e-05         8.0994735581727617e-01
8                                      1.6779220672726906e-08         3.8758062311302174e-07         8.3036833414799494e-03         1.4193161769513751e-06        -4.3895660889334647e-07        -5.2181085996086743e-02        -8.2438699589809747e-06        -9.4347418417330284e-07
9                                     -3.1968097826587535e-02        -1.3667820773647674e-02         9.7354081523206798e-07        -1.7416512899950154e-01        -5.3869315380806838e-02         2.3366420386291295e-08        -1.7400021253899181e-03        -8.7075543302155139e-03
10                                     1.3662505997052543e-02         1.0928777353602617e-02        -2.7420941847307640e-08        -4.9177866346327710e-02        -1.1562090163548186e-01         2.3889458048622395e-07        -3.2957223054719001e-02        -2.4901639522853240e-02
11                                     9.9392318894997304e-07         6.0454061243066827e-08         2.5387911305837819e-03         1.0439970197273709e-06         1.4654414703660981e-06        -7.4234589957694247e-02        -2.2290738161400177e-07         3.5130280160730465e-08
12                                    -4.7031325319425055e-02         2.5086698465272852e-03        -6.2639871471758778e-03        -6.7267498772010260e-04         1.7591925281542551e-02        -2.3982519102881277e-02        -3.1645606983660966e-03         6.6341194225455415e-04
13                                     5.4508347937293807e-04        -1.3016067482336824e-01         1.2289419086563974e-01         2.7529629773037703e-03        -1.6252291721486928e-02         1.4327334207507852e-02         2.9511845721628973e-03         4.9364968599338241e-04
14                                    -4.9483752466054553e-03         1.2185514331821463e-01        -2.0759637289951080e-01        -1.8747235848918728e-04        -4.2951006278955060e-05         2.0254871341315564e-03        -3.1307363470303506e-04        -8.7768380193281202e-04
15                                    -4.7031205836847501e-02         2.4948774278691949e-03         6.2439454919939862e-03        -6.6920770581783192e-04         1.7595951770009013e-02         2.3980017887504753e-02        -3.1654675052547065e-03         6.6406179680849752e-04
16                                     5.3205217624990690e-04        -1.3020789419967174e-01        -1.2290909116234999e-01         2.7503486163794368e-03        -1.6254160127602179e-02        -1.4324960218768192e-02         2.9515601284584806e-03         4.9352486154190939e-04
17                                     4.9298835737680777e-03        -1.2187070205396507e-01        -2.0755282467870428e-01         1.8690287215638104e-04         4.4006590770426799e-05         2.0245799028002589e-03         3.1313506515737773e-04         8.7736731431202865e-04
18                                    -2.1636605600003433e-01        -1.2437266344350194e-01         2.1348239439991691e-05        -2.2896490643860859e-02        -1.8963891049591099e-02         2.2834410131452658e-06         1.8291493421221019e-03        -1.6755420589437062e-03
19                                    -1.2752810251123325e-01        -1.4077917574486332e-01         1.5099443778117685e-05         1.4325546929743926e-02         1.1143496961326549e-02        -1.9912452672178642e-06         1.2949223827956788e-03         1.0702825239823164e-03
20                                     2.1927519229956602e-05         1.4949227598813172e-05        -4.6358855542530907e-02        -1.0387811216615066e-06         5.0243169909800971e-07        -1.9418567398089550e-03        -8.3076927248666794e-08        -1.6280671027235809e-07
21                                     1.3243942190676785e-03        -3.7878562221095070e-04         9.1006922201302962e-08        -3.8118900712886270e-04        -1.4648124211041474e-03         6.2954338926568419e-08        -2.5924942469138035e-01         1.2146704912026857e-01
22                                    -2.1216336766786206e-03        -4.0279765178130953e-03         2.1663278180941249e-08         2.9322374493718731e-02        -1.3748758895047133e-02        -2.3297384945465511e-07         1.1602468128640657e-01        -1.2535237794002296e-01
23                                     5.3815760351273756e-07         3.3010483107063437e-07         1.2945472849107393e-02         1.7835567903341935e-07         2.2511537414844003e-07         2.7679705055530524e-03         2.3193947593081111e-06        -1.0018414906884830e-06
24                                     1.1676532879007044e-03         1.4724805233316662e-03         6.3602310655960290e-08        -3.7743854381606804e-04         1.4665761471201466e-03         8.1715777447010203e-08        -2.5921890510774837e-01        -1.2148387421387064e-01
25                                    -2.0584573308358887e-03         1.3414099030054248e-03         3.1644505878923515e-07        -2.9320485908822504e-02        -1.3752178704953703e-02         4.0380276249764426e-07        -1.1604101320180807e-01        -1.2538231325699972e-01
26                                    -5.3910069633275587e-07        -1.1919848434534840e-07        -7.9556184226050441e-03         8.1419245223119792e-08        -6.2847851855833299e-07         2.7679808473843369e-03         5.0642707572054551e-06         3.0281808503951932e-06
27                                     1.3276690536503976e-03        -2.4320849336298682e-04         1.1846502121282994e-04        -6.6677828876775952e-04        -1.7594175136484119e-02         2.3978235486002284e-02        -3.1650122332567412e-03        -6.6461234985519210e-04
28                                     1.0732880877320113e-03         2.3152905626759070e-04        -2.9096254601894314e-04        -2.7484399541396389e-03        -1.6256765888765765e-02         1.4327910279921698e-02        -2.9518775001670236e-03         4.9309425849881818e-04
29                                    -1.4053412166890574e-04        -1.3960503710378196e-04         2.3428824384973731e-04         1.8684517154179611e-04        -4.4005737593797844e-05         2.0246482272056913e-03         3.1309961804303570e-04        -8.7734014496385722e-04
30                                    -3.6026892388787875e-03        -5.0603864090723264e-03         4.4105807982113626e-07        -2.2897031352467977e-02         1.8959683440086833e-02         2.3227516356062406e-06         1.8290966168618382e-03         1.6756551057628688e-03
31                                    -2.9542397655201629e-03        -1.5019012165262871e-03        -1.0829492472645743e-07        -1.4329773569627675e-02         1.1144032143947710e-02         2.0117544910313141e-06        -1.2949338073645748e-03         1.0703193825425234e-03
32                                    -2.3546650757661817e-07        -3.0569286058386207e-07         1.0864235478025730e-03        -1.0895585232985610e-06        -4.3969821648807858e-07        -1.9418705626925749e-03        -7.7316893045606119e-08         1.5528514045325824e-07
33                                     1.3275270326851434e-03        -2.4353425576634365e-04        -1.1851583345775201e-04        -6.7011666888287542e-04        -1.7589899249634638e-02        -2.3980755924637543e-02        -3.1641319520513307e-03        -6.6399186636328543e-04
34                                     1.0730440978252158e-03         2.3098352666637949e-04         2.9119505056910463e-04        -2.7508966534073986e-03        -1.6254713831709424e-02        -1.4330319777234870e-02        -2.9515350272018240e-03         4.9318631110648048e-04
35                                     1.4043072974988637e-04         1.3933610926191668e-04         2.3405855449133814e-04        -1.8739231722596575e-04         4.2913041037178105e-05         2.0254201855354052e-03        -3.1305257484611941e-04         8.7763245565378872e-04
                                                         8                           9                          10                          11                          12                          13                          14                          15

0                                      1.6779220672726906e-08        -3.1968097826587535e-02         1.3662505997052543e-02         9.9392318894997304e-07        -4.7031325319425055e-02         5.4508347937293807e-04        -4.9483752466054553e-03        -4.7031205836847501e-02
1                                      3.8758062311302174e-07        -1.3667820773647674e-02         1.0928777353602617e-02         6.0454061243066827e-08         2.5086698465272852e-03        -1.3016067482336824e-01         1.2185514331821463e-01         2.4948774278691949e-03
2                                      8.3036833414799494e-03         9.7354081523206798e-07        -2.7420941847307640e-08         2.5387911305837819e-03        -6.2639871471758778e-03         1.2289419086563974e-01        -2.0759637289951080e-01         6.2439454919939862e-03
3                                      1.4193161769513751e-06        -1.7416512899950154e-01        -4.9177866346327710e-02         1.0439970197273709e-06        -6.7267498772010260e-04         2.7529629773037703e-03        -1.8747235848918728e-04        -6.6920770581783192e-04
4                                     -4.3895660889334647e-07        -5.3869315380806838e-02        -1.1562090163548186e-01         1.4654414703660981e-06         1.7591925281542551e-02        -1.6252291721486928e-02        -4.2951006278955060e-05         1.7595951770009013e-02
5                                     -5.2181085996086743e-02         2.3366420386291295e-08         2.3889458048622395e-07        -7.4234589957694247e-02        -2.3982519102881277e-02         1.4327334207507852e-02         2.0254871341315564e-03         2.3980017887504753e-02
6                                     -8.2438699589809747e-06        -1.7400021253899181e-03        -3.2957223054719001e-02        -2.2290738161400177e-07        -3.1645606983660966e-03         2.9511845721628973e-03        -3.1307363470303506e-04        -3.1654675052547065e-03
7                                     -9.4347418417330284e-07        -8.7075543302155139e-03        -2.4901639522853240e-02         3.5130280160730465e-08         6.6341194225455415e-04         4.9364968599338241e-04        -8.7768380193281202e-04         6.6406179680849752e-04
8                                      9.8917319565757195e-02         1.2424502458513361e-08        -4.9591243951795864e-07         8.3036882464894834e-03         3.6645529550645558e-04         1.9928313439365394e-06        -2.0440585184901012e-05        -3.6639983131425691e-04
9                                      1.2424502458513361e-08         5.1678879468130734e-01        -5.5284139829193515e-02        -4.3398563395395488e-06         1.3276818768208228e-03        -1.0728954009211014e-03         1.4043319879470002e-04         1.3278174893574710e-03
10                                    -4.9591243951795864e-07        -5.5284139829193515e-02         5.3443607818736238e-01        -8.5634664068884314e-07         2.4369406460398208e-04         2.3088168180586399e-04        -1.3932353655511914e-04         2.4337756704691845e-04
11                                     8.3036882464894834e-03        -4.3398563395395488e-06        -8.5634664068884314e-07         5.1835545426039598e-01        -1.1847687300691514e-04        -2.9120642816428627e-04         2.3405099157326270e-04         1.1844110645244332e-04
12                                     3.6645529550645558e-04         1.3276818768208228e-03         2.4369406460398208e-04        -1.1847687300691514e-04         4.9046648553614042e-02        -7.0312345065908491e-03         6.1355417383038837e-03        -7.8326911713843140e-04
13                                     1.9928313439365394e-06        -1.0728954009211014e-03         2.3088168180586399e-04        -2.9120642816428627e-04        -7.0312345065908491e-03         1.4457158871826714e-01        -1.3424101945645250e-01        -7.9090470553731633e-04
14                                    -2.0440585184901012e-05         1.4043319879470002e-04        -1.3932353655511914e-04         2.3405099157326270e-04         6.1355417383038837e-03        -1.3424101945645250e-01         2.2624804128456877e-01        -4.8526963267172944e-04
15                                    -3.6639983131425691e-04         1.3278174893574710e-03         2.4337756704691845e-04         1.1844110645244332e-04        -7.8326911713843140e-04        -7.9090470553731633e-04        -4.8526963267172944e-04         4.9046057741675274e-02
16                                    -2.5428808469764308e-06        -1.0731490629629962e-03         2.3142595743747690e-04         2.9097989372282472e-04        -7.8896151996274845e-04         1.1299582015332441e-02         1.5916524753592239e-02        -7.0167700429222182e-03
17                                    -2.0596946096716924e-05        -1.4055346328316473e-04         1.3958548347093279e-04         2.3429603857649350e-04         4.8294245661329523e-04        -1.5922616626647106e-02        -2.1900712582367941e-02        -6.1135252474995745e-03
18                                    -2.8798120263139735e-07        -3.6036850854766454e-03         5.0601244169592753e-03         4.6831907901461237e-07         1.4882184257065775e-03         1.9221533785292975e-03         1.0962831697708050e-04         1.4859519089973072e-03
19                                    -2.0309027415773764e-08         2.9539933403080606e-03        -1.5009148376013443e-03         9.8264420523249204e-08        -1.3686348279090661e-02        -1.0429423900855991e-02        -2.1170185524166524e-03        -1.3689910367568087e-02
20                                    -6.5811667587847660e-04        -2.3000987430611871e-07         2.8664647796665250e-07         1.0864215217752935e-03         2.1335877501523944e-02         1.4377347419798228e-02         8.9437677980320606e-04        -2.1333373025850831e-02
21                                     2.6593971566958339e-06         1.1675761598362051e-03        -1.4724882497669082e-03         1.2098202331989162e-07         7.1361801736647987e-05         3.4816306150852339e-04         7.4445968024852358e-05         7.1381119335596702e-05
22                                    -1.1240358166145305e-06         2.0584540183981211e-03         1.3414600406780938e-03        -3.6053508167220103e-07         7.8637840268949212e-04        -6.7165366424753884e-04        -8.7642720571276880e-05         7.8662408839021397e-04
23                                    -3.0972628467388547e-02        -5.0576495983890846e-07         1.9120406913229575e-07        -7.9556197853706354e-03         1.8664176001111914e-03        -1.8150116653836974e-03        -2.4770111211225608e-04        -1.8663957621564732e-03
24                                     4.7208023223189684e-06         1.3240938266371460e-03         3.7945973561851441e-04         1.8321929030461628e-07         8.4053564226392092e-05         1.1320105990005264e-04        -1.8968404937214252e-05         8.4022163576637861e-05
25                                     2.6680529282409134e-06         2.1223075843968663e-03        -4.0276699422449169e-03        -1.5579512221591589e-08         1.5508858971304652e-04         1.8909520786332835e-04        -7.5390123736435860e-05         1.5510082498656528e-04
26                                    -3.0972657932274824e-02         5.0683137751459683e-07        -3.9061046941738743e-07         1.2945451889328184e-02        -6.0851306321857402e-04         1.1775600404002047e-03         1.4408212058856560e-04         6.0841728626044220e-04
27                                    -3.6643920571375862e-04        -4.7030762720703223e-02        -2.4846500633126439e-03         6.2288893996949295e-03        -6.7009294357187759e-04         3.8365301394827761e-04        -4.3397287797177051e-04        -8.1981014883471720e-05
28                                     2.4982298164784311e-06        -5.2185257689603935e-04        -1.3020865125894887e-01         1.2291000571990371e-01        -3.8414440914753746e-04         6.3975835647485466e-04        -8.1727648760976553e-05         1.4823494040362782e-05
29                                    -2.0580985912803298e-05         4.9149600733573769e-03         1.2187136762302683e-01        -2.0755236276200950e-01         4.3394341870576602e-04        -8.1527307212905797e-05         1.8193127835599773e-04         1.5237059729426947e-05
30                                    -3.1539044359586866e-07        -2.1639738364658395e-01         1.2436334362637338e-01         2.1361183211785621e-05         3.8583023868477879e-04        -9.9428071238215777e-05        -6.1075573443962299e-05         3.8599622624762707e-04
31                                     1.4823921447955537e-08         1.2751869308035388e-01        -1.4074807433851258e-01        -1.5152329723292359e-05        -8.0389411251518238e-05        -7.2920275845422215e-05        -1.5790554176506365e-04        -8.0349056829548675e-05
