*************************************************
******************* ORCA 6.0.0 ******************
*************************************************
$Calculation_Status
   &GeometryIndex 1
   &ListStatus       OUT
   &VERSION [&Type "String"] "6.0.0"
   &PROGNAME [&Type "String"] "LeanSCF"
   &STATUS [&Type "String"] "NORMAL TERMINATION"
$End
$Geometry
   &GeometryIndex 1
   &ListStatus       OUT
   &NATOMS [&Type "Integer"] 12
   &NCORELESSECP [&Type "Integer"] 0
   &NGHOSTATOMS [&Type "Integer"] 0
   &CartesianCoordinates [&Type "Coordinates", &Dim(12,4), &Units "Bohr"] 
              C      2.397810613530   -1.319843525657    0.000116873325
              C     -0.000014318077    0.197937758386   -0.000125775636
              C     -0.000210846193    2.718445154736   -0.000249618649
              C     -2.397603336085   -1.320215474972   -0.000021721646
              H      4.072305046211   -0.112785666056    0.001309231178
              H      2.478584605171   -2.557852353370    1.661279099726
              H      2.479808940592   -2.556180020386   -1.662236844300
              H     -1.751608548066    3.787630965134   -0.000343486827
              H      1.751016930182    3.787909008099    0.000119679569
              H     -4.072286662577   -0.113419992695   -0.002286461664
              H     -2.477786462709   -2.559195628154   -1.660480835754
              H     -2.479809566659   -2.555605967696    1.663032727972
$End
$SCF_Energy
   &GeometryIndex 1
   &ListStatus       OUT
   &SCF_ENERGY [&Type "Double"]      -1.5718029838765159e+02
$End
$DFT_Energy
   &GeometryIndex 1
   &ListStatus       OUT
   &NALPHAEL [&Type "Integer"] 16
   &NBETAEL [&Type "Integer"] 16
   &NTOTALEL [&Type "Integer"] 32
   &EEXCHANGE [&Type "Double"]      -2.3614033957911747e+01
   &ECORR [&Type "Double"]      -9.7308958162314307e-01
   &ECNL [&Type "Double"]       0.0000000000000000e+00
   &EXC [&Type "Double"]      -2.4587123539534890e+01
   &EEMBED [&Type "Double"]       0.0000000000000000e+00
   &FINALEN [&Type "Double"]      -1.5718029838765159e+02  "No Van der Waals correction"
$End
$Mulliken_Population_Analysis
   &GeometryIndex 1
   &ListStatus       OUT
   &NATOMS [&Type "Integer"] 12
   &ATNO [&Type "ArrayOfIntegers", &Dim (12,1)] 
                                                         0

0                                                        6
1                                                        6
2                                                        6
3                                                        6
4                                                        1
5                                                        1
6                                                        1
7                                                        1
8                                                        1
9                                                        1
10                                                       1
11                                                       1
   &ATOMICCHARGES [&Type "ArrayOfDoubles", &Dim (12,1)] 
                                                         0

0                                     -2.9426210812270170e-01
1                                      2.4836537622791255e-02
2                                     -2.8738361549477176e-01
3                                     -2.9426342173844589e-01
4                                      1.0383371687457854e-01
5                                      1.0746124999872708e-01
6                                      1.0749777257192705e-01
7                                      1.0674296046945408e-01
8                                      1.0674378838845899e-01
9                                      1.0383373044166722e-01
10                                     1.0745126092488411e-01
11                                     1.0750812806346066e-01
$End
$Loewdin_Population_Analysis
   &GeometryIndex 1
   &ListStatus       OUT
   &NATOMS [&Type "Integer"] 12
   &ATNO [&Type "ArrayOfIntegers", &Dim (12,1)] 
                                                         0

0                                                        6
1                                                        6
2                                                        6
3                                                        6
4                                                        1
5                                                        1
6                                                        1
7                                                        1
8                                                        1
9                                                        1
10                                                       1
11                                                       1
   &ATOMICCHARGES [&Type "ArrayOfDoubles", &Dim (12,1)] 
                                                         0

0                                     -2.6106662827622618e-01
1                                     -2.6675396076097169e-01
2                                     -2.1054392967307223e-01
3                                     -2.6106678579411025e-01
4                                      1.2510371871840786e-01
5                                      1.2739946536094127e-01
6                                      1.2740831146998910e-01
7                                      1.1980413959421810e-01
8                                      1.1980408308499713e-01
9                                      1.2510378593797600e-01
10                                     1.2739467834988150e-01
11                                     1.2741312198797949e-01
$End
$Mayer_Population_Analysis
   &GeometryIndex 1
   &ListStatus       OUT
   &NATOMS [&Type "Integer"] 12 "Total number of atoms"
   &BONDTHRESH [&Type "Double"]       1.0000000000000001e-01  "The threshold for printing"
   &NBONDORDERSPRINT [&Type "Integer"] 11 "The number of bond orders larger than threshold"
   &BONDORDERS [&Type "ArrayOfDoubles", &Dim (11,1)] "The bond orders"
                                                         0

0                                      9.5836048067855506e-01
1                                      9.7741502420086335e-01
2                                      9.6206527852357804e-01
3                                      9.6205379985240824e-01
4                                      1.8833184188424799e+00
5                                      9.5835947389990983e-01
6                                      9.6267950568084537e-01
7                                      9.6267870344263440e-01
8                                      9.7741503959147769e-01
9                                      9.6208185808216606e-01
10                                     9.6203725697353037e-01
   &COMPONENTS [&Type "ArrayOfIntegers", &Dim (11,4)] "The indices and atomic numbers of the bonding atoms"
                                                         0                           1                           2                           3

0                                                        0                           6                           1                           6
1                                                        0                           6                           4                           1
2                                                        0                           6                           5                           1
3                                                        0                           6                           6                           1
4                                                        1                           6                           2                           6
5                                                        1                           6                           3                           6
6                                                        2                           6                           7                           1
7                                                        2                           6                           8                           1
8                                                        3                           6                           9                           1
9                                                        3                           6                          10                           1
10                                                       3                           6                          11                           1
   &ATNO [&Type "ArrayOfIntegers", &Dim (12,1)] "Atomic number of the elements"
                                                         0

0                                                        6
1                                                        6
2                                                        6
3                                                        6
4                                                        1
5                                                        1
6                                                        1
7                                                        1
8                                                        1
9                                                        1
10                                                       1
11                                                       1
   &NA [&Type "ArrayOfDoubles", &Dim (12,1)] "Mulliken gross atomic population"
                                                         0

0                                      6.2942621081226733e+00
1                                      5.9751634623771830e+00
2                                      6.2873836154947753e+00
3                                      6.2942634217384494e+00
4                                      8.9616628312542113e-01
5                                      8.9253875000127136e-01
6                                      8.9250222742807139e-01
7                                      8.9325703953054558e-01
8                                      8.9325621161154056e-01
9                                      8.9616626955833212e-01
10                                     8.9254873907511745e-01
11                                     8.9249187193654045e-01
   &ZA [&Type "ArrayOfDoubles", &Dim (12,1)] "Total nuclear charge"
                                                         0

0                                      6.0000000000000000e+00
1                                      6.0000000000000000e+00
2                                      6.0000000000000000e+00
3                                      6.0000000000000000e+00
4                                      1.0000000000000000e+00
5                                      1.0000000000000000e+00
6                                      1.0000000000000000e+00
7                                      1.0000000000000000e+00
8                                      1.0000000000000000e+00
9                                      1.0000000000000000e+00
10                                     1.0000000000000000e+00
11                                     1.0000000000000000e+00
   &QA [&Type "ArrayOfDoubles", &Dim (12,1)] "Mulliken gross atomic charge"
                                                         0

0                                     -2.9426210812267328e-01
1                                      2.4836537622817012e-02
2                                     -2.8738361549477531e-01
3                                     -2.9426342173844944e-01
4                                      1.0383371687457887e-01
5                                      1.0746124999872864e-01
6                                      1.0749777257192861e-01
7                                      1.0674296046945442e-01
8                                      1.0674378838845944e-01
9                                      1.0383373044166788e-01
10                                     1.0745126092488255e-01
11                                     1.0750812806345955e-01
   &VA [&Type "ArrayOfDoubles", &Dim (12,1)] "Mayer's total valence"
                                                         0

0                                      3.8629496753845682e+00
1                                      3.7785615835828064e+00
2                                      3.9090238278618021e+00
3                                      3.8629470091705880e+00
4                                      9.8867054455074377e-01
5                                      9.7524794278958638e-01
6                                      9.7524550131986110e-01
7                                      9.7920314314138679e-01
8                                      9.7920259802668130e-01
9                                      9.8867059337446617e-01
10                                     9.7525316262042394e-01
11                                     9.7523996835668691e-01
   &BVA [&Type "ArrayOfDoubles", &Dim (12,1)] "Mayer's bonded valence"
                                                         0

0                                      3.8629496753845660e+00
1                                      3.7785615835828512e+00
2                                      3.9090238278617933e+00
3                                      3.8629470091706004e+00
4                                      9.8867054455074843e-01
5                                      9.7524794278959170e-01
6                                      9.7524550131983734e-01
7                                      9.7920314314137813e-01
8                                      9.7920259802667597e-01
9                                      9.8867059337446495e-01
10                                     9.7525316262043482e-01
11                                     9.7523996835668358e-01
   &FA [&Type "ArrayOfDoubles", &Dim (12,1)] "Mayer's free valence"
                                                         0

0                                      0.0000000000000000e+00
1                                      0.0000000000000000e+00
2                                      0.0000000000000000e+00
3                                      0.0000000000000000e+00
4                                      0.0000000000000000e+00
5                                      0.0000000000000000e+00
6                                      0.0000000000000000e+00
7                                      0.0000000000000000e+00
8                                      0.0000000000000000e+00
9                                      0.0000000000000000e+00
10                                     0.0000000000000000e+00
11                                     0.0000000000000000e+00
$End
$VdW_Correction
   &GeometryIndex 1
   &ListStatus       OUT
   &VDW [&Type "Double"]      -2.3319878651173478e-03
$End
$Calculation_Info
   &GeometryIndex 1
   &ListStatus       OUT
   &MULT [&Type "Integer"] 1
   &CHARGE [&Type "Integer"] 0
   &NUMOFATOMS [&Type "Integer"] 12
   &NUMOFELECTRONS [&Type "Integer"] 32
   &NUMOFFCELECTRONS [&Type "Integer"] 1
   &NUMOFCORRELECTRONS [&Type "Integer"] 0
   &NUMOFBASISFUNCTS [&Type "Integer"] 172
   &NUMOFAUXCBASISFUNCTS [&Type "Integer"] 0
   &NUMOFAUXJBASISFUNCTS [&Type "Integer"] 208
   &NUMOFAUXJKBASISFUNCTS [&Type "Integer"] 0
   &NUMOFCABSBASISFUNCTS [&Type "Integer"] 0
   &TOTALENERGY [&Type "Double"]      -1.5717769396211671e+02  "Hartrees"
$End
$SCF_Dipole_Moment
   &GeometryIndex 1
   &ListStatus       OUT
   &METHOD [&Type "String"] "SCF"
   &LEVEL [&Type "String"] "Relaxed density"
   &MULT [&Type "Integer"] 1
   &STATE [&Type "Integer"] -1
   &IRREP [&Type "Integer"] 0
   &NATOMS [&Type "Integer"] 12
   &DODIPOLEATOM [&Type "Boolean"] false
   &DIPOLEELECCONTRIB [&Type "ArrayOfDoubles", &Dim (3,1)] "Electronic contribution"
                                                         0

0                                     -9.1718858868275292e-05
1                                      1.2174857376853474e+00
2                                     -2.8488823630401722e-04
   &DIPOLENUCCONTRIB [&Type "ArrayOfDoubles", &Dim (3,1)] "Nuclear contribution"
                                                         0

0                                      1.1055198603537875e-04
1                                     -1.4590358183442493e+00
2                                      4.0538159693359610e-04
   &DIPOLETOTAL [&Type "ArrayOfDoubles", &Dim (3,1)] "Total"
                                                         0

0                                      1.8833127167103454e-05
1                                     -2.4155008065890193e-01
2                                      1.2049336062957888e-04
   &DIPOLEMAGNITUDE [&Type "Double", &Units "a.u."]       2.4155011144617314e-01
$End
$THERMOCHEMISTRY_Energies
   &GeometryIndex 1
   &ListStatus       OUT
   &TEMPERATURE [&Type "Double"]       2.9814999999999998e+02
   &PRESSURE [&Type "Double"]       1.0000000000000000e+00
   &TOTALMASS [&Type "Double"]       5.6107999999999990e+01
   &SPINDEGENERACY [&Type "Integer"] 1
   &ELENERGY [&Type "Double"]      -1.5717769396211671e+02
   &TRANSENERGY [&Type "Double"]       1.4162714244859817e-03
   &ROTENERGY [&Type "Double"]       1.4162714244859817e-03
   &VIBENERGY [&Type "Double"]       2.4449466998056695e-03
   &NUMOFFREQS [&Type "Integer"] 36
   &FREQSCALINGFACTOR [&Type "Double"]       1.0000000000000000e+00
   &FREQ [&Type "ArrayOfDoubles", &Dim (36,1)] "In cm^-1"
                                                         0

0                                      0.0000000000000000e+00
1                                      0.0000000000000000e+00
2                                      0.0000000000000000e+00
3                                      0.0000000000000000e+00
4                                      0.0000000000000000e+00
5                                      0.0000000000000000e+00
6                                      1.7979506477153228e+02
7                                      2.2348106917699559e+02
8                                      3.8726683004521482e+02
9                                      4.4178389852799575e+02
10                                     4.4372192920283999e+02
11                                     7.0381107787577423e+02
12                                     8.1753354950108894e+02
13                                     8.9870473414171386e+02
14                                     9.5643989227715690e+02
15                                     9.8297874091795802e+02
16                                     1.0165550549651538e+03
17                                     1.0826128022844432e+03
18                                     1.1001758946560296e+03
19                                     1.2929268083225893e+03
20                                     1.3938613961819874e+03
21                                     1.3998087442474150e+03
22                                     1.4334283617947451e+03
23                                     1.4604041979682154e+03
24                                     1.4714422252335673e+03
25                                     1.4807789474010726e+03
26                                     1.4939207483284674e+03
27                                     1.7039382666372308e+03
28                                     2.9921096628518903e+03
29                                     2.9970768588226506e+03
30                                     3.0488056287562863e+03
31                                     3.0507214394308262e+03
32                                     3.1020336772422934e+03
33                                     3.1036501756791322e+03
34                                     3.1202281992267876e+03
35                                     3.2056590580136581e+03
   &ZPE [&Type "Double"]       1.0704119812435539e-01
   &INNERENERGYU [&Type "Double"]      -1.5706537527444357e+02
   &ENTHALPYH [&Type "Double"]      -1.5706443106540132e+02
   &QEL [&Type "Double"]       0.0000000000000000e+00
   &QROT [&Type "Double"]       1.1550470669849993e-02
   &QVIB [&Type "Double"]       3.8555139264325766e-03
   &QTRANS [&Type "Double"]       1.8052790503498464e-02
   &ENTROPYS [&Type "Double"]       3.3458775099781034e-02
   &FREEENERGYG [&Type "Double"]      -1.5709788984050110e+02
   &ISLINEAR [&Type "Boolean"] false
$End
$Hessian
   &GeometryIndex 1
   &ListStatus       OUT
   &HESSIAN [&Type "ArrayOfDoubles", &Dim (36,36)] "The Hessian"
                                                         0                           1                           2                           3                           4                           5                           6                           7

0                                      5.1533167169682448e-01         5.5407320945725785e-02         2.3679461847698785e-05        -1.7280404322383247e-01         5.3149039368052056e-02        -7.0708433485438877e-06        -1.8351480508781368e-03         8.7775577016700052e-03
1                                      5.5407320945725785e-02         5.3428771424974375e-01        -4.6933606955164276e-06         4.8237025941882096e-02        -1.1510236112368261e-01         8.2518268787624904e-06         3.3037106873334887e-02        -2.4931532972117733e-02
2                                      2.3679461847698785e-05        -4.6933606955164276e-06         5.1951501307439052e-01        -1.1468099035713091e-05         1.5736662551528011e-05        -7.4552589342498476e-02        -2.2725143348244015e-06         3.5641814853992475e-06
3                                     -1.7280404322383247e-01         4.8237025941882096e-02        -1.1468099035713091e-05         5.0351507748408730e-01        -2.5661377208500286e-05         8.0053886699574944e-06        -1.0863770059965369e-01         3.2165561921536707e-05
4                                      5.3149039368052056e-02        -1.1510236112368261e-01         1.5736662551528011e-05        -2.5661377208500286e-05         8.2323733145675315e-01        -3.3915137255645410e-05         3.2241894657122994e-05        -5.2324938609377258e-01
5                                     -7.0708433485438877e-06         8.2518268787624904e-06        -7.4552589342498476e-02         8.0053886699574944e-06        -3.3915137255645410e-05         1.9022196635950051e-01        -9.0617843917300357e-06         2.1463183674538850e-05
6                                     -1.8351480508781368e-03         3.3037106873334887e-02        -2.2725143348244015e-06        -1.0863770059965369e-01         3.2241894657122994e-05        -9.0617843917300357e-06         6.4242648320767237e-01        -1.3682846830395949e-05
7                                      8.7775577016700052e-03        -2.4931532972117733e-02         3.5641814853992475e-06         3.2165561921536707e-05        -5.2324938609377258e-01         2.1463183674538850e-05        -1.3682846830395949e-05         8.2167497255317390e-01
8                                     -3.1924207822360379e-07         2.2423516552429887e-07         8.3778595127404591e-03        -1.1869081160527178e-05         1.3451977417039416e-05        -5.1403463000389463e-02         6.9003391840037728e-05         2.4935524592582584e-06
9                                     -3.1782439727561063e-02        -1.3648921446329943e-02        -5.2173699030218323e-06        -1.7278814239001899e-01        -5.3157567714004442e-02         5.1799139224232789e-06        -1.8279847907839725e-03        -8.7739755455660332e-03
10                                     1.3642277444524984e-02         1.0926144323557371e-02        -3.1036725051951616e-06        -4.8245400436369511e-02        -1.1511817679378782e-01         1.5948688050069160e-06        -3.3033130886980129e-02        -2.4938119522086872e-02
11                                    -1.1303371350163268e-05        -3.7903936164849076e-06         2.5572798600106070e-03        -8.2668369378276815e-06        -1.0590223963732687e-05        -7.4552667064838360e-02         3.7992167091466882e-06         1.2018548044817155e-06
12                                    -2.1642887244653600e-01        -1.2514620692860212e-01        -1.2559506794910391e-04        -2.2948773974673931e-02        -1.8990011843665184e-02        -1.2574818850811202e-05         1.8301492984670242e-03        -1.6926340995992821e-03
13                                    -1.2830219554584799e-01        -1.4159938206906170e-01        -8.9444855627427463e-05         1.4315421414682974e-02         1.1101467520143475e-02         1.1155138145383676e-05         1.3117780152067516e-03         1.0712617813954865e-03
14                                    -1.2836150108883491e-04        -8.8184253740318478e-05        -4.6168888488171148e-02         4.9370137118324815e-06        -4.3481721102389869e-06        -1.9207856378043175e-03         5.7636620074815868e-07         9.4882529601044264e-07
15                                    -4.7034789468156549e-02         3.1779426161817146e-03        -7.0291915277850888e-03        -6.5582137877198297e-04         1.7555529701762253e-02        -2.3959386228621780e-02        -3.1768206879245627e-03         6.4367655265483827e-04
16                                     1.1829654912841863e-03        -1.3006576434464531e-01         1.2286598402568072e-01         2.6384452915134485e-03        -1.6083028745519042e-02         1.4166563545158278e-02         2.9496022384001312e-03         4.7849828023281563e-04
17                                    -5.6301932351317712e-03         1.2183993358259680e-01        -2.0800286470581403e-01        -1.7131117305081364e-04        -1.0719246049039179e-04         2.0888423026062699e-03        -3.0678459122703927e-04        -8.7330431225356381e-04
18                                    -4.7036443189203594e-02         3.2640417869573080e-03         7.1551194297804514e-03        -6.7979924305693919e-04         1.7533588101640921e-02         2.3972119727683722e-02        -3.1714375925598957e-03         6.3980061654576501e-04
19                                     1.2653454883268765e-03        -1.2981084057275522e-01        -1.2278597821737497e-01         2.6557445123069189e-03        -1.6074428598994987e-02        -1.4179224460831686e-02         2.9474393754613673e-03         4.7925654682286168e-04
20                                     5.7485414836953965e-03        -1.2175575594277807e-01        -2.0823790233778855e-01         1.7378623829956974e-04         1.0328975839202464e-04         2.0969615891423803e-03         3.0625181362000178e-04         8.7507103252719345e-04
21                                     1.3283824440808705e-03        -3.7670447785461900e-04        -6.3150722482097288e-07        -3.6333389500167517e-04        -1.4899825541069278e-03        -7.9019261276251638e-07        -2.6056468941691890e-01         1.2291103180807476e-01
22                                    -2.1223320572853945e-03        -4.0147417053633359e-03         1.9155279363369389e-07         2.9390194585662523e-02        -1.3822808775877785e-02         2.2818829306064178e-06         1.1747726142323034e-01        -1.2628719124941801e-01
23                                    -3.5598632763068819e-06        -1.2873770638883691e-06         1.2989435087551481e-02        -3.0533578898481166e-06        -8.8510185827457417e-07         2.8783871989875847e-03        -1.2868626256573993e-05         3.4194503671577545e-06
24                                     1.1605268138619044e-03         1.4851854618533273e-03         2.6375984454118242e-07        -3.5860982110417139e-04         1.4922556346397137e-03        -4.6180034888718608e-07        -2.6052577734509236e-01        -1.2293256276248189e-01
25                                    -2.0661098195541676e-03         1.3487177466594011e-03        -1.7755352765515970e-06        -2.9387765550100260e-02        -1.3827047806765188e-02        -3.0411468420056877e-06        -1.1749822227007864e-01        -1.2632569367248511e-01
26                                     3.7238309385376868e-06        -1.5118898447825279e-09        -8.0165257719453185e-03         8.4144514520203713e-07         6.2749181441359467e-06         2.8783602695311283e-03        -4.8948689782987232e-05        -3.0575748030564260e-05
27                                    -3.5984525231517895e-03        -5.0629256835264856e-03        -2.8770705412668862e-06        -2.2949439341300927e-02         1.8984707770579791e-02        -2.6451245700097446e-05         1.8300836375642199e-03         1.6927814331268096e-03
28                                    -2.9573751491145626e-03        -1.4957613360046711e-03         1.1459757720189662e-06        -1.4320692780341815e-02         1.1102138954618503e-02        -2.2673118675743950e-05        -1.3117890271454129e-03         1.0713039349218487e-03
29                                     2.9023131615032010e-06         2.3266780758228335e-06         1.0884515524699869e-03         1.2987081973909380e-05         3.6116706697002420e-06        -1.9208095388750851e-03         7.8789432888141769e-07        -1.7030531007518133e-06
30                                     1.3506756506426114e-03        -2.2385141254793200e-04        -1.0212250141294476e-04        -6.4788406554051534e-04        -1.7566122051012593e-02        -2.3948795182302897e-02        -3.1784775709336253e-03        -6.4584793098355713e-04
31                                     1.0508896591483986e-03         2.3152285462360242e-04         2.9000227368888094e-04        -2.6319393564877072e-03        -1.6093756522410529e-02        -1.4162652955628453e-02        -2.9508591194814596e-03         4.7772256653294543e-04
32                                     1.2443125851064555e-04         1.3098264453060074e-04         2.2653432919176719e-04        -1.6926628931998589e-04         1.1231993026665109e-04         2.0896699222373617e-03        -3.0665802421957889e-04         8.7251734414339407e-04
33                                     1.3489320239098584e-03        -2.2519363892892206e-04         1.0099691418132196e-04        -6.8152955113200435e-04        -1.7518228543422776e-02         2.3978259623574246e-02        -3.1686800889584536e-03        -6.3903749273079048e-04
34                                     1.0477964349247214e-03         2.2628494904641458e-04        -2.9108820168427800e-04        -2.6573261953731359e-03        -1.6069943470704760e-02         1.4190558221635480e-02        -2.9470186655763293e-03         4.7890784680048844e-04
35                                    -1.2315419934716626e-04        -1.2854695627162460e-04         2.2419722986279718e-04         1.7570511192140439e-04        -9.8115669757318147e-05         2.0961269424004600e-03         3.0629979091642605e-04        -8.7576683741168084e-04
                                                         8                           9                          10                          11                          12                          13                          14                          15

0                                     -3.1924207822360379e-07        -3.1782439727561063e-02         1.3642277444524984e-02        -1.1303371350163268e-05        -2.1642887244653600e-01        -1.2830219554584799e-01        -1.2836150108883491e-04        -4.7034789468156549e-02
1                                      2.2423516552429887e-07        -1.3648921446329943e-02         1.0926144323557371e-02        -3.7903936164849076e-06        -1.2514620692860212e-01        -1.4159938206906170e-01        -8.8184253740318478e-05         3.1779426161817146e-03
2                                      8.3778595127404591e-03        -5.2173699030218323e-06        -3.1036725051951616e-06         2.5572798600106070e-03        -1.2559506794910391e-04        -8.9444855627427463e-05        -4.6168888488171148e-02        -7.0291915277850888e-03
3                                     -1.1869081160527178e-05        -1.7278814239001899e-01        -4.8245400436369511e-02        -8.2668369378276815e-06        -2.2948773974673931e-02         1.4315421414682974e-02         4.9370137118324815e-06        -6.5582137877198297e-04
4                                      1.3451977417039416e-05        -5.3157567714004442e-02        -1.1511817679378782e-01        -1.0590223963732687e-05        -1.8990011843665184e-02         1.1101467520143475e-02        -4.3481721102389869e-06         1.7555529701762253e-02
5                                     -5.1403463000389463e-02         5.1799139224232789e-06         1.5948688050069160e-06        -7.4552667064838360e-02        -1.2574818850811202e-05         1.1155138145383676e-05        -1.9207856378043175e-03        -2.3959386228621780e-02
6                                      6.9003391840037728e-05        -1.8279847907839725e-03        -3.3033130886980129e-02         3.7992167091466882e-06         1.8301492984670242e-03         1.3117780152067516e-03         5.7636620074815868e-07        -3.1768206879245627e-03
7                                      2.4935524592582584e-06        -8.7739755455660332e-03        -2.4938119522086872e-02         1.2018548044817155e-06        -1.6926340995992821e-03         1.0712617813954865e-03         9.4882529601044264e-07         6.4367655265483827e-04
8                                      9.7789264387070488e-02         3.5721018495154859e-08         7.7562825752309822e-06         8.3778271077591532e-03         1.6678199287744984e-06         1.4413726927770781e-07        -6.5814450801149143e-04         3.7437115466723613e-04
9                                      3.5721018495154859e-08         5.1534755820966272e-01        -5.5410576774019366e-02         4.9799881125012907e-05        -3.5997022409733730e-03         2.9570642204124510e-03         1.0735279323704194e-06         1.3504490096837574e-03
10                                     7.7562825752309822e-06        -5.5410576774019366e-02         5.3427053399471025e-01         9.8836756755663058e-06         5.0625931434703317e-03        -1.4945278423896748e-03        -2.5988220671761626e-06         2.2260870995634134e-04
11                                     8.3778271077591532e-03         4.9799881125012907e-05         9.8836756755663058e-06         5.1951472377893837e-01        -4.7892595909828049e-06        -5.4136963132006672e-07         1.0884137560443277e-03        -1.0063952294398821e-04
12                                     1.6678199287744984e-06        -3.5997022409733730e-03         5.0625931434703317e-03        -4.7892595909828049e-06         2.3787806463529068e-01         1.3641677064079843e-01         1.3710710716388272e-04         1.5107492439581129e-03
13                                     1.4413726927770781e-07         2.9570642204124510e-03        -1.4945278423896748e-03        -5.4136963132006672e-07         1.3641677064079843e-01         1.5144487881458044e-01         1.0095235408844993e-04        -1.3722482143251103e-02
14                                    -6.5814450801149143e-04         1.0735279323704194e-06        -2.5988220671761626e-06         1.0884137560443277e-03         1.3710710716388272e-04         1.0095235408844993e-04         4.4683281091239979e-02         2.1340824104913420e-02
15                                     3.7437115466723613e-04         1.3504490096837574e-03         2.2260870995634134e-04        -1.0063952294398821e-04         1.5107492439581129e-03        -1.3722482143251103e-02         2.1340824104913420e-02         4.9019715023122530e-02
16                                    -8.8169632004534565e-06        -1.0496638490297347e-03         2.3068541497479975e-04        -2.8934621927247648e-04         1.9159803413732433e-03        -1.0533176269670796e-02         1.4549508196605830e-02        -7.5406831230767756e-03
17                                    -2.2793688926594276e-05         1.2412011979448263e-04        -1.3071031040054037e-04         2.2633098929149579e-04         1.1905088160202651e-04        -2.0606761742932474e-03         8.4903725059184629e-04         6.8173856138939067e-03
18                                    -3.7538529347334827e-04         1.3495374962071102e-03         2.2684909331011666e-04         1.0237900958261849e-04         1.5254931690659641e-03        -1.3703301150773041e-02        -2.1354190518383061e-02        -8.1037585296633331e-04
19                                     1.2324483965779967e-05        -1.0486521292855631e-03         2.2686408184388780e-04         2.9198257017167115e-04         1.9255269575115946e-03        -1.0521240130228933e-02        -1.4559377398364961e-02        -8.4428207202951822e-04
20                                    -2.1777859131716457e-05        -1.2348735239473300e-04         1.2878197275288921e-04         2.2468357771578129e-04        -1.1645889628727341e-04         2.0384172631758707e-03         8.2130929250819355e-04         5.1568436900006507e-04
21                                    -1.7771920562018029e-05         1.1604399955851647e-03        -1.4852156899215225e-03        -1.6924082424371030e-06         5.5209118696004748e-04        -1.8156842410017686e-04         1.4528994376845683e-07         6.6686083458452272e-05
22                                     5.4567163911259111e-06         2.0661111589835640e-03         1.3487649142829806e-03         3.8546074347829041e-06        -3.6780480274545106e-05         2.7928151126140012e-04         3.1197262966239529e-07         7.9319452970332710e-04
23                                    -3.0868049137275165e-02         5.0928544244011995e-06        -2.6724548024034155e-06        -8.0165626701399675e-03         1.0727562805027557e-06         4.0712196434097056e-07        -2.1535448204618274e-04         1.8715876537796863e-03
24                                    -4.4032731644828972e-05         1.3280015599383341e-03         3.7754645966472065e-04        -1.8132563373558940e-06         5.0739892278419199e-04        -1.5224416577612650e-04        -2.6130537556811607e-07         8.8255734809955993e-05
25                                    -2.6493482545376014e-05         2.1231820898149813e-03        -4.0143426084441793e-03         4.3579058047999753e-07         1.2539138590363852e-03        -2.8291727077833697e-04         6.4284143012201907e-07         1.5805863592471050e-04
26                                    -3.0868006476100659e-02        -5.2445672832468302e-06         4.8087151618193083e-06         1.2989365119700806e-02        -1.0367289484327010e-06        -6.8391350822910484e-07         3.9209166005779478e-04        -6.1818740404020989e-04
27                                     3.4329240204506322e-06        -2.1646797946637641e-01         1.2513403899103256e-01        -2.3846141960453228e-04        -1.5916589564747580e-03         9.0958077267437815e-04         4.6198308099634666e-07         3.8317303135521270e-04
28                                    -1.7966185441246276e-07         1.2828988948643197e-01        -1.4155963604364674e-01         1.7016708413703050e-04        -9.0993143720996105e-04         6.7915909350376824e-04         7.9543705186009004e-07        -7.8854419977526268e-05
29                                    -6.5814624810621870e-04        -2.4559102331454314e-04         1.6893943672470442e-04        -4.6169164437848118e-02         7.9223286882993900e-07        -4.8150405836938309e-07         6.2757689651534506e-04         3.7287318019430703e-04
30                                     3.7524438130760469e-04        -4.7033031220890573e-02        -3.1374968950391114e-03        -6.9672935486126287e-03         3.8333162206731009e-04         7.9111547137237530e-05         3.7247629479449405e-04        -8.0686584814426818e-05
31                                     7.7744023148171998e-06        -1.1449096142354910e-03        -1.3021217948689448e-01        -1.2291414250932423e-01         9.6987065463926582e-05        -7.2246029249304570e-05         3.6949979593992564e-04         1.2786757096550799e-05
