*************************************************
******************* ORCA 6.0.0 ******************
*************************************************
$Calculation_Status
   &GeometryIndex 1
   &ListStatus       OUT
   &VERSION [&Type "String"] "6.0.0"
   &PROGNAME [&Type "String"] "LeanSCF"
   &STATUS [&Type "String"] "NORMAL TERMINATION"
$End
$Geometry
   &GeometryIndex 1
   &ListStatus       OUT
   &NATOMS [&Type "Integer"] 12
   &NCORELESSECP [&Type "Integer"] 0
   &NGHOSTATOMS [&Type "Integer"] 0
   &CartesianCoordinates [&Type "Coordinates", &Dim(12,4), &Units "Bohr"] 
              C     -1.266228262462    2.391684843279    0.000560805143
              C      1.266505970567    2.391582635741    0.000346412879
              C      2.693173702016   -0.000137882545   -0.000043360144
              O      5.023792775657   -0.000235383342   -0.000379231563
              C      1.266312570136   -2.391742201003    0.000547589532
              C     -1.266425188932   -2.391636220626    0.000757195498
              C     -2.693093094236    0.000083984721   -0.001453466037
              O     -5.023715157613    0.000174422667    0.000025797974
              H     -2.367409685358    4.122677333381    0.000885918729
              H      2.367819437321    4.122489436588   -0.000155923949
              H      2.367487037329   -4.122738540665    0.000204845746
              H     -2.367744946207   -4.122542545829    0.001231238023
$End
$SCF_Energy
   &GeometryIndex 1
   &ListStatus       OUT
   &SCF_ENERGY [&Type "Double"]      -3.8140531346708372e+02
$End
$DFT_Energy
   &GeometryIndex 1
   &ListStatus       OUT
   &NALPHAEL [&Type "Integer"] 28
   &NBETAEL [&Type "Integer"] 28
   &NTOTALEL [&Type "Integer"] 56
   &EEXCHANGE [&Type "Double"]      -4.9173039498966681e+01
   &ECORR [&Type "Double"]      -1.8327678430536634e+00
   &ECNL [&Type "Double"]       0.0000000000000000e+00
   &EXC [&Type "Double"]      -5.1005807342020347e+01
   &EEMBED [&Type "Double"]       0.0000000000000000e+00
   &FINALEN [&Type "Double"]      -3.8140531346708372e+02  "No Van der Waals correction"
$End
$Mulliken_Population_Analysis
   &GeometryIndex 1
   &ListStatus       OUT
   &NATOMS [&Type "Integer"] 12
   &ATNO [&Type "ArrayOfIntegers", &Dim (12,1)] 
                                                         0

0                                                        6
1                                                        6
2                                                        6
3                                                        8
4                                                        6
5                                                        6
6                                                        6
7                                                        8
8                                                        1
9                                                        1
10                                                       1
11                                                       1
   &ATOMICCHARGES [&Type "ArrayOfDoubles", &Dim (12,1)] 
                                                         0

0                                     -1.5173084168157391e-01
1                                     -1.5171516353730485e-01
2                                      3.3024249836044639e-01
3                                     -3.0571498962709498e-01
4                                     -1.5173269140428403e-01
5                                     -1.5171749206359308e-01
6                                      3.3024025178280425e-01
7                                     -3.0571758365774215e-01
8                                      1.3946067318610289e-01
9                                      1.3946233031576361e-01
10                                     1.3945940501390908e-01
11                                     1.3946360331275820e-01
$End
$Loewdin_Population_Analysis
   &GeometryIndex 1
   &ListStatus       OUT
   &NATOMS [&Type "Integer"] 12
   &ATNO [&Type "ArrayOfIntegers", &Dim (12,1)] 
                                                         0

0                                                        6
1                                                        6
2                                                        6
3                                                        8
4                                                        6
5                                                        6
6                                                        6
7                                                        8
8                                                        1
9                                                        1
10                                                       1
11                                                       1
   &ATOMICCHARGES [&Type "ArrayOfDoubles", &Dim (12,1)] 
                                                         0

0                                     -7.7037833427708868e-02
1                                     -7.7037071192079587e-02
2                                     -3.0291635810388851e-01
3                                      1.4459170764129414e-01
4                                     -7.7037413017966294e-02
5                                     -7.7037315041130761e-02
6                                     -3.0291467061547994e-01
7                                      1.4458940449154589e-01
8                                      1.5619995339258297e-01
9                                      1.5619985764773892e-01
10                                     1.5619978840533355e-01
11                                     1.5619994981995877e-01
$End
$Mayer_Population_Analysis
   &GeometryIndex 1
   &ListStatus       OUT
   &NATOMS [&Type "Integer"] 12 "Total number of atoms"
   &BONDTHRESH [&Type "Double"]       1.0000000000000001e-01  "The threshold for printing"
   &NBONDORDERSPRINT [&Type "Integer"] 12 "The number of bond orders larger than threshold"
   &BONDORDERS [&Type "ArrayOfDoubles", &Dim (12,1)] "The bond orders"
                                                         0

0                                      1.6546902504745873e+00
1                                      1.0415994783092544e+00
2                                      9.5390939805822705e-01
3                                      1.0416094099138884e+00
4                                      9.5390658598275224e-01
5                                      1.8646227632165659e+00
6                                      1.0415918053131854e+00
7                                      1.6546619484865883e+00
8                                      9.5391503021247426e-01
9                                      1.0416003272621566e+00
10                                     9.5390483415016158e-01
11                                     1.8646198197543438e+00
   &COMPONENTS [&Type "ArrayOfIntegers", &Dim (12,4)] "The indices and atomic numbers of the bonding atoms"
                                                         0                           1                           2                           3

0                                                        0                           6                           1                           6
1                                                        0                           6                           6                           6
2                                                        0                           6                           8                           1
3                                                        1                           6                           2                           6
4                                                        1                           6                           9                           1
5                                                        2                           6                           3                           8
6                                                        2                           6                           4                           6
7                                                        4                           6                           5                           6
8                                                        4                           6                          10                           1
9                                                        5                           6                           6                           6
10                                                       5                           6                          11                           1
11                                                       6                           6                           7                           8
   &ATNO [&Type "ArrayOfIntegers", &Dim (12,1)] "Atomic number of the elements"
                                                         0

0                                                        6
1                                                        6
2                                                        6
3                                                        8
4                                                        6
5                                                        6
6                                                        6
7                                                        8
8                                                        1
9                                                        1
10                                                       1
11                                                       1
   &NA [&Type "ArrayOfDoubles", &Dim (12,1)] "Mulliken gross atomic population"
                                                         0

0                                      6.1517308416816006e+00
1                                      6.1517151635373288e+00
2                                      5.6697575016395616e+00
3                                      8.3057149896270559e+00
4                                      6.1517326914043080e+00
5                                      6.1517174920635895e+00
6                                      5.6697597482171798e+00
7                                      8.3057175836577581e+00
8                                      8.6053932681389644e-01
9                                      8.6053766968423662e-01
10                                     8.6054059498609081e-01
11                                     8.6053639668724258e-01
   &ZA [&Type "ArrayOfDoubles", &Dim (12,1)] "Total nuclear charge"
                                                         0

0                                      6.0000000000000000e+00
1                                      6.0000000000000000e+00
2                                      6.0000000000000000e+00
3                                      8.0000000000000000e+00
4                                      6.0000000000000000e+00
5                                      6.0000000000000000e+00
6                                      6.0000000000000000e+00
7                                      8.0000000000000000e+00
8                                      1.0000000000000000e+00
9                                      1.0000000000000000e+00
10                                     1.0000000000000000e+00
11                                     1.0000000000000000e+00
   &QA [&Type "ArrayOfDoubles", &Dim (12,1)] "Mulliken gross atomic charge"
                                                         0

0                                     -1.5173084168160056e-01
1                                     -1.5171516353732883e-01
2                                      3.3024249836043840e-01
3                                     -3.0571498962705590e-01
4                                     -1.5173269140430801e-01
5                                     -1.5171749206358953e-01
6                                      3.3024025178282024e-01
7                                     -3.0571758365775814e-01
8                                      1.3946067318610356e-01
9                                      1.3946233031576338e-01
10                                     1.3945940501390919e-01
11                                     1.3946360331275742e-01
   &VA [&Type "ArrayOfDoubles", &Dim (12,1)] "Mayer's total valence"
                                                         0

0                                      3.7536156216341330e+00
1                                      3.7536202751981871e+00
2                                      4.0400854750311899e+00
3                                      2.1186227721450601e+00
4                                      3.7535832808678093e+00
5                                      3.7535825145203203e+00
6                                      4.0400826004741770e+00
7                                      2.1186190187964793e+00
8                                      9.8684246630528283e-01
9                                      9.8684094338818340e-01
10                                     9.8684290458175616e-01
11                                     9.8684058184904988e-01
   &BVA [&Type "ArrayOfDoubles", &Dim (12,1)] "Mayer's bonded valence"
                                                         0

0                                      3.7536156216341037e+00
1                                      3.7536202751980627e+00
2                                      4.0400854750311765e+00
3                                      2.1186227721451303e+00
4                                      3.7535832808676535e+00
5                                      3.7535825145202297e+00
6                                      4.0400826004742028e+00
7                                      2.1186190187964531e+00
8                                      9.8684246630531691e-01
9                                      9.8684094338811579e-01
10                                     9.8684290458171553e-01
11                                     9.8684058184899859e-01
   &FA [&Type "ArrayOfDoubles", &Dim (12,1)] "Mayer's free valence"
                                                         0

0                                      0.0000000000000000e+00
1                                      0.0000000000000000e+00
2                                      0.0000000000000000e+00
3                                      0.0000000000000000e+00
4                                      0.0000000000000000e+00
5                                      0.0000000000000000e+00
6                                      0.0000000000000000e+00
7                                      0.0000000000000000e+00
8                                      0.0000000000000000e+00
9                                      0.0000000000000000e+00
10                                     0.0000000000000000e+00
11                                     0.0000000000000000e+00
$End
$VdW_Correction
   &GeometryIndex 1
   &ListStatus       OUT
   &VDW [&Type "Double"]      -3.7518840029621085e-03
$End
$Calculation_Info
   &GeometryIndex 1
   &ListStatus       OUT
   &MULT [&Type "Integer"] 1
   &CHARGE [&Type "Integer"] 0
   &NUMOFATOMS [&Type "Integer"] 12
   &NUMOFELECTRONS [&Type "Integer"] 56
   &NUMOFFCELECTRONS [&Type "Integer"] 1
   &NUMOFCORRELECTRONS [&Type "Integer"] 0
   &NUMOFBASISFUNCTS [&Type "Integer"] 272
   &NUMOFAUXCBASISFUNCTS [&Type "Integer"] 0
   &NUMOFAUXJBASISFUNCTS [&Type "Integer"] 284
   &NUMOFAUXJKBASISFUNCTS [&Type "Integer"] 0
   &NUMOFCABSBASISFUNCTS [&Type "Integer"] 0
   &TOTALENERGY [&Type "Double"]      -3.8140598798938669e+02  "Hartrees"
$End
$SCF_Dipole_Moment
   &GeometryIndex 1
   &ListStatus       OUT
   &METHOD [&Type "String"] "SCF"
   &LEVEL [&Type "String"] "Relaxed density"
   &MULT [&Type "Integer"] 1
   &STATE [&Type "Integer"] -1
   &IRREP [&Type "Integer"] 0
   &NATOMS [&Type "Integer"] 12
   &DODIPOLEATOM [&Type "Boolean"] false
   &DIPOLEELECCONTRIB [&Type "ArrayOfDoubles", &Dim (3,1)] "Electronic contribution"
                                                         0

0                                      8.9034270535953870e-06
1                                      3.4900586559911788e-06
2                                     -1.1708822285268878e-03
   &DIPOLENUCCONTRIB [&Type "ArrayOfDoubles", &Dim (3,1)] "Nuclear contribution"
                                                         0

0                                     -4.4773769820594111e-06
1                                     -3.7879207592794728e-07
2                                      9.7782913820699613e-04
   &DIPOLETOTAL [&Type "ArrayOfDoubles", &Dim (3,1)] "Total"
                                                         0

0                                      4.4260500715359759e-06
1                                      3.1112665800632315e-06
2                                     -1.9305309031989164e-04
   &DIPOLEMAGNITUDE [&Type "Double", &Units "a.u."]       1.9312888334225981e-04
$End
$THERMOCHEMISTRY_Energies
   &GeometryIndex 1
   &ListStatus       OUT
   &TEMPERATURE [&Type "Double"]       2.9814999999999998e+02
   &PRESSURE [&Type "Double"]       1.0000000000000000e+00
   &TOTALMASS [&Type "Double"]       1.0809600000000000e+02
   &SPINDEGENERACY [&Type "Integer"] 1
   &ELENERGY [&Type "Double"]      -3.8140598798938669e+02
   &TRANSENERGY [&Type "Double"]       1.4162714244859817e-03
   &ROTENERGY [&Type "Double"]       1.4162714244859817e-03
   &VIBENERGY [&Type "Double"]       3.3714387428989568e-03
   &NUMOFFREQS [&Type "Integer"] 36
   &FREQSCALINGFACTOR [&Type "Double"]       1.0000000000000000e+00
   &FREQ [&Type "ArrayOfDoubles", &Dim (36,1)] "In cm^-1"
                                                         0

0                                      0.0000000000000000e+00
1                                      0.0000000000000000e+00
2                                      0.0000000000000000e+00
3                                      0.0000000000000000e+00
4                                      0.0000000000000000e+00
5                                      0.0000000000000000e+00
6                                      1.1398707957217322e+02
7                                      2.3349618080266072e+02
8                                      3.2477602298179590e+02
9                                      4.2322231436370265e+02
10                                     4.5830508622740319e+02
11                                     4.6820315006503688e+02
12                                     5.1583401743311344e+02
13                                     6.0834934609983929e+02
14                                     7.5365560738294653e+02
15                                     7.6186444944303389e+02
16                                     7.8115775403373061e+02
17                                     8.1922441859834282e+02
18                                     9.0880289199270999e+02
19                                     9.5845902475808839e+02
20                                     1.0103333062861809e+03
21                                     1.0172140405221725e+03
22                                     1.0882262506411396e+03
23                                     1.1594612838138123e+03
24                                     1.2390664695173602e+03
25                                     1.3222472488038122e+03
26                                     1.3807717008039704e+03
27                                     1.4059494367079340e+03
28                                     1.6225385804132125e+03
29                                     1.6247065894584634e+03
30                                     1.6538585304686408e+03
31                                     1.6797126602978822e+03
32                                     3.1700415141278972e+03
33                                     3.1706514865961672e+03
34                                     3.1855697688239793e+03
35                                     3.1885753795656915e+03
   &ZPE [&Type "Double"]       8.4402150286347413e-02
   &INNERENERGYU [&Type "Double"]      -3.8131538185750850e+02
   &ENTHALPYH [&Type "Double"]      -3.8131443764846625e+02
   &QEL [&Type "Double"]       0.0000000000000000e+00
   &QROT [&Type "Double"]       1.3190074874522530e-02
   &QVIB [&Type "Double"]       5.3168361080609622e-03
   &QTRANS [&Type "Double"]       1.8981498191668510e-02
   &ENTROPYS [&Type "Double"]       3.7488409174252002e-02
   &FREEENERGYG [&Type "Double"]      -3.8135192605764053e+02
   &ISLINEAR [&Type "Boolean"] false
$End
$Hessian
   &GeometryIndex 1
   &ListStatus       OUT
   &HESSIAN [&Type "ArrayOfDoubles", &Dim (36,36)] "The Hessian"
                                                         0                           1                           2                           3                           4                           5                           6                           7

0                                      8.0873084922020488e-01        -7.9722151860611185e-02        -1.4177733629921385e-06        -4.9740632190159034e-01        -7.6521573684016925e-03         4.2996110820812115e-05        -3.4538876809715430e-02         1.2940535844993516e-02
1                                     -7.9722151860611185e-02         6.1097546955201143e-01         1.4048391121897848e-04         7.6823983607058697e-03        -1.2732835624455724e-01        -1.0507124158138963e-05         2.4782207606307290e-02         7.9528792635084576e-03
2                                     -1.4177733629921385e-06         1.4048391121897848e-04         1.1408861130613626e-01         2.2069092991199873e-05        -4.4246234581187465e-05        -4.6756696409940804e-02         2.9526910264908440e-05         8.4855762638003747e-06
3                                     -4.9740632190159034e-01         7.6823983607058697e-03         2.2069092991199873e-05         8.0874251467154301e-01         7.9707546817406619e-02        -8.8956585484702421e-05        -8.5838240383148745e-02         2.0443098780603693e-02
4                                     -7.6521573684016925e-03        -1.2732835624455724e-01        -4.4246234581187465e-05         7.9707546817406619e-02         6.1096407385410190e-01        -3.6535062173929829e-06         2.2246779820369725e-02        -2.0962835064261282e-01
5                                      4.2996110820812115e-05        -1.0507124158138963e-05        -4.6756696409940804e-02        -8.8956585484702421e-05        -3.6535062173929829e-06         1.1406239143277214e-01         3.1034118534797200e-06        -2.2254974418208564e-05
6                                     -3.4538876809715430e-02         2.4782207606307290e-02         2.9526910264908440e-05        -8.5838240383148745e-02         2.2246779820369725e-02         3.1034118534797200e-06         8.1602030469126918e-01        -1.1401737127322582e-05
7                                      1.2940535844993516e-02         7.9528792635084576e-03         8.4855762638003747e-06         2.0443098780603693e-02        -2.0962835064261282e-01        -2.2254974418208564e-05        -1.1401737127322582e-05         5.3269946921974953e-01
8                                      2.5945390016981422e-05         1.8156270130859379e-06         2.4343691798358082e-03        -1.4911330819054818e-05        -3.8593056681690918e-07        -7.7143421670188575e-02        -1.4199836892682418e-04        -1.4140580827755020e-05
9                                      9.3704498811018611e-03         1.0073207511127129e-02        -5.3123656589098276e-06        -6.8091343873983468e-02         2.7768229990056306e-02         1.1361877202136113e-05        -5.9409191301330910e-01         1.8378955214239418e-05
10                                     4.2994135828671636e-03        -5.1927617943812090e-03        -3.6392226112672556e-06         4.5990156358284455e-02         1.1154002783951872e-02        -5.0542066284610533e-06         2.1977221848832480e-05        -1.0803766128688097e-01
11                                    -7.4191418056955951e-06        -9.3044810154063436e-07         1.4826658757160665e-03         1.7653984449725693e-05        -1.2490086196739305e-05         2.0967820323209856e-02         9.3688386351693640e-05         1.9273819427318876e-06
12                                    -4.1373024089097644e-03        -4.3657184047231979e-03        -7.9049900130397070e-06         2.0094849833458887e-02         8.1242207820884163e-03         5.5052725312460131e-06        -8.5842013224456282e-02        -2.0454155465579903e-02
13                                    -4.3657528211288122e-03        -2.3476167763696876e-03        -3.9987705925304711e-06        -8.1282734446980580e-03        -3.1138083084169640e-02         6.5255603518900577e-06        -2.2257758172370287e-02        -2.0962632250370034e-01
14                                     1.4740328590642310e-06         1.4615230293310458e-06         9.0980410935378314e-04         6.3186102901141358e-06        -2.7672512605934359e-06         1.5091610553216110e-02         4.8155689258915055e-06         3.3299002137723843e-05
15                                     2.0095007180244338e-02        -8.1283087400187450e-03         5.3359897584767412e-06        -4.1366705973894143e-03         4.3658561644280593e-03         1.1069799941357809e-06        -3.4542131966730241e-02        -1.2937158526796184e-02
16                                     8.1242375249531290e-03        -3.1138234010325908e-02         3.0350403303326156e-05         4.3658418881610608e-03        -2.3484103339110780e-03        -1.2551053480738795e-06        -2.4778777230032804e-02         7.9553197333797655e-03
17                                     4.6093308851465013e-06        -2.6681122890820405e-05         1.5091281725440896e-02        -8.3108422696627457e-06         4.2410534812043307e-06         9.0974955827885506e-04         3.1544986806667842e-05        -8.8461976516038948e-06
18                                    -8.5842865082674649e-02        -2.2258117272491440e-02        -7.1381361985644990e-05        -3.4542030267964249e-02        -2.4778847691310425e-02        -7.4145831076409150e-06         7.3064102678562001e-03         1.9623904717041320e-06
19                                    -2.0454377697128802e-02        -2.0962627701601233e-01        -1.1138446912557992e-04        -1.2937308306708188e-02         7.9553670023870832e-03         1.3498818499040638e-05         1.7842193648290434e-06         2.9820610450469649e-02
20                                    -7.8554061513551150e-05        -7.2662589679592431e-05        -7.7163766212658108e-02         2.3207217019816339e-05        -1.2883738511656470e-06         2.4364019835589248e-03         1.1353197833087846e-05        -1.8909600914672172e-06
21                                    -6.8097005991966830e-02        -2.7761511452645909e-02         3.1363111284681548e-05         9.3693514895922415e-03        -1.0074305206910881e-02        -8.2571362815134577e-06        -4.3981168845724505e-03        -1.2604881513322118e-06
22                                    -4.5983770396713267e-02         1.1159986500834634e-02         1.8352754206750563e-05        -4.3005797103633052e-03        -5.1918639246554257e-03        -8.3322732245755912e-06         2.7955891611533082e-07        -1.1738031859830180e-02
23                                     1.7123337890670377e-05         2.5417778151702109e-06         2.0961905167218894e-02        -1.3535511876482293e-05         8.2172696331592578e-06         1.4806692497703290e-03         1.6546736499588747e-05         6.1592467070926783e-07
24                                    -1.3368747859891547e-01         1.2591661352711803e-01         1.2408514149720744e-05        -1.2143344085626697e-02         2.9181156905736794e-02         3.1179752418629783e-06        -2.6051656633949080e-03        -4.6404742977582333e-03
25                                     1.2587021079208086e-01        -2.5842883260332217e-01        -5.1147124844675102e-05        -2.5460594593949004e-03         5.9752665393575811e-03        -3.4488263506189524e-06        -1.6316734214837560e-03         3.5185148263741292e-04
26                                     1.0397086605792781e-05        -3.5163387991982078e-05        -3.8965825648476740e-02        -3.0345818149072485e-06         3.7511207939654387e-07         8.5259899816255390e-03         6.1561859674190603e-06        -7.2332781585111933e-06
27                                    -1.2145625347285464e-02        -2.9179859920051072e-02        -1.0265415410364233e-05        -1.3370732502435492e-01        -1.2592700951983712e-01         3.9555154384801170e-05         1.0567046468015239e-02         1.4522418323798983e-02
28                                     2.5475716644952004e-03         5.9773868323529690e-03         7.1852035634880669e-06        -1.2588088259853691e-01        -2.5841061706382518e-01         3.4374139321893344e-05        -1.9205912326780386e-02        -2.0050314648054776e-02
29                                    -1.2145798759568379e-05        -2.5149294548479966e-06         8.5263117077248700e-03         5.4714267658743007e-05         5.7126057617400402e-05        -3.8966692464760061e-02        -3.4797603021402537e-06        -7.1401013719251138e-06
30                                    -2.9074787647304654e-04         1.1670646480800356e-04         3.6664008276439592e-07        -2.0507053397010215e-03        -2.8338395295086031e-03         5.5212928381803033e-07         1.0567374287296722e-02        -1.4525112047041169e-02
31                                    -1.3238812604815346e-04         9.9118554042856724e-04         1.1147911315470224e-06        -4.5394448448667340e-03        -2.9942041761568290e-03         1.7567721719109270e-06         1.9203412231769169e-02        -2.0050140143918697e-02
32                                     8.7775274738518134e-07         1.9385063608315796e-06        -2.1938842680923948e-03         2.0391015974530566e-06         5.7848457126700140e-07         1.5856750123284581e-03        -5.0841077761215115e-06         8.8964849201863496e-06
33                                    -2.0500822640199521e-03         2.8337724772508795e-03        -2.2357790010126507e-06        -2.9073452083548104e-04        -1.1661151467954461e-04         3.3818094562248135e-07        -2.6046777691101208e-03         4.6403426805386892e-03
34                                     4.5393905638663832e-03        -2.9948292441675135e-03         5.0700371364723816e-06         1.3248650996875409e-04         9.9117529008981562e-04        -3.1822255625846128e-06         1.6319078160519154e-03         3.5069093525298993e-04
35                                    -6.4388394838335451e-06         3.5914017704024418e-06         1.5852234677414638e-03        -2.6220912630015594e-07        -4.1736431452121490e-06        -2.1934975498707583e-03         5.9868057792593665e-06         8.5948721644433827e-06
                                                         8                           9                          10                          11                          12                          13                          14                          15

0                                      2.5945390016981422e-05         9.3704498811018611e-03         4.2994135828671636e-03        -7.4191418056955951e-06        -4.1373024089097644e-03        -4.3657528211288122e-03         1.4740328590642310e-06         2.0095007180244338e-02
1                                      1.8156270130859379e-06         1.0073207511127129e-02        -5.1927617943812090e-03        -9.3044810154063436e-07        -4.3657184047231979e-03        -2.3476167763696876e-03         1.4615230293310458e-06        -8.1283087400187450e-03
2                                      2.4343691798358082e-03        -5.3123656589098276e-06        -3.6392226112672556e-06         1.4826658757160665e-03        -7.9049900130397070e-06        -3.9987705925304711e-06         9.0980410935378314e-04         5.3359897584767412e-06
3                                     -1.4911330819054818e-05        -6.8091343873983468e-02         4.5990156358284455e-02         1.7653984449725693e-05         2.0094849833458887e-02        -8.1282734446980580e-03         6.3186102901141358e-06        -4.1366705973894143e-03
4                                     -3.8593056681690918e-07         2.7768229990056306e-02         1.1154002783951872e-02        -1.2490086196739305e-05         8.1242207820884163e-03        -3.1138083084169640e-02        -2.7672512605934359e-06         4.3658561644280593e-03
5                                     -7.7143421670188575e-02         1.1361877202136113e-05        -5.0542066284610533e-06         2.0967820323209856e-02         5.5052725312460131e-06         6.5255603518900577e-06         1.5091610553216110e-02         1.1069799941357809e-06
6                                     -1.4199836892682418e-04        -5.9409191301330910e-01         2.1977221848832480e-05         9.3688386351693640e-05        -8.5842013224456282e-02        -2.2257758172370287e-02         4.8155689258915055e-06        -3.4542131966730241e-02
7                                     -1.4140580827755020e-05         1.8378955214239418e-05        -1.0803766128688097e-01         1.9273819427318876e-06        -2.0454155465579903e-02        -2.0962632250370034e-01         3.3299002137723843e-05        -1.2937158526796184e-02
8                                      1.9442411953772176e-01         6.9041837002300875e-05         1.7978109849835501e-06        -6.4260672254018575e-02        -1.3391639000484315e-05         1.1356575087922973e-05        -7.7143633122912753e-02         2.6622873431264032e-05
9                                      6.9041837002300875e-05         7.1544658613930157e-01        -2.4622961157010721e-05        -8.5612828744652025e-05        -6.8097853877310460e-02        -2.7761770265850902e-02         1.3683963998106666e-05         9.3692834061786384e-03
10                                     1.7978109849835501e-06        -2.4622961157010721e-05         9.4377111279773634e-02        -2.7895232928933613e-06        -4.5984086748258317e-02         1.1160031665118461e-02         5.9115877328800065e-06        -4.3006537761648179e-03
11                                    -6.4260672254018575e-02        -8.5612828744652025e-05        -2.7895232928933613e-06         2.6955132510577198e-02         2.1452867744492022e-05         1.3301497210871867e-05         2.0967923674465941e-02        -7.1066674113768929e-06
12                                    -1.3391639000484315e-05        -6.8097853877310460e-02        -4.5984086748258317e-02         2.1452867744492022e-05         8.0872397469271828e-01        -7.9722669758789402e-02        -7.9737876989668304e-05        -4.9740047591099912e-01
13                                     1.1356575087922973e-05        -2.7761770265850902e-02         1.1160031665118461e-02         1.3301497210871867e-05        -7.9722669758789402e-02         6.1097726937903640e-01        -3.9729850847948844e-05         7.6828757941762782e-03
14                                    -7.7143633122912753e-02         1.3683963998106666e-05         5.9115877328800065e-06         2.0967923674465941e-02        -7.9737876989668304e-05        -3.9729850847948844e-05         1.1406338122345135e-01         4.1317750339655830e-05
15                                     2.6622873431264032e-05         9.3692834061786384e-03        -4.3006537761648179e-03        -7.1066674113768929e-06        -4.9740047591099912e-01         7.6828757941762782e-03         4.1317750339655830e-05         8.0873686559251901e-01
16                                    -2.2787288149242989e-06        -1.0074436761582097e-02        -5.1919013420400869e-03         1.5053297748087585e-06        -7.6515680151320008e-03        -1.2732889460005781e-01         1.7512407035309887e-05         7.9705967903380526e-02
17                                     2.4342766615832144e-03        -4.3941151809192311e-06         4.1672771874198262e-06         1.4826909694483799e-03         2.1889273625850473e-05         5.1153211948243505e-05        -4.6757029503200376e-02        -7.4015054201220506e-06
18                                    -1.9446517396184669e-05        -4.3981232592418922e-03         3.7162433760397208e-07         1.1932891408632368e-05        -3.4538538209779618e-02         2.4782065127355188e-02        -9.4579278972547337e-06        -8.5838328370892447e-02
19                                    -2.3628559454541033e-06        -1.1251977637692134e-06        -1.1738040416515768e-02         5.2453658359580896e-07         1.2940581931918001e-02         7.9527908716781927e-03        -1.3876357859547768e-05         2.0442937000858433e-02
20                                    -1.7657009598060977e-02        -3.6336981112595530e-06         5.8253707205987585e-07         2.3377119642482356e-03         2.1826259186227376e-05         9.0051416779518133e-07         2.4363006096209342e-03        -8.0370685545170915e-05
21                                     1.3959761855635646e-05         2.9803119053160541e-03        -5.6694078017688456e-07        -8.9716916725747714e-06         9.3704459514255267e-03         1.0073178935988844e-02        -9.2090011651540864e-06        -6.8091544416059940e-02
22                                     6.5555734414380605e-07        -4.6405372794990308e-07         3.9352432234459438e-03        -1.6258910587977007e-07         4.2993970107900355e-03        -5.1926876701619221e-03         8.8912268397846949e-06         4.5989979834487119e-02
23                                     2.3250880412861654e-03        -1.2363526064031990e-05        -1.7566625083702632e-07        -1.4603395907054824e-04        -1.3896248546095357e-05        -7.7069296042913413e-06         1.4806676080483094e-03         1.3364545444315016e-05
24                                    -1.7486433817946222e-06        -2.5731070204042875e-03         2.1697026766975182e-03        -4.7842208364379555e-07        -2.9073632955657147e-04         1.1670443635362644e-04         3.1431456973215783e-07        -2.0506904010534096e-03
25                                    -7.5185965152236824e-06         1.1089479185405482e-04         3.8285989773326364e-04         3.6680121240911109e-06        -1.3238547172249662e-04         9.9118877402878036e-04         2.9189098315600420e-06        -4.5394435481923828e-03
26                                     1.4127951229145430e-02        -3.3519410807684164e-06         2.2188211420044275e-06        -3.0125051461311562e-03        -2.8511909888647849e-07         3.9493490082535173e-06        -2.1935492527176948e-03        -6.0816976738067566e-06
27                                     2.1731265057713204e-06         1.3294607118546509e-03        -1.9167172811875592e-03        -1.9339003258103222e-06        -2.0501179328576685e-03         2.8337786149147757e-03         3.0614467105908845e-07        -2.9073783651123843e-04
28                                     1.5417291909868258e-06         8.4659733984464303e-04         4.3841055421325586e-03        -7.2849520958657940e-07         4.5393616769826240e-03        -2.9948126255159267e-03        -1.3688899368646703e-06         1.3249913739667683e-04
29                                     3.1655126226690115e-03        -3.4786170267001741e-06         1.5066924645863481e-06        -1.8811247714162051e-03         1.6770649277155069e-06        -2.3745696923278660e-07         1.5855657390386568e-03         9.4012411953299552e-07
30                                     3.6275630109453575e-06         1.3295504552721712e-03         1.9167853584039203e-03        -2.0813635675897176e-06        -1.3368674443555625e-01         1.2591655290201614e-01         2.7864477061508030e-05        -1.2143317093108931e-02
