*************************************************
******************* ORCA 6.0.0 ******************
*************************************************
$Calculation_Status
   &GeometryIndex 1
   &ListStatus       OUT
   &VERSION [&Type "String"] "6.0.0"
   &PROGNAME [&Type "String"] "LeanSCF"
   &STATUS [&Type "String"] "NORMAL TERMINATION"
$End
$Geometry
   &GeometryIndex 1
   &ListStatus       OUT
   &NATOMS [&Type "Integer"] 12
   &NCORELESSECP [&Type "Integer"] 0
   &NGHOSTATOMS [&Type "Integer"] 0
   &CartesianCoordinates [&Type "Coordinates", &Dim(12,4), &Units "Bohr"] 
              C     -1.266572061282    2.389984530632   -0.000154839624
              C      1.266449333207    2.390062476922   -0.000244965010
              C      2.715637173068    0.000039227691    0.000284901159
              O      5.028846696646    0.000065257535    0.000081649964
              C      1.266523219420   -2.390030683791   -0.000122018483
              C     -1.266498078315   -2.390052476302   -0.000034814991
              C     -2.715764397746   -0.000057141350   -0.000266809677
              O     -5.028808789685   -0.000084128340    0.000169577220
              H     -2.378584577638    4.114724875992   -0.000058447907
              H      2.378476129846    4.114868306206   -0.000470204113
              H      2.378620416483   -4.114791065162   -0.000259147782
              H     -2.378441624580   -4.114838148255    0.000152044530
$End
$SCF_Energy
   &GeometryIndex 1
   &ListStatus       OUT
   &SCF_ENERGY [&Type "Double"]      -3.8140571546971051e+02
$End
$DFT_Energy
   &GeometryIndex 1
   &ListStatus       OUT
   &NALPHAEL [&Type "Integer"] 28
   &NBETAEL [&Type "Integer"] 28
   &NTOTALEL [&Type "Integer"] 56
   &EEXCHANGE [&Type "Double"]      -4.9177345118840144e+01
   &ECORR [&Type "Double"]      -1.8327036600591513e+00
   &ECNL [&Type "Double"]       0.0000000000000000e+00
   &EXC [&Type "Double"]      -5.1010048778899296e+01
   &EEMBED [&Type "Double"]       0.0000000000000000e+00
   &FINALEN [&Type "Double"]      -3.8140571546971051e+02  "No Van der Waals correction"
$End
$Mulliken_Population_Analysis
   &GeometryIndex 1
   &ListStatus       OUT
   &NATOMS [&Type "Integer"] 12
   &ATNO [&Type "ArrayOfIntegers", &Dim (12,1)] 
                                                         0

0                                                        6
1                                                        6
2                                                        6
3                                                        8
4                                                        6
5                                                        6
6                                                        6
7                                                        8
8                                                        1
9                                                        1
10                                                       1
11                                                       1
   &ATOMICCHARGES [&Type "ArrayOfDoubles", &Dim (12,1)] 
                                                         0

0                                     -1.5420079446725765e-01
1                                     -1.5420666525869553e-01
2                                      3.2848908385873621e-01
3                                     -2.9730052134581797e-01
4                                     -1.5421118067175232e-01
5                                     -1.5419546065998269e-01
6                                      3.2845644088740222e-01
7                                     -2.9720595815641637e-01
8                                      1.3858983024885818e-01
9                                      1.3859636153350463e-01
10                                     1.3859757531404915e-01
11                                     1.3859128871737303e-01
$End
$Loewdin_Population_Analysis
   &GeometryIndex 1
   &ListStatus       OUT
   &NATOMS [&Type "Integer"] 12
   &ATNO [&Type "ArrayOfIntegers", &Dim (12,1)] 
                                                         0

0                                                        6
1                                                        6
2                                                        6
3                                                        8
4                                                        6
5                                                        6
6                                                        6
7                                                        8
8                                                        1
9                                                        1
10                                                       1
11                                                       1
   &ATOMICCHARGES [&Type "ArrayOfDoubles", &Dim (12,1)] 
                                                         0

0                                     -7.7995874333359083e-02
1                                     -7.8006978903559343e-02
2                                     -3.0953881256191362e-01
3                                      1.5431875480457702e-01
4                                     -7.8006279074952722e-02
5                                     -7.7996702453338784e-02
6                                     -3.0961746106087062e-01
7                                      1.5443114913795775e-01
8                                      1.5559808926278118e-01
9                                      1.5560797360283651e-01
10                                     1.5560810871570119e-01
11                                     1.5559803286410379e-01
$End
$Mayer_Population_Analysis
   &GeometryIndex 1
   &ListStatus       OUT
   &NATOMS [&Type "Integer"] 12 "Total number of atoms"
   &BONDTHRESH [&Type "Double"]       1.0000000000000001e-01  "The threshold for printing"
   &NBONDORDERSPRINT [&Type "Integer"] 12 "The number of bond orders larger than threshold"
   &BONDORDERS [&Type "ArrayOfDoubles", &Dim (12,1)] "The bond orders"
                                                         0

0                                      1.6608187443973419e+00
1                                      1.0360549286177059e+00
2                                      9.5312881896592194e-01
3                                      1.0360916334667671e+00
4                                      9.5312859207708445e-01
5                                      1.8865349621668646e+00
6                                      1.0360856077197902e+00
7                                      1.6608247218530992e+00
8                                      9.5312554593947851e-01
9                                      1.0360612935558240e+00
10                                     9.5312542423092272e-01
11                                     1.8866902212480301e+00
   &COMPONENTS [&Type "ArrayOfIntegers", &Dim (12,4)] "The indices and atomic numbers of the bonding atoms"
                                                         0                           1                           2                           3

0                                                        0                           6                           1                           6
1                                                        0                           6                           6                           6
2                                                        0                           6                           8                           1
3                                                        1                           6                           2                           6
4                                                        1                           6                           9                           1
5                                                        2                           6                           3                           8
6                                                        2                           6                           4                           6
7                                                        4                           6                           5                           6
8                                                        4                           6                          10                           1
9                                                        5                           6                           6                           6
10                                                       5                           6                          11                           1
11                                                       6                           6                           7                           8
   &ATNO [&Type "ArrayOfIntegers", &Dim (12,1)] "Atomic number of the elements"
                                                         0

0                                                        6
1                                                        6
2                                                        6
3                                                        8
4                                                        6
5                                                        6
6                                                        6
7                                                        8
8                                                        1
9                                                        1
10                                                       1
11                                                       1
   &NA [&Type "ArrayOfDoubles", &Dim (12,1)] "Mulliken gross atomic population"
                                                         0

0                                      6.1542007944672719e+00
1                                      6.1542066652587035e+00
2                                      5.6715109161412602e+00
3                                      8.2973005213458766e+00
4                                      6.1542111806717514e+00
5                                      6.1541954606600084e+00
6                                      5.6715435591126200e+00
7                                      8.2972059581563826e+00
8                                      8.6141016975114282e-01
9                                      8.6140363846649504e-01
10                                     8.6140242468595163e-01
11                                     8.6140871128262886e-01
   &ZA [&Type "ArrayOfDoubles", &Dim (12,1)] "Total nuclear charge"
                                                         0

0                                      6.0000000000000000e+00
1                                      6.0000000000000000e+00
2                                      6.0000000000000000e+00
3                                      8.0000000000000000e+00
4                                      6.0000000000000000e+00
5                                      6.0000000000000000e+00
6                                      6.0000000000000000e+00
7                                      8.0000000000000000e+00
8                                      1.0000000000000000e+00
9                                      1.0000000000000000e+00
10                                     1.0000000000000000e+00
11                                     1.0000000000000000e+00
   &QA [&Type "ArrayOfDoubles", &Dim (12,1)] "Mulliken gross atomic charge"
                                                         0

0                                     -1.5420079446727186e-01
1                                     -1.5420666525870352e-01
2                                      3.2848908385873976e-01
3                                     -2.9730052134587659e-01
4                                     -1.5421118067175144e-01
5                                     -1.5419546066000844e-01
6                                      3.2845644088738002e-01
7                                     -2.9720595815638262e-01
8                                      1.3858983024885718e-01
9                                      1.3859636153350496e-01
10                                     1.3859757531404837e-01
11                                     1.3859128871737114e-01
   &VA [&Type "ArrayOfDoubles", &Dim (12,1)] "Mayer's total valence"
                                                         0

0                                      3.7472909044496525e+00
1                                      3.7473557523765391e+00
2                                      4.0508625092823802e+00
3                                      2.1303719727372763e+00
4                                      3.7473554031445939e+00
5                                      3.7473047126366348e+00
6                                      4.0509653495597986e+00
7                                      2.1304752745497528e+00
8                                      9.8699674095923573e-01
9                                      9.8699621406306748e-01
10                                     9.8699619023385277e-01
11                                     9.8699545015714862e-01
   &BVA [&Type "ArrayOfDoubles", &Dim (12,1)] "Mayer's bonded valence"
                                                         0

0                                      3.7472909044496578e+00
1                                      3.7473557523766154e+00
2                                      4.0508625092823998e+00
3                                      2.1303719727371386e+00
4                                      3.7473554031446872e+00
5                                      3.7473047126365620e+00
6                                      4.0509653495596645e+00
7                                      2.1304752745497377e+00
8                                      9.8699674095924184e-01
9                                      9.8699621406307181e-01
10                                     9.8699619023385587e-01
11                                     9.8699545015711176e-01
   &FA [&Type "ArrayOfDoubles", &Dim (12,1)] "Mayer's free valence"
                                                         0

0                                      0.0000000000000000e+00
1                                      0.0000000000000000e+00
2                                      0.0000000000000000e+00
3                                      0.0000000000000000e+00
4                                      0.0000000000000000e+00
5                                      0.0000000000000000e+00
6                                      0.0000000000000000e+00
7                                      0.0000000000000000e+00
8                                      0.0000000000000000e+00
9                                      0.0000000000000000e+00
10                                     0.0000000000000000e+00
11                                     0.0000000000000000e+00
$End
$VdW_Correction
   &GeometryIndex 1
   &ListStatus       OUT
   &VDW [&Type "Double"]      -3.7490195452777328e-03
$End
$Calculation_Info
   &GeometryIndex 1
   &ListStatus       OUT
   &MULT [&Type "Integer"] 1
   &CHARGE [&Type "Integer"] 0
   &NUMOFATOMS [&Type "Integer"] 12
   &NUMOFELECTRONS [&Type "Integer"] 56
   &NUMOFFCELECTRONS [&Type "Integer"] 1
   &NUMOFCORRELECTRONS [&Type "Integer"] 0
   &NUMOFBASISFUNCTS [&Type "Integer"] 272
   &NUMOFAUXCBASISFUNCTS [&Type "Integer"] 0
   &NUMOFAUXJBASISFUNCTS [&Type "Integer"] 284
   &NUMOFAUXJKBASISFUNCTS [&Type "Integer"] 0
   &NUMOFCABSBASISFUNCTS [&Type "Integer"] 0
   &TOTALENERGY [&Type "Double"]      -3.8140639764915579e+02  "Hartrees"
$End
$SCF_Dipole_Moment
   &GeometryIndex 1
   &ListStatus       OUT
   &METHOD [&Type "String"] "SCF"
   &LEVEL [&Type "String"] "Relaxed density"
   &MULT [&Type "Integer"] 1
   &STATE [&Type "Integer"] -1
   &IRREP [&Type "Integer"] 0
   &NATOMS [&Type "Integer"] 12
   &DODIPOLEATOM [&Type "Boolean"] false
   &DIPOLEELECCONTRIB [&Type "ArrayOfDoubles", &Dim (3,1)] "Electronic contribution"
                                                         0

0                                     -2.8912950774139705e-04
1                                      1.8750114337898194e-07
2                                      1.4491776490992429e-04
   &DIPOLENUCCONTRIB [&Type "ArrayOfDoubles", &Dim (3,1)] "Nuclear contribution"
                                                         0

0                                      7.2674448490683830e-05
1                                      2.5095479028180989e-07
2                                     -2.5644876846463030e-04
   &DIPOLETOTAL [&Type "ArrayOfDoubles", &Dim (3,1)] "Total"
                                                         0

0                                     -2.1645505925071322e-04
1                                      4.3845593366079183e-07
2                                     -1.1153100355470601e-04
   &DIPOLEMAGNITUDE [&Type "Double", &Units "a.u."]       2.4349979398914361e-04
$End
$THERMOCHEMISTRY_Energies
   &GeometryIndex 1
   &ListStatus       OUT
   &TEMPERATURE [&Type "Double"]       2.9814999999999998e+02
   &PRESSURE [&Type "Double"]       1.0000000000000000e+00
   &TOTALMASS [&Type "Double"]       1.0809600000000000e+02
   &SPINDEGENERACY [&Type "Integer"] 1
   &ELENERGY [&Type "Double"]      -3.8140639764915579e+02
   &TRANSENERGY [&Type "Double"]       1.4162714244859817e-03
   &ROTENERGY [&Type "Double"]       1.4162714244859817e-03
   &VIBENERGY [&Type "Double"]       3.4439779653413758e-03
   &NUMOFFREQS [&Type "Integer"] 36
   &FREQSCALINGFACTOR [&Type "Double"]       1.0000000000000000e+00
   &FREQ [&Type "ArrayOfDoubles", &Dim (36,1)] "In cm^-1"
                                                         0

0                                      0.0000000000000000e+00
1                                      0.0000000000000000e+00
2                                      0.0000000000000000e+00
3                                      0.0000000000000000e+00
4                                      0.0000000000000000e+00
5                                      0.0000000000000000e+00
6                                      9.5260387845484004e+01
7                                      2.2713101803051680e+02
8                                      3.2756273326654792e+02
9                                      4.1486228181050296e+02
10                                     4.5755191250328471e+02
11                                     4.6023656579678988e+02
12                                     5.0576071729767750e+02
13                                     6.0401792730707837e+02
14                                     7.5021000114292121e+02
15                                     7.5720979510637801e+02
16                                     7.7289468556056522e+02
17                                     8.1713675308165716e+02
18                                     9.0983453137834056e+02
19                                     9.5778070651152632e+02
20                                     1.0112366225130610e+03
21                                     1.0190218980427541e+03
22                                     1.0804962115924172e+03
23                                     1.1602244397587704e+03
24                                     1.2321124252448355e+03
25                                     1.3109366070969663e+03
26                                     1.3798921150455328e+03
27                                     1.3947551969531721e+03
28                                     1.6203925073866906e+03
29                                     1.6574961689183060e+03
30                                     1.6925417084978080e+03
31                                     1.6984815396026863e+03
32                                     3.1659590116102509e+03
33                                     3.1665457041294444e+03
34                                     3.1816498770617268e+03
35                                     3.1848089170851281e+03
   &ZPE [&Type "Double"]       8.4324098843094941e-02
   &INNERENERGYU [&Type "Double"]      -3.8131579702949841e+02
   &ENTHALPYH [&Type "Double"]      -3.8131485282045617e+02
   &QEL [&Type "Double"]       0.0000000000000000e+00
   &QROT [&Type "Double"]       1.3192664923194200e-02
   &QVIB [&Type "Double"]       5.4644424432061470e-03
   &QTRANS [&Type "Double"]       1.8981498191668510e-02
   &ENTROPYS [&Type "Double"]       3.7638605558068854e-02
   &FREEENERGYG [&Type "Double"]      -3.8135249142601424e+02
   &ISLINEAR [&Type "Boolean"] false
$End
$Hessian
   &GeometryIndex 1
   &ListStatus       OUT
   &HESSIAN [&Type "ArrayOfDoubles", &Dim (36,36)] "The Hessian"
                                                         0                           1                           2                           3                           4                           5                           6                           7

0                                      8.0749602187119895e-01        -8.2557150643153221e-02        -1.9002691232006084e-05        -4.9722388648817134e-01        -7.4826825357426352e-03         9.7745589330192103e-06        -3.3609890516052621e-02         1.1958141976118941e-02
1                                     -8.2557150643153221e-02         6.0197203865773563e-01         4.1416857888639137e-06         7.4588854893103294e-03        -1.2689255080335798e-01         1.0503377073635768e-05         2.4444599076482366e-02         8.1555287163408534e-03
2                                     -1.9002691232006084e-05         4.1416857888639137e-06         1.1462394451599846e-01         1.0159817422928277e-05        -1.0657669222777329e-06        -4.6811182311386867e-02        -4.6014686832180618e-06        -1.4080759927104771e-06
3                                     -4.9722388648817134e-01         7.4588854893103294e-03         1.0159817422928277e-05         8.0747988519493619e-01         8.2538714074430877e-02        -9.8095320677949525e-06        -8.4706515823944742e-02         1.7176603638714906e-02
4                                     -7.4826825357426352e-03        -1.2689255080335798e-01        -1.0657669222777329e-06         8.2538714074430877e-02         6.0193403794621247e-01        -5.4668092839782193e-05         1.9471891785709350e-02        -2.0296761580601608e-01
5                                      9.7745589330192103e-06         1.0503377073635768e-05        -4.6811182311386867e-02        -9.8095320677949525e-06        -5.4668092839782193e-05         1.1462791041047465e-01        -1.0075267234570763e-05         2.3771185618978338e-05
6                                     -3.3609890516052621e-02         2.4444599076482366e-02        -4.6014686832180618e-06        -8.4706515823944742e-02         1.9471891785709350e-02        -1.0075267234570763e-05         8.5423385163065324e-01         2.2498661368542533e-06
7                                      1.1958141976118941e-02         8.1555287163408534e-03        -1.4080759927104771e-06         1.7176603638714906e-02        -2.0296761580601608e-01         2.3771185618978338e-05         2.2498661368542533e-06         5.1692059603402241e-01
8                                      9.2862837671190272e-06         4.6211581811167598e-07         2.2451124654742846e-03        -1.7100928957677277e-05         2.1174306435630367e-05        -7.7970119093693321e-02        -1.0500610262860591e-05        -8.0269797533612969e-06
9                                      9.0493287401150237e-03         9.9804840107725421e-03         1.2888636372359094e-06        -6.7944364023918208e-02         2.7639720063495521e-02        -1.1145392343028565e-06        -6.3700570640427234e-01        -5.7466590584434708e-06
10                                     4.3603299653386246e-03        -5.2718957452530012e-03         1.5561506801229810e-06         4.6205702584891137e-02         1.1415017620538023e-02        -9.0367695300266991e-07        -6.3942745238526309e-06        -1.0535267916298158e-01
11                                    -3.9105808454223596e-06         8.0246775454061631e-07         1.4832568991413045e-03        -2.0998823120490189e-06        -6.3588918257442308e-07         2.1108522565093154e-02         5.4088074048627000e-05         1.1919762157017524e-06
12                                    -3.9888714424320716e-03        -4.2783511116443332e-03        -1.3291672753380584e-06         1.9988376267684141e-02         8.2623634399731326e-03         1.4257281935455348e-06        -8.4704311171251684e-02        -1.7172183028948462e-02
13                                    -4.2783821496332249e-03        -2.4609959707912951e-03        -3.8283739226735501e-07        -8.2607024469289539e-03        -3.1569999770874602e-02        -4.6912964687907262e-06        -1.9467984740273198e-02        -2.0296751894069093e-01
14                                    -9.3924977434044602e-07         1.6368170428956704e-07         8.3813198681121671e-04         1.7281913460058204e-06         7.2335557040555754e-06         1.5724680157162888e-02        -8.5722621120137294e-06        -1.7451968879861831e-05
15                                     1.9985008052764815e-02        -8.2612911876059208e-03         1.7575798948928659e-06        -3.9891787119328663e-03         4.2783209680139038e-03        -1.1317637297175461e-06        -3.3607994590532750e-02        -1.1959164712858975e-02
16                                     8.2629562907185899e-03        -3.1574567052823001e-02         5.1218063552321566e-06         4.2782749270728251e-03        -2.4604113912035947e-03         3.4557781445807532e-08        -2.4445350852511056e-02         8.1542765776289310e-03
17                                     1.4705786013913569e-06        -2.6273292206772036e-06         1.5732702719167248e-02        -1.5208305694201734e-06         5.5605701975844146e-07         8.3812804444203821e-04        -3.2446192308603118e-06         1.0808322610919962e-06
18                                    -8.4690093124957427e-02        -1.9459629519205088e-02        -2.7557128346772955e-06        -3.3606255854422638e-02        -2.4440092293525031e-02        -1.7750988508399441e-06         7.0407389555226380e-03        -5.6479994951629125e-07
19                                    -1.7163398932202090e-02        -2.0295642229520527e-01        -6.9171840096835094e-06        -1.1953859840971935e-02         8.1576170248842794e-03        -6.2530453603338253e-07        -6.5401587256316604e-07         3.0339136977823422e-02
20                                    -1.5581303722090479e-05        -6.6340391021715666e-06        -7.7979848954152969e-02         1.1350685270953763e-05        -1.4175203805042686e-06         2.2477960864151353e-03        -1.3875753529962897e-05        -1.4478152252450331e-06
21                                    -6.7953791672989178e-02        -2.7649336893988553e-02         8.7366942427162449e-06         9.0492332929755382e-03        -9.9818015583691515e-03         2.8954713136639782e-06        -3.8783727636031648e-03         2.7264971446269870e-07
22                                    -4.6216441076536240e-02         1.1413438046342803e-02         6.8815713215848110e-06        -4.3603663851030858e-03        -5.2732938807675501e-03        -4.6188464257465993e-08         4.3991933591018704e-08        -1.1752496744657216e-02
23                                     1.1107354807534319e-05         4.4575024848971648e-06         2.1110787135484362e-02        -4.1208797881829335e-06         9.2220147353934144e-07         1.4822862664451448e-03         9.5268200702618570e-06         3.4195943809473079e-07
24                                    -1.3465780960739748e-01         1.2632424650362972e-01         7.7289810127597803e-06        -1.2139416437836472e-02         2.8987512638424716e-02        -3.8705133875074414e-06        -2.3941070102097232e-03        -4.8183907942113370e-03
25                                     1.2599099959213839e-01        -2.5633829661351504e-01        -9.0104236602966877e-06        -2.6298355250702482e-03         6.0513280930614864e-03        -7.4467952444810212e-07        -1.7091328180902504e-03         2.9789641404472057e-04
26                                     8.8344746792921637e-06        -1.0520439364653112e-05        -3.8933957660850081e-02        -4.5206929212446898e-06         1.2665018485902172e-06         8.4743118966707446e-03        -4.5528160005679825e-06        -5.8786504402825930e-08
27                                    -1.2137327953614371e-02        -2.8985553768378861e-02        -5.5750656349667677e-07        -1.3463965656523169e-01        -1.2629121857505926e-01         1.5483189978143264e-05         1.0513439702543093e-02         1.4551775448531055e-02
28                                     2.6278377242376846e-03         6.0502546161094062e-03         1.1928154329016809e-06        -1.2595569044678376e-01        -2.5629791819046849e-01         2.8374675593760006e-05        -1.9466319102105036e-02        -2.0562489131951547e-02
29                                    -3.3076660956918117e-06        -1.7905046377557548e-06         8.4739340375757938e-03         1.4535608764312440e-05         2.7389718284726814e-05        -3.8940370727130469e-02        -2.4745606208937746e-06         2.3068858405044100e-06
30                                    -2.6177775514922737e-04         1.3443270971625330e-04         4.3438763320936447e-07        -2.0063669918105303e-03        -2.8325985535183999e-03        -1.7780317111082153e-07         1.0513065375095776e-02        -1.4550784956707887e-02
31                                    -1.1272131328875744e-04         1.0216228961739012e-03         2.9236671629620818e-07        -4.6263690804980561e-03        -3.1177508578876904e-03        -1.1306589887594056e-06         1.9467423039736413e-02        -2.0562853022185697e-02
32                                     2.4051037036508835e-07         2.4763159345691637e-07        -2.2377647121837622e-03        -8.7092097308129838e-07         1.5433346676248763e-07         1.4557271637728225e-03        -3.3800531141167745e-06        -1.3570865905418579e-06
33                                    -2.0069101033150204e-03         2.8327344062132782e-03         3.3124214286274804e-07        -2.6185385832733915e-04        -1.3430612120689158e-04         4.0945468632668473e-08        -2.3941973839477701e-03         4.8183630620876605e-03
34                                     4.6264420298554477e-03        -3.1181544517570672e-03         9.1215568293780131e-07         1.1281967830984417e-04         1.0215400158796988e-03        -5.5685334179190186e-07         1.7090563538081222e-03         2.9821808862268715e-04
35                                    -1.6328888703899720e-07        -5.2041389324177626e-07         1.4548838789210298e-03         6.0398857408971298e-07        -2.2644985887870889e-07        -2.2376904582659270e-03        -4.9647472624423204e-06         1.0589490924627385e-06
                                                         8                           9                          10                          11                          12                          13                          14                          15

0                                      9.2862837671190272e-06         9.0493287401150237e-03         4.3603299653386246e-03        -3.9105808454223596e-06        -3.9888714424320716e-03        -4.2783821496332249e-03        -9.3924977434044602e-07         1.9985008052764815e-02
1                                      4.6211581811167598e-07         9.9804840107725421e-03        -5.2718957452530012e-03         8.0246775454061631e-07        -4.2783511116443332e-03        -2.4609959707912951e-03         1.6368170428956704e-07        -8.2612911876059208e-03
2                                      2.2451124654742846e-03         1.2888636372359094e-06         1.5561506801229810e-06         1.4832568991413045e-03        -1.3291672753380584e-06        -3.8283739226735501e-07         8.3813198681121671e-04         1.7575798948928659e-06
3                                     -1.7100928957677277e-05        -6.7944364023918208e-02         4.6205702584891137e-02        -2.0998823120490189e-06         1.9988376267684141e-02        -8.2607024469289539e-03         1.7281913460058204e-06        -3.9891787119328663e-03
4                                      2.1174306435630367e-05         2.7639720063495521e-02         1.1415017620538023e-02        -6.3588918257442308e-07         8.2623634399731326e-03        -3.1569999770874602e-02         7.2335557040555754e-06         4.2783209680139038e-03
5                                     -7.7970119093693321e-02        -1.1145392343028565e-06        -9.0367695300266991e-07         2.1108522565093154e-02         1.4257281935455348e-06        -4.6912964687907262e-06         1.5724680157162888e-02        -1.1317637297175461e-06
6                                     -1.0500610262860591e-05        -6.3700570640427234e-01        -6.3942745238526309e-06         5.4088074048627000e-05        -8.4704311171251684e-02        -1.9467984740273198e-02        -8.5722621120137294e-06        -3.3607994590532750e-02
7                                     -8.0269797533612969e-06        -5.7466590584434708e-06        -1.0535267916298158e-01         1.1919762157017524e-06        -1.7172183028948462e-02        -2.0296751894069093e-01        -1.7451968879861831e-05        -1.1959164712858975e-02
8                                      1.9250027618846241e-01         3.0123046459729675e-05         1.1225285413693525e-06        -6.0865936124631648e-02        -1.6302661922165721e-05        -1.4877568012806034e-05        -7.7970224280718661e-02         9.6778897675865296e-06
9                                      3.0123046459729675e-05         7.5861605589816361e-01         8.0712694518814999e-06        -4.5547923432934898e-05        -6.7943236081014741e-02        -2.7642210772963749e-02         1.6856497308338813e-07         9.0496937728142875e-03
10                                     1.1225285413693525e-06         8.0712694518814999e-06         9.1172101128050562e-02        -1.7486353287996045e-06        -4.6208060987660934e-02         1.1412650948076516e-02         1.3942135433692706e-06        -4.3599904388940160e-03
11                                    -6.0865936124631648e-02        -4.5547923432934898e-05        -1.7486353287996045e-06         2.3336008305096995e-02         2.3021405434880677e-07         1.1260757866569411e-06         2.1108748079851147e-02        -3.7301199933914843e-06
12                                    -1.6302661922165721e-05        -6.7943236081014741e-02        -4.6208060987660934e-02         2.3021405434880677e-07         8.0748811542295162e-01        -8.2530822104374957e-02        -5.2714088451725125e-06        -4.9722402820142886e-01
13                                    -1.4877568012806034e-05        -2.7642210772963749e-02         1.1412650948076516e-02         1.1260757866569411e-06        -8.2530822104374957e-02         6.0192584152344686e-01         2.9705225094959122e-05         7.4677954530151169e-03
14                                    -7.7970224280718661e-02         1.6856497308338813e-07         1.3942135433692706e-06         2.1108748079851147e-02        -5.2714088451725125e-06         2.9705225094959122e-05         1.1462791858877594e-01         8.8925484680809112e-06
15                                     9.6778897675865296e-06         9.0496937728142875e-03        -4.3599904388940160e-03        -3.7301199933914843e-06        -4.9722402820142886e-01         7.4677954530151169e-03         8.8925484680809112e-06         8.0748797709926268e-01
16                                    -7.9263577250181916e-07        -9.9801752132229020e-03        -5.2720542540558779e-03        -4.4028251415564033e-07        -7.4737370271747445e-03        -1.2689252888050984e-01        -6.4371420013440393e-06         8.2564834605358295e-02
17                                     2.2450972357262421e-03         1.7428650356247395e-06        -1.2143620668595326e-06         1.4831938172869446e-03         1.0132552429510737e-05         5.1533815147497166e-06        -4.6811024034749113e-02        -2.2844431386653924e-05
18                                    -1.4067091173510401e-05        -3.8782465186701053e-03         5.7582529981810903e-08         1.0123014201358322e-05        -3.3608148910210758e-02         2.4439326483234686e-02        -3.1437095672563314e-06        -8.4692172194630294e-02
19                                    -1.4109265328397809e-06         3.4040613584968890e-07        -1.1752365526428540e-02         3.1785736161402278e-07         1.1952830311082838e-02         8.1588382527503951e-03         2.6956526451984712e-07         1.7167749459478583e-02
20                                    -1.7986149894577832e-02         8.5000312690765851e-06         3.9796859097628412e-07         2.4156355536756151e-03         1.0878087155330570e-05         1.2210288777430388e-06         2.2477097729279080e-03        -1.6266017666709590e-05
21                                     8.6280649759991018e-06         2.6154915740583019e-03         6.9965756346594230e-08        -8.4743000746923253e-06         9.0488667361906978e-03         9.9821101264957642e-03         2.4638831348368459e-06        -6.7955016597382595e-02
22                                     3.8924910791045990e-07         8.1033546356692010e-08         3.9156252290941593e-03        -9.9999836063340908e-08         4.3607174374027859e-03        -5.2731305612231270e-03         3.9773031843924682e-07         4.6214084461220675e-02
23                                     2.4139834727745918e-03        -8.1186033887296626e-06        -9.9829829190104372e-08        -1.7122101278484108e-04        -4.3033775548870085e-06        -5.9991612581970164e-07         1.4823541696625808e-03         8.8063460873502759e-06
24                                     1.5491334134965655e-06        -2.6368204284066242e-03         2.1995194412829087e-03        -1.3673174473969144e-06        -2.6183887285454940e-04         1.3424223658270820e-04         3.5090385737155885e-08        -2.0066547976514654e-03
25                                    -1.7805472950090220e-06         1.2803132932165395e-04         4.0286841252654474e-04         2.4933113605415251e-06        -1.1290873397172205e-04         1.0215607984648152e-03         3.7005271621087061e-07        -4.6264119519514937e-03
26                                     1.4221997954432301e-02         3.5345897683121064e-06        -7.8682069803123317e-08        -3.0428541871159124e-03         5.6871742026297010e-07         1.2276961064834506e-07        -2.2376682713987801e-03         7.8817816777194054e-08
27                                    -4.2603868989013663e-07         1.3572962111703651e-03        -1.9832290196299431e-03        -6.1324784675650803e-07        -2.0066142474246575e-03         2.8326873929316754e-03        -3.0037078348612588e-07        -2.6179296567853437e-04
28                                     1.3684999445471743e-06         9.9417202586484302e-04         4.4639123030375642e-03        -2.7767632830937464e-06         4.6263883394327809e-03        -3.1174263516787239e-03         1.3814013542462575e-06         1.1263716564352891e-04
29                                     3.4719005699985475e-03         4.4801664654046256e-06        -4.6889334568318739e-08        -1.9062367307144982e-03        -1.1192391847154896e-06        -1.6313534969069140e-08         1.4557528578770824e-03         2.8138789244891718e-07
30                                     4.0065345346766538e-07         1.3573158984121116e-03         1.9830145319831203e-03        -6.9746597375230270e-07        -1.3464983517339180e-01         1.2629639922749009e-01         9.0399688404832928e-06        -1.2138227142124459e-02
