
$orca_hessian_file

$act_atom
  0

$act_coord
  0

$act_energy
        0.000000

$multiplicity
  1

$hessian
45
                    0                  1                  2                  3                  4        
    0      6.3752732125E-01   3.8943121477E-04   2.2120177473E-01  -1.5905273439E-01   1.0600760157E-01
    1      3.8943121477E-04   6.5008703316E-01  -5.3323256491E-04   5.1073263280E-02  -2.7696361349E-01
    2      2.2120177473E-01  -5.3323256491E-04   2.2704857601E-01  -4.2676688770E-02   4.6767954863E-02
    3     -1.5905273439E-01   5.1073263280E-02  -4.2676688770E-02   5.8872739096E-01   3.4088977511E-02
    4      1.0600760157E-01  -2.7696361349E-01   4.6767954863E-02   3.4088977511E-02   7.1318596040E-01
    5     -4.3077827385E-02   2.2883830573E-02  -7.9587541203E-02   1.9957074272E-01   1.2174979494E-02
    6     -2.3567080959E-02   6.6696187892E-02  -1.3902357279E-02  -2.9086906533E-01  -2.7824107636E-02
    7      2.7878687473E-02   3.0903892263E-02   1.1901603025E-02   2.6068424594E-02  -1.2816489641E-01
    8     -1.3682892767E-02   3.0915975917E-02   1.1898202010E-03  -9.9035554060E-02  -1.2783929022E-02
    9      5.7387439702E-04   5.9434184917E-05   4.0401711538E-03  -2.4889382303E-02  -2.6299097618E-02
   10      6.2896968145E-05  -6.3773417314E-02   1.0469253727E-04  -6.5866164216E-02   3.1326947582E-02
   11      2.7215589424E-03   1.0599797911E-04  -5.9755469956E-03  -1.4445063797E-02  -9.6237445988E-03
   12     -2.3383423843E-02  -6.6856470176E-02  -1.3641582880E-02  -3.9974611702E-02   2.4591662808E-02
   13     -2.8028404641E-02   3.0563834239E-02  -1.2029576313E-02   2.4555400318E-02  -1.5166004360E-02
   14     -1.3524930894E-02  -3.1044394857E-02   1.3472459421E-03  -1.5191159241E-02   1.1209214599E-02
   15     -1.5875188857E-01  -5.1006582630E-02  -4.2405614590E-02   5.2648422754E-02  -1.9204645905E-02
   16     -1.0594247050E-01  -2.7755323138E-01  -4.6154593295E-02   1.9488687912E-02  -5.8781742970E-02
   17     -4.2655226155E-02  -2.2270781395E-02  -7.9345896644E-02   1.9240092153E-02  -8.4421100842E-03
   18     -4.3702053991E-05   1.2014372719E-05   1.0210182591E-04   5.7683628025E-03  -4.4970599680E-03
   19      7.4993988207E-06  -2.8073601720E-03   5.2715614142E-06  -4.0731013362E-03  -4.5628238297E-03
   20      8.1052616038E-04   5.4510962382E-06  -7.9920528561E-04  -2.7632365825E-03  -1.1090599513E-03
   21     -7.5299752102E-04   1.7684408924E-06  -1.7159188976E-04  -5.8507846519E-04   1.5273275061E-03
   22     -2.0790321659E-06   1.4611699367E-03  -3.1304252332E-06   1.4174273938E-03  -4.9704963717E-04
   23      5.3281837777E-05  -1.6737735437E-06  -8.0059478103E-05   1.1238172393E-03  -9.3431673756E-04
   24     -2.8542175784E-01  -4.1114900891E-04  -1.0917714251E-01  -9.7743650023E-03  -2.5082759050E-03
   25     -4.1091515624E-04  -5.8743739253E-02  -1.4691377040E-04   2.5976074403E-02   4.6508360614E-03
   26     -1.0910118070E-01  -1.4682706478E-04  -8.2274824842E-02  -5.3073851248E-03  -9.8866622697E-04
   27      1.0120461839E-02   1.3615628781E-02   3.3620946091E-03  -1.1210890353E-01  -1.0894486965E-01
   28     -1.5000631740E-02  -1.9001248413E-02  -6.3780556273E-03  -1.0899037503E-01  -2.6515739476E-01
   29      3.5599112303E-03   5.8876930708E-03   3.8171137338E-03  -3.3036565546E-02  -4.5827484882E-02
   30     -3.7502062146E-03  -1.4042772394E-03  -4.9252331332E-03  -8.6547367170E-03   2.6647230918E-02
   31     -4.0223782487E-04   2.0208952441E-03  -1.5599351393E-04  -1.6529753106E-03   3.3187420219E-03
   32     -4.9741238059E-03  -6.9408394293E-04   5.4326645448E-03  -4.9330178074E-03   1.1781842303E-02
   33     -3.7544548648E-03   1.3756112925E-03  -4.9298400226E-03  -7.1609669788E-04   7.0471503037E-04
   34      3.7363762158E-04   2.0274847706E-03   1.5842766657E-04   8.4489039437E-04   2.4259580947E-04
   35     -4.9747738738E-03   6.9543762317E-04   5.4272815827E-03  -3.8938620984E-05   3.2087339317E-04
   36      1.0117856021E-02  -1.3547392156E-02   3.3969557007E-03   4.8008336428E-04  -3.0365012283E-03
   37      1.5069426096E-02  -1.8996424691E-02   6.4661065915E-03  -3.9888072939E-03  -3.2940920941E-03
   38      3.5171110656E-03  -5.8018354093E-03   3.8163621475E-03  -2.9071532380E-03  -1.3444198560E-03
   39      6.8629754106E-05   6.5342165216E-05  -1.4180279731E-04  -1.2986390648E-04  -1.7704078471E-05
   40     -9.3209006450E-05   3.8699998705E-04  -8.6573783374E-05   6.5975727766E-04  -6.9409803192E-06
   41      6.8827339034E-05  -4.0892343824E-04  -7.4062694229E-06  -2.0670831502E-04  -1.1631988833E-04
   42      7.0102993153E-05  -6.4683613367E-05  -1.4049604349E-04  -8.6942183938E-04  -1.1925049975E-03
   43      9.2640762105E-05   3.8772512153E-04   8.4303287060E-05   3.5577174211E-04  -1.3052333714E-04
   44      6.7216170054E-05   4.0707594907E-04  -8.5834438189E-06   6.0072966945E-04  -1.0671780439E-03
                    5                  6                  7                  8                  9        
    0     -4.3077827385E-02  -2.3567080959E-02   2.7878687473E-02  -1.3682892767E-02   5.7387439702E-04
    1      2.2883830573E-02   6.6696187892E-02   3.0903892263E-02   3.0915975917E-02   5.9434184917E-05
    2     -7.9587541203E-02  -1.3902357279E-02   1.1901603025E-02   1.1898202010E-03   4.0401711538E-03
    3      1.9957074272E-01  -2.9086906533E-01   2.6068424594E-02  -9.9035554060E-02  -2.4889382303E-02
    4      1.2174979494E-02  -2.7824107636E-02  -1.2816489641E-01  -1.2783929022E-02  -2.6299097618E-02
    5      2.1729409462E-01  -1.0055278742E-01   1.1779631434E-02  -1.0283833193E-01  -1.3843156837E-02
    6     -1.0055278742E-01   5.9899301258E-01  -3.4346441555E-02   2.0214114707E-01  -1.4863408253E-01
    7      1.1779631434E-02  -3.4346441555E-02   7.0030276249E-01  -1.7375051289E-02  -9.5860237968E-02
    8     -1.0283833193E-01   2.0214114707E-01  -1.7375051289E-02   2.1958665950E-01  -3.5752243991E-02
    9     -1.3843156837E-02  -1.4863408253E-01  -9.5860237968E-02  -3.5752243991E-02   5.6112170109E-01
   10     -2.9453941272E-02  -4.4973598292E-02  -2.6878072909E-01  -1.7687028617E-02   1.9643195847E-04
   11      4.3337677093E-04  -3.3879191969E-02  -4.1395113657E-02  -8.0287906955E-02   1.7299054372E-01
   12     -1.3990798618E-02   4.8743795274E-02   1.8003247816E-02   1.7839928998E-02  -1.4894876462E-01
   13      1.0781206077E-02  -1.7727769541E-02  -5.7572665327E-02  -8.2417771079E-03   9.5999296614E-02
   14     -1.4751266434E-02   1.7879851017E-02   8.5491441054E-03   1.8816966258E-02  -3.6130539317E-02
   15      1.9293415285E-02  -3.9874476858E-02  -2.4662510958E-02  -1.5088042914E-02  -2.5051608384E-02
   16      8.7489538246E-03  -2.4684952903E-02  -1.5342077247E-02  -1.1239058067E-02   2.6151975259E-02
   17      1.6669058109E-02  -1.3881292598E-02  -1.0808824625E-02  -1.4671021124E-02  -1.3987401707E-02
   18     -1.4836186515E-04  -2.4224517541E-02  -1.0764828339E-02  -1.2543228489E-02  -1.8236799873E-01
   19     -7.9706849996E-04  -2.8091598861E-02   3.9607817358E-03  -1.1736504157E-02  -3.0056633307E-04
   20      5.0346907686E-03  -1.0216045270E-02  -1.6253709309E-04  -2.8996637466E-03  -8.0779277873E-02
   21     -2.0329015974E-03   1.5005648134E-03   3.8922235763E-03   1.9362141756E-03  -3.1427752704E-02
   22      5.4270259832E-04  -1.5732994357E-03  -5.2870644100E-04  -4.6939599991E-04   2.8397309707E-05
   23      9.4948141580E-04  -2.2470654577E-03  -2.7120555148E-03  -3.2193736294E-04   1.2130235395E-02
   24     -5.1916635253E-03   1.7596969213E-03   3.1412235052E-03  -2.5468881277E-03   4.5390307571E-04
   25      1.1314741360E-02   2.2179472362E-03  -4.6674175031E-03   1.0053962719E-03   2.3848131208E-06
   26     -3.2602974627E-05  -2.4674008535E-03   1.4402548837E-03   6.4250817572E-03   5.2402371754E-04
   27     -3.3055917254E-02  -8.9905972498E-03  -2.6922737375E-02  -4.5722110872E-03  -3.3902037314E-03
   28     -4.5925375992E-02   1.6129146995E-03   3.0497902327E-03   6.7131279332E-04   5.5626809708E-04
   29     -4.9249246060E-02  -4.8440834859E-03  -1.1589516791E-02   1.0825591089E-04  -5.1732869367E-03
   30     -4.7648875274E-03  -1.1120816013E-01   1.0755652270E-01  -3.4135251301E-02   9.1704448667E-03
   31     -6.9258668615E-04   1.0735243946E-01  -2.6175946790E-01   4.7444873561E-02   1.4519746654E-02
   32      2.5551222306E-04  -3.3595814614E-02   4.7705316408E-02  -4.9550145760E-02   2.0622226141E-03
   33     -3.9489908199E-05   8.5203944724E-05   3.2009281573E-03  -2.5870408995E-03   9.1691856147E-03
   34      3.8920291882E-04   4.0304832324E-03  -3.0823416671E-03   1.7216676793E-03  -1.4454806802E-02
   35     -6.0143785436E-04  -2.5654883931E-03   1.4312034928E-03   4.9166897549E-03   2.0976702727E-03
   36     -2.9395823147E-03  -8.2412252318E-04  -9.0209362116E-04  -6.7015804161E-05  -3.3869692377E-03
   37     -1.7213673357E-03  -9.1982784373E-04   2.9420623986E-04  -4.6999740982E-04  -5.8484381725E-04
   38      5.9646943514E-03  -8.5511673757E-05  -3.6936080549E-04  -7.6156878618E-04  -5.1698727572E-03
   39      1.1131700696E-04   8.7014501875E-04   1.8030066503E-03   1.2529446578E-03  -6.2130778397E-03
   40     -1.3615223980E-04  -1.5126834465E-03   1.0499297304E-03  -1.1984649191E-03  -6.3343256747E-05
   41      1.1701289008E-04   1.1458347404E-03   5.7260333579E-04   6.1936140351E-04  -1.6336258500E-03
   42      6.6798855333E-04  -3.7603154329E-03   1.9528164152E-03  -3.1648285507E-03  -6.1792689761E-03
   43      9.3608384535E-05  -2.9392408151E-04   3.3693890332E-04  -5.3344970994E-04   5.1550465929E-05
   44      3.4250530552E-04  -2.9248307310E-03   1.0081331693E-03  -3.3225911719E-04  -1.6331822553E-03
                   10                 11                 12                 13                 14        
    0      6.2896968145E-05   2.7215589424E-03  -2.3383423843E-02  -2.8028404641E-02  -1.3524930894E-02
    1     -6.3773417314E-02   1.0599797911E-04  -6.6856470176E-02   3.0563834239E-02  -3.1044394857E-02
    2      1.0469253727E-04  -5.9755469956E-03  -1.3641582880E-02  -1.2029576313E-02   1.3472459421E-03
    3     -6.5866164216E-02  -1.4445063797E-02  -3.9974611702E-02   2.4555400318E-02  -1.5191159241E-02
    4      3.1326947582E-02  -9.6237445988E-03   2.4591662808E-02  -1.5166004360E-02   1.1209214599E-02
    5     -2.9453941272E-02   4.3337677093E-04  -1.3990798618E-02   1.0781206077E-02  -1.4751266434E-02
    6     -4.4973598292E-02  -3.3879191969E-02   4.8743795274E-02  -1.7727769541E-02   1.7879851017E-02
    7     -2.6878072909E-01  -4.1395113657E-02   1.8003247816E-02  -5.7572665327E-02   8.5491441054E-03
    8     -1.7687028617E-02  -8.0287906955E-02   1.7839928998E-02  -8.2417771079E-03   1.8816966258E-02
    9      1.9643195847E-04   1.7299054372E-01  -1.4894876462E-01   9.5999296614E-02  -3.6130539317E-02
   10      6.6858992985E-01  -6.0023642183E-04   4.5104145007E-02  -2.6832039892E-01   1.8302958999E-02
   11     -6.0023642183E-04   2.4493742009E-01  -3.4132189850E-02   4.2020685784E-02  -8.0487600065E-02
   12      4.5104145007E-02  -3.4132189850E-02   5.9883794521E-01   3.4854548415E-02   2.0196455515E-01
   13     -2.6832039892E-01   4.2020685784E-02   3.4854548415E-02   7.0057970728E-01   1.6039072062E-02
   14      1.8302958999E-02  -8.0487600065E-02   2.0196455515E-01   1.6039072062E-02   2.1945803034E-01
   15      6.5705175366E-02  -1.4695760803E-02  -2.9083106581E-01  -2.6739699970E-02  -9.8932528819E-02
   16      3.1629705205E-02   9.4831495283E-03   2.7146546302E-02  -1.2815511405E-01   1.2684794678E-02
   17      2.9321352573E-02   2.9690023187E-04  -1.0059399570E-01  -1.1882833517E-02  -1.0283811104E-01
   18     -1.9831352563E-04  -5.5224583044E-02  -2.4278430365E-02   1.0660198238E-02  -1.2623540072E-02
   19     -9.6450008059E-02  -5.5629137994E-05   2.7999485562E-02   4.0557301882E-03   1.1682384865E-02
   20     -5.6470623755E-05  -9.6114318864E-02  -1.0334373215E-02   1.1799979639E-04  -2.9378238777E-03
   21      3.7469586330E-05   1.2312628951E-02   1.5039044015E-03  -3.8882830930E-03   1.9570400189E-03
   22      1.8893961498E-03   1.8217997941E-05   1.5584389218E-03  -5.0899155741E-04   4.7229213608E-04
   23      1.7648504804E-05   6.6716238143E-03  -2.2504362690E-03   2.7085565505E-03  -3.4281276610E-04
   24      3.3800040987E-06   7.3955326626E-04   1.7697264209E-03  -3.1374426396E-03  -2.5346071317E-03
   25     -1.4611144446E-03   1.7023413401E-06  -2.2118083888E-03  -4.6869455702E-03  -9.6990222191E-04
   26      7.4502842196E-07  -7.3571668527E-04  -2.4575225258E-03  -1.4047295941E-03   6.4360161734E-03
   27      1.5078623979E-03  -4.6952402925E-03  -8.2754904142E-04   8.9941826042E-04  -7.1129430193E-05
   28      2.0914553468E-03   1.9924256816E-04   9.1747654476E-04   3.0083863539E-04   4.6618364707E-04
   29      5.3462074839E-04   5.6939688795E-03  -9.0103141895E-05   3.6603639428E-04  -7.6469895058E-04
   30     -1.2171912052E-02   2.6167840721E-03   9.8275634400E-05  -3.2040455452E-03  -2.5736369346E-03
   31     -2.0206816894E-02   6.4384520144E-03  -4.0336189827E-03  -3.1066030875E-03  -1.6980390375E-03
   32     -5.1730082850E-03   3.8085142238E-03  -2.5495114322E-03  -1.4067364482E-03   4.9292297150E-03
   33      1.2234401203E-02   2.5807786921E-03  -1.1079473593E-01  -1.0739018508E-01  -3.3662302045E-02
   34     -2.0217249480E-02  -6.3478095844E-03  -1.0718259619E-01  -2.6250360642E-01  -4.6754081895E-02
   35      5.2581694016E-03   3.8107598292E-03  -3.3122881203E-02  -4.7019710205E-02  -4.9208429565E-02
   36     -1.5347159248E-03  -4.6861235935E-03  -9.0376697781E-03   2.6884064960E-02  -4.6667674085E-03
   37      2.0855378367E-03  -1.9628996545E-04  -1.6527400850E-03   3.1366379863E-03  -6.9082213254E-04
   38     -5.3263709484E-04   5.6932068104E-03  -4.8590313147E-03   1.1568722461E-02   7.0313637777E-05
   39      2.5164310650E-02  -1.6053943310E-02  -3.7465548517E-03  -1.9728642428E-03  -3.1527798559E-03
   40      8.4597352838E-04  -1.8886497712E-03   2.7628004678E-04   3.2824261810E-04   5.2732243840E-04
   41      1.1868161667E-02  -3.8972248599E-03  -2.9198067361E-03  -1.0160430182E-03  -3.3827895204E-04
   42     -2.5273958692E-02  -1.5892030332E-02   8.6915900395E-04  -1.8019507772E-03   1.2553622222E-03
   43      7.5078870359E-04   1.8414618947E-03   1.5231211285E-03   1.0553383400E-03   1.1992827853E-03
   44     -1.1906464116E-02  -3.8474562252E-03   1.1448614652E-03  -5.7628309127E-04   6.1121958038E-04
                   15                 16                 17                 18                 19        
    0     -1.5875188857E-01  -1.0594247050E-01  -4.2655226155E-02  -4.3702053991E-05   7.4993988207E-06
    1     -5.1006582630E-02  -2.7755323138E-01  -2.2270781395E-02   1.2014372719E-05  -2.8073601720E-03
    2     -4.2405614590E-02  -4.6154593295E-02  -7.9345896644E-02   1.0210182591E-04   5.2715614142E-06
    3      5.2648422754E-02   1.9488687912E-02   1.9240092153E-02   5.7683628025E-03  -4.0731013362E-03
    4     -1.9204645905E-02  -5.8781742970E-02  -8.4421100842E-03  -4.4970599680E-03  -4.5628238297E-03
    5      1.9293415285E-02   8.7489538246E-03   1.6669058109E-02  -1.4836186515E-04  -7.9706849996E-04
    6     -3.9874476858E-02  -2.4684952903E-02  -1.3881292598E-02  -2.4224517541E-02  -2.8091598861E-02
    7     -2.4662510958E-02  -1.5342077247E-02  -1.0808824625E-02  -1.0764828339E-02   3.9607817358E-03
    8     -1.5088042914E-02  -1.1239058067E-02  -1.4671021124E-02  -1.2543228489E-02  -1.1736504157E-02
    9     -2.5051608384E-02   2.6151975259E-02  -1.3987401707E-02  -1.8236799873E-01  -3.0056633307E-04
   10      6.5705175366E-02   3.1629705205E-02   2.9321352573E-02  -1.9831352563E-04  -9.6450008059E-02
   11     -1.4695760803E-02   9.4831495283E-03   2.9690023187E-04  -5.5224583044E-02  -5.5629137994E-05
   12     -2.9083106581E-01   2.7146546302E-02  -1.0059399570E-01  -2.4278430365E-02   2.7999485562E-02
   13     -2.6739699970E-02  -1.2815511405E-01  -1.1882833517E-02   1.0660198238E-02   4.0557301882E-03
   14     -9.8932528819E-02   1.2684794678E-02  -1.0283811104E-01  -1.2623540072E-02   1.1682384865E-02
   15      5.8882727972E-01  -3.3602944795E-02   1.9968610483E-01   5.7343669139E-03   4.0775055708E-03
   16     -3.3602944795E-02   7.1301431679E-01  -1.3542768434E-02   4.5077045845E-03  -4.5353623692E-03
   17      1.9968610483E-01  -1.3542768434E-02   2.1737503533E-01  -1.7120488723E-04   8.2094838688E-04
   18      5.7343669139E-03   4.5077045845E-03  -1.7120488723E-04   3.4305674988E-01   3.4806583956E-04
   19      4.0775055708E-03  -4.5353623692E-03   8.2094838688E-04   3.4806583956E-04   6.1164594850E-01
   20     -2.7880598089E-03   1.1374612462E-03   5.0357784401E-03   1.4947041259E-01  -5.9354738243E-04
   21     -5.8571758861E-04  -1.5360569601E-03  -2.0352741738E-03  -2.5793461483E-02   7.2306227036E-05
   22     -1.4099633710E-03  -4.9659040313E-04  -5.3241855302E-04   3.6464167915E-05  -2.5098718043E-02
   23      1.1250092113E-03   9.4156034111E-04   9.4829827107E-04   9.3673480960E-03  -8.3494487316E-05
   24     -9.7276239976E-03   2.4614527114E-03  -5.1786251768E-03  -1.3991338386E-05  -3.2612594254E-07
   25     -2.6023997730E-02   4.5661488325E-03  -1.1341985081E-02   6.7649235592E-07   1.2732867672E-04
   26     -5.2165985169E-03   9.6163186435E-04   5.0442083741E-06   4.5424108800E-04  -4.5855869504E-07
   27      4.6580490234E-04   3.0329565902E-03  -2.9533714206E-03  -1.8284178237E-04  -1.4919786237E-03
   28      3.9854711552E-03  -3.2694608834E-03   1.7484130492E-03   2.3432015928E-04  -7.7526438998E-06
   29     -2.9226110045E-03   1.3726195517E-03   5.9532886342E-03   4.7470421343E-05  -6.7015705559E-04
   30     -7.1291368014E-04  -7.0653945479E-04  -3.5683539067E-05   2.9816408056E-04  -8.4807559237E-04
   31     -8.4643710899E-04   2.3737189247E-04  -3.9195213351E-04   2.0519587962E-03   9.7733376965E-04
   32     -3.4621127462E-05  -3.2414981083E-04  -5.9978105163E-04   1.6026959046E-03  -9.6923613244E-04
   33     -8.6066511264E-03  -2.6687525854E-02  -4.6709218155E-03   3.0145274016E-04   8.5885737018E-04
   34      1.6132636815E-03   3.2306510800E-03   6.7226915095E-04  -2.0493167781E-03   9.7529900803E-04
   35     -4.9154122817E-03  -1.1799079824E-02   2.9376242960E-04   1.6104753657E-03   9.7002243375E-04
   36     -1.1252985066E-01   1.0912114842E-01  -3.3530917736E-02  -1.8599343189E-04   1.4878512424E-03
   37      1.0916625833E-01  -2.6441557672E-01   4.6622881690E-02  -2.3455975267E-04  -2.5776154590E-06
   38     -3.3511662367E-02   4.6525894874E-02  -4.9575783372E-02   4.8809704506E-05   6.7069778525E-04
   39     -8.7639753897E-04   1.1878866728E-03   6.6745630852E-04  -4.9061551692E-02   3.9989271140E-02
   40     -3.5267134278E-04  -1.2391818477E-04  -9.2191843298E-05   4.3988096450E-02  -2.4330796609E-01
   41      6.0146690751E-04   1.0706481476E-03   3.3934425518E-04  -4.1196123051E-02   1.2225411410E-01
   42     -1.2768007911E-04   2.1042247715E-05   1.0861797360E-04  -4.9006608008E-02  -4.0036691849E-02
   43     -6.5713052093E-04  -5.1195825422E-06   1.3728039331E-04  -4.4093924366E-02  -2.4496985306E-01
   44     -2.0344036648E-04   1.1565579858E-04   1.1408331783E-04  -4.0793013845E-02  -1.2149614920E-01
                   20                 21                 22                 23                 24        
    0      8.1052616038E-04  -7.5299752102E-04  -2.0790321659E-06   5.3281837777E-05  -2.8542175784E-01
    1      5.4510962382E-06   1.7684408924E-06   1.4611699367E-03  -1.6737735437E-06  -4.1114900891E-04
    2     -7.9920528561E-04  -1.7159188976E-04  -3.1304252332E-06  -8.0059478103E-05  -1.0917714251E-01
    3     -2.7632365825E-03  -5.8507846519E-04   1.4174273938E-03   1.1238172393E-03  -9.7743650023E-03
    4     -1.1090599513E-03   1.5273275061E-03  -4.9704963717E-04  -9.3431673756E-04  -2.5082759050E-03
    5      5.0346907686E-03  -2.0329015974E-03   5.4270259832E-04   9.4948141580E-04  -5.1916635253E-03
    6     -1.0216045270E-02   1.5005648134E-03  -1.5732994357E-03  -2.2470654577E-03   1.7596969213E-03
    7     -1.6253709309E-04   3.8922235763E-03  -5.2870644100E-04  -2.7120555148E-03   3.1412235052E-03
    8     -2.8996637466E-03   1.9362141756E-03  -4.6939599991E-04  -3.2193736294E-04  -2.5468881277E-03
    9     -8.0779277873E-02  -3.1427752704E-02   2.8397309707E-05   1.2130235395E-02   4.5390307571E-04
   10     -5.6470623755E-05   3.7469586330E-05   1.8893961498E-03   1.7648504804E-05   3.3800040987E-06
   11     -9.6114318864E-02   1.2312628951E-02   1.8217997941E-05   6.6716238143E-03   7.3955326626E-04
   12     -1.0334373215E-02   1.5039044015E-03   1.5584389218E-03  -2.2504362690E-03   1.7697264209E-03
   13      1.1799979639E-04  -3.8882830930E-03  -5.0899155741E-04   2.7085565505E-03  -3.1374426396E-03
   14     -2.9378238777E-03   1.9570400189E-03   4.7229213608E-04  -3.4281276610E-04  -2.5346071317E-03
   15     -2.7880598089E-03  -5.8571758861E-04  -1.4099633710E-03   1.1250092113E-03  -9.7276239976E-03
   16      1.1374612462E-03  -1.5360569601E-03  -4.9659040313E-04   9.4156034111E-04   2.4614527114E-03
   17      5.0357784401E-03  -2.0352741738E-03  -5.3241855302E-04   9.4829827107E-04  -5.1786251768E-03
   18      1.4947041259E-01  -2.5793461483E-02   3.6464167915E-05   9.3673480960E-03  -1.3991338386E-05
   19     -5.9354738243E-04   7.2306227036E-05  -2.5098718043E-02  -8.3494487316E-05  -3.2612594254E-07
   20      3.8663887963E-01   2.2982196946E-02  -8.5419760232E-05  -5.0737596908E-02   2.7527755753E-04
   21      2.2982196946E-02   6.9922786557E-02  -1.5385475522E-04  -5.2484771928E-02  -1.3370722703E-04
   22     -8.5419760232E-05  -1.5385475522E-04   1.5982724947E-02   1.7553135663E-04   2.1969955020E-07
   23     -5.0737596908E-02  -5.2484771928E-02   1.7553135663E-04   7.4304326923E-02   9.9630041982E-05
   24      2.7527755753E-04  -1.3370722703E-04   2.1969955020E-07   9.9630041982E-05   3.0211663420E-01
   25     -1.6489421738E-06   8.5203560844E-09   4.7649960030E-05   7.3889668959E-08   4.4940912994E-04
   26     -7.4681125818E-04   2.7383516953E-04  -1.2079080277E-06  -1.5423277919E-04   1.2080650188E-01
   27     -5.4786382476E-04  -8.5756320137E-05   5.9363111521E-06   9.4815848715E-05   4.4689992735E-05
   28     -2.8683313461E-05  -1.1526609715E-04  -1.2689201472E-05   6.6184373249E-05   1.1793174502E-04
   29      1.3252622598E-04  -4.0871726441E-05   7.2741184419E-05   1.6326046017E-05   1.6662399274E-03
   30      1.8282650784E-03  -1.9494716846E-04   9.4295305854E-05   1.2655595080E-04  -5.8929578659E-04
   31      9.3227018054E-04  -4.0005776323E-04   7.6403803061E-05   2.2856038015E-04  -1.5172342533E-04
   32     -1.8601074987E-03   7.0145235286E-04  -1.0600424264E-04  -5.0281105096E-04  -3.3157373979E-04
   33      1.8301156069E-03  -1.9481279983E-04  -9.3444888536E-05   1.2669956485E-04  -5.8677226218E-04
   34     -9.4267006932E-04   4.0055521327E-04   7.4635553357E-05  -2.2828276086E-04   1.4936386682E-04
   35     -1.8665169414E-03   7.0150135684E-04   1.0019270962E-04  -5.0239585488E-04  -3.3108164677E-04
   36     -5.5381702914E-04  -8.6306964176E-05  -5.1681597708E-06   9.4630407254E-05   4.3942227045E-05
   37      2.8254600968E-05   1.1475245393E-04  -1.3171517596E-05  -6.5843660858E-05  -1.1395513167E-04
   38      1.2962763457E-04  -4.3045078625E-05  -7.2935907919E-05   1.7760208743E-05   1.6666858634E-03
   39     -3.4797856744E-02  -6.5432365083E-03  -1.0663672740E-02   1.6359121603E-02   2.9653057883E-05
   40      1.2043138592E-01   6.9993381856E-04   3.8283840465E-03  -3.4269784823E-03   4.8255445076E-06
   41     -1.2027794671E-01   7.9767344232E-03   9.8170300191E-03  -1.5161883110E-02   1.7860615641E-05
   42     -3.4419763344E-02  -6.5434810228E-03   1.0763070301E-02   1.6274105787E-02   2.9267552737E-05
   43     -1.1967398023E-01  -6.5559370329E-04   3.7955524037E-03   3.3176516061E-03  -4.9235961133E-06
   44     -1.1873151160E-01   7.9738756711E-03  -9.9313167901E-03  -1.5104087369E-02   1.7778106153E-05
                   25                 26                 27                 28                 29        
    0     -4.1091515624E-04  -1.0910118070E-01   1.0120461839E-02  -1.5000631740E-02   3.5599112303E-03
    1     -5.8743739253E-02  -1.4682706478E-04   1.3615628781E-02  -1.9001248413E-02   5.8876930708E-03
    2     -1.4691377040E-04  -8.2274824842E-02   3.3620946091E-03  -6.3780556273E-03   3.8171137338E-03
    3      2.5976074403E-02  -5.3073851248E-03  -1.1210890353E-01  -1.0899037503E-01  -3.3036565546E-02
    4      4.6508360614E-03  -9.8866622697E-04  -1.0894486965E-01  -2.6515739476E-01  -4.5827484882E-02
    5      1.1314741360E-02  -3.2602974627E-05  -3.3055917254E-02  -4.5925375992E-02  -4.9249246060E-02
    6      2.2179472362E-03  -2.4674008535E-03  -8.9905972498E-03   1.6129146995E-03  -4.8440834859E-03
    7     -4.6674175031E-03   1.4402548837E-03  -2.6922737375E-02   3.0497902327E-03  -1.1589516791E-02
    8      1.0053962719E-03   6.4250817572E-03  -4.5722110872E-03   6.7131279332E-04   1.0825591089E-04
    9      2.3848131208E-06   5.2402371754E-04  -3.3902037314E-03   5.5626809708E-04  -5.1732869367E-03
   10     -1.4611144446E-03   7.4502842196E-07   1.5078623979E-03   2.0914553468E-03   5.3462074839E-04
   11      1.7023413401E-06  -7.3571668527E-04  -4.6952402925E-03   1.9924256816E-04   5.6939688795E-03
   12     -2.2118083888E-03  -2.4575225258E-03  -8.2754904142E-04   9.1747654476E-04  -9.0103141895E-05
   13     -4.6869455702E-03  -1.4047295941E-03   8.9941826042E-04   3.0083863539E-04   3.6603639428E-04
   14     -9.6990222191E-04   6.4360161734E-03  -7.1129430193E-05   4.6618364707E-04  -7.6469895058E-04
   15     -2.6023997730E-02  -5.2165985169E-03   4.6580490234E-04   3.9854711552E-03  -2.9226110045E-03
   16      4.5661488325E-03   9.6163186435E-04   3.0329565902E-03  -3.2694608834E-03   1.3726195517E-03
   17     -1.1341985081E-02   5.0442083741E-06  -2.9533714206E-03   1.7484130492E-03   5.9532886342E-03
   18      6.7649235592E-07   4.5424108800E-04  -1.8284178237E-04   2.3432015928E-04   4.7470421343E-05
   19      1.2732867672E-04  -4.5855869504E-07  -1.4919786237E-03  -7.7526438998E-06  -6.7015705559E-04
   20     -1.6489421738E-06  -7.4681125818E-04  -5.4786382476E-04  -2.8683313461E-05   1.3252622598E-04
   21      8.5203560844E-09   2.7383516953E-04  -8.5756320137E-05  -1.1526609715E-04  -4.0871726441E-05
   22      4.7649960030E-05  -1.2079080277E-06   5.9363111521E-06  -1.2689201472E-05   7.2741184419E-05
   23      7.3889668959E-08  -1.5423277919E-04   9.4815848715E-05   6.6184373249E-05   1.6326046017E-05
   24      4.4940912994E-04   1.2080650188E-01   4.4689992735E-05   1.1793174502E-04   1.6662399274E-03
   25      5.8119578510E-02   1.5061293233E-04  -3.9646924577E-04   9.8396017340E-04  -1.9297812512E-04
   26      1.5061293233E-04   7.7191422733E-02   1.6603370953E-03   1.0865245245E-05  -3.0543661345E-03
   27     -3.9646924577E-04   1.6603370953E-03   1.1492772231E-01   1.1779360969E-01   3.8495914556E-02
   28      9.8396017340E-04   1.0865245245E-05   1.1779360969E-01   2.8139571167E-01   4.9646380933E-02
   29     -1.9297812512E-04  -3.0543661345E-03   3.8495914556E-02   4.9646380933E-02   4.1482646662E-02
   30      1.3847967962E-03  -3.6751440100E-04   2.6687338147E-04  -2.2492268576E-04   1.8106095252E-03
   31      9.0798134392E-06  -7.0669896695E-05   2.1911155695E-04   7.4022523151E-04   8.6633735274E-05
   32      6.2798284593E-04  -2.2410611961E-05   1.8089954687E-03  -1.1994502757E-04  -3.1245219826E-03
   33     -1.3876095049E-03  -3.6297288464E-04  -1.5753716914E-04  -7.0486279588E-05   5.0582158185E-04
   34      4.5014789154E-06   7.0026666485E-05  -9.4285039236E-05   1.0089573410E-05  -3.6359114134E-05
   35     -6.2856587832E-04  -1.9964537921E-05   5.1375067737E-04  -5.2510863769E-05  -1.1101961379E-03
   36      3.9951157778E-04   1.6595983157E-03   3.9302861279E-04  -7.6383221964E-04   8.1527031325E-05
   37      9.8667111381E-04  -2.2178504126E-05   7.6721697205E-04  -1.1381754249E-03   3.4882896846E-04
   38      1.8160595250E-04  -3.0560870097E-03   7.9483076591E-05  -3.4376673571E-04   2.6591645240E-04
   39     -7.1487706824E-05  -4.8127864582E-05   1.2498662896E-05  -2.4080178566E-05  -2.3890610877E-06
   40      3.1861485149E-05   1.0263853525E-04   2.3664562571E-05   1.0534692942E-05   4.2787574909E-05
   41     -5.6674152181E-05   1.9543196736E-05   3.6784466133E-05   9.1853292604E-06  -8.2146447353E-06
   42      7.1468389795E-05  -4.7779789295E-05  -4.8769087345E-04  -2.9801384476E-05  -5.7780705533E-05
   43      3.1600665362E-05  -1.0195640419E-04  -1.3661664543E-05   4.1157788452E-06  -4.0359692093E-05
   44      5.6471578632E-05   1.9908764418E-05  -1.5624515440E-04   2.9083119220E-05  -1.5879863567E-04
                   30                 31                 32                 33                 34        
    0     -3.7502062146E-03  -4.0223782487E-04  -4.9741238059E-03  -3.7544548648E-03   3.7363762158E-04
    1     -1.4042772394E-03   2.0208952441E-03  -6.9408394293E-04   1.3756112925E-03   2.0274847706E-03
    2     -4.9252331332E-03  -1.5599351393E-04   5.4326645448E-03  -4.9298400226E-03   1.5842766657E-04
    3     -8.6547367170E-03  -1.6529753106E-03  -4.9330178074E-03  -7.1609669788E-04   8.4489039437E-04
    4      2.6647230918E-02   3.3187420219E-03   1.1781842303E-02   7.0471503037E-04   2.4259580947E-04
    5     -4.7648875274E-03  -6.9258668615E-04   2.5551222306E-04  -3.9489908199E-05   3.8920291882E-04
    6     -1.1120816013E-01   1.0735243946E-01  -3.3595814614E-02   8.5203944724E-05   4.0304832324E-03
    7      1.0755652270E-01  -2.6175946790E-01   4.7705316408E-02   3.2009281573E-03  -3.0823416671E-03
    8     -3.4135251301E-02   4.7444873561E-02  -4.9550145760E-02  -2.5870408995E-03   1.7216676793E-03
    9      9.1704448667E-03   1.4519746654E-02   2.0622226141E-03   9.1691856147E-03  -1.4454806802E-02
   10     -1.2171912052E-02  -2.0206816894E-02  -5.1730082850E-03   1.2234401203E-02  -2.0217249480E-02
   11      2.6167840721E-03   6.4384520144E-03   3.8085142238E-03   2.5807786921E-03  -6.3478095844E-03
   12      9.8275634400E-05  -4.0336189827E-03  -2.5495114322E-03  -1.1079473593E-01  -1.0718259619E-01
   13     -3.2040455452E-03  -3.1066030875E-03  -1.4067364482E-03  -1.0739018508E-01  -2.6250360642E-01
   14     -2.5736369346E-03  -1.6980390375E-03   4.9292297150E-03  -3.3662302045E-02  -4.6754081895E-02
   15     -7.1291368014E-04  -8.4643710899E-04  -3.4621127462E-05  -8.6066511264E-03   1.6132636815E-03
   16     -7.0653945479E-04   2.3737189247E-04  -3.2414981083E-04  -2.6687525854E-02   3.2306510800E-03
   17     -3.5683539067E-05  -3.9195213351E-04  -5.9978105163E-04  -4.6709218155E-03   6.7226915095E-04
   18      2.9816408056E-04   2.0519587962E-03   1.6026959046E-03   3.0145274016E-04  -2.0493167781E-03
   19     -8.4807559237E-04   9.7733376965E-04  -9.6923613244E-04   8.5885737018E-04   9.7529900803E-04
   20      1.8282650784E-03   9.3227018054E-04  -1.8601074987E-03   1.8301156069E-03  -9.4267006932E-04
   21     -1.9494716846E-04  -4.0005776323E-04   7.0145235286E-04  -1.9481279983E-04   4.0055521327E-04
   22      9.4295305854E-05   7.6403803061E-05  -1.0600424264E-04  -9.3444888536E-05   7.4635553357E-05
   23      1.2655595080E-04   2.2856038015E-04  -5.0281105096E-04   1.2669956485E-04  -2.2828276086E-04
   24     -5.8929578659E-04  -1.5172342533E-04  -3.3157373979E-04  -5.8677226218E-04   1.4936386682E-04
   25      1.3847967962E-03   9.0798134392E-06   6.2798284593E-04  -1.3876095049E-03   4.5014789154E-06
   26     -3.6751440100E-04  -7.0669896695E-05  -2.2410611961E-05  -3.6297288464E-04   7.0026666485E-05
   27      2.6687338147E-04   2.1911155695E-04   1.8089954687E-03  -1.5753716914E-04  -9.4285039236E-05
   28     -2.2492268576E-04   7.4022523151E-04  -1.1994502757E-04  -7.0486279588E-05   1.0089573410E-05
   29      1.8106095252E-03   8.6633735274E-05  -3.1245219826E-03   5.0582158185E-04  -3.6359114134E-05
   30      1.1460052927E-01  -1.1662776282E-01   4.0161087712E-02   5.4695774706E-04  -7.6031169329E-04
   31     -1.1662776282E-01   2.7843518890E-01  -5.1546077045E-02   7.6329381499E-04  -1.1972398871E-03
   32      4.0161087712E-02  -5.1546077045E-02   4.2005630804E-02   1.3362868555E-05  -3.1020846867E-04
   33      5.4695774706E-04   7.6329381499E-04   1.3362868555E-05   1.1415700855E-01   1.1645583937E-01
   34     -7.6031169329E-04  -1.1972398871E-03  -3.1020846867E-04   1.1645583937E-01   2.7924507075E-01
   35      1.5311771077E-05   3.1641313831E-04   6.0060438629E-04   3.9650426495E-02   5.0782646423E-02
   36     -1.5781162912E-04   9.5778906574E-05   5.1342320951E-04   2.6691789574E-04  -2.1444725022E-04
   37      7.1926144043E-05   1.0646847775E-05   4.9613479700E-05   2.2995125650E-04   7.4010766076E-04
   38      5.0552623811E-04   3.3416850159E-05  -1.1107807798E-03   1.8097401596E-03  -9.7065627102E-05
   39      1.2567732491E-04  -9.4504370392E-04  -2.1874018482E-04   1.6186670962E-04  -5.2459678833E-05
   40      7.4977909093E-05   4.2499945303E-05   4.0224037643E-04  -1.2426045931E-04   4.0279752185E-04
   41     -2.8546934796E-04  -7.6137836241E-04  -2.3526065748E-04   2.2729091350E-05   1.5699429975E-04
   42      1.6114901772E-04   5.2003983678E-05  -2.2493828633E-04   1.2246765521E-04   9.4641478225E-04
   43      1.2362107401E-04   4.0174029502E-04   7.7586958435E-05  -7.6310156931E-05   4.7204241748E-05
   44      2.2636703617E-05  -1.5905615293E-04  -2.6336503871E-05  -2.8798841281E-04   7.6061423382E-04
                   35                 36                 37                 38                 39        
    0     -4.9747738738E-03   1.0117856021E-02   1.5069426096E-02   3.5171110656E-03   6.8629754106E-05
    1      6.9543762317E-04  -1.3547392156E-02  -1.8996424691E-02  -5.8018354093E-03   6.5342165216E-05
    2      5.4272815827E-03   3.3969557007E-03   6.4661065915E-03   3.8163621475E-03  -1.4180279731E-04
    3     -3.8938620984E-05   4.8008336428E-04  -3.9888072939E-03  -2.9071532380E-03  -1.2986390648E-04
    4      3.2087339317E-04  -3.0365012283E-03  -3.2940920941E-03  -1.3444198560E-03  -1.7704078471E-05
    5     -6.0143785436E-04  -2.9395823147E-03  -1.7213673357E-03   5.9646943514E-03   1.1131700696E-04
    6     -2.5654883931E-03  -8.2412252318E-04  -9.1982784373E-04  -8.5511673757E-05   8.7014501875E-04
    7      1.4312034928E-03  -9.0209362116E-04   2.9420623986E-04  -3.6936080549E-04   1.8030066503E-03
    8      4.9166897549E-03  -6.7015804161E-05  -4.6999740982E-04  -7.6156878618E-04   1.2529446578E-03
    9      2.0976702727E-03  -3.3869692377E-03  -5.8484381725E-04  -5.1698727572E-03  -6.2130778397E-03
   10      5.2581694016E-03  -1.5347159248E-03   2.0855378367E-03  -5.3263709484E-04   2.5164310650E-02
   11      3.8107598292E-03  -4.6861235935E-03  -1.9628996545E-04   5.6932068104E-03  -1.6053943310E-02
   12     -3.3122881203E-02  -9.0376697781E-03  -1.6527400850E-03  -4.8590313147E-03  -3.7465548517E-03
   13     -4.7019710205E-02   2.6884064960E-02   3.1366379863E-03   1.1568722461E-02  -1.9728642428E-03
   14     -4.9208429565E-02  -4.6667674085E-03  -6.9082213254E-04   7.0313637777E-05  -3.1527798559E-03
   15     -4.9154122817E-03  -1.1252985066E-01   1.0916625833E-01  -3.3511662367E-02  -8.7639753897E-04
   16     -1.1799079824E-02   1.0912114842E-01  -2.6441557672E-01   4.6525894874E-02   1.1878866728E-03
   17      2.9376242960E-04  -3.3530917736E-02   4.6622881690E-02  -4.9575783372E-02   6.6745630852E-04
   18      1.6104753657E-03  -1.8599343189E-04  -2.3455975267E-04   4.8809704506E-05  -4.9061551692E-02
   19      9.7002243375E-04   1.4878512424E-03  -2.5776154590E-06   6.7069778525E-04   3.9989271140E-02
   20     -1.8665169414E-03  -5.5381702914E-04   2.8254600968E-05   1.2962763457E-04  -3.4797856744E-02
   21      7.0150135684E-04  -8.6306964176E-05   1.1475245393E-04  -4.3045078625E-05  -6.5432365083E-03
   22      1.0019270962E-04  -5.1681597708E-06  -1.3171517596E-05  -7.2935907919E-05  -1.0663672740E-02
   23     -5.0239585488E-04   9.4630407254E-05  -6.5843660858E-05   1.7760208743E-05   1.6359121603E-02
   24     -3.3108164677E-04   4.3942227045E-05  -1.1395513167E-04   1.6666858634E-03   2.9653057883E-05
   25     -6.2856587832E-04   3.9951157778E-04   9.8667111381E-04   1.8160595250E-04  -7.1487706824E-05
   26     -1.9964537921E-05   1.6595983157E-03  -2.2178504126E-05  -3.0560870097E-03  -4.8127864582E-05
   27      5.1375067737E-04   3.9302861279E-04   7.6721697205E-04   7.9483076591E-05   1.2498662896E-05
   28     -5.2510863769E-05  -7.6383221964E-04  -1.1381754249E-03  -3.4376673571E-04  -2.4080178566E-05
   29     -1.1101961379E-03   8.1527031325E-05   3.4882896846E-04   2.6591645240E-04  -2.3890610877E-06
   30      1.5311771077E-05  -1.5781162912E-04   7.1926144043E-05   5.0552623811E-04   1.2567732491E-04
   31      3.1641313831E-04   9.5778906574E-05   1.0646847775E-05   3.3416850159E-05  -9.4504370392E-04
   32      6.0060438629E-04   5.1342320951E-04   4.9613479700E-05  -1.1107807798E-03  -2.1874018482E-04
   33      3.9650426495E-02   2.6691789574E-04   2.2995125650E-04   1.8097401596E-03   1.6186670962E-04
   34      5.0782646423E-02  -2.1444725022E-04   7.4010766076E-04  -9.7065627102E-05  -5.2459678833E-05
   35      4.1641924669E-02   1.8085335604E-03   1.0935742077E-04  -3.1232162160E-03  -2.2688416722E-04
   36      1.8085335604E-03   1.1538157429E-01  -1.1797501142E-01   3.9008984843E-02  -4.8696041050E-04
   37      1.0935742077E-04  -1.1797501142E-01   2.8059181487E-01  -5.0417363085E-02   2.8803367247E-05
   38     -3.1232162160E-03   3.9008984843E-02  -5.0417363085E-02   4.1835549290E-02  -5.7831318661E-05
   39     -2.2688416722E-04  -4.8696041050E-04   2.8803367247E-05  -5.7831318661E-05   6.3868782566E-02
   40     -7.7535730389E-05   1.1920156257E-05   4.0980069939E-06   3.9722499615E-05  -4.9058812105E-02
   41     -2.5240620180E-05  -1.5652458796E-04  -3.0101461132E-05  -1.5788439149E-04   3.3721338893E-02
   42     -2.2132738524E-04   1.2282222895E-05   2.3933979029E-05  -2.2869151613E-06   1.9203896537E-03
   43     -4.0228505370E-04  -2.3636532027E-05   1.0297506101E-05  -4.2572018148E-05  -5.5762293682E-03
   44     -2.3362492364E-04   3.7149119478E-05  -9.1830804373E-06  -8.1099770840E-06   2.7102431121E-03
                   40                 41                 42                 43                 44        
    0     -9.3209006450E-05   6.8827339034E-05   7.0102993153E-05   9.2640762105E-05   6.7216170054E-05
    1      3.8699998705E-04  -4.0892343824E-04  -6.4683613367E-05   3.8772512153E-04   4.0707594907E-04
    2     -8.6573783374E-05  -7.4062694229E-06  -1.4049604349E-04   8.4303287060E-05  -8.5834438189E-06
    3      6.5975727766E-04  -2.0670831502E-04  -8.6942183938E-04   3.5577174211E-04   6.0072966945E-04
    4     -6.9409803192E-06  -1.1631988833E-04  -1.1925049975E-03  -1.3052333714E-04  -1.0671780439E-03
    5     -1.3615223980E-04   1.1701289008E-04   6.6798855333E-04   9.3608384535E-05   3.4250530552E-04
    6     -1.5126834465E-03   1.1458347404E-03  -3.7603154329E-03  -2.9392408151E-04  -2.9248307310E-03
    7      1.0499297304E-03   5.7260333579E-04   1.9528164152E-03   3.3693890332E-04   1.0081331693E-03
    8     -1.1984649191E-03   6.1936140351E-04  -3.1648285507E-03  -5.3344970994E-04  -3.3225911719E-04
    9     -6.3343256747E-05  -1.6336258500E-03  -6.1792689761E-03   5.1550465929E-05  -1.6331822553E-03
   10      8.4597352838E-04   1.1868161667E-02  -2.5273958692E-02   7.5078870359E-04  -1.1906464116E-02
   11     -1.8886497712E-03  -3.8972248599E-03  -1.5892030332E-02   1.8414618947E-03  -3.8474562252E-03
   12      2.7628004678E-04  -2.9198067361E-03   8.6915900395E-04   1.5231211285E-03   1.1448614652E-03
   13      3.2824261810E-04  -1.0160430182E-03  -1.8019507772E-03   1.0553383400E-03  -5.7628309127E-04
