
$orca_hessian_file

$act_atom
  0

$act_coord
  0

$act_energy
        0.000000

$multiplicity
  1

$hessian
45
                    0                  1                  2                  3                  4        
    0      6.3966749847E-01   4.8980855710E-04   2.2210093174E-01  -1.5983928613E-01   1.0762200455E-01
    1      4.8980855710E-04   6.5555680046E-01  -6.8925503824E-04   5.2820022338E-02  -2.7948500467E-01
    2      2.2210093174E-01  -6.8925503824E-04   2.2694980535E-01  -4.3038795632E-02   4.7235111102E-02
    3     -1.5983928613E-01   5.2820022338E-02  -4.3038795632E-02   5.9235437563E-01   3.2228745685E-02
    4      1.0762200455E-01  -2.7948500467E-01   4.7235111102E-02   3.2228745685E-02   7.1645562064E-01
    5     -4.3371190776E-02   2.3231902170E-02  -7.9707606486E-02   2.0128390302E-01   1.2850338356E-02
    6     -2.3783038554E-02   6.6895822902E-02  -1.4006141670E-02  -2.9372817657E-01  -2.7878178750E-02
    7      2.7949382534E-02   3.1002136256E-02   1.1940992828E-02   2.6045047885E-02  -1.2797474304E-01
    8     -1.3717770372E-02   3.0978754806E-02   1.3829223853E-03  -9.9962017649E-02  -1.3116317738E-02
    9      6.3328047367E-04   7.4565695222E-05   4.0404076546E-03  -2.4791768322E-02  -2.6426608785E-02
   10      7.8566954917E-05  -6.4036851345E-02   1.3208538227E-04  -6.6161944432E-02   3.1354518955E-02
   11      2.7907775496E-03   1.3408897896E-04  -6.0748483977E-03  -1.4359908084E-02  -9.6344627453E-03
   12     -2.3554059778E-02  -6.7095836417E-02  -1.3677485016E-02  -4.0209275924E-02   2.4683001107E-02
   13     -2.8136299367E-02   3.0576837407E-02  -1.2100908400E-02   2.4612676137E-02  -1.5242674228E-02
   14     -1.3519551708E-02  -3.1138645494E-02   1.5808313353E-03  -1.5215441159E-02   1.1204305536E-02
   15     -1.5945996142E-01  -5.2737936747E-02  -4.2688967938E-02   5.2745007617E-02  -1.9232471537E-02
   16     -1.0754167068E-01  -2.8023415066E-01  -4.6448089364E-02   1.9586618889E-02  -5.9045858304E-02
   17     -4.2831246069E-02  -2.2446280520E-02  -7.9399574338E-02   1.9210639633E-02  -8.3998306654E-03
   18     -4.2152048782E-05   1.4248851421E-05   1.0971509460E-04   5.6479527204E-03  -4.3624172333E-03
   19      9.2443737056E-06  -2.7577073766E-03   6.4214290016E-06  -4.0188721581E-03  -4.5582925289E-03
   20      8.1488741306E-04   6.3741157055E-06  -8.0841807912E-04  -2.7599625837E-03  -1.1321674180E-03
   21     -7.4831534895E-04   2.3706286616E-06  -1.6737873863E-04  -5.3230971341E-04   1.4799969853E-03
   22     -2.5763738344E-06   1.4515418005E-03  -3.8995015076E-06   1.4116021300E-03  -4.9500855520E-04
   23      5.0769852389E-05  -2.2396531357E-06  -7.8303653380E-05   1.0766123175E-03  -8.8925760803E-04
   24     -2.8576049800E-01  -5.1497892185E-04  -1.0942850567E-01  -9.8296080093E-03  -2.5125263332E-03
   25     -5.1496296526E-04  -5.8754802564E-02  -1.8366991458E-04   2.6034406847E-02   4.6680867247E-03
   26     -1.0938165447E-01  -1.8353327984E-04  -8.2463260156E-02  -5.3528201379E-03  -1.0006798167E-03
   27      1.0149640373E-02   1.3654345120E-02   3.4063916810E-03  -1.1181221477E-01  -1.0874995702E-01
   28     -1.5003793022E-02  -1.9089752084E-02  -6.4519560485E-03  -1.0883080468E-01  -2.6576822187E-01
   29      3.4931201871E-03   5.9341999900E-03   3.8543667601E-03  -3.3266455057E-02  -4.6734516750E-02
   30     -3.7675871910E-03  -1.4027841200E-03  -4.9087926865E-03  -8.7902573626E-03   2.6741964174E-02
   31     -3.6545620587E-04   2.0336558872E-03  -2.1703272784E-04  -1.6431139340E-03   3.2933718424E-03
   32     -4.9974912055E-03  -6.8578056709E-04   5.4676265426E-03  -5.0439469050E-03   1.1800442065E-02
   33     -3.7726827486E-03   1.3667350218E-03  -4.9150624296E-03  -7.1244457573E-04   7.1459257249E-04
   34      3.2947814465E-04   2.0419168064E-03   2.2005240718E-04   8.5416096137E-04   2.4800981260E-04
   35     -4.9981974839E-03   6.8768717535E-04   5.4605705775E-03  -5.3261337508E-05   3.1686389673E-04
   36      1.0146415859E-02  -1.3569425523E-02   3.4504604504E-03   4.9349415338E-04  -3.0480050850E-03
   37      1.5089295306E-02  -1.9083679094E-02   6.5632228831E-03  -4.0108447761E-03  -3.3139870943E-03
   38      3.4391439082E-03  -5.8250943867E-03   3.8531145587E-03  -2.9022787080E-03  -1.3196652063E-03
   39      6.4426244139E-05   6.1290610774E-05  -1.4370987793E-04  -1.3192204844E-04  -1.0357604309E-05
   40     -9.5253264718E-05   3.8911262965E-04  -8.9103423319E-05   6.6249229441E-04  -3.3571985321E-06
   41      6.9271277341E-05  -4.0951598223E-04  -7.8485057533E-06  -2.1410486731E-04  -1.1260911001E-04
   42      6.6319805764E-05  -6.0466653921E-05  -1.4206060312E-04  -8.6356668049E-04  -1.1956539537E-03
   43      9.4450110006E-05   3.8994654223E-04   8.6287902246E-05   3.5567803423E-04  -1.3246048281E-04
   44      6.7193800609E-05   4.0707816888E-04  -9.3778979486E-06   5.9291756015E-04  -1.0498671197E-03
                    5                  6                  7                  8                  9        
    0     -4.3371190776E-02  -2.3783038554E-02   2.7949382534E-02  -1.3717770372E-02   6.3328047367E-04
    1      2.3231902170E-02   6.6895822902E-02   3.1002136256E-02   3.0978754806E-02   7.4565695222E-05
    2     -7.9707606486E-02  -1.4006141670E-02   1.1940992828E-02   1.3829223853E-03   4.0404076546E-03
    3      2.0128390302E-01  -2.9372817657E-01   2.6045047885E-02  -9.9962017649E-02  -2.4791768322E-02
    4      1.2850338356E-02  -2.7878178750E-02  -1.2797474304E-01  -1.3116317738E-02  -2.6426608785E-02
    5      2.1755716952E-01  -1.0165538808E-01   1.1465097458E-02  -1.0301518376E-01  -1.3858862485E-02
    6     -1.0165538808E-01   6.0374548845E-01  -3.4150055546E-02   2.0267646968E-01  -1.4972430960E-01
    7      1.1465097458E-02  -3.4150055546E-02   7.0250909904E-01  -1.4221074913E-02  -9.7289040588E-02
    8     -1.0301518376E-01   2.0267646968E-01  -1.4221074913E-02   2.1858641983E-01  -3.6158269144E-02
    9     -1.3858862485E-02  -1.4972430960E-01  -9.7289040588E-02  -3.6158269144E-02   5.6214090921E-01
   10     -2.9481916190E-02  -4.6006074530E-02  -2.7067386167E-01  -1.8823297666E-02   2.2952301821E-04
   11      4.9106249321E-04  -3.4196924851E-02  -4.2217721728E-02  -8.0214294018E-02   1.7240712777E-01
   12     -1.4019947755E-02   4.9158530453E-02   1.8152802477E-02   1.7732673202E-02  -1.5012125493E-01
   13      1.0763465098E-02  -1.7808625475E-02  -5.7984152009E-02  -8.1990595379E-03   9.7460313902E-02
   14     -1.4812462501E-02   1.7784714256E-02   8.5862875702E-03   1.8791774343E-02  -3.6646661487E-02
   15      1.9278328547E-02  -4.0084982142E-02  -2.4746514055E-02  -1.5085443569E-02  -2.4993774465E-02
   16      8.7873870044E-03  -2.4800329817E-02  -1.5462902918E-02  -1.1240687273E-02   2.6243574128E-02
   17      1.6865917842E-02  -1.3882119592E-02  -1.0797235606E-02  -1.4712092351E-02  -1.4039409448E-02
   18     -1.8655988349E-04  -2.3939375401E-02  -1.0426261431E-02  -1.2399179491E-02  -1.8155671370E-01
   19     -7.8901600038E-04  -2.8072705557E-02   3.9919602362E-03  -1.1592686119E-02  -3.5660706328E-04
   20      5.0881582363E-03  -1.0154517417E-02  -1.7462149791E-04  -2.8647619697E-03  -7.8836115615E-02
   21     -2.0373800357E-03   1.4317846280E-03   3.8045006615E-03   1.9021884255E-03  -3.1254906240E-02
   22      5.3946889642E-04  -1.5619652733E-03  -5.2193967480E-04  -4.7961432881E-04   3.3310597377E-05
   23      9.2059767269E-04  -2.1758950472E-03  -2.6167568514E-03  -2.8709865405E-04   1.1752190005E-02
   24     -5.2357654082E-03   1.7496301212E-03   3.1564746978E-03  -2.5485395646E-03   4.6094771238E-04
   25      1.1366365507E-02   2.2390843574E-03  -4.6651093597E-03   9.8170892824E-04   2.9321973911E-06
   26     -2.1357411972E-05  -2.4602772446E-03   1.4438902514E-03   6.4396879906E-03   5.1685439078E-04
   27     -3.3350937492E-02  -8.9532993584E-03  -2.6977284935E-02  -4.6522478459E-03  -3.3985597465E-03
   28     -4.6721272287E-02   1.6046154461E-03   3.0196028744E-03   6.8324957874E-04   5.6533958661E-04
   29     -4.9486858613E-02  -4.9285583986E-03  -1.1642988244E-02   4.5049529662E-05  -5.1437845287E-03
   30     -4.6378914245E-03  -1.1219160588E-01   1.0849981321E-01  -3.3298409196E-02   9.2230297135E-03
   31     -6.8048571450E-04   1.0821034323E-01  -2.6179239305E-01   4.5483721319E-02   1.4638262133E-02
   32      3.1180046811E-04  -3.2624486087E-02   4.5522483435E-02  -4.8691473900E-02   2.1114688010E-03
   33     -4.0124358441E-05   8.5241876108E-05   3.2104338607E-03  -2.5601002785E-03   9.2220717474E-03
   34      3.8427967118E-04   4.0314407810E-03  -3.1156122678E-03   1.7642929048E-03  -1.4556811542E-02
   35     -6.2486452976E-04  -2.5826046740E-03   1.4423339369E-03   4.9681696599E-03   2.1574419993E-03
   36     -2.9494702335E-03  -8.4309762867E-04  -9.1396512978E-04  -7.0461675910E-05  -3.3943972679E-03
   37     -1.6945208856E-03  -9.2402866963E-04   2.9738801911E-04  -4.7452553806E-04  -6.0133408966E-04
   38      5.9744621987E-03  -5.1659985518E-05  -3.5874118710E-04  -7.4279708065E-04  -5.1395732188E-03
   39      1.1356848319E-04   8.8440519381E-04   1.7806829654E-03   1.2526614138E-03  -6.2434046083E-03
   40     -1.3253124826E-04  -1.5094961720E-03   1.0449209181E-03  -1.1863207833E-03  -3.4477875443E-05
   41      1.1425847479E-04   1.1476573126E-03   5.9297645295E-04   6.5846010063E-04  -1.7139316160E-03
   42      6.7263746655E-04  -3.8071955796E-03   1.9443897858E-03  -3.1259645400E-03  -6.2011499787E-03
   43      9.3751387764E-05  -3.1025332520E-04   3.2560664698E-04  -5.3712490699E-04   2.0166013881E-05
   44      3.4490640258E-04  -2.8758575991E-03   1.0140593640E-03  -3.4478210632E-04  -1.7104932244E-03
                   10                 11                 12                 13                 14        
    0      7.8566954917E-05   2.7907775496E-03  -2.3554059778E-02  -2.8136299367E-02  -1.3519551708E-02
    1     -6.4036851345E-02   1.3408897896E-04  -6.7095836417E-02   3.0576837407E-02  -3.1138645494E-02
    2      1.3208538227E-04  -6.0748483977E-03  -1.3677485016E-02  -1.2100908400E-02   1.5808313353E-03
    3     -6.6161944432E-02  -1.4359908084E-02  -4.0209275924E-02   2.4612676137E-02  -1.5215441159E-02
    4      3.1354518955E-02  -9.6344627453E-03   2.4683001107E-02  -1.5242674228E-02   1.1204305536E-02
    5     -2.9481916190E-02   4.9106249321E-04  -1.4019947755E-02   1.0763465098E-02  -1.4812462501E-02
    6     -4.6006074530E-02  -3.4196924851E-02   4.9158530453E-02  -1.7808625475E-02   1.7784714256E-02
    7     -2.7067386167E-01  -4.2217721728E-02   1.8152802477E-02  -5.7984152009E-02   8.5862875702E-03
    8     -1.8823297666E-02  -8.0214294018E-02   1.7732673202E-02  -8.1990595379E-03   1.8791774343E-02
    9      2.2952301821E-04   1.7240712777E-01  -1.5012125493E-01   9.7460313902E-02  -3.6646661487E-02
   10      6.7244751461E-01  -7.7456773071E-04   4.6170332287E-02  -2.7008956325E-01   1.9608012345E-02
   11     -7.7456773071E-04   2.4421307348E-01  -3.4522596291E-02   4.3013026613E-02  -8.0473389437E-02
   12      4.6170332287E-02  -3.4522596291E-02   6.0352073801E-01   3.4788257430E-02   2.0246253309E-01
   13     -2.7008956325E-01   4.3013026613E-02   3.4788257430E-02   7.0283123860E-01   1.2528657598E-02
   14      1.9608012345E-02  -8.0473389437E-02   2.0246253309E-01   1.2528657598E-02   2.1845675388E-01
   15      6.5962514921E-02  -1.4676601123E-02  -2.9366720888E-01  -2.6897140573E-02  -9.9832376473E-02
   16      3.1733695254E-02   9.4583689499E-03   2.7018267868E-02  -1.2796022107E-01   1.2989628524E-02
   17      2.9315374958E-02   3.1842572398E-04  -1.0170721892E-01  -1.1597123310E-02  -1.0301879105E-01
   18     -2.3899474898E-04  -5.4150558657E-02  -2.3999843145E-02   1.0295895424E-02  -1.2493706033E-02
   19     -9.6176185525E-02  -6.2711767514E-05   2.7957652522E-02   4.1100892425E-03   1.1525405618E-02
   20     -6.5238379797E-05  -9.5215210779E-02  -1.0298786366E-02   1.1941061482E-04  -2.9114796427E-03
   21      4.9583970762E-05   1.2803045366E-02   1.4356163254E-03  -3.7999337737E-03   1.9277396427E-03
   22      1.8915959932E-03   2.1355635846E-05   1.5442350766E-03  -4.9854168443E-04   4.8355773745E-04
   23      2.0969901203E-05   6.5668254356E-03  -2.1799818225E-03   2.6126341490E-03  -3.1274254729E-04
   24      4.1257113255E-06   7.2853322890E-04   1.7621501870E-03  -3.1519684207E-03  -2.5331040469E-03
   25     -1.4643288901E-03   2.1587737057E-06  -2.2315683737E-03  -4.6894073738E-03  -9.3683834920E-04
   26      1.0856250279E-06  -7.1830851407E-04  -2.4477712219E-03  -1.3988964982E-03   6.4532436386E-03
   27      1.4755269409E-03  -4.6929577946E-03  -8.4745767191E-04   9.1070744231E-04  -7.5741853862E-05
   28      2.1006082789E-03   1.7537327668E-04   9.2116153822E-04   3.0568743243E-04   4.6974410639E-04
   29      5.8369978514E-04   5.7159156350E-03  -5.7265218130E-05   3.5443440103E-04  -7.4657909996E-04
   30     -1.2216855719E-02   2.5104140659E-03   1.0132810777E-04  -3.2141116483E-03  -2.5428437988E-03
   31     -2.0337021029E-02   6.3037260325E-03  -4.0352674997E-03  -3.1465760775E-03  -1.7343553714E-03
   32     -5.1513046980E-03   3.8412541497E-03  -2.5621093236E-03  -1.4110774931E-03   4.9836939385E-03
   33      1.2294716967E-02   2.4653668738E-03  -1.1166214520E-01  -1.0827990539E-01  -3.2706776833E-02
   34     -2.0348311069E-02  -6.1901029343E-03  -1.0798828635E-01  -2.6270790486E-01  -4.4614687673E-02
   35      5.2600124409E-03   3.8434690094E-03  -3.2034617831E-02  -4.4659798210E-02  -4.8284411628E-02
   36     -1.5090670609E-03  -4.6818314301E-03  -9.0117579611E-03   2.6927929817E-02  -4.7711367079E-03
   37      2.0930898355E-03  -1.7159620734E-04  -1.6548928793E-03   3.1284525485E-03  -7.0821052539E-04
   38     -5.8089541983E-04   5.7149672419E-03  -4.9467211371E-03   1.1616534510E-02  -3.0877017646E-06
   39      2.5177309267E-02  -1.6182571781E-02  -3.7900289973E-03  -1.9687828060E-03  -3.1110946916E-03
   40      8.0857615398E-04  -1.8911356093E-03   2.8925592058E-04   3.1532862113E-04   5.2969118686E-04
   41      1.1786501378E-02  -4.0356070348E-03  -2.8699895119E-03  -1.0237486822E-03  -3.5191693402E-04
   42     -2.5312370874E-02  -1.5979704703E-02   8.8466939834E-04  -1.7787656349E-03   1.2565462998E-03
   43      6.9652369688E-04   1.8359092593E-03   1.5206382312E-03   1.0514067016E-03   1.1864986157E-03
   44     -1.1832230528E-02  -3.9733349840E-03   1.1461856315E-03  -5.9660227656E-04   6.4856340102E-04
                   15                 16                 17                 18                 19        
    0     -1.5945996142E-01  -1.0754167068E-01  -4.2831246069E-02  -4.2152048782E-05   9.2443737056E-06
    1     -5.2737936747E-02  -2.8023415066E-01  -2.2446280520E-02   1.4248851421E-05  -2.7577073766E-03
    2     -4.2688967938E-02  -4.6448089364E-02  -7.9399574338E-02   1.0971509460E-04   6.4214290016E-06
    3      5.2745007617E-02   1.9586618889E-02   1.9210639633E-02   5.6479527204E-03  -4.0188721581E-03
    4     -1.9232471537E-02  -5.9045858304E-02  -8.3998306654E-03  -4.3624172333E-03  -4.5582925289E-03
    5      1.9278328547E-02   8.7873870044E-03   1.6865917842E-02  -1.8655988349E-04  -7.8901600038E-04
    6     -4.0084982142E-02  -2.4800329817E-02  -1.3882119592E-02  -2.3939375401E-02  -2.8072705557E-02
    7     -2.4746514055E-02  -1.5462902918E-02  -1.0797235606E-02  -1.0426261431E-02   3.9919602362E-03
    8     -1.5085443569E-02  -1.1240687273E-02  -1.4712092351E-02  -1.2399179491E-02  -1.1592686119E-02
    9     -2.4993774465E-02   2.6243574128E-02  -1.4039409448E-02  -1.8155671370E-01  -3.5660706328E-04
   10      6.5962514921E-02   3.1733695254E-02   2.9315374958E-02  -2.3899474898E-04  -9.6176185525E-02
   11     -1.4676601123E-02   9.4583689499E-03   3.1842572398E-04  -5.4150558657E-02  -6.2711767514E-05
   12     -2.9366720888E-01   2.7018267868E-02  -1.0170721892E-01  -2.3999843145E-02   2.7957652522E-02
   13     -2.6897140573E-02  -1.2796022107E-01  -1.1597123310E-02   1.0295895424E-02   4.1100892425E-03
   14     -9.9832376473E-02   1.2989628524E-02  -1.0301879105E-01  -1.2493706033E-02   1.1525405618E-02
   15      5.9245668039E-01  -3.1602665145E-02   2.0142004095E-01   5.6077588295E-03   4.0233613767E-03
   16     -3.1602665145E-02   7.1624668414E-01  -1.4588753187E-02   4.3752358734E-03  -4.5245474715E-03
   17      2.0142004095E-01  -1.4588753187E-02   2.1766719788E-01  -2.1428104605E-04   8.1975236541E-04
   18      5.6077588295E-03   4.3752358734E-03  -2.1428104605E-04   3.4540429201E-01   4.3273928309E-04
   19      4.0233613767E-03  -4.5245474715E-03   8.1975236541E-04   4.3273928309E-04   6.0723213941E-01
   20     -2.7899680598E-03   1.1682313603E-03   5.0898371074E-03   1.4251846291E-01  -7.1560796545E-04
   21     -5.3349249237E-04  -1.4909533016E-03  -2.0404177289E-03  -2.9877034795E-02   1.0425721170E-04
   22     -1.4026862104E-03  -4.9485221127E-04  -5.2703224679E-04   6.3934415797E-05  -2.5005311620E-02
   23      1.0784621753E-03   8.9819971662E-04   9.1926876143E-04   1.3456206838E-02  -1.1787136581E-04
   24     -9.7714126534E-03   2.4539403249E-03  -5.2195878230E-03  -9.9945724227E-06  -3.5461332671E-07
   25     -2.6094237394E-02   4.5621660487E-03  -1.1400377690E-02   8.6312751952E-07   1.2725744732E-04
   26     -5.2378378531E-03   9.6668850759E-04   2.6198873439E-05   4.5223330295E-04  -6.7846337471E-07
   27      4.7594968527E-04   3.0434999407E-03  -2.9666854791E-03  -1.8593092845E-04  -1.4836616270E-03
   28      4.0066413995E-03  -3.2833376663E-03   1.7288313122E-03   2.3088908717E-04  -1.0406448356E-05
   29     -2.9222357327E-03   1.3552072176E-03   5.9601167771E-03   4.9993002627E-05  -6.6999971352E-04
   30     -7.0840951846E-04  -7.1687176742E-04  -3.5335288020E-05   2.9180734962E-04  -8.4613745436E-04
   31     -8.5628873709E-04   2.4144972487E-04  -3.8789809294E-04   2.0348452347E-03   9.8949469130E-04
   32     -4.7841034881E-05  -3.2104365275E-04  -6.2273206250E-04   1.6237627769E-03  -9.4761337019E-04
   33     -8.7309056601E-03  -2.6792672144E-02  -4.5203973746E-03   2.9632526779E-04   8.5823980229E-04
   34      1.5925505965E-03   3.1823454425E-03   6.5571335642E-04  -2.0309943842E-03   9.8739446804E-04
   35     -5.0222524242E-03  -1.1822519989E-02   3.6005569151E-04   1.6338093718E-03   9.4733362313E-04
   36     -1.1233353698E-01   1.0896771513E-01  -3.3948681285E-02  -1.8966300811E-04   1.4785011214E-03
   37      1.0904790549E-01  -2.6483457766E-01   4.7600512733E-02  -2.3120622428E-04  -3.8885739365E-06
   38     -3.3865015992E-02   4.7614240067E-02  -4.9905440700E-02   5.1626807903E-05   6.7069567685E-04
   39     -8.7216349947E-04   1.1899841385E-03   6.7193495892E-04  -4.8747863995E-02   3.8926213155E-02
   40     -3.5182005175E-04  -1.2475608026E-04  -9.2088893035E-05   4.2788761733E-02  -2.4118530258E-01
   41      5.9379752161E-04   1.0541198778E-03   3.4091362100E-04  -4.0456475153E-02   1.2263256416E-01
   42     -1.2954881459E-04   1.4341365310E-05   1.1050766225E-04  -4.8699564580E-02  -3.9013902644E-02
   43     -6.5922814060E-04  -1.1365713624E-06   1.3371946625E-04  -4.2945506738E-02  -2.4321669337E-01
   44     -2.0983214489E-04   1.1173826178E-04   1.1069822206E-04  -3.9991622387E-02  -1.2170417883E-01
                   20                 21                 22                 23                 24        
    0      8.1488741306E-04  -7.4831534895E-04  -2.5763738344E-06   5.0769852389E-05  -2.8576049800E-01
    1      6.3741157055E-06   2.3706286616E-06   1.4515418005E-03  -2.2396531357E-06  -5.1497892185E-04
    2     -8.0841807912E-04  -1.6737873863E-04  -3.8995015076E-06  -7.8303653380E-05  -1.0942850567E-01
    3     -2.7599625837E-03  -5.3230971341E-04   1.4116021300E-03   1.0766123175E-03  -9.8296080093E-03
    4     -1.1321674180E-03   1.4799969853E-03  -4.9500855520E-04  -8.8925760803E-04  -2.5125263332E-03
    5      5.0881582363E-03  -2.0373800357E-03   5.3946889642E-04   9.2059767269E-04  -5.2357654082E-03
    6     -1.0154517417E-02   1.4317846280E-03  -1.5619652733E-03  -2.1758950472E-03   1.7496301212E-03
    7     -1.7462149791E-04   3.8045006615E-03  -5.2193967480E-04  -2.6167568514E-03   3.1564746978E-03
    8     -2.8647619697E-03   1.9021884255E-03  -4.7961432881E-04  -2.8709865405E-04  -2.5485395646E-03
    9     -7.8836115615E-02  -3.1254906240E-02   3.3310597377E-05   1.1752190005E-02   4.6094771238E-04
   10     -6.5238379797E-05   4.9583970762E-05   1.8915959932E-03   2.0969901203E-05   4.1257113255E-06
   11     -9.5215210779E-02   1.2803045366E-02   2.1355635846E-05   6.5668254356E-03   7.2853322890E-04
   12     -1.0298786366E-02   1.4356163254E-03   1.5442350766E-03  -2.1799818225E-03   1.7621501870E-03
   13      1.1941061482E-04  -3.7999337737E-03  -4.9854168443E-04   2.6126341490E-03  -3.1519684207E-03
   14     -2.9114796427E-03   1.9277396427E-03   4.8355773745E-04  -3.1274254729E-04  -2.5331040469E-03
   15     -2.7899680598E-03  -5.3349249237E-04  -1.4026862104E-03   1.0784621753E-03  -9.7714126534E-03
   16      1.1682313603E-03  -1.4909533016E-03  -4.9485221127E-04   8.9819971662E-04   2.4539403249E-03
   17      5.0898371074E-03  -2.0404177289E-03  -5.2703224679E-04   9.1926876143E-04  -5.2195878230E-03
   18      1.4251846291E-01  -2.9877034795E-02   6.3934415797E-05   1.3456206838E-02  -9.9945724227E-06
   19     -7.1560796545E-04   1.0425721170E-04  -2.5005311620E-02  -1.1787136581E-04  -3.5461332671E-07
   20      3.9153927870E-01   2.6726295821E-02  -1.2199277047E-04  -5.4420674717E-02   2.8211381410E-04
   21      2.6726295821E-02   7.4014698047E-02  -2.1002305017E-04  -5.6860996789E-02  -1.3701383748E-04
   22     -1.2199277047E-04  -2.1002305017E-04   1.5660326715E-02   2.3739564581E-04   2.6716675610E-07
   23     -5.4420674717E-02  -5.6860996789E-02   2.3739564581E-04   7.8437503357E-02   9.9481065829E-05
   24      2.8211381410E-04  -1.3701383748E-04   2.6716675610E-07   9.9481065829E-05   3.0256229745E-01
   25     -2.0714881434E-06   2.2865474680E-08   4.7128918026E-05   8.6503949733E-08   5.6306702431E-04
   26     -7.5593958395E-04   2.7873319798E-04  -1.4782012059E-06  -1.5350064954E-04   1.2113699108E-01
   27     -5.4529623968E-04  -8.5365492896E-05   5.3843098352E-06   9.2886863543E-05   4.4648839873E-05
   28     -3.1883710622E-05  -1.1264968624E-04  -1.2650832530E-05   6.4216456043E-05   1.0927218967E-04
   29      1.3371142360E-04  -3.9521267310E-05   7.3638500599E-05   1.5222889725E-05   1.6724068897E-03
   30      1.8100734874E-03  -1.9030910068E-04   9.3176757288E-05   1.2302459219E-04  -5.8817889345E-04
   31      9.4990943024E-04  -4.1108337213E-04   7.3317440773E-05   2.3327214075E-04  -1.4968416048E-04
   32     -1.8797438369E-03   7.0003087294E-04  -1.0550821199E-04  -4.9479584786E-04  -3.3345247289E-04
   33      1.8126979703E-03  -1.9023120041E-04  -9.2276308155E-05   1.2326123756E-04  -5.8509634792E-04
   34     -9.6268289359E-04   4.1165487897E-04   7.1080495287E-05  -2.3284278295E-04   1.4673874738E-04
   35     -1.8875577756E-03   7.0003477949E-04   9.8468876265E-05  -4.9421368002E-04  -3.3285813797E-04
   36     -5.5262522854E-04  -8.6060455276E-05  -4.4626236996E-06   9.2650781050E-05   4.3656820162E-05
   37      3.1347588955E-05   1.1200179447E-04  -1.3230214325E-05  -6.3789380938E-05  -1.0422689483E-04
   38      1.3017155199E-04  -4.2216367896E-05  -7.3871703462E-05   1.6989525023E-05   1.6729393164E-03
   39     -3.4232646540E-02  -6.6223873249E-03  -1.0898761873E-02   1.6683422924E-02   2.9467917006E-05
   40      1.2080492917E-01   7.0524695032E-04   3.9448311134E-03  -3.4979257827E-03   4.6426457137E-06
   41     -1.2157969154E-01   8.0776236700E-03   9.9956568111E-03  -1.5350978661E-02   1.8392973576E-05
   42     -3.3798040817E-02  -6.6246729985E-03   1.1024565466E-02   1.6582299206E-02   2.9003265168E-05
   43     -1.1987574543E-01  -6.4871697012E-04   3.9017123162E-03   3.3580860770E-03  -4.7718932157E-06
   44     -1.1965767910E-01   8.0778249522E-03  -1.0140322305E-02  -1.5284099231E-02   1.8286743860E-05
                   25                 26                 27                 28                 29        
    0     -5.1496296526E-04  -1.0938165447E-01   1.0149640373E-02  -1.5003793022E-02   3.4931201871E-03
    1     -5.8754802564E-02  -1.8353327984E-04   1.3654345120E-02  -1.9089752084E-02   5.9341999900E-03
    2     -1.8366991458E-04  -8.2463260156E-02   3.4063916810E-03  -6.4519560485E-03   3.8543667601E-03
    3      2.6034406847E-02  -5.3528201379E-03  -1.1181221477E-01  -1.0883080468E-01  -3.3266455057E-02
    4      4.6680867247E-03  -1.0006798167E-03  -1.0874995702E-01  -2.6576822187E-01  -4.6734516750E-02
    5      1.1366365507E-02  -2.1357411972E-05  -3.3350937492E-02  -4.6721272287E-02  -4.9486858613E-02
    6      2.2390843574E-03  -2.4602772446E-03  -8.9532993584E-03   1.6046154461E-03  -4.9285583986E-03
    7     -4.6651093597E-03   1.4438902514E-03  -2.6977284935E-02   3.0196028744E-03  -1.1642988244E-02
    8      9.8170892824E-04   6.4396879906E-03  -4.6522478459E-03   6.8324957874E-04   4.5049529662E-05
    9      2.9321973911E-06   5.1685439078E-04  -3.3985597465E-03   5.6533958661E-04  -5.1437845287E-03
   10     -1.4643288901E-03   1.0856250279E-06   1.4755269409E-03   2.1006082789E-03   5.8369978514E-04
   11      2.1587737057E-06  -7.1830851407E-04  -4.6929577946E-03   1.7537327668E-04   5.7159156350E-03
   12     -2.2315683737E-03  -2.4477712219E-03  -8.4745767191E-04   9.2116153822E-04  -5.7265218130E-05
   13     -4.6894073738E-03  -1.3988964982E-03   9.1070744231E-04   3.0568743243E-04   3.5443440103E-04
   14     -9.3683834920E-04   6.4532436386E-03  -7.5741853862E-05   4.6974410639E-04  -7.4657909996E-04
   15     -2.6094237394E-02  -5.2378378531E-03   4.7594968527E-04   4.0066413995E-03  -2.9222357327E-03
   16      4.5621660487E-03   9.6668850759E-04   3.0434999407E-03  -3.2833376663E-03   1.3552072176E-03
   17     -1.1400377690E-02   2.6198873439E-05  -2.9666854791E-03   1.7288313122E-03   5.9601167771E-03
   18      8.6312751952E-07   4.5223330295E-04  -1.8593092845E-04   2.3088908717E-04   4.9993002627E-05
   19      1.2725744732E-04  -6.7846337471E-07  -1.4836616270E-03  -1.0406448356E-05  -6.6999971352E-04
   20     -2.0714881434E-06  -7.5593958395E-04  -5.4529623968E-04  -3.1883710622E-05   1.3371142360E-04
   21      2.2865474680E-08   2.7873319798E-04  -8.5365492896E-05  -1.1264968624E-04  -3.9521267310E-05
   22      4.7128918026E-05  -1.4782012059E-06   5.3843098352E-06  -1.2650832530E-05   7.3638500599E-05
   23      8.6503949733E-08  -1.5350064954E-04   9.2886863543E-05   6.4216456043E-05   1.5222889725E-05
   24      5.6306702431E-04   1.2113699108E-01   4.4648839873E-05   1.0927218967E-04   1.6724068897E-03
   25      5.8115345533E-02   1.8803056509E-04  -3.9747912869E-04   9.9019922424E-04  -1.8384449488E-04
   26      1.8803056509E-04   7.7325539360E-02   1.6729491889E-03   2.3182826077E-05  -3.0604608124E-03
   27     -3.9747912869E-04   1.6729491889E-03   1.1456651227E-01   1.1763161641E-01   3.8824708630E-02
   28      9.9019922424E-04   2.3182826077E-05   1.1763161641E-01   2.8211579513E-01   5.0508881340E-02
   29     -1.8384449488E-04  -3.0604608124E-03   3.8824708630E-02   5.0508881340E-02   4.1736599304E-02
   30      1.3855206703E-03  -3.7743283598E-04   2.7747374782E-04  -2.2830813291E-04   1.8028899524E-03
   31      5.7628062514E-06  -7.4096593171E-05   1.9689360273E-04   7.5039393085E-04   1.2596729008E-04
   32      6.2475298725E-04  -2.4894794016E-05   1.8164146338E-03  -1.0363318678E-04  -3.1468637052E-03
   33     -1.3890546504E-03  -3.7162230598E-04  -1.5698098610E-04  -7.2388264653E-05   5.0337138885E-04
   34      4.1157051084E-08   7.3252355860E-05  -8.9225236297E-05   9.2819335810E-06  -4.7098420077E-05
   35     -6.2551341320E-04  -2.1881118350E-05   5.1711910058E-04  -4.8010885991E-05  -1.1141194835E-03
   36      4.0142010096E-04   1.6719828560E-03   3.9878457813E-04  -7.6698657893E-04   7.4221170997E-05
   37      9.9351245390E-04  -3.7504121015E-05   7.7114875888E-04  -1.1413772695E-03   3.4093313423E-04
   38      1.6938968511E-04  -3.0624617010E-03   7.1572994940E-05  -3.3456071991E-04   2.5855914407E-04
   39     -7.1383775905E-05  -4.9016926474E-05   1.3245941867E-05  -2.4598611046E-05  -1.9820770564E-06
   40      3.2240653231E-05   1.0302717041E-04   2.4228438698E-05   1.0611007892E-05   4.3759728566E-05
   41     -5.6770032322E-05   1.8477201121E-05   3.6320380450E-05   9.1894802875E-06  -9.0621570454E-06
   42      7.1351826709E-05  -4.8643024314E-05  -4.8644647773E-04  -3.1629465758E-05  -5.9872363689E-05
   43      3.1907221152E-05  -1.0219283625E-04  -1.4120235358E-05   3.5663565763E-06  -4.1856155399E-05
   44      5.6494940719E-05   1.8917677624E-05  -1.5553334738E-04   2.8230854229E-05  -1.5559759140E-04
                   30                 31                 32                 33                 34        
    0     -3.7675871910E-03  -3.6545620587E-04  -4.9974912055E-03  -3.7726827486E-03   3.2947814465E-04
    1     -1.4027841200E-03   2.0336558872E-03  -6.8578056709E-04   1.3667350218E-03   2.0419168064E-03
    2     -4.9087926865E-03  -2.1703272784E-04   5.4676265426E-03  -4.9150624296E-03   2.2005240718E-04
    3     -8.7902573626E-03  -1.6431139340E-03  -5.0439469050E-03  -7.1244457573E-04   8.5416096137E-04
    4      2.6741964174E-02   3.2933718424E-03   1.1800442065E-02   7.1459257249E-04   2.4800981260E-04
    5     -4.6378914245E-03  -6.8048571450E-04   3.1180046811E-04  -4.0124358441E-05   3.8427967118E-04
    6     -1.1219160588E-01   1.0821034323E-01  -3.2624486087E-02   8.5241876108E-05   4.0314407810E-03
    7      1.0849981321E-01  -2.6179239305E-01   4.5522483435E-02   3.2104338607E-03  -3.1156122678E-03
    8     -3.3298409196E-02   4.5483721319E-02  -4.8691473900E-02  -2.5601002785E-03   1.7642929048E-03
    9      9.2230297135E-03   1.4638262133E-02   2.1114688010E-03   9.2220717474E-03  -1.4556811542E-02
   10     -1.2216855719E-02  -2.0337021029E-02  -5.1513046980E-03   1.2294716967E-02  -2.0348311069E-02
   11      2.5104140659E-03   6.3037260325E-03   3.8412541497E-03   2.4653668738E-03  -6.1901029343E-03
   12      1.0132810777E-04  -4.0352674997E-03  -2.5621093236E-03  -1.1166214520E-01  -1.0798828635E-01
   13     -3.2141116483E-03  -3.1465760775E-03  -1.4110774931E-03  -1.0827990539E-01  -2.6270790486E-01
   14     -2.5428437988E-03  -1.7343553714E-03   4.9836939385E-03  -3.2706776833E-02  -4.4614687673E-02
   15     -7.0840951846E-04  -8.5628873709E-04  -4.7841034881E-05  -8.7309056601E-03   1.5925505965E-03
   16     -7.1687176742E-04   2.4144972487E-04  -3.2104365275E-04  -2.6792672144E-02   3.1823454425E-03
   17     -3.5335288020E-05  -3.8789809294E-04  -6.2273206250E-04  -4.5203973746E-03   6.5571335642E-04
   18      2.9180734962E-04   2.0348452347E-03   1.6237627769E-03   2.9632526779E-04  -2.0309943842E-03
   19     -8.4613745436E-04   9.8949469130E-04  -9.4761337019E-04   8.5823980229E-04   9.8739446804E-04
   20      1.8100734874E-03   9.4990943024E-04  -1.8797438369E-03   1.8126979703E-03  -9.6268289359E-04
   21     -1.9030910068E-04  -4.1108337213E-04   7.0003087294E-04  -1.9023120041E-04   4.1165487897E-04
   22      9.3176757288E-05   7.3317440773E-05  -1.0550821199E-04  -9.2276308155E-05   7.1080495287E-05
   23      1.2302459219E-04   2.3327214075E-04  -4.9479584786E-04   1.2326123756E-04  -2.3284278295E-04
   24     -5.8817889345E-04  -1.4968416048E-04  -3.3345247289E-04  -5.8509634792E-04   1.4673874738E-04
   25      1.3855206703E-03   5.7628062514E-06   6.2475298725E-04  -1.3890546504E-03   4.1157051084E-08
   26     -3.7743283598E-04  -7.4096593171E-05  -2.4894794016E-05  -3.7162230598E-04   7.3252355860E-05
   27      2.7747374782E-04   1.9689360273E-04   1.8164146338E-03  -1.5698098610E-04  -8.9225236297E-05
   28     -2.2830813291E-04   7.5039393085E-04  -1.0363318678E-04  -7.2388264653E-05   9.2819335810E-06
   29      1.8028899524E-03   1.2596729008E-04  -3.1468637052E-03   5.0337138885E-04  -4.7098420077E-05
   30      1.1566336968E-01  -1.1760441329E-01   3.9273253520E-02   5.3394424417E-04  -7.6045919065E-04
   31     -1.1760441329E-01   2.7863772958E-01  -4.9441665185E-02   7.6424200113E-04  -1.2044576112E-03
   32      3.9273253520E-02  -4.9441665185E-02   4.1045712543E-02   2.5669375618E-05  -3.1386943469E-04
   33      5.3394424417E-04   7.6424200113E-04   2.5669375618E-05   1.1509572901E-01   1.1738008145E-01
   34     -7.6045919065E-04  -1.2044576112E-03  -3.1386943469E-04   1.1738008145E-01   2.7963404489E-01
   35      2.8218019166E-05   3.2183915462E-04   6.0647979737E-04   3.8634783437E-02   4.8480741964E-02
   36     -1.5729097437E-04   9.1093715702E-05   5.1670684452E-04   2.7736350015E-04  -1.9092929649E-04
   37      7.4209313242E-05   9.9863233026E-06   4.4327643320E-05   2.3458470248E-04   7.5014217882E-04
   38      5.0287842989E-04   4.3390405833E-05  -1.1148116800E-03   1.8019923677E-03  -1.3906569580E-04
   39      1.3897661069E-04  -9.3964666693E-04  -2.2366144308E-04   1.6463316817E-04  -6.1179032908E-05
   40      8.3279266825E-05   4.1204036798E-05   4.0126782576E-04  -1.2149500256E-04   4.0516327085E-04
   41     -2.7832995857E-04  -7.6236541915E-04  -2.4971838270E-04   2.4366496011E-05   1.5403042291E-04
   42      1.6370946493E-04   6.0559312360E-05  -2.3033765192E-04   1.3517790088E-04   9.4120531994E-04
   43      1.2069256512E-04   4.0408150473E-04   8.0985637455E-05  -8.5260464401E-05   4.6865351394E-05
   44      2.4302421042E-05  -1.5669046255E-04  -3.1533229421E-05  -2.8125053378E-04   7.6110270018E-04
                   35                 36                 37                 38                 39        
    0     -4.9981974839E-03   1.0146415859E-02   1.5089295306E-02   3.4391439082E-03   6.4426244139E-05
    1      6.8768717535E-04  -1.3569425523E-02  -1.9083679094E-02  -5.8250943867E-03   6.1290610774E-05
    2      5.4605705775E-03   3.4504604504E-03   6.5632228831E-03   3.8531145587E-03  -1.4370987793E-04
    3     -5.3261337508E-05   4.9349415338E-04  -4.0108447761E-03  -2.9022787080E-03  -1.3192204844E-04
    4      3.1686389673E-04  -3.0480050850E-03  -3.3139870943E-03  -1.3196652063E-03  -1.0357604309E-05
    5     -6.2486452976E-04  -2.9494702335E-03  -1.6945208856E-03   5.9744621987E-03   1.1356848319E-04
    6     -2.5826046740E-03  -8.4309762867E-04  -9.2402866963E-04  -5.1659985518E-05   8.8440519381E-04
    7      1.4423339369E-03  -9.1396512978E-04   2.9738801911E-04  -3.5874118710E-04   1.7806829654E-03
    8      4.9681696599E-03  -7.0461675910E-05  -4.7452553806E-04  -7.4279708065E-04   1.2526614138E-03
    9      2.1574419993E-03  -3.3943972679E-03  -6.0133408966E-04  -5.1395732188E-03  -6.2434046083E-03
   10      5.2600124409E-03  -1.5090670609E-03   2.0930898355E-03  -5.8089541983E-04   2.5177309267E-02
   11      3.8434690094E-03  -4.6818314301E-03  -1.7159620734E-04   5.7149672419E-03  -1.6182571781E-02
   12     -3.2034617831E-02  -9.0117579611E-03  -1.6548928793E-03  -4.9467211371E-03  -3.7900289973E-03
   13     -4.4659798210E-02   2.6927929817E-02   3.1284525485E-03   1.1616534510E-02  -1.9687828060E-03
   14     -4.8284411628E-02  -4.7711367079E-03  -7.0821052539E-04  -3.0877017646E-06  -3.1110946916E-03
   15     -5.0222524242E-03  -1.1233353698E-01   1.0904790549E-01  -3.3865015992E-02  -8.7216349947E-04
   16     -1.1822519989E-02   1.0896771513E-01  -2.6483457766E-01   4.7614240067E-02   1.1899841385E-03
   17      3.6005569151E-04  -3.3948681285E-02   4.7600512733E-02  -4.9905440700E-02   6.7193495892E-04
   18      1.6338093718E-03  -1.8966300811E-04  -2.3120622428E-04   5.1626807903E-05  -4.8747863995E-02
   19      9.4733362313E-04   1.4785011214E-03  -3.8885739365E-06   6.7069567685E-04   3.8926213155E-02
   20     -1.8875577756E-03  -5.5262522854E-04   3.1347588955E-05   1.3017155199E-04  -3.4232646540E-02
   21      7.0003477949E-04  -8.6060455276E-05   1.1200179447E-04  -4.2216367896E-05  -6.6223873249E-03
   22      9.8468876265E-05  -4.4626236996E-06  -1.3230214325E-05  -7.3871703462E-05  -1.0898761873E-02
   23     -4.9421368002E-04   9.2650781050E-05  -6.3789380938E-05   1.6989525023E-05   1.6683422924E-02
   24     -3.3285813797E-04   4.3656820162E-05  -1.0422689483E-04   1.6729393164E-03   2.9467917006E-05
   25     -6.2551341320E-04   4.0142010096E-04   9.9351245390E-04   1.6938968511E-04  -7.1383775905E-05
   26     -2.1881118350E-05   1.6719828560E-03  -3.7504121015E-05  -3.0624617010E-03  -4.9016926474E-05
   27      5.1711910058E-04   3.9878457813E-04   7.7114875888E-04   7.1572994940E-05   1.3245941867E-05
   28     -4.8010885991E-05  -7.6698657893E-04  -1.1413772695E-03  -3.3456071991E-04  -2.4598611046E-05
   29     -1.1141194835E-03   7.4221170997E-05   3.4093313423E-04   2.5855914407E-04  -1.9820770564E-06
   30      2.8218019166E-05  -1.5729097437E-04   7.4209313242E-05   5.0287842989E-04   1.3897661069E-04
   31      3.2183915462E-04   9.1093715702E-05   9.9863233026E-06   4.3390405833E-05  -9.3964666693E-04
   32      6.0647979737E-04   5.1670684452E-04   4.4327643320E-05  -1.1148116800E-03  -2.2366144308E-04
   33      3.8634783437E-02   2.7736350015E-04   2.3458470248E-04   1.8019923677E-03   1.6463316817E-04
   34      4.8480741964E-02  -1.9092929649E-04   7.5014217882E-04  -1.3906569580E-04  -6.1179032908E-05
   35      4.0611115023E-02   1.8158115815E-03   9.0112960000E-05  -3.1449009968E-03  -2.3267962916E-04
   36      1.8158115815E-03   1.1512864969E-01  -1.1785453603E-01   3.9470271975E-02  -4.8553558973E-04
   37      9.0112960000E-05  -1.1785453603E-01   2.8110429886E-01  -5.1480825354E-02   3.0374915768E-05
   38     -3.1449009968E-03   3.9470271975E-02  -5.1480825354E-02   4.2188671273E-02  -5.9904200546E-05
   39     -2.3267962916E-04  -4.8553558973E-04   3.0374915768E-05  -5.9904200546E-05   6.3711902714E-02
   40     -8.0992584160E-05   1.2044446035E-05   3.5534547166E-06   4.1132437021E-05  -4.7843414081E-02
   41     -3.0190386362E-05  -1.5586094649E-04  -2.9465262175E-05  -1.5453443960E-04   3.2968730293E-02
   42     -2.2692180236E-04   1.2975259973E-05   2.4430715201E-05  -1.8563802009E-06   1.8862482730E-03
   43     -4.0167489400E-04  -2.4208431809E-05   1.0316235574E-05  -4.3497902959E-05  -5.4871885267E-03
   44     -2.4772016040E-04   3.6762037687E-05  -9.1848741251E-06  -8.9011940072E-06   2.6658278923E-03
                   40                 41                 42                 43                 44        
    0     -9.5253264718E-05   6.9271277341E-05   6.6319805764E-05   9.4450110006E-05   6.7193800609E-05
    1      3.8911262965E-04  -4.0951598223E-04  -6.0466653921E-05   3.8994654223E-04   4.0707816888E-04
    2     -8.9103423319E-05  -7.8485057533E-06  -1.4206060312E-04   8.6287902246E-05  -9.3778979486E-06
    3      6.6249229441E-04  -2.1410486731E-04  -8.6356668049E-04   3.5567803423E-04   5.9291756015E-04
    4     -3.3571985321E-06  -1.1260911001E-04  -1.1956539537E-03  -1.3246048281E-04  -1.0498671197E-03
    5     -1.3253124826E-04   1.1425847479E-04   6.7263746655E-04   9.3751387764E-05   3.4490640258E-04
    6     -1.5094961720E-03   1.1476573126E-03  -3.8071955796E-03  -3.1025332520E-04  -2.8758575991E-03
    7      1.0449209181E-03   5.9297645295E-04   1.9443897858E-03   3.2560664698E-04   1.0140593640E-03
    8     -1.1863207833E-03   6.5846010063E-04  -3.1259645400E-03  -5.3712490699E-04  -3.4478210632E-04
    9     -3.4477875443E-05  -1.7139316160E-03  -6.2011499787E-03   2.0166013881E-05  -1.7104932244E-03
   10      8.0857615398E-04   1.1786501378E-02  -2.5312370874E-02   6.9652369688E-04  -1.1832230528E-02
   11     -1.8911356093E-03  -4.0356070348E-03  -1.5979704703E-02   1.8359092593E-03  -3.9733349840E-03
   12      2.8925592058E-04  -2.8699895119E-03   8.8466939834E-04   1.5206382312E-03   1.1461856315E-03
   13      3.1532862113E-04  -1.0237486822E-03  -1.7787656349E-03   1.0514067016E-03  -5.9660227656E-04
