*************************************************
******************* ORCA 6.0.0 ******************
*************************************************
$Calculation_Status
   &GeometryIndex 1
   &ListStatus       OUT
   &VERSION [&Type "String"] "6.0.0"
   &PROGNAME [&Type "String"] "LeanSCF"
   &STATUS [&Type "String"] "NORMAL TERMINATION"
$End
$Geometry
   &GeometryIndex 1
   &ListStatus       OUT
   &NATOMS [&Type "Integer"] 8
   &NCORELESSECP [&Type "Integer"] 0
   &NGHOSTATOMS [&Type "Integer"] 0
   &CartesianCoordinates [&Type "Coordinates", &Dim(8,4), &Units "Bohr"] 
              C     -0.847535341782    1.139113532566    0.000229723991
              C      0.847428363441   -1.138959129469    0.000230904313
              Br     4.399294345988    0.056228433185    0.000137398964
              Br    -4.399394348216   -0.056086104304    0.000159280480
              H     -0.625535451656    2.288666056482   -1.691390195310
              H     -0.625584976087    2.288627125478    1.691879486224
              H      0.625480662637   -2.288472365978    1.691883690676
              H      0.625419167736   -2.288517171196   -1.691381053760
$End
$SCF_Energy
   &GeometryIndex 1
   &ListStatus       OUT
   &SCF_ENERGY [&Type "Double"]      -5.2268877193203098e+03
$End
$DFT_Energy
   &GeometryIndex 1
   &ListStatus       OUT
   &NALPHAEL [&Type "Integer"] 43
   &NBETAEL [&Type "Integer"] 43
   &NTOTALEL [&Type "Integer"] 86
   &EEXCHANGE [&Type "Double"]      -1.9097353861879705e+02
   &ECORR [&Type "Double"]      -3.9451250235917219e+00
   &ECNL [&Type "Double"]       0.0000000000000000e+00
   &EXC [&Type "Double"]      -1.9491866364238876e+02
   &EEMBED [&Type "Double"]       0.0000000000000000e+00
   &FINALEN [&Type "Double"]      -5.2268877193203098e+03  "No Van der Waals correction"
$End
$Mulliken_Population_Analysis
   &GeometryIndex 1
   &ListStatus       OUT
   &NATOMS [&Type "Integer"] 8
   &ATNO [&Type "ArrayOfIntegers", &Dim (8,1)] 
                                                         0

0                                                        6
1                                                        6
2                                                       35
3                                                       35
4                                                        1
5                                                        1
6                                                        1
7                                                        1
   &ATOMICCHARGES [&Type "ArrayOfDoubles", &Dim (8,1)] 
                                                         0

0                                     -1.4075795948343739e-01
1                                     -1.4075815319682317e-01
2                                     -1.4599546983993150e-01
3                                     -1.4599485723621797e-01
4                                      1.4337700973026202e-01
5                                      1.4337619670536061e-01
6                                      1.4337638835084787e-01
7                                      1.4337684496997849e-01
$End
$Loewdin_Population_Analysis
   &GeometryIndex 1
   &ListStatus       OUT
   &NATOMS [&Type "Integer"] 8
   &ATNO [&Type "ArrayOfIntegers", &Dim (8,1)] 
                                                         0

0                                                        6
1                                                        6
2                                                       35
3                                                       35
4                                                        1
5                                                        1
6                                                        1
7                                                        1
   &ATOMICCHARGES [&Type "ArrayOfDoubles", &Dim (8,1)] 
                                                         0

0                                     -4.6409608708302219e-01
1                                     -4.6409610625541298e-01
2                                      2.0427158015837676e-01
3                                      2.0427317693378200e-01
4                                      1.2991202124813694e-01
5                                      1.2991180206335629e-01
6                                      1.2991202180657546e-01
7                                      1.2991159112821105e-01
$End
$Mayer_Population_Analysis
   &GeometryIndex 1
   &ListStatus       OUT
   &NATOMS [&Type "Integer"] 8 "Total number of atoms"
   &BONDTHRESH [&Type "Double"]       1.0000000000000001e-01  "The threshold for printing"
   &NBONDORDERSPRINT [&Type "Integer"] 7 "The number of bond orders larger than threshold"
   &BONDORDERS [&Type "ArrayOfDoubles", &Dim (7,1)] "The bond orders"
                                                         0

0                                      1.0147421568860371e+00
1                                      9.8951665440902581e-01
2                                      9.5544403596409300e-01
3                                      9.5544441374869793e-01
4                                      9.8951674797548450e-01
5                                      9.5544405008238253e-01
6                                      9.5544436694778667e-01
   &COMPONENTS [&Type "ArrayOfIntegers", &Dim (7,4)] "The indices and atomic numbers of the bonding atoms"
                                                         0                           1                           2                           3

0                                                        0                           6                           1                           6
1                                                        0                           6                           3                          35
2                                                        0                           6                           4                           1
3                                                        0                           6                           5                           1
4                                                        1                           6                           2                          35
5                                                        1                           6                           6                           1
6                                                        1                           6                           7                           1
   &ATNO [&Type "ArrayOfIntegers", &Dim (8,1)] "Atomic number of the elements"
                                                         0

0                                                        6
1                                                        6
2                                                       35
3                                                       35
4                                                        1
5                                                        1
6                                                        1
7                                                        1
   &NA [&Type "ArrayOfDoubles", &Dim (8,1)] "Mulliken gross atomic population"
                                                         0

0                                      6.1407579594834374e+00
1                                      6.1407581531967992e+00
2                                      3.5145995469839733e+01
3                                      3.5145994857236175e+01
4                                      8.5662299026973854e-01
5                                      8.5662380329463927e-01
6                                      8.5662361164915213e-01
7                                      8.5662315503002240e-01
   &ZA [&Type "ArrayOfDoubles", &Dim (8,1)] "Total nuclear charge"
                                                         0

0                                      6.0000000000000000e+00
1                                      6.0000000000000000e+00
2                                      3.5000000000000000e+01
3                                      3.5000000000000000e+01
4                                      1.0000000000000000e+00
5                                      1.0000000000000000e+00
6                                      1.0000000000000000e+00
7                                      1.0000000000000000e+00
   &QA [&Type "ArrayOfDoubles", &Dim (8,1)] "Mulliken gross atomic charge"
                                                         0

0                                     -1.4075795948343739e-01
1                                     -1.4075815319679919e-01
2                                     -1.4599546983973255e-01
3                                     -1.4599485723617533e-01
4                                      1.4337700973026146e-01
5                                      1.4337619670536073e-01
6                                      1.4337638835084787e-01
7                                      1.4337684496997760e-01
   &VA [&Type "ArrayOfDoubles", &Dim (8,1)] "Mayer's total valence"
                                                         0

0                                      3.9567722049824683e+00
1                                      3.9567727702794171e+00
2                                      1.1048751253269764e+00
3                                      1.1048757850382724e+00
4                                      9.7412479558335519e-01
5                                      9.7412464448648484e-01
6                                      9.7412446564985600e-01
7                                      9.7412496993620867e-01
   &BVA [&Type "ArrayOfDoubles", &Dim (8,1)] "Mayer's bonded valence"
                                                         0

0                                      3.9567722049824718e+00
1                                      3.9567727702793940e+00
2                                      1.1048751253273585e+00
3                                      1.1048757850386006e+00
4                                      9.7412479558336273e-01
5                                      9.7412464448649372e-01
6                                      9.7412446564984290e-01
7                                      9.7412496993619646e-01
   &FA [&Type "ArrayOfDoubles", &Dim (8,1)] "Mayer's free valence"
                                                         0

0                                      0.0000000000000000e+00
1                                      0.0000000000000000e+00
2                                      0.0000000000000000e+00
3                                      0.0000000000000000e+00
4                                      0.0000000000000000e+00
5                                      0.0000000000000000e+00
6                                      0.0000000000000000e+00
7                                      0.0000000000000000e+00
$End
$VdW_Correction
   &GeometryIndex 1
   &ListStatus       OUT
   &VDW [&Type "Double"]      -1.9850482688508978e-03
$End
$Calculation_Info
   &GeometryIndex 1
   &ListStatus       OUT
   &MULT [&Type "Integer"] 1
   &CHARGE [&Type "Integer"] 0
   &NUMOFATOMS [&Type "Integer"] 8
   &NUMOFELECTRONS [&Type "Integer"] 86
   &NUMOFFCELECTRONS [&Type "Integer"] 1
   &NUMOFCORRELECTRONS [&Type "Integer"] 0
   &NUMOFBASISFUNCTS [&Type "Integer"] 182
   &NUMOFAUXCBASISFUNCTS [&Type "Integer"] 0
   &NUMOFAUXJBASISFUNCTS [&Type "Integer"] 220
   &NUMOFAUXJKBASISFUNCTS [&Type "Integer"] 0
   &NUMOFCABSBASISFUNCTS [&Type "Integer"] 0
   &TOTALENERGY [&Type "Double"]      -5.2268854184925785e+03  "Hartrees"
$End
$SCF_Dipole_Moment
   &GeometryIndex 1
   &ListStatus       OUT
   &METHOD [&Type "String"] "SCF"
   &LEVEL [&Type "String"] "Relaxed density"
   &MULT [&Type "Integer"] 1
   &STATE [&Type "Integer"] -1
   &IRREP [&Type "Integer"] 0
   &NATOMS [&Type "Integer"] 8
   &DODIPOLEATOM [&Type "Boolean"] false
   &DIPOLEELECCONTRIB [&Type "ArrayOfDoubles", &Dim (3,1)] "Electronic contribution"
                                                         0

0                                      1.0413107518099103e-05
1                                     -1.4567087305252706e-05
2                                     -2.6758920922906456e-04
   &DIPOLENUCCONTRIB [&Type "ArrayOfDoubles", &Dim (3,1)] "Nuclear contribution"
                                                         0

0                                     -1.4587386593767349e-05
1                                      1.6278422438897877e-05
2                                      2.9683691234749787e-04
   &DIPOLETOTAL [&Type "ArrayOfDoubles", &Dim (3,1)] "Total"
                                                         0

0                                     -4.1742790756682459e-06
1                                      1.7113351336451709e-06
2                                      2.9247703118433308e-05
   &DIPOLEMAGNITUDE [&Type "Double", &Units "a.u."]       2.9593604232084061e-05
$End
$THERMOCHEMISTRY_Energies
   &GeometryIndex 1
   &ListStatus       OUT
   &TEMPERATURE [&Type "Double"]       2.9814999999999998e+02
   &PRESSURE [&Type "Double"]       1.0000000000000000e+00
   &TOTALMASS [&Type "Double"]       1.8785399999999998e+02
   &SPINDEGENERACY [&Type "Integer"] 1
   &ELENERGY [&Type "Double"]      -5.2268854184925785e+03
   &TRANSENERGY [&Type "Double"]       1.4162714244859817e-03
   &ROTENERGY [&Type "Double"]       1.4162714244859817e-03
   &VIBENERGY [&Type "Double"]       2.4325423626670529e-03
   &NUMOFFREQS [&Type "Integer"] 24
   &FREQSCALINGFACTOR [&Type "Double"]       1.0000000000000000e+00
   &FREQ [&Type "ArrayOfDoubles", &Dim (24,1)] "In cm^-1"
                                                         0

0                                      0.0000000000000000e+00
1                                      0.0000000000000000e+00
2                                      0.0000000000000000e+00
3                                      0.0000000000000000e+00
4                                      0.0000000000000000e+00
5                                      0.0000000000000000e+00
6                                      1.1617558634871561e+02
7                                      1.8372043039409911e+02
8                                      1.8581824580910182e+02
9                                      5.6813513364452854e+02
10                                     6.3838358761204870e+02
11                                     7.6731217558743231e+02
12                                     9.4389748514684982e+02
13                                     1.0664077936004289e+03
14                                     1.0960578568269636e+03
15                                     1.2006502750144664e+03
16                                     1.2689162617025393e+03
17                                     1.2844192063639089e+03
18                                     1.4767269248631351e+03
19                                     1.4816972993014738e+03
20                                     3.0893784156980437e+03
21                                     3.0985726179884473e+03
22                                     3.1569059577325070e+03
23                                     3.1824544126659976e+03
   &ZPE [&Type "Double"]       5.6511382536060258e-02
   &INNERENERGYU [&Type "Double"]      -5.2268236420248313e+03
   &ENTHALPYH [&Type "Double"]      -5.2268226978157891e+03
   &QEL [&Type "Double"]       0.0000000000000000e+00
   &QROT [&Type "Double"]       1.2622097736701011e-02
   &QVIB [&Type "Double"]       4.3081680856214884e-03
   &QTRANS [&Type "Double"]       1.9764194000524621e-02
   &ENTROPYS [&Type "Double"]       3.6694459822847122e-02
   &FREEENERGYG [&Type "Double"]      -5.2268593922756118e+03
   &ISLINEAR [&Type "Boolean"] false
$End
$Hessian
   &GeometryIndex 1
   &ListStatus       OUT
   &HESSIAN [&Type "ArrayOfDoubles", &Dim (24,24)] "The Hessian"
                                                         0                           1                           2                           3                           4                           5                           6                           7

0                                      2.6141881216908297e-01        -3.6494454916715144e-02        -4.5638269288040406e-06        -8.5848756142786614e-02         7.6213809608876915e-02        -4.0036536497783807e-07        -3.0348633009698055e-02         5.3287927808774518e-03
1                                     -3.6494454916715144e-02         5.0088329403001042e-01        -1.2897799106341423e-07         7.6213750027933139e-02        -1.7418933235858353e-01         2.9657644042759237e-07        -9.4261964319712344e-03         3.7265965307919559e-03
2                                     -4.5638269288040406e-06        -1.2897799106341423e-07         6.0001885444117264e-01         1.4096403741443426e-07        -3.5479055346380513e-07        -8.6975789713544124e-02         3.3843529273454287e-07        -1.8136309791601601e-07
3                                     -8.5848756142786614e-02         7.6213750027933139e-02         1.4096403741443426e-07         2.6141845958623389e-01        -3.6494384621642506e-02         6.3585160873461805e-06        -7.2825883232179062e-02        -1.9657859822437417e-02
4                                      7.6213809608876915e-02        -1.7418933235858353e-01        -3.5479055346380513e-07        -3.6494384621642506e-02         5.0088391510895880e-01         2.9594139942801245e-06        -2.4700436670299645e-02        -3.4982194438521796e-02
5                                     -4.0036536497783807e-07         2.9657644042759237e-07        -8.6975789713544124e-02         6.3585160873461805e-06         2.9594139942801245e-06         6.0001813644776947e-01         1.3530480770929706e-06         5.1985025670634307e-07
6                                     -3.0348633009698055e-02        -9.4261964319712344e-03         3.3843529273454287e-07        -7.2825883232179062e-02        -2.4700436670299645e-02         1.3530480770929706e-06         1.4181450893389988e-01         4.0065248625655345e-02
7                                      5.3287927808774518e-03         3.7265965307919559e-03        -1.8136309791601601e-07        -1.9657859822437417e-02        -3.4982194438521796e-02         5.1985025670634307e-07         4.0065248625655345e-02         3.3759730693062533e-02
8                                      3.3425409742950119e-07         2.5812619787302973e-07        -8.7909483074693692e-05         1.4059164225233313e-06         5.8444280726551733e-07        -2.7095018106602808e-02        -2.8140893824030264e-06        -1.0872367956914382e-06
9                                     -7.2826530841184345e-02        -2.4700901465982410e-02        -1.0707240067995248e-06        -3.0348873414303798e-02        -9.4261796561112762e-03        -1.9644682952842079e-07        -7.0408250547031852e-03         3.8168886791730395e-03
10                                    -1.9658335598028036e-02        -3.4982358424970564e-02        -4.2260759061271811e-07         5.3287690068480366e-03         3.7265555367461435e-03         1.5361632713394319e-07         3.8169144695798284e-03         1.5963967167674953e-03
11                                    -1.1063559393764492e-06        -4.3902678967512182e-07        -2.7094979933373012e-02        -2.0330386754087323e-07        -2.1437111338491141e-07        -8.7898101514827243e-05         4.6318662021608238e-08         2.5001593273297907e-08
12                                    -3.7958825459232931e-02        -1.5667646294086363e-02         2.8522518120671525e-02         1.7607520463063459e-03         1.2724056053868841e-02        -1.7807914125032576e-02         1.4025530623973212e-03         3.4001533444551359e-04
13                                    -1.0303006910763291e-02        -1.3205383986985569e-01         1.2588360157215545e-01        -2.2485550542637178e-03        -1.5667857777319237e-02         2.3459572608597525e-02        -2.1858720533107258e-04         8.9572151582032931e-04
14                                     2.3201017467623195e-02         1.2623597072031434e-01        -2.4482274595605988e-01         3.7643488493223007e-04        -1.5009481458671779e-03         1.8969680755701903e-03        -5.0291344663134108e-04        -4.4264807558611551e-04
15                                    -3.7957703785688565e-02        -1.5663505894501828e-02        -2.8517036695228468e-02         1.7609340161633957e-03         1.2723937907807063e-02         1.7808242665065699e-02         1.4026662065753748e-03         3.3975365992538955e-04
16                                    -1.0299196231424338e-02        -1.3204861717424599e-01        -1.2588278089663274e-01        -2.2480081555017652e-03        -1.5667866462404343e-02        -2.3459760765058846e-02        -2.1842771452240152e-04         8.9556796121268605e-04
17                                    -2.3195525657799573e-02        -1.2623566143961618e-01        -2.4483160074965907e-01        -3.7665833162728660e-04         1.5012435994590338e-03         1.8971963363140169e-03         5.0300602937217425e-04         4.4258343588872483e-04
18                                     1.7608504861768943e-03         1.2723786813649001e-02        -1.7808188558867150e-02        -3.7957847158635483e-02        -1.5663131355394301e-02         2.8516457068489633e-02        -1.7201761056575348e-02        -1.5073167000022418e-02
19                                    -2.2479590501852786e-03        -1.5667750820663334e-02         2.3459804773681800e-02        -1.0298757511907411e-02        -1.3204782758964140e-01         1.2588163351381954e-01        -4.7021359233573954e-03        -2.9459053242348889e-03
20                                     3.7668008141818893e-04        -1.5012497364271099e-03         1.8971708700039691e-03         2.3194862813626382e-02         1.2623440030023175e-01        -2.4483052497485308e-01        -2.4949826876727622e-03        -3.1438972165401331e-03
21                                     1.7607865833306185e-03         1.2724160867135832e-02         1.7807873153657880e-02        -3.7958785700798678e-02        -1.5668676830368010e-02        -2.8523892681932554e-02        -1.7202625849716931e-02        -1.5073692779164758e-02
22                                    -2.2486423880992701e-03        -1.5667991912483203e-02        -2.3459576233411501e-02        -1.0303948305765441e-02        -1.3205539201923469e-01        -1.2588534688303793e-01        -4.7023586282055729e-03        -2.9459136548983180e-03
23                                    -3.7644646573441534e-04         1.5009922813114286e-03         1.8970005245341065e-03        -2.3202349138171201e-02        -1.2623769838029714e-01        -2.4482306996313885e-01         2.4960392261757121e-03         3.1447052039689965e-03
                                                         8                           9                          10                          11                          12                          13                          14                          15

0                                      3.3425409742950119e-07        -7.2826530841184345e-02        -1.9658335598028036e-02        -1.1063559393764492e-06        -3.7958825459232931e-02        -1.0303006910763291e-02         2.3201017467623195e-02        -3.7957703785688565e-02
1                                      2.5812619787302973e-07        -2.4700901465982410e-02        -3.4982358424970564e-02        -4.3902678967512182e-07        -1.5667646294086363e-02        -1.3205383986985569e-01         1.2623597072031434e-01        -1.5663505894501828e-02
2                                     -8.7909483074693692e-05        -1.0707240067995248e-06        -4.2260759061271811e-07        -2.7094979933373012e-02         2.8522518120671525e-02         1.2588360157215545e-01        -2.4482274595605988e-01        -2.8517036695228468e-02
3                                      1.4059164225233313e-06        -3.0348873414303798e-02         5.3287690068480366e-03        -2.0330386754087323e-07         1.7607520463063459e-03        -2.2485550542637178e-03         3.7643488493223007e-04         1.7609340161633957e-03
4                                      5.8444280726551733e-07        -9.4261796561112762e-03         3.7265555367461435e-03        -2.1437111338491141e-07         1.2724056053868841e-02        -1.5667857777319237e-02        -1.5009481458671779e-03         1.2723937907807063e-02
5                                     -2.7095018106602808e-02        -1.9644682952842079e-07         1.5361632713394319e-07        -8.7898101514827243e-05        -1.7807914125032576e-02         2.3459572608597525e-02         1.8969680755701903e-03         1.7808242665065699e-02
6                                     -2.8140893824030264e-06        -7.0408250547031852e-03         3.8169144695798284e-03         4.6318662021608238e-08         1.4025530623973212e-03        -2.1858720533107258e-04        -5.0291344663134108e-04         1.4026662065753748e-03
7                                     -1.0872367956914382e-06         3.8168886791730395e-03         1.5963967167674953e-03         2.5001593273297907e-08         3.4001533444551359e-04         8.9572151582032931e-04        -4.4264807558611551e-04         3.3975365992538955e-04
8                                      1.7302815494829999e-02        -2.0404307283621509e-08        -5.1022429847537262e-08         1.2144384825334086e-03        -2.4149306971841253e-04        -6.4033341748512794e-04         1.7977470036603991e-04         2.4127367561737007e-04
9                                     -2.0404307283621509e-08         1.4181537333161329e-01         4.0065835933499556e-02         2.1279561484623686e-06        -1.7202448723388147e-02        -4.7023776893460583e-03        -2.4958807707924045e-03        -1.7201886240410351e-02
10                                    -5.1022429847537262e-08         4.0065835933499556e-02         3.3760071316330201e-02         8.7120531255607207e-07        -1.5073685498104525e-02        -2.9459761655239889e-03        -3.1446020026512809e-03        -1.5073355653535195e-02
11                                     1.2144384825334086e-03         2.1279561484623686e-06         8.7120531255607207e-07         1.7302756552784002e-02         1.4535430467188895e-02         3.0484197965894317e-03         4.1532594815176039e-03        -1.4536441142408483e-02
12                                    -2.4149306971841253e-04        -1.7202448723388147e-02        -1.5073685498104525e-02         1.4535430467188895e-02         5.1764340783011821e-02         1.2248510539769381e-02        -2.3288446288057839e-02         2.2844291803509904e-03
13                                    -6.4033341748512794e-04        -4.7023776893460583e-03        -2.9459761655239889e-03         3.0484197965894317e-03         1.2248510539769381e-02         1.4106805109322595e-01        -1.3561268000762899e-01         2.5584060232602809e-03
14                                     1.7977470036603991e-04        -2.4958807707924045e-03        -3.1446020026512809e-03         4.1532594815176039e-03        -2.3288446288057839e-02        -1.3561268000762899e-01         2.5376227702923809e-01         2.4613887967131765e-03
15                                     2.4127367561737007e-04        -1.7201886240410351e-02        -1.5073355653535195e-02        -1.4536441142408483e-02         2.2844291803509904e-03         2.5584060232602809e-03         2.4613887967131765e-03         5.1762338462795640e-02
16                                     6.4030211695014329e-04        -4.7022161898264223e-03        -2.9459870368542594e-03        -3.0486802306554503e-03         2.5579884020129002e-03         1.1095767590904044e-02         1.5167987965929348e-02         1.2244189206115683e-02
17                                     1.7972366642794832e-04         2.4950834506830485e-03         3.1439806008117873e-03         4.1529156281085913e-03        -2.4607617876177979e-03        -1.5167293062201204e-02        -1.7615210746568161e-02         2.3283243382672011e-02
18                                     1.4536524351398194e-02         1.4026397630285583e-03         3.3979014165185824e-04        -2.4130516333006901e-04        -2.0931601738037675e-03         3.5223187697898321e-03         4.9453362288506917e-04         4.2392092008233101e-05
19                                     3.0486382200233106e-03        -2.1843808105839312e-04         8.9556851038933921e-04        -6.4030836863261339e-04         3.5224484953937881e-03        -3.2142558506646659e-03        -8.3712993535802480e-04        -7.5427599131350242e-04
20                                     4.1528687013066652e-03        -5.0300723787222949e-04        -4.4259725221344162e-04         1.7973390413878387e-04         4.9452498998319577e-04        -8.3724270807002859e-04         1.5215513226065893e-03        -4.0997793173368517e-04
21                                    -1.4535283468020646e-02         1.4025511793479698e-03         3.4004804817114618e-04         2.4150415430089316e-04         4.2359284358359619e-05        -7.5419794892422703e-04        -4.0998158804861871e-04        -2.0931699317947201e-03
22                                    -3.0483308289557705e-03        -2.1859238043070352e-04         8.9572954711563215e-04         6.4034043176438671e-04        -7.5419755749066308e-04         8.2238946341329014e-04         7.6750842383496720e-05         3.5223355668868249e-03
23                                     4.1533065442134450e-03         5.0291124622193085e-04         4.4265302436518120e-04         1.7977398580545510e-04         4.0998901395954590e-04        -7.6746143492562383e-05         9.2412609332952547e-04        -4.9453748212443475e-04
                                                        16                          17                          18                          19                          20                          21                          22                          23

0                                     -1.0299196231424338e-02        -2.3195525657799573e-02         1.7608504861768943e-03        -2.2479590501852786e-03         3.7668008141818893e-04         1.7607865833306185e-03        -2.2486423880992701e-03        -3.7644646573441534e-04
1                                     -1.3204861717424599e-01        -1.2623566143961618e-01         1.2723786813649001e-02        -1.5667750820663334e-02        -1.5012497364271099e-03         1.2724160867135832e-02        -1.5667991912483203e-02         1.5009922813114286e-03
2                                     -1.2588278089663274e-01        -2.4483160074965907e-01        -1.7808188558867150e-02         2.3459804773681800e-02         1.8971708700039691e-03         1.7807873153657880e-02        -2.3459576233411501e-02         1.8970005245341065e-03
3                                     -2.2480081555017652e-03        -3.7665833162728660e-04        -3.7957847158635483e-02        -1.0298757511907411e-02         2.3194862813626382e-02        -3.7958785700798678e-02        -1.0303948305765441e-02        -2.3202349138171201e-02
4                                     -1.5667866462404343e-02         1.5012435994590338e-03        -1.5663131355394301e-02        -1.3204782758964140e-01         1.2623440030023175e-01        -1.5668676830368010e-02        -1.3205539201923469e-01        -1.2623769838029714e-01
5                                     -2.3459760765058846e-02         1.8971963363140169e-03         2.8516457068489633e-02         1.2588163351381954e-01        -2.4483052497485308e-01        -2.8523892681932554e-02        -1.2588534688303793e-01        -2.4482306996313885e-01
6                                     -2.1842771452240152e-04         5.0300602937217425e-04        -1.7201761056575348e-02        -4.7021359233573954e-03        -2.4949826876727622e-03        -1.7202625849716931e-02        -4.7023586282055729e-03         2.4960392261757121e-03
7                                      8.9556796121268605e-04         4.4258343588872483e-04        -1.5073167000022418e-02        -2.9459053242348889e-03        -3.1438972165401331e-03        -1.5073692779164758e-02        -2.9459136548983180e-03         3.1447052039689965e-03
8                                      6.4030211695014329e-04         1.7972366642794832e-04         1.4536524351398194e-02         3.0486382200233106e-03         4.1528687013066652e-03        -1.4535283468020646e-02        -3.0483308289557705e-03         4.1533065442134450e-03
9                                     -4.7022161898264223e-03         2.4950834506830485e-03         1.4026397630285583e-03        -2.1843808105839312e-04        -5.0300723787222949e-04         1.4025511793479698e-03        -2.1859238043070352e-04         5.0291124622193085e-04
10                                    -2.9459870368542594e-03         3.1439806008117873e-03         3.3979014165185824e-04         8.9556851038933921e-04        -4.4259725221344162e-04         3.4004804817114618e-04         8.9572954711563215e-04         4.4265302436518120e-04
11                                    -3.0486802306554503e-03         4.1529156281085913e-03        -2.4130516333006901e-04        -6.4030836863261339e-04         1.7973390413878387e-04         2.4150415430089316e-04         6.4034043176438671e-04         1.7977398580545510e-04
12                                     2.5579884020129002e-03        -2.4607617876177979e-03        -2.0931601738037675e-03         3.5224484953937881e-03         4.9452498998319577e-04         4.2359284358359619e-05        -7.5419755749066308e-04         4.0998901395954590e-04
13                                     1.1095767590904044e-02        -1.5167293062201204e-02         3.5223187697898321e-03        -3.2142558506646659e-03        -8.3724270807002859e-04        -7.5419794892422703e-04         8.2238946341329014e-04        -7.6746143492562383e-05
14                                     1.5167987965929348e-02        -1.7615210746568161e-02         4.9453362288506917e-04        -8.3712993535802480e-04         1.5215513226065893e-03        -4.0998158804861871e-04         7.6750842383496720e-05         9.2412609332952547e-04
15                                     1.2244189206115683e-02         2.3283243382672011e-02         4.2392092008233101e-05        -7.5427599131350242e-04        -4.0997793173368517e-04        -2.0931699317947201e-03         3.5223355668868249e-03        -4.9453748212443475e-04
16                                     1.4106292829085579e-01         1.3561184865123860e-01        -7.5427216015692077e-04         8.2247175924724490e-04         7.6707221373819093e-05         3.5224580186585495e-03        -3.2142649287151869e-03         8.3712570815797560e-04
17                                     1.3561184865123860e-01         2.5377118694049100e-01         4.0998022053130383e-04        -7.6703646305461420e-05         9.2423718441054549e-04        -4.9452257478706631e-04         8.3725208942184311e-04         1.5215517404750549e-03
18                                    -7.5427216015692077e-04         4.0998022053130383e-04         5.1762410093589492e-02         1.2243700281170920e-02        -2.3282658249433180e-02         2.2844759542114124e-03         2.5584590702234134e-03        -2.4614989584350409e-03
19                                     8.2247175924724490e-04        -7.6703646305461420e-05         1.2243700281170920e-02         1.4106195899331514e-01        -1.3561063397845846e-01         2.5579332203458857e-03         1.1095740322252565e-02        -1.5168058993356166e-02
20                                     7.6707221373819093e-05         9.2423718441054549e-04        -2.3282658249433180e-02        -1.3561063397845846e-01         2.5377034554148686e-01         2.4607138884453327e-03         1.5167271784689684e-02        -1.7615382549100327e-02
21                                     3.5224580186585495e-03        -4.9452257478706631e-04         2.2844759542114124e-03         2.5579332203458857e-03         2.4607138884453327e-03         5.1764408481061966e-02         1.2249456013513498e-02         2.3289740837246341e-02
22                                    -3.2142649287151869e-03         8.3725208942184311e-04         2.5584590702234134e-03         1.1095740322252565e-02         1.5167271784689684e-02         1.2249456013513498e-02         1.4106970318254991e-01         1.3561433304824405e-01
23                                     8.3712570815797560e-04         1.5215517404750549e-03        -2.4614989584350409e-03        -1.5168058993356166e-02        -1.7615382549100327e-02         2.3289740837246341e-02         1.3561433304824405e-01         2.5376269362388154e-01
                              

0                             
1                             
2                             
3                             
4                             
5                             
6                             
7                             
8                             
9                             
10                            
11                            
12                            
13                            
14                            
15                            
16                            
17                            
18                            
19                            
20                            
21                            
22                            
23                            
   &MODES [&Type "ArrayOfDoubles", &Dim (24,24)] "The modes of vibrations"
                                                         0                           1                           2                           3                           4                           5                           6                           7

0                                      1.0000000000000000e+00         2.0000000000000000e+00         3.0000000000000000e+00         4.0000000000000000e+00         5.0000000000000000e+00         6.0000000000000000e+00         7.0000000000000000e+00         0.0000000000000000e+00
1                                      0.0000000000000000e+00         0.0000000000000000e+00         0.0000000000000000e+00         0.0000000000000000e+00         0.0000000000000000e+00         1.0051853687848050e-06         5.0837435881475317e-02         1.0000000000000000e+00
2                                      0.0000000000000000e+00         0.0000000000000000e+00         0.0000000000000000e+00         0.0000000000000000e+00         0.0000000000000000e+00        -2.1406981134395376e-07        -1.6378640254851859e-01         2.0000000000000000e+00
3                                      0.0000000000000000e+00         0.0000000000000000e+00         0.0000000000000000e+00         0.0000000000000000e+00         0.0000000000000000e+00        -1.6620197086935315e-01        -6.2593163211187970e-06         3.0000000000000000e+00
4                                      0.0000000000000000e+00         0.0000000000000000e+00         0.0000000000000000e+00         0.0000000000000000e+00         0.0000000000000000e+00        -1.6851239642184310e-06         5.0836140269524197e-02         4.0000000000000000e+00
5                                      0.0000000000000000e+00         0.0000000000000000e+00         0.0000000000000000e+00         0.0000000000000000e+00         0.0000000000000000e+00        -1.3155780464712099e-06        -1.6378703806075529e-01         5.0000000000000000e+00
6                                      0.0000000000000000e+00         0.0000000000000000e+00         0.0000000000000000e+00         0.0000000000000000e+00         0.0000000000000000e+00        -1.6620296707342103e-01         7.5102972894480623e-06         6.0000000000000000e+00
