*************************************************
******************* ORCA 6.0.0 ******************
*************************************************
$Calculation_Status
   &GeometryIndex 1
   &ListStatus       OUT
   &VERSION [&Type "String"] "6.0.0"
   &PROGNAME [&Type "String"] "LeanSCF"
   &STATUS [&Type "String"] "NORMAL TERMINATION"
$End
$Geometry
   &GeometryIndex 1
   &ListStatus       OUT
   &NATOMS [&Type "Integer"] 12
   &NCORELESSECP [&Type "Integer"] 0
   &NGHOSTATOMS [&Type "Integer"] 0
   &CartesianCoordinates [&Type "Coordinates", &Dim(12,4), &Units "Bohr"] 
              C      0.375981056590    2.869731488396   -0.000133848357
              C      2.072587759634    0.973313164894   -0.000207629691
              C      1.321454550823   -1.641831230395   -0.000117252971
              O      2.768992946063   -3.463796604900   -0.000146312613
              N     -1.294436037978   -1.950150698318   -0.000057360747
              C     -3.115808973892   -0.078008902032    0.000023059383
              O     -5.392153323962   -0.535793856865    0.000179100495
              N     -2.153180962310    2.336796531681   -0.000068257286
              F      4.568412030190    1.450263138818   -0.000272298387
              H      0.915528781098    4.845269499110   -0.000138512012
              H     -1.948570272542   -3.753421996538    0.000015905636
              H     -3.418589948179    3.771217979533    0.000094627658
$End
$SCF_Energy
   &GeometryIndex 1
   &ListStatus       OUT
   &SCF_ENERGY [&Type "Double"]      -5.1402221441737220e+02
$End
$DFT_Energy
   &GeometryIndex 1
   &ListStatus       OUT
   &NALPHAEL [&Type "Integer"] 33
   &NBETAEL [&Type "Integer"] 33
   &NTOTALEL [&Type "Integer"] 66
   &EEXCHANGE [&Type "Double"]      -6.1914929493710204e+01
   &ECORR [&Type "Double"]      -2.2319213329324605e+00
   &ECNL [&Type "Double"]       0.0000000000000000e+00
   &EXC [&Type "Double"]      -6.4146850826642662e+01
   &EEMBED [&Type "Double"]       0.0000000000000000e+00
   &FINALEN [&Type "Double"]      -5.1402221441737220e+02  "No Van der Waals correction"
$End
$Mulliken_Population_Analysis
   &GeometryIndex 1
   &ListStatus       OUT
   &NATOMS [&Type "Integer"] 12
   &ATNO [&Type "ArrayOfIntegers", &Dim (12,1)] 
                                                         0

0                                                        6
1                                                        6
2                                                        6
3                                                        8
4                                                        7
5                                                        6
6                                                        8
7                                                        7
8                                                        9
9                                                        1
10                                                       1
11                                                       1
   &ATOMICCHARGES [&Type "ArrayOfDoubles", &Dim (12,1)] 
                                                         0

0                                     -1.7848443880879472e-02
1                                      1.4268537944141890e-01
2                                      2.2154050260430580e-01
3                                     -3.4776227070266685e-01
4                                     -2.1932707227882275e-01
5                                      3.2036029227165130e-01
6                                     -3.7978273835329723e-01
7                                     -2.2343837223510210e-01
8                                     -1.8060017342037682e-01
9                                      1.6220464929960854e-01
10                                     2.6207879795527267e-01
11                                     2.5988944929878877e-01
$End
$Loewdin_Population_Analysis
   &GeometryIndex 1
   &ListStatus       OUT
   &NATOMS [&Type "Integer"] 12
   &ATNO [&Type "ArrayOfIntegers", &Dim (12,1)] 
                                                         0

0                                                        6
1                                                        6
2                                                        6
3                                                        8
4                                                        7
5                                                        6
6                                                        8
7                                                        7
8                                                        9
9                                                        1
10                                                       1
11                                                       1
   &ATOMICCHARGES [&Type "ArrayOfDoubles", &Dim (12,1)] 
                                                         0

0                                     -1.5431008677279223e-01
1                                     -2.7401117039014888e-01
2                                     -4.0825272992648909e-01
3                                      8.7118503304119521e-02
4                                      2.1408477408233306e-01
5                                     -4.9872447215287874e-01
6                                      5.0202878892448233e-02
7                                      1.9034936667253088e-01
8                                      2.1094602432152243e-01
9                                      1.5564720665700349e-01
10                                     2.1519377127107220e-01
11                                     2.1175593404115400e-01
$End
$Mayer_Population_Analysis
   &GeometryIndex 1
   &ListStatus       OUT
   &NATOMS [&Type "Integer"] 12 "Total number of atoms"
   &BONDTHRESH [&Type "Double"]       1.0000000000000001e-01  "The threshold for printing"
   &NBONDORDERSPRINT [&Type "Integer"] 12 "The number of bond orders larger than threshold"
   &BONDORDERS [&Type "ArrayOfDoubles", &Dim (12,1)] "The bond orders"
                                                         0

0                                      1.6707111620304997e+00
1                                      1.0943244815590722e+00
2                                      9.2551973679874833e-01
3                                      1.0703874898328420e+00
4                                      1.0631375595634320e+00
5                                      2.0321037655650676e+00
6                                      1.0794626476171563e+00
7                                      1.1350497227943317e+00
8                                      8.7902497055248852e-01
9                                      2.0297833938107304e+00
10                                     1.1135800387802228e+00
11                                     8.9635551228449439e-01
   &COMPONENTS [&Type "ArrayOfIntegers", &Dim (12,4)] "The indices and atomic numbers of the bonding atoms"
                                                         0                           1                           2                           3

0                                                        0                           6                           1                           6
1                                                        0                           6                           7                           7
2                                                        0                           6                           9                           1
3                                                        1                           6                           2                           6
4                                                        1                           6                           8                           9
5                                                        2                           6                           3                           8
6                                                        2                           6                           4                           7
7                                                        4                           7                           5                           6
8                                                        4                           7                          10                           1
9                                                        5                           6                           6                           8
10                                                       5                           6                           7                           7
11                                                       7                           7                          11                           1
   &ATNO [&Type "ArrayOfIntegers", &Dim (12,1)] "Atomic number of the elements"
                                                         0

0                                                        6
1                                                        6
2                                                        6
3                                                        8
4                                                        7
5                                                        6
6                                                        8
7                                                        7
8                                                        9
9                                                        1
10                                                       1
11                                                       1
   &NA [&Type "ArrayOfDoubles", &Dim (12,1)] "Mulliken gross atomic population"
                                                         0

0                                      6.0178484438808617e+00
1                                      5.8573146205585882e+00
2                                      5.7784594973956995e+00
3                                      8.3477622707026597e+00
4                                      7.2193270722788219e+00
5                                      5.6796397077283274e+00
6                                      8.3797827383533345e+00
7                                      7.2234383722351012e+00
8                                      9.1806001734203839e+00
9                                      8.3779535070039102e-01
10                                     7.3792120204472611e-01
11                                     7.4011055070121168e-01
   &ZA [&Type "ArrayOfDoubles", &Dim (12,1)] "Total nuclear charge"
                                                         0

0                                      6.0000000000000000e+00
1                                      6.0000000000000000e+00
2                                      6.0000000000000000e+00
3                                      8.0000000000000000e+00
4                                      7.0000000000000000e+00
5                                      6.0000000000000000e+00
6                                      8.0000000000000000e+00
7                                      7.0000000000000000e+00
8                                      9.0000000000000000e+00
9                                      1.0000000000000000e+00
10                                     1.0000000000000000e+00
11                                     1.0000000000000000e+00
   &QA [&Type "ArrayOfDoubles", &Dim (12,1)] "Mulliken gross atomic charge"
                                                         0

0                                     -1.7848443880861709e-02
1                                      1.4268537944141180e-01
2                                      2.2154050260430047e-01
3                                     -3.4776227070265975e-01
4                                     -2.1932707227882187e-01
5                                      3.2036029227167262e-01
6                                     -3.7978273835333454e-01
7                                     -2.2343837223510121e-01
8                                     -1.8060017342038392e-01
9                                      1.6220464929960898e-01
10                                     2.6207879795527389e-01
11                                     2.5988944929878832e-01
   &VA [&Type "ArrayOfDoubles", &Dim (12,1)] "Mayer's total valence"
                                                         0

0                                      3.8776887110664506e+00
1                                      3.8789146431543484e+00
2                                      4.2869433813291211e+00
3                                      2.1686527693900652e+00
4                                      3.1099860182868939e+00
5                                      4.3957797423866820e+00
6                                      2.1392314502012097e+00
7                                      3.1855383330173019e+00
8                                      1.1196027129780597e+00
9                                      9.7513655795842058e-01
10                                     9.5783786291023376e-01
11                                     9.4770241757058171e-01
   &BVA [&Type "ArrayOfDoubles", &Dim (12,1)] "Mayer's bonded valence"
                                                         0

0                                      3.8776887110664382e+00
1                                      3.8789146431545549e+00
2                                      4.2869433813293112e+00
3                                      2.1686527693900168e+00
4                                      3.1099860182869876e+00
5                                      4.3957797423866314e+00
6                                      2.1392314502011121e+00
7                                      3.1855383330172242e+00
8                                      1.1196027129780797e+00
9                                      9.7513655795839549e-01
10                                     9.5783786291023254e-01
11                                     9.4770241757059115e-01
   &FA [&Type "ArrayOfDoubles", &Dim (12,1)] "Mayer's free valence"
                                                         0

0                                      0.0000000000000000e+00
1                                      0.0000000000000000e+00
2                                      0.0000000000000000e+00
3                                      0.0000000000000000e+00
4                                      0.0000000000000000e+00
5                                      0.0000000000000000e+00
6                                      0.0000000000000000e+00
7                                      0.0000000000000000e+00
8                                      0.0000000000000000e+00
9                                      0.0000000000000000e+00
10                                     0.0000000000000000e+00
11                                     0.0000000000000000e+00
$End
$VdW_Correction
   &GeometryIndex 1
   &ListStatus       OUT
   &VDW [&Type "Double"]      -3.7718042475878939e-03
$End
$Calculation_Info
   &GeometryIndex 1
   &ListStatus       OUT
   &MULT [&Type "Integer"] 1
   &CHARGE [&Type "Integer"] 0
   &NUMOFATOMS [&Type "Integer"] 12
   &NUMOFELECTRONS [&Type "Integer"] 66
   &NUMOFFCELECTRONS [&Type "Integer"] 1
   &NUMOFCORRELECTRONS [&Type "Integer"] 0
   &NUMOFBASISFUNCTS [&Type "Integer"] 297
   &NUMOFAUXCBASISFUNCTS [&Type "Integer"] 0
   &NUMOFAUXJBASISFUNCTS [&Type "Integer"] 308
   &NUMOFAUXJKBASISFUNCTS [&Type "Integer"] 0
   &NUMOFCABSBASISFUNCTS [&Type "Integer"] 0
   &TOTALENERGY [&Type "Double"]      -5.1401365075331978e+02  "Hartrees"
$End
$SCF_Dipole_Moment
   &GeometryIndex 1
   &ListStatus       OUT
   &METHOD [&Type "String"] "SCF"
   &LEVEL [&Type "String"] "Relaxed density"
   &MULT [&Type "Integer"] 1
   &STATE [&Type "Integer"] -1
   &IRREP [&Type "Integer"] 0
   &NATOMS [&Type "Integer"] 12
   &DODIPOLEATOM [&Type "Boolean"] false
   &DIPOLEELECCONTRIB [&Type "ArrayOfDoubles", &Dim (3,1)] "Electronic contribution"
                                                         0

0                                      4.0287495117448104e+00
1                                     -4.4232841658630964e-02
2                                     -1.9208247542621234e-04
   &DIPOLENUCCONTRIB [&Type "ArrayOfDoubles", &Dim (3,1)] "Nuclear contribution"
                                                         0

0                                     -4.4797695948616516e+00
1                                      1.6779328765865529e+00
2                                      2.1106183260613941e-04
   &DIPOLETOTAL [&Type "ArrayOfDoubles", &Dim (3,1)] "Total"
                                                         0

0                                     -4.5102008311684116e-01
1                                      1.6337000349279218e+00
2                                      1.8979357179927070e-05
   &DIPOLEMAGNITUDE [&Type "Double", &Units "a.u."]       1.6948141254599074e+00
$End
$THERMOCHEMISTRY_Energies
   &GeometryIndex 1
   &ListStatus       OUT
   &TEMPERATURE [&Type "Double"]       2.9814999999999998e+02
   &PRESSURE [&Type "Double"]       1.0000000000000000e+00
   &TOTALMASS [&Type "Double"]       1.3007800000000000e+02
   &SPINDEGENERACY [&Type "Integer"] 1
   &ELENERGY [&Type "Double"]      -5.1401365075331978e+02
   &TRANSENERGY [&Type "Double"]       1.4162714244859817e-03
   &ROTENERGY [&Type "Double"]       1.4162714244859817e-03
   &VIBENERGY [&Type "Double"]       4.0361415918611070e-03
   &NUMOFFREQS [&Type "Integer"] 36
   &FREQSCALINGFACTOR [&Type "Double"]       1.0000000000000000e+00
   &FREQ [&Type "ArrayOfDoubles", &Dim (36,1)] "In cm^-1"
                                                         0

0                                      0.0000000000000000e+00
1                                      0.0000000000000000e+00
2                                      0.0000000000000000e+00
3                                      0.0000000000000000e+00
4                                      0.0000000000000000e+00
5                                      0.0000000000000000e+00
6                                      1.2892609942519664e+02
7                                      1.7413096824362705e+02
8                                      3.2141975600111175e+02
9                                      3.5234781161697663e+02
10                                     3.9096565976464882e+02
11                                     4.0366734034623795e+02
12                                     4.6361463287018944e+02
13                                     5.4586159776920749e+02
14                                     6.0530002338419001e+02
15                                     6.3482447465414953e+02
16                                     7.0173642793151021e+02
17                                     7.5835633798584149e+02
18                                     7.6009542564560638e+02
19                                     7.7273624701657354e+02
20                                     8.1875455579683944e+02
21                                     8.8125700880951285e+02
22                                     9.8178091307946750e+02
23                                     1.1809111960783011e+03
24                                     1.2076433140142487e+03
25                                     1.2639557664802592e+03
26                                     1.3569344134640210e+03
27                                     1.3908038347641364e+03
28                                     1.4384834885087541e+03
29                                     1.5140994868676742e+03
30                                     1.6818593146211119e+03
31                                     1.7007538714181480e+03
32                                     1.7362235847761401e+03
33                                     3.2072188328586321e+03
34                                     3.5497578505874712e+03
35                                     3.5810586976342711e+03
   &ZPE [&Type "Double"]       7.8609265145512405e-02
   &INNERENERGYU [&Type "Double"]      -5.1392817280373356e+02
   &ENTHALPYH [&Type "Double"]      -5.1392722859469131e+02
   &QEL [&Type "Double"]       0.0000000000000000e+00
   &QROT [&Type "Double"]       1.3622694821385147e-02
   &QVIB [&Type "Double"]       6.4012885815500015e-03
   &QTRANS [&Type "Double"]       1.9243670638158489e-02
   &ENTROPYS [&Type "Double"]       3.9267654041093634e-02
   &FREEENERGYG [&Type "Double"]      -5.1396649624873237e+02
   &ISLINEAR [&Type "Boolean"] false
$End
$Hessian
   &GeometryIndex 1
   &ListStatus       OUT
   &HESSIAN [&Type "ArrayOfDoubles", &Dim (36,36)] "The Hessian"
                                                         0                           1                           2                           3                           4                           5                           6                           7

0                                      7.1611461427110579e-01        -6.0357458326558242e-02        -2.1500404166003102e-05        -2.5733998216687065e-01         1.3438935128063295e-01         7.0297939498634696e-06         4.8452208956738435e-02         4.3375112514451565e-02
1                                     -6.0357458326558242e-02         8.1978014600516191e-01         5.9622214429931376e-06         1.7021076946268271e-01        -3.3310761702896574e-01        -7.1395973028452109e-06         2.5271492806142520e-02        -3.4683127942252506e-02
2                                     -2.1500404166003102e-05         5.9622214429931376e-06         1.1602081502628654e-01         7.8018281998359266e-06        -7.1592853544885917e-06        -5.0130350283053571e-02        -1.9470327625501244e-06        -1.2575373162747958e-07
3                                     -2.5733998216687065e-01         1.7021076946268271e-01         7.8018281998359266e-06         7.3446620775138249e-01        -8.8685556252468739e-02        -2.1748223648291512e-05        -1.0305450390256760e-01        -6.6431846845154935e-02
4                                      1.3438935128063295e-01        -3.3310761702896574e-01        -7.1592853544885917e-06        -8.8685556252468739e-02         6.9052401210449632e-01        -9.2751414025882972e-07        -3.7684345916782269e-02        -2.1032755722573704e-01
5                                      7.0297939498634696e-06        -7.1395973028452109e-06        -5.0130350283053571e-02        -2.1748223648291512e-05        -9.2751414025882972e-07         1.0455912170136787e-01         2.9042741957058732e-06         5.4680362566737040e-06
6                                      4.8452208956738435e-02         2.5271492806142520e-02        -1.9470327625501244e-06        -1.0305450390256760e-01        -3.7684345916782269e-02         2.9042741957058732e-06         6.5213273038805764e-01        -1.3227082944811616e-01
7                                      4.3375112514451565e-02        -3.4683127942252506e-02        -1.2575373162747958e-07        -6.6431846845154935e-02        -2.1032755722573704e-01         5.4680362566737040e-06        -1.3227082944811616e-01         8.0793451645646930e-01
8                                     -1.7782859013071943e-06        -1.6090879643994607e-06         1.7700453157089464e-03         1.8587020937024016e-06         5.1464153718663440e-06        -7.1861001298990590e-02        -1.4144090313067579e-05        -4.3738535999075785e-06
9                                     -1.9513424962592173e-03        -7.4707329127799609e-03         5.6524193609684867e-07         1.0992507584710251e-03         2.3929060514681300e-02        -1.6499006667166142e-07        -2.8140563909969707e-01         2.2945443382865599e-01
10                                    -1.9941258844375996e-02        -6.0705716125843828e-04         4.0692828217575867e-07         4.2317896184087662e-02        -6.9620138239283411e-02         6.3287264845407552e-08         2.2856129186879476e-01        -4.1624187535867507e-01
11                                     6.5447919024834863e-07         5.2566708572645043e-07         3.0674074647652413e-03        -7.3799283544430088e-08         9.4389122003473036e-07         2.1535759742818815e-02         2.9329951766608644e-06        -3.0456653614475937e-06
12                                    -2.7478484459327060e-02         1.1204533086283473e-03         1.2499801000855884e-06        -2.0354487160571588e-02        -3.9532145890394124e-02         9.2362379057007566e-07        -2.1858229138107507e-01        -2.3178832881050083e-02
13                                     1.8532515724163933e-02        -2.6373929613747894e-03        -5.8906915651691427e-07        -3.9216053329986393e-02         9.1840682813606467e-03         1.2126276703492595e-06        -6.2967995376259897e-02        -1.6264735546988851e-01
14                                     8.7824286720505077e-07         4.6082770462571342e-07         7.7645673267758139e-04         1.8657728462437593e-06         1.2190108003700364e-06         7.3738337105442309e-03         6.7160378539764779e-06         1.6165465638445962e-06
15                                    -1.1170685605863328e-02        -3.7771121748266433e-02         7.7482588330502816e-07        -4.8394340580305215e-03         9.8137252320361357e-04        -2.3630647578816358e-07        -3.8277671396340210e-02         1.6180507933632664e-02
16                                    -6.8389832434563341e-02        -7.7630698521441574e-04         3.3236645496611254e-06        -2.4545864693764352e-03        -3.6567854318928388e-02        -5.1498637680191792e-08         6.6902919426412841e-02         6.0462304701246708e-02
17                                     5.0011673724885376e-07         2.0823592701145989e-06        -2.6117459672952443e-03         1.3700366581761062e-06        -8.4181979725259058e-07         1.5691411955257059e-03         5.3611653874298374e-06        -2.9494767221686971e-06
18                                    -2.8504351000330531e-03        -5.5481744129863412e-04         5.6740441158563887e-07         4.7308797445693006e-03        -3.0679240677799775e-03        -1.6640340837228589e-07         1.4736626950517676e-02         4.8688742317960759e-03
19                                     1.0922190036372506e-02        -5.7253497894437858e-03        -1.8445890487280641e-08         1.8732547664096731e-03         6.9740315689580390e-03         1.2288782248910017e-08        -1.2564561045915672e-02        -1.2748238913458467e-02
20                                     8.1278537263344211e-07         6.6741314341319991e-07         4.8807086513316406e-03        -5.6037848425371734e-08         8.0267901817553580e-08        -1.2282295440874569e-03         1.1936418240623901e-06        -9.0281164508590688e-07
21                                    -3.2699702257031971e-01        -4.9266318711387189e-02         6.9330967830684441e-06        -4.3040719178503536e-02         3.9008005854941033e-02         2.1062548542226108e-06        -2.0152591415376581e-02        -3.3973769788608693e-02
22                                    -1.5505142718257637e-02        -1.4524653749809913e-01        -3.2412571790315177e-06         3.3992152723003349e-02         3.5739344316519900e-02        -4.2139453138092709e-07        -2.9274023368932776e-02        -2.3983072421678422e-02
23                                     1.3568269285319191e-05        -4.8382516437191665e-07        -3.2006613244506120e-02         1.7574475070223913e-06        -1.0897707583118067e-06         6.2625015446465329e-03         2.0273547709999100e-06         9.4150226832684119e-07
24                                    -4.0997786146286214e-02        -6.1835249037600487e-03         1.3134994094223011e-06        -3.1583080197742924e-01        -4.5338562442159863e-02         8.7659469658066441e-06        -4.2876578421359758e-02         3.7055706197506449e-04
25                                     3.2545146717738428e-02         1.6254123484238332e-02        -7.7852404628012790e-07        -3.9289140512127070e-02        -7.9743331124007694e-02         2.1555062945964850e-06        -4.3390927773096097e-02        -6.6479595686436826e-03
26                                     2.0762675167403816e-06         3.3986981722455924e-07         9.8499778821811712e-04         6.8614975085900187e-06         1.9702514238194689e-06        -3.3063944626517031e-02         1.6264410146680912e-06         6.1719250686468069e-07
27                                    -7.4756430500675611e-02        -6.1465862022437798e-02         1.0179656308632200e-06         1.2975224660047663e-02         1.8911087222425828e-02        -2.7317556119272917e-07        -5.1907242010342889e-03         8.4590463551010892e-04
28                                    -6.8319344103181134e-02        -3.2711462481834147e-01         1.2129842370320580e-08        -9.9243994674469566e-03        -1.5814197291756114e-02         4.0287645105248408e-07         4.2571455852562830e-03        -7.7796002965714595e-04
29                                     9.9637853468807383e-07         2.2284877529679517e-07        -3.5805855583585441e-02        -1.0140719368737255e-07        -2.1058386912587902e-07         9.5014451963281281e-03         1.9685730068590433e-07        -2.2146355016281568e-07
30                                    -1.2149410795212327e-03        -5.0515522464810022e-05        -8.1958396198875162e-08        -5.6188666239851215e-03         2.1687373337996082e-03         1.2642117065124414e-07        -5.0077746407583747e-03        -3.8940633611740431e-02
31                                     3.2345674199002125e-04         8.5292204106432630e-04        -9.2323462162381544e-08        -2.0837831244055341e-04         9.3544694509195732e-04        -3.6543784866987346e-08        -6.0032795832082667e-03         1.9899014792249259e-03
32                                     9.1926321875711576e-08        -1.0166888008055267e-07        -9.7824057968914826e-04         2.7777503962006295e-07        -8.5948154605879887e-08         4.1566817427858777e-03        -1.2186146593510134e-06         1.0630131002436674e-06
33                                    -1.9809713102688052e-02         2.6173095112150224e-02         2.1208055352571071e-06        -3.1927678465120948e-03        -5.2476387539078751e-03         5.0701584698907663e-07        -7.7379183710481539e-04         4.5766001284739625e-04
34                                    -7.2301956890637037e-03         1.3010822654485452e-02         1.1776645600642154e-06        -2.0155533533738022e-03         1.8237920122514233e-03        -2.2062328243609345e-07        -1.5940248184937935e-03        -2.3295757069501238e-03
35                                    -2.1448222732802290e-06         1.9502221563242185e-07        -5.9676253208585349e-03         4.1217650726537623e-07         4.3763431583743486e-07         1.3250409186314563e-03        -7.6845051718003738e-07        -2.8233273694972001e-08
                                                         8                           9                          10                          11                          12                          13                          14                          15

0                                     -1.7782859013071943e-06        -1.9513424962592173e-03        -1.9941258844375996e-02         6.5447919024834863e-07        -2.7478484459327060e-02         1.8532515724163933e-02         8.7824286720505077e-07        -1.1170685605863328e-02
1                                     -1.6090879643994607e-06        -7.4707329127799609e-03        -6.0705716125843828e-04         5.2566708572645043e-07         1.1204533086283473e-03        -2.6373929613747894e-03         4.6082770462571342e-07        -3.7771121748266433e-02
2                                      1.7700453157089464e-03         5.6524193609684867e-07         4.0692828217575867e-07         3.0674074647652413e-03         1.2499801000855884e-06        -5.8906915651691427e-07         7.7645673267758139e-04         7.7482588330502816e-07
3                                      1.8587020937024016e-06         1.0992507584710251e-03         4.2317896184087662e-02        -7.3799283544430088e-08        -2.0354487160571588e-02        -3.9216053329986393e-02         1.8657728462437593e-06        -4.8394340580305215e-03
4                                      5.1464153718663440e-06         2.3929060514681300e-02        -6.9620138239283411e-02         9.4389122003473036e-07        -3.9532145890394124e-02         9.1840682813606467e-03         1.2190108003700364e-06         9.8137252320361357e-04
5                                     -7.1861001298990590e-02        -1.6499006667166142e-07         6.3287264845407552e-08         2.1535759742818815e-02         9.2362379057007566e-07         1.2126276703492595e-06         7.3738337105442309e-03        -2.3630647578816358e-07
6                                     -1.4144090313067579e-05        -2.8140563909969707e-01         2.2856129186879476e-01         2.9329951766608644e-06        -2.1858229138107507e-01        -6.2967995376259897e-02         6.7160378539764779e-06        -3.8277671396340210e-02
7                                     -4.3738535999075785e-06         2.2945443382865599e-01        -4.1624187535867507e-01        -3.0456653614475937e-06        -2.3178832881050083e-02        -1.6264735546988851e-01         1.6165465638445962e-06         1.6180507933632664e-02
8                                      1.9317164585396901e-01         2.2924005300614631e-06        -1.9168198310391207e-06        -8.0149233647815732e-02         3.3544013948763566e-06         4.3099357040307625e-06        -4.7519133783522238e-02        -1.3540070114857160e-06
9                                      2.2924005300614631e-06         3.4255319042406301e-01        -3.0101483525950312e-01        -3.5654370756335930e-06        -7.4626179579685259e-02         6.3612051817463627e-02         1.5143834868429480e-06         5.3769132522137192e-03
10                                    -1.9168198310391207e-06        -3.0101483525950312e-01         4.6878273753910532e-01         2.4013539218960859e-06         3.5999628922840199e-02         1.3713727616960278e-02        -5.2898755596956283e-07        -5.2579012649181123e-03
11                                    -8.0149233647815732e-02        -3.5654370756335930e-06         2.4013539218960859e-06         4.1597452575560669e-02         2.1069690739788790e-06        -1.7842743174535213e-06         1.7619725408200074e-02         6.2932289710967732e-07
12                                     3.3544013948763566e-06        -7.4626179579685259e-02         3.5999628922840199e-02         2.1069690739788790e-06         6.7662806195325897e-01         4.6354357180652089e-02        -2.6662285224112141e-05        -1.7737108303993268e-01
13                                     4.3099357040307625e-06         6.3612051817463627e-02         1.3713727616960278e-02        -1.7842743174535213e-06         4.6354357180652089e-02         8.0848932458818767e-01        -1.5850690831492020e-05         6.6589404838163890e-02
14                                    -4.7519133783522238e-02         1.5143834868429480e-06        -5.2898755596956283e-07         1.7619725408200074e-02        -2.6662285224112141e-05        -1.5850690831492020e-05         5.9587526233821950e-02         1.7906566052966416e-06
15                                    -1.3540070114857160e-06         5.3769132522137192e-03        -5.2579012649181123e-03         6.2932289710967732e-07        -1.7737108303993268e-01         6.6589404838163890e-02         1.7906566052966416e-06         9.1112003434623900e-01
16                                    -2.5390217089613724e-06        -2.0816782471107721e-02        -5.2977588522937448e-03         4.9104593001436197e-07         2.4506884145527236e-02        -2.2349495058130986e-01         2.9787163047110738e-08         6.6927232388459351e-02
17                                    -1.4432574973413657e-02        -1.7159233740865242e-06         1.6170355356032422e-06         7.4171753975789956e-03         8.1061148650207915e-06        -5.9742405529477520e-07        -5.4168142703977698e-02        -4.3058738540950238e-05
18                                     1.3132556690432027e-06        -7.8074824761577202e-03         3.7257319401914589e-03        -1.6293807467707865e-07        -8.3896077541881692e-02         1.8254312812879363e-02         7.1289169282516120e-06        -5.7339515217926962e-01
19                                     4.5740330534430167e-07         4.8788105760613643e-03         1.2476927811250309e-03        -1.3216853939848905e-07         4.8768656856130729e-02         2.1432501521456850e-02        -2.2382847138173332e-06        -9.2363138506570089e-02
20                                     7.2436855014025954e-03        -1.0371104684889388e-08         1.0667933897727271e-07        -1.7504468125065021e-03         6.2310116988617375e-06        -9.2060732391867723e-08         2.0402766205951366e-02         2.8645283179816735e-05
21                                     1.1189219310287350e-06        -5.7395611678735716e-04         1.0959537717256291e-02        -1.1939344462229913e-07         3.4743083162208310e-02         1.7128780735003485e-02        -9.8813236367017002e-07        -1.5170307797408653e-01
22                                     1.4044916524264994e-06         8.2414697539782006e-03         4.7862546577935386e-03        -4.1798950819522893e-07         2.2816833749023484e-02        -6.3966256859728704e-02         1.9249259496829745e-08        -3.5728252941502767e-02
23                                    -2.9105791512340638e-03        -7.4548445076140196e-07         2.3838539372682491e-07         2.8197744458583775e-04        -1.7924275112025145e-06        -6.1471994740345731e-07         7.7672924444452014e-03         1.8868148836427373e-06
24                                     9.5555464665034281e-07         1.1890149423122758e-02        -2.1288213642339515e-03        -3.9211865247658470e-07         4.2940229334748267e-03        -6.4335573058164931e-03        -6.8700533639902635e-08         5.5697969629593391e-03
25                                     1.2272349792246046e-06        -1.4980966487632302e-03         4.9739601421151958e-03        -1.2290255467821036e-07        -5.1091252434440999e-04        -8.6166001731229642e-03         2.7222529781626949e-07         2.3293319256717133e-03
26                                     3.6646753339097948e-03        -5.7439931639197457e-08        -2.1253712066764138e-07        -2.3363857498861682e-03         6.0031920267559118e-08         1.5484226281006115e-07         2.8056267919667919e-03        -3.4946239717269188e-09
27                                     8.0889271493644938e-07         7.4345396315408712e-04         1.9762757283966655e-03        -2.3180216875018116e-07         1.1019588104861453e-03        -5.0006379946715147e-04        -9.7835676504182961e-08        -4.2885985893467661e-03
28                                     1.4333515548223435e-07        -3.3728324095280357e-04        -1.4588460055949895e-03        -3.3678736862880472e-08         4.9982295419365131e-04         7.0813402687222387e-04        -1.0322368628596801e-07        -2.4114364679665191e-04
29                                     1.0161223035303013e-02        -9.4566169550417777e-09        -1.5174564550388650e-07        -2.7554300067178326e-03         1.2177390787416280e-07        -1.0874528519699192e-07        -5.5404297055242600e-04         5.2877518657497582e-07
30                                     1.1983186338124564e-06         4.1586570678106491e-03         4.7959303530886030e-03        -3.7604509687094769e-07        -1.1320049817813940e-01        -1.1715779653307283e-01         6.2150014830216292e-06         1.9770175014810737e-02
