*************************************************
******************* ORCA 6.0.0 ******************
*************************************************
$Calculation_Status
   &GeometryIndex 1
   &ListStatus       OUT
   &VERSION [&Type "String"] "6.0.0"
   &PROGNAME [&Type "String"] "LeanSCF"
   &STATUS [&Type "String"] "NORMAL TERMINATION"
$End
$Geometry
   &GeometryIndex 1
   &ListStatus       OUT
   &NATOMS [&Type "Integer"] 12
   &NCORELESSECP [&Type "Integer"] 0
   &NGHOSTATOMS [&Type "Integer"] 0
   &CartesianCoordinates [&Type "Coordinates", &Dim(12,4), &Units "Bohr"] 
              C      0.397638837614    2.866405021435   -0.000490596715
              C      2.098427088474    0.976758192894   -0.000209064938
              C      1.342759127670   -1.669706106464    0.000141537086
              O      2.754739401916   -3.478011972988    0.000378972860
              N     -1.304098989291   -1.945633966564    0.000266899061
              C     -3.150066349333   -0.081193455474   -0.000130103109
              O     -5.405456040311   -0.505623195790   -0.000151277868
              N     -2.148850057532    2.347471556250   -0.000461970954
              F      4.577611435084    1.464658592894   -0.000256202266
              H      0.959447169940    4.836016072425   -0.000767316683
              H     -1.956462687851   -3.742781783937    0.000440125720
              H     -3.428473718716    3.757199141829   -0.000610195970
$End
$SCF_Energy
   &GeometryIndex 1
   &ListStatus       OUT
   &SCF_ENERGY [&Type "Double"]      -5.1402343689732629e+02
$End
$DFT_Energy
   &GeometryIndex 1
   &ListStatus       OUT
   &NALPHAEL [&Type "Integer"] 33
   &NBETAEL [&Type "Integer"] 33
   &NTOTALEL [&Type "Integer"] 66
   &EEXCHANGE [&Type "Double"]      -6.1918166507980601e+01
   &ECORR [&Type "Double"]      -2.2315046374241594e+00
   &ECNL [&Type "Double"]       0.0000000000000000e+00
   &EXC [&Type "Double"]      -6.4149671145404767e+01
   &EEMBED [&Type "Double"]       0.0000000000000000e+00
   &FINALEN [&Type "Double"]      -5.1402343689732629e+02  "No Van der Waals correction"
$End
$Mulliken_Population_Analysis
   &GeometryIndex 1
   &ListStatus       OUT
   &NATOMS [&Type "Integer"] 12
   &ATNO [&Type "ArrayOfIntegers", &Dim (12,1)] 
                                                         0

0                                                        6
1                                                        6
2                                                        6
3                                                        8
4                                                        7
5                                                        6
6                                                        8
7                                                        7
8                                                        9
9                                                        1
10                                                       1
11                                                       1
   &ATOMICCHARGES [&Type "ArrayOfDoubles", &Dim (12,1)] 
                                                         0

0                                     -2.3093902745253914e-02
1                                      1.4450594250638904e-01
2                                      2.1751273892429968e-01
3                                     -3.2673455093060610e-01
4                                     -2.3105383613722275e-01
5                                      3.1726756330041805e-01
6                                     -3.6057856298699953e-01
7                                     -2.3214357450589951e-01
8                                     -1.8034861716230211e-01
9                                      1.6054076769737813e-01
10                                     2.5756290514962887e-01
11                                     2.5656312689080274e-01
$End
$Loewdin_Population_Analysis
   &GeometryIndex 1
   &ListStatus       OUT
   &NATOMS [&Type "Integer"] 12
   &ATNO [&Type "ArrayOfIntegers", &Dim (12,1)] 
                                                         0

0                                                        6
1                                                        6
2                                                        6
3                                                        8
4                                                        7
5                                                        6
6                                                        8
7                                                        7
8                                                        9
9                                                        1
10                                                       1
11                                                       1
   &ATOMICCHARGES [&Type "ArrayOfDoubles", &Dim (12,1)] 
                                                         0

0                                     -1.5694320879268808e-01
1                                     -2.8186459570798572e-01
2                                     -4.1255709113645889e-01
3                                      1.1009678341699924e-01
4                                      2.0371034462943882e-01
5                                     -5.0518280987801223e-01
6                                      7.1369888521783942e-02
7                                      1.8165681228646058e-01
8                                      2.1807080326684414e-01
9                                      1.5521133104166585e-01
10                                     2.1009536603125756e-01
11                                     2.0633637632135704e-01
$End
$Mayer_Population_Analysis
   &GeometryIndex 1
   &ListStatus       OUT
   &NATOMS [&Type "Integer"] 12 "Total number of atoms"
   &BONDTHRESH [&Type "Double"]       1.0000000000000001e-01  "The threshold for printing"
   &NBONDORDERSPRINT [&Type "Integer"] 12 "The number of bond orders larger than threshold"
   &BONDORDERS [&Type "ArrayOfDoubles", &Dim (12,1)] "The bond orders"
                                                         0

0                                      1.6771965079370550e+00
1                                      1.0935094439292561e+00
2                                      9.2664913101501423e-01
3                                      1.0580601951085411e+00
4                                      1.0586300026601818e+00
5                                      2.0509633291014482e+00
6                                      1.0644726983865020e+00
7                                      1.1304389872529408e+00
8                                      8.8243049361606751e-01
9                                      2.0454064915000862e+00
10                                     1.1015098068579694e+00
11                                     8.9850053253210727e-01
   &COMPONENTS [&Type "ArrayOfIntegers", &Dim (12,4)] "The indices and atomic numbers of the bonding atoms"
                                                         0                           1                           2                           3

0                                                        0                           6                           1                           6
1                                                        0                           6                           7                           7
2                                                        0                           6                           9                           1
3                                                        1                           6                           2                           6
4                                                        1                           6                           8                           9
5                                                        2                           6                           3                           8
6                                                        2                           6                           4                           7
7                                                        4                           7                           5                           6
8                                                        4                           7                          10                           1
9                                                        5                           6                           6                           8
10                                                       5                           6                           7                           7
11                                                       7                           7                          11                           1
   &ATNO [&Type "ArrayOfIntegers", &Dim (12,1)] "Atomic number of the elements"
                                                         0

0                                                        6
1                                                        6
2                                                        6
3                                                        8
4                                                        7
5                                                        6
6                                                        8
7                                                        7
8                                                        9
9                                                        1
10                                                       1
11                                                       1
   &NA [&Type "ArrayOfDoubles", &Dim (12,1)] "Mulliken gross atomic population"
                                                         0

0                                      6.0230939027452299e+00
1                                      5.8554940574936358e+00
2                                      5.7824872610757190e+00
3                                      8.3267345509306008e+00
4                                      7.2310538361372076e+00
5                                      5.6827324366995748e+00
6                                      8.3605785629870155e+00
7                                      7.2321435745059075e+00
8                                      9.1803486171622826e+00
9                                      8.3945923230262198e-01
10                                     7.4243709485037157e-01
11                                     7.4343687310919648e-01
   &ZA [&Type "ArrayOfDoubles", &Dim (12,1)] "Total nuclear charge"
                                                         0

0                                      6.0000000000000000e+00
1                                      6.0000000000000000e+00
2                                      6.0000000000000000e+00
3                                      8.0000000000000000e+00
4                                      7.0000000000000000e+00
5                                      6.0000000000000000e+00
6                                      8.0000000000000000e+00
7                                      7.0000000000000000e+00
8                                      9.0000000000000000e+00
9                                      1.0000000000000000e+00
10                                     1.0000000000000000e+00
11                                     1.0000000000000000e+00
   &QA [&Type "ArrayOfDoubles", &Dim (12,1)] "Mulliken gross atomic charge"
                                                         0

0                                     -2.3093902745229933e-02
1                                      1.4450594250636417e-01
2                                      2.1751273892428102e-01
3                                     -3.2673455093060078e-01
4                                     -2.3105383613720765e-01
5                                      3.1726756330042516e-01
6                                     -3.6057856298701552e-01
7                                     -2.3214357450590750e-01
8                                     -1.8034861716228257e-01
9                                      1.6054076769737802e-01
10                                     2.5756290514962843e-01
11                                     2.5656312689080352e-01
   &VA [&Type "ArrayOfDoubles", &Dim (12,1)] "Mayer's total valence"
                                                         0

0                                      3.8832641620627855e+00
1                                      3.8697632908937765e+00
2                                      4.2838347146693181e+00
3                                      2.1894558159148456e+00
4                                      3.0962374294984807e+00
5                                      4.3961980333451285e+00
6                                      2.1588314198491765e+00
7                                      3.1747280999510554e+00
8                                      1.1188109905383230e+00
9                                      9.7586753566765438e-01
10                                     9.5964309989843088e-01
11                                     9.4988275099050867e-01
   &BVA [&Type "ArrayOfDoubles", &Dim (12,1)] "Mayer's bonded valence"
                                                         0

0                                      3.8832641620626491e+00
1                                      3.8697632908935105e+00
2                                      4.2838347146692026e+00
3                                      2.1894558159147874e+00
4                                      3.0962374294983892e+00
5                                      4.3961980333449704e+00
6                                      2.1588314198490206e+00
7                                      3.1747280999507383e+00
8                                      1.1188109905382990e+00
9                                      9.7586753566765216e-01
10                                     9.5964309989841812e-01
11                                     9.4988275099047503e-01
   &FA [&Type "ArrayOfDoubles", &Dim (12,1)] "Mayer's free valence"
                                                         0

0                                      0.0000000000000000e+00
1                                      0.0000000000000000e+00
2                                      0.0000000000000000e+00
3                                      0.0000000000000000e+00
4                                      0.0000000000000000e+00
5                                      0.0000000000000000e+00
6                                      0.0000000000000000e+00
7                                      0.0000000000000000e+00
8                                      0.0000000000000000e+00
9                                      0.0000000000000000e+00
10                                     0.0000000000000000e+00
11                                     0.0000000000000000e+00
$End
$VdW_Correction
   &GeometryIndex 1
   &ListStatus       OUT
   &VDW [&Type "Double"]      -3.7646451003647444e-03
$End
$Calculation_Info
   &GeometryIndex 1
   &ListStatus       OUT
   &MULT [&Type "Integer"] 1
   &CHARGE [&Type "Integer"] 0
   &NUMOFATOMS [&Type "Integer"] 12
   &NUMOFELECTRONS [&Type "Integer"] 66
   &NUMOFFCELECTRONS [&Type "Integer"] 1
   &NUMOFCORRELECTRONS [&Type "Integer"] 0
   &NUMOFBASISFUNCTS [&Type "Integer"] 297
   &NUMOFAUXCBASISFUNCTS [&Type "Integer"] 0
   &NUMOFAUXJBASISFUNCTS [&Type "Integer"] 308
   &NUMOFAUXJKBASISFUNCTS [&Type "Integer"] 0
   &NUMOFCABSBASISFUNCTS [&Type "Integer"] 0
   &TOTALENERGY [&Type "Double"]      -5.1401496244762666e+02  "Hartrees"
$End
$SCF_Dipole_Moment
   &GeometryIndex 1
   &ListStatus       OUT
   &METHOD [&Type "String"] "SCF"
   &LEVEL [&Type "String"] "Relaxed density"
   &MULT [&Type "Integer"] 1
   &STATE [&Type "Integer"] -1
   &IRREP [&Type "Integer"] 0
   &NATOMS [&Type "Integer"] 12
   &DODIPOLEATOM [&Type "Boolean"] false
   &DIPOLEELECCONTRIB [&Type "ArrayOfDoubles", &Dim (3,1)] "Electronic contribution"
                                                         0

0                                      4.0493988067122793e+00
1                                     -1.1000673127255818e-01
2                                      4.6090744481766316e-05
   &DIPOLENUCCONTRIB [&Type "ArrayOfDoubles", &Dim (3,1)] "Nuclear contribution"
                                                         0

0                                     -4.4723209699358026e+00
1                                      1.6619702228275557e+00
2                                     -2.3523360495821856e-04
   &DIPOLETOTAL [&Type "ArrayOfDoubles", &Dim (3,1)] "Total"
                                                         0

0                                     -4.2292216322352338e-01
1                                      1.5519634915549976e+00
2                                     -1.8914286047645224e-04
   &DIPOLEMAGNITUDE [&Type "Double", &Units "a.u."]       1.6085564556583849e+00
$End
$THERMOCHEMISTRY_Energies
   &GeometryIndex 1
   &ListStatus       OUT
   &TEMPERATURE [&Type "Double"]       2.9814999999999998e+02
   &PRESSURE [&Type "Double"]       1.0000000000000000e+00
   &TOTALMASS [&Type "Double"]       1.3007800000000000e+02
   &SPINDEGENERACY [&Type "Integer"] 1
   &ELENERGY [&Type "Double"]      -5.1401496244762666e+02
   &TRANSENERGY [&Type "Double"]       1.4162714244859817e-03
   &ROTENERGY [&Type "Double"]       1.4162714244859817e-03
   &VIBENERGY [&Type "Double"]       4.2015653918463600e-03
   &NUMOFFREQS [&Type "Integer"] 36
   &FREQSCALINGFACTOR [&Type "Double"]       1.0000000000000000e+00
   &FREQ [&Type "ArrayOfDoubles", &Dim (36,1)] "In cm^-1"
                                                         0

0                                      0.0000000000000000e+00
1                                      0.0000000000000000e+00
2                                      0.0000000000000000e+00
3                                      0.0000000000000000e+00
4                                      0.0000000000000000e+00
5                                      0.0000000000000000e+00
6                                      1.2107864982702013e+02
7                                      1.5774075904811420e+02
8                                      3.0963324478412329e+02
9                                      3.4679641975104306e+02
10                                     3.7740571956123989e+02
11                                     3.9047587650609336e+02
12                                     4.5891442038028981e+02
13                                     5.3605220733665089e+02
14                                     5.5019530411684184e+02
15                                     6.3193619626578709e+02
16                                     6.7472287485212530e+02
17                                     7.4255967573665305e+02
18                                     7.4768885431336980e+02
19                                     7.6448820708289259e+02
20                                     8.1829139799816062e+02
21                                     8.7840869567449545e+02
22                                     9.6682101646259980e+02
23                                     1.1488544039724854e+03
24                                     1.1742166221636526e+03
25                                     1.2579578027454004e+03
26                                     1.3399394270867294e+03
27                                     1.3935910027646842e+03
28                                     1.4182032168863225e+03
29                                     1.4937435439809201e+03
30                                     1.6943658036659015e+03
31                                     1.7593135482122711e+03
32                                     1.7883229534401548e+03
33                                     3.2055003973806170e+03
34                                     3.5866777866926541e+03
35                                     3.6356175011632986e+03
   &ZPE [&Type "Double"]       7.8299513166659840e-02
   &INNERENERGYU [&Type "Double"]      -5.1392962882621919e+02
   &ENTHALPYH [&Type "Double"]      -5.1392868461717694e+02
   &QEL [&Type "Double"]       0.0000000000000000e+00
   &QROT [&Type "Double"]       1.3630776853419064e-02
   &QVIB [&Type "Double"]       6.7232696037931999e-03
   &QTRANS [&Type "Double"]       1.9243670638158489e-02
   &ENTROPYS [&Type "Double"]       3.9597717095370751e-02
   &FREEENERGYG [&Type "Double"]      -5.1396828233427232e+02
   &ISLINEAR [&Type "Boolean"] false
$End
$Hessian
   &GeometryIndex 1
   &ListStatus       OUT
   &HESSIAN [&Type "ArrayOfDoubles", &Dim (36,36)] "The Hessian"
                                                         0                           1                           2                           3                           4                           5                           6                           7

0                                      7.0297356097069319e-01        -6.6174018817667352e-02         1.5602897536213859e-05        -2.5995067311675285e-01         1.3647589108657726e-01        -1.9879886696330415e-05         4.8343836129778037e-02         4.2466492579248033e-02
1                                     -6.6174018817667352e-02         8.1566526364265735e-01        -9.8363705711049541e-05         1.7407701527104003e-01        -3.3381167184287103e-01         3.9983540014129862e-05         2.5169736568735699e-02        -3.3554922239714416e-02
2                                      1.5602897536213859e-05        -9.8363705711049541e-05         1.1608623683740660e-01        -2.5525172712362374e-05         4.2818836934520523e-05        -4.9106044454597986e-02        -1.0536299542916288e-06         1.8898797767962616e-06
3                                     -2.5995067311675285e-01         1.7407701527104003e-01        -2.5525172712362374e-05         7.5150669195158326e-01        -9.5997531766246438e-02         1.6688278522738117e-05        -1.0230125811450033e-01        -5.8512651030486446e-02
4                                      1.3647589108657726e-01        -3.3381167184287103e-01         4.2818836934520523e-05        -9.5997531766246438e-02         6.6679773608428883e-01        -8.0881026922498329e-05        -2.7539522828119105e-02        -1.8598713058943955e-01
5                                     -1.9879886696330415e-05         3.9983540014129862e-05        -4.9106044454597986e-02         1.6688278522738117e-05        -8.0881026922498329e-05         1.0361923918206009e-01         7.2734433722505277e-06         1.7617451322658388e-05
6                                      4.8343836129778037e-02         2.5169736568735699e-02        -1.0536299542916288e-06        -1.0230125811450033e-01        -2.7539522828119105e-02         7.2734433722505277e-06         6.3927339975654440e-01        -1.8530853027889760e-01
7                                      4.2466492579248033e-02        -3.3554922239714416e-02         1.8898797767962616e-06        -5.8512651030486446e-02        -1.8598713058943955e-01         1.7617451322658388e-05        -1.8530853027889760e-01         8.3343218120757134e-01
8                                     -9.8451720635186994e-06         9.2577676691750572e-06         1.3059418859632226e-03         1.0061119994953148e-05         1.8240600098244020e-05        -7.3629720124974138e-02         2.3579848390200573e-05        -9.8494526666521913e-05
9                                     -2.3119610352892945e-03        -7.3268868794601205e-03         9.0743168199362579e-08         1.9341968589660745e-03         2.2492426377385077e-02        -4.9158407841231062e-06        -3.0309469285880186e-01         2.7087428614331127e-01
10                                    -2.0066599994128097e-02        -7.7985443762411226e-04         1.2918088242941122e-06         4.3191690151176701e-02        -6.9656740857987384e-02         1.3730585710897195e-05         2.6848665903211005e-01        -4.7001745038426201e-01
11                                     2.1237669140927797e-06         1.1848911405608636e-06         3.0775138479231705e-03        -6.0786040418406593e-06         1.1775218844571525e-05         2.1777492878743598e-02        -3.0435118607212165e-05         4.9635555053555305e-05
12                                    -2.7180445642344078e-02         8.6644823568856472e-04        -5.3818287408166341e-07        -2.0158651964414818e-02        -3.8134212892828923e-02         6.0803351974089659e-06        -1.8855933834191660e-01        -1.8189350206364474e-02
13                                     1.8633668830061848e-02        -3.0115226606533436e-03         1.6788363073689214e-06        -3.8226092533738168e-02         1.0442606623457477e-02         1.2482544681563097e-06        -6.1174208709393108e-02        -1.6085663827531824e-01
14                                    -3.0803174388461248e-06         1.4987827735478436e-06         1.0288482663212020e-03         5.6647254111409345e-06        -9.4347535252734567e-07         6.7324800025304957e-03         1.3907278910818841e-05         1.5099574598979942e-05
15                                    -1.1085024834706097e-02        -3.6016462856284043e-02         3.5527467273863678e-06        -4.6244061898721043e-03         6.0453985122920113e-04        -1.8458546104880173e-06        -3.5483612401753850e-02         1.5048383800517168e-02
16                                    -6.6850014249784928e-02         1.1300029364119035e-03        -1.0454537046647872e-06        -2.6612040886495134e-03        -3.5843615539923192e-02         5.2715602775319615e-07         6.8017791807775979e-02         5.9364138444207105e-02
17                                     1.1491131416189883e-05        -2.8048758066327494e-06        -3.4684787524183070e-03        -1.4081197703077750e-07         1.8704746179425489e-06         1.7348589773741865e-03        -1.3621503182202299e-05        -8.0972597953055200e-06
18                                    -2.6359174782852636e-03        -1.0551486764805657e-03         4.6446486711106660e-07         4.8310150399218446e-03        -2.9764961407454694e-03         1.2899285362969895e-06         1.5392049664869092e-02         4.4755721283484540e-03
19                                     1.0855657841658629e-02        -6.0083801122662881e-03         1.6854587313595258e-06         1.9495109826431350e-03         6.8980630343724522e-03        -7.0601582023147854e-08        -1.3388617402177214e-02        -1.2738379672145255e-02
20                                    -1.6679702748230656e-06         1.1409061975586624e-06         4.9502181683006435e-03        -2.6017579024516894e-07        -2.1352457738659047e-06        -1.1846670435406487e-03         2.1946131637745592e-06         4.4501314998839864e-06
21                                    -3.1088493560050912e-01        -4.4238254953170353e-02         2.0825116299437689e-06        -4.1425880120803421e-02         3.8521654072451950e-02        -5.8833044878368431e-06        -2.0223493005984743e-02        -3.4107927532610334e-02
22                                    -1.0612712897077761e-02        -1.4477105600722717e-01         1.4335906486058163e-05         3.3343111615971463e-02         3.5089459616898688e-02        -2.5770908392932057e-06        -2.8890884469125602e-02        -2.3191960198005838e-02
23                                    -7.7483196616488671e-07         1.3086394491980989e-05        -3.1708043999063171e-02        -5.7487480326978335e-06        -3.4447063587317003e-06         5.6561095365095584e-03         2.6908136856583997e-06         3.5497180547709467e-06
24                                    -4.1963291596363472e-02        -6.4148251190453420e-03         3.5960384576669970e-07        -3.3397998158577763e-01        -4.9498701859145920e-02         3.2614972194229526e-06        -4.2256525720679311e-02         1.7258618238030071e-03
25                                     3.3197731422536916e-02         1.6295714324621111e-02        -1.8948115467311832e-06        -4.4687451480623114e-02        -8.0060309899089493e-02         7.5792314769307762e-06        -4.3229158755231673e-02        -5.4710570085066308e-03
26                                    -5.3535390853510467e-06        -2.1155868764081995e-06         1.1918015256728517e-03         3.9789346086185936e-06         5.4815805725752908e-06        -3.0739537562280178e-02         6.4790364614037460e-06         1.6064505532304837e-06
27                                    -7.5759821026277527e-02        -6.4687437528299585e-02         8.6227850961547910e-06         1.2859569846364428e-02         1.8976948194883800e-02        -1.9416745667223881e-06        -5.2533547811280607e-03         7.7677514043620927e-04
28                                    -7.0380121548825753e-02        -3.2527324018493853e-01         4.0127977340838587e-05        -1.0147277494380887e-02        -1.6533282387408921e-02         7.0699443465195620e-06         4.4360851386877377e-03        -7.3280385980406190e-04
29                                     9.5950876217021731e-06         4.0482958001344340e-05        -3.5451338105558977e-02         1.9919889816298650e-06         1.5735320428908688e-06         9.7854318271005224e-03         5.0810881130026263e-07         2.1952583071905968e-06
30                                    -1.3432768533972279e-03        -2.7084868756142681e-05        -1.8156634702571289e-07        -5.7014187842657641e-03         2.1958646634082264e-03         3.7208490925038866e-07        -5.0404275330614996e-03        -3.9067733497260969e-02
31                                     4.2832981820996058e-04         8.8249024144786744e-04        -8.2946497060587170e-07        -1.6340736310373259e-04         9.8488237206575437e-04         4.4101773246263123e-07        -5.5165045220761794e-03         2.1233971632220322e-03
32                                     1.5853461757501832e-07        -7.8276378956104200e-07        -9.7328890113863777e-04         7.1336221743778821e-07         5.6896269506996393e-08         4.0867426229995677e-03        -7.0534543562871742e-07         3.4271879303009076e-06
33                                    -1.8202049916546368e-02         2.5506885078621692e-02        -2.8194943555075530e-06        -2.9892038204485920e-03        -5.2817599488223935e-03        -1.8090041476974301e-06        -7.9658279336508944e-04         4.8004467133474886e-04
34                                    -7.6542695257312138e-03         1.3237176340156726e-02        -2.5347905193381587e-06        -2.0048110736303019e-03         1.6800033856363573e-03         2.5420686761634156e-06        -1.7240693236679795e-03        -2.3693745878045017e-03
35                                     9.7259279175354212e-07        -1.7287860534926655e-06        -6.9333663188106288e-03        -3.4899646511369739e-08        -1.6232154044851487e-06         1.2676141580749254e-03         1.3550225162997426e-06         4.4224159509077883e-07
                                                         8                           9                          10                          11                          12                          13                          14                          15

0                                     -9.8451720635186994e-06        -2.3119610352892945e-03        -2.0066599994128097e-02         2.1237669140927797e-06        -2.7180445642344078e-02         1.8633668830061848e-02        -3.0803174388461248e-06        -1.1085024834706097e-02
1                                      9.2577676691750572e-06        -7.3268868794601205e-03        -7.7985443762411226e-04         1.1848911405608636e-06         8.6644823568856472e-04        -3.0115226606533436e-03         1.4987827735478436e-06        -3.6016462856284043e-02
2                                      1.3059418859632226e-03         9.0743168199362579e-08         1.2918088242941122e-06         3.0775138479231705e-03        -5.3818287408166341e-07         1.6788363073689214e-06         1.0288482663212020e-03         3.5527467273863678e-06
3                                      1.0061119994953148e-05         1.9341968589660745e-03         4.3191690151176701e-02        -6.0786040418406593e-06        -2.0158651964414818e-02        -3.8226092533738168e-02         5.6647254111409345e-06        -4.6244061898721043e-03
4                                      1.8240600098244020e-05         2.2492426377385077e-02        -6.9656740857987384e-02         1.1775218844571525e-05        -3.8134212892828923e-02         1.0442606623457477e-02        -9.4347535252734567e-07         6.0453985122920113e-04
5                                     -7.3629720124974138e-02        -4.9158407841231062e-06         1.3730585710897195e-05         2.1777492878743598e-02         6.0803351974089659e-06         1.2482544681563097e-06         6.7324800025304957e-03        -1.8458546104880173e-06
6                                      2.3579848390200573e-05        -3.0309469285880186e-01         2.6848665903211005e-01        -3.0435118607212165e-05        -1.8855933834191660e-01        -6.1174208709393108e-02         1.3907278910818841e-05        -3.5483612401753850e-02
7                                     -9.8494526666521913e-05         2.7087428614331127e-01        -4.7001745038426201e-01         4.9635555053555305e-05        -1.8189350206364474e-02        -1.6085663827531824e-01         1.5099574598979942e-05         1.5048383800517168e-02
8                                      1.8880556708126750e-01        -4.0891002023541842e-05         5.9799892371400557e-05        -7.2597186712812484e-02         8.4023148896206788e-06         2.2188476328775487e-05        -4.7322426875723106e-02        -1.2083792635965150e-05
9                                     -4.0891002023541842e-05         3.6408716850203676e-01        -3.4261509289147807e-01         4.6284681618598511e-05        -7.5440111174709251e-02         6.4654978682144634e-02        -8.8906941332669933e-06         5.4034074760176253e-03
10                                     5.9799892371400557e-05        -3.4261509289147807e-01         5.2278516181033741e-01        -6.7549507492673265e-05         3.7354971322020647e-02         1.3223969457784330e-02         1.1866117983035881e-07        -5.2439769401880342e-03
11                                    -7.2597186712812484e-02         4.6284681618598511e-05        -6.7549507492673265e-05         3.4051699166190642e-02        -3.5819285657502041e-06        -1.8923046820220859e-08         1.7254133922242905e-02        -1.1490054301916936e-06
12                                     8.4023148896206788e-06        -7.5440111174709251e-02         3.7354971322020647e-02        -3.5819285657502041e-06         6.4027074550134222e-01         5.1078290613696162e-02         4.2072643681950012e-06        -1.7170363634420324e-01
13                                     2.2188476328775487e-05         6.4654978682144634e-02         1.3223969457784330e-02        -1.8923046820220859e-08         5.1078290613696162e-02         8.0700372015016542e-01        -9.7240006020001511e-05         6.1139074808122029e-02
14                                    -4.7322426875723106e-02        -8.8906941332669933e-06         1.1866117983035881e-07         1.7254133922242905e-02         4.2072643681950012e-06        -9.7240006020001511e-05         5.8954204191948779e-02        -1.3484860596220787e-05
15                                    -1.2083792635965150e-05         5.4034074760176253e-03        -5.2439769401880342e-03        -1.1490054301916936e-06        -1.7170363634420324e-01         6.1139074808122029e-02        -1.3484860596220787e-05         9.6622516839814732e-01
16                                    -9.0069435712337217e-06        -2.1718336410867126e-02        -4.8922696902616641e-03         2.8557387737479055e-06         1.5404976892341743e-02        -2.1442036293745562e-01         2.5829174426165070e-05         7.1030606931502094e-02
17                                    -1.5900560335232655e-02         5.8050758666214334e-06         3.5047183354147478e-07         7.5835183102505215e-03        -8.6352725212555768e-06         2.8799064173415801e-05        -5.3571761571559573e-02         2.2259912033574458e-05
18                                     5.4021411550432595e-07        -8.0680974735134765e-03         3.9536465372894472e-03         3.0785188266766927e-07        -8.2709331868712530e-02         1.8915718505022064e-02        -6.7052363539703658e-06        -6.4122238919497199e-01
19                                     3.6318985715628076e-06         5.2101151894944839e-03         1.1537734866562750e-03        -5.9531628218900050e-07         4.9456769786291245e-02         2.1165082731279733e-02         7.3775904234054645e-07        -1.0106307807374322e-01
20                                     7.4369881804596770e-03        -1.2530857711196591e-06        -4.3276396063647589e-07        -1.8047857478740072e-03        -1.2766415868503220e-05         1.9028918039661548e-09         1.9854589814011371e-02        -4.3130000072573131e-06
21                                     7.3199071998708112e-06        -3.4131220933070324e-04         1.1094643659065088e-02        -1.0552729067252419e-06         3.4978184453565549e-02         1.6787456334756534e-02        -1.0304962029012787e-06        -1.4821935165610128e-01
22                                     2.3259125376512126e-06         8.3250292694106200e-03         4.6000695877838676e-03        -7.2362904125277606e-07         2.2568687323556894e-02        -6.4395768837659045e-02         1.0442006332576871e-05        -2.6274531769150761e-02
23                                    -2.7194070583733266e-03        -1.3851222845878000e-06        -3.7140863981889917e-07         2.8704539645392978e-04        -3.2454100251124188e-06         1.1196118820896609e-05         7.7268506242597450e-03         4.0737648623309295e-06
24                                    -2.0144293299467970e-06         1.2420514922277432e-02        -3.1012013908071380e-03         3.5245275377148527e-07         4.1603764533147212e-03        -6.5367163264663892e-03         1.3576152274029876e-07         5.8047238596557584e-03
25                                     1.0017561856896344e-06        -5.5870327696355693e-04         5.2479229144982613e-03        -7.0470314630123158e-07        -8.4099799762632791e-04        -8.8072872263805311e-03         1.5200214762681563e-06         2.3914929936004557e-03
26                                     3.4431574741799129e-03        -1.8127114806039193e-07        -9.3956569358561320e-07        -2.3549544588940849e-03        -1.7092210124314488e-07         1.9126944500014636e-06         2.8185998728010790e-03        -4.6253398182491526e-07
27                                    -2.4023505694038937e-07         8.0550828309186519e-04         1.9990823920768052e-03        -1.5989275887106733e-07         1.2182970040489978e-03        -5.4457297811911663e-04         1.9415607315431949e-07        -4.0796440965604726e-03
28                                     1.3178408414538366e-06        -4.0382070353381545e-04        -1.5266798192227499e-03         1.2941960895551326e-07         4.5485038433757839e-04         7.2678221754723786e-04         2.4889514902029834e-07        -1.1994062807184867e-04
29                                     1.0190713632932710e-02        -4.6148932859558622e-07         1.9656399152817701e-07        -2.7996102504863783e-03        -1.8134205156572942e-07         7.5962683553510162e-08        -5.2118006336813896e-04        -6.9360996077030779e-07
30                                     3.2008397724059395e-06         4.0611682313283250e-03         5.0316617273299044e-03        -5.7912871488749547e-07        -1.1365233005485947e-01        -1.2057659059764930e-01         1.0817376501678391e-05         1.9679640167254514e-02
