
$orca_hessian_file

$act_atom
  0

$act_coord
  0

$act_energy
        0.000000

$multiplicity
  1

$hessian
45
                    0                  1                  2                  3                  4        
    0      6.7273364780E-01  -4.3816483329E-05   1.8175338896E-01  -1.6569322737E-01  -1.0965148133E-01
    1     -4.3816483329E-05   6.5071173525E-01   7.5297440030E-05  -5.3045725122E-02  -2.7743673905E-01
    2      1.8175338896E-01   7.5297440030E-05   1.9270767680E-01  -3.4791363869E-02  -3.7186954485E-02
    3     -1.6569322737E-01  -5.3045725122E-02  -3.4791363869E-02   6.1986443312E-01  -3.4712388197E-02
    4     -1.0965148133E-01  -2.7743673905E-01  -3.7186954485E-02  -3.4712388197E-02   7.1334207128E-01
    5     -3.5065880848E-02  -1.8196004495E-02  -7.3366485392E-02   1.6392271886E-01  -9.9413549172E-03
    6     -2.5624544455E-02  -6.9294022222E-02  -1.1595319582E-02  -3.0571488112E-01   2.8524507933E-02
    7     -2.8961066707E-02   3.0911922938E-02  -9.5417367500E-03  -2.7259720908E-02  -1.2823640145E-01
    8     -1.1391543964E-02  -2.5033166148E-02   3.8393788270E-03  -8.0699944909E-02   1.0277907220E-02
    9      7.9238716100E-04  -7.5866488187E-06   3.4365379828E-03  -2.6818803145E-02   2.7271860557E-02
   10     -8.4504942089E-06  -6.4082907789E-02  -1.2860569063E-05   6.8501720845E-02   3.1540386937E-02
   11      2.0839395065E-03  -1.3215990579E-05  -6.8303788415E-03  -1.2037808262E-02   7.4560565160E-03
   12     -2.5598429207E-02   6.9315002820E-02  -1.1561999577E-02  -4.2541873414E-02  -2.5696173933E-02
   13      2.8980527844E-02   3.0869688485E-02   9.5562009950E-03  -2.5765298544E-02  -1.5420436098E-02
   14     -1.1371903252E-02   2.5047655423E-02   3.8552621445E-03  -1.2728973314E-02  -9.0702564907E-03
   15     -1.6565143682E-01   5.3033525105E-02  -3.4759094900E-02   5.5728233197E-02   2.0062105062E-02
   16      1.0963909819E-01  -2.7751117028E-01   3.7108112720E-02  -2.0099299697E-02  -5.8907919584E-02
   17     -3.5013105104E-02   1.8117532068E-02  -7.3342975764E-02   1.5758296286E-02   6.8530932655E-03
   18      4.1048055798E-04  -2.0898304900E-06   1.4702226151E-04   4.8562379573E-03   4.2483734192E-03
   19     -1.2556684386E-06  -2.9556162126E-03  -7.4015010139E-07   4.3168185221E-03  -4.5316045194E-03
   20      7.4689272053E-04  -6.2487306453E-07  -8.6784418788E-04  -2.8388058407E-03   8.3125338167E-04
   21     -8.5001915620E-04  -6.0829591393E-07  -8.6712004399E-05  -4.8130526528E-04  -1.3553168771E-03
   22      2.6508133725E-07   1.5317416599E-03   4.0977192480E-07  -1.5674883116E-03  -4.7434896063E-04
   23      1.5417694543E-04   2.6086883393E-07  -6.8574753040E-05   1.1698349046E-03   8.9578874418E-04
   24     -3.0289477098E-01   5.1520061887E-05  -8.9663012111E-02  -1.0631422976E-02   2.5801412698E-03
   25      5.1351618930E-05  -5.8754817279E-02   1.3165923945E-05  -2.6934364864E-02   4.6225083823E-03
   26     -8.9627139225E-02   1.3264240703E-05  -6.4949032743E-02  -4.3795152843E-03   7.4152068402E-04
   27      1.0673198870E-02  -1.4026587700E-02   2.7687086477E-03  -1.1759784382E-01   1.1256537688E-01
   28      1.5599025744E-02  -1.9034516492E-02   5.1299746305E-03   1.1259256081E-01  -2.6467856223E-01
   29      2.8991008106E-03  -4.6749446834E-03   3.3147981872E-03  -2.7342052653E-02   3.6713723193E-02
   30     -4.5366829235E-03   1.4888900725E-03  -4.0557949801E-03  -9.3905343827E-03  -2.7555896839E-02
   31      3.9455598897E-04   2.0157793552E-03   1.2212754138E-04   1.6989956786E-03   3.3016709702E-03
   32     -4.1188678711E-03   5.2919175199E-04   6.1857516085E-03  -3.9907912375E-03  -9.4255528421E-03
   33     -4.5372792554E-03  -1.4852942951E-03  -4.0563752722E-03  -7.1584737949E-04  -7.2447739415E-04
   34     -3.9106762594E-04   2.0166085996E-03  -1.2285254874E-04  -8.8130920931E-04   2.5087827483E-04
   35     -4.1187978727E-03  -5.2997093580E-04   6.1850340826E-03  -8.1728348481E-05  -2.7948262533E-04
   36      1.0672812843E-02   1.4017511671E-02   2.7734152392E-03   8.1334771065E-06   3.1326884118E-03
   37     -1.5608248325E-02  -1.9033837660E-02  -5.1405323952E-03   4.1484789803E-03  -3.2783873052E-03
   38      2.8933158844E-03   4.6644854001E-03   3.3146681342E-03  -2.3933432969E-03   1.0820629840E-03
   39      5.2086782846E-05   1.3576907234E-05  -1.5468173583E-04  -7.3439072606E-04   1.2796630536E-03
   40     -8.5201825369E-05   3.7607625530E-04  -7.7487416692E-05  -3.5890563549E-04  -1.0688555295E-04
   41      8.8173874084E-05  -3.9065167586E-04   1.1280182764E-05   6.3211330564E-04   9.1928473729E-04
   42      5.1776152103E-05  -1.3803753958E-05  -1.5494545250E-04  -1.3690815704E-04   1.4627909863E-05
   43      8.5271701242E-05   3.7605221080E-04   7.7819298165E-05  -6.1768427347E-04   1.3768904798E-05
   44      8.8475817879E-05   3.9094760345E-04   1.1441712150E-05  -2.1076126121E-04   1.0997167670E-04
                    5                  6                  7                  8                  9        
    0     -3.5065880848E-02  -2.5624544455E-02  -2.8961066707E-02  -1.1391543964E-02   7.9238716100E-04
    1     -1.8196004495E-02  -6.9294022222E-02   3.0911922938E-02  -2.5033166148E-02  -7.5866488187E-06
    2     -7.3366485392E-02  -1.1595319582E-02  -9.5417367500E-03   3.8393788270E-03   3.4365379828E-03
    3      1.6392271886E-01  -3.0571488112E-01  -2.7259720908E-02  -8.0699944909E-02  -2.6818803145E-02
    4     -9.9413549172E-03   2.8524507933E-02  -1.2823640145E-01   1.0277907220E-02   2.7271860557E-02
    5      1.8625006940E-01  -8.2054821552E-02  -9.5071538657E-03  -8.7432630229E-02  -1.1498124367E-02
    6     -8.2054821552E-02   6.2974215785E-01   3.5806363702E-02   1.6585233448E-01  -1.5544544962E-01
    7     -9.5071538657E-03   3.5806363702E-02   7.0142196916E-01   1.3361485557E-02   1.0056433522E-01
    8     -8.7432630229E-02   1.6585233448E-01   1.3361485557E-02   1.8779000412E-01  -2.9994531091E-02
    9     -1.1498124367E-02  -1.5544544962E-01   1.0056433522E-01  -2.9994531091E-02   5.9174457838E-01
   10      2.3719166777E-02   4.6381339997E-02  -2.6943883352E-01   1.4407302889E-02  -1.5434672379E-05
   11      2.8943523539E-03  -2.8221420428E-02   3.3855170288E-02  -7.5255238366E-02   1.4081877761E-01
   12     -1.1567380180E-02   5.2136038307E-02  -1.9045349856E-02   1.5126264189E-02  -1.5549161307E-01
   13     -8.7994351675E-03   1.9008503650E-02  -5.8020305890E-02   6.9751578038E-03  -1.0058730230E-01
   14     -1.2653477403E-02   1.5131650402E-02  -7.0121704357E-03   1.6208801756E-02  -3.0042723669E-02
   15      1.5765819111E-02  -4.2527867284E-02   2.5779326769E-02  -1.2716094893E-02  -2.6840909139E-02
   16     -6.8897450884E-03   2.5708011916E-02  -1.5442929402E-02   9.0729438603E-03  -2.7253708229E-02
   17      1.4017603011E-02  -1.1553272138E-02   8.8014852907E-03  -1.2644918707E-02  -1.1515615128E-02
   18     -3.9738492392E-04  -2.4526373000E-02   9.4702501429E-03  -9.9292789401E-03  -1.9240845919E-01
   19      5.7807100792E-04   2.8618263104E-02   4.2305870307E-03   8.9506221304E-03   3.7940085836E-05
   20      5.5116394678E-03  -8.3097819496E-03  -6.2806449269E-04  -1.1602094950E-03  -6.7664368241E-02
   21     -2.0422977018E-03   1.2986898451E-03  -3.5184834117E-03   1.5760724705E-03  -3.1433215828E-02
   22     -4.1850526344E-04   1.5961056248E-03  -6.5021340167E-04   4.0887617925E-04  -7.0695393278E-06
   23      9.8408707278E-04  -2.1155188746E-03   2.8965728868E-03  -7.5715299880E-05   1.5560200115E-02
   24     -4.3094778442E-03   1.3551158780E-03  -3.2628642536E-03  -2.0701884968E-03   5.7263364434E-04
   25     -9.0185272901E-03  -2.2964881124E-03  -4.6876022153E-03  -7.8335047707E-04  -2.6387052025E-07
   26      8.8770000690E-04  -2.0146698116E-03  -1.1294932193E-03   6.7840480064E-03   3.6686021175E-04
   27     -2.7385970299E-02  -9.6977457412E-03   2.7856299669E-02  -3.7721649375E-03  -4.2097691435E-03
   28      3.6762945846E-02  -1.6873693020E-03   3.0799129310E-03  -5.1815600835E-04  -5.7113785408E-04
   29     -4.4188334091E-02  -4.0120159954E-03   9.2382225171E-03   9.0107264987E-04  -4.2960379874E-03
   30     -3.8408155387E-03  -1.1664708226E-01  -1.1139268562E-01  -2.8211130699E-02   9.4997000708E-03
   31      5.6114147911E-04  -1.1105574966E-01  -2.6166829513E-01  -3.7724271679E-02  -1.5059706916E-02
   32      1.0255137920E-03  -2.7710396158E-02  -3.7961444567E-02  -4.4119234239E-02   1.5406477206E-03
   33     -3.4438585434E-05  -2.8055048755E-04  -3.3042627484E-03  -2.1324858629E-03   9.4990689094E-03
   34     -3.1225146606E-04  -4.1571696441E-03  -3.1098423456E-03  -1.3715289995E-03   1.5050999804E-02
   35     -5.9749332578E-04  -2.0899740867E-03  -1.1909599901E-03   5.3469204166E-03   1.5453722382E-03
   36     -2.4183842640E-03  -8.3664194995E-04   9.4383593048E-04  -7.3064141473E-05  -4.2092939506E-03
   37      1.3799142935E-03   9.5102640162E-04   2.9621970687E-04   3.8571908274E-04   5.7468912231E-04
   38      6.4141388724E-03  -8.2671472575E-05   2.9050203412E-04  -7.1778185464E-04  -4.2956697946E-03
   39      8.1214465945E-04  -4.3549046995E-03  -1.9545722513E-03  -2.7778967052E-03  -7.6229792135E-03
   40     -6.5543017363E-05   3.7384097240E-04   3.0481966418E-04   5.1091013058E-04  -1.3212408511E-04
   41      1.4253541166E-04  -2.3435034027E-03  -8.9629449483E-04   7.9779343730E-05  -2.1094053926E-03
   42      1.2641838549E-04   1.1240387407E-03  -1.7858864264E-03   1.2080828308E-03  -7.6278758633E-03
   43      1.7022012544E-04   1.5873163831E-03   1.0089919216E-03   1.0548387175E-03   1.3418283452E-04
   44      1.1078105435E-04   1.1249512465E-03  -5.5141101808E-04   4.5572307205E-04  -2.1086389525E-03
                   10                 11                 12                 13                 14        
    0     -8.4504942089E-06   2.0839395065E-03  -2.5598429207E-02   2.8980527844E-02  -1.1371903252E-02
    1     -6.4082907789E-02  -1.3215990579E-05   6.9315002820E-02   3.0869688485E-02   2.5047655423E-02
    2     -1.2860569063E-05  -6.8303788415E-03  -1.1561999577E-02   9.5562009950E-03   3.8552621445E-03
    3      6.8501720845E-02  -1.2037808262E-02  -4.2541873414E-02  -2.5765298544E-02  -1.2728973314E-02
    4      3.1540386937E-02   7.4560565160E-03  -2.5696173933E-02  -1.5420436098E-02  -9.0702564907E-03
    5      2.3719166777E-02   2.8943523539E-03  -1.1567380180E-02  -8.7994351675E-03  -1.2653477403E-02
    6      4.6381339997E-02  -2.8221420428E-02   5.2136038307E-02   1.9008503650E-02   1.5131650402E-02
    7     -2.6943883352E-01   3.3855170288E-02  -1.9045349856E-02  -5.8020305890E-02  -7.0121704357E-03
    8      1.4407302889E-02  -7.5255238366E-02   1.5126264189E-02   6.9751578038E-03   1.6208801756E-02
    9     -1.5434672379E-05   1.4081877761E-01  -1.5549161307E-01  -1.0058730230E-01  -3.0042723669E-02
   10      6.7054263008E-01   8.4146109382E-05  -4.6402312669E-02  -2.6938307517E-01  -1.4487356640E-02
   11      8.4146109382E-05   2.1858789039E-01  -2.8252140796E-02  -3.3936221874E-02  -7.5272157467E-02
   12     -4.6402312669E-02  -2.8252140796E-02   6.2971476089E-01  -3.5857893633E-02   1.6582782324E-01
   13     -2.6938307517E-01  -3.3936221874E-02  -3.5857893633E-02   7.0145650589E-01  -1.3174994355E-02
   14     -1.4487356640E-02  -7.5272157467E-02   1.6582782324E-01  -1.3174994355E-02   1.8777409903E-01
   15     -6.8481125942E-02  -1.2069887970E-02  -3.0570565676E-01   2.7341699270E-02  -8.0684379831E-02
   16      3.1577119985E-02  -7.4397751625E-03  -2.8441380242E-02  -1.2823489027E-01  -1.0275592630E-02
   17     -2.3704253086E-02   2.8803976867E-03  -8.2059501385E-02   9.5100811860E-03  -8.7432448561E-02
   18      2.3882593778E-05  -4.6945461250E-02  -2.4531979450E-02  -9.4569101107E-03  -9.9391517921E-03
   19     -9.6806036381E-02   1.8740128160E-06  -2.8606046847E-02   4.2402814242E-03  -8.9442558793E-03
   20      1.5013342434E-06  -8.5628855914E-02  -8.3254474290E-03   6.3263814645E-04  -1.1620848894E-03
   21     -1.1350027340E-05   1.9479778288E-02   1.2988127309E-03   3.5187806721E-03   1.5789149990E-03
   22      2.6527561614E-03  -8.4146131788E-07  -1.5937558990E-03  -6.4672483885E-04  -4.0966731964E-04
   23     -5.5805211536E-07   4.2195543581E-03  -2.1154715777E-03  -2.8964095178E-03  -7.9484839276E-05
   24     -4.3740745568E-07   5.9263976530E-04   1.3565694150E-03   3.2621021728E-03  -2.0686818116E-03
   25     -1.4663021090E-03  -2.1034893590E-07   2.2954869101E-03  -4.6899881605E-03   7.7874604464E-04
   26     -3.4308678566E-08  -7.4769385209E-04  -2.0133960468E-03   1.1248896424E-03   6.7853177159E-03
   27     -1.5643400844E-03  -3.8579782420E-03  -8.3712220233E-04  -9.4350602621E-04  -7.3650280749E-05
   28      2.0839281018E-03  -1.4140218603E-04  -9.5072350891E-04   2.9704813215E-04  -3.8526224479E-04
   29     -3.9753258138E-04   6.4083735583E-03  -8.3267885859E-05  -2.9008597037E-04  -7.1803343968E-04
   30      1.2592780218E-02   2.0672985150E-03  -2.7882083794E-04   3.3044267968E-03  -2.1308465208E-03
   31     -2.0277740286E-02  -5.1587064806E-03   4.1574272749E-03  -3.1127573966E-03   1.3683023211E-03
   32      4.0680408738E-03   3.5574309651E-03  -2.0877195661E-03   1.1877298796E-03   5.3483392595E-03
   33     -1.2600806606E-02   2.0622628130E-03  -1.1658840161E-01   1.1136753147E-01  -2.8151297688E-02
   34     -2.0279244014E-02   5.1474337379E-03   1.1102996326E-01  -2.6175936650E-01   3.7634652894E-02
   35     -4.0784749995E-03   3.5577762662E-03  -2.7650450980E-02   3.7872904886E-02  -4.4084024901E-02
   36      1.5676724798E-03  -3.8566864774E-03  -9.7043461860E-03  -2.7851409218E-02  -3.7842756715E-03
   37      2.0832566061E-03   1.4070379132E-04   1.6925069374E-03   3.0905546042E-03   5.2016538975E-04
   38      3.9679941081E-04   6.4079417384E-03  -4.0135243249E-03  -9.2359833503E-03   8.9718660523E-04
   39      2.6230649242E-02  -1.5789672975E-02   1.1241577655E-03   1.7858777339E-03   1.2082409906E-03
   40      6.2132450187E-04  -1.7718436114E-03  -1.5889782546E-03   1.0099247684E-03  -1.0547373361E-03
   41      9.5365126576E-03  -2.3869314613E-03   1.1248658050E-03   5.5185708458E-04   4.5440131503E-04
   42     -2.6213460988E-02  -1.5816921360E-02  -4.3520963638E-03   1.9570956828E-03  -2.7763010261E-03
   43      6.3273689305E-04   1.7767647817E-03  -3.7199782544E-04   3.0354101999E-04  -5.1054431347E-04
   44     -9.5323319370E-03  -2.3924614167E-03  -2.3430982578E-03   8.9698618271E-04   7.8303670064E-05
                   15                 16                 17                 18                 19        
    0     -1.6565143682E-01   1.0963909819E-01  -3.5013105104E-02   4.1048055798E-04  -1.2556684386E-06
    1      5.3033525105E-02  -2.7751117028E-01   1.8117532068E-02  -2.0898304900E-06  -2.9556162126E-03
    2     -3.4759094900E-02   3.7108112720E-02  -7.3342975764E-02   1.4702226151E-04  -7.4015010139E-07
    3      5.5728233197E-02  -2.0099299697E-02   1.5758296286E-02   4.8562379573E-03   4.3168185221E-03
    4      2.0062105062E-02  -5.8907919584E-02   6.8530932655E-03   4.2483734192E-03  -4.5316045194E-03
    5      1.5765819111E-02  -6.8897450884E-03   1.4017603011E-02  -3.9738492392E-04   5.7807100792E-04
    6     -4.2527867284E-02   2.5708011916E-02  -1.1553272138E-02  -2.4526373000E-02   2.8618263104E-02
    7      2.5779326769E-02  -1.5442929402E-02   8.8014852907E-03   9.4702501429E-03   4.2305870307E-03
    8     -1.2716094893E-02   9.0729438603E-03  -1.2644918707E-02  -9.9292789401E-03   8.9506221304E-03
    9     -2.6840909139E-02  -2.7253708229E-02  -1.1515615128E-02  -1.9240845919E-01   3.7940085836E-05
   10     -6.8481125942E-02   3.1577119985E-02  -2.3704253086E-02   2.3882593778E-05  -9.6806036381E-02
   11     -1.2069887970E-02  -7.4397751625E-03   2.8803976867E-03  -4.6945461250E-02   1.8740128160E-06
   12     -3.0570565676E-01  -2.8441380242E-02  -8.2059501385E-02  -2.4531979450E-02  -2.8606046847E-02
   13      2.7341699270E-02  -1.2823489027E-01   9.5100811860E-03  -9.4569101107E-03   4.2402814242E-03
   14     -8.0684379831E-02  -1.0275592630E-02  -8.7432448561E-02  -9.9391517921E-03  -8.9442558793E-03
   15      6.1987716225E-01   3.4663354172E-02   1.6393531822E-01   4.8506397236E-03  -4.3167762496E-03
   16      3.4663354172E-02   7.1332346494E-01   1.0127207894E-02  -4.2490711452E-03  -4.5278548611E-03
   17      1.6393531822E-01   1.0127207894E-02   1.8625664978E-01  -3.9968965077E-04  -5.8055932496E-04
   18      4.8506397236E-03  -4.2490711452E-03  -3.9968965077E-04   3.7526557794E-01  -6.7343963371E-05
   19     -4.3167762496E-03  -4.5278548611E-03  -5.8055932496E-04  -6.7343963371E-05   6.1388322223E-01
   20     -2.8419774253E-03  -8.3497609215E-04   5.5129567058E-03   1.4327960877E-01   1.1271233476E-04
   21     -4.8219294382E-04   1.3564639934E-03  -2.0433269359E-03  -3.1055644421E-02  -8.3201714665E-06
   22      1.5661941769E-03  -4.7413260224E-04   4.1658706278E-04  -1.9478423565E-06  -3.2931488263E-02
   23      1.1700952184E-03  -8.9681875494E-04   9.8411316053E-04   7.8118422744E-03   1.4300574107E-05
   24     -1.0624923695E-02  -2.5740477484E-03  -4.3082509348E-03   2.0603970797E-05   8.5341939781E-08
   25      2.6940588314E-02   4.6120237220E-03   9.0214525658E-03  -7.3916199735E-08   1.1337434619E-04
   26     -4.3678816549E-03  -7.3869931734E-04   8.9148594832E-04   4.1883103135E-04   2.2802189208E-08
   27      6.1120183018E-06  -3.1324545794E-03  -2.4200282313E-03  -2.1133131371E-04   1.5639618035E-03
   28     -4.1482255160E-03  -3.2753910793E-03  -1.3834893584E-03  -2.4361115393E-04  -4.5592328750E-06
   29     -2.3953393939E-03  -1.0858007241E-03   6.4128247498E-03   7.7271885240E-05   5.4410641489E-04
   30     -7.1535477765E-04   7.2466895680E-04  -3.3957762570E-05   5.9878561846E-04   9.7840478792E-04
   31      8.8150924158E-04   2.5025216179E-04   3.1259003683E-04  -2.1478397496E-03   9.2281602759E-04
   32     -8.1321942259E-05   2.8007440522E-04  -5.9740499134E-04   1.3757934733E-03   8.8748863128E-04
   33     -9.3836627231E-03   2.7560919047E-02  -3.8286193154E-03   5.9948946222E-04  -9.8016367110E-04
   34     -1.6938617511E-03   3.2909767852E-03  -5.5895018457E-04   2.1475621602E-03   9.2275304959E-04
   35     -3.9890666502E-03   9.4271929957E-03   1.0290316180E-03   1.3768491036E-03  -8.8791313485E-04
   36     -1.1765785032E-01  -1.1259270129E-01  -2.7444493932E-02  -2.1175669190E-04  -1.5633064070E-03
   37     -1.1261975185E-01  -2.6458766671E-01  -3.6851046165E-02   2.4364700739E-04  -3.8878400388E-06
   38     -2.7400352495E-02  -3.6801702235E-02  -4.4219743498E-02   7.7563193635E-05  -5.4425041221E-04
   39     -1.3667909672E-04  -1.5206560462E-05   1.2586080582E-04  -5.6826496051E-02   4.9712908623E-02
   40      6.1716601784E-04   1.4142506343E-05  -1.7028816292E-04   5.2455332530E-02  -2.4140145713E-01
   41     -2.1028037735E-04  -1.0971266202E-04   1.1035473235E-04  -4.3475740757E-02   1.1477360652E-01
   42     -7.3561361492E-04  -1.2787099629E-03   8.1244849216E-04  -5.6829775104E-02  -4.9685290465E-02
   43      3.5833636179E-04  -1.0602531708E-04   6.5616515998E-05  -5.2420038967E-02  -2.4115052967E-01
   44      6.3238170305E-04  -9.1976881369E-04   1.4207412977E-04  -4.3540458933E-02  -1.1490497884E-01
                   20                 21                 22                 23                 24        
    0      7.4689272053E-04  -8.5001915620E-04   2.6508133725E-07   1.5417694543E-04  -3.0289477098E-01
    1     -6.2487306453E-07  -6.0829591393E-07   1.5317416599E-03   2.6086883393E-07   5.1520061887E-05
    2     -8.6784418788E-04  -8.6712004399E-05   4.0977192480E-07  -6.8574753040E-05  -8.9663012111E-02
    3     -2.8388058407E-03  -4.8130526528E-04  -1.5674883116E-03   1.1698349046E-03  -1.0631422976E-02
    4      8.3125338167E-04  -1.3553168771E-03  -4.7434896063E-04   8.9578874418E-04   2.5801412698E-03
    5      5.5116394678E-03  -2.0422977018E-03  -4.1850526344E-04   9.8408707278E-04  -4.3094778442E-03
    6     -8.3097819496E-03   1.2986898451E-03   1.5961056248E-03  -2.1155188746E-03   1.3551158780E-03
    7     -6.2806449269E-04  -3.5184834117E-03  -6.5021340167E-04   2.8965728868E-03  -3.2628642536E-03
    8     -1.1602094950E-03   1.5760724705E-03   4.0887617925E-04  -7.5715299880E-05  -2.0701884968E-03
    9     -6.7664368241E-02  -3.1433215828E-02  -7.0695393278E-06   1.5560200115E-02   5.7263364434E-04
   10      1.5013342434E-06  -1.1350027340E-05   2.6527561614E-03  -5.5805211536E-07  -4.3740745568E-07
   11     -8.5628855914E-02   1.9479778288E-02  -8.4146131788E-07   4.2195543581E-03   5.9263976530E-04
   12     -8.3254474290E-03   1.2988127309E-03  -1.5937558990E-03  -2.1154715777E-03   1.3565694150E-03
   13      6.3263814645E-04   3.5187806721E-03  -6.4672483885E-04  -2.8964095178E-03   3.2621021728E-03
   14     -1.1620848894E-03   1.5789149990E-03  -4.0966731964E-04  -7.9484839276E-05  -2.0686818116E-03
   15     -2.8419774253E-03  -4.8219294382E-04   1.5661941769E-03   1.1700952184E-03  -1.0624923695E-02
   16     -8.3497609215E-04   1.3564639934E-03  -4.7413260224E-04  -8.9681875494E-04  -2.5740477484E-03
   17      5.5129567058E-03  -2.0433269359E-03   4.1658706278E-04   9.8411316053E-04  -4.3082509348E-03
   18      1.4327960877E-01  -3.1055644421E-02  -1.9478423565E-06   7.8118422744E-03   2.0603970797E-05
   19      1.1271233476E-04  -8.3201714665E-06  -3.2931488263E-02   1.4300574107E-05   8.5341939781E-08
   20      3.7165452860E-01   2.1598958424E-02   1.4190192028E-05  -6.3270200320E-02   2.1823510709E-04
   21      2.1598958424E-02   7.0577555717E-02   2.6551182819E-05  -5.7693437929E-02  -1.1756488444E-04
   22      1.4190192028E-05   2.6551182819E-05   2.1572419583E-02  -3.8250880383E-05  -4.5465470874E-08
   23     -6.3270200320E-02  -5.7693437929E-02  -3.8250880383E-05   1.0012722242E-01   1.0312594698E-04
   24      2.1823510709E-04  -1.1756488444E-04  -4.5465470874E-08   1.0312594698E-04   3.2155895656E-01
   25      2.4325639478E-07  -7.7286955586E-09   5.4264739152E-05  -1.7618746221E-08  -5.6339991370E-05
   26     -8.5326740875E-04   2.7927482729E-04   2.3421485616E-07  -1.7246923435E-04   9.9318647086E-02
   27     -5.2804781902E-04  -1.0657015786E-04  -2.0003895179E-05   1.3917835399E-04   3.1693703015E-04
   28      4.4622974792E-05   1.1856081561E-04  -1.1632797436E-05  -8.1730428977E-05  -1.2440254955E-04
   29      1.7876424829E-04  -3.9454149210E-05  -8.6671858057E-05   1.0538605105E-05   1.3680023600E-03
   30      1.6654023919E-03  -1.5529647236E-04  -8.3791443148E-05   8.1701211960E-05  -6.4460052178E-04
   31     -7.6119337897E-04   3.9697039902E-04   9.4792957286E-05  -2.5629715723E-04   1.6313943074E-04
   32     -2.2090945326E-03   7.9026825737E-04   1.0151183997E-04  -6.2676911501E-04  -2.8340751158E-04
   33      1.6657600816E-03  -1.5523322640E-04   8.3676755045E-05   8.1607904906E-05  -6.4425271261E-04
   34      7.6279390100E-04  -3.9688416942E-04   9.4449080734E-05   2.5606845619E-04  -1.6283841873E-04
   35     -2.2106157427E-03   7.9037053014E-04  -1.0023472845E-04  -6.2666771270E-04  -2.8336689940E-04
   36     -5.2885818635E-04  -1.0673574393E-04   1.9810392853E-05   1.3917331751E-04   3.1684228456E-04
   37     -4.4581831500E-05  -1.1847868600E-04  -1.1736525330E-05   8.1666161501E-05   1.2402019587E-04
   38      1.7842476057E-04  -3.9855591168E-05   8.6733642658E-05   1.0832875458E-05   1.3680800420E-03
   39     -3.9006470078E-02  -4.1157524629E-03  -1.1696004309E-02   1.7716352472E-02   2.9907301480E-05
   40      1.1450149245E-01  -4.7897197785E-04   4.5947280161E-03  -2.5257326336E-03   1.3376156231E-05
   41     -1.1271722488E-01   7.9585691356E-03   1.3448967523E-02  -2.0701376141E-02   1.4873426402E-05
   42     -3.9068716263E-02  -4.1155277303E-03   1.1677589849E-02   1.7729999170E-02   2.9969678878E-05
   43     -1.1463211400E-01   4.7100792582E-04   4.6051251914E-03   2.5512210906E-03  -1.3356835418E-05
   44     -1.1295691642E-01   7.9600179237E-03  -1.3423402654E-02  -2.0715091076E-02   1.4872059480E-05
                   25                 26                 27                 28                 29        
    0      5.1351618930E-05  -8.9627139225E-02   1.0673198870E-02   1.5599025744E-02   2.8991008106E-03
    1     -5.8754817279E-02   1.3264240703E-05  -1.4026587700E-02  -1.9034516492E-02  -4.6749446834E-03
    2      1.3165923945E-05  -6.4949032743E-02   2.7687086477E-03   5.1299746305E-03   3.3147981872E-03
    3     -2.6934364864E-02  -4.3795152843E-03  -1.1759784382E-01   1.1259256081E-01  -2.7342052653E-02
    4      4.6225083823E-03   7.4152068402E-04   1.1256537688E-01  -2.6467856223E-01   3.6713723193E-02
    5     -9.0185272901E-03   8.8770000690E-04  -2.7385970299E-02   3.6762945846E-02  -4.4188334091E-02
    6     -2.2964881124E-03  -2.0146698116E-03  -9.6977457412E-03  -1.6873693020E-03  -4.0120159954E-03
    7     -4.6876022153E-03  -1.1294932193E-03   2.7856299669E-02   3.0799129310E-03   9.2382225171E-03
    8     -7.8335047707E-04   6.7840480064E-03  -3.7721649375E-03  -5.1815600835E-04   9.0107264987E-04
    9     -2.6387052025E-07   3.6686021175E-04  -4.2097691435E-03  -5.7113785408E-04  -4.2960379874E-03
   10     -1.4663021090E-03  -3.4308678566E-08  -1.5643400844E-03   2.0839281018E-03  -3.9753258138E-04
   11     -2.1034893590E-07  -7.4769385209E-04  -3.8579782420E-03  -1.4140218603E-04   6.4083735583E-03
   12      2.2954869101E-03  -2.0133960468E-03  -8.3712220233E-04  -9.5072350891E-04  -8.3267885859E-05
   13     -4.6899881605E-03   1.1248896424E-03  -9.4350602621E-04   2.9704813215E-04  -2.9008597037E-04
   14      7.7874604464E-04   6.7853177159E-03  -7.3650280749E-05  -3.8526224479E-04  -7.1803343968E-04
   15      2.6940588314E-02  -4.3678816549E-03   6.1120183018E-06  -4.1482255160E-03  -2.3953393939E-03
   16      4.6120237220E-03  -7.3869931734E-04  -3.1324545794E-03  -3.2753910793E-03  -1.0858007241E-03
   17      9.0214525658E-03   8.9148594832E-04  -2.4200282313E-03  -1.3834893584E-03   6.4128247498E-03
   18     -7.3916199735E-08   4.1883103135E-04  -2.1133131371E-04  -2.4361115393E-04   7.7271885240E-05
   19      1.1337434619E-04   2.2802189208E-08   1.5639618035E-03  -4.5592328750E-06   5.4410641489E-04
   20      2.4325639478E-07  -8.5326740875E-04  -5.2804781902E-04   4.4622974792E-05   1.7876424829E-04
   21     -7.7286955586E-09   2.7927482729E-04  -1.0657015786E-04   1.1856081561E-04  -3.9454149210E-05
   22      5.4264739152E-05   2.3421485616E-07  -2.0003895179E-05  -1.1632797436E-05  -8.6671858057E-05
   23     -1.7618746221E-08  -1.7246923435E-04   1.3917835399E-04  -8.1730428977E-05   1.0538605105E-05
   24     -5.6339991370E-05   9.9318647086E-02   3.1693703015E-04  -1.2440254955E-04   1.3680023600E-03
   25      5.8138717580E-02  -1.3104090403E-05   4.1051775053E-04   9.8441663981E-04   1.5322750398E-04
   26     -1.3104090403E-05   5.7865963691E-02   1.3679971258E-03  -2.2588934445E-05  -3.3149309843E-03
   27      4.1051775053E-04   1.3679971258E-03   1.2125779343E-01  -1.2175399568E-01   3.1893527950E-02
   28      9.8441663981E-04  -2.2588934445E-05  -1.2175399568E-01   2.8093390405E-01  -3.9782600123E-02
   29      1.5322750398E-04  -3.3149309843E-03   3.1893527950E-02  -3.9782600123E-02   3.5479435435E-02
   30     -1.4343819483E-03  -3.1300036467E-04   5.6239550378E-04   2.3540039289E-04   1.4797105626E-03
   31      9.4756310288E-06   5.6471069684E-05  -2.4242370621E-04   7.4169272567E-04  -7.9316655681E-05
   32     -5.1384890387E-04   4.5826400439E-05   1.4760360956E-03   9.5057080013E-05  -3.3811481379E-03
   33      1.4347433951E-03  -3.1241751556E-04  -8.2382643964E-05   8.6565164581E-05   4.2011931673E-04
   34      8.9177436712E-06  -5.6449590464E-05   9.5825544597E-05   1.1999750028E-05   2.6740938728E-05
   35      5.1386214839E-04   4.6141031378E-05   4.2906294455E-04   4.2946449151E-05  -1.2052812768E-03
   36     -4.1080280635E-04   1.3679098193E-03   4.0577631564E-04   7.9589747099E-04   6.6283352619E-05
   37      9.8475144634E-04   2.4119150666E-05  -7.9635177478E-04  -1.1411797772E-03  -2.7802704461E-04
   38     -1.5165718770E-04  -3.3151897637E-03   6.5985574239E-05   2.7739985192E-04   2.5024027505E-04
   39     -7.8462027757E-05  -5.1763670619E-05  -5.0214557782E-04   2.6812247579E-05  -3.0821602819E-05
   40      3.5118190274E-05   1.0288581337E-04   1.9362527442E-05   1.7982107558E-06   4.0824120236E-05
   41     -4.7318897334E-05   2.3080946988E-05  -1.3150740243E-04  -2.7145535383E-05  -1.3266548759E-04
   42      7.8445316794E-05  -5.1826713046E-05   2.2697429046E-05   2.3008154491E-05  -4.5678979830E-06
   43      3.5141343122E-05  -1.0304888365E-04  -3.0045957600E-05   1.1141067734E-05  -4.1557942398E-05
   44      4.7348097287E-05   2.3020238463E-05   2.8391847310E-05  -1.0879117432E-05  -1.5654291836E-05
                   30                 31                 32                 33                 34        
    0     -4.5366829235E-03   3.9455598897E-04  -4.1188678711E-03  -4.5372792554E-03  -3.9106762594E-04
    1      1.4888900725E-03   2.0157793552E-03   5.2919175199E-04  -1.4852942951E-03   2.0166085996E-03
    2     -4.0557949801E-03   1.2212754138E-04   6.1857516085E-03  -4.0563752722E-03  -1.2285254874E-04
    3     -9.3905343827E-03   1.6989956786E-03  -3.9907912375E-03  -7.1584737949E-04  -8.8130920931E-04
    4     -2.7555896839E-02   3.3016709702E-03  -9.4255528421E-03  -7.2447739415E-04   2.5087827483E-04
    5     -3.8408155387E-03   5.6114147911E-04   1.0255137920E-03  -3.4438585434E-05  -3.1225146606E-04
    6     -1.1664708226E-01  -1.1105574966E-01  -2.7710396158E-02  -2.8055048755E-04  -4.1571696441E-03
    7     -1.1139268562E-01  -2.6166829513E-01  -3.7961444567E-02  -3.3042627484E-03  -3.1098423456E-03
    8     -2.8211130699E-02  -3.7724271679E-02  -4.4119234239E-02  -2.1324858629E-03  -1.3715289995E-03
    9      9.4997000708E-03  -1.5059706916E-02   1.5406477206E-03   9.4990689094E-03   1.5050999804E-02
   10      1.2592780218E-02  -2.0277740286E-02   4.0680408738E-03  -1.2600806606E-02  -2.0279244014E-02
   11      2.0672985150E-03  -5.1587064806E-03   3.5574309651E-03   2.0622628130E-03   5.1474337379E-03
   12     -2.7882083794E-04   4.1574272749E-03  -2.0877195661E-03  -1.1658840161E-01   1.1102996326E-01
   13      3.3044267968E-03  -3.1127573966E-03   1.1877298796E-03   1.1136753147E-01  -2.6175936650E-01
   14     -2.1308465208E-03   1.3683023211E-03   5.3483392595E-03  -2.8151297688E-02   3.7634652894E-02
   15     -7.1535477765E-04   8.8150924158E-04  -8.1321942259E-05  -9.3836627231E-03  -1.6938617511E-03
   16      7.2466895680E-04   2.5025216179E-04   2.8007440522E-04   2.7560919047E-02   3.2909767852E-03
   17     -3.3957762570E-05   3.1259003683E-04  -5.9740499134E-04  -3.8286193154E-03  -5.5895018457E-04
   18      5.9878561846E-04  -2.1478397496E-03   1.3757934733E-03   5.9948946222E-04   2.1475621602E-03
   19      9.7840478792E-04   9.2281602759E-04   8.8748863128E-04  -9.8016367110E-04   9.2275304959E-04
   20      1.6654023919E-03  -7.6119337897E-04  -2.2090945326E-03   1.6657600816E-03   7.6279390100E-04
   21     -1.5529647236E-04   3.9697039902E-04   7.9026825737E-04  -1.5523322640E-04  -3.9688416942E-04
   22     -8.3791443148E-05   9.4792957286E-05   1.0151183997E-04   8.3676755045E-05   9.4449080734E-05
   23      8.1701211960E-05  -2.5629715723E-04  -6.2676911501E-04   8.1607904906E-05   2.5606845619E-04
   24     -6.4460052178E-04   1.6313943074E-04  -2.8340751158E-04  -6.4425271261E-04  -1.6283841873E-04
   25     -1.4343819483E-03   9.4756310288E-06  -5.1384890387E-04   1.4347433951E-03   8.9177436712E-06
   26     -3.1300036467E-04   5.6471069684E-05   4.5826400439E-05  -3.1241751556E-04  -5.6449590464E-05
   27      5.6239550378E-04  -2.4242370621E-04   1.4760360956E-03  -8.2382643964E-05   9.5825544597E-05
   28      2.3540039289E-04   7.4169272567E-04   9.5057080013E-05   8.6565164581E-05   1.1999750028E-05
   29      1.4797105626E-03  -7.9316655681E-05  -3.3811481379E-03   4.2011931673E-04   2.6740938728E-05
   30      1.2101416055E-01   1.2071472631E-01   3.3144886732E-02   5.4442555056E-04   7.7826701553E-04
   31      1.2071472631E-01   2.7841300465E-01   4.0994842976E-02  -7.7865446942E-04  -1.2034085278E-03
   32      3.3144886732E-02   4.0994842976E-02   3.5534963057E-02   2.5120679920E-05   2.4685342564E-04
   33      5.4442555056E-04  -7.7865446942E-04   2.5120679920E-05   1.2095147023E-01  -1.2068830182E-01
   34      7.7826701553E-04  -1.2034085278E-03   2.4685342564E-04  -1.2068830182E-01   2.7851223373E-01
   35      2.5393744360E-05  -2.4762340812E-04   6.1060004016E-04   3.3080383266E-02  -4.0895728725E-02
   36     -8.2416813380E-05  -9.5984370595E-05   4.2901175323E-04   5.6239029491E-04   2.4196589318E-04
   37     -8.6717513909E-05   1.2067306242E-05  -4.2544920191E-05  -2.3592330568E-04   7.4167705397E-04
   38      4.2007294561E-04  -2.6320711440E-05  -1.2053584715E-03   1.4795649362E-03   8.0759561004E-05
   39      1.5210814606E-04  -5.0747767070E-05  -2.6453742677E-04   7.8599822115E-05  -1.0281976499E-03
   40     -1.4249384271E-04   4.0959046450E-04  -5.4631637604E-05   1.2613336128E-04   9.1603801373E-05
   41      7.4518111223E-06   1.6666021347E-04   1.9260779498E-05  -3.0463972652E-04  -6.6622967504E-04
   42      7.9213552493E-05   1.0279487025E-03  -2.4677343909E-04   1.5216577224E-04   5.0784508478E-05
   43     -1.2576372627E-04   9.1059085702E-05  -3.8763220116E-04   1.4257721268E-04   4.0976351897E-04
   44     -3.0432160728E-04   6.6645804263E-04  -1.8867641509E-04   7.4725959072E-06  -1.6628256006E-04
                   35                 36                 37                 38                 39        
    0     -4.1187978727E-03   1.0672812843E-02  -1.5608248325E-02   2.8933158844E-03   5.2086782846E-05
    1     -5.2997093580E-04   1.4017511671E-02  -1.9033837660E-02   4.6644854001E-03   1.3576907234E-05
    2      6.1850340826E-03   2.7734152392E-03  -5.1405323952E-03   3.3146681342E-03  -1.5468173583E-04
    3     -8.1728348481E-05   8.1334771065E-06   4.1484789803E-03  -2.3933432969E-03  -7.3439072606E-04
    4     -2.7948262533E-04   3.1326884118E-03  -3.2783873052E-03   1.0820629840E-03   1.2796630536E-03
    5     -5.9749332578E-04  -2.4183842640E-03   1.3799142935E-03   6.4141388724E-03   8.1214465945E-04
    6     -2.0899740867E-03  -8.3664194995E-04   9.5102640162E-04  -8.2671472575E-05  -4.3549046995E-03
    7     -1.1909599901E-03   9.4383593048E-04   2.9621970687E-04   2.9050203412E-04  -1.9545722513E-03
    8      5.3469204166E-03  -7.3064141473E-05   3.8571908274E-04  -7.1778185464E-04  -2.7778967052E-03
    9      1.5453722382E-03  -4.2092939506E-03   5.7468912231E-04  -4.2956697946E-03  -7.6229792135E-03
   10     -4.0784749995E-03   1.5676724798E-03   2.0832566061E-03   3.9679941081E-04   2.6230649242E-02
   11      3.5577762662E-03  -3.8566864774E-03   1.4070379132E-04   6.4079417384E-03  -1.5789672975E-02
   12     -2.7650450980E-02  -9.7043461860E-03   1.6925069374E-03  -4.0135243249E-03   1.1241577655E-03
   13      3.7872904886E-02  -2.7851409218E-02   3.0905546042E-03  -9.2359833503E-03   1.7858777339E-03
   14     -4.4084024901E-02  -3.7842756715E-03   5.2016538975E-04   8.9718660523E-04   1.2082409906E-03
   15     -3.9890666502E-03  -1.1765785032E-01  -1.1261975185E-01  -2.7400352495E-02  -1.3667909672E-04
   16      9.4271929957E-03  -1.1259270129E-01  -2.6458766671E-01  -3.6801702235E-02  -1.5206560462E-05
   17      1.0290316180E-03  -2.7444493932E-02  -3.6851046165E-02  -4.4219743498E-02   1.2586080582E-04
   18      1.3768491036E-03  -2.1175669190E-04   2.4364700739E-04   7.7563193635E-05  -5.6826496051E-02
   19     -8.8791313485E-04  -1.5633064070E-03  -3.8878400388E-06  -5.4425041221E-04   4.9712908623E-02
   20     -2.2106157427E-03  -5.2885818635E-04  -4.4581831500E-05   1.7842476057E-04  -3.9006470078E-02
   21      7.9037053014E-04  -1.0673574393E-04  -1.1847868600E-04  -3.9855591168E-05  -4.1157524629E-03
   22     -1.0023472845E-04   1.9810392853E-05  -1.1736525330E-05   8.6733642658E-05  -1.1696004309E-02
   23     -6.2666771270E-04   1.3917331751E-04   8.1666161501E-05   1.0832875458E-05   1.7716352472E-02
   24     -2.8336689940E-04   3.1684228456E-04   1.2402019587E-04   1.3680800420E-03   2.9907301480E-05
   25      5.1386214839E-04  -4.1080280635E-04   9.8475144634E-04  -1.5165718770E-04  -7.8462027757E-05
   26      4.6141031378E-05   1.3679098193E-03   2.4119150666E-05  -3.3151897637E-03  -5.1763670619E-05
   27      4.2906294455E-04   4.0577631564E-04  -7.9635177478E-04   6.5985574239E-05  -5.0214557782E-04
   28      4.2946449151E-05   7.9589747099E-04  -1.1411797772E-03   2.7739985192E-04   2.6812247579E-05
   29     -1.2052812768E-03   6.6283352619E-05  -2.7802704461E-04   2.5024027505E-04  -3.0821602819E-05
   30      2.5393744360E-05  -8.2416813380E-05  -8.6717513909E-05   4.2007294561E-04   1.5210814606E-04
   31     -2.4762340812E-04  -9.5984370595E-05   1.2067306242E-05  -2.6320711440E-05  -5.0747767070E-05
   32      6.1060004016E-04   4.2901175323E-04  -4.2544920191E-05  -1.2053584715E-03  -2.6453742677E-04
   33      3.3080383266E-02   5.6239029491E-04  -2.3592330568E-04   1.4795649362E-03   7.8599822115E-05
   34     -4.0895728725E-02   2.4196589318E-04   7.4167705397E-04   8.0759561004E-05  -1.0281976499E-03
   35      3.5498203191E-02   1.4759632227E-03  -9.3624437333E-05  -3.3808778707E-03  -2.4709116855E-04
   36      1.4759632227E-03   1.2132240975E-01   1.2178233959E-01   3.1956651137E-02   2.2669840199E-05
   37     -9.3624437333E-05   1.2178233959E-01   2.8083526998E-01   3.9880179724E-02  -2.2981394447E-05
   38     -3.3808778707E-03   3.1956651137E-02   3.9880179724E-02   3.5513665835E-02  -4.5498536414E-06
   39     -2.4709116855E-04   2.2669840199E-05  -2.2981394447E-05  -4.5498536414E-06   7.0187839719E-02
   40      3.8759725819E-04   3.0057157716E-05   1.1110958494E-05   4.1528864150E-05  -5.7523513878E-02
   41     -1.8826848901E-04   2.8472065918E-05   1.0877983302E-05  -1.5654398958E-05   3.5217191996E-02
   42     -2.6493667054E-04  -5.0199314183E-04  -2.6690821878E-05  -3.0808795077E-05   2.6459784501E-03
   43      5.4480082881E-05  -1.9139471855E-05   1.7881537696E-06  -4.0788535659E-05  -6.8095094773E-03
   44      1.9522672531E-05  -1.3157532449E-04   2.7262175715E-05  -1.3249323863E-04   3.3724078393E-03
                   40                 41                 42                 43                 44        
    0     -8.5201825369E-05   8.8173874084E-05   5.1776152103E-05   8.5271701242E-05   8.8475817879E-05
    1      3.7607625530E-04  -3.9065167586E-04  -1.3803753958E-05   3.7605221080E-04   3.9094760345E-04
    2     -7.7487416692E-05   1.1280182764E-05  -1.5494545250E-04   7.7819298165E-05   1.1441712150E-05
    3     -3.5890563549E-04   6.3211330564E-04  -1.3690815704E-04  -6.1768427347E-04  -2.1076126121E-04
    4     -1.0688555295E-04   9.1928473729E-04   1.4627909863E-05   1.3768904798E-05   1.0997167670E-04
    5     -6.5543017363E-05   1.4253541166E-04   1.2641838549E-04   1.7022012544E-04   1.1078105435E-04
    6      3.7384097240E-04  -2.3435034027E-03   1.1240387407E-03   1.5873163831E-03   1.1249512465E-03
    7      3.0481966418E-04  -8.9629449483E-04  -1.7858864264E-03   1.0089919216E-03  -5.5141101808E-04
    8      5.1091013058E-04   7.9779343730E-05   1.2080828308E-03   1.0548387175E-03   4.5572307205E-04
    9     -1.3212408511E-04  -2.1094053926E-03  -7.6278758633E-03   1.3418283452E-04  -2.1086389525E-03
   10      6.2132450187E-04   9.5365126576E-03  -2.6213460988E-02   6.3273689305E-04  -9.5323319370E-03
   11     -1.7718436114E-03  -2.3869314613E-03  -1.5816921360E-02   1.7767647817E-03  -2.3924614167E-03
   12     -1.5889782546E-03   1.1248658050E-03  -4.3520963638E-03  -3.7199782544E-04  -2.3430982578E-03
   13      1.0099247684E-03   5.5185708458E-04   1.9570956828E-03   3.0354101999E-04   8.9698618271E-04
