
$orca_hessian_file

$act_atom
  0

$act_coord
  0

$act_energy
        0.000000

$multiplicity
  1

$hessian
45
                    0                  1                  2                  3                  4        
    0      6.7547491674E-01  -2.8104912559E-04   1.8156723720E-01  -1.6644166661E-01   1.1120259799E-01
    1     -2.8104912559E-04   6.5578931164E-01   4.7002156750E-04   5.4717508524E-02  -2.8015025961E-01
    2      1.8156723720E-01   4.7002156750E-04   1.9178028979E-01  -3.4779654277E-02   3.6941964702E-02
    3     -1.6644166661E-01   5.4717508524E-02  -3.4779654277E-02   6.2413589075E-01   3.2719775388E-02
    4      1.1120259799E-01  -2.8015025961E-01   3.6941964702E-02   3.2719775388E-02   7.1622902872E-01
    5     -3.4904000274E-02   1.7973752453E-02  -7.3151494494E-02   1.6443043651E-01   1.1327599294E-02
    6     -2.5730092208E-02   6.9641131037E-02  -1.1434492548E-02  -3.0868049851E-01  -2.8268370902E-02
    7      2.9135643627E-02   3.0803211081E-02   9.5870483118E-03   2.7637332906E-02  -1.2803081581E-01
    8     -1.1217135638E-02   2.4983162062E-02   4.1258691912E-03  -8.0825213568E-02  -1.0510416176E-02
    9      8.6711633911E-04  -5.7800135520E-05   3.4026727108E-03  -2.6850838375E-02  -2.7327437284E-02
   10     -6.3758941365E-05  -6.4341096535E-02  -8.2947957069E-05  -6.8754818220E-02   3.1740407883E-02
   11      2.1333639806E-03  -8.5060007511E-05  -6.9047674287E-03  -1.2039980002E-02  -7.3277644509E-03
   12     -2.5926802806E-02  -6.9489992306E-02  -1.1650531202E-02  -4.2776113448E-02   2.5848807881E-02
   13     -2.8994838079E-02   3.1102032647E-02  -9.4921182117E-03   2.5917300830E-02  -1.5621290436E-02
   14     -1.1349801935E-02  -2.4888450562E-02   4.0252287647E-03  -1.2614453227E-02   9.0129971511E-03
   15     -1.6676199993E-01  -5.4830949352E-02  -3.5004122173E-02   5.5884339659E-02  -2.0284914542E-02
   16     -1.1131728664E-01  -2.7962125985E-01  -3.7448535535E-02   2.0013829743E-02  -5.9170168397E-02
   17     -3.5252712168E-02  -1.8477065346E-02  -7.3304160025E-02   1.5694113799E-02  -6.9456097837E-03
   18      4.1226149601E-04  -1.3630423263E-05   1.4524103106E-04   4.6697040855E-03  -4.0742810044E-03
   19     -8.5253914110E-06  -2.8988009375E-03  -4.6927060913E-06  -4.2612042562E-03  -4.4936346643E-03
   20      7.2335409058E-04  -3.8734410714E-06  -8.8816206178E-04  -2.8013033740E-03  -8.7484686485E-04
   21     -8.3866303091E-04  -3.7455595048E-06  -7.0802634404E-05  -4.2942788158E-04   1.2761909193E-03
   22      2.0987025658E-06   1.5130605302E-03   2.6276756073E-06   1.5486083259E-03  -4.6971700418E-04
   23      1.4631642903E-04   1.7170250329E-06  -6.9377128232E-05   1.0930167302E-03  -8.2146402037E-04
   24     -3.0340843381E-01   3.6531104253E-04  -8.9427207433E-02  -1.0670650805E-02  -2.5595446002E-03
   25      3.6410179841E-04  -5.8782999699E-02   9.6371103795E-05   2.7028231420E-02   4.5981106890E-03
   26     -8.9431272316E-02   9.6622015670E-05  -6.4770746208E-02  -4.3350563547E-03  -7.3223201869E-04
   27      1.0705490927E-02   1.4032074511E-02   2.8153510146E-03  -1.1770978228E-01  -1.1257435631E-01
   28     -1.5662269513E-02  -1.9113139984E-02  -5.2094950598E-03  -1.1262557584E-01  -2.6470352461E-01
   29      2.8022450288E-03   4.6298452662E-03   3.3346715070E-03  -2.7678638237E-02  -3.7644421530E-02
   30     -4.5758400102E-03  -1.4603272230E-03  -4.0215025969E-03  -9.5426619613E-03   2.7736212446E-02
   31     -3.4216784584E-04   2.0331058816E-03  -1.7840244506E-04  -1.6498767202E-03   3.1878503626E-03
   32     -4.1158029526E-03  -5.2572410816E-04   6.2311239580E-03  -4.0834630408E-03   9.4068562212E-03
   33     -4.5717035697E-03   1.4852956915E-03  -4.0173577274E-03  -7.1687269419E-04   7.3881279890E-04
   34      3.6649438048E-04   2.0272844339E-03   1.7525322811E-04   8.8921305263E-04   2.5542905560E-04
   35     -4.1160649022E-03   5.2180044184E-04   6.2360234373E-03  -8.8543462816E-05   2.7588078816E-04
   36      1.0708469698E-02  -1.4098946334E-02   2.7865926623E-03   6.5033860039E-07  -3.1421855135E-03
   37      1.5594868537E-02  -1.9117900264E-02   5.1402215304E-03  -4.1711166109E-03  -3.2850161359E-03
   38      2.8380248845E-03  -4.6980695742E-03   3.3351328533E-03  -2.3848204727E-03  -1.0725876751E-03
   39      4.4598804724E-05   1.1862623941E-05  -1.5720341489E-04  -1.3301997868E-04  -6.6410072680E-06
   40     -8.8762808544E-05   3.7880114056E-04  -7.9099051860E-05   6.2013874197E-04   2.1379546760E-05
   41      8.9298954810E-05  -3.9239594548E-04   9.7523540262E-06  -2.2035715071E-04  -1.0442256496E-04
   42      4.2347960002E-05  -1.3268144964E-05  -1.5874137989E-04  -7.3905228930E-04  -1.2671857871E-03
   43      8.9378477639E-05   3.7864952418E-04   8.1121243860E-05   3.5317223146E-04  -1.0777959899E-04
   44      9.1470387705E-05   3.9437975647E-04   1.0615490382E-05   6.2423865110E-04  -9.0601021048E-04
                    5                  6                  7                  8                  9        
    0     -3.4904000274E-02  -2.5730092208E-02   2.9135643627E-02  -1.1217135638E-02   8.6711633911E-04
    1      1.7973752453E-02   6.9641131037E-02   3.0803211081E-02   2.4983162062E-02  -5.7800135520E-05
    2     -7.3151494494E-02  -1.1434492548E-02   9.5870483118E-03   4.1258691912E-03   3.4026727108E-03
    3      1.6443043651E-01  -3.0868049851E-01   2.7637332906E-02  -8.0825213568E-02  -2.6850838375E-02
    4      1.1327599294E-02  -2.8268370902E-02  -1.2803081581E-01  -1.0510416176E-02  -2.7327437284E-02
    5      1.8561143978E-01  -8.2445577917E-02   9.1734641571E-03  -8.7135318999E-02  -1.1484295375E-02
    6     -8.2445577917E-02   6.3440174704E-01  -3.4980465052E-02   1.6482092837E-01  -1.5714191651E-01
    7      9.1734641571E-03  -3.4980465052E-02   7.0442858842E-01  -9.4365462050E-03  -1.0259193126E-01
    8     -8.7135318999E-02   1.6482092837E-01  -9.4365462050E-03   1.8599244233E-01  -3.0377151824E-02
    9     -1.1484295375E-02  -1.5714191651E-01  -1.0259193126E-01  -3.0377151824E-02   5.9241217986E-01
   10     -2.3503540677E-02  -4.8011503774E-02  -2.7136990609E-01  -1.5707530421E-02  -7.2072726341E-05
   11      2.9057576440E-03  -2.8470036583E-02  -3.4727686407E-02  -7.5008816124E-02   1.3922059305E-01
   12     -1.1471794251E-02   5.2598219803E-02   1.9044572841E-02   1.4942602600E-02  -1.5679628343E-01
   13      8.7388079277E-03  -1.9313059720E-02  -5.8525702681E-02  -7.0712418446E-03   1.0240870594E-01
   14     -1.2602521175E-02   1.4908547707E-02   6.8293501500E-03   1.6148733931E-02  -3.0054610028E-02
   15      1.5648051056E-02  -4.2880712112E-02  -2.5819889893E-02  -1.2699542566E-02  -2.6680757914E-02
   16      6.7054095005E-03  -2.5764971828E-02  -1.5462014731E-02  -8.9931297382E-03   2.7459769017E-02
   17      1.4109824257E-02  -1.1564805022E-02  -8.7226721332E-03  -1.2656888472E-02  -1.1365173391E-02
   18     -4.4114866200E-04  -2.4159021769E-02  -8.9766457148E-03  -9.7873119819E-03  -1.9046281081E-01
   19     -5.6266880720E-04  -2.8465510509E-02   4.3271911037E-03  -8.6868715037E-03   2.4439162741E-04
   20      5.6108926243E-03  -8.3525064851E-03   5.4350539558E-04  -1.1340297005E-03  -6.4878259864E-02
   21     -2.0690218351E-03   1.2353424007E-03   3.4432085247E-03   1.5253087313E-03  -3.1119874062E-02
   22      3.9640406599E-04  -1.5558335427E-03  -6.2294382591E-04  -4.3390214705E-04  -3.9277558932E-05
   23      9.3549070938E-04  -1.9845831148E-03  -2.7364761950E-03  -4.0059728972E-05   1.4865008044E-02
   24     -4.3122961096E-03   1.3495403235E-03   3.2738190463E-03  -2.0552012127E-03   5.7915306692E-04
   25      9.0245412889E-03   2.3070946142E-03  -4.6945621518E-03   7.3421730530E-04  -1.9655734458E-06
   26      9.2432222806E-04  -1.9864747982E-03   1.1081833871E-03   6.8185228074E-03   3.5739243049E-04
   27     -2.7784524523E-02  -9.7241211594E-03  -2.7897272046E-02  -3.8780512830E-03  -4.2305238144E-03
   28     -3.7604776321E-02   1.7146035742E-03   3.0931612489E-03   5.3923479682E-04   5.8703958845E-04
   29     -4.4390358444E-02  -4.0755360272E-03  -9.2151115301E-03   8.4654842638E-04  -4.2489083849E-03
   30     -3.6477599594E-03  -1.1688188165E-01   1.1174588719E-01  -2.6770623249E-02   9.5603172928E-03
   31     -5.3456715927E-04   1.1140222953E-01  -2.6237634069E-01   3.5171342301E-02   1.5111169843E-02
   32      1.1123957609E-03  -2.6127339010E-02   3.5182063595E-02  -4.3209418954E-02   1.5773142915E-03
   33     -3.5632772129E-05  -2.7669431906E-04   3.3213201681E-03  -2.0844163055E-03   9.5634512426E-03
   34      3.0659957153E-04   4.1689320682E-03  -3.1603613653E-03   1.3815649881E-03  -1.5176814829E-02
   35     -6.1673636520E-04  -2.0767274483E-03   1.1776415653E-03   5.4153256689E-03   1.5474292449E-03
   36     -2.4246944521E-03  -8.5369933188E-04  -9.5318125553E-04  -7.3740192418E-05  -4.2341059472E-03
   37     -1.3641023052E-03  -9.5458607994E-04   3.0470367894E-04  -3.8453080070E-04  -5.6283274163E-04
   38      6.4307299058E-03  -5.4534042901E-05  -2.7948286840E-04  -7.1004790260E-04  -4.2512393069E-03
   39      1.2527002105E-04   1.1254553003E-03   1.7582811383E-03   1.1926202573E-03  -7.7136344104E-03
   40     -1.6694959162E-04  -1.5984074291E-03   1.0012676005E-03  -1.0500230791E-03  -6.3525519462E-05
   41      1.0972032790E-04   1.1446284936E-03   5.8446452746E-04   5.0763047959E-04  -2.2826504074E-03
   42      8.2666602649E-04  -4.3816673024E-03   1.9417145764E-03  -2.7158036455E-03  -7.7514725135E-03
   43      6.4503739721E-05  -4.0367678556E-04   2.8452421755E-04  -5.1524780068E-04   8.0029571077E-05
   44      1.4585624167E-04  -2.2987600585E-03   9.1217251163E-04   3.9507047793E-05  -2.2817372079E-03
                   10                 11                 12                 13                 14        
    0     -6.3758941365E-05   2.1333639806E-03  -2.5926802806E-02  -2.8994838079E-02  -1.1349801935E-02
    1     -6.4341096535E-02  -8.5060007511E-05  -6.9489992306E-02   3.1102032647E-02  -2.4888450562E-02
    2     -8.2947957069E-05  -6.9047674287E-03  -1.1650531202E-02  -9.4921182117E-03   4.0252287647E-03
    3     -6.8754818220E-02  -1.2039980002E-02  -4.2776113448E-02   2.5917300830E-02  -1.2614453227E-02
    4      3.1740407883E-02  -7.3277644509E-03   2.5848807881E-02  -1.5621290436E-02   9.0129971511E-03
    5     -2.3503540677E-02   2.9057576440E-03  -1.1471794251E-02   8.7388079277E-03  -1.2602521175E-02
    6     -4.8011503774E-02  -2.8470036583E-02   5.2598219803E-02  -1.9313059720E-02   1.4908547707E-02
    7     -2.7136990609E-01  -3.4727686407E-02   1.9044572841E-02  -5.8525702681E-02   6.8293501500E-03
    8     -1.5707530421E-02  -7.5008816124E-02   1.4942602600E-02  -7.0712418446E-03   1.6148733931E-02
    9     -7.2072726341E-05   1.3922059305E-01  -1.5679628343E-01   1.0240870594E-01  -3.0054610028E-02
   10      6.7491013668E-01   5.2478618901E-04   4.7840082333E-02  -2.7177675656E-01   1.5197156562E-02
   11      5.2478618901E-04   2.1757924723E-01  -2.8257818712E-02   3.4211742833E-02  -7.4896397843E-02
   12      4.7840082333E-02  -2.8257818712E-02   6.3461393212E-01   3.4682266587E-02   1.6496527031E-01
   13     -2.7177675656E-01   3.4211742833E-02   3.4682266587E-02   7.0420222936E-01   1.0585482446E-02
   14      1.5197156562E-02  -7.4896397843E-02   1.6496527031E-01   1.0585482446E-02   1.8606717918E-01
   15      6.8902316161E-02  -1.1831411678E-02  -3.0874617712E-01  -2.7055583378E-02  -8.0918488276E-02
   16      3.1477707216E-02   7.4349915451E-03   2.8856815917E-02  -1.2804282919E-01   1.0548865520E-02
   17      2.3603064639E-02   2.9954223233E-03  -8.2414536231E-02  -9.1317149582E-03  -8.7131418665E-02
   18      1.5950902282E-04  -4.5470459957E-02  -2.4115822811E-02   9.0700647669E-03  -9.7257484914E-03
   19     -9.6266936279E-02   1.7328492527E-05   2.8552730027E-02   4.2548207115E-03   8.7305186021E-03
   20      1.8462948540E-05  -8.4938096636E-02  -8.2544987123E-03  -5.1273411655E-04  -1.1225064576E-03
   21     -7.1719545430E-05   2.0150744515E-02   1.2347665764E-03  -3.4413645617E-03   1.5075979419E-03
   22      2.6524535317E-03  -7.7152071103E-06   1.5696387972E-03  -6.4389646287E-04   4.2825294791E-04
   23     -5.1961239674E-06   4.1677247481E-03  -1.9843109562E-03   2.7379705861E-03  -1.6634846428E-05
   24     -2.9773819972E-06   5.8059527777E-04   1.3387109711E-03  -3.2804311028E-03  -2.0649951688E-03
   25     -1.4692035023E-03  -1.4587206102E-06  -2.3155216691E-03  -4.6776977412E-03  -7.6318937620E-04
   26     -5.5612342583E-07  -7.3183962079E-04  -1.9952999072E-03  -1.1372610539E-03   6.8102290079E-03
   27      1.5563475261E-03  -3.8228551832E-03  -8.4988079660E-04   9.5553369712E-04  -6.9934824367E-05
   28      2.0891576180E-03   1.1735971069E-04   9.5679192914E-04   2.9884952026E-04   3.8748318365E-04
   29      4.3571396271E-04   6.4395485642E-03  -5.0751590318E-05   2.8247630495E-04  -7.0874782942E-04
   30     -1.2688245101E-02   1.9412478711E-03  -2.8991211657E-04  -3.3213529625E-03  -2.0955705775E-03
   31     -2.0379848619E-02   4.9319360226E-03  -4.1683338297E-03  -3.1391794406E-03  -1.4013945499E-03
   32     -4.0715625612E-03   3.5767945994E-03  -2.0917385436E-03  -1.1979152907E-03   5.4064573936E-03
   33      1.2628440500E-02   1.9718566478E-03  -1.1733409078E-01  -1.1196157928E-01  -2.7157050895E-02
   34     -2.0370745352E-02  -5.0041622075E-03  -1.1162027426E-01  -2.6173647051E-01  -3.5731154827E-02
   35      4.0038893347E-03   3.5752250064E-03  -2.6512352917E-02  -3.5734859594E-02  -4.3415762000E-02
   36     -1.5332761980E-03  -3.8307105174E-03  -9.6745038749E-03   2.7932856640E-02  -3.7997620131E-03
   37      2.0941375517E-03  -1.2120958521E-04  -1.6776950305E-03   3.0174195904E-03  -5.2503797796E-04
   38     -4.3946079083E-04   6.4425440789E-03  -4.0642312331E-03   9.2311020687E-03   8.7110395305E-04
   39      2.6287993585E-02  -1.5923415260E-02  -4.4003627631E-03  -1.9244301724E-03  -2.7262557144E-03
   40      4.6519935841E-04  -1.7191853378E-03   4.1637743813E-04   2.9313197739E-04   5.1873675393E-04
   41      9.5604761835E-03  -2.5828577863E-03  -2.3017560961E-03  -9.0704098212E-04   4.8925762026E-05
   42     -2.6173765199E-02  -1.6098097440E-02   1.1243204764E-03  -1.7583123313E-03   1.1918959331E-03
   43      5.4529310397E-04   1.7554869778E-03   1.5879564747E-03   9.9533922369E-04   1.0501102845E-03
   44     -9.5321450123E-03  -2.6194887576E-03   1.1451067078E-03  -5.8242242435E-04   5.1613082262E-04
                   15                 16                 17                 18                 19        
    0     -1.6676199993E-01  -1.1131728664E-01  -3.5252712168E-02   4.1226149601E-04  -8.5253914110E-06
    1     -5.4830949352E-02  -2.7962125985E-01  -1.8477065346E-02  -1.3630423263E-05  -2.8988009375E-03
    2     -3.5004122173E-02  -3.7448535535E-02  -7.3304160025E-02   1.4524103106E-04  -4.6927060913E-06
    3      5.5884339659E-02   2.0013829743E-02   1.5694113799E-02   4.6697040855E-03  -4.2612042562E-03
    4     -2.0284914542E-02  -5.9170168397E-02  -6.9456097837E-03  -4.0742810044E-03  -4.4936346643E-03
    5      1.5648051056E-02   6.7054095005E-03   1.4109824257E-02  -4.4114866200E-04  -5.6266880720E-04
    6     -4.2880712112E-02  -2.5764971828E-02  -1.1564805022E-02  -2.4159021769E-02  -2.8465510509E-02
    7     -2.5819889893E-02  -1.5462014731E-02  -8.7226721332E-03  -8.9766457148E-03   4.3271911037E-03
    8     -1.2699542566E-02  -8.9931297382E-03  -1.2656888472E-02  -9.7873119819E-03  -8.6868715037E-03
    9     -2.6680757914E-02   2.7459769017E-02  -1.1365173391E-02  -1.9046281081E-01   2.4439162741E-04
   10      6.8902316161E-02   3.1477707216E-02   2.3603064639E-02   1.5950902282E-04  -9.6266936279E-02
   11     -1.1831411678E-02   7.4349915451E-03   2.9954223233E-03  -4.5470459957E-02   1.7328492527E-05
   12     -3.0874617712E-01   2.8856815917E-02  -8.2414536231E-02  -2.4115822811E-02   2.8552730027E-02
   13     -2.7055583378E-02  -1.2804282919E-01  -9.1317149582E-03   9.0700647669E-03   4.2548207115E-03
   14     -8.0918488276E-02   1.0548865520E-02  -8.7131418665E-02  -9.7257484914E-03   8.7305186021E-03
   15      6.2405112519E-01  -3.3012104681E-02   1.6434367636E-01   4.7070547426E-03   4.2591147832E-03
   16     -3.3012104681E-02   7.1636581877E-01  -1.0162879283E-02   4.0676183100E-03  -4.5200341135E-03
   17      1.6434367636E-01  -1.0162879283E-02   1.8555933695E-01  -4.2665517517E-04   5.4660083624E-04
   18      4.7070547426E-03   4.0676183100E-03  -4.2665517517E-04   3.7703216659E-01  -3.6041768372E-04
   19      4.2591147832E-03  -4.5200341135E-03   5.4660083624E-04  -3.6041768372E-04   6.0568220795E-01
   20     -2.7811280744E-03   8.5206848653E-04   5.6018100348E-03   1.3160521068E-01   6.1823219640E-04
   21     -4.2425548525E-04  -1.2688663425E-03  -2.0622943199E-03  -3.6990779990E-02  -8.1586412242E-05
   22     -1.5566002503E-03  -4.6987972248E-04  -4.0807398764E-04  -4.1756284534E-05  -3.2957791187E-02
   23      1.0912728713E-03   8.1464723669E-04   9.3545574343E-04   1.4901170154E-02   1.4104446159E-04
   24     -1.0719732188E-02   2.6028810739E-03  -4.3227695271E-03   2.6178897467E-05   5.6104570844E-07
   25     -2.6983832031E-02   4.6724188969E-03  -9.0046296176E-03  -4.5125971494E-07   1.1299065039E-04
   26     -4.4091437378E-03   7.5212704142E-04   9.0009150833E-04   4.1620636603E-04   1.1659531868E-07
   27      1.5535249357E-05   3.1426438981E-03  -2.4137331910E-03  -2.1492501291E-04  -1.5501708637E-03
   28      4.1718570469E-03  -3.3062284193E-03   1.3413996107E-03   2.4100723452E-04  -4.6387949572E-06
   29     -2.3713875390E-03   1.0494469942E-03   6.4389919102E-03   8.5962009363E-05  -5.4393818217E-04
   30     -7.2054064807E-04  -7.3717123800E-04  -3.8883839996E-05   5.9646795601E-04  -9.6914669286E-04
   31     -8.8758940184E-04   2.5987233874E-04  -3.0443054867E-04   2.1301789460E-03   9.3466193228E-04
   32     -9.1345095837E-05  -2.7224085755E-04  -6.1726747601E-04   1.3988991655E-03  -8.6327710530E-04
   33     -9.5938393124E-03  -2.7699875891E-02  -3.7245072711E-03   5.9132349940E-04   9.5848645364E-04
   34      1.6872202296E-03   3.2645390989E-03   5.4909856659E-04  -2.1319114619E-03   9.3526536190E-04
   35     -4.0976837831E-03  -9.3950398972E-03   1.0895409711E-03   1.3923595263E-03   8.6055844241E-04
   36     -1.1726445272E-01   1.1235973941E-01  -2.7394810450E-02  -2.1188193843E-04   1.5544717904E-03
   37      1.1241146272E-01  -2.6535373747E-01   3.7040171289E-02  -2.4074786554E-04  -9.3420468456E-06
   38     -2.7288596050E-02   3.7079678065E-02  -4.4181870084E-02   8.4256839570E-05   5.4286798700E-04
   39     -7.3114521643E-04   1.2735950986E-03   8.2483556268E-04  -5.5918556692E-02   4.7547291963E-02
   40     -3.5662882637E-04  -1.1340946469E-04  -6.4187417922E-05   5.0167121369E-02  -2.3836530217E-01
   41      6.2303336424E-04   9.0280907715E-04   1.4862852926E-04  -4.1898105482E-02   1.1464431159E-01
   42     -1.3444219822E-04   2.9663392692E-06   1.2879060029E-04  -5.5961358236E-02  -4.7422329417E-02
   43     -6.2346076853E-04   1.9205052351E-05   1.6667384437E-04  -4.9993814416E-02  -2.3673065751E-01
   44     -2.2372041516E-04   1.0603613327E-04   1.1250249091E-04  -4.2324811099E-02  -1.1543843221E-01
                   20                 21                 22                 23                 24        
    0      7.2335409058E-04  -8.3866303091E-04   2.0987025658E-06   1.4631642903E-04  -3.0340843381E-01
    1     -3.8734410714E-06  -3.7455595048E-06   1.5130605302E-03   1.7170250329E-06   3.6531104253E-04
    2     -8.8816206178E-04  -7.0802634404E-05   2.6276756073E-06  -6.9377128232E-05  -8.9427207433E-02
    3     -2.8013033740E-03  -4.2942788158E-04   1.5486083259E-03   1.0930167302E-03  -1.0670650805E-02
    4     -8.7484686485E-04   1.2761909193E-03  -4.6971700418E-04  -8.2146402037E-04  -2.5595446002E-03
    5      5.6108926243E-03  -2.0690218351E-03   3.9640406599E-04   9.3549070938E-04  -4.3122961096E-03
    6     -8.3525064851E-03   1.2353424007E-03  -1.5558335427E-03  -1.9845831148E-03   1.3495403235E-03
    7      5.4350539558E-04   3.4432085247E-03  -6.2294382591E-04  -2.7364761950E-03   3.2738190463E-03
    8     -1.1340297005E-03   1.5253087313E-03  -4.3390214705E-04  -4.0059728972E-05  -2.0552012127E-03
    9     -6.4878259864E-02  -3.1119874062E-02  -3.9277558932E-05   1.4865008044E-02   5.7915306692E-04
   10      1.8462948540E-05  -7.1719545430E-05   2.6524535317E-03  -5.1961239674E-06  -2.9773819972E-06
   11     -8.4938096636E-02   2.0150744515E-02  -7.7152071103E-06   4.1677247481E-03   5.8059527777E-04
   12     -8.2544987123E-03   1.2347665764E-03   1.5696387972E-03  -1.9843109562E-03   1.3387109711E-03
   13     -5.1273411655E-04  -3.4413645617E-03  -6.4389646287E-04   2.7379705861E-03  -3.2804311028E-03
   14     -1.1225064576E-03   1.5075979419E-03   4.2825294791E-04  -1.6634846428E-05  -2.0649951688E-03
   15     -2.7811280744E-03  -4.2425548525E-04  -1.5566002503E-03   1.0912728713E-03  -1.0719732188E-02
   16      8.5206848653E-04  -1.2688663425E-03  -4.6987972248E-04   8.1464723669E-04   2.6028810739E-03
   17      5.6018100348E-03  -2.0622943199E-03  -4.0807398764E-04   9.3545574343E-04  -4.3227695271E-03
   18      1.3160521068E-01  -3.6990779990E-02  -4.1756284534E-05   1.4901170154E-02   2.6178897467E-05
   19      6.1823219640E-04  -8.1586412242E-05  -3.2957791187E-02   1.4104446159E-04   5.6104570844E-07
   20      3.8261716440E-01   2.8046457628E-02   1.3711656181E-04  -7.1139740652E-02   2.2450317336E-04
   21      2.8046457628E-02   7.6325566229E-02   1.9532033379E-04  -6.5045572649E-02  -1.2089488853E-04
   22      1.3711656181E-04   1.9532033379E-04   2.1194207553E-02  -2.9073325381E-04  -2.9322950905E-07
   23     -7.1139740652E-02  -6.5045572649E-02  -2.9073325381E-04   1.0850492838E-01   1.0185324856E-04
   24      2.2450317336E-04  -1.2089488853E-04  -2.9322950905E-07   1.0185324856E-04   3.2221442580E-01
   25      1.5473897806E-06  -1.4677133836E-08   5.2977898012E-05  -1.4497644003E-07  -3.9885829463E-04
   26     -8.6869409655E-04   2.8652983448E-04   1.4752904660E-06  -1.6928443155E-04   9.9090563563E-02
   27     -5.2419785582E-04  -1.1068891401E-04   1.8294856065E-05   1.3683553900E-04   3.2215531033E-04
   28     -4.8109025867E-05  -1.1501772687E-04  -1.2434331222E-05   7.8415161458E-05   1.1687224050E-04
   29      1.7972818545E-04  -4.0996191126E-05   8.8821726838E-05   1.1065364144E-05   1.3673026807E-03
   30      1.6489627420E-03  -1.4607367365E-04   8.0607966768E-05   7.4497616070E-05  -6.4527535596E-04
   31      7.8911866425E-04  -4.1819185318E-04   8.5941770537E-05   2.5826382029E-04  -1.5976967958E-04
   32     -2.2504741396E-03   7.9827089244E-04  -9.1173912674E-05  -6.1000151987E-04  -2.8413506053E-04
   33      1.6460337802E-03  -1.4626423109E-04  -8.1166114850E-05   7.4962347894E-05  -6.4782258562E-04
   34     -7.7935526676E-04   4.1902062163E-04   8.8170118951E-05  -2.5997196066E-04   1.6186821043E-04
   35     -2.2406920310E-03   7.9763365135E-04   9.9079832761E-05  -6.1060585124E-04  -2.8450369036E-04
   36     -5.1919335367E-04  -1.0956990552E-04  -1.9499656291E-05   1.3686974274E-04   3.2295256977E-04
   37      4.8452971949E-05   1.1562066812E-04  -1.1792037854E-05  -7.8859955125E-05  -1.1917171063E-04
   38      1.8185294686E-04  -3.8386162356E-05  -8.8399473425E-05   9.1292783848E-06   1.3668368696E-03
   39     -3.7662312333E-02  -4.1818226294E-03  -1.2138615919E-02   1.8121435233E-02   2.9633571305E-05
   40      1.1441917007E-01  -5.7449237062E-04   4.7679345092E-03  -2.4918250785E-03   1.3101850272E-05
   41     -1.1403661132E-01   8.1327396894E-03   1.3803369503E-02  -2.0908551544E-02   1.6123660593E-05
   42     -3.8076186960E-02  -4.1773605139E-03   1.2019684024E-02   1.8213126287E-02   3.0059113678E-05
   43     -1.1521045466E-01   5.2442753157E-04   4.8337086600E-03   2.6539511365E-03  -1.2996579339E-05
   44     -1.1557244110E-01   8.1398933862E-03  -1.3638487487E-02  -2.0999538521E-02   1.6108360518E-05
                   25                 26                 27                 28                 29        
    0      3.6410179841E-04  -8.9431272316E-02   1.0705490927E-02  -1.5662269513E-02   2.8022450288E-03
    1     -5.8782999699E-02   9.6622015670E-05   1.4032074511E-02  -1.9113139984E-02   4.6298452662E-03
    2      9.6371103795E-05  -6.4770746208E-02   2.8153510146E-03  -5.2094950598E-03   3.3346715070E-03
    3      2.7028231420E-02  -4.3350563547E-03  -1.1770978228E-01  -1.1262557584E-01  -2.7678638237E-02
    4      4.5981106890E-03  -7.3223201869E-04  -1.1257435631E-01  -2.6470352461E-01  -3.7644421530E-02
    5      9.0245412889E-03   9.2432222806E-04  -2.7784524523E-02  -3.7604776321E-02  -4.4390358444E-02
    6      2.3070946142E-03  -1.9864747982E-03  -9.7241211594E-03   1.7146035742E-03  -4.0755360272E-03
    7     -4.6945621518E-03   1.1081833871E-03  -2.7897272046E-02   3.0931612489E-03  -9.2151115301E-03
    8      7.3421730530E-04   6.8185228074E-03  -3.8780512830E-03   5.3923479682E-04   8.4654842638E-04
    9     -1.9655734458E-06   3.5739243049E-04  -4.2305238144E-03   5.8703958845E-04  -4.2489083849E-03
   10     -1.4692035023E-03  -5.5612342583E-07   1.5563475261E-03   2.0891576180E-03   4.3571396271E-04
   11     -1.4587206102E-06  -7.3183962079E-04  -3.8228551832E-03   1.1735971069E-04   6.4395485642E-03
   12     -2.3155216691E-03  -1.9952999072E-03  -8.4988079660E-04   9.5679192914E-04  -5.0751590318E-05
   13     -4.6776977412E-03  -1.1372610539E-03   9.5553369712E-04   2.9884952026E-04   2.8247630495E-04
   14     -7.6318937620E-04   6.8102290079E-03  -6.9934824367E-05   3.8748318365E-04  -7.0874782942E-04
   15     -2.6983832031E-02  -4.4091437378E-03   1.5535249357E-05   4.1718570469E-03  -2.3713875390E-03
   16      4.6724188969E-03   7.5212704142E-04   3.1426438981E-03  -3.3062284193E-03   1.0494469942E-03
   17     -9.0046296176E-03   9.0009150833E-04  -2.4137331910E-03   1.3413996107E-03   6.4389919102E-03
   18     -4.5125971494E-07   4.1620636603E-04  -2.1492501291E-04   2.4100723452E-04   8.5962009363E-05
   19      1.1299065039E-04   1.1659531868E-07  -1.5501708637E-03  -4.6387949572E-06  -5.4393818217E-04
   20      1.5473897806E-06  -8.6869409655E-04  -5.2419785582E-04  -4.8109025867E-05   1.7972818545E-04
   21     -1.4677133836E-08   2.8652983448E-04  -1.1068891401E-04  -1.1501772687E-04  -4.0996191126E-05
   22      5.2977898012E-05   1.4752904660E-06   1.8294856065E-05  -1.2434331222E-05   8.8821726838E-05
   23     -1.4497644003E-07  -1.6928443155E-04   1.3683553900E-04   7.8415161458E-05   1.1065364144E-05
   24     -3.9885829463E-04   9.9090563563E-02   3.2215531033E-04   1.1687224050E-04   1.3673026807E-03
   25      5.8127982544E-02  -9.7439379992E-05  -4.1318995926E-04   9.9162902444E-04  -1.3725573800E-04
   26     -9.7439379992E-05   5.7607672232E-02   1.3715430694E-03   4.0425332971E-05  -3.3275284481E-03
   27     -4.1318995926E-04   1.3715430694E-03   1.2136693419E-01   1.2179562437E-01   3.2313547661E-02
   28      9.9162902444E-04   4.0425332971E-05   1.2179562437E-01   2.8103152772E-01   4.0701993967E-02
   29     -1.3725573800E-04  -3.3275284481E-03   3.2313547661E-02   4.0701993967E-02   3.5693495020E-02
   30      1.4381379558E-03  -3.1979417626E-04   5.7543338056E-04  -2.3848427369E-04   1.4614130067E-03
   31      1.5354158432E-06  -5.8676118427E-05   2.1874711328E-04   7.5688544505E-04   1.2007046827E-04
   32      5.0739408977E-04   4.6347105994E-05   1.4718594672E-03  -7.2841781046E-05  -3.4071570308E-03
   33     -1.4356166793E-03  -3.2362814785E-04  -8.0225650370E-05  -8.8594568469E-05   4.1442449430E-04
   34      5.4937340660E-06   5.8950864370E-05  -9.2983435955E-05   1.1459823335E-05  -3.4768403233E-05
   35     -5.0717811439E-04   4.4408370204E-05   4.2904886064E-04  -3.6711206365E-05  -1.2098952852E-03
   36      4.1161946410E-04   1.3719594502E-03   4.0980316847E-04  -8.0124950869E-04   5.7195853187E-05
   37      9.8931669837E-04  -3.0777463928E-05   7.9788758618E-04  -1.1446220915E-03   2.6683850236E-04
   38      1.4703736412E-04  -3.3258801430E-03   5.8981594877E-05  -2.7082865674E-04   2.4531261333E-04
   39     -7.8140537982E-05  -5.2907870430E-05   2.4069448295E-05  -2.3658665428E-05  -4.2268791108E-06
   40      3.5936033014E-05   1.0293013579E-04   3.1114075016E-05   1.1128761278E-05   4.2390198734E-05
   41     -4.7853899602E-05   2.1362984962E-05   2.8441961973E-05   1.0673161973E-05  -1.7130239171E-05
   42      7.8033497661E-05  -5.3396037826E-05  -4.9927404445E-04  -2.8967042436E-05  -3.1196199264E-05
   43      3.6071510291E-05  -1.0390603758E-04  -2.0273872710E-05   7.8906908439E-07  -4.2839304321E-05
   44      4.8058814082E-05   2.1016703181E-05  -1.3276199426E-04   2.6514421686E-05  -1.2854431450E-04
                   30                 31                 32                 33                 34        
    0     -4.5758400102E-03  -3.4216784584E-04  -4.1158029526E-03  -4.5717035697E-03   3.6649438048E-04
    1     -1.4603272230E-03   2.0331058816E-03  -5.2572410816E-04   1.4852956915E-03   2.0272844339E-03
    2     -4.0215025969E-03  -1.7840244506E-04   6.2311239580E-03  -4.0173577274E-03   1.7525322811E-04
    3     -9.5426619613E-03  -1.6498767202E-03  -4.0834630408E-03  -7.1687269419E-04   8.8921305263E-04
    4      2.7736212446E-02   3.1878503626E-03   9.4068562212E-03   7.3881279890E-04   2.5542905560E-04
    5     -3.6477599594E-03  -5.3456715927E-04   1.1123957609E-03  -3.5632772129E-05   3.0659957153E-04
    6     -1.1688188165E-01   1.1140222953E-01  -2.6127339010E-02  -2.7669431906E-04   4.1689320682E-03
    7      1.1174588719E-01  -2.6237634069E-01   3.5182063595E-02   3.3213201681E-03  -3.1603613653E-03
    8     -2.6770623249E-02   3.5171342301E-02  -4.3209418954E-02  -2.0844163055E-03   1.3815649881E-03
    9      9.5603172928E-03   1.5111169843E-02   1.5773142915E-03   9.5634512426E-03  -1.5176814829E-02
   10     -1.2688245101E-02  -2.0379848619E-02  -4.0715625612E-03   1.2628440500E-02  -2.0370745352E-02
   11      1.9412478711E-03   4.9319360226E-03   3.5767945994E-03   1.9718566478E-03  -5.0041622075E-03
   12     -2.8991211657E-04  -4.1683338297E-03  -2.0917385436E-03  -1.1733409078E-01  -1.1162027426E-01
   13     -3.3213529625E-03  -3.1391794406E-03  -1.1979152907E-03  -1.1196157928E-01  -2.6173647051E-01
   14     -2.0955705775E-03  -1.4013945499E-03   5.4064573936E-03  -2.7157050895E-02  -3.5731154827E-02
   15     -7.2054064807E-04  -8.8758940184E-04  -9.1345095837E-05  -9.5938393124E-03   1.6872202296E-03
   16     -7.3717123800E-04   2.5987233874E-04  -2.7224085755E-04  -2.7699875891E-02   3.2645390989E-03
   17     -3.8883839996E-05  -3.0443054867E-04  -6.1726747601E-04  -3.7245072711E-03   5.4909856659E-04
   18      5.9646795601E-04   2.1301789460E-03   1.3988991655E-03   5.9132349940E-04  -2.1319114619E-03
   19     -9.6914669286E-04   9.3466193228E-04  -8.6327710530E-04   9.5848645364E-04   9.3526536190E-04
   20      1.6489627420E-03   7.8911866425E-04  -2.2504741396E-03   1.6460337802E-03  -7.7935526676E-04
   21     -1.4607367365E-04  -4.1819185318E-04   7.9827089244E-04  -1.4626423109E-04   4.1902062163E-04
   22      8.0607966768E-05   8.5941770537E-05  -9.1173912674E-05  -8.1166114850E-05   8.8170118951E-05
   23      7.4497616070E-05   2.5826382029E-04  -6.1000151987E-04   7.4962347894E-05  -2.5997196066E-04
   24     -6.4527535596E-04  -1.5976967958E-04  -2.8413506053E-04  -6.4782258562E-04   1.6186821043E-04
   25      1.4381379558E-03   1.5354158432E-06   5.0739408977E-04  -1.4356166793E-03   5.4937340660E-06
   26     -3.1979417626E-04  -5.8676118427E-05   4.6347105994E-05  -3.2362814785E-04   5.8950864370E-05
   27      5.7543338056E-04   2.1874711328E-04   1.4718594672E-03  -8.0225650370E-05  -9.2983435955E-05
   28     -2.3848427369E-04   7.5688544505E-04  -7.2841781046E-05  -8.8594568469E-05   1.1459823335E-05
   29      1.4614130067E-03   1.2007046827E-04  -3.4071570308E-03   4.1442449430E-04  -3.4768403233E-05
   30      1.2136657500E-01  -1.2115796861E-01   3.1607957066E-02   5.3492395806E-04  -7.8227052230E-04
   31     -1.2115796861E-01   2.7932133291E-01  -3.8238014972E-02   7.7924916503E-04  -1.2080004537E-03
   32      3.1607957066E-02  -3.8238014972E-02   3.4506708209E-02   3.8834968110E-05  -2.5059191040E-04
   33      5.3492395806E-04   7.7924916503E-04   3.8834968110E-05   1.2185012626E-01   1.2138410571E-01
   34     -7.8227052230E-04  -1.2080004537E-03  -2.5059191040E-04   1.2138410571E-01   2.7862436968E-01
   35      3.7077645060E-05   2.4554551995E-04   6.1431632165E-04   3.2024136034E-02   3.8857119894E-02
   36     -7.9957363301E-05   9.2008549563E-05   4.2932075931E-04   5.7566413420E-04  -2.2160589315E-04
   37      8.7618794328E-05   1.0979708740E-05   3.9224518540E-05   2.3525045486E-04   7.5703445183E-04
   38      4.1484649652E-04   3.7291859459E-05  -1.2094811888E-03   1.4620482763E-03  -1.1142331308E-04
   39      9.2805000542E-05  -1.0204315429E-03  -2.5254105961E-04   1.5516271914E-04  -6.1031551050E-05
   40      1.3505393615E-04   9.6413970072E-05   3.8702951929E-04  -1.4027226857E-04   4.1380790222E-04
   41     -3.0048753001E-04  -6.7105328878E-04  -2.0573531476E-04   8.8374140391E-06   1.6393211744E-04
   42      1.5562018422E-04   6.1303993327E-05  -2.7634570332E-04   9.6861329041E-05   1.0187492303E-03
   43      1.4089066687E-04   4.1478947268E-04   5.5210222551E-05  -1.3256768708E-04   9.2724026668E-05
   44      8.8733416950E-06  -1.6146524038E-04   1.5392276130E-05  -2.9823106611E-04   6.7260572308E-04
                   35                 36                 37                 38                 39        
    0     -4.1160649022E-03   1.0708469698E-02   1.5594868537E-02   2.8380248845E-03   4.4598804724E-05
    1      5.2180044184E-04  -1.4098946334E-02  -1.9117900264E-02  -4.6980695742E-03   1.1862623941E-05
    2      6.2360234373E-03   2.7865926623E-03   5.1402215304E-03   3.3351328533E-03  -1.5720341489E-04
    3     -8.8543462816E-05   6.5033860039E-07  -4.1711166109E-03  -2.3848204727E-03  -1.3301997868E-04
    4      2.7588078816E-04  -3.1421855135E-03  -3.2850161359E-03  -1.0725876751E-03  -6.6410072680E-06
    5     -6.1673636520E-04  -2.4246944521E-03  -1.3641023052E-03   6.4307299058E-03   1.2527002105E-04
    6     -2.0767274483E-03  -8.5369933188E-04  -9.5458607994E-04  -5.4534042901E-05   1.1254553003E-03
    7      1.1776415653E-03  -9.5318125553E-04   3.0470367894E-04  -2.7948286840E-04   1.7582811383E-03
    8      5.4153256689E-03  -7.3740192418E-05  -3.8453080070E-04  -7.1004790260E-04   1.1926202573E-03
    9      1.5474292449E-03  -4.2341059472E-03  -5.6283274163E-04  -4.2512393069E-03  -7.7136344104E-03
   10      4.0038893347E-03  -1.5332761980E-03   2.0941375517E-03  -4.3946079083E-04   2.6287993585E-02
   11      3.5752250064E-03  -3.8307105174E-03  -1.2120958521E-04   6.4425440789E-03  -1.5923415260E-02
   12     -2.6512352917E-02  -9.6745038749E-03  -1.6776950305E-03  -4.0642312331E-03  -4.4003627631E-03
   13     -3.5734859594E-02   2.7932856640E-02   3.0174195904E-03   9.2311020687E-03  -1.9244301724E-03
   14     -4.3415762000E-02  -3.7997620131E-03  -5.2503797796E-04   8.7110395305E-04  -2.7262557144E-03
   15     -4.0976837831E-03  -1.1726445272E-01   1.1241146272E-01  -2.7288596050E-02  -7.3114521643E-04
   16     -9.3950398972E-03   1.1235973941E-01  -2.6535373747E-01   3.7079678065E-02   1.2735950986E-03
   17      1.0895409711E-03  -2.7394810450E-02   3.7040171289E-02  -4.4181870084E-02   8.2483556268E-04
   18      1.3923595263E-03  -2.1188193843E-04  -2.4074786554E-04   8.4256839570E-05  -5.5918556692E-02
   19      8.6055844241E-04   1.5544717904E-03  -9.3420468456E-06   5.4286798700E-04   4.7547291963E-02
   20     -2.2406920310E-03  -5.1919335367E-04   4.8452971949E-05   1.8185294686E-04  -3.7662312333E-02
   21      7.9763365135E-04  -1.0956990552E-04   1.1562066812E-04  -3.8386162356E-05  -4.1818226294E-03
   22      9.9079832761E-05  -1.9499656291E-05  -1.1792037854E-05  -8.8399473425E-05  -1.2138615919E-02
   23     -6.1060585124E-04   1.3686974274E-04  -7.8859955125E-05   9.1292783848E-06   1.8121435233E-02
   24     -2.8450369036E-04   3.2295256977E-04  -1.1917171063E-04   1.3668368696E-03   2.9633571305E-05
   25     -5.0717811439E-04   4.1161946410E-04   9.8931669837E-04   1.4703736412E-04  -7.8140537982E-05
   26      4.4408370204E-05   1.3719594502E-03  -3.0777463928E-05  -3.3258801430E-03  -5.2907870430E-05
   27      4.2904886064E-04   4.0980316847E-04   7.9788758618E-04   5.8981594877E-05   2.4069448295E-05
   28     -3.6711206365E-05  -8.0124950869E-04  -1.1446220915E-03  -2.7082865674E-04  -2.3658665428E-05
   29     -1.2098952852E-03   5.7195853187E-05   2.6683850236E-04   2.4531261333E-04  -4.2268791108E-06
   30      3.7077645060E-05  -7.9957363301E-05   8.7618794328E-05   4.1484649652E-04   9.2805000542E-05
   31      2.4554551995E-04   9.2008549563E-05   1.0979708740E-05   3.7291859459E-05  -1.0204315429E-03
   32      6.1431632165E-04   4.2932075931E-04   3.9224518540E-05  -1.2094811888E-03  -2.5254105961E-04
   33      3.2024136034E-02   5.7566413420E-04   2.3525045486E-04   1.4620482763E-03   1.5516271914E-04
   34      3.8857119894E-02  -2.2160589315E-04   7.5703445183E-04  -1.1142331308E-04  -6.1031551050E-05
   35      3.4722638256E-02   1.4722275649E-03   8.1840477820E-05  -3.4090122896E-03  -2.7369979326E-04
   36      1.4722275649E-03   1.2088665970E-01  -1.2157091906E-01   3.1892823244E-02  -5.0028856260E-04
   37      8.1840477820E-05  -1.2157091906E-01   2.8173665682E-01  -4.0076954811E-02   2.9875565449E-05
   38     -3.4090122896E-03   3.1892823244E-02  -4.0076954811E-02   3.5467187219E-02  -3.1314015034E-05
   39     -2.7369979326E-04  -5.0028856260E-04   2.9875565449E-05  -3.1314015034E-05   6.9529334728E-02
   40     -5.6196887987E-05   2.1852272128E-05   8.3035690662E-07   4.3008593805E-05  -5.5101541335E-02
   41      1.3662705735E-05  -1.3236795770E-04  -2.5753529616E-05  -1.2956736737E-04   3.3676224510E-02
   42     -2.5064630778E-04   2.4260035341E-05   2.3821393491E-05  -4.3431977829E-06   2.5777706801E-03
   43     -3.8706766247E-04  -3.1021314611E-05   1.1331195488E-05  -4.2619912864E-05  -6.6789511159E-03
   44     -2.0843691538E-04   2.7935934388E-05  -1.0681724735E-05  -1.7133873277E-05   3.2619404746E-03
                   40                 41                 42                 43                 44        
    0     -8.8762808544E-05   8.9298954810E-05   4.2347960002E-05   8.9378477639E-05   9.1470387705E-05
    1      3.7880114056E-04  -3.9239594548E-04  -1.3268144964E-05   3.7864952418E-04   3.9437975647E-04
    2     -7.9099051860E-05   9.7523540262E-06  -1.5874137989E-04   8.1121243860E-05   1.0615490382E-05
    3      6.2013874197E-04  -2.2035715071E-04  -7.3905228930E-04   3.5317223146E-04   6.2423865110E-04
    4      2.1379546760E-05  -1.0442256496E-04  -1.2671857871E-03  -1.0777959899E-04  -9.0601021048E-04
    5     -1.6694959162E-04   1.0972032790E-04   8.2666602649E-04   6.4503739721E-05   1.4585624167E-04
    6     -1.5984074291E-03   1.1446284936E-03  -4.3816673024E-03  -4.0367678556E-04  -2.2987600585E-03
    7      1.0012676005E-03   5.8446452746E-04   1.9417145764E-03   2.8452421755E-04   9.1217251163E-04
    8     -1.0500230791E-03   5.0763047959E-04  -2.7158036455E-03  -5.1524780068E-04   3.9507047793E-05
    9     -6.3525519462E-05  -2.2826504074E-03  -7.7514725135E-03   8.0029571077E-05  -2.2817372079E-03
   10      4.6519935841E-04   9.5604761835E-03  -2.6173765199E-02   5.4529310397E-04  -9.5321450123E-03
   11     -1.7191853378E-03  -2.5828577863E-03  -1.6098097440E-02   1.7554869778E-03  -2.6194887576E-03
   12      4.1637743813E-04  -2.3017560961E-03   1.1243204764E-03   1.5879564747E-03   1.1451067078E-03
   13      2.9313197739E-04  -9.0704098212E-04  -1.7583123313E-03   9.9533922369E-04  -5.8242242435E-04
