*************************************************
******************* ORCA 6.0.0 ******************
*************************************************
$Calculation_Status
   &GeometryIndex 1
   &ListStatus       OUT
   &VERSION [&Type "String"] "6.0.0"
   &PROGNAME [&Type "String"] "LeanSCF"
   &STATUS [&Type "String"] "NORMAL TERMINATION"
$End
$Geometry
   &GeometryIndex 1
   &ListStatus       OUT
   &NATOMS [&Type "Integer"] 8
   &NCORELESSECP [&Type "Integer"] 0
   &NGHOSTATOMS [&Type "Integer"] 0
   &CartesianCoordinates [&Type "Coordinates", &Dim(8,4), &Units "Bohr"] 
              C     -1.205166354667   -1.723301018821    0.750819601389
              C      0.740530240822   -0.238401629022   -0.715234304244
              Cl     3.807975615718   -1.576609119240    0.026638175603
              Cl     0.705565312232    3.075173770858    0.094723725651
              Cl    -4.369211492739   -0.698141488343   -0.112315951382
              H     -1.064804691438   -3.717314593195    0.241166493565
              H     -0.991761632717   -1.476557307542    2.786091562477
              H      0.496264250389   -0.372251450384   -2.756444923027
$End
$SCF_Energy
   &GeometryIndex 1
   &ListStatus       OUT
   &SCF_ENERGY [&Type "Double"]      -1.4585499622117168e+03
$End
$DFT_Energy
   &GeometryIndex 1
   &ListStatus       OUT
   &NALPHAEL [&Type "Integer"] 33
   &NBETAEL [&Type "Integer"] 33
   &NTOTALEL [&Type "Integer"] 66
   &EEXCHANGE [&Type "Double"]      -9.4126507978915200e+01
   &ECORR [&Type "Double"]      -2.4613062750745116e+00
   &ECNL [&Type "Double"]       0.0000000000000000e+00
   &EXC [&Type "Double"]      -9.6587814253989706e+01
   &EEMBED [&Type "Double"]       0.0000000000000000e+00
   &FINALEN [&Type "Double"]      -1.4585499622117168e+03  "No Van der Waals correction"
$End
$Mulliken_Population_Analysis
   &GeometryIndex 1
   &ListStatus       OUT
   &NATOMS [&Type "Integer"] 8
   &ATNO [&Type "ArrayOfIntegers", &Dim (8,1)] 
                                                         0

0                                                        6
1                                                        6
2                                                       17
3                                                       17
4                                                       17
5                                                        1
6                                                        1
7                                                        1
   &ATOMICCHARGES [&Type "ArrayOfDoubles", &Dim (8,1)] 
                                                         0

0                                     -9.8540599914912264e-02
1                                      4.7756737618778189e-02
2                                     -1.2026681426070240e-01
3                                     -1.0757779495235908e-01
4                                     -1.5155080498242413e-01
5                                      1.4137148620736140e-01
6                                      1.4276413637555052e-01
7                                      1.4604365390873308e-01
$End
$Loewdin_Population_Analysis
   &GeometryIndex 1
   &ListStatus       OUT
   &NATOMS [&Type "Integer"] 8
   &ATNO [&Type "ArrayOfIntegers", &Dim (8,1)] 
                                                         0

0                                                        6
1                                                        6
2                                                       17
3                                                       17
4                                                       17
5                                                        1
6                                                        1
7                                                        1
   &ATOMICCHARGES [&Type "ArrayOfDoubles", &Dim (8,1)] 
                                                         0

0                                     -5.1319502014218532e-01
1                                     -7.4562355716605655e-01
2                                      2.9859897794123214e-01
3                                      3.0277790651822301e-01
4                                      2.6161225316029046e-01
5                                      1.3385769343183818e-01
6                                      1.3173819728380576e-01
7                                      1.3023354897287853e-01
$End
$Mayer_Population_Analysis
   &GeometryIndex 1
   &ListStatus       OUT
   &NATOMS [&Type "Integer"] 8 "Total number of atoms"
   &BONDTHRESH [&Type "Double"]       1.0000000000000001e-01  "The threshold for printing"
   &NBONDORDERSPRINT [&Type "Integer"] 7 "The number of bond orders larger than threshold"
   &BONDORDERS [&Type "ArrayOfDoubles", &Dim (7,1)] "The bond orders"
                                                         0

0                                      9.9493119362412097e-01
1                                      1.0257659359369848e+00
2                                      9.4464664541091681e-01
3                                      9.4938738510209331e-01
4                                      1.0461887642180283e+00
5                                      1.0790819508979068e+00
6                                      9.4931224451087748e-01
   &COMPONENTS [&Type "ArrayOfIntegers", &Dim (7,4)] "The indices and atomic numbers of the bonding atoms"
                                                         0                           1                           2                           3

0                                                        0                           6                           1                           6
1                                                        0                           6                           4                          17
2                                                        0                           6                           5                           1
3                                                        0                           6                           6                           1
4                                                        1                           6                           2                          17
5                                                        1                           6                           3                          17
6                                                        1                           6                           7                           1
   &ATNO [&Type "ArrayOfIntegers", &Dim (8,1)] "Atomic number of the elements"
                                                         0

0                                                        6
1                                                        6
2                                                       17
3                                                       17
4                                                       17
5                                                        1
6                                                        1
7                                                        1
   &NA [&Type "ArrayOfDoubles", &Dim (8,1)] "Mulliken gross atomic population"
                                                         0

0                                      6.0985405999149274e+00
1                                      5.9522432623812040e+00
2                                      1.7120266814260773e+01
3                                      1.7107577794952309e+01
4                                      1.7151550804982421e+01
5                                      8.5862851379263783e-01
6                                      8.5723586362445114e-01
7                                      8.5395634609126725e-01
   &ZA [&Type "ArrayOfDoubles", &Dim (8,1)] "Total nuclear charge"
                                                         0

0                                      6.0000000000000000e+00
1                                      6.0000000000000000e+00
2                                      1.7000000000000000e+01
3                                      1.7000000000000000e+01
4                                      1.7000000000000000e+01
5                                      1.0000000000000000e+00
6                                      1.0000000000000000e+00
7                                      1.0000000000000000e+00
   &QA [&Type "ArrayOfDoubles", &Dim (8,1)] "Mulliken gross atomic charge"
                                                         0

0                                     -9.8540599914927363e-02
1                                      4.7756737618795952e-02
2                                     -1.2026681426077346e-01
3                                     -1.0757779495230935e-01
4                                     -1.5155080498242057e-01
5                                      1.4137148620736217e-01
6                                      1.4276413637554886e-01
7                                      1.4604365390873275e-01
   &VA [&Type "ArrayOfDoubles", &Dim (8,1)] "Mayer's total valence"
                                                         0

0                                      3.9629050817235081e+00
1                                      4.1196413498862476e+00
2                                      1.1773003144565557e+00
3                                      1.1812713883410493e+00
4                                      1.1296755971048593e+00
5                                      9.8078773236931049e-01
6                                      9.9115328771404798e-01
7                                      9.7606274280894989e-01
   &BVA [&Type "ArrayOfDoubles", &Dim (8,1)] "Mayer's bonded valence"
                                                         0

0                                      3.9629050817234828e+00
1                                      4.1196413498862317e+00
2                                      1.1773003144563055e+00
3                                      1.1812713883412134e+00
4                                      1.1296755971048975e+00
5                                      9.8078773236931160e-01
6                                      9.9115328771404365e-01
7                                      9.7606274280893135e-01
   &FA [&Type "ArrayOfDoubles", &Dim (8,1)] "Mayer's free valence"
                                                         0

0                                      0.0000000000000000e+00
1                                      0.0000000000000000e+00
2                                      0.0000000000000000e+00
3                                      0.0000000000000000e+00
4                                      0.0000000000000000e+00
5                                      0.0000000000000000e+00
6                                      0.0000000000000000e+00
7                                      0.0000000000000000e+00
$End
$VdW_Correction
   &GeometryIndex 1
   &ListStatus       OUT
   &VDW [&Type "Double"]      -2.5012418692254884e-03
$End
$Calculation_Info
   &GeometryIndex 1
   &ListStatus       OUT
   &MULT [&Type "Integer"] 1
   &CHARGE [&Type "Integer"] 0
   &NUMOFATOMS [&Type "Integer"] 8
   &NUMOFELECTRONS [&Type "Integer"] 66
   &NUMOFFCELECTRONS [&Type "Integer"] 1
   &NUMOFCORRELECTRONS [&Type "Integer"] 0
   &NUMOFBASISFUNCTS [&Type "Integer"] 191
   &NUMOFAUXCBASISFUNCTS [&Type "Integer"] 0
   &NUMOFAUXJBASISFUNCTS [&Type "Integer"] 219
   &NUMOFAUXJKBASISFUNCTS [&Type "Integer"] 0
   &NUMOFCABSBASISFUNCTS [&Type "Integer"] 0
   &TOTALENERGY [&Type "Double"]      -1.4585432571726860e+03  "Hartrees"
$End
$SCF_Dipole_Moment
   &GeometryIndex 1
   &ListStatus       OUT
   &METHOD [&Type "String"] "SCF"
   &LEVEL [&Type "String"] "Relaxed density"
   &MULT [&Type "Integer"] 1
   &STATE [&Type "Integer"] -1
   &IRREP [&Type "Integer"] 0
   &NATOMS [&Type "Integer"] 8
   &DODIPOLEATOM [&Type "Boolean"] false
   &DIPOLEELECCONTRIB [&Type "ArrayOfDoubles", &Dim (3,1)] "Electronic contribution"
                                                         0

0                                      9.4015569711810576e-01
1                                      2.7840824847047116e+00
2                                     -1.9304372666856434e-01
   &DIPOLENUCCONTRIB [&Type "ArrayOfDoubles", &Dim (3,1)] "Nuclear contribution"
                                                         0

0                                     -8.8693432799415495e-01
1                                     -3.3357030231906850e+00
2                                      1.3293274643126818e-01
   &DIPOLETOTAL [&Type "ArrayOfDoubles", &Dim (3,1)] "Total"
                                                         0

0                                      5.3221369123950812e-02
1                                     -5.5162053848597337e-01
2                                     -6.0110980237296163e-02
   &DIPOLEMAGNITUDE [&Type "Double", &Units "a.u."]       5.5743256323619239e-01
$End
$THERMOCHEMISTRY_Energies
   &GeometryIndex 1
   &ListStatus       OUT
   &TEMPERATURE [&Type "Double"]       2.9814999999999998e+02
   &PRESSURE [&Type "Double"]       1.0000000000000000e+00
   &TOTALMASS [&Type "Double"]       1.3340500000000003e+02
   &SPINDEGENERACY [&Type "Integer"] 1
   &ELENERGY [&Type "Double"]      -1.4585432571726860e+03
   &TRANSENERGY [&Type "Double"]       1.4162714244859817e-03
   &ROTENERGY [&Type "Double"]       1.4162714244859817e-03
   &VIBENERGY [&Type "Double"]       2.9715276639565376e-03
   &NUMOFFREQS [&Type "Integer"] 24
   &FREQSCALINGFACTOR [&Type "Double"]       1.0000000000000000e+00
   &FREQ [&Type "ArrayOfDoubles", &Dim (24,1)] "In cm^-1"
                                                         0

0                                      0.0000000000000000e+00
1                                      0.0000000000000000e+00
2                                      0.0000000000000000e+00
3                                      0.0000000000000000e+00
4                                      0.0000000000000000e+00
5                                      0.0000000000000000e+00
6                                      1.3055262897739635e+02
7                                      1.8705175495167640e+02
8                                      2.5220540005577598e+02
9                                      3.2045687689782977e+02
10                                     3.9132710553336699e+02
11                                     6.2199806500582520e+02
12                                     6.7338328387129309e+02
13                                     7.2280190563042481e+02
14                                     9.3434113893911922e+02
15                                     1.0606620951583554e+03
16                                     1.1699391232624178e+03
17                                     1.2122795518385535e+03
18                                     1.2735379420709355e+03
19                                     1.3212973629645351e+03
20                                     1.4588580578836581e+03
21                                     3.0733875301218318e+03
22                                     3.1228801851838507e+03
23                                     3.1525836423671467e+03
   &ZPE [&Type "Double"]       4.8022733990478454e-02
   &INNERENERGYU [&Type "Double"]      -1.4584894303681829e+03
   &ENTHALPYH [&Type "Double"]      -1.4584884861591406e+03
   &QEL [&Type "Double"]       0.0000000000000000e+00
   &QROT [&Type "Double"]       1.3553160921113140e-02
   &QVIB [&Type "Double"]       4.9972436051196369e-03
   &QTRANS [&Type "Double"]       1.9279439059488611e-02
   &ENTROPYS [&Type "Double"]       3.7829843585721390e-02
   &FREEENERGYG [&Type "Double"]      -1.4585263160027264e+03
   &ISLINEAR [&Type "Boolean"] false
$End
$Hessian
   &GeometryIndex 1
   &ListStatus       OUT
   &HESSIAN [&Type "ArrayOfDoubles", &Dim (24,24)] "The Hessian"
                                                         0                           1                           2                           3                           4                           5                           6                           7

0                                      2.9851439962802218e-01         2.9467472103808411e-02        -2.3672500602002169e-02        -1.0398328815088677e-01        -5.4891347622148583e-02         5.3162488417036212e-02        -3.3737702456772989e-02        -3.1776121692547038e-04
1                                      2.9467472103808411e-02         5.2340537305915724e-01         5.8401973192575313e-02        -5.3491067744138872e-02        -9.4279110360981216e-02         3.6519991788836421e-02         1.0180509131061869e-02         1.6370792959430926e-03
2                                     -2.3672500602002169e-02         5.8401973192575313e-02         5.5834474864794226e-01         5.2715191483783827e-02         3.3602506840950272e-02        -1.2365197423856572e-01        -9.4111808852415223e-03        -2.2079797790199029e-04
3                                     -1.0398328815088677e-01        -5.3491067744138872e-02         5.2715191483783827e-02         2.8896150105695795e-01         6.0545022574991163e-02        -1.1565210756604207e-02        -8.1474526521860685e-02         1.8711497291596546e-02
4                                     -5.4891347622148583e-02        -9.4279110360981216e-02         3.3602506840950272e-02         6.0545022574991163e-02         2.6674087994406614e-01        -1.5541017735994369e-02         5.8586304037403156e-03        -3.1687629345807475e-02
5                                      5.3162488417036212e-02         3.6519991788836421e-02        -1.2365197423856572e-01        -1.1565210756604207e-02        -1.5541017735994369e-02         5.5613501351881445e-01        -2.1299078051185028e-02         9.7724938331392487e-03
6                                     -3.3737702456772989e-02         1.0180509131061869e-02        -9.4111808852415223e-03        -8.1474526521860685e-02         5.8586304037403156e-03        -2.1299078051185028e-02         1.4702722464014378e-01        -4.5642705291993303e-02
7                                     -3.1776121692547038e-04         1.6370792959430926e-03        -2.2079797790199029e-04         1.8711497291596546e-02        -3.1687629345807475e-02         9.7724938331392487e-03        -4.5642705291993303e-02         5.3031522971866141e-02
8                                      4.8207184582042123e-03        -2.0634983445787258e-03         2.8304175337416238e-03        -1.4565848880682526e-02         3.3966089459834016e-03        -4.4574175842943473e-02         2.7857382231724133e-02        -1.1735359976752860e-02
9                                      2.4778540454625797e-04        -1.6190019442150108e-02        -5.1170410777290100e-03        -3.1826136864193506e-02         3.0199945789876736e-04         1.1365376299577530e-03        -6.2216164862144829e-03         2.3874101774024607e-02
10                                    -5.2682749628535017e-04        -3.5539954973598728e-02        -7.8435838518906998e-03        -1.5812354688336319e-02        -8.6151690654718685e-02        -2.5923396651409893e-02         2.1658558052415310e-02        -2.6083179033553956e-02
11                                    -1.9689042213267074e-04         8.3399827622258060e-03         5.0839174954673445e-03        -2.5279822142005295e-03        -1.8124803083192587e-02        -4.8590318818763190e-02         2.6957532888885038e-03         1.1501851218382029e-03
12                                    -8.6658629992661690e-02         2.2010906808710130e-02        -1.9787603449592558e-02        -3.2918232541187815e-02         1.2564671156585300e-02        -9.1924451554276261e-03        -7.3398092258210200e-03        -2.7560162614737151e-03
13                                     2.1914384960598145e-02        -4.3449163754864344e-02         6.7340230048301428e-03        -2.7595698670527698e-03         3.8868413719303496e-04        -2.4657658219680526e-03        -1.4574616512748684e-03         1.6243470144814030e-03
14                                    -1.6987053264564705e-02         6.3952117144892842e-03        -4.2060671504539182e-02         3.6204904226290746e-03        -2.6044746929472012e-03         2.7246654403624924e-03         2.8018602776706111e-03        -2.7322395713225698e-04
15                                    -3.6913349192493547e-02         1.4693268989441545e-02         8.3861974560717582e-03         1.4654263600800514e-03        -1.9732483014923405e-02        -5.4246630332761949e-03        -1.1616809870050732e-03        -9.5742963436127964e-04
16                                     1.0110800842738448e-02        -3.0142876635846916e-01        -6.9558069604472417e-02         1.1197786498304968e-04        -1.8147632442757723e-02        -5.0654191436591755e-03         5.1192498368535580e-04         1.6111494752991506e-03
17                                     7.1171972516717230e-03        -6.9478803783342549e-02        -6.8954133640113754e-02         7.0519987726505671e-04         1.6292586975728267e-02         3.3338974131130938e-03        -4.1403260709918532e-04        -7.8267303978608697e-05
18                                    -4.0665875633571408e-02        -7.4237723142543278e-03        -2.7208252580110639e-02         2.0166609221486187e-03         2.7174762811666511e-03         2.4558264039197884e-02         1.4276026142421849e-03        -3.1352104863553915e-04
19                                    -7.0145142009683126e-03        -5.3366013936316278e-02        -3.9492206993642025e-02        -4.6491767677951396e-04         4.9089012166599749e-04         2.0527542894364099e-02         9.8582999949145479e-04        -2.5631348043206033e-04
20                                    -2.1714813933059886e-02        -3.7374680105843910e-02        -3.1763923974368502e-01        -1.1445888164674928e-03        -2.3964791386082464e-03        -1.7348799596515668e-02         3.7475625936938053e-04        -2.0217198856500038e-04
21                                     3.1966603938179666e-03         7.5159756894247723e-04         2.3935613691409178e-02        -4.2241404261057811e-02        -7.2349808501027757e-03        -3.1494725411258029e-02        -1.8519491576711729e-02         7.4782675216091415e-03
22                                     1.2588975277615941e-03         3.0205570291294013e-03         1.8289206497930033e-02        -6.9695761424707087e-03        -3.7354391398660140e-02        -1.7843088470181501e-02         7.8282812390328797e-03         1.2302310220370111e-04
23                                    -2.3695699417415825e-03        -6.5322833274028200e-04        -1.3953064550247529e-02        -2.7118418794163966e-02        -1.4606268805046316e-02        -3.2802830787550197e-01        -2.6308360974022574e-03         1.6142001150994106e-03
                                                         8                           9                          10                          11                          12                          13                          14                          15

0                                      4.8207184582042123e-03         2.4778540454625797e-04        -5.2682749628535017e-04        -1.9689042213267074e-04        -8.6658629992661690e-02         2.1914384960598145e-02        -1.6987053264564705e-02        -3.6913349192493547e-02
1                                     -2.0634983445787258e-03        -1.6190019442150108e-02        -3.5539954973598728e-02         8.3399827622258060e-03         2.2010906808710130e-02        -4.3449163754864344e-02         6.3952117144892842e-03         1.4693268989441545e-02
2                                      2.8304175337416238e-03        -5.1170410777290100e-03        -7.8435838518906998e-03         5.0839174954673445e-03        -1.9787603449592558e-02         6.7340230048301428e-03        -4.2060671504539182e-02         8.3861974560717582e-03
3                                     -1.4565848880682526e-02        -3.1826136864193506e-02        -1.5812354688336319e-02        -2.5279822142005295e-03        -3.2918232541187815e-02        -2.7595698670527698e-03         3.6204904226290746e-03         1.4654263600800514e-03
4                                      3.3966089459834016e-03         3.0199945789876736e-04        -8.6151690654718685e-02        -1.8124803083192587e-02         1.2564671156585300e-02         3.8868413719303496e-04        -2.6044746929472012e-03        -1.9732483014923405e-02
5                                     -4.4574175842943473e-02         1.1365376299577530e-03        -2.5923396651409893e-02        -4.8590318818763190e-02        -9.1924451554276261e-03        -2.4657658219680526e-03         2.7246654403624924e-03        -5.4246630332761949e-03
6                                      2.7857382231724133e-02        -6.2216164862144829e-03         2.1658558052415310e-02         2.6957532888885038e-03        -7.3398092258210200e-03        -1.4574616512748684e-03         2.8018602776706111e-03        -1.1616809870050732e-03
7                                     -1.1735359976752860e-02         2.3874101774024607e-02        -2.6083179033553956e-02         1.1501851218382029e-03        -2.7560162614737151e-03         1.6243470144814030e-03        -2.7322395713225698e-04        -9.5742963436127964e-04
8                                      3.3154257287277229e-02         3.0453096719180021e-03         1.4037122703834306e-03         5.2289370393414081e-03         2.9282346783596038e-03        -1.7861546367448802e-04         1.4439861655843292e-03        -8.1016420388009964e-05
9                                      3.0453096719180021e-03         3.7430333325744157e-02         8.6500310330465198e-05        -5.4325145833952499e-04        -1.0992111806436590e-03        -4.6135603807766681e-03         1.7357286585612945e-04        -2.0691521221915710e-03
10                                     1.4037122703834306e-03         8.6500310330465198e-05         1.6820610027533534e-01         3.3830078141179214e-02        -1.8016122619355021e-03         1.8279375047679193e-04        -1.4892991243009904e-04        -4.1260809272658776e-03
11                                     5.2289370393414081e-03        -5.4325145833952499e-04         3.3830078141179214e-02         3.6954362130111176e-02        -4.2786198940987361e-04        -2.0643632462596885e-04         4.3775902844694632e-04         1.5995353856209597e-03
12                                     2.9282346783596038e-03        -1.0992111806436590e-03        -1.8016122619355021e-03        -4.2786198940987361e-04         1.6262700822722004e-01        -4.2062774461487436e-02         3.5426563669619229e-02        -1.8231437152355964e-02
13                                    -1.7861546367448802e-04        -4.6135603807766681e-03         1.8279375047679193e-04        -2.0643632462596885e-04        -4.2062774461487436e-02         4.3187133766207371e-02        -1.3241641553281747e-02         2.6169627735691269e-02
14                                     1.4439861655843292e-03         1.7357286585612945e-04        -1.4892991243009904e-04         4.3775902844694632e-04         3.5426563669619229e-02        -1.3241641553281747e-02         3.4991995086809440e-02         1.2159632595503973e-04
15                                    -8.1016420388009964e-05        -2.0691521221915710e-03        -4.1260809272658776e-03         1.5995353856209597e-03        -1.8231437152355964e-02         2.6169627735691269e-02         1.2159632595503973e-04         5.4766171218194618e-02
16                                     3.0538192477251027e-05        -1.5883001830691449e-03        -8.6463263444315789e-04         1.6146581771329374e-03         5.0990429485799592e-03        -2.5947805971650809e-03         8.1167735411579248e-04        -1.3971990354782433e-02
17                                     9.6330997262911785e-05         1.6314851875614928e-03         3.0546535171555832e-03         1.9057763492978815e-04        -5.3200054241506678e-03         8.8024137569874122e-03         1.8382010594139341e-03        -4.8361738203030261e-03
18                                     1.8593607210634026e-04         3.6111216060875272e-04         1.0035952765311896e-03        -7.4048902930515552e-04        -1.7893067330832485e-02         2.8072427014583586e-03        -2.5070945615832344e-02         1.8705922148491722e-03
19                                    -5.9701182793666849e-04         5.5476695680118358e-04         1.7006699452806707e-03         2.7598137297602660e-04         6.6614457015939012e-03         4.3358869614806318e-04         9.7450064711805725e-03        -2.5296651137749482e-03
20                                     1.1261035526710012e-03        -3.6044304263810464e-04        -2.3404165410893102e-04         1.2911515574300899e-03        -4.0131113499335680e-03         9.5091891293223353e-04        -4.8008941652070460e-04         1.1703531977820536e-04
21                                    -2.4165340227966396e-02         3.1768857623440576e-03        -5.6386831725062543e-04         1.2294710099834921e-04         1.5133791962826122e-03         1.7869024846051216e-05        -5.0000995975774207e-05         2.7342966092231617e-04
22                                     9.7165683383525128e-03        -2.3433984412623921e-03        -2.1450106674778265e-02        -2.6827753277199183e-02         2.6857830742528109e-04         2.2739698752276163e-04        -6.9509412841697220e-04         6.1566486133133409e-04
23                                     6.9414326706496859e-04         5.2069561293204372e-05        -4.1903847492130580e-03        -5.9638606696356747e-04         3.5014533517819732e-04        -3.8342780677690569e-04         1.1041541404427397e-03         1.6479195594451982e-04
                                                        16                          17                          18                          19                          20                          21                          22                          23

0                                      1.0110800842738448e-02         7.1171972516717230e-03        -4.0665875633571408e-02        -7.0145142009683126e-03        -2.1714813933059886e-02         3.1966603938179666e-03         1.2588975277615941e-03        -2.3695699417415825e-03
1                                     -3.0142876635846916e-01        -6.9478803783342549e-02        -7.4237723142543278e-03        -5.3366013936316278e-02        -3.7374680105843910e-02         7.5159756894247723e-04         3.0205570291294013e-03        -6.5322833274028200e-04
2                                     -6.9558069604472417e-02        -6.8954133640113754e-02        -2.7208252580110639e-02        -3.9492206993642025e-02        -3.1763923974368502e-01         2.3935613691409178e-02         1.8289206497930033e-02        -1.3953064550247529e-02
3                                      1.1197786498304968e-04         7.0519987726505671e-04         2.0166609221486187e-03        -4.6491767677951396e-04        -1.1445888164674928e-03        -4.2241404261057811e-02        -6.9695761424707087e-03        -2.7118418794163966e-02
4                                     -1.8147632442757723e-02         1.6292586975728267e-02         2.7174762811666511e-03         4.9089012166599749e-04        -2.3964791386082464e-03        -7.2349808501027757e-03        -3.7354391398660140e-02        -1.4606268805046316e-02
5                                     -5.0654191436591755e-03         3.3338974131130938e-03         2.4558264039197884e-02         2.0527542894364099e-02        -1.7348799596515668e-02        -3.1494725411258029e-02        -1.7843088470181501e-02        -3.2802830787550197e-01
6                                      5.1192498368535580e-04        -4.1403260709918532e-04         1.4276026142421849e-03         9.8582999949145479e-04         3.7475625936938053e-04        -1.8519491576711729e-02         7.8282812390328797e-03        -2.6308360974022574e-03
7                                      1.6111494752991506e-03        -7.8267303978608697e-05        -3.1352104863553915e-04        -2.5631348043206033e-04        -2.0217198856500038e-04         7.4782675216091415e-03         1.2302310220370111e-04         1.6142001150994106e-03
8                                      3.0538192477251027e-05         9.6330997262911785e-05         1.8593607210634026e-04        -5.9701182793666849e-04         1.1261035526710012e-03        -2.4165340227966396e-02         9.7165683383525128e-03         6.9414326706496859e-04
9                                     -1.5883001830691449e-03         1.6314851875614928e-03         3.6111216060875272e-04         5.5476695680118358e-04        -3.6044304263810464e-04         3.1768857623440576e-03        -2.3433984412623921e-03         5.2069561293204372e-05
10                                    -8.6463263444315789e-04         3.0546535171555832e-03         1.0035952765311896e-03         1.7006699452806707e-03        -2.3404165410893102e-04        -5.6386831725062543e-04        -2.1450106674778265e-02        -4.1903847492130580e-03
11                                     1.6146581771329374e-03         1.9057763492978815e-04        -7.4048902930515552e-04         2.7598137297602660e-04         1.2911515574300899e-03         1.2294710099834921e-04        -2.6827753277199183e-02        -5.9638606696356747e-04
12                                     5.0990429485799592e-03        -5.3200054241506678e-03        -1.7893067330832485e-02         6.6614457015939012e-03        -4.0131113499335680e-03         1.5133791962826122e-03         2.6857830742528109e-04         3.5014533517819732e-04
13                                    -2.5947805971650809e-03         8.8024137569874122e-03         2.8072427014583586e-03         4.3358869614806318e-04         9.5091891293223353e-04         1.7869024846051216e-05         2.2739698752276163e-04        -3.8342780677690569e-04
14                                     8.1167735411579248e-04         1.8382010594139341e-03        -2.5070945615832344e-02         9.7450064711805725e-03        -4.8008941652070460e-04        -5.0000995975774207e-05        -6.9509412841697220e-04         1.1041541404427397e-03
15                                    -1.3971990354782433e-02        -4.8361738203030261e-03         1.8705922148491722e-03        -2.5296651137749482e-03         1.1703531977820536e-04         2.7342966092231617e-04         6.1566486133133409e-04         1.6479195594451982e-04
16                                     3.2180408626949258e-01         7.0862711207709289e-02        -5.8375947934694548e-04        -1.0222495909228966e-03         8.5177904182389547e-04         1.4939083585550599e-04         6.4282587896622443e-04         3.5485697950271566e-04
17                                     7.0862711207709289e-02         6.7467957897905259e-02         1.7267234826190861e-03        -2.9046937537207398e-02        -4.2411413570918139e-03        -6.5769711696773015e-04        -3.1108903768229507e-04         2.6830999458059149e-04
18                                    -5.8375947934694548e-04         1.7267234826190861e-03         5.6002494572518824e-02         4.4622267897782885e-03         2.4871706123743821e-02        -3.1195195199636540e-03        -2.6987674430688537e-03         1.5246215450512861e-03
19                                    -1.0222495909228966e-03        -2.9046937537207398e-02         4.4622267897782885e-03         5.3368946485855301e-02         3.6908555250318345e-02        -2.6258932197708740e-03        -1.3495182412787915e-03         1.7763486658528313e-03
20                                     8.5177904182389547e-04        -4.2411413570918139e-03         2.4871706123743821e-02         3.6908555250318345e-02         3.3697587111450600e-01         2.0218954017373622e-03         1.3988413861458346e-03         3.1614388920613674e-04
21                                     1.4939083585550599e-04        -6.5769711696773015e-04        -3.1195195199636540e-03        -2.6258932197708740e-03         2.0218954017373622e-03         5.5720060344366246e-02         2.0339687635609824e-03         3.0157251996931821e-02
22                                     6.4282587896622443e-04        -3.1108903768229507e-04        -2.6987674430688537e-03        -1.3495182412787915e-03         1.3988413861458346e-03         2.0339687635609824e-03         5.6140213316895102e-02         1.6180156312186587e-02
23                                     3.5485697950271566e-04         2.6830999458059149e-04         1.5246215450512861e-03         1.7763486658528313e-03         3.1614388920613674e-04         3.0157251996931821e-02         1.6180156312186587e-02         3.4019500720141860e-01
                              

0                             
1                             
2                             
3                             
4                             
5                             
6                             
7                             
8                             
9                             
10                            
11                            
12                            
13                            
14                            
15                            
16                            
17                            
18                            
19                            
20                            
21                            
22                            
23                            
   &MODES [&Type "ArrayOfDoubles", &Dim (24,24)] "The modes of vibrations"
                                                         0                           1                           2                           3                           4                           5                           6                           7

0                                      1.0000000000000000e+00         2.0000000000000000e+00         3.0000000000000000e+00         4.0000000000000000e+00         5.0000000000000000e+00         6.0000000000000000e+00         7.0000000000000000e+00         0.0000000000000000e+00
1                                      0.0000000000000000e+00         0.0000000000000000e+00         0.0000000000000000e+00         0.0000000000000000e+00         0.0000000000000000e+00        -1.1602535370035628e-02        -6.1962246794451383e-03         1.0000000000000000e+00
2                                      0.0000000000000000e+00         0.0000000000000000e+00         0.0000000000000000e+00         0.0000000000000000e+00         0.0000000000000000e+00         7.7567735609420138e-02         2.0950415271775123e-02         2.0000000000000000e+00
3                                      0.0000000000000000e+00         0.0000000000000000e+00         0.0000000000000000e+00         0.0000000000000000e+00         0.0000000000000000e+00         1.0097438993436533e-01         1.3382256267263792e-01         3.0000000000000000e+00
4                                      0.0000000000000000e+00         0.0000000000000000e+00         0.0000000000000000e+00         0.0000000000000000e+00         0.0000000000000000e+00        -2.2733498909906554e-02        -1.4936936994228323e-02         4.0000000000000000e+00
5                                      0.0000000000000000e+00         0.0000000000000000e+00         0.0000000000000000e+00         0.0000000000000000e+00         0.0000000000000000e+00         3.5603460725716907e-02        -5.0001902229035750e-02         5.0000000000000000e+00
6                                      0.0000000000000000e+00         0.0000000000000000e+00         0.0000000000000000e+00         0.0000000000000000e+00         0.0000000000000000e+00         4.1434956408849408e-02         6.0026976359040952e-02         6.0000000000000000e+00
