*************************************************
******************* ORCA 6.0.0 ******************
*************************************************
$Calculation_Status
   &GeometryIndex 1
   &ListStatus       OUT
   &VERSION [&Type "String"] "6.0.0"
   &PROGNAME [&Type "String"] "LeanSCF"
   &STATUS [&Type "String"] "NORMAL TERMINATION"
$End
$Geometry
   &GeometryIndex 1
   &ListStatus       OUT
   &NATOMS [&Type "Integer"] 8
   &NCORELESSECP [&Type "Integer"] 0
   &NGHOSTATOMS [&Type "Integer"] 0
   &CartesianCoordinates [&Type "Coordinates", &Dim(8,4), &Units "Bohr"] 
              C     -1.228055391478    1.668258505192    0.790315680911
              C      0.741333523906    0.216178927599   -0.692970667006
              Cl     0.744329326967   -3.079763144818    0.099110984520
              Cl     3.783103232339    1.620948225748    0.005182805981
              Cl    -4.372805585928    0.704558640758   -0.134568851763
              H     -1.015259839565    1.340300988923    2.815271925989
              H     -1.051284066234    3.680576806694    0.368790282233
              H      0.458664753495    0.359953869162   -2.730035307343
$End
$SCF_Energy
   &GeometryIndex 1
   &ListStatus       OUT
   &SCF_ENERGY [&Type "Double"]      -1.4585504578235232e+03
$End
$DFT_Energy
   &GeometryIndex 1
   &ListStatus       OUT
   &NALPHAEL [&Type "Integer"] 33
   &NBETAEL [&Type "Integer"] 33
   &NTOTALEL [&Type "Integer"] 66
   &EEXCHANGE [&Type "Double"]      -9.4131723117191370e+01
   &ECORR [&Type "Double"]      -2.4618902504982727e+00
   &ECNL [&Type "Double"]       0.0000000000000000e+00
   &EXC [&Type "Double"]      -9.6593613367689642e+01
   &EEMBED [&Type "Double"]       0.0000000000000000e+00
   &FINALEN [&Type "Double"]      -1.4585504578235232e+03  "No Van der Waals correction"
$End
$Mulliken_Population_Analysis
   &GeometryIndex 1
   &ListStatus       OUT
   &NATOMS [&Type "Integer"] 8
   &ATNO [&Type "ArrayOfIntegers", &Dim (8,1)] 
                                                         0

0                                                        6
1                                                        6
2                                                       17
3                                                       17
4                                                       17
5                                                        1
6                                                        1
7                                                        1
   &ATOMICCHARGES [&Type "ArrayOfDoubles", &Dim (8,1)] 
                                                         0

0                                     -9.9236872555923838e-02
1                                      4.7217351444889921e-02
2                                     -1.0383870631530812e-01
3                                     -1.2055923651224631e-01
4                                     -1.4813216541071839e-01
5                                      1.4001012835699944e-01
6                                      1.4091277748053188e-01
7                                      1.4362672351174965e-01
$End
$Loewdin_Population_Analysis
   &GeometryIndex 1
   &ListStatus       OUT
   &NATOMS [&Type "Integer"] 8
   &ATNO [&Type "ArrayOfIntegers", &Dim (8,1)] 
                                                         0

0                                                        6
1                                                        6
2                                                       17
3                                                       17
4                                                       17
5                                                        1
6                                                        1
7                                                        1
   &ATOMICCHARGES [&Type "ArrayOfDoubles", &Dim (8,1)] 
                                                         0

0                                     -5.2217106014564418e-01
1                                     -7.5760207952357206e-01
2                                      3.1446277436017667e-01
3                                      3.0043594998890200e-01
4                                      2.7086694475370976e-01
5                                      1.3134510362307994e-01
6                                      1.3279869690481161e-01
7                                      1.2986367003850396e-01
$End
$Mayer_Population_Analysis
   &GeometryIndex 1
   &ListStatus       OUT
   &NATOMS [&Type "Integer"] 8 "Total number of atoms"
   &BONDTHRESH [&Type "Double"]       1.0000000000000001e-01  "The threshold for printing"
   &NBONDORDERSPRINT [&Type "Integer"] 7 "The number of bond orders larger than threshold"
   &BONDORDERS [&Type "ArrayOfDoubles", &Dim (7,1)] "The bond orders"
                                                         0

0                                      9.9132059165810338e-01
1                                      1.0305473047780391e+00
2                                      9.5013881637168296e-01
3                                      9.4503770865132086e-01
4                                      1.0849761240877316e+00
5                                      1.0470558392285865e+00
6                                      9.5028078426680540e-01
   &COMPONENTS [&Type "ArrayOfIntegers", &Dim (7,4)] "The indices and atomic numbers of the bonding atoms"
                                                         0                           1                           2                           3

0                                                        0                           6                           1                           6
1                                                        0                           6                           4                          17
2                                                        0                           6                           5                           1
3                                                        0                           6                           6                           1
4                                                        1                           6                           2                          17
5                                                        1                           6                           3                          17
6                                                        1                           6                           7                           1
   &ATNO [&Type "ArrayOfIntegers", &Dim (8,1)] "Atomic number of the elements"
                                                         0

0                                                        6
1                                                        6
2                                                       17
3                                                       17
4                                                       17
5                                                        1
6                                                        1
7                                                        1
   &NA [&Type "ArrayOfDoubles", &Dim (8,1)] "Mulliken gross atomic population"
                                                         0

0                                      6.0992368725559407e+00
1                                      5.9527826485551110e+00
2                                      1.7103838706315411e+01
3                                      1.7120559236512364e+01
4                                      1.7148132165410676e+01
5                                      8.5998987164300233e-01
6                                      8.5908722251946745e-01
7                                      8.5637327648825090e-01
   &ZA [&Type "ArrayOfDoubles", &Dim (8,1)] "Total nuclear charge"
                                                         0

0                                      6.0000000000000000e+00
1                                      6.0000000000000000e+00
2                                      1.7000000000000000e+01
3                                      1.7000000000000000e+01
4                                      1.7000000000000000e+01
5                                      1.0000000000000000e+00
6                                      1.0000000000000000e+00
7                                      1.0000000000000000e+00
   &QA [&Type "ArrayOfDoubles", &Dim (8,1)] "Mulliken gross atomic charge"
                                                         0

0                                     -9.9236872555940714e-02
1                                      4.7217351444889033e-02
2                                     -1.0383870631541114e-01
3                                     -1.2055923651236355e-01
4                                     -1.4813216541067575e-01
5                                      1.4001012835699767e-01
6                                      1.4091277748053255e-01
7                                      1.4362672351174910e-01
   &VA [&Type "ArrayOfDoubles", &Dim (8,1)] "Mayer's total valence"
                                                         0

0                                      3.9618444531760697e+00
1                                      4.1216805510560919e+00
2                                      1.1878056878090748e+00
3                                      1.1770134460276866e+00
4                                      1.1343390900273902e+00
5                                      9.9265505448174518e-01
6                                      9.8089325440261244e-01
7                                      9.7777859130671918e-01
   &BVA [&Type "ArrayOfDoubles", &Dim (8,1)] "Mayer's bonded valence"
                                                         0

0                                      3.9618444531760679e+00
1                                      4.1216805510561203e+00
2                                      1.1878056878089438e+00
3                                      1.1770134460273731e+00
4                                      1.1343390900275132e+00
5                                      9.9265505448173308e-01
6                                      9.8089325440261665e-01
7                                      9.7777859130671363e-01
   &FA [&Type "ArrayOfDoubles", &Dim (8,1)] "Mayer's free valence"
                                                         0

0                                      0.0000000000000000e+00
1                                      0.0000000000000000e+00
2                                      0.0000000000000000e+00
3                                      0.0000000000000000e+00
4                                      0.0000000000000000e+00
5                                      0.0000000000000000e+00
6                                      0.0000000000000000e+00
7                                      0.0000000000000000e+00
$End
$VdW_Correction
   &GeometryIndex 1
   &ListStatus       OUT
   &VDW [&Type "Double"]      -2.5022387016593729e-03
$End
$Calculation_Info
   &GeometryIndex 1
   &ListStatus       OUT
   &MULT [&Type "Integer"] 1
   &CHARGE [&Type "Integer"] 0
   &NUMOFATOMS [&Type "Integer"] 8
   &NUMOFELECTRONS [&Type "Integer"] 66
   &NUMOFFCELECTRONS [&Type "Integer"] 1
   &NUMOFCORRELECTRONS [&Type "Integer"] 0
   &NUMOFBASISFUNCTS [&Type "Integer"] 191
   &NUMOFAUXCBASISFUNCTS [&Type "Integer"] 0
   &NUMOFAUXJBASISFUNCTS [&Type "Integer"] 219
   &NUMOFAUXJKBASISFUNCTS [&Type "Integer"] 0
   &NUMOFCABSBASISFUNCTS [&Type "Integer"] 0
   &TOTALENERGY [&Type "Double"]      -1.4585436569277249e+03  "Hartrees"
$End
$SCF_Dipole_Moment
   &GeometryIndex 1
   &ListStatus       OUT
   &METHOD [&Type "String"] "SCF"
   &LEVEL [&Type "String"] "Relaxed density"
   &MULT [&Type "Integer"] 1
   &STATE [&Type "Integer"] -1
   &IRREP [&Type "Integer"] 0
   &NATOMS [&Type "Integer"] 8
   &DODIPOLEATOM [&Type "Boolean"] false
   &DIPOLEELECCONTRIB [&Type "ArrayOfDoubles", &Dim (3,1)] "Electronic contribution"
                                                         0

0                                      9.5706824316628680e-01
1                                     -2.6984756248853499e+00
2                                     -2.8871300182804549e-01
   &DIPOLENUCCONTRIB [&Type "ArrayOfDoubles", &Dim (3,1)] "Nuclear contribution"
                                                         0

0                                     -9.1761921644842792e-01
1                                      3.2134315999977270e+00
2                                      2.4957161293698960e-01
   &DIPOLETOTAL [&Type "ArrayOfDoubles", &Dim (3,1)] "Total"
                                                         0

0                                      3.9449026717858882e-02
1                                      5.1495597511237712e-01
2                                     -3.9141388891055895e-02
   &DIPOLEMAGNITUDE [&Type "Double", &Units "a.u."]       5.1794587587627949e-01
$End
$THERMOCHEMISTRY_Energies
   &GeometryIndex 1
   &ListStatus       OUT
   &TEMPERATURE [&Type "Double"]       2.9814999999999998e+02
   &PRESSURE [&Type "Double"]       1.0000000000000000e+00
   &TOTALMASS [&Type "Double"]       1.3340500000000003e+02
   &SPINDEGENERACY [&Type "Integer"] 1
   &ELENERGY [&Type "Double"]      -1.4585436569277249e+03
   &TRANSENERGY [&Type "Double"]       1.4162714244859817e-03
   &ROTENERGY [&Type "Double"]       1.4162714244859817e-03
   &VIBENERGY [&Type "Double"]       2.9628574928777462e-03
   &NUMOFFREQS [&Type "Integer"] 24
   &FREQSCALINGFACTOR [&Type "Double"]       1.0000000000000000e+00
   &FREQ [&Type "ArrayOfDoubles", &Dim (24,1)] "In cm^-1"
                                                         0

0                                      0.0000000000000000e+00
1                                      0.0000000000000000e+00
2                                      0.0000000000000000e+00
3                                      0.0000000000000000e+00
4                                      0.0000000000000000e+00
5                                      0.0000000000000000e+00
6                                      1.2371955810941448e+02
7                                      1.8674564423573409e+02
8                                      2.5221995163616214e+02
9                                      3.2232652447634644e+02
10                                     3.9304974966016846e+02
11                                     6.3812538735817441e+02
12                                     6.8212911745393660e+02
13                                     7.3518650893522010e+02
14                                     9.3651710455841521e+02
15                                     1.0548529623703207e+03
16                                     1.1750492816909903e+03
17                                     1.2207442488677329e+03
18                                     1.2811160113879339e+03
19                                     1.3260862408387713e+03
20                                     1.4598736149513104e+03
21                                     3.0687351702515712e+03
22                                     3.1136740843080329e+03
23                                     3.1453099263985641e+03
   &ZPE [&Type "Double"]       4.8104559932274769e-02
   &INNERENERGYU [&Type "Double"]      -1.4584897569674511e+03
   &ENTHALPYH [&Type "Double"]      -1.4584888127584088e+03
   &QEL [&Type "Double"]       0.0000000000000000e+00
   &QROT [&Type "Double"]       1.3555990604355158e-02
   &QVIB [&Type "Double"]       5.0009682164936656e-03
   &QTRANS [&Type "Double"]       1.9279439059488611e-02
   &ENTROPYS [&Type "Double"]       3.7836397880337436e-02
   &FREEENERGYG [&Type "Double"]      -1.4585266491562891e+03
   &ISLINEAR [&Type "Boolean"] false
$End
$Hessian
   &GeometryIndex 1
   &ListStatus       OUT
   &HESSIAN [&Type "ArrayOfDoubles", &Dim (24,24)] "The Hessian"
                                                         0                           1                           2                           3                           4                           5                           6                           7

0                                      3.0557955949390458e-01        -2.0615589605286179e-02        -2.0876693192305652e-02        -1.0327792906982139e-01         5.1573812683716004e-02         5.1613729495880091e-02         3.5240375466576677e-04         9.1425730330878252e-04
1                                     -2.0615589605286179e-02         5.2853941506813651e-01        -5.9189967362676690e-02         4.9706370362110293e-02        -9.1708168209934632e-02        -3.3841569196356551e-02         1.7079337781107005e-02        -3.5843868697366790e-02
2                                     -2.0876693192305652e-02        -5.9189967362676690e-02         5.4751783942638810e-01         5.1346271472240169e-02        -3.1412416106076410e-02        -1.2194197339968385e-01        -5.0069165083679763e-03         7.2428530048818012e-03
3                                     -1.0327792906982139e-01         4.9706370362110293e-02         5.1346271472240169e-02         2.9098022131727880e-01        -5.6773278893678253e-02        -5.3055579173453861e-03        -3.1994257752909178e-02         1.6986412588840094e-02
4                                      5.1573812683716004e-02        -9.1708168209934632e-02        -3.1412416106076410e-02        -5.6773278893678253e-02         2.7262743856012916e-01         1.0506679298471690e-02         6.1667357421772576e-04        -9.4376169365549031e-02
5                                      5.1613729495880091e-02        -3.3841569196356551e-02        -1.2194197339968385e-01        -5.3055579173453861e-03         1.0506679298471690e-02         5.5159852049264291e-01         6.6306716620003663e-04         2.7740655560252750e-02
6                                      3.5240375466576677e-04         1.7079337781107005e-02        -5.0069165083679763e-03        -3.1994257752909178e-02         6.1667357421772576e-04         6.6306716620003663e-04         3.6296654339785052e-02        -2.4255932723914516e-03
7                                      9.1425730330878252e-04        -3.5843868697366790e-02         7.2428530048818012e-03         1.6986412588840094e-02        -9.4376169365549031e-02         2.7740655560252750e-02        -2.4255932723914516e-03         1.7751314503461987e-01
8                                      1.5525554255407976e-04        -9.0823132431930107e-03         4.9404045802491983e-03        -3.1528594463890698e-03         2.0286165914716946e-02        -4.8564816679191256e-02        -2.2520359416853815e-04        -3.5647246467251134e-02
9                                     -3.3488208895395950e-02        -1.0456426674880441e-02        -9.2641207241478916e-03        -8.2871242835811140e-02        -7.4962700420281442e-03        -2.1048966974702335e-02        -5.2974720743697683e-03        -2.1229247994057995e-02
10                                    -7.3513648255217612e-05         1.3925833547311171e-03        -5.2979402742704511e-05        -2.0618634802041569e-02        -3.2585962364558616e-02        -9.9879738390972160e-03        -2.3458000820180784e-02        -2.6528712619921433e-02
11                                     5.2925055565340336e-03         2.3176601940988447e-03         3.0300714625453480e-03        -1.4453292078091561e-02        -3.6853440669341962e-03        -4.4129837273754496e-02         3.2198300990855344e-03        -1.1962215886295521e-03
12                                    -9.3329128872107134e-02        -2.2973554114186626e-02        -2.3079582889461037e-02        -3.2824767725923527e-02        -1.2147835372354117e-02        -9.7940589310511871e-03        -7.8118383619035347e-04         1.6942033490937496e-03
13                                    -2.2730925191228289e-02        -4.3461438698658969e-02        -7.4135921453975621e-03         2.9459482712090590e-03         5.2560608698793039e-04         2.6992798265953002e-03         4.0741607898777581e-03         3.4289791486228792e-04
14                                    -2.0494050515393013e-02        -7.0120851308740802e-03        -4.3319162100793118e-02         3.7684033268793084e-03         2.3637540830565074e-03         2.8899014785285990e-03         2.0441986679334365e-04         1.6071790913744317e-04
15                                    -4.1088190383967722e-02         7.8442034352065333e-03        -2.6093460645253801e-02         1.9174418792402602e-03        -3.2078770726796883e-03         2.4807310751794466e-02         3.8981423603748051e-04        -1.0353208436845508e-03
16                                     7.1016994189054983e-03        -5.6608875008838183e-02         4.9878287355093406e-02         1.0537924302412094e-03         8.9155451345144208e-04        -2.0218199327326190e-02        -5.2540880197162138e-04         1.6182760160565353e-03
17                                    -2.0818796358793239e-02         4.7387576328987428e-02        -3.1220940666890140e-01        -7.4973364228148737e-04         2.7915049078148842e-03        -1.8427027694919322e-02        -4.3951068865960585e-04         3.3116989979463905e-04
18                                    -3.7855755111116926e-02        -1.9815899321284108e-02         8.7527495049391779e-03         1.5692893900699847e-03         1.9763963941687387e-02        -4.7170365381545547e-03        -2.1749281633522666e-03         4.2469342093040471e-03
19                                    -1.4879649907510253e-02        -3.0561756092649284e-01         5.8905813384164771e-02        -4.5035239693990217e-04        -1.7593773647613449e-02         4.5061700006211389e-03         1.6047678967252756e-03        -9.0886790233851060e-04
20                                     7.5983425344731716e-03         5.8695708619869807e-02        -6.3238108435593576e-02         5.1386208735244073e-04        -1.6772970996878508e-02         2.8268860972152157e-03         1.6119902793991926e-03        -2.8206812801805604e-03
21                                     3.1072490838388069e-03        -7.8081149718991941e-04         2.4069054259777140e-02        -4.3498755202123811e-02         7.5503270769623487e-03        -3.6339862972287529e-02         3.2089694963332600e-03         9.2702711195282068e-04
22                                    -1.2777214192469003e-03         3.3079131184238185e-03        -1.7875610728472283e-02         7.2702265444158157e-03        -3.7780525572912810e-02         1.8624370681190470e-02         2.9553904002505944e-03        -2.1816700380362923e-02
23                                    -2.3175943403695998e-03         6.4260179136991710e-04        -1.4779664864210685e-02        -3.1845717882698008e-02         1.5893213961477696e-02        -3.2425165302083780e-01        -9.0880082480334463e-06         4.2443446596384105e-03
                                                         8                           9                          10                          11                          12                          13                          14                          15

0                                      1.5525554255407976e-04        -3.3488208895395950e-02        -7.3513648255217612e-05         5.2925055565340336e-03        -9.3329128872107134e-02        -2.2730925191228289e-02        -2.0494050515393013e-02        -4.1088190383967722e-02
1                                     -9.0823132431930107e-03        -1.0456426674880441e-02         1.3925833547311171e-03         2.3176601940988447e-03        -2.2973554114186626e-02        -4.3461438698658969e-02        -7.0120851308740802e-03         7.8442034352065333e-03
2                                      4.9404045802491983e-03        -9.2641207241478916e-03        -5.2979402742704511e-05         3.0300714625453480e-03        -2.3079582889461037e-02        -7.4135921453975621e-03        -4.3319162100793118e-02        -2.6093460645253801e-02
3                                     -3.1528594463890698e-03        -8.2871242835811140e-02        -2.0618634802041569e-02        -1.4453292078091561e-02        -3.2824767725923527e-02         2.9459482712090590e-03         3.7684033268793084e-03         1.9174418792402602e-03
4                                      2.0286165914716946e-02        -7.4962700420281442e-03        -3.2585962364558616e-02        -3.6853440669341962e-03        -1.2147835372354117e-02         5.2560608698793039e-04         2.3637540830565074e-03        -3.2078770726796883e-03
5                                     -4.8564816679191256e-02        -2.1048966974702335e-02        -9.9879738390972160e-03        -4.4129837273754496e-02        -9.7940589310511871e-03         2.6992798265953002e-03         2.8899014785285990e-03         2.4807310751794466e-02
6                                     -2.2520359416853815e-04        -5.2974720743697683e-03        -2.3458000820180784e-02         3.2198300990855344e-03        -7.8118383619035347e-04         4.0741607898777581e-03         2.0441986679334365e-04         3.8981423603748051e-04
7                                     -3.5647246467251134e-02        -2.1229247994057995e-02        -2.6528712619921433e-02        -1.1962215886295521e-03         1.6942033490937496e-03         3.4289791486228792e-04         1.6071790913744317e-04        -1.0353208436845508e-03
8                                      3.7146504880652215e-02         2.8782413819901497e-03        -9.7444385477335731e-04         5.1286765924641528e-03        -3.7148659037354392e-04         2.1784025254966257e-04         3.6756021408110035e-04        -7.0004509148207847e-04
9                                      2.8782413819901497e-03         1.4772298733618278e-01         4.7913751579087990e-02         2.6902670641819823e-02        -7.3721205445909680e-03         1.3339429408963531e-03         2.9094925537069393e-03         1.4818719835387635e-03
10                                    -9.7444385477335731e-04         4.7913751579087990e-02         5.4823569708302634e-02         1.1996330193654293e-02         2.5787158871034429e-03         1.6335466921113487e-03         3.6842726523837418e-04         3.1720737940799657e-04
11                                     5.1286765924641528e-03         2.6902670641819823e-02         1.1996330193654293e-02         3.2332235451092810e-02         2.9287552520634373e-03         1.6594617365156268e-04         1.3748033227564942e-03        -4.9023199110683272e-06
12                                    -3.7148659037354392e-04        -7.3721205445909680e-03         2.5787158871034429e-03         2.9287552520634373e-03         1.6894731097732682e-01         4.2143647610101642e-02         4.0256133635862022e-02        -1.7670481726132614e-02
13                                     2.1784025254966257e-04         1.3339429408963531e-03         1.6335466921113487e-03         1.6594617365156268e-04         4.2143647610101642e-02         4.1612358620853267e-02         1.4156662016122139e-02        -1.6397054955372072e-03
14                                     3.6756021408110035e-04         2.9094925537069393e-03         3.6842726523837418e-04         1.3748033227564942e-03         4.0256133635862022e-02         1.4156662016122139e-02         3.7123656251255820e-02        -2.5612740951111945e-02
15                                    -7.0004509148207847e-04         1.4818719835387635e-03         3.1720737940799657e-04        -4.9023199110683272e-06        -1.7670481726132614e-02        -1.6397054955372072e-03        -2.5612740951111945e-02         5.6245112985806249e-02
16                                    -4.5224977738677653e-04        -9.6222475524750193e-04        -2.8664399904051476e-04         5.2865158419662997e-04        -6.2106498533944033e-03         9.3545699880715188e-04        -9.7045301026395039e-03        -5.3627990387002727e-03
17                                     1.3994917117427130e-03         4.5482287572864988e-04         1.5468811243770806e-04         1.0558673414663995e-03        -4.3885671864613979e-03        -9.1059802553612561e-04        -1.0897971984989568e-03         2.3694845694808130e-02
18                                     1.6527312278504917e-03        -1.4572269139397089e-03         1.1804966416954726e-03        -1.8406006211561965e-05        -1.8467408008984020e-02        -2.6114099978938387e-02        -1.0619806625498988e-03         1.8800488361420285e-03
19                                    -1.6548108271458469e-03        -6.3848917647778280e-04         1.7085293038233619e-03         4.5954276196088746e-05        -4.7528184917514926e-03        -1.8090814829236756e-03        -1.0271904179278875e-03         4.7433087183605194e-04
20                                     1.4212738060982223e-04        -4.5278734043364684e-04         8.6018192790046502e-05         1.5788740037803043e-04        -5.8620635370910425e-03        -9.3087819727677677e-03         1.4517703292998051e-03         2.1379333512017724e-03
21                                    -2.5522204201544379e-04        -1.8718588055613987e-02        -7.9041024811149219e-03        -2.3848605515798826e-02         1.4977797366018037e-03        -2.4549922025089645e-05         6.2619526675956622e-05        -3.1556178106644434e-03
22                                     2.7251466304839708e-02        -8.4009556129948891e-03        -1.5691007544789415e-04        -1.0145935870996521e-02        -3.2012803896804129e-04         2.2065386796067183e-04         7.0335936990823075e-04         2.6455589136387910e-03
23                                    -5.5994868060795042e-04        -2.3979080434515035e-03        -1.6171075627442917e-03         1.0502957030512601e-03         2.7857346565003313e-04         3.8412888276157138e-04         1.2012677033702483e-03         1.6192434530117356e-03
                                                        16                          17                          18                          19                          20                          21                          22                          23

0                                      7.1016994189054983e-03        -2.0818796358793239e-02        -3.7855755111116926e-02        -1.4879649907510253e-02         7.5983425344731716e-03         3.1072490838388069e-03        -1.2777214192469003e-03        -2.3175943403695998e-03
1                                     -5.6608875008838183e-02         4.7387576328987428e-02        -1.9815899321284108e-02        -3.0561756092649284e-01         5.8695708619869807e-02        -7.8081149718991941e-04         3.3079131184238185e-03         6.4260179136991710e-04
2                                      4.9878287355093406e-02        -3.1220940666890140e-01         8.7527495049391779e-03         5.8905813384164771e-02        -6.3238108435593576e-02         2.4069054259777140e-02        -1.7875610728472283e-02        -1.4779664864210685e-02
3                                      1.0537924302412094e-03        -7.4973364228148737e-04         1.5692893900699847e-03        -4.5035239693990217e-04         5.1386208735244073e-04        -4.3498755202123811e-02         7.2702265444158157e-03        -3.1845717882698008e-02
4                                      8.9155451345144208e-04         2.7915049078148842e-03         1.9763963941687387e-02        -1.7593773647613449e-02        -1.6772970996878508e-02         7.5503270769623487e-03        -3.7780525572912810e-02         1.5893213961477696e-02
5                                     -2.0218199327326190e-02        -1.8427027694919322e-02        -4.7170365381545547e-03         4.5061700006211389e-03         2.8268860972152157e-03        -3.6339862972287529e-02         1.8624370681190470e-02        -3.2425165302083780e-01
6                                     -5.2540880197162138e-04        -4.3951068865960585e-04        -2.1749281633522666e-03         1.6047678967252756e-03         1.6119902793991926e-03         3.2089694963332600e-03         2.9553904002505944e-03        -9.0880082480334463e-06
7                                      1.6182760160565353e-03         3.3116989979463905e-04         4.2469342093040471e-03        -9.0886790233851060e-04        -2.8206812801805604e-03         9.2702711195282068e-04        -2.1816700380362923e-02         4.2443446596384105e-03
8                                     -4.5224977738677653e-04         1.3994917117427130e-03         1.6527312278504917e-03        -1.6548108271458469e-03         1.4212738060982223e-04        -2.5522204201544379e-04         2.7251466304839708e-02        -5.5994868060795042e-04
9                                     -9.6222475524750193e-04         4.5482287572864988e-04        -1.4572269139397089e-03        -6.3848917647778280e-04        -4.5278734043364684e-04        -1.8718588055613987e-02        -8.4009556129948891e-03        -2.3979080434515035e-03
10                                    -2.8664399904051476e-04         1.5468811243770806e-04         1.1804966416954726e-03         1.7085293038233619e-03         8.6018192790046502e-05        -7.9041024811149219e-03        -1.5691007544789415e-04        -1.6171075627442917e-03
11                                     5.2865158419662997e-04         1.0558673414663995e-03        -1.8406006211561965e-05         4.5954276196088746e-05         1.5788740037803043e-04        -2.3848605515798826e-02        -1.0145935870996521e-02         1.0502957030512601e-03
12                                    -6.2106498533944033e-03        -4.3885671864613979e-03        -1.8467408008984020e-02        -4.7528184917514926e-03        -5.8620635370910425e-03         1.4977797366018037e-03        -3.2012803896804129e-04         2.7857346565003313e-04
13                                     9.3545699880715188e-04        -9.1059802553612561e-04        -2.6114099978938387e-02        -1.8090814829236756e-03        -9.3087819727677677e-03        -2.4549922025089645e-05         2.2065386796067183e-04         3.8412888276157138e-04
14                                    -9.7045301026395039e-03        -1.0897971984989568e-03        -1.0619806625498988e-03        -1.0271904179278875e-03         1.4517703292998051e-03         6.2619526675956622e-05         7.0335936990823075e-04         1.2012677033702483e-03
15                                    -5.3627990387002727e-03         2.3694845694808130e-02         1.8800488361420285e-03         4.7433087183605194e-04         2.1379333512017724e-03        -3.1556178106644434e-03         2.6455589136387910e-03         1.6192434530117356e-03
16                                     5.7047008254296920e-02        -4.7515440488882690e-02         2.2873548891059669e-03        -2.2667245782671472e-03         2.9249253279816093e-02         2.5826375615734701e-03        -1.3300521964661996e-03        -1.8627863233351156e-03
17                                    -4.7515440488882690e-02         3.3233038597173792e-01         2.2686534532844914e-04        -7.1512694658643766e-04        -3.2164113438453981e-03         2.1718897172732861e-03        -1.4267599875652597e-03         1.5689788121805884e-04
18                                     2.2873548891059669e-03         2.2686534532844914e-04         5.6259298867410067e-02         1.8910656283706775e-02        -4.9592914207939511e-03         2.4668110377084777e-04        -6.1869367050337116e-04         1.6384082845492343e-04
19                                    -2.2667245782671472e-03        -7.1512694658643766e-04         1.8910656283706775e-02         3.2590495461415858e-01        -5.9605054974275026e-02        -1.0915807436245645e-04         5.8252461965369051e-04        -3.5028131117115224e-04
20                                     2.9249253279816093e-02        -3.2164113438453981e-03        -4.9592914207939511e-03        -5.9605054974275026e-02         6.1660459059506408e-02        -6.2745823297101478e-04         3.7103594775028193e-04         2.1538951242969229e-04
21                                     2.5826375615734701e-03         2.1718897172732861e-03         2.4668110377084777e-04        -1.0915807436245645e-04        -6.2745823297101478e-04         5.7312281647857524e-02        -2.2475234461941263e-03         3.4638117893498438e-02
22                                    -1.3300521964661996e-03        -1.4267599875652597e-03        -6.1869367050337116e-04         5.8252461965369051e-04         3.7103594775028193e-04        -2.2475234461941263e-03         5.6973096619151647e-02        -1.7418019907325832e-02
23                                    -1.8627863233351156e-03         1.5689788121805884e-04         1.6384082845492343e-04        -3.5028131117115224e-04         2.1538951242969229e-04         3.4638117893498438e-02        -1.7418019907325832e-02         3.3696741576558720e-01
                              

0                             
1                             
2                             
3                             
4                             
5                             
6                             
7                             
8                             
9                             
10                            
11                            
12                            
13                            
14                            
15                            
16                            
17                            
18                            
19                            
20                            
21                            
22                            
23                            
   &MODES [&Type "ArrayOfDoubles", &Dim (24,24)] "The modes of vibrations"
                                                         0                           1                           2                           3                           4                           5                           6                           7

0                                      1.0000000000000000e+00         2.0000000000000000e+00         3.0000000000000000e+00         4.0000000000000000e+00         5.0000000000000000e+00         6.0000000000000000e+00         7.0000000000000000e+00         0.0000000000000000e+00
1                                      0.0000000000000000e+00         0.0000000000000000e+00         0.0000000000000000e+00         0.0000000000000000e+00         0.0000000000000000e+00         1.4130881000337011e-02         6.5866137866617122e-03         1.0000000000000000e+00
2                                      0.0000000000000000e+00         0.0000000000000000e+00         0.0000000000000000e+00         0.0000000000000000e+00         0.0000000000000000e+00         7.9332420733601056e-02         2.2695620678939415e-02         2.0000000000000000e+00
3                                      0.0000000000000000e+00         0.0000000000000000e+00         0.0000000000000000e+00         0.0000000000000000e+00         0.0000000000000000e+00        -9.8224163468104600e-02        -1.3437318801077769e-01         3.0000000000000000e+00
4                                      0.0000000000000000e+00         0.0000000000000000e+00         0.0000000000000000e+00         0.0000000000000000e+00         0.0000000000000000e+00         2.2422217174672115e-02         1.4828555570043396e-02         4.0000000000000000e+00
5                                      0.0000000000000000e+00         0.0000000000000000e+00         0.0000000000000000e+00         0.0000000000000000e+00         0.0000000000000000e+00         3.6204089729391063e-02        -4.9070200048822357e-02         5.0000000000000000e+00
6                                      0.0000000000000000e+00         0.0000000000000000e+00         0.0000000000000000e+00         0.0000000000000000e+00         0.0000000000000000e+00        -4.1301065636975699e-02        -6.2534162362726131e-02         6.0000000000000000e+00
