*************************************************
******************* ORCA 6.0.0 ******************
*************************************************
$Calculation_Status
   &GeometryIndex 1
   &ListStatus       OUT
   &VERSION [&Type "String"] "6.0.0"
   &PROGNAME [&Type "String"] "LeanSCF"
   &STATUS [&Type "String"] "NORMAL TERMINATION"
$End
$Geometry
   &GeometryIndex 1
   &ListStatus       OUT
   &NATOMS [&Type "Integer"] 11
   &NCORELESSECP [&Type "Integer"] 0
   &NGHOSTATOMS [&Type "Integer"] 0
   &CartesianCoordinates [&Type "Coordinates", &Dim(11,4), &Units "Bohr"] 
              C     -6.914972198548   -0.046994444791    0.000096532124
              C     -4.201163881079    0.957452082503   -0.000118063475
              C     -2.374963728384   -1.238903918228    0.000022912173
              I      1.582444826545    0.038709335509   -0.000094230816
              H     -8.262397636788    1.521733283614   -0.000018747973
              H     -7.280418951294   -1.205246556534   -1.675008302885
              H     -7.280297056588   -1.204900707739    1.675466923166
              H     -3.885089806314    2.139172586697    1.668348110147
              H     -3.885221493391    2.138818316715   -1.668858471696
              H     -2.520172801630   -2.405761101257   -1.690814233429
              H     -2.519927486454   -2.405346097178    1.691173583751
$End
$SCF_Energy
   &GeometryIndex 1
   &ListStatus       OUT
   &SCF_ENERGY [&Type "Double"]      -4.1632882833316864e+02
$End
$DFT_Energy
   &GeometryIndex 1
   &ListStatus       OUT
   &NALPHAEL [&Type "Integer"] 25
   &NBETAEL [&Type "Integer"] 25
   &NTOTALEL [&Type "Integer"] 50
   &EEXCHANGE [&Type "Double"]      -3.9342770538420922e+01
   &ECORR [&Type "Double"]      -1.8256826778527893e+00
   &ECNL [&Type "Double"]       0.0000000000000000e+00
   &EXC [&Type "Double"]      -4.1168453216273711e+01
   &EEMBED [&Type "Double"]       0.0000000000000000e+00
   &FINALEN [&Type "Double"]      -4.1632882833316864e+02  "No Van der Waals correction"
$End
$Mulliken_Population_Analysis
   &GeometryIndex 1
   &ListStatus       OUT
   &NATOMS [&Type "Integer"] 11
   &ATNO [&Type "ArrayOfIntegers", &Dim (11,1)] 
                                                         0

0                                                        6
1                                                        6
2                                                        6
3                                                       53
4                                                        1
5                                                        1
6                                                        1
7                                                        1
8                                                        1
9                                                        1
10                                                       1
   &ATOMICCHARGES [&Type "ArrayOfDoubles", &Dim (11,1)] 
                                                         0

0                                     -3.2339334633885208e-01
1                                     -1.4522171227948455e-01
2                                     -1.9602833043490975e-01
3                                     -1.3599682908292721e-01
4                                      1.1638075396928271e-01
5                                      1.0598605116125670e-01
6                                      1.0598731598513234e-01
7                                      1.0356312614081054e-01
8                                      1.0356081840074216e-01
9                                      1.3258072779488150e-01
10                                     1.3258142468400003e-01
$End
$Loewdin_Population_Analysis
   &GeometryIndex 1
   &ListStatus       OUT
   &NATOMS [&Type "Integer"] 11
   &ATNO [&Type "ArrayOfIntegers", &Dim (11,1)] 
                                                         0

0                                                        6
1                                                        6
2                                                        6
3                                                       53
4                                                        1
5                                                        1
6                                                        1
7                                                        1
8                                                        1
9                                                        1
10                                                       1
   &ATOMICCHARGES [&Type "ArrayOfDoubles", &Dim (11,1)] 
                                                         0

0                                     -3.0355086897040451e-01
1                                     -3.3237343246371687e-01
2                                     -4.2623456487239331e-01
3                                      1.7442813698795590e-01
4                                      1.2309062640256896e-01
5                                      1.1942680304556674e-01
6                                      1.1942685941574249e-01
7                                      1.3693939689873869e-01
8                                      1.3693961239880226e-01
9                                      1.2595297759418489e-01
10                                     1.2595445356284385e-01
$End
$Mayer_Population_Analysis
   &GeometryIndex 1
   &ListStatus       OUT
   &NATOMS [&Type "Integer"] 11 "Total number of atoms"
   &BONDTHRESH [&Type "Double"]       1.0000000000000001e-01  "The threshold for printing"
   &NBONDORDERSPRINT [&Type "Integer"] 10 "The number of bond orders larger than threshold"
   &BONDORDERS [&Type "ArrayOfDoubles", &Dim (10,1)] "The bond orders"
                                                         0

0                                      9.5208962194226032e-01
1                                      9.7011798643563785e-01
2                                      9.7461247311251520e-01
3                                      9.7461245323569656e-01
4                                      9.9180263021757054e-01
5                                      9.6507936922351134e-01
6                                      9.6507898913901091e-01
7                                      1.0134531381008522e+00
8                                      9.5478898563254400e-01
9                                      9.5479224810779684e-01
   &COMPONENTS [&Type "ArrayOfIntegers", &Dim (10,4)] "The indices and atomic numbers of the bonding atoms"
                                                         0                           1                           2                           3

0                                                        0                           6                           1                           6
1                                                        0                           6                           4                           1
2                                                        0                           6                           5                           1
3                                                        0                           6                           6                           1
4                                                        1                           6                           2                           6
5                                                        1                           6                           7                           1
6                                                        1                           6                           8                           1
7                                                        2                           6                           3                          53
8                                                        2                           6                           9                           1
9                                                        2                           6                          10                           1
   &ATNO [&Type "ArrayOfIntegers", &Dim (11,1)] "Atomic number of the elements"
                                                         0

0                                                        6
1                                                        6
2                                                        6
3                                                       53
4                                                        1
5                                                        1
6                                                        1
7                                                        1
8                                                        1
9                                                        1
10                                                       1
   &NA [&Type "ArrayOfDoubles", &Dim (11,1)] "Mulliken gross atomic population"
                                                         0

0                                      6.3233933463388672e+00
1                                      6.1452217122794908e+00
2                                      6.1960283304349018e+00
3                                      2.5135996829082885e+01
4                                      8.8361924603071618e-01
5                                      8.9401394883874374e-01
6                                      8.9401268401486855e-01
7                                      8.9643687385918880e-01
8                                      8.9643918159925706e-01
9                                      8.6741927220511783e-01
10                                     8.6741857531599986e-01
   &ZA [&Type "ArrayOfDoubles", &Dim (11,1)] "Total nuclear charge"
                                                         0

0                                      6.0000000000000000e+00
1                                      6.0000000000000000e+00
2                                      6.0000000000000000e+00
3                                      2.5000000000000000e+01
4                                      1.0000000000000000e+00
5                                      1.0000000000000000e+00
6                                      1.0000000000000000e+00
7                                      1.0000000000000000e+00
8                                      1.0000000000000000e+00
9                                      1.0000000000000000e+00
10                                     1.0000000000000000e+00
   &QA [&Type "ArrayOfDoubles", &Dim (11,1)] "Mulliken gross atomic charge"
                                                         0

0                                     -3.2339334633886718e-01
1                                     -1.4522171227949077e-01
2                                     -1.9602833043490175e-01
3                                     -1.3599682908288457e-01
4                                      1.1638075396928382e-01
5                                      1.0598605116125626e-01
6                                      1.0598731598513145e-01
7                                      1.0356312614081120e-01
8                                      1.0356081840074294e-01
9                                      1.3258072779488217e-01
10                                     1.3258142468400014e-01
   &VA [&Type "ArrayOfDoubles", &Dim (11,1)] "Mayer's total valence"
                                                         0

0                                      3.9092079093094787e+00
1                                      3.8804196900104597e+00
2                                      3.9264932984027006e+00
3                                      1.0690378239406508e+00
4                                      9.7984844544790395e-01
5                                      9.8010988346263872e-01
6                                      9.8011021799372899e-01
7                                      9.7760004880800389e-01
8                                      9.7760086958611014e-01
9                                      9.6205188556941368e-01
10                                     9.6205277704375236e-01
   &BVA [&Type "ArrayOfDoubles", &Dim (11,1)] "Mayer's bonded valence"
                                                         0

0                                      3.9092079093094871e+00
1                                      3.8804196900103469e+00
2                                      3.9264932984027041e+00
3                                      1.0690378239409497e+00
4                                      9.7984844544790273e-01
5                                      9.8010988346263839e-01
6                                      9.8011021799373022e-01
7                                      9.7760004880800022e-01
8                                      9.7760086958610382e-01
9                                      9.6205188556942245e-01
10                                     9.6205277704374792e-01
   &FA [&Type "ArrayOfDoubles", &Dim (11,1)] "Mayer's free valence"
                                                         0

0                                      0.0000000000000000e+00
1                                      0.0000000000000000e+00
2                                      0.0000000000000000e+00
3                                      0.0000000000000000e+00
4                                      0.0000000000000000e+00
5                                      0.0000000000000000e+00
6                                      0.0000000000000000e+00
7                                      0.0000000000000000e+00
8                                      0.0000000000000000e+00
9                                      0.0000000000000000e+00
10                                     0.0000000000000000e+00
$End
$VdW_Correction
   &GeometryIndex 1
   &ListStatus       OUT
   &VDW [&Type "Double"]      -2.4319384185467040e-03
$End
$Calculation_Info
   &GeometryIndex 1
   &ListStatus       OUT
   &MULT [&Type "Integer"] 1
   &CHARGE [&Type "Integer"] 0
   &NUMOFATOMS [&Type "Integer"] 11
   &NUMOFELECTRONS [&Type "Integer"] 50
   &NUMOFFCELECTRONS [&Type "Integer"] 1
   &NUMOFCORRELECTRONS [&Type "Integer"] 0
   &NUMOFBASISFUNCTS [&Type "Integer"] 185
   &NUMOFAUXCBASISFUNCTS [&Type "Integer"] 0
   &NUMOFAUXJBASISFUNCTS [&Type "Integer"] 225
   &NUMOFAUXJKBASISFUNCTS [&Type "Integer"] 0
   &NUMOFCABSBASISFUNCTS [&Type "Integer"] 0
   &TOTALENERGY [&Type "Double"]      -4.1632639963218719e+02  "Hartrees"
$End
$SCF_Dipole_Moment
   &GeometryIndex 1
   &ListStatus       OUT
   &METHOD [&Type "String"] "SCF"
   &LEVEL [&Type "String"] "Relaxed density"
   &MULT [&Type "Integer"] 1
   &STATE [&Type "Integer"] -1
   &IRREP [&Type "Integer"] 0
   &NATOMS [&Type "Integer"] 11
   &DODIPOLEATOM [&Type "Boolean"] false
   &DIPOLEELECCONTRIB [&Type "ArrayOfDoubles", &Dim (3,1)] "Electronic contribution"
                                                         0

0                                      7.6932899061794060e+01
1                                      2.1414021045020912e+00
2                                     -1.3321005452183413e-03
   &DIPOLENUCCONTRIB [&Type "ArrayOfDoubles", &Dim (3,1)] "Nuclear contribution"
                                                         0

0                                     -7.7857897480701737e+01
1                                     -2.2875080270256256e+00
2                                      1.3681072019358087e-03
   &DIPOLETOTAL [&Type "ArrayOfDoubles", &Dim (3,1)] "Total"
                                                         0

0                                     -9.2499841890767698e-01
1                                     -1.4610592252353438e-01
2                                      3.6006656717467401e-05
   &DIPOLEMAGNITUDE [&Type "Double", &Units "a.u."]       9.3646623904689419e-01
$End
$THERMOCHEMISTRY_Energies
   &GeometryIndex 1
   &ListStatus       OUT
   &TEMPERATURE [&Type "Double"]       2.9814999999999998e+02
   &PRESSURE [&Type "Double"]       1.0000000000000000e+00
   &TOTALMASS [&Type "Double"]       1.6998900000000000e+02
   &SPINDEGENERACY [&Type "Integer"] 1
   &ELENERGY [&Type "Double"]      -4.1632639963218719e+02
   &TRANSENERGY [&Type "Double"]       1.4162714244859817e-03
   &ROTENERGY [&Type "Double"]       1.4162714244859817e-03
   &VIBENERGY [&Type "Double"]       2.7628971939886874e-03
   &NUMOFFREQS [&Type "Integer"] 33
   &FREQSCALINGFACTOR [&Type "Double"]       1.0000000000000000e+00
   &FREQ [&Type "ArrayOfDoubles", &Dim (33,1)] "In cm^-1"
                                                         0

0                                      0.0000000000000000e+00
1                                      0.0000000000000000e+00
2                                      0.0000000000000000e+00
3                                      0.0000000000000000e+00
4                                      0.0000000000000000e+00
5                                      0.0000000000000000e+00
6                                      1.1488817842331528e+02
7                                      1.9413269554563817e+02
8                                      2.5683844614178122e+02
9                                      2.7749394100334820e+02
10                                     5.8101674225606507e+02
11                                     7.4347202530122092e+02
12                                     8.3896913548831003e+02
13                                     9.0629919949811347e+02
14                                     1.0197287300514436e+03
15                                     1.0199844644974852e+03
16                                     1.1046244580342079e+03
17                                     1.1958042307165722e+03
18                                     1.2360398684900952e+03
19                                     1.3167386578996286e+03
20                                     1.3400657797873253e+03
21                                     1.3985089571130497e+03
22                                     1.4689924287375636e+03
23                                     1.4844148498097979e+03
24                                     1.4912156586229082e+03
25                                     1.4998545538326466e+03
26                                     3.0062476539868608e+03
27                                     3.0274833574707618e+03
28                                     3.0665923512974123e+03
29                                     3.0778424815853296e+03
30                                     3.0898591746084348e+03
31                                     3.0919457623056751e+03
32                                     3.1545369332714631e+03
   &ZPE [&Type "Double"]       9.3413053063484519e-02
   &INNERENERGYU [&Type "Double"]      -4.1622739113908074e+02
   &ENTHALPYH [&Type "Double"]      -4.1622644693003849e+02
   &QEL [&Type "Double"]       0.0000000000000000e+00
   &QROT [&Type "Double"]       1.2589791323079070e-02
   &QVIB [&Type "Double"]       4.7183068296444107e-03
   &QTRANS [&Type "Double"]       1.9622664104506301e-02
   &ENTROPYS [&Type "Double"]       3.6930762257229785e-02
   &FREEENERGYG [&Type "Double"]      -4.1626337769229571e+02
   &ISLINEAR [&Type "Boolean"] false
$End
$Hessian
   &GeometryIndex 1
   &ListStatus       OUT
   &HESSIAN [&Type "ArrayOfDoubles", &Dim (33,33)] "The Hessian"
                                                         0                           1                           2                           3                           4                           5                           6                           7

0                                      4.6127516371049415e-01        -3.9517635016469724e-02         7.2855968103093926e-06        -1.5940083619000700e-01        -3.8505318780673731e-02         7.3861976152779742e-06        -3.3737426405426076e-02         6.8610360926697408e-04
1                                     -3.9517635016469724e-02         5.4547347068893015e-01         2.2169796135845668e-06        -3.2918734203301200e-02        -8.9774705823999990e-02         2.2850868091249779e-06         1.6947379553838078e-02         7.6059523574757495e-03
2                                      7.2855968103093926e-06         2.2169796135845668e-06         5.5922657328255765e-01         6.6909397597450710e-06         2.5332987086827542e-06        -7.8354533040323693e-02        -6.6268572713885879e-07        -8.1544293333548270e-07
3                                     -1.5940083619000700e-01        -3.2918734203301200e-02         6.6909397597450710e-06         4.1760443120405127e-01         1.7395114367553890e-02         5.8896256656445350e-06        -9.9416548784154679e-02         6.7746454657718988e-02
4                                     -3.8505318780673731e-02        -8.9774705823999990e-02         2.5332987086827542e-06         1.7395114367553890e-02         5.3053235088684181e-01         7.8969469598684505e-06         6.2969398724002257e-02        -1.5435848079488490e-01
5                                      7.3861976152779742e-06         2.2850868091249779e-06        -7.8354533040323693e-02         5.8896256656445350e-06         7.8969469598684505e-06         5.9968057415082232e-01        -5.9146300049598163e-06         3.3105928713806577e-06
6                                     -3.3737426405426076e-02         1.6947379553838078e-02        -6.6268572713885879e-07        -9.9416548784154679e-02         6.2969398724002257e-02        -5.9146300049598163e-06         2.5460146550129009e-01        -5.0189320134094897e-02
7                                      6.8610360926697408e-04         7.6059523574757495e-03        -8.1544293333548270e-07         6.7746454657718988e-02        -1.5435848079488490e-01         3.3105928713806577e-06        -5.0189320134094897e-02         4.7182495153410131e-01
8                                      1.3824272240391200e-06        -1.5757317639527868e-06        -2.7794362695745048e-04        -5.9298513759112017e-06         4.3629418395733033e-06        -8.2684528818959574e-02         3.0366660453468378e-05         2.2103921713256813e-05
9                                     -1.2605610040943085e-03         8.0462661529883059e-03        -6.8738117557326701e-07        -2.8769570767650528e-02        -1.1216433084731926e-02         2.2170416143943210e-06        -5.1050031646718480e-02        -1.8042165815966182e-02
10                                     1.0539460687143160e-03         4.3697230747559391e-05         1.3500841853004031e-07         7.5129672259878783e-03         4.2699068702323510e-03        -9.3484748441920509e-07        -1.5979761382883446e-02        -2.6198518755480335e-02
11                                    -4.1372778101034829e-08         6.8998653420571294e-08         7.5924136839116666e-04        -6.2225924611553077e-07        -3.0205005003625947e-07        -3.4387041348748863e-04         2.3733602797408892e-06         5.9909954743906054e-07
12                                    -1.5129099076360558e-01         1.2913888518799821e-01        -9.5901294717213737e-06        -2.1344995114953268e-02         2.4656962080247372e-02        -1.7401253096663310e-06        -3.6132282003186172e-03        -3.9646082388669250e-03
13                                     1.2971276249176950e-01        -1.9978441942732639e-01         1.1465305895137933e-05        -1.0150126462751281e-02         9.9626494701346904e-03        -7.9519898571858765e-07        -1.0038666813027364e-03        -4.6479565449921486e-04
14                                    -9.7275959046045818e-06         1.1578519931889043e-05        -4.5683250877745024e-02         1.8812365466981513e-06        -2.1041494845656899e-06        -1.4573673004709461e-03         2.2138751371532340e-07         2.3511812530648530e-07
15                                    -5.2262886463686889e-02        -2.2625646159267127e-02        -3.3166112239133946e-02        -6.8352101185265527e-03        -1.7629621175952643e-02        -2.7029100346465412e-02         1.1226861726835176e-03        -1.6356122598958013e-03
16                                    -2.2829481841655341e-02        -1.2590865156978120e-01        -1.1630192019246924e-01        -2.3122023293400164e-03        -8.1299200648574047e-03        -9.6360442082971173e-03         1.0016082958804800e-03         5.3731108615518493e-04
17                                    -3.3799605365729117e-02        -1.1660985207788299e-01        -2.1897735328616677e-01        -4.5567960725515291e-04         8.1117106081728108e-04         6.6300380389202923e-04         4.4743417723245270e-04        -7.4355015418643700e-05
18                                    -5.2258195508423796e-02        -2.2610243610105569e-02         3.3158534443408980e-02        -6.8329298489734173e-03        -1.7623827355995689e-02         2.7033262262776241e-02         1.1229500312192513e-03        -1.6353447520670388e-03
19                                    -2.2814015270617643e-02        -1.2586092853521172e-01         1.1628460821343782e-01        -2.3112108533473869e-03        -8.1278934774478735e-03         9.6379599686407750e-03         1.0014347126141064e-03         5.3713471995989887e-04
20                                     3.3792070465025331e-02         1.1659235565728113e-01        -2.1903064130785163e-01         4.5667126931451738e-04        -8.0813686465456387e-04         6.5913063783081070e-04        -4.4769065941988213e-04         7.4408845643676377e-05
21                                    -7.5272583626408655e-03        -1.8736894307040609e-02        -2.6266288504327259e-02        -4.9340753865933569e-02        -2.2348455996102787e-02        -3.1827096363386015e-02         1.4460457706117445e-04         1.4369537275196470e-02
22                                    -2.9051513745388825e-03        -6.6043961951470394e-03        -8.2676615042743609e-03        -2.0204635020211061e-02        -1.2768665371554980e-01        -1.1466507593991092e-01        -3.0242198944376193e-03        -1.6857767911211408e-02
23                                     1.6163105351609149e-04         9.9947236384790965e-04         9.5163966133787531e-04        -3.0502800509139141e-02        -1.1638059248883992e-01        -2.2035713371514112e-01         1.2239927971070125e-04         1.7485586771824255e-04
24                                    -7.5251664468744279e-03        -1.8731640458217996e-02         2.6271024080825000e-02        -4.9335353032294763e-02        -2.2332628442227304e-02         3.1818152204274953e-02         1.4254816978862689e-04         1.4365628194233577e-02
25                                    -2.9044747814966519e-03        -6.6029097070613970e-03         8.2695947166910484e-03        -2.0189480262477889e-02        -1.2763793384144279e-01         1.1464747488937065e-01        -3.0217009343771195e-03        -1.6853478820100916e-02
26                                    -1.6043533443134590e-04        -9.9644028415345979e-04         9.4784226618770757e-04         3.0493767595189569e-02         1.1636296493208564e-01        -2.2041152967900468e-01        -1.2215749337535567e-04        -1.7218961917338065e-04
27                                     1.9941330201495924e-03         5.1411694397624202e-04         6.2121102714229892e-04         1.8368530738875300e-03         1.2216948510723776e-02         1.7471313536481875e-02        -3.4662023146275492e-02        -1.0923707953267294e-02
28                                    -9.9814171946299279e-04         7.0643105750344687e-04         5.8606230938084303e-05        -2.1828900210540993e-03        -1.4526831116478865e-02        -2.2198209030445309e-02        -4.3003043833872937e-03        -1.3291795003776069e-01
29                                     4.7622313418180934e-05         2.5927323872450368e-04         2.1913617662595451e-04        -5.8816708097951184e-04         1.1147460005528076e-03         1.3045392859499638e-03        -1.5825214892225131e-02        -1.2516367961723973e-01
30                                     1.9940244141151598e-03         5.1384352428115228e-04        -6.2137376200674095e-04         1.8349134445549541e-03         1.2213303518180667e-02        -1.7474432294846617e-02        -3.4654996269149321e-02        -1.0899403185157686e-02
31                                    -9.9829099351559638e-04         7.0645992387088907e-04        -5.8724200572288178e-05        -2.1806994638017066e-03        -1.4522488392547071e-02         2.2202265585608921e-02        -4.2782092729519803e-03        -1.3285435772375465e-01
32                                    -4.7599770870020326e-05        -2.5942116451481336e-04         2.1928938394420098e-04         5.8836153310394546e-04        -1.1126734730719998e-03         1.3017150888922889e-03         1.5798816765723901e-02         1.2513545907272050e-01
                                                         8                           9                          10                          11                          12                          13                          14                          15

0                                      1.3824272240391200e-06        -1.2605610040943085e-03         1.0539460687143160e-03        -4.1372778101034829e-08        -1.5129099076360558e-01         1.2971276249176950e-01        -9.7275959046045818e-06        -5.2262886463686889e-02
1                                     -1.5757317639527868e-06         8.0462661529883059e-03         4.3697230747559391e-05         6.8998653420571294e-08         1.2913888518799821e-01        -1.9978441942732639e-01         1.1578519931889043e-05        -2.2625646159267127e-02
2                                     -2.7794362695745048e-04        -6.8738117557326701e-07         1.3500841853004031e-07         7.5924136839116666e-04        -9.5901294717213737e-06         1.1465305895137933e-05        -4.5683250877745024e-02        -3.3166112239133946e-02
3                                     -5.9298513759112017e-06        -2.8769570767650528e-02         7.5129672259878783e-03        -6.2225924611553077e-07        -2.1344995114953268e-02        -1.0150126462751281e-02         1.8812365466981513e-06        -6.8352101185265527e-03
4                                      4.3629418395733033e-06        -1.1216433084731926e-02         4.2699068702323510e-03        -3.0205005003625947e-07         2.4656962080247372e-02         9.9626494701346904e-03        -2.1041494845656899e-06        -1.7629621175952643e-02
5                                     -8.2684528818959574e-02         2.2170416143943210e-06        -9.3484748441920509e-07        -3.4387041348748863e-04        -1.7401253096663310e-06        -7.9519898571858765e-07        -1.4573673004709461e-03        -2.7029100346465412e-02
6                                      3.0366660453468378e-05        -5.1050031646718480e-02        -1.5979761382883446e-02         2.3733602797408892e-06        -3.6132282003186172e-03        -1.0038666813027364e-03         2.2138751371532340e-07         1.1226861726835176e-03
7                                      2.2103921713256813e-05        -1.8042165815966182e-02        -2.6198518755480335e-02         5.9909954743906054e-07        -3.9646082388669250e-03        -4.6479565449921486e-04         2.3511812530648530e-07        -1.6356122598958013e-03
8                                      5.8128540831561004e-01         1.5792271738758772e-06         4.3308753484783268e-07        -2.0079721188953539e-02         5.3548479232136069e-07         1.5985840438255400e-07         2.4043796954853957e-04        -1.3131308280889334e-03
9                                      1.5792271738758772e-06         1.1031373022574652e-01         3.0766361653030795e-02        -5.8085087918796630e-06        -2.1381955347894261e-03        -1.0365661436192929e-03         1.9984103401366625e-07         3.8839813591205139e-04
10                                     4.3308753484783268e-07         3.0766361653030795e-02         2.6137738862400259e-02        -2.4202249339628883e-06         2.9318947977922559e-04         1.0119551944667117e-04         1.0495485713655766e-08         2.7521975230430137e-04
11                                    -2.0079721188953539e-02        -5.8085087918796630e-06        -2.4202249339628883e-06         1.3009818487574631e-02         2.1531997541034407e-09         8.1617416091777882e-09         2.9328813481241221e-04         3.4198966657115440e-04
12                                     5.3548479232136069e-07        -2.1381955347894261e-03         2.9318947977922559e-04         2.1531997541034407e-09         1.6884111690886500e-01        -1.3971366046958741e-01         1.0009954318813675e-05         3.5390248082767146e-03
13                                     1.5985840438255400e-07        -1.0365661436192929e-03         1.0119551944667117e-04         8.1617416091777882e-09        -1.3971366046958741e-01         2.1456589685737651e-01        -1.2639592390889623e-05         1.0529215561649539e-02
14                                     2.4043796954853957e-04         1.9984103401366625e-07         1.0495485713655766e-08         2.9328813481241221e-04         1.0009954318813675e-05        -1.2639592390889623e-05         4.5330784379030820e-02         1.7821991919008389e-02
15                                    -1.3131308280889334e-03         3.8839813591205139e-04         2.7521975230430137e-04         3.4198966657115440e-04         3.5390248082767146e-03         1.0529215561649539e-02         1.7821991919008389e-02         5.9407244313871559e-02
16                                     7.6812473392041340e-04        -3.1816278140160475e-05         1.8228714033128863e-05         1.3816929014363484e-04        -5.1387086068530284e-03        -1.2934143658595292e-02        -2.0010761999684056e-02         2.8229216512938672e-02
17                                     2.1524735349720938e-04        -1.1264209314476332e-04         1.6035394192356807e-04         9.8538121165598711e-05         3.5760852859040640e-04         1.5904649500992907e-03         3.7255381759453967e-04         3.8075264042593898e-02
18                                     1.3134003572938938e-03         3.8839903143280351e-04         2.7512010590250910e-04        -3.4205053925886797e-04         3.5376550374017169e-03         1.0525348897725509e-02        -1.7824414629267066e-02        -3.0021992017052919e-04
19                                    -7.6826890717961215e-04        -3.1788868127371138e-05         1.8148632515951050e-05        -1.3815177857672543e-04        -5.1372689243491879e-03        -1.2930273431295439e-02         2.0013809711103461e-02         3.6136273756680530e-03
20                                     2.1530748909211216e-04         1.1262304439390084e-04        -1.6035057299260412e-04         9.8627611512296071e-05        -3.5677625158487408e-04        -1.5884962622266310e-03         3.7017004234351321e-04         3.9893349898012095e-03
21                                     1.9771701316755166e-02         1.3016771217283819e-03         2.8413036466214050e-04         3.3587533308935072e-04         1.0920713228237898e-03         6.8092803044428004e-04        -1.4158375951345671e-04        -5.9832353998497782e-03
22                                    -2.2332162844627204e-02         7.9597348520831814e-05         6.9891469282129027e-04         4.7949275003788248e-04         1.0365618889655089e-04         6.0560087798137031e-04         3.6800012052255206e-04        -1.9029240735034276e-03
23                                     1.1928237685332601e-04         2.5526049490028589e-04         4.5843485033789035e-04         2.0055509432614273e-04        -5.8449924864028072e-04         7.2662469021936987e-05         7.2165392872044668e-05         4.0171198930639192e-04
24                                    -1.9775036851342728e-02         1.3020688561515628e-03         2.8393046331203029e-04        -3.3584023313339151e-04         1.0921829077260572e-03         6.8097105327190213e-04         1.4137549454201911e-04         1.3673713947407009e-03
25                                     2.2336533286791395e-02         7.9540477897124991e-05         6.9876495938738100e-04        -4.7963072229666843e-04         1.0375620980379585e-04         6.0553260468287212e-04        -3.6813522346472287e-04         3.1972458342824491e-04
26                                     1.1633228370184947e-04        -2.5540521238749496e-04        -4.5849295504326991e-04         2.0073868233345450e-04         5.8440206411058612e-04        -7.2844714201549324e-05         7.2205013931533625e-05         3.5164664624074554e-04
27                                    -2.2470683035239039e-02        -1.5235700262427520e-02        -1.2345762474716807e-02        -1.1740463191380997e-02         1.4268196552316026e-04        -1.2863571214283043e-04        -1.5497109322801461e-04        -3.9729031982931636e-04
28                                    -1.2809082841200292e-01        -4.3416086693293951e-03        -2.8937477564902649e-03        -2.8141458386342442e-03        -1.5493403300624381e-04         1.3646121151030628e-04         3.8046384640983224e-04         6.9102536941274362e-04
29                                    -2.3954268981448809e-01         2.4853002771137184e-03         2.5608287962548496e-03         2.8818585790724716e-03         1.2880370450134293e-04         2.4153274921166583e-04         1.9440341489834851e-04         5.0065939926810456e-04
30                                     2.2445843822192335e-02        -1.5240214155291046e-02        -1.2346408168520884e-02         1.1744658384538791e-02         1.4267666305042121e-04        -1.2861762067789388e-04         1.5502807236743939e-04        -4.5882603421468851e-05
31                                     1.2806118524179511e-01        -4.3443198600947829e-03        -2.8943289696139961e-03         2.8163274465217445e-03        -1.5502181884159390e-04         1.3629563058388874e-04        -3.8045747199840207e-04         1.3888620222454729e-04
32                                    -2.3960713233894440e-01        -2.4827095238199159e-03        -2.5580127116552370e-03         2.8809255232528520e-03        -1.2876696192462914e-04        -2.4151710112535300e-04         1.9461001318421556e-04         2.6090186771910969e-05
                                                        16                          17                          18                          19                          20                          21                          22                          23

0                                     -2.2829481841655341e-02        -3.3799605365729117e-02        -5.2258195508423796e-02        -2.2814015270617643e-02         3.3792070465025331e-02        -7.5272583626408655e-03        -2.9051513745388825e-03         1.6163105351609149e-04
1                                     -1.2590865156978120e-01        -1.1660985207788299e-01        -2.2610243610105569e-02        -1.2586092853521172e-01         1.1659235565728113e-01        -1.8736894307040609e-02        -6.6043961951470394e-03         9.9947236384790965e-04
2                                     -1.1630192019246924e-01        -2.1897735328616677e-01         3.3158534443408980e-02         1.1628460821343782e-01        -2.1903064130785163e-01        -2.6266288504327259e-02        -8.2676615042743609e-03         9.5163966133787531e-04
3                                     -2.3122023293400164e-03        -4.5567960725515291e-04        -6.8329298489734173e-03        -2.3112108533473869e-03         4.5667126931451738e-04        -4.9340753865933569e-02        -2.0204635020211061e-02        -3.0502800509139141e-02
4                                     -8.1299200648574047e-03         8.1117106081728108e-04        -1.7623827355995689e-02        -8.1278934774478735e-03        -8.0813686465456387e-04        -2.2348455996102787e-02        -1.2768665371554980e-01        -1.1638059248883992e-01
