*************************************************
******************* ORCA 6.0.0 ******************
*************************************************
$Calculation_Status
   &GeometryIndex 1
   &ListStatus       OUT
   &VERSION [&Type "String"] "6.0.0"
   &PROGNAME [&Type "String"] "LeanSCF"
   &STATUS [&Type "String"] "NORMAL TERMINATION"
$End
$Geometry
   &GeometryIndex 1
   &ListStatus       OUT
   &NATOMS [&Type "Integer"] 11
   &NCORELESSECP [&Type "Integer"] 0
   &NGHOSTATOMS [&Type "Integer"] 0
   &CartesianCoordinates [&Type "Coordinates", &Dim(11,4), &Units "Bohr"] 
              C     -5.148947744846   -1.735964172288   -0.310392149593
              C     -4.368720190023    0.830144195195    0.740196972123
              C     -2.130292461804    2.017393935445   -0.588048596234
              I      1.396630445922   -0.098051661497   -0.008349088416
              H     -3.634710019313   -3.121839401979   -0.068128765250
              H     -6.830663257611   -2.446551744470    0.656893291978
              H     -5.578065499236   -1.607320289799   -2.330863329436
              H     -3.985426145384    0.695710455072    2.769955037763
              H     -5.943388219239    2.172619157944    0.526104175942
              H     -1.692602425145    3.900486709038    0.117897712187
              H     -2.362148207999    2.067496336841   -2.635228893512
$End
$SCF_Energy
   &GeometryIndex 1
   &ListStatus       OUT
   &SCF_ENERGY [&Type "Double"]      -4.1632907771478591e+02
$End
$DFT_Energy
   &GeometryIndex 1
   &ListStatus       OUT
   &NALPHAEL [&Type "Integer"] 25
   &NBETAEL [&Type "Integer"] 25
   &NTOTALEL [&Type "Integer"] 50
   &EEXCHANGE [&Type "Double"]      -3.9342995125919757e+01
   &ECORR [&Type "Double"]      -1.8268300532296835e+00
   &ECNL [&Type "Double"]       0.0000000000000000e+00
   &EXC [&Type "Double"]      -4.1169825179149441e+01
   &EEMBED [&Type "Double"]       0.0000000000000000e+00
   &FINALEN [&Type "Double"]      -4.1632907771478591e+02  "No Van der Waals correction"
$End
$Mulliken_Population_Analysis
   &GeometryIndex 1
   &ListStatus       OUT
   &NATOMS [&Type "Integer"] 11
   &ATNO [&Type "ArrayOfIntegers", &Dim (11,1)] 
                                                         0

0                                                        6
1                                                        6
2                                                        6
3                                                       53
4                                                        1
5                                                        1
6                                                        1
7                                                        1
8                                                        1
9                                                        1
10                                                       1
   &ATOMICCHARGES [&Type "ArrayOfDoubles", &Dim (11,1)] 
                                                         0

0                                     -3.3581374969146172e-01
1                                     -1.3457491942326349e-01
2                                     -1.9095100455246339e-01
3                                     -1.4217393232806685e-01
4                                      1.2735865057957274e-01
5                                      1.1208749553056041e-01
6                                      9.9996066988153332e-02
7                                      1.0586773020917517e-01
8                                      9.1344608636998670e-02
9                                      1.4003925920096616e-01
10                                     1.2681979485010308e-01
$End
$Loewdin_Population_Analysis
   &GeometryIndex 1
   &ListStatus       OUT
   &NATOMS [&Type "Integer"] 11
   &ATNO [&Type "ArrayOfIntegers", &Dim (11,1)] 
                                                         0

0                                                        6
1                                                        6
2                                                        6
3                                                       53
4                                                        1
5                                                        1
6                                                        1
7                                                        1
8                                                        1
9                                                        1
10                                                       1
   &ATOMICCHARGES [&Type "ArrayOfDoubles", &Dim (11,1)] 
                                                         0

0                                     -3.1241239808587817e-01
1                                     -3.3017598267552462e-01
2                                     -4.2764394916209891e-01
3                                      1.7683883560339098e-01
4                                      1.2036608806530147e-01
5                                      1.2048689127070489e-01
6                                      1.1923608282527742e-01
7                                      1.3805642513681815e-01
8                                      1.4320481527247897e-01
9                                      1.2581523199801603e-01
10                                     1.2622795975183798e-01
$End
$Mayer_Population_Analysis
   &GeometryIndex 1
   &ListStatus       OUT
   &NATOMS [&Type "Integer"] 11 "Total number of atoms"
   &BONDTHRESH [&Type "Double"]       1.0000000000000001e-01  "The threshold for printing"
   &NBONDORDERSPRINT [&Type "Integer"] 10 "The number of bond orders larger than threshold"
   &BONDORDERS [&Type "ArrayOfDoubles", &Dim (10,1)] "The bond orders"
                                                         0

0                                      9.8169212777389703e-01
1                                      9.6666930694612618e-01
2                                      9.7341341229172418e-01
3                                      9.7262841397530853e-01
4                                      9.9057634972587727e-01
5                                      9.6418501492199138e-01
6                                      9.3959840431195396e-01
7                                      9.9535345218535864e-01
8                                      9.5528933990268228e-01
9                                      9.5710467305273172e-01
   &COMPONENTS [&Type "ArrayOfIntegers", &Dim (10,4)] "The indices and atomic numbers of the bonding atoms"
                                                         0                           1                           2                           3

0                                                        0                           6                           1                           6
1                                                        0                           6                           4                           1
2                                                        0                           6                           5                           1
3                                                        0                           6                           6                           1
4                                                        1                           6                           2                           6
5                                                        1                           6                           7                           1
6                                                        1                           6                           8                           1
7                                                        2                           6                           3                          53
8                                                        2                           6                           9                           1
9                                                        2                           6                          10                           1
   &ATNO [&Type "ArrayOfIntegers", &Dim (11,1)] "Atomic number of the elements"
                                                         0

0                                                        6
1                                                        6
2                                                        6
3                                                       53
4                                                        1
5                                                        1
6                                                        1
7                                                        1
8                                                        1
9                                                        1
10                                                       1
   &NA [&Type "ArrayOfDoubles", &Dim (11,1)] "Mulliken gross atomic population"
                                                         0

0                                      6.3358137496914715e+00
1                                      6.1345749194232768e+00
2                                      6.1909510045524412e+00
3                                      2.5142173932328042e+01
4                                      8.7264134942042781e-01
5                                      8.8791250446943892e-01
6                                      9.0000393301184789e-01
7                                      8.9413226979082583e-01
8                                      9.0865539136300166e-01
9                                      8.5996074079903306e-01
10                                     8.7318020514989536e-01
   &ZA [&Type "ArrayOfDoubles", &Dim (11,1)] "Total nuclear charge"
                                                         0

0                                      6.0000000000000000e+00
1                                      6.0000000000000000e+00
2                                      6.0000000000000000e+00
3                                      2.5000000000000000e+01
4                                      1.0000000000000000e+00
5                                      1.0000000000000000e+00
6                                      1.0000000000000000e+00
7                                      1.0000000000000000e+00
8                                      1.0000000000000000e+00
9                                      1.0000000000000000e+00
10                                     1.0000000000000000e+00
   &QA [&Type "ArrayOfDoubles", &Dim (11,1)] "Mulliken gross atomic charge"
                                                         0

0                                     -3.3581374969147149e-01
1                                     -1.3457491942327682e-01
2                                     -1.9095100455244118e-01
3                                     -1.4217393232804199e-01
4                                      1.2735865057957219e-01
5                                      1.1208749553056108e-01
6                                      9.9996066988152110e-02
7                                      1.0586773020917417e-01
8                                      9.1344608636998337e-02
9                                      1.4003925920096694e-01
10                                     1.2681979485010464e-01
   &VA [&Type "ArrayOfDoubles", &Dim (11,1)] "Mayer's total valence"
                                                         0

0                                      3.9110957795632300e+00
1                                      3.8999064498946474e+00
2                                      3.9128967931812961e+00
3                                      1.0765342822810331e+00
4                                      9.8249715217417688e-01
5                                      9.7912385667766455e-01
6                                      9.8087032899364146e-01
7                                      9.7545772096480288e-01
8                                      9.7563885467729983e-01
9                                      9.6085453551816380e-01
10                                     9.6816948909092038e-01
   &BVA [&Type "ArrayOfDoubles", &Dim (11,1)] "Mayer's bonded valence"
                                                         0

0                                      3.9110957795631536e+00
1                                      3.8999064498945124e+00
2                                      3.9128967931811531e+00
3                                      1.0765342822807840e+00
4                                      9.8249715217416100e-01
5                                      9.7912385667766744e-01
6                                      9.8087032899361326e-01
7                                      9.7545772096480798e-01
8                                      9.7563885467727840e-01
9                                      9.6085453551814037e-01
10                                     9.6816948909090550e-01
   &FA [&Type "ArrayOfDoubles", &Dim (11,1)] "Mayer's free valence"
                                                         0

0                                      0.0000000000000000e+00
1                                      0.0000000000000000e+00
2                                      0.0000000000000000e+00
3                                      0.0000000000000000e+00
4                                      0.0000000000000000e+00
5                                      0.0000000000000000e+00
6                                      0.0000000000000000e+00
7                                      0.0000000000000000e+00
8                                      0.0000000000000000e+00
9                                      0.0000000000000000e+00
10                                     0.0000000000000000e+00
$End
$VdW_Correction
   &GeometryIndex 1
   &ListStatus       OUT
   &VDW [&Type "Double"]      -2.5458557168042254e-03
$End
$Calculation_Info
   &GeometryIndex 1
   &ListStatus       OUT
   &MULT [&Type "Integer"] 1
   &CHARGE [&Type "Integer"] 0
   &NUMOFATOMS [&Type "Integer"] 11
   &NUMOFELECTRONS [&Type "Integer"] 50
   &NUMOFFCELECTRONS [&Type "Integer"] 1
   &NUMOFCORRELECTRONS [&Type "Integer"] 0
   &NUMOFBASISFUNCTS [&Type "Integer"] 185
   &NUMOFAUXCBASISFUNCTS [&Type "Integer"] 0
   &NUMOFAUXJBASISFUNCTS [&Type "Integer"] 225
   &NUMOFAUXJKBASISFUNCTS [&Type "Integer"] 0
   &NUMOFCABSBASISFUNCTS [&Type "Integer"] 0
   &TOTALENERGY [&Type "Double"]      -4.1632671033500270e+02  "Hartrees"
$End
$SCF_Dipole_Moment
   &GeometryIndex 1
   &ListStatus       OUT
   &METHOD [&Type "String"] "SCF"
   &LEVEL [&Type "String"] "Relaxed density"
   &MULT [&Type "Integer"] 1
   &STATE [&Type "Integer"] -1
   &IRREP [&Type "Integer"] 0
   &NATOMS [&Type "Integer"] 11
   &DODIPOLEATOM [&Type "Boolean"] false
   &DIPOLEELECCONTRIB [&Type "ArrayOfDoubles", &Dim (3,1)] "Electronic contribution"
                                                         0

0                                      6.6258772060823119e+01
1                                     -4.7753233980825280e+00
2                                      9.1317669613513941e-01
   &DIPOLENUCCONTRIB [&Type "ArrayOfDoubles", &Dim (3,1)] "Nuclear contribution"
                                                         0

0                                     -6.7076060420957702e+01
1                                      5.1192204648971842e+00
2                                     -9.6523785428882558e-01
   &DIPOLETOTAL [&Type "ArrayOfDoubles", &Dim (3,1)] "Total"
                                                         0

0                                     -8.1728836013458306e-01
1                                      3.4389706681465615e-01
2                                     -5.2061158153686171e-02
   &DIPOLEMAGNITUDE [&Type "Double", &Units "a.u."]       8.8822059217488492e-01
$End
$THERMOCHEMISTRY_Energies
   &GeometryIndex 1
   &ListStatus       OUT
   &TEMPERATURE [&Type "Double"]       2.9814999999999998e+02
   &PRESSURE [&Type "Double"]       1.0000000000000000e+00
   &TOTALMASS [&Type "Double"]       1.6998900000000000e+02
   &SPINDEGENERACY [&Type "Integer"] 1
   &ELENERGY [&Type "Double"]      -4.1632671033500270e+02
   &TRANSENERGY [&Type "Double"]       1.4162714244859817e-03
   &ROTENERGY [&Type "Double"]       1.4162714244859817e-03
   &VIBENERGY [&Type "Double"]       2.6304631962991974e-03
   &NUMOFFREQS [&Type "Integer"] 33
   &FREQSCALINGFACTOR [&Type "Double"]       1.0000000000000000e+00
   &FREQ [&Type "ArrayOfDoubles", &Dim (33,1)] "In cm^-1"
                                                         0

0                                      0.0000000000000000e+00
1                                      0.0000000000000000e+00
2                                      0.0000000000000000e+00
3                                      0.0000000000000000e+00
4                                      0.0000000000000000e+00
5                                      0.0000000000000000e+00
6                                      1.2837883661260585e+02
7                                      1.9822763191906625e+02
8                                      2.7692317962699633e+02
9                                      3.8846320711352195e+02
10                                     4.9501721327873594e+02
11                                     7.7054674997486063e+02
12                                     8.2572339846721854e+02
13                                     8.8963683638094108e+02
14                                     1.0200345908465729e+03
15                                     1.0417945257402773e+03
16                                     1.0847690272581885e+03
17                                     1.2104797012472893e+03
18                                     1.2203683836485548e+03
19                                     1.3012374876823028e+03
20                                     1.3666822201041139e+03
21                                     1.4044778559725974e+03
22                                     1.4622718967001467e+03
23                                     1.4637197574108777e+03
24                                     1.4916213853347438e+03
25                                     1.4968190449487281e+03
26                                     2.9809268258823590e+03
27                                     3.0130537392243878e+03
28                                     3.0489811836365243e+03
29                                     3.0785738693721223e+03
30                                     3.0911588362331840e+03
31                                     3.1004224896657183e+03
32                                     3.1516453283165633e+03
   &ZPE [&Type "Double"]       9.3409327090306415e-02
   &INNERENERGYU [&Type "Double"]      -4.1622783800186716e+02
   &ENTHALPYH [&Type "Double"]      -4.1622689379282491e+02
   &QEL [&Type "Double"]       0.0000000000000000e+00
   &QROT [&Type "Double"]       1.2733073996320546e-02
   &QVIB [&Type "Double"]       4.3966091960661782e-03
   &QTRANS [&Type "Double"]       1.9622664104506301e-02
   &ENTROPYS [&Type "Double"]       3.6752347296893029e-02
   &FREEENERGYG [&Type "Double"]      -4.1626364614012181e+02
   &ISLINEAR [&Type "Boolean"] false
$End
$Hessian
   &GeometryIndex 1
   &ListStatus       OUT
   &HESSIAN [&Type "ArrayOfDoubles", &Dim (33,33)] "The Hessian"
                                                         0                           1                           2                           3                           4                           5                           6                           7

0                                      5.5965655932343283e-01        -2.1590664956732439e-02        -1.4330952464355635e-02        -8.2784892015754202e-02        -2.2847608110461725e-02        -1.0152926397439432e-02        -1.2886495045067361e-02        -2.8558010486626251e-02
1                                     -2.1590664956732439e-02         4.8139724762214620e-01        -3.5315002959694128e-02        -2.3770072477759217e-02        -1.6391308494220436e-01        -3.6485376675522992e-02        -9.5230387318158138e-03        -1.5827418443025498e-02
2                                     -1.4330952464355635e-02        -3.5315002959694128e-02         5.4803569374983618e-01        -1.0789718322647617e-02        -3.9879501347966598e-02        -9.6035018329731686e-02         2.3952547383762172e-03         1.5915074257368503e-02
3                                     -8.2784892015754202e-02        -2.3770072477759217e-02        -1.0789718322647617e-02         4.8231014711817016e-01        -4.0911352516437821e-02         3.0154173122865176e-02        -1.2887761676906720e-01        -5.0525872654267397e-02
4                                     -2.2847608110461725e-02        -1.6391308494220436e-01        -3.9879501347966598e-02        -4.0911352516437821e-02         4.9123894811861946e-01        -1.7123330270669319e-02        -4.5188915088143475e-02        -9.4079872482387056e-02
5                                     -1.0152926397439432e-02        -3.6485376675522992e-02        -9.6035018329731686e-02         3.0154173122865176e-02        -1.7123330270669319e-02         5.5912237032706336e-01         4.1289801916350635e-02         2.0526057149965166e-02
6                                     -1.2886495045067361e-02        -9.5230387318158138e-03         2.3952547383762172e-03        -1.2887761676906720e-01        -4.5188915088143475e-02         4.1289801916350635e-02         2.9241128877539996e-01         1.0747398327508424e-01
7                                     -2.8558010486626251e-02        -1.5827418443025498e-02         1.5915074257368503e-02        -5.0525872654267397e-02        -9.4079872482387056e-02         2.0526057149965166e-02         1.0747398327508424e-01         4.6816229308603768e-01
8                                     -9.9981037731449729e-03        -3.0363079766428692e-03         6.8615911136739732e-03         4.7689019452339693e-02         2.1454653319348847e-02        -1.0896182764851881e-01         2.0643665015975497e-04         5.4659339526233482e-02
9                                     -5.2877725261759288e-06         1.7279209437410587e-04         5.3099876700477792e-04        -2.6894198907517691e-02         1.5695169063132605e-02        -2.7908674302261276e-03        -4.2089624456048955e-02         2.0451743083569923e-02
10                                    -2.5076439881879199e-03         1.5060638403501680e-04        -8.9814469722197029e-05         4.6791253512506251e-03        -8.5246163027694142e-04        -1.5287501603331393e-03         1.8146875036425054e-02        -3.4711013255717425e-02
11                                    -2.5186432473124978e-04        -8.3612164348791681e-05         4.1268189492143332e-04         4.4684462471157012e-03        -4.0645427483913506e-03         1.5740227989480566e-03        -7.3251794315038286e-03         4.7322683199041635e-03
12                                    -1.8837473713587316e-01         1.2841748994578916e-01        -2.4567628744129696e-02         7.0748013205845965e-03        -5.8422741702488200e-03         2.2054552793245637e-03         1.2973276426868959e-03         5.7968392432902836e-05
13                                     1.2735752290638697e-01        -1.6020678422183024e-01         2.1922805222364769e-02         2.1609197265501083e-02        -2.1856577212954736e-02         3.8133024539675443e-03         2.6712913359867446e-03         3.5330906409448645e-04
14                                    -2.4435253958420132e-02         2.2065363241786318e-02        -5.1223707917946920e-02         1.0134450632699262e-02        -8.8898361713048851e-03         8.0955906820557276e-04         2.1568648147799978e-04         6.1383034488475324e-04
15                                    -2.2037023971714365e-01        -7.1927763922751575e-02         1.0179655170223301e-01        -6.6706116537776066e-03        -7.9239237913306462e-04         3.5258343108561475e-03         5.1044049637404259e-04        -1.4470122243108192e-03
16                                    -7.0288233398103320e-02        -7.3992241275544032e-02         4.0817520683895610e-02        -2.4592982328696847e-02        -1.0219471598560367e-02         1.5867353445283474e-02        -3.1784424521218244e-04        -6.0511854114298665e-03
17                                     1.0271571832624342e-01         4.2162660237741338e-02        -1.0617310356459690e-01        -1.1991018265621227e-02        -4.2597879453536210e-03         5.5110877552988734e-03        -6.6195770176616852e-04        -2.3348880741588377e-03
18                                    -5.7662748898128863e-02         4.3742121785131328e-03        -5.1638589212186579e-02        -3.3872666738432445e-03         4.6412093523026839e-04        -8.2692492185263578e-03         6.6273893435926158e-04         7.2977387066100051e-04
19                                     4.3817564442353947e-03        -4.7780731468020157e-02         2.1427204000697267e-02        -7.2060916081556937e-03         9.3824515195052149e-04        -3.1951103678290627e-02         6.9981946836281334e-04         1.8762648714463902e-03
20                                    -5.1611524895497654e-02         2.0073854573538965e-02        -2.9073743316636508e-01        -2.6098089115727859e-03         4.6902837473899311e-04        -1.3054177472119902e-02         7.9550105313771872e-04         7.5784995451355641e-04
21                                    -2.4717263909097452e-03         5.1375238832423661e-04        -8.8308105695681736e-03        -5.5539753588586649e-02         4.6286047416762340e-03        -5.0957128057224410e-02         1.5157866952583490e-03        -2.3740726624536870e-03
22                                    -6.5579597784261780e-03         9.9705591622621572e-04        -3.1084570054350707e-02         2.9718974522851879e-03        -4.8837899164949586e-02         1.9460106274722708e-02         4.4098992051763933e-03        -1.9392960218783629e-03
23                                    -2.6976832003355157e-03        -2.5641680138595996e-04        -1.1491497706604851e-02        -4.7782655145781845e-02         1.8540672846832331e-02        -2.9053208471807401e-01        -1.9182176869115240e-03         2.1606497404538698e-03
24                                     7.3823329344279006e-03        -7.2496487907967068e-03         8.6228407145891349e-04        -1.8445060632496724e-01         1.2071345953297803e-01        -2.1852641299671367e-02        -2.4455904379250607e-02         1.4153547761526988e-02
25                                     2.2164573071833660e-02        -2.2300300594656233e-02         2.9492168414770531e-03         1.1718348701729750e-01        -1.4273676560007020e-01         1.9401843476829897e-02        -6.9798714971468709e-03         5.4528830829890683e-03
26                                     8.8919249359502139e-03        -8.9891026920199610e-03         5.7367089675456132e-04        -2.0454133842230098e-02         1.7732575859800315e-02        -4.9700785144147788e-02         1.2076085080054744e-02        -7.8926680499657280e-03
27                                    -3.5176421730329140e-03        -6.7355890791920194e-04         4.0283954533003700e-03        -4.8385050786185040e-03        -2.3634872852661904e-02        -1.0363601645748139e-02        -4.6799386501874728e-02        -5.3631310126309270e-02
28                                    -3.1594678493225802e-03         6.9663247200797869e-04         2.2251306423510847e-03        -8.3982933558884865e-04        -9.7244733566888859e-03        -5.7752873211434439e-03        -6.3590539770750992e-02        -2.7794597386973768e-01
29                                     2.6294432582463713e-03         5.4974754418900696e-04        -1.5819673496436306e-03         3.3274803235448132e-03         1.6155636160059359e-02         6.2591626983229589e-03        -1.7767587967897253e-02        -9.0015217923426843e-02
30                                     1.0348768905753189e-03         1.3231913537904141e-03         5.3946425750866763e-04         4.0585025733775445e-03        -2.1189535691694423e-03         2.7155764709506678e-02        -4.1288555392769662e-02        -6.2844590031508572e-03
31                                     1.5390459723882966e-03         7.7901855086511028e-04         1.1169089686344962e-03         1.2375082478105607e-03         4.3412717522181912e-05         1.3826571649853323e-02        -7.8479382141226749e-03        -4.5289990620391740e-02
32                                    -7.5402718350966970e-04        -6.9077811269610675e-04         1.3590903797030818e-03        -2.0908505807784340e-03        -1.6695442175666125e-04        -1.4992309335246590e-02        -2.9270896959798183e-02         9.1698456801585573e-04
                                                         8                           9                          10                          11                          12                          13                          14                          15

0                                     -9.9981037731449729e-03        -5.2877725261759288e-06        -2.5076439881879199e-03        -2.5186432473124978e-04        -1.8837473713587316e-01         1.2735752290638697e-01        -2.4435253958420132e-02        -2.2037023971714365e-01
1                                     -3.0363079766428692e-03         1.7279209437410587e-04         1.5060638403501680e-04        -8.3612164348791681e-05         1.2841748994578916e-01        -1.6020678422183024e-01         2.2065363241786318e-02        -7.1927763922751575e-02
2                                      6.8615911136739732e-03         5.3099876700477792e-04        -8.9814469722197029e-05         4.1268189492143332e-04        -2.4567628744129696e-02         2.1922805222364769e-02        -5.1223707917946920e-02         1.0179655170223301e-01
3                                      4.7689019452339693e-02        -2.6894198907517691e-02         4.6791253512506251e-03         4.4684462471157012e-03         7.0748013205845965e-03         2.1609197265501083e-02         1.0134450632699262e-02        -6.6706116537776066e-03
4                                      2.1454653319348847e-02         1.5695169063132605e-02        -8.5246163027694142e-04        -4.0645427483913506e-03        -5.8422741702488200e-03        -2.1856577212954736e-02        -8.8898361713048851e-03        -7.9239237913306462e-04
5                                     -1.0896182764851881e-01        -2.7908674302261276e-03        -1.5287501603331393e-03         1.5740227989480566e-03         2.2054552793245637e-03         3.8133024539675443e-03         8.0955906820557276e-04         3.5258343108561475e-03
6                                      2.0643665015975497e-04        -4.2089624456048955e-02         1.8146875036425054e-02        -7.3251794315038286e-03         1.2973276426868959e-03         2.6712913359867446e-03         2.1568648147799978e-04         5.1044049637404259e-04
7                                      5.4659339526233482e-02         2.0451743083569923e-02        -3.4711013255717425e-02         4.7322683199041635e-03         5.7968392432902836e-05         3.5330906409448645e-04         6.1383034488475324e-04        -1.4470122243108192e-03
8                                      5.4364174896525996e-01        -9.1166381892736903e-03         5.4731292589703011e-03        -2.1678469838141430e-02         6.5508263829712997e-05         3.5797184589994070e-05         1.4683250719058636e-04        -1.4337938399672755e-03
9                                     -9.1166381892736903e-03         9.3597696328855465e-02        -4.4433085108372294e-02         1.2182339536917466e-02        -1.6694612480371695e-03        -9.9755993893943214e-04        -2.4772642397758132e-04         1.7059329342691972e-04
10                                     5.4731292589703011e-03        -4.4433085108372294e-02         4.4279907933251594e-02        -8.9808339195220580e-03        -7.8777967311237233e-04         8.6167115993616159e-04         1.3132628552200773e-04        -4.4356075715713816e-04
11                                    -2.1678469838141430e-02         1.2182339536917466e-02        -8.9808339195220580e-03         1.6075419018496455e-02        -2.0577805016297316e-04        -1.0521103071917635e-05        -1.2407056981349050e-04        -7.1795964507652524e-05
12                                     6.5508263829712997e-05        -1.6694612480371695e-03        -7.8777967311237233e-04        -2.0577805016297316e-04         2.0304879380395160e-01        -1.3962018479031937e-01         2.6743419649439545e-02        -1.7738733584060692e-02
13                                     3.5797184589994070e-05        -9.9755993893943214e-04         8.6167115993616159e-04        -1.0521103071917635e-05        -1.3962018479031937e-01         1.7818367291559015e-01        -2.1323526311824468e-02        -8.9496221139639884e-03
14                                     1.4683250719058636e-04        -2.4772642397758132e-04         1.3132628552200773e-04        -1.2407056981349050e-04         2.6743419649439545e-02        -2.1323526311824468e-02         5.1700006658683947e-02         1.1418059379933527e-02
15                                    -1.4337938399672755e-03         1.7059329342691972e-04        -4.4356075715713816e-04        -7.1795964507652524e-05        -1.7738733584060692e-02        -8.9496221139639884e-03         1.1418059379933527e-02         2.3755369962468595e-01
16                                    -3.6594541535339684e-03         3.4997053206904075e-04         3.0412680847136987e-04         1.5235691537627684e-05         1.6925519909135184e-02         7.9367744360223473e-03        -1.1317986930714896e-02         8.0306714914835334e-02
17                                    -7.0507907362017739e-04         1.4935526964900440e-04        -4.6229309918306358e-06         2.1050026404229494e-05        -4.5666432651251150e-03        -2.0601375839560399e-03         1.3026128427858150e-03        -1.1128658928119178e-01
18                                    -1.3996754784063473e-03        -1.3327128070288007e-04         5.5995830995180716e-05         1.8110303148576083e-04        -4.3524924625227591e-03         6.8034724912526597e-04        -2.3646426937381306e-02         6.3348690062001549e-03
19                                    -9.2091088199395112e-04         2.4446840681839849e-04        -6.7098436557349149e-05        -5.6818565109575824e-06         2.4868193342497480e-03        -1.6715010432693219e-03         2.1102006549126813e-02         3.3998140662270665e-03
20                                     1.0568133034755418e-03        -3.0273717173519201e-04        -6.4172053288798865e-05        -4.6570977114854417e-05         3.1654725715308044e-04         3.0099170431212990e-05        -2.9398114673007203e-03        -4.0268846735024427e-03
21                                     2.9497133990221972e-02         1.6513170204935097e-03        -4.6729054596265636e-04         3.4804598959563260e-04         4.5083186427354992e-04        -1.5025430365512215e-05         6.8135016844161217e-04        -7.2945544044046400e-05
22                                     1.3517656602053183e-02        -5.9529235756562455e-04         5.3355070033014591e-04        -6.9047449809124322e-04         6.0122703466979305e-04         1.1242559638185508e-03         2.7831495592325569e-04         5.8245475547563197e-05
23                                    -1.6887368198784079e-02        -1.7732449413677964e-04        -3.0193233729178173e-04         8.6186939553291948e-04         2.5914509020215880e-04         1.0400087900680477e-05         3.4828342476133874e-04        -2.7742322146347489e-04
24                                    -1.5104896432310087e-03        -2.9933409836520042e-03        -6.9777218387416127e-04         1.6624752933564230e-03         3.4634196500352241e-04        -2.4264307610503606e-03        -8.3999372790988854e-04         6.7999304265180943e-04
25                                    -1.2754402797536760e-03        -4.2342548245050899e-03         1.5724475359880255e-03         3.5168491977856972e-04        -2.4833168672104868e-03        -4.9369972372783231e-03        -2.8177870276889171e-03        -1.5528002993921760e-04
26                                    -1.5681298822207458e-04         2.3467008061380289e-03        -4.0010984690681681e-04         2.8430822840562519e-04        -2.1245996406525137e-04        -2.3902540305579655e-03         4.8636555190555110e-05        -1.0726135205775436e-04
27                                    -1.6978618406441524e-02        -9.1625442429936338e-03         1.9795910856294639e-02         2.8819924492692280e-03        -7.9357771203101331e-05        -2.4218181805652742e-04         4.0662369242637996e-05        -4.0938820796893884e-04
28                                    -9.2755568997883370e-02         4.5250422859615131e-03        -7.6446807102418949e-03        -9.9013805003442864e-04         3.1297408187942570e-04         3.8545675918896620e-04         9.8985322707753859e-05        -1.2441606451983611e-04
29                                    -8.4619988726120032e-02        -2.5455089005061923e-03         5.8542125162062055e-03         1.1837859046349699e-03        -1.2847429973862536e-04        -1.7547103277544508e-04        -1.0806991197972516e-04         4.5305180665693970e-04
30                                    -3.7055705197766423e-02        -1.2471877751297376e-02         6.6070165271870157e-03        -1.3880759867338995e-02        -3.3143948033095404e-06        -1.0109755066309279e-04        -5.6695753645685232e-05         1.2323243656052322e-05
31                                     6.4678265848240966e-03         8.8732154179708977e-03        -4.4270564892187050e-03         9.7557237251854438e-03        -3.4699550906921171e-05        -1.7328058331799926e-04         5.0572120193030648e-05         9.9952603949110037e-05
32                                    -3.1869743941619350e-01        -1.7616679349224257e-05        -1.1754065907694858e-04         1.4359741177260837e-03         8.3376903372613283e-05         1.5624356432087164e-04         3.9728810223030211e-05         5.7463747739705875e-06
                                                        16                          17                          18                          19                          20                          21                          22                          23

0                                     -7.0288233398103320e-02         1.0271571832624342e-01        -5.7662748898128863e-02         4.3817564442353947e-03        -5.1611524895497654e-02        -2.4717263909097452e-03        -6.5579597784261780e-03        -2.6976832003355157e-03
1                                     -7.3992241275544032e-02         4.2162660237741338e-02         4.3742121785131328e-03        -4.7780731468020157e-02         2.0073854573538965e-02         5.1375238832423661e-04         9.9705591622621572e-04        -2.5641680138595996e-04
2                                      4.0817520683895610e-02        -1.0617310356459690e-01        -5.1638589212186579e-02         2.1427204000697267e-02        -2.9073743316636508e-01        -8.8308105695681736e-03        -3.1084570054350707e-02        -1.1491497706604851e-02
3                                     -2.4592982328696847e-02        -1.1991018265621227e-02        -3.3872666738432445e-03        -7.2060916081556937e-03        -2.6098089115727859e-03        -5.5539753588586649e-02         2.9718974522851879e-03        -4.7782655145781845e-02
4                                     -1.0219471598560367e-02        -4.2597879453536210e-03         4.6412093523026839e-04         9.3824515195052149e-04         4.6902837473899311e-04         4.6286047416762340e-03        -4.8837899164949586e-02         1.8540672846832331e-02
