*************************************************
******************* ORCA 6.0.0 ******************
*************************************************
$Calculation_Status
   &GeometryIndex 1
   &ListStatus       OUT
   &VERSION [&Type "String"] "6.0.0"
   &PROGNAME [&Type "String"] "LeanSCF"
   &STATUS [&Type "String"] "NORMAL TERMINATION"
$End
$Geometry
   &GeometryIndex 1
   &ListStatus       OUT
   &NATOMS [&Type "Integer"] 13
   &NCORELESSECP [&Type "Integer"] 0
   &NGHOSTATOMS [&Type "Integer"] 0
   &CartesianCoordinates [&Type "Coordinates", &Dim(13,4), &Units "Bohr"] 
              C      2.528492650125    2.511987173768    0.000023661450
              C     -0.054715932670    2.114790046788    0.000008482225
              C     -0.933898719651   -0.377686405547    0.000282710778
              C      0.826495977416   -2.343689967269    0.000127225623
              N      3.327755019641   -1.984876774407   -0.000068226105
              C      4.130590359933    0.420716777495   -0.000051027141
              C     -3.634376454493   -0.993656229998    0.001256676950
              O     -5.326180539322    0.584664469382   -0.000168069030
              H      3.316379373817    4.403090492097    0.000110439753
              H     -1.381798153683    3.678175661709    0.000236258097
              H      0.170112926800   -4.293575633197    0.000062131361
              H      6.166790596072    0.695982996099   -0.000129748596
              H     -4.084787800374   -3.036232141708   -0.001107423167
$End
$SCF_Energy
   &GeometryIndex 1
   &ListStatus       OUT
   &SCF_ENERGY [&Type "Double"]      -3.6155120164847176e+02
$End
$DFT_Energy
   &GeometryIndex 1
   &ListStatus       OUT
   &NALPHAEL [&Type "Integer"] 28
   &NBETAEL [&Type "Integer"] 28
   &NTOTALEL [&Type "Integer"] 55
   &EEXCHANGE [&Type "Double"]      -4.7908876346539358e+01
   &ECORR [&Type "Double"]      -1.8224030040081316e+00
   &ECNL [&Type "Double"]       0.0000000000000000e+00
   &EXC [&Type "Double"]      -4.9731279350547489e+01
   &EEMBED [&Type "Double"]       0.0000000000000000e+00
   &FINALEN [&Type "Double"]      -3.6155120164847176e+02  "No Van der Waals correction"
$End
$Mulliken_Population_Analysis
   &GeometryIndex 1
   &ListStatus       OUT
   &NATOMS [&Type "Integer"] 13
   &ATNO [&Type "ArrayOfIntegers", &Dim (13,1)] 
                                                         0

0                                                        6
1                                                        6
2                                                        6
3                                                        6
4                                                        7
5                                                        6
6                                                        6
7                                                        8
8                                                        1
9                                                        1
10                                                       1
11                                                       1
12                                                       1
   &ATOMICCHARGES [&Type "ArrayOfDoubles", &Dim (13,1)] 
                                                         0

0                                     -5.2762698203784097e-02
1                                     -1.8771396777782190e-01
2                                      1.3031482708078101e-01
3                                     -4.0829392616929638e-02
4                                     -2.5067783412957123e-01
5                                      4.4266674466264533e-04
6                                      1.3267106603046130e-01
7                                     -3.1710511236765626e-01
8                                      1.2607075538710033e-01
9                                      1.4647040881180473e-01
10                                     1.2173111286622906e-01
11                                     1.2528615601135518e-01
12                                     6.6102012163224200e-02
$End
$Loewdin_Population_Analysis
   &GeometryIndex 1
   &ListStatus       OUT
   &NATOMS [&Type "Integer"] 13
   &ATNO [&Type "ArrayOfIntegers", &Dim (13,1)] 
                                                         0

0                                                        6
1                                                        6
2                                                        6
3                                                        6
4                                                        7
5                                                        6
6                                                        6
7                                                        8
8                                                        1
9                                                        1
10                                                       1
11                                                       1
12                                                       1
   &ATOMICCHARGES [&Type "ArrayOfDoubles", &Dim (13,1)] 
                                                         0

0                                     -1.3657001945607306e-01
1                                     -5.2991055925837749e-02
2                                     -1.7162860415262138e-01
3                                     -1.5158951885625171e-01
4                                      1.2816867201222681e-01
5                                     -1.7605811743433097e-01
6                                     -2.4826709558990157e-01
7                                      1.0061648428574621e-01
8                                      1.4918199025391499e-01
9                                      1.5887700022671225e-01
10                                     1.4328747530801589e-01
11                                     1.3996935766362073e-01
12                                     1.1700343166462124e-01
$End
$Mayer_Population_Analysis
   &GeometryIndex 1
   &ListStatus       OUT
   &NATOMS [&Type "Integer"] 13 "Total number of atoms"
   &BONDTHRESH [&Type "Double"]       1.0000000000000001e-01  "The threshold for printing"
   &NBONDORDERSPRINT [&Type "Integer"] 13 "The number of bond orders larger than threshold"
   &BONDORDERS [&Type "ArrayOfDoubles", &Dim (13,1)] "The bond orders"
                                                         0

0                                      1.4377910610546361e+00
1                                      1.3505108020838561e+00
2                                      9.6309365084933996e-01
3                                      1.3162890604269488e+00
4                                      9.5667739871086299e-01
5                                      1.3018584858908815e+00
6                                      9.2334490631114541e-01
7                                      1.4686611344518099e+00
8                                      9.8181937088103832e-01
9                                      1.4365788573618814e+00
10                                     9.7588640989071751e-01
11                                     2.0288431643004263e+00
12                                     9.9546718479815888e-01
   &COMPONENTS [&Type "ArrayOfIntegers", &Dim (13,4)] "The indices and atomic numbers of the bonding atoms"
                                                         0                           1                           2                           3

0                                                        0                           6                           1                           6
1                                                        0                           6                           5                           6
2                                                        0                           6                           8                           1
3                                                        1                           6                           2                           6
4                                                        1                           6                           9                           1
5                                                        2                           6                           3                           6
6                                                        2                           6                           6                           6
7                                                        3                           6                           4                           7
8                                                        3                           6                          10                           1
9                                                        4                           7                           5                           6
10                                                       5                           6                          11                           1
11                                                       6                           6                           7                           8
12                                                       6                           6                          12                           1
   &ATNO [&Type "ArrayOfIntegers", &Dim (13,1)] "Atomic number of the elements"
                                                         0

0                                                        6
1                                                        6
2                                                        6
3                                                        6
4                                                        7
5                                                        6
6                                                        6
7                                                        8
8                                                        1
9                                                        1
10                                                       1
11                                                       1
12                                                       1
   &NA [&Type "ArrayOfDoubles", &Dim (13,1)] "Mulliken gross atomic population"
                                                         0

0                                      6.0527626982037788e+00
1                                      6.1877139677777970e+00
2                                      5.8696851729191941e+00
3                                      6.0408293926169172e+00
4                                      7.2506778341295544e+00
5                                      5.9995573332553427e+00
6                                      5.8673289339695014e+00
7                                      8.3171051123676403e+00
8                                      8.7392924461289900e-01
9                                      8.5352959118819383e-01
10                                     8.7826888713377160e-01
11                                     8.7471384398864505e-01
12                                     9.3389798783677469e-01
   &ZA [&Type "ArrayOfDoubles", &Dim (13,1)] "Total nuclear charge"
                                                         0

0                                      6.0000000000000000e+00
1                                      6.0000000000000000e+00
2                                      6.0000000000000000e+00
3                                      6.0000000000000000e+00
4                                      7.0000000000000000e+00
5                                      6.0000000000000000e+00
6                                      6.0000000000000000e+00
7                                      8.0000000000000000e+00
8                                      1.0000000000000000e+00
9                                      1.0000000000000000e+00
10                                     1.0000000000000000e+00
11                                     1.0000000000000000e+00
12                                     1.0000000000000000e+00
   &QA [&Type "ArrayOfDoubles", &Dim (13,1)] "Mulliken gross atomic charge"
                                                         0

0                                     -5.2762698203778768e-02
1                                     -1.8771396777779703e-01
2                                      1.3031482708080588e-01
3                                     -4.0829392616917204e-02
4                                     -2.5067783412955436e-01
5                                      4.4266674465731626e-04
6                                      1.3267106603049861e-01
7                                     -3.1710511236764027e-01
8                                      1.2607075538710100e-01
9                                      1.4647040881180617e-01
10                                     1.2173111286622840e-01
11                                     1.2528615601135495e-01
12                                     6.6102012163225310e-02
   &VA [&Type "ArrayOfDoubles", &Dim (13,1)] "Mayer's total valence"
                                                         0

0                                      3.8054406002167633e+00
1                                      3.9707690929126844e+00
2                                      3.3807316425830707e+00
3                                      3.9945259414456595e+00
4                                      3.0181466526198921e+00
5                                      3.9802194138948050e+00
6                                      4.0123713285098512e+00
7                                      2.1323706565103162e+00
8                                      9.7591076883237826e-01
9                                      9.9341665392310052e-01
10                                     9.8563600470668822e-01
11                                     9.7932641063532877e-01
12                                     9.7106695938435184e-01
   &BVA [&Type "ArrayOfDoubles", &Dim (13,1)] "Mayer's bonded valence"
                                                         0

0                                      3.8054406002167900e+00
1                                      3.9707690929128505e+00
2                                      3.3807316425833274e+00
3                                      3.9945259414456324e+00
4                                      3.0181466526200080e+00
5                                      3.9802194138947713e+00
6                                      4.0123713285099916e+00
7                                      2.1323706565102696e+00
8                                      9.7591076883234829e-01
9                                      9.9341665392306189e-01
10                                     9.8563600470667767e-01
11                                     9.7932641063530812e-01
12                                     9.7106695938436605e-01
   &FA [&Type "ArrayOfDoubles", &Dim (13,1)] "Mayer's free valence"
                                                         0

0                                      0.0000000000000000e+00
1                                      0.0000000000000000e+00
2                                      0.0000000000000000e+00
3                                      0.0000000000000000e+00
4                                      0.0000000000000000e+00
5                                      0.0000000000000000e+00
6                                      0.0000000000000000e+00
7                                      0.0000000000000000e+00
8                                      0.0000000000000000e+00
9                                      0.0000000000000000e+00
10                                     0.0000000000000000e+00
11                                     0.0000000000000000e+00
12                                     0.0000000000000000e+00
$End
$VdW_Correction
   &GeometryIndex 1
   &ListStatus       OUT
   &VDW [&Type "Double"]      -4.1025453173707980e-03
$End
$Calculation_Info
   &GeometryIndex 1
   &ListStatus       OUT
   &MULT [&Type "Integer"] 1
   &CHARGE [&Type "Integer"] 0
   &NUMOFATOMS [&Type "Integer"] 13
   &NUMOFELECTRONS [&Type "Integer"] 56
   &NUMOFFCELECTRONS [&Type "Integer"] 1
   &NUMOFCORRELECTRONS [&Type "Integer"] 0
   &NUMOFBASISFUNCTS [&Type "Integer"] 278
   &NUMOFAUXCBASISFUNCTS [&Type "Integer"] 0
   &NUMOFAUXJBASISFUNCTS [&Type "Integer"] 295
   &NUMOFAUXJKBASISFUNCTS [&Type "Integer"] 0
   &NUMOFCABSBASISFUNCTS [&Type "Integer"] 0
   &TOTALENERGY [&Type "Double"]      -3.6154951590618913e+02  "Hartrees"
$End
$SCF_Dipole_Moment
   &GeometryIndex 1
   &ListStatus       OUT
   &METHOD [&Type "String"] "SCF"
   &LEVEL [&Type "String"] "Relaxed density"
   &MULT [&Type "Integer"] 1
   &STATE [&Type "Integer"] -1
   &IRREP [&Type "Integer"] 0
   &NATOMS [&Type "Integer"] 13
   &DODIPOLEATOM [&Type "Boolean"] false
   &DIPOLEELECCONTRIB [&Type "ArrayOfDoubles", &Dim (3,1)] "Electronic contribution"
                                                         0

0                                     -1.3247770494001421e+00
1                                     -5.0318199070547709e-01
2                                      9.9961639934580105e-04
   &DIPOLENUCCONTRIB [&Type "ArrayOfDoubles", &Dim (3,1)] "Nuclear contribution"
                                                         0

0                                      2.0465235863652955e+00
1                                      7.4031465206669900e-01
2                                     -7.6912803640377734e-04
   &DIPOLETOTAL [&Type "ArrayOfDoubles", &Dim (3,1)] "Total"
                                                         0

0                                      7.2174653696515345e-01
1                                      2.3713266136122191e-01
2                                      2.3048836294202370e-04
   &DIPOLEMAGNITUDE [&Type "Double", &Units "a.u."]       7.5970390010209443e-01
$End
$THERMOCHEMISTRY_Energies
   &GeometryIndex 1
   &ListStatus       OUT
   &TEMPERATURE [&Type "Double"]       2.9814999999999998e+02
   &PRESSURE [&Type "Double"]       1.0000000000000000e+00
   &TOTALMASS [&Type "Double"]       1.0711199999999998e+02
   &SPINDEGENERACY [&Type "Integer"] 1
   &ELENERGY [&Type "Double"]      -3.6154951590618913e+02
   &TRANSENERGY [&Type "Double"]       1.4162714244859817e-03
   &ROTENERGY [&Type "Double"]       1.4162714244859817e-03
   &VIBENERGY [&Type "Double"]       3.3563526098876104e-03
   &NUMOFFREQS [&Type "Integer"] 39
   &FREQSCALINGFACTOR [&Type "Double"]       1.0000000000000000e+00
   &FREQ [&Type "ArrayOfDoubles", &Dim (39,1)] "In cm^-1"
                                                         0

0                                      0.0000000000000000e+00
1                                      0.0000000000000000e+00
2                                      0.0000000000000000e+00
3                                      0.0000000000000000e+00
4                                      0.0000000000000000e+00
5                                      0.0000000000000000e+00
6                                      1.4227812330428776e+02
7                                      2.3101613981705435e+02
8                                      2.3534704513717091e+02
9                                      3.8335151491163589e+02
10                                     4.4799715346086123e+02
11                                     4.4921226795332825e+02
12                                     6.3316502162228551e+02
13                                     6.8976946228701627e+02
14                                     7.1906989062732885e+02
15                                     8.1220708097011197e+02
16                                     8.5498601959427958e+02
17                                     9.3702186910487217e+02
18                                     9.7522096329697297e+02
19                                     1.0051970519697554e+03
20                                     1.0185860097858696e+03
21                                     1.0428833905546335e+03
22                                     1.0578888499967393e+03
23                                     1.1239564600799179e+03
24                                     1.2136029405227468e+03
25                                     1.2404510843196019e+03
26                                     1.2966489808168360e+03
27                                     1.3466542212146685e+03
28                                     1.4012203171941192e+03
29                                     1.4477108224176388e+03
30                                     1.5037689658838162e+03
31                                     1.5961312489168952e+03
32                                     1.6173961135434599e+03
33                                     1.6902649582275105e+03
34                                     2.9306830142296717e+03
35                                     3.1380127391258370e+03
36                                     3.1511311816304897e+03
37                                     3.1797379793407931e+03
38                                     3.1923321258493042e+03
   &ZPE [&Type "Double"]       9.7288923098360777e-02
   &INNERENERGYU [&Type "Double"]      -3.6144603808763191e+02
   &ENTHALPYH [&Type "Double"]      -3.6144509387858966e+02
   &QEL [&Type "Double"]       0.0000000000000000e+00
   &QROT [&Type "Double"]       1.3214104808628981e-02
   &QVIB [&Type "Double"]       5.3384152151281523e-03
   &QTRANS [&Type "Double"]       1.8968546807022198e-02
   &ENTROPYS [&Type "Double"]       3.7521066830779326e-02
   &FREEENERGYG [&Type "Double"]      -3.6148261494542044e+02
   &ISLINEAR [&Type "Boolean"] false
$End
$Hessian
   &GeometryIndex 1
   &ListStatus       OUT
   &HESSIAN [&Type "ArrayOfDoubles", &Dim (39,39)] "The Hessian"
                                                         0                           1                           2                           3                           4                           5                           6                           7

0                                      6.8411661162006110e-01         4.4627082016155617e-02         1.0708898566964449e-06        -3.5030255157853002e-01        -4.3844659685440216e-03         1.6488239034624446e-06        -1.4240749030938280e-02        -7.3886103403176195e-02
1                                      4.4627082016155617e-02         7.2545673548766820e-01         9.2659818809740525e-06        -6.2385247568487609e-02        -1.3697841692321622e-01         6.8761720710627240e-07        -3.9687430647556497e-02         1.5096363089906518e-02
2                                      1.0708898566964449e-06         9.2659818809740525e-06         1.2739509927725423e-01        -5.6045923004487616e-06        -1.1035500982101295e-05        -6.2908159165192296e-02         7.1082450741207621e-06         1.5100878759401515e-05
3                                     -3.5030255157853002e-01        -6.2385247568487609e-02        -5.6045923004487616e-06         7.1701195601373646e-01        -4.5887885025731469e-02        -5.2248842423290745e-05        -1.3743596993102289e-01        -2.7986118968934375e-02
4                                     -4.3844659685440216e-03        -1.3697841692321622e-01        -1.1035500982101295e-05        -4.5887885025731469e-02         6.9259891783037597e-01        -8.7309798355777440e-06        -6.8352061703591149e-02        -2.9694503423456842e-01
5                                      1.6488239034624446e-06         6.8761720710627240e-07        -6.2908159165192296e-02        -5.2248842423290745e-05        -8.7309798355777440e-06         1.4495172122856434e-01         1.9258494759175006e-05         1.7631621773487990e-05
6                                     -1.4240749030938280e-02        -3.9687430647556497e-02         7.1082450741207621e-06        -1.3743596993102289e-01        -6.8352061703591149e-02         1.9258494759175006e-05         6.4595420192846720e-01        -3.3152567882431582e-03
7                                     -7.3886103403176195e-02         1.5096363089906518e-02         1.5100878759401515e-05        -2.7986118968934375e-02        -2.9694503423456842e-01         1.7631621773487990e-05        -3.3152567882431582e-03         6.9479766536021104e-01
8                                     -2.3831203740178221e-06         1.5085250188965333e-05         8.8347682226939742e-03         2.7761905400575009e-05         3.3977313003300501e-05        -6.7063669937358322e-02        -8.3175421776439596e-05        -2.0022296886583581e-05
9                                     -5.8855347904964023e-02         3.0570585243167910e-02         5.0283047680663948e-06         6.0381445454657331e-02         4.1982965477998097e-02        -7.7813903773461026e-06        -1.8799085668196219e-01         5.7622933925168297e-02
10                                     1.5364735726335954e-02        -7.0545898984733261e-03        -7.2700674744183001e-06         3.8764335972378073e-03        -5.1924145490927387e-02         1.0739398328492857e-06         1.0687794172878451e-01        -2.4598376376407396e-01
11                                     1.0049024338153344e-05        -4.4146168523369613e-06        -1.1147956073513026e-02        -4.9723880626542196e-06         2.3202935116059990e-07         8.5896985805706799e-03         1.7907785634433648e-05        -1.0075218298957897e-05
12                                     6.7656131958927002e-02        -1.3508025255409686e-02        -5.4594508179647042e-06        -4.0597994222414842e-02        -4.0066824233570664e-02        -2.2214453875459153e-07        -6.5416527794531262e-02         6.0040990445768265e-02
13                                     4.3143915189473817e-02        -7.0566001351702018e-02         8.6173211447378869e-07        -3.8220152822224018e-02        -2.6128291472566689e-02         1.5226493078547743e-06         7.5821610951147984e-03         5.1894996202042486e-02
14                                    -2.8752591094281345e-06        -1.5939888886307397e-06         2.4312221726231098e-02         1.5402541672982439e-06         3.9595102817021898e-06        -1.0328446125018828e-02         1.4547604339418769e-05        -8.8798241568147365e-06
15                                    -2.0961849555513845e-01         1.2168006876286191e-01         3.1068614980006333e-06        -4.2730798476331169e-02         2.2286945724141437e-02         8.2875688857306631e-06        -4.8124005666164149e-04         4.3945774827312094e-03
16                                     5.3607945249599942e-02        -2.3971446726033557e-01         4.3694072708516158e-06         6.5344103104734153e-02         5.2768862057857899e-02        -1.0493414457546044e-05         1.9095977156318708e-02        -6.1890187200532132e-02
17                                     4.4514703209730498e-06        -3.6092631770290372e-06        -7.0257620845095903e-02         6.4233675776656144e-07         1.8216052526022689e-06         8.6622910941639188e-03        -5.0761205829972147e-07        -2.7182989482640522e-06
18                                     1.0351858089089245e-02        -2.1615033570477043e-03        -7.4111098109210711e-06        -2.1483776706060061e-02        -2.7370265173326778e-02         2.1990601756108563e-06        -1.8489381086843570e-01        -3.7258901336459732e-02
19                                    -5.1977393485383170e-03        -7.1432658641541764e-03         1.2456952271941390e-06        -3.3899831671634024e-02         2.3068245231719908e-03         1.6344729666362089e-05        -6.4153696118491393e-02        -1.3126659041290575e-01
20                                     5.9939043632569146e-06        -2.4831280144132108e-06         9.2227436869655073e-03        -8.0796543546825418e-06        -1.0191687306410788e-05         2.1215449071319446e-03         3.4440767155288963e-05        -1.7462928521293846e-05
21                                    -1.6047482225563967e-03         1.5379837305998932e-03         1.4749905224258056e-06         5.2830600203873160e-03         8.3850617606342874e-03         4.4058694738607127e-06        -6.8859024966477708e-02         3.6923593532904697e-02
22                                     3.7693582074182184e-03         1.3241271696347902e-03        -2.5629490684715002e-06        -3.7151999372981638e-03        -8.6291970050937292e-03        -3.7472969999035787e-06         3.3158188659245538e-02         1.9639104100523955e-02
23                                    -4.5294997327176833e-06         6.2386829791200731e-07        -1.6386731984431840e-03         5.1582908509060498e-06         9.8338627392535818e-06        -5.5018159719757986e-04        -1.1436937401714571e-05         1.0399102342451211e-05
24                                    -9.8784785394093938e-02        -9.7870266096935804e-02        -6.9530828183916194e-06        -7.0316358560058856e-03        -3.0536405703381859e-02         8.6703708396260452e-07        -6.0502240138819042e-03         2.5520231110688803e-04
25                                    -9.7734893847798696e-02        -2.9652023341015987e-01        -1.1709396543663219e-05         2.6119888866846241e-05         1.0584042229986289e-04         2.9880963639492273e-06        -5.7844565786292659e-04         2.3817961698470985e-03
26                                    -6.0029718226129118e-06        -1.0781777180266317e-05        -3.6442163224549462e-02         7.9094034397980434e-07        -6.4305996779957197e-07         2.6900970733787534e-03         7.0625984233923048e-07         1.5586284299683557e-06
27                                    -1.3903353111220079e-02         2.4663385957011230e-02         4.4392154863377589e-06        -1.7284718010767947e-01         1.3632108285925881e-01         1.9345756031064337e-05         1.2500588272307701e-02        -6.4677528636498637e-03
28                                    -5.1005706095681239e-03         8.7933806384848032e-03         9.5031065636889560e-07         1.3700568317320805e-01        -2.2187110101681706e-01        -2.1357303803514527e-05         1.9985181120845300e-02        -1.8726633506284156e-02
29                                    -4.2116666626197810e-06        -1.0278851711787206e-06         6.6658635127839257e-03         2.7178078702771994e-05        -1.9987132354418499e-05        -4.2372050049861915e-02        -3.7478818636370604e-06        -6.3568313239289962e-06
30                                    -8.2481940235204737e-04        -2.7463858559140946e-04        -3.2496208939543757e-08        -3.0956373734527688e-03         2.9559737032197110e-03         2.3361288440465046e-06         1.0255931769032795e-02         1.7076098631631786e-02
31                                     6.3423353223166293e-04         4.2098714649302827e-04        -4.3744672664934152e-07         4.3731091564071442e-03        -2.2434799733308808e-03         6.6170306893893058e-07        -8.0715436969864829e-03        -1.9131193189291539e-02
32                                     1.8686947423275114e-06        -1.0946628403447441e-07        -1.1754002030650872e-03         7.9738536407207608e-07        -1.9998740247225165e-06         6.3754474536847367e-03        -7.1613029230202128e-06         7.0466816512423720e-06
33                                    -1.4357592731820301e-02        -5.0544198356538214e-03        -1.7638930373724042e-06        -1.0259454769856713e-03         3.9729814483593301e-03         3.2084657095896411e-06         7.5186698717936290e-04         5.2607752728581702e-04
34                                     2.4763949643465587e-02         7.4576775949583979e-03        -3.3360478620930700e-07         3.2067470621163930e-03        -4.2132923138255406e-03         4.4161856267757144e-07        -4.0436191637328026e-04        -1.1527765061101591e-03
35                                    -3.1962205633230611e-06         2.0547912164881388e-06         8.4076244327272627e-03         2.2725722249467492e-06         2.1664915091987151e-06         6.9697472369459126e-03        -1.1064170697113981e-06        -1.5418180549615538e-06
36                                     3.6784126353627791e-04        -2.0271443887577255e-03         1.4772076913553799e-06        -6.1249717602984239e-03         6.3890420092863921e-04         1.7868034610976728e-06        -4.0941856130754673e-03        -2.8077581669308429e-02
37                                     2.8212363858823720e-04        -5.7229641910461855e-04         1.0021268514546399e-06        -1.6837673546551135e-03         1.1525135966400576e-03        -1.5341848330113377e-06        -1.9844120580291558e-03        -8.7137461087649082e-03
38                                     1.6348408368846106e-06        -3.1445504027620279e-06        -1.2683481487970507e-03         1.6720823405507768e-06         5.1086264801396486e-06         2.8619593001886767e-03         2.5446395030739592e-05         6.2756635175089182e-06
                                                         8                           9                          10                          11                          12                          13                          14                          15

0                                     -2.3831203740178221e-06        -5.8855347904964023e-02         1.5364735726335954e-02         1.0049024338153344e-05         6.7656131958927002e-02         4.3143915189473817e-02        -2.8752591094281345e-06        -2.0961849555513845e-01
1                                      1.5085250188965333e-05         3.0570585243167910e-02        -7.0545898984733261e-03        -4.4146168523369613e-06        -1.3508025255409686e-02        -7.0566001351702018e-02        -1.5939888886307397e-06         1.2168006876286191e-01
2                                      8.8347682226939742e-03         5.0283047680663948e-06        -7.2700674744183001e-06        -1.1147956073513026e-02        -5.4594508179647042e-06         8.6173211447378869e-07         2.4312221726231098e-02         3.1068614980006333e-06
3                                      2.7761905400575009e-05         6.0381445454657331e-02         3.8764335972378073e-03        -4.9723880626542196e-06        -4.0597994222414842e-02        -3.8220152822224018e-02         1.5402541672982439e-06        -4.2730798476331169e-02
4                                      3.3977313003300501e-05         4.1982965477998097e-02        -5.1924145490927387e-02         2.3202935116059990e-07        -4.0066824233570664e-02        -2.6128291472566689e-02         3.9595102817021898e-06         2.2286945724141437e-02
5                                     -6.7063669937358322e-02        -7.7813903773461026e-06         1.0739398328492857e-06         8.5896985805706799e-03        -2.2214453875459153e-07         1.5226493078547743e-06        -1.0328446125018828e-02         8.2875688857306631e-06
6                                     -8.3175421776439596e-05        -1.8799085668196219e-01         1.0687794172878451e-01         1.7907785634433648e-05        -6.5416527794531262e-02         7.5821610951147984e-03         1.4547604339418769e-05        -4.8124005666164149e-04
7                                     -2.0022296886583581e-05         5.7622933925168297e-02        -2.4598376376407396e-01        -1.0075218298957897e-05         6.0040990445768265e-02         5.1894996202042486e-02        -8.8798241568147365e-06         4.3945774827312094e-03
8                                      1.3311033483656987e-01         3.6994584190467653e-05        -6.2692289641012531e-06        -7.1094804379084331e-02         8.7965852621262180e-06        -1.7021886312178962e-05         2.6537450175325231e-02        -6.7749042357840208e-06
9                                      3.6994584190467653e-05         6.5341046931911162e-01         3.4974266439108614e-02        -5.7712182639238578e-05        -3.2171188143005175e-01        -1.4214970985560849e-02         1.9149259219580597e-05        -3.4561199962592146e-02
10                                    -6.2692289641012531e-06         3.4974266439108614e-02         7.3432240255081538e-01         1.6026386789811231e-05        -3.4961341481075062e-02        -1.2694882181282291e-01         5.3540640750122256e-06        -5.3310844176790204e-02
11                                    -7.1094804379084331e-02        -5.7712182639238578e-05         1.6026386789811231e-05         1.6185055700301446e-01         1.9765647622396924e-05         8.5217469554418525e-06        -6.9247189111079896e-02         2.8342095817413451e-06
12                                     8.7965852621262180e-06        -3.2171188143005175e-01        -3.4961341481075062e-02         1.9765647622396924e-05         5.3287476499859077e-01         1.0507700094641109e-01        -2.3226020660444653e-05        -1.4364600061173613e-01
13                                    -1.7021886312178962e-05        -1.4214970985560849e-02        -1.2694882181282291e-01         8.5217469554418525e-06         1.0507700094641109e-01         4.8376788672225607e-01         5.4583256645060783e-06        -6.6324666264468826e-02
14                                     2.6537450175325231e-02         1.9149259219580597e-05         5.3540640750122256e-06        -6.9247189111079896e-02        -2.3226020660444653e-05         5.4583256645060783e-06         9.3965959243409891e-02        -6.7754729834292692e-07
15                                    -6.7749042357840208e-06        -3.4561199962592146e-02        -5.3310844176790204e-02         2.8342095817413451e-06        -1.4364600061173613e-01        -6.6324666264468826e-02        -6.7754729834292692e-07         7.5411711245404689e-01
16                                    -5.7490621585971302e-06        -9.9469915865603054e-02        -7.6303677637641551e-03         6.3424816404522166e-06        -4.2757903562801014e-02        -2.9615790707007827e-01        -8.6503044042499148e-06         9.9799104990965400e-03
17                                    -1.2097804785222927e-02         6.2700977112080984e-07         4.3299794691491049e-06         2.9121571553302888e-03         9.0465179646322733e-07        -8.3638327201515367e-07        -6.8711375639539246e-02        -1.8530991957453915e-05
18                                     5.8697316433925934e-05        -3.8548027965786838e-02         1.3896192250219389e-02         4.5301576681813765e-06         7.3375584086212663e-03         4.0057088807508769e-03        -6.9852967058120819e-06        -1.2962616063430430e-03
19                                     3.9893110550117718e-05         2.8280736815481801e-02         1.3679885201241637e-02        -1.1516995911760598e-05         8.7844141981694539e-03        -4.0939785464908941e-03         2.1738071204968355e-06         1.3859962741336082e-03
20                                    -7.4146026350743438e-02        -6.4973066705097015e-06         1.7533703462324314e-05        -2.8669391901710644e-03         2.7171240819629877e-06        -5.1895254902998005e-07         1.0500195516905012e-02        -4.7232507650252121e-06
21                                    -2.5281246960144938e-05         1.1984467474620984e-03        -1.2968129043458317e-02         7.9158597802456303e-07        -7.4161401188132803e-03         3.0811710944109259e-04         4.2154080532049259e-06         7.0506818272214990e-04
22                                     2.5536172335158453e-06        -6.2063370128094004e-03         2.8640655865545665e-03         1.7744145430258424e-06         9.9385080208618231e-04         1.7965582208735445e-03        -1.8451581355639029e-06        -1.2311719044541232e-03
23                                     1.8993168716216789e-02         5.1611259068737011e-06        -1.2444932321120076e-05         4.2538861924974903e-03        -2.9574285496453628e-06         1.5558427688796189e-06        -3.0678132481577877e-03         2.8842923904638003e-06
