
$orca_hessian_file

$act_atom
  0

$act_coord
  0

$act_energy
        0.000000

$multiplicity
  1

$hessian
39
                    0                  1                  2                  3                  4        
    0      6.8411661162E-01   4.4627082016E-02   1.0708898567E-06  -3.5030255158E-01  -4.3844659685E-03
    1      4.4627082016E-02   7.2545673549E-01   9.2659818810E-06  -6.2385247568E-02  -1.3697841692E-01
    2      1.0708898567E-06   9.2659818810E-06   1.2739509928E-01  -5.6045923004E-06  -1.1035500982E-05
    3     -3.5030255158E-01  -6.2385247568E-02  -5.6045923004E-06   7.1701195601E-01  -4.5887885026E-02
    4     -4.3844659685E-03  -1.3697841692E-01  -1.1035500982E-05  -4.5887885026E-02   6.9259891783E-01
    5      1.6488239035E-06   6.8761720711E-07  -6.2908159165E-02  -5.2248842423E-05  -8.7309798356E-06
    6     -1.4240749031E-02  -3.9687430648E-02   7.1082450741E-06  -1.3743596993E-01  -6.8352061704E-02
    7     -7.3886103403E-02   1.5096363090E-02   1.5100878759E-05  -2.7986118969E-02  -2.9694503423E-01
    8     -2.3831203740E-06   1.5085250189E-05   8.8347682227E-03   2.7761905401E-05   3.3977313003E-05
    9     -5.8855347905E-02   3.0570585243E-02   5.0283047681E-06   6.0381445455E-02   4.1982965478E-02
   10      1.5364735726E-02  -7.0545898985E-03  -7.2700674744E-06   3.8764335972E-03  -5.1924145491E-02
   11      1.0049024338E-05  -4.4146168523E-06  -1.1147956074E-02  -4.9723880627E-06   2.3202935116E-07
   12      6.7656131959E-02  -1.3508025255E-02  -5.4594508180E-06  -4.0597994222E-02  -4.0066824234E-02
   13      4.3143915189E-02  -7.0566001352E-02   8.6173211447E-07  -3.8220152822E-02  -2.6128291473E-02
   14     -2.8752591094E-06  -1.5939888886E-06   2.4312221726E-02   1.5402541673E-06   3.9595102817E-06
   15     -2.0961849556E-01   1.2168006876E-01   3.1068614980E-06  -4.2730798476E-02   2.2286945724E-02
   16      5.3607945250E-02  -2.3971446726E-01   4.3694072709E-06   6.5344103105E-02   5.2768862058E-02
   17      4.4514703210E-06  -3.6092631770E-06  -7.0257620845E-02   6.4233675777E-07   1.8216052526E-06
   18      1.0351858089E-02  -2.1615033570E-03  -7.4111098109E-06  -2.1483776706E-02  -2.7370265173E-02
   19     -5.1977393485E-03  -7.1432658642E-03   1.2456952272E-06  -3.3899831672E-02   2.3068245232E-03
   20      5.9939043633E-06  -2.4831280144E-06   9.2227436870E-03  -8.0796543547E-06  -1.0191687306E-05
   21     -1.6047482226E-03   1.5379837306E-03   1.4749905224E-06   5.2830600204E-03   8.3850617606E-03
   22      3.7693582074E-03   1.3241271696E-03  -2.5629490685E-06  -3.7151999373E-03  -8.6291970051E-03
   23     -4.5294997327E-06   6.2386829791E-07  -1.6386731984E-03   5.1582908509E-06   9.8338627393E-06
   24     -9.8784785394E-02  -9.7870266097E-02  -6.9530828184E-06  -7.0316358560E-03  -3.0536405703E-02
   25     -9.7734893848E-02  -2.9652023341E-01  -1.1709396544E-05   2.6119888867E-05   1.0584042230E-04
   26     -6.0029718226E-06  -1.0781777180E-05  -3.6442163225E-02   7.9094034398E-07  -6.4305996780E-07
   27     -1.3903353111E-02   2.4663385957E-02   4.4392154863E-06  -1.7284718011E-01   1.3632108286E-01
   28     -5.1005706096E-03   8.7933806385E-03   9.5031065637E-07   1.3700568317E-01  -2.2187110102E-01
   29     -4.2116666626E-06  -1.0278851712E-06   6.6658635128E-03   2.7178078703E-05  -1.9987132354E-05
   30     -8.2481940235E-04  -2.7463858559E-04  -3.2496208940E-08  -3.0956373735E-03   2.9559737032E-03
   31      6.3423353223E-04   4.2098714649E-04  -4.3744672665E-07   4.3731091564E-03  -2.2434799733E-03
   32      1.8686947423E-06  -1.0946628403E-07  -1.1754002031E-03   7.9738536407E-07  -1.9998740247E-06
   33     -1.4357592732E-02  -5.0544198357E-03  -1.7638930374E-06  -1.0259454770E-03   3.9729814484E-03
   34      2.4763949643E-02   7.4576775950E-03  -3.3360478621E-07   3.2067470621E-03  -4.2132923138E-03
   35     -3.1962205633E-06   2.0547912165E-06   8.4076244327E-03   2.2725722249E-06   2.1664915092E-06
   36      3.6784126354E-04  -2.0271443888E-03   1.4772076914E-06  -6.1249717603E-03   6.3890420093E-04
   37      2.8212363859E-04  -5.7229641910E-04   1.0021268515E-06  -1.6837673547E-03   1.1525135966E-03
   38      1.6348408369E-06  -3.1445504028E-06  -1.2683481488E-03   1.6720823406E-06   5.1086264801E-06
                    5                  6                  7                  8                  9        
    0      1.6488239035E-06  -1.4240749031E-02  -7.3886103403E-02  -2.3831203740E-06  -5.8855347905E-02
    1      6.8761720711E-07  -3.9687430648E-02   1.5096363090E-02   1.5085250189E-05   3.0570585243E-02
    2     -6.2908159165E-02   7.1082450741E-06   1.5100878759E-05   8.8347682227E-03   5.0283047681E-06
    3     -5.2248842423E-05  -1.3743596993E-01  -2.7986118969E-02   2.7761905401E-05   6.0381445455E-02
    4     -8.7309798356E-06  -6.8352061704E-02  -2.9694503423E-01   3.3977313003E-05   4.1982965478E-02
    5      1.4495172123E-01   1.9258494759E-05   1.7631621773E-05  -6.7063669937E-02  -7.7813903773E-06
    6      1.9258494759E-05   6.4595420193E-01  -3.3152567882E-03  -8.3175421776E-05  -1.8799085668E-01
    7      1.7631621773E-05  -3.3152567882E-03   6.9479766536E-01  -2.0022296887E-05   5.7622933925E-02
    8     -6.7063669937E-02  -8.3175421776E-05  -2.0022296887E-05   1.3311033484E-01   3.6994584190E-05
    9     -7.7813903773E-06  -1.8799085668E-01   5.7622933925E-02   3.6994584190E-05   6.5341046932E-01
   10      1.0739398328E-06   1.0687794173E-01  -2.4598376376E-01  -6.2692289641E-06   3.4974266439E-02
   11      8.5896985806E-03   1.7907785634E-05  -1.0075218299E-05  -7.1094804379E-02  -5.7712182639E-05
   12     -2.2214453875E-07  -6.5416527795E-02   6.0040990446E-02   8.7965852621E-06  -3.2171188143E-01
   13      1.5226493079E-06   7.5821610951E-03   5.1894996202E-02  -1.7021886312E-05  -1.4214970986E-02
   14     -1.0328446125E-02   1.4547604339E-05  -8.8798241568E-06   2.6537450175E-02   1.9149259220E-05
   15      8.2875688857E-06  -4.8124005666E-04   4.3945774827E-03  -6.7749042358E-06  -3.4561199963E-02
   16     -1.0493414458E-05   1.9095977156E-02  -6.1890187201E-02  -5.7490621586E-06  -9.9469915866E-02
   17      8.6622910942E-03  -5.0761205830E-07  -2.7182989483E-06  -1.2097804785E-02   6.2700977112E-07
   18      2.1990601756E-06  -1.8489381087E-01  -3.7258901336E-02   5.8697316434E-05  -3.8548027966E-02
   19      1.6344729666E-05  -6.4153696118E-02  -1.3126659041E-01   3.9893110550E-05   2.8280736815E-02
   20      2.1215449071E-03   3.4440767155E-05  -1.7462928521E-05  -7.4146026351E-02  -6.4973066705E-06
   21      4.4058694739E-06  -6.8859024966E-02   3.6923593533E-02  -2.5281246960E-05   1.1984467475E-03
   22     -3.7472969999E-06   3.3158188659E-02   1.9639104101E-02   2.5536172335E-06  -6.2063370128E-03
   23     -5.5018159720E-04  -1.1436937402E-05   1.0399102342E-05   1.8993168716E-02   5.1611259069E-06
   24      8.6703708396E-07  -6.0502240139E-03   2.5520231111E-04   2.6662636754E-06  -2.0951755469E-03
   25      2.9880963639E-06  -5.7844565786E-04   2.3817961698E-03   1.0731296563E-06   1.9100756193E-03
   26      2.6900970734E-03   7.0625984234E-07   1.5586284300E-06   9.2337006959E-03  -7.5521360680E-07
   27      1.9345756031E-05   1.2500588272E-02  -6.4677528636E-03  -4.7767161051E-06  -6.9562266694E-05
   28     -2.1357303804E-05   1.9985181121E-02  -1.8726633506E-02  -2.7856928631E-06  -4.2934989699E-03
   29     -4.2372050050E-02  -3.7478818636E-06  -6.3568313239E-06   5.0054208365E-03  -1.0859862310E-08
   30      2.3361288440E-06   1.0255931769E-02   1.7076098632E-02  -6.8568007249E-07  -7.4666392506E-02
   31      6.6170306894E-07  -8.0715436970E-03  -1.9131193189E-02   4.1238733148E-07  -6.8945912071E-02
   32      6.3754474537E-03  -7.1613029230E-06   7.0466816512E-06   7.0875358867E-03   7.0948404471E-06
   33      3.2084657096E-06   7.5186698718E-04   5.2607752729E-04   2.0249328115E-06   2.5105041826E-03
   34      4.4161856268E-07  -4.0436191637E-04  -1.1527765061E-03   7.4256076051E-07  -3.2628330843E-03
   35      6.9697472369E-03  -1.1064170697E-06  -1.5418180550E-06  -1.1684024682E-03   2.4510383104E-06
   36      1.7868034611E-06  -4.0941856131E-03  -2.8077581669E-02  -2.6144476993E-05   9.9757856145E-04
   37     -1.5341848330E-06  -1.9844120580E-03  -8.7137461088E-03  -3.2844561823E-05   1.1872610379E-03
   38      2.8619593002E-03   2.5446395031E-05   6.2756635175E-06   1.6768328551E-02   6.1437706747E-06
                   10                 11                 12                 13                 14        
    0      1.5364735726E-02   1.0049024338E-05   6.7656131959E-02   4.3143915189E-02  -2.8752591094E-06
    1     -7.0545898985E-03  -4.4146168523E-06  -1.3508025255E-02  -7.0566001352E-02  -1.5939888886E-06
    2     -7.2700674744E-06  -1.1147956074E-02  -5.4594508180E-06   8.6173211447E-07   2.4312221726E-02
    3      3.8764335972E-03  -4.9723880627E-06  -4.0597994222E-02  -3.8220152822E-02   1.5402541673E-06
    4     -5.1924145491E-02   2.3202935116E-07  -4.0066824234E-02  -2.6128291473E-02   3.9595102817E-06
    5      1.0739398328E-06   8.5896985806E-03  -2.2214453875E-07   1.5226493079E-06  -1.0328446125E-02
    6      1.0687794173E-01   1.7907785634E-05  -6.5416527795E-02   7.5821610951E-03   1.4547604339E-05
    7     -2.4598376376E-01  -1.0075218299E-05   6.0040990446E-02   5.1894996202E-02  -8.8798241568E-06
    8     -6.2692289641E-06  -7.1094804379E-02   8.7965852621E-06  -1.7021886312E-05   2.6537450175E-02
    9      3.4974266439E-02  -5.7712182639E-05  -3.2171188143E-01  -1.4214970986E-02   1.9149259220E-05
   10      7.3432240255E-01   1.6026386790E-05  -3.4961341481E-02  -1.2694882181E-01   5.3540640750E-06
   11      1.6026386790E-05   1.6185055700E-01   1.9765647622E-05   8.5217469554E-06  -6.9247189111E-02
   12     -3.4961341481E-02   1.9765647622E-05   5.3287476500E-01   1.0507700095E-01  -2.3226020660E-05
   13     -1.2694882181E-01   8.5217469554E-06   1.0507700095E-01   4.8376788672E-01   5.4583256645E-06
   14      5.3540640750E-06  -6.9247189111E-02  -2.3226020660E-05   5.4583256645E-06   9.3965959243E-02
   15     -5.3310844177E-02   2.8342095817E-06  -1.4364600061E-01  -6.6324666264E-02  -6.7754729834E-07
   16     -7.6303677638E-03   6.3424816405E-06  -4.2757903563E-02  -2.9615790707E-01  -8.6503044042E-06
   17      4.3299794691E-06   2.9121571553E-03   9.0465179646E-07  -8.3638327202E-07  -6.8711375640E-02
   18      1.3896192250E-02   4.5301576682E-06   7.3375584086E-03   4.0057088808E-03  -6.9852967058E-06
   19      1.3679885201E-02  -1.1516995912E-05   8.7844141982E-03  -4.0939785465E-03   2.1738071205E-06
   20      1.7533703462E-05  -2.8669391902E-03   2.7171240820E-06  -5.1895254903E-07   1.0500195517E-02
   21     -1.2968129043E-02   7.9158597802E-07  -7.4161401188E-03   3.0811710944E-04   4.2154080532E-06
   22      2.8640655866E-03   1.7744145430E-06   9.9385080209E-04   1.7965582209E-03  -1.8451581356E-06
   23     -1.2444932321E-05   4.2538861925E-03  -2.9574285496E-06   1.5558427689E-06  -3.0678132482E-03
   24      6.4958799513E-04  -8.4130579703E-08  -1.3049735246E-03   4.7582300537E-03  -8.5199575324E-07
   25      1.0197812430E-03  -8.5571337223E-08   4.0371938748E-03  -3.8929891214E-03  -8.5014194068E-07
   26      2.8259084012E-07  -3.9371613098E-04   8.5927547057E-07  -4.1927610865E-07   7.7572760312E-03
   27     -2.7362334765E-03  -1.8828535136E-07  -2.5740049832E-04  -6.7749518173E-04  -2.2750146886E-07
   28     -4.4552687535E-03   2.4742241251E-06  -3.7316955600E-04   4.1607618738E-04  -4.3100985507E-08
   29      3.8323549467E-06   7.9515456610E-03   2.9877594310E-06  -6.1273938443E-07  -4.5054025177E-03
   30     -6.7759838397E-02  -1.4967385908E-06  -1.9113265851E-02  -3.5168566265E-02   7.2524446135E-07
   31     -3.0284328908E-01  -7.6554455794E-06  -9.5400942420E-03   3.2420002846E-04   8.2341063780E-07
   32     -1.8804732858E-05  -4.0970186366E-02  -4.8137226206E-06   4.8101724543E-06  -3.5334304667E-03
   33     -1.0858045077E-03  -1.6660861130E-06  -8.3686876305E-03  -1.1111913969E-02  -1.8215778033E-07
   34     -4.4847386392E-03  -4.2087864332E-07  -3.6911896906E-02  -1.0914509441E-02   3.3239778042E-07
   35      1.2351586238E-06   1.1123169725E-02  -1.0665487371E-06  -4.0185741305E-06  -3.1287942261E-03
   36     -2.9523232236E-03   3.4842038174E-07  -3.5583684453E-05   8.4247132125E-04   4.7381722384E-07
   37     -5.6114937409E-04   1.3765889516E-06  -8.1403413833E-04   5.0278145463E-04   2.1541517799E-07
   38     -7.4583621557E-06  -9.6022306665E-04  -3.9115364283E-06   4.2429302649E-06  -5.5065135874E-04
                   15                 16                 17                 18                 19        
    0     -2.0961849556E-01   5.3607945250E-02   4.4514703210E-06   1.0351858089E-02  -5.1977393485E-03
    1      1.2168006876E-01  -2.3971446726E-01  -3.6092631770E-06  -2.1615033570E-03  -7.1432658642E-03
    2      3.1068614980E-06   4.3694072709E-06  -7.0257620845E-02  -7.4111098109E-06   1.2456952272E-06
    3     -4.2730798476E-02   6.5344103105E-02   6.4233675777E-07  -2.1483776706E-02  -3.3899831672E-02
    4      2.2286945724E-02   5.2768862058E-02   1.8216052526E-06  -2.7370265173E-02   2.3068245232E-03
    5      8.2875688857E-06  -1.0493414458E-05   8.6622910942E-03   2.1990601756E-06   1.6344729666E-05
    6     -4.8124005666E-04   1.9095977156E-02  -5.0761205830E-07  -1.8489381087E-01  -6.4153696118E-02
    7      4.3945774827E-03  -6.1890187201E-02  -2.7182989483E-06  -3.7258901336E-02  -1.3126659041E-01
    8     -6.7749042358E-06  -5.7490621586E-06  -1.2097804785E-02   5.8697316434E-05   3.9893110550E-05
    9     -3.4561199963E-02  -9.9469915866E-02   6.2700977112E-07  -3.8548027966E-02   2.8280736815E-02
   10     -5.3310844177E-02  -7.6303677638E-03   4.3299794691E-06   1.3896192250E-02   1.3679885201E-02
   11      2.8342095817E-06   6.3424816405E-06   2.9121571553E-03   4.5301576682E-06  -1.1516995912E-05
   12     -1.4364600061E-01  -4.2757903563E-02   9.0465179646E-07   7.3375584086E-03   8.7844141982E-03
   13     -6.6324666264E-02  -2.9615790707E-01  -8.3638327202E-07   4.0057088808E-03  -4.0939785465E-03
   14     -6.7754729834E-07  -8.6503044042E-06  -6.8711375640E-02  -6.9852967058E-06   2.1738071205E-06
   15      7.5411711245E-01   9.9799104991E-03  -1.8530991957E-05  -1.2962616063E-03   1.3859962741E-03
   16      9.9799104991E-03   6.2731259020E-01   7.6026306258E-06   1.7386413740E-03  -5.9412399519E-03
   17     -1.8530991957E-05   7.6026306258E-06   1.6130624435E-01   1.0572608261E-06  -1.6923001255E-06
   18     -1.2962616063E-03   1.7386413740E-03   1.0572608261E-06   6.8798992645E-01  -1.4501124382E-01
   19      1.3859962741E-03  -5.9412399519E-03  -1.6923001255E-06  -1.4501124382E-01   7.5609616875E-01
   20     -4.7232507650E-06  -1.0989405124E-06  -3.9109261323E-04   2.5354618236E-04   4.2995400521E-05
   21      7.0506818272E-04   1.9180087786E-03   2.5639510736E-07  -3.8169885667E-01   2.7013277385E-01
   22     -1.2311719045E-03   1.2105569619E-03   4.3206251101E-07   2.6319973611E-01  -3.7586586860E-01
   23      2.8842923905E-06   7.5459044131E-08  -2.2587454665E-04  -2.4123518248E-04   2.0649647234E-04
   24      1.2577728533E-02   1.8160326140E-02   3.5690042127E-07   7.8180864291E-04  -2.0335670603E-03
   25     -1.4481805597E-02  -1.7296468309E-02   1.0057475592E-06   5.2232966290E-04  -1.7991509608E-04
   26     -4.1571057479E-07   1.6464437318E-07   7.8184529339E-04   2.6146523823E-07  -5.8507560212E-07
   27     -5.4863132464E-03  -2.8924982952E-03   8.8416824253E-07   1.5337688285E-04  -1.6551070643E-05
   28     -1.9728837227E-03   1.1118014889E-03  -1.2925438983E-07   3.6972264925E-03  -5.3662610529E-04
   29      1.8712808816E-07  -2.3217163206E-06   9.6289013470E-03   2.8074414511E-06   9.4503833481E-07
   30     -4.9858553928E-03  -1.4252107476E-03   1.1354534574E-06   8.2538121884E-04   3.2762482982E-03
   31      4.9790300577E-04   3.1588698878E-03  -3.9314919609E-07  -3.6115114449E-03  -6.1731046600E-04
   32      2.5510224864E-06   2.1664173812E-06   1.0762549531E-02   6.7457406576E-07   4.3275055920E-07
   33     -3.2475730995E-01  -2.3304842280E-02   9.7972807749E-06  -5.0134392517E-05   1.2740881467E-04
   34     -2.3150163079E-02  -5.7374500017E-02   3.5628547067E-07   1.4841676139E-04   1.5483748322E-05
   35      1.0681007532E-05  -7.5665504470E-08  -4.2708494165E-02   1.4842225389E-06   3.0932875911E-08
   36      1.6356568538E-04   1.7256639828E-04  -3.7477103335E-07  -7.9469041487E-02  -6.1742060771E-02
   37      7.9025046390E-05   4.4245697396E-04   1.6225171000E-07  -7.1727714793E-02  -2.4645356718E-01
   38     -1.0923805813E-07   1.3361495326E-06   3.3827382551E-04  -9.2706267010E-05  -2.7963030829E-04
                   20                 21                 22                 23                 24        
    0      5.9939043633E-06  -1.6047482226E-03   3.7693582074E-03  -4.5294997327E-06  -9.8784785394E-02
    1     -2.4831280144E-06   1.5379837306E-03   1.3241271696E-03   6.2386829791E-07  -9.7870266097E-02
    2      9.2227436870E-03   1.4749905224E-06  -2.5629490685E-06  -1.6386731984E-03  -6.9530828184E-06
    3     -8.0796543547E-06   5.2830600204E-03  -3.7151999373E-03   5.1582908509E-06  -7.0316358560E-03
    4     -1.0191687306E-05   8.3850617606E-03  -8.6291970051E-03   9.8338627393E-06  -3.0536405703E-02
    5      2.1215449071E-03   4.4058694739E-06  -3.7472969999E-06  -5.5018159720E-04   8.6703708396E-07
    6      3.4440767155E-05  -6.8859024966E-02   3.3158188659E-02  -1.1436937402E-05  -6.0502240139E-03
    7     -1.7462928521E-05   3.6923593533E-02   1.9639104101E-02   1.0399102342E-05   2.5520231111E-04
    8     -7.4146026351E-02  -2.5281246960E-05   2.5536172335E-06   1.8993168716E-02   2.6662636754E-06
    9     -6.4973066705E-06   1.1984467475E-03  -6.2063370128E-03   5.1611259069E-06  -2.0951755469E-03
   10      1.7533703462E-05  -1.2968129043E-02   2.8640655866E-03  -1.2444932321E-05   6.4958799513E-04
   11     -2.8669391902E-03   7.9158597802E-07   1.7744145430E-06   4.2538861925E-03  -8.4130579703E-08
   12      2.7171240820E-06  -7.4161401188E-03   9.9385080209E-04  -2.9574285496E-06  -1.3049735246E-03
   13     -5.1895254903E-07   3.0811710944E-04   1.7965582209E-03   1.5558427689E-06   4.7582300537E-03
   14      1.0500195517E-02   4.2154080532E-06  -1.8451581356E-06  -3.0678132482E-03  -8.5199575324E-07
   15     -4.7232507650E-06   7.0506818272E-04  -1.2311719045E-03   2.8842923905E-06   1.2577728533E-02
   16     -1.0989405124E-06   1.9180087786E-03   1.2105569619E-03   7.5459044131E-08   1.8160326140E-02
   17     -3.9109261323E-04   2.5639510736E-07   4.3206251101E-07  -2.2587454665E-04   3.5690042127E-07
   18      2.5354618236E-04  -3.8169885667E-01   2.6319973611E-01  -2.4123518248E-04   7.8180864291E-04
   19      4.2995400521E-05   2.7013277385E-01  -3.7586586860E-01   2.0649647234E-04  -2.0335670603E-03
   20      1.8785057195E-01  -2.0813806284E-04   1.6543674185E-04  -6.6811551669E-02   6.4417896373E-08
   21     -2.0813806284E-04   4.4383507692E-01  -3.2666017576E-01   2.3643839628E-04  -1.5964116806E-04
   22      1.6543674185E-04  -3.2666017576E-01   3.9308911564E-01  -1.9513322607E-04   4.9526122490E-04
   23     -6.6811551669E-02   2.3643839628E-04  -1.9513322607E-04   2.9077107281E-02  -5.5882009536E-07
   24      6.4417896373E-08  -1.5964116806E-04   4.9526122490E-04  -5.5882009536E-07   1.0077004879E-01
   25     -3.1298507765E-08  -1.9500884411E-04   1.3011639400E-04  -5.6996571132E-07   1.0664982082E-01
   26      4.3314567523E-04  -6.0067842030E-08   6.1990160146E-08   1.3094178793E-04   5.1417571718E-06
   27     -6.0892977169E-07  -6.9105958208E-04  -1.0472052792E-05  -6.3638117841E-07   1.2700155246E-03
   28      2.1087959031E-06  -9.2752584102E-04   2.4103252543E-03  -2.0303644766E-06   2.8137188034E-04
   29     -4.1343344702E-03  -1.3867300418E-06   1.1839917265E-06   1.6169678694E-04  -2.2858108627E-07
   30      1.0678878254E-06   2.7100149514E-04  -1.2005921374E-03   1.0944106671E-07   2.0415748664E-04
   31     -2.2951617096E-07   6.8593112619E-04   6.7563718864E-04  -7.3048726609E-07  -2.9796857707E-05
   32     -3.0422504753E-03  -4.1142687612E-07   1.0975760965E-07   2.5857598291E-04   1.1339123235E-07
   33     -8.7764731735E-07  -1.8734998235E-04  -5.3879044029E-05   6.9525058603E-07   4.1196509980E-04
   34      2.1140480959E-07  -1.9782556393E-04   2.9462054824E-04  -2.5416775992E-07  -5.0815323691E-04
   35     -2.7393117719E-03  -6.7550759508E-07   4.2575094921E-07   8.4486871227E-04   3.5400204243E-07
   36     -4.5825256706E-05   9.3241673446E-03   3.7523037861E-02   3.1105831508E-06  -5.8928856938E-04
   37     -2.1340285223E-04   2.0995590152E-02  -3.8939161464E-02  -1.3006573732E-05  -2.6487141765E-04
   38     -5.5996695199E-02  -3.8327340428E-06   2.6495413502E-05   1.8573848799E-02  -7.7122787543E-07
                   25                 26                 27                 28                 29        
    0     -9.7734893848E-02  -6.0029718226E-06  -1.3903353111E-02  -5.1005706096E-03  -4.2116666626E-06
    1     -2.9652023341E-01  -1.0781777180E-05   2.4663385957E-02   8.7933806385E-03  -1.0278851712E-06
    2     -1.1709396544E-05  -3.6442163225E-02   4.4392154863E-06   9.5031065637E-07   6.6658635128E-03
    3      2.6119888867E-05   7.9094034398E-07  -1.7284718011E-01   1.3700568317E-01   2.7178078703E-05
    4      1.0584042230E-04  -6.4305996780E-07   1.3632108286E-01  -2.2187110102E-01  -1.9987132354E-05
    5      2.9880963639E-06   2.6900970734E-03   1.9345756031E-05  -2.1357303804E-05  -4.2372050050E-02
    6     -5.7844565786E-04   7.0625984234E-07   1.2500588272E-02   1.9985181121E-02  -3.7478818636E-06
    7      2.3817961698E-03   1.5586284300E-06  -6.4677528636E-03  -1.8726633506E-02  -6.3568313239E-06
    8      1.0731296563E-06   9.2337006959E-03  -4.7767161051E-06  -2.7856928631E-06   5.0054208365E-03
    9      1.9100756193E-03  -7.5521360680E-07  -6.9562266694E-05  -4.2934989699E-03  -1.0859862310E-08
   10      1.0197812430E-03   2.8259084012E-07  -2.7362334765E-03  -4.4552687535E-03   3.8323549467E-06
   11     -8.5571337223E-08  -3.9371613098E-04  -1.8828535136E-07   2.4742241251E-06   7.9515456610E-03
   12      4.0371938748E-03   8.5927547057E-07  -2.5740049832E-04  -3.7316955600E-04   2.9877594310E-06
   13     -3.8929891214E-03  -4.1927610865E-07  -6.7749518173E-04   4.1607618738E-04  -6.1273938443E-07
   14     -8.5014194068E-07   7.7572760312E-03  -2.2750146886E-07  -4.3100985507E-08  -4.5054025177E-03
   15     -1.4481805597E-02  -4.1571057479E-07  -5.4863132464E-03  -1.9728837227E-03   1.8712808816E-07
   16     -1.7296468309E-02   1.6464437318E-07  -2.8924982952E-03   1.1118014889E-03  -2.3217163206E-06
   17      1.0057475592E-06   7.8184529339E-04   8.8416824253E-07  -1.2925438983E-07   9.6289013470E-03
   18      5.2232966290E-04   2.6146523823E-07   1.5337688285E-04   3.6972264925E-03   2.8074414511E-06
   19     -1.7991509608E-04  -5.8507560212E-07  -1.6551070643E-05  -5.3662610529E-04   9.4503833481E-07
   20     -3.1298507765E-08   4.3314567523E-04  -6.0892977169E-07   2.1087959031E-06  -4.1343344702E-03
   21     -1.9500884411E-04  -6.0067842030E-08  -6.9105958208E-04  -9.2752584102E-04  -1.3867300418E-06
   22      1.3011639400E-04   6.1990160146E-08  -1.0472052792E-05   2.4103252543E-03   1.1839917265E-06
   23     -5.6996571132E-07   1.3094178793E-04  -6.3638117841E-07  -2.0303644766E-06   1.6169678694E-04
   24      1.0664982082E-01   5.1417571718E-06   1.2700155246E-03   2.8137188034E-04  -2.2858108627E-07
   25      3.1323480637E-01   9.3721739387E-06  -1.4624071559E-04   6.2329943899E-04   4.9644650301E-07
   26      9.3721739387E-06   2.5466748159E-02  -4.4296706416E-07   3.6533908957E-08  -4.4455730661E-03
   27     -1.4624071559E-04  -4.4296706416E-07   1.7975760827E-01  -1.4902375859E-01  -2.0114074667E-05
   28      6.2329943899E-04   3.6533908957E-08  -1.4902375859E-01   2.3280356998E-01   2.2528196858E-05
   29      4.9644650301E-07  -4.4455730661E-03  -2.0114074667E-05   2.2528196858E-05   2.6733066695E-02
   30     -2.1501582676E-04  -1.8769782281E-07   3.3049941432E-04   1.1874247903E-03  -3.9745041721E-07
   31     -1.0121005888E-04  -6.5607098166E-08  -7.7965966484E-04  -1.0314004140E-03   2.8891549165E-07
   32     -7.4678427792E-08  -1.8638861609E-03   2.0088699208E-08  -4.3721660720E-07   5.2237723289E-05
   33      2.6540410310E-04  -2.8282638884E-08  -7.7965115919E-04  -3.9966912743E-04   2.5779885154E-07
   34      5.4945876035E-04  -4.3695622949E-08   1.3099861721E-03   3.0192472717E-04   6.5044856474E-09
   35      9.6137005006E-08  -2.8851607200E-03  -6.0990094494E-07   3.1398047353E-09  -9.5420618146E-04
   36     -6.6273537973E-05   1.7281990078E-08   2.2431610020E-05  -6.0924696102E-05  -4.8365542858E-07
   37     -5.4282798643E-05  -1.6255317698E-07   4.5132056971E-04   1.6065208160E-04  -3.2492449177E-07
   38     -4.8619545177E-07  -4.6325541333E-04   7.8221598122E-08   3.1512570044E-08   2.1283372237E-04
                   30                 31                 32                 33                 34        
    0     -8.2481940235E-04   6.3423353223E-04   1.8686947423E-06  -1.4357592732E-02   2.4763949643E-02
    1     -2.7463858559E-04   4.2098714649E-04  -1.0946628403E-07  -5.0544198357E-03   7.4576775950E-03
    2     -3.2496208940E-08  -4.3744672665E-07  -1.1754002031E-03  -1.7638930374E-06  -3.3360478621E-07
    3     -3.0956373735E-03   4.3731091564E-03   7.9738536407E-07  -1.0259454770E-03   3.2067470621E-03
    4      2.9559737032E-03  -2.2434799733E-03  -1.9998740247E-06   3.9729814484E-03  -4.2132923138E-03
    5      2.3361288440E-06   6.6170306894E-07   6.3754474537E-03   3.2084657096E-06   4.4161856268E-07
    6      1.0255931769E-02  -8.0715436970E-03  -7.1613029230E-06   7.5186698718E-04  -4.0436191637E-04
    7      1.7076098632E-02  -1.9131193189E-02   7.0466816512E-06   5.2607752729E-04  -1.1527765061E-03
    8     -6.8568007249E-07   4.1238733148E-07   7.0875358867E-03   2.0249328115E-06   7.4256076051E-07
    9     -7.4666392506E-02  -6.8945912071E-02   7.0948404471E-06   2.5105041826E-03  -3.2628330843E-03
   10     -6.7759838397E-02  -3.0284328908E-01  -1.8804732858E-05  -1.0858045077E-03  -4.4847386392E-03
   11     -1.4967385908E-06  -7.6554455794E-06  -4.0970186366E-02  -1.6660861130E-06  -4.2087864332E-07
   12     -1.9113265851E-02  -9.5400942420E-03  -4.8137226206E-06  -8.3686876305E-03  -3.6911896906E-02
   13     -3.5168566265E-02   3.2420002846E-04   4.8101724543E-06  -1.1111913969E-02  -1.0914509441E-02
   14      7.2524446135E-07   8.2341063780E-07  -3.5334304667E-03  -1.8215778033E-07   3.3239778042E-07
   15     -4.9858553928E-03   4.9790300577E-04   2.5510224864E-06  -3.2475730995E-01  -2.3150163079E-02
   16     -1.4252107476E-03   3.1588698878E-03   2.1664173812E-06  -2.3304842280E-02  -5.7374500017E-02
   17      1.1354534574E-06  -3.9314919609E-07   1.0762549531E-02   9.7972807749E-06   3.5628547067E-07
   18      8.2538121884E-04  -3.6115114449E-03   6.7457406576E-07  -5.0134392517E-05   1.4841676139E-04
   19      3.2762482982E-03  -6.1731046600E-04   4.3275055920E-07   1.2740881467E-04   1.5483748322E-05
   20      1.0678878254E-06  -2.2951617096E-07  -3.0422504753E-03  -8.7764731735E-07   2.1140480959E-07
   21      2.7100149514E-04   6.8593112619E-04  -4.1142687612E-07  -1.8734998235E-04  -1.9782556393E-04
   22     -1.2005921374E-03   6.7563718864E-04   1.0975760965E-07  -5.3879044029E-05   2.9462054824E-04
   23      1.0944106671E-07  -7.3048726609E-07   2.5857598291E-04   6.9525058603E-07  -2.5416775992E-07
   24      2.0415748664E-04  -2.9796857707E-05   1.1339123235E-07   4.1196509980E-04  -5.0815323691E-04
   25     -2.1501582676E-04  -1.0121005888E-04  -7.4678427792E-08   2.6540410310E-04   5.4945876035E-04
   26     -1.8769782281E-07  -6.5607098166E-08  -1.8638861609E-03  -2.8282638884E-08  -4.3695622949E-08
   27      3.3049941432E-04  -7.7965966484E-04   2.0088699208E-08  -7.7965115919E-04   1.3099861721E-03
   28      1.1874247903E-03  -1.0314004140E-03  -4.3721660720E-07  -3.9966912743E-04   3.0192472717E-04
   29     -3.9745041721E-07   2.8891549165E-07   5.2237723289E-05   2.5779885154E-07   6.5044856474E-09
   30      9.1598935490E-02   8.3525854913E-02  -3.5497351404E-07  -3.2969902960E-04  -1.2434071722E-03
   31      8.3525854913E-02   3.2069233296E-01   6.0715238866E-06   5.1586171732E-05  -1.0484790802E-04
   32     -3.5497351404E-07   6.0715238866E-06   2.5486175167E-02  -1.3966904665E-08   3.1811482953E-07
   33     -3.2969902960E-04   5.1586171732E-05  -1.3966904665E-08   3.4618255081E-01   3.6112679857E-02
   34     -1.2434071722E-03  -1.0484790802E-04   3.1811482953E-07   3.6112679857E-02   6.9554064729E-02
   35     -2.6839104081E-07  -3.1789542648E-08   5.4500667756E-04  -9.8548486900E-06  -7.8777822288E-07
   36     -4.7023731848E-04   1.2838584199E-03  -2.1185135548E-07  -5.1673215728E-07   8.8560003944E-05
   37     -8.0828955336E-04   8.0070388741E-04  -3.6167543618E-07   2.6922995788E-06   7.1434716831E-05
   38     -2.1034808311E-06   2.1177264298E-06   1.7625249894E-05  -1.9901124366E-06  -1.2968988560E-07
                   35                 36                 37                 38        
     0     -3.1962205633E-06   3.6784126354E-04   2.8212363859E-04   1.6348408369E-06
     1      2.0547912165E-06  -2.0271443888E-03  -5.7229641910E-04  -3.1445504028E-06
     2      8.4076244327E-03   1.4772076914E-06   1.0021268515E-06  -1.2683481488E-03
     3      2.2725722249E-06  -6.1249717603E-03  -1.6837673547E-03   1.6720823406E-06
     4      2.1664915092E-06   6.3890420093E-04   1.1525135966E-03   5.1086264801E-06
     5      6.9697472369E-03   1.7868034611E-06  -1.5341848330E-06   2.8619593002E-03
     6     -1.1064170697E-06  -4.0941856131E-03  -1.9844120580E-03   2.5446395031E-05
     7     -1.5418180550E-06  -2.8077581669E-02  -8.7137461088E-03   6.2756635175E-06
     8     -1.1684024682E-03  -2.6144476993E-05  -3.2844561823E-05   1.6768328551E-02
     9      2.4510383104E-06   9.9757856145E-04   1.1872610379E-03   6.1437706747E-06
    10      1.2351586238E-06  -2.9523232236E-03  -5.6114937409E-04  -7.4583621557E-06
    11      1.1123169725E-02   3.4842038174E-07   1.3765889516E-06  -9.6022306665E-04
    12     -1.0665487371E-06  -3.5583684453E-05  -8.1403413833E-04  -3.9115364283E-06
    13     -4.0185741305E-06   8.4247132125E-04   5.0278145463E-04   4.2429302649E-06
    14     -3.1287942261E-03   4.7381722384E-07   2.1541517799E-07  -5.5065135874E-04
    15      1.0681007532E-05   1.6356568538E-04   7.9025046390E-05  -1.0923805813E-07
    16     -7.5665504470E-08   1.7256639828E-04   4.4245697396E-04   1.3361495326E-06
    17     -4.2708494165E-02  -3.7477103335E-07   1.6225171000E-07   3.3827382551E-04
    18      1.4842225389E-06  -7.9469041487E-02  -7.1727714793E-02  -9.2706267010E-05
    19      3.0932875911E-08  -6.1742060771E-02  -2.4645356718E-01  -2.7963030829E-04
    20     -2.7393117719E-03  -4.5825256706E-05  -2.1340285223E-04  -5.5996695199E-02
    21     -6.7550759508E-07   9.3241673446E-03   2.0995590152E-02  -3.8327340428E-06
    22      4.2575094921E-07   3.7523037861E-02  -3.8939161464E-02   2.6495413502E-05
    23      8.4486871227E-04   3.1105831508E-06  -1.3006573732E-05   1.8573848799E-02
    24      3.5400204243E-07  -5.8928856938E-04  -2.6487141765E-04  -7.7122787543E-07
    25      9.6137005006E-08  -6.6273537973E-05  -5.4282798643E-05  -4.8619545177E-07
    26     -2.8851607200E-03   1.7281990078E-08  -1.6255317698E-07  -4.6325541333E-04
    27     -6.0990094494E-07   2.2431610020E-05   4.5132056971E-04   7.8221598122E-08
    28      3.1398047353E-09  -6.0924696102E-05   1.6065208160E-04   3.1512570044E-08
    29     -9.5420618146E-04  -4.8365542858E-07  -3.2492449177E-07   2.1283372237E-04
    30     -2.6839104081E-07  -4.7023731848E-04  -8.0828955336E-04  -2.1034808311E-06
    31     -3.1789542648E-08   1.2838584199E-03   8.0070388741E-04   2.1177264298E-06
    32      5.4500667756E-04  -2.1185135548E-07  -3.6167543618E-07   1.7625249894E-05
    33     -9.8548486900E-06  -5.1673215728E-07   2.6922995788E-06  -1.9901124366E-06
    34     -7.8777822288E-07   8.8560003944E-05   7.1434716831E-05  -1.2968988560E-07
    35      2.5554214271E-02  -7.1741823290E-08   4.1516929582E-09   1.3973847767E-04
    36     -7.1741823290E-08   7.9908240700E-02   5.4330993326E-02   6.8173462821E-05
    37      4.1516929582E-09   5.4330993326E-02   2.9216366064E-01   2.5205893761E-04
    38      1.3973847767E-04   6.8173462821E-05   2.5205893761E-04   2.0326565261E-02

$vibrational_frequencies
39
    0        0.0000000000000000
    1        0.0000000000000000
    2        0.0000000000000000
    3        0.0000000000000000
    4        0.0000000000000000
    5        0.0000000000000000
    6      142.2781233042877602
    7      231.0161398170543521
    8      235.3470451371709089
    9      383.3515149116358884
   10      447.9971534608612274
   11      449.2122679533282508
   12      633.1650216222855079
   13      689.7694622870162675
   14      719.0698906273288458
   15      812.2070809701119742
   16      854.9860195942795826
   17      937.0218691048721666
   18      975.2209632969729682
   19     1005.1970519697554209
   20     1018.5860097858695781
   21     1042.8833905546334790
   22     1057.8888499967392818
   23     1123.9564600799178606
   24     1213.6029405227468487
   25     1240.4510843196019323
   26     1296.6489808168360014
   27     1346.6542212146684960
   28     1401.2203171941191613
   29     1447.7108224176388376
   30     1503.7689658838162359
   31     1596.1312489168951743
   32     1617.3961135434599328
   33     1690.2649582275105331
   34     2930.6830142296716986
   35     3138.0127391258370153
   36     3151.1311816304896638
   37     3179.7379793407931174
   38     3192.3321258493042478

$normal_modes
39 39
                    0                  1                  2                  3                  4        
    0      0.0000000000E+00   0.0000000000E+00   0.0000000000E+00   0.0000000000E+00   0.0000000000E+00
    1      0.0000000000E+00   0.0000000000E+00   0.0000000000E+00   0.0000000000E+00   0.0000000000E+00
    2      0.0000000000E+00   0.0000000000E+00   0.0000000000E+00   0.0000000000E+00   0.0000000000E+00
    3      0.0000000000E+00   0.0000000000E+00   0.0000000000E+00   0.0000000000E+00   0.0000000000E+00
    4      0.0000000000E+00   0.0000000000E+00   0.0000000000E+00   0.0000000000E+00   0.0000000000E+00
    5      0.0000000000E+00   0.0000000000E+00   0.0000000000E+00   0.0000000000E+00   0.0000000000E+00
    6      0.0000000000E+00   0.0000000000E+00   0.0000000000E+00   0.0000000000E+00   0.0000000000E+00
    7      0.0000000000E+00   0.0000000000E+00   0.0000000000E+00   0.0000000000E+00   0.0000000000E+00
    8      0.0000000000E+00   0.0000000000E+00   0.0000000000E+00   0.0000000000E+00   0.0000000000E+00
    9      0.0000000000E+00   0.0000000000E+00   0.0000000000E+00   0.0000000000E+00   0.0000000000E+00
   10      0.0000000000E+00   0.0000000000E+00   0.0000000000E+00   0.0000000000E+00   0.0000000000E+00
   11      0.0000000000E+00   0.0000000000E+00   0.0000000000E+00   0.0000000000E+00   0.0000000000E+00
   12      0.0000000000E+00   0.0000000000E+00   0.0000000000E+00   0.0000000000E+00   0.0000000000E+00
   13      0.0000000000E+00   0.0000000000E+00   0.0000000000E+00   0.0000000000E+00   0.0000000000E+00
   14      0.0000000000E+00   0.0000000000E+00   0.0000000000E+00   0.0000000000E+00   0.0000000000E+00
   15      0.0000000000E+00   0.0000000000E+00   0.0000000000E+00   0.0000000000E+00   0.0000000000E+00
   16      0.0000000000E+00   0.0000000000E+00   0.0000000000E+00   0.0000000000E+00   0.0000000000E+00
   17      0.0000000000E+00   0.0000000000E+00   0.0000000000E+00   0.0000000000E+00   0.0000000000E+00
   18      0.0000000000E+00   0.0000000000E+00   0.0000000000E+00   0.0000000000E+00   0.0000000000E+00
   19      0.0000000000E+00   0.0000000000E+00   0.0000000000E+00   0.0000000000E+00   0.0000000000E+00
   20      0.0000000000E+00   0.0000000000E+00   0.0000000000E+00   0.0000000000E+00   0.0000000000E+00
   21      0.0000000000E+00   0.0000000000E+00   0.0000000000E+00   0.0000000000E+00   0.0000000000E+00
   22      0.0000000000E+00   0.0000000000E+00   0.0000000000E+00   0.0000000000E+00   0.0000000000E+00
   23      0.0000000000E+00   0.0000000000E+00   0.0000000000E+00   0.0000000000E+00   0.0000000000E+00
   24      0.0000000000E+00   0.0000000000E+00   0.0000000000E+00   0.0000000000E+00   0.0000000000E+00
   25      0.0000000000E+00   0.0000000000E+00   0.0000000000E+00   0.0000000000E+00   0.0000000000E+00
   26      0.0000000000E+00   0.0000000000E+00   0.0000000000E+00   0.0000000000E+00   0.0000000000E+00
   27      0.0000000000E+00   0.0000000000E+00   0.0000000000E+00   0.0000000000E+00   0.0000000000E+00
   28      0.0000000000E+00   0.0000000000E+00   0.0000000000E+00   0.0000000000E+00   0.0000000000E+00
   29      0.0000000000E+00   0.0000000000E+00   0.0000000000E+00   0.0000000000E+00   0.0000000000E+00
   30      0.0000000000E+00   0.0000000000E+00   0.0000000000E+00   0.0000000000E+00   0.0000000000E+00
   31      0.0000000000E+00   0.0000000000E+00   0.0000000000E+00   0.0000000000E+00   0.0000000000E+00
   32      0.0000000000E+00   0.0000000000E+00   0.0000000000E+00   0.0000000000E+00   0.0000000000E+00
   33      0.0000000000E+00   0.0000000000E+00   0.0000000000E+00   0.0000000000E+00   0.0000000000E+00
   34      0.0000000000E+00   0.0000000000E+00   0.0000000000E+00   0.0000000000E+00   0.0000000000E+00
   35      0.0000000000E+00   0.0000000000E+00   0.0000000000E+00   0.0000000000E+00   0.0000000000E+00
   36      0.0000000000E+00   0.0000000000E+00   0.0000000000E+00   0.0000000000E+00   0.0000000000E+00
   37      0.0000000000E+00   0.0000000000E+00   0.0000000000E+00   0.0000000000E+00   0.0000000000E+00
   38      0.0000000000E+00   0.0000000000E+00   0.0000000000E+00   0.0000000000E+00   0.0000000000E+00
                    5                  6                  7                  8                  9        
    0      0.0000000000E+00  -3.2474506351E-06   2.0460980494E-01   6.2145858249E-04   3.2214444407E-06
    1      0.0000000000E+00   3.9679443512E-06  -4.0388492763E-03  -2.1696624388E-05   1.9861804957E-06
    2      0.0000000000E+00   3.5190245199E-02   3.4403345342E-04  -4.4526769739E-02  -2.4683354495E-01
    3      0.0000000000E+00   8.2569393987E-07   1.5681098391E-01   4.7972900928E-04   3.8180875475E-06
    4      0.0000000000E+00   3.0391022365E-05   1.9454339212E-01   5.7624422813E-04  -1.2727379117E-05
    5      0.0000000000E+00   2.6489170697E-01  -7.3325129196E-04   9.8366597065E-02   1.4456907940E-01
    6      0.0000000000E+00  -5.3390560783E-06  -7.9335046090E-03   1.4782341093E-05   9.7518369801E-06
    7      0.0000000000E+00   3.5645068354E-05   2.4037019842E-01   7.0628919267E-04   4.7048968666E-06
    8      0.0000000000E+00   2.6423873299E-01  -5.9749691947E-04   7.0970659114E-02   1.4440984355E-01
    9      0.0000000000E+00  -4.5828956205E-05  -1.0780128138E-01  -2.7317684954E-04  -3.6729401227E-05
   10      0.0000000000E+00   1.6921602563E-05   1.4989684835E-01   4.4276493919E-04  -2.4137678308E-05
   11      0.0000000000E+00   1.3489581105E-01  -9.9674962099E-04   1.2151067518E-01  -1.8578349154E-01
   12      0.0000000000E+00  -5.7472717460E-05  -8.8654549944E-02  -2.3004816790E-04  -3.5338380373E-05
   13      0.0000000000E+00  -1.6264160620E-06  -4.9925668052E-02  -1.5033710657E-04   2.8535250278E-05
   14      0.0000000000E+00  -1.4688449544E-01  -4.3831403363E-04   6.0234102135E-02   9.6054187668E-02
   15      0.0000000000E+00  -2.9805256507E-05   7.3344294954E-02   2.3089113809E-04  -5.9937338774E-06
